"Project","Hash","LongName","McCC","CLOC","PDA","PUA","LLOC","LOC","Number of Bugs"
"ceylon-ide-eclipse","d97dcb889258ac748139dde5679efa447466d141","plugins/com.redhat.ceylon.eclipse.ui/src/com/redhat/ceylon/eclipse/core/model/JDTModule.java","1","0","0","0","0","1150","0"
"ceylon-ide-eclipse","7c59028bc7100b0093e1751b41b14305a969927f","plugins/com.redhat.ceylon.eclipse.ui/src/com/redhat/ceylon/eclipse/core/model/JDTModule.java","1","0","0","0","0","1157","0"
"hazelcast","59c4822d4ad5dfac4cecd11231280baa33d4aa35","hazelcast/src/main/java/com/hazelcast/queue/ListenerKey.java","1","0","0","0","0","50","1"
"hazelcast","59c4822d4ad5dfac4cecd11231280baa33d4aa35","hazelcast/src/main/java/com/hazelcast/collection/ListenerKey.java","1","0","0","0","0","60","1"
"elasticsearch","3764789d9641b37d78791b83b9293611261298ff","modules/lang-painless/src/main/java/org/elasticsearch/painless/node/package-info.java","1","0","0","0","1","131","1"
"elasticsearch","ed74e53cf517330f10bdb943f05a55148e72a5de","modules/lang-painless/src/main/java/org/elasticsearch/painless/node/package-info.java","1","0","0","0","1","132","0"
"elasticsearch","b49635539d929d6cb5ee56153e2f95872fe4bb16","modules/lang-painless/src/main/java/org/elasticsearch/painless/node/package-info.java","1","0","0","0","1","133","1"
"elasticsearch","1424f09c02927d9caada7f6ea45285b411d88d12","modules/lang-painless/src/main/java/org/elasticsearch/painless/node/package-info.java","1","0","0","0","1","135","0"
"hazelcast","04c204fcf1f1d07695eb4355106ffdc8e6bc9365","hazelcast/src/main/java/com/hazelcast/config/matcher/package-info.java","1","0","0","0","1","21","0"
"hazelcast","1b24dfd09e973a0a5ac02b1fd118a1acdf5987ba","hazelcast-wm/src/main/java/com/hazelcast/web/package-info.java","1","0","0","0","1","21","0"
"hazelcast","1c8aa690e6d64bbd003dceb14a511c66372f109f","hazelcast/src/main/java/com/hazelcast/cache/merge/package-info.java","1","0","0","0","1","21","0"
"hazelcast","2921cff694583b8638dae2991f427e61d5440a9d","hazelcast-client/src/main/java/com/hazelcast/client/internal/properties/package-info.java","1","0","0","0","1","21","0"
"hazelcast","2921cff694583b8638dae2991f427e61d5440a9d","hazelcast/src/main/java/com/hazelcast/internal/properties/package-info.java","1","0","0","0","1","21","0"
"hazelcast","a4035afdfc67b757940a15578bc51b4e7b6b0b13","hazelcast/src/main/java/com/hazelcast/client/impl/protocol/codec/package-info.java","1","0","0","0","1","21","0"
"hazelcast","a4035afdfc67b757940a15578bc51b4e7b6b0b13","hazelcast-client-new/src/main/java/com/hazelcast/client/proxy/txn/xa/package-info.java","1","0","0","0","1","21","0"
"hazelcast","a4035afdfc67b757940a15578bc51b4e7b6b0b13","hazelcast-client-new/src/main/java/com/hazelcast/client/proxy/txn/package-info.java","1","0","0","0","1","21","0"
"hazelcast","a476ebc118a4c2591a6901e9d093456450e8c205","hazelcast/src/main/java/com/hazelcast/collection/common/package-info.java","1","0","0","0","1","21","0"
"hazelcast","bb3ea0e107980d769862cdbda748cc91529d67b5","hazelcast-client-new/src/main/java/com/hazelcast/client/txn/proxy/xa/package-info.java","1","0","0","0","1","21","0"
"hazelcast","bb3ea0e107980d769862cdbda748cc91529d67b5","hazelcast/src/main/java/com/hazelcast/transaction/impl/xa/package-info.java","1","0","0","0","1","21","0"
"hazelcast","bb3ea0e107980d769862cdbda748cc91529d67b5","hazelcast-client/src/main/java/com/hazelcast/client/txn/proxy/xa/package-info.java","1","0","0","0","1","21","0"
"hazelcast","d568e4d926d925d57d4e79e34614390416749301","hazelcast/src/main/java/com/hazelcast/spi/serialization/package-info.java","1","0","0","0","1","21","0"
"hazelcast","dabfcd785ee88d71c49ac5e08660a56babfdee9b","hazelcast-wm/src/main/java/com/hazelcast/web/listener/package-info.java","1","0","0","0","1","21","0"
"netty","63a02fc04e6ce45aee38b0437ae0279880e5fe40","codec-dns/src/main/java/io/netty/handler/codec/dns/package-info.java","1","0","0","0","1","21","0"
"netty","9125060752f5124949e55a6868647c75f88cdb01","handler/src/main/java/io/netty/handler/ssl/util/package-info.java","1","0","0","0","1","21","0"
"hazelcast","21c679e8a1c8226ecb3d7597b48a6bbd2d011a52","hazelcast-wm/src/main/java/com/hazelcast/web/package-info.java","1","0","0","0","1","21","1"
"hazelcast","33e26506f4466fba25eefee59df80b654a60af62","hazelcast-wm/src/main/java/com/hazelcast/web/listener/package-info.java","1","0","0","0","1","21","1"
"hazelcast","6474545aa5329fefb6b8aca3d96457f3fd89c46c","hazelcast/src/main/java/com/hazelcast/collection/common/package-info.java","1","0","0","0","1","21","1"
"hazelcast","d38202141395360399c9cf97d4453adf5b1581e1","hazelcast/src/main/java/com/hazelcast/client/impl/protocol/parameters/package-info.java","1","0","0","0","1","21","1"
"hazelcast","e4a5a9d2d0d01d60d810c15d0d5bf63ffe6f902d","hazelcast/src/main/java/com/hazelcast/client/impl/protocol/task/mapreduce/package-info.java","1","0","0","0","1","21","1"
"hazelcast","98b898503b40f5fd2d50677d8eb7d145a361ff50","hazelcast/src/main/java/com/hazelcast/jmx/suppliers/package-info.java","1","0","0","0","1","22","0"
"hazelcast","37da3959df4151b304b211df87a6b900c0169cc5","hazelcast/src/main/java/com/hazelcast/spi/impl/operationexecutor/slowoperationdetector/package-info.java","1","0","0","0","1","23","0"
"elasticsearch","10ec2e948a2f1426a5058ca3b2c2e39952f141d8","src/main/java/org/elasticsearch/action/admin/indices/optimize/package-info.java","1","0","0","0","1","23","0"
"elasticsearch","10ec2e948a2f1426a5058ca3b2c2e39952f141d8","src/main/java/org/elasticsearch/action/admin/indices/gateway/package-info.java","1","0","0","0","1","23","0"
"elasticsearch","10ec2e948a2f1426a5058ca3b2c2e39952f141d8","src/main/java/org/elasticsearch/action/admin/indices/create/package-info.java","1","0","0","0","1","23","0"
"elasticsearch","10ec2e948a2f1426a5058ca3b2c2e39952f141d8","src/main/java/org/elasticsearch/action/admin/indices/delete/package-info.java","1","0","0","0","1","23","0"
"elasticsearch","10ec2e948a2f1426a5058ca3b2c2e39952f141d8","src/main/java/org/elasticsearch/action/admin/indices/flush/package-info.java","1","0","0","0","1","23","0"
"elasticsearch","10ec2e948a2f1426a5058ca3b2c2e39952f141d8","src/main/java/org/elasticsearch/action/admin/indices/mapping/put/package-info.java","1","0","0","0","1","23","0"
"elasticsearch","10ec2e948a2f1426a5058ca3b2c2e39952f141d8","src/main/java/org/elasticsearch/action/admin/indices/package-info.java","1","0","0","0","1","23","0"
"elasticsearch","10ec2e948a2f1426a5058ca3b2c2e39952f141d8","src/main/java/org/elasticsearch/action/admin/indices/refresh/package-info.java","1","0","0","0","1","23","0"
"elasticsearch","10ec2e948a2f1426a5058ca3b2c2e39952f141d8","src/main/java/org/elasticsearch/action/admin/indices/mapping/package-info.java","1","0","0","0","1","23","0"
"elasticsearch","2bd09c4625898d77aa6c015c6f82cf973ed18cb7","core/src/main/java/org/elasticsearch/common/io/stream/package-info.java","1","0","0","0","1","23","0"
"elasticsearch","3d13c27fa0df12018f35f1b20987c90277e9b6f9","core/src/main/java/org/elasticsearch/common/io/stream/package-info.java","1","0","0","0","1","23","1"
"elasticsearch","fa16969360ea43667ad11f827bbf86718c18fcc6","src/main/java/org/elasticsearch/action/admin/indices/create/package-info.java","1","0","0","0","1","23","1"
"elasticsearch","fa16969360ea43667ad11f827bbf86718c18fcc6","src/main/java/org/elasticsearch/action/admin/indices/delete/package-info.java","1","0","0","0","1","23","1"
"elasticsearch","fa16969360ea43667ad11f827bbf86718c18fcc6","src/main/java/org/elasticsearch/action/admin/indices/package-info.java","1","0","0","0","1","23","1"
"elasticsearch","fa16969360ea43667ad11f827bbf86718c18fcc6","src/main/java/org/elasticsearch/action/admin/indices/optimize/package-info.java","1","0","0","0","1","23","1"
"elasticsearch","fa16969360ea43667ad11f827bbf86718c18fcc6","src/main/java/org/elasticsearch/action/admin/indices/mapping/put/package-info.java","1","0","0","0","1","23","1"
"elasticsearch","fa16969360ea43667ad11f827bbf86718c18fcc6","src/main/java/org/elasticsearch/action/admin/indices/gateway/package-info.java","1","0","0","0","1","23","1"
"elasticsearch","fa16969360ea43667ad11f827bbf86718c18fcc6","src/main/java/org/elasticsearch/action/admin/indices/flush/package-info.java","1","0","0","0","1","23","1"
"elasticsearch","fa16969360ea43667ad11f827bbf86718c18fcc6","src/main/java/org/elasticsearch/action/admin/indices/refresh/package-info.java","1","0","0","0","1","23","1"
"elasticsearch","fa16969360ea43667ad11f827bbf86718c18fcc6","src/main/java/org/elasticsearch/action/admin/indices/mapping/package-info.java","1","0","0","0","1","23","1"
"hazelcast","2921cff694583b8638dae2991f427e61d5440a9d","hazelcast-client/src/main/java/com/hazelcast/client/internal/package-info.java","1","0","0","0","1","24","0"
"elasticsearch","10ec2e948a2f1426a5058ca3b2c2e39952f141d8","src/main/java/org/elasticsearch/action/admin/indices/gateway/snapshot/package-info.java","1","0","0","0","1","24","0"
"elasticsearch","25fd9e26c4fb042d6f6dea14efcd239577bdbbc4","core/src/main/java/org/elasticsearch/action/package-info.java","1","0","0","0","1","24","0"
"elasticsearch","56cc87b7ccd41040d8fafcaf2da3680d96d10839","core/src/main/java/org/elasticsearch/action/package-info.java","1","0","0","0","1","24","0"
"elasticsearch","fa16969360ea43667ad11f827bbf86718c18fcc6","src/main/java/org/elasticsearch/action/admin/indices/gateway/snapshot/package-info.java","1","0","0","0","1","24","1"
"hazelcast","a36ac6ede30616fc2b702bdd7d0d164df0888372","hazelcast-wm/src/main/java/com/hazelcast/web/package-info.java","1","0","0","0","1","51","0"
"hazelcast","b97e91fdb1ae20f2064c7fc49f2b24a6ac67f945","hazelcast-wm/src/main/java/com/hazelcast/web/spring/package-info.java","1","0","0","0","1","62","0"
"hazelcast","15ad63e930e2d564e6911025f5d234fd4144e345","hazelcast/src/main/java/com/hazelcast/map/MapServiceContextSupport.java","1","0","0","0","10","21","0"
"hazelcast","2709bc81cd499a3160827de24422cdb6cf98fe36","hazelcast-hibernate/hazelcast-hibernate4/src/main/java/com/hazelcast/hibernate/region/HazelcastQueryResultsRegion.java","1","0","0","0","10","33","1"
"hazelcast","77bf666fd9c23d8e896d84e6ea0f9df6179b2023","hazelcast-hibernate/hazelcast-hibernate4/src/main/java/com/hazelcast/hibernate/region/HazelcastQueryResultsRegion.java","1","0","0","0","10","35","0"
"netty","591293bfb4f6a48a311d195303ce772fb801ec95","handler/src/main/java/io/netty/handler/ssl/Java7SslParametersUtils.java","1","0","0","0","10","36","0"
"netty","b9342577963833080a0009249a1813e8e9e3664c","handler/src/main/java/io/netty/handler/ssl/SslParametersUtils.java","1","0","0","0","10","36","0"
"elasticsearch","aea00a62f3825e388e07007d3c8686f93c2d3f8e","core/src/main/java/org/elasticsearch/action/admin/indices/refresh/ShardRefreshResponse.java","1","0","0","0","10","36","1"
"elasticsearch","aea00a62f3825e388e07007d3c8686f93c2d3f8e","core/src/main/java/org/elasticsearch/action/admin/indices/flush/ShardFlushResponse.java","1","0","0","0","10","37","1"
"orientdb","ac6ba2add76a1f3d3aaa40429729ec87cfad1e1b","core/src/main/java/com/orientechnologies/orient/core/index/hashindex/local/cache/WriteGroup.java","1","0","0","0","10","38","1"
"neo4j","0096aa118a7bcf9db9468f625a911b615c3b2691","enterprise/cluster/src/main/java/org/neo4j/cluster/protocol/atomicbroadcast/multipaxos/context/AbstractContextImpl.java","1","0","0","0","100","141","1"
"orientdb","39a8884d03c0bc49b8ecf655a22fe80646afa1e6","spatial/src/test/java/com/orientechnologies/lucene/test/geo/LuceneSpatialPointTest.java","1","0","0","0","105","166","0"
"hazelcast","0b99990c091b2e5235b2c7a72b4550327db4260c","hazelcast-client/src/test/java/com/hazelcast/client/map/ClientMapPartitionLostListenerTest.java","1","0","0","0","108","141","2"
"netty","afb46b926f9df6f1da91cbd011fa8f43d1566bb8","handler/src/main/java/io/netty/handler/ssl/JdkSslSession.java","1","0","0","0","109","153","0"
"neo4j","cca9e04725e7ae20ba97e57506c0a33d2bdf691c","enterprise/causal-clustering/src/main/java/org/neo4j/causalclustering/core/consensus/roles/Pruning.java","1","0","0","0","11","33","0"
"hazelcast","d2b04ec50716ff04b425207e70e8f35855ddccf5","hazelcast/src/main/java/com/hazelcast/cache/impl/record/CacheDataRecord.java","1","0","0","0","11","35","1"
"elasticsearch","25fd9e26c4fb042d6f6dea14efcd239577bdbbc4","client/sniffer/src/test/java/org/elasticsearch/client/sniff/MockHostsSniffer.java","1","0","0","0","11","37","0"
"elasticsearch","1424f09c02927d9caada7f6ea45285b411d88d12","modules/lang-painless/src/main/java/org/elasticsearch/painless/Analyzer.java","1","0","0","0","11","38","0"
"orientdb","b43eac5ee4b92c9327f3596c5c1986a6c29e1dfb","core/src/main/java/com/orientechnologies/orient/core/index/hashindex/local/cache/PageGroup.java","1","0","0","0","11","39","0"
"hazelcast","b3226b60f9e49e2c4e3fd6062478f7f0d1f0ee81","hazelcast-client/src/test/java/com/hazelcast/client/map/ClientMapPartitionLostListenerTest.java","1","0","0","0","110","143","1"
"ceylon-ide-eclipse","bd3ee3c8a906f50b50e041545c19d63e346a9f59","plugins/com.redhat.ceylon.eclipse.ui/src/com/redhat/ceylon/eclipse/core/builder/ExplodingJavaFileObject.java","1","0","0","0","115","134","0"
"hazelcast","2c5344e31d351df944855791f3835ac048a4bd1e","hazelcast/src/main/java/com/hazelcast/map/MapServiceContextSupport.java","1","0","0","0","12","25","2"
"netty","b2399c2475db14c1038432129545845785a73563","transport-native-epoll/src/main/java/io/netty/channel/epoll/EpollRecvByteAllocatorHandle.java","1","0","0","0","12","32","1"
"hazelcast","3eeb1de0a2a25fd7b18a8fd2688ffc749bedad2e","hazelcast/src/main/java/com/hazelcast/spi/impl/executionservice/impl/CompletableFutureEntry.java","1","0","0","0","12","35","0"
"netty","6d80c641e92588a5317c0b9a9631918a521d52bc","resolver-dns/src/main/java/io/netty/resolver/dns/UniSequentialDnsServerAddressStreamProvider.java","1","0","0","0","12","35","0"
"hazelcast","9e20ebf00823b002cf624524dd25ded172a14830","hazelcast/src/main/java/com/hazelcast/spi/impl/executionservice/impl/CompletableFutureEntry.java","1","0","0","0","12","35","1"
"elasticsearch","6f996e9e26ae05440aa8d374d5cedcc3752ebfec","core/src/main/java/org/elasticsearch/tribe/TribeClientNode.java","1","0","0","0","12","38","0"
"elasticsearch","b49635539d929d6cb5ee56153e2f95872fe4bb16","modules/lang-painless/src/main/java/org/elasticsearch/painless/Analyzer.java","1","0","0","0","12","39","1"
"netty","075a54af3e607c20eeaf7809a2a08602abd5d735","transport-native-epoll/src/main/java/io/netty/channel/unix/ErrorsStaticallyReferencedJniMethods.java","1","0","0","0","12","42","0"
"hazelcast","623ff1855aa985aa276e8395aabf0b534c7a36c3","hazelcast-client/src/test/java/com/hazelcast/client/listeners/leak/ListenerLeakTestSmartRouting.java","1","0","0","0","120","169","0"
"neo4j","868b4d731485023d2f7477e1133dcd5b263c851d","community/lucene-index/src/test/java/org/neo4j/index/impl/lucene/CloseTrackingIndexReader.java","1","0","0","0","125","178","0"
"hazelcast","623ff1855aa985aa276e8395aabf0b534c7a36c3","hazelcast-client/src/test/java/com/hazelcast/client/listeners/leak/ListenerLeakTestNonSmartRouting.java","1","0","0","0","126","175","0"
"orientdb","d59e47612a51e132c8452d80410acaa016f63457","core/src/test/java/com/orientechnologies/orient/core/sql/method/misc/TestIterable.java","1","0","0","0","13","23","0"
"netty","c735b3e14762bdc45716371c11e65366ac1782f5","codec-http/src/main/java/io/netty/handler/codec/http/multipart/FileUploadUtil.java","1","0","0","0","13","34","0"
"hazelcast","44997b22cca35bc3413b8efefb61cff9a963e641","hazelcast/src/main/java/com/hazelcast/map/MapServiceContextSupport.java","1","0","0","0","13","39","1"
"hazelcast","9535c79edbe80092c005d7aacd68854b57bc9180","hazelcast/src/main/java/com/hazelcast/map/impl/MapServiceContextSupport.java","1","0","0","0","13","39","1"
"hazelcast","026908635d1669d602c1610ef76c73d74a370df0","hazelcast/src/main/java/com/hazelcast/map/MapServiceContextSupport.java","1","0","0","0","13","39","0"
"hazelcast","10efc4f564876813e0cb3468ed6d425394a56aeb","hazelcast/src/main/java/com/hazelcast/map/impl/recordstore/RecordStoreLoader.java","1","0","0","0","13","44","0"
"hazelcast","b41c380408dfeedc51226f1456016d4c83056f11","hazelcast/src/main/java/com/hazelcast/map/impl/recordstore/RecordStoreLoader.java","1","0","0","0","13","45","0"
"netty","8c8779669e1acdd8307e5faafb7ca9b378348831","common/src/main/java/io/netty/util/internal/logging/Log4J2Logger.java","1","0","0","0","130","181","1"
"orientdb","39a8884d03c0bc49b8ecf655a22fe80646afa1e6","spatial/src/test/java/com/orientechnologies/lucene/test/geo/functions/LuceneSpatialMiscFunctionsTest.java","1","0","0","0","134","196","0"
"hazelcast","7df686c91c1063bde42dbb25980fb462349f941c","hazelcast-client/src/test/java/com/hazelcast/client/replicatedmap/ClientReplicatedMapListenerTest.java","1","0","0","0","138","174","0"
"hazelcast","c37f1bc6a7ba37a6e7d27927eb812336b250521d","hazelcast-client/src/test/java/com/hazelcast/client/replicatedmap/ClientReplicatedMapListenerTest.java","1","0","0","0","138","174","0"
"hazelcast","896b899a43077b23686e06efebf6bdf52d096e3c","hazelcast-client/src/test/java/com/hazelcast/client/replicatedmap/ClientReplicatedMapListenerTest.java","1","0","0","0","138","174","1"
"hazelcast","9b11ae33e4d9354c27af31c3206476188bbf81f0","hazelcast-client/src/test/java/com/hazelcast/client/replicatedmap/ClientReplicatedMapListenerTest.java","1","0","0","0","139","176","1"
"hazelcast","b3226b60f9e49e2c4e3fd6062478f7f0d1f0ee81","hazelcast-client/src/test/java/com/hazelcast/client/partitionservice/ClientPartitionLostListenerTest.java","1","0","0","0","139","177","1"
"hazelcast","6dbf726f876f290ece21edcb4e37af996cecac9d","hazelcast/src/test/java/com/hazelcast/util/executor/TestExecutionCallback.java","1","0","0","0","14","35","0"
"hazelcast","6437712f7741046955fc4afa5d6f48565655155e","hazelcast/src/main/java/com/hazelcast/map/impl/eviction/RuntimeMemoryInfoAccessor.java","1","0","0","0","14","40","0"
"hazelcast","bb3ea0e107980d769862cdbda748cc91529d67b5","hazelcast-client/src/main/java/com/hazelcast/client/spi/ClientTransactionManagerService.java","1","0","0","0","14","48","0"
"elasticsearch","2bd09c4625898d77aa6c015c6f82cf973ed18cb7","core/src/main/java/org/elasticsearch/action/search/AbstractAsyncAction.java","1","0","0","0","14","51","0"
"elasticsearch","9738ef3a90bec148abbe55dec6f6183190fa4713","core/src/main/java/org/elasticsearch/action/search/AbstractAsyncAction.java","1","0","0","0","14","51","0"
"elasticsearch","3d13c27fa0df12018f35f1b20987c90277e9b6f9","core/src/main/java/org/elasticsearch/action/search/AbstractAsyncAction.java","1","0","0","0","14","51","1"
"elasticsearch","4b94eb5cb8cc4294ed0e932a5f22c16bd90d4dd7","core/src/main/java/org/elasticsearch/action/search/AbstractAsyncAction.java","1","0","0","0","15","53","2"
"elasticsearch","860efb2ad28db09189c8423e05d0dba53010259c","core/src/main/java/org/elasticsearch/action/search/AbstractAsyncAction.java","1","0","0","0","15","53","2"
"elasticsearch","a301bbbe8b34e3de12a3e59ff82a70c6613e6e03","core/src/main/java/org/elasticsearch/action/search/AbstractAsyncAction.java","1","0","0","0","15","53","1"
"elasticsearch","d3417fb02291f26964d77767020ef345d18c148f","core/src/main/java/org/elasticsearch/action/search/AbstractAsyncAction.java","1","0","0","0","15","53","0"
"neo4j","0da6dae6f2ecbbab9a278f3757ef793cbe8d921f","enterprise/ha/src/main/java/org/neo4j/kernel/ha/cluster/DefaultMasterImplSPI.java","1","0","0","0","157","200","1"
"neo4j","d94daacb45225945a8ab3285f791f8ef58f943b0","enterprise/ha/src/main/java/org/neo4j/kernel/ha/cluster/DefaultMasterImplSPI.java","1","0","0","0","159","202","0"
"elasticsearch","889db1c824d8c573835e8cbadd0c6f3ba25f8fcd","src/test/java/org/elasticsearch/test/SettingsSource.java","1","0","0","0","16","45","1"
"netty","075a54af3e607c20eeaf7809a2a08602abd5d735","transport-native-epoll/src/main/java/io/netty/channel/epoll/NativeStaticallyReferencedJniMethods.java","1","0","0","0","16","46","0"
"hazelcast","5d9345d0e7f6a373bf80d27b2bf94fc798934378","hazelcast-client/src/main/java/com/hazelcast/client/spi/ClientExecutionService.java","1","0","0","0","16","47","1"
"hazelcast","d0fd18cd0e2fac83d47776ccc1f08639bfc9823f","hazelcast-client/src/main/java/com/hazelcast/client/spi/ClientExecutionService.java","1","0","0","0","16","55","1"
"hazelcast","bf2d64e6c2d1fa8c279c6ea3e7d37f0ae6f6f3a8","hazelcast-client/src/test/java/com/hazelcast/client/replicatedmap/ClientReplicatedMapListenerTest.java","1","0","0","0","168","209","0"
"hazelcast","e58af528ad4f02b2dd8ce13dcf52e95fbab0cc72","hazelcast-client/src/main/java/com/hazelcast/client/spi/ClientClusterService.java","1","0","0","0","17","94","1"
"hazelcast","9edfab7f3f59aa6703b54c44ea249fa6da524874","hazelcast/src/main/java/com/hazelcast/map/impl/operation/MapOperationProviderDelegator.java","1","0","0","0","178","245","0"
"hazelcast","c283f04cab711308ed3018d4e448e35b9061e0d2","hazelcast-client/src/main/java/com/hazelcast/client/spi/ClientClusterService.java","1","0","0","0","18","101","0"
"hazelcast","4e7ff47186f2745b07ed2501acc0f5add899d5b8","hazelcast/src/main/java/com/hazelcast/client/impl/protocol/task/map/AbstractMapAllPartitionsMessageTask.java","1","0","0","0","18","39","1"
"hazelcast","87aeb79871119fcbda01ed2973b79abb0055269b","hazelcast-client/src/test/java/com/hazelcast/client/config/XmlClientConfigImportVariableReplacementTest.java","1","0","0","0","182","231","0"
"orientdb","39a8884d03c0bc49b8ecf655a22fe80646afa1e6","spatial/src/test/java/com/orientechnologies/lucene/test/geo/LuceneSpatialIOTest.java","1","0","0","0","186","274","0"
"hazelcast","7001ec8c5b1305c796de75c2e3f170c562db8c03","hazelcast/src/main/java/com/hazelcast/client/impl/protocol/task/map/AbstractMapAllPartitionsMessageTask.java","1","0","0","0","19","41","0"
"netty","31b319a5dc531d8c02c400d312ab9e85e90e614b","src/main/java/org/jboss/netty/channel/socket/nio/NioAcceptedSocketChannel.java","1","0","0","0","19","52","1"
"elasticsearch","371c73e14023917f3892090d2d3d7ff9ac1216b9","core/src/main/java/org/elasticsearch/common/RandomBasedUUIDGenerator.java","1","0","0","0","19","61","3"
"elasticsearch","78574d248cf10dad1c5a566fda79e1e0c94afe43","core/src/main/java/org/elasticsearch/common/RandomBasedUUIDGenerator.java","1","0","0","0","19","61","2"
"elasticsearch","e6aaaf11ed4a1b8f595f920de1840938eddb7a97","core/src/main/java/org/elasticsearch/common/RandomBasedUUIDGenerator.java","1","0","0","0","19","61","2"
"elasticsearch","a60b8948ba1d836a6eac7cff095519e618939ed8","core/src/main/java/org/elasticsearch/common/RandomBasedUUIDGenerator.java","1","0","0","0","19","61","0"
"elasticsearch","12471c4f76636f837df363e55367c2fc5837ea75","client/rest/src/main/java/org/elasticsearch/client/HttpAsyncResponseConsumerFactory.java","1","0","0","0","19","66","2"
"elasticsearch","4b94eb5cb8cc4294ed0e932a5f22c16bd90d4dd7","client/rest/src/main/java/org/elasticsearch/client/HttpAsyncResponseConsumerFactory.java","1","0","0","0","19","66","2"
"elasticsearch","860efb2ad28db09189c8423e05d0dba53010259c","client/rest/src/main/java/org/elasticsearch/client/HttpAsyncResponseConsumerFactory.java","1","0","0","0","19","66","2"
"elasticsearch","293a3cab01f38216a1a2c5bb58ad3a281b75cb86","client/rest/src/main/java/org/elasticsearch/client/HttpAsyncResponseConsumerFactory.java","1","0","0","0","19","66","0"
"elasticsearch","d3417fb02291f26964d77767020ef345d18c148f","client/rest/src/main/java/org/elasticsearch/client/HttpAsyncResponseConsumerFactory.java","1","0","0","0","19","66","0"
"hazelcast","a9525037283b683e9cc4c494078091eca10daf62","hazelcast-client/src/test/java/com/hazelcast/client/config/XmlClientConfigImportVariableReplacementTest.java","1","0","0","0","196","248","1"
"hazelcast","82914ab681f7a556333505b597bf2ed1e7da9f30","hazelcast/src/main/java/com/hazelcast/client/impl/protocol/task/mapreduce/package-info.java","1","0","0","0","2","23","0"
"hazelcast","a4035afdfc67b757940a15578bc51b4e7b6b0b13","hazelcast/src/main/java/com/hazelcast/client/impl/protocol/task/atomicreference/package-info.java","1","0","0","0","2","24","0"
"oryx","d16f89b25fc5e12f94af6432274c66e0394c1743","app/oryx-app-mllib/src/main/java/com/cloudera/oryx/app/batch/mllib/als/EnqueueFeatureVecsFn.java","1","0","0","0","20","44","0"
"neo4j","4e13feaa5058f4f1b623704bbde288b5850c1ec6","enterprise/security/src/test/java/org/neo4j/commandline/admin/security/RolesCommandTestBase.java","1","0","0","0","20","45","0"
"hazelcast","f295320580a557b2609ec22ae2abe788b0110bb3","hazelcast/src/test/java/com/hazelcast/osgi/TestServiceRegistration.java","1","0","0","0","21","46","0"
"hazelcast","3f46545bdca45f33e9257a896121007a1569235f","hazelcast/src/test/java/com/hazelcast/osgi/TestServiceRegistration.java","1","0","0","0","21","47","1"
"hazelcast","3e9f0a4fe67f397b79d6244ff49cfc7cec656c1d","hazelcast/src/test/java/com/hazelcast/test/mocknetwork/StaticAddressPicker.java","1","0","0","0","21","48","0"
"elasticsearch","3d13c27fa0df12018f35f1b20987c90277e9b6f9","core/src/main/java/org/elasticsearch/index/engine/DeleteVersionValue.java","1","0","0","0","21","49","1"
"elasticsearch","5e6eb987bc08ff8c9bac427924e8611425a97aa7","core/src/main/java/org/elasticsearch/index/engine/DeleteVersionValue.java","1","0","0","0","21","49","1"
"elasticsearch","2bd09c4625898d77aa6c015c6f82cf973ed18cb7","core/src/main/java/org/elasticsearch/index/engine/DeleteVersionValue.java","1","0","0","0","21","49","0"
"hazelcast","e641541f77808713a214b6d1b4ef4d58497824f1","hazelcast/src/main/java/com/hazelcast/spi/impl/executionservice/impl/DelegatingTaskDecorator.java","1","0","0","0","21","54","0"
"netty","aab89b058e2e31fb50f5df98325dc40db61fbced","handler/src/test/java/io/netty/handler/ssl/Java8SslTestUtils.java","1","0","0","0","22","45","0"
"neo4j","21dc057a8a68245281a22d7bdb8da5ae2103f057","enterprise/core-edge/src/main/java/org/neo4j/coreedge/raft/net/ReplicatedLockTokenSerializer.java","1","0","0","0","22","47","0"
"elasticsearch","af119dfdd95667ea9d92de8e644448fbdc285b4f","src/main/java/org/elasticsearch/index/engine/internal/DeleteVersionValue.java","1","0","0","0","22","50","0"
"elasticsearch","25fd9e26c4fb042d6f6dea14efcd239577bdbbc4","client/rest/src/test/java/org/elasticsearch/client/HostsTrackingFailureListener.java","1","0","0","0","22","51","0"
"elasticsearch","b5f86f6f0544a9ad9fa4ab88bf7397cf361d696a","core/src/main/java/org/elasticsearch/index/engine/DeleteVersionValue.java","1","0","0","0","22","52","0"
"elasticsearch","371c73e14023917f3892090d2d3d7ff9ac1216b9","core/src/main/java/org/elasticsearch/action/search/ParsedScrollId.java","1","0","0","0","22","55","3"
"elasticsearch","78574d248cf10dad1c5a566fda79e1e0c94afe43","core/src/main/java/org/elasticsearch/action/search/ParsedScrollId.java","1","0","0","0","22","55","2"
"elasticsearch","e6aaaf11ed4a1b8f595f920de1840938eddb7a97","core/src/main/java/org/elasticsearch/action/search/ParsedScrollId.java","1","0","0","0","22","55","2"
"elasticsearch","a60b8948ba1d836a6eac7cff095519e618939ed8","core/src/main/java/org/elasticsearch/action/search/ParsedScrollId.java","1","0","0","0","22","55","0"
"hazelcast","8bccd78b8bd69738aa620adeef1b61025baca895","hazelcast/src/main/java/com/hazelcast/internal/metrics/impl/SortedProbesInstances.java","1","0","0","0","22","57","1"
"hazelcast","a23961641da88700aa81802d84a4388b155f8753","hazelcast-spring/src/main/java/com/hazelcast/spring/transaction/TransactionContextHolder.java","1","0","0","0","22","58","0"
"hazelcast","733a21722fc9a7b4cd5109fbcf9019bcc1377584","hazelcast/src/main/java/com/hazelcast/map/impl/record/ObjectRecordWithStats.java","1","0","0","0","23","47","0"
"hazelcast","733a21722fc9a7b4cd5109fbcf9019bcc1377584","hazelcast/src/main/java/com/hazelcast/map/impl/record/ObjectRecord.java","1","0","0","0","23","48","0"
"hazelcast","1db7424d387f04d32e0bea688b1d0337c6f88c11","hazelcast-client/src/test/java/com/hazelcast/client/quorum/ClientTransactionalMapQuorumTest.java","1","0","0","0","231","288","2"
"hazelcast","8d64dbcc8fb125d6092f339204db8e4ffc447f9e","hazelcast-client/src/test/java/com/hazelcast/client/quorum/ClientTransactionalMapQuorumTest.java","1","0","0","0","231","288","2"
"hazelcast","81e9ea054666b65e882dbb395de0195b3f1c44da","hazelcast-client/src/test/java/com/hazelcast/client/quorum/ClientTransactionalMapQuorumTest.java","1","0","0","0","231","288","0"
"hazelcast","7db53c0a19c56ae9c88038c5bf9e46075c9213e0","hazelcast-client/src/test/java/com/hazelcast/client/quorum/ClientTransactionalMapQuorumTest.java","1","0","0","0","233","290","2"
"elasticsearch","149629fec657e9948488195087f30583cd561f11","core/src/main/java/org/elasticsearch/action/search/SearchActionListener.java","1","0","0","0","24","53","0"
"orientdb","f05390b3bc41366ae0ee7f0d09d30d4e315bd8df","core/src/main/java/com/orientechnologies/common/directmemory/ODirectMemoryFactory.java","1","0","0","0","24","56","1"
"hazelcast","a9758d3446f37660f56809129c58192c034cefdb","hazelcast/src/main/java/com/hazelcast/map/RecordStoreLoader.java","1","0","0","0","24","60","2"
"junit","561a736d4400c32a608a6ee97424c20ca70bf8ae","src/test/java/org/junit/tests/experimental/rules/LoggingTestWatcher.java","1","0","0","0","25","32","0"
"hazelcast","d3e09e369981a387ee9d6890e981c80104bd5ab7","hazelcast-client/src/main/java/com/hazelcast/client/proxy/ClientIdGeneratorProxy.java","1","0","0","0","25","50","1"
"neo4j","7b890cea4f0be50e697d6ba272edb6b74b84e373","community/security/src/test/java/org/neo4j/commandline/admin/security/UsersCommandTestBase.java","1","0","0","0","25","52","1"
"elasticsearch","952feb58e41bd0220784c44136b840ea4a740e26","core/src/main/java/org/elasticsearch/search/aggregations/bucket/terms/AbstractStringTermsAggregator.java","1","0","0","0","25","53","1"
"elasticsearch","087a931cb2ecbae34c4fc87924400c9b6bbd8a41","core/src/main/java/org/elasticsearch/common/util/AbstractArray.java","1","0","0","0","25","54","1"
"hazelcast","ffe9301db5174bd688cf5f986f7078484fa6cef7","hazelcast/src/main/java/com/hazelcast/nio/serialization/PortableContextAwareInputStream.java","1","0","0","0","25","57","0"
"oryx","d16f89b25fc5e12f94af6432274c66e0394c1743","app/oryx-app-mllib/src/main/java/com/cloudera/oryx/app/batch/mllib/als/EnqueueFeatureVecsAndKnownItemsFn.java","1","0","0","0","26","50","0"
"neo4j","4e13feaa5058f4f1b623704bbde288b5850c1ec6","community/security/src/test/java/org/neo4j/commandline/admin/security/UsersCommandTestBase.java","1","0","0","0","26","53","0"
"elasticsearch","e7d352b489272a87b05019869857656de7fb82fc","core/src/main/java/org/elasticsearch/search/aggregations/bucket/terms/AbstractStringTermsAggregator.java","1","0","0","0","26","54","0"
"hazelcast","39091ff574efe84ae6a3d772a1b7cfce80f4f2e0","hazelcast/src/main/java/com/hazelcast/client/ClientRequest.java","1","0","0","0","26","59","0"
"hazelcast","14520904ee7fad852e9c147f7ec2ed6d515f6321","hazelcast/src/main/java/com/hazelcast/map/impl/record/ObjectRecordWithStats.java","1","0","0","0","27","52","1"
"hazelcast","73f96d570d4c70290950e136308f9e5104bcf29c","hazelcast/src/main/java/com/hazelcast/map/impl/record/ObjectRecordWithStats.java","1","0","0","0","27","52","1"
"hazelcast","14db1773526284bfc9837a4ef9121862dc8544fb","hazelcast/src/main/java/com/hazelcast/map/impl/record/ObjectRecordWithStats.java","1","0","0","0","27","52","0"
"hazelcast","14520904ee7fad852e9c147f7ec2ed6d515f6321","hazelcast/src/main/java/com/hazelcast/map/impl/record/ObjectRecord.java","1","0","0","0","27","53","1"
"hazelcast","73f96d570d4c70290950e136308f9e5104bcf29c","hazelcast/src/main/java/com/hazelcast/map/impl/record/ObjectRecord.java","1","0","0","0","27","53","1"
"hazelcast","14db1773526284bfc9837a4ef9121862dc8544fb","hazelcast/src/main/java/com/hazelcast/map/impl/record/ObjectRecord.java","1","0","0","0","27","53","0"
"hazelcast","49bc95f245df5503b44ba497a51ae534883f2f4f","hazelcast-client/src/test/java/com/hazelcast/client/cache/ClientCacheIteratorTest.java","1","0","0","0","27","54","1"
"hazelcast","f745f9d46756c8cc57388c8172c0eafbd70c9c46","hazelcast-client/src/test/java/com/hazelcast/client/cache/ClientCacheIteratorTest.java","1","0","0","0","27","54","2"
"hazelcast","97bb74d78cd1e0af68a1390defa30fc956da8390","hazelcast-client/src/test/java/com/hazelcast/client/cache/ClientCacheIteratorTest.java","1","0","0","0","27","54","0"
"hazelcast","7c83a64f2156adb88a1d03e4793c9bccd4a77869","hazelcast/src/main/java/com/hazelcast/cache/impl/CacheDistributedObject.java","1","0","0","0","27","55","1"
"hazelcast","733a21722fc9a7b4cd5109fbcf9019bcc1377584","hazelcast/src/main/java/com/hazelcast/map/impl/record/CachedDataRecordWithStats.java","1","0","0","0","27","56","0"
"hazelcast","59c4822d4ad5dfac4cecd11231280baa33d4aa35","hazelcast/src/main/java/com/hazelcast/client/ClientRequest.java","1","0","0","0","27","61","1"
"orientdb","39a8884d03c0bc49b8ecf655a22fe80646afa1e6","spatial/src/test/java/com/orientechnologies/lucene/test/geo/LuceneGeoUpdateTest.java","1","0","0","0","27","62","0"
"hazelcast","7055202cc7af449ba100132a7820aa265e438df0","hazelcast/src/main/java/com/hazelcast/client/impl/protocol/task/map/AbstractMapAllPartitionsMessageTask.java","1","0","0","0","28","51","0"
"hazelcast","504bb28e15aa9a11f99f1105e0acd7089fb9366c","hazelcast/src/main/java/com/hazelcast/map/impl/record/CachedDataRecord.java","1","0","0","0","28","57","1"
"elasticsearch","aea00a62f3825e388e07007d3c8686f93c2d3f8e","core/src/main/java/org/elasticsearch/action/admin/indices/flush/ShardFlushRequest.java","1","0","0","0","28","60","1"
"elasticsearch","1f04182b8164ffb19f3805c48d67f0375262b317","core/src/main/java/org/elasticsearch/action/admin/indices/upgrade/post/ShardUpgradeRequest.java","1","0","0","0","28","61","0"
"elasticsearch","2bd09c4625898d77aa6c015c6f82cf973ed18cb7","core/src/main/java/org/elasticsearch/action/search/ParsedScrollId.java","1","0","0","0","28","64","0"
"elasticsearch","9738ef3a90bec148abbe55dec6f6183190fa4713","core/src/main/java/org/elasticsearch/action/search/ParsedScrollId.java","1","0","0","0","28","64","0"
"elasticsearch","3d13c27fa0df12018f35f1b20987c90277e9b6f9","core/src/main/java/org/elasticsearch/action/search/ParsedScrollId.java","1","0","0","0","28","64","1"
"elasticsearch","b49635539d929d6cb5ee56153e2f95872fe4bb16","modules/lang-painless/src/main/java/org/elasticsearch/painless/antlr/PainlessLexer.java","1","0","0","0","284","306","1"
"oryx","481ec44fd6a5d511ef42eddf47334a725d3a540c","app/oryx-app-mllib/src/main/java/com/cloudera/oryx/app/batch/mllib/kmeans/ClusterMetric.java","1","0","0","0","29","55","0"
"hazelcast","d568e4d926d925d57d4e79e34614390416749301","hazelcast/src/main/java/com/hazelcast/internal/serialization/impl/ByteArrayInputOutputFactory.java","1","0","0","0","29","55","0"
"hazelcast","70d4de16ff0ac4518d09aad8c9f2ad9e782fb337","hazelcast/src/main/java/com/hazelcast/internal/serialization/impl/ByteArrayInputOutputFactory.java","1","0","0","0","29","55","1"
"elasticsearch","6d9af2fff4833b464fde2c3caaf9948fc1f92460","core/src/main/java/org/elasticsearch/index/engine/DeleteVersionValue.java","1","0","0","0","29","60","0"
"elasticsearch","1f04182b8164ffb19f3805c48d67f0375262b317","core/src/main/java/org/elasticsearch/action/suggest/ShardSuggestRequest.java","1","0","0","0","29","61","0"
"orientdb","39a8884d03c0bc49b8ecf655a22fe80646afa1e6","spatial/src/test/java/com/orientechnologies/lucene/test/geo/LuceneSpatialClassCreateTest.java","1","0","0","0","29","66","0"
"hazelcast","33419632c5546fdf38b0c1ba035b6107e7d310d8","hazelcast/src/main/java/com/hazelcast/map/RecordStoreLoader.java","1","0","0","0","29","73","0"
"hazelcast","8e20fd580ec4e7de4938dc403d1a547e0b9a4001","hazelcast/src/main/java/com/hazelcast/map/impl/RecordStoreLoader.java","1","0","0","0","29","73","0"
"hazelcast","305ecd0cab00c33d16d84c0f7b2e830a77412712","hazelcast/src/main/java/com/hazelcast/map/impl/RecordStoreLoader.java","1","0","0","0","29","73","1"
"netty","e7631867d30e26961e121ca05f5e3c078345984f","buffer/src/main/java/io/netty/buffer/PooledDuplicatedByteBuf.java","1","0","0","0","293","377","1"
"netty","4bba7526e2f58018817972f38279cc232f519100","buffer/src/main/java/io/netty/buffer/PooledDuplicatedByteBuf.java","1","0","0","0","295","379","0"
"hazelcast","d38202141395360399c9cf97d4453adf5b1581e1","hazelcast/src/main/java/com/hazelcast/client/impl/protocol/task/list/package-info.java","1","0","0","0","3","24","1"
"hazelcast","d38202141395360399c9cf97d4453adf5b1581e1","hazelcast/src/main/java/com/hazelcast/client/impl/protocol/task/countdownlatch/package-info.java","1","0","0","0","3","25","1"
"elasticsearch","ed74e53cf517330f10bdb943f05a55148e72a5de","modules/lang-painless/src/main/java/org/elasticsearch/painless/node/IDefLink.java","1","0","0","0","3","28","0"
"hazelcast","78ae1a75208f6777bfb81fd68b2d62b446f83759","hazelcast-hibernate/hazelcast-hibernate4/src/main/java/com/hazelcast/hibernate/serialization/Expirable.java","1","0","0","0","30","99","0"
"hazelcast","7e9aaf983ea251e7252a8ed8cd1ea0b00cad40cf","hazelcast-hibernate/hazelcast-hibernate4/src/main/java/com/hazelcast/hibernate/serialization/Expirable.java","1","0","0","0","31","100","1"
"hazelcast","5c695f915d3d5ec0116cccdbde70b3551f5dcb5a","hazelcast-client/src/test/java/com/hazelcast/client/cache/CacheBasicClientTest.java","1","0","0","0","31","59","0"
"hazelcast","2ff6dc4e39ac737568f95eb749d69d1d320f5292","hazelcast/src/main/java/com/hazelcast/map/impl/record/CachedDataRecord.java","1","0","0","0","31","62","0"
"netty","9125060752f5124949e55a6868647c75f88cdb01","handler/src/main/java/io/netty/handler/ssl/util/BouncyCastleSelfSignedCertGenerator.java","1","0","0","0","31","62","0"
"hazelcast","14520904ee7fad852e9c147f7ec2ed6d515f6321","hazelcast/src/main/java/com/hazelcast/map/impl/record/CachedDataRecord.java","1","0","0","0","31","62","1"
"hazelcast","65df300ddcacf2cee04f1eee8f75731e147decbf","hazelcast-client/src/test/java/com/hazelcast/client/listeners/MultiMapEntryListenerOnReconnectTest.java","1","0","0","0","32","39","1"
"hazelcast","ccc4cf5c5afe3eadfdb39332f605f2157820ee89","hazelcast-client/src/test/java/com/hazelcast/client/listeners/MultiMapEntryListenerOnReconnectTest.java","1","0","0","0","32","39","1"
"hazelcast","fcb85d5ce8c3887b875376ea1f986c03201d9f7c","hazelcast-client/src/test/java/com/hazelcast/client/listeners/MultiMapEntryListenerOnReconnectTest.java","1","0","0","0","32","39","0"
"hazelcast","65df300ddcacf2cee04f1eee8f75731e147decbf","hazelcast-client/src/test/java/com/hazelcast/client/listeners/EntryListenerOnReconnectTest.java","1","0","0","0","32","56","1"
"hazelcast","ccc4cf5c5afe3eadfdb39332f605f2157820ee89","hazelcast-client/src/test/java/com/hazelcast/client/listeners/EntryListenerOnReconnectTest.java","1","0","0","0","32","56","1"
"hazelcast","fcb85d5ce8c3887b875376ea1f986c03201d9f7c","hazelcast-client/src/test/java/com/hazelcast/client/listeners/EntryListenerOnReconnectTest.java","1","0","0","0","32","56","0"
"neo4j","d693165ae77cf119824aaa7a53ac45b466b15c24","stresstests/src/test/java/org/neo4j/coreedge/stresstests/ClusterConfiguration.java","1","0","0","0","32","58","1"
"hazelcast","49bc95f245df5503b44ba497a51ae534883f2f4f","hazelcast-client/src/test/java/com/hazelcast/client/cache/CacheBasicClientTest.java","1","0","0","0","32","60","1"
"elasticsearch","1f04182b8164ffb19f3805c48d67f0375262b317","core/src/main/java/org/elasticsearch/action/termvectors/dfs/ShardDfsOnlyRequest.java","1","0","0","0","32","63","0"
"elasticsearch","b49635539d929d6cb5ee56153e2f95872fe4bb16","modules/lang-painless/src/main/java/org/elasticsearch/painless/node/LDefField.java","1","0","0","0","32","68","1"
"elasticsearch","cde83e363aac2195c2dc0f81bbe348bcfe8b4152","modules/lang-painless/src/main/java/org/elasticsearch/painless/node/LDefField.java","1","0","0","0","32","68","1"
"elasticsearch","1424f09c02927d9caada7f6ea45285b411d88d12","modules/lang-painless/src/main/java/org/elasticsearch/painless/node/LDefField.java","1","0","0","0","32","68","0"
"elasticsearch","2e4f87d2ce7475742c668ff1d4069e14e7c47bfe","modules/lang-painless/src/main/java/org/elasticsearch/painless/Analyzer.java","1","0","0","0","328","465","0"
"hazelcast","623ff1855aa985aa276e8395aabf0b534c7a36c3","hazelcast-client/src/test/java/com/hazelcast/client/listeners/EntryListenerOnReconnectTest.java","1","0","0","0","33","57","0"
"hazelcast","623ff1855aa985aa276e8395aabf0b534c7a36c3","hazelcast-client/src/test/java/com/hazelcast/client/listeners/ReplicatedMapEntryListenerOnReconnectTest.java","1","0","0","0","33","58","0"
"elasticsearch","e00db235bc1aa0765f5b21a9dc40a4e94197b68c","core/src/main/java/org/elasticsearch/action/search/SearchQueryThenFetchAsyncAction.java","1","0","0","0","33","60","1"
"hazelcast","590c6477098c09f7f0334904cb21999d800fb2aa","hazelcast/src/main/java/com/hazelcast/cache/impl/record/CacheDataRecord.java","1","0","0","0","33","63","0"
"netty","220d95fe0d396821f08329fffd96edc1b47c37c1","src/main/java/org/jboss/netty/channel/socket/oio/OioClientSocketChannel.java","1","0","0","0","33","67","0"
"orientdb","01aa9d1932d4b43327899b3d5e0219caf6fdfb1d","core/src/main/java/com/orientechnologies/common/directmemory/ODirectMemoryFactory.java","1","0","0","0","33","68","0"
"elasticsearch","ed74e53cf517330f10bdb943f05a55148e72a5de","modules/lang-painless/src/main/java/org/elasticsearch/painless/node/LDefField.java","1","0","0","0","33","69","0"
"hazelcast","623ff1855aa985aa276e8395aabf0b534c7a36c3","hazelcast-client/src/test/java/com/hazelcast/client/listeners/TopicOnReconnectTest.java","1","0","0","0","34","41","0"
"hazelcast","965614f7e86eb3c7cd0bdb3c7408706aabf6c6dd","hazelcast-client/src/test/java/com/hazelcast/client/ClientAuthenticationTest.java","1","0","0","0","34","43","1"
"elasticsearch","b3e7e85cf110b6d48cab4f82fa1fc689975e81de","core/src/main/java/org/elasticsearch/action/search/SearchQueryThenFetchAsyncAction.java","1","0","0","0","34","61","0"
"netty","6d80c641e92588a5317c0b9a9631918a521d52bc","resolver-dns/src/main/java/io/netty/resolver/dns/SingletonDnsServerAddresses.java","1","0","0","0","34","61","0"
"hazelcast","2ce1114c88263a61c0d7b9c40ecced2873c836fa","hazelcast/src/test/java/com/hazelcast/test/mocknetwork/MockNodeContext.java","1","0","0","0","34","61","2"
"elasticsearch","3d13c27fa0df12018f35f1b20987c90277e9b6f9","core/src/main/java/org/elasticsearch/index/engine/VersionValue.java","1","0","0","0","34","65","1"
"elasticsearch","f0020caf7c0c8a6df600aa076dfced81d88bbcf2","core/src/main/java/org/elasticsearch/index/engine/VersionValue.java","1","0","0","0","34","65","1"
"elasticsearch","2bd09c4625898d77aa6c015c6f82cf973ed18cb7","core/src/main/java/org/elasticsearch/index/engine/VersionValue.java","1","0","0","0","34","65","0"
"elasticsearch","1f04182b8164ffb19f3805c48d67f0375262b317","core/src/main/java/org/elasticsearch/indices/recovery/RecoveryFinalizeRecoveryRequest.java","1","0","0","0","34","68","0"
"hazelcast","ae0f6a2d3bbf4d06ae5d9dcaf15882bd0c084131","hazelcast/src/main/java/com/hazelcast/map/impl/querycache/subscriber/QueryCacheFactory.java","1","0","0","0","34","69","1"
"elasticsearch","3f06d9f3b8516bb30a2890a36c2973f08f9c6076","modules/lang-painless/src/main/java/org/elasticsearch/painless/node/LDefField.java","1","0","0","0","34","70","0"
"elasticsearch","e00db235bc1aa0765f5b21a9dc40a4e94197b68c","core/src/main/java/org/elasticsearch/action/search/SearchDfsQueryThenFetchAsyncAction.java","1","0","0","0","35","62","1"
"hazelcast","cdc9b78260740d11f4a477658abb7b680c47f851","hazelcast/src/main/java/com/hazelcast/partition/impl/ResetReplicaVersionOperation.java","1","0","0","0","35","63","2"
"hazelcast","ed777f64e4d046bb45ae4ee062b463e33526e3ad","hazelcast-client/src/main/java/com/hazelcast/client/txn/proxy/ClientTxnListProxy.java","1","0","0","0","35","63","1"
"hazelcast","ed777f64e4d046bb45ae4ee062b463e33526e3ad","hazelcast-client/src/main/java/com/hazelcast/client/txn/proxy/ClientTxnSetProxy.java","1","0","0","0","35","63","1"
"hazelcast","f5cb1bc05582dde9b0f920aceaf3295c58a2d42e","hazelcast/src/main/java/com/hazelcast/partition/impl/ResetReplicaVersionOperation.java","1","0","0","0","35","63","1"
"hazelcast","f93b123f67ebe82499e163a3b0a5aee2ef27d7e4","hazelcast/src/main/java/com/hazelcast/partition/impl/ResetReplicaVersionOperation.java","1","0","0","0","35","63","1"
"hazelcast","2c84640858569786577afc9fb091d5b1e7e73b8b","hazelcast/src/main/java/com/hazelcast/partition/impl/ResetReplicaVersionOperation.java","1","0","0","0","35","63","0"
"hazelcast","bb3ea0e107980d769862cdbda748cc91529d67b5","hazelcast-client/src/main/java/com/hazelcast/client/txn/proxy/ClientTxnListProxy.java","1","0","0","0","35","63","0"
"hazelcast","bb3ea0e107980d769862cdbda748cc91529d67b5","hazelcast-client/src/main/java/com/hazelcast/client/txn/proxy/ClientTxnSetProxy.java","1","0","0","0","35","63","0"
"elasticsearch","6d9af2fff4833b464fde2c3caaf9948fc1f92460","core/src/main/java/org/elasticsearch/index/engine/VersionValue.java","1","0","0","0","35","68","0"
"elasticsearch","12d9268db256b728e8d334801739fb46167902b6","src/main/java/org/elasticsearch/common/util/AbstractBigArray.java","1","0","0","0","35","69","0"
"netty","2a6ed67efc4ffb15647313b82e450a3951a6a3bd","testsuite/src/test/java/io/netty/testsuite/util/BogusTrustManagerFactory.java","1","0","0","0","35","70","1"
"hazelcast","65df300ddcacf2cee04f1eee8f75731e147decbf","hazelcast-client/src/test/java/com/hazelcast/client/listeners/QueueItemListenerOnReconnectTest.java","1","0","0","0","36","61","1"
"hazelcast","ccc4cf5c5afe3eadfdb39332f605f2157820ee89","hazelcast-client/src/test/java/com/hazelcast/client/listeners/QueueItemListenerOnReconnectTest.java","1","0","0","0","36","61","1"
"hazelcast","fcb85d5ce8c3887b875376ea1f986c03201d9f7c","hazelcast-client/src/test/java/com/hazelcast/client/listeners/QueueItemListenerOnReconnectTest.java","1","0","0","0","36","61","0"
"hazelcast","65df300ddcacf2cee04f1eee8f75731e147decbf","hazelcast-client/src/test/java/com/hazelcast/client/listeners/ListItemListenerOnReconnectTest.java","1","0","0","0","36","62","1"
"hazelcast","65df300ddcacf2cee04f1eee8f75731e147decbf","hazelcast-client/src/test/java/com/hazelcast/client/listeners/SetItemListenerOnReconnectTest.java","1","0","0","0","36","62","1"
"hazelcast","fcb85d5ce8c3887b875376ea1f986c03201d9f7c","hazelcast-client/src/test/java/com/hazelcast/client/listeners/ListItemListenerOnReconnectTest.java","1","0","0","0","36","62","0"
"elasticsearch","b3e7e85cf110b6d48cab4f82fa1fc689975e81de","core/src/main/java/org/elasticsearch/action/search/SearchDfsQueryThenFetchAsyncAction.java","1","0","0","0","36","63","0"
"elasticsearch","0b9b9d7983c4fc6bc5a33ec75cec22e048528ff6","core/src/main/java/org/elasticsearch/bootstrap/JNACLibrary.java","1","0","0","0","36","74","0"
"hazelcast","b9b42396d2204949e006fd1de7735b2b4a2942b1","hazelcast/src/main/java/com/hazelcast/cache/impl/client/AbstractCacheAllPartitionsRequest.java","1","0","0","0","37","53","0"
"hazelcast","623ff1855aa985aa276e8395aabf0b534c7a36c3","hazelcast-client/src/test/java/com/hazelcast/client/listeners/QueueItemListenerOnReconnectTest.java","1","0","0","0","37","62","0"
"hazelcast","623ff1855aa985aa276e8395aabf0b534c7a36c3","hazelcast-client/src/test/java/com/hazelcast/client/listeners/SetItemListenerOnReconnectTest.java","1","0","0","0","37","63","0"
"hazelcast","623ff1855aa985aa276e8395aabf0b534c7a36c3","hazelcast-client/src/test/java/com/hazelcast/client/listeners/ListItemListenerOnReconnectTest.java","1","0","0","0","37","63","0"
"hazelcast","7e07ef2b7dcefe2f791c4b6d2050a9c44e6bf931","hazelcast/src/main/java/com/hazelcast/partition/impl/PartitionReplicaChangeEvent.java","1","0","0","0","37","63","1"
"neo4j","dffaacf551b9213f1b818976724f11748a16a674","stresstests/src/test/java/org/neo4j/coreedge/stresstests/ClusterConfiguration.java","1","0","0","0","37","64","0"
"elasticsearch","b49635539d929d6cb5ee56153e2f95872fe4bb16","modules/lang-painless/src/main/java/org/elasticsearch/painless/node/LDefArray.java","1","0","0","0","37","72","1"
"elasticsearch","336ac33eed0593141f4fabb643b9f0582a281ade","core/src/main/java/org/elasticsearch/bootstrap/JNACLibrary.java","1","0","0","0","37","75","0"
"hazelcast","2df063d441d3830ee797541830899e3248a8590e","hazelcast/src/main/java/com/hazelcast/partition/impl/ResetReplicaVersionOperation.java","1","0","0","0","38","69","0"
"hazelcast","b1556cb737bd13095ea68036af59c6a61c350931","hazelcast/src/main/java/com/hazelcast/partition/impl/ResetReplicaVersionOperation.java","1","0","0","0","38","69","0"
"hazelcast","1c52b3168b2cb32e5b01cf28812512ae01cf5b94","hazelcast/src/main/java/com/hazelcast/partition/impl/ResetReplicaVersionOperation.java","1","0","0","0","38","69","1"
"neo4j","b070962e9b00726d50df951106225fa252b7efeb","community/kernel/src/main/java/org/neo4j/kernel/impl/api/security/WrappedAccessMode.java","1","0","0","0","38","70","0"
"elasticsearch","3f06d9f3b8516bb30a2890a36c2973f08f9c6076","modules/lang-painless/src/main/java/org/elasticsearch/painless/node/LDefArray.java","1","0","0","0","38","73","0"
"hazelcast","dba90d15404ad6caac6df0e016095c85f3bdfefe","hazelcast-client/src/test/java/com/hazelcast/client/ClientRegressionWithRealNetworkTest.java","1","0","0","0","39","48","0"
"elasticsearch","30d7b8de2fa043bdca3ca55026aa74f06d404a76","src/main/java/org/elasticsearch/index/fielddata/fieldcomparator/DoubleValuesComparatorBase.java","1","0","0","0","39","68","0"
"elasticsearch","25fd9e26c4fb042d6f6dea14efcd239577bdbbc4","core/src/main/java/org/elasticsearch/bootstrap/JNACLibrary.java","1","0","0","0","39","76","0"
"hazelcast","287ce2a807b5697e12a97529d63fa3387e06aace","hazelcast/src/main/java/com/hazelcast/map/impl/mapstore/writebehind/entry/DeletedDelayedEntry.java","1","0","0","0","39","80","0"
"netty","afb46b926f9df6f1da91cbd011fa8f43d1566bb8","handler/src/main/java/io/netty/handler/ssl/ApplicationProtocolAccessor.java","1","0","0","0","4","25","0"
"hazelcast","dec7dd3bccd2fc2bb30f3690c901dd6887241979","hazelcast/src/test/java/com/hazelcast/nio/serialization/NamedPortableV2.java","1","0","0","0","40","55","1"
"hazelcast","d1b295726e76fc7c30bb23986b82b68eab32623b","hazelcast-client/src/test/java/com/hazelcast/client/cache/CacheClientListenerTest.java","1","0","0","0","40","66","0"
"netty","9125060752f5124949e55a6868647c75f88cdb01","handler/src/main/java/io/netty/handler/ssl/util/OpenJdkSelfSignedCertGenerator.java","1","0","0","0","40","73","0"
"elasticsearch","1441fec0687d9af1b3eb17a6cc7286bab495d01f","src/main/java/org/elasticsearch/index/fielddata/fieldcomparator/DoubleValuesComparatorBase.java","1","0","0","0","41","70","2"
"elasticsearch","1f04182b8164ffb19f3805c48d67f0375262b317","core/src/main/java/org/elasticsearch/indices/recovery/RecoveryPrepareForTranslogOperationsRequest.java","1","0","0","0","41","75","0"
"hazelcast","80240b3abd5e08fe8c801bddd18525bdbda492e1","hazelcast-client/src/test/java/com/hazelcast/client/map/impl/query/ClientQueryAdvancedTest.java","1","0","0","0","42","71","0"
"elasticsearch","292e53fe77cae17362029d79e6afb937e75eec89","src/main/java/org/elasticsearch/index/search/child/ConstantScorer.java","1","0","0","0","42","78","0"
"hazelcast","6fa0069fe8656dfccd16b57e133bed417b591146","hazelcast-client/src/test/java/com/hazelcast/client/map/impl/query/ClientQueryAdvancedTest.java","1","0","0","0","43","72","1"
"hazelcast","623ff1855aa985aa276e8395aabf0b534c7a36c3","hazelcast-client/src/main/java/com/hazelcast/client/util/AbstractLoadBalancer.java","1","0","0","0","43","74","0"
"orientdb","39a8884d03c0bc49b8ecf655a22fe80646afa1e6","spatial/src/test/java/com/orientechnologies/lucene/test/geo/LuceneSpatialMultiLineStringTest.java","1","0","0","0","43","81","0"
"orientdb","39a8884d03c0bc49b8ecf655a22fe80646afa1e6","spatial/src/test/java/com/orientechnologies/lucene/test/geo/functions/LuceneSpatialIntersectsTest.java","1","0","0","0","43","82","0"
"hazelcast","e4b10eb1bd1583bbfca340d4cde3ad3111ed215c","hazelcast-client/src/test/java/com/hazelcast/client/cache/nearcache/ClientCacheInvalidationListener.java","1","0","0","0","44","73","1"
"hazelcast","0603aa048b33b7b63c240c8b0e5c509499c798f7","hazelcast-client/src/test/java/com/hazelcast/client/proxy/DistributedObjectListenerTest.java","1","0","0","0","45","70","2"
"orientdb","39a8884d03c0bc49b8ecf655a22fe80646afa1e6","spatial/src/test/java/com/orientechnologies/lucene/test/geo/functions/LuceneSpatialDWithinTest.java","1","0","0","0","45","89","0"
"hazelcast","4653486efe9e76439d1f23021ab16bc287ac9bfa","hazelcast-client/src/test/java/com/hazelcast/client/proxy/DistributedObjectListenerTest.java","1","0","0","0","46","71","2"
"hazelcast","ccc4cf5c5afe3eadfdb39332f605f2157820ee89","hazelcast-client/src/test/java/com/hazelcast/client/ClientReconnectTest.java","1","0","0","0","46","72","1"
"hazelcast","ce7d7c8779e24e951600fee82f97f9c4db020279","hazelcast-client/src/test/java/com/hazelcast/client/ClientReconnectTest.java","1","0","0","0","46","72","2"
"hazelcast","fcb85d5ce8c3887b875376ea1f986c03201d9f7c","hazelcast-client/src/test/java/com/hazelcast/client/ClientReconnectTest.java","1","0","0","0","46","72","0"
"netty","0b7bf49c165e682644a53279f75a44ba084201cd","handler/src/main/java/io/netty/handler/ssl/util/X509TrustManagerWrapper.java","1","0","0","0","46","74","0"
"elasticsearch","39e59b49b16a8f82b174ba8066c4769b06a37eb0","core/src/main/java/org/elasticsearch/action/search/SearchScrollQueryAndFetchAsyncAction.java","1","0","0","0","46","75","0"
"hazelcast","68be93d3c249e366ec0b818c82b7150c8d5c2f01","hazelcast-client/src/test/java/com/hazelcast/client/partitionservice/ClientPartitionServiceLiteMemberTest.java","1","0","0","0","47","60","0"
"hazelcast","431bedc53fa311f0d76d7d77c48f3bb78da5fa9e","hazelcast-client/src/test/java/com/hazelcast/client/ClientReconnectTest.java","1","0","0","0","47","73","2"
"hazelcast","98b898503b40f5fd2d50677d8eb7d145a361ff50","hazelcast-client/src/test/java/com/hazelcast/client/partitionservice/ClientPartitionServiceLiteMemberTest.java","1","0","0","0","48","61","2"
"hazelcast","7dc9471bab1f332cbf07c3c360fa2c489e120dae","hazelcast/src/main/java/com/hazelcast/map/NullEntryView.java","1","0","0","0","48","70","0"
"elasticsearch","5ec2ba3166febb4983701d37c8a99cb5631f2f0a","core/src/main/java/org/elasticsearch/index/fielddata/plain/AtomicLongFieldData.java","1","0","0","0","48","87","1"
"netty","1ef6f147349c145542d77c987f57e1dfbd405406","transport/src/test/java/io/netty/channel/BaseChannelTest.java","1","0","0","0","49","81","0"
"elasticsearch","1f04182b8164ffb19f3805c48d67f0375262b317","core/src/main/java/org/elasticsearch/indices/recovery/RecoveryCleanFilesRequest.java","1","0","0","0","49","85","0"
"hazelcast","8b2795d438634112ccaa13d8ff9ed60469d21482","hazelcast/src/main/java/com/hazelcast/cardinality/impl/hyperloglog/impl/HyperLogLogEncoding.java","1","0","0","0","5","36","0"
"neo4j","886dbb454deaae6adcb4ff26e76f6e225eedca55","enterprise/core-edge/src/main/java/org/neo4j/coreedge/raft/log/segmented/CoreLogPruningStrategy.java","1","0","0","0","5","37","0"
"elasticsearch","1f04182b8164ffb19f3805c48d67f0375262b317","core/src/main/java/org/elasticsearch/indices/recovery/RecoveryTranslogOperationsRequest.java","1","0","0","0","50","85","0"
"hazelcast","287ce2a807b5697e12a97529d63fa3387e06aace","hazelcast/src/main/java/com/hazelcast/map/impl/mapstore/writebehind/entry/AddedDelayedEntry.java","1","0","0","0","50","93","0"
"elasticsearch","5f77ddf45d8e879bbf7e579cf80c895c9b03f46d","core/src/main/java/org/elasticsearch/indices/AbstractIndexShardCacheEntity.java","1","0","0","0","51","103","1"
"hazelcast","f745f9d46756c8cc57388c8172c0eafbd70c9c46","hazelcast-client/src/test/java/com/hazelcast/client/cache/nearcache/ClientNearCacheTest.java","1","0","0","0","51","81","2"
"orientdb","39a8884d03c0bc49b8ecf655a22fe80646afa1e6","spatial/src/test/java/com/orientechnologies/lucene/test/geo/functions/LuceneSpatialContainsTest.java","1","0","0","0","52","92","0"
"hazelcast","86a8460b7e36376816dea524d18b755c5b2fc9e7","hazelcast/src/main/java/com/hazelcast/map/mapstore/EmptyMapDataStore.java","1","0","0","0","53","77","0"
"hazelcast","898bb117f200cc48a15bfc0d8b27418ebe2df752","hazelcast/src/main/java/com/hazelcast/map/impl/mapstore/EmptyMapDataStore.java","1","0","0","0","53","77","0"
"hazelcast","b8cf6e500236fa7829a134c9af817379cc54a79f","hazelcast/src/main/java/com/hazelcast/map/impl/mapstore/EmptyMapDataStore.java","1","0","0","0","53","77","0"
"hazelcast","97eaaa146cf36d563b23a99ba58f1bbd2cf015c9","hazelcast/src/main/java/com/hazelcast/map/mapstore/EmptyMapDataStore.java","1","0","0","0","53","77","1"
"hazelcast","5917446b9901b1bc4ab314eb8c106e22ca50f3e3","hazelcast-client/src/test/java/com/hazelcast/client/cache/nearcache/ClientNearCacheTest.java","1","0","0","0","53","83","2"
"hazelcast","65df300ddcacf2cee04f1eee8f75731e147decbf","hazelcast-client/src/test/java/com/hazelcast/client/listeners/AbstractListenersOnReconnectTest.java","1","0","0","0","53","86","1"
"elasticsearch","b49635539d929d6cb5ee56153e2f95872fe4bb16","modules/lang-painless/src/main/java/org/elasticsearch/painless/antlr/PainlessParserVisitor.java","1","0","0","0","54","342","1"
"elasticsearch","1424f09c02927d9caada7f6ea45285b411d88d12","modules/lang-painless/src/main/java/org/elasticsearch/painless/antlr/PainlessParserVisitor.java","1","0","0","0","54","351","0"
"hazelcast","c4c80abef0d656d2782b6dedfebf4270da788a14","hazelcast/src/main/java/com/hazelcast/map/record/AbstractBaseRecord.java","1","0","0","0","55","93","0"
"hazelcast","3d8ce7ed94ef327469e9647d5fb1c17d9eb54bf9","hazelcast-client/src/test/java/com/hazelcast/client/proxy/DistributedObjectListenerTest.java","1","0","0","0","56","81","0"
"hazelcast","62268376a7952b81d17e45ad8c1820a085550b63","hazelcast-client/src/test/java/com/hazelcast/client/proxy/DistributedObjectListenerTest.java","1","0","0","0","57","82","1"
"hazelcast","7f643f66027dc5aead45a6fa266250b45c90c7ee","hazelcast/src/main/java/com/hazelcast/map/impl/mapstore/EmptyMapDataStore.java","1","0","0","0","57","82","1"
"hazelcast","c7896a0ea1ea935926828bca84ee4ed454e3520d","hazelcast/src/main/java/com/hazelcast/map/impl/mapstore/EmptyMapDataStore.java","1","0","0","0","57","82","0"
"netty","6873111d72599453a03493774ce28b175e61c821","codec-http/src/main/java/io/netty/handler/codec/http/ComposedLastHttpContent.java","1","0","0","0","57","87","0"
"netty","85ab9b598209c342fac56077d476ce0d65c2f1c9","codec-http/src/main/java/io/netty/handler/codec/http/ComposedLastHttpContent.java","1","0","0","0","57","87","0"
"netty","faaff9bd86166c12ff98aa06a946db3e4dd9ee90","codec-http/src/main/java/io/netty/handler/codec/http/ComposedLastHttpContent.java","1","0","0","0","57","87","1"
"hazelcast","5c695f915d3d5ec0116cccdbde70b3551f5dcb5a","hazelcast-client/src/test/java/com/hazelcast/client/cache/nearcache/ClientNearCacheTest.java","1","0","0","0","57","88","0"
"hazelcast","623ff1855aa985aa276e8395aabf0b534c7a36c3","hazelcast-client/src/main/java/com/hazelcast/client/proxy/ClientClusterProxy.java","1","0","0","0","57","92","0"
"hazelcast","a6095bdf9f484ab0b45ff2b0542c0ac66a2b3740","hazelcast/src/main/java/com/hazelcast/map/record/AbstractBaseRecord.java","1","0","0","0","57","97","1"
"hazelcast","1c090ad87906d51892a32c2aa0a32d34002298ec","hazelcast/src/main/java/com/hazelcast/map/impl/mapstore/EmptyMapDataStore.java","1","0","0","0","58","95","1"
"orientdb","39a8884d03c0bc49b8ecf655a22fe80646afa1e6","spatial/src/test/java/com/orientechnologies/lucene/test/geo/functions/LuceneSpatialWithinTest.java","1","0","0","0","58","98","0"
"elasticsearch","3e69c38dbd2aa319b5b199d2931125b93f59514a","modules/transport-netty4/src/main/java/org/elasticsearch/http/netty4/pipelining/HttpPipelinedResponse.java","1","0","0","0","59","95","0"
"hazelcast","6ac727db661eb934e5608e28e8a3603e7300d710","hazelcast/src/main/java/com/hazelcast/map/impl/mapstore/EmptyMapDataStore.java","1","0","0","0","59","98","0"
"hazelcast","16b978ac4b9160247824f12b4a1a03bb4327ba20","hazelcast-spring/src/test/java/com/hazelcast/spring/MyServiceConfig.java","1","0","0","0","6","29","0"
"hazelcast","44660b284c2c5bb70babc10bc656819986acc21a","hazelcast-spring/src/test/java/com/hazelcast/spring/MyServiceConfig.java","1","0","0","0","6","29","0"
"hazelcast","d568e4d926d925d57d4e79e34614390416749301","hazelcast/src/test/java/com/hazelcast/config/MyServiceConfig.java","1","0","0","0","6","29","0"
"hazelcast","70d4de16ff0ac4518d09aad8c9f2ad9e782fb337","hazelcast/src/test/java/com/hazelcast/config/MyServiceConfig.java","1","0","0","0","6","29","1"
"hazelcast","287ce2a807b5697e12a97529d63fa3387e06aace","hazelcast/src/main/java/com/hazelcast/map/impl/mapstore/writebehind/StoreListener.java","1","0","0","0","6","34","0"
"hazelcast","fc57b90d69ddf340538b16de42320c379bc1a829","hazelcast/src/main/java/com/hazelcast/nio/tcp/iobalancer/MigrationStrategy.java","1","0","0","0","6","46","0"
"hazelcast","9d55b722a89840755f5781ed8c665b1237ec2b92","hazelcast/src/main/java/com/hazelcast/nio/tcp/iobalancer/MigrationStrategy.java","1","0","0","0","6","47","1"
"elasticsearch","6f1ed8a3d1f55b7c2be0ee6deb1aee281a1858f5","modules/transport-netty4/src/main/java/org/elasticsearch/http/netty4/pipelining/HttpPipelinedResponse.java","1","0","0","0","60","96","1"
"netty","9125060752f5124949e55a6868647c75f88cdb01","handler/src/main/java/io/netty/handler/ssl/util/ThreadLocalInsecureRandom.java","1","0","0","0","61","101","0"
"elasticsearch","149629fec657e9948488195087f30583cd561f11","core/src/main/java/org/elasticsearch/action/search/SearchQueryThenFetchAsyncAction.java","1","0","0","0","61","88","0"
"hazelcast","ed777f64e4d046bb45ae4ee062b463e33526e3ad","hazelcast-client/src/main/java/com/hazelcast/client/spi/ClientContext.java","1","0","0","0","61","93","1"
"elasticsearch","3cc1d272ff3b513adb3bfb8241986dc07e82f2f9","core/src/main/java/org/elasticsearch/index/translog/Checkpoint.java","1","0","0","0","61","94","1"
"hazelcast","4e979b8a74c0c3143aa09a274a1954af03820ffc","hazelcast/src/main/java/com/hazelcast/internal/partition/operation/AbstractPromotionOperation.java","1","0","0","0","61","95","0"
"elasticsearch","2ed1f7a3390420835f9b270d20c5d512ba197827","core/src/main/java/org/elasticsearch/action/search/SearchQueryThenFetchAsyncAction.java","1","0","0","0","63","90","1"
"elasticsearch","149629fec657e9948488195087f30583cd561f11","core/src/main/java/org/elasticsearch/action/search/SearchDfsQueryThenFetchAsyncAction.java","1","0","0","0","63","91","0"
"hazelcast","40ddd41143d152c86066711c2d930b896e2bb556","hazelcast-client/src/test/java/com/hazelcast/client/cache/nearcache/ClientNearCacheTest.java","1","0","0","0","63","96","1"
"elasticsearch","2ed1f7a3390420835f9b270d20c5d512ba197827","core/src/main/java/org/elasticsearch/action/search/SearchDfsQueryThenFetchAsyncAction.java","1","0","0","0","64","92","1"
"elasticsearch","aea97c373c7803d9570cf8de28d5809654f51b41","core/src/main/java/org/elasticsearch/plugins/SitePlugin.java","1","0","0","0","66","104","0"
"orientdb","39a8884d03c0bc49b8ecf655a22fe80646afa1e6","spatial/src/test/java/com/orientechnologies/lucene/test/geo/LuceneSpatialPolygonTest.java","1","0","0","0","66","113","0"
"hazelcast","5bf9e046e54907d3f698fde6a6c8aa9305a3cb87","hazelcast-client/src/test/java/com/hazelcast/client/cache/stats/ClientCacheStatsTest.java","1","0","0","0","66","83","1"
"hazelcast","910169fcb0c17ebd6efb74f516812dcea199049d","hazelcast-client/src/test/java/com/hazelcast/client/ClientRegressionWithRealNetworkTest.java","1","0","0","0","66","97","0"
"hazelcast","bb3ea0e107980d769862cdbda748cc91529d67b5","hazelcast-client/src/main/java/com/hazelcast/client/spi/ClientContext.java","1","0","0","0","66","99","0"
"elasticsearch","49439a09e2c1a69da0fdf034fe9dabf1cc83bf30","modules/elasticsearch/src/main/java/org/elasticsearch/index/shard/recovery/RecoveryFileChunkRequest.java","1","0","0","0","69","108","0"
"hazelcast","1db7424d387f04d32e0bea688b1d0337c6f88c11","hazelcast-client/src/main/java/com/hazelcast/client/connection/Authenticator.java","1","0","0","0","7","39","3"
"elasticsearch","1f04182b8164ffb19f3805c48d67f0375262b317","core/src/main/java/org/elasticsearch/action/admin/indices/mapping/get/GetFieldMappingsIndexRequest.java","1","0","0","0","70","107","0"
"hazelcast","d952e04f172888b73bbc45fd9d450292bf3b70ba","hazelcast-client/src/test/java/com/hazelcast/client/cache/nearcache/ClientNearCacheTest.java","1","0","0","0","71","106","0"
"neo4j","1f22cd0deabcf1e618e4053524cdbfea4940c059","enterprise/core-edge/src/test/java/org/neo4j/coreedge/discovery/SharedDiscoveryCoreClient.java","1","0","0","0","72","104","1"
"hazelcast","c6d10f57996a3883bc84eed7744e7b9fc0f65ea3","hazelcast/src/main/java/com/hazelcast/map/impl/AbstractMapServiceFactory.java","1","0","0","0","73","195","1"
"hazelcast","4d1ed95af678b60a479a0f0148855404e05cca05","hazelcast/src/main/java/com/hazelcast/map/impl/AbstractMapServiceFactory.java","1","0","0","0","74","196","0"
"hazelcast","77bf666fd9c23d8e896d84e6ea0f9df6179b2023","hazelcast-hibernate/hazelcast-hibernate4/src/test/java/com/hazelcast/hibernate/local/LocalRegionCacheTest.java","1","0","0","0","75","99","0"
"hazelcast","4293be6ecc928a21d75861323e7de68bcfcbd581","hazelcast-client/src/test/java/com/hazelcast/client/ClientReconnectTest.java","1","0","0","0","78","108","2"
"hazelcast","4c75dcc1869e89b9ef9cbf8b90fa4481f17114d7","hazelcast-client/src/test/java/com/hazelcast/client/ClientReconnectTest.java","1","0","0","0","78","108","1"
"hazelcast","89d278f650c17e89f5995a68e872e73d0d4b33e1","hazelcast-client/src/test/java/com/hazelcast/client/ClientReconnectTest.java","1","0","0","0","78","108","2"
"hazelcast","2f1f45ee55dd7f2cc96f589e9f61307e5f33c4f4","hazelcast-client/src/test/java/com/hazelcast/client/ClientReconnectTest.java","1","0","0","0","78","108","0"
"hazelcast","7bbd09998bef0e37932583a7daf1c2af924ef532","hazelcast-client/src/test/java/com/hazelcast/client/ClientAuthenticationTest.java","1","0","0","0","78","97","0"
"hazelcast","92a3ac3df25fe775a76b265cb5281cd6174c5ee5","hazelcast-client/src/test/java/com/hazelcast/client/ClientAuthenticationTest.java","1","0","0","0","78","97","0"
"hazelcast","1fe7b04b372715c75a02795aa0b9f8e9fa871b0a","hazelcast-client/src/test/java/com/hazelcast/client/ClientAuthenticationTest.java","1","0","0","0","78","97","1"
"hazelcast","ed00093e880e7f9ed79f308563b641fcb0d0d0d8","hazelcast-client/src/test/java/com/hazelcast/client/cache/stats/ClientCacheStatsTest.java","1","0","0","0","78","98","0"
"hazelcast","6dbf726f876f290ece21edcb4e37af996cecac9d","hazelcast/src/test/java/com/hazelcast/util/executor/CallerRunsExecutor.java","1","0","0","0","8","27","0"
"orientdb","39a8884d03c0bc49b8ecf655a22fe80646afa1e6","spatial/src/test/java/com/orientechnologies/lucene/test/geo/LuceneSpatialQueryRemoteTest.java","1","0","0","0","8","31","0"
"hazelcast","6fa0069fe8656dfccd16b57e133bed417b591146","hazelcast/src/main/java/com/hazelcast/query/impl/IdentityConverter.java","1","0","0","0","8","32","1"
"hazelcast","bb3ea0e107980d769862cdbda748cc91529d67b5","hazelcast-client/src/main/java/com/hazelcast/client/spi/ClientTransactionContext.java","1","0","0","0","8","35","0"
"elasticsearch","25fd9e26c4fb042d6f6dea14efcd239577bdbbc4","core/src/main/java/org/elasticsearch/bootstrap/BootstrapException.java","1","0","0","0","8","44","0"
"neo4j","a773f11325b96d4ef22538f3ceaa1cf81ea24560","enterprise/core-edge/src/main/java/org/neo4j/coreedge/catchup/TrackingResponseHandler.java","1","0","0","0","81","115","1"
"netty","39250873ae7c3d8c1017db11b1f715838f2688f3","transport/src/main/java/io/netty/channel/embedded/EmbeddedEventLoop.java","1","0","0","0","83","119","0"
"elasticsearch","9ca5e6e3e12cf4f13eb6ed0140d9073ba89c61c9","src/main/java/org/elasticsearch/indices/recovery/RecoveryFileChunkRequest.java","1","0","0","0","84","124","1"
"hazelcast","0b99990c091b2e5235b2c7a72b4550327db4260c","hazelcast-client/src/test/java/com/hazelcast/client/ClientReconnectTest.java","1","0","0","0","85","116","2"
"netty","4bba7526e2f58018817972f38279cc232f519100","buffer/src/main/java/io/netty/buffer/UnpooledSlicedByteBuf.java","1","0","0","0","86","127","0"
"netty","e7631867d30e26961e121ca05f5e3c078345984f","buffer/src/main/java/io/netty/buffer/UnpooledSlicedByteBuf.java","1","0","0","0","86","128","1"
"orientdb","39a8884d03c0bc49b8ecf655a22fe80646afa1e6","spatial/src/test/java/com/orientechnologies/lucene/test/geo/LuceneSpatialMultiPolygonTest.java","1","0","0","0","87","143","0"
"hazelcast","16b978ac4b9160247824f12b4a1a03bb4327ba20","hazelcast-spring/src/test/java/com/hazelcast/spring/MyService.java","1","0","0","0","9","33","0"
"hazelcast","44660b284c2c5bb70babc10bc656819986acc21a","hazelcast-spring/src/test/java/com/hazelcast/spring/MyService.java","1","0","0","0","9","33","0"
"hazelcast","d568e4d926d925d57d4e79e34614390416749301","hazelcast/src/test/java/com/hazelcast/config/MyService.java","1","0","0","0","9","33","0"
"hazelcast","70d4de16ff0ac4518d09aad8c9f2ad9e782fb337","hazelcast/src/test/java/com/hazelcast/config/MyService.java","1","0","0","0","9","33","1"
"netty","81e2db10faaf0389f4e1af8c7132210946203157","transport/src/main/java/io/netty/channel/ChannelPropertyAccess.java","1","0","0","0","9","48","0"
"orientdb","39a8884d03c0bc49b8ecf655a22fe80646afa1e6","spatial/src/test/java/com/orientechnologies/lucene/test/geo/LuceneSpatialLineStringTest.java","1","0","0","0","90","141","0"
"hazelcast","51d7586e9767ff8edcdf5502bcfe3e51cd5de62b","hazelcast-client/src/test/java/com/hazelcast/client/ClientConnectionTest.java","1","0","0","0","96","145","0"
"hazelcast","489cc81c4df8815a70ce55529ee3e0820c3dd27d","hazelcast-client/src/test/java/com/hazelcast/client/ClientConnectionTest.java","1","0","0","0","97","144","2"
"neo4j","b3fe6de9253014a4e84eb42f64e80e236e1b9f43","enterprise/cluster/src/main/java/org/neo4j/cluster/protocol/atomicbroadcast/multipaxos/context/AbstractContextImpl.java","1","0","0","0","98","138","0"
"orientdb","39a8884d03c0bc49b8ecf655a22fe80646afa1e6","spatial/src/test/java/com/orientechnologies/lucene/test/geo/LuceneTransactionGeoQueryTest.java","1","0","0","0","98","154","0"
"mcMMO","fb8592495d54013325bf73a1bee771ec242d9315","src/main/java/com/gmail/nossr50/datatypes/database/UpgradeType.java","1","0","0","1","10","12","1"
"hazelcast","5256df4fc08e09d38fef40ec5863756028033cc6","hazelcast/src/test/java/com/hazelcast/query/impl/IndexSplitBrainTest.java","1","0","0","1","105","127","0"
"mcMMO","c10525ada9ed2c0b77c518089a300e3b4e32e7c1","src/main/java/com/gmail/nossr50/datatypes/database/UpgradeType.java","1","0","0","1","11","13","0"
"junit","e012e06dc326394a3a834d974e9af3fea0e6df91","src/main/java/org/junit/experimental/theories/DataPoint.java","1","0","0","1","11","15","1"
"orientdb","e6897e844505bfdfff46cfc91d9e122002f3e6a5","core/src/main/java/com/orientechnologies/orient/core/serialization/serializer/record/binary/ORecordSerializationDebugProperty.java","1","0","0","1","11","16","0"
"netty","3f7b674db8c9c2fc562b95327e089bb3603c9009","codec/src/test/java/io/netty/handler/codec/compression/ZlibCrossTest1.java","1","0","0","1","11","30","0"
"netty","06f64948d5da798ed75c892f6cbba18566857937","buffer/src/test/java/io/netty/buffer/RetainedSlicedByteBufTest.java","1","0","0","1","11","32","0"
"neo4j","269c1c2fa4ded11eb10584c2c5fa55b710cdb1b7","enterprise/server-enterprise/src/test/java/org/neo4j/server/enterprise/EnterpriseBootstrapperTest.java","1","0","0","1","11","33","1"
"neo4j","a93c570faa774c1a40b635b6a3e6d8ccb61a99e8","community/lucene-index/src/test/java/org/neo4j/kernel/api/impl/index/LuceneSchemaIndexProviderTest.java","1","0","0","1","11","33","1"
"neo4j","c17c5b6eab5ed66601aaa2a57ee5d9a4ddb3a09e","enterprise/kernel/src/test/java/org/neo4j/test/rule/ImpermanentEnterpriseDatabaseRule.java","1","0","0","1","11","33","0"
"netty","2f8fe2af01c1bd5f6e02a3a10ea949318705a325","transport-native-epoll/src/test/java/io/netty/channel/epoll/EpollSocketCloseForciblyTest.java","1","0","0","1","12","31","0"
"orientdb","2228c1302483104febb0712814a9865ae5b48cb4","tests/src/test/java/com/orientechnologies/orient/test/internal/io/OClassicFileTest.java","1","0","0","1","12","32","1"
"orientdb","c65031e4a5cae04be6faeaeccb01fb18d3e5fb85","tests/src/test/java/com/orientechnologies/orient/test/internal/io/OClassicFileTest.java","1","0","0","1","12","32","1"
"netty","2a6ed67efc4ffb15647313b82e450a3951a6a3bd","transport-native-epoll/src/test/java/io/netty/channel/epoll/EpollSocketStartTlsTest.java","1","0","0","1","12","32","1"
"orientdb","7d92a6b03b707e81490ef22a1fa23a1017918c3d","tests/src/test/java/com/orientechnologies/orient/test/internal/io/OClassicFileTest.java","1","0","0","1","12","32","0"
"neo4j","e6f84e88fecffdd2dd28e4ee978d77df94914908","community/lucene-index/src/test/java/org/neo4j/kernel/api/impl/schema/LuceneSchemaIndexProviderTest.java","1","0","0","1","12","34","1"
"elasticsearch","3918072362984976a68966a29359d49c01eee043","plugins/store-smb/src/test/java/org/elasticsearch/index/store/SmbMMapDirectoryTests.java","1","0","0","1","12","35","0"
"elasticsearch","3918072362984976a68966a29359d49c01eee043","plugins/store-smb/src/test/java/org/elasticsearch/index/store/SmbSimpleFSDirectoryTests.java","1","0","0","1","12","35","0"
"elasticsearch","7a469538bca9c7db04437ed6ad002ab02273458c","core/src/main/java/org/elasticsearch/monitor/os/DummyOsInfo.java","1","0","0","1","12","35","0"
"neo4j","ebaf8617fdfdd21fdac69e479d938a8966fb5156","enterprise/security/src/test/java/org/neo4j/server/security/enterprise/auth/EmbeddedAuthProceduresInteractionTest.java","1","0","0","1","12","35","1"
"elasticsearch","e9f05eed802b4e99f7004bfb5413dacee3e2001a","src/main/java/org/elasticsearch/search/aggregations/metrics/MetricsAggregator.java","1","0","0","1","12","36","0"
"orientdb","9a3b8bba6a3a354ea9ceac8be37b8eaa35d8ccfd","core/src/main/java/com/orientechnologies/common/console/annotation/ConsoleCommand.java","1","0","0","1","12","37","0"
"elasticsearch","06e526ba5805e5ea34dc8ca7db8414fda3c0b838","core/src/main/java/org/elasticsearch/bootstrap/BootstrapSettings.java","1","0","0","1","12","44","0"
"orientdb","de410aa8d3455b55f3c39e49780136c0b6c5e64b","tests/src/test/java/com/orientechnologies/orient/test/internal/io/OClassicFileTest.java","1","0","0","1","13","33","0"
"elasticsearch","90c2b3a384c036e7f9345b2586e69fda056387fd","core/src/test/java/org/elasticsearch/index/mapper/core/DoubleFieldTypeTests.java","1","0","0","1","13","35","1"
"elasticsearch","90c2b3a384c036e7f9345b2586e69fda056387fd","core/src/test/java/org/elasticsearch/index/mapper/core/FloatFieldTypeTests.java","1","0","0","1","13","35","1"
"elasticsearch","90c2b3a384c036e7f9345b2586e69fda056387fd","core/src/test/java/org/elasticsearch/index/mapper/core/BooleanFieldTypeTests.java","1","0","0","1","13","35","1"
"elasticsearch","90c2b3a384c036e7f9345b2586e69fda056387fd","core/src/test/java/org/elasticsearch/index/mapper/core/LongFieldTypeTests.java","1","0","0","1","13","35","1"
"elasticsearch","90c2b3a384c036e7f9345b2586e69fda056387fd","core/src/test/java/org/elasticsearch/index/mapper/core/IntegerFieldTypeTests.java","1","0","0","1","13","35","1"
"elasticsearch","90c2b3a384c036e7f9345b2586e69fda056387fd","core/src/test/java/org/elasticsearch/index/mapper/core/ByteFieldTypeTests.java","1","0","0","1","13","35","1"
"elasticsearch","90c2b3a384c036e7f9345b2586e69fda056387fd","core/src/test/java/org/elasticsearch/index/mapper/core/ShortFieldTypeTests.java","1","0","0","1","13","35","1"
"elasticsearch","fc840407db5f8556ffacc431c5b22fbcbb4ecfcd","core/src/test/java/org/elasticsearch/index/mapper/core/ShortFieldTypeTests.java","1","0","0","1","13","35","1"
"elasticsearch","fc840407db5f8556ffacc431c5b22fbcbb4ecfcd","core/src/test/java/org/elasticsearch/index/mapper/core/ByteFieldTypeTests.java","1","0","0","1","13","35","1"
"elasticsearch","fc840407db5f8556ffacc431c5b22fbcbb4ecfcd","core/src/test/java/org/elasticsearch/index/mapper/core/LongFieldTypeTests.java","1","0","0","1","13","35","1"
"elasticsearch","fc840407db5f8556ffacc431c5b22fbcbb4ecfcd","core/src/test/java/org/elasticsearch/index/mapper/core/DoubleFieldTypeTests.java","1","0","0","1","13","35","1"
"elasticsearch","fc840407db5f8556ffacc431c5b22fbcbb4ecfcd","core/src/test/java/org/elasticsearch/index/mapper/core/BooleanFieldTypeTests.java","1","0","0","1","13","35","1"
"elasticsearch","fc840407db5f8556ffacc431c5b22fbcbb4ecfcd","core/src/test/java/org/elasticsearch/index/mapper/core/FloatFieldTypeTests.java","1","0","0","1","13","35","1"
"elasticsearch","fc840407db5f8556ffacc431c5b22fbcbb4ecfcd","core/src/test/java/org/elasticsearch/index/mapper/core/IntegerFieldTypeTests.java","1","0","0","1","13","35","1"
"neo4j","4d3b5cd40762b26828c47787e6547cc1ea90238b","community/kernel/src/main/java/org/neo4j/kernel/api/StatementConstants.java","1","0","0","1","13","35","0"
"neo4j","c6df52ac56269552d27f572a2af61ddce5a9095c","enterprise/causal-clustering/src/main/java/org/neo4j/causalclustering/catchup/storecopy/FileChunkEncoder.java","1","0","0","1","13","36","0"
"elasticsearch","d60500f22e9b11ed195c6ced5381ad19f37b8bb4","src/test/java/org/elasticsearch/index/fielddata/SortedSetDVStringFieldDataTests.java","1","0","0","1","13","37","0"
"elasticsearch","2791c699601f7294fa342b51eb27f4266dc1acb2","plugins/analysis-stempel/src/test/java/org/elasticsearch/index/analysis/AnalysisPolishFactoryTests.java","1","0","0","1","13","38","2"
"orientdb","d509ecc1ee8bd9dbd2aa57e78ff27deddf01ee82","core/src/main/java/com/orientechnologies/common/console/annotation/ConsoleCommand.java","1","0","0","1","13","39","0"
"netty","9d42acbc2af596da834d84b75a0a9aef73f2ff0d","transport/src/test/java/io/netty/channel/socket/aio/AioEventLoopTest.java","1","0","0","1","14","33","0"
"hazelcast","fb6700346872da3eac002c3d2157b9a7da728fa2","hazelcast/src/test/java/com/hazelcast/map/impl/record/ObjectRecordComparatorTest.java","1","0","0","1","14","34","0"
"netty","e7631867d30e26961e121ca05f5e3c078345984f","buffer/src/test/java/io/netty/buffer/RetainedSlicedByteBufTest.java","1","0","0","1","14","35","1"
"elasticsearch","2ccc223ff761043807683f34b29c693af6c94d95","core/src/test/java/org/elasticsearch/index/refresh/RefreshStatsTests.java","1","0","0","1","14","38","0"
"neo4j","6b75a9235ea38e0c47caacd25cc919023c0c958b","community/lucene-index/src/test/java/org/neo4j/kernel/api/impl/index/backup/WritableIndexSnapshotFileIteratorTest.java","1","0","0","1","14","39","0"
"elasticsearch","de243493c9a31354d742c34a66817e8a06798026","src/main/java/org/elasticsearch/index/settings/IndexDynamicSettings.java","1","0","0","1","14","40","0"
"neo4j","33551c86c7a88b7906f21cf3759a4de5b8cae92f","enterprise/core-edge/src/main/java/org/neo4j/coreedge/server/CoreEdgeClusterSettings.java","1","0","0","1","143","202","0"
"neo4j","4befe29458cb112c787fc218f1473a3344a4fe0d","enterprise/core-edge/src/main/java/org/neo4j/coreedge/server/CoreEdgeClusterSettings.java","1","0","0","1","146","206","1"
"hazelcast","d568e4d926d925d57d4e79e34614390416749301","hazelcast/src/test/java/com/hazelcast/cache/merge/LatestAccessCacheMergePolicyTest.java","1","0","0","1","15","20","0"
"hazelcast","1b24dfd09e973a0a5ac02b1fd118a1acdf5987ba","hazelcast-wm/src/test/java/com/hazelcast/wm/test/Value.java","1","0","0","1","15","35","0"
"hazelcast","a36ac6ede30616fc2b702bdd7d0d164df0888372","hazelcast-wm/src/test/java/com/hazelcast/wm/test/Value.java","1","0","0","1","15","35","0"
"netty","077a1988b9c96b5f3e5693a3bb1b2e118992f3a8","transport/src/test/java/io/netty/channel/nio/NioEventLoopTest.java","1","0","0","1","15","35","0"
"hazelcast","21c679e8a1c8226ecb3d7597b48a6bbd2d011a52","hazelcast-wm/src/test/java/com/hazelcast/wm/test/Value.java","1","0","0","1","15","35","1"
"neo4j","86273a1afea70eb41cd5825a3093370c6f8692c8","enterprise/causal-clustering/src/main/java/org/neo4j/causalclustering/catchup/storecopy/FileHeaderEncoder.java","1","0","0","1","15","38","1"
"neo4j","9c79c33600e5511ac1320496d1bdd614808a973c","enterprise/core-edge/src/main/java/org/neo4j/coreedge/server/CoreEdgeClusterSettings.java","1","0","0","1","158","220","1"
"hazelcast","d917acc1c9d03426d5c08254bdb05f134c00e794","hazelcast/src/test/java/com/hazelcast/collection/impl/set/SetBasicLocalTest.java","1","0","0","1","16","19","1"
"hazelcast","d917acc1c9d03426d5c08254bdb05f134c00e794","hazelcast/src/test/java/com/hazelcast/collection/impl/set/SetBasicDistributedTest.java","1","0","0","1","16","20","1"
"hazelcast","929d07c17f918ee0901baef20651c04cf058dd31","hazelcast/src/test/java/com/hazelcast/cache/merge/HigherHitsCacheMergePolicyTest.java","1","0","0","1","16","22","1"
"netty","2a6ed67efc4ffb15647313b82e450a3951a6a3bd","common/src/main/java/io/netty/util/internal/EmptyArrays.java","1","0","0","1","16","37","1"
"netty","2fbce6d470862b8896a44cddf1a061b3b738d206","buffer/src/test/java/io/netty/buffer/AbstractPooledByteBufTest.java","1","0","0","1","16","38","1"
"neo4j","c6df52ac56269552d27f572a2af61ddce5a9095c","enterprise/causal-clustering/src/main/java/org/neo4j/causalclustering/catchup/storecopy/FileHeaderEncoder.java","1","0","0","1","16","39","0"
"elasticsearch","0e8d7582ec3ceb13213e39678f8640ff13f24403","plugins/repository-s3/src/test/java/org/elasticsearch/repositories/s3/S3BlobStoreContainerTests.java","1","0","0","1","16","40","2"
"elasticsearch","1f04182b8164ffb19f3805c48d67f0375262b317","plugins/cloud-azure/src/main/java/org/elasticsearch/cloud/azure/management/AzureComputeSettingsFilter.java","1","0","0","1","16","41","0"
"neo4j","886dbb454deaae6adcb4ff26e76f6e225eedca55","enterprise/core-edge/src/main/java/org/neo4j/coreedge/server/CoreEdgeClusterSettings.java","1","0","0","1","161","224","0"
"netty","cd0b5ec2db593d45c96bd6b55b0024042534af04","codec/src/test/java/io/netty/handler/codec/marshalling/RiverMarshallingDecoderTest.java","1","0","0","1","17","38","1"
"netty","cd0b5ec2db593d45c96bd6b55b0024042534af04","codec/src/test/java/io/netty/handler/codec/marshalling/SerialMarshallingDecoderTest.java","1","0","0","1","17","38","1"
"hazelcast","5c695f915d3d5ec0116cccdbde70b3551f5dcb5a","hazelcast/src/test/java/com/hazelcast/cache/CacheIteratorTest.java","1","0","0","1","17","38","0"
"neo4j","86273a1afea70eb41cd5825a3093370c6f8692c8","enterprise/causal-clustering/src/main/java/org/neo4j/causalclustering/catchup/storecopy/FileHeaderDecoder.java","1","0","0","1","17","40","1"
"hazelcast","49bc95f245df5503b44ba497a51ae534883f2f4f","hazelcast/src/test/java/com/hazelcast/cache/CacheBasicServerTest.java","1","0","0","1","17","41","1"
"hazelcast","744c1e4f63f0af99d736812cc078c2e7ae4348ae","hazelcast/src/test/java/com/hazelcast/cache/CacheBasicServerTest.java","1","0","0","1","17","41","1"
"hazelcast","5c695f915d3d5ec0116cccdbde70b3551f5dcb5a","hazelcast/src/test/java/com/hazelcast/cache/CacheBasicServerTest.java","1","0","0","1","17","41","0"
"elasticsearch","371c73e14023917f3892090d2d3d7ff9ac1216b9","core/src/main/java/org/elasticsearch/bootstrap/BootstrapSettings.java","1","0","0","1","17","44","3"
"elasticsearch","78574d248cf10dad1c5a566fda79e1e0c94afe43","core/src/main/java/org/elasticsearch/bootstrap/BootstrapSettings.java","1","0","0","1","17","44","2"
"elasticsearch","e6aaaf11ed4a1b8f595f920de1840938eddb7a97","core/src/main/java/org/elasticsearch/bootstrap/BootstrapSettings.java","1","0","0","1","17","44","2"
"elasticsearch","a60b8948ba1d836a6eac7cff095519e618939ed8","core/src/main/java/org/elasticsearch/bootstrap/BootstrapSettings.java","1","0","0","1","17","44","0"
"hazelcast","2510ac6c3f371032d6aceabd20dac63be71957ee","hazelcast-client/src/main/java/com/hazelcast/client/spi/ClientInvocationService.java","1","0","0","1","17","49","0"
"netty","d2683c391149332733017aed2aece6ff6de7c4f6","codec-http/src/main/java/io/netty/handler/codec/http/HttpConstants.java","1","0","0","1","17","78","1"
"ceylon-ide-eclipse","6dc45ff3fafa8f0e59977c0291ddec7f97efaede","plugins/com.redhat.ceylon.eclipse.ui/src/com/redhat/ceylon/eclipse/ui/CeylonResources.java","1","0","0","1","173","206","1"
"ceylon-ide-eclipse","1cfcc411e9affda9de0b72cd43a67f5ec3bb327a","plugins/com.redhat.ceylon.eclipse.ui/src/com/redhat/ceylon/eclipse/ui/CeylonResources.java","1","0","0","1","174","207","0"
"junit","ee4403455a9573a67668da695fea223f77606326","src/test/java/org/junit/tests/junit3compatibility/AllJUnit3CompatibilityTests.java","1","0","0","1","18","21","1"
"neo4j","c6df52ac56269552d27f572a2af61ddce5a9095c","enterprise/causal-clustering/src/main/java/org/neo4j/causalclustering/catchup/storecopy/FileHeaderDecoder.java","1","0","0","1","18","42","0"
"hazelcast","be3f80e6a3056f8f42d2a644ca3feaae69403114","hazelcast-client/src/main/java/com/hazelcast/client/spi/ClientInvocationService.java","1","0","0","1","18","51","2"
"netty","fd27c403d363f5c5c481e558b07766a9407f9e35","codec-http/src/main/java/io/netty/handler/codec/http/HttpConstants.java","1","0","0","1","18","83","0"
"neo4j","2dce9b701631b41aa14f4d8ff186c708b57abd1e","enterprise/core-edge/src/main/java/org/neo4j/coreedge/core/CoreEdgeClusterSettings.java","1","0","0","1","183","259","0"
"neo4j","5e8fd553e4e127000734e31d43f5623eea742f7d","enterprise/core-edge/src/main/java/org/neo4j/coreedge/core/CoreEdgeClusterSettings.java","1","0","0","1","189","267","1"
"junit","25495b3e91e346121e3292e8e01a3cc085b644f3","src/test/java/org/junit/tests/junit3compatibility/AllJUnit3CompatibilityTests.java","1","0","0","1","19","22","0"
"junit","c07965ab1b232b04a13ea84fdbcdd8be04ea0182","src/test/java/org/junit/internal/AllInternalTests.java","1","0","0","1","20","23","2"
"mcMMO","8dfa8c20f32e391c3d299abc51514a6601ed6e80","src/main/java/com/gmail/nossr50/skills/swords/SerratedStrikesEventHandler.java","1","0","0","1","20","26","4"
"netty","30a293c74baec21c1f5688ba0a8e8cb34bf00869","transport-sctp/src/main/test/io/netty/channel/sctp/oio/OioSctpLimitStreamsTest.java","1","0","0","1","20","40","0"
"elasticsearch","046abdc281c321cd2128ee7684c0edfcaca07203","test/framework/src/test/java/org/elasticsearch/transport/MockTcpTransportTests.java","1","0","0","1","20","42","2"
"elasticsearch","22e63b478306fb3cab6ba8967db6e1f2b73cdfd8","test/framework/src/test/java/org/elasticsearch/transport/MockTcpTransportTests.java","1","0","0","1","20","42","1"
"elasticsearch","e74d02138f02a66331b2611b5e70a908bb49cb97","test/framework/src/test/java/org/elasticsearch/transport/MockTcpTransportTests.java","1","0","0","1","20","42","0"
"junit","e6a20043db694056ac00456f6076091012ecba87","src/test/java/org/junit/internal/AllInternalTests.java","1","0","0","1","21","24","1"
"hazelcast","0deba7ff1ee19a1c74054acfb9b821c81a2aa7e4","hazelcast/src/test/java/com/hazelcast/internal/diagnostics/AbstractDiagnosticsPluginTest.java","1","0","0","1","21","30","1"
"titan","91e762bccc8de3a1b2ef2dea53d22bc3f56c7905","titan-es/src/main/java/com/thinkaurelius/titan/diskstorage/es/ElasticSearchConstants.java","1","0","0","1","22","32","0"
"orientdb","a5056da587504ed30cc24efee387c0772d289346","core/src/main/java/com/orientechnologies/orient/core/sql/parser/OrientSqlTreeConstants.java","1","0","0","1","232","238","0"
"orientdb","693119e3f1dab4ea8b67a35575ba1f7d1c0a970b","core/src/main/java/com/orientechnologies/orient/core/sql/parser/OrientSqlTreeConstants.java","1","0","0","1","234","240","1"
"orientdb","8fb63ddaef6dae34deacb49f4131b08b5a088e31","core/src/main/java/com/orientechnologies/orient/core/sql/parser/OrientSqlTreeConstants.java","1","0","0","1","234","240","1"
"orientdb","bbbb777e4073e4214e47e2134379d96dcb54486a","core/src/main/java/com/orientechnologies/orient/core/sql/parser/OrientSqlTreeConstants.java","1","0","0","1","234","240","2"
"orientdb","df627b33960e37bfbf837d438d32748f0110c0f7","core/src/main/java/com/orientechnologies/orient/core/sql/parser/OrientSqlTreeConstants.java","1","0","0","1","234","240","0"
"orientdb","f2c3273e9f37bffc0c99099735b1a09364360430","core/src/main/java/com/orientechnologies/orient/core/sql/parser/OrientSqlTreeConstants.java","1","0","0","1","234","240","0"
"junit","a29f45a3be64caa53feee6f6cc4d70cc43542362","src/test/java/org/junit/internal/AllInternalTests.java","1","0","0","1","24","27","0"
"hazelcast","9fcd3bc069abfeafc7517d613b87aa689c2ab494","hazelcast/src/test/java/com/hazelcast/cache/CacheBasicServerTest.java","1","0","0","1","24","47","0"
"hazelcast","4653486efe9e76439d1f23021ab16bc287ac9bfa","hazelcast-client/src/main/java/com/hazelcast/client/util/ClientCancellableDelegatingFuture.java","1","0","0","1","27","59","1"
"orientdb","f13e93face1ed758328d0172611feb8184ed0323","core/src/main/java/com/orientechnologies/orient/core/sql/parser/OrientSqlTreeConstants.java","1","0","0","1","272","278","1"
"orientdb","af83d394d604c2287c703c4a01b53479bede595a","core/src/main/java/com/orientechnologies/orient/core/sql/parser/OrientSqlTreeConstants.java","1","0","0","1","274","280","0"
"mcMMO","87df536a1f09da85c98252e3d22938ac2e15f6ca","src/main/java/com/gmail/nossr50/commands/experience/AddlevelsCommand.java","1","0","0","1","28","36","1"
"BroadleafCommerce","28c29c993d37f222bc59daf04799764a6d2b199b","admin/broadleaf-open-admin-platform/src/main/java/org/broadleafcommerce/openadmin/web/form/component/DefaultListGridActions.java","1","0","0","1","28","55","2"
"hazelcast","eed2a8c40d592a8e99645faac48f99069eaeaab2","hazelcast/src/main/java/com/hazelcast/client/impl/protocol/template/TemplateConstants.java","1","0","0","1","29","49","1"
"netty","2c390ae66b42fc7f28e3aa3b5f6eebdd1fd1cbfc","transport-native-epoll/src/main/java/io/netty/channel/epoll/EpollChannelOption.java","1","0","0","1","29","52","0"
"elasticsearch","9c3e4d6e228a16aa6660b77f80797999a8ee629f","modules/transport-netty3/src/test/java/org/elasticsearch/rest/Netty3HeadBodyIsEmptyIT.java","1","0","0","1","3","24","0"
"MapDB","72649e80593c3f1fa476c951397a2c9dca467a9c","src/test/java/org/mapdb/StoreCacheHashTableTest.java","1","0","0","1","30","36","1"
"hazelcast","c283f04cab711308ed3018d4e448e35b9061e0d2","hazelcast/src/main/java/com/hazelcast/client/impl/protocol/template/TemplateConstants.java","1","0","0","1","30","50","0"
"MapDB","00a8930ff0dbd0cf3cc9520013037706899b867d","src/test/java/org/mapdb/StoreCacheHashTableTest.java","1","0","0","1","31","37","0"
"neo4j","1c6e22fad95ec037f0b9c6fd7a9fadb18e8384d1","community/server/src/test/java/org/neo4j/server/rest/transactional/TxStateCheckerTestSupport.java","1","0","0","1","31","59","0"
"hazelcast","9fcd3bc069abfeafc7517d613b87aa689c2ab494","hazelcast-client-new/src/test/java/com/hazelcast/client/cache/CacheBasicClientTest.java","1","0","0","1","32","57","0"
"hazelcast","49bc95f245df5503b44ba497a51ae534883f2f4f","hazelcast-client-new/src/test/java/com/hazelcast/client/cache/CacheBasicClientTest.java","1","0","0","1","32","60","1"
"neo4j","9c79c33600e5511ac1320496d1bdd614808a973c","enterprise/core-edge/src/test/java/org/neo4j/coreedge/raft/log/segmented/SegmentedRaftLogVerificationIT.java","1","0","0","1","32","62","1"
"neo4j","886dbb454deaae6adcb4ff26e76f6e225eedca55","enterprise/core-edge/src/test/java/org/neo4j/coreedge/raft/log/segmented/SegmentedRaftLogVerificationIT.java","1","0","0","1","33","63","0"
"orientdb","dc98f1d563ba88ca4a326d1fed2c83202427b54e","core/src/main/java/com/orientechnologies/orient/core/sql/parser/OrientSqlTreeConstants.java","1","0","0","1","346","352","0"
"orientdb","27545d6bac96e9ee001fe05121b9ece6c8da5c89","core/src/main/java/com/orientechnologies/orient/core/sql/parser/OrientSqlTreeConstants.java","1","0","0","1","348","354","0"
"orientdb","8ce5456de7d0df59426a846c3c950dc946c62ebc","core/src/main/java/com/orientechnologies/orient/core/sql/parser/OrientSqlTreeConstants.java","1","0","0","1","350","356","0"
"orientdb","62eb95b6bfd366e8a94d2f89fcc245f3acafd0c0","core/src/main/java/com/orientechnologies/orient/core/sql/parser/OrientSqlTreeConstants.java","1","0","0","1","352","358","0"
"hazelcast","f13b7fabf6b521b1d29157dc8ba0e5b62be86e0d","hazelcast/src/main/java/com/hazelcast/client/PartitionClientRequest.java","1","0","0","1","37","67","1"
"hazelcast","ea6df5b26c649fe055f90ebd8edfb6395649a658","hazelcast/src/main/java/com/hazelcast/internal/serialization/impl/SerializationConstants.java","1","0","0","1","40","102","1"
"hazelcast","237ded5a5370be91f04df1fc1208e3a4d8727ba1","hazelcast/src/main/java/com/hazelcast/internal/serialization/impl/SerializationConstants.java","1","0","0","1","40","106","0"
"hazelcast","fb6700346872da3eac002c3d2157b9a7da728fa2","hazelcast/src/test/java/com/hazelcast/map/impl/record/DataRecordFactoryTest.java","1","0","0","1","40","66","0"
"elasticsearch","1f04182b8164ffb19f3805c48d67f0375262b317","core/src/main/java/org/elasticsearch/action/admin/indices/validate/template/TransportRenderSearchTemplateAction.java","1","0","0","1","40","68","0"
"elasticsearch","821021f0e478ca44d828e62c139ea19f0fd7290a","core/src/main/java/org/elasticsearch/action/admin/indices/validate/template/TransportRenderSearchTemplateAction.java","1","0","0","1","40","68","0"
"elasticsearch","467a459f95d8709379bf3e7f415644b246a89dba","core/src/main/java/org/elasticsearch/action/admin/indices/validate/template/TransportRenderSearchTemplateAction.java","1","0","0","1","40","68","1"
"hazelcast","18d273936c6e3a87d41e36a60d4cc8953652930d","hazelcast/src/main/java/com/hazelcast/client/PartitionClientRequest.java","1","0","0","1","41","71","0"
"hazelcast","324c12ca123c52820e6a271c2095649a57a9844f","hazelcast-client/src/test/java/com/hazelcast/client/test/ClientTestSupport.java","1","0","0","1","41","78","2"
"hazelcast","2ae993668ae0897d3d7e6c907baff63ddaffe900","hazelcast/src/main/java/com/hazelcast/client/PartitionClientRequest.java","1","0","0","1","43","73","2"
"neo4j","c565fd94f62826af7e334282f0975a6f3d0e7f01","community/kernel/src/test/java/org/neo4j/kernel/api/KernelTransactionFactory.java","1","0","0","1","44","68","2"
"neo4j","99abe5c4afa2f26034fa586114f10589e685e985","community/kernel/src/test/java/org/neo4j/kernel/api/KernelTransactionFactory.java","1","0","0","1","48","72","1"
"elasticsearch","78574d248cf10dad1c5a566fda79e1e0c94afe43","core/src/main/java/org/elasticsearch/action/ingest/SimulateDocumentResult.java","1","0","0","1","5","27","1"
"elasticsearch","e6aaaf11ed4a1b8f595f920de1840938eddb7a97","core/src/main/java/org/elasticsearch/action/ingest/SimulateDocumentResult.java","1","0","0","1","5","27","1"
"elasticsearch","a60b8948ba1d836a6eac7cff095519e618939ed8","core/src/main/java/org/elasticsearch/action/ingest/SimulateDocumentResult.java","1","0","0","1","5","27","0"
"ceylon-ide-eclipse","034391f15be8f6a64ba90641ecaf7581941ff85e","plugins/com.redhat.ceylon.eclipse.ui/src/com/redhat/ceylon/eclipse/code/navigator/CeylonElementSorter.java","1","0","0","1","5","9","0"
"hazelcast","93fd800d6c6f6781ef95536bba7e2b200fe9678d","hazelcast-client/src/test/java/com/hazelcast/client/test/ClientTestSupport.java","1","0","0","1","52","91","2"
"hazelcast","b0a815f459c18eed67fcd6e4bf122bad043ef8a5","hazelcast-client/src/test/java/com/hazelcast/client/test/ClientTestSupport.java","1","0","0","1","52","91","1"
"hazelcast","da8888f97af74b4590dfc1dce3d0bdeb44654000","hazelcast-client/src/test/java/com/hazelcast/client/test/ClientTestSupport.java","1","0","0","1","52","91","0"
"MapDB","151f856bdfd4d74e464459994ceb84e1daa61aba","src/test/java/org/mapdb/StorageDirectRAFTest.java","1","0","0","1","6","9","0"
"neo4j","9fa74cb9b7c994f3deaa0a9047f4cf5c5bc666a0","enterprise/kernel/src/test/java/org/neo4j/kernel/impl/storemigration/participant/StoreMigratorTest.java","1","0","0","1","62","96","1"
"oryx","49c1ead1c67cc8b980a4be36cff731a14ba4f3fb","framework/oryx-lambda/src/test/java/com/cloudera/oryx/lambda/speed/AbstractSpeedIT.java","1","0","0","1","67","108","0"
"oryx","d6687d2eb4391d042aa1d5e80653326e501b0fed","framework/oryx-lambda/src/test/java/com/cloudera/oryx/lambda/speed/AbstractSpeedIT.java","1","0","0","1","69","110","1"
"orientdb","d32e56c226987897e3d464c862290d1e8360c977","core/src/main/java/com/orientechnologies/orient/core/storage/impl/local/paginated/OClusterPageDebug.java","1","0","0","1","7","11","0"
"netty","9ac430f16fec1d3b0d0e433b953c0197d70dff10","codec-http2/src/test/java/io/netty/handler/codec/http2/WeightedFairQueueRemoteFlowControllerTest.java","1","0","0","1","7","23","0"
"neo4j","54566ea255bb6588d25b804afd898b1650db4154","community/shell/src/main/java/org/neo4j/shell/kernel/apps/cypher/Call.java","1","0","0","1","7","29","0"
"BroadleafCommerce","58d8258a56593bc913efa9aa60d0ca5f8f173bd8","common/src/main/java/org/broadleafcommerce/common/extension/ExtensionResultStatusType.java","1","0","0","1","7","56","0"
"oryx","8a1a39f9422c6139c5b5aabb76bbfde45b32d272","oryx-lambda/src/test/java/com/cloudera/oryx/lambda/speed/AbstractSpeedIT.java","1","0","0","1","70","108","0"
"oryx","2ca76e7a17cb7b04c628a6e7322fd66328caf514","oryx-lambda/src/test/java/com/cloudera/oryx/lambda/speed/AbstractSpeedIT.java","1","0","0","1","72","114","0"
"hazelcast","dfd6aa4e74318ff9153409b52206e6e453096ce3","hazelcast-client/src/test/java/com/hazelcast/client/osgi/ClientCheckDependenciesIT.java","1","0","0","1","8","12","1"
"netty","16be36a55fded330a92a4869e127b6b7249c6d13","codec-http/src/test/java/io/netty/handler/codec/http/websocketx/WebSocketClientHandshaker08Test.java","1","0","0","1","8","26","0"
"netty","16be36a55fded330a92a4869e127b6b7249c6d13","codec-http/src/test/java/io/netty/handler/codec/http/websocketx/WebSocketClientHandshaker13Test.java","1","0","0","1","8","26","0"
"netty","c71dc9d4b67bb8486caeb2fb4fbfcf8f094c7291","buffer/src/test/java/io/netty/buffer/ReadOnlyByteBufferBufTest.java","1","0","0","1","8","26","0"
"netty","f31be51774f49091020a007b0537fa30a99bad0c","codec-http/src/test/java/io/netty/handler/codec/http/websocketx/WebSocketClientHandshaker00Test.java","1","0","0","1","8","26","0"
"netty","f31be51774f49091020a007b0537fa30a99bad0c","codec-http/src/test/java/io/netty/handler/codec/http/websocketx/WebSocketClientHandshaker13Test.java","1","0","0","1","8","26","0"
"netty","f31be51774f49091020a007b0537fa30a99bad0c","codec-http/src/test/java/io/netty/handler/codec/http/websocketx/WebSocketClientHandshaker08Test.java","1","0","0","1","8","26","0"
"netty","f31be51774f49091020a007b0537fa30a99bad0c","codec-http/src/test/java/io/netty/handler/codec/http/websocketx/WebSocketClientHandshaker07Test.java","1","0","0","1","8","26","0"
"netty","3288cacf8dee818a7432b3baae41d617ba168b96","codec-http/src/test/java/io/netty/handler/codec/http/websocketx/WebSocketClientHandshaker13Test.java","1","0","0","1","8","26","1"
"netty","3288cacf8dee818a7432b3baae41d617ba168b96","codec-http/src/test/java/io/netty/handler/codec/http/websocketx/WebSocketClientHandshaker07Test.java","1","0","0","1","8","26","1"
"netty","3288cacf8dee818a7432b3baae41d617ba168b96","codec-http/src/test/java/io/netty/handler/codec/http/websocketx/WebSocketClientHandshaker08Test.java","1","0","0","1","8","26","1"
"netty","bbcab32874711f856040a47ee8e45cfbf4b29846","buffer/src/test/java/io/netty/buffer/ReadOnlyByteBufferBufTest.java","1","0","0","1","8","26","1"
"elasticsearch","13a347239a48d71486692a72c066e940dec8921b","core/src/main/java/org/elasticsearch/search/DefaultSearchServiceModule.java","1","0","0","1","8","32","2"
"elasticsearch","6b23ee80404ea8cb143abd776968854e263275b9","core/src/test/java/org/elasticsearch/search/aggregations/pipeline/bucketmetrics/SumBucketTests.java","1","0","0","1","8","33","2"
"hazelcast","e1b69c53ca4923affcd7722f012a80e32517e988","hazelcast/src/main/java/com/hazelcast/internal/cluster/Versions.java","1","0","0","1","8","36","0"
"orientdb","d32e56c226987897e3d464c862290d1e8360c977","core/src/main/java/com/orientechnologies/orient/core/storage/impl/local/paginated/OPaginatedClusterDebug.java","1","0","0","1","9","14","0"
"orientdb","e6897e844505bfdfff46cfc91d9e122002f3e6a5","core/src/main/java/com/orientechnologies/orient/core/serialization/serializer/record/binary/ORecordSerializationDebug.java","1","0","0","1","9","14","0"
"orientdb","e6897e844505bfdfff46cfc91d9e122002f3e6a5","core/src/main/java/com/orientechnologies/orient/core/storage/impl/local/paginated/OPaginatedClusterDebug.java","1","0","0","1","9","14","0"
"hazelcast","68a3a200050b20a56ace06c324564dba85ae2d26","hazelcast/src/test/java/com/hazelcast/cluster/OffsetJumpingSystemClock.java","1","0","0","1","9","14","1"
"hazelcast","b97e91fdb1ae20f2064c7fc49f2b24a6ac67f945","hazelcast-wm/src/test/java/com/hazelcast/wm/test/DelegatedRunWith.java","1","0","0","1","9","15","0"
"elasticsearch","90c2b3a384c036e7f9345b2586e69fda056387fd","core/src/test/java/org/elasticsearch/index/mapper/core/CompletionFieldTypeTests.java","1","0","0","1","9","30","1"
"elasticsearch","101ea31fdffda1d6245dde29e86f8e6ede694a04","src/main/java/org/elasticsearch/search/aggregations/metrics/MetricsAggregator.java","1","0","0","1","9","32","1"
"elasticsearch","13a347239a48d71486692a72c066e940dec8921b","plugins/cloud-azure/src/main/java/org/elasticsearch/index/store/smbsimplefs/SmbSimpleFsIndexStoreModule.java","1","0","0","1","9","32","2"
"elasticsearch","13a347239a48d71486692a72c066e940dec8921b","plugins/cloud-azure/src/main/java/org/elasticsearch/index/store/smbmmapfs/SmbMmapFsIndexStoreModule.java","1","0","0","1","9","32","2"
"elasticsearch","371c73e14023917f3892090d2d3d7ff9ac1216b9","core/src/main/java/org/elasticsearch/action/admin/indices/shrink/ShrinkResponse.java","1","0","0","1","9","32","3"
"elasticsearch","78574d248cf10dad1c5a566fda79e1e0c94afe43","core/src/main/java/org/elasticsearch/action/admin/indices/shrink/ShrinkResponse.java","1","0","0","1","9","32","2"
"elasticsearch","a91b3fcbb9e493c3aac9b46723c8dcad2c23a3ae","plugins/mapper-murmur3/src/main/java/org/elasticsearch/plugin/mapper/MapperMurmur3IndexModule.java","1","0","0","1","9","32","1"
"elasticsearch","e6aaaf11ed4a1b8f595f920de1840938eddb7a97","core/src/main/java/org/elasticsearch/action/admin/indices/shrink/ShrinkResponse.java","1","0","0","1","9","32","2"
"elasticsearch","25fd9e26c4fb042d6f6dea14efcd239577bdbbc4","core/src/main/java/org/elasticsearch/action/admin/indices/shrink/ShrinkResponse.java","1","0","0","1","9","32","0"
"elasticsearch","396cf117c9b77b0b88750c474893b2d89e663d0e","src/main/java/org/elasticsearch/index/store/smbsimplefs/SmbSimpleFsIndexStoreModule.java","1","0","0","1","9","32","0"
"elasticsearch","396cf117c9b77b0b88750c474893b2d89e663d0e","src/main/java/org/elasticsearch/index/store/smbmmapfs/SmbMmapFsIndexStoreModule.java","1","0","0","1","9","32","0"
"elasticsearch","56cc87b7ccd41040d8fafcaf2da3680d96d10839","core/src/main/java/org/elasticsearch/action/admin/indices/shrink/ShrinkResponse.java","1","0","0","1","9","32","0"
"elasticsearch","a60b8948ba1d836a6eac7cff095519e618939ed8","core/src/main/java/org/elasticsearch/action/admin/indices/shrink/ShrinkResponse.java","1","0","0","1","9","32","0"
"elasticsearch","c169386dd4b8179410ef68f6f48eddc724a407b1","plugins/mapper-murmur3/src/main/java/org/elasticsearch/plugin/mapper/MapperMurmur3IndexModule.java","1","0","0","1","9","32","0"
"elasticsearch","13a347239a48d71486692a72c066e940dec8921b","core/src/test/java/org/elasticsearch/test/search/MockSearchServiceModule.java","1","0","0","1","9","33","2"
"elasticsearch","6b23ee80404ea8cb143abd776968854e263275b9","core/src/test/java/org/elasticsearch/search/aggregations/pipeline/bucketmetrics/StatsBucketTests.java","1","0","0","1","9","34","2"
"hazelcast","83504ab6376beba2d569ea38dc59529a2f97fb4f","hazelcast-client/src/test/java/com/hazelcast/client/replicatedmap/nearcache/ClientReplicatedMapNearCacheBasicTest.java","1","0","0","10","107","147","0"
"hazelcast","0287d390022e68e3c252acac8db8e0dfc15ecbea","hazelcast/src/test/java/com/hazelcast/collection/impl/txnset/TransactionalSetAbstractTest.java","1","0","0","10","115","140","1"
"hazelcast","95b93d3d6a2eef3a75a7dae3cd2cbb53d02628a3","hazelcast/src/test/java/com/hazelcast/collection/impl/txnset/TransactionalSetAbstractTest.java","1","0","0","10","115","140","1"
"hazelcast","3e9f0a4fe67f397b79d6244ff49cfc7cec656c1d","hazelcast/src/test/java/com/hazelcast/collection/impl/txnset/TransactionalSetAbstractTest.java","1","0","0","10","115","140","0"
"hazelcast","75f8da3f6c13ae28d39f9e1068679a1c397fb3d5","hazelcast-jclouds/src/test/java/com/hazelcast/jclouds/ComputeServiceBuilderInvalidConfigTest.java","1","0","0","10","116","147","0"
"hazelcast","623ff1855aa985aa276e8395aabf0b534c7a36c3","hazelcast-client-legacy/src/test/java/com/hazelcast/client/listeners/leak/ListenerLeakTestSmartRouting.java","1","0","0","10","119","168","0"
"elasticsearch","2f8def11b5109eb80b47422a200bf7b7e07c8467","core/src/main/java/org/elasticsearch/index/fielddata/plain/ConstantIndexFieldData.java","1","0","0","10","120","171","2"
"hazelcast","c99737523eb1e3b576d2f4fd450916bb708aff50","hazelcast/src/test/java/com/hazelcast/ringbuffer/impl/operations/ReadOneOperationTest.java","1","0","0","10","121","184","0"
"hazelcast","22c782cf4670330503dee123b73fa483726328a2","hazelcast/src/test/java/com/hazelcast/ringbuffer/impl/operations/ReadOneOperationTest.java","1","0","0","10","122","185","1"
"hazelcast","623ff1855aa985aa276e8395aabf0b534c7a36c3","hazelcast-client-legacy/src/test/java/com/hazelcast/client/listeners/leak/ListenerLeakTestNonSmartRouting.java","1","0","0","10","125","174","0"
"hazelcast","0663f03826565103dcfda83b0815da8380112edc","hazelcast-wm/src/test/java/com/hazelcast/wm/test/WebfilterTestCase.java","1","0","0","10","125","191","1"
"hazelcast","3ccf8bba219ff34c67806fe1b5f0e3421ff0046a","hazelcast-wm/src/test/java/com/hazelcast/wm/test/WebfilterTestCase.java","1","0","0","10","125","191","1"
"hazelcast","52c690a4dd7a5b06f8ae693d5a360c8fd10d92c4","hazelcast-wm/src/test/java/com/hazelcast/wm/test/WebfilterTestCase.java","1","0","0","10","125","191","1"
"hazelcast","83a520f69176596bf342adc587419d5deab73e6f","hazelcast-wm/src/test/java/com/hazelcast/wm/test/WebfilterTestCase.java","1","0","0","10","125","191","2"
"hazelcast","4c25e854736ce3a33329277b4150ac5f3d0ca5e9","hazelcast-wm/src/test/java/com/hazelcast/wm/test/WebfilterTestCase.java","1","0","0","10","125","191","0"
"elasticsearch","96f1739c0dafc067a289574296642219faca4673","core/src/test/java/org/elasticsearch/indices/IndicesModuleTests.java","1","0","0","10","127","162","0"
"elasticsearch","046abdc281c321cd2128ee7684c0edfcaca07203","core/src/test/java/org/elasticsearch/indices/IndicesModuleTests.java","1","0","0","10","129","164","2"
"elasticsearch","22e63b478306fb3cab6ba8967db6e1f2b73cdfd8","core/src/test/java/org/elasticsearch/indices/IndicesModuleTests.java","1","0","0","10","129","164","1"
"elasticsearch","3ce7b119d28e7d1be7284bd804606a65c2d1a383","core/src/test/java/org/elasticsearch/indices/IndicesModuleTests.java","1","0","0","10","129","164","1"
"elasticsearch","e74d02138f02a66331b2611b5e70a908bb49cb97","core/src/test/java/org/elasticsearch/indices/IndicesModuleTests.java","1","0","0","10","129","164","0"
"hazelcast","1a44eaa6a1e0c7597f0d9335883b651aaeb097c5","hazelcast/src/main/java/com/hazelcast/concurrent/lock/LockResource.java","1","0","0","10","13","41","2"
"hazelcast","cdb8b0e0e259c0992856d553f2aa04499043c84d","hazelcast/src/test/java/com/hazelcast/internal/partition/impl/PartitionReplicaStateChecker_triggerAndWaitForReplicaSyncTest.java","1","0","0","10","130","185","0"
"hazelcast","e1b69c53ca4923affcd7722f012a80e32517e988","hazelcast/src/test/java/com/hazelcast/internal/partition/impl/PartitionReplicaStateChecker_triggerAndWaitForReplicaSyncTest.java","1","0","0","10","130","185","0"
"hazelcast","f4c33973f2e5f804f6743683b11c8a43922bfc7e","hazelcast/src/test/java/com/hazelcast/internal/partition/impl/PartitionReplicaStateChecker_triggerAndWaitForReplicaSyncTest.java","1","0","0","10","130","185","1"
"neo4j","7723d89e6d1d951e8923fb102da0228db2e4e8f9","community/kernel/src/test/java/org/neo4j/kernel/impl/api/state/StateOperationsAutoIndexingTest.java","1","0","0","10","132","216","2"
"orientdb","58ec800828f7181ec8c7739492c003d95b3644c6","core/src/test/java/com/orientechnologies/orient/core/record/impl/DefaultValueTest.java","1","0","0","10","138","174","0"
"elasticsearch","b4c3bb5d214462532a50a1939b6692dbcbd25533","core/src/test/java/org/elasticsearch/bootstrap/ElasticsearchCliTests.java","1","0","0","10","139","188","0"
"mct","00a1a4e44d41db0509178e7acb449101cb47231f","fastPlotViews/src/main/java/gov/nasa/arc/mct/fastplot/bridge/AbstractPlotLine.java","1","0","0","10","14","18","0"
"hazelcast","f46b12b008e3c5aaceef46dd3181e48476cb7afd","hazelcast/src/main/java/com/hazelcast/query/impl/Index.java","1","0","0","10","14","42","0"
"hazelcast","9144e8128c3d271554f7230ee32e4d2e102fe811","hazelcast/src/main/java/com/hazelcast/nio/serialization/PortableContext.java","1","0","0","10","14","44","0"
"neo4j","4f04ee08438d4e1c99095d9d8a9f2ec223af89a9","community/kernel/src/test/java/org/neo4j/kernel/impl/api/state/StateOperationsAutoIndexingTest.java","1","0","0","10","141","225","1"
"elasticsearch","718257790435cb31d110010b72b750821b9e0df8","modules/transport-netty4/src/test/java/org/elasticsearch/rest/Netty4HeadBodyIsEmptyIT.java","1","0","0","10","144","191","1"
"neo4j","9641576829b1d439954ac158311a4e986f7cb629","community/bolt/src/test/java/org/neo4j/bolt/v1/runtime/integration/SessionAuthIT.java","1","0","0","10","145","235","0"
"neo4j","e5ea526b14ce752e94a5460b1c85bf4567d8f97d","community/shell/src/test/java/org/neo4j/shell/StartClientIT.java","1","0","0","10","168","248","1"
"hazelcast","9ecc2d572a188a455ce7fcf6de240eee362fc60a","hazelcast-client/src/test/java/com/hazelcast/client/ClientOwnershipTest.java","1","0","0","10","170","229","0"
"neo4j","e3cce44754a86a232bdb6dc3666c86d30edd3bfb","community/shell/src/test/java/org/neo4j/shell/StartClientTest.java","1","0","0","10","186","266","0"
"neo4j","f8312acd0366ce0443db2e896541313ac6ae8bac","enterprise/causal-clustering/src/test/java/org/neo4j/causalclustering/catchup/storecopy/FileSenderTest.java","1","0","0","10","190","285","0"
"elasticsearch","149ef74b26bb33d3a1d3c1c45c481a01345cd764","core/src/test/java/org/elasticsearch/search/aggregations/support/ValuesSourceConfigTests.java","1","0","0","10","211","265","0"
"elasticsearch","62b821ccf4e2bf221382df85e2785016f74012bc","core/src/test/java/org/elasticsearch/index/mapper/IpFieldMapperTests.java","1","0","0","10","216","294","1"
"hazelcast","ed777f64e4d046bb45ae4ee062b463e33526e3ad","hazelcast/src/main/java/com/hazelcast/transaction/impl/Transaction.java","1","0","0","10","23","52","1"
"orientdb","4c4f5ad5a3981ad961effa664534a813e0b1fc3d","core/src/test/java/com/orientechnologies/orient/core/record/impl/ODocumentSchemafullSerializationTest.java","1","0","0","10","297","348","1"
"elasticsearch","c3746b268ca9a9e7e26ec861dd05e654c9bace62","core/src/test/java/org/elasticsearch/index/mapper/NestedObjectMapperTests.java","1","0","0","10","331","432","1"
"elasticsearch","70e3cce904e106e94e4b258b8f88eb191ea0c0d9","modules/lang-painless/src/test/java/org/elasticsearch/painless/FunctionTests.java","1","0","0","10","38","70","2"
"hazelcast","628a219cc0428ad068cb76a43b781c7773d85db9","hazelcast/src/main/java/com/hazelcast/map/record/CachedDataRecord.java","1","0","0","10","45","75","0"
"hazelcast","42e5849f7ebce11fa76d0780610fba85b1818987","hazelcast/src/main/java/com/hazelcast/client/ClientResponse.java","1","0","0","10","48","78","0"
"hazelcast","623ff1855aa985aa276e8395aabf0b534c7a36c3","hazelcast/src/main/java/com/hazelcast/client/impl/client/BaseClientRemoveListenerRequest.java","1","0","0","10","48","81","0"
"elasticsearch","06667c6aa898895acd624b8a71a6e00ff7ae32b8","src/main/java/org/elasticsearch/common/geo/builders/EnvelopeBuilder.java","1","0","0","10","48","82","0"
"hazelcast","5566f08f15e0f7312663ed1a845e21eea6fc1a5b","hazelcast/src/main/java/com/hazelcast/client/impl/client/BaseClientRemoveListenerRequest.java","1","0","0","10","49","82","1"
"hazelcast","65df300ddcacf2cee04f1eee8f75731e147decbf","hazelcast/src/main/java/com/hazelcast/client/impl/client/BaseClientRemoveListenerRequest.java","1","0","0","10","49","82","1"
"hazelcast","a7f07bfdce4479c7a792837c9eb15b3b2eb45392","hazelcast/src/main/java/com/hazelcast/client/impl/client/BaseClientRemoveListenerRequest.java","1","0","0","10","49","82","2"
"hazelcast","264b730b6e10ae9df6f5d8727209ca007160236f","hazelcast/src/main/java/com/hazelcast/client/impl/client/BaseClientRemoveListenerRequest.java","1","0","0","10","49","82","0"
"hazelcast","5864af6c827f2cb1e2fbe4d5c6462a9a03efafd9","hazelcast/src/main/java/com/hazelcast/map/operation/ClearOperation.java","1","0","0","10","52","85","1"
"hazelcast","ac2dda4566638398a14318604f960e2afce7d3ca","hazelcast/src/main/java/com/hazelcast/partition/impl/ReplicaSyncRetryResponse.java","1","0","0","10","54","86","1"
"hazelcast","0cf8d4e4b4bb67c11e3b136f5e719e6d498b7504","hazelcast-spring/src/test/java/com/hazelcast/spring/cache/JCacheCacheWriter.java","1","0","0","10","54","90","0"
"hazelcast","65df300ddcacf2cee04f1eee8f75731e147decbf","hazelcast/src/main/java/com/hazelcast/collection/impl/collection/client/CollectionRemoveListenerRequest.java","1","0","0","10","55","86","1"
"hazelcast","ae877df50978fcfb112d6d0cab2c78f80d1ee770","hazelcast/src/main/java/com/hazelcast/collection/impl/collection/client/CollectionRemoveListenerRequest.java","1","0","0","10","55","86","1"
"hazelcast","623ff1855aa985aa276e8395aabf0b534c7a36c3","hazelcast/src/main/java/com/hazelcast/collection/impl/collection/client/CollectionRemoveListenerRequest.java","1","0","0","10","55","86","0"
"elasticsearch","14ba36977ed24fd670005800547541a4f2cdfa3a","distribution/integ-test-zip/src/test/java/org/elasticsearch/test/rest/RequestsWithoutContentIT.java","1","0","0","10","55","89","0"
"hazelcast","05b27a3d7f9adfb832f8fb0c7927fc71c14df2b4","hazelcast/src/main/java/com/hazelcast/cache/impl/client/CacheAddInvalidationListenerRequest.java","1","0","0","10","56","88","2"
"hazelcast","ae877df50978fcfb112d6d0cab2c78f80d1ee770","hazelcast/src/main/java/com/hazelcast/cache/impl/client/CacheAddInvalidationListenerRequest.java","1","0","0","10","56","88","1"
"hazelcast","d0fd18cd0e2fac83d47776ccc1f08639bfc9823f","hazelcast/src/main/java/com/hazelcast/cache/impl/client/CacheAddInvalidationListenerRequest.java","1","0","0","10","56","88","2"
"hazelcast","d472cbea8d404ea4e42a5cc0bb455dbec40e7985","hazelcast/src/main/java/com/hazelcast/cache/impl/client/CacheAddInvalidationListenerRequest.java","1","0","0","10","56","88","3"
"hazelcast","d65de8708631978b87d39db7c947a073e0963228","hazelcast/src/main/java/com/hazelcast/cache/impl/client/CacheAddInvalidationListenerRequest.java","1","0","0","10","56","88","2"
"hazelcast","264b730b6e10ae9df6f5d8727209ca007160236f","hazelcast/src/main/java/com/hazelcast/cache/impl/client/CacheAddInvalidationListenerRequest.java","1","0","0","10","56","88","0"
"hazelcast","39091ff574efe84ae6a3d772a1b7cfce80f4f2e0","hazelcast/src/main/java/com/hazelcast/map/client/MapRemoveRequest.java","1","0","0","10","60","92","0"
"hazelcast","bb3ea0e107980d769862cdbda748cc91529d67b5","hazelcast/src/main/java/com/hazelcast/transaction/client/CreateTransactionRequest.java","1","0","0","10","62","93","0"
"hazelcast","4c5e3b2bc83034d30ec898342f30743f17b47212","hazelcast/src/main/java/com/hazelcast/transaction/client/CreateXATransactionRequest.java","1","0","0","10","64","95","0"
"hazelcast","5009d4a90be3c901942a0a89cf29a92c074231f1","hazelcast/src/main/java/com/hazelcast/collection/impl/txncollection/operations/CollectionTxnAddOperation.java","1","0","0","10","64","95","0"
"hazelcast","408e8124339594aec8d563bf2c6c227c6dd0cd46","hazelcast/src/main/java/com/hazelcast/transaction/client/CreateXATransactionRequest.java","1","0","0","10","64","95","1"
"hazelcast","bb3ea0e107980d769862cdbda748cc91529d67b5","hazelcast/src/main/java/com/hazelcast/transaction/client/ClearRemoteTransactionRequest.java","1","0","0","10","64","97","0"
"neo4j","083224bbfc9dfc2e59c049a9c5eedb758eb1c86e","community/bolt/src/test/java/org/neo4j/bolt/v1/messaging/BoltRequestMessageWriter.java","1","0","0","10","67","102","1"
"netty","4c6d946fbadfb14806f8232b844c5e6a26eff2de","transport-native-unix-common-tests/src/main/java/io/netty/channel/unix/tests/SocketTest.java","1","0","0","10","67","99","0"
"elasticsearch","3ce7b119d28e7d1be7284bd804606a65c2d1a383","core/src/test/java/org/elasticsearch/index/mapper/ExternalMetadataMapper.java","1","0","0","10","72","114","1"
"elasticsearch","96f1739c0dafc067a289574296642219faca4673","core/src/test/java/org/elasticsearch/index/mapper/ExternalMetadataMapper.java","1","0","0","10","74","116","0"
"hazelcast","3c268f4e2408296c187a2abe68e2b460a53f2b6e","hazelcast/src/test/java/com/hazelcast/cluster/PublicAddressTest.java","1","0","0","10","75","114","2"
"hazelcast","39091ff574efe84ae6a3d772a1b7cfce80f4f2e0","hazelcast/src/main/java/com/hazelcast/map/client/MapPutRequest.java","1","0","0","10","76","109","0"
"hazelcast","0287d390022e68e3c252acac8db8e0dfc15ecbea","hazelcast/src/main/java/com/hazelcast/collection/impl/txncollection/CollectionTransactionLogRecord.java","1","0","0","10","77","107","1"
"netty","4a5dc3222488db44b0174297f20b83195601cb8d","codec/src/main/java/io/netty/handler/codec/ByteToMessageCodec.java","1","0","0","10","79","113","1"
"netty","cd0b5ec2db593d45c96bd6b55b0024042534af04","codec/src/main/java/io/netty/handler/codec/ByteToMessageCodec.java","1","0","0","10","79","113","1"
"netty","af4b71a00e30faf86ef1c2365e965e8f04f65bee","codec/src/main/java/io/netty/handler/codec/ByteToMessageCodec.java","1","0","0","10","79","113","0"
"elasticsearch","e6fb3a5d950c52ccba8cf1f0b0d6e819e70c243c","modules/ingest-common/src/test/java/org/elasticsearch/ingest/common/KeyValueProcessorTests.java","1","0","0","10","80","113","0"
"netty","ff11fe894d9cca5a52e8381606764935e8b54c4c","handler/src/test/java/io/netty/handler/ssl/OpenSslEngineTest.java","1","0","0","10","81","112","1"
"neo4j","21dc057a8a68245281a22d7bdb8da5ae2103f057","enterprise/core-edge/src/main/java/org/neo4j/coreedge/server/core/locks/ReplicatedLockTokenState.java","1","0","0","10","81","119","0"
"elasticsearch","bdf836a2866296083523f6cbdd30ec7a521c49c6","plugins/repository-azure/src/test/java/org/elasticsearch/repositories/azure/AzureRepositorySettingsTests.java","1","0","0","10","84","128","0"
"antlr4","661c87b47ceca09488c047acb638362670e3ded0","runtime-testsuite/test/org/antlr/v4/test/runtime/descriptors/ParseTreesDescriptors.java","1","0","0","10","87","266","1"
"elasticsearch","78608536e2962a09fe6a1718f7ec71bd2615eab3","src/test/java/org/elasticsearch/action/search/SearchRequestBuilderTests.java","1","0","0","10","93","129","0"
"hazelcast","fb6700346872da3eac002c3d2157b9a7da728fa2","hazelcast/src/test/java/com/hazelcast/map/impl/record/AbstractRecordFactoryTest.java","1","0","0","10","95","148","0"
"elasticsearch","e458d4fd93136cfc42708d9311d05bee36f69321","src/test/java/org/elasticsearch/index/search/child/TestSearchContext.java","1","0","0","104","463","593","0"
"elasticsearch","d64d0d6a97ae8dd70ba6018f97dd3c5fc10acd53","src/test/java/org/elasticsearch/index/search/child/TestSearchContext.java","1","0","0","107","475","607","1"
"hazelcast","58e4782c607905ce452f830bd68a2412a9e1961e","hazelcast-client-new/src/test/java/com/hazelcast/client/multimap/ClientMultiMapReturnedCollectionTest.java","1","0","0","11","101","152","1"
"hazelcast","4a1593fa6ba5c277c4ad2fc320d803b0e63b9339","hazelcast/src/test/java/com/hazelcast/cluster/SystemClockChangeTest.java","1","0","0","11","102","149","0"
"orientdb","934043fd762eb74dcecdbac5c11480573daecf50","jdbc/src/test/java/com/orientechnologies/orient/jdbc/OrientJdbcPreparedStatementTest.java","1","0","0","11","105","150","0"
"oryx","5dee3554c81652b743b1f73ae3dfb0fdc1fe9943","oryx-ml-oryx/src/main/java/com/cloudera/oryx/ml/speed/als/ALSSpeedModel.java","1","0","0","11","116","149","1"
"hazelcast","04c204fcf1f1d07695eb4355106ffdc8e6bc9365","hazelcast-client/src/test/java/com/hazelcast/client/config/MatchingPointConfigPatternMatcherTest.java","1","0","0","11","119","176","0"
"elasticsearch","3d7daa1a5a747f0d5f947eac2914bec861239c4f","core/src/test/java/org/elasticsearch/search/SearchServiceTests.java","1","0","0","11","120","167","2"
"hazelcast","4451a9260efa238a34993c17aa155ce6fe1b884e","hazelcast-client-new/src/test/java/com/hazelcast/client/config/MatchingPointConfigPatternMatcherTest.java","1","0","0","11","121","178","1"
"elasticsearch","634ce90dc06f20888a4ff655985a6baccf25a7db","core/src/main/java/org/elasticsearch/index/fielddata/plain/ConstantIndexFieldData.java","1","0","0","11","123","176","0"
"neo4j","67cd4775e754938eddcee58eeca874bfe889b9d0","community/server/src/test/java/org/neo4j/server/rest/repr/XForwardFilterIT.java","1","0","0","11","123","187","0"
"hazelcast","317fabec0c90b274c686ba018cc1b465fee244f2","hazelcast-client-new/src/test/java/com/hazelcast/client/txn/ClientTxnSetTest.java","1","0","0","11","132","187","0"
"hazelcast","b777381e2f8cfc3d8bcde3a87c5cc9993e31d4a2","hazelcast-client-new/src/test/java/com/hazelcast/client/txn/ClientTxnSetTest.java","1","0","0","11","133","188","1"
"hazelcast","7dd4ce26e5127137eb7116b7084eb6c659218b43","hazelcast/src/test/java/com/hazelcast/concurrent/atomiclong/AtomicLongBackupTest.java","1","0","0","11","136","182","0"
"elasticsearch","6f2c36dcb709f2907ffe79bc4907c88e3f343a66","core/src/test/java/org/elasticsearch/index/mapper/update/UpdateMappingTests.java","1","0","0","11","137","181","5"
"hazelcast","0d9c5f01b0c284485f9e0a3eae99c67fff380791","hazelcast/src/test/java/com/hazelcast/concurrent/atomiclong/AtomicLongBackupTest.java","1","0","0","11","137","183","1"
"hazelcast","810540661cf0b9662e3e1bc9b5dabc53a3c052f1","hazelcast/src/test/java/com/hazelcast/internal/partition/impl/PartitionReplicaStateChecker_triggerAndWaitForReplicaSyncTest.java","1","0","0","11","138","195","1"
"hazelcast","71087860a2df033762e4b3b20e2f720f264e8a72","hazelcast-wm/src/test/java/com/hazelcast/wm/test/WebfilterTestCase.java","1","0","0","11","139","211","1"
"neo4j","a8f3d37f50a042fc7b741962cf791d5327eabea2","community/kernel/src/test/java/org/neo4j/kernel/configuration/ConfigTest.java","1","0","0","11","143","220","0"
"hazelcast","1f5585497fc623b77d13d8c09459a718152ef90c","hazelcast/src/test/java/com/hazelcast/map/ExpirationTimeTest.java","1","0","0","11","144","229","0"
"elasticsearch","725f6b6983d0393b4622c2665b3e0c9e65f1cf9d","modules/transport-netty4/src/test/java/org/elasticsearch/rest/Netty4HeadBodyIsEmptyIT.java","1","0","0","11","149","197","0"
"hazelcast","d371b2635c6f75f77462d28e51c67ea7fdda53db","hazelcast/src/test/java/com/hazelcast/cluster/TcpIpJoinTest.java","1","0","0","11","160","206","1"
"neo4j","2fb8aea71a2d50c63f1407b9e975c5e8cbf325dc","enterprise/security/src/test/java/org/neo4j/server/security/enterprise/auth/integration/bolt/PluginAuthenticationIT.java","1","0","0","11","162","241","1"
"neo4j","c53aab6d4de8c83eda42c64474ec13aa7ecb25f3","enterprise/security/src/test/java/org/neo4j/server/security/enterprise/auth/integration/bolt/PluginAuthenticationIT.java","1","0","0","11","162","241","1"
"neo4j","1b3aad3b619bd72c2c9f79bb7edf642c5dc56a6f","enterprise/security/src/test/java/org/neo4j/server/security/enterprise/auth/integration/bolt/PluginAuthenticationIT.java","1","0","0","11","162","241","0"
"hazelcast","839b0c339ac2b4958fe9a5129fea311005371643","hazelcast/src/test/java/com/hazelcast/cluster/TcpIpJoinTest.java","1","0","0","11","167","214","1"
"hazelcast","78108e9f99edd98a26324bd6f8c0f493b8f78f5d","hazelcast-client/src/test/java/com/hazelcast/client/replicatedmap/DummyClientReplicatedMapTest.java","1","0","0","11","176","229","0"
"neo4j","737bbf8d7a2c473b0df517235b3822c3b4110231","community/bolt/src/test/java/org/neo4j/bolt/security/auth/BasicAuthenticationTest.java","1","0","0","11","177","268","0"
"hazelcast","151c5bd9cdcf1769dc9e1ab0ea43af6bbee8fac8","hazelcast-client/src/test/java/com/hazelcast/client/replicatedmap/DummyClientReplicatedMapTest.java","1","0","0","11","182","235","1"
"neo4j","0aa66c5acd804a93f5700ddb017c092743aa03d0","community/bolt/src/test/java/org/neo4j/bolt/security/auth/BasicAuthenticationTest.java","1","0","0","11","184","277","1"
"hazelcast","7c83a64f2156adb88a1d03e4793c9bccd4a77869","hazelcast/src/main/java/com/hazelcast/monitor/MemberState.java","1","0","0","11","19","49","1"
"elasticsearch","0ad231546d70cd45ac5d7a32311c1cebb9b42293","core/src/test/java/org/elasticsearch/index/mapper/IpFieldMapperTests.java","1","0","0","11","243","327","1"
"elasticsearch","450f47d5b59f19f4d2056042db69732ac5c21bbf","core/src/test/java/org/elasticsearch/index/mapper/IpFieldMapperTests.java","1","0","0","11","243","327","1"
"elasticsearch","2a00c9dc46fe7ac5da04ea3e735985d3f02bc7bf","core/src/test/java/org/elasticsearch/index/mapper/IpFieldMapperTests.java","1","0","0","11","243","327","0"
"neo4j","8a31284a00600fe653939a9b2206e0382deded40","community/kernel/src/main/java/org/neo4j/kernel/api/security/SecurityModule.java","1","0","0","11","28","58","0"
"ceylon-ide-eclipse","b477f175bba758cbbdb16b48381c9c1ab7f221fa","plugins/com.redhat.ceylon.eclipse.ui/src/com/redhat/ceylon/eclipse/java2ceylon/VfsJ2C.java","1","0","0","11","29","43","0"
"ceylon-ide-eclipse","f179edca8ad577596cb7147cf9df03d85f140757","plugins/com.redhat.ceylon.eclipse.ui/src/com/redhat/ceylon/eclipse/java2ceylon/VfsJ2C.java","1","0","0","11","30","44","1"
"orientdb","6bf2e153ed9162b0a9ca1b4611282047d8e62a60","core/src/test/java/com/orientechnologies/orient/core/record/impl/ODocumentSchemafullSerializationTest.java","1","0","0","11","310","365","0"
"netty","78586a99b6c23dc7f847838aaae6be70d6d7ca9b","transport/src/test/java/io/netty/channel/CombinedChannelDuplexHandlerTest.java","1","0","0","11","318","401","0"
"elasticsearch","d05aee7eda3a28b11df47e652f44f7d2b185c97d","core/src/test/java/org/elasticsearch/index/mapper/NestedObjectMapperTests.java","1","0","0","11","360","464","0"
"hazelcast","05b27a3d7f9adfb832f8fb0c7927fc71c14df2b4","hazelcast/src/main/java/com/hazelcast/map/impl/client/MapRemovePartitionLostListenerRequest.java","1","0","0","11","43","74","2"
"hazelcast","05b27a3d7f9adfb832f8fb0c7927fc71c14df2b4","hazelcast/src/main/java/com/hazelcast/collection/impl/collection/client/CollectionRemoveListenerRequest.java","1","0","0","11","49","80","2"
"hazelcast","5917446b9901b1bc4ab314eb8c106e22ca50f3e3","hazelcast-client-new/src/test/java/com/hazelcast/client/cache/nearcache/ClientNearCacheTest.java","1","0","0","11","51","81","2"
"hazelcast","f745f9d46756c8cc57388c8172c0eafbd70c9c46","hazelcast-client-new/src/test/java/com/hazelcast/client/cache/nearcache/ClientNearCacheTest.java","1","0","0","11","51","81","2"
"hazelcast","a4035afdfc67b757940a15578bc51b4e7b6b0b13","hazelcast-client-new/src/test/java/com/hazelcast/client/cache/nearcache/ClientNearCacheTest.java","1","0","0","11","51","81","0"
"hazelcast","d38202141395360399c9cf97d4453adf5b1581e1","hazelcast-client-new/src/test/java/com/hazelcast/client/cache/nearcache/ClientNearCacheTest.java","1","0","0","11","53","83","1"
"hazelcast","86b064ba3f1e467e74e95d6da24b03122065ce36","hazelcast/src/test/java/com/hazelcast/instance/OutOfMemoryHandlerHelperTest.java","1","0","0","11","55","85","2"
"hazelcast","490031a220076fe6cf002b209e986e2edbad57b9","hazelcast/src/main/java/com/hazelcast/client/ClientResponse.java","1","0","0","11","55","86","1"
"hazelcast","8c14b67672af7408fa8b7320fa26ed4ba8a31896","hazelcast-client/src/main/java/com/hazelcast/client/spi/ClientContext.java","1","0","0","11","55","86","1"
"hazelcast","d0fd18cd0e2fac83d47776ccc1f08639bfc9823f","hazelcast/src/main/java/com/hazelcast/collection/impl/collection/client/CollectionRemoveListenerRequest.java","1","0","0","11","55","86","2"
"hazelcast","d472cbea8d404ea4e42a5cc0bb455dbec40e7985","hazelcast/src/main/java/com/hazelcast/collection/impl/collection/client/CollectionRemoveListenerRequest.java","1","0","0","11","55","86","3"
"hazelcast","5b2302ddaf22fee6c5946c96fb655be8abb5762a","hazelcast-client/src/main/java/com/hazelcast/client/spi/ClientContext.java","1","0","0","11","55","86","0"
"netty","eb415fded66b5c825aa2818f6223eb8a6480c024","common/src/test/java/io/netty/util/internal/StringUtilTest.java","1","0","0","11","56","85","0"
"hazelcast","525c34cddd7f4e08d674611e177bab103e4d1881","hazelcast/src/test/java/com/hazelcast/core/PerformanceTimer.java","1","0","0","11","57","92","1"
"hazelcast","82fcc4c7c87097d1719bb56112aec0fafdb6bc0e","hazelcast/src/test/java/com/hazelcast/core/PerformanceTimer.java","1","0","0","11","58","94","0"
"hazelcast","37ff66dace1e24ac18f53035b3f7a6c3df4cb693","hazelcast/src/main/java/com/hazelcast/map/impl/operation/MapPartitionDestroyOperation.java","1","0","0","11","62","102","1"
"junit","e012e06dc326394a3a834d974e9af3fea0e6df91","src/test/java/org/junit/tests/experimental/theories/internal/AllMembersSupplierTest.java","1","0","0","11","62","75","1"
"elasticsearch","149629fec657e9948488195087f30583cd561f11","core/src/main/java/org/elasticsearch/search/query/QuerySearchRequest.java","1","0","0","11","68","106","0"
"elasticsearch","2ed1f7a3390420835f9b270d20c5d512ba197827","core/src/main/java/org/elasticsearch/search/query/QuerySearchRequest.java","1","0","0","11","69","107","1"
"hazelcast","86b064ba3f1e467e74e95d6da24b03122065ce36","hazelcast/src/test/java/com/hazelcast/core/OutOfMemoryHandlerTest.java","1","0","0","11","70","107","2"
"hazelcast","9948976cea0dd05d47e24f303a0b309b4155d329","hazelcast/src/test/java/com/hazelcast/core/OutOfMemoryHandlerTest.java","1","0","0","11","70","107","2"
"elasticsearch","e1efd5f6baf8dec1c23c79b346b8a29f234a98bb","core/src/main/java/org/elasticsearch/action/admin/indices/mapping/get/GetFieldMappingsIndexRequest.java","1","0","0","11","70","107","0"
"neo4j","f13efebd3b366abe29b2da79819eda5d5e365bd6","community/lucene-index/src/test/java/org/neo4j/index/impl/lucene/legacy/CloseTrackingIndexReader.java","1","0","0","11","70","108","0"
"hazelcast","07cd42d5481bc8e9bdc882070746ca7ad10d015b","hazelcast/src/test/java/com/hazelcast/cache/CacheUtilTest.java","1","0","0","11","71","87","1"
"neo4j","87838b56dfcfb7b37ca03d26c9eedc8f1e0c38e5","community/bolt/src/test/java/org/neo4j/bolt/v1/messaging/BoltRequestMessageWriter.java","1","0","0","11","72","108","0"
"MapDB","b84df1ab7522f9d0e6161dee0cb0261cf8e07297","src/test/java/org/mapdb/DBTest.java","1","0","0","11","76","101","0"
"MapDB","61e216a1b5740f285be7d914b63b78557eb4ac62","src/test/java/org/mapdb/DBTest.java","1","0","0","11","76","101","0"
"MapDB","d9b73c45511ef0b8c33beb61fc4aee5d635a6d32","src/test/java/org/mapdb/DBTest.java","1","0","0","11","76","101","2"
"elasticsearch","25fd9e26c4fb042d6f6dea14efcd239577bdbbc4","core/src/main/java/org/elasticsearch/action/main/MainResponse.java","1","0","0","11","83","118","0"
"netty","7090d1331c327f9093ef260f9d0e3eef1a3d6715","handler/src/test/java/io/netty/handler/ssl/OpenSslEngineTest.java","1","0","0","11","87","119","0"
"hazelcast","e11600a8a909758ea6614352ca1848e71219b06f","hazelcast/src/test/java/com/hazelcast/nio/NodeIOServiceTest.java","1","0","0","11","91","128","0"
"hazelcast","21586825d367940e1c79cf289e97310daab1200d","hazelcast/src/test/java/com/hazelcast/query/impl/getters/GetterFactoryTest.java","1","0","0","11","94","139","1"
"hazelcast","772b5217030e0fb94bf07a00d9b5e7b275a82030","hazelcast/src/test/java/com/hazelcast/query/impl/getters/GetterFactoryTest.java","1","0","0","11","99","143","0"
"antlr4","3cbc2af0cc1f1c97f518b11b74294fa9cce05078","runtime-testsuite/test/org/antlr/v4/test/runtime/descriptors/ParseTreesDescriptors.java","1","0","0","12","102","308","0"
"hazelcast","4e007a3426015aebfb4a640a624d2e2e9dc90817","hazelcast-client-new/src/test/java/com/hazelcast/client/multimap/ClientMultiMapReturnedCollectionTest.java","1","0","0","12","105","157","0"
"junit","23daff8610ab7039cfa20128aa61485e4f66d950","src/test/java/org/junit/tests/running/classes/ParentRunnerTest.java","1","0","0","12","116","140","0"
"netty","00fc239995ce7b683993c88bb82b30dbd5fe7982","codec/src/test/java/io/netty/handler/codec/compression/Bzip2DecoderTest.java","1","0","0","12","116","168","1"
"elasticsearch","cea2d21c50c5a680cbbaefba254866601b5b4608","src/test/java/org/elasticsearch/common/property/PropertyPlaceholderTest.java","1","0","0","12","129","168","0"
"hazelcast","20e30c8a5f8fbc50dc4d4e57d4a0b383faa20fe7","hazelcast-wm/src/test/java/com/hazelcast/wm/test/WebfilterTestCase.java","1","0","0","12","143","216","1"
"hazelcast","50bebee545427d3b6d15fed40d5d89bdc90b7bbe","hazelcast/src/main/java/com/hazelcast/map/record/Record.java","1","0","0","12","15","45","1"
"neo4j","2162f57a395476c1b2e263b1e055c6baea8aa276","community/server/src/test/java/org/neo4j/server/configuration/ConfigLoaderTest.java","1","0","0","12","154","237","0"
"neo4j","8bf7270a5b79e99c5a3527519f39cc268e9b3048","enterprise/security/src/test/java/org/slf4j/impl/Neo4jLoggerFactoryTest.java","1","0","0","12","174","261","1"
"hazelcast","a1729211e956cd6fcfb4eb7a5cf9d47fd4fa1250","hazelcast/src/test/java/com/hazelcast/cluster/TcpIpJoinTest.java","1","0","0","12","175","224","0"
"neo4j","b070962e9b00726d50df951106225fa252b7efeb","enterprise/security/src/test/java/org/neo4j/server/security/enterprise/auth/integration/bolt/PluginAuthenticationIT.java","1","0","0","12","176","262","0"
"hazelcast","87aeb79871119fcbda01ed2973b79abb0055269b","hazelcast-client-legacy/src/test/java/com/hazelcast/client/config/XmlClientConfigImportVariableReplacementTest.java","1","0","0","12","182","229","0"
"hazelcast","317fabec0c90b274c686ba018cc1b465fee244f2","hazelcast-client-new/src/test/java/com/hazelcast/client/config/XmlClientConfigImportVariableReplacementTest.java","1","0","0","12","195","247","0"
"hazelcast","f766bf9e897d8cabcdd8e354bcdc97cfc4eadc0a","hazelcast-client-new/src/test/java/com/hazelcast/client/config/XmlClientConfigImportVariableReplacementTest.java","1","0","0","12","195","247","0"
"hazelcast","78ae1a75208f6777bfb81fd68b2d62b446f83759","hazelcast-client-new/src/test/java/com/hazelcast/client/config/XmlClientConfigImportVariableReplacementTest.java","1","0","0","12","195","247","1"
"hazelcast","a9525037283b683e9cc4c494078091eca10daf62","hazelcast-client-legacy/src/test/java/com/hazelcast/client/config/XmlClientConfigImportVariableReplacementTest.java","1","0","0","12","196","248","1"
"hazelcast","b777381e2f8cfc3d8bcde3a87c5cc9993e31d4a2","hazelcast-client-new/src/test/java/com/hazelcast/client/config/XmlClientConfigImportVariableReplacementTest.java","1","0","0","12","196","248","1"
"hazelcast","687678a1938c66c02f4ef94ac766f0e53b3a1ba2","hazelcast-client-new/src/test/java/com/hazelcast/client/config/XmlClientConfigImportVariableReplacementTest.java","1","0","0","12","196","248","0"
"hazelcast","4451a9260efa238a34993c17aa155ce6fe1b884e","hazelcast-client-new/src/test/java/com/hazelcast/client/config/XmlClientConfigImportVariableReplacementTest.java","1","0","0","12","197","249","1"
"hazelcast","1957f30d5417b93beeb84dfd6492f1a40de6ce38","hazelcast/src/main/java/com/hazelcast/monitor/MemberState.java","1","0","0","12","20","50","0"
"neo4j","868b4d731485023d2f7477e1133dcd5b263c851d","community/lucene-index/src/test/java/org/neo4j/index/impl/lucene/LuceneDataSourceTest.java","1","0","0","12","214","263","0"
"hazelcast","51394bc1bdb7ac6fa02b80d6855b6520bf2ea9c3","hazelcast/src/main/java/com/hazelcast/nio/tcp/SocketChannelWrapper.java","1","0","0","12","22","52","0"
"neo4j","c2a95db0bf471e36e256ba6c9933dfd9b7ae333f","community/lucene-index/src/test/java/org/neo4j/index/impl/lucene/legacy/LuceneDataSourceTest.java","1","0","0","12","221","273","0"
"elasticsearch","2b0f4287b3588cd80ceec134074d3b08a608e084","core/src/test/java/org/elasticsearch/index/mapper/ScaledFloatFieldMapperTests.java","1","0","0","12","244","329","1"
"elasticsearch","62b821ccf4e2bf221382df85e2785016f74012bc","core/src/test/java/org/elasticsearch/index/mapper/ScaledFloatFieldMapperTests.java","1","0","0","12","251","340","1"
"junit","34e66740b9117ce85cfd416f9e931b2e533ab16e","src/test/java/org/junit/tests/experimental/theories/runner/WithAutoGeneratedDataPoints.java","1","0","0","12","51","72","0"
"hazelcast","ed777f64e4d046bb45ae4ee062b463e33526e3ad","hazelcast-client-new/src/main/java/com/hazelcast/client/spi/ClientContext.java","1","0","0","12","61","93","1"
"neo4j","dcb9fd7851c8a66c89b4548f394323d113178de7","enterprise/kernel/src/test/java/org/neo4j/SchemaHelper.java","1","0","0","12","62","96","1"
"hazelcast","0111bd9d508bfdef8b6fc33deac41e4e587030ae","hazelcast/src/test/java/com/hazelcast/spi/AbstractDistributedObjectTest.java","1","0","0","12","67","100","0"
"neo4j","c17c5b6eab5ed66601aaa2a57ee5d9a4ddb3a09e","enterprise/kernel/src/test/java/org/neo4j/SchemaHelper.java","1","0","0","12","68","103","0"
"hazelcast","d831651dd5814c8074c8b4727184701986f16039","hazelcast/src/main/java/com/hazelcast/map/impl/client/MapContainsKeyRequest.java","1","0","0","12","72","105","1"
"elasticsearch","203f8433c20ff8a383557ed9a7f801cb26bb3aa1","core/src/main/java/org/elasticsearch/index/analysis/ShingleTokenFilterFactory.java","1","0","0","12","72","114","2"
"hazelcast","47b48594cce33ec1cec54b6fa89af2acf2da2fed","hazelcast/src/main/java/com/hazelcast/cluster/impl/JoinMessage.java","1","0","0","12","74","106","1"
"netty","f755e584638e20a4ae62466dd4b7a14954650348","codec/src/test/java/io/netty/handler/codec/DateFormatterTest.java","1","0","0","12","75","115","0"
"junit","8782efa08abf5d47afdc16740678661443706740","src/test/java/org/junit/tests/experimental/rules/BlockJUnit4ClassRunnerOverrideTest.java","1","0","0","12","79","94","0"
"MapDB","fdd3a9c868ae1dc9a90f83ccd3d7d7e36b337682","src/test/java/org/mapdb/DBTest.java","1","0","0","12","81","108","0"
"neo4j","3cad6b427058f7ea008e0f31ea88a5fdd61b9a82","community/server/src/main/java/org/neo4j/server/rest/repr/RelationshipRepresentation.java","1","0","0","12","85","122","1"
"hazelcast","d568e4d926d925d57d4e79e34614390416749301","hazelcast/src/test/java/com/hazelcast/cache/merge/CacheMergePolicyProviderTest.java","1","0","0","12","86","106","0"
"hazelcast","929d07c17f918ee0901baef20651c04cf058dd31","hazelcast/src/test/java/com/hazelcast/cache/merge/CacheMergePolicyProviderTest.java","1","0","0","12","91","112","1"
"BroadleafCommerce","8bafebee81bdbf1eecc3a9ddeaa995798fed0b74","core/broadleaf-framework/src/main/java/org/broadleafcommerce/core/catalog/domain/FeaturedProductImpl.java","1","0","0","12","94","133","0"
"elasticsearch","f18d5f22ce8649ac5ca58c7c275946e6a069ca84","core/src/test/java/org/elasticsearch/common/settings/AddStringKeyStoreCommandTests.java","1","0","0","12","97","134","0"
"hazelcast","6a96ff2593db59bc55c3783b4420a915caa1f77b","hazelcast/src/test/java/com/hazelcast/query/impl/CachedQueryEntryTest.java","1","0","0","12","99","154","0"
"BroadleafCommerce","8bafebee81bdbf1eecc3a9ddeaa995798fed0b74","core/broadleaf-framework/src/main/java/org/broadleafcommerce/core/catalog/domain/CrossSaleProductImpl.java","1","0","0","13","102","141","0"
"MapDB","9894bcf2331d5c1fa21ec1b9594bddc47bffee55","src/test/java/org/mapdb/DBTest.java","1","0","0","13","104","139","0"
"elasticsearch","fef1407fd2a9cd234390537eceaa11ca08047901","core/src/test/java/org/elasticsearch/common/settings/AddStringKeyStoreCommandTests.java","1","0","0","13","104","142","0"
"neo4j","f13efebd3b366abe29b2da79819eda5d5e365bd6","community/lucene-index/src/test/java/org/neo4j/index/impl/lucene/legacy/ReadOnlyIndexReferenceTest.java","1","0","0","13","104","149","0"
"hazelcast","6dbf726f876f290ece21edcb4e37af996cecac9d","hazelcast/src/test/java/com/hazelcast/util/executor/CompletedFutureTest.java","1","0","0","13","105","140","0"
"elasticsearch","7c46b57ff29e85e2e222020d3ec1aae6d9689816","modules/lang-painless/src/test/java/org/elasticsearch/painless/WhenThingsGoWrongTests.java","1","0","0","13","106","196","1"
"elasticsearch","b49635539d929d6cb5ee56153e2f95872fe4bb16","modules/lang-painless/src/test/java/org/elasticsearch/painless/WhenThingsGoWrongTests.java","1","0","0","13","106","196","1"
"elasticsearch","cde83e363aac2195c2dc0f81bbe348bcfe8b4152","modules/lang-painless/src/test/java/org/elasticsearch/painless/WhenThingsGoWrongTests.java","1","0","0","13","106","196","1"
"elasticsearch","1424f09c02927d9caada7f6ea45285b411d88d12","modules/lang-painless/src/test/java/org/elasticsearch/painless/WhenThingsGoWrongTests.java","1","0","0","13","106","196","0"
"elasticsearch","ee6d29b3429d9204103823f3c63044a760d946cf","modules/lang-painless/src/test/java/org/elasticsearch/painless/WhenThingsGoWrongTests.java","1","0","0","13","106","196","0"
"neo4j","868b4d731485023d2f7477e1133dcd5b263c851d","community/lucene-index/src/test/java/org/neo4j/index/impl/lucene/ReadOnlyIndexReferenceTest.java","1","0","0","13","108","153","0"
"hazelcast","02f9bd52035dad6991901e12673ec1caf776f8ed","hazelcast/src/test/java/com/hazelcast/util/collection/ArrayUtilsTest.java","1","0","0","13","108","154","1"
"junit","d6f71260512973e70417b999f1efa9757659b1e1","src/test/java/org/junit/tests/running/classes/ParentRunnerTest.java","1","0","0","13","113","136","1"
"orientdb","a63fb7283ec4f01d392c8f03143939def5f3ea54","jdbc/src/test/java/com/orientechnologies/orient/jdbc/OrientJdbcPreparedStatementTest.java","1","0","0","13","120","191","1"
"BroadleafCommerce","2958e6ba93799ca6858a34889a2668cd1ce9fb81","core/broadleaf-profile/src/main/java/org/broadleafcommerce/profile/core/domain/CustomerPaymentImpl.java","1","0","0","13","123","163","1"
"antlr4","29c2712ae1eee9575324db48c2f72c7cb0d28308","tool/test/org/antlr/v4/test/rt/java/TestLexerErrors.java","1","0","0","13","124","140","0"
"orientdb","49a91931a74e848e49cfd09f1895a76917b25392","jdbc/src/test/java/com/orientechnologies/orient/jdbc/OrientJdbcPreparedStatementTest.java","1","0","0","13","124","197","0"
"junit","aea63f059d16607879e5710098fdab208d6d5cb0","src/test/java/org/junit/tests/running/classes/ParentRunnerTest.java","1","0","0","13","126","151","1"
"hazelcast","3c7d3ca1d585684819927ba9de88fc3f2b44fc03","hazelcast-wm/src/test/java/com/hazelcast/wm/test/WebFilterTest.java","1","0","0","13","127","184","0"
"hazelcast","0782ae070ed4bcf6034b0988c50f31d181d06979","hazelcast-wm/src/test/java/com/hazelcast/wm/test/WebFilterTest.java","1","0","0","13","129","186","1"
"hazelcast","22bb2013bb94f5178228794d5a173b1cf9dc38d7","hazelcast-wm/src/test/java/com/hazelcast/wm/test/JettyWebFilterTest.java","1","0","0","13","131","188","2"
"neo4j","6ae0873e303c40548b80c8463588e28bf99217aa","community/neo4j-harness/src/test/java/org/neo4j/harness/JavaFunctionsTest.java","1","0","0","13","132","186","0"
"hazelcast","723fd4c4de7a5b6814ce2a5bc7ee7eb387b9630b","hazelcast-wm/src/test/java/com/hazelcast/wm/test/WebFilterSlowTests.java","1","0","0","13","133","185","2"
"neo4j","33d8b5a7ef36eb1d2c9e72daa01a416a5a403079","community/kernel/src/test/java/org/neo4j/kernel/impl/proc/ProcedureAllowedConfigTest.java","1","0","0","13","136","174","0"
"elasticsearch","00de8e07fc3df9c763bbc0b6890217dc5b6bee3e","modules/ingest-common/src/test/java/org/elasticsearch/ingest/common/GrokProcessorTests.java","1","0","0","13","140","177","4"
"netty","5c05629da1bc9022a053a7dce697a1b33b81bfd4","buffer/src/test/java/io/netty/buffer/ByteBufUtilTest.java","1","0","0","13","148","191","1"
"elasticsearch","db541d6fbe3daecec91bb7701aacfcd284662c2a","core/src/test/java/org/elasticsearch/search/aggregations/MissingValueIT.java","1","0","0","13","153","196","1"
"hazelcast","25986b84c509d9089bdef88bc10045ccbd72c7a3","hazelcast-wm/src/test/java/com/hazelcast/wm/test/WebfilterTestCase.java","1","0","0","13","153","229","0"
"hazelcast","8b8e72e17d417340c01e1da56401995c1d78fcb2","hazelcast-wm/src/test/java/com/hazelcast/wm/test/JettyWebFilterTest.java","1","0","0","13","156","232","1"
"hazelcast","1b24dfd09e973a0a5ac02b1fd118a1acdf5987ba","hazelcast-wm/src/test/java/com/hazelcast/wm/test/WebfilterTestCase.java","1","0","0","13","157","235","1"
"neo4j","8c631e32f9b356043c651d9fff455cd36ca7d59c","community/kernel/src/test/java/org/neo4j/kernel/configuration/ConfigTest.java","1","0","0","13","163","252","1"
"hazelcast","22bdfcfa23a11ee774cc8c5b6308c0925c660aab","hazelcast/src/main/java/com/hazelcast/concurrent/lock/LockStore.java","1","0","0","13","17","49","1"
"elasticsearch","f3a925fdbec7b336e0501118880630a619625cad","core/src/test/java/org/elasticsearch/transport/TransportActionProxyTests.java","1","0","0","13","173","250","1"
"hazelcast","f3d7f868b2946bb666e36c354f3aef8a3c47a8ea","hazelcast/src/main/java/com/hazelcast/impl/MProxy.java","1","0","0","13","18","49","1"
"BroadleafCommerce","016c217175392f8c6e3a7b474904986cf9c8ece1","core/broadleaf-framework/src/main/java/org/broadleafcommerce/core/order/dao/OrderDao.java","1","0","0","13","19","55","1"
"BroadleafCommerce","2958e6ba93799ca6858a34889a2668cd1ce9fb81","core/broadleaf-framework/src/main/java/org/broadleafcommerce/core/order/dao/OrderDao.java","1","0","0","13","19","60","1"
"neo4j","435e87d04ec8909050260ed23b015f8e13f44cb1","community/kernel/src/test/java/org/neo4j/kernel/configuration/ConfigTest.java","1","0","0","13","214","298","1"
"hazelcast","22e89001dc09edfca42917c5382962dc2bd28229","hazelcast/src/test/java/com/hazelcast/query/PredicatesTest.java","1","0","0","13","222","281","4"
"neo4j","5fac37423d3ffeea7973d7dbb3c494ef9376d2a9","community/lucene-index/src/test/java/org/neo4j/index/impl/lucene/legacy/LuceneDataSourceTest.java","1","0","0","13","242","298","0"
"hazelcast","81fe86abd4deed08faf6e617c5d73c2b7d4b5391","hazelcast/src/main/java/com/hazelcast/transaction/impl/Transaction.java","1","0","0","13","26","57","2"
"elasticsearch","0ad231546d70cd45ac5d7a32311c1cebb9b42293","core/src/test/java/org/elasticsearch/index/mapper/DateFieldMapperTests.java","1","0","0","13","268","358","3"
"elasticsearch","0ad231546d70cd45ac5d7a32311c1cebb9b42293","core/src/test/java/org/elasticsearch/index/mapper/ScaledFloatFieldMapperTests.java","1","0","0","13","283","379","1"
"elasticsearch","450f47d5b59f19f4d2056042db69732ac5c21bbf","core/src/test/java/org/elasticsearch/index/mapper/ScaledFloatFieldMapperTests.java","1","0","0","13","283","379","1"
"elasticsearch","2a00c9dc46fe7ac5da04ea3e735985d3f02bc7bf","core/src/test/java/org/elasticsearch/index/mapper/ScaledFloatFieldMapperTests.java","1","0","0","13","283","379","0"
"hazelcast","b777381e2f8cfc3d8bcde3a87c5cc9993e31d4a2","hazelcast/src/main/java/com/hazelcast/client/impl/protocol/template/AtomicReferenceCodecTemplate.java","1","0","0","13","33","64","1"
"hazelcast","317fabec0c90b274c686ba018cc1b465fee244f2","hazelcast/src/main/java/com/hazelcast/client/impl/protocol/template/AtomicReferenceCodecTemplate.java","1","0","0","13","34","65","0"
"BroadleafCommerce","34682289a3be1f350cf132998f1a4315a3c62b91","admin/broadleaf-open-admin-platform/src/main/java/org/broadleafcommerce/openadmin/web/form/entity/DynamicEntityFormInfo.java","1","0","0","13","47","80","0"
"BroadleafCommerce","1c1207650f20f502eb97fcc72152b1aeaaea215c","admin/broadleaf-open-admin-platform/src/main/java/org/broadleafcommerce/openadmin/web/form/entity/DynamicEntityFormInfo.java","1","0","0","13","48","85","1"
"junit","17a2f11783fa8e731fe49cf638d51c78468c8c25","src/test/java/org/junit/tests/running/methods/ExpectedTest.java","1","0","0","13","59","71","1"
"elasticsearch","c09103c35bfe512f8dd83752451dda2893ed7e8e","core/src/main/java/org/elasticsearch/transport/TransportRequestOptions.java","1","0","0","13","63","101","0"
"junit","25495b3e91e346121e3292e8e01a3cc085b644f3","src/test/java/org/junit/tests/junit3compatibility/JUnit4TestAdapterTest.java","1","0","0","13","63","83","0"
"hazelcast","1bdd7b1dfedb13853314bb2abdd57ab496f33be2","hazelcast/src/main/java/com/hazelcast/concurrent/semaphore/operations/SemaphoreDeadMemberOperation.java","1","0","0","13","64","97","1"
"hazelcast","bb3ea0e107980d769862cdbda748cc91529d67b5","hazelcast/src/main/java/com/hazelcast/transaction/impl/xa/ClearRemoteTransactionOperation.java","1","0","0","13","66","103","0"
"hazelcast","fc6416b87c902797899c08d3659417993ef400e6","hazelcast/src/main/java/com/hazelcast/transaction/impl/xa/ClearRemoteTransactionOperation.java","1","0","0","13","66","103","0"
"hazelcast","a11f4b9a8993912ce2725845faccab77e5f24695","hazelcast/src/main/java/com/hazelcast/transaction/impl/xa/ClearRemoteTransactionOperation.java","1","0","0","13","66","103","1"
"hazelcast","bb3ea0e107980d769862cdbda748cc91529d67b5","hazelcast-client-new/src/main/java/com/hazelcast/client/spi/ClientContext.java","1","0","0","13","66","99","0"
"elasticsearch","fac2d954e343fd413415e3ead75b93813b2908fc","modules/lang-painless/src/test/java/org/elasticsearch/painless/FunctionTests.java","1","0","0","13","70","109","0"
"hazelcast","d831651dd5814c8074c8b4727184701986f16039","hazelcast/src/main/java/com/hazelcast/map/impl/client/MapGetEntryViewRequest.java","1","0","0","13","74","107","1"
"hazelcast","10773b4cd855bdfd84ea80d22b8ed3c977459444","hazelcast/src/main/java/com/hazelcast/map/impl/client/MapGetEntryViewRequest.java","1","0","0","13","79","112","0"
"hazelcast","10773b4cd855bdfd84ea80d22b8ed3c977459444","hazelcast/src/main/java/com/hazelcast/map/impl/client/MapContainsKeyRequest.java","1","0","0","13","82","116","0"
"hazelcast","de61a1b959dd71ab2ea7257629566d192bf9d0bd","hazelcast/src/test/java/com/hazelcast/nio/serialization/CustomSerializationTest.java","1","0","0","13","83","118","2"
"hazelcast","089a8de3ef46501653fe15aa30fa20130f5b9d5c","hazelcast/src/test/java/com/hazelcast/jmx/MBeanDestroyTest.java","1","0","0","14","126","161","1"
"hazelcast","04c204fcf1f1d07695eb4355106ffdc8e6bc9365","hazelcast/src/test/java/com/hazelcast/config/WildcardConfigPatternMatcherTest.java","1","0","0","14","134","205","0"
"hazelcast","5aa58b497cf248596c24b6e8ce3e05c35a87d498","hazelcast-wm/src/test/java/com/hazelcast/wm/test/WebFilterSlowTests.java","1","0","0","14","139","194","1"
"hazelcast","a3630b281ca18ffca35e42b5da0575d72ba8d459","hazelcast-wm/src/test/java/com/hazelcast/wm/test/WebFilterSlowTests.java","1","0","0","14","139","194","1"
"hazelcast","fb3f038e383613b6b3d25a4689859744b317e0db","hazelcast-wm/src/test/java/com/hazelcast/wm/test/WebFilterSlowTests.java","1","0","0","14","139","194","0"
"hazelcast","3ea934a482f7fa008a90307a5ad8377609cd917c","hazelcast-wm/src/test/java/com/hazelcast/wm/test/WebFilterSlowTests.java","1","0","0","14","139","195","0"
"hazelcast","8c8fc7ec51a485a1b6a208b87065f60da652d48c","hazelcast-wm/src/test/java/com/hazelcast/wm/test/JettyWebFilterTest.java","1","0","0","14","142","201","2"
"elasticsearch","c49276cda71e2282ec8204e485556965f5541bdb","src/main/java/org/elasticsearch/index/fielddata/plain/IndexIndexFieldData.java","1","0","0","14","149","212","0"
"elasticsearch","04b712bdc5d603786dcd3c3d254468aff7f23bb9","modules/ingest-common/src/test/java/org/elasticsearch/ingest/common/GrokProcessorTests.java","1","0","0","14","152","190","4"
"elasticsearch","6796464f167ce293192c43efd1cf28e4434fd5da","modules/ingest-common/src/test/java/org/elasticsearch/ingest/common/GrokProcessorTests.java","1","0","0","14","152","190","4"
"elasticsearch","9ad49faa8689581c6eaadd0813baf53abda7ff3d","modules/ingest-common/src/test/java/org/elasticsearch/ingest/common/GrokProcessorTests.java","1","0","0","14","152","190","1"
"elasticsearch","d06a8903fdccf5985bb1b9cbfcb92580d08a544c","modules/ingest-common/src/test/java/org/elasticsearch/ingest/common/GrokProcessorTests.java","1","0","0","14","152","190","0"
"netty","6fe0db4001ebb9801705f6f3ca8911ff5fd5fe1e","buffer/src/test/java/io/netty/buffer/ByteBufUtilTest.java","1","0","0","14","160","204","0"
"hazelcast","18f66f19746d93e016ddeea0d0f3028407017aef","hazelcast-wm/src/test/java/com/hazelcast/wm/test/JettyWebFilterTest.java","1","0","0","14","167","244","1"
"elasticsearch","1a47226d9af373e4627cd360ad8a8a7b93ea7882","core/src/test/java/org/elasticsearch/search/aggregations/MissingValueIT.java","1","0","0","14","168","211","2"
"hazelcast","5186e0869fd957fd048d838064815d9922b133ec","hazelcast/src/main/java/com/hazelcast/concurrent/lock/LockStore.java","1","0","0","14","18","51","1"
"hazelcast","5c695f915d3d5ec0116cccdbde70b3551f5dcb5a","hazelcast/src/main/java/com/hazelcast/concurrent/lock/LockStore.java","1","0","0","14","18","51","1"
"hazelcast","ff8a9a229bf9c093f0181e2dbb9bed0112077439","hazelcast/src/main/java/com/hazelcast/concurrent/lock/LockStore.java","1","0","0","14","18","51","1"
"hazelcast","10773b4cd855bdfd84ea80d22b8ed3c977459444","hazelcast/src/main/java/com/hazelcast/concurrent/lock/LockStore.java","1","0","0","14","18","51","0"
"hazelcast","3a1d456848dcafbe8a777d7d33434d63a8db1f0d","hazelcast/src/main/java/com/hazelcast/concurrent/lock/LockStore.java","1","0","0","14","18","51","0"
"hazelcast","381413e66bb1c66823222498fc7fac88c3f3c3c5","hazelcast/src/main/java/com/hazelcast/impl/MProxy.java","1","0","0","14","19","51","0"
"BroadleafCommerce","832701924183bbf8da0a2c6ae41a68d175050475","core/broadleaf-framework/src/main/java/org/broadleafcommerce/core/order/dao/OrderDao.java","1","0","0","14","20","57","1"
"hazelcast","9a98cd8ff5b10aaa7334cf46153d8912ab903275","hazelcast/src/test/java/com/hazelcast/map/MapTransactionLockingTest.java","1","0","0","14","211","258","0"
"neo4j","545b32b7a2a525b77854e0f2772ec9bdbdc8c101","community/kernel/src/test/java/org/neo4j/kernel/configuration/ConfigTest.java","1","0","0","14","224","311","0"
"neo4j","291436fa1b5694916e8dccd4cde6078303f55baf","community/kernel/src/test/java/org/neo4j/kernel/impl/api/state/IndexQueryTransactionStateTest.java","1","0","0","14","229","354","2"
"neo4j","871317377415ca324a48145401e20e173cb1fec2","community/kernel/src/test/java/org/neo4j/kernel/impl/api/state/IndexQueryTransactionStateTest.java","1","0","0","14","242","368","1"
"neo4j","7723d89e6d1d951e8923fb102da0228db2e4e8f9","community/kernel/src/test/java/org/neo4j/kernel/impl/api/state/IndexQueryTransactionStateTest.java","1","0","0","14","244","374","2"
"neo4j","4f04ee08438d4e1c99095d9d8a9f2ec223af89a9","community/kernel/src/test/java/org/neo4j/kernel/impl/api/state/IndexQueryTransactionStateTest.java","1","0","0","14","249","379","1"
"hazelcast","d38202141395360399c9cf97d4453adf5b1581e1","hazelcast/src/main/java/com/hazelcast/client/impl/protocol/parameters/SetTemplate.java","1","0","0","14","35","69","1"
"hazelcast","5566f08f15e0f7312663ed1a845e21eea6fc1a5b","hazelcast/src/main/java/com/hazelcast/client/impl/protocol/template/ClientMessageTemplate.java","1","0","0","14","37","70","1"
"hazelcast","a7f07bfdce4479c7a792837c9eb15b3b2eb45392","hazelcast/src/main/java/com/hazelcast/client/impl/protocol/template/ClientMessageTemplate.java","1","0","0","14","37","70","2"
"hazelcast","317fabec0c90b274c686ba018cc1b465fee244f2","hazelcast/src/main/java/com/hazelcast/client/impl/protocol/template/ClientMessageTemplate.java","1","0","0","14","37","70","0"
"hazelcast","5566f08f15e0f7312663ed1a845e21eea6fc1a5b","hazelcast/src/main/java/com/hazelcast/client/impl/protocol/template/SetCodecTemplate.java","1","0","0","14","38","72","1"
"hazelcast","a7f07bfdce4479c7a792837c9eb15b3b2eb45392","hazelcast/src/main/java/com/hazelcast/client/impl/protocol/template/SetCodecTemplate.java","1","0","0","14","38","72","2"
"hazelcast","b777381e2f8cfc3d8bcde3a87c5cc9993e31d4a2","hazelcast/src/main/java/com/hazelcast/client/impl/protocol/template/SetCodecTemplate.java","1","0","0","14","38","72","1"
"hazelcast","317fabec0c90b274c686ba018cc1b465fee244f2","hazelcast/src/main/java/com/hazelcast/client/impl/protocol/template/SetCodecTemplate.java","1","0","0","14","38","72","0"
"hazelcast","40ddd41143d152c86066711c2d930b896e2bb556","hazelcast-client-legacy/src/test/java/com/hazelcast/client/cache/nearcache/ClientNearCacheTest.java","1","0","0","14","63","96","1"
"hazelcast","51394bc1bdb7ac6fa02b80d6855b6520bf2ea9c3","hazelcast/src/main/java/com/hazelcast/nio/tcp/DefaultSocketChannelWrapper.java","1","0","0","14","67","100","0"
"elasticsearch","4b94eb5cb8cc4294ed0e932a5f22c16bd90d4dd7","core/src/main/java/org/elasticsearch/action/admin/indices/alias/get/GetAliasesRequest.java","1","0","0","14","70","107","2"
"elasticsearch","860efb2ad28db09189c8423e05d0dba53010259c","core/src/main/java/org/elasticsearch/action/admin/indices/alias/get/GetAliasesRequest.java","1","0","0","14","70","107","2"
"elasticsearch","d3417fb02291f26964d77767020ef345d18c148f","core/src/main/java/org/elasticsearch/action/admin/indices/alias/get/GetAliasesRequest.java","1","0","0","14","70","107","0"
"hazelcast","22bdfcfa23a11ee774cc8c5b6308c0925c660aab","hazelcast/src/main/java/com/hazelcast/concurrent/lock/LockStoreProxy.java","1","0","0","14","75","110","1"
"hazelcast","d070f1256c8c7fa823e6463487462826384ee1df","hazelcast/src/test/java/com/hazelcast/map/impl/nearcache/invalidation/AbstractNearCacheInvalidatorTest.java","1","0","0","14","95","123","0"
"hazelcast","4f2bfcca2ebb0eac317082a878468c4dcda037a1","hazelcast-client/src/test/java/com/hazelcast/client/impl/querycache/ClientQueryCacheContextTest.java","1","0","0","15","121","172","1"
"hazelcast","00dcac7003d900a9c4f7b22645cb9d7e4fef8d8f","hazelcast-client/src/test/java/com/hazelcast/client/impl/querycache/ClientQueryCacheContextTest.java","1","0","0","15","122","172","0"
"hazelcast","0b7ac71e8812dcc24e7ec255c3c4e2fc118385e5","hazelcast-client/src/test/java/com/hazelcast/client/impl/querycache/ClientQueryCacheContextTest.java","1","0","0","15","122","172","0"
"hazelcast","dcfdc5d7842f3a769acd3f4023c27434c17da3d6","hazelcast-client/src/test/java/com/hazelcast/client/impl/querycache/ClientQueryCacheContextTest.java","1","0","0","15","122","172","1"
"hazelcast","04c204fcf1f1d07695eb4355106ffdc8e6bc9365","hazelcast/src/test/java/com/hazelcast/config/MatchingPointConfigPatternMatcherTest.java","1","0","0","15","146","221","0"
"hazelcast","128f47cd989bfc1129d6352093c9e53a4a352ffb","hazelcast-wm/src/test/java/com/hazelcast/wm/test/WebFilterSlowTests.java","1","0","0","15","147","202","0"
"hazelcast","485f426abc042144ebf9fd213e724556ad967191","hazelcast/src/test/java/com/hazelcast/util/scheduler/SecondsBasedEntryTaskSchedulerTest.java","1","0","0","15","148","183","1"
"hazelcast","51bdf8a403e085bb80d7dfad88cfd3a816bfaec8","hazelcast/src/test/java/com/hazelcast/util/scheduler/SecondsBasedEntryTaskSchedulerTest.java","1","0","0","15","148","183","1"
"hazelcast","68a3a200050b20a56ace06c324564dba85ae2d26","hazelcast/src/test/java/com/hazelcast/util/scheduler/SecondsBasedEntryTaskSchedulerTest.java","1","0","0","15","148","183","1"
"hazelcast","8d373b62327a5c012a5b8f2bad456311df03bf61","hazelcast/src/test/java/com/hazelcast/util/scheduler/SecondsBasedEntryTaskSchedulerTest.java","1","0","0","15","148","183","1"
"hazelcast","707932eed4859d26c9c896f844d9433f2795b290","hazelcast/src/test/java/com/hazelcast/util/scheduler/SecondsBasedEntryTaskSchedulerTest.java","1","0","0","15","148","183","0"
"hazelcast","30a5a07f7bb931038354584f4e49fe355b21ee32","hazelcast-wm/src/test/java/com/hazelcast/wm/test/WebFilterSlowTests.java","1","0","0","15","150","179","1"
"netty","81e2db10faaf0389f4e1af8c7132210946203157","buffer/src/main/java/io/netty/buffer/ByteBufAllocator.java","1","0","0","15","18","38","0"
"elasticsearch","5badf68bd9c26578723f2b63c18ff7624cba7810","core/src/test/java/org/elasticsearch/transport/TransportActionProxyTests.java","1","0","0","15","184","262","0"
"hazelcast","d8a2f9201202c98698c5f5e6f4fe8c38801a44e7","hazelcast/src/main/java/com/hazelcast/concurrent/lock/LockStore.java","1","0","0","15","19","53","1"
"neo4j","769dbdbf463a23dc760d655a5a7ecefac80ca7e5","community/kernel/src/test/java/org/neo4j/kernel/impl/api/index/ContractCheckingIndexProxyTest.java","1","0","0","15","208","318","0"
"hazelcast","b777381e2f8cfc3d8bcde3a87c5cc9993e31d4a2","hazelcast/src/main/java/com/hazelcast/client/impl/protocol/template/ClientMessageTemplate.java","1","0","0","15","39","73","1"
"elasticsearch","f1f50ac4231d0595758761aee811b938818ba7fe","src/main/java/org/elasticsearch/index/query/functionscore/ScoreFunctionBuilders.java","1","0","0","15","55","92","1"
"elasticsearch","4b94eb5cb8cc4294ed0e932a5f22c16bd90d4dd7","core/src/main/java/org/elasticsearch/action/admin/indices/cache/clear/ClearIndicesCacheRequest.java","1","0","0","15","70","109","2"
"elasticsearch","860efb2ad28db09189c8423e05d0dba53010259c","core/src/main/java/org/elasticsearch/action/admin/indices/cache/clear/ClearIndicesCacheRequest.java","1","0","0","15","70","109","2"
"elasticsearch","d3417fb02291f26964d77767020ef345d18c148f","core/src/main/java/org/elasticsearch/action/admin/indices/cache/clear/ClearIndicesCacheRequest.java","1","0","0","15","70","109","0"
"hazelcast","70d4de16ff0ac4518d09aad8c9f2ad9e782fb337","hazelcast/src/test/java/com/hazelcast/cache/nearcache/NearCacheTest.java","1","0","0","15","79","98","1"
"hazelcast","38a75503d7261b17fedc3ac4799847d806726357","hazelcast/src/main/java/com/hazelcast/concurrent/lock/LockStoreProxy.java","1","0","0","15","80","116","2"
"hazelcast","4db049b2eddcc0233fd1812636f5d48fd940384c","hazelcast/src/main/java/com/hazelcast/concurrent/lock/LockStoreProxy.java","1","0","0","15","80","116","2"
"hazelcast","ff8a9a229bf9c093f0181e2dbb9bed0112077439","hazelcast/src/main/java/com/hazelcast/concurrent/lock/LockStoreProxy.java","1","0","0","15","80","116","1"
"hazelcast","10773b4cd855bdfd84ea80d22b8ed3c977459444","hazelcast/src/main/java/com/hazelcast/concurrent/lock/LockStoreProxy.java","1","0","0","15","80","116","0"
"netty","c71dc9d4b67bb8486caeb2fb4fbfcf8f094c7291","buffer/src/test/java/io/netty/buffer/ReadOnlyDirectByteBufferBufTest.java","1","0","0","16","105","147","0"
"netty","c01d37ad050bdf17e1340c96d23746ffcb8e6224","buffer/src/test/java/io/netty/buffer/ReadOnlyDirectByteBufferBufTest.java","1","0","0","16","106","146","1"
"hazelcast","6a96ff2593db59bc55c3783b4420a915caa1f77b","hazelcast/src/test/java/com/hazelcast/map/impl/query/QueryEventFilterTest.java","1","0","0","16","139","213","0"
"hazelcast","d86471c6c85a31fb2ddcbbfd04a01d2242fe66dc","hazelcast/src/test/java/com/hazelcast/client/impl/MemberImplTest.java","1","0","0","16","146","183","0"
"netty","8c8779669e1acdd8307e5faafb7ca9b378348831","common/src/test/java/io/netty/util/internal/logging/Log4J2LoggerTest.java","1","0","0","16","148","226","1"
"hazelcast","b35fc8b41b2a3d8aaa779330b394467579b97778","hazelcast/src/test/java/com/hazelcast/util/collection/InflatableSetTest.java","1","0","0","16","150","192","1"
"hazelcast","317fabec0c90b274c686ba018cc1b465fee244f2","hazelcast-client-new/src/test/java/com/hazelcast/client/executor/ClientExecutorServiceExecuteTest.java","1","0","0","16","153","215","0"
"hazelcast","b777381e2f8cfc3d8bcde3a87c5cc9993e31d4a2","hazelcast-client-new/src/test/java/com/hazelcast/client/executor/ClientExecutorServiceExecuteTest.java","1","0","0","16","154","216","1"
"hazelcast","3a22f63d551457ef86e8450c431ceb5b65149adc","hazelcast-wm/src/test/java/com/hazelcast/wm/test/WebFilterSlowTests.java","1","0","0","16","156","186","0"
"antlr4","29c2712ae1eee9575324db48c2f72c7cb0d28308","tool/test/org/antlr/v4/test/rt/java/TestFullContextParsing.java","1","0","0","16","186","208","0"
"elasticsearch","d6ddce2be8c5d73381063b8c1f4e511e98e0e02c","core/src/test/java/org/elasticsearch/search/aggregations/bucket/IpRangeIT.java","1","0","0","16","197","256","1"
"elasticsearch","bb3a59fa705f5276143f7e9b8e1f06ef519987e6","core/src/test/java/org/elasticsearch/search/aggregations/bucket/IpRangeIT.java","1","0","0","16","200","259","1"
"elasticsearch","a1af77882c476604c212e1996f873ce97e7716fe","core/src/test/java/org/elasticsearch/search/aggregations/bucket/IpRangeIT.java","1","0","0","16","201","260","0"
"hazelcast","07c40ffd56d6822933d92704213ca873a8164c0f","hazelcast/src/test/java/com/hazelcast/query/SqlPredicateTest.java","1","0","0","16","203","253","2"
"hazelcast","22e89001dc09edfca42917c5382962dc2bd28229","hazelcast/src/test/java/com/hazelcast/query/SqlPredicateTest.java","1","0","0","16","203","253","2"
"hazelcast","9721ede14605de666f793eea185c5b382b74fd59","hazelcast/src/test/java/com/hazelcast/query/SqlPredicateTest.java","1","0","0","16","203","253","2"
"hazelcast","54c4f81c6719cf7d5000158feb99ed09dc502ca7","hazelcast/src/test/java/com/hazelcast/query/SqlPredicateTest.java","1","0","0","16","203","253","0"
"neo4j","8a31284a00600fe653939a9b2206e0382deded40","community/server/src/test/java/org/neo4j/server/rest/dbms/UserServiceTest.java","1","0","0","16","221","346","0"
"hazelcast","5b6bff564b9af59d4bd099e15b3417611d7ec22c","hazelcast/src/main/java/com/hazelcast/internal/partition/InternalPartitionService.java","1","0","0","16","25","69","1"
"hazelcast","f4c4f6884c633287e7632d62481e06c9f0b762f5","hazelcast/src/main/java/com/hazelcast/internal/partition/InternalPartitionService.java","1","0","0","16","27","86","1"
"antlr4","29c2712ae1eee9575324db48c2f72c7cb0d28308","tool/test/org/antlr/v4/test/rt/java/TestCompositeParsers.java","1","0","0","16","286","326","0"
"hazelcast","ace44fd3b67cf101b2a239454dd38fc2c033feb8","hazelcast/src/main/java/com/hazelcast/query/EntryObject.java","1","0","0","16","55","89","0"
"elasticsearch","c97833596869141f747110d0046dd9de325a7f3c","core/src/test/java/org/elasticsearch/test/NoopDiscovery.java","1","0","0","16","65","110","1"
"junit","a29f45a3be64caa53feee6f6cc4d70cc43542362","src/test/java/org/junit/tests/running/methods/ExpectedTest.java","1","0","0","16","70","84","0"
"hazelcast","d952e04f172888b73bbc45fd9d450292bf3b70ba","hazelcast-client-legacy/src/test/java/com/hazelcast/client/cache/nearcache/ClientNearCacheTest.java","1","0","0","16","71","106","0"
"BroadleafCommerce","f0a43a10b18a55908684479d3eadcb3822d3cd60","core/broadleaf-framework/src/main/java/org/broadleafcommerce/core/workflow/BaseActivity.java","1","0","0","16","72","110","0"
"BroadleafCommerce","cd4dba4517e56b14042e5ed1567e933ca3904efd","core/broadleaf-framework/src/main/java/org/broadleafcommerce/core/workflow/BaseActivity.java","1","0","0","16","72","111","0"
"hazelcast","6c207cf36d121d04dce3e75c0ad894b87a8472fc","hazelcast/src/main/java/com/hazelcast/monitor/impl/LocalExecutorStatsImpl.java","1","0","0","16","74","110","0"
"hazelcast","05f9e6021e6859216b8c564cec3c51f83a0f7ebb","hazelcast/src/main/java/com/hazelcast/monitor/impl/NearCacheStatsImpl.java","1","0","0","16","89","114","1"
"hazelcast","5c44b6e979be354adce716bc55e3cb12cf4a2d75","hazelcast/src/main/java/com/hazelcast/monitor/impl/NearCacheStatsImpl.java","1","0","0","16","89","114","1"
"hazelcast","69a23b36927ba641fc54f9e9c664dbddd18351fc","hazelcast/src/main/java/com/hazelcast/monitor/impl/NearCacheStatsImpl.java","1","0","0","16","89","114","2"
"hazelcast","9e1dd7c0cedabec58c432e522e3cdd7cbb5b2a1c","hazelcast/src/main/java/com/hazelcast/monitor/impl/NearCacheStatsImpl.java","1","0","0","16","89","114","1"
"hazelcast","c5949254422f87324722754f5faa05e03651159c","hazelcast/src/main/java/com/hazelcast/monitor/impl/NearCacheStatsImpl.java","1","0","0","16","89","114","1"
"hazelcast","e7d3d25abaaedda22678676783d2011dbb173d7f","hazelcast/src/main/java/com/hazelcast/monitor/impl/NearCacheStatsImpl.java","1","0","0","16","89","114","0"
"hazelcast","7c1baa91dc4cb5d9c03b04a955a9c3e3824dde65","hazelcast/src/main/java/com/hazelcast/scheduledexecutor/impl/TaskDefinition.java","1","0","0","16","90","134","1"
"hazelcast","1c3dd8c96a86869b2914bd7810ba433ed1482921","hazelcast/src/test/java/com/hazelcast/util/collection/ArrayUtilsTest.java","1","0","0","17","146","196","0"
"neo4j","6ae0873e303c40548b80c8463588e28bf99217aa","community/neo4j-harness/src/test/java/org/neo4j/harness/JavaProceduresTest.java","1","0","0","17","152","208","0"
"hazelcast","4b37b0ebf8a268dba38bcdd279b2ad087568b60a","hazelcast/src/test/java/com/hazelcast/util/collection/InflatableSetTest.java","1","0","0","17","154","197","0"
"neo4j","c4f478d13eb6daee59bdee054591cec26f5a7b4d","community/lucene-index/src/test/java/org/neo4j/kernel/api/impl/schema/LuceneDocumentStructureTest.java","1","0","0","17","167","256","1"
"hazelcast","bf2d64e6c2d1fa8c279c6ea3e7d37f0ae6f6f3a8","hazelcast-client-legacy/src/test/java/com/hazelcast/client/replicatedmap/ClientReplicatedMapListenerTest.java","1","0","0","17","169","211","0"
"netty","67da6e4bf945f771607454dff40334990396ce7b","buffer/src/main/java/io/netty/buffer/ByteBufAllocator.java","1","0","0","17","19","38","0"
"neo4j","19fb0ceff8a8fedae97ae84256db8815670cf01c","community/bolt/src/test/java/org/neo4j/bolt/v1/runtime/internal/SessionStateMachineTest.java","1","0","0","17","205","306","1"
"neo4j","a7e676dfc3abe0f5fcffe9e97ba85ad08c76d779","community/bolt/src/test/java/org/neo4j/bolt/v1/runtime/internal/SessionStateMachineTest.java","1","0","0","17","205","320","1"
"BroadleafCommerce","b75b9bf7592f69b51cbc38e491d3afba77bb1747","core/broadleaf-framework/src/main/java/org/broadleafcommerce/core/store/domain/Store.java","1","0","0","17","22","55","0"
"neo4j","93b8e01aa126e5059b42d475224f6128595d8302","community/cypher/cypher/src/test/java/org/neo4j/cypher/export/ExportTest.java","1","0","0","17","227","280","1"
"neo4j","2e27f92cd55a1b84efcb0d4b6bc95b16450304a2","community/server/src/test/java/org/neo4j/server/rest/dbms/UserServiceTest.java","1","0","0","17","246","379","1"
"neo4j","660d2553ac4e5d2024cee6c770149ae313abe0e1","community/server/src/test/java/org/neo4j/server/rest/dbms/UserServiceTest.java","1","0","0","17","246","379","1"
"neo4j","1f22cd0deabcf1e618e4053524cdbfea4940c059","community/server/src/test/java/org/neo4j/server/rest/dbms/UserServiceTest.java","1","0","0","17","246","379","0"
"hazelcast","e556854ec52346c5a4fc1ea4120d244eb7c87871","hazelcast/src/main/java/com/hazelcast/client/ClientEndpoint.java","1","0","0","17","25","45","1"
"BroadleafCommerce","0b82dddef8d8a719cf608eae326d394cb23b6218","core/broadleaf-framework/src/main/java/org/broadleafcommerce/core/offer/domain/OfferCode.java","1","0","0","17","25","62","2"
"hazelcast","9db1e6ff3a03e162ebe27e01ea7adf623ac550a1","hazelcast/src/main/java/com/hazelcast/internal/partition/InternalPartitionService.java","1","0","0","17","26","71","0"
"hazelcast","99fae76bc99e0074096750e1ee87859299d4cd8f","hazelcast/src/main/java/com/hazelcast/internal/partition/InternalPartitionService.java","1","0","0","17","29","89","0"
"hazelcast","97c89f45d5c012ffb41915e095688f1f7b010a7f","hazelcast/src/main/java/com/hazelcast/internal/partition/InternalPartitionService.java","1","0","0","17","29","91","0"
"elasticsearch","8aff3b6273c7e2553d651e6901ebaf5ae07d7de4","src/main/java/org/elasticsearch/index/query/functionscore/ScoreFunctionBuilders.java","1","0","0","17","61","100","0"
"elasticsearch","5a91ad11152fb54724083b696339b78829c8b905","core/src/test/java/org/elasticsearch/test/NoopDiscovery.java","1","0","0","17","68","115","0"
"elasticsearch","821021f0e478ca44d828e62c139ea19f0fd7290a","core/src/main/java/org/elasticsearch/common/DelegatingHasContextAndHeaders.java","1","0","0","17","70","113","0"
"hazelcast","8d373b62327a5c012a5b8f2bad456311df03bf61","hazelcast/src/main/java/com/hazelcast/spi/impl/executionservice/impl/DelegatingTaskScheduler.java","1","0","0","17","89","128","1"
"netty","6fd8bb8c630d3e43e35fd34f6277a1a4dd0daca9","buffer/src/test/java/io/netty/buffer/WrappedUnpooledUnsafeByteBufTest.java","1","0","0","17","91","127","1"
"junit","34e66740b9117ce85cfd416f9e931b2e533ab16e","src/test/java/org/junit/tests/experimental/theories/runner/WithDataPointMethod.java","1","0","0","17","94","115","0"
"antlr4","9519bfc36fcab155a4c37fbb32e5e83e02d58a6f","tool-testsuite/test/org/antlr/v4/test/tool/TestEscapeSequenceParsing.java","1","0","0","18","112","138","0"
"antlr4","8af00801037d3b8933f29d0903daac3e9c05349e","tool-testsuite/test/org/antlr/v4/test/tool/TestEscapeSequenceParsing.java","1","0","0","18","112","139","0"
"hazelcast","e9373f307a94ad4e306bb8ee2c8161cbe4fefa0d","hazelcast/src/test/java/com/hazelcast/scheduledexecutor/impl/ScheduledTaskHandlerImplTest.java","1","0","0","18","142","183","1"
"neo4j","2c53d38d8973733dc91743481322988a392fc5b6","community/lucene-index/src/test/java/org/neo4j/kernel/api/impl/schema/LuceneDocumentStructureTest.java","1","0","0","18","180","270","0"
"elasticsearch","d6d0c13bd63f28347ebdb0f9364e44921c248b8b","modules/ingest-common/src/test/java/org/elasticsearch/ingest/common/GrokProcessorTests.java","1","0","0","18","198","241","0"
"netty","35c01660da784a5ae12829589ad86ea15b56cedb","buffer/src/main/java/io/netty/buffer/ByteBufAllocator.java","1","0","0","18","20","40","1"
"hazelcast","72164ddd01562b066c2e6478184c2a8c4c22fc35","hazelcast/src/test/java/com/hazelcast/replicatedmap/ReplicatedMapListenerTest.java","1","0","0","18","201","244","0"
"neo4j","bcad1b76ce3ad194285f6095394ba6311e84dd81","enterprise/security/src/test/java/org/neo4j/server/security/enterprise/auth/ConfiguredProceduresTestBase.java","1","0","0","18","206","292","1"
"neo4j","9641576829b1d439954ac158311a4e986f7cb629","community/bolt/src/test/java/org/neo4j/bolt/v1/runtime/internal/SessionStateMachineTest.java","1","0","0","18","209","331","0"
"neo4j","0bcaf3798232de098570364734f6391b4ec73761","community/bolt/src/test/java/org/neo4j/bolt/v1/runtime/internal/SessionStateMachineTest.java","1","0","0","18","216","323","0"
"hazelcast","d0b978ac681dd63e8d14a0c4925cba57f5cb8bf5","hazelcast/src/main/java/com/hazelcast/client/ClientEndpoint.java","1","0","0","18","26","47","0"
"hazelcast","ec644efadd309597411169c3f8df602b1bfc6ef4","hazelcast/src/main/java/com/hazelcast/internal/partition/InternalPartitionService.java","1","0","0","18","30","91","2"
"hazelcast","b2df21c79a156ed5b81d91a242ba9d3ed2345b1b","hazelcast/src/main/java/com/hazelcast/internal/partition/InternalPartitionService.java","1","0","0","18","30","93","1"
"hazelcast","d568e4d926d925d57d4e79e34614390416749301","hazelcast/src/main/java/com/hazelcast/internal/serialization/InternalSerializationService.java","1","0","0","18","32","71","0"
"hazelcast","d38202141395360399c9cf97d4453adf5b1581e1","hazelcast/src/main/java/com/hazelcast/client/impl/protocol/parameters/ReplicatedMapTemplate.java","1","0","0","18","43","82","1"
"hazelcast","b777381e2f8cfc3d8bcde3a87c5cc9993e31d4a2","hazelcast/src/main/java/com/hazelcast/client/impl/protocol/template/ReplicatedMapCodecTemplate.java","1","0","0","18","49","88","1"
"hazelcast","c2a7459a4d32314ac44789ad71cba56032048e8a","hazelcast/src/main/java/com/hazelcast/client/impl/protocol/template/ReplicatedMapCodecTemplate.java","1","0","0","18","49","88","2"
"hazelcast","dc17443670da541578f177d36f6b24c57a7f31b4","hazelcast/src/main/java/com/hazelcast/client/impl/protocol/template/ReplicatedMapCodecTemplate.java","1","0","0","18","49","88","2"
"hazelcast","317fabec0c90b274c686ba018cc1b465fee244f2","hazelcast/src/main/java/com/hazelcast/client/impl/protocol/template/ReplicatedMapCodecTemplate.java","1","0","0","18","49","88","0"
"netty","6246825fda9332a421272ec649bd6ec0b3dd405a","common/src/test/java/io/netty/util/internal/TypeParameterMatcherTest.java","1","0","0","18","76","109","1"
"hazelcast","e641541f77808713a214b6d1b4ef4d58497824f1","hazelcast/src/main/java/com/hazelcast/spi/impl/executionservice/impl/DelegatingTaskScheduler.java","1","0","0","18","95","135","0"
"hazelcast","83504ab6376beba2d569ea38dc59529a2f97fb4f","hazelcast-client/src/test/java/com/hazelcast/client/map/impl/nearcache/ClientMapNearCacheLiteMemberTest.java","1","0","0","19","106","153","0"
"antlr4","29c2712ae1eee9575324db48c2f72c7cb0d28308","tool/test/org/antlr/v4/test/tool/TestATNDeserialization.java","1","0","0","19","136","190","0"
"hazelcast","4a1593fa6ba5c277c4ad2fc320d803b0e63b9339","hazelcast/src/test/java/com/hazelcast/replicatedmap/impl/record/ReplicatedRecordTest.java","1","0","0","19","141","177","0"
"neo4j","0bcaf3798232de098570364734f6391b4ec73761","community/kernel/src/test/java/org/neo4j/kernel/impl/proc/ProcedureJarLoaderTest.java","1","0","0","19","146","215","1"
"hazelcast","e4b10eb1bd1583bbfca340d4cde3ad3111ed215c","hazelcast/src/test/java/com/hazelcast/scheduledexecutor/impl/ScheduledTaskHandlerImplTest.java","1","0","0","19","150","192","0"
"neo4j","a77d5707421b3d9c1d1ef290709b1ba550ae6c49","enterprise/security/src/test/java/org/neo4j/server/security/enterprise/auth/ConfiguredProceduresTestBase.java","1","0","0","19","239","328","0"
"neo4j","c3a5cbf00866abb108bf34ce2e0680026fdd2025","community/cypher/cypher/src/test/java/org/neo4j/cypher/GraphDatabaseServiceExecuteTest.java","1","0","0","19","252","359","0"
"neo4j","ffb1ce9ef51a4beef61b5067b35e5e116ba8e2a4","community/cypher/cypher/src/test/java/org/neo4j/cypher/GraphDatabaseServiceExecuteTest.java","1","0","0","19","256","369","0"
"neo4j","e5ea526b14ce752e94a5460b1c85bf4567d8f97d","community/cypher/cypher/src/test/java/org/neo4j/cypher/GraphDatabaseServiceExecuteTest.java","1","0","0","19","260","373","1"
"hazelcast","70d4de16ff0ac4518d09aad8c9f2ad9e782fb337","hazelcast/src/main/java/com/hazelcast/internal/serialization/SerializationServiceBuilder.java","1","0","0","19","29","67","1"
"hazelcast","d568e4d926d925d57d4e79e34614390416749301","hazelcast/src/main/java/com/hazelcast/internal/serialization/SerializationServiceBuilder.java","1","0","0","19","30","68","0"
"hazelcast","46535d992347d80c09f89629618370faf178b7c8","hazelcast/src/main/java/com/hazelcast/client/impl/protocol/template/ReplicatedMapCodecTemplate.java","1","0","0","19","51","91","1"
"hazelcast","5566f08f15e0f7312663ed1a845e21eea6fc1a5b","hazelcast/src/main/java/com/hazelcast/client/impl/protocol/template/ReplicatedMapCodecTemplate.java","1","0","0","19","51","91","1"
"hazelcast","a7f07bfdce4479c7a792837c9eb15b3b2eb45392","hazelcast/src/main/java/com/hazelcast/client/impl/protocol/template/ReplicatedMapCodecTemplate.java","1","0","0","19","51","91","2"
"hazelcast","3c9f5cec1f87144b48c35167651e8244ad9e5e07","hazelcast/src/main/java/com/hazelcast/client/impl/protocol/template/ReplicatedMapCodecTemplate.java","1","0","0","19","51","91","0"
"junit","b22184577c3e73ae802c1c1246c72c3dcc5f4ed2","src/test/java/org/junit/tests/running/classes/TestClassTest.java","1","0","0","19","69","87","1"
"netty","b712b030fafb40b73dd5e209131cba8edd65489a","common/src/test/java/io/netty/util/internal/TypeParameterMatcherTest.java","1","0","0","19","82","116","0"
"netty","463b5cf21b6fe6e0e8b08615f3e47beb31f39025","buffer/src/test/java/io/netty/buffer/WrappedUnpooledUnsafeByteBufTest.java","1","0","0","19","99","139","0"
"orientdb","62eb95b6bfd366e8a94d2f89fcc245f3acafd0c0","core/src/test/java/com/orientechnologies/orient/core/sql/parser/ORollbackStatementTest.java","1","0","0","2","10","15","0"
"netty","2adebc4c54ae98565db8e2a3c02b2ffaa0c101fe","transport/src/main/java/io/netty/channel/ChannelOutboundByteHandlerAdapter.java","1","0","0","2","10","28","1"
"oryx","ba899dd5f05492b8c6e3e410d6a833c63392bf63","oryx-lambda-serving/src/test/java/com/cloudera/oryx/lambda/serving/HelloWorld.java","1","0","0","2","10","30","0"
"hazelcast","b0d2be02333028272031f78c6d7d92c640347cd5","hazelcast/src/main/java/com/hazelcast/internal/networking/spinning/SpinningChannelFactory.java","1","0","0","2","10","31","0"
"hazelcast","2709bc81cd499a3160827de24422cdb6cf98fe36","hazelcast-hibernate/hazelcast-hibernate3/src/main/java/com/hazelcast/hibernate/region/HazelcastQueryResultsRegion.java","1","0","0","2","10","33","1"
"hazelcast","77bf666fd9c23d8e896d84e6ea0f9df6179b2023","hazelcast-hibernate/hazelcast-hibernate3/src/main/java/com/hazelcast/hibernate/region/HazelcastQueryResultsRegion.java","1","0","0","2","10","35","0"
"MapDB","4659fa952aa0186235b25becea69b6a1c0dbf712","src/test/java/org/mapdb/IssuesTest.java","1","0","0","2","11","19","2"
"netty","c735b3e14762bdc45716371c11e65366ac1782f5","codec-http/src/test/java/io/netty/handler/codec/http/multipart/MemoryFileUploadTest.java","1","0","0","2","11","30","0"
"neo4j","35ff76e0b8d4ea42263048ad00507e28f4ec59cb","community/kernel/src/main/java/org/neo4j/kernel/impl/transaction/xaframework/IllegalLogFormatException.java","1","0","0","2","11","33","1"
"elasticsearch","13a347239a48d71486692a72c066e940dec8921b","plugins/cloud-azure/src/test/java/org/elasticsearch/index/store/SmbSimpleFsTest.java","1","0","0","2","11","34","2"
"elasticsearch","13a347239a48d71486692a72c066e940dec8921b","plugins/cloud-azure/src/test/java/org/elasticsearch/index/store/SmbMMapFsTest.java","1","0","0","2","11","36","2"
"hazelcast","f2822427f5d349784b7b746e5183419e9e7c6f08","hazelcast/src/test/java/com/hazelcast/query/IndexTest.java","1","0","0","2","113","136","1"
"hazelcast","f037df903225ed43b334b83fcc3a038db05b6124","hazelcast/src/test/java/com/hazelcast/query/IndexTest.java","1","0","0","2","116","139","0"
"ceylon-ide-eclipse","f8f523d866e80dda8275be6d18e3cbc6d34fa743","plugins/com.redhat.ceylon.eclipse.ui/source/com/redhat/ceylon/eclipse/code/complete/EclipseCompletionProcessor.java","1","0","0","2","12","18","0"
"ceylon-ide-eclipse","89519750f096617996b145fcd5934d0406bac2c0","plugins/com.redhat.ceylon.eclipse.ui/source/com/redhat/ceylon/eclipse/code/complete/EclipseCompletionProcessor.java","1","0","0","2","12","18","0"
"orientdb","93ffa8ef31f575e656701e8a8074cbc19653f2f8","client/src/test/java/com/orientechnologies/orient/client/remote/RemoteConnetWrongUrlTest.java","1","0","0","2","12","18","0"
"ceylon-ide-eclipse","f2e75f337febd75c4385a98f3d9fe5b9ca6fecc7","plugins/com.redhat.ceylon.eclipse.ui/source/com/redhat/ceylon/eclipse/code/complete/EclipseCompletionProcessor.java","1","0","0","2","12","18","2"
"ceylon-ide-eclipse","0d38532ee118e04d37ee7d71c9199357b9afe3e5","plugins/com.redhat.ceylon.eclipse.ui/source/com/redhat/ceylon/eclipse/code/complete/EclipseCompletionProcessor.java","1","0","0","2","12","18","2"
"orientdb","27545d6bac96e9ee001fe05121b9ece6c8da5c89","core/src/test/java/com/orientechnologies/orient/core/sql/parser/ODropSequenceStatementTest.java","1","0","0","2","12","20","0"
"elasticsearch","4b94eb5cb8cc4294ed0e932a5f22c16bd90d4dd7","core/src/main/java/org/apache/lucene/queryparser/classic/ExistsFieldQueryExtension.java","1","0","0","2","12","36","2"
"elasticsearch","60cbb2d7bcadcd04fbd6cfb2c20bb3f95c49dda1","plugins/repository-azure/src/main/java/org/elasticsearch/cloud/azure/storage/AzureStorageSettingsFilter.java","1","0","0","2","12","36","1"
"elasticsearch","06e526ba5805e5ea34dc8ca7db8414fda3c0b838","core/src/test/java/org/elasticsearch/bootstrap/BootstrapSettingsTests.java","1","0","0","2","12","36","0"
"elasticsearch","396cf117c9b77b0b88750c474893b2d89e663d0e","src/test/java/org/elasticsearch/index/store/SmbMMapFsTest.java","1","0","0","2","12","37","0"
"elasticsearch","bbf42d379dc5fac7cddf768b244aa1649efdb10d","plugins/cloud-azure/src/test/java/org/elasticsearch/index/store/SmbMMapFsTest.java","1","0","0","2","12","37","0"
"elasticsearch","40f119d85a4eaa39d0a6e594e46f70de725557f0","plugins/cloud-azure/src/test/java/org/elasticsearch/index/store/SmbMMapFsTest.java","1","0","0","2","12","37","1"
"neo4j","2fb8aea71a2d50c63f1407b9e975c5e8cbf325dc","community/kernel/src/main/java/org/neo4j/kernel/impl/factory/ProceduresProvider.java","1","0","0","2","12","43","1"
"neo4j","e6f84e88fecffdd2dd28e4ee978d77df94914908","community/lucene-index/src/test/java/org/neo4j/index/impl/lucene/legacy/NonUniqueIndexTests.java","1","0","0","2","125","164","1"
"neo4j","6b75a9235ea38e0c47caacd25cc919023c0c958b","community/lucene-index/src/test/java/org/neo4j/index/impl/lucene/legacy/NonUniqueIndexTests.java","1","0","0","2","126","163","0"
"neo4j","a93c570faa774c1a40b635b6a3e6d8ccb61a99e8","community/lucene-index/src/test/java/org/neo4j/index/impl/lucene/NonUniqueIndexTests.java","1","0","0","2","126","165","1"
"neo4j","3ec0e927cb481a29815bc3237d2e53fd7cadd271","community/lucene-index/src/test/java/org/neo4j/index/impl/lucene/NonUniqueIndexTests.java","1","0","0","2","129","166","0"
"netty","99b11c95b4d9efc180fe2d6f35436a7d49b54106","buffer/src/test/java/io/netty/buffer/DefaultByteBufHolderTest.java","1","0","0","2","13","33","0"
"neo4j","13e3d20860f871d1c13c10429f2d4d31d6180c8b","community/kernel/src/main/java/org/neo4j/kernel/impl/storageengine/impl/recordstorage/StorageStatementFactory.java","1","0","0","2","13","36","0"
"neo4j","f0b03e0d48342f7b76608313e94292a530d373e0","enterprise/causal-clustering/src/main/java/org/neo4j/causalclustering/catchup/tx/TransactionLogCatchUpFactory.java","1","0","0","2","13","36","0"
"elasticsearch","e0b8b58479e32b0a27e1eb1d45a56354000e8e6d","src/test/java/org/elasticsearch/index/query/GeoShapeQueryBuilderTests.java","1","0","0","2","13","36","0"
"neo4j","317cd647561a0fc04808364cc543fc73edc39976","enterprise/causal-clustering/src/main/java/org/neo4j/causalclustering/catchup/tx/TransactionLogCatchUpFactory.java","1","0","0","2","13","36","1"
"neo4j","530cd9dd6f2874f7121a6905d6d7ad1a6b42f376","community/kernel/src/main/java/org/neo4j/kernel/impl/storageengine/impl/recordstorage/StorageStatementFactory.java","1","0","0","2","13","36","1"
"elasticsearch","14ba36977ed24fd670005800547541a4f2cdfa3a","modules/reindex/src/test/java/org/elasticsearch/index/reindex/ReindexWithoutContentIT.java","1","0","0","2","13","38","0"
"elasticsearch","148be11f26902cca062055f950571a6fdaab22c0","core/src/test/java/org/elasticsearch/common/blobstore/BlobPathTests.java","1","0","0","2","13","40","1"
"neo4j","f75c8d53003736396824e5e753724156f30ae51e","community/cypher/cypher/src/test/java/org/neo4j/cypher/internal/javacompat/CypherEngineProviderTest.java","1","0","0","2","13","42","0"
"neo4j","562320c0be4006685ed6f086c12ef4e1f1964f3c","community/lucene-index/src/test/java/org/neo4j/index/impl/lucene/NonUniqueIndexTests.java","1","0","0","2","131","168","0"
"orientdb","731545a32e96d61ede50300ab6b8dd1166de7431","core/src/test/java/com/orientechnologies/com/orientechnologies/common/directmemory/DetectMemoryLeaksTest.java","1","0","0","2","14","17","0"
"hazelcast","d00de529f19935c194d55ec66d0631d5fa486062","hazelcast-spring/src/test/java/com/hazelcast/spring/context/SomeBeanHazelcastInjected.java","1","0","0","2","14","18","0"
"netty","c0bbde48b78163a394ae3fd63f98b6b6c56acb25","buffer/src/test/java/io/netty/buffer/LittleEndianUnsafeDirectByteBufTest.java","1","0","0","2","14","34","0"
"netty","c0bbde48b78163a394ae3fd63f98b6b6c56acb25","buffer/src/test/java/io/netty/buffer/BigEndianUnsafeDirectByteBufTest.java","1","0","0","2","14","35","0"
"neo4j","d94daacb45225945a8ab3285f791f8ef58f943b0","community/kernel/src/main/java/org/neo4j/kernel/impl/api/CommitProcessFactory.java","1","0","0","2","14","36","0"
"oryx","8de37c9b69a6688bc4af8f1d3601161a942aff58","framework/oryx-lambda/src/test/java/com/cloudera/oryx/lambda/HadoopUtilsTest.java","1","0","0","2","14","38","0"
"elasticsearch","13a347239a48d71486692a72c066e940dec8921b","core/src/main/java/org/elasticsearch/indices/breaker/CircuitBreakerModule.java","1","0","0","2","14","40","2"
"elasticsearch","40f119d85a4eaa39d0a6e594e46f70de725557f0","plugins/cloud-aws/src/main/java/org/elasticsearch/cloud/aws/AwsModule.java","1","0","0","2","14","40","1"
"elasticsearch","c3e176908cd083d37a4970d433047c6b5938f081","core/src/test/java/org/elasticsearch/action/support/replication/ReplicationResponseTests.java","1","0","0","2","14","40","1"
"elasticsearch","bbf42d379dc5fac7cddf768b244aa1649efdb10d","plugins/cloud-aws/src/main/java/org/elasticsearch/cloud/aws/AwsModule.java","1","0","0","2","14","40","0"
"elasticsearch","7264fd4eb810c514e80ee7b5e5dfd1c8f95e5d26","src/test/java/org/elasticsearch/rest/action/admin/indices/upgrade/UpgradeReallyOldIndexTest.java","1","0","0","2","14","42","1"
"junit","e012e06dc326394a3a834d974e9af3fea0e6df91","src/test/java/org/junit/tests/experimental/theories/TheoryTestUtils.java","1","0","0","2","15","22","1"
"MapDB","22ff10f8a168b7118063a9e9580035a8a34ca56a","src/test/java/org/mapdb/Issue321Test.java","1","0","0","2","15","24","0"
"hazelcast","727cb1848c02481eee19e6d2693a7242b7c563c3","hazelcast/src/main/java/com/hazelcast/cluster/AuthenticationFailureOperation.java","1","0","0","2","15","35","0"
"hazelcast","d568e4d926d925d57d4e79e34614390416749301","hazelcast/src/test/java/com/hazelcast/cache/jsr/CacheLoaderWithExpiryTest.java","1","0","0","2","15","35","0"
"hazelcast","d568e4d926d925d57d4e79e34614390416749301","hazelcast/src/test/java/com/hazelcast/cache/jsr/CompletionListenerFutureTest.java","1","0","0","2","15","35","0"
"hazelcast","d568e4d926d925d57d4e79e34614390416749301","hazelcast/src/test/java/com/hazelcast/cache/jsr/CacheExpiryTest.java","1","0","0","2","15","35","0"
"hazelcast","d568e4d926d925d57d4e79e34614390416749301","hazelcast/src/test/java/com/hazelcast/cache/jsr/CachingProviderTest.java","1","0","0","2","15","35","0"
"hazelcast","d568e4d926d925d57d4e79e34614390416749301","hazelcast/src/test/java/com/hazelcast/cache/jsr/CacheLoaderWithoutReadThroughTest.java","1","0","0","2","15","35","0"
"hazelcast","d568e4d926d925d57d4e79e34614390416749301","hazelcast/src/test/java/com/hazelcast/cache/jsr/CacheWriterTest.java","1","0","0","2","15","35","0"
"hazelcast","d568e4d926d925d57d4e79e34614390416749301","hazelcast/src/test/java/com/hazelcast/cache/jsr/CacheEntryListenerExceptionTest.java","1","0","0","2","15","35","0"
"hazelcast","d568e4d926d925d57d4e79e34614390416749301","hazelcast/src/test/java/com/hazelcast/cache/jsr/MutableConfigurationTest.java","1","0","0","2","15","35","0"
"hazelcast","d568e4d926d925d57d4e79e34614390416749301","hazelcast/src/test/java/com/hazelcast/cache/jsr/CacheLoaderExceptionTest.java","1","0","0","2","15","35","0"
"hazelcast","d568e4d926d925d57d4e79e34614390416749301","hazelcast/src/test/java/com/hazelcast/cache/jsr/MutableCacheEntryListenerConfigurationTest.java","1","0","0","2","15","35","0"
"hazelcast","d568e4d926d925d57d4e79e34614390416749301","hazelcast/src/test/java/com/hazelcast/cache/jsr/CacheInvokeTest.java","1","0","0","2","15","35","0"
"hazelcast","d568e4d926d925d57d4e79e34614390416749301","hazelcast/src/test/java/com/hazelcast/cache/jsr/EntryProcessorExceptionTest.java","1","0","0","2","15","35","0"
"hazelcast","d568e4d926d925d57d4e79e34614390416749301","hazelcast/src/test/java/com/hazelcast/cache/jsr/CacheManagerTest.java","1","0","0","2","15","35","0"
"hazelcast","d568e4d926d925d57d4e79e34614390416749301","hazelcast/src/test/java/com/hazelcast/cache/jsr/GetTest.java","1","0","0","2","15","35","0"
"hazelcast","d568e4d926d925d57d4e79e34614390416749301","hazelcast/src/test/java/com/hazelcast/cache/jsr/ConfigurationTest.java","1","0","0","2","15","35","0"
"hazelcast","d568e4d926d925d57d4e79e34614390416749301","hazelcast/src/test/java/com/hazelcast/cache/jsr/CacheWriterClientServerTest.java","1","0","0","2","15","35","0"
"hazelcast","d568e4d926d925d57d4e79e34614390416749301","hazelcast/src/test/java/com/hazelcast/cache/jsr/TypesTest.java","1","0","0","2","15","35","0"
"hazelcast","d568e4d926d925d57d4e79e34614390416749301","hazelcast/src/test/java/com/hazelcast/cache/jsr/CacheMBStatisticsBeanTest.java","1","0","0","2","15","35","0"
"hazelcast","d568e4d926d925d57d4e79e34614390416749301","hazelcast/src/test/java/com/hazelcast/cache/jsr/RemoveTest.java","1","0","0","2","15","35","0"
"hazelcast","d568e4d926d925d57d4e79e34614390416749301","hazelcast/src/test/java/com/hazelcast/cache/jsr/CacheListenerTest.java","1","0","0","2","15","35","0"
"hazelcast","d568e4d926d925d57d4e79e34614390416749301","hazelcast/src/test/java/com/hazelcast/cache/jsr/StoreByValueTest.java","1","0","0","2","15","35","0"
"hazelcast","d568e4d926d925d57d4e79e34614390416749301","hazelcast/src/test/java/com/hazelcast/cache/jsr/ClientServerTest.java","1","0","0","2","15","35","0"
"hazelcast","d568e4d926d925d57d4e79e34614390416749301","hazelcast/src/test/java/com/hazelcast/cache/jsr/ExpiryPolicyTest.java","1","0","0","2","15","35","0"
"hazelcast","d568e4d926d925d57d4e79e34614390416749301","hazelcast/src/test/java/com/hazelcast/cache/jsr/CacheLoaderWriterTest.java","1","0","0","2","15","35","0"
"hazelcast","d568e4d926d925d57d4e79e34614390416749301","hazelcast/src/test/java/com/hazelcast/cache/jsr/FactoryBuilderTest.java","1","0","0","2","15","35","0"
"hazelcast","d568e4d926d925d57d4e79e34614390416749301","hazelcast/src/test/java/com/hazelcast/cache/jsr/CacheMXBeanTest.java","1","0","0","2","15","35","0"
"hazelcast","d568e4d926d925d57d4e79e34614390416749301","hazelcast/src/test/java/com/hazelcast/cache/jsr/CacheLoaderClientServerTest.java","1","0","0","2","15","35","0"
"hazelcast","d568e4d926d925d57d4e79e34614390416749301","hazelcast/src/test/java/com/hazelcast/cache/jsr/PutTest.java","1","0","0","2","15","35","0"
"hazelcast","d568e4d926d925d57d4e79e34614390416749301","hazelcast/src/test/java/com/hazelcast/cache/jsr/StoreByReferenceTest.java","1","0","0","2","15","35","0"
"hazelcast","d568e4d926d925d57d4e79e34614390416749301","hazelcast/src/test/java/com/hazelcast/cache/jsr/CacheLoaderTest.java","1","0","0","2","15","35","0"
"hazelcast","d568e4d926d925d57d4e79e34614390416749301","hazelcast/src/test/java/com/hazelcast/cache/jsr/DurationTest.java","1","0","0","2","15","35","0"
"hazelcast","d568e4d926d925d57d4e79e34614390416749301","hazelcast/src/test/java/com/hazelcast/cache/jsr/CacheManagerManagementTest.java","1","0","0","2","15","35","0"
"hazelcast","d568e4d926d925d57d4e79e34614390416749301","hazelcast/src/test/java/com/hazelcast/cache/jsr/CacheWriterExceptionTest.java","1","0","0","2","15","35","0"
"hazelcast","d568e4d926d925d57d4e79e34614390416749301","hazelcast/src/test/java/com/hazelcast/cache/jsr/CachingProviderClassLoaderTest.java","1","0","0","2","15","35","0"
"hazelcast","38bd0b41d707ca4d5ca394cda10ce68d44672fff","hazelcast/src/main/java/com/hazelcast/cluster/AuthenticationFailureOperation.java","1","0","0","2","15","35","1"
"hazelcast","68a3a200050b20a56ace06c324564dba85ae2d26","hazelcast/src/test/java/com/hazelcast/util/ClockTest.java","1","0","0","2","15","35","1"
"hazelcast","70d4de16ff0ac4518d09aad8c9f2ad9e782fb337","hazelcast/src/test/java/com/hazelcast/cache/jsr/CacheLoaderClientServerTest.java","1","0","0","2","15","35","1"
"hazelcast","70d4de16ff0ac4518d09aad8c9f2ad9e782fb337","hazelcast/src/test/java/com/hazelcast/cache/jsr/EntryProcessorExceptionTest.java","1","0","0","2","15","35","1"
"hazelcast","70d4de16ff0ac4518d09aad8c9f2ad9e782fb337","hazelcast/src/test/java/com/hazelcast/cache/jsr/TypesTest.java","1","0","0","2","15","35","1"
"hazelcast","70d4de16ff0ac4518d09aad8c9f2ad9e782fb337","hazelcast/src/test/java/com/hazelcast/cache/jsr/CacheLoaderWithoutReadThroughTest.java","1","0","0","2","15","35","1"
"hazelcast","70d4de16ff0ac4518d09aad8c9f2ad9e782fb337","hazelcast/src/test/java/com/hazelcast/cache/jsr/ConfigurationTest.java","1","0","0","2","15","35","1"
"hazelcast","70d4de16ff0ac4518d09aad8c9f2ad9e782fb337","hazelcast/src/test/java/com/hazelcast/cache/jsr/MutableCacheEntryListenerConfigurationTest.java","1","0","0","2","15","35","1"
"hazelcast","70d4de16ff0ac4518d09aad8c9f2ad9e782fb337","hazelcast/src/test/java/com/hazelcast/cache/jsr/CacheLoaderTest.java","1","0","0","2","15","35","1"
"hazelcast","70d4de16ff0ac4518d09aad8c9f2ad9e782fb337","hazelcast/src/test/java/com/hazelcast/cache/jsr/CacheManagerTest.java","1","0","0","2","15","35","1"
"hazelcast","70d4de16ff0ac4518d09aad8c9f2ad9e782fb337","hazelcast/src/test/java/com/hazelcast/cache/jsr/CacheWriterTest.java","1","0","0","2","15","35","1"
"hazelcast","70d4de16ff0ac4518d09aad8c9f2ad9e782fb337","hazelcast/src/test/java/com/hazelcast/cache/jsr/CachingProviderClassLoaderTest.java","1","0","0","2","15","35","1"
"hazelcast","70d4de16ff0ac4518d09aad8c9f2ad9e782fb337","hazelcast/src/test/java/com/hazelcast/cache/jsr/MutableConfigurationTest.java","1","0","0","2","15","35","1"
"hazelcast","70d4de16ff0ac4518d09aad8c9f2ad9e782fb337","hazelcast/src/test/java/com/hazelcast/cache/jsr/CacheLoaderWithExpiryTest.java","1","0","0","2","15","35","1"
"hazelcast","70d4de16ff0ac4518d09aad8c9f2ad9e782fb337","hazelcast/src/test/java/com/hazelcast/cache/jsr/CachingProviderTest.java","1","0","0","2","15","35","1"
"hazelcast","70d4de16ff0ac4518d09aad8c9f2ad9e782fb337","hazelcast/src/test/java/com/hazelcast/cache/jsr/FactoryBuilderTest.java","1","0","0","2","15","35","1"
"hazelcast","70d4de16ff0ac4518d09aad8c9f2ad9e782fb337","hazelcast/src/test/java/com/hazelcast/cache/jsr/CacheWriterClientServerTest.java","1","0","0","2","15","35","1"
"hazelcast","70d4de16ff0ac4518d09aad8c9f2ad9e782fb337","hazelcast/src/test/java/com/hazelcast/cache/jsr/CacheManagerManagementTest.java","1","0","0","2","15","35","1"
"hazelcast","70d4de16ff0ac4518d09aad8c9f2ad9e782fb337","hazelcast/src/test/java/com/hazelcast/cache/jsr/StoreByReferenceTest.java","1","0","0","2","15","35","1"
"hazelcast","70d4de16ff0ac4518d09aad8c9f2ad9e782fb337","hazelcast/src/test/java/com/hazelcast/cache/jsr/DurationTest.java","1","0","0","2","15","35","1"
"hazelcast","70d4de16ff0ac4518d09aad8c9f2ad9e782fb337","hazelcast/src/test/java/com/hazelcast/cache/jsr/StoreByValueTest.java","1","0","0","2","15","35","1"
"hazelcast","70d4de16ff0ac4518d09aad8c9f2ad9e782fb337","hazelcast/src/test/java/com/hazelcast/cache/jsr/ExpiryPolicyTest.java","1","0","0","2","15","35","1"
"hazelcast","70d4de16ff0ac4518d09aad8c9f2ad9e782fb337","hazelcast/src/test/java/com/hazelcast/cache/jsr/CacheMXBeanTest.java","1","0","0","2","15","35","1"
"hazelcast","70d4de16ff0ac4518d09aad8c9f2ad9e782fb337","hazelcast/src/test/java/com/hazelcast/cache/jsr/CacheLoaderExceptionTest.java","1","0","0","2","15","35","1"
"hazelcast","70d4de16ff0ac4518d09aad8c9f2ad9e782fb337","hazelcast/src/test/java/com/hazelcast/cache/jsr/CompletionListenerFutureTest.java","1","0","0","2","15","35","1"
"hazelcast","70d4de16ff0ac4518d09aad8c9f2ad9e782fb337","hazelcast/src/test/java/com/hazelcast/cache/jsr/PutTest.java","1","0","0","2","15","35","1"
"hazelcast","70d4de16ff0ac4518d09aad8c9f2ad9e782fb337","hazelcast/src/test/java/com/hazelcast/cache/jsr/CacheLoaderWriterTest.java","1","0","0","2","15","35","1"
"hazelcast","70d4de16ff0ac4518d09aad8c9f2ad9e782fb337","hazelcast/src/test/java/com/hazelcast/cache/jsr/CacheMBStatisticsBeanTest.java","1","0","0","2","15","35","1"
"hazelcast","70d4de16ff0ac4518d09aad8c9f2ad9e782fb337","hazelcast/src/test/java/com/hazelcast/cache/jsr/CacheWriterExceptionTest.java","1","0","0","2","15","35","1"
"oryx","481ec44fd6a5d511ef42eddf47334a725d3a540c","app/oryx-app-common/src/test/java/com/cloudera/oryx/app/kmeans/EuclideanDistanceFnTest.java","1","0","0","2","15","36","0"
"hazelcast","317fabec0c90b274c686ba018cc1b465fee244f2","hazelcast-client-new/src/test/java/com/hazelcast/client/cache/jsr/CacheWriterClientServerTest.java","1","0","0","2","15","36","0"
"hazelcast","d568e4d926d925d57d4e79e34614390416749301","hazelcast/src/test/java/com/hazelcast/cache/jsr/ReplaceTest.java","1","0","0","2","15","36","0"
"hazelcast","70d4de16ff0ac4518d09aad8c9f2ad9e782fb337","hazelcast/src/test/java/com/hazelcast/cache/jsr/ReplaceTest.java","1","0","0","2","15","36","1"
"elasticsearch","8d35bca4dbdbcfe4b5d73495a76fb017d0f2b198","plugins/repository-azure/src/main/java/org/elasticsearch/cloud/azure/storage/AzureStorageSettingsFilter.java","1","0","0","2","15","39","0"
"elasticsearch","a49fe189b0f74b28bd1c9727dda8258ceec912f8","plugins/repository-azure/src/main/java/org/elasticsearch/cloud/azure/storage/AzureStorageSettingsFilter.java","1","0","0","2","15","39","0"
"neo4j","5994c9535ebf815ae2290601a74935b7833325cc","community/kernel/src/test/java/org/neo4j/graphdb/impl/notification/NotificationDetailTest.java","1","0","0","2","15","39","1"
"elasticsearch","41aa1a7a7138a15fa58d09a3cc641596dbd89647","core/src/main/java/org/elasticsearch/search/aggregations/pipeline/bucketmetrics/min/MinBucketParser.java","1","0","0","2","15","40","1"
"elasticsearch","d31e41547aad7053d2ffe9f4e84e0538fd373435","core/src/test/java/org/elasticsearch/common/blobstore/BlobPathTests.java","1","0","0","2","15","42","0"
"neo4j","dffaacf551b9213f1b818976724f11748a16a674","enterprise/core-edge/src/main/java/org/neo4j/coreedge/core/state/CoreBootstrapper.java","1","0","0","2","153","192","0"
"hazelcast","0dc65895e880eb4cbdd6996e355913992bf987d9","hazelcast/src/test/java/com/hazelcast/util/JVMUtilTest.java","1","0","0","2","16","20","1"
"hazelcast","36b35da77f64da0982327ab57ad5824883a33afc","hazelcast/src/test/java/com/hazelcast/util/JVMUtilTest.java","1","0","0","2","16","20","1"
"hazelcast","3d5c4a3e23f4b7b31a94a47965f2d8f351445f95","hazelcast/src/test/java/com/hazelcast/client/impl/protocol/ClientProtocolErrorCodesTest.java","1","0","0","2","16","20","1"
"hazelcast","1b19f48fd94c4d1d735c16799001e1937fed4d54","hazelcast/src/test/java/com/hazelcast/internal/util/ThreadLocalRandomProviderTest.java","1","0","0","2","16","20","0"
"hazelcast","a8a0fb25aa3b879fe51421a8376c52c8347f1cf3","hazelcast/src/test/java/com/hazelcast/util/MapUtilTest.java","1","0","0","2","16","21","1"
"hazelcast","0a61d1993c8cf9dee111af675c9a52fc605aec63","hazelcast/src/test/java/com/hazelcast/nio/ClassLoaderUtilTest.java","1","0","0","2","16","36","1"
"hazelcast","2388114ba2aac3aa5417e6dcd6c4b8932db39281","hazelcast/src/test/java/com/hazelcast/aggregation/AggregatorsTest.java","1","0","0","2","16","36","1"
"hazelcast","70d4de16ff0ac4518d09aad8c9f2ad9e782fb337","hazelcast/src/test/java/com/hazelcast/cache/jsr/GetTest.java","1","0","0","2","16","36","1"
"hazelcast","a4035afdfc67b757940a15578bc51b4e7b6b0b13","hazelcast-client-new/src/test/java/com/hazelcast/client/cache/jsr/CacheWriterClientServerTest.java","1","0","0","2","16","36","0"
"hazelcast","b0d2be02333028272031f78c6d7d92c640347cd5","hazelcast/src/test/java/com/hazelcast/internal/networking/nio/Select_TcpIpConnectionManager_ConnectMemberTest.java","1","0","0","2","16","36","0"
"netty","6fb5b14ef59b2188174d1286730bd818cbb99bb6","resolver/src/test/java/io/netty/resolver/InetSocketAddressResolverTest.java","1","0","0","2","16","37","0"
"netty","9125060752f5124949e55a6868647c75f88cdb01","transport-native-epoll/src/test/java/io/netty/channel/epoll/EpollSocketStartTlsTest.java","1","0","0","2","16","37","0"
"netty","9125060752f5124949e55a6868647c75f88cdb01","transport-native-epoll/src/test/java/io/netty/channel/epoll/EpollSocketSslGreetingTest.java","1","0","0","2","16","37","0"
"netty","f755e584638e20a4ae62466dd4b7a14954650348","microbench/src/main/java/io/netty/microbench/http/ClientCookieDecoderBenchmark.java","1","0","0","2","16","37","0"
"hazelcast","525c34cddd7f4e08d674611e177bab103e4d1881","hazelcast/src/main/java/com/hazelcast/impl/base/CpuUtilization.java","1","0","0","2","16","37","1"
"neo4j","6602c5aea5b783fa9438717cc8f71b5c4dcd03b9","enterprise/server-enterprise/src/test/java/org/neo4j/server/rest/security/EnterpriseAuthenticationDocIT.java","1","0","0","2","16","39","1"
"hazelcast","70d4de16ff0ac4518d09aad8c9f2ad9e782fb337","hazelcast/src/test/java/com/hazelcast/cache/jsr/CacheTest.java","1","0","0","2","16","39","1"
"BroadleafCommerce","f0a43a10b18a55908684479d3eadcb3822d3cd60","core/broadleaf-framework/src/main/java/org/broadleafcommerce/core/pricing/service/workflow/ShippingOfferActivity.java","1","0","0","2","16","39","0"
"elasticsearch","0809e4a65fb73a1be6e1b9c717f83b6b21b7e989","plugins/mapper-attachments/src/test/java/org/elasticsearch/mapper/attachments/AttachmentUnitTestCase.java","1","0","0","2","16","40","1"
"elasticsearch","e1efd5f6baf8dec1c23c79b346b8a29f234a98bb","plugins/cloud-azure/src/main/java/org/elasticsearch/cloud/azure/management/AzureComputeSettingsFilter.java","1","0","0","2","16","41","0"
"elasticsearch","200d76e6f07fbaa2d0957b79fa8ddc279671e182","core/src/test/java/org/elasticsearch/client/transport/TransportClientTests.java","1","0","0","2","16","42","0"
"elasticsearch","ab2f295c1671167bc3dfbada22e94fa614bd09f0","core/src/main/java/org/elasticsearch/search/aggregations/pipeline/bucketmetrics/min/MinBucketParser.java","1","0","0","2","16","42","0"
"elasticsearch","f22f3db30f9dcbedf1b1a4991b948a2ad8097830","src/test/java/org/elasticsearch/client/transport/TransportClientTests.java","1","0","0","2","16","42","1"
"hazelcast","cf709cac522a7b877da0c3bf3e373b0089a55b46","hazelcast/src/test/java/com/hazelcast/query/impl/getters/ReflectionHelperTest.java","1","0","0","2","17","22","2"
"netty","7adc1f9eb424b1a52187e25f6671af9f58474fca","codec-stomp/src/test/java/io/netty/handler/codec/stomp/StompHeadersTest.java","1","0","0","2","17","36","0"
"hazelcast","b7615d8d468561afbeee653b44697d033affd617","hazelcast/src/test/java/com/hazelcast/internal/networking/nio/SelectWithSelectorFix_TcpIpConnection_TransferStressTest.java","1","0","0","2","17","37","1"
"hazelcast","b7615d8d468561afbeee653b44697d033affd617","hazelcast/src/test/java/com/hazelcast/internal/networking/nio/SelectWithSelectorFix_TcpIpConnectionManager_ConnectMemberTest.java","1","0","0","2","17","37","1"
"hazelcast","b7615d8d468561afbeee653b44697d033affd617","hazelcast/src/test/java/com/hazelcast/internal/networking/nio/SelectWithSelectorFix_TcpIpConnection_BasicTest.java","1","0","0","2","17","37","1"
"hazelcast","d38202141395360399c9cf97d4453adf5b1581e1","hazelcast-client-new/src/test/java/com/hazelcast/client/cache/jsr/CacheWriterClientServerTest.java","1","0","0","2","17","37","1"
"hazelcast","b0d2be02333028272031f78c6d7d92c640347cd5","hazelcast/src/test/java/com/hazelcast/internal/networking/nio/SelectWithSelectorFix_TcpIpConnection_TransferStressTest.java","1","0","0","2","17","37","0"
"hazelcast","b0d2be02333028272031f78c6d7d92c640347cd5","hazelcast/src/test/java/com/hazelcast/internal/networking/nio/SelectWithSelectorFix_TcpIpConnection_BasicTest.java","1","0","0","2","17","37","0"
"hazelcast","b0d2be02333028272031f78c6d7d92c640347cd5","hazelcast/src/test/java/com/hazelcast/internal/networking/nio/SelectWithSelectorFix_TcpIpConnectionManager_ConnectMemberTest.java","1","0","0","2","17","37","0"
"hazelcast","70d4de16ff0ac4518d09aad8c9f2ad9e782fb337","hazelcast/src/test/java/com/hazelcast/cache/jsr/CacheListenerTest.java","1","0","0","2","17","38","1"
"hazelcast","70d4de16ff0ac4518d09aad8c9f2ad9e782fb337","hazelcast/src/test/java/com/hazelcast/cache/jsr/CacheEntryListenerExceptionTest.java","1","0","0","2","17","38","1"
"hazelcast","70d4de16ff0ac4518d09aad8c9f2ad9e782fb337","hazelcast/src/test/java/com/hazelcast/cache/jsr/CacheExpiryTest.java","1","0","0","2","17","38","1"
"hazelcast","70d4de16ff0ac4518d09aad8c9f2ad9e782fb337","hazelcast/src/test/java/com/hazelcast/cache/jsr/CacheInvokeTest.java","1","0","0","2","17","38","1"
"oryx","efcdff4c4e8f2827aae55879bbb778cd0f7dd99c","example/src/main/java/com/cloudera/oryx/example/ExampleBatchLayerUpdate.java","1","0","0","2","17","38","0"
"oryx","fd8a77cc546c2a797833303878774b2697548349","example/src/main/java/com/cloudera/oryx/example/ExampleBatchLayerUpdate.java","1","0","0","2","17","38","0"
"hazelcast","82fcc4c7c87097d1719bb56112aec0fafdb6bc0e","hazelcast/src/main/java/com/hazelcast/impl/base/CpuUtilization.java","1","0","0","2","17","38","0"
"oryx","3e37e6e1d93a28c4cbc14584101fe0c8c9b46743","oryx-common/src/test/java/com/cloudera/oryx/common/collection/AndPredicateTest.java","1","0","0","2","17","39","0"
"elasticsearch","d84c643f5880a88d2e5c38b487123161f3e01fe0","core/src/test/java/org/elasticsearch/index/mapper/internal/TimestampFieldTypeTests.java","1","0","0","2","17","39","0"
"elasticsearch","9080f51340b1b26f8bd171b4c82de8d87ad42b55","core/src/test/java/org/elasticsearch/index/mapper/internal/TimestampFieldTypeTests.java","1","0","0","2","17","39","1"
"elasticsearch","73e936a06589a4230285fd86c24f0525986ee0d1","core/src/test/java/org/elasticsearch/index/mapper/AllFieldMapperTests.java","1","0","0","2","17","41","0"
"elasticsearch","ab2f295c1671167bc3dfbada22e94fa614bd09f0","core/src/main/java/org/elasticsearch/search/aggregations/pipeline/bucketmetrics/avg/AvgBucketParser.java","1","0","0","2","17","41","0"
"elasticsearch","ab2f295c1671167bc3dfbada22e94fa614bd09f0","core/src/main/java/org/elasticsearch/search/aggregations/pipeline/bucketmetrics/sum/SumBucketParser.java","1","0","0","2","17","41","0"
"BroadleafCommerce","5dc5ca4517a0c4c07daebe5b694c8cf563b64dbc","core/broadleaf-framework/src/main/java/org/broadleafcommerce/core/checkout/service/workflow/CompleteOrderActivity.java","1","0","0","2","17","41","1"
"BroadleafCommerce","f0a43a10b18a55908684479d3eadcb3822d3cd60","core/broadleaf-framework/src/main/java/org/broadleafcommerce/core/order/service/workflow/update/UpdateFulfillmentGroupItemActivity.java","1","0","0","2","17","42","0"
"BroadleafCommerce","f0a43a10b18a55908684479d3eadcb3822d3cd60","core/broadleaf-framework/src/main/java/org/broadleafcommerce/core/order/service/workflow/remove/RemoveFulfillmentGroupItemActivity.java","1","0","0","2","17","42","0"
"BroadleafCommerce","f0a43a10b18a55908684479d3eadcb3822d3cd60","core/broadleaf-framework/src/main/java/org/broadleafcommerce/core/order/service/workflow/add/AddFulfillmentGroupItemActivity.java","1","0","0","2","17","42","0"
"elasticsearch","243722680268ddbfc9b7a321d229c08d38773c4c","core/src/test/java/org/elasticsearch/client/transport/TransportClientTests.java","1","0","0","2","17","42","1"
"elasticsearch","00de8e07fc3df9c763bbc0b6890217dc5b6bee3e","core/src/test/java/org/elasticsearch/action/admin/indices/stats/IndicesStatsResponseTests.java","1","0","0","2","17","44","3"
"elasticsearch","17b0041aaf036bde587981475823dff6976e12ba","core/src/test/java/org/elasticsearch/action/admin/indices/stats/IndicesStatsResponseTests.java","1","0","0","2","17","44","3"
"elasticsearch","c9882dd1a0f3c513d4c39e99c8a928ec2a6bab18","core/src/test/java/org/elasticsearch/node/service/NodeServiceTests.java","1","0","0","2","17","44","0"
"neo4j","886dbb454deaae6adcb4ff26e76f6e225eedca55","enterprise/core-edge/src/test/java/org/neo4j/coreedge/raft/log/segmented/SizeBasedLogPruningStrategyTest.java","1","0","0","2","17","47","0"
"neo4j","035903e9ebdada5ea1269b223a6b5ee102763a1d","enterprise/causal-clustering/src/main/java/org/neo4j/causalclustering/core/state/machines/CoreStateMachinesModule.java","1","0","0","2","177","232","0"
"hazelcast","2cf7578c80a0149e53ccaa287ef8f99e6b46eced","hazelcast/src/test/java/com/hazelcast/query/impl/getters/ReflectionHelperTest.java","1","0","0","2","18","23","2"
"netty","7ef6db3ffd2f10cce835685359dec642bd3c874c","codec-http/src/test/java/io/netty/handler/codec/http/websocketx/extensions/WebSocketExtensionUtilTest.java","1","0","0","2","18","40","0"
"elasticsearch","eb754a71be77efbfceb233573c2dc34f7eb7b702","modules/reindex/src/test/java/org/elasticsearch/index/reindex/RestUpdateByQueryActionTests.java","1","0","0","2","18","42","0"
"elasticsearch","2e3ea918dc992ece7fe7dab835b36e3db935a872","core/src/test/java/org/elasticsearch/rest/action/admin/indices/RestClearIndicesCacheActionTests.java","1","0","0","2","18","43","0"
"neo4j","1b3aad3b619bd72c2c9f79bb7edf642c5dc56a6f","community/kernel/src/test/java/org/neo4j/kernel/impl/factory/EditionModuleTest.java","1","0","0","2","18","46","0"
"neo4j","5e8fd553e4e127000734e31d43f5623eea742f7d","enterprise/core-edge/src/main/java/org/neo4j/coreedge/core/state/machines/CoreStateMachinesModule.java","1","0","0","2","185","244","1"
"orientdb","af83d394d604c2287c703c4a01b53479bede595a","core/src/test/java/com/orientechnologies/orient/core/sql/parser/OFindReferencesTest.java","1","0","0","2","19","23","0"
"hazelcast","6d633b852337a43a023ca98d67de952e1810b34a","hazelcast/src/test/java/com/hazelcast/collection/impl/set/SetBasicLocalTest.java","1","0","0","2","19","24","0"
"hazelcast","73673199472b3fb25cf6c72de378a1d2bab18605","hazelcast/src/test/java/com/hazelcast/internal/networking/spinning/Spinning_IOThreadingModelFactory.java","1","0","0","2","19","39","1"
"hazelcast","86b064ba3f1e467e74e95d6da24b03122065ce36","hazelcast/src/test/java/com/hazelcast/internal/networking/spinning/Spinning_IOThreadingModelFactory.java","1","0","0","2","19","39","2"
"oryx","4c9482b0876e9aec773c57558b0486f3b717c760","framework/oryx-lambda/src/test/java/com/cloudera/oryx/lambda/batch/ValueToWritableFunctionTest.java","1","0","0","2","19","39","0"
"netty","2a6ed67efc4ffb15647313b82e450a3951a6a3bd","transport-native-epoll/src/test/java/io/netty/channel/epoll/EpollSocketSslEchoTest.java","1","0","0","2","19","40","1"
"elasticsearch","f2e6862803b812964eb305ca540a6f4407c7c6dc","qa/evil-tests/src/test/java/org/elasticsearch/bootstrap/EvilSystemPropertyTests.java","1","0","0","2","19","42","0"
"neo4j","5881b930d6621d9f8b0a9178cbae685fa61570b1","enterprise/server-enterprise/src/main/java/org/neo4j/server/enterprise/EnterpriseServerConfigLoader.java","1","0","0","2","19","43","0"
"neo4j","886dbb454deaae6adcb4ff26e76f6e225eedca55","enterprise/core-edge/src/test/java/org/neo4j/coreedge/raft/log/segmented/SegmentedConcurrentStressIT.java","1","0","0","2","19","43","0"
"neo4j","cdda46d2875877b744ca96417f56dd749aec1500","enterprise/server-enterprise/src/main/java/org/neo4j/server/enterprise/EnterpriseServerConfigLoader.java","1","0","0","2","19","43","0"
"elasticsearch","1e0f776af38b8ca6bc8cc8c99788f0c1c489d598","core/src/test/java/org/elasticsearch/search/highlight/PlainHighlighterTests.java","1","0","0","2","19","43","0"
"elasticsearch","517fc113fe4e4c96e9a96d16f8a5b8800c2f727b","core/src/test/java/org/elasticsearch/search/highlight/PlainHighlighterTests.java","1","0","0","2","19","43","0"
"elasticsearch","7d14728960f4b0678f9970b0aff4d4f7fbca8459","core/src/test/java/org/elasticsearch/search/highlight/PlainHighlighterTests.java","1","0","0","2","19","43","1"
"elasticsearch","c4d3bf472bc5eaa18a1f1ffac727110a33f89b42","core/src/test/java/org/elasticsearch/search/highlight/PlainHighlighterTests.java","1","0","0","2","19","43","1"
"BroadleafCommerce","f0a43a10b18a55908684479d3eadcb3822d3cd60","core/broadleaf-framework/src/main/java/org/broadleafcommerce/core/pricing/service/workflow/OfferActivity.java","1","0","0","2","19","44","0"
"elasticsearch","adc0807c686b37bf1d96bd3eb9d26face380fe44","src/test/java/org/elasticsearch/action/admin/indices/delete/DeleteIndexBlocksTests.java","1","0","0","2","19","44","0"
"elasticsearch","aa2813386559d1c904f0c2757930f19d88035abb","core/src/test/java/org/elasticsearch/common/util/concurrent/PrioritizedRunnableTests.java","1","0","0","2","19","44","1"
"hazelcast","37c793b06378065ead1d0283e15ae21f150d248c","hazelcast/src/test/java/com/hazelcast/security/SecurityWithoutEnterpriseTest.java","1","0","0","2","20","25","0"
"hazelcast","573f488ed0e29e572ec9bb37c7ce0553cf783c8f","hazelcast/src/test/java/com/hazelcast/instance/AbstractOutOfMemoryHandlerTest.java","1","0","0","2","20","29","0"
"hazelcast","b1b71398a1860e5187c3aaa1e4b641f8b09d1254","hazelcast-client/src/test/java/classloading/ThreadLeakClientTest.java","1","0","0","2","20","41","1"
"elasticsearch","768bfb7d1dbcffb4ddcc9bc029dfd7c2e0a59932","core/src/test/java/org/elasticsearch/index/mapper/internal/FieldNamesFieldTypeTests.java","1","0","0","2","20","42","0"
"elasticsearch","c01b377ea844e66efae63d1cc017dbcb5ad79408","core/src/test/java/org/elasticsearch/index/mapper/internal/FieldNamesFieldTypeTests.java","1","0","0","2","20","42","0"
"hazelcast","0f81beb7a6ca58904d4b84947d3563d17e06eb43","hazelcast/src/test/java/com/hazelcast/config/ConfigTest.java","1","0","0","2","20","42","1"
"hazelcast","e1b69c53ca4923affcd7722f012a80e32517e988","hazelcast/src/test/java/com/hazelcast/internal/cluster/impl/MembershipUpdateCompatibilityTest.java","1","0","0","2","20","43","0"
"elasticsearch","a1af77882c476604c212e1996f873ce97e7716fe","core/src/test/java/org/elasticsearch/action/admin/indices/exists/IndicesExistsIT.java","1","0","0","2","20","47","0"
"elasticsearch","7adf9929bae22049d157676756b49597bca98426","core/src/test/java/org/elasticsearch/bootstrap/BootstrapTests.java","1","0","0","2","20","48","1"
"neo4j","e5ea526b14ce752e94a5460b1c85bf4567d8f97d","community/cypher/cypher/src/test/java/org/neo4j/cypher/internal/javacompat/CypherLoggingTest.java","1","0","0","2","20","49","1"
"hazelcast","237ded5a5370be91f04df1fc1208e3a4d8727ba1","hazelcast/src/test/java/com/hazelcast/internal/serialization/impl/SerializationTest.java","1","0","0","2","21","26","0"
"hazelcast","ea6df5b26c649fe055f90ebd8edfb6395649a658","hazelcast/src/test/java/com/hazelcast/internal/serialization/impl/SerializationTest.java","1","0","0","2","21","31","1"
"neo4j","2dce9b701631b41aa14f4d8ff186c708b57abd1e","enterprise/core-edge/src/main/java/org/neo4j/coreedge/core/state/machines/token/ReplicatedLabelTokenHolder.java","1","0","0","2","21","44","0"
"elasticsearch","01f6851691f0e160185acdb2986f0486e9b4f6ec","core/src/test/java/org/elasticsearch/action/ingest/PutPipelineRequestTests.java","1","0","0","2","21","47","0"
"hazelcast","a9bda17d674367f544bb3a51dda4f510da16fd9e","hazelcast/src/test/java/com/hazelcast/partition/impl/InternalPartitionServiceImplTest.java","1","0","0","2","22","42","0"
"netty","9125060752f5124949e55a6868647c75f88cdb01","transport-native-epoll/src/test/java/io/netty/channel/epoll/EpollSocketSslEchoTest.java","1","0","0","2","22","43","0"
"hazelcast","88e00fc5922e66d115f3befff0b7fa568a0321db","hazelcast/src/test/java/com/hazelcast/test/mocknetwork/TestNodeRegistryTest.java","1","0","0","2","22","44","0"
"neo4j","2dce9b701631b41aa14f4d8ff186c708b57abd1e","enterprise/core-edge/src/main/java/org/neo4j/coreedge/core/state/machines/token/ReplicatedPropertyKeyTokenHolder.java","1","0","0","2","22","45","0"
"netty","78d8f05c218cab107255c4dc1a1344aef138d379","codec-http/src/test/java/io/netty/handler/codec/http/HttpResponseDecoderTest.java","1","0","0","2","22","45","0"
"elasticsearch","2a6e6866bd6a25f469c07ba0766edec6272e93ac","core/src/test/java/org/elasticsearch/search/aggregations/bucket/terms/TermsAggregatorFactoryTests.java","1","0","0","2","22","45","1"
"elasticsearch","e0aa481bf5426aeb12076f6b1346357073374f05","plugins/mapper-attachments/src/test/java/org/elasticsearch/mapper/attachments/AttachmentUnitTestCase.java","1","0","0","2","22","47","0"
"neo4j","5994c9535ebf815ae2290601a74935b7833325cc","community/kernel/src/test/java/org/neo4j/graphdb/impl/notification/NotificationCodeTest.java","1","0","0","2","22","49","1"
"elasticsearch","0189a65e6bfc623813c6c088d19a0509fbeb64da","core/src/test/java/org/elasticsearch/index/refresh/RefreshStatsTests.java","1","0","0","2","22","49","1"
"neo4j","68aaaadcde195ca43c9aa6373de935aace3d87e8","community/kernel/src/test/java/org/neo4j/unsafe/batchinsert/internal/FileSystemClosingBatchInserterTest.java","1","0","0","2","22","49","0"
"orientdb","670bd1416c7195b57e5da071f1370786b11c892f","graphdb/src/test/java/com/orientechnologies/orient/graph/sql/SQLGraphBatchTest.java","1","0","0","2","22","51","0"
"hazelcast","260d7412a383731cc4bae4303e9a2f3f00ab46a0","hazelcast-client/src/test/java/com/hazelcast/client/ClientTimeoutTest.java","1","0","0","2","23","28","1"
"hazelcast","34af1d4dcfbd18684efa025746c9963a0b4b85a2","hazelcast-client/src/test/java/com/hazelcast/client/ClientTimeoutTest.java","1","0","0","2","23","28","2"
"hazelcast","a512d17503a9a5fca2b9ba57d3e7b23c921f2f96","hazelcast-client/src/test/java/com/hazelcast/client/ClientTimeoutTest.java","1","0","0","2","23","28","2"
"hazelcast","98e2ff10f145dce05bbed6af48251d61c08a1300","hazelcast-client/src/test/java/com/hazelcast/client/ClientTimeoutTest.java","1","0","0","2","23","28","0"
"oryx","a5dc2b87597001cbb938d89ea7160d6e303d2505","framework/oryx-lambda-serving/src/test/java/com/cloudera/oryx/lambda/serving/ErrorResourceTest.java","1","0","0","2","23","45","0"
"oryx","2d0eeee34e704629f0096b1756a94ed34e5271b3","framework/oryx-lambda-serving/src/test/java/com/cloudera/oryx/lambda/serving/ErrorResourceTest.java","1","0","0","2","23","45","0"
"netty","36f86305124e711712be5e587f783f904676e598","codec/src/test/java/io/netty/handler/codec/compression/SnappyIntegrationTest.java","1","0","0","2","23","45","1"
"neo4j","2dce9b701631b41aa14f4d8ff186c708b57abd1e","enterprise/core-edge/src/main/java/org/neo4j/coreedge/core/state/machines/token/ReplicatedRelationshipTypeTokenHolder.java","1","0","0","2","23","46","0"
"elasticsearch","3787ea27bf1b33b8005547969b358b8d19fddc8f","core/src/test/java/org/elasticsearch/cluster/metadata/AliasValidatorTests.java","1","0","0","2","23","48","0"
"neo4j","e5ea526b14ce752e94a5460b1c85bf4567d8f97d","community/monitor-logging/src/test/java/org/neo4j/ext/monitorlogging/MonitorLoggingAcceptanceTest.java","1","0","0","2","23","49","1"
"elasticsearch","8f5f63452afcf5b735e1ea52ee6efa295e81335f","core/src/test/java/org/elasticsearch/common/joda/JodaTests.java","1","0","0","2","23","54","0"
"BroadleafCommerce","54781449d3c278637cc5cdf582c6b56f43f62b52","integration/src/test/java/org/broadleafcommerce/core/checkout/service/CheckoutTest.java","1","0","0","2","234","307","0"
"orientdb","1089957b645bde069d3864563bbf1f7c7da8045c","core/src/test/java/com/orientechnologies/orient/core/db/tool/TestImportRewriteLinks.java","1","0","0","2","24","33","0"
"neo4j","5e8fd553e4e127000734e31d43f5623eea742f7d","enterprise/core-edge/src/main/java/org/neo4j/coreedge/core/state/machines/token/ReplicatedLabelTokenHolder.java","1","0","0","2","24","47","1"
"elasticsearch","b1cef5fdf8e1f8e9982a4724986b2731ca4d522b","core/src/main/java/org/elasticsearch/search/aggregations/metrics/min/MinParser.java","1","0","0","2","24","49","1"
"elasticsearch","b1cef5fdf8e1f8e9982a4724986b2731ca4d522b","core/src/main/java/org/elasticsearch/search/aggregations/metrics/max/MaxParser.java","1","0","0","2","24","49","1"
"elasticsearch","b1cef5fdf8e1f8e9982a4724986b2731ca4d522b","core/src/main/java/org/elasticsearch/search/aggregations/metrics/stats/StatsParser.java","1","0","0","2","24","49","1"
"neo4j","b070962e9b00726d50df951106225fa252b7efeb","community/kernel/src/test/java/org/neo4j/kernel/impl/api/security/AccessModeSnapshotTest.java","1","0","0","2","24","49","0"
"orientdb","39a8884d03c0bc49b8ecf655a22fe80646afa1e6","spatial/src/main/java/com/orientechnologies/spatial/index/OLuceneSpatialIndex.java","1","0","0","2","24","49","0"
"neo4j","d792f87317f952c8de3d1eff2982eaab0fc13d0f","community/kernel/src/test/java/org/neo4j/kernel/impl/traversal/AsOneStartBranchTest.java","1","0","0","2","24","55","0"
"hazelcast","8bdfbc804657d746c0e5af9e0c9647b5d9826b51","hazelcast-client/src/test/java/com/hazelcast/client/lock/ClientConditionTest.java","1","0","0","2","25","32","0"
"hazelcast","6a57bfa658b8c7afd17423b605703a9fe37a4b49","hazelcast-client/src/test/java/com/hazelcast/client/io/SSLWithoutEnterpriseTest.java","1","0","0","2","25","33","0"
"hazelcast","f7bda3d16cf978d4687661b1fac4fcef9e768ab0","hazelcast/src/test/java/com/hazelcast/nio/serialization/SerializationContextImplTest.java","1","0","0","2","25","35","0"
"orientdb","9979cb5d4ab1576959bb7eaba154dfaf328a12c7","core/src/test/java/com/orientechnologies/orient/core/db/tool/TestImportRewriteLinks.java","1","0","0","2","25","36","0"
"hazelcast","73673199472b3fb25cf6c72de378a1d2bab18605","hazelcast/src/test/java/com/hazelcast/internal/networking/nonblocking/Select_NonBlockingIOThreadingModelFactory.java","1","0","0","2","25","45","1"
"hazelcast","86b064ba3f1e467e74e95d6da24b03122065ce36","hazelcast/src/test/java/com/hazelcast/internal/networking/nonblocking/Select_NonBlockingIOThreadingModelFactory.java","1","0","0","2","25","45","2"
"hazelcast","9948976cea0dd05d47e24f303a0b309b4155d329","hazelcast/src/test/java/com/hazelcast/internal/networking/nonblocking/Select_NonBlockingIOThreadingModelFactory.java","1","0","0","2","25","45","2"
"hazelcast","82683a8423a0a3209f3dd70ca23835ee63f0d0b8","hazelcast/src/test/java/com/hazelcast/internal/networking/nonblocking/Select_NonBlockingIOThreadingModelFactory.java","1","0","0","2","25","45","0"
"hazelcast","73673199472b3fb25cf6c72de378a1d2bab18605","hazelcast/src/test/java/com/hazelcast/internal/networking/nonblocking/SelectNow_NonBlockingIOThreadingModelFactory.java","1","0","0","2","25","46","1"
"hazelcast","86b064ba3f1e467e74e95d6da24b03122065ce36","hazelcast/src/test/java/com/hazelcast/internal/networking/nonblocking/SelectNow_NonBlockingIOThreadingModelFactory.java","1","0","0","2","25","46","2"
"hazelcast","9948976cea0dd05d47e24f303a0b309b4155d329","hazelcast/src/test/java/com/hazelcast/internal/networking/nonblocking/SelectNow_NonBlockingIOThreadingModelFactory.java","1","0","0","2","25","46","2"
"hazelcast","82683a8423a0a3209f3dd70ca23835ee63f0d0b8","hazelcast/src/test/java/com/hazelcast/internal/networking/nonblocking/SelectNow_NonBlockingIOThreadingModelFactory.java","1","0","0","2","25","46","0"
"neo4j","5e8fd553e4e127000734e31d43f5623eea742f7d","enterprise/core-edge/src/main/java/org/neo4j/coreedge/core/state/machines/token/ReplicatedRelationshipTypeTokenHolder.java","1","0","0","2","25","48","1"
"neo4j","5e8fd553e4e127000734e31d43f5623eea742f7d","enterprise/core-edge/src/main/java/org/neo4j/coreedge/core/state/machines/token/ReplicatedPropertyKeyTokenHolder.java","1","0","0","2","25","48","1"
"netty","427b784c6e9acd658024dc86b7906482b0dd2d71","src/test/java/io/netty/channel/DefaultChannelPipelineTest.java","1","0","0","2","25","48","0"
"oryx","df27388cd4a3029d67283e23ecdd70b83fa4bd9b","app/oryx-app-serving/src/test/java/com/cloudera/oryx/app/serving/kmeans/model/TestKMeansModelFactory.java","1","0","0","2","25","50","0"
"neo4j","868b4d731485023d2f7477e1133dcd5b263c851d","community/lucene-index/src/main/java/org/neo4j/index/impl/lucene/ReadOnlyIndexReferenceFactory.java","1","0","0","2","25","51","0"
"elasticsearch","0a69f1e283e26e5d9e6a000b68b9f4778de557a1","core/src/test/java/org/elasticsearch/index/IndexingSlowLogTests.java","1","0","0","2","25","55","2"
"hazelcast","62badb9cd1cca47fb0ee15054d06e5c09c86f0f6","hazelcast-client/src/test/java/com/hazelcast/client/ringbuffer/RingbufferBasicClientTest.java","1","0","0","2","26","33","0"
"hazelcast","6a57bfa658b8c7afd17423b605703a9fe37a4b49","hazelcast/src/test/java/com/hazelcast/nio/ssl/SSLWithoutEnterpriseTest.java","1","0","0","2","26","34","0"
"neo4j","c3a5cbf00866abb108bf34ce2e0680026fdd2025","enterprise/causal-clustering/src/test/java/org/neo4j/causalclustering/core/consensus/log/segmented/SegmentedConcurrentStressIT.java","1","0","0","2","26","50","0"
"orientdb","3632488e5224ea9b2965d6ddf76210b1a3986604","core/src/test/java/com/orientechnologies/orient/core/sql/OCommandExecutorSQLSelectTestIndex.java","1","0","0","2","26","53","0"
"hazelcast","5c695f915d3d5ec0116cccdbde70b3551f5dcb5a","hazelcast-client-new/src/test/java/com/hazelcast/client/cache/ClientCacheIteratorTest.java","1","0","0","2","26","53","0"
"elasticsearch","40cd460647ea18bcd59d37367241ecb582354d26","core/src/test/java/org/elasticsearch/index/query/CommonTermsQueryParserTest.java","1","0","0","2","26","53","0"
"elasticsearch","669a7eb4f14d88b6b02bbb21eee7872d36dbe026","src/test/java/org/elasticsearch/action/admin/indices/mapping/put/PutMappingRequestTests.java","1","0","0","2","26","53","0"
"elasticsearch","bbf42d379dc5fac7cddf768b244aa1649efdb10d","core/src/test/java/org/elasticsearch/test/disruption/NetworkPartitionIT.java","1","0","0","2","26","53","0"
"elasticsearch","13a347239a48d71486692a72c066e940dec8921b","core/src/test/java/org/elasticsearch/test/disruption/NetworkPartitionIT.java","1","0","0","2","26","53","2"
"elasticsearch","40f119d85a4eaa39d0a6e594e46f70de725557f0","core/src/test/java/org/elasticsearch/test/disruption/NetworkPartitionIT.java","1","0","0","2","26","53","1"
"elasticsearch","e5786d2d824ea183d63c4944a0387c106a5e4e44","core/src/test/java/org/elasticsearch/index/query/CommonTermsQueryParserTest.java","1","0","0","2","26","53","1"
"hazelcast","b7615d8d468561afbeee653b44697d033affd617","hazelcast/src/test/java/com/hazelcast/internal/networking/nio/Select_NioEventLoopGroupFactory.java","1","0","0","2","27","47","1"
"hazelcast","b7615d8d468561afbeee653b44697d033affd617","hazelcast/src/test/java/com/hazelcast/internal/networking/nio/SelectNow_NioEventLoopGroupFactory.java","1","0","0","2","27","48","1"
"elasticsearch","41d8fbe8f51abd499c9b497238bc5f2141b7926b","core/src/test/java/org/elasticsearch/transport/netty/SimpleNettyTransportTests.java","1","0","0","2","27","50","1"
"elasticsearch","7790d2bf6578825924446013caba183fae6ba92b","src/test/java/org/elasticsearch/test/integration/mget/SimpleMgetTests.java","1","0","0","2","27","55","0"
"neo4j","fd06ce499b9b23c2b5e71977356de559be990c8d","community/bolt/src/test/java/org/neo4j/bolt/v1/messaging/MessageProcessingHandlerTest.java","1","0","0","2","27","58","0"
"hazelcast","1957f30d5417b93beeb84dfd6492f1a40de6ce38","hazelcast/src/test/java/com/hazelcast/management/TimedMemberStateTest.java","1","0","0","2","28","35","0"
"hazelcast","4a91f4eef271a8a8387d2e72b4d9b7fe1ce63c72","hazelcast/src/test/java/com/hazelcast/internal/diagnostics/AbstractDiagnosticsPluginTest.java","1","0","0","2","28","38","0"
"hazelcast","73673199472b3fb25cf6c72de378a1d2bab18605","hazelcast/src/test/java/com/hazelcast/internal/networking/nonblocking/SelectWithSelectorFix_NonBlockingIOThreadingModelFactory.java","1","0","0","2","28","48","1"
"hazelcast","86b064ba3f1e467e74e95d6da24b03122065ce36","hazelcast/src/test/java/com/hazelcast/internal/networking/nonblocking/SelectWithSelectorFix_NonBlockingIOThreadingModelFactory.java","1","0","0","2","28","48","2"
"hazelcast","9948976cea0dd05d47e24f303a0b309b4155d329","hazelcast/src/test/java/com/hazelcast/internal/networking/nonblocking/SelectWithSelectorFix_NonBlockingIOThreadingModelFactory.java","1","0","0","2","28","48","2"
"hazelcast","82683a8423a0a3209f3dd70ca23835ee63f0d0b8","hazelcast/src/test/java/com/hazelcast/internal/networking/nonblocking/SelectWithSelectorFix_NonBlockingIOThreadingModelFactory.java","1","0","0","2","28","48","0"
"hazelcast","951ffdc2e22a155ef94f1bfaaea080af2efc64d6","hazelcast/src/test/java/com/hazelcast/map/impl/querycache/QueryCacheXmlConfigWildcardTest.java","1","0","0","2","28","50","0"
"neo4j","e5ea526b14ce752e94a5460b1c85bf4567d8f97d","enterprise/causal-clustering/src/test/java/org/neo4j/causalclustering/core/consensus/log/segmented/SegmentedConcurrentStressIT.java","1","0","0","2","28","52","1"
"elasticsearch","d12ae196afd555ce942bf9476b6935267117ade5","src/test/java/org/elasticsearch/action/bulk/BulkProcessorClusterSettingsTests.java","1","0","0","2","28","55","0"
"elasticsearch","d84c643f5880a88d2e5c38b487123161f3e01fe0","core/src/test/java/org/elasticsearch/search/aggregations/bucket/IpTermsIT.java","1","0","0","2","28","55","0"
"elasticsearch","ef83dbfbe68eff4b72575a2059a333469b274769","core/src/test/java/org/elasticsearch/search/aggregations/bucket/IpTermsIT.java","1","0","0","2","28","55","2"
"neo4j","31e72727f11b170442df6d1f0f060411ed644dce","community/cypher/cypher/src/test/java/org/neo4j/cypher/GraphDatabaseServiceExecuteTest.java","1","0","0","2","28","57","1"
"elasticsearch","cde83e363aac2195c2dc0f81bbe348bcfe8b4152","modules/lang-expression/src/test/java/org/elasticsearch/script/expression/ExpressionTests.java","1","0","0","2","28","58","1"
"hazelcast","c1af747853a70d042721e94beab8bbd204514c5a","hazelcast-client/src/main/java/com/hazelcast/client/spi/impl/listener/ClientEventRegistration.java","1","0","0","2","28","77","1"
"MapDB","7e529bab00d4dd08010b191d85b76d3f5c34c176","src/test/java/org/mapdb/issues/Issue656Test.java","1","0","0","2","29","42","0"
"elasticsearch","164efaecbe42195f08ada58b5fde927ab21fc6e7","core/src/test/java/org/elasticsearch/transport/netty/SimpleNettyTransportTests.java","1","0","0","2","29","53","0"
"elasticsearch","164efaecbe42195f08ada58b5fde927ab21fc6e7","core/src/test/java/org/elasticsearch/bwcompat/UnicastBackwardsCompatibilityIT.java","1","0","0","2","29","55","0"
"neo4j","9f994ced2bab83328473745bd4952e4304805a5c","community/bolt/src/test/java/org/neo4j/bolt/v1/runtime/integration/SessionAuthIT.java","1","0","0","2","29","60","1"
"titan","a1e70246868f0fc9e3e6e1bd454f2b0b13170c3b","src/test/java/com/thinkaurelius/titan/graphdb/loading/EdgeLoadingTest.java","1","0","0","2","30","37","1"
"hazelcast","b7615d8d468561afbeee653b44697d033affd617","hazelcast/src/test/java/com/hazelcast/internal/networking/nio/SelectWithSelectorFix_NioEventLoopGroupFactory.java","1","0","0","2","30","50","1"
"neo4j","c3a5cbf00866abb108bf34ce2e0680026fdd2025","community/monitor-logging/src/test/java/org/neo4j/ext/monitorlogging/MonitorLoggingAcceptanceTest.java","1","0","0","2","30","56","0"
"hazelcast","7001ec8c5b1305c796de75c2e3f170c562db8c03","hazelcast/src/test/java/com/hazelcast/cache/impl/operation/CacheReplicationOperationTest.java","1","0","0","2","30","59","0"
"hazelcast","d568e4d926d925d57d4e79e34614390416749301","hazelcast/src/test/java/com/hazelcast/cache/CacheQuorumConfigTest.java","1","0","0","2","31","40","0"
"hazelcast","ffedfab1d469e1bcd9ee33556813b57918d4b2ee","hazelcast/src/test/java/com/hazelcast/test/starter/test/ConfigTest.java","1","0","0","2","31","56","1"
"elasticsearch","41d8fbe8f51abd499c9b497238bc5f2141b7926b","core/src/test/java/org/elasticsearch/bwcompat/UnicastBackwardsCompatibilityIT.java","1","0","0","2","31","57","1"
"hazelcast","7c83a64f2156adb88a1d03e4793c9bccd4a77869","hazelcast/src/test/java/com/hazelcast/management/TimedMemberStateTest.java","1","0","0","2","32","40","1"
"MapDB","97d7bb0649ca2ff16d7fcb964e35dfa55e0db084","src/test/java/org/mapdb/Issue308Test.java","1","0","0","2","32","41","0"
"hazelcast","c9d117501d9d7e1014b9006bc4b711baa42e0c57","hazelcast/src/test/java/com/hazelcast/internal/dynamicconfig/DynamicConfigSlowPreJoinBouncingTest.java","1","0","0","2","32","56","0"
"hazelcast","4bc70daa1a4ee13006874d617051076c198770df","hazelcast/src/test/java/com/hazelcast/internal/usercodedeployment/impl/filter/UserCodeDeploymentBasicTest.java","1","0","0","2","32","57","0"
"neo4j","07c513aa6d0c6314816fcb24183bb3849b8be67f","community/server/src/test/java/org/neo4j/server/modules/DBMSModuleTest.java","1","0","0","2","32","62","1"
"elasticsearch","3f6a3c01dadb1951b597ffdbd068359a2fbc84c8","core/src/test/java/org/elasticsearch/cluster/ClusterStateTests.java","1","0","0","2","32","62","1"
"elasticsearch","6abcd42a05a0e2bc4eaf1add6a41ae7d48f840c2","core/src/test/java/org/elasticsearch/cluster/ClusterStateTests.java","1","0","0","2","32","62","0"
"elasticsearch","dda33155d6beda8a7f04406d293084c5af68c0d4","src/test/java/org/elasticsearch/search/stats/SearchStatsUnitTests.java","1","0","0","2","32","66","0"
"titan","ed88d7286080492045efafb45a69fa4cb6eeb94d","src/test/java/com/thinkaurelius/titan/graphdb/loading/EdgeLoadingTest.java","1","0","0","2","33","41","0"
"netty","37d04c26a82c35c33678ba9cc38a5554dccde726","transport/src/test/java/io/netty/channel/DefaultChannelPipelineTest.java","1","0","0","2","33","59","1"
"elasticsearch","01ca81e2a37c9cd38c6dc44ae567d427c059dbe0","src/test/java/org/elasticsearch/indices/recovery/RecoveryStateTest.java","1","0","0","2","33","61","1"
"neo4j","5881b930d6621d9f8b0a9178cbae685fa61570b1","enterprise/server-enterprise/src/test/java/org/neo4j/server/enterprise/EnterpriseBootstrapperTest.java","1","0","0","2","33","62","0"
"BroadleafCommerce","e33b50d3c1b2eb9deee9f9308588dbd1380e241e","core/broadleaf-framework/src/test/java/org/broadleafcommerce/core/catalog/domain/CategoryImplTest.java","1","0","0","2","33","68","0"
"hazelcast","70d4de16ff0ac4518d09aad8c9f2ad9e782fb337","hazelcast/src/test/java/com/hazelcast/cache/CacheQuorumConfigTest.java","1","0","0","2","34","43","1"
"elasticsearch","25fd9e26c4fb042d6f6dea14efcd239577bdbbc4","core/src/main/java/org/elasticsearch/action/main/TransportMainAction.java","1","0","0","2","34","59","0"
"elasticsearch","339790845461344ab7ea5a6f864b3bfdede0b9c0","src/test/java/org/elasticsearch/cluster/ClusterHealthTests.java","1","0","0","2","34","61","0"
"neo4j","d8b5a3dd736b7f2cf8404b1b3b3dacb40149d66f","community/server/src/test/java/org/neo4j/server/rest/repr/DatabaseRepresentationTest.java","1","0","0","2","34","63","0"
"neo4j","0da6dae6f2ecbbab9a278f3757ef793cbe8d921f","enterprise/ha/src/test/java/org/neo4j/kernel/ha/SlaveTransactionCommitProcessTest.java","1","0","0","2","34","67","1"
"BroadleafCommerce","54781449d3c278637cc5cdf582c6b56f43f62b52","core/broadleaf-framework/src/main/java/org/broadleafcommerce/core/order/service/workflow/add/AddOrderItemActivity.java","1","0","0","2","34","71","0"
"elasticsearch","768bfb7d1dbcffb4ddcc9bc029dfd7c2e0a59932","core/src/test/java/org/elasticsearch/index/mapper/core/DateFieldTypeTests.java","1","0","0","2","35","58","1"
"elasticsearch","7c27d53ee15b4fd411b71a049a204d826960c910","src/test/java/org/elasticsearch/discovery/azure/AzureInstanceXmlParserTest.java","1","0","0","2","35","62","1"
"neo4j","d94daacb45225945a8ab3285f791f8ef58f943b0","enterprise/ha/src/test/java/org/neo4j/kernel/ha/SlaveTransactionCommitProcessTest.java","1","0","0","2","35","68","0"
"hazelcast","27d49efcee88ee428254cf38353e8698ea127c45","hazelcast/src/test/java/com/hazelcast/client/protocol/compatibility/BinaryCompatibilityNullFileGenerator.java","1","0","0","2","3516","3850","1"
"hazelcast","27d49efcee88ee428254cf38353e8698ea127c45","hazelcast/src/test/java/com/hazelcast/client/protocol/compatibility/BinaryCompatibilityFileGenerator.java","1","0","0","2","3522","3856","1"
"titan","e715670b304da165feafdf2a991772ae8ff46f25","titan-core/src/main/java/com/thinkaurelius/titan/graphdb/database/serialize/SerializerInitialization.java","1","0","0","2","36","43","1"
"netty","9b99ac0bcb2a0588e06dabbd766115168ae56499","transport/src/test/java/io/netty/channel/embedded/EmbeddedChannelTest.java","1","0","0","2","36","56","0"
"elasticsearch","25fd9e26c4fb042d6f6dea14efcd239577bdbbc4","client/client-benchmark-noop-api-plugin/src/main/java/org/elasticsearch/plugin/noop/action/search/TransportNoopSearchAction.java","1","0","0","2","36","59","0"
"hazelcast","d568e4d926d925d57d4e79e34614390416749301","hazelcast/src/test/java/com/hazelcast/instance/ManagedContextInstanceAwareTest.java","1","0","0","2","36","61","0"
"hazelcast","9418030560131e8f3f799af8a7405fd49bdcbcb8","hazelcast/src/test/java/com/hazelcast/topic/impl/reliable/TopicOverloadTest.java","1","0","0","2","36","63","1"
"netty","cd0b5ec2db593d45c96bd6b55b0024042534af04","codec/src/test/java/io/netty/handler/codec/ReplayingDecoderTest.java","1","0","0","2","36","63","1"
"hazelcast","c9b61e1bcaa6fa7457be1ecf886f7f2904ca5b92","hazelcast/src/test/java/com/hazelcast/topic/impl/reliable/TopicOverloadTest.java","1","0","0","2","36","63","0"
"elasticsearch","8d35bca4dbdbcfe4b5d73495a76fb017d0f2b198","plugins/repository-azure/src/test/java/org/elasticsearch/cloud/azure/storage/AzureStorageSettingsFilterTest.java","1","0","0","2","36","69","0"
"hazelcast","805a90a48434a78f1bfa631a774f05df43312150","hazelcast/src/test/java/com/hazelcast/spi/impl/operationexecutor/classic/OperationThreadTest.java","1","0","0","2","37","49","1"
"elasticsearch","60cbb2d7bcadcd04fbd6cfb2c20bb3f95c49dda1","plugins/repository-azure/src/test/java/org/elasticsearch/cloud/azure/storage/AzureStorageSettingsFilterTest.java","1","0","0","2","37","70","1"
"hazelcast","7c1baa91dc4cb5d9c03b04a955a9c3e3824dde65","hazelcast/src/test/java/com/hazelcast/client/protocol/compatibility/BinaryCompatibilityNullFileGenerator.java","1","0","0","2","3735","4439","1"
"hazelcast","7c1baa91dc4cb5d9c03b04a955a9c3e3824dde65","hazelcast/src/test/java/com/hazelcast/client/protocol/compatibility/BinaryCompatibilityFileGenerator.java","1","0","0","2","3736","4440","1"
"hazelcast","70d4de16ff0ac4518d09aad8c9f2ad9e782fb337","hazelcast/src/test/java/com/hazelcast/instance/ManagedContextInstanceAwareTest.java","1","0","0","2","38","63","1"
"hazelcast","9418030560131e8f3f799af8a7405fd49bdcbcb8","hazelcast/src/test/java/com/hazelcast/topic/impl/reliable/TopicOverloadDistributedTest.java","1","0","0","2","38","63","1"
"hazelcast","c9b61e1bcaa6fa7457be1ecf886f7f2904ca5b92","hazelcast/src/test/java/com/hazelcast/topic/impl/reliable/TopicOverloadDistributedTest.java","1","0","0","2","38","63","0"
"hazelcast","157db1056dcda6304087974374f7da88aceb2153","hazelcast/src/test/java/com/hazelcast/internal/nearcache/impl/invalidation/MetaDataGeneratorTest.java","1","0","0","2","38","64","0"
"elasticsearch","fa3420c2a529c1863af1d07e0460f98a461a3e97","core/src/test/java/org/elasticsearch/index/query/MatchAllQueryBuilderTests.java","1","0","0","2","38","66","1"
"neo4j","803ec9deafb5ac3785faf698f126a32254d693be","community/bolt/src/test/java/org/neo4j/bolt/v1/runtime/internal/CypherStatementRunnerTest.java","1","0","0","2","38","69","0"
"hazelcast","8959aa0857797fe82461f8cabc292a4966d2e5fb","hazelcast/src/test/java/com/hazelcast/client/protocol/compatibility/BinaryCompatibilityNullFileGenerator.java","1","0","0","2","3811","4529","0"
"hazelcast","a7ec759936b5ee731affea3d124296616924c2d4","hazelcast/src/test/java/com/hazelcast/client/protocol/compatibility/BinaryCompatibilityNullFileGenerator.java","1","0","0","2","3811","4530","0"
"hazelcast","687678a1938c66c02f4ef94ac766f0e53b3a1ba2","hazelcast-client-new/src/test/java/com/hazelcast/client/ClientConnectionListenerTest.java","1","0","0","2","39","47","0"
"hazelcast","c36c345a5ac9ff1d1b562a73eedbae4c70ba7bac","hazelcast-client/src/test/java/com/hazelcast/client/ClientConnectionListenerTest.java","1","0","0","2","39","47","0"
"hazelcast","58c9b64c7088211ed21100ac0fbee73c8a63548e","hazelcast-client/src/test/java/com/hazelcast/client/ClientConnectionListenerTest.java","1","0","0","2","39","47","1"
"hazelcast","dba90d15404ad6caac6df0e016095c85f3bdfefe","hazelcast-client-legacy/src/test/java/com/hazelcast/client/ClientRegressionWithRealNetworkTest.java","1","0","0","2","39","48","0"
"neo4j","b39f3be7e809376033f6ab4297716f6028b05111","enterprise/neo4j-enterprise/src/test/java/org/neo4j/unsafe/impl/batchimport/store/BatchingNeoStoresIT.java","1","0","0","2","39","67","0"
"elasticsearch","d3417fb02291f26964d77767020ef345d18c148f","core/src/main/java/org/elasticsearch/action/admin/indices/alias/exists/TransportAliasesExistAction.java","1","0","0","2","39","67","0"
"netty","732948b3c4be68c2f5e4b3d3f0dc595363e18abe","handler/src/test/java/io/netty/handler/ssl/SslUtilsTest.java","1","0","0","2","39","67","0"
"elasticsearch","4b94eb5cb8cc4294ed0e932a5f22c16bd90d4dd7","core/src/main/java/org/elasticsearch/action/admin/indices/alias/exists/TransportAliasesExistAction.java","1","0","0","2","39","67","2"
"elasticsearch","860efb2ad28db09189c8423e05d0dba53010259c","core/src/main/java/org/elasticsearch/action/admin/indices/alias/exists/TransportAliasesExistAction.java","1","0","0","2","39","67","2"
"hazelcast","fb6700346872da3eac002c3d2157b9a7da728fa2","hazelcast/src/main/java/com/hazelcast/map/impl/record/RecordComparator.java","1","0","0","2","4","23","0"
"elasticsearch","25fd9e26c4fb042d6f6dea14efcd239577bdbbc4","client/benchmark/src/main/java/org/elasticsearch/client/benchmark/ops/search/SearchRequestExecutor.java","1","0","0","2","4","24","0"
"orientdb","8277a0559c357df96a19b7792393d884a090e86c","core/src/main/java/com/orientechnologies/common/concur/resource/OCloseable.java","1","0","0","2","4","25","1"
"orientdb","bbbb777e4073e4214e47e2134379d96dcb54486a","core/src/main/java/com/orientechnologies/common/concur/resource/OCloseable.java","1","0","0","2","4","25","1"
"orientdb","b42d488780f2bfdd6ce58bec2d3ab76676ca4f9f","core/src/main/java/com/orientechnologies/common/concur/resource/OCloseable.java","1","0","0","2","4","25","0"
"elasticsearch","4b94eb5cb8cc4294ed0e932a5f22c16bd90d4dd7","core/src/main/java/org/elasticsearch/ElasticsearchWrapperException.java","1","0","0","2","4","26","2"
"elasticsearch","860efb2ad28db09189c8423e05d0dba53010259c","core/src/main/java/org/elasticsearch/ElasticsearchWrapperException.java","1","0","0","2","4","26","2"
"elasticsearch","d3417fb02291f26964d77767020ef345d18c148f","core/src/main/java/org/elasticsearch/ElasticsearchWrapperException.java","1","0","0","2","4","26","0"
"hazelcast","f02c8c56a09384f5e163849aa17595489649c758","hazelcast/src/test/java/com/hazelcast/test/AssertTask.java","1","0","0","2","4","6","0"
"elasticsearch","25fd9e26c4fb042d6f6dea14efcd239577bdbbc4","client/benchmark/src/main/java/org/elasticsearch/client/benchmark/metrics/Metrics.java","1","0","0","2","40","61","0"
"hazelcast","317fabec0c90b274c686ba018cc1b465fee244f2","hazelcast-client-new/src/test/java/com/hazelcast/client/cache/JCacheClientListenerTest.java","1","0","0","2","40","66","0"
"hazelcast","584996c0c9a11facf995848e53a5a2ef79a3889a","hazelcast-client/src/test/java/com/hazelcast/client/cache/CacheClientListenerTest.java","1","0","0","2","40","66","0"
"hazelcast","d1b295726e76fc7c30bb23986b82b68eab32623b","hazelcast-client-legacy/src/test/java/com/hazelcast/client/cache/CacheClientListenerTest.java","1","0","0","2","40","66","0"
"hazelcast","eae5aabe2df5d86740f725387d4b9c32fb6d5495","hazelcast-client/src/test/java/com/hazelcast/client/cache/CacheClientListenerTest.java","1","0","0","2","40","66","1"
"elasticsearch","e1efd5f6baf8dec1c23c79b346b8a29f234a98bb","core/src/main/java/org/elasticsearch/action/admin/indices/validate/template/TransportRenderSearchTemplateAction.java","1","0","0","2","40","68","0"
"elasticsearch","7ba65950ae003db6ebb922883fd8342853fc49e0","src/test/java/org/elasticsearch/discovery/azure/AbstractAzureComputeServiceTest.java","1","0","0","2","40","72","0"
"hazelcast","4451a9260efa238a34993c17aa155ce6fe1b884e","hazelcast-client-new/src/test/java/com/hazelcast/client/ClientConnectionListenerTest.java","1","0","0","2","41","49","1"
"elasticsearch","768bfb7d1dbcffb4ddcc9bc029dfd7c2e0a59932","core/src/test/java/org/elasticsearch/index/mapper/geo/GeoPointFieldTypeTests.java","1","0","0","2","41","63","1"
"elasticsearch","f3c8068ba69142aafa0a5753aa9d897c95aadc8c","core/src/test/java/org/elasticsearch/ingest/IngestMetadataTests.java","1","0","0","2","41","65","0"
"neo4j","2fb8aea71a2d50c63f1407b9e975c5e8cbf325dc","community/kernel/src/test/java/org/neo4j/kernel/impl/factory/EditionModuleTest.java","1","0","0","2","41","75","1"
"hazelcast","8959aa0857797fe82461f8cabc292a4966d2e5fb","hazelcast/src/test/java/com/hazelcast/client/protocol/compatibility/BinaryCompatibilityFileGenerator.java","1","0","0","2","4160","4878","0"
"orientdb","a9f68f19429897a7cead4d4fab256830d56567b0","core/src/test/java/com/orientechnologies/orient/core/sql/fetch/DepthFetchPlanTest.java","1","0","0","2","42","51","1"
"hazelcast","8f8a00625dd31eb3915d3251d2f10edbe2a7e0b9","hazelcast/src/test/java/com/hazelcast/spi/impl/operationexecutor/classic/OperationThreadTest.java","1","0","0","2","42","53","1"
"hazelcast","d38202141395360399c9cf97d4453adf5b1581e1","hazelcast-client-new/src/test/java/com/hazelcast/client/cache/JCacheClientListenerTest.java","1","0","0","2","42","68","1"
"elasticsearch","4b94eb5cb8cc4294ed0e932a5f22c16bd90d4dd7","core/src/main/java/org/elasticsearch/action/admin/indices/alias/get/TransportGetAliasesAction.java","1","0","0","2","42","71","2"
"elasticsearch","78574d248cf10dad1c5a566fda79e1e0c94afe43","core/src/main/java/org/elasticsearch/action/admin/cluster/storedscripts/TransportPutStoredScriptAction.java","1","0","0","2","42","71","1"
"elasticsearch","a60b8948ba1d836a6eac7cff095519e618939ed8","core/src/main/java/org/elasticsearch/action/admin/cluster/storedscripts/TransportPutStoredScriptAction.java","1","0","0","2","42","71","0"
"neo4j","3d17a685dd4a90897f208f3948aa870f3b2f27f7","community/server/src/test/java/org/neo4j/server/ServerBootstrapperTest.java","1","0","0","2","42","76","0"
"orientdb","95389584580b74dc868665fad27389fcf5cf851b","core/src/test/java/com/orientechnologies/orient/core/db/tool/TestSchemaImportExport.java","1","0","0","2","43","51","0"
"elasticsearch","ab3b5c695a0825b7198334591e86634ab39170e8","modules/analysis-common/src/test/java/org/elasticsearch/analysis/common/ShingleTokenFilterTests.java","1","0","0","2","43","67","0"
"elasticsearch","6174e21f47244b6d5153d7d0cc1fe28fe863399d","test/framework/src/test/java/org/elasticsearch/search/MockSearchServiceTests.java","1","0","0","2","43","68","1"
"elasticsearch","78574d248cf10dad1c5a566fda79e1e0c94afe43","core/src/main/java/org/elasticsearch/action/admin/cluster/storedscripts/TransportDeleteStoredScriptAction.java","1","0","0","2","43","72","1"
"elasticsearch","78574d248cf10dad1c5a566fda79e1e0c94afe43","core/src/main/java/org/elasticsearch/action/admin/cluster/storedscripts/TransportGetStoredScriptAction.java","1","0","0","2","43","72","1"
"elasticsearch","a60b8948ba1d836a6eac7cff095519e618939ed8","core/src/main/java/org/elasticsearch/action/admin/cluster/storedscripts/TransportDeleteStoredScriptAction.java","1","0","0","2","43","72","0"
"elasticsearch","4b94eb5cb8cc4294ed0e932a5f22c16bd90d4dd7","core/src/main/java/org/elasticsearch/action/admin/cluster/tasks/TransportPendingClusterTasksAction.java","1","0","0","2","43","73","2"
"elasticsearch","860efb2ad28db09189c8423e05d0dba53010259c","core/src/main/java/org/elasticsearch/action/admin/cluster/tasks/TransportPendingClusterTasksAction.java","1","0","0","2","43","73","2"
"elasticsearch","d3417fb02291f26964d77767020ef345d18c148f","core/src/main/java/org/elasticsearch/action/admin/cluster/tasks/TransportPendingClusterTasksAction.java","1","0","0","2","43","73","0"
"elasticsearch","3aed047bdedde1bda189cbfc2f81e65af42e57c5","test/framework/src/test/java/org/elasticsearch/search/MockSearchServiceTests.java","1","0","0","2","44","69","0"
"elasticsearch","0a69f1e283e26e5d9e6a000b68b9f4778de557a1","core/src/test/java/org/elasticsearch/index/mapper/boost/CustomBoostMappingTests.java","1","0","0","2","44","71","3"
"netty","4c14d1198b58e9660c116ce151b077d98b9bd2a2","transport/src/test/java/io/netty/channel/nio/NioEventLoopTest.java","1","0","0","2","44","72","0"
"elasticsearch","3046055bd0f2bc3d334667b9d8cad2f6b7396cba","core/src/test/java/org/elasticsearch/index/termvectors/TermVectorsServiceTests.java","1","0","0","2","44","74","0"
"neo4j","3483dc70103166165b00d4ccf0bf708f3138399d","community/graph-algo/src/test/java/org/neo4j/graphalgo/impl/util/TestPriorityMap.java","1","0","0","2","44","78","1"
"elasticsearch","6eaff9432ddc05adad528761f4ce65545cce9cf8","modules/lang-mustache/src/test/java/org/elasticsearch/script/mustache/MultiSearchTemplateRequestTests.java","1","0","0","2","45","72","1"
"netty","30a293c74baec21c1f5688ba0a8e8cb34bf00869","transport-sctp/src/main/test/io/netty/channel/sctp/SctpLimitStreamsTest.java","1","0","0","2","46","69","0"
"elasticsearch","062abf813b16d94a0485e28286c2d8040cfc4990","core/src/test/java/org/elasticsearch/action/fieldstats/FieldStatsRequestTests.java","1","0","0","2","46","73","1"
"elasticsearch","0a69f1e283e26e5d9e6a000b68b9f4778de557a1","core/src/test/java/org/elasticsearch/index/mapper/compound/CompoundTypesTests.java","1","0","0","2","46","77","2"
"hazelcast","7c1baa91dc4cb5d9c03b04a955a9c3e3824dde65","hazelcast/src/test/java/com/hazelcast/client/protocol/compatibility/EncodeDecodeCompatibilityTest.java","1","0","0","2","4675","4685","1"
"elasticsearch","78574d248cf10dad1c5a566fda79e1e0c94afe43","core/src/main/java/org/elasticsearch/action/admin/cluster/validate/template/TransportRenderSearchTemplateAction.java","1","0","0","2","47","76","1"
"elasticsearch","e6aaaf11ed4a1b8f595f920de1840938eddb7a97","core/src/main/java/org/elasticsearch/action/admin/cluster/validate/template/TransportRenderSearchTemplateAction.java","1","0","0","2","47","76","1"
"elasticsearch","a60b8948ba1d836a6eac7cff095519e618939ed8","core/src/main/java/org/elasticsearch/action/admin/cluster/validate/template/TransportRenderSearchTemplateAction.java","1","0","0","2","47","76","0"
"hazelcast","8959aa0857797fe82461f8cabc292a4966d2e5fb","hazelcast/src/test/java/com/hazelcast/client/protocol/compatibility/EncodeDecodeCompatibilityTest.java","1","0","0","2","4777","4787","0"
"hazelcast","a7ec759936b5ee731affea3d124296616924c2d4","hazelcast/src/test/java/com/hazelcast/client/protocol/compatibility/EncodeDecodeCompatibilityNullTest.java","1","0","0","2","4779","4786","0"
"titan","33a560db97bf3187ac45d1fe4fdf2e6b817bec40","titan-core/src/main/java/com/thinkaurelius/titan/graphdb/database/serialize/SerializerInitialization.java","1","0","0","2","48","56","0"
"orientdb","10819e795652509873433f763b217749650d6adb","distributed/src/test/java/com/orientechnologies/orient/server/distributed/asynch/BareBoneBase2ServerTest.java","1","0","0","2","48","62","0"
"orientdb","478cce509623a094936c4fbcb181c697e152b548","graphdb/src/test/java/com/tinkerpop/blueprints/impls/orient/OrientEdgeClassTest.java","1","0","0","2","48","64","0"
"elasticsearch","bdb2241892c65eea7e56849f691ad7b1b4b66baf","src/test/java/org/elasticsearch/test/integration/indices/exists/types/TypesExistsTests.java","1","0","0","2","48","75","1"
"elasticsearch","eea4db5512fb616608e283d295d583e62d4607c6","plugins/analysis-stempel/src/test/java/org/elasticsearch/index/analysis/AnalysisPolishFactoryTests.java","1","0","0","2","48","77","0"
"elasticsearch","1424f09c02927d9caada7f6ea45285b411d88d12","modules/lang-painless/src/test/java/org/elasticsearch/painless/antlr/ParserTests.java","1","0","0","2","48","82","0"
"hazelcast","0ef7af6067ad821a1919376df82a76df8dd20f9c","hazelcast/src/test/java/com/hazelcast/internal/management/GetCacheEntryRequestTest.java","1","0","0","2","49","59","0"
"hazelcast","93f819fb8690b3daca79cf2c83451d12f93b13fb","hazelcast/src/test/java/com/hazelcast/internal/nearcache/impl/invalidation/MetaDataGeneratorTest.java","1","0","0","2","49","76","1"
"elasticsearch","2f8def11b5109eb80b47422a200bf7b7e07c8467","test/framework/src/test/java/org/elasticsearch/search/MockSearchServiceTests.java","1","0","0","2","49","76","2"
"elasticsearch","634ce90dc06f20888a4ff655985a6baccf25a7db","test/framework/src/test/java/org/elasticsearch/search/MockSearchServiceTests.java","1","0","0","2","49","76","0"
"hazelcast","287ce2a807b5697e12a97529d63fa3387e06aace","hazelcast/src/test/java/com/hazelcast/map/mapstore/writebehind/WriteBehindUponMigrationTest.java","1","0","0","2","49","81","1"
"hazelcast","27d49efcee88ee428254cf38353e8698ea127c45","hazelcast/src/test/java/com/hazelcast/client/protocol/compatibility/EncodeDecodeCompatibilityNullTest.java","1","0","0","2","4984","5000","1"
"hazelcast","27d49efcee88ee428254cf38353e8698ea127c45","hazelcast/src/test/java/com/hazelcast/client/protocol/compatibility/EncodeDecodeCompatibilityTest.java","1","0","0","2","4988","5004","1"
"netty","2adebc4c54ae98565db8e2a3c02b2ffaa0c101fe","transport/src/main/java/io/netty/channel/ChannelOutboundHandler.java","1","0","0","2","5","23","1"
"hazelcast","5322983f7b5146877ff41a3511b1cfa5d1aaa38f","hazelcast/src/main/java/com/hazelcast/impl/SetProxy.java","1","0","0","2","5","25","0"
"neo4j","3ec0e927cb481a29815bc3237d2e53fd7cadd271","community/kernel/src/main/java/org/neo4j/kernel/impl/api/index/IndexProxyFactory.java","1","0","0","2","5","26","0"
"neo4j","562320c0be4006685ed6f086c12ef4e1f1964f3c","community/kernel/src/main/java/org/neo4j/kernel/impl/api/index/IndexProxyFactory.java","1","0","0","2","5","26","0"
"neo4j","abb44045452530bb0da7fb275c808b5cefd2dc33","community/cypher/cypher-compiler-3.2/src/main/java/org/neo4j/cypher/internal/compiler/v3_2/spi/NodeIdWrapper.java","1","0","0","2","5","26","0"
"neo4j","abb44045452530bb0da7fb275c808b5cefd2dc33","community/cypher/cypher-compiler-3.2/src/main/java/org/neo4j/cypher/internal/compiler/v3_2/spi/RelationshipIdWrapper.java","1","0","0","2","5","26","0"
"elasticsearch","25fd9e26c4fb042d6f6dea14efcd239577bdbbc4","client/benchmark/src/main/java/org/elasticsearch/client/benchmark/ops/bulk/BulkRequestExecutor.java","1","0","0","2","5","26","0"
"elasticsearch","56cc87b7ccd41040d8fafcaf2da3680d96d10839","client/benchmark/src/main/java/org/elasticsearch/client/benchmark/ops/bulk/BulkRequestExecutor.java","1","0","0","2","5","26","0"
"neo4j","2fb8aea71a2d50c63f1407b9e975c5e8cbf325dc","community/security/src/main/java/org/neo4j/server/security/auth/UserManagerSupplier.java","1","0","0","2","5","26","1"
"elasticsearch","3136ed1490e41b4c82b8ee05ff2d224e113ef1b8","core/src/main/java/org/elasticsearch/common/io/BytesStream.java","1","0","0","2","5","27","1"
"elasticsearch","30ab8739a6e11ea7d5f25a62e290932d5f2d740f","core/src/main/java/org/elasticsearch/common/io/stream/BytesStream.java","1","0","0","2","5","28","0"
"ceylon-ide-eclipse","19348339b0484c476b6934f72fba4bb83fb44da3","plugins/com.redhat.ceylon.eclipse.ui/src/com/redhat/ceylon/eclipse/code/navigator/ModuleNode.java","1","0","0","2","5","7","1"
"hazelcast","bef9eaaee45912483a17edfa9bf8c70c0d515419","hazelcast/src/test/java/com/hazelcast/concurrent/lock/LockSplitBrainTest.java","1","0","0","2","50","72","0"
"elasticsearch","768bfb7d1dbcffb4ddcc9bc029dfd7c2e0a59932","core/src/test/java/org/elasticsearch/index/mapper/core/CompletionFieldTypeTests.java","1","0","0","2","50","73","0"
"elasticsearch","6174e21f47244b6d5153d7d0cc1fe28fe863399d","core/src/test/java/org/elasticsearch/index/query/QueryShardContextTests.java","1","0","0","2","50","77","1"
"hazelcast","59b2a7eb85f8fd60af0959fd4a28b050ad18d462","hazelcast/src/test/java/com/hazelcast/replicatedmap/ReplicatedMapPutSerializationTest.java","1","0","0","2","50","79","1"
"elasticsearch","a916830ab406359480709083831e36e4975a83fd","core/src/test/java/org/elasticsearch/index/mapper/internal/TypeFieldTypeTests.java","1","0","0","2","50","79","1"
"hazelcast","46e05488141001b7d2d0f3f9c39e3e35ce49a6ab","hazelcast/src/test/java/com/hazelcast/replicatedmap/ReplicatedMapPutSerializationTest.java","1","0","0","2","50","79","0"
"neo4j","92deabf9001437b79c438cdf3364395074aac621","community/server/src/test/java/org/neo4j/server/rest/transactional/CypherQueriesIT.java","1","0","0","2","50","82","0"
"hazelcast","7c1baa91dc4cb5d9c03b04a955a9c3e3824dde65","hazelcast/src/test/java/com/hazelcast/client/protocol/compatibility/ClientCompatibilityNullTest_1_0.java","1","0","0","2","5093","5866","1"
"hazelcast","7c1baa91dc4cb5d9c03b04a955a9c3e3824dde65","hazelcast/src/test/java/com/hazelcast/client/protocol/compatibility/ClientCompatibilityTest_1_0.java","1","0","0","2","5093","6151","1"
"hazelcast","a7ec759936b5ee731affea3d124296616924c2d4","hazelcast/src/test/java/com/hazelcast/client/protocol/compatibility/ClientCompatibilityNullTest_1_0.java","1","0","0","2","5094","5879","0"
"hazelcast","8959aa0857797fe82461f8cabc292a4966d2e5fb","hazelcast/src/test/java/com/hazelcast/client/protocol/compatibility/ClientCompatibilityNullTest_1_0.java","1","0","0","2","5094","5881","0"
"hazelcast","a7ec759936b5ee731affea3d124296616924c2d4","hazelcast/src/test/java/com/hazelcast/client/protocol/compatibility/ClientCompatibilityTest_1_0.java","1","0","0","2","5094","6164","0"
"hazelcast","8959aa0857797fe82461f8cabc292a4966d2e5fb","hazelcast/src/test/java/com/hazelcast/client/protocol/compatibility/ClientCompatibilityTest_1_0.java","1","0","0","2","5094","6166","0"
"elasticsearch","2f8def11b5109eb80b47422a200bf7b7e07c8467","core/src/test/java/org/elasticsearch/index/query/QueryShardContextTests.java","1","0","0","2","51","78","2"
"elasticsearch","977712f9773c3eecea3958a5b8ddf934207775a6","core/src/test/java/org/elasticsearch/index/query/QueryShardContextTests.java","1","0","0","2","51","78","1"
"elasticsearch","3aed047bdedde1bda189cbfc2f81e65af42e57c5","core/src/test/java/org/elasticsearch/index/query/QueryShardContextTests.java","1","0","0","2","51","78","0"
"elasticsearch","5a64f08f048461a63a0ca1354a5050c954e63d52","core/src/test/java/org/elasticsearch/index/mapper/boost/CustomBoostMappingTests.java","1","0","0","2","51","81","1"
"elasticsearch","5123167a996774a6e3403b8fd0609c592bce5592","core/src/test/java/org/elasticsearch/search/internal/InternalSearchHitTests.java","1","0","0","2","51","82","0"
"neo4j","990fe648c6b49f319a515dd6b0757553c483ab11","enterprise/ha/src/test/java/org/neo4j/kernel/ha/com/slave/MasterClientResolverTest.java","1","0","0","2","51","83","0"
"neo4j","e77cee57aa63fd2aa48c7a2541b263defdda2062","enterprise/ha/src/test/java/org/neo4j/ha/TestClusterIndexDeletion.java","1","0","0","2","51","85","0"
"elasticsearch","16fe44c7ec802fa6143630b3c2e30976d0f557a9","src/test/java/org/elasticsearch/search/builder/SearchSourceBuilderTest.java","1","0","0","2","51","87","0"
"hazelcast","8959aa0857797fe82461f8cabc292a4966d2e5fb","hazelcast/src/test/java/com/hazelcast/client/protocol/compatibility/EncodeDecodeCompatibilityNullTest.java","1","0","0","2","5127","5136","0"
"hazelcast","7c1baa91dc4cb5d9c03b04a955a9c3e3824dde65","hazelcast/src/test/java/com/hazelcast/client/protocol/compatibility/ClientCompatibilityNullTest_1_2.java","1","0","0","2","5178","5923","1"
"hazelcast","7c1baa91dc4cb5d9c03b04a955a9c3e3824dde65","hazelcast/src/test/java/com/hazelcast/client/protocol/compatibility/ClientCompatibilityTest_1_2.java","1","0","0","2","5178","6217","1"
"hazelcast","a7ec759936b5ee731affea3d124296616924c2d4","hazelcast/src/test/java/com/hazelcast/client/protocol/compatibility/ClientCompatibilityNullTest_1_2.java","1","0","0","2","5179","5936","0"
"hazelcast","8959aa0857797fe82461f8cabc292a4966d2e5fb","hazelcast/src/test/java/com/hazelcast/client/protocol/compatibility/ClientCompatibilityNullTest_1_2.java","1","0","0","2","5179","5938","0"
"hazelcast","a7ec759936b5ee731affea3d124296616924c2d4","hazelcast/src/test/java/com/hazelcast/client/protocol/compatibility/ClientCompatibilityTest_1_2.java","1","0","0","2","5179","6230","0"
"hazelcast","8959aa0857797fe82461f8cabc292a4966d2e5fb","hazelcast/src/test/java/com/hazelcast/client/protocol/compatibility/ClientCompatibilityTest_1_2.java","1","0","0","2","5179","6232","0"
"hazelcast","7c1baa91dc4cb5d9c03b04a955a9c3e3824dde65","hazelcast/src/test/java/com/hazelcast/client/protocol/compatibility/ClientCompatibilityNullTest_1_3.java","1","0","0","2","5199","5940","1"
"hazelcast","7c1baa91dc4cb5d9c03b04a955a9c3e3824dde65","hazelcast/src/test/java/com/hazelcast/client/protocol/compatibility/ClientCompatibilityTest_1_3.java","1","0","0","2","5199","6236","1"
"orientdb","d33ac73135bf14707a593d188497c23c05e6dcc7","core/src/test/java/com/orientechnologies/orient/core/metadata/security/ORestricetedUserCleanUpTest.java","1","0","0","2","52","64","1"
"elasticsearch","3f6a3c01dadb1951b597ffdbd068359a2fbc84c8","core/src/test/java/org/elasticsearch/cluster/routing/allocation/StartedShardsRoutingTests.java","1","0","0","2","52","82","1"
"elasticsearch","4b94eb5cb8cc4294ed0e932a5f22c16bd90d4dd7","core/src/main/java/org/elasticsearch/action/admin/indices/flush/TransportShardFlushAction.java","1","0","0","2","52","82","2"
"elasticsearch","860efb2ad28db09189c8423e05d0dba53010259c","core/src/main/java/org/elasticsearch/action/admin/indices/flush/TransportShardFlushAction.java","1","0","0","2","52","82","2"
"elasticsearch","6abcd42a05a0e2bc4eaf1add6a41ae7d48f840c2","core/src/test/java/org/elasticsearch/cluster/routing/allocation/StartedShardsRoutingTests.java","1","0","0","2","52","82","0"
"elasticsearch","d3417fb02291f26964d77767020ef345d18c148f","core/src/main/java/org/elasticsearch/action/admin/indices/flush/TransportShardFlushAction.java","1","0","0","2","52","82","0"
"neo4j","1b3aad3b619bd72c2c9f79bb7edf642c5dc56a6f","enterprise/security/src/test/java/org/neo4j/server/security/enterprise/log/SecurityLogTest.java","1","0","0","2","52","85","0"
"neo4j","de2b5037c3cf7dedf147f47530dd8f643d00b054","enterprise/cluster/src/test/java/org/neo4j/cluster/protocol/atomicbroadcast/multipaxos/context/HeartbeatContextImplTest.java","1","0","0","2","52","85","0"
"neo4j","4dec8529ce337fadd79a0c459e6e5286e66637a4","enterprise/security/src/test/java/org/neo4j/server/security/enterprise/log/SecurityLogTest.java","1","0","0","2","52","85","1"
"hazelcast","a7ec759936b5ee731affea3d124296616924c2d4","hazelcast/src/test/java/com/hazelcast/client/protocol/compatibility/ClientCompatibilityNullTest_1_3.java","1","0","0","2","5200","5953","0"
"hazelcast","8959aa0857797fe82461f8cabc292a4966d2e5fb","hazelcast/src/test/java/com/hazelcast/client/protocol/compatibility/ClientCompatibilityNullTest_1_3.java","1","0","0","2","5200","5955","0"
"hazelcast","a7ec759936b5ee731affea3d124296616924c2d4","hazelcast/src/test/java/com/hazelcast/client/protocol/compatibility/ClientCompatibilityTest_1_3.java","1","0","0","2","5200","6249","0"
"hazelcast","8959aa0857797fe82461f8cabc292a4966d2e5fb","hazelcast/src/test/java/com/hazelcast/client/protocol/compatibility/ClientCompatibilityTest_1_3.java","1","0","0","2","5200","6251","0"
"hazelcast","7c1baa91dc4cb5d9c03b04a955a9c3e3824dde65","hazelcast/src/test/java/com/hazelcast/client/protocol/compatibility/ClientCompatibilityNullTest_1_1.java","1","0","0","2","5220","5993","1"
"hazelcast","7c1baa91dc4cb5d9c03b04a955a9c3e3824dde65","hazelcast/src/test/java/com/hazelcast/client/protocol/compatibility/ClientCompatibilityTest_1_1.java","1","0","0","2","5220","6287","1"
"hazelcast","a7ec759936b5ee731affea3d124296616924c2d4","hazelcast/src/test/java/com/hazelcast/client/protocol/compatibility/ClientCompatibilityNullTest_1_1.java","1","0","0","2","5221","6006","0"
"hazelcast","8959aa0857797fe82461f8cabc292a4966d2e5fb","hazelcast/src/test/java/com/hazelcast/client/protocol/compatibility/ClientCompatibilityNullTest_1_1.java","1","0","0","2","5221","6008","0"
"hazelcast","a7ec759936b5ee731affea3d124296616924c2d4","hazelcast/src/test/java/com/hazelcast/client/protocol/compatibility/ClientCompatibilityTest_1_1.java","1","0","0","2","5221","6300","0"
"hazelcast","8959aa0857797fe82461f8cabc292a4966d2e5fb","hazelcast/src/test/java/com/hazelcast/client/protocol/compatibility/ClientCompatibilityTest_1_1.java","1","0","0","2","5221","6302","0"
"neo4j","87a690fbed55b13b44c51cf28a9156d1a45de6f0","enterprise/neo4j-enterprise/src/test/java/org/neo4j/index/StartOnExistingDbWithIndexIT.java","1","0","0","2","53","82","0"
"elasticsearch","5a64f08f048461a63a0ca1354a5050c954e63d52","core/src/test/java/org/elasticsearch/index/mapper/compound/CompoundTypesTests.java","1","0","0","2","53","87","0"
"hazelcast","7c1baa91dc4cb5d9c03b04a955a9c3e3824dde65","hazelcast/src/test/java/com/hazelcast/client/protocol/compatibility/ServerCompatibilityNullTest_1_0.java","1","0","0","2","5315","5366","1"
"hazelcast","848fd914e8ef0483f59301258eb88b8f9a51d2de","hazelcast/src/test/java/com/hazelcast/client/protocol/compatibility/ServerCompatibilityNullTest_1_0.java","1","0","0","2","5315","5366","1"
"hazelcast","93fd800d6c6f6781ef95536bba7e2b200fe9678d","hazelcast/src/test/java/com/hazelcast/client/protocol/compatibility/ServerCompatibilityNullTest_1_0.java","1","0","0","2","5315","5366","0"
"hazelcast","7c1baa91dc4cb5d9c03b04a955a9c3e3824dde65","hazelcast/src/test/java/com/hazelcast/client/protocol/compatibility/ServerCompatibilityTest_1_0.java","1","0","0","2","5315","5395","1"
"hazelcast","848fd914e8ef0483f59301258eb88b8f9a51d2de","hazelcast/src/test/java/com/hazelcast/client/protocol/compatibility/ServerCompatibilityTest_1_0.java","1","0","0","2","5315","5395","1"
"hazelcast","93fd800d6c6f6781ef95536bba7e2b200fe9678d","hazelcast/src/test/java/com/hazelcast/client/protocol/compatibility/ServerCompatibilityTest_1_0.java","1","0","0","2","5315","5395","0"
"hazelcast","8959aa0857797fe82461f8cabc292a4966d2e5fb","hazelcast/src/test/java/com/hazelcast/client/protocol/compatibility/ServerCompatibilityNullTest_1_0.java","1","0","0","2","5316","5367","0"
"hazelcast","8959aa0857797fe82461f8cabc292a4966d2e5fb","hazelcast/src/test/java/com/hazelcast/client/protocol/compatibility/ServerCompatibilityTest_1_0.java","1","0","0","2","5316","5396","0"
"hazelcast","27d49efcee88ee428254cf38353e8698ea127c45","hazelcast/src/test/java/com/hazelcast/client/protocol/compatibility/ClientCompatibilityNullTest_1_0.java","1","0","0","2","5343","5754","1"
"hazelcast","27d49efcee88ee428254cf38353e8698ea127c45","hazelcast/src/test/java/com/hazelcast/client/protocol/compatibility/ClientCompatibilityTest_1_0.java","1","0","0","2","5343","6069","1"
"elasticsearch","6292bc07f998e50236cd953f5fa9db521332a70e","core/src/test/java/org/elasticsearch/action/admin/indices/template/put/MetaDataIndexTemplateServiceTests.java","1","0","0","2","54","82","2"
"elasticsearch","b88d2f62554ffa2f4b9e762417633c562595fbfb","core/src/test/java/org/elasticsearch/action/admin/indices/template/put/MetaDataIndexTemplateServiceTests.java","1","0","0","2","54","82","3"
"orientdb","9fa8bca3ace62c8a141db035ee55c9d0c3ef61c4","core/src/test/java/com/orientechnologies/orient/core/sql/parser/OAlterClassStatementTest.java","1","0","0","2","54","82","0"
"elasticsearch","4b94eb5cb8cc4294ed0e932a5f22c16bd90d4dd7","core/src/main/java/org/elasticsearch/action/admin/indices/refresh/TransportShardRefreshAction.java","1","0","0","2","54","85","2"
"elasticsearch","860efb2ad28db09189c8423e05d0dba53010259c","core/src/main/java/org/elasticsearch/action/admin/indices/refresh/TransportShardRefreshAction.java","1","0","0","2","54","85","2"
"elasticsearch","d3417fb02291f26964d77767020ef345d18c148f","core/src/main/java/org/elasticsearch/action/admin/indices/refresh/TransportShardRefreshAction.java","1","0","0","2","54","85","0"
"oryx","49c1ead1c67cc8b980a4be36cff731a14ba4f3fb","app/oryx-app-mllib/src/test/java/com/cloudera/oryx/app/batch/mllib/kmeans/KMeansHyperParamTuningIT.java","1","0","0","2","54","87","0"
"elasticsearch","93ad6969669e65db6ba7f35c375109e3f186675b","core/src/test/java/org/elasticsearch/indices/DateMathIndexExpressionsIntegrationIT.java","1","0","0","2","54","88","1"
"hazelcast","7c1baa91dc4cb5d9c03b04a955a9c3e3824dde65","hazelcast/src/test/java/com/hazelcast/client/protocol/compatibility/ServerCompatibilityNullTest_1_2.java","1","0","0","2","5412","5435","1"
"hazelcast","848fd914e8ef0483f59301258eb88b8f9a51d2de","hazelcast/src/test/java/com/hazelcast/client/protocol/compatibility/ServerCompatibilityNullTest_1_2.java","1","0","0","2","5412","5435","1"
"hazelcast","93fd800d6c6f6781ef95536bba7e2b200fe9678d","hazelcast/src/test/java/com/hazelcast/client/protocol/compatibility/ServerCompatibilityNullTest_1_2.java","1","0","0","2","5412","5435","0"
"hazelcast","7c1baa91dc4cb5d9c03b04a955a9c3e3824dde65","hazelcast/src/test/java/com/hazelcast/client/protocol/compatibility/ServerCompatibilityTest_1_2.java","1","0","0","2","5412","5464","1"
"hazelcast","848fd914e8ef0483f59301258eb88b8f9a51d2de","hazelcast/src/test/java/com/hazelcast/client/protocol/compatibility/ServerCompatibilityTest_1_2.java","1","0","0","2","5412","5464","1"
"hazelcast","93fd800d6c6f6781ef95536bba7e2b200fe9678d","hazelcast/src/test/java/com/hazelcast/client/protocol/compatibility/ServerCompatibilityTest_1_2.java","1","0","0","2","5412","5464","0"
"hazelcast","8959aa0857797fe82461f8cabc292a4966d2e5fb","hazelcast/src/test/java/com/hazelcast/client/protocol/compatibility/ServerCompatibilityNullTest_1_2.java","1","0","0","2","5413","5436","0"
"hazelcast","8959aa0857797fe82461f8cabc292a4966d2e5fb","hazelcast/src/test/java/com/hazelcast/client/protocol/compatibility/ServerCompatibilityTest_1_2.java","1","0","0","2","5413","5465","0"
"hazelcast","7c1baa91dc4cb5d9c03b04a955a9c3e3824dde65","hazelcast/src/test/java/com/hazelcast/client/protocol/compatibility/ServerCompatibilityNullTest_1_3.java","1","0","0","2","5435","5454","1"
"hazelcast","848fd914e8ef0483f59301258eb88b8f9a51d2de","hazelcast/src/test/java/com/hazelcast/client/protocol/compatibility/ServerCompatibilityNullTest_1_3.java","1","0","0","2","5435","5454","1"
"hazelcast","93fd800d6c6f6781ef95536bba7e2b200fe9678d","hazelcast/src/test/java/com/hazelcast/client/protocol/compatibility/ServerCompatibilityNullTest_1_3.java","1","0","0","2","5435","5454","0"
"hazelcast","7c1baa91dc4cb5d9c03b04a955a9c3e3824dde65","hazelcast/src/test/java/com/hazelcast/client/protocol/compatibility/ServerCompatibilityTest_1_3.java","1","0","0","2","5435","5483","1"
"hazelcast","848fd914e8ef0483f59301258eb88b8f9a51d2de","hazelcast/src/test/java/com/hazelcast/client/protocol/compatibility/ServerCompatibilityTest_1_3.java","1","0","0","2","5435","5483","1"
"hazelcast","93fd800d6c6f6781ef95536bba7e2b200fe9678d","hazelcast/src/test/java/com/hazelcast/client/protocol/compatibility/ServerCompatibilityTest_1_3.java","1","0","0","2","5435","5483","0"
"hazelcast","8959aa0857797fe82461f8cabc292a4966d2e5fb","hazelcast/src/test/java/com/hazelcast/client/protocol/compatibility/ServerCompatibilityNullTest_1_3.java","1","0","0","2","5436","5455","0"
"hazelcast","8959aa0857797fe82461f8cabc292a4966d2e5fb","hazelcast/src/test/java/com/hazelcast/client/protocol/compatibility/ServerCompatibilityTest_1_3.java","1","0","0","2","5436","5484","0"
"hazelcast","27d49efcee88ee428254cf38353e8698ea127c45","hazelcast/src/test/java/com/hazelcast/client/protocol/compatibility/ClientCompatibilityNullTest_1_2.java","1","0","0","2","5437","5829","1"
"hazelcast","27d49efcee88ee428254cf38353e8698ea127c45","hazelcast/src/test/java/com/hazelcast/client/protocol/compatibility/ClientCompatibilityTest_1_2.java","1","0","0","2","5437","6153","1"
"hazelcast","7c1baa91dc4cb5d9c03b04a955a9c3e3824dde65","hazelcast/src/test/java/com/hazelcast/client/protocol/compatibility/ServerCompatibilityNullTest_1_1.java","1","0","0","2","5454","5505","1"
"hazelcast","848fd914e8ef0483f59301258eb88b8f9a51d2de","hazelcast/src/test/java/com/hazelcast/client/protocol/compatibility/ServerCompatibilityNullTest_1_1.java","1","0","0","2","5454","5505","1"
"hazelcast","93fd800d6c6f6781ef95536bba7e2b200fe9678d","hazelcast/src/test/java/com/hazelcast/client/protocol/compatibility/ServerCompatibilityNullTest_1_1.java","1","0","0","2","5454","5505","0"
"hazelcast","7c1baa91dc4cb5d9c03b04a955a9c3e3824dde65","hazelcast/src/test/java/com/hazelcast/client/protocol/compatibility/ServerCompatibilityTest_1_1.java","1","0","0","2","5454","5534","1"
"hazelcast","848fd914e8ef0483f59301258eb88b8f9a51d2de","hazelcast/src/test/java/com/hazelcast/client/protocol/compatibility/ServerCompatibilityTest_1_1.java","1","0","0","2","5454","5534","1"
"hazelcast","93fd800d6c6f6781ef95536bba7e2b200fe9678d","hazelcast/src/test/java/com/hazelcast/client/protocol/compatibility/ServerCompatibilityTest_1_1.java","1","0","0","2","5454","5534","0"
"hazelcast","8959aa0857797fe82461f8cabc292a4966d2e5fb","hazelcast/src/test/java/com/hazelcast/client/protocol/compatibility/ServerCompatibilityNullTest_1_1.java","1","0","0","2","5455","5506","0"
"hazelcast","8959aa0857797fe82461f8cabc292a4966d2e5fb","hazelcast/src/test/java/com/hazelcast/client/protocol/compatibility/ServerCompatibilityTest_1_1.java","1","0","0","2","5455","5535","0"
"hazelcast","27d49efcee88ee428254cf38353e8698ea127c45","hazelcast/src/test/java/com/hazelcast/client/protocol/compatibility/ClientCompatibilityNullTest_1_3.java","1","0","0","2","5461","5804","1"
"hazelcast","27d49efcee88ee428254cf38353e8698ea127c45","hazelcast/src/test/java/com/hazelcast/client/protocol/compatibility/ClientCompatibilityTest_1_3.java","1","0","0","2","5463","6132","1"
"hazelcast","27d49efcee88ee428254cf38353e8698ea127c45","hazelcast/src/test/java/com/hazelcast/client/protocol/compatibility/ClientCompatibilityNullTest_1_1.java","1","0","0","2","5479","5899","1"
"hazelcast","27d49efcee88ee428254cf38353e8698ea127c45","hazelcast/src/test/java/com/hazelcast/client/protocol/compatibility/ClientCompatibilityTest_1_1.java","1","0","0","2","5479","6223","1"
"neo4j","197393a3c66dacf10c813cdcb731971a30857e16","integrationtests/src/test/java/org/neo4j/ha/BoltHAIT.java","1","0","0","2","55","102","0"
"orientdb","ea29dd420d87d2a78ca436639a9a191eb8ddc89f","core/src/test/java/com/orientechnologies/orient/core/sql/parser/OAlterClassStatementTest.java","1","0","0","2","55","84","0"
"oryx","d6687d2eb4391d042aa1d5e80653326e501b0fed","app/oryx-app-mllib/src/test/java/com/cloudera/oryx/app/batch/mllib/kmeans/KMeansHyperParamTuningIT.java","1","0","0","2","55","88","1"
"hazelcast","848fd914e8ef0483f59301258eb88b8f9a51d2de","hazelcast/src/test/java/com/hazelcast/client/protocol/compatibility/ClientCompatibilityNullTest_1_4.java","1","0","0","2","5521","6254","1"
"hazelcast","848fd914e8ef0483f59301258eb88b8f9a51d2de","hazelcast/src/test/java/com/hazelcast/client/protocol/compatibility/ClientCompatibilityTest_1_4.java","1","0","0","2","5521","6570","1"
"hazelcast","7c1baa91dc4cb5d9c03b04a955a9c3e3824dde65","hazelcast/src/test/java/com/hazelcast/client/protocol/compatibility/ClientCompatibilityNullTest_1_4.java","1","0","0","2","5577","6314","1"
"hazelcast","7c1baa91dc4cb5d9c03b04a955a9c3e3824dde65","hazelcast/src/test/java/com/hazelcast/client/protocol/compatibility/ClientCompatibilityTest_1_4.java","1","0","0","2","5583","6638","1"
"orientdb","aaa663966eba301666fc590160d168bbec1b7aeb","core/src/test/java/com/orientechnologies/orient/core/metadata/security/ORestricetedUserCleanUpTest.java","1","0","0","2","56","68","0"
"elasticsearch","8a454dae331e607457e9ee2d031cfd2459b88f1b","core/src/test/java/org/elasticsearch/action/fieldstats/FieldStatsRequestTests.java","1","0","0","2","56","83","0"
"elasticsearch","4b94eb5cb8cc4294ed0e932a5f22c16bd90d4dd7","core/src/main/java/org/elasticsearch/action/admin/indices/upgrade/post/TransportUpgradeSettingsAction.java","1","0","0","2","56","87","2"
"elasticsearch","860efb2ad28db09189c8423e05d0dba53010259c","core/src/main/java/org/elasticsearch/action/admin/indices/upgrade/post/TransportUpgradeSettingsAction.java","1","0","0","2","56","87","2"
"elasticsearch","d3417fb02291f26964d77767020ef345d18c148f","core/src/main/java/org/elasticsearch/action/admin/indices/upgrade/post/TransportUpgradeSettingsAction.java","1","0","0","2","56","87","0"
"netty","5f6b419bb92ec2c98d4b149f2a8a3f2a056ef0c9","transport/src/test/java/io/netty/channel/local/LocalClientTest.java","1","0","0","2","56","89","0"
"hazelcast","27d49efcee88ee428254cf38353e8698ea127c45","hazelcast/src/test/java/com/hazelcast/client/protocol/compatibility/ServerCompatibilityNullTest_1_0.java","1","0","0","2","5628","5668","1"
"hazelcast","27d49efcee88ee428254cf38353e8698ea127c45","hazelcast/src/test/java/com/hazelcast/client/protocol/compatibility/ServerCompatibilityTest_1_0.java","1","0","0","2","5632","5672","1"
"hazelcast","8959aa0857797fe82461f8cabc292a4966d2e5fb","hazelcast/src/test/java/com/hazelcast/client/protocol/compatibility/ClientCompatibilityNullTest_1_4.java","1","0","0","2","5684","6435","0"
"hazelcast","8959aa0857797fe82461f8cabc292a4966d2e5fb","hazelcast/src/test/java/com/hazelcast/client/protocol/compatibility/ClientCompatibilityTest_1_4.java","1","0","0","2","5684","6760","0"
"hazelcast","a7ec759936b5ee731affea3d124296616924c2d4","hazelcast/src/test/java/com/hazelcast/client/protocol/compatibility/ClientCompatibilityNullTest_1_4.java","1","0","0","2","5686","6435","0"
"hazelcast","a7ec759936b5ee731affea3d124296616924c2d4","hazelcast/src/test/java/com/hazelcast/client/protocol/compatibility/ClientCompatibilityTest_1_4.java","1","0","0","2","5686","6760","0"
"elasticsearch","75cedca0dab933bb6d1679fbddea2d09122d13c9","core/src/test/java/org/elasticsearch/indices/IndicesLifecycleListenerSingleNodeTests.java","1","0","0","2","57","87","2"
"hazelcast","848fd914e8ef0483f59301258eb88b8f9a51d2de","hazelcast/src/test/java/com/hazelcast/client/protocol/compatibility/ServerCompatibilityNullTest_1_4.java","1","0","0","2","5727","5734","1"
"hazelcast","848fd914e8ef0483f59301258eb88b8f9a51d2de","hazelcast/src/test/java/com/hazelcast/client/protocol/compatibility/ServerCompatibilityTest_1_4.java","1","0","0","2","5727","5765","1"
"hazelcast","27d49efcee88ee428254cf38353e8698ea127c45","hazelcast/src/test/java/com/hazelcast/client/protocol/compatibility/ServerCompatibilityNullTest_1_2.java","1","0","0","2","5734","5746","1"
"hazelcast","27d49efcee88ee428254cf38353e8698ea127c45","hazelcast/src/test/java/com/hazelcast/client/protocol/compatibility/ServerCompatibilityTest_1_2.java","1","0","0","2","5738","5750","1"
"hazelcast","27d49efcee88ee428254cf38353e8698ea127c45","hazelcast/src/test/java/com/hazelcast/client/protocol/compatibility/ServerCompatibilityNullTest_1_3.java","1","0","0","2","5748","5755","1"
"hazelcast","27d49efcee88ee428254cf38353e8698ea127c45","hazelcast/src/test/java/com/hazelcast/client/protocol/compatibility/ServerCompatibilityTest_1_3.java","1","0","0","2","5754","5761","1"
"hazelcast","7c1baa91dc4cb5d9c03b04a955a9c3e3824dde65","hazelcast/src/test/java/com/hazelcast/client/protocol/compatibility/ServerCompatibilityNullTest_1_4.java","1","0","0","2","5773","5780","1"
"hazelcast","7c1baa91dc4cb5d9c03b04a955a9c3e3824dde65","hazelcast/src/test/java/com/hazelcast/client/protocol/compatibility/ServerCompatibilityTest_1_4.java","1","0","0","2","5773","5813","1"
"hazelcast","27d49efcee88ee428254cf38353e8698ea127c45","hazelcast/src/test/java/com/hazelcast/client/protocol/compatibility/ServerCompatibilityNullTest_1_1.java","1","0","0","2","5776","5816","1"
"hazelcast","27d49efcee88ee428254cf38353e8698ea127c45","hazelcast/src/test/java/com/hazelcast/client/protocol/compatibility/ServerCompatibilityTest_1_1.java","1","0","0","2","5780","5820","1"
"hazelcast","bef9eaaee45912483a17edfa9bf8c70c0d515419","hazelcast/src/test/java/com/hazelcast/concurrent/semaphore/SemaphoreSplitBrainTest.java","1","0","0","2","58","78","0"
"elasticsearch","25fd9e26c4fb042d6f6dea14efcd239577bdbbc4","core/src/main/java/org/elasticsearch/action/admin/indices/refresh/TransportShardRefreshAction.java","1","0","0","2","58","89","0"
"neo4j","1979941d5b606491b74308f43943f8e110249e5d","community/kernel/src/test/java/org/neo4j/kernel/impl/recovery/KernelRecoveryTest.java","1","0","0","2","59","99","0"
"hazelcast","8959aa0857797fe82461f8cabc292a4966d2e5fb","hazelcast/src/test/java/com/hazelcast/client/protocol/compatibility/ServerCompatibilityNullTest_1_4.java","1","0","0","2","5901","5908","0"
"hazelcast","8959aa0857797fe82461f8cabc292a4966d2e5fb","hazelcast/src/test/java/com/hazelcast/client/protocol/compatibility/ServerCompatibilityTest_1_4.java","1","0","0","2","5901","5941","0"
"hazelcast","b7615d8d468561afbeee653b44697d033affd617","hazelcast/src/test/java/com/hazelcast/nio/tcp/EventLoopGroupFactory.java","1","0","0","2","6","25","1"
"hazelcast","60ee6ddac16452eeb9c4b3678eb6c5cd9daeafd0","hazelcast/src/main/java/com/hazelcast/core/IQueue.java","1","0","0","2","6","27","0"
"hazelcast","641c74275a2a7532249386d5e368a6ce182f4742","hazelcast/src/main/java/com/hazelcast/core/IQueue.java","1","0","0","2","6","27","0"
"hazelcast","e56ed623e2f90ba7444669e38f971c3206d1c4a0","hazelcast/src/main/java/com/hazelcast/spi/TransactionalService.java","1","0","0","2","6","27","1"
"BroadleafCommerce","cd37faae7965d45206e2bc8eb7531154fc919cc2","core/broadleaf-profile/src/main/java/org/broadleafcommerce/profile/core/dao/IdGenerationDao.java","1","0","0","2","6","28","1"
"elasticsearch","47f92d7c621eb0b0e4cf350ae21c8553592a324f","core/src/main/java/org/elasticsearch/index/search/FieldQueryExtension.java","1","0","0","2","6","29","1"
"elasticsearch","4b94eb5cb8cc4294ed0e932a5f22c16bd90d4dd7","core/src/main/java/org/apache/lucene/queryparser/classic/FieldQueryExtension.java","1","0","0","2","6","29","2"
"elasticsearch","860efb2ad28db09189c8423e05d0dba53010259c","core/src/main/java/org/apache/lucene/queryparser/classic/FieldQueryExtension.java","1","0","0","2","6","29","2"
"elasticsearch","d3417fb02291f26964d77767020ef345d18c148f","core/src/main/java/org/apache/lucene/queryparser/classic/FieldQueryExtension.java","1","0","0","2","6","29","0"
"hazelcast","fe5fe72b500ec87086cc396cfea16d1fa6abf951","hazelcast/src/main/java/com/hazelcast/monitor/LocalInstanceStats.java","1","0","0","2","6","30","0"
"hazelcast","9074897ccf35e42710c3078d2e564ba53b6f6f94","hazelcast/src/main/java/com/hazelcast/monitor/LocalInstanceStats.java","1","0","0","2","6","31","1"
"oryx","49c1ead1c67cc8b980a4be36cff731a14ba4f3fb","app/oryx-app-mllib/src/test/java/com/cloudera/oryx/app/batch/mllib/als/ALSHyperParamTuningIT.java","1","0","0","2","63","94","0"
"elasticsearch","4b94eb5cb8cc4294ed0e932a5f22c16bd90d4dd7","core/src/main/java/org/elasticsearch/action/admin/indices/segments/TransportIndicesSegmentsAction.java","1","0","0","2","63","98","2"
"elasticsearch","860efb2ad28db09189c8423e05d0dba53010259c","core/src/main/java/org/elasticsearch/action/admin/indices/segments/TransportIndicesSegmentsAction.java","1","0","0","2","63","98","2"
"elasticsearch","d3417fb02291f26964d77767020ef345d18c148f","core/src/main/java/org/elasticsearch/action/admin/indices/segments/TransportIndicesSegmentsAction.java","1","0","0","2","63","98","0"
"elasticsearch","fc3133d0878a426a6d2098cb75f567be00c59635","src/test/java/org/elasticsearch/test/unit/cluster/settings/ClusterSettingsTests.java","1","0","0","2","64","103","0"
"neo4j","c2a95db0bf471e36e256ba6c9933dfd9b7ae333f","community/lucene-index/src/test/java/org/neo4j/index/impl/lucene/legacy/LuceneCommandApplierTest.java","1","0","0","2","65","101","0"
"oryx","d6687d2eb4391d042aa1d5e80653326e501b0fed","app/oryx-app-mllib/src/test/java/com/cloudera/oryx/app/batch/mllib/als/ALSHyperParamTuningIT.java","1","0","0","2","65","96","1"
"oryx","29b158c18a24097071341a4dbe81d1c9d40a9374","oryx-ml-mllib/src/test/java/com/cloudera/oryx/ml/mllib/als/HyperParamTuningIT.java","1","0","0","2","65","97","0"
"neo4j","5fac37423d3ffeea7973d7dbb3c494ef9376d2a9","community/lucene-index/src/test/java/org/neo4j/index/impl/lucene/legacy/LuceneCommandApplierTest.java","1","0","0","2","66","101","0"
"orientdb","807221944f10678433892c192193cb40989fc482","core/src/test/java/com/orientechnologies/orient/core/db/tool/TestImportRewriteLinks.java","1","0","0","2","66","93","0"
"neo4j","c0e25bf649503b545354b317a76e96eb796934ae","community/kernel/src/test/java/org/neo4j/kernel/impl/coreapi/StandardRelationshipActionsTest.java","1","0","0","2","67","100","0"
"neo4j","d693165ae77cf119824aaa7a53ac45b466b15c24","stresstests/src/test/java/org/neo4j/coreedge/stresstests/CatchupStoreCopyInteractionStressTesting.java","1","0","0","2","69","103","1"
"ceylon-ide-eclipse","6dc45ff3fafa8f0e59977c0291ddec7f97efaede","plugins/com.redhat.ceylon.eclipse.ui/src/com/redhat/ceylon/eclipse/core/model/IdeUnit.java","1","0","0","2","7","10","1"
"neo4j","96b75bb344012a256b80b3e34629e9c7ad045396","community/kernel/src/main/java/org/neo4j/kernel/impl/api/PropertyLookup.java","1","0","0","2","7","29","0"
"elasticsearch","4b94eb5cb8cc4294ed0e932a5f22c16bd90d4dd7","core/src/main/java/org/elasticsearch/action/admin/indices/alias/get/GetAliasesRequestBuilder.java","1","0","0","2","7","30","2"
"elasticsearch","860efb2ad28db09189c8423e05d0dba53010259c","core/src/main/java/org/elasticsearch/action/admin/indices/alias/get/GetAliasesRequestBuilder.java","1","0","0","2","7","30","2"
"elasticsearch","d3417fb02291f26964d77767020ef345d18c148f","core/src/main/java/org/elasticsearch/action/admin/indices/alias/get/GetAliasesRequestBuilder.java","1","0","0","2","7","30","0"
"elasticsearch","df8206853bc34306fc70420a9146c00a637bc6db","src/test/java/org/elasticsearch/index/fielddata/fieldcomparator/ReplaceMissingTests.java","1","0","0","2","71","111","0"
"neo4j","06d2399663c580161087a11f6c0861f0898062f3","community/dbms/src/main/java/org/neo4j/dbms/archive/Dumper.java","1","0","0","2","73","108","0"
"elasticsearch","119f8ed9f025c4280f5540fac1f6e2fb096c1df8","core/src/test/java/org/elasticsearch/index/mapper/AllFieldIT.java","1","0","0","2","76","110","0"
"neo4j","dffaacf551b9213f1b818976724f11748a16a674","stresstests/src/test/java/org/neo4j/coreedge/stresstests/CatchupStoreCopyInteractionStressTesting.java","1","0","0","2","77","111","0"
"elasticsearch","4fea56ceadbbd042774a89dbdf94c16a4a33df4c","core/src/test/java/org/elasticsearch/indices/IndicesLifecycleListenerSingleNodeTests.java","1","0","0","2","78","107","1"
"titan","627201ea7c20d1f72ab1d548ad5ec11041da09ee","titan-dist/src/test/java/com/thinkaurelius/titan/pkgtest/GremlinShellArgsIT.java","1","0","0","2","8","11","0"
"antlr4","29c2712ae1eee9575324db48c2f72c7cb0d28308","tool/test/org/antlr/v4/test/rt/gen/AbstractParserTestMethod.java","1","0","0","2","8","13","0"
"neo4j","6ae0873e303c40548b80c8463588e28bf99217aa","community/neo4j-harness/src/test/java/org/neo4j/harness/SomeService.java","1","0","0","2","8","29","0"
"neo4j","2fb8aea71a2d50c63f1407b9e975c5e8cbf325dc","enterprise/security/src/main/java/org/neo4j/server/security/enterprise/auth/EnterpriseAuthAndUserManager.java","1","0","0","2","8","30","1"
"elasticsearch","467a459f95d8709379bf3e7f415644b246a89dba","core/src/main/java/org/elasticsearch/search/suggest/SuggestContextParser.java","1","0","0","2","8","30","1"
"neo4j","c287d3fcff4d41dc2fa317c778efc33d6ca11eba","enterprise/security/src/main/java/org/neo4j/server/security/enterprise/auth/EnterpriseAuthAndUserManager.java","1","0","0","2","8","30","0"
"elasticsearch","4b94eb5cb8cc4294ed0e932a5f22c16bd90d4dd7","core/src/main/java/org/elasticsearch/action/admin/indices/mapping/get/GetMappingsRequestBuilder.java","1","0","0","2","8","31","2"
"elasticsearch","4b94eb5cb8cc4294ed0e932a5f22c16bd90d4dd7","core/src/main/java/org/elasticsearch/action/admin/cluster/stats/ClusterStatsRequestBuilder.java","1","0","0","2","8","31","2"
"elasticsearch","d3417fb02291f26964d77767020ef345d18c148f","core/src/main/java/org/elasticsearch/action/admin/indices/mapping/get/GetMappingsRequestBuilder.java","1","0","0","2","8","31","0"
"elasticsearch","085f9e032b536c02efb225625313326f2f382286","core/src/test/java/org/elasticsearch/indices/IndicesLifecycleListenerSingleNodeTests.java","1","0","0","2","80","109","2"
"elasticsearch","5380322947552f8b73cd8eab3e645b001abd8ba1","core/src/test/java/org/elasticsearch/indices/IndicesLifecycleListenerSingleNodeTests.java","1","0","0","2","83","113","0"
"elasticsearch","c97f4f38e7791075d920d245186c3f6e3cf1830a","core/src/test/java/org/elasticsearch/cluster/routing/allocation/FilterAllocationDeciderTests.java","1","0","0","2","83","120","0"
"neo4j","52be03d5aef3e190f17e4743afa0d5975f20b2f5","community/kernel/src/test/java/org/neo4j/kernel/RecoveryIT.java","1","0","0","2","83","123","1"
"netty","67c68ef8ba3458456b8db74b5d51530ed9f363ea","codec-http/src/test/java/io/netty/handler/codec/http/HttpResponseEncoderTest.java","1","0","0","2","84","122","1"
"elasticsearch","28090b3d7366044a8cadb0e6d47c324f94c1684a","core/src/test/java/org/elasticsearch/cluster/routing/allocation/StartedShardsRoutingTests.java","1","0","0","2","88","132","0"
"junit","e65558c174a8f5c4c7758f0d9dd1ffe027b023d8","src/test/java/org/junit/tests/internal/runners/ErrorReportingRunnerTest.java","1","0","0","2","9","12","0"
"hazelcast","2921cff694583b8638dae2991f427e61d5440a9d","hazelcast-client/src/test/java/com/hazelcast/client/internal/properties/ClientPropertyTest.java","1","0","0","2","9","13","0"
"antlr4","29c2712ae1eee9575324db48c2f72c7cb0d28308","tool/test/org/antlr/v4/test/rt/gen/ParserTestMethod.java","1","0","0","2","9","14","0"
"orientdb","6bf2e153ed9162b0a9ca1b4611282047d8e62a60","core/src/test/java/com/orientechnologies/orient/core/record/impl/ODocumentSchemafullBinarySerializationTest.java","1","0","0","2","9","15","0"
"neo4j","6b75a9235ea38e0c47caacd25cc919023c0c958b","community/lucene-index/src/test/java/org/neo4j/kernel/api/impl/index/DatabaseIndexIndexProviderApprovalTest.java","1","0","0","2","9","31","0"
"neo4j","6b75a9235ea38e0c47caacd25cc919023c0c958b","community/lucene-index/src/test/java/org/neo4j/kernel/api/impl/index/DatabaseIndexConstraintProviderApprovalTest.java","1","0","0","2","9","31","0"
"hazelcast","5bf9e046e54907d3f698fde6a6c8aa9305a3cb87","hazelcast/src/main/java/com/hazelcast/cache/impl/record/CacheRecordMap.java","1","0","0","2","9","31","1"
"elasticsearch","4b94eb5cb8cc4294ed0e932a5f22c16bd90d4dd7","core/src/main/java/org/elasticsearch/action/admin/indices/mapping/get/GetMappingsRequest.java","1","0","0","2","9","33","2"
"elasticsearch","4b94eb5cb8cc4294ed0e932a5f22c16bd90d4dd7","core/src/main/java/org/elasticsearch/action/admin/cluster/tasks/PendingClusterTasksRequest.java","1","0","0","2","9","33","2"
"elasticsearch","860efb2ad28db09189c8423e05d0dba53010259c","core/src/main/java/org/elasticsearch/action/admin/cluster/tasks/PendingClusterTasksRequest.java","1","0","0","2","9","33","2"
"elasticsearch","860efb2ad28db09189c8423e05d0dba53010259c","core/src/main/java/org/elasticsearch/action/admin/indices/mapping/get/GetMappingsRequest.java","1","0","0","2","9","33","2"
"elasticsearch","d3417fb02291f26964d77767020ef345d18c148f","core/src/main/java/org/elasticsearch/action/admin/indices/mapping/get/GetMappingsRequest.java","1","0","0","2","9","33","0"
"hazelcast","51e5f6d0cf1953c755cd7c086bc8452b0c06fbdf","hazelcast/src/test/java/com/hazelcast/query/impl/IndexSplitBrainTest.java","1","0","0","2","90","120","1"
"neo4j","d693165ae77cf119824aaa7a53ac45b466b15c24","stresstests/src/test/java/org/neo4j/coreedge/stresstests/BackupStoreCopyInteractionStressTesting.java","1","0","0","2","92","128","1"
"neo4j","92a487981e219c40e413f946084e6f2efe3018f1","enterprise/kernel/src/test/java/org/neo4j/kernel/impl/storemigration/participant/StoreMigratorTest.java","1","0","0","2","94","132","0"
"elasticsearch","41d8fbe8f51abd499c9b497238bc5f2141b7926b","core/src/test/java/org/elasticsearch/discovery/zen/ping/unicast/UnicastZenPingIT.java","1","0","0","2","96","136","1"
"neo4j","dffaacf551b9213f1b818976724f11748a16a674","stresstests/src/test/java/org/neo4j/coreedge/stresstests/BackupStoreCopyInteractionStressTesting.java","1","0","0","2","97","133","0"
"elasticsearch","c97833596869141f747110d0046dd9de325a7f3c","core/src/test/java/org/elasticsearch/discovery/zen/ping/unicast/UnicastZenPingIT.java","1","0","0","2","97","137","1"
"elasticsearch","164efaecbe42195f08ada58b5fde927ab21fc6e7","core/src/test/java/org/elasticsearch/discovery/zen/ping/unicast/UnicastZenPingIT.java","1","0","0","2","98","139","0"
"elasticsearch","5a91ad11152fb54724083b696339b78829c8b905","core/src/test/java/org/elasticsearch/discovery/zen/ping/unicast/UnicastZenPingIT.java","1","0","0","2","99","139","0"
"hazelcast","7001ec8c5b1305c796de75c2e3f170c562db8c03","hazelcast-client/src/test/java/com/hazelcast/client/map/impl/nearcache/ClientMapNearCacheLiteMemberTest.java","1","0","0","20","110","142","0"
"hazelcast","330efef1f7194aaae5093af2ed205961dacf9e36","hazelcast-client/src/test/java/com/hazelcast/client/map/impl/nearcache/ClientMapNearCacheLiteMemberTest.java","1","0","0","20","110","158","1"
"junit","3aca014a2c39723febbe7def2fd132da80c3f4a9","src/test/java/org/junit/tests/experimental/theories/runner/UnsuccessfulWithDataPointFields.java","1","0","0","20","128","158","1"
"hazelcast","5af8f51c8285f8357f555749944df9e9470f1745","hazelcast/src/test/java/com/hazelcast/instance/GroupPropertiesTest.java","1","0","0","20","138","191","0"
"orientdb","67b44e38d6982f4b915b71290548d72dbd5aaa00","core/src/test/java/com/orientechnologies/orient/core/index/OCompositeKeyTest.java","1","0","0","20","191","257","1"
"orientdb","daa89846a07faf0215b5d99ec4121ebd7395c41e","core/src/test/java/com/orientechnologies/orient/core/index/OCompositeKeyTest.java","1","0","0","20","193","259","0"
"hazelcast","317fabec0c90b274c686ba018cc1b465fee244f2","hazelcast-client-new/src/test/java/com/hazelcast/client/atomicreference/ClientAtomicReferenceTest.java","1","0","0","20","195","272","0"
"hazelcast","b777381e2f8cfc3d8bcde3a87c5cc9993e31d4a2","hazelcast-client-new/src/test/java/com/hazelcast/client/atomicreference/ClientAtomicReferenceTest.java","1","0","0","20","197","274","1"
"hazelcast","1cb5e189b07a4808608b4c968273798035be5989","hazelcast/src/test/java/com/hazelcast/query/PredicatesTest.java","1","0","0","20","250","316","4"
"hazelcast","3be9d962d2f92f88e675591fa5f1946f950cfcae","hazelcast/src/test/java/com/hazelcast/query/PredicatesTest.java","1","0","0","20","257","323","2"
"titan","a1e70246868f0fc9e3e6e1bd454f2b0b13170c3b","src/main/java/com/thinkaurelius/titan/graphdb/query/InternalTitanQuery.java","1","0","0","20","27","53","1"
"BroadleafCommerce","4b899b0b30679392365b1286b26fd502eee6594c","admin/broadleaf-open-admin-platform/src/main/java/org/broadleafcommerce/openadmin/server/service/persistence/PersistenceManager.java","1","0","0","20","36","77","1"
"elasticsearch","2b97f5d9ebf1b07fcf61be5cdb1c4bc1250c537d","core/src/main/java/org/elasticsearch/index/mapper/MapperBuilders.java","1","0","0","20","69","111","2"
"netty","b86d3d692aa1a5417c2890f3fef78cc2dcfa6577","common/src/test/java/io/netty/util/internal/TypeParameterMatcherTest.java","1","0","0","20","87","122","1"
"hazelcast","7df686c91c1063bde42dbb25980fb462349f941c","hazelcast/src/main/java/com/hazelcast/replicatedmap/impl/record/RecordMigrationInfo.java","1","0","0","20","96","136","0"
"elasticsearch","4b94eb5cb8cc4294ed0e932a5f22c16bd90d4dd7","core/src/main/java/org/elasticsearch/action/admin/cluster/state/ClusterStateRequest.java","1","0","0","21","116","160","2"
"elasticsearch","860efb2ad28db09189c8423e05d0dba53010259c","core/src/main/java/org/elasticsearch/action/admin/cluster/state/ClusterStateRequest.java","1","0","0","21","116","160","2"
"elasticsearch","d3417fb02291f26964d77767020ef345d18c148f","core/src/main/java/org/elasticsearch/action/admin/cluster/state/ClusterStateRequest.java","1","0","0","21","116","160","0"
"hazelcast","26c1a07e88a98d6cbf2d7fcd7bc63107d18b18ba","hazelcast/src/test/java/com/hazelcast/util/scheduler/SecondsBasedEntryTaskSchedulerTest.java","1","0","0","21","196","243","0"
"hazelcast","3064950725e74bd193141997ce29fef4ec53e7bb","hazelcast/src/test/java/com/hazelcast/util/scheduler/SecondsBasedEntryTaskSchedulerTest.java","1","0","0","21","197","244","1"
"hazelcast","dabfcd785ee88d71c49ac5e08660a56babfdee9b","hazelcast/src/test/java/com/hazelcast/util/scheduler/SecondsBasedEntryTaskSchedulerTest.java","1","0","0","21","209","273","2"
"hazelcast","4670e6bf9ee389d3824db74d512a54603378364f","hazelcast/src/test/java/com/hazelcast/util/scheduler/SecondsBasedEntryTaskSchedulerTest.java","1","0","0","21","210","274","2"
"hazelcast","70e6d9c0a2efcc7c088c88302a3e3587246bda3c","hazelcast/src/test/java/com/hazelcast/query/PredicatesTest.java","1","0","0","21","261","328","1"
"BroadleafCommerce","e216da5ebb303680f5c60ffcd75979f5876ab5a6","admin/broadleaf-open-admin-platform/src/main/java/org/broadleafcommerce/openadmin/server/service/persistence/PersistenceManager.java","1","0","0","21","35","79","0"
"hazelcast","d38202141395360399c9cf97d4453adf5b1581e1","hazelcast/src/main/java/com/hazelcast/client/impl/protocol/parameters/QueueTemplate.java","1","0","0","21","48","89","1"
"hazelcast","5566f08f15e0f7312663ed1a845e21eea6fc1a5b","hazelcast/src/main/java/com/hazelcast/client/impl/protocol/template/QueueCodecTemplate.java","1","0","0","21","51","92","1"
"hazelcast","a7f07bfdce4479c7a792837c9eb15b3b2eb45392","hazelcast/src/main/java/com/hazelcast/client/impl/protocol/template/QueueCodecTemplate.java","1","0","0","21","51","92","2"
"hazelcast","a9da50b15f2d567b31e675013a016c06ebd2eba0","hazelcast/src/main/java/com/hazelcast/client/impl/protocol/template/QueueCodecTemplate.java","1","0","0","21","51","92","1"
"hazelcast","b777381e2f8cfc3d8bcde3a87c5cc9993e31d4a2","hazelcast/src/main/java/com/hazelcast/client/impl/protocol/template/QueueCodecTemplate.java","1","0","0","21","51","92","1"
"hazelcast","317fabec0c90b274c686ba018cc1b465fee244f2","hazelcast/src/main/java/com/hazelcast/client/impl/protocol/template/QueueCodecTemplate.java","1","0","0","21","51","92","0"
"hazelcast","d1d95f0bff6758a328defba275d8f0472daef975","hazelcast/src/main/java/com/hazelcast/client/impl/protocol/template/QueueCodecTemplate.java","1","0","0","21","52","93","0"
"hazelcast","27d49efcee88ee428254cf38353e8698ea127c45","hazelcast-client/src/test/java/com/hazelcast/client/cache/nearcache/ClientNearCacheTest.java","1","0","0","22","100","142","1"
"netty","4746e74124c01351d0cecf2e9d0e14bb7ab7d44e","common/src/test/java/io/netty/util/internal/TypeParameterMatcherTest.java","1","0","0","22","108","151","0"
"junit","e012e06dc326394a3a834d974e9af3fea0e6df91","src/test/java/org/junit/tests/experimental/theories/runner/WithDataPointMethod.java","1","0","0","22","112","142","1"
"hazelcast","c505bd050adca2b137d39f458734fbb250eb021c","hazelcast/src/test/java/com/hazelcast/config/NearCacheConfigTest.java","1","0","0","22","186","246","0"
"hazelcast","934929958888f0ee66fecccaadf2e7181cbaa9c2","hazelcast-client/src/test/java/com/hazelcast/client/quorum/ClientTransactionalMapQuorumTest.java","1","0","0","22","231","288","2"
"hazelcast","1f11ca3e0b009ee78364a4dd238b40a84df8f797","hazelcast-client/src/test/java/com/hazelcast/client/quorum/ClientTransactionalMapQuorumTest.java","1","0","0","22","232","290","2"
"elasticsearch","ed74e53cf517330f10bdb943f05a55148e72a5de","modules/lang-painless/src/test/java/org/elasticsearch/painless/DefOperationTests.java","1","0","0","22","787","915","0"
"elasticsearch","ee6d29b3429d9204103823f3c63044a760d946cf","modules/lang-painless/src/test/java/org/elasticsearch/painless/DefOperationTests.java","1","0","0","22","787","915","0"
"elasticsearch","7c46b57ff29e85e2e222020d3ec1aae6d9689816","modules/lang-painless/src/test/java/org/elasticsearch/painless/DefOperationTests.java","1","0","0","22","787","915","1"
"junit","d6f71260512973e70417b999f1efa9757659b1e1","src/test/java/org/junit/tests/running/classes/TestClassTest.java","1","0","0","22","86","108","2"
"junit","e012e06dc326394a3a834d974e9af3fea0e6df91","src/test/java/org/junit/tests/experimental/theories/runner/WithExtendedParameterSources.java","1","0","0","23","123","151","1"
"antlr4","29c2712ae1eee9575324db48c2f72c7cb0d28308","tool/test/org/antlr/v4/test/rt/java/TestSets.java","1","0","0","23","200","227","0"
"BroadleafCommerce","854b43917ca9c48eb47e129833add3a92f413ff6","core/broadleaf-framework/src/main/java/org/broadleafcommerce/core/store/domain/Store.java","1","0","0","23","26","56","0"
"neo4j","6deaa8d1740e012916c9f4d8cafe8dbaf6d68e38","community/cypher/cypher/src/test/java/org/neo4j/cypher/export/ExportTest.java","1","0","0","23","286","345","0"
"hazelcast","58e4782c607905ce452f830bd68a2412a9e1961e","hazelcast/src/main/java/com/hazelcast/client/impl/protocol/parameters/MultiMapTemplate.java","1","0","0","23","51","92","1"
"hazelcast","d38202141395360399c9cf97d4453adf5b1581e1","hazelcast/src/main/java/com/hazelcast/client/impl/protocol/parameters/MultiMapTemplate.java","1","0","0","23","51","92","1"
"hazelcast","4e007a3426015aebfb4a640a624d2e2e9dc90817","hazelcast/src/main/java/com/hazelcast/client/impl/protocol/parameters/MultiMapTemplate.java","1","0","0","23","51","92","0"
"hazelcast","5566f08f15e0f7312663ed1a845e21eea6fc1a5b","hazelcast/src/main/java/com/hazelcast/client/impl/protocol/template/MultiMapCodecTemplate.java","1","0","0","23","55","97","1"
"hazelcast","a7f07bfdce4479c7a792837c9eb15b3b2eb45392","hazelcast/src/main/java/com/hazelcast/client/impl/protocol/template/MultiMapCodecTemplate.java","1","0","0","23","55","97","2"
"hazelcast","b777381e2f8cfc3d8bcde3a87c5cc9993e31d4a2","hazelcast/src/main/java/com/hazelcast/client/impl/protocol/template/MultiMapCodecTemplate.java","1","0","0","23","55","97","1"
"hazelcast","317fabec0c90b274c686ba018cc1b465fee244f2","hazelcast/src/main/java/com/hazelcast/client/impl/protocol/template/MultiMapCodecTemplate.java","1","0","0","23","55","97","0"
"antlr4","29c2712ae1eee9575324db48c2f72c7cb0d28308","tool/test/org/antlr/v4/test/tool/TestATNSerialization.java","1","0","0","23","681","738","0"
"elasticsearch","cde83e363aac2195c2dc0f81bbe348bcfe8b4152","modules/lang-painless/src/test/java/org/elasticsearch/painless/DefOperationTests.java","1","0","0","23","793","923","1"
"elasticsearch","3f06d9f3b8516bb30a2890a36c2973f08f9c6076","modules/lang-painless/src/test/java/org/elasticsearch/painless/DefOperationTests.java","1","0","0","23","795","927","0"
"hazelcast","0111bd9d508bfdef8b6fc33deac41e4e587030ae","hazelcast/src/test/java/com/hazelcast/version/VersionTest.java","1","0","0","24","167","217","0"
"hazelcast","2921cff694583b8638dae2991f427e61d5440a9d","hazelcast/src/test/java/com/hazelcast/internal/properties/HazelcastPropertiesTest.java","1","0","0","24","170","231","0"
"hazelcast","d86471c6c85a31fb2ddcbbfd04a01d2242fe66dc","hazelcast/src/test/java/com/hazelcast/instance/MemberImplTest.java","1","0","0","24","196","249","0"
"hazelcast","01d6adb3560e51325cbc5092dbc8514259796965","hazelcast/src/test/java/com/hazelcast/instance/MemberImplTest.java","1","0","0","24","197","251","1"
"hazelcast","f4c33973f2e5f804f6743683b11c8a43922bfc7e","hazelcast/src/test/java/com/hazelcast/instance/MemberImplTest.java","1","0","0","24","201","270","1"
"hazelcast","e1b69c53ca4923affcd7722f012a80e32517e988","hazelcast/src/test/java/com/hazelcast/instance/MemberImplTest.java","1","0","0","24","202","271","0"
"hazelcast","0a9f47f7d7562e29d40a75d051d751c402bb0c33","hazelcast/src/test/java/com/hazelcast/config/XMLConfigPreProcessorTest.java","1","0","0","24","439","517","3"
"junit","34e66740b9117ce85cfd416f9e931b2e533ab16e","src/test/java/org/junit/tests/experimental/theories/runner/FailingDataPointMethods.java","1","0","0","25","109","137","0"
"hazelcast","fe87884b8576b4bb0d8994935b8795d4bcb3d3c4","hazelcast/src/test/java/com/hazelcast/query/SqlPredicateTest.java","1","0","0","25","322","377","1"
"netty","ba6ce5449ee852b782dde9a11933f6a09b123e22","codec-http/src/main/java/io/netty/handler/codec/http/EmptyHttpHeaders.java","1","0","0","26","113","159","0"
"elasticsearch","3f06d9f3b8516bb30a2890a36c2973f08f9c6076","modules/lang-painless/src/test/java/org/elasticsearch/painless/DefOptimizationTests.java","1","0","0","26","130","182","0"
"elasticsearch","ed74e53cf517330f10bdb943f05a55148e72a5de","modules/lang-painless/src/test/java/org/elasticsearch/painless/DefOptimizationTests.java","1","0","0","26","130","182","0"
"elasticsearch","cde83e363aac2195c2dc0f81bbe348bcfe8b4152","modules/lang-painless/src/test/java/org/elasticsearch/painless/DefOptimizationTests.java","1","0","0","26","130","182","1"
"neo4j","c9b32fdae609ff120e0f3c296861ae442af3228b","community/kernel/src/test/java/org/neo4j/kernel/impl/api/LockingStatementOperationsTest.java","1","0","0","26","326","505","3"
"hazelcast","304a4256525b16cd74311730ddd1f69a73d0049f","hazelcast/src/test/java/com/hazelcast/query/SqlPredicateTest.java","1","0","0","26","331","387","0"
"hazelcast","21586825d367940e1c79cf289e97310daab1200d","hazelcast/src/test/java/com/hazelcast/query/SqlPredicateTest.java","1","0","0","26","338","398","1"
"neo4j","5f59285fe3d907abdbf01a92fcd1020403d63f77","community/kernel/src/test/java/org/neo4j/kernel/impl/api/LockingStatementOperationsTest.java","1","0","0","26","340","511","1"
"hazelcast","2733328d746b5e5599d33bb063110b0617ac103c","hazelcast/src/test/java/com/hazelcast/config/XmlConfigImportVariableReplacementTest.java","1","0","0","26","384","448","0"
"hazelcast","2ca4efb36466fb01e913e3767312d8959456d9d0","hazelcast/src/test/java/com/hazelcast/config/XmlConfigImportVariableReplacementTest.java","1","0","0","26","384","448","0"
"hazelcast","d568e4d926d925d57d4e79e34614390416749301","hazelcast/src/test/java/com/hazelcast/config/XmlConfigImportVariableReplacementTest.java","1","0","0","26","384","448","0"
"hazelcast","244e81cbedfc4fbc6f4ccc79ef1f0d969c942128","hazelcast/src/test/java/com/hazelcast/config/XmlConfigImportVariableReplacementTest.java","1","0","0","26","384","448","1"
"hazelcast","e3b24a4f1451f1f11b5e79891f86fa3215d981a7","hazelcast/src/test/java/com/hazelcast/config/XmlConfigImportVariableReplacementTest.java","1","0","0","26","384","448","1"
"hazelcast","70d4de16ff0ac4518d09aad8c9f2ad9e782fb337","hazelcast/src/test/java/com/hazelcast/config/XmlConfigImportVariableReplacementTest.java","1","0","0","26","386","450","1"
"hazelcast","e5eb016b473ff0fa604b8bbffa9e21a6977841f4","hazelcast/src/test/java/com/hazelcast/config/XmlConfigImportVariableReplacementTest.java","1","0","0","26","387","451","0"
"hazelcast","78ae1a75208f6777bfb81fd68b2d62b446f83759","hazelcast/src/test/java/com/hazelcast/config/XmlConfigImportVariableReplacementTest.java","1","0","0","26","428","498","1"
"hazelcast","a539b5143ea9e978b07c9183b35add93458834ed","hazelcast/src/test/java/com/hazelcast/config/XmlConfigImportVariableReplacementTest.java","1","0","0","26","428","498","1"
"hazelcast","bac05b12da5f0139a36040d25a158bc6f525a5a9","hazelcast/src/test/java/com/hazelcast/config/XmlConfigImportVariableReplacementTest.java","1","0","0","26","428","498","1"
"hazelcast","013cb3d2a3ee7e2a5094053b2efd36df0e091328","hazelcast/src/test/java/com/hazelcast/config/XmlConfigImportVariableReplacementTest.java","1","0","0","26","428","498","0"
"hazelcast","f766bf9e897d8cabcdd8e354bcdc97cfc4eadc0a","hazelcast/src/test/java/com/hazelcast/config/XmlConfigImportVariableReplacementTest.java","1","0","0","26","428","498","0"
"hazelcast","06ea97aa16f9fd697b7d7490d4a24ab76fda9143","hazelcast/src/test/java/com/hazelcast/config/XmlConfigImportVariableReplacementTest.java","1","0","0","26","429","499","2"
"hazelcast","5d39916669624ec4f7aed7253deb03dafa123760","hazelcast/src/test/java/com/hazelcast/config/XMLConfigPreProcessorTest.java","1","0","0","26","430","499","0"
"hazelcast","d38202141395360399c9cf97d4453adf5b1581e1","hazelcast/src/main/java/com/hazelcast/client/impl/protocol/parameters/CacheTemplate.java","1","0","0","26","59","105","1"
"hazelcast","5566f08f15e0f7312663ed1a845e21eea6fc1a5b","hazelcast/src/main/java/com/hazelcast/client/impl/protocol/template/CacheCodecTemplate.java","1","0","0","26","63","109","1"
"hazelcast","a7f07bfdce4479c7a792837c9eb15b3b2eb45392","hazelcast/src/main/java/com/hazelcast/client/impl/protocol/template/CacheCodecTemplate.java","1","0","0","26","63","109","2"
"hazelcast","317fabec0c90b274c686ba018cc1b465fee244f2","hazelcast/src/main/java/com/hazelcast/client/impl/protocol/template/CacheCodecTemplate.java","1","0","0","26","63","109","0"
"hazelcast","687678a1938c66c02f4ef94ac766f0e53b3a1ba2","hazelcast-client-new/src/test/java/com/hazelcast/client/config/InvalidConfigurationClientTest.java","1","0","0","27","211","264","0"
"hazelcast","4451a9260efa238a34993c17aa155ce6fe1b884e","hazelcast-client-new/src/test/java/com/hazelcast/client/config/InvalidConfigurationClientTest.java","1","0","0","27","213","266","1"
"junit","02ec1db120714910dbcb7eba1e55595f3904145c","src/test/java/org/junit/tests/running/classes/ParentRunnerTest.java","1","0","0","27","225","268","0"
"antlr4","29c2712ae1eee9575324db48c2f72c7cb0d28308","tool/test/org/antlr/v4/test/rt/java/TestParserErrors.java","1","0","0","27","254","285","0"
"antlr4","29c2712ae1eee9575324db48c2f72c7cb0d28308","tool/test/org/antlr/v4/test/rt/java/TestSemPredEvalParser.java","1","0","0","27","394","427","0"
"junit","7663a302ff8392b07431e775965aa1dac2556ab9","src/test/java/org/junit/tests/running/classes/TestClassTest.java","1","0","0","27","98","122","0"
"hazelcast","9d2eb04228da9c121161435410d90125a1ab597a","hazelcast-client/src/test/java/com/hazelcast/client/cache/nearcache/ClientNearCacheTest.java","1","0","0","28","119","165","2"
"hazelcast","0111bd9d508bfdef8b6fc33deac41e4e587030ae","hazelcast/src/test/java/com/hazelcast/version/VersionUnknownTest.java","1","0","0","28","126","175","0"
"elasticsearch","43aadef23ad70170e3c8fcd395bb6af0720834b2","modules/lang-painless/src/test/java/org/elasticsearch/painless/FunctionRefTests.java","1","0","0","28","139","194","2"
"junit","44cd8f80dbac11849a42a5d73fc9b5ddc75cd1b4","src/test/java/org/junit/rules/VerifierRuleTest.java","1","0","0","28","179","211","1"
"neo4j","d0dee9472d92a24ccdb1606579980b0073ba03fa","community/kernel/src/test/java/org/neo4j/kernel/impl/proc/ProcedureJarLoaderTest.java","1","0","0","28","199","289","0"
"junit","27ba66f2da17ec2580dc8289b68c29365a872a1a","src/test/java/org/junit/tests/experimental/theories/runner/UnsuccessfulWithDataPointFields.java","1","0","0","28","205","253","0"
"neo4j","01b558051d5436aecea5f7f6477fabf686fa3c34","community/kernel/src/test/java/org/neo4j/kernel/impl/api/LockingStatementOperationsTest.java","1","0","0","28","373","566","1"
"neo4j","b94896e4b75a06d8982d4c92bc8f62c5e206f0dc","community/kernel/src/test/java/org/neo4j/kernel/impl/api/LockingStatementOperationsTest.java","1","0","0","28","396","576","2"
"elasticsearch","30cc33e2e542810a9c893297cdc79c0ab8ea3bdb","modules/lang-painless/src/test/java/org/elasticsearch/painless/AugmentationTests.java","1","0","0","29","142","192","0"
"junit","34e66740b9117ce85cfd416f9e931b2e533ab16e","src/test/java/org/junit/tests/experimental/theories/runner/WithExtendedParameterSources.java","1","0","0","29","149","184","0"
"elasticsearch","026bf2e3ee1ee5c188e57839d9e902962158138b","modules/lang-painless/src/test/java/org/elasticsearch/painless/AugmentationTests.java","1","0","0","29","171","222","1"
"hazelcast","ba89356ddfbbbc1cd3f4231547371bbd9ed2867b","hazelcast/src/main/java/com/hazelcast/impl/concurrentmap/QueryException.java","1","0","0","3","10","29","1"
"hazelcast","1b24dfd09e973a0a5ac02b1fd118a1acdf5987ba","hazelcast-wm/src/main/java/com/hazelcast/web/SessionListener.java","1","0","0","3","10","30","0"
"netty","789e323b79d642ea2c0a024cb1c839654b7b8fad","codec-http/src/test/java/io/netty/handler/codec/http/HttpResponseEncoderTest.java","1","0","0","3","102","148","0"
"elasticsearch","2b3760f78b26817b5a2030aa27b1ddf2f17462f6","modules/percolator/src/main/java/org/elasticsearch/percolator/RestPercolateAction.java","1","0","0","3","104","146","1"
"elasticsearch","51d53791fe71c9cb62bc992588a57cdfb500383f","modules/percolator/src/main/java/org/elasticsearch/percolator/RestPercolateAction.java","1","0","0","3","104","153","0"
"elasticsearch","e3d5cb903bac739b47e8d726369313af36eb6824","src/test/java/org/elasticsearch/common/logging/log4j/Log4jESLoggerTests.java","1","0","0","3","109","147","0"
"hazelcast","ee487ab0afc82ccec0c923237e282daef9b91c39","hazelcast/src/main/java/com/hazelcast/query/QueryException.java","1","0","0","3","11","31","0"
"elasticsearch","4b94eb5cb8cc4294ed0e932a5f22c16bd90d4dd7","core/src/main/java/org/elasticsearch/action/NoSuchNodeException.java","1","0","0","3","11","36","2"
"elasticsearch","860efb2ad28db09189c8423e05d0dba53010259c","core/src/main/java/org/elasticsearch/action/NoSuchNodeException.java","1","0","0","3","11","36","2"
"elasticsearch","d3417fb02291f26964d77767020ef345d18c148f","core/src/main/java/org/elasticsearch/action/NoSuchNodeException.java","1","0","0","3","11","36","0"
"elasticsearch","821021f0e478ca44d828e62c139ea19f0fd7290a","core/src/main/java/org/elasticsearch/search/aggregations/bucket/significant/heuristics/SignificanceHeuristicParser.java","1","0","0","3","11","37","0"
"elasticsearch","4b94eb5cb8cc4294ed0e932a5f22c16bd90d4dd7","core/src/main/java/org/elasticsearch/action/admin/indices/segments/IndicesSegmentsRequestBuilder.java","1","0","0","3","12","36","2"
"elasticsearch","860efb2ad28db09189c8423e05d0dba53010259c","core/src/main/java/org/elasticsearch/action/admin/indices/segments/IndicesSegmentsRequestBuilder.java","1","0","0","3","12","36","2"
"elasticsearch","d3417fb02291f26964d77767020ef345d18c148f","core/src/main/java/org/elasticsearch/action/admin/indices/segments/IndicesSegmentsRequestBuilder.java","1","0","0","3","12","36","0"
"elasticsearch","4b94eb5cb8cc4294ed0e932a5f22c16bd90d4dd7","core/src/main/java/org/elasticsearch/action/PrimaryMissingActionException.java","1","0","0","3","12","37","2"
"elasticsearch","860efb2ad28db09189c8423e05d0dba53010259c","core/src/main/java/org/elasticsearch/action/PrimaryMissingActionException.java","1","0","0","3","12","37","2"
"elasticsearch","d3417fb02291f26964d77767020ef345d18c148f","core/src/main/java/org/elasticsearch/action/PrimaryMissingActionException.java","1","0","0","3","12","37","0"
"elasticsearch","5343b87502cf82e7697133ed636f210bd31247cd","test/framework/src/main/java/org/elasticsearch/http/NullDispatcher.java","1","0","0","3","12","39","0"
"hazelcast","8e9847dc69afe328731c5c790e444e18153a388a","hazelcast/src/test/java/com/hazelcast/cardinality/impl/hyperloglog/DenseHyperLogLogEncoderTest.java","1","0","0","3","13","34","1"
"neo4j","1b3aad3b619bd72c2c9f79bb7edf642c5dc56a6f","community/kernel/src/main/java/org/neo4j/kernel/api/security/SecurityModule.java","1","0","0","3","13","36","1"
"neo4j","2dce9b701631b41aa14f4d8ff186c708b57abd1e","community/kernel/src/main/java/org/neo4j/kernel/api/security/SecurityModule.java","1","0","0","3","13","36","1"
"elasticsearch","fa16969360ea43667ad11f827bbf86718c18fcc6","src/main/java/org/elasticsearch/action/admin/indices/segments/IndicesSegmentsRequest.java","1","0","0","3","13","36","1"
"elasticsearch","10ec2e948a2f1426a5058ca3b2c2e39952f141d8","src/main/java/org/elasticsearch/action/admin/indices/segments/IndicesSegmentsRequest.java","1","0","0","3","13","36","0"
"neo4j","7723d89e6d1d951e8923fb102da0228db2e4e8f9","community/kernel/src/test/java/org/neo4j/kernel/impl/api/store/StoreIteratorRelationshipCursorTest.java","1","0","0","3","136","176","3"
"neo4j","4f04ee08438d4e1c99095d9d8a9f2ec223af89a9","community/kernel/src/test/java/org/neo4j/kernel/impl/api/store/StoreIteratorRelationshipCursorTest.java","1","0","0","3","137","177","2"
"ceylon-ide-eclipse","142affd9309b6c998662ff091c36afbdc286ffe0","plugins/com.redhat.ceylon.eclipse.ui/src/com/redhat/ceylon/eclipse/code/resolve/CeylonJavaBackendHyperlinkDetector.java","1","0","0","3","14","19","0"
"orientdb","48207bfd1617a6401ee6a01070ee15715e3efc9e","graphdb/src/main/java/com/tinkerpop/blueprints/impls/orient/OrientClassVertexIterable.java","1","0","0","3","14","22","0"
"netty","81e2db10faaf0389f4e1af8c7132210946203157","transport/src/main/java/io/netty/channel/ChannelOutboundMessageHandlerAdapter.java","1","0","0","3","14","34","0"
"hazelcast","8e9847dc69afe328731c5c790e444e18153a388a","hazelcast/src/test/java/com/hazelcast/cardinality/impl/hyperloglog/SparseHyperLogLogEncoderTest.java","1","0","0","3","14","35","1"
"hazelcast","12830cf4db72fc7d71edd8a20ee15fba533ab6a8","hazelcast/src/main/java/com/hazelcast/client/impl/ReAuthenticationOperationSupplier.java","1","0","0","3","14","36","1"
"neo4j","803ec9deafb5ac3785faf698f126a32254d693be","community/server/src/main/java/org/neo4j/server/rest/transactional/TransactionTerminator.java","1","0","0","3","14","38","1"
"hazelcast","f3d7f868b2946bb666e36c354f3aef8a3c47a8ea","hazelcast/src/main/java/com/hazelcast/impl/ClusterOperation.java","1","0","0","3","144","186","1"
"neo4j","7b0e07fbb3bf184b45efaef9c50974714d4508fb","community/neo4j/src/test/java/org/neo4j/index/LabelScanStoreLoggingTest.java","1","0","0","3","145","182","0"
"hazelcast","381413e66bb1c66823222498fc7fac88c3f3c3c5","hazelcast/src/main/java/com/hazelcast/impl/ClusterOperation.java","1","0","0","3","145","188","0"
"ceylon-ide-eclipse","142affd9309b6c998662ff091c36afbdc286ffe0","plugins/com.redhat.ceylon.eclipse.ui/src/com/redhat/ceylon/eclipse/code/resolve/CeylonJavascriptBackendHyperlinkDetector.java","1","0","0","3","15","20","0"
"titan","33a560db97bf3187ac45d1fe4fdf2e6b817bec40","titan-core/src/main/java/com/thinkaurelius/titan/graphdb/database/serialize/attribute/ByteSerializer.java","1","0","0","3","15","23","0"
"netty","81e2db10faaf0389f4e1af8c7132210946203157","transport/src/main/java/io/netty/channel/ChannelOutboundByteHandlerAdapter.java","1","0","0","3","15","34","0"
"netty","421eabe666f5eb3c760c757e991e4f37213f7333","transport/src/main/java/io/netty/channel/DefaultEventExecutorGroup.java","1","0","0","3","15","36","0"
"BroadleafCommerce","062222dcb20687fb800579a945528ef362dda7d6","core/broadleaf-framework-web/src/main/java/org/broadleafcommerce/core/web/checkout/validator/USShippingInfoFormValidator.java","1","0","0","3","15","39","0"
"neo4j","4f021ca29bae1d5264461a88c40fae307328598f","community/kernel/src/main/java/org/neo4j/kernel/impl/transaction/log/LogRecoveryCheck.java","1","0","0","3","15","40","1"
"elasticsearch","d84c643f5880a88d2e5c38b487123161f3e01fe0","core/src/test/java/org/elasticsearch/index/mapper/boost/CustomBoostMappingTests.java","1","0","0","3","152","188","0"
"neo4j","d693165ae77cf119824aaa7a53ac45b466b15c24","enterprise/core-edge/src/main/java/org/neo4j/coreedge/core/state/CoreBootstrapper.java","1","0","0","3","154","194","1"
"elasticsearch","9080f51340b1b26f8bd171b4c82de8d87ad42b55","core/src/test/java/org/elasticsearch/index/mapper/boost/CustomBoostMappingTests.java","1","0","0","3","159","195","1"
"hazelcast","12830cf4db72fc7d71edd8a20ee15fba533ab6a8","hazelcast/src/main/java/com/hazelcast/client/impl/RemoveInterceptorOperationSupplier.java","1","0","0","3","16","38","0"
"BroadleafCommerce","20250624be4a1717de8e2d8a4c5f1dfa8cd4a8aa","core/broadleaf-framework-web/src/main/java/org/broadleafcommerce/core/web/checkout/validator/USShippingInfoFormValidator.java","1","0","0","3","16","40","0"
"elasticsearch","ff8fd677ccbd30180295aebc78913512353a9bd2","src/main/java/org/elasticsearch/action/WriteFailureException.java","1","0","0","3","16","41","0"
"neo4j","65a7ca99e28d12d274a84ca1008be13611ca44ab","community/kernel/src/main/java/org/neo4j/kernel/impl/transaction/log/LogRecoveryCheck.java","1","0","0","3","16","42","0"
"elasticsearch","164efaecbe42195f08ada58b5fde927ab21fc6e7","plugins/discovery-multicast/src/test/java/org/elasticsearch/plugin/discovery/multicast/MulticastDiscoveryRestIT.java","1","0","0","3","16","42","0"
"elasticsearch","aea97c373c7803d9570cf8de28d5809654f51b41","plugins/example-site/src/test/java/org/elasticsearch/example/SiteRestIT.java","1","0","0","3","16","42","0"
"elasticsearch","bbf42d379dc5fac7cddf768b244aa1649efdb10d","plugins/jvm-example/src/test/java/org/elasticsearch/plugin/example/JvmExampleRestIT.java","1","0","0","3","16","42","0"
"elasticsearch","40f119d85a4eaa39d0a6e594e46f70de725557f0","plugins/jvm-example/src/test/java/org/elasticsearch/plugin/example/JvmExampleRestIT.java","1","0","0","3","16","42","1"
"hazelcast","6d6ea45a37214e4c4050a9960e72834a9b00df07","hazelcast/src/main/java/com/hazelcast/internal/partition/impl/PartitionDataSerializerHook.java","1","0","0","3","165","191","0"
"titan","33a560db97bf3187ac45d1fe4fdf2e6b817bec40","titan-core/src/main/java/com/thinkaurelius/titan/graphdb/database/serialize/attribute/CharacterSerializer.java","1","0","0","3","17","25","0"
"hazelcast","a43f8ee8ca77bddba7a0b7c0a5422bc2ee7b1788","hazelcast/src/test/java/com/hazelcast/internal/ascii/memcache/MemcacheUtilsTest.java","1","0","0","3","17","38","0"
"elasticsearch","3ce7b119d28e7d1be7284bd804606a65c2d1a383","core/src/test/java/org/elasticsearch/common/xcontent/json/JsonXContentTests.java","1","0","0","3","17","43","0"
"elasticsearch","5bfab76c962e4a854a28611a55f483f8b1981849","core/src/test/java/org/elasticsearch/common/xcontent/smile/SmileXContentTests.java","1","0","0","3","17","43","0"
"elasticsearch","5bfab76c962e4a854a28611a55f483f8b1981849","core/src/test/java/org/elasticsearch/common/xcontent/cbor/CborXContentTests.java","1","0","0","3","17","43","0"
"elasticsearch","5bfab76c962e4a854a28611a55f483f8b1981849","core/src/test/java/org/elasticsearch/common/xcontent/yaml/YamlXContentTests.java","1","0","0","3","17","43","0"
"elasticsearch","49bdd29f91eb3568a8bac28e043f422a208104d1","core/src/test/java/org/elasticsearch/common/xcontent/json/JsonXContentTests.java","1","0","0","3","17","43","1"
"elasticsearch","5910b17ece360ab03cb86cbfa46bd822c6e0da6b","src/main/java/org/elasticsearch/common/geo/builders/PolygonBuilder.java","1","0","0","3","17","43","1"
"elasticsearch","5bfab76c962e4a854a28611a55f483f8b1981849","core/src/test/java/org/elasticsearch/common/xcontent/json/JsonXContentTests.java","1","0","0","3","17","43","1"
"titan","55d73740c60812fa57864c07f01e08b09a4504f4","titan-cassandra/src/test/java/com/thinkaurelius/titan/graphdb/thrift/InternalCassandraEventualGraphTest.java","1","0","0","3","18","23","0"
"hazelcast","b97e91fdb1ae20f2064c7fc49f2b24a6ac67f945","hazelcast-wm/src/test/java/com/hazelcast/wm/test/spring/SpringApplicationContextProvider.java","1","0","0","3","18","26","0"
"oryx","eff199ff1f6cad1b4ff13829dfb29ff4884d4c31","app/oryx-app-serving/src/test/java/com/cloudera/oryx/app/serving/kmeans/DistanceToNearestTest.java","1","0","0","3","18","41","0"
"oryx","481ec44fd6a5d511ef42eddf47334a725d3a540c","app/oryx-app-serving/src/test/java/com/cloudera/oryx/app/serving/kmeans/DistanceToNearestTest.java","1","0","0","3","18","41","0"
"neo4j","2fb8aea71a2d50c63f1407b9e975c5e8cbf325dc","enterprise/security/src/main/java/org/neo4j/server/security/enterprise/auth/EnterpriseAuthProceduresProvider.java","1","0","0","3","18","41","1"
"elasticsearch","d84c643f5880a88d2e5c38b487123161f3e01fe0","core/src/test/java/org/elasticsearch/index/mapper/core/LegacyShortFieldTypeTests.java","1","0","0","3","18","42","0"
"elasticsearch","4b94eb5cb8cc4294ed0e932a5f22c16bd90d4dd7","core/src/main/java/org/elasticsearch/action/admin/indices/exists/types/TypesExistsAction.java","1","0","0","3","18","43","2"
"elasticsearch","4b94eb5cb8cc4294ed0e932a5f22c16bd90d4dd7","core/src/main/java/org/elasticsearch/action/admin/indices/template/get/GetIndexTemplatesAction.java","1","0","0","3","18","43","2"
"elasticsearch","d3417fb02291f26964d77767020ef345d18c148f","core/src/main/java/org/elasticsearch/action/admin/indices/exists/types/TypesExistsAction.java","1","0","0","3","18","43","0"
"elasticsearch","4b94eb5cb8cc4294ed0e932a5f22c16bd90d4dd7","core/src/main/java/org/elasticsearch/action/admin/indices/get/GetIndexAction.java","1","0","0","3","18","44","2"
"elasticsearch","4b94eb5cb8cc4294ed0e932a5f22c16bd90d4dd7","core/src/main/java/org/elasticsearch/action/admin/cluster/reroute/ClusterRerouteAction.java","1","0","0","3","18","44","2"
"elasticsearch","4b94eb5cb8cc4294ed0e932a5f22c16bd90d4dd7","core/src/main/java/org/elasticsearch/action/fieldstats/FieldStatsAction.java","1","0","0","3","18","44","2"
"elasticsearch","4b94eb5cb8cc4294ed0e932a5f22c16bd90d4dd7","core/src/main/java/org/elasticsearch/action/admin/indices/mapping/put/PutMappingAction.java","1","0","0","3","18","44","2"
"elasticsearch","4b94eb5cb8cc4294ed0e932a5f22c16bd90d4dd7","core/src/main/java/org/elasticsearch/action/get/MultiGetAction.java","1","0","0","3","18","44","2"
"elasticsearch","4b94eb5cb8cc4294ed0e932a5f22c16bd90d4dd7","core/src/main/java/org/elasticsearch/action/admin/cluster/shards/ClusterSearchShardsAction.java","1","0","0","3","18","44","2"
"elasticsearch","4b94eb5cb8cc4294ed0e932a5f22c16bd90d4dd7","core/src/main/java/org/elasticsearch/action/admin/indices/template/put/PutIndexTemplateAction.java","1","0","0","3","18","44","2"
"elasticsearch","4b94eb5cb8cc4294ed0e932a5f22c16bd90d4dd7","core/src/main/java/org/elasticsearch/action/delete/DeleteAction.java","1","0","0","3","18","44","2"
"elasticsearch","4b94eb5cb8cc4294ed0e932a5f22c16bd90d4dd7","core/src/main/java/org/elasticsearch/action/admin/indices/template/delete/DeleteIndexTemplateAction.java","1","0","0","3","18","44","2"
"elasticsearch","4b94eb5cb8cc4294ed0e932a5f22c16bd90d4dd7","core/src/main/java/org/elasticsearch/action/admin/indices/create/CreateIndexAction.java","1","0","0","3","18","44","2"
"elasticsearch","4b94eb5cb8cc4294ed0e932a5f22c16bd90d4dd7","core/src/main/java/org/elasticsearch/action/admin/indices/analyze/AnalyzeAction.java","1","0","0","3","18","44","2"
"elasticsearch","4b94eb5cb8cc4294ed0e932a5f22c16bd90d4dd7","core/src/main/java/org/elasticsearch/action/admin/indices/exists/indices/IndicesExistsAction.java","1","0","0","3","18","44","2"
"elasticsearch","4b94eb5cb8cc4294ed0e932a5f22c16bd90d4dd7","core/src/main/java/org/elasticsearch/action/admin/indices/delete/DeleteIndexAction.java","1","0","0","3","18","44","2"
"elasticsearch","4b94eb5cb8cc4294ed0e932a5f22c16bd90d4dd7","core/src/main/java/org/elasticsearch/action/admin/indices/close/CloseIndexAction.java","1","0","0","3","18","44","2"
"elasticsearch","4b94eb5cb8cc4294ed0e932a5f22c16bd90d4dd7","core/src/main/java/org/elasticsearch/action/admin/indices/alias/IndicesAliasesAction.java","1","0","0","3","18","44","2"
"elasticsearch","4b94eb5cb8cc4294ed0e932a5f22c16bd90d4dd7","core/src/main/java/org/elasticsearch/action/admin/indices/mapping/get/GetMappingsAction.java","1","0","0","3","18","44","2"
"elasticsearch","4b94eb5cb8cc4294ed0e932a5f22c16bd90d4dd7","core/src/main/java/org/elasticsearch/action/admin/cluster/tasks/PendingClusterTasksAction.java","1","0","0","3","18","44","2"
"elasticsearch","4b94eb5cb8cc4294ed0e932a5f22c16bd90d4dd7","core/src/main/java/org/elasticsearch/action/admin/cluster/stats/ClusterStatsAction.java","1","0","0","3","18","44","2"
"elasticsearch","4b94eb5cb8cc4294ed0e932a5f22c16bd90d4dd7","core/src/main/java/org/elasticsearch/action/get/GetAction.java","1","0","0","3","18","44","2"
"elasticsearch","4b94eb5cb8cc4294ed0e932a5f22c16bd90d4dd7","core/src/main/java/org/elasticsearch/action/admin/indices/settings/put/UpdateSettingsAction.java","1","0","0","3","18","44","2"
"elasticsearch","4b94eb5cb8cc4294ed0e932a5f22c16bd90d4dd7","core/src/main/java/org/elasticsearch/action/admin/cluster/settings/ClusterUpdateSettingsAction.java","1","0","0","3","18","44","2"
"elasticsearch","4b94eb5cb8cc4294ed0e932a5f22c16bd90d4dd7","core/src/main/java/org/elasticsearch/action/admin/cluster/node/stats/NodesStatsAction.java","1","0","0","3","18","44","2"
"elasticsearch","4b94eb5cb8cc4294ed0e932a5f22c16bd90d4dd7","core/src/main/java/org/elasticsearch/action/admin/cluster/state/ClusterStateAction.java","1","0","0","3","18","44","2"
"elasticsearch","4b94eb5cb8cc4294ed0e932a5f22c16bd90d4dd7","core/src/main/java/org/elasticsearch/action/admin/indices/mapping/get/GetFieldMappingsAction.java","1","0","0","3","18","44","2"
"elasticsearch","4b94eb5cb8cc4294ed0e932a5f22c16bd90d4dd7","core/src/main/java/org/elasticsearch/action/admin/indices/stats/IndicesStatsAction.java","1","0","0","3","18","44","2"
"elasticsearch","4b94eb5cb8cc4294ed0e932a5f22c16bd90d4dd7","core/src/main/java/org/elasticsearch/action/admin/indices/shrink/ShrinkAction.java","1","0","0","3","18","44","2"
"elasticsearch","4b94eb5cb8cc4294ed0e932a5f22c16bd90d4dd7","core/src/main/java/org/elasticsearch/action/index/IndexAction.java","1","0","0","3","18","44","2"
"elasticsearch","4b94eb5cb8cc4294ed0e932a5f22c16bd90d4dd7","core/src/main/java/org/elasticsearch/action/admin/indices/forcemerge/ForceMergeAction.java","1","0","0","3","18","44","2"
"elasticsearch","4b94eb5cb8cc4294ed0e932a5f22c16bd90d4dd7","core/src/main/java/org/elasticsearch/action/admin/indices/validate/query/ValidateQueryAction.java","1","0","0","3","18","44","2"
"elasticsearch","4b94eb5cb8cc4294ed0e932a5f22c16bd90d4dd7","core/src/main/java/org/elasticsearch/action/admin/indices/cache/clear/ClearIndicesCacheAction.java","1","0","0","3","18","44","2"
"elasticsearch","4b94eb5cb8cc4294ed0e932a5f22c16bd90d4dd7","core/src/main/java/org/elasticsearch/action/admin/indices/segments/IndicesSegmentsAction.java","1","0","0","3","18","44","2"
"elasticsearch","4b94eb5cb8cc4294ed0e932a5f22c16bd90d4dd7","core/src/main/java/org/elasticsearch/action/admin/indices/flush/FlushAction.java","1","0","0","3","18","44","2"
"elasticsearch","4b94eb5cb8cc4294ed0e932a5f22c16bd90d4dd7","core/src/main/java/org/elasticsearch/action/admin/indices/upgrade/post/UpgradeSettingsAction.java","1","0","0","3","18","44","2"
"elasticsearch","4b94eb5cb8cc4294ed0e932a5f22c16bd90d4dd7","core/src/main/java/org/elasticsearch/action/admin/indices/upgrade/get/UpgradeStatusAction.java","1","0","0","3","18","44","2"
"elasticsearch","4b94eb5cb8cc4294ed0e932a5f22c16bd90d4dd7","core/src/main/java/org/elasticsearch/action/admin/indices/open/OpenIndexAction.java","1","0","0","3","18","44","2"
"elasticsearch","4b94eb5cb8cc4294ed0e932a5f22c16bd90d4dd7","core/src/main/java/org/elasticsearch/action/admin/indices/alias/get/GetAliasesAction.java","1","0","0","3","18","44","2"
"elasticsearch","4b94eb5cb8cc4294ed0e932a5f22c16bd90d4dd7","core/src/main/java/org/elasticsearch/action/admin/indices/rollover/RolloverAction.java","1","0","0","3","18","44","2"
"elasticsearch","4b94eb5cb8cc4294ed0e932a5f22c16bd90d4dd7","core/src/main/java/org/elasticsearch/action/admin/cluster/node/info/NodesInfoAction.java","1","0","0","3","18","44","2"
"elasticsearch","4b94eb5cb8cc4294ed0e932a5f22c16bd90d4dd7","core/src/main/java/org/elasticsearch/action/admin/cluster/health/ClusterHealthAction.java","1","0","0","3","18","44","2"
"elasticsearch","4b94eb5cb8cc4294ed0e932a5f22c16bd90d4dd7","core/src/main/java/org/elasticsearch/action/admin/cluster/node/hotthreads/NodesHotThreadsAction.java","1","0","0","3","18","44","2"
"elasticsearch","41a2375c9e609395e21522ee79202645ed2a0af4","core/src/main/java/org/elasticsearch/action/admin/indices/refresh/RefreshAction.java","1","0","0","3","18","44","0"
"elasticsearch","89ac6a83f134365dcc3b7bdff5a3f14ddab6c2c5","core/src/main/java/org/elasticsearch/action/admin/indices/refresh/RefreshAction.java","1","0","0","3","18","44","0"
"elasticsearch","d3417fb02291f26964d77767020ef345d18c148f","core/src/main/java/org/elasticsearch/action/admin/indices/delete/DeleteIndexAction.java","1","0","0","3","18","44","0"
"elasticsearch","d3417fb02291f26964d77767020ef345d18c148f","core/src/main/java/org/elasticsearch/action/admin/cluster/shards/ClusterSearchShardsAction.java","1","0","0","3","18","44","0"
"elasticsearch","d3417fb02291f26964d77767020ef345d18c148f","core/src/main/java/org/elasticsearch/action/admin/indices/upgrade/post/UpgradeSettingsAction.java","1","0","0","3","18","44","0"
"elasticsearch","d3417fb02291f26964d77767020ef345d18c148f","core/src/main/java/org/elasticsearch/action/admin/cluster/reroute/ClusterRerouteAction.java","1","0","0","3","18","44","0"
"elasticsearch","d3417fb02291f26964d77767020ef345d18c148f","core/src/main/java/org/elasticsearch/action/admin/indices/mapping/put/PutMappingAction.java","1","0","0","3","18","44","0"
"elasticsearch","d3417fb02291f26964d77767020ef345d18c148f","core/src/main/java/org/elasticsearch/action/admin/indices/template/delete/DeleteIndexTemplateAction.java","1","0","0","3","18","44","0"
"elasticsearch","d3417fb02291f26964d77767020ef345d18c148f","core/src/main/java/org/elasticsearch/action/admin/indices/alias/get/GetAliasesAction.java","1","0","0","3","18","44","0"
"elasticsearch","d3417fb02291f26964d77767020ef345d18c148f","core/src/main/java/org/elasticsearch/action/admin/indices/get/GetIndexAction.java","1","0","0","3","18","44","0"
"elasticsearch","d3417fb02291f26964d77767020ef345d18c148f","core/src/main/java/org/elasticsearch/action/admin/indices/template/put/PutIndexTemplateAction.java","1","0","0","3","18","44","0"
"elasticsearch","d3417fb02291f26964d77767020ef345d18c148f","core/src/main/java/org/elasticsearch/action/admin/indices/mapping/get/GetFieldMappingsAction.java","1","0","0","3","18","44","0"
"elasticsearch","d3417fb02291f26964d77767020ef345d18c148f","core/src/main/java/org/elasticsearch/action/admin/cluster/tasks/PendingClusterTasksAction.java","1","0","0","3","18","44","0"
"elasticsearch","d3417fb02291f26964d77767020ef345d18c148f","core/src/main/java/org/elasticsearch/action/admin/indices/stats/IndicesStatsAction.java","1","0","0","3","18","44","0"
"elasticsearch","d3417fb02291f26964d77767020ef345d18c148f","core/src/main/java/org/elasticsearch/action/admin/indices/forcemerge/ForceMergeAction.java","1","0","0","3","18","44","0"
"elasticsearch","d3417fb02291f26964d77767020ef345d18c148f","core/src/main/java/org/elasticsearch/action/delete/DeleteAction.java","1","0","0","3","18","44","0"
"elasticsearch","d3417fb02291f26964d77767020ef345d18c148f","core/src/main/java/org/elasticsearch/action/admin/cluster/node/hotthreads/NodesHotThreadsAction.java","1","0","0","3","18","44","0"
"elasticsearch","d3417fb02291f26964d77767020ef345d18c148f","core/src/main/java/org/elasticsearch/action/admin/indices/rollover/RolloverAction.java","1","0","0","3","18","44","0"
"elasticsearch","d3417fb02291f26964d77767020ef345d18c148f","core/src/main/java/org/elasticsearch/action/admin/cluster/state/ClusterStateAction.java","1","0","0","3","18","44","0"
"elasticsearch","d3417fb02291f26964d77767020ef345d18c148f","core/src/main/java/org/elasticsearch/action/admin/indices/close/CloseIndexAction.java","1","0","0","3","18","44","0"
"elasticsearch","d3417fb02291f26964d77767020ef345d18c148f","core/src/main/java/org/elasticsearch/action/fieldstats/FieldStatsAction.java","1","0","0","3","18","44","0"
"ceylon-ide-eclipse","30b484af1265b5a74a73e0e4a43b2068c02e71cb","plugins/com.redhat.ceylon.eclipse.ui/src/com/redhat/ceylon/eclipse/core/debug/preferences/CeylonDebugPreferenceInitializer.java","1","0","0","3","19","26","1"
"hazelcast","12830cf4db72fc7d71edd8a20ee15fba533ab6a8","hazelcast/src/main/java/com/hazelcast/client/impl/AddInterceptorOperationSupplier.java","1","0","0","3","19","41","0"
"BroadleafCommerce","8c1a556e757930d28794dfc671aa31e5aa2c736f","core/broadleaf-framework/src/main/java/org/broadleafcommerce/core/checkout/service/workflow/CompleteOrderActivity.java","1","0","0","3","19","45","0"
"BroadleafCommerce","f0a43a10b18a55908684479d3eadcb3822d3cd60","core/broadleaf-framework/src/main/java/org/broadleafcommerce/core/checkout/service/workflow/CompleteOrderActivity.java","1","0","0","3","19","45","0"
"elasticsearch","14ba36977ed24fd670005800547541a4f2cdfa3a","modules/lang-mustache/src/test/java/org/elasticsearch/script/mustache/SearchTemplateWithoutContentIT.java","1","0","0","3","19","45","0"
"elasticsearch","d3417fb02291f26964d77767020ef345d18c148f","core/src/main/java/org/elasticsearch/action/admin/indices/alias/exists/AliasesExistAction.java","1","0","0","3","19","45","0"
"elasticsearch","d3417fb02291f26964d77767020ef345d18c148f","core/src/main/java/org/elasticsearch/action/admin/cluster/storedscripts/DeleteStoredScriptAction.java","1","0","0","3","19","45","0"
"elasticsearch","4b94eb5cb8cc4294ed0e932a5f22c16bd90d4dd7","core/src/main/java/org/elasticsearch/action/admin/cluster/storedscripts/DeleteStoredScriptAction.java","1","0","0","3","19","45","2"
"elasticsearch","4b94eb5cb8cc4294ed0e932a5f22c16bd90d4dd7","core/src/main/java/org/elasticsearch/action/admin/indices/alias/exists/AliasesExistAction.java","1","0","0","3","19","45","2"
"elasticsearch","860efb2ad28db09189c8423e05d0dba53010259c","core/src/main/java/org/elasticsearch/action/admin/indices/alias/exists/AliasesExistAction.java","1","0","0","3","19","45","2"
"elasticsearch","860efb2ad28db09189c8423e05d0dba53010259c","core/src/main/java/org/elasticsearch/action/admin/cluster/storedscripts/DeleteStoredScriptAction.java","1","0","0","3","19","45","2"
"elasticsearch","a1633d6444d960493d71f82eb29b0df4f0624e92","core/src/test/java/org/elasticsearch/tasks/ListTasksResponseTests.java","1","0","0","3","19","46","0"
"elasticsearch","d3417fb02291f26964d77767020ef345d18c148f","core/src/main/java/org/elasticsearch/action/admin/cluster/storedscripts/GetStoredScriptAction.java","1","0","0","3","19","46","0"
"elasticsearch","eea4db5512fb616608e283d295d583e62d4607c6","plugins/analysis-stempel/src/main/java/org/elasticsearch/index/analysis/pl/PolishStemTokenFilterFactory.java","1","0","0","3","19","46","0"
"elasticsearch","4b94eb5cb8cc4294ed0e932a5f22c16bd90d4dd7","core/src/main/java/org/elasticsearch/action/admin/cluster/storedscripts/GetStoredScriptAction.java","1","0","0","3","19","46","2"
"elasticsearch","860efb2ad28db09189c8423e05d0dba53010259c","core/src/main/java/org/elasticsearch/action/admin/cluster/storedscripts/GetStoredScriptAction.java","1","0","0","3","19","46","2"
"elasticsearch","4b94eb5cb8cc4294ed0e932a5f22c16bd90d4dd7","core/src/main/java/org/elasticsearch/action/admin/cluster/storedscripts/PutStoredScriptAction.java","1","0","0","3","19","48","2"
"elasticsearch","860efb2ad28db09189c8423e05d0dba53010259c","core/src/main/java/org/elasticsearch/action/admin/cluster/storedscripts/PutStoredScriptAction.java","1","0","0","3","19","48","2"
"elasticsearch","d3417fb02291f26964d77767020ef345d18c148f","core/src/main/java/org/elasticsearch/action/admin/cluster/storedscripts/PutStoredScriptAction.java","1","0","0","3","19","48","0"
"hazelcast","4e5ee0b7ce47bc6549852d65f60e4f72da388509","hazelcast/src/test/java/com/hazelcast/config/NearCacheConfigAccessorTest.java","1","0","0","3","20","41","0"
"hazelcast","317fabec0c90b274c686ba018cc1b465fee244f2","hazelcast-client-new/src/test/java/com/hazelcast/client/cache/jsr/CacheLoaderWriterTest.java","1","0","0","3","20","42","0"
"hazelcast","317fabec0c90b274c686ba018cc1b465fee244f2","hazelcast-client-new/src/test/java/com/hazelcast/client/cache/jsr/CacheLoaderExceptionTest.java","1","0","0","3","20","42","0"
"hazelcast","317fabec0c90b274c686ba018cc1b465fee244f2","hazelcast-client-new/src/test/java/com/hazelcast/client/cache/jsr/CacheLoaderWithExpiryTest.java","1","0","0","3","20","42","0"
"hazelcast","317fabec0c90b274c686ba018cc1b465fee244f2","hazelcast-client-new/src/test/java/com/hazelcast/client/cache/jsr/StoreByValueTest.java","1","0","0","3","20","42","0"
"hazelcast","317fabec0c90b274c686ba018cc1b465fee244f2","hazelcast-client-new/src/test/java/com/hazelcast/client/cache/jsr/FactoryBuilderTest.java","1","0","0","3","20","42","0"
"hazelcast","317fabec0c90b274c686ba018cc1b465fee244f2","hazelcast-client-new/src/test/java/com/hazelcast/client/cache/jsr/CacheEntryListenerExceptionTest.java","1","0","0","3","20","42","0"
"hazelcast","317fabec0c90b274c686ba018cc1b465fee244f2","hazelcast-client-new/src/test/java/com/hazelcast/client/cache/jsr/CacheManagerTest.java","1","0","0","3","20","42","0"
"hazelcast","317fabec0c90b274c686ba018cc1b465fee244f2","hazelcast-client-new/src/test/java/com/hazelcast/client/cache/jsr/ClientServerTest.java","1","0","0","3","20","42","0"
"hazelcast","317fabec0c90b274c686ba018cc1b465fee244f2","hazelcast-client-new/src/test/java/com/hazelcast/client/cache/jsr/EntryProcessorExceptionTest.java","1","0","0","3","20","42","0"
"hazelcast","317fabec0c90b274c686ba018cc1b465fee244f2","hazelcast-client-new/src/test/java/com/hazelcast/client/cache/jsr/CachingProviderTest.java","1","0","0","3","20","42","0"
"hazelcast","317fabec0c90b274c686ba018cc1b465fee244f2","hazelcast-client-new/src/test/java/com/hazelcast/client/cache/jsr/CacheMXBeanTest.java","1","0","0","3","20","42","0"
"hazelcast","317fabec0c90b274c686ba018cc1b465fee244f2","hazelcast-client-new/src/test/java/com/hazelcast/client/cache/jsr/StoreByReferenceTest.java","1","0","0","3","20","42","0"
"hazelcast","317fabec0c90b274c686ba018cc1b465fee244f2","hazelcast-client-new/src/test/java/com/hazelcast/client/cache/jsr/MutableCacheEntryListenerConfigurationTest.java","1","0","0","3","20","42","0"
"hazelcast","317fabec0c90b274c686ba018cc1b465fee244f2","hazelcast-client-new/src/test/java/com/hazelcast/client/cache/jsr/CacheLoaderClientServerTest.java","1","0","0","3","20","42","0"
"hazelcast","317fabec0c90b274c686ba018cc1b465fee244f2","hazelcast-client-new/src/test/java/com/hazelcast/client/cache/jsr/CacheInvokeTest.java","1","0","0","3","20","42","0"
"hazelcast","317fabec0c90b274c686ba018cc1b465fee244f2","hazelcast-client-new/src/test/java/com/hazelcast/client/cache/jsr/DurationTest.java","1","0","0","3","20","42","0"
"hazelcast","317fabec0c90b274c686ba018cc1b465fee244f2","hazelcast-client-new/src/test/java/com/hazelcast/client/cache/jsr/CacheManagerManagementTest.java","1","0","0","3","20","42","0"
"hazelcast","317fabec0c90b274c686ba018cc1b465fee244f2","hazelcast-client-new/src/test/java/com/hazelcast/client/cache/jsr/CompletionListenerFutureTest.java","1","0","0","3","20","42","0"
"hazelcast","317fabec0c90b274c686ba018cc1b465fee244f2","hazelcast-client-new/src/test/java/com/hazelcast/client/cache/jsr/CachingProviderClassLoaderTest.java","1","0","0","3","20","42","0"
"hazelcast","317fabec0c90b274c686ba018cc1b465fee244f2","hazelcast-client-new/src/test/java/com/hazelcast/client/cache/jsr/MutableConfigurationTest.java","1","0","0","3","20","42","0"
"hazelcast","317fabec0c90b274c686ba018cc1b465fee244f2","hazelcast-client-new/src/test/java/com/hazelcast/client/cache/jsr/CacheExpiryTest.java","1","0","0","3","20","42","0"
"hazelcast","317fabec0c90b274c686ba018cc1b465fee244f2","hazelcast-client-new/src/test/java/com/hazelcast/client/cache/jsr/RemoveTest.java","1","0","0","3","20","42","0"
"hazelcast","317fabec0c90b274c686ba018cc1b465fee244f2","hazelcast-client-new/src/test/java/com/hazelcast/client/cache/jsr/ConfigurationTest.java","1","0","0","3","20","42","0"
"hazelcast","317fabec0c90b274c686ba018cc1b465fee244f2","hazelcast-client-new/src/test/java/com/hazelcast/client/cache/jsr/CacheWriterTest.java","1","0","0","3","20","42","0"
"hazelcast","317fabec0c90b274c686ba018cc1b465fee244f2","hazelcast-client-new/src/test/java/com/hazelcast/client/cache/jsr/ExpiryPolicyTest.java","1","0","0","3","20","42","0"
"hazelcast","317fabec0c90b274c686ba018cc1b465fee244f2","hazelcast-client-new/src/test/java/com/hazelcast/client/cache/jsr/CacheLoaderWithoutReadThroughTest.java","1","0","0","3","20","42","0"
"hazelcast","317fabec0c90b274c686ba018cc1b465fee244f2","hazelcast-client-new/src/test/java/com/hazelcast/client/cache/jsr/GetTest.java","1","0","0","3","20","42","0"
"hazelcast","317fabec0c90b274c686ba018cc1b465fee244f2","hazelcast-client-new/src/test/java/com/hazelcast/client/cache/jsr/TypesTest.java","1","0","0","3","20","42","0"
"hazelcast","317fabec0c90b274c686ba018cc1b465fee244f2","hazelcast-client-new/src/test/java/com/hazelcast/client/cache/jsr/CacheLoaderTest.java","1","0","0","3","20","42","0"
"hazelcast","317fabec0c90b274c686ba018cc1b465fee244f2","hazelcast-client-new/src/test/java/com/hazelcast/client/cache/jsr/PutTest.java","1","0","0","3","20","42","0"
"hazelcast","317fabec0c90b274c686ba018cc1b465fee244f2","hazelcast-client-new/src/test/java/com/hazelcast/client/cache/jsr/CacheWriterExceptionTest.java","1","0","0","3","20","42","0"
"hazelcast","317fabec0c90b274c686ba018cc1b465fee244f2","hazelcast-client-new/src/test/java/com/hazelcast/client/cache/jsr/CacheMBStatisticsBeanTest.java","1","0","0","3","20","42","0"
"hazelcast","d568e4d926d925d57d4e79e34614390416749301","hazelcast/src/test/java/com/hazelcast/cache/jsr/CachingTest.java","1","0","0","3","20","42","0"
"hazelcast","70d4de16ff0ac4518d09aad8c9f2ad9e782fb337","hazelcast/src/test/java/com/hazelcast/cache/jsr/CachingTest.java","1","0","0","3","20","42","1"
"hazelcast","317fabec0c90b274c686ba018cc1b465fee244f2","hazelcast-client-new/src/test/java/com/hazelcast/client/cache/jsr/CacheTest.java","1","0","0","3","20","43","0"
"elasticsearch","25fd9e26c4fb042d6f6dea14efcd239577bdbbc4","client/client-benchmark-noop-api-plugin/src/main/java/org/elasticsearch/plugin/noop/action/bulk/NoopBulkAction.java","1","0","0","3","20","45","0"
"elasticsearch","396cf117c9b77b0b88750c474893b2d89e663d0e","src/main/java/org/elasticsearch/index/store/smbsimplefs/SmbSimpleFsIndexStore.java","1","0","0","3","20","45","0"
"elasticsearch","56cc87b7ccd41040d8fafcaf2da3680d96d10839","client/client-benchmark-noop-api-plugin/src/main/java/org/elasticsearch/plugin/noop/action/bulk/NoopBulkAction.java","1","0","0","3","20","45","0"
"elasticsearch","13a347239a48d71486692a72c066e940dec8921b","core/src/test/java/org/elasticsearch/test/store/MockFSIndexStore.java","1","0","0","3","20","45","2"
"neo4j","3cad6b427058f7ea008e0f31ea88a5fdd61b9a82","community/server/src/main/java/org/neo4j/server/rest/transactional/TransitionalPeriodTransactionMessContainer.java","1","0","0","3","20","48","1"
"ceylon-ide-eclipse","bc7e36b599ddb26e3fa56e733201615c3b8b34f0","plugins/com.redhat.ceylon.eclipse.ui/src/com/redhat/ceylon/eclipse/core/debug/preferences/CeylonDebugPreferenceInitializer.java","1","0","0","3","21","28","0"
"oryx","0e536a808244ffd416c047e7c365d4f055ea1b8a","framework/oryx-lambda/src/test/java/com/cloudera/oryx/lambda/batch/ValueWritableConverterTest.java","1","0","0","3","21","43","0"
"oryx","96491d3b4a6649c3c53bed17f1545e3f4f411f7f","framework/oryx-lambda/src/test/java/com/cloudera/oryx/lambda/batch/ValueWritableConverterTest.java","1","0","0","3","21","43","0"
"hazelcast","b777381e2f8cfc3d8bcde3a87c5cc9993e31d4a2","hazelcast-client-new/src/test/java/com/hazelcast/client/cache/jsr/CacheTest.java","1","0","0","3","21","43","1"
"elasticsearch","96d06d6dc8611d01bddeebef4a338ca4464c7b6d","modules/test/integration/src/test/java/org/elasticsearch/test/integration/cluster/ClusterHealthTests.java","1","0","0","3","21","45","0"
"neo4j","1b3aad3b619bd72c2c9f79bb7edf642c5dc56a6f","enterprise/security/src/test/java/org/neo4j/server/security/enterprise/auth/BoltUserManagementProceduresInteractionTest.java","1","0","0","3","21","47","0"
"elasticsearch","13a347239a48d71486692a72c066e940dec8921b","core/src/main/java/org/elasticsearch/search/SearchServiceModule.java","1","0","0","3","21","50","2"
"hazelcast","d38202141395360399c9cf97d4453adf5b1581e1","hazelcast-client-new/src/test/java/com/hazelcast/client/cache/jsr/CacheLoaderWriterTest.java","1","0","0","3","22","43","1"
"hazelcast","d38202141395360399c9cf97d4453adf5b1581e1","hazelcast-client-new/src/test/java/com/hazelcast/client/cache/jsr/CacheTest.java","1","0","0","3","22","44","1"
"hazelcast","86b064ba3f1e467e74e95d6da24b03122065ce36","hazelcast/src/main/java/com/hazelcast/util/executor/SingleExecutorThreadFactory.java","1","0","0","3","22","47","2"
"elasticsearch","bdd9953aa4f677862777a1684e1ee56abc8e6598","plugins/discovery-file/src/test/java/org/elasticsearch/discovery/file/FileBasedDiscoveryPluginTests.java","1","0","0","3","22","48","0"
"elasticsearch","4975422a358cd72b63624f70bf117f7ca4d6e59d","core/src/test/java/org/elasticsearch/index/mapper/internal/TypeFieldMapperTests.java","1","0","0","3","22","49","1"
"BroadleafCommerce","cd4dba4517e56b14042e5ed1567e933ca3904efd","core/broadleaf-framework/src/main/java/org/broadleafcommerce/core/order/service/workflow/AddWorkflowVerifyFulfillmentGroupItemsActivity.java","1","0","0","3","22","50","0"
"mcMMO","96fdf265d53f406ca8b84cb530293c001b98fff7","src/main/java/com/gmail/nossr50/chat/PartyChatManager.java","1","0","0","3","23","31","0"
"hazelcast","5e5c8a40c0d029c5f0cc49a61b3f21d87f671dc3","hazelcast/src/main/java/com/hazelcast/cluster/GroupMismatchOperation.java","1","0","0","3","23","31","0"
"hazelcast","7b0ce9c6c73a465306996b98aebe1c5f7f37cf75","hazelcast/src/main/java/com/hazelcast/cluster/impl/operations/GroupMismatchOperation.java","1","0","0","3","23","31","1"
"hazelcast","d568e4d926d925d57d4e79e34614390416749301","hazelcast/src/test/java/com/hazelcast/cache/recordstore/CacheRecordStoreTest.java","1","0","0","3","23","45","0"
"hazelcast","5c78e8bdbc3a2cdce98975d07b649b5f872c3f67","hazelcast/src/test/java/com/hazelcast/cache/recordstore/CacheRecordStoreTest.java","1","0","0","3","23","46","2"
"hazelcast","70d4de16ff0ac4518d09aad8c9f2ad9e782fb337","hazelcast/src/test/java/com/hazelcast/cache/recordstore/CacheRecordStoreTest.java","1","0","0","3","23","46","1"
"elasticsearch","2b3760f78b26817b5a2030aa27b1ddf2f17462f6","core/src/main/java/org/elasticsearch/rest/action/admin/indices/RestDeleteIndexTemplateAction.java","1","0","0","3","23","46","1"
"hazelcast","7e27a183fbacbff6b90d6061b5fef54568b33460","hazelcast/src/test/java/com/hazelcast/cache/recordstore/CacheRecordStoreTest.java","1","0","0","3","23","46","0"
"hazelcast","be0fb22e444ca20f64642cd9ce6770a326db2730","hazelcast/src/test/java/com/hazelcast/cache/recordstore/CacheRecordStoreTest.java","1","0","0","3","23","46","0"
"BroadleafCommerce","cd4dba4517e56b14042e5ed1567e933ca3904efd","core/broadleaf-framework/src/main/java/org/broadleafcommerce/core/order/service/workflow/remove/RemoveFulfillmentGroupItemActivity.java","1","0","0","3","23","51","0"
"BroadleafCommerce","cd4dba4517e56b14042e5ed1567e933ca3904efd","core/broadleaf-framework/src/main/java/org/broadleafcommerce/core/order/service/workflow/add/AddFulfillmentGroupItemActivity.java","1","0","0","3","23","51","0"
"BroadleafCommerce","cd4dba4517e56b14042e5ed1567e933ca3904efd","core/broadleaf-framework/src/main/java/org/broadleafcommerce/core/order/service/workflow/update/UpdateFulfillmentGroupItemActivity.java","1","0","0","3","23","51","0"
"elasticsearch","90f9b5f60d76ed7998f3b120d1fb2c473f7cdb55","plugins/delete-by-query/src/test/java/org/elasticsearch/plugin/deletebyquery/test/rest/DeleteByQueryRestTests.java","1","0","0","3","23","51","0"
"elasticsearch","7adf9929bae22049d157676756b49597bca98426","plugins/delete-by-query/src/test/java/org/elasticsearch/plugin/deletebyquery/test/rest/DeleteByQueryRestTests.java","1","0","0","3","23","51","1"
"junit","7439e56cc7c2261d231ec46e048c7ac762e7a8cc","src/test/java/org/junit/tests/experimental/theories/TestedOnSupplierTest.java","1","0","0","3","24","33","0"
"titan","e715670b304da165feafdf2a991772ae8ff46f25","titan-core/src/main/java/com/thinkaurelius/titan/graphdb/database/serialize/attribute/DoubleSerializer.java","1","0","0","3","24","34","1"
"titan","e715670b304da165feafdf2a991772ae8ff46f25","titan-core/src/main/java/com/thinkaurelius/titan/graphdb/database/serialize/attribute/FloatSerializer.java","1","0","0","3","24","35","1"
"netty","6bf7e2438916bc666d49940af1ff18c68e9d79da","codec-dns/src/test/java/io/netty/handler/codec/dns/DefaultDnsRecordDecoderTest.java","1","0","0","3","24","45","0"
"elasticsearch","2b3760f78b26817b5a2030aa27b1ddf2f17462f6","core/src/main/java/org/elasticsearch/rest/action/ingest/RestDeletePipelineAction.java","1","0","0","3","24","48","1"
"elasticsearch","51d53791fe71c9cb62bc992588a57cdfb500383f","core/src/main/java/org/elasticsearch/rest/action/ingest/RestDeletePipelineAction.java","1","0","0","3","24","49","0"
"elasticsearch","51d53791fe71c9cb62bc992588a57cdfb500383f","core/src/main/java/org/elasticsearch/rest/action/admin/cluster/RestPendingClusterTasksAction.java","1","0","0","3","24","49","0"
"elasticsearch","502a775a7c938aeda566566fa22416c5260cd858","core/src/main/java/org/elasticsearch/action/admin/cluster/node/liveness/TransportLivenessAction.java","1","0","0","3","24","49","1"
"neo4j","1b3aad3b619bd72c2c9f79bb7edf642c5dc56a6f","enterprise/server-enterprise/src/test/java/org/neo4j/server/rest/security/RESTUserManagementProceduresInteractionTest.java","1","0","0","3","24","51","0"
"elasticsearch","d84c643f5880a88d2e5c38b487123161f3e01fe0","core/src/test/java/org/elasticsearch/index/mapper/core/NumberFieldTypeTests.java","1","0","0","3","24","53","0"
"elasticsearch","48579cccaba925cb50e04b263e8ba1f731d8409f","qa/smoke-test-tribe-node/src/test/java/org/elasticsearch/tribe/TribeClientYamlTestSuiteIT.java","1","0","0","3","24","54","0"
"hazelcast","b0d2be02333028272031f78c6d7d92c640347cd5","hazelcast/src/test/java/com/hazelcast/internal/networking/spinning/Spinning_EventLoopGroupFactory.java","1","0","0","3","25","46","0"
"oryx","efcdff4c4e8f2827aae55879bbb778cd0f7dd99c","oryx-lambda/src/main/java/com/cloudera/oryx/lambda/ScalaBatchLayerUpdateAdapter.java","1","0","0","3","25","47","0"
"elasticsearch","2b3760f78b26817b5a2030aa27b1ddf2f17462f6","core/src/main/java/org/elasticsearch/rest/action/ingest/RestGetPipelineAction.java","1","0","0","3","25","49","1"
"elasticsearch","149ef74b26bb33d3a1d3c1c45c481a01345cd764","core/src/test/java/org/elasticsearch/search/aggregations/support/ValueTypeTests.java","1","0","0","3","25","50","0"
"elasticsearch","51d53791fe71c9cb62bc992588a57cdfb500383f","core/src/main/java/org/elasticsearch/rest/action/ingest/RestGetPipelineAction.java","1","0","0","3","25","50","0"
"elasticsearch","7229c9128987bc5d4dfd767780cf3a2282305241","core/src/main/java/org/elasticsearch/action/admin/cluster/node/liveness/TransportLivenessAction.java","1","0","0","3","25","50","0"
"elasticsearch","a60b8948ba1d836a6eac7cff095519e618939ed8","core/src/main/java/org/elasticsearch/action/admin/cluster/node/liveness/TransportLivenessAction.java","1","0","0","3","25","50","0"
"netty","b39380ad83cda7ebe79d692216e204b8b6b67568","example/src/main/java/io/netty/example/http2/helloworld/server/HelloWorldHttp2HandlerBuilder.java","1","0","0","3","25","50","0"
"neo4j","9a371bafe80ceb4e6cdc8502fbd22f9f8ec3d59d","enterprise/core-edge/src/main/java/org/neo4j/coreedge/raft/replication/id/ReplicatedIdAllocationRequestSerializer.java","1","0","0","3","25","50","1"
"elasticsearch","371c73e14023917f3892090d2d3d7ff9ac1216b9","core/src/main/java/org/elasticsearch/action/admin/cluster/node/liveness/TransportLivenessAction.java","1","0","0","3","25","50","3"
"elasticsearch","78574d248cf10dad1c5a566fda79e1e0c94afe43","core/src/main/java/org/elasticsearch/action/admin/cluster/node/liveness/TransportLivenessAction.java","1","0","0","3","25","50","2"
"elasticsearch","e6aaaf11ed4a1b8f595f920de1840938eddb7a97","core/src/main/java/org/elasticsearch/action/admin/cluster/node/liveness/TransportLivenessAction.java","1","0","0","3","25","50","2"
"elasticsearch","2b3760f78b26817b5a2030aa27b1ddf2f17462f6","core/src/main/java/org/elasticsearch/rest/action/ingest/RestPutPipelineAction.java","1","0","0","3","25","51","1"
"elasticsearch","51d53791fe71c9cb62bc992588a57cdfb500383f","core/src/main/java/org/elasticsearch/rest/action/ingest/RestPutPipelineAction.java","1","0","0","3","25","52","0"
"elasticsearch","fdc46103d3537c948e1fb41c452c7103580d7607","plugins/delete-by-query/src/test/java/org/elasticsearch/plugin/deletebyquery/test/rest/DeleteByQueryRestTests.java","1","0","0","3","25","53","1"
"orientdb","8eb993b603e4850d756d7a5f665afa01f0778231","core/src/test/java/com/orientechnologies/orient/core/db/OrientDBConfigTest.java","1","0","0","3","25","55","1"
"hazelcast","15ad53c4af52bfbbcd79809712ff178529b30ab6","hazelcast/src/main/java/com/hazelcast/queue/impl/QueueDataSerializerHook.java","1","0","0","3","259","291","1"
"junit","34e66740b9117ce85cfd416f9e931b2e533ab16e","src/test/java/org/junit/tests/experimental/theories/TheoryTestUtils.java","1","0","0","3","26","34","0"
"elasticsearch","51d53791fe71c9cb62bc992588a57cdfb500383f","core/src/main/java/org/elasticsearch/rest/action/admin/cluster/RestVerifyRepositoryAction.java","1","0","0","3","26","52","0"
"hazelcast","f4c33973f2e5f804f6743683b11c8a43922bfc7e","hazelcast/src/main/java/com/hazelcast/internal/cluster/impl/ClusterDataSerializerHook.java","1","0","0","3","264","291","1"
"elasticsearch","25fd9e26c4fb042d6f6dea14efcd239577bdbbc4","client/client-benchmark-noop-api-plugin/src/main/java/org/elasticsearch/plugin/noop/NoopPlugin.java","1","0","0","3","27","50","0"
"neo4j","1b3aad3b619bd72c2c9f79bb7edf642c5dc56a6f","enterprise/security/src/main/java/org/neo4j/server/security/enterprise/auth/SecurityProcedures.java","1","0","0","3","27","53","1"
"BroadleafCommerce","a343e56c87e4fe2ebf6240e6c8beac61787baabe","core/broadleaf-profile-web/src/main/java/org/broadleafcommerce/profile/web/core/security/CustomerStateFilter.java","1","0","0","3","27","67","1"
"hazelcast","f9e887588cfe646adc3ae3ec707de95cc5303706","hazelcast/src/main/java/com/hazelcast/queue/impl/QueueDataSerializerHook.java","1","0","0","3","273","305","0"
"hazelcast","8174fdbb0a80cd6c273fb7bd0efca6c3db74e8eb","hazelcast/src/test/java/com/hazelcast/client/impl/protocol/ClientProtocolErrorCodesTest.java","1","0","0","3","28","35","0"
"hazelcast","b97e91fdb1ae20f2064c7fc49f2b24a6ac67f945","hazelcast-wm/src/test/java/com/hazelcast/wm/test/TomcatWebFilterTest.java","1","0","0","3","28","51","0"
"elasticsearch","3a46812a335a56c56106aabd98029854ee2b54b3","core/src/test/java/org/elasticsearch/rest/action/main/RestMainActionIT.java","1","0","0","3","28","53","0"
"neo4j","57e5e43cdc0df1ffd58fda1b0c2a21e5438d3388","packaging/neo4j-desktop/src/main/java/org/neo4j/desktop/ui/ScrollableOptionPane.java","1","0","0","3","28","54","0"
"elasticsearch","73307a2144fbdf63c551eeccdc7e93dc30e59a92","docs/src/test/java/org/elasticsearch/smoketest/DocsClientYamlTestSuiteIT.java","1","0","0","3","28","57","1"
"neo4j","63a07e800e0ca6fe3078dabe9326554aa8c3f5d6","community/collections/src/test/java/org/neo4j/helpers/collection/MapUtilTest.java","1","0","0","3","28","67","0"
"hazelcast","0287d390022e68e3c252acac8db8e0dfc15ecbea","hazelcast/src/main/java/com/hazelcast/collection/impl/collection/CollectionDataSerializerHook.java","1","0","0","3","284","317","1"
"hazelcast","a8cbf1a57f1c6ae5f9622b5e46391aca1b50be2c","hazelcast-spring/src/test/java/com/hazelcast/spring/context/LiteMemberTest.java","1","0","0","3","29","37","0"
"MapDB","68a70468358c4c93df11e548de7eda883513b5d5","src/test/java/org/mapdb/IssuesTest.java","1","0","0","3","29","39","1"
"elasticsearch","51d53791fe71c9cb62bc992588a57cdfb500383f","core/src/main/java/org/elasticsearch/rest/action/admin/indices/RestPutIndexTemplateAction.java","1","0","0","3","29","55","0"
"hazelcast","4bc70daa1a4ee13006874d617051076c198770df","hazelcast/src/test/java/usercodedeployment/EntryProcessorWithAnonymousAndInner.java","1","0","0","3","29","56","0"
"hazelcast","5009d4a90be3c901942a0a89cf29a92c074231f1","hazelcast/src/main/java/com/hazelcast/collection/impl/collection/CollectionDataSerializerHook.java","1","0","0","3","298","332","0"
"elasticsearch","25fd9e26c4fb042d6f6dea14efcd239577bdbbc4","client/client-benchmark-noop-api-plugin/src/main/java/org/elasticsearch/plugin/noop/action/search/RestNoopSearchAction.java","1","0","0","3","30","55","0"
"elasticsearch","56cc87b7ccd41040d8fafcaf2da3680d96d10839","client/client-benchmark-noop-api-plugin/src/main/java/org/elasticsearch/plugin/noop/action/search/RestNoopSearchAction.java","1","0","0","3","30","55","0"
"elasticsearch","2b3760f78b26817b5a2030aa27b1ddf2f17462f6","client/client-benchmark-noop-api-plugin/src/main/java/org/elasticsearch/plugin/noop/action/search/RestNoopSearchAction.java","1","0","0","3","30","55","1"
"neo4j","e5ea526b14ce752e94a5460b1c85bf4567d8f97d","community/cypher/cypher/src/test/java/org/neo4j/cypher/internal/javacompat/JavaValueCompatibilityTest.java","1","0","0","3","30","58","1"
"elasticsearch","5a64f08f048461a63a0ca1354a5050c954e63d52","core/src/test/java/org/elasticsearch/index/mapper/internal/TypeFieldMapperTests.java","1","0","0","3","30","59","0"
"netty","e796c99b23fa6113582e69af74088e5cc5f7e242","codec-http/src/test/java/io/netty/handler/codec/spdy/DefaultSpdyHeadersTest.java","1","0","0","3","30","59","0"
"elasticsearch","a916830ab406359480709083831e36e4975a83fd","core/src/test/java/org/elasticsearch/index/mapper/internal/TypeFieldMapperTests.java","1","0","0","3","30","59","1"
"neo4j","0aa66c5acd804a93f5700ddb017c092743aa03d0","community/bolt/src/test/java/org/neo4j/bolt/v1/runtime/concurrent/RunnableBoltWorkerTest.java","1","0","0","3","30","65","1"
"hazelcast","96f37de7e28c0866d6d51f5975fff2198c4e9f50","hazelcast/src/test/java/com/hazelcast/cluster/BadConfigurationMemberStartTest.java","1","0","0","3","31","40","0"
"oryx","03f2c7f0ebb0042b92e67815be63d6b9b5cddedc","framework/oryx-lambda/src/test/java/com/cloudera/oryx/lambda/batch/ValueToWritableFunctionTest.java","1","0","0","3","31","52","0"
"hazelcast","951ffdc2e22a155ef94f1bfaaea080af2efc64d6","hazelcast-client/src/test/java/com/hazelcast/client/map/querycache/ClientQueryCacheXmlConfigWithWildcardTest.java","1","0","0","3","31","54","0"
"hazelcast","d38202141395360399c9cf97d4453adf5b1581e1","hazelcast/src/main/java/com/hazelcast/client/impl/protocol/task/executorservice/ExecutorServiceCancelOnPartitionMessageTask.java","1","0","0","3","31","56","1"
"elasticsearch","2b3760f78b26817b5a2030aa27b1ddf2f17462f6","core/src/main/java/org/elasticsearch/rest/action/admin/cluster/RestGetTaskAction.java","1","0","0","3","31","56","1"
"elasticsearch","fec1802e2f622c1a126c9adda28fa53f1b55529a","core/src/test/java/org/elasticsearch/ingest/IngestServiceTests.java","1","0","0","3","31","56","2"
"hazelcast","0a61d1993c8cf9dee111af675c9a52fc605aec63","hazelcast-client/src/test/java/classloading/JavaXCacheDependencyClientTest.java","1","0","0","3","31","56","0"
"neo4j","990fe648c6b49f319a515dd6b0757553c483ab11","enterprise/ha/src/main/java/org/neo4j/kernel/ha/MasterClient214.java","1","0","0","3","31","57","0"
"elasticsearch","4040f194f528c76c88be70b119cf9d7d6fcea99b","plugins/delete-by-query/src/test/java/org/elasticsearch/plugin/deletebyquery/test/rest/DeleteByQueryRestTests.java","1","0","0","3","31","61","0"
"neo4j","886dbb454deaae6adcb4ff26e76f6e225eedca55","enterprise/core-edge/src/test/java/org/neo4j/coreedge/raft/log/segmented/ReaderTest.java","1","0","0","3","31","68","0"
"BroadleafCommerce","d88e733a8dbc789503cd381fc455b08b323d49a9","core/broadleaf-framework-web/src/main/java/org/broadleafcommerce/core/web/order/security/CartStateFilter.java","1","0","0","3","31","71","0"
"hazelcast","e1b69c53ca4923affcd7722f012a80e32517e988","hazelcast/src/main/java/com/hazelcast/internal/cluster/impl/ClusterDataSerializerHook.java","1","0","0","3","310","338","0"
"hazelcast","48d489db55bbda962dc43aede089d7ad5769b5c3","hazelcast-client/src/test/java/com/hazelcast/client/listeners/MultiMapEntryListenerOnReconnectTest.java","1","0","0","3","32","38","0"
"hazelcast","b0d2be02333028272031f78c6d7d92c640347cd5","hazelcast/src/test/java/com/hazelcast/internal/networking/nio/Select_NioEventLoopGroupFactory.java","1","0","0","3","32","53","0"
"hazelcast","b0d2be02333028272031f78c6d7d92c640347cd5","hazelcast/src/test/java/com/hazelcast/internal/networking/nio/SelectNow_NioEventLoopGroupFactory.java","1","0","0","3","32","54","0"
"hazelcast","48d489db55bbda962dc43aede089d7ad5769b5c3","hazelcast-client/src/test/java/com/hazelcast/client/listeners/EntryListenerOnReconnectTest.java","1","0","0","3","32","55","0"
"hazelcast","0eb5a90ed468b6aa285f1711a5d699c9ffb33960","hazelcast-client/src/test/java/com/hazelcast/client/listeners/EntryListenerOnReconnectTest.java","1","0","0","3","32","56","1"
"hazelcast","643ae931fb181de7730cdfaa6682123d0db30420","hazelcast-client/src/test/java/com/hazelcast/client/listeners/EntryListenerOnReconnectTest.java","1","0","0","3","32","56","1"
"hazelcast","48d489db55bbda962dc43aede089d7ad5769b5c3","hazelcast-client/src/test/java/com/hazelcast/client/listeners/ReplicatedMapEntryListenerOnReconnectTest.java","1","0","0","3","32","56","0"
"hazelcast","65df300ddcacf2cee04f1eee8f75731e147decbf","hazelcast-client-legacy/src/test/java/com/hazelcast/client/listeners/ReplicatedMapEntryListenerOnReconnectTest.java","1","0","0","3","32","57","1"
"hazelcast","ccc4cf5c5afe3eadfdb39332f605f2157820ee89","hazelcast-client-new/src/test/java/com/hazelcast/client/listeners/ReplicatedMapEntryListenerOnReconnectTest.java","1","0","0","3","32","57","1"
"hazelcast","fcb85d5ce8c3887b875376ea1f986c03201d9f7c","hazelcast-client-new/src/test/java/com/hazelcast/client/listeners/ReplicatedMapEntryListenerOnReconnectTest.java","1","0","0","3","32","57","0"
"hazelcast","48d489db55bbda962dc43aede089d7ad5769b5c3","hazelcast-client/src/test/java/com/hazelcast/client/listeners/TopicOnReconnectTest.java","1","0","0","3","33","39","0"
"hazelcast","627f7397e73e69a8436f2e4e41327495c74d2ffc","hazelcast-client/src/test/java/com/hazelcast/client/listeners/MultiMapEntryListenerOnReconnectTest.java","1","0","0","3","33","40","2"
"hazelcast","65df300ddcacf2cee04f1eee8f75731e147decbf","hazelcast-client-legacy/src/test/java/com/hazelcast/client/listeners/TopicOnReconnectTest.java","1","0","0","3","33","40","1"
"hazelcast","ccc4cf5c5afe3eadfdb39332f605f2157820ee89","hazelcast-client-new/src/test/java/com/hazelcast/client/listeners/TopicOnReconnectTest.java","1","0","0","3","33","40","1"
"hazelcast","623ff1855aa985aa276e8395aabf0b534c7a36c3","hazelcast-client-legacy/src/test/java/com/hazelcast/client/listeners/MultiMapEntryListenerOnReconnectTest.java","1","0","0","3","33","40","0"
"hazelcast","fcb85d5ce8c3887b875376ea1f986c03201d9f7c","hazelcast-client-new/src/test/java/com/hazelcast/client/listeners/TopicOnReconnectTest.java","1","0","0","3","33","40","0"
"hazelcast","643ae931fb181de7730cdfaa6682123d0db30420","hazelcast-client/src/test/java/com/hazelcast/client/listeners/TopicOnReconnectTest.java","1","0","0","3","33","41","1"
"MapDB","f88f591252326fe7d402c5fd1db9f9ecdcfba3f5","src/test/java/org/mapdb/Issue237Test.java","1","0","0","3","33","46","0"
"hazelcast","0eb5a90ed468b6aa285f1711a5d699c9ffb33960","hazelcast-client/src/test/java/com/hazelcast/client/listeners/ReplicatedMapEntryListenerOnReconnectTest.java","1","0","0","3","33","56","1"
"hazelcast","0eb5a90ed468b6aa285f1711a5d699c9ffb33960","hazelcast-client/src/test/java/com/hazelcast/client/listeners/TopicOnReconnectTest.java","1","0","0","3","33","57","1"
"hazelcast","0eb5a90ed468b6aa285f1711a5d699c9ffb33960","hazelcast-client/src/test/java/com/hazelcast/client/listeners/MultiMapEntryListenerOnReconnectTest.java","1","0","0","3","33","57","1"
"hazelcast","627f7397e73e69a8436f2e4e41327495c74d2ffc","hazelcast-client/src/test/java/com/hazelcast/client/listeners/EntryListenerOnReconnectTest.java","1","0","0","3","33","57","2"
"hazelcast","623ff1855aa985aa276e8395aabf0b534c7a36c3","hazelcast-client-legacy/src/test/java/com/hazelcast/client/listeners/EntryListenerOnReconnectTest.java","1","0","0","3","33","57","0"
"hazelcast","1640254ad58a08ac6a5f59242b7bbdd78dd20240","hazelcast-client/src/test/java/com/hazelcast/client/listeners/EntryListenerOnReconnectTest.java","1","0","0","3","33","58","2"
"hazelcast","627f7397e73e69a8436f2e4e41327495c74d2ffc","hazelcast-client/src/test/java/com/hazelcast/client/listeners/ReplicatedMapEntryListenerOnReconnectTest.java","1","0","0","3","33","58","2"
"hazelcast","623ff1855aa985aa276e8395aabf0b534c7a36c3","hazelcast-client-legacy/src/test/java/com/hazelcast/client/listeners/ReplicatedMapEntryListenerOnReconnectTest.java","1","0","0","3","33","58","0"
"neo4j","cc0ba94bf17cf529234b73be115bf369e7de0c55","enterprise/ha/src/main/java/org/neo4j/kernel/ha/MasterClient214.java","1","0","0","3","33","59","0"
"hazelcast","e1b69c53ca4923affcd7722f012a80e32517e988","hazelcast/src/test/java/com/hazelcast/internal/serialization/impl/VersionedObjectDataInputAndOutputTest.java","1","0","0","3","33","59","0"
"hazelcast","d38202141395360399c9cf97d4453adf5b1581e1","hazelcast/src/main/java/com/hazelcast/client/impl/protocol/task/executorservice/ExecutorServiceCancelOnAddressMessageTask.java","1","0","0","3","33","59","1"
"neo4j","0f99716d262ca2324680b66abb38d862867b55d8","community/kernel/src/test/java/org/neo4j/unsafe/impl/batchimport/store/BatchingIdSequenceTest.java","1","0","0","3","33","71","0"
"hazelcast","1640254ad58a08ac6a5f59242b7bbdd78dd20240","hazelcast-client/src/test/java/com/hazelcast/client/listeners/MultiMapEntryListenerOnReconnectTest.java","1","0","0","3","34","43","2"
"hazelcast","1640254ad58a08ac6a5f59242b7bbdd78dd20240","hazelcast-client/src/test/java/com/hazelcast/client/listeners/TopicOnReconnectTest.java","1","0","0","3","34","43","2"
"neo4j","5350ef689b9f62b55098efc6c7f169401094f44a","community/cypher/src/test/java/org/neo4j/cypher/javacompat/JavaCompatibilityTest.java","1","0","0","3","34","43","0"
"netty","16be36a55fded330a92a4869e127b6b7249c6d13","codec-http/src/test/java/io/netty/handler/codec/http/websocketx/WebSocketClientHandshaker07Test.java","1","0","0","3","34","56","0"
"hazelcast","1640254ad58a08ac6a5f59242b7bbdd78dd20240","hazelcast-client/src/test/java/com/hazelcast/client/listeners/ReplicatedMapEntryListenerOnReconnectTest.java","1","0","0","3","34","58","2"
"hazelcast","a4035afdfc67b757940a15578bc51b4e7b6b0b13","hazelcast/src/main/java/com/hazelcast/client/impl/protocol/task/executorservice/ExecutorServiceCancelOnPartitionMessageTask.java","1","0","0","3","34","61","0"
"hazelcast","04c204fcf1f1d07695eb4355106ffdc8e6bc9365","hazelcast/src/test/java/com/hazelcast/config/LegacyConfigPatternMatcherTest.java","1","0","0","3","34","66","0"
"elasticsearch","5808aea2651bc265b91003fd932b5b43cb35d6d1","core/src/main/java/org/elasticsearch/rest/action/admin/indices/RestIndicesExistsAction.java","1","0","0","3","34","68","1"
"elasticsearch","51d53791fe71c9cb62bc992588a57cdfb500383f","core/src/main/java/org/elasticsearch/rest/action/admin/indices/RestIndicesExistsAction.java","1","0","0","3","34","69","0"
"BroadleafCommerce","bd7a5b556a8832d9eb09ed747b172766c6aae4c4","core/broadleaf-profile-web/src/main/java/org/broadleafcommerce/profile/web/core/security/CustomerStateFilter.java","1","0","0","3","34","76","0"
"orientdb","0fdf1f3126a766a8ccab1beb9ad62ec302ed3463","graphdb/src/test/java/com/orientechnologies/orient/graph/sql/TestOutInChain.java","1","0","0","3","35","50","1"
"hazelcast","779bc7e53c1503599f28c8dab0f193939b10f3cf","hazelcast/src/test/java/com/hazelcast/jmx/LockMBeanTest.java","1","0","0","3","35","51","1"
"hazelcast","b0d2be02333028272031f78c6d7d92c640347cd5","hazelcast/src/test/java/com/hazelcast/internal/networking/nio/SelectWithSelectorFix_NioEventLoopGroupFactory.java","1","0","0","3","35","56","0"
"neo4j","035903e9ebdada5ea1269b223a6b5ee102763a1d","enterprise/causal-clustering/src/main/java/org/neo4j/causalclustering/catchup/storecopy/StoreCopyProcess.java","1","0","0","3","35","60","0"
"netty","e6ca9882a107c34cf6358c8d7a68561025f06016","codec-http/src/test/java/io/netty/handler/codec/http/DefaultHttpHeadersTest.java","1","0","0","3","35","61","2"
"elasticsearch","e96b1e8974a11cb1ad13af9a3bdf079b886ec871","core/src/test/java/org/elasticsearch/index/mapper/internal/TypeFieldMapperTests.java","1","0","0","3","35","65","0"
"elasticsearch","c2494bbaedb0808a52a22ce61eed3fa4adc9956d","core/src/main/java/org/elasticsearch/rest/action/admin/indices/RestHeadIndexTemplateAction.java","1","0","0","3","35","74","0"
"neo4j","9e19238bad14e2ea915c17009903d636f448bfae","community/bolt/src/test/java/org/neo4j/bolt/v1/transport/socket/client/WebSocketConnectionTest.java","1","0","0","3","35","75","0"
"hazelcast","d568e4d926d925d57d4e79e34614390416749301","hazelcast/src/test/java/com/hazelcast/internal/management/GetClusterStateRequestTest.java","1","0","0","3","36","45","0"
"netty","acbf1b9e7e9c98e1f5209d5ef82c552e41d2bb6a","codec/src/test/java/io/netty/handler/codec/base64/Base64Test.java","1","0","0","3","36","59","1"
"hazelcast","0eb5a90ed468b6aa285f1711a5d699c9ffb33960","hazelcast-client/src/test/java/com/hazelcast/client/listeners/SetItemListenerOnReconnectTest.java","1","0","0","3","36","61","1"
"hazelcast","643ae931fb181de7730cdfaa6682123d0db30420","hazelcast-client/src/test/java/com/hazelcast/client/listeners/SetItemListenerOnReconnectTest.java","1","0","0","3","36","61","1"
"hazelcast","65df300ddcacf2cee04f1eee8f75731e147decbf","hazelcast-client-legacy/src/test/java/com/hazelcast/client/listeners/QueueItemListenerOnReconnectTest.java","1","0","0","3","36","61","1"
"hazelcast","ccc4cf5c5afe3eadfdb39332f605f2157820ee89","hazelcast-client-new/src/test/java/com/hazelcast/client/listeners/QueueItemListenerOnReconnectTest.java","1","0","0","3","36","61","1"
"hazelcast","48d489db55bbda962dc43aede089d7ad5769b5c3","hazelcast-client/src/test/java/com/hazelcast/client/listeners/SetItemListenerOnReconnectTest.java","1","0","0","3","36","61","0"
"hazelcast","48d489db55bbda962dc43aede089d7ad5769b5c3","hazelcast-client/src/test/java/com/hazelcast/client/listeners/ListItemListenerOnReconnectTest.java","1","0","0","3","36","61","0"
"hazelcast","fcb85d5ce8c3887b875376ea1f986c03201d9f7c","hazelcast-client-new/src/test/java/com/hazelcast/client/listeners/QueueItemListenerOnReconnectTest.java","1","0","0","3","36","61","0"
"hazelcast","0eb5a90ed468b6aa285f1711a5d699c9ffb33960","hazelcast-client/src/test/java/com/hazelcast/client/listeners/ListItemListenerOnReconnectTest.java","1","0","0","3","36","62","1"
"hazelcast","0eb5a90ed468b6aa285f1711a5d699c9ffb33960","hazelcast-client/src/test/java/com/hazelcast/client/listeners/QueueItemListenerOnReconnectTest.java","1","0","0","3","36","62","1"
"hazelcast","643ae931fb181de7730cdfaa6682123d0db30420","hazelcast-client/src/test/java/com/hazelcast/client/listeners/ListItemListenerOnReconnectTest.java","1","0","0","3","36","62","1"
"hazelcast","643ae931fb181de7730cdfaa6682123d0db30420","hazelcast-client/src/test/java/com/hazelcast/client/listeners/QueueItemListenerOnReconnectTest.java","1","0","0","3","36","62","1"
"hazelcast","65df300ddcacf2cee04f1eee8f75731e147decbf","hazelcast-client-legacy/src/test/java/com/hazelcast/client/listeners/ListItemListenerOnReconnectTest.java","1","0","0","3","36","62","1"
"hazelcast","65df300ddcacf2cee04f1eee8f75731e147decbf","hazelcast-client-legacy/src/test/java/com/hazelcast/client/listeners/SetItemListenerOnReconnectTest.java","1","0","0","3","36","62","1"
"hazelcast","ccc4cf5c5afe3eadfdb39332f605f2157820ee89","hazelcast-client-new/src/test/java/com/hazelcast/client/listeners/SetItemListenerOnReconnectTest.java","1","0","0","3","36","62","1"
"hazelcast","ccc4cf5c5afe3eadfdb39332f605f2157820ee89","hazelcast-client-new/src/test/java/com/hazelcast/client/listeners/ListItemListenerOnReconnectTest.java","1","0","0","3","36","62","1"
"elasticsearch","00de8e07fc3df9c763bbc0b6890217dc5b6bee3e","core/src/test/java/org/elasticsearch/index/shard/ElasticsearchQueryCachingPolicyTests.java","1","0","0","3","36","62","3"
"elasticsearch","6796464f167ce293192c43efd1cf28e4434fd5da","core/src/test/java/org/elasticsearch/index/shard/ElasticsearchQueryCachingPolicyTests.java","1","0","0","3","36","62","4"
"elasticsearch","6baded8e7fb920e920a288bf53764a1da3d617da","core/src/test/java/org/elasticsearch/index/shard/ElasticsearchQueryCachingPolicyTests.java","1","0","0","3","36","62","3"
"hazelcast","fcb85d5ce8c3887b875376ea1f986c03201d9f7c","hazelcast-client-new/src/test/java/com/hazelcast/client/listeners/ListItemListenerOnReconnectTest.java","1","0","0","3","36","62","0"
"hazelcast","fcb85d5ce8c3887b875376ea1f986c03201d9f7c","hazelcast-client-new/src/test/java/com/hazelcast/client/listeners/SetItemListenerOnReconnectTest.java","1","0","0","3","36","62","0"
"elasticsearch","d06a8903fdccf5985bb1b9cbfcb92580d08a544c","core/src/test/java/org/elasticsearch/index/shard/ElasticsearchQueryCachingPolicyTests.java","1","0","0","3","36","62","0"
"neo4j","1f8c2d6a9466972520b49477c149e83779757d7a","enterprise/security/src/main/java/org/neo4j/server/security/enterprise/auth/PredefinedRolesBuilder.java","1","0","0","3","36","68","1"
"elasticsearch","51d53791fe71c9cb62bc992588a57cdfb500383f","core/src/main/java/org/elasticsearch/rest/action/admin/indices/RestIndicesSegmentsAction.java","1","0","0","3","36","71","0"
"orientdb","36fe694c8f3e92babf28edcd4aeda4d4ec08e667","etl/src/test/java/com/orientechnologies/orient/etl/transformer/OLogTransformerTest.java","1","0","0","3","37","44","1"
"orientdb","db4419422b763a4cb8fd7b439e3aee089c2ed806","core/src/test/java/com/orientechnologies/orient/core/db/document/ODatabaseDocumentPoolOpenCloseTest.java","1","0","0","3","37","48","0"
"hazelcast","623ff1855aa985aa276e8395aabf0b534c7a36c3","hazelcast-client-legacy/src/test/java/com/hazelcast/client/listeners/QueueItemListenerOnReconnectTest.java","1","0","0","3","37","62","0"
"hazelcast","a63d893e8e09f106c91038de3449d06d09ee1bd4","hazelcast-client/src/test/java/com/hazelcast/client/listeners/EntryListenerOnReconnectTest.java","1","0","0","3","37","62","0"
"hazelcast","e19628fcce234098e3f773de7174d76ae8682eaf","hazelcast/src/test/java/com/hazelcast/query/impl/IndexImplTest.java","1","0","0","3","37","62","0"
"hazelcast","627f7397e73e69a8436f2e4e41327495c74d2ffc","hazelcast-client/src/test/java/com/hazelcast/client/listeners/QueueItemListenerOnReconnectTest.java","1","0","0","3","37","62","2"
"hazelcast","1640254ad58a08ac6a5f59242b7bbdd78dd20240","hazelcast-client/src/test/java/com/hazelcast/client/listeners/SetItemListenerOnReconnectTest.java","1","0","0","3","37","63","2"
"hazelcast","627f7397e73e69a8436f2e4e41327495c74d2ffc","hazelcast-client/src/test/java/com/hazelcast/client/listeners/SetItemListenerOnReconnectTest.java","1","0","0","3","37","63","2"
"hazelcast","627f7397e73e69a8436f2e4e41327495c74d2ffc","hazelcast-client/src/test/java/com/hazelcast/client/listeners/ListItemListenerOnReconnectTest.java","1","0","0","3","37","63","2"
"netty","2a6ed67efc4ffb15647313b82e450a3951a6a3bd","example/src/main/java/io/netty/example/spdy/client/SpdyClientInitializer.java","1","0","0","3","37","63","1"
"hazelcast","623ff1855aa985aa276e8395aabf0b534c7a36c3","hazelcast-client-legacy/src/test/java/com/hazelcast/client/listeners/ListItemListenerOnReconnectTest.java","1","0","0","3","37","63","0"
"hazelcast","623ff1855aa985aa276e8395aabf0b534c7a36c3","hazelcast-client-legacy/src/test/java/com/hazelcast/client/listeners/SetItemListenerOnReconnectTest.java","1","0","0","3","37","63","0"
"netty","9b99a611ad250f75d5c73a1660a762ca0e0afbd9","common/src/test/java/io/netty/util/RecyclerTest.java","1","0","0","3","37","63","0"
"elasticsearch","51d53791fe71c9cb62bc992588a57cdfb500383f","core/src/main/java/org/elasticsearch/rest/action/admin/indices/RestRefreshAction.java","1","0","0","3","37","71","0"
"elasticsearch","51d53791fe71c9cb62bc992588a57cdfb500383f","core/src/main/java/org/elasticsearch/rest/action/admin/indices/RestHeadIndexTemplateAction.java","1","0","0","3","37","77","0"
"elasticsearch","cab43707dc4a58d4d91aec410c6a9f206b0250a3","core/src/main/java/org/elasticsearch/rest/action/document/RestGetSourceAction.java","1","0","0","3","37","82","1"
"elasticsearch","709cc9ba657af390afe2e30f41e8785d0e4f238d","core/src/main/java/org/elasticsearch/rest/action/admin/indices/RestAliasesExistAction.java","1","0","0","3","37","88","1"
"orientdb","b32a3c05a5a22aac25cd5a18fca260ff2addce82","core/src/test/java/com/orientechnologies/orient/core/metadata/schema/AlterPropertyTest.java","1","0","0","3","38","44","1"
"neo4j","c852f3cb64cc47cfc9877bc1bb4e1224ca111a06","community/cypher/compatibility-suite/src/test/java/cypher/FeatureSuiteTest.java","1","0","0","3","38","61","1"
"hazelcast","a63d893e8e09f106c91038de3449d06d09ee1bd4","hazelcast-client/src/test/java/com/hazelcast/client/listeners/TopicOnReconnectTest.java","1","0","0","3","38","63","0"
"hazelcast","a63d893e8e09f106c91038de3449d06d09ee1bd4","hazelcast-client/src/test/java/com/hazelcast/client/listeners/MultiMapEntryListenerOnReconnectTest.java","1","0","0","3","38","63","0"
"hazelcast","ce2dbc391a74c2f7b7824a936afd55c5b2a8db49","hazelcast-spring/src/test/java/com/hazelcast/spring/springaware/TestEnabledSpringAwareAnnotation.java","1","0","0","3","38","63","0"
"netty","452fd3624081553ed0d2b9b6f59c21789a274f69","buffer/src/test/java/io/netty/buffer/AbstractPooledByteBufTest.java","1","0","0","3","38","63","0"
"hazelcast","9df1ae5b6d25628524e4ceec1ac038b990e35c3e","hazelcast-spring/src/test/java/com/hazelcast/spring/springaware/TestEnabledSpringAwareAnnotation.java","1","0","0","3","38","63","1"
"elasticsearch","6d0efae7139401f497e6cd4ab329fba82dd922bf","core/src/main/java/org/elasticsearch/rest/action/admin/cluster/node/tasks/RestListTasksAction.java","1","0","0","3","38","65","0"
"elasticsearch","51d53791fe71c9cb62bc992588a57cdfb500383f","modules/percolator/src/main/java/org/elasticsearch/percolator/RestMultiPercolateAction.java","1","0","0","3","38","68","0"
"neo4j","c287d3fcff4d41dc2fa317c778efc33d6ca11eba","enterprise/kernel/src/main/java/org/neo4j/kernel/enterprise/api/security/EnterpriseAuthManager.java","1","0","0","3","38","71","0"
"neo4j","6b75a9235ea38e0c47caacd25cc919023c0c958b","community/lucene-index/src/test/java/org/neo4j/kernel/api/impl/schema/sampler/UniqueDatabaseIndexSamplerTest.java","1","0","0","3","38","72","0"
"hazelcast","ae336ec1744e2e9d5c0ec567c60662b1ea85e4a3","hazelcast/src/test/java/com/hazelcast/wan/impl/WanNoDelayReplicationTest.java","1","0","0","3","39","55","0"
"neo4j","7e353eb373c1368391d8a6cbff32a76104a582d9","enterprise/server-enterprise/src/test/java/org/neo4j/server/rest/security/EnterpriseUserServiceTest.java","1","0","0","3","39","69","0"
"neo4j","8a31284a00600fe653939a9b2206e0382deded40","enterprise/server-enterprise/src/test/java/org/neo4j/server/rest/security/EnterpriseUserServiceTest.java","1","0","0","3","39","69","0"
"neo4j","2dce9b701631b41aa14f4d8ff186c708b57abd1e","enterprise/server-enterprise/src/test/java/org/neo4j/server/rest/security/EnterpriseUserServiceTest.java","1","0","0","3","39","69","1"
"neo4j","b2da05a6131f4238dbb00b61be88d2eef661b278","community/kernel/src/test/java/org/neo4j/kernel/api/exceptions/index/IndexPopulationFailedKernelExceptionTest.java","1","0","0","3","39","75","0"
"neo4j","5c1751453b58d4a6d42f92cb00b73361474d014e","enterprise/metrics/src/test/java/org/neo4j/metrics/source/MessageQueueMonitorMetricTest.java","1","0","0","3","39","77","1"
"elasticsearch","51d53791fe71c9cb62bc992588a57cdfb500383f","core/src/main/java/org/elasticsearch/rest/action/admin/indices/RestGetIndexTemplateAction.java","1","0","0","3","39","80","0"
"elasticsearch","51d53791fe71c9cb62bc992588a57cdfb500383f","core/src/main/java/org/elasticsearch/rest/action/document/RestGetSourceAction.java","1","0","0","3","39","85","0"
"elasticsearch","51d53791fe71c9cb62bc992588a57cdfb500383f","core/src/main/java/org/elasticsearch/rest/action/admin/indices/RestAliasesExistAction.java","1","0","0","3","39","91","0"
"hazelcast","70d4de16ff0ac4518d09aad8c9f2ad9e782fb337","hazelcast/src/test/java/com/hazelcast/internal/management/GetClusterStateRequestTest.java","1","0","0","3","40","48","1"
"neo4j","fbb256f0ed00901df92b52448a63556836d79d36","community/cypher/compatibility-suite/src/test/java/cypher/FeatureSuiteTest.java","1","0","0","3","40","63","0"
"netty","732948b3c4be68c2f5e4b3d3f0dc595363e18abe","transport-native-epoll/src/test/java/io/netty/channel/epoll/EpollSocketTest.java","1","0","0","3","40","64","1"
"neo4j","e34463f7dafbb72552196ee10e7e8e611c94772e","community/kernel/src/test/java/org/neo4j/kernel/impl/transaction/log/LogPositionTest.java","1","0","0","3","40","67","0"
"elasticsearch","0189a65e6bfc623813c6c088d19a0509fbeb64da","core/src/test/java/org/elasticsearch/action/ingest/PutPipelineRequestTests.java","1","0","0","3","40","68","1"
"elasticsearch","292dd8f992e101f9bffcd58c6c60a24ccbfec746","core/src/test/java/org/elasticsearch/action/ingest/PutPipelineRequestTests.java","1","0","0","3","40","68","1"
"elasticsearch","2ccc223ff761043807683f34b29c693af6c94d95","core/src/test/java/org/elasticsearch/action/ingest/PutPipelineRequestTests.java","1","0","0","3","40","68","0"
"elasticsearch","14ba36977ed24fd670005800547541a4f2cdfa3a","docs/src/test/java/org/elasticsearch/smoketest/DocsClientYamlTestSuiteIT.java","1","0","0","3","40","69","0"
"elasticsearch","20423a43e7224e9cadd03a81394379ba56da9d45","src/test/java/org/elasticsearch/index/analysis/PatternCaptureTokenFilterTests.java","1","0","0","3","40","74","0"
"neo4j","6582eed76b5a4b0e0066c03983dd7a97716f51dc","enterprise/causal-clustering/src/test/java/org/neo4j/causalclustering/load_balancing/procedure/GetServersProcedureV2Test.java","1","0","0","3","40","77","0"
"MapDB","7b803345bed27933c1f0e5b493e7c70d9343419b","src/test/java/org/mapdb/Issue265Test.java","1","0","0","3","41","48","0"
"antlr4","29c2712ae1eee9575324db48c2f72c7cb0d28308","tool/test/org/antlr/v4/test/rt/java/TestCompositeLexers.java","1","0","0","3","41","49","0"
"junit","36397848551f1dc843e4bf5036ff7b00b5cd6adb","src/test/java/org/junit/runner/notification/RunNotifierTest.java","1","0","0","3","41","50","0"
"hazelcast","a63d893e8e09f106c91038de3449d06d09ee1bd4","hazelcast-client/src/test/java/com/hazelcast/client/listeners/SetItemListenerOnReconnectTest.java","1","0","0","3","41","67","0"
"hazelcast","a63d893e8e09f106c91038de3449d06d09ee1bd4","hazelcast-client/src/test/java/com/hazelcast/client/listeners/QueueItemListenerOnReconnectTest.java","1","0","0","3","41","68","0"
"hazelcast","a63d893e8e09f106c91038de3449d06d09ee1bd4","hazelcast-client/src/test/java/com/hazelcast/client/listeners/ListItemListenerOnReconnectTest.java","1","0","0","3","41","68","0"
"neo4j","182263a35884dcf5e5433164231d8e1b29a66fe2","community/server/src/main/java/org/neo4j/server/rest/repr/DatabaseRepresentation.java","1","0","0","3","41","68","1"
"hazelcast","687678a1938c66c02f4ef94ac766f0e53b3a1ba2","hazelcast-client-new/src/test/java/com/hazelcast/client/config/LegacyMatchingPointConfigPatternMatcherTest.java","1","0","0","3","41","69","0"
"neo4j","8a31284a00600fe653939a9b2206e0382deded40","community/security/src/test/java/org/neo4j/server/security/auth/AuthProceduresTest.java","1","0","0","3","41","78","0"
"hazelcast","80240b3abd5e08fe8c801bddd18525bdbda492e1","hazelcast-client-new/src/test/java/com/hazelcast/client/map/impl/query/ClientQueryAdvancedTest.java","1","0","0","3","42","71","0"
"neo4j","d8b5a3dd736b7f2cf8404b1b3b3dacb40149d66f","community/server/src/main/java/org/neo4j/server/rest/repr/DatabaseRepresentation.java","1","0","0","3","43","70","0"
"neo4j","f0b03e0d48342f7b76608313e94292a530d373e0","enterprise/causal-clustering/src/main/java/org/neo4j/causalclustering/catchup/tx/TxPullClient.java","1","0","0","3","43","70","0"
"elasticsearch","01f6851691f0e160185acdb2986f0486e9b4f6ec","core/src/test/java/org/elasticsearch/ingest/PipelineConfigurationTests.java","1","0","0","3","43","70","0"
"neo4j","317cd647561a0fc04808364cc543fc73edc39976","enterprise/causal-clustering/src/main/java/org/neo4j/causalclustering/catchup/tx/TxPullClient.java","1","0","0","3","43","70","1"
"neo4j","8ab0685a4620653b3c1764d5bd04598a2e954bb2","enterprise/security/src/test/java/org/neo4j/server/security/enterprise/auth/SecurityProceduresTest.java","1","0","0","3","43","74","0"
"hazelcast","db147c73b8a6c64aa6b337496dc9bf646719ff5b","hazelcast/src/test/java/com/hazelcast/internal/management/GetCacheEntryRequestTest.java","1","0","0","3","44","53","1"
"elasticsearch","2b3760f78b26817b5a2030aa27b1ddf2f17462f6","core/src/main/java/org/elasticsearch/rest/action/admin/indices/RestIndicesSegmentsAction.java","1","0","0","3","44","69","1"
"orientdb","efdd13cc9525173454c07314a9d28d7b95673a20","core/src/test/java/com/orientechnologies/orient/core/sql/OCommandExecutorSQLSelectTestIndex.java","1","0","0","3","44","76","1"
"elasticsearch","513611bd48e471a6c9594301149c390476a4bc0d","src/test/java/org/elasticsearch/action/admin/indices/warmer/put/PutWarmerRequestTests.java","1","0","0","3","44","77","1"
"hazelcast","0603aa048b33b7b63c240c8b0e5c509499c798f7","hazelcast-client-new/src/test/java/com/hazelcast/client/proxy/DistributedObjectListenerTest.java","1","0","0","3","45","70","1"
"elasticsearch","0189a65e6bfc623813c6c088d19a0509fbeb64da","core/src/test/java/org/elasticsearch/action/admin/indices/create/CreateIndexRequestTests.java","1","0","0","3","45","73","3"
"elasticsearch","0189a65e6bfc623813c6c088d19a0509fbeb64da","core/src/test/java/org/elasticsearch/action/admin/cluster/storedscripts/PutStoredScriptRequestTests.java","1","0","0","3","45","73","1"
"elasticsearch","292dd8f992e101f9bffcd58c6c60a24ccbfec746","core/src/test/java/org/elasticsearch/action/admin/indices/create/CreateIndexRequestTests.java","1","0","0","3","45","73","3"
"elasticsearch","2ccc223ff761043807683f34b29c693af6c94d95","core/src/test/java/org/elasticsearch/action/admin/indices/create/CreateIndexRequestTests.java","1","0","0","3","45","73","2"
"elasticsearch","2ccc223ff761043807683f34b29c693af6c94d95","core/src/test/java/org/elasticsearch/action/admin/cluster/storedscripts/PutStoredScriptRequestTests.java","1","0","0","3","45","73","0"
"elasticsearch","6952f7b5606504666ccac3edb68f43d04d3ebd44","core/src/test/java/org/elasticsearch/action/admin/indices/create/CreateIndexRequestTests.java","1","0","0","3","45","73","0"
"elasticsearch","cf00acf5b048608e3d184cc5cc6876ef0af356fb","src/test/java/org/elasticsearch/test/integration/cluster/ClusterHealthTests.java","1","0","0","3","45","73","0"
"neo4j","3a78f5f817ec4cdbb54065cbcfd0e3de100ff931","enterprise/server-enterprise/src/test/java/org/neo4j/server/rest/security/EnterpriseAuthenticationDocIT.java","1","0","0","3","45","78","0"
"hazelcast","324c12ca123c52820e6a271c2095649a57a9844f","hazelcast-client/src/test/java/com/hazelcast/client/ClientConnectionListenerTest.java","1","0","0","3","46","56","2"
"hazelcast","4653486efe9e76439d1f23021ab16bc287ac9bfa","hazelcast-client-legacy/src/test/java/com/hazelcast/client/proxy/DistributedObjectListenerTest.java","1","0","0","3","46","71","1"
"hazelcast","ccc4cf5c5afe3eadfdb39332f605f2157820ee89","hazelcast-client-new/src/test/java/com/hazelcast/client/ClientReconnectTest.java","1","0","0","3","46","72","1"
"hazelcast","ce7d7c8779e24e951600fee82f97f9c4db020279","hazelcast-client-new/src/test/java/com/hazelcast/client/ClientReconnectTest.java","1","0","0","3","46","72","1"
"hazelcast","fcb85d5ce8c3887b875376ea1f986c03201d9f7c","hazelcast-client-new/src/test/java/com/hazelcast/client/ClientReconnectTest.java","1","0","0","3","46","72","0"
"netty","2a6ed67efc4ffb15647313b82e450a3951a6a3bd","testsuite/src/test/java/io/netty/testsuite/util/BogusSslContextFactory.java","1","0","0","3","46","77","1"
"elasticsearch","e379f419e68d67c98e7319b17eef2bbfe0d6cb03","src/test/java/org/elasticsearch/search/source/SourceFetchingTests.java","1","0","0","3","46","86","1"
"neo4j","19fb0ceff8a8fedae97ae84256db8815670cf01c","community/bolt/src/test/java/org/neo4j/bolt/v1/runtime/integration/TransactionIT.java","1","0","0","3","46","87","1"
"elasticsearch","53b9ff820db64dbe42333abd06a39e92fc36df5b","core/src/main/java/org/elasticsearch/rest/action/admin/indices/RestGetMappingAction.java","1","0","0","3","47","107","2"
"elasticsearch","a6ad89bee020024192889cef611c8e1f85ba7d54","core/src/main/java/org/elasticsearch/rest/action/admin/indices/RestGetMappingAction.java","1","0","0","3","47","108","0"
"hazelcast","431bedc53fa311f0d76d7d77c48f3bb78da5fa9e","hazelcast-client-legacy/src/test/java/com/hazelcast/client/ClientReconnectTest.java","1","0","0","3","47","73","1"
"elasticsearch","292dd8f992e101f9bffcd58c6c60a24ccbfec746","core/src/test/java/org/elasticsearch/action/admin/cluster/storedscripts/PutStoredScriptRequestTests.java","1","0","0","3","47","75","1"
"elasticsearch","d5d0f140d6a362a3b069dd55597506f91c97805e","core/src/test/java/org/elasticsearch/search/aggregations/bucket/significant/SignificantTermsAggregatorTests.java","1","0","0","3","47","76","0"
"neo4j","e53f7c80d98a2e35ea6a339e7f7fd44c3d2bde74","community/server/src/test/java/org/neo4j/server/rest/transactional/CypherQueriesIT.java","1","0","0","3","47","80","0"
"elasticsearch","51d53791fe71c9cb62bc992588a57cdfb500383f","core/src/main/java/org/elasticsearch/rest/action/admin/indices/RestGetSettingsAction.java","1","0","0","3","48","100","0"
"elasticsearch","cc37ae13bc8fabe6369a6a3f66817a4a823646fe","src/test/java/org/elasticsearch/action/admin/indices/create/CreateIndexTests.java","1","0","0","3","48","74","4"
"neo4j","6b75a9235ea38e0c47caacd25cc919023c0c958b","community/lucene-index/src/test/java/org/neo4j/kernel/api/impl/labelscan/LuceneLabelScanIndexBuilderTest.java","1","0","0","3","48","77","0"
"neo4j","069d4fa96fad00d182daeb9570e124ae87f68f5f","enterprise/security/src/test/java/org/neo4j/server/security/enterprise/auth/plugin/TestCredentialsOnlyPlugin.java","1","0","0","3","48","81","0"
"neo4j","cca9e04725e7ae20ba97e57506c0a33d2bdf691c","enterprise/causal-clustering/src/test/java/org/neo4j/causalclustering/core/consensus/roles/PruningTest.java","1","0","0","3","48","82","0"
"hazelcast","c2ef444d97e9948cfc8425a11ea2f0434c3f16a0","hazelcast-client/src/test/java/com/hazelcast/client/proxy/DistributedObjectListenerTest.java","1","0","0","3","49","73","0"
"hazelcast","3fcd083e9dbaf97bfe0c447d5baa1cb29bbe7d98","hazelcast-client/src/test/java/com/hazelcast/client/topic/ClientReliableTopicOverloadTest.java","1","0","0","3","49","77","0"
"hazelcast","b34e4323899872cfa581b72219c4516e905457e8","hazelcast-client/src/test/java/com/hazelcast/client/topic/ClientReliableTopicOverloadTest.java","1","0","0","3","49","77","0"
"hazelcast","c9b61e1bcaa6fa7457be1ecf886f7f2904ca5b92","hazelcast-client/src/test/java/com/hazelcast/client/topic/ClientReliableTopicOverloadTest.java","1","0","0","3","49","77","0"
"hazelcast","9418030560131e8f3f799af8a7405fd49bdcbcb8","hazelcast-client/src/test/java/com/hazelcast/client/topic/ClientReliableTopicOverloadTest.java","1","0","0","3","49","77","1"
"hazelcast","9df1ae5b6d25628524e4ceec1ac038b990e35c3e","hazelcast-spring/src/test/java/com/hazelcast/spring/TestBeansApplicationContext.java","1","0","0","3","49","78","1"
"neo4j","4e13feaa5058f4f1b623704bbde288b5850c1ec6","enterprise/security/src/test/java/org/neo4j/commandline/admin/security/EnterpriseUsersCommandIT.java","1","0","0","3","49","88","0"
"hazelcast","b777381e2f8cfc3d8bcde3a87c5cc9993e31d4a2","hazelcast-client-new/src/test/java/com/hazelcast/client/proxy/DistributedObjectListenerTest.java","1","0","0","3","50","74","1"
"neo4j","ae3669d6536f06f241cc21c10cc4230245cdc093","community/kernel/src/main/java/org/neo4j/kernel/impl/proc/ProcedureGDSFactory.java","1","0","0","3","50","75","1"
"neo4j","6b75a9235ea38e0c47caacd25cc919023c0c958b","community/lucene-index/src/test/java/org/neo4j/kernel/api/impl/schema/LuceneSchemaIndexBuilderTest.java","1","0","0","3","50","78","0"
"hazelcast","ce2dbc391a74c2f7b7824a936afd55c5b2a8db49","hazelcast-spring/src/test/java/com/hazelcast/spring/TestBeansApplicationContext.java","1","0","0","3","50","80","0"
"neo4j","85bd0034b8f4230b9b7b23a85801695a865cc236","community/kernel/src/main/java/org/neo4j/kernel/impl/proc/ProcedureGDSFactory.java","1","0","0","3","51","77","1"
"hazelcast","204f4b9d7cd02069b258f98c14c4fc3621c5e94f","hazelcast/src/test/java/com/hazelcast/config/ConfigDefaultsTest.java","1","0","0","3","51","78","0"
"neo4j","b5d40e3b9eaa74e7f71b30760b915a5b6d269193","community/kernel/src/main/java/org/neo4j/kernel/impl/proc/ProcedureGDSFactory.java","1","0","0","3","52","78","0"
"neo4j","9d9bb3a75547d4dbfb5fa45920c13b58b72559a8","community/kernel/src/test/java/org/neo4j/kernel/builtinprocs/BuiltInDbmsProceduresIT.java","1","0","0","3","52","90","1"
"elasticsearch","81e40e3139928a6d8795449bc948f9f966a52c91","core/src/test/java/org/elasticsearch/search/fetch/subphase/ParentFieldSubFetchPhaseTests.java","1","0","0","3","53","83","0"
"neo4j","c366586f4fdcdaed34ad9c6c75c1d22cc13aa771","community/kernel/src/test/java/org/neo4j/kernel/builtinprocs/BuiltInDbmsProceduresIT.java","1","0","0","3","53","91","0"
"neo4j","a7e676dfc3abe0f5fcffe9e97ba85ad08c76d779","community/bolt/src/test/java/org/neo4j/bolt/v1/runtime/internal/SessionStateMachineResetTest.java","1","0","0","3","53","93","1"
"elasticsearch","da554fc30c1d4f452f47f6537fad805559c1fa13","core/src/test/java/org/elasticsearch/common/lucene/search/MultiPhrasePrefixQueryTests.java","1","0","0","3","54","82","0"
"hazelcast","65df300ddcacf2cee04f1eee8f75731e147decbf","hazelcast-client-legacy/src/test/java/com/hazelcast/client/listeners/AbstractListenersOnReconnectTest.java","1","0","0","3","54","87","1"
"hazelcast","ccc4cf5c5afe3eadfdb39332f605f2157820ee89","hazelcast-client-new/src/test/java/com/hazelcast/client/listeners/AbstractListenersOnReconnectTest.java","1","0","0","3","54","87","1"
"hazelcast","fcb85d5ce8c3887b875376ea1f986c03201d9f7c","hazelcast-client-new/src/test/java/com/hazelcast/client/listeners/AbstractListenersOnReconnectTest.java","1","0","0","3","54","87","0"
"neo4j","ccb2804c16d7ed7a3d2147bf90b2b9633e694179","packaging/neo4j-desktop/src/test/java/org/neo4j/desktop/runtime/DatabaseActionsTest.java","1","0","0","3","55","93","0"
"MapDB","970b748e50b939d1bede6ee9c670cf2896911bb8","src/test/java/org/mapdb/Issue266Test.java","1","0","0","3","56","80","0"
"hazelcast","3d8ce7ed94ef327469e9647d5fb1c17d9eb54bf9","hazelcast-client-new/src/test/java/com/hazelcast/client/proxy/DistributedObjectListenerTest.java","1","0","0","3","56","83","0"
"netty","5dd35448a2282bab8f004318460d570c989d5356","codec/src/test/java/io/netty/handler/codec/ReplayingDecoderTest.java","1","0","0","3","56","91","0"
"neo4j","e7b3407f3dfe22e4029042512fbf88c2d60aa94d","enterprise/ha/src/test/java/org/neo4j/ha/correctness/TestProver.java","1","0","0","3","56","95","1"
"neo4j","163d0bd4868b719bb23dc1d48cbc5f577e5994b6","integrationtests/src/test/java/org/neo4j/bolt/DeleteUserStressIT.java","1","0","0","3","57","146","1"
"hazelcast","62268376a7952b81d17e45ad8c1820a085550b63","hazelcast-client-legacy/src/test/java/com/hazelcast/client/proxy/DistributedObjectListenerTest.java","1","0","0","3","57","82","0"
"hazelcast","5f0d18719463b33ae13bf8fda896a71e0a3f7075","hazelcast-client/src/test/java/com/hazelcast/client/proxy/DistributedObjectListenerTest.java","1","0","0","3","57","83","2"
"neo4j","c82beffff5c25bf973370a9c12bea14888531341","community/graph-algo/src/test/java/org/neo4j/graphalgo/impl/util/TestPriorityMap.java","1","0","0","3","58","100","0"
"hazelcast","ee3c0eb5648235d687eb48bc7095da0fd312d846","hazelcast/src/test/java/com/hazelcast/util/HazelcastInstanceFactoryTest.java","1","0","0","3","59","91","1"
"elasticsearch","01f6851691f0e160185acdb2986f0486e9b4f6ec","core/src/test/java/org/elasticsearch/action/admin/indices/analyze/AnalyzeRequestTests.java","1","0","0","3","59","93","0"
"elasticsearch","d514977c75c845d1f15baccc4af98db162191bac","core/src/test/java/org/elasticsearch/index/mapper/DynamicTemplateTests.java","1","0","0","3","59","94","0"
"hazelcast","9a88bb0f382ac91970bc9c96c93111a85cc98bf3","hazelcast/src/main/java/com/hazelcast/impl/MapMaxSizePolicy.java","1","0","0","3","6","26","1"
"ceylon-ide-eclipse","3cb61fd56d8c36a17ce04e0ce01bf96c3c7583b9","plugins/com.redhat.ceylon.eclipse.ui/src/com/redhat/ceylon/eclipse/code/navigator/ModuleNode.java","1","0","0","3","6","8","0"
"neo4j","9641576829b1d439954ac158311a4e986f7cb629","community/bolt/src/test/java/org/neo4j/bolt/v1/runtime/internal/SessionStateMachineResetTest.java","1","0","0","3","61","101","0"
"elasticsearch","e96b1e8974a11cb1ad13af9a3bdf079b886ec871","core/src/test/java/org/elasticsearch/index/mapper/internal/TypeFieldTypeTests.java","1","0","0","3","61","91","0"
"hazelcast","86234067a9384df7e9b2ea44c7bfe7a9f1881c1a","hazelcast/src/test/java/com/hazelcast/internal/nearcache/impl/invalidation/ToHeapDataConverterTest.java","1","0","0","3","62","94","0"
"neo4j","24551acf5eba050158684a993470adaeb5bdd960","enterprise/server-enterprise/src/test/java/org/neo4j/server/enterprise/EnterpriseBootstrapperTest.java","1","0","0","3","63","100","1"
"neo4j","ea0c055d8764baf8f17fd75d397b05ff957064f6","enterprise/server-enterprise/src/test/java/org/neo4j/server/enterprise/EnterpriseBootstrapperTest.java","1","0","0","3","63","100","1"
"neo4j","b863b894e728c6ceccb66da8e0dcdaa53d7039c3","enterprise/server-enterprise/src/test/java/org/neo4j/server/enterprise/EnterpriseBootstrapperTest.java","1","0","0","3","63","100","0"
"elasticsearch","51c74ce5476ed4d8b0f2ed3469fee955ff1e5fd1","modules/lang-mustache/src/test/java/org/elasticsearch/script/mustache/MultiSearchTemplateRequestTests.java","1","0","0","3","64","94","1"
"elasticsearch","86a9365c5318b0062492e865f668adfd23177113","core/src/main/java/org/elasticsearch/search/aggregations/pipeline/bucketmetrics/stats/extended/ExtendedStatsBucketPipelineAggregator.java","1","0","0","3","64","99","1"
"neo4j","07530adc6e64325f30ad4ef2b4efa48905cff328","integrationtests/src/test/java/org/neo4j/bolt/DeleteUserStressIT.java","1","0","0","3","65","154","0"
"hazelcast","2c26ef88104083f567fccd2bb3556ea0305c0fee","hazelcast/src/test/java/com/hazelcast/internal/nearcache/impl/invalidation/MetaDataGeneratorTest.java","1","0","0","3","65","98","0"
"neo4j","68aaaadcde195ca43c9aa6373de935aace3d87e8","community/kernel/src/test/java/org/neo4j/unsafe/batchinsert/BatchInsertersTest.java","1","0","0","3","67","100","0"
"hazelcast","b04a2bf45dc85bc1d0513f3ac65ea899616c9c39","hazelcast/src/test/java/com/hazelcast/map/impl/nearcache/invalidation/MapMetaDataGeneratorTest.java","1","0","0","3","67","100","0"
"hazelcast","f5b5e658ea42c43530cc3fd5e132e2fe503ab8b4","hazelcast/src/main/java/com/hazelcast/client/impl/protocol/task/mapreduce/MapReduceForCustomMessageTask.java","1","0","0","3","67","100","0"
"hazelcast","d9d20943b88faf6aa25ddbdc19feab4571611431","hazelcast/src/main/java/com/hazelcast/client/impl/protocol/task/mapreduce/MapReduceForCustomMessageTask.java","1","0","0","3","67","100","1"
"hazelcast","12ab006d948a2cf6a8d147be1e667ab1f93d55cd","hazelcast/src/main/java/com/hazelcast/client/impl/protocol/task/mapreduce/MapReduceForMultiMapMessageTask.java","1","0","0","3","68","101","1"
"hazelcast","a18866ddd1ed8b68e6dbb47aa877e602b9ac0825","hazelcast/src/main/java/com/hazelcast/client/impl/protocol/task/mapreduce/MapReduceForMultiMapMessageTask.java","1","0","0","3","68","101","2"
"hazelcast","a20b98f1443a5260efcb6b099d78c866ee40e5ae","hazelcast/src/main/java/com/hazelcast/client/impl/protocol/task/mapreduce/MapReduceForMultiMapMessageTask.java","1","0","0","3","68","101","2"
"hazelcast","d9d20943b88faf6aa25ddbdc19feab4571611431","hazelcast/src/main/java/com/hazelcast/client/impl/protocol/task/mapreduce/MapReduceForMapMessageTask.java","1","0","0","3","68","101","1"
"hazelcast","d9d20943b88faf6aa25ddbdc19feab4571611431","hazelcast/src/main/java/com/hazelcast/client/impl/protocol/task/mapreduce/MapReduceForSetMessageTask.java","1","0","0","3","68","101","1"
"hazelcast","d9d20943b88faf6aa25ddbdc19feab4571611431","hazelcast/src/main/java/com/hazelcast/client/impl/protocol/task/mapreduce/MapReduceForMultiMapMessageTask.java","1","0","0","3","68","101","1"
"hazelcast","d9d20943b88faf6aa25ddbdc19feab4571611431","hazelcast/src/main/java/com/hazelcast/client/impl/protocol/task/mapreduce/MapReduceForListMessageTask.java","1","0","0","3","68","101","1"
"hazelcast","f28dd07b144444e0f633d0b7db5144497ab9e9db","hazelcast/src/main/java/com/hazelcast/client/impl/protocol/task/mapreduce/MapReduceForMultiMapMessageTask.java","1","0","0","3","68","101","0"
"hazelcast","f5b5e658ea42c43530cc3fd5e132e2fe503ab8b4","hazelcast/src/main/java/com/hazelcast/client/impl/protocol/task/mapreduce/MapReduceForSetMessageTask.java","1","0","0","3","68","101","0"
"hazelcast","f5b5e658ea42c43530cc3fd5e132e2fe503ab8b4","hazelcast/src/main/java/com/hazelcast/client/impl/protocol/task/mapreduce/MapReduceForMapMessageTask.java","1","0","0","3","68","101","0"
"hazelcast","f5b5e658ea42c43530cc3fd5e132e2fe503ab8b4","hazelcast/src/main/java/com/hazelcast/client/impl/protocol/task/mapreduce/MapReduceForMultiMapMessageTask.java","1","0","0","3","68","101","0"
"hazelcast","f5b5e658ea42c43530cc3fd5e132e2fe503ab8b4","hazelcast/src/main/java/com/hazelcast/client/impl/protocol/task/mapreduce/MapReduceForListMessageTask.java","1","0","0","3","68","101","0"
"hazelcast","9b3abb7d613ec5721929b036c072fbd122e1db47","hazelcast/src/test/java/com/hazelcast/cluster/SplitMergeTest.java","1","0","0","3","68","112","0"
"elasticsearch","b40c1deebe410eb5279579030493e5c63c02075d","core/src/test/java/org/elasticsearch/action/admin/indices/template/put/MetaDataIndexTemplateServiceTests.java","1","0","0","3","69","103","1"
"neo4j","0a8e56128401353b0c8b50cf4a27827c8b4a4f35","community/neo4j/src/test/java/org/neo4j/index/IndexFreshDataReadIT.java","1","0","0","3","69","105","0"
"neo4j","7f19e7e73b0bd54a987054e0abad738668231f32","community/server/src/test/java/org/neo4j/server/rest/domain/RelationshipExpanderBuilderTest.java","1","0","0","3","69","108","0"
"neo4j","24551acf5eba050158684a993470adaeb5bdd960","community/server/src/test/java/org/neo4j/server/BlockingBootstrapperTest.java","1","0","0","3","69","110","1"
"neo4j","ea0c055d8764baf8f17fd75d397b05ff957064f6","community/server/src/test/java/org/neo4j/server/BlockingBootstrapperTest.java","1","0","0","3","69","110","1"
"neo4j","b863b894e728c6ceccb66da8e0dcdaa53d7039c3","community/server/src/test/java/org/neo4j/server/BlockingBootstrapperTest.java","1","0","0","3","69","110","0"
"hazelcast","b583f88f8f80ac2de344ace2aa3423f128cd037a","hazelcast/src/main/java/com/hazelcast/spi/TransactionalService.java","1","0","0","3","7","28","0"
"BroadleafCommerce","cc27ca5eb562d4bd0791a8ddff07461cc7725ed1","core/broadleaf-profile/src/main/java/org/broadleafcommerce/profile/core/dao/IdGenerationDao.java","1","0","0","3","7","30","0"
"elasticsearch","0a69f1e283e26e5d9e6a000b68b9f4778de557a1","core/src/test/java/org/elasticsearch/cluster/settings/SettingsValidatorTests.java","1","0","0","3","70","107","2"
"neo4j","a2206e2451ffe226128a69a43f7f1f59409a0217","enterprise/ha/src/test/java/org/neo4j/ha/correctness/TestProver.java","1","0","0","3","70","112","0"
"hazelcast","2d63cfceff92bc363fc09a3a01582d4667ccd44e","hazelcast/src/test/java/com/hazelcast/map/impl/RecordStoreTest.java","1","0","0","3","70","96","1"
"elasticsearch","f7ef600644a9d0a112eb761b7041d0df28d18d86","core/src/main/java/org/elasticsearch/search/aggregations/pipeline/bucketmetrics/stats/extended/ExtendedStatsBucketPipelineAggregator.java","1","0","0","3","73","109","0"
"neo4j","0fcc6fb50a2a1d279ddd576045c1cefe05be7cb2","community/server/src/test/java/org/neo4j/server/BlockingBootstrapperTest.java","1","0","0","3","73","115","0"
"orientdb","8f9869e9aa008fe88b0e42acd1b9033a777768bd","core/src/test/java/com/orientechnologies/orient/core/db/tool/TestSchemaImportExport.java","1","0","0","3","73","83","0"
"hazelcast","4a488992e08798ae42140d1bfbe29ade0b957d40","hazelcast/src/test/java/com/hazelcast/map/impl/RecordStoreTest.java","1","0","0","3","74","103","1"
"hazelcast","287ce2a807b5697e12a97529d63fa3387e06aace","hazelcast/src/test/java/com/hazelcast/map/impl/RecordStoreTest.java","1","0","0","3","74","104","0"
"netty","4b1df148a6caf13d7a696f68452bb9243f83dcb9","codec-http/src/test/java/io/netty/handler/codec/http/HttpContentEncoderTest.java","1","0","0","3","74","106","0"
"orientdb","e393a29bdd6a0dda409dcbfa2ec17c0ba40ed008","core/src/test/java/com/orientechnologies/orient/core/sql/fetch/DepthFetchPlanTest.java","1","0","0","3","74","87","0"
"elasticsearch","473be0137398f18d40660622fcfaf77756dd93eb","core/src/test/java/org/elasticsearch/index/mapper/externalvalues/ExternalValuesMapperIntegrationIT.java","1","0","0","3","76","115","1"
"netty","559f1b110aeb0d586308d9ad8fb01f78170dd6e2","transport-native-epoll/src/test/java/io/netty/channel/epoll/EpollSocketChannelTest.java","1","0","0","3","77","102","1"
"elasticsearch","5d5c6591aac41fe32b7e26d66756f466d4746d10","core/src/test/java/org/elasticsearch/index/mapper/externalvalues/ExternalValuesMapperIntegrationIT.java","1","0","0","3","77","116","1"
"elasticsearch","5f7b86306726c73d49176a75c59bf729a9b7e603","core/src/test/java/org/elasticsearch/index/mapper/externalvalues/ExternalValuesMapperIntegrationIT.java","1","0","0","3","77","116","2"
"elasticsearch","747390562056b381bf9e38694bbf9e207a1aa038","core/src/test/java/org/elasticsearch/index/mapper/externalvalues/ExternalValuesMapperIntegrationIT.java","1","0","0","3","77","116","2"
"elasticsearch","c40099d4efbf14e5bee8b4207fca7ae39d2d2d25","core/src/test/java/org/elasticsearch/index/mapper/externalvalues/ExternalValuesMapperIntegrationIT.java","1","0","0","3","77","116","0"
"elasticsearch","109e2944f2e0cfea948ee77aabb7a022e0146ada","src/test/java/org/elasticsearch/test/unit/cluster/settings/ClusterSettingsTests.java","1","0","0","3","78","122","0"
"neo4j","79f734ee16280d98683cdaf45328c1ad3f14b74a","community/neo4j/src/test/java/org/neo4j/index/LabelScanStoreLoggingTest.java","1","0","0","3","79","110","0"
"ceylon-ide-eclipse","86f26fa537e183c4a48c2adbef4b49cf726e931d","plugins/com.redhat.ceylon.eclipse.ui/src/com/redhat/ceylon/eclipse/core/model/IJavaModelAware.java","1","0","0","3","8","13","1"
"hazelcast","b0d2be02333028272031f78c6d7d92c640347cd5","hazelcast/src/test/java/com/hazelcast/nio/tcp/EventLoopGroupFactory.java","1","0","0","3","8","27","0"
"neo4j","a93c570faa774c1a40b635b6a3e6d8ccb61a99e8","community/kernel/src/main/java/org/neo4j/kernel/impl/spi/KernelContext.java","1","0","0","3","8","32","1"
"hazelcast","e2eb9f5b67de0a3ebc3a8f8378dfa6fe81f0b662","hazelcast-client/src/test/java/com/hazelcast/client/test/HazelcastFactoryTest.java","1","0","0","3","80","118","1"
"hazelcast","01a46cc0af2149a3d0686ce9adea2681e811a2e9","hazelcast/src/main/java/com/hazelcast/map/impl/MapDataSerializerHook.java","1","0","0","3","810","837","1"
"hazelcast","01b6e6a3e579a49dab06d79ccd6475c76d0c96c5","hazelcast/src/main/java/com/hazelcast/map/impl/MapDataSerializerHook.java","1","0","0","3","816","843","0"
"hazelcast","1f81005bec396d914272c79388276106c0daf50a","hazelcast/src/test/java/com/hazelcast/spi/impl/waitnotifyservice/impl/WaitNotifyServiceImpl_populateTest.java","1","0","0","3","82","104","0"
"hazelcast","848fd914e8ef0483f59301258eb88b8f9a51d2de","hazelcast/src/test/java/com/hazelcast/map/impl/nearcache/invalidation/MemberMapMetaDataFetcherTest.java","1","0","0","3","82","115","1"
"elasticsearch","6c34452409d2cc468daced1811db60cd81c6fe95","core/src/test/java/org/elasticsearch/index/query/ParentIdQueryBuilderTests.java","1","0","0","3","82","116","0"
"hazelcast","d070f1256c8c7fa823e6463487462826384ee1df","hazelcast/src/main/java/com/hazelcast/map/impl/MapDataSerializerHook.java","1","0","0","3","837","864","0"
"elasticsearch","e3d5cb903bac739b47e8d726369313af36eb6824","src/test/java/org/elasticsearch/common/logging/jdk/JDKESLoggerTests.java","1","0","0","3","85","121","0"
"hazelcast","a7ec759936b5ee731affea3d124296616924c2d4","hazelcast-client/src/test/java/com/hazelcast/client/map/impl/nearcache/invalidation/ClientMapMetaDataFetcherTest.java","1","0","0","3","86","119","0"
"hazelcast","40d9a8c795e4eba307ffdc6f65e4fcce28983f54","hazelcast/src/test/java/com/hazelcast/spi/impl/operationparker/impl/OperationParkerImpl_populateTest.java","1","0","0","3","89","111","0"
"orientdb","a2eaf6636bb600c7e6d311b0bb7d112bbaafb4a0","etl/src/main/java/com/orientechnologies/orient/etl/loader/OETLLoaderException.java","1","0","0","3","9","31","0"
"neo4j","990fe648c6b49f319a515dd6b0757553c483ab11","enterprise/ha/src/main/java/org/neo4j/kernel/ha/com/master/SlaveFactory.java","1","0","0","3","9","32","0"
"elasticsearch","467a459f95d8709379bf3e7f415644b246a89dba","core/src/main/java/org/elasticsearch/search/aggregations/bucket/significant/heuristics/SignificanceHeuristicParser.java","1","0","0","3","9","35","1"
"elasticsearch","3e32dd985aabfa5ee653b26bcb6ff97c74a426a2","src/test/java/org/elasticsearch/recovery/RecoveriesCollectionTests.java","1","0","0","3","90","124","0"
"neo4j","994db753bce91090d802d093a70bd1fa6a941471","community/lucene-index/src/test/java/org/neo4j/index/LegacyIndexTest.java","1","0","0","3","90","130","0"
"elasticsearch","99714ee1bd991fed204620c32e9f59a323018d2f","src/test/java/org/elasticsearch/recovery/RecoveriesCollectionTests.java","1","0","0","3","91","125","2"
"elasticsearch","b039360d2ea974b9827df90ee7d425ca15c638d6","core/src/test/java/org/elasticsearch/index/query/ParentIdQueryBuilderTests.java","1","0","0","3","91","128","1"
"hazelcast","7001ec8c5b1305c796de75c2e3f170c562db8c03","hazelcast/src/main/java/com/hazelcast/map/impl/MapDataSerializerHook.java","1","0","0","3","914","941","0"
"hazelcast","12830cf4db72fc7d71edd8a20ee15fba533ab6a8","hazelcast/src/main/java/com/hazelcast/map/impl/MapDataSerializerHook.java","1","0","0","3","915","942","0"
"neo4j","8436dd70584c45c9036e3febb4b1fe42bac81ddb","enterprise/security/src/test/java/org/neo4j/server/security/enterprise/log/SecurityLogTest.java","1","0","0","3","92","132","0"
"hazelcast","078c7e99b3b3d740e6e20c23fcdb0956b3b43c23","hazelcast/src/main/java/com/hazelcast/map/impl/MapDataSerializerHook.java","1","0","0","3","927","954","1"
"hazelcast","e54048e848d6e340c6e1c8fcdc963d892d8c0120","hazelcast/src/main/java/com/hazelcast/map/impl/MapDataSerializerHook.java","1","0","0","3","929","956","0"
"hazelcast","b2536dfefb390684ac4380e7d70bfef75f600f26","hazelcast/src/main/java/com/hazelcast/map/impl/MapDataSerializerHook.java","1","0","0","3","936","963","1"
"hazelcast","848fd914e8ef0483f59301258eb88b8f9a51d2de","hazelcast-client/src/test/java/com/hazelcast/client/cache/impl/nearcache/invalidation/ClientCacheMetaDataFetcherTest.java","1","0","0","3","95","128","1"
"hazelcast","adb9c3af7f236cda63c8eed889f117bc5499f84e","hazelcast/src/main/java/com/hazelcast/map/impl/MapDataSerializerHook.java","1","0","0","3","962","989","1"
"hazelcast","0e104a9f57ef6df4b44520699baf61a093a95a16","hazelcast/src/main/java/com/hazelcast/map/impl/MapDataSerializerHook.java","1","0","0","3","969","996","0"
"hazelcast","a7ec759936b5ee731affea3d124296616924c2d4","hazelcast-client/src/test/java/com/hazelcast/client/cache/impl/nearcache/invalidation/ClientCacheMetaDataFetcherTest.java","1","0","0","3","97","131","0"
"hazelcast","2de8ac0961c648eaa187375fb9abd0fc3e429f1b","hazelcast-client/src/test/java/com/hazelcast/client/cache/nearcache/ClientNearCacheTest.java","1","0","0","32","135","185","1"
"hazelcast","2ce1114c88263a61c0d7b9c40ecced2873c836fa","hazelcast/src/test/java/com/hazelcast/internal/cluster/impl/ClusterStateManagerTest.java","1","0","0","32","245","316","1"
"hazelcast","70d4de16ff0ac4518d09aad8c9f2ad9e782fb337","hazelcast/src/test/java/com/hazelcast/internal/cluster/impl/ClusterStateManagerTest.java","1","0","0","32","245","316","1"
"hazelcast","c8518584dd572eed18552720fc656a387c922389","hazelcast/src/test/java/com/hazelcast/cluster/impl/ClusterStateManagerTest.java","1","0","0","32","245","316","1"
"hazelcast","2787d1290f74c14e6e2f771f38fd30dba54f966c","hazelcast/src/test/java/com/hazelcast/cluster/impl/ClusterStateManagerTest.java","1","0","0","32","245","316","0"
"hazelcast","4d8aae6dd931c55b38df88e7e066c3f862b36bac","hazelcast/src/test/java/com/hazelcast/cluster/impl/ClusterStateManagerTest.java","1","0","0","32","247","319","0"
"hazelcast","7812e4cfb5307427c8041eaaed72fb543f28dd47","hazelcast/src/test/java/com/hazelcast/internal/cluster/impl/ClusterStateManagerTest.java","1","0","0","32","260","333","0"
"hazelcast","e1b69c53ca4923affcd7722f012a80e32517e988","hazelcast/src/test/java/com/hazelcast/internal/cluster/impl/ClusterStateManagerTest.java","1","0","0","32","260","333","0"
"hazelcast","5758dedd1bcd1583eb238e314a12eee83980b607","hazelcast/src/test/java/com/hazelcast/internal/cluster/impl/ClusterStateManagerTest.java","1","0","0","32","260","333","1"
"BroadleafCommerce","024e2cd7532a2662f5a6bf6f21876f03bcbccb0a","core/broadleaf-framework/src/main/java/org/broadleafcommerce/core/payment/domain/PaymentInfo.java","1","0","0","32","44","95","2"
"BroadleafCommerce","31d47cb2fa8e903eb75078e6da36b7c2d2ec9a12","core/broadleaf-framework/src/main/java/org/broadleafcommerce/core/payment/domain/PaymentInfo.java","1","0","0","32","44","95","1"
"BroadleafCommerce","8f5ba210f06aebdc1db085d9094cdf5e4ab0a156","core/broadleaf-framework/src/main/java/org/broadleafcommerce/core/payment/domain/PaymentInfo.java","1","0","0","32","44","95","0"
"hazelcast","a75681a47e3cef94f15f599c0cdbf4f0312b53c9","hazelcast/src/test/java/com/hazelcast/query/impl/getters/GetterFactoryTest.java","1","0","0","33","268","359","2"
"antlr4","29c2712ae1eee9575324db48c2f72c7cb0d28308","tool/test/org/antlr/v4/test/rt/java/TestParserExec.java","1","0","0","33","400","443","0"
"neo4j","6452b111869dff085031fc7da5e5f984657ed110","community/procedure-compiler/processor/src/test/java/org/neo4j/tooling/procedure/procedures/valid/Procedures.java","1","0","0","34","162","218","1"
"junit","88f63daafb9eec076c09f532c9f0bd823a150be0","src/test/java/org/junit/rules/VerifierRuleTest.java","1","0","0","34","213","251","0"
"elasticsearch","ef192ff2cffbf8dee6b3d2c3a12122ea75561800","core/src/main/java/org/elasticsearch/common/xcontent/XContentGenerator.java","1","0","0","34","41","98","1"
"netty","e6ca9882a107c34cf6358c8d7a68561025f06016","codec/src/main/java/io/netty/handler/codec/EmptyBinaryHeaders.java","1","0","0","35","176","229","1"
"junit","982a75011a074ab25f2c96a1c2639c5b1ebb3b18","src/test/java/org/junit/tests/running/classes/ParameterizedTestTest.java","1","0","0","35","178","217","1"
"elasticsearch","70e3cce904e106e94e4b258b8f88eb191ea0c0d9","modules/lang-painless/src/test/java/org/elasticsearch/painless/FunctionRefTests.java","1","0","0","35","179","248","2"
"netty","e6ca9882a107c34cf6358c8d7a68561025f06016","codec/src/main/java/io/netty/handler/codec/EmptyTextHeaders.java","1","0","0","36","179","232","1"
"netty","e6ca9882a107c34cf6358c8d7a68561025f06016","codec-stomp/src/main/java/io/netty/handler/codec/stomp/DefaultStompHeaders.java","1","0","0","36","179","234","1"
"junit","2d13004b3fbba2fe6ed919bbc98f2e3f69bb4809","src/test/java/org/junit/tests/experimental/rules/ExpectedExceptionRuleTest.java","1","0","0","36","191","233","1"
"orientdb","731545a32e96d61ede50300ab6b8dd1166de7431","core/src/main/java/com/orientechnologies/orient/core/storage/cache/OWriteCache.java","1","0","0","36","43","101","0"
"elasticsearch","b0c9759441fbadc18047f3563d05248312bd35ae","modules/lang-painless/src/test/java/org/elasticsearch/painless/FunctionRefTests.java","1","0","0","37","198","276","0"
"elasticsearch","026bf2e3ee1ee5c188e57839d9e902962158138b","modules/lang-painless/src/test/java/org/elasticsearch/painless/FunctionRefTests.java","1","0","0","37","235","313","1"
"orientdb","49646436cee4497bc6b13ed638598cac2c4ae6e6","core/src/main/java/com/orientechnologies/orient/core/storage/cache/OWriteCache.java","1","0","0","37","44","103","0"
"hazelcast","ffe9301db5174bd688cf5f986f7078484fa6cef7","hazelcast/src/main/java/com/hazelcast/map/RecordStore.java","1","0","0","37","46","102","0"
"elasticsearch","e88d54bf0aa467d718688eafc5252c1f2021347d","modules/lang-painless/src/test/java/org/elasticsearch/painless/FunctionRefTests.java","1","0","0","38","203","282","0"
"hazelcast","628a219cc0428ad068cb76a43b781c7773d85db9","hazelcast/src/main/java/com/hazelcast/map/RecordStore.java","1","0","0","38","48","105","0"
"hazelcast","a1eb32e4a02240540cbb54539fc5e039954b3fd3","hazelcast/src/main/java/com/hazelcast/nio/IOService.java","1","0","0","38","51","109","3"
"hazelcast","53ac704622b1288dce7f6ad9594178b7b0108e33","hazelcast/src/main/java/com/hazelcast/internal/adapter/ICacheDataStructureAdapter.java","1","0","0","39","180","239","1"
"junit","45eaab756edc8913b1c74e87ef3b519da6afa5fc","src/test/java/org/junit/tests/running/classes/ParameterizedTestTest.java","1","0","0","39","192","234","0"
"hazelcast","fc43a19f4b68728a9ad6755910f478ac67c41cc3","hazelcast/src/test/java/com/hazelcast/config/MapConfigTest.java","1","0","0","39","224","293","0"
"hazelcast","53ac704622b1288dce7f6ad9594178b7b0108e33","hazelcast/src/test/java/com/hazelcast/internal/adapter/TransactionalMapDataStructureAdapterTest.java","1","0","0","39","224","303","1"
"hazelcast","53ac704622b1288dce7f6ad9594178b7b0108e33","hazelcast/src/main/java/com/hazelcast/internal/adapter/TransactionalMapDataStructureAdapter.java","1","0","0","39","241","303","1"
"antlr4","29c2712ae1eee9575324db48c2f72c7cb0d28308","tool/test/org/antlr/v4/test/rt/java/TestLexerExec.java","1","0","0","39","4604","4648","0"
"hazelcast","6fa8fa0639e5b44d288480f8991b18a2b31c1c8f","hazelcast/src/main/java/com/hazelcast/map/RecordStore.java","1","0","0","39","48","106","1"
"hazelcast","5e5c8a40c0d029c5f0cc49a61b3f21d87f671dc3","hazelcast/src/main/java/com/hazelcast/nio/IOService.java","1","0","0","39","52","111","0"
"hazelcast","490031a220076fe6cf002b209e986e2edbad57b9","hazelcast/src/main/java/com/hazelcast/nio/IOService.java","1","0","0","39","53","112","1"
"hazelcast","4ca2889e9b466af9d0cb2f754b689c282072f790","hazelcast/src/main/java/com/hazelcast/nio/IOService.java","1","0","0","39","53","112","2"
"hazelcast","42e5849f7ebce11fa76d0780610fba85b1818987","hazelcast/src/main/java/com/hazelcast/nio/IOService.java","1","0","0","39","53","112","0"
"ceylon-ide-eclipse","c5c15a0b33245f13d9fc7d44db226c0458005f73","plugins/com.redhat.ceylon.eclipse.ui/src/com/redhat/ceylon/eclipse/core/model/IJavaModelAware.java","1","0","0","4","10","14","0"
"junit","2de4d6f2bcf699b94614f9208f620f4c56bc9876","src/test/java/junit/tests/framework/ThreeTestCases.java","1","0","0","4","10","15","0"
"neo4j","7133cda9323ffdaf396536337cfebbdafab1cf1b","community/kernel/src/main/java/org/neo4j/kernel/impl/coreapi/InternalTransaction.java","1","0","0","4","10","32","1"
"neo4j","868b4d731485023d2f7477e1133dcd5b263c851d","community/kernel/src/main/java/org/neo4j/kernel/impl/spi/KernelContext.java","1","0","0","4","10","35","0"
"elasticsearch","3136ed1490e41b4c82b8ee05ff2d224e113ef1b8","core/src/main/java/org/elasticsearch/common/compress/Compressor.java","1","0","0","4","10","36","1"
"elasticsearch","62b821ccf4e2bf221382df85e2785016f74012bc","core/src/test/java/org/elasticsearch/index/mapper/CompletionFieldMapper2xTests.java","1","0","0","4","100","138","1"
"elasticsearch","c92b550df2bf170c3ebea4990a941e2386b0e29c","core/src/test/java/org/elasticsearch/indices/DateMathIndexExpressionsIntegrationIT.java","1","0","0","4","101","146","2"
"hazelcast","dcdf838c95407da279237d92588a7a4f691c6fce","hazelcast-spring/src/test/java/com/hazelcast/spring/TestClientApplicationContext.java","1","0","0","4","102","146","1"
"orientdb","d32e56c226987897e3d464c862290d1e8360c977","core/src/test/java/com/orientechnologies/orient/core/storage/impl/local/paginated/ClusterDebugInfoTest.java","1","0","0","4","103","124","0"
"elasticsearch","37e20c6f340fcfa745e3605cc1ed0b89070c8f45","core/src/test/java/org/elasticsearch/recovery/RecoveriesCollectionTests.java","1","0","0","4","105","140","3"
"hazelcast","84e0a9b9d444f633dbd2bced60d95bc478086fea","hazelcast/src/test/java/com/hazelcast/partition/impl/PartitionListenerTest.java","1","0","0","4","105","150","0"
"hazelcast","0deba7ff1ee19a1c74054acfb9b821c81a2aa7e4","hazelcast/src/test/java/com/hazelcast/internal/diagnostics/MultiLineDiagnosticsLogWriterTest.java","1","0","0","4","108","128","1"
"hazelcast","08aa22d4cbd64e4769b7c539b8275096fd74888c","hazelcast/src/test/java/com/hazelcast/spi/impl/operationservice/impl/OperationFailureTest.java","1","0","0","4","110","156","1"
"hazelcast","8fa8695ee7d89fb65b6349f7bea75d17f15713a7","hazelcast/src/test/java/com/hazelcast/spi/impl/operationservice/impl/OperationFailureTest.java","1","0","0","4","111","157","0"
"elasticsearch","7ef4076160fe61c3d9aba212f412eca540886489","core/src/test/java/org/elasticsearch/indices/DateMathIndexExpressionsIntegrationIT.java","1","0","0","4","112","158","0"
"hazelcast","bdca7fb96516b5d45d3528e94c156da044c0875b","hazelcast/src/test/java/com/hazelcast/internal/diagnostics/MultiLineDiagnosticsLogWriterTest.java","1","0","0","4","114","135","1"
"hazelcast","faf444fa73602fe57c70e8acc074685b01a4cdcb","hazelcast/src/test/java/com/hazelcast/internal/diagnostics/MultiLineDiagnosticsLogWriterTest.java","1","0","0","4","114","135","1"
"hazelcast","4a91f4eef271a8a8387d2e72b4d9b7fe1ce63c72","hazelcast/src/test/java/com/hazelcast/internal/diagnostics/MultiLineDiagnosticsLogWriterTest.java","1","0","0","4","114","135","0"
"neo4j","ebaf8617fdfdd21fdac69e479d938a8966fb5156","enterprise/security/src/test/java/org/neo4j/server/security/enterprise/auth/InternalFlatFileRealmTest.java","1","0","0","4","114","165","1"
"elasticsearch","00de8e07fc3df9c763bbc0b6890217dc5b6bee3e","core/src/test/java/org/elasticsearch/index/mapper/ExternalValuesMapperIntegrationIT.java","1","0","0","4","116","163","3"
"elasticsearch","17a2fffc9be50102fa5a9da72053c82df23b1a64","core/src/test/java/org/elasticsearch/index/mapper/ExternalValuesMapperIntegrationIT.java","1","0","0","4","116","163","2"
"elasticsearch","6796464f167ce293192c43efd1cf28e4434fd5da","core/src/test/java/org/elasticsearch/index/mapper/ExternalValuesMapperIntegrationIT.java","1","0","0","4","116","163","4"
"elasticsearch","6baded8e7fb920e920a288bf53764a1da3d617da","core/src/test/java/org/elasticsearch/index/mapper/ExternalValuesMapperIntegrationIT.java","1","0","0","4","116","163","3"
"elasticsearch","d06a8903fdccf5985bb1b9cbfcb92580d08a544c","core/src/test/java/org/elasticsearch/index/mapper/ExternalValuesMapperIntegrationIT.java","1","0","0","4","116","163","0"
"elasticsearch","901c25b7ff2ec66ac12e22c90eefd7ed8afc1e36","core/src/test/java/org/elasticsearch/index/mapper/externalvalues/ExternalValuesMapperIntegrationIT.java","1","0","0","4","118","165","0"
"hazelcast","ee487ab0afc82ccec0c923237e282daef9b91c39","hazelcast/src/main/java/com/hazelcast/query/impl/QueryException.java","1","0","0","4","12","32","0"
"orientdb","a2eaf6636bb600c7e6d311b0bb7d112bbaafb4a0","etl/src/main/java/com/orientechnologies/orient/etl/extractor/OETLExtractorException.java","1","0","0","4","12","35","0"
"neo4j","6b75a9235ea38e0c47caacd25cc919023c0c958b","community/lucene-index/src/test/java/org/neo4j/kernel/api/impl/schema/sampler/NonUniqueDatabaseIndexSamplerTest.java","1","0","0","4","123","168","0"
"hazelcast","db0fda1438546ac7bd661383ce9bd5fe06e78940","hazelcast/src/main/java/com/hazelcast/query/impl/QueryException.java","1","0","0","4","13","34","0"
"elasticsearch","459d59a04ad4eb1671bac50a6faf3a7ad372d0e4","src/main/java/org/elasticsearch/search/suggest/Suggester.java","1","0","0","4","13","37","1"
"neo4j","0da6dae6f2ecbbab9a278f3757ef793cbe8d921f","community/kernel/src/test/java/org/neo4j/kernel/impl/api/KernelTransactionsTest.java","1","0","0","4","142","203","2"
"neo4j","d94daacb45225945a8ab3285f791f8ef58f943b0","community/kernel/src/test/java/org/neo4j/kernel/impl/api/KernelTransactionsTest.java","1","0","0","4","143","204","1"
"hazelcast","5f67a2f5aec6273dafe74c18689c8d1e8a2ed422","hazelcast-spring/src/test/java/com/hazelcast/spring/TestClientApplicationContext.java","1","0","0","4","156","216","0"
"hazelcast","5c0d5a22d2259539d62d8a928f41424eece216cb","hazelcast-spring/src/test/java/com/hazelcast/spring/TestClientApplicationContext.java","1","0","0","4","158","219","0"
"hazelcast","9ba3b4b495b132c47d12a0fdc6db6ca7eae502db","hazelcast-spring/src/test/java/com/hazelcast/spring/TestClientApplicationContext.java","1","0","0","4","159","220","2"
"orientdb","27545d6bac96e9ee001fe05121b9ece6c8da5c89","core/src/main/java/com/orientechnologies/orient/core/sql/parser/ODropSequenceStatement.java","1","0","0","4","16","25","0"
"hazelcast","8b2795d438634112ccaa13d8ff9ed60469d21482","hazelcast/src/test/java/com/hazelcast/cardinality/impl/hyperloglog/SparseHyperLogLogEncoderTest.java","1","0","0","4","16","38","0"
"hazelcast","5566f08f15e0f7312663ed1a845e21eea6fc1a5b","hazelcast/src/main/java/com/hazelcast/client/impl/protocol/template/TopicCodecTemplate.java","1","0","0","4","16","39","1"
"hazelcast","a7f07bfdce4479c7a792837c9eb15b3b2eb45392","hazelcast/src/main/java/com/hazelcast/client/impl/protocol/template/TopicCodecTemplate.java","1","0","0","4","16","39","2"
"hazelcast","b777381e2f8cfc3d8bcde3a87c5cc9993e31d4a2","hazelcast/src/main/java/com/hazelcast/client/impl/protocol/template/TopicCodecTemplate.java","1","0","0","4","16","39","1"
"hazelcast","b9d903ab23dbaad884e6add6488d6b6ab3de3bd2","hazelcast/src/main/java/com/hazelcast/spi/discovery/multicast/impl/MulticastMemberInfo.java","1","0","0","4","16","39","1"
"hazelcast","317fabec0c90b274c686ba018cc1b465fee244f2","hazelcast/src/main/java/com/hazelcast/client/impl/protocol/template/TopicCodecTemplate.java","1","0","0","4","16","39","0"
"BroadleafCommerce","082ec1011974dff9892bc33f90607bc7f2fa7aca","core/broadleaf-framework-web/src/main/java/org/broadleafcommerce/core/web/order/security/exception/OrderLockAcquisitionFailureException.java","1","0","0","4","16","42","0"
"ceylon-ide-eclipse","56e5fc87623ad40957346045ebcfbf8567b970a8","plugins/com.redhat.ceylon.eclipse.ui/src/com/redhat/ceylon/eclipse/core/model/SourceFile.java","1","0","0","4","17","24","1"
"antlr4","29c2712ae1eee9575324db48c2f72c7cb0d28308","tool/test/org/antlr/v4/test/rt/gen/ConcreteParserTestMethod.java","1","0","0","4","17","26","0"
"hazelcast","8b2795d438634112ccaa13d8ff9ed60469d21482","hazelcast/src/test/java/com/hazelcast/cardinality/impl/hyperloglog/DenseHyperLogLogEncoderTest.java","1","0","0","4","17","39","0"
"elasticsearch","4b94eb5cb8cc4294ed0e932a5f22c16bd90d4dd7","core/src/main/java/org/elasticsearch/action/admin/indices/get/GetIndexRequestBuilder.java","1","0","0","4","17","42","2"
"elasticsearch","860efb2ad28db09189c8423e05d0dba53010259c","core/src/main/java/org/elasticsearch/action/admin/indices/get/GetIndexRequestBuilder.java","1","0","0","4","17","42","2"
"elasticsearch","d3417fb02291f26964d77767020ef345d18c148f","core/src/main/java/org/elasticsearch/action/admin/indices/get/GetIndexRequestBuilder.java","1","0","0","4","17","42","0"
"elasticsearch","226644ea2c44da61a70e5f3410936549424479c4","core/src/test/java/org/elasticsearch/search/percolator/PercolatorQuerySearchIT.java","1","0","0","4","171","208","1"
"hazelcast","cf8a727722fe7eb03dfc30adea4d25d476570e69","hazelcast-spring/src/test/java/com/hazelcast/spring/TestClientApplicationContext.java","1","0","0","4","172","233","0"
"hazelcast","8bcd9cddcc137baa81fb4fd521dd0b27b103808f","hazelcast-spring/src/test/java/com/hazelcast/spring/TestClientApplicationContext.java","1","0","0","4","173","234","1"
"hazelcast","bb3ea0e107980d769862cdbda748cc91529d67b5","hazelcast/src/main/java/com/hazelcast/transaction/impl/xa/CollectRemoteTransactionsOperationFactory.java","1","0","0","4","18","41","0"
"hazelcast","5fdda793de15ab4be06a294e013afa671032f9f0","hazelcast/src/main/java/com/hazelcast/spi/discovery/multicast/impl/MulticastMemberInfo.java","1","0","0","4","18","42","0"
"oryx","518dc444be616e55a8aeb1bd047aaa411ae3281a","framework/oryx-lambda-serving/src/test/java/com/cloudera/oryx/lambda/serving/MockServingModelManager.java","1","0","0","4","18","43","0"
"neo4j","4b36fc43018ac57cf566691f7d85457fb1c225f0","enterprise/causal-clustering/src/main/java/org/neo4j/causalclustering/core/state/snapshot/TopologyLookupException.java","1","0","0","4","18","43","0"
"neo4j","674b32d2656e541587191d7b339d9a9570e826da","enterprise/causal-clustering/src/main/java/org/neo4j/causalclustering/core/state/snapshot/TopologyLookupException.java","1","0","0","4","18","43","1"
"elasticsearch","4b94eb5cb8cc4294ed0e932a5f22c16bd90d4dd7","core/src/main/java/org/elasticsearch/action/admin/indices/settings/get/GetSettingsAction.java","1","0","0","4","18","44","2"
"elasticsearch","860efb2ad28db09189c8423e05d0dba53010259c","core/src/main/java/org/elasticsearch/action/admin/indices/settings/get/GetSettingsAction.java","1","0","0","4","18","44","2"
"elasticsearch","d3417fb02291f26964d77767020ef345d18c148f","core/src/main/java/org/elasticsearch/action/admin/indices/settings/get/GetSettingsAction.java","1","0","0","4","18","44","0"
"elasticsearch","78574d248cf10dad1c5a566fda79e1e0c94afe43","core/src/main/java/org/elasticsearch/action/admin/cluster/storedscripts/GetStoredScriptRequestBuilder.java","1","0","0","4","18","45","1"
"elasticsearch","e6aaaf11ed4a1b8f595f920de1840938eddb7a97","core/src/main/java/org/elasticsearch/action/admin/cluster/storedscripts/GetStoredScriptRequestBuilder.java","1","0","0","4","18","45","1"
"elasticsearch","a60b8948ba1d836a6eac7cff095519e618939ed8","core/src/main/java/org/elasticsearch/action/admin/cluster/storedscripts/GetStoredScriptRequestBuilder.java","1","0","0","4","18","45","0"
"elasticsearch","e9d9ade10f9947dd35f9ccf095c3d36698f0de8c","src/main/java/org/elasticsearch/index/query/ParsedFilter.java","1","0","0","4","19","26","0"
"hazelcast","6ac727db661eb934e5608e28e8a3603e7300d710","hazelcast/src/test/java/com/hazelcast/map/impl/mapstore/writebehind/TemporaryBlockerMapStore.java","1","0","0","4","19","28","0"
"netty","505e767a09bc5d55cd0df35b8e0f8c59e9f7c507","transport/src/main/java/io/netty/channel/local/LocalEventLoopGroup.java","1","0","0","4","19","42","1"
"elasticsearch","14d37baa4bcbae00896d8aa69f6b52aab7ba5e14","test/framework/src/main/java/org/elasticsearch/test/engine/MockEngineFactory.java","1","0","0","4","19","44","1"
"elasticsearch","cc2743743c90a117a64bb0c10d1e16e6e1a7e864","core/src/main/java/org/elasticsearch/indices/InvalidAliasNameException.java","1","0","0","4","19","44","1"
"elasticsearch","baa2d51e599bdb901e472d15cc0251e6712c1d25","test/framework/src/main/java/org/elasticsearch/test/engine/MockEngineFactory.java","1","0","0","4","19","44","0"
"ceylon-ide-eclipse","6dc45ff3fafa8f0e59977c0291ddec7f97efaede","plugins/com.redhat.ceylon.eclipse.ui/src/com/redhat/ceylon/eclipse/core/model/JavaCompilationUnit.java","1","0","0","4","20","27","1"
"ceylon-ide-eclipse","6dc45ff3fafa8f0e59977c0291ddec7f97efaede","plugins/com.redhat.ceylon.eclipse.ui/src/com/redhat/ceylon/eclipse/core/model/JavaClassFile.java","1","0","0","4","20","28","1"
"hazelcast","5aa3d889f7a030f75575ff8b4d874fe75a6df845","hazelcast-spring/src/test/java/com/hazelcast/spring/transaction/OtherServiceBeanWithTransactionalContext.java","1","0","0","4","20","29","2"
"elasticsearch","25fd9e26c4fb042d6f6dea14efcd239577bdbbc4","client/client-benchmark-noop-api-plugin/src/main/java/org/elasticsearch/plugin/noop/action/search/NoopSearchAction.java","1","0","0","4","20","44","0"
"elasticsearch","56cc87b7ccd41040d8fafcaf2da3680d96d10839","client/client-benchmark-noop-api-plugin/src/main/java/org/elasticsearch/plugin/noop/action/search/NoopSearchAction.java","1","0","0","4","20","44","0"
"hazelcast","3e659e0566c5792551d4b8dff3f88d4d4c1d5565","hazelcast-cloud/src/main/java/com/hazelcast/aws/AWSClient.java","1","0","0","4","20","44","1"
"neo4j","40225cdc40a645d34112abf8df384a4e31371082","community/cypher/compatibility-spec-suite/src/test/java/cypher/CompatibilitySpecSuiteTestConstantsTest.java","1","0","0","4","20","45","1"
"elasticsearch","8e17d636ef441a9be80977d34acfaabc12982eb7","src/test/java/org/elasticsearch/cluster/routing/allocation/RoutingAllocationTests.java","1","0","0","4","20","45","1"
"neo4j","c3a5cbf00866abb108bf34ce2e0680026fdd2025","community/kernel/src/main/java/org/neo4j/kernel/internal/locker/StoreLockerLifecycleAdapter.java","1","0","0","4","20","45","0"
"elasticsearch","7ab0e2c5321c802068d85c0fa3a0f44e0b02c5a4","core/src/main/java/org/elasticsearch/index/query/QueryFilterParser.java","1","0","0","4","20","46","1"
"elasticsearch","06667c6aa898895acd624b8a71a6e00ff7ae32b8","src/main/java/org/elasticsearch/common/geo/builders/PolygonBuilder.java","1","0","0","4","20","47","0"
"elasticsearch","1af38cf3f3b50cef27044e5e173995c2403befb1","src/main/java/org/elasticsearch/index/query/ParsedFilter.java","1","0","0","4","21","30","0"
"hazelcast","e1b69c53ca4923affcd7722f012a80e32517e988","hazelcast/src/main/java/com/hazelcast/internal/cluster/impl/operations/AuthenticationFailureOp.java","1","0","0","4","21","43","0"
"hazelcast","e11600a8a909758ea6614352ca1848e71219b06f","hazelcast/src/main/java/com/hazelcast/instance/DefaultNodeContext.java","1","0","0","4","21","44","0"
"netty","421eabe666f5eb3c760c757e991e4f37213f7333","transport/src/main/java/io/netty/channel/local/LocalEventLoopGroup.java","1","0","0","4","21","44","0"
"hazelcast","91004ee4a40b4a4eebaef1fb02b3fc4756739d31","hazelcast/src/main/java/com/hazelcast/instance/DefaultNodeContext.java","1","0","0","4","21","44","1"
"hazelcast","525c34cddd7f4e08d674611e177bab103e4d1881","hazelcast/src/main/java/com/hazelcast/impl/base/SystemLog.java","1","0","0","4","22","45","1"
"hazelcast","a4035afdfc67b757940a15578bc51b4e7b6b0b13","hazelcast/src/main/java/com/hazelcast/client/impl/protocol/codec/DistributedObjectInfoCodec.java","1","0","0","4","22","46","0"
"neo4j","70e2351e3ccf15dc3675c778e2456cb8f6b1a34a","community/kernel/src/main/java/org/neo4j/kernel/api/exceptions/schema/SchemaRuleNotFoundException.java","1","0","0","4","22","48","1"
"elasticsearch","78574d248cf10dad1c5a566fda79e1e0c94afe43","core/src/main/java/org/elasticsearch/action/admin/cluster/storedscripts/DeleteStoredScriptResponse.java","1","0","0","4","22","49","1"
"elasticsearch","e6aaaf11ed4a1b8f595f920de1840938eddb7a97","core/src/main/java/org/elasticsearch/action/admin/cluster/storedscripts/DeleteStoredScriptResponse.java","1","0","0","4","22","49","1"
"elasticsearch","a60b8948ba1d836a6eac7cff095519e618939ed8","core/src/main/java/org/elasticsearch/action/admin/cluster/storedscripts/DeleteStoredScriptResponse.java","1","0","0","4","22","49","0"
"hazelcast","ed777f64e4d046bb45ae4ee062b463e33526e3ad","hazelcast/src/main/java/com/hazelcast/client/impl/protocol/parameters/TransactionRecoverAllParameters.java","1","0","0","4","23","36","1"
"hazelcast","82fcc4c7c87097d1719bb56112aec0fafdb6bc0e","hazelcast/src/main/java/com/hazelcast/impl/base/SystemLog.java","1","0","0","4","23","47","0"
"elasticsearch","5a64f08f048461a63a0ca1354a5050c954e63d52","test/framework/src/main/java/org/elasticsearch/test/InternalSettingsPlugin.java","1","0","0","4","23","47","0"
"hazelcast","56cacd0e17025a819dabd3e61bff248f41a5fb04","hazelcast/src/main/java/com/hazelcast/map/impl/operation/MapPartitionDestroyTask.java","1","0","0","4","23","47","1"
"hazelcast","e4f7959a373b0263506a00fa6941d0020407e6fd","hazelcast/src/main/java/com/hazelcast/client/impl/protocol/parameters/XACollectTransactionsParameters.java","1","0","0","4","23","48","1"
"hazelcast","e4f7959a373b0263506a00fa6941d0020407e6fd","hazelcast/src/main/java/com/hazelcast/client/impl/protocol/parameters/PingParameters.java","1","0","0","4","23","48","1"
"hazelcast","bb3ea0e107980d769862cdbda748cc91529d67b5","hazelcast/src/main/java/com/hazelcast/client/impl/protocol/parameters/XACollectTransactionsParameters.java","1","0","0","4","23","48","0"
"elasticsearch","901c25b7ff2ec66ac12e22c90eefd7ed8afc1e36","core/src/test/java/org/elasticsearch/index/mapper/externalvalues/ExternalMapperPlugin.java","1","0","0","4","23","50","0"
"elasticsearch","b493f0defef0a6dc07a71d428c7702be85a3182e","core/src/test/java/org/elasticsearch/index/mapper/externalvalues/ExternalMapperPlugin.java","1","0","0","4","23","50","0"
"elasticsearch","175bda64a026b1a5a33f7e505cf4e17ce9d05c0f","core/src/test/java/org/elasticsearch/threadpool/ThreadPoolTests.java","1","0","0","4","23","50","1"
"hazelcast","a1e5e1945485995c45c8cd9fcc0c1a63ae75ef6f","hazelcast/src/main/java/com/hazelcast/map/impl/operation/MapPartitionDestroyTask.java","1","0","0","4","24","47","0"
"hazelcast","9a271c902879c6d77ac6f5d779edb30265612d84","hazelcast/src/main/java/com/hazelcast/map/impl/operation/MapPartitionDestroyTask.java","1","0","0","4","24","48","0"
"hazelcast","a4035afdfc67b757940a15578bc51b4e7b6b0b13","hazelcast/src/main/java/com/hazelcast/client/impl/protocol/codec/JobPartitionStateCodec.java","1","0","0","4","24","48","0"
"hazelcast","0c31b1008411d0544ee553c67d844c43514ef60f","hazelcast/src/main/java/com/hazelcast/concurrent/atomicreference/operations/AlterAndGetOperation.java","1","0","0","4","24","48","1"
"neo4j","1c6e22fad95ec037f0b9c6fd7a9fadb18e8384d1","community/server/src/main/java/org/neo4j/server/rest/transactional/TransitionalPeriodTransactionMessContainer.java","1","0","0","4","24","53","0"
"hazelcast","317fabec0c90b274c686ba018cc1b465fee244f2","hazelcast-client-new/src/test/java/com/hazelcast/client/cache/jsr/CachingTest.java","1","0","0","4","25","49","0"
"neo4j","cad4bb9112a81f549b9a13dbfee451f4d17d8d23","community/kernel/src/test/java/org/neo4j/kernel/configuration/SettingsTest.java","1","0","0","4","25","53","0"
"oryx","4c9482b0876e9aec773c57558b0486f3b717c760","framework/oryx-lambda/src/test/java/com/cloudera/oryx/lambda/batch/ValueWritableConverterTest.java","1","0","0","4","26","49","0"
"hazelcast","a4035afdfc67b757940a15578bc51b4e7b6b0b13","hazelcast-client-new/src/test/java/com/hazelcast/client/cache/jsr/CachingTest.java","1","0","0","4","26","49","0"
"hazelcast","e1b69c53ca4923affcd7722f012a80e32517e988","hazelcast/src/test/java/com/hazelcast/internal/cluster/VersionsTest.java","1","0","0","4","26","49","0"
"hazelcast","b777381e2f8cfc3d8bcde3a87c5cc9993e31d4a2","hazelcast-client-new/src/test/java/com/hazelcast/client/cache/jsr/CachingTest.java","1","0","0","4","26","49","1"
"elasticsearch","d84c643f5880a88d2e5c38b487123161f3e01fe0","core/src/test/java/org/elasticsearch/index/mapper/core/LegacyLongFieldTypeTests.java","1","0","0","4","26","52","0"
"neo4j","97d277a38257d075eca3f31bb52ea93b40f58521","community/kernel/src/test/java/org/neo4j/kernel/configuration/SettingsTest.java","1","0","0","4","26","55","0"
"hazelcast","d568e4d926d925d57d4e79e34614390416749301","hazelcast/src/test/java/com/hazelcast/config/SemaphoreConfigTest.java","1","0","0","4","27","49","0"
"hazelcast","d38202141395360399c9cf97d4453adf5b1581e1","hazelcast/src/main/java/com/hazelcast/client/impl/protocol/parameters/XATransactionRollbackParameters.java","1","0","0","4","27","51","1"
"hazelcast","e4f7959a373b0263506a00fa6941d0020407e6fd","hazelcast/src/main/java/com/hazelcast/client/impl/protocol/parameters/RemovePartitionLostListenerParameters.java","1","0","0","4","27","51","1"
"hazelcast","e4f7959a373b0263506a00fa6941d0020407e6fd","hazelcast/src/main/java/com/hazelcast/client/impl/protocol/parameters/RemoveDistributedObjectListenerParameters.java","1","0","0","4","27","51","1"
"hazelcast","4c1b1b779a2a777ec65393b7af9a0dc4e31d82f5","hazelcast/src/main/java/com/hazelcast/client/impl/protocol/parameters/XATransactionRollbackParameters.java","1","0","0","4","27","51","0"
"hazelcast","4c1b1b779a2a777ec65393b7af9a0dc4e31d82f5","hazelcast/src/main/java/com/hazelcast/client/impl/protocol/parameters/XATransactionPrepareParameters.java","1","0","0","4","27","52","0"
"hazelcast","4c1b1b779a2a777ec65393b7af9a0dc4e31d82f5","hazelcast/src/main/java/com/hazelcast/client/impl/protocol/parameters/SerializableXIDCodec.java","1","0","0","4","27","52","0"
"hazelcast","bb3ea0e107980d769862cdbda748cc91529d67b5","hazelcast/src/main/java/com/hazelcast/client/impl/protocol/parameters/SerializableXIDCodec.java","1","0","0","4","27","52","0"
"hazelcast","d38202141395360399c9cf97d4453adf5b1581e1","hazelcast/src/main/java/com/hazelcast/client/impl/protocol/parameters/XATransactionPrepareParameters.java","1","0","0","4","27","52","1"
"hazelcast","e4f7959a373b0263506a00fa6941d0020407e6fd","hazelcast/src/main/java/com/hazelcast/client/impl/protocol/parameters/SerializableXIDCodec.java","1","0","0","4","27","52","1"
"elasticsearch","4b94eb5cb8cc4294ed0e932a5f22c16bd90d4dd7","core/src/main/java/org/elasticsearch/action/bulk/BulkAction.java","1","0","0","4","27","54","2"
"elasticsearch","860efb2ad28db09189c8423e05d0dba53010259c","core/src/main/java/org/elasticsearch/action/bulk/BulkAction.java","1","0","0","4","27","54","2"
"elasticsearch","d3417fb02291f26964d77767020ef345d18c148f","core/src/main/java/org/elasticsearch/action/bulk/BulkAction.java","1","0","0","4","27","54","0"
"orientdb","a02aa717dda74ce1fd4b6b86aa45ff12173a593c","core/src/test/java/com/orientechnologies/orient/core/sql/select/TestSelectDetectType.java","1","0","0","4","28","40","0"
"hazelcast","70d4de16ff0ac4518d09aad8c9f2ad9e782fb337","hazelcast/src/test/java/com/hazelcast/config/SemaphoreConfigTest.java","1","0","0","4","28","50","1"
"hazelcast","a4035afdfc67b757940a15578bc51b4e7b6b0b13","hazelcast/src/main/java/com/hazelcast/client/impl/protocol/codec/XIDCodec.java","1","0","0","4","28","54","0"
"elasticsearch","01f6851691f0e160185acdb2986f0486e9b4f6ec","core/src/main/java/org/elasticsearch/rest/action/admin/cluster/RestDeleteStoredScriptAction.java","1","0","0","4","28","56","0"
"ceylon-ide-eclipse","89519750f096617996b145fcd5934d0406bac2c0","plugins/com.redhat.ceylon.eclipse.ui/src/com/redhat/ceylon/eclipse/code/complete/ParameterInfo.java","1","0","0","4","29","32","0"
"oryx","08aa247a098e6225c8499b18f9ffb667856cd7c3","app/oryx-app-serving/src/test/java/com/cloudera/oryx/app/serving/als/MostActiveUsersTest.java","1","0","0","4","29","53","0"
"hazelcast","bb3ea0e107980d769862cdbda748cc91529d67b5","hazelcast/src/main/java/com/hazelcast/client/impl/protocol/parameters/XATransactionRollbackParameters.java","1","0","0","4","29","53","0"
"hazelcast","bb3ea0e107980d769862cdbda748cc91529d67b5","hazelcast/src/main/java/com/hazelcast/client/impl/protocol/parameters/XAClearRemoteTransactionParameters.java","1","0","0","4","29","53","0"
"hazelcast","e4f7959a373b0263506a00fa6941d0020407e6fd","hazelcast/src/main/java/com/hazelcast/client/impl/protocol/parameters/XATransactionRollbackParameters.java","1","0","0","4","29","53","1"
"hazelcast","e4f7959a373b0263506a00fa6941d0020407e6fd","hazelcast/src/main/java/com/hazelcast/client/impl/protocol/parameters/XAClearRemoteTransactionParameters.java","1","0","0","4","29","53","1"
"oryx","08aa247a098e6225c8499b18f9ffb667856cd7c3","app/oryx-app-serving/src/test/java/com/cloudera/oryx/app/serving/als/MostPopularItemsTest.java","1","0","0","4","29","54","0"
"elasticsearch","da70b5c8474110b88060d4c6926ea76dec823c95","src/main/java/org/elasticsearch/index/search/nested/NestedDocsFilter.java","1","0","0","4","29","59","2"
"hazelcast","5009d4a90be3c901942a0a89cf29a92c074231f1","hazelcast/src/main/java/com/hazelcast/collection/impl/txnqueue/operations/BaseTxnQueueOperation.java","1","0","0","4","30","56","0"
"neo4j","51a8b8b5fe4f5a532513a5b11dca330b630108d3","enterprise/core-edge/src/main/java/org/neo4j/coreedge/raft/log/RaftLogCursor.java","1","0","0","4","30","57","0"
"hazelcast","e4f7959a373b0263506a00fa6941d0020407e6fd","hazelcast/src/main/java/com/hazelcast/client/impl/protocol/parameters/DestroyProxyParameters.java","1","0","0","4","31","56","1"
"hazelcast","0261611ce1d6e95cd84910390d1c0c653fa0dfd2","hazelcast/src/test/java/com/hazelcast/query/impl/getters/NullMultiValueGetterTest.java","1","0","0","4","31","58","0"
"neo4j","c3a5cbf00866abb108bf34ce2e0680026fdd2025","community/cypher/cypher/src/test/java/org/neo4j/cypher/internal/javacompat/CypherLoggingTest.java","1","0","0","4","31","62","0"
"hazelcast","e4f7959a373b0263506a00fa6941d0020407e6fd","hazelcast/src/main/java/com/hazelcast/client/impl/protocol/parameters/TransactionRollbackParameters.java","1","0","0","4","32","60","1"
"elasticsearch","0a69f1e283e26e5d9e6a000b68b9f4778de557a1","test/framework/src/main/java/org/elasticsearch/test/IndexSettingsModule.java","1","0","0","4","32","60","2"
"hazelcast","99c4072079a42e89bb3611d3ebb8a9f4e4e4ebf0","hazelcast/src/main/java/com/hazelcast/map/operation/PartitionWideEntryWithPredicateBackupOperation.java","1","0","0","4","32","60","0"
"hazelcast","7344e8b8055e1169b00710f926e4c64a514c18be","hazelcast/src/main/java/com/hazelcast/client/impl/client/TargetClientRequest.java","1","0","0","4","33","60","1"
"elasticsearch","73307a2144fbdf63c551eeccdc7e93dc30e59a92","modules/lang-mustache/src/main/java/org/elasticsearch/script/mustache/RestPutSearchTemplateAction.java","1","0","0","4","33","61","1"
"hazelcast","6501055521baaaeb533ae19b37acef5ab9109a53","hazelcast-client-new/src/test/java/com/hazelcast/client/ClientAuthenticationTest.java","1","0","0","4","34","42","1"
"hazelcast","0deba7ff1ee19a1c74054acfb9b821c81a2aa7e4","hazelcast/src/test/java/com/hazelcast/internal/diagnostics/ConfigPropertiesPluginTest.java","1","0","0","4","34","43","1"
"hazelcast","965614f7e86eb3c7cd0bdb3c7408706aabf6c6dd","hazelcast-client-legacy/src/test/java/com/hazelcast/client/ClientAuthenticationTest.java","1","0","0","4","34","43","1"
"hazelcast","e70df64870e70ff5fd0c1825d4feca7392d0102c","hazelcast-client-legacy/src/test/java/com/hazelcast/client/ClientAuthenticationTest.java","1","0","0","4","34","43","1"
"hazelcast","4a91f4eef271a8a8387d2e72b4d9b7fe1ce63c72","hazelcast/src/test/java/com/hazelcast/internal/diagnostics/ConfigPropertiesPluginTest.java","1","0","0","4","34","43","0"
"orientdb","d3585efaa5485c48a4230a6af76baa2d6e210afa","jdbc/src/test/java/com/orientechnologies/orient/jdbc/OrientJdbcStatementTest.java","1","0","0","4","34","46","1"
"hazelcast","4c1b1b779a2a777ec65393b7af9a0dc4e31d82f5","hazelcast/src/main/java/com/hazelcast/client/impl/protocol/parameters/DistributedObjectEventParameters.java","1","0","0","4","34","59","0"
"elasticsearch","eb754a71be77efbfceb233573c2dc34f7eb7b702","modules/reindex/src/main/java/org/elasticsearch/index/reindex/RestDeleteByQueryAction.java","1","0","0","4","34","69","0"
"orientdb","69b62c92baccdfdd79a06d402611864248139a72","object/src/test/java/com/orientechnologies/orient/object/enhancement/TestObjectWithDeletedLink.java","1","0","0","4","35","47","0"
"hazelcast","e4f7959a373b0263506a00fa6941d0020407e6fd","hazelcast/src/main/java/com/hazelcast/client/impl/protocol/parameters/TransactionCommitParameters.java","1","0","0","4","35","63","1"
"hazelcast","8c5cfa498f10b4a2ff07036e1c18007df2550e70","hazelcast/src/main/java/com/hazelcast/spi/impl/eventservice/impl/operations/SendEventOperation.java","1","0","0","4","36","61","1"
"neo4j","c3a5cbf00866abb108bf34ce2e0680026fdd2025","community/cypher/cypher/src/test/java/org/neo4j/cypher/internal/javacompat/JavaValueCompatibilityTest.java","1","0","0","4","36","65","0"
"neo4j","ccb2804c16d7ed7a3d2147bf90b2b9633e694179","packaging/neo4j-desktop/src/test/java/org/neo4j/desktop/runtime/DesktopConfiguratorTest.java","1","0","0","4","36","71","0"
"hazelcast","4efdefb85496ca6adad2fd18671ab05bae7897fd","hazelcast/src/main/java/com/hazelcast/spi/impl/eventservice/impl/operations/SendEventOperation.java","1","0","0","4","37","62","0"
"hazelcast","96d2da68ad978e12b54a44bff7c351ada8a01ea7","hazelcast/src/test/java/com/hazelcast/scheduledexecutor/ScheduledHazelcastInstanceAwareTest.java","1","0","0","4","37","63","0"
"elasticsearch","2f57ae93454f2bd2ef6a6bf90feafe5ec4aa01f7","src/test/java/org/elasticsearch/node/internal/InternalSettingsPreparerTests.java","1","0","0","4","37","65","1"
"neo4j","1cd3ff962ddbc71fd698b0d85b14b9ca079b0f57","community/server/src/test/java/org/neo4j/server/configuration/ConfigWrappingConfigurationTest.java","1","0","0","4","37","79","1"
"netty","a974fff07d9c3c5ff08d3f120f629abe618e2ab6","codec-memcache/src/test/java/io/netty/handler/codec/memcache/binary/FullMemcacheMessageRequestTest.java","1","0","0","4","38","63","0"
"neo4j","c2a95db0bf471e36e256ba6c9933dfd9b7ae333f","community/lucene-index/src/main/java/org/neo4j/index/lucene/LuceneKernelExtension.java","1","0","0","4","38","65","0"
"hazelcast","1dcb1ca5cc1284726e92055e137a458f544be6ec","hazelcast-spring/src/test/java/com/hazelcast/spring/TestClientConfigAndSpringDefaults.java","1","0","0","4","38","65","0"
"hazelcast","5758dedd1bcd1583eb238e314a12eee83980b607","hazelcast/src/test/java/com/hazelcast/internal/diagnostics/BuildInfoPluginTest.java","1","0","0","4","38","65","1"
"elasticsearch","01f6851691f0e160185acdb2986f0486e9b4f6ec","core/src/main/java/org/elasticsearch/rest/action/admin/cluster/RestPutStoredScriptAction.java","1","0","0","4","38","66","0"
"neo4j","886dbb454deaae6adcb4ff26e76f6e225eedca55","enterprise/core-edge/src/main/java/org/neo4j/coreedge/raft/log/segmented/Reader.java","1","0","0","4","38","67","0"
"hazelcast","7001ec8c5b1305c796de75c2e3f170c562db8c03","hazelcast/src/test/java/com/hazelcast/map/impl/nearcache/invalidation/NonStopInvalidatorTest.java","1","0","0","4","39","48","0"
"hazelcast","ac2dda4566638398a14318604f960e2afce7d3ca","hazelcast/src/main/java/com/hazelcast/spi/impl/TraceableIsStillExecutingOperation.java","1","0","0","4","39","50","1"
"netty","b701da8d1c79b4a2f02e3ff2d22a31f1bf084d00","codec-http2/src/test/java/io/netty/handler/codec/http2/internal/hpack/EncoderTest.java","1","0","0","4","39","61","1"
"netty","efeb4cd8cbb148bb252a07f8a2664cd77ea7b5ea","codec-stomp/src/test/java/io/netty/handler/codec/stomp/StompSubframeEncoderTest.java","1","0","0","4","39","63","1"
"elasticsearch","ef83dbfbe68eff4b72575a2059a333469b274769","core/src/main/java/org/elasticsearch/index/fielddata/plain/AbstractAtomicOrdinalsFieldData.java","1","0","0","4","39","70","2"
"elasticsearch","6adfeb4ddeae385222f984347d64d2baabb036e7","core/src/test/java/org/elasticsearch/common/StringsTests.java","1","0","0","4","39","77","2"
"hazelcast","2c84640858569786577afc9fb091d5b1e7e73b8b","hazelcast/src/main/java/com/hazelcast/spi/impl/TraceableIsStillExecutingOperation.java","1","0","0","4","40","51","0"
"netty","2fd42cfc6b32dacb812c6f2ecef8522cd94718d4","codec-http2/src/test/java/io/netty/handler/codec/http2/internal/hpack/EncoderTest.java","1","0","0","4","40","62","0"
"netty","a974fff07d9c3c5ff08d3f120f629abe618e2ab6","codec-memcache/src/test/java/io/netty/handler/codec/memcache/binary/FullMemcacheMessageResponseTest.java","1","0","0","4","40","65","0"
"neo4j","91330789762d74029c03f3158cbe4c49ec28e477","enterprise/ha/src/test/java/org/neo4j/kernel/ha/cluster/modeswitch/UpdatePullerSwitcherTest.java","1","0","0","4","40","67","1"
"neo4j","fd58f78ee7e63b03b71e392f12c42f3b13d95a47","enterprise/ha/src/test/java/org/neo4j/kernel/ha/cluster/modeswitch/UpdatePullerSwitcherTest.java","1","0","0","4","40","67","1"
"hazelcast","b34e4323899872cfa581b72219c4516e905457e8","hazelcast/src/test/java/com/hazelcast/cluster/SlowMulticastJoinTest.java","1","0","0","4","40","67","1"
"neo4j","0ee64611da3ec59a112900276491b100b8b8cc59","enterprise/ha/src/test/java/org/neo4j/kernel/ha/cluster/modeswitch/UpdatePullerSwitcherTest.java","1","0","0","4","40","67","0"
"neo4j","5fac37423d3ffeea7973d7dbb3c494ef9376d2a9","community/lucene-index/src/main/java/org/neo4j/index/lucene/LuceneKernelExtension.java","1","0","0","4","41","68","0"
"elasticsearch","2b3760f78b26817b5a2030aa27b1ddf2f17462f6","core/src/main/java/org/elasticsearch/rest/action/admin/cluster/RestCancelTasksAction.java","1","0","0","4","41","69","1"
"elasticsearch","49bdd29f91eb3568a8bac28e043f422a208104d1","core/src/test/java/org/elasticsearch/common/settings/loader/JsonSettingsLoaderTests.java","1","0","0","4","41","71","1"
"elasticsearch","b771daa3c72b2c42297b93377dc644b7a48d7e42","core/src/test/java/org/elasticsearch/index/query/functionscore/FunctionScoreEquivalenceTests.java","1","0","0","4","41","72","0"
"neo4j","4fa9b15c8e80efd5b4e330a3f93a5cb496317969","community/consistency-check/src/test/java/org/neo4j/consistency/checking/cache/DefaultClientTest.java","1","0","0","4","41","79","0"
"neo4j","931cd92c95b3d907685e1e066f112e1e6378d548","community/kernel/src/main/java/org/neo4j/kernel/impl/api/TransactionApplicationMode.java","1","0","0","4","41","85","1"
"neo4j","52be03d5aef3e190f17e4743afa0d5975f20b2f5","community/kernel/src/main/java/org/neo4j/kernel/impl/api/TransactionApplicationMode.java","1","0","0","4","41","86","0"
"netty","39aefdfa06f89ae69cdb42481bdea2194ad2b62c","codec-stomp/src/test/java/io/netty/handler/codec/stomp/StompSubframeEncoderTest.java","1","0","0","4","42","67","0"
"neo4j","1c6e22fad95ec037f0b9c6fd7a9fadb18e8384d1","community/server/src/main/java/org/neo4j/server/rest/transactional/TransactionStateChecker.java","1","0","0","4","42","71","0"
"elasticsearch","1441fec0687d9af1b3eb17a6cc7286bab495d01f","src/test/java/org/elasticsearch/index/analysis/ShingleTokenFilterFactoryTests.java","1","0","0","4","43","72","2"
"elasticsearch","51d53791fe71c9cb62bc992588a57cdfb500383f","core/src/main/java/org/elasticsearch/rest/action/admin/cluster/RestCancelTasksAction.java","1","0","0","4","43","73","0"
"elasticsearch","a834cc0e0f5ec2e813315ee729da33d5896907e4","src/test/java/org/elasticsearch/search/SearchServiceTests.java","1","0","0","4","43","74","0"
"hazelcast","22bb2013bb94f5178228794d5a173b1cf9dc38d7","hazelcast-wm/src/test/java/com/hazelcast/wm/test/TomcatWebFilterTest.java","1","0","0","4","43","75","2"
"elasticsearch","178629382cae497aaa5b4842208cd570b189bd52","src/test/java/org/elasticsearch/test/unit/index/VersionTypeTests.java","1","0","0","4","44","116","0"
"orientdb","e9523413a4390a7485857467f3d5cd197290e5f3","core/src/test/java/com/orientechnologies/orient/core/sql/OChainIndexFetchTest.java","1","0","0","4","44","63","0"
"hazelcast","622f2165fcb78e001bc84ece447172ea18f055f3","hazelcast/src/main/java/com/hazelcast/spi/impl/operationservice/impl/operations/TraceableIsStillExecutingOperation.java","1","0","0","4","44","71","1"
"hazelcast","ef825f9217c8417807e7f5d05fec06f0ceafd257","hazelcast/src/test/java/com/hazelcast/map/impl/record/RecordInfoTest.java","1","0","0","4","44","71","1"
"hazelcast","170819280618fc3e2665463a0af524e893701259","hazelcast/src/test/java/com/hazelcast/map/impl/record/RecordInfoTest.java","1","0","0","4","44","71","0"
"elasticsearch","562c3744cab91aa083cb645c67ef57ebb20c8661","core/src/test/java/org/elasticsearch/index/query/functionscore/FunctionScoreEquivalenceTests.java","1","0","0","4","44","73","0"
"hazelcast","b193ac05b31a4407659de395492c7c3ce66106ab","hazelcast-client/src/test/java/com/hazelcast/client/ClientConnectionTest.java","1","0","0","4","45","73","1"
"netty","4c6d946fbadfb14806f8232b844c5e6a26eff2de","transport-native-epoll/src/test/java/io/netty/channel/epoll/EpollSocketTest.java","1","0","0","4","46","71","0"
"hazelcast","b43bb0041e2a7132cf7ee79944518ad804d63084","hazelcast/src/main/java/com/hazelcast/spi/impl/operationservice/impl/operations/TraceableIsStillExecutingOperation.java","1","0","0","4","46","73","0"
"BroadleafCommerce","4fb0cb0d56c6127bc9c41d4814f59f9041a7d338","core/broadleaf-profile-web/src/main/java/org/broadleafcommerce/profile/web/core/service/login/LoginServiceImpl.java","1","0","0","4","47","77","0"
"hazelcast","21de2ef614b9a92baec6c4f16f26123a59391cdc","hazelcast/src/test/java/com/hazelcast/map/impl/mapstore/MapLoaderLifecycleTest.java","1","0","0","4","48","82","0"
"elasticsearch","2ccc223ff761043807683f34b29c693af6c94d95","core/src/test/java/org/elasticsearch/index/mapper/MapperTests.java","1","0","0","4","48","82","0"
"elasticsearch","0189a65e6bfc623813c6c088d19a0509fbeb64da","core/src/test/java/org/elasticsearch/index/mapper/MapperTests.java","1","0","0","4","48","82","1"
"neo4j","30d4bb296ca9e258c15176437d519217e1f66dc6","enterprise/server-enterprise/src/test/java/org/neo4j/server/enterprise/EnterpriseBootstrapperTest.java","1","0","0","4","48","84","0"
"neo4j","069d4fa96fad00d182daeb9570e124ae87f68f5f","enterprise/security/src/test/java/org/neo4j/server/security/enterprise/auth/plugin/PluginAuthenticationInfoTest.java","1","0","0","4","49","81","0"
"BroadleafCommerce","cd4dba4517e56b14042e5ed1567e933ca3904efd","core/broadleaf-framework/src/main/java/org/broadleafcommerce/core/checkout/service/workflow/CompleteOrderActivity.java","1","0","0","4","50","83","0"
"elasticsearch","050b7cd0f97c9a7835b837f2f64626f2acc39871","core/src/main/java/org/elasticsearch/rest/action/admin/indices/RestGetMappingAction.java","1","0","0","4","51","112","1"
"elasticsearch","ee0e9216435ad73d91207b6ae5a3870ad9e139e7","core/src/main/java/org/elasticsearch/rest/action/admin/indices/RestGetMappingAction.java","1","0","0","4","51","115","2"
"elasticsearch","952feb58e41bd0220784c44136b840ea4a740e26","core/src/main/java/org/elasticsearch/search/aggregations/bucket/terms/DoubleTermsAggregator.java","1","0","0","4","51","79","1"
"hazelcast","a4035afdfc67b757940a15578bc51b4e7b6b0b13","hazelcast/src/main/java/com/hazelcast/client/impl/protocol/codec/EntryViewCodec.java","1","0","0","4","52","78","0"
"elasticsearch","1424f09c02927d9caada7f6ea45285b411d88d12","modules/lang-painless/src/test/java/org/elasticsearch/painless/NoSemiColonTests.java","1","0","0","4","52","79","0"
"elasticsearch","ee6d29b3429d9204103823f3c63044a760d946cf","modules/lang-painless/src/test/java/org/elasticsearch/painless/NoSemiColonTests.java","1","0","0","4","52","79","0"
"elasticsearch","b49635539d929d6cb5ee56153e2f95872fe4bb16","modules/lang-painless/src/test/java/org/elasticsearch/painless/NoSemiColonTests.java","1","0","0","4","52","79","1"
"elasticsearch","e7d352b489272a87b05019869857656de7fb82fc","core/src/main/java/org/elasticsearch/search/aggregations/bucket/terms/DoubleTermsAggregator.java","1","0","0","4","52","80","0"
"hazelcast","4a91f4eef271a8a8387d2e72b4d9b7fe1ce63c72","hazelcast-client/src/test/java/com/hazelcast/client/internal/diagnostics/SystemLogPluginConnectionTest.java","1","0","0","4","53","79","0"
"netty","15611dadbbf8f8c217c03ce33da89beb54602023","codec-http2/src/test/java/io/netty/handler/codec/http2/Http2ServerUpgradeCodecTest.java","1","0","0","4","53","83","0"
"elasticsearch","ae69645e9f88a27111446ccb2487c9325b1c4d3a","core/src/test/java/org/elasticsearch/index/mapper/parent/ParentMappingTests.java","1","0","0","4","53","85","1"
"BroadleafCommerce","663f9520dacb59459f8033c8736be33d9fc3d58d","core/broadleaf-framework/src/main/java/org/broadleafcommerce/core/search/dao/FieldDaoImpl.java","1","0","0","4","53","86","0"
"neo4j","0086160ebf70290f675082763008c183739fe16d","enterprise/causal-clustering/src/test/java/org/neo4j/causalclustering/core/state/ClusterStateDirectoryTest.java","1","0","0","4","54","100","0"
"hazelcast","f7b062e60d15715c41605a8dede75f345f84db89","hazelcast/src/test/java/com/hazelcast/client/protocol/ClientExceptionFactoryTestSimple.java","1","0","0","4","54","65","0"
"neo4j","9c79c33600e5511ac1320496d1bdd614808a973c","enterprise/core-edge/src/test/java/org/neo4j/coreedge/raft/log/segmented/EntryCursorTest.java","1","0","0","4","54","96","1"
"hazelcast","e4f7959a373b0263506a00fa6941d0020407e6fd","hazelcast/src/test/java/com/hazelcast/client/protocol/BitUtilTest.java","1","0","0","4","55","80","1"
"elasticsearch","9f12f3c33892380e4cb0fa48b860c23c6d225b5d","core/src/test/java/org/elasticsearch/index/query/functionscore/FunctionScoreEquivalenceTests.java","1","0","0","4","55","86","2"
"elasticsearch","88b854e2ea5dd2a68b71f44a2fa2cf63b3a79700","src/test/java/org/elasticsearch/action/admin/indices/warmer/put/PutWarmerRequestTests.java","1","0","0","4","55","89","0"
"neo4j","de2b5037c3cf7dedf147f47530dd8f643d00b054","enterprise/cluster/src/test/java/org/neo4j/cluster/protocol/atomicbroadcast/multipaxos/context/AtomicBroadcastContextImplTest.java","1","0","0","4","55","97","0"
"hazelcast","0deba7ff1ee19a1c74054acfb9b821c81a2aa7e4","hazelcast-client/src/test/java/com/hazelcast/client/internal/diagnostics/SystemLogPluginConnectionTest.java","1","0","0","4","56","83","1"
"neo4j","7b2448cc0e0458ff28042a7b4980d28d6cb19758","community/kernel/src/test/java/org/neo4j/unsafe/batchinsert/BatchedFlushStrategyTest.java","1","0","0","4","56","89","0"
"neo4j","886dbb454deaae6adcb4ff26e76f6e225eedca55","enterprise/core-edge/src/test/java/org/neo4j/coreedge/raft/log/segmented/EntryCursorTest.java","1","0","0","4","56","98","0"
"neo4j","0bcaf3798232de098570364734f6391b4ec73761","community/bolt/src/test/java/org/neo4j/bolt/v1/runtime/integration/TransactionIT.java","1","0","0","4","57","104","0"
"neo4j","519368d3751bcc0c0e0662ac2e071a2f8c167480","community/server/src/test/java/org/neo4j/server/security/KeyStoreFactoryTest.java","1","0","0","4","57","106","0"
"hazelcast","cdb8b0e0e259c0992856d553f2aa04499043c84d","hazelcast/src/test/java/com/hazelcast/topic/impl/reliable/ReliableTopicDestroyTest.java","1","0","0","4","57","74","0"
"elasticsearch","77095a3e970fee27e3285d294bf7888ce2b1b90e","core/src/test/java/org/elasticsearch/index/mapper/MapperServiceTests.java","1","0","0","4","58","86","1"
"neo4j","0ee64611da3ec59a112900276491b100b8b8cc59","community/kernel/src/main/java/org/neo4j/kernel/impl/locking/ReadOnlyLocks.java","1","0","0","4","59","91","0"
"elasticsearch","6174e21f47244b6d5153d7d0cc1fe28fe863399d","core/src/test/java/org/elasticsearch/index/query/ScriptQueryBuilderTests.java","1","0","0","4","59","93","2"
"hazelcast","02b09ccab903e73f9ae8998119fc0e2ebce9fab4","hazelcast/src/main/java/com/hazelcast/scheduledexecutor/impl/TaskLifecycleListener.java","1","0","0","4","6","27","0"
"neo4j","b070962e9b00726d50df951106225fa252b7efeb","community/kernel/src/test/java/org/neo4j/kernel/impl/api/ExecutingQueryListTest.java","1","0","0","4","60","105","0"
"elasticsearch","c47f24d4061f51c8e831d030443afa90d73f681c","core/src/test/java/org/elasticsearch/action/bulk/BulkProcessorTests.java","1","0","0","4","61","101","0"
"neo4j","b3fe6de9253014a4e84eb42f64e80e236e1b9f43","enterprise/ha/src/test/java/org/neo4j/kernel/ha/TestFailover.java","1","0","0","4","61","102","0"
"hazelcast","0deba7ff1ee19a1c74054acfb9b821c81a2aa7e4","hazelcast/src/test/java/com/hazelcast/internal/diagnostics/SingleLineDiagnosticsLogWriterTest.java","1","0","0","4","61","80","1"
"elasticsearch","0189a65e6bfc623813c6c088d19a0509fbeb64da","core/src/test/java/org/elasticsearch/ingest/PipelineConfigurationTests.java","1","0","0","4","61","90","1"
"elasticsearch","292dd8f992e101f9bffcd58c6c60a24ccbfec746","core/src/test/java/org/elasticsearch/ingest/PipelineConfigurationTests.java","1","0","0","4","61","90","1"
"elasticsearch","2ccc223ff761043807683f34b29c693af6c94d95","core/src/test/java/org/elasticsearch/ingest/PipelineConfigurationTests.java","1","0","0","4","61","90","0"
"elasticsearch","2ed1f7a3390420835f9b270d20c5d512ba197827","core/src/test/java/org/elasticsearch/action/search/ShardSearchFailureTests.java","1","0","0","4","61","92","1"
"neo4j","3da8523ddc5b1463dae1b497f6787835b5663e6a","community/kernel/src/test/java/org/neo4j/kernel/impl/api/store/StoreIteratorRelationshipCursorTest.java","1","0","0","4","61","98","1"
"elasticsearch","149629fec657e9948488195087f30583cd561f11","core/src/test/java/org/elasticsearch/action/search/ShardSearchFailureTests.java","1","0","0","4","62","93","0"
"elasticsearch","3e08c24991a79cb97286dacac8335f84fe1c6f6e","plugins/ingest/src/test/java/org/elasticsearch/ingest/processor/GeoIpProcessorTests.java","1","0","0","4","62","95","1"
"hazelcast","565257f977407eb3a0199d082860209c2958f5f9","hazelcast/src/main/java/com/hazelcast/internal/ascii/TextCommandConstants.java","1","0","0","4","63","92","1"
"elasticsearch","3aed047bdedde1bda189cbfc2f81e65af42e57c5","core/src/test/java/org/elasticsearch/index/query/ScriptQueryBuilderTests.java","1","0","0","4","63","98","1"
"hazelcast","564167c1f93b32ce742411106e9ae67eae88a801","hazelcast/src/main/java/com/hazelcast/internal/ascii/TextCommandConstants.java","1","0","0","4","64","94","0"
"neo4j","7cab1fb27831b3107659bee768e6124f0d2f1ea1","community/bolt/src/test/java/org/neo4j/bolt/v1/transport/integration/Neo4jWithSocket.java","1","0","0","4","64","95","1"
"elasticsearch","01f6851691f0e160185acdb2986f0486e9b4f6ec","core/src/test/java/org/elasticsearch/action/admin/indices/mapping/put/PutMappingRequestTests.java","1","0","0","4","64","98","0"
"elasticsearch","971b7ec542a9f60f8c6eb852ad3c232c4213fbf0","core/src/test/java/org/elasticsearch/index/query/ScriptQueryBuilderTests.java","1","0","0","4","64","99","2"
"orientdb","43302f5c9af3bc3bdbbdd64d2007f8a2d71e2686","core/src/test/java/com/orientechnologies/orient/core/sql/OCommandExecutorSQLSelectTestIndex.java","1","0","0","4","65","104","0"
"elasticsearch","725f6b6983d0393b4622c2665b3e0c9e65f1cf9d","core/src/main/java/org/elasticsearch/rest/action/admin/indices/RestGetMappingAction.java","1","0","0","4","65","166","0"
"elasticsearch","bd23921a3afbe2287b1ec272d46bc140807041ce","core/src/test/java/org/elasticsearch/search/internal/InternalSearchHitTests.java","1","0","0","4","65","98","0"
"netty","73c35aef4efcc47af9cfe4137e99d3c6e9e3941e","codec/src/test/java/io/netty/handler/codec/ReplayingDecoderTest.java","1","0","0","4","66","105","0"
"hazelcast","b950c11443f9e95ef94f99b432b6aef3ba616756","hazelcast/src/test/java/com/hazelcast/internal/partition/PartitionRuntimeStateTest.java","1","0","0","4","66","80","0"
"hazelcast","059e863eb7de6e9f9d4c5a747bdb4690a6c95257","hazelcast-client/src/test/java/com/hazelcast/client/ClientRegressionWithRealNetworkTest.java","1","0","0","4","66","95","1"
"hazelcast","910169fcb0c17ebd6efb74f516812dcea199049d","hazelcast-client-new/src/test/java/com/hazelcast/client/ClientRegressionWithRealNetworkTest.java","1","0","0","4","66","97","0"
"elasticsearch","589fb9674f67b0f2bd8f42199189b22e02d0de7c","core/src/test/java/org/elasticsearch/cluster/metadata/WildcardExpressionResolverTests.java","1","0","0","4","66","98","3"
"neo4j","6b75a9235ea38e0c47caacd25cc919023c0c958b","community/lucene-index/src/test/java/org/neo4j/kernel/api/impl/index/partition/IndexPartitionFactoryTest.java","1","0","0","4","67","101","0"
"neo4j","1b3aad3b619bd72c2c9f79bb7edf642c5dc56a6f","enterprise/server-enterprise/src/test/java/org/neo4j/server/rest/security/EnterpriseAuthenticationDocIT.java","1","0","0","4","67","106","0"
"hazelcast","402a2d0d137c09b1ff22bfc1c1563a170e5399de","hazelcast/src/test/java/com/hazelcast/monitor/impl/LocalMemoryStatsImplTest.java","1","0","0","4","67","78","0"
"neo4j","2fb8aea71a2d50c63f1407b9e975c5e8cbf325dc","enterprise/server-enterprise/src/test/java/org/neo4j/server/rest/security/EnterpriseAuthenticationDocIT.java","1","0","0","4","68","107","1"
"orientdb","1a904474ba67d29206a2b8cdca91f1038b123e61","core/src/test/java/com/orientechnologies/orient/core/sql/OCommandExecutorSQLUpdateTest.java","1","0","0","4","68","87","1"
"neo4j","4909a5a5aaf67ce15c93cd77a509b6b76ef8c6a8","community/lucene-index/src/test/java/org/neo4j/index/impl/lucene/legacy/IndexTypeTest.java","1","0","0","4","69","101","0"
"hazelcast","317fabec0c90b274c686ba018cc1b465fee244f2","hazelcast-client-new/src/test/java/com/hazelcast/client/cache/ClientManagerTest.java","1","0","0","4","69","108","0"
"neo4j","0ee64611da3ec59a112900276491b100b8b8cc59","enterprise/ha/src/test/java/org/neo4j/kernel/ha/cluster/modeswitch/AbstractComponentSwitcherTest.java","1","0","0","4","69","110","0"
"orientdb","009a96e934127f3a07e5e205a7f668a35c40752a","jdbc/src/test/java/com/orientechnologies/orient/jdbc/OrientDataSourceTest.java","1","0","0","4","69","122","1"
"orientdb","3d720c30754dee873a0ea4e0fa6d430c96fa33b7","core/src/test/java/com/orientechnologies/orient/core/db/document/ODatabaseDocumentPoolOpenCloseTest.java","1","0","0","4","69","85","0"
"elasticsearch","6bee2b9b13100cb9de38703f4600705d3c2de7b4","core/src/test/java/org/elasticsearch/tribe/TribeServiceTests.java","1","0","0","4","69","97","0"
"elasticsearch","25fd9e26c4fb042d6f6dea14efcd239577bdbbc4","client/benchmark/src/main/java/org/elasticsearch/client/benchmark/BenchmarkTask.java","1","0","0","4","7","30","0"
"hazelcast","0b7ac71e8812dcc24e7ec255c3c4e2fc118385e5","hazelcast-client/src/test/java/com/hazelcast/client/map/querycache/ClientQueryCacheClientContextTest.java","1","0","0","4","70","100","0"
"elasticsearch","2dcc66431033bf9da22cf7b591bef90e1583c005","src/test/java/org/elasticsearch/test/integration/mget/SimpleMgetTests.java","1","0","0","4","70","108","0"
"hazelcast","b777381e2f8cfc3d8bcde3a87c5cc9993e31d4a2","hazelcast-client-new/src/test/java/com/hazelcast/client/cache/ClientManagerTest.java","1","0","0","4","70","109","1"
"orientdb","7177f9ee131b9ba26b5a3b5a853ba2b0ee239010","jdbc/src/test/java/com/orientechnologies/orient/jdbc/OrientDataSourceTest.java","1","0","0","4","70","122","0"
"hazelcast","8f706352ccb43698b7a679ee9dd8e03d56d0540c","hazelcast/src/test/java/com/hazelcast/map/mapstore/MapStoreWithPredicateTest.java","1","0","0","4","70","89","0"
"hazelcast","98b249af9499f13c482d9ffa4ce6f1367ddb4586","hazelcast-client/src/test/java/com/hazelcast/client/HazelcastClientAtomicNumberTest.java","1","0","0","4","70","94","0"
"elasticsearch","bd559d96d43e0f418818ea1c04c85066859a1192","modules/lang-mustache/src/test/java/org/elasticsearch/script/mustache/MultiSearchTemplateRequestTests.java","1","0","0","4","71","103","0"
"neo4j","6452b111869dff085031fc7da5e5f984657ed110","community/procedure-compiler/integration-tests/src/test/java/org/neo4j/tooling/procedure/ProcedureTest.java","1","0","0","4","71","108","1"
"neo4j","562320c0be4006685ed6f086c12ef4e1f1964f3c","community/lucene-index/src/test/java/org/neo4j/kernel/api/impl/index/LuceneSchemaIndexCorruptionTest.java","1","0","0","4","72","126","0"
"hazelcast","32f725757391919b9139c3f0a6b7e7046e34c400","hazelcast-client/src/test/java/com/hazelcast/client/ClientReconnectTest.java","1","0","0","4","72","97","2"
"hazelcast","daea07e95ba27a3c240093c3844b3b71c37b5d4f","hazelcast-client/src/test/java/com/hazelcast/client/ClientReconnectTest.java","1","0","0","4","72","97","2"
"hazelcast","9b1f1e54a3e9a0fc6cc289f1cde9ed32c6fe5e70","hazelcast-client/src/test/java/com/hazelcast/client/ClientReconnectTest.java","1","0","0","4","72","97","0"
"hazelcast","86b064ba3f1e467e74e95d6da24b03122065ce36","hazelcast/src/test/java/com/hazelcast/map/impl/query/ParallelPartitionScanExecutorTest.java","1","0","0","4","73","104","2"
"neo4j","e5ea526b14ce752e94a5460b1c85bf4567d8f97d","community/server/src/test/java/org/neo4j/server/rest/web/DatabaseMetadataServiceTest.java","1","0","0","4","73","107","1"
"elasticsearch","1914df7b5f61e987bb7b4e82293155bb34a2daf3","core/src/test/java/org/elasticsearch/index/query/ScriptQueryBuilderTests.java","1","0","0","4","73","110","0"
"elasticsearch","292dd8f992e101f9bffcd58c6c60a24ccbfec746","core/src/test/java/org/elasticsearch/action/admin/indices/analyze/AnalyzeRequestTests.java","1","0","0","4","73","112","1"
"neo4j","3ec0e927cb481a29815bc3237d2e53fd7cadd271","community/lucene-index/src/test/java/org/neo4j/kernel/api/impl/index/LuceneSchemaIndexProviderTest.java","1","0","0","4","74","111","0"
"netty","dd6ac55fa02ca3127df8df195cf21a649bd55bde","transport/src/test/java/io/netty/channel/embedded/EmbeddedChannelTest.java","1","0","0","4","74","99","1"
"neo4j","562320c0be4006685ed6f086c12ef4e1f1964f3c","community/lucene-index/src/test/java/org/neo4j/kernel/api/impl/index/LuceneSchemaIndexProviderTest.java","1","0","0","4","75","112","0"
"hazelcast","2b274e6521ea45ba3f56fc50cbbe51d807794e3c","hazelcast/src/test/java/com/hazelcast/cache/CacheConfigTest.java","1","0","0","4","75","116","0"
"neo4j","6b75a9235ea38e0c47caacd25cc919023c0c958b","community/lucene-index/src/test/java/org/neo4j/kernel/api/impl/schema/LuceneSchemaIndexProviderTest.java","1","0","0","4","76","113","0"
"hazelcast","9cc1be21bcf01770a7e7f8457abd987d6e900af9","hazelcast-client/src/test/java/com/hazelcast/client/replicatedmap/nearcache/ClientReplicatedMapNearCacheBasicTest.java","1","0","0","4","77","111","0"
"netty","c8de4f03f10a2f42af1d2aa3693434bae56d93bf","codec-http/src/test/java/io/netty/handler/codec/http/websocketx/WebSocketFrameAggregatorTest.java","1","0","0","4","79","112","0"
"elasticsearch","76fa9023b6378681de34672d2e94227e8b464cfd","core/src/test/java/org/elasticsearch/index/mapper/core/BooleanFieldMapperTests.java","1","0","0","4","79","114","1"
"elasticsearch","679ec99fad075ea21b82f6969964c38a8a1a0f70","core/src/test/java/org/elasticsearch/action/bulk/TransportBulkActionIndicesThatCannotBeCreatedTests.java","1","0","0","4","79","126","1"
"BroadleafCommerce","4fb0cb0d56c6127bc9c41d4814f59f9041a7d338","core/broadleaf-profile-web/src/main/java/org/broadleafcommerce/profile/web/core/service/login/LoginService.java","1","0","0","4","8","29","0"
"hazelcast","a7693e73119b42a3f46bee85e07a7a3cb723c531","hazelcast-client/src/test/java/com/hazelcast/client/map/querycache/ClientQueryCacheDestroyResourcesTest.java","1","0","0","4","80","113","0"
"neo4j","868b4d731485023d2f7477e1133dcd5b263c851d","community/lucene-index/src/test/java/org/neo4j/index/impl/lucene/ReadOnlyIndexReferenceFactoryTest.java","1","0","0","4","80","115","0"
"elasticsearch","e08e92d934e8c97c94f19f5811507175dcec3c58","core/src/test/java/org/elasticsearch/action/bulk/TransportBulkActionIndicesThatCannotBeCreatedTests.java","1","0","0","4","80","127","0"
"neo4j","5fac37423d3ffeea7973d7dbb3c494ef9376d2a9","community/lucene-index/src/test/java/org/neo4j/index/impl/lucene/legacy/ReadOnlyIndexReferenceFactoryTest.java","1","0","0","4","81","116","0"
"neo4j","990fe648c6b49f319a515dd6b0757553c483ab11","enterprise/backup/src/test/java/org/neo4j/backup/BackupProtocolTest.java","1","0","0","4","81","117","0"
"elasticsearch","bbf6e6d0bda66a63a8310e4c10852c1788b8000a","plugins/repository-s3/src/test/java/org/elasticsearch/repositories/s3/S3RepositoryTests.java","1","0","0","4","81","121","0"
"neo4j","2dce9b701631b41aa14f4d8ff186c708b57abd1e","enterprise/core-edge/src/test/java/org/neo4j/coreedge/core/state/machines/token/ReplicatedTokenHolderTest.java","1","0","0","4","81","147","0"
"hazelcast","9b2cfd1d99e282ec4778f0e8f455f47dbcef6966","hazelcast/src/test/java/com/hazelcast/map/MapMergePolicyQuickTest.java","1","0","0","4","83","105","0"
"netty","fc2e6916d996f6f1b16f9478c1c9213007fcbd20","transport/src/test/java/io/netty/channel/oio/OioEventLoopTest.java","1","0","0","4","83","116","0"
"hazelcast","ea1c884a2094d673643c44a0e98c44f3b44527b1","hazelcast-client/src/test/java/com/hazelcast/client/ClientReconnectTest.java","1","0","0","4","84","114","1"
"hazelcast","1649530c64ed4681a6878963f7da51e63024f4a4","hazelcast-client/src/test/java/com/hazelcast/client/ClientReconnectTest.java","1","0","0","4","84","115","0"
"hazelcast","0b99990c091b2e5235b2c7a72b4550327db4260c","hazelcast-client-new/src/test/java/com/hazelcast/client/ClientReconnectTest.java","1","0","0","4","85","116","2"
"hazelcast","317fabec0c90b274c686ba018cc1b465fee244f2","hazelcast-client-new/src/test/java/com/hazelcast/client/ClientReconnectTest.java","1","0","0","4","87","116","0"
"neo4j","c9b32fdae609ff120e0f3c296861ae442af3228b","community/kernel/src/test/java/org/neo4j/kernel/impl/api/OperationsFacadeTest.java","1","0","0","4","87","124","1"
"neo4j","01b558051d5436aecea5f7f6477fabf686fa3c34","community/kernel/src/test/java/org/neo4j/kernel/impl/api/OperationsFacadeTest.java","1","0","0","4","87","125","0"
"netty","af4b71a00e30faf86ef1c2365e965e8f04f65bee","codec/src/test/java/io/netty/handler/codec/marshalling/AbstractCompatibleMarshallingDecoderTest.java","1","0","0","4","87","134","0"
"hazelcast","b777381e2f8cfc3d8bcde3a87c5cc9993e31d4a2","hazelcast-client-new/src/test/java/com/hazelcast/client/ClientReconnectTest.java","1","0","0","4","88","118","1"
"elasticsearch","0a69f1e283e26e5d9e6a000b68b9f4778de557a1","core/src/test/java/org/elasticsearch/index/codec/CodecTests.java","1","0","0","4","89","119","2"
"elasticsearch","5a64f08f048461a63a0ca1354a5050c954e63d52","core/src/test/java/org/elasticsearch/index/codec/CodecTests.java","1","0","0","4","89","120","0"
"hazelcast","7e07ef2b7dcefe2f791c4b6d2050a9c44e6bf931","hazelcast/src/main/java/com/hazelcast/instance/NodeContext.java","1","0","0","4","9","32","1"
"neo4j","1d091f26f2a97068a7349cd6911070ed409bfcab","community/security/src/main/java/org/neo4j/server/security/auth/AuthSubject.java","1","0","0","4","9","34","1"
"BroadleafCommerce","4a2770ad7b1c8d244b026f013ac6cc58ca65cb61","core/broadleaf-profile/src/main/java/org/broadleafcommerce/profile/core/dao/RoleDao.java","1","0","0","4","9","36","0"
"hazelcast","4a9bacbdd50bf75b5a43e56b72754cdd6e99cefe","hazelcast-client/src/test/java/com/hazelcast/client/map/impl/nearcache/ClientMapNearCachePreloaderTest.java","1","0","0","4","90","114","2"
"hazelcast","5f401c5a7cd66c9419852d8bf95a871995d95c6e","hazelcast-client/src/test/java/com/hazelcast/client/replicatedmap/nearcache/ClientReplicatedMapNearCacheLeakTest.java","1","0","0","4","91","129","0"
"elasticsearch","04cfbe361beb084d24240f95fb4936414e79f386","core/src/test/java/org/elasticsearch/indices/DateMathIndexExpressionsIntegrationIT.java","1","0","0","4","91","132","0"
"neo4j","353af6b311bab520e7306387dc1ad1f75f841f41","community/kernel/src/test/java/org/neo4j/kernel/impl/transaction/state/storeview/DynamicIndexStoreViewTest.java","1","0","0","4","96","139","1"
"neo4j","934072a0187279d79b381ad46f6270622ead3175","community/consistency-check/src/test/java/org/neo4j/consistency/ConsistencyCheckServiceIntegrationTest.java","1","0","0","4","99","145","1"
"neo4j","10c8de2b701629da6caef1ca7abae76436691f23","community/procedure-compiler/processor/src/test/java/org/neo4j/tooling/procedure/procedures/valid/Procedures.java","1","0","0","40","193","256","0"
"hazelcast","879cf4ddd645191f0cae75aa72e9d43df6e142a8","hazelcast/src/main/java/com/hazelcast/internal/adapter/ICacheDataStructureAdapter.java","1","0","0","41","188","249","0"
"hazelcast","879cf4ddd645191f0cae75aa72e9d43df6e142a8","hazelcast/src/test/java/com/hazelcast/internal/adapter/TransactionalMapDataStructureAdapterTest.java","1","0","0","41","235","317","0"
"hazelcast","879cf4ddd645191f0cae75aa72e9d43df6e142a8","hazelcast/src/main/java/com/hazelcast/internal/adapter/TransactionalMapDataStructureAdapter.java","1","0","0","41","253","317","0"
"hazelcast","e4a098c04e698118ff5f68b05e32bdc6d813e579","hazelcast/src/main/java/com/hazelcast/nio/IOService.java","1","0","0","41","54","115","3"
"hazelcast","4ab995db3a55c7d4b5ca4d69101a50d3b19a88f8","hazelcast/src/main/java/com/hazelcast/internal/adapter/TransactionalMapDataStructureAdapter.java","1","0","0","42","258","323","1"
"hazelcast","f37c562ba960a9badc4dcae6fa0ee3e4e98d82a6","hazelcast/src/main/java/com/hazelcast/map/RecordStore.java","1","0","0","42","51","112","0"
"hazelcast","b499b1588bd702a8ca12e6514696fa5e1497ad24","hazelcast/src/main/java/com/hazelcast/nio/IOService.java","1","0","0","42","56","118","1"
"junit","561a736d4400c32a608a6ee97424c20ca70bf8ae","src/test/java/org/junit/tests/experimental/rules/TestRuleTest.java","1","0","0","43","235","289","0"
"junit","61f06547599bb6b98bca99d5bc457eb20bc17cab","src/test/java/org/junit/tests/experimental/rules/TestRuleTest.java","1","0","0","43","245","302","0"
"hazelcast","5f401c5a7cd66c9419852d8bf95a871995d95c6e","hazelcast/src/main/java/com/hazelcast/internal/adapter/TransactionalMapDataStructureAdapter.java","1","0","0","43","262","328","0"
"hazelcast","7b0ce9c6c73a465306996b98aebe1c5f7f37cf75","hazelcast/src/main/java/com/hazelcast/nio/IOService.java","1","0","0","43","60","123","2"
"neo4j","4d3b5cd40762b26828c47787e6547cc1ea90238b","community/kernel/src/main/java/org/neo4j/kernel/impl/api/GuardingStatementOperations.java","1","0","0","44","319","384","0"
"hazelcast","e914277fc41124d8b178c218e3ff76938f695cb0","hazelcast/src/main/java/com/hazelcast/nio/IOService.java","1","0","0","44","61","125","1"
"hazelcast","a9da50b15f2d567b31e675013a016c06ebd2eba0","hazelcast/src/test/java/com/hazelcast/concurrent/lock/LockStoreImplTest.java","1","0","0","46","340","419","1"
"hazelcast","f295320580a557b2609ec22ae2abe788b0110bb3","hazelcast/src/test/java/com/hazelcast/osgi/HazelcastOSGiInstanceTest.java","1","0","0","47","454","640","0"
"hazelcast","3f46545bdca45f33e9257a896121007a1569235f","hazelcast/src/test/java/com/hazelcast/osgi/HazelcastOSGiInstanceTest.java","1","0","0","47","500","687","1"
"hazelcast","d568e4d926d925d57d4e79e34614390416749301","hazelcast/src/test/java/com/hazelcast/config/MapConfigTest.java","1","0","0","49","291","409","0"
"hazelcast","70d4de16ff0ac4518d09aad8c9f2ad9e782fb337","hazelcast/src/test/java/com/hazelcast/config/MapConfigTest.java","1","0","0","49","291","410","1"
"ceylon-ide-eclipse","1cfcc411e9affda9de0b72cd43a67f5ec3bb327a","plugins/com.redhat.ceylon.eclipse.ui/src/com/redhat/ceylon/eclipse/core/model/IdeUnit.java","1","0","0","5","10","14","0"
"BroadleafCommerce","b8d645d805691dea60f36eefe3dcaa9595d2f01c","core/broadleaf-profile/src/main/java/org/broadleafcommerce/profile/core/dao/RoleDao.java","1","0","0","5","10","35","0"
"elasticsearch","577e6a5e147d2222c7b618af3601adb3e3cedf39","plugins/repository-s3/src/test/java/org/elasticsearch/repositories/s3/S3RepositoryTests.java","1","0","0","5","100","140","0"
"elasticsearch","2fb0466f669b030dfdd3cf0f876f4f4a98560781","plugins/repository-s3/src/test/java/org/elasticsearch/repositories/s3/S3RepositoryTests.java","1","0","0","5","101","141","1"
"elasticsearch","f40b72633b0a2c91852aabc1688b4e4125c97c81","core/src/test/java/org/elasticsearch/index/mapper/core/BooleanFieldMapperTests.java","1","0","0","5","102","138","0"
"elasticsearch","51d53791fe71c9cb62bc992588a57cdfb500383f","core/src/test/java/org/elasticsearch/rest/BaseRestHandlerTests.java","1","0","0","5","105","142","0"
"neo4j","a6ff01cbffd95770e5675b7a1bc7b87fc149c848","community/graph-algo/src/test/java/org/neo4j/graphalgo/impl/util/PathImplTest.java","1","0","0","5","105","155","0"
"elasticsearch","8ab602ec810fefec1e84afe041aaab784ec594ce","src/test/java/org/elasticsearch/test/integration/search/basic/IdsSearchTests.java","1","0","0","5","105","156","0"
"neo4j","86c61329b0fd5c6346589bb7327e4bd747ce47e9","community/kernel/src/test/java/org/neo4j/kernel/impl/transaction/state/storeview/DynamicIndexStoreViewTest.java","1","0","0","5","106","152","0"
"oryx","ba899dd5f05492b8c6e3e410d6a833c63392bf63","oryx-lambda-serving/src/test/java/com/cloudera/oryx/lambda/serving/SecureAPIConfigIT.java","1","0","0","5","110","149","0"
"elasticsearch","23d5293f827fe521f892a1b76a65b58751cc84c5","core/src/test/java/org/elasticsearch/common/NumbersTests.java","1","0","0","5","116","147","0"
"elasticsearch","0ad231546d70cd45ac5d7a32311c1cebb9b42293","core/src/test/java/org/elasticsearch/index/mapper/CompletionFieldMapper2xTests.java","1","0","0","5","116","157","1"
"elasticsearch","450f47d5b59f19f4d2056042db69732ac5c21bbf","core/src/test/java/org/elasticsearch/index/mapper/CompletionFieldMapper2xTests.java","1","0","0","5","116","157","1"
"elasticsearch","2a00c9dc46fe7ac5da04ea3e735985d3f02bc7bf","core/src/test/java/org/elasticsearch/index/mapper/CompletionFieldMapper2xTests.java","1","0","0","5","116","157","0"
"elasticsearch","aae60e5b6e0c250fcafbbaa65ba7e96c234ac903","core/src/test/java/org/elasticsearch/action/admin/cluster/stats/ClusterStatsIT.java","1","0","0","5","116","174","3"
"elasticsearch","cc83c2f848be69a77f1275fe1ff5363dcdd4c955","src/test/java/org/elasticsearch/test/integration/search/geo/GeoShapeIntegrationTests.java","1","0","0","5","117","165","1"
"elasticsearch","f93ce94afe44f574897e874e45a6a290b3b94d71","core/src/test/java/org/elasticsearch/index/mapper/RootObjectMapperTests.java","1","0","0","5","121","162","0"
"neo4j","e9de62e7befeeb8b49cf594775b843b963d6ef6d","community/kernel/src/test/java/org/neo4j/kernel/impl/core/NodeManagerTest.java","1","0","0","5","123","181","1"
"elasticsearch","ca90d9ea82c3ec2162a669b199c63ef5103b2fe9","core/src/test/java/org/elasticsearch/recovery/RecoveriesCollectionTests.java","1","0","0","5","125","164","1"
"elasticsearch","c4fe8e7bf23f62c25f3d1ebd35de3fe716c45e9a","core/src/test/java/org/elasticsearch/recovery/RecoveriesCollectionTests.java","1","0","0","5","126","165","0"
"elasticsearch","cfc106d7213fbdfa78d2c74387586ce2c02d3842","core/src/test/java/org/elasticsearch/recovery/RecoveriesCollectionTests.java","1","0","0","5","127","166","0"
"elasticsearch","adc0807c686b37bf1d96bd3eb9d26face380fe44","src/test/java/org/elasticsearch/cluster/settings/ClusterSettingsTests.java","1","0","0","5","127","184","0"
"neo4j","96b75bb344012a256b80b3e34629e9c7ad045396","community/consistency-check/src/test/java/org/neo4j/consistency/ConsistencyCheckServiceIntegrationTest.java","1","0","0","5","128","181","0"
"neo4j","e5db6293c3260f28a9a9ecdd0970352162530f13","community/kernel/src/main/java/org/neo4j/kernel/impl/coreapi/InternalTransaction.java","1","0","0","5","13","39","0"
"orientdb","e6897e844505bfdfff46cfc91d9e122002f3e6a5","core/src/test/java/com/orientechnologies/orient/core/serialization/serializer/binary/impl/ORecordSerializerBinaryDebugTest.java","1","0","0","5","132","164","0"
"orientdb","966e83bbf9df2de9db7c44e239c1263a00afd7d7","client/src/test/java/com/orientechnologies/orient/client/remote/message/ORemoteTransactionMessagesTest.java","1","0","0","5","133","161","1"
"neo4j","2162f57a395476c1b2e263b1e055c6baea8aa276","enterprise/server-enterprise/src/test/java/org/neo4j/server/enterprise/EnterpriseBootstrapperTest.java","1","0","0","5","133","187","0"
"elasticsearch","5a64f08f048461a63a0ca1354a5050c954e63d52","core/src/test/java/org/elasticsearch/percolator/PercolatorServiceTests.java","1","0","0","5","135","175","0"
"elasticsearch","0a69f1e283e26e5d9e6a000b68b9f4778de557a1","core/src/test/java/org/elasticsearch/percolator/PercolatorServiceTests.java","1","0","0","5","137","177","2"
"orientdb","1588c28b4906c47b12518029d176da10704b37e9","client/src/test/java/com/orientechnologies/orient/client/remote/message/ORemoteTransactionMessagesTest.java","1","0","0","5","138","165","1"
"orientdb","3630d8c33e4a5494e5d085504dd957898c427d13","client/src/test/java/com/orientechnologies/orient/client/remote/message/ORemoteTransactionMessagesTest.java","1","0","0","5","138","167","0"
"elasticsearch","5b07f81fcf253f20ba002fe4df0340540426d662","core/src/test/java/org/elasticsearch/recovery/RecoveriesCollectionTests.java","1","0","0","5","140","179","1"
"orientdb","14525789a539adda2b27ea09354da307166612f9","client/src/test/java/com/orientechnologies/orient/client/remote/message/ORemoteTransactionMessagesTest.java","1","0","0","5","141","167","0"
"hazelcast","6fa8fa0639e5b44d288480f8991b18a2b31c1c8f","hazelcast/src/main/java/com/hazelcast/map/operation/MapInitialLoadOperation.java","1","0","0","5","15","37","1"
"hazelcast","db0fda1438546ac7bd661383ce9bd5fe06e78940","hazelcast/src/main/java/com/hazelcast/query/QueryException.java","1","0","0","5","15","38","0"
"neo4j","ba802146bfb948f8ca4bc29d51b2626b9864a1a9","enterprise/security/src/test/java/org/neo4j/server/security/enterprise/auth/InternalFlatFileRealmTest.java","1","0","0","5","153","210","0"
"hazelcast","b8145da910628e86c05f3feddff50048bd23e908","hazelcast/src/main/java/com/hazelcast/cluster/Bind.java","1","0","0","5","16","39","1"
"neo4j","2fb8aea71a2d50c63f1407b9e975c5e8cbf325dc","enterprise/security/src/test/java/org/neo4j/server/security/enterprise/auth/InternalFlatFileRealmTest.java","1","0","0","5","164","221","1"
"neo4j","9bb4f806d216b0066beb476242dcc4e7da97200a","enterprise/security/src/test/java/org/neo4j/server/security/enterprise/auth/InternalFlatFileRealmTest.java","1","0","0","5","164","221","1"
"neo4j","1b3aad3b619bd72c2c9f79bb7edf642c5dc56a6f","enterprise/security/src/test/java/org/neo4j/server/security/enterprise/auth/InternalFlatFileRealmTest.java","1","0","0","5","164","221","0"
"orientdb","69b62c92baccdfdd79a06d402611864248139a72","object/src/test/java/com/orientechnologies/orient/object/enhancement/SimpleSelfRef.java","1","0","0","5","17","25","0"
"elasticsearch","366ddfc89a9265e05d23291b02a829f4da1fcbdd","src/test/java/org/elasticsearch/search/functionscore/ExplainableScriptPlugin.java","1","0","0","5","17","42","0"
"elasticsearch","c3ef49f5b03674048b2f0ba3bf4bbda6c7ab7abc","src/test/java/org/elasticsearch/test/integration/search/geo/GeoShapeIntegrationTests.java","1","0","0","5","172","226","0"
"hazelcast","d8c3a1ba9ed031a98696ea72b8a0494d1f2e69d2","hazelcast/src/main/java/com/hazelcast/executor/impl/CallableTaskOperation.java","1","0","0","5","18","42","2"
"hazelcast","389c25b47e3424ed9556cca74928774f21c029c4","hazelcast/src/main/java/com/hazelcast/executor/impl/CallableTaskOperation.java","1","0","0","5","19","42","0"
"elasticsearch","4b94eb5cb8cc4294ed0e932a5f22c16bd90d4dd7","core/src/main/java/org/elasticsearch/ElasticsearchParseException.java","1","0","0","5","19","45","2"
"elasticsearch","860efb2ad28db09189c8423e05d0dba53010259c","core/src/main/java/org/elasticsearch/ElasticsearchParseException.java","1","0","0","5","19","45","2"
"elasticsearch","d3417fb02291f26964d77767020ef345d18c148f","core/src/main/java/org/elasticsearch/ElasticsearchParseException.java","1","0","0","5","19","45","0"
"BroadleafCommerce","fc96cd617dc6f16a02dfe01f95486da731a6cd13","common/src/main/java/org/broadleafcommerce/common/weave/ConditionalFieldAnnotationCopyTransformMemberDTO.java","1","0","0","5","19","46","0"
"neo4j","e6404087822a6b648cb58a156f12f0f7ca248daf","community/kernel/src/test/java/org/neo4j/kernel/impl/store/counts/CountsRotationTest.java","1","0","0","5","191","264","1"
"elasticsearch","6776586725fea6a034e31c5e5d837e4567c25614","core/src/test/java/org/elasticsearch/search/percolator/PercolatorQuerySearchIT.java","1","0","0","5","193","233","0"
"hazelcast","2c3e0b280feee04115ed39bf4cbbc2c5af0d7bb4","hazelcast-spring/src/test/java/com/hazelcast/spring/TestClientApplicationContext.java","1","0","0","5","193","255","1"
"hazelcast","bb3ea0e107980d769862cdbda748cc91529d67b5","hazelcast/src/main/java/com/hazelcast/transaction/client/RollbackXATransactionRequest.java","1","0","0","5","20","44","0"
"hazelcast","f295320580a557b2609ec22ae2abe788b0110bb3","hazelcast/src/test/java/com/hazelcast/osgi/impl/HazelcastOSGiTestUtil.java","1","0","0","5","21","46","0"
"hazelcast","464ceb2bc27dbe2e0b5d67438073afbd3c75b06b","hazelcast/src/main/java/com/hazelcast/map/impl/operation/MapFlushOperation.java","1","0","0","5","22","45","1"
"oryx","d16f89b25fc5e12f94af6432274c66e0394c1743","framework/oryx-lambda-serving/src/test/java/com/cloudera/oryx/lambda/serving/MockTopicProducer.java","1","0","0","5","22","48","0"
"elasticsearch","3787ea27bf1b33b8005547969b358b8d19fddc8f","core/src/main/java/org/elasticsearch/indices/InvalidAliasNameException.java","1","0","0","5","22","48","0"
"elasticsearch","5a64f08f048461a63a0ca1354a5050c954e63d52","plugins/mapper-attachments/src/main/java/org/elasticsearch/mapper/attachments/MapperAttachmentsPlugin.java","1","0","0","5","22","48","0"
"hazelcast","3f46545bdca45f33e9257a896121007a1569235f","hazelcast/src/test/java/com/hazelcast/osgi/impl/HazelcastOSGiTestUtil.java","1","0","0","5","22","48","1"
"elasticsearch","371c73e14023917f3892090d2d3d7ff9ac1216b9","core/src/main/java/org/elasticsearch/action/admin/indices/shrink/ShrinkRequestBuilder.java","1","0","0","5","23","48","3"
"elasticsearch","78574d248cf10dad1c5a566fda79e1e0c94afe43","core/src/main/java/org/elasticsearch/action/admin/indices/shrink/ShrinkRequestBuilder.java","1","0","0","5","23","48","2"
"elasticsearch","e6aaaf11ed4a1b8f595f920de1840938eddb7a97","core/src/main/java/org/elasticsearch/action/admin/indices/shrink/ShrinkRequestBuilder.java","1","0","0","5","23","48","2"
"elasticsearch","a60b8948ba1d836a6eac7cff095519e618939ed8","core/src/main/java/org/elasticsearch/action/admin/indices/shrink/ShrinkRequestBuilder.java","1","0","0","5","23","48","0"
"antlr4","f143495ab2efb743c4c719546d8f3cc70b22df9d","tool/test/org/antlr/v4/test/TestCommonTokenStream.java","1","0","0","5","231","309","1"
"antlr4","90071c69b850a0f3c79d7a67b3b51f51af61bb80","tool/test/org/antlr/v4/test/TestCommonTokenStream.java","1","0","0","5","232","310","0"
"antlr4","29c2712ae1eee9575324db48c2f72c7cb0d28308","tool/test/org/antlr/v4/test/tool/TestCommonTokenStream.java","1","0","0","5","234","312","0"
"neo4j","86273a1afea70eb41cd5825a3093370c6f8692c8","enterprise/causal-clustering/src/main/java/org/neo4j/causalclustering/catchup/storecopy/FileHeader.java","1","0","0","5","24","49","1"
"orientdb","bbbb777e4073e4214e47e2134379d96dcb54486a","object/src/main/java/com/orientechnologies/orient/object/db/OObjectDatabasePool.java","1","0","0","5","24","51","1"
"elasticsearch","4b94eb5cb8cc4294ed0e932a5f22c16bd90d4dd7","core/src/main/java/org/elasticsearch/action/FailedNodeException.java","1","0","0","5","24","52","2"
"elasticsearch","860efb2ad28db09189c8423e05d0dba53010259c","core/src/main/java/org/elasticsearch/action/FailedNodeException.java","1","0","0","5","24","52","2"
"elasticsearch","d3417fb02291f26964d77767020ef345d18c148f","core/src/main/java/org/elasticsearch/action/FailedNodeException.java","1","0","0","5","24","52","0"
"hazelcast","ac5f56d4b4ea497fab357f97d6245ebf043b52d2","hazelcast-spring/src/test/java/com/hazelcast/spring/transaction/OtherServiceBeanWithTransactionalContext.java","1","0","0","5","25","35","0"
"hazelcast","9dfbd933bfda3fa1cf525b0b7b9764e0ea5b1cf0","hazelcast-client-legacy/src/main/java/com/hazelcast/client/proxy/ClientIdGeneratorProxy.java","1","0","0","5","25","51","0"
"hazelcast","d3e09e369981a387ee9d6890e981c80104bd5ab7","hazelcast-client-new/src/main/java/com/hazelcast/client/proxy/ClientIdGeneratorProxy.java","1","0","0","5","25","51","0"
"BroadleafCommerce","1027662ed7db094c0911fe6d491c00b5ff8e7925","core/broadleaf-framework/src/main/java/org/broadleafcommerce/core/inventory/service/AbstractInventoryServiceExtensionHandler.java","1","0","0","5","25","51","1"
"neo4j","8bf7270a5b79e99c5a3527519f39cc268e9b3048","enterprise/security/src/main/java/org/slf4j/impl/StaticLoggerBinder.java","1","0","0","5","25","53","1"
"netty","f755e584638e20a4ae62466dd4b7a14954650348","microbench/src/main/java/io/netty/handler/codec/DateFormatterBenchmark.java","1","0","0","5","27","51","0"
"elasticsearch","2f8def11b5109eb80b47422a200bf7b7e07c8467","core/src/main/java/org/elasticsearch/search/lookup/SearchLookup.java","1","0","0","5","27","56","2"
"elasticsearch","41a2375c9e609395e21522ee79202645ed2a0af4","core/src/main/java/org/elasticsearch/action/admin/indices/flush/ShardFlushRequest.java","1","0","0","5","27","58","0"
"neo4j","ba802146bfb948f8ca4bc29d51b2626b9864a1a9","community/security/src/main/java/org/neo4j/server/security/auth/ListSnapshot.java","1","0","0","5","28","55","0"
"hazelcast","97c4085030f8acefbabfd0d7bf7f0e1c0df54bfd","hazelcast/src/main/java/com/hazelcast/client/impl/protocol/parameters/MemberAttributeChangeResultParameters.java","1","0","0","5","28","55","0"
"hazelcast","d38202141395360399c9cf97d4453adf5b1581e1","hazelcast/src/main/java/com/hazelcast/client/impl/protocol/parameters/MemberAttributeChangeResultParameters.java","1","0","0","5","28","55","1"
"elasticsearch","2f8def11b5109eb80b47422a200bf7b7e07c8467","core/src/main/java/org/elasticsearch/search/lookup/DocLookup.java","1","0","0","5","28","56","2"
"elasticsearch","4b94eb5cb8cc4294ed0e932a5f22c16bd90d4dd7","core/src/main/java/org/elasticsearch/action/admin/indices/upgrade/post/ShardUpgradeRequest.java","1","0","0","5","28","58","2"
"elasticsearch","860efb2ad28db09189c8423e05d0dba53010259c","core/src/main/java/org/elasticsearch/action/admin/indices/upgrade/post/ShardUpgradeRequest.java","1","0","0","5","28","58","2"
"elasticsearch","d3417fb02291f26964d77767020ef345d18c148f","core/src/main/java/org/elasticsearch/action/admin/indices/upgrade/post/ShardUpgradeRequest.java","1","0","0","5","28","58","0"
"netty","b91dd0678d290a70817ddc44bb5ced2baed275fd","handler/src/test/java/io/netty/handler/ssl/CipherSuiteConverterTest.java","1","0","0","5","282","328","1"
"hazelcast","549815d87e4f8624b4e7700b0a86d91cc5e084f0","hazelcast/src/main/java/com/hazelcast/concurrent/atomicreference/operations/AlterAndGetOperation.java","1","0","0","5","29","54","0"
"elasticsearch","c32de1f72b8f1131daf710a2144be31c55cb4f93","test-framework/src/main/java/org/elasticsearch/test/disruption/NetworkUnresponsivePartition.java","1","0","0","5","29","57","0"
"elasticsearch","c32de1f72b8f1131daf710a2144be31c55cb4f93","test-framework/src/main/java/org/elasticsearch/test/disruption/NetworkDisconnectPartition.java","1","0","0","5","29","58","0"
"hazelcast","d568e4d926d925d57d4e79e34614390416749301","hazelcast/src/test/java/com/hazelcast/config/ExecutorConfigTest.java","1","0","0","5","30","54","0"
"elasticsearch","82fa531ab4c1fb087d357ff15288c070d7393378","core/src/main/java/org/elasticsearch/search/lookup/DocLookup.java","1","0","0","5","30","59","0"
"elasticsearch","82fa531ab4c1fb087d357ff15288c070d7393378","core/src/main/java/org/elasticsearch/search/lookup/SearchLookup.java","1","0","0","5","30","60","0"
"hazelcast","70d4de16ff0ac4518d09aad8c9f2ad9e782fb337","hazelcast/src/test/java/com/hazelcast/config/ExecutorConfigTest.java","1","0","0","5","31","55","1"
"netty","5c1c14286d29d57acddf32b227722f7b2e113ed4","common/src/test/java/io/netty/util/internal/PlatformDependent0Test.java","1","0","0","5","31","57","0"
"neo4j","f13efebd3b366abe29b2da79819eda5d5e365bd6","community/lucene-index/src/main/java/org/neo4j/index/impl/lucene/legacy/ReadOnlyIndexReference.java","1","0","0","5","31","60","0"
"elasticsearch","598854dd72d7fb01a7e26a9dad065de3deaa5eb7","src/test/java/org/elasticsearch/test/disruption/NetworkDisconnectPartition.java","1","0","0","5","31","60","0"
"elasticsearch","634ce90dc06f20888a4ff655985a6baccf25a7db","core/src/main/java/org/elasticsearch/search/lookup/DocLookup.java","1","0","0","5","31","60","0"
"hazelcast","066e05ebd5b8e1d08c42a5aa2c6e236b925a144d","hazelcast/src/main/java/com/hazelcast/internal/dynamicconfig/AddDynamicConfigOperation.java","1","0","0","5","31","60","1"
"elasticsearch","fac472f90c521241a56f90c708eafe8bcbc4f939","test-framework/src/main/java/org/elasticsearch/test/disruption/NetworkDisconnectPartition.java","1","0","0","5","31","60","1"
"neo4j","868b4d731485023d2f7477e1133dcd5b263c851d","community/lucene-index/src/main/java/org/neo4j/index/impl/lucene/ReadOnlyIndexReference.java","1","0","0","5","31","61","0"
"hazelcast","2b1ac3a1e5f6e8de60a0e99a7330280a59e76a8a","hazelcast/src/main/java/com/hazelcast/client/impl/protocol/parameters/MemberAttributeChangeResultParameters.java","1","0","0","5","32","59","0"
"elasticsearch","e1efd5f6baf8dec1c23c79b346b8a29f234a98bb","core/src/main/java/org/elasticsearch/action/termvectors/dfs/ShardDfsOnlyRequest.java","1","0","0","5","32","63","0"
"hazelcast","70d4de16ff0ac4518d09aad8c9f2ad9e782fb337","hazelcast/src/test/java/com/hazelcast/cache/nearcache/NearCacheManagerTest.java","1","0","0","5","33","43","1"
"neo4j","a93c570faa774c1a40b635b6a3e6d8ccb61a99e8","community/lucene-index/src/main/java/org/neo4j/kernel/api/impl/index/LuceneSchemaIndexProviderFactory.java","1","0","0","5","33","62","1"
"neo4j","5994c9535ebf815ae2290601a74935b7833325cc","community/kernel/src/main/java/org/neo4j/graphdb/impl/notification/NotificationDetail.java","1","0","0","5","34","60","1"
"hazelcast","12830cf4db72fc7d71edd8a20ee15fba533ab6a8","hazelcast/src/test/java/com/hazelcast/test/mocknetwork/MockNodeContext.java","1","0","0","5","34","61","1"
"hazelcast","8c5cfa498f10b4a2ff07036e1c18007df2550e70","hazelcast/src/main/java/com/hazelcast/spi/impl/eventservice/impl/operations/RegistrationOperation.java","1","0","0","5","34","61","1"
"hazelcast","ec42990f7730ce16d58fcc0c1760c854b73e2951","hazelcast/src/test/java/com/hazelcast/test/mocknetwork/MockNodeContext.java","1","0","0","5","34","61","1"
"hazelcast","ffe9301db5174bd688cf5f986f7078484fa6cef7","hazelcast/src/main/java/com/hazelcast/map/operation/QueryPartitionOperation.java","1","0","0","5","34","61","0"
"neo4j","e6f84e88fecffdd2dd28e4ee978d77df94914908","community/lucene-index/src/main/java/org/neo4j/kernel/api/impl/schema/LuceneSchemaIndexProviderFactory.java","1","0","0","5","34","63","1"
"hazelcast","d38202141395360399c9cf97d4453adf5b1581e1","hazelcast/src/main/java/com/hazelcast/client/impl/protocol/parameters/MemberResultParameters.java","1","0","0","5","34","63","1"
"hazelcast","4c1b1b779a2a777ec65393b7af9a0dc4e31d82f5","hazelcast/src/main/java/com/hazelcast/client/impl/protocol/parameters/MemberResultParameters.java","1","0","0","5","34","63","0"
"hazelcast","c57d3349fbdda6d4454ef257937a2199cea9572f","hazelcast/src/test/java/com/hazelcast/util/MapUtilTest.java","1","0","0","5","35","45","0"
"hazelcast","d918ddeea821c75cddd067ea365659ec72ebbde2","hazelcast-cloud/src/test/java/com/hazelcast/aws/AwsClientTest.java","1","0","0","5","35","60","1"
"hazelcast","21586825d367940e1c79cf289e97310daab1200d","hazelcast/src/test/java/com/hazelcast/query/impl/getters/SuffixModifierUtilsTest.java","1","0","0","5","35","61","1"
"hazelcast","267657223110ee9fc436f5496e078547d29c6e4c","hazelcast/src/main/java/com/hazelcast/map/operation/QueryPartitionOperation.java","1","0","0","5","35","61","1"
"hazelcast","772b5217030e0fb94bf07a00d9b5e7b275a82030","hazelcast/src/test/java/com/hazelcast/query/impl/getters/SuffixModifierUtilsTest.java","1","0","0","5","35","61","0"
"hazelcast","4b12b31e4e2a868107895e53d6543fdc201f385c","hazelcast/src/main/java/com/hazelcast/collection/impl/txncollection/operations/CollectionTransactionRollbackOperation.java","1","0","0","5","35","62","0"
"BroadleafCommerce","a2c4f2505ace4aa0175753c7b77c5e834b79456f","core/broadleaf-framework/src/main/java/org/broadleafcommerce/core/catalog/dao/ProductOptionDaoImpl.java","1","0","0","5","35","63","1"
"neo4j","3ec0e927cb481a29815bc3237d2e53fd7cadd271","community/lucene-index/src/main/java/org/neo4j/kernel/api/impl/index/LuceneSchemaIndexProviderFactory.java","1","0","0","5","35","64","0"
"neo4j","868b4d731485023d2f7477e1133dcd5b263c851d","community/lucene-index/src/main/java/org/neo4j/kernel/api/impl/index/LuceneSchemaIndexProviderFactory.java","1","0","0","5","35","64","0"
"hazelcast","2b9bb4fc17af10b2e6c19753155c0c0aeff8ce05","hazelcast/src/main/java/com/hazelcast/client/impl/protocol/parameters/MemberResultParameters.java","1","0","0","5","35","64","0"
"hazelcast","e4f7959a373b0263506a00fa6941d0020407e6fd","hazelcast/src/main/java/com/hazelcast/client/impl/protocol/parameters/MemberResultParameters.java","1","0","0","5","35","64","1"
"hazelcast","0dcac2107149f1a24af61788b11b53bd49eb4a73","hazelcast/src/main/java/com/hazelcast/cluster/impl/operations/MasterDiscoveryOperation.java","1","0","0","5","36","63","0"
"elasticsearch","18f57c05cf14a567e453df886a82fb77731da578","core/src/test/java/org/elasticsearch/threadpool/ThreadPoolTests.java","1","0","0","5","36","63","0"
"elasticsearch","bbf42d379dc5fac7cddf768b244aa1649efdb10d","plugins/cloud-gce/src/test/java/org/elasticsearch/cloud/gce/GceComputeServiceTwoNodesOneZoneMock.java","1","0","0","5","36","63","0"
"elasticsearch","bbf42d379dc5fac7cddf768b244aa1649efdb10d","plugins/cloud-gce/src/test/java/org/elasticsearch/cloud/gce/GceComputeServiceTwoNodesTwoZonesMock.java","1","0","0","5","36","63","0"
"hazelcast","47b48594cce33ec1cec54b6fa89af2acf2da2fed","hazelcast/src/main/java/com/hazelcast/cluster/impl/operations/MasterDiscoveryOperation.java","1","0","0","5","36","63","1"
"elasticsearch","40f119d85a4eaa39d0a6e594e46f70de725557f0","plugins/cloud-gce/src/test/java/org/elasticsearch/cloud/gce/GceComputeServiceTwoNodesTwoZonesMock.java","1","0","0","5","36","63","1"
"elasticsearch","40f119d85a4eaa39d0a6e594e46f70de725557f0","plugins/cloud-gce/src/test/java/org/elasticsearch/cloud/gce/GceComputeServiceTwoNodesOneZoneMock.java","1","0","0","5","36","63","1"
"BroadleafCommerce","4a2770ad7b1c8d244b026f013ac6cc58ca65cb61","core/broadleaf-profile/src/main/java/org/broadleafcommerce/profile/core/dao/RoleDaoImpl.java","1","0","0","5","36","65","0"
"hazelcast","628a219cc0428ad068cb76a43b781c7773d85db9","hazelcast/src/main/java/com/hazelcast/map/operation/QueryPartitionOperation.java","1","0","0","5","37","63","0"
"hazelcast","3a1d456848dcafbe8a777d7d33434d63a8db1f0d","hazelcast/src/main/java/com/hazelcast/concurrent/lock/operations/LockBackupOperation.java","1","0","0","5","37","64","1"
"junit","d3de6079892fa89aa46386c0369a29b4ef9e9e3c","src/test/java/org/junit/tests/ParentRunnerTest.java","1","0","0","5","38","46","1"
"hazelcast","9144e8128c3d271554f7230ee32e4d2e102fe811","hazelcast/src/main/java/com/hazelcast/map/operation/QueryPartitionOperation.java","1","0","0","5","38","64","0"
"hazelcast","217c507d7725e99aad3a544ca43bd57110eb4f17","hazelcast/src/main/java/com/hazelcast/concurrent/lock/operations/LockBackupOperation.java","1","0","0","5","38","65","0"
"neo4j","3599e18da72ec8de97cdc2b250bb7b4cbb86674b","community/server/src/main/java/org/neo4j/server/rest/transactional/TransitionalPeriodTransactionMessContainer.java","1","0","0","5","38","66","0"
"hazelcast","744c1e4f63f0af99d736812cc078c2e7ae4348ae","hazelcast/src/test/java/com/hazelcast/logging/Log4jLoggerTest.java","1","0","0","5","38","66","0"
"hazelcast","e1b69c53ca4923affcd7722f012a80e32517e988","hazelcast/src/main/java/com/hazelcast/internal/cluster/impl/operations/WhoisMasterOp.java","1","0","0","5","38","66","0"
"elasticsearch","bbf42d379dc5fac7cddf768b244aa1649efdb10d","plugins/cloud-gce/src/test/java/org/elasticsearch/cloud/gce/GceComputeServiceTwoNodesSameTagsMock.java","1","0","0","5","38","66","0"
"elasticsearch","40f119d85a4eaa39d0a6e594e46f70de725557f0","plugins/cloud-gce/src/test/java/org/elasticsearch/cloud/gce/GceComputeServiceTwoNodesSameTagsMock.java","1","0","0","5","38","66","1"
"orientdb","1b5b0057d670d01b6707fbd05dec214bd5f3f5f3","core/src/test/java/com/orientechnologies/orient/core/sql/functions/stat/OSQLFunctionUUIDTest.java","1","0","0","5","38","69","0"
"oryx","df27388cd4a3029d67283e23ecdd70b83fa4bd9b","app/oryx-app-serving/src/test/java/com/cloudera/oryx/app/serving/kmeans/AssignTest.java","1","0","0","5","39","65","0"
"hazelcast","10773b4cd855bdfd84ea80d22b8ed3c977459444","hazelcast/src/main/java/com/hazelcast/multimap/impl/operations/MultiMapBackupAwareOperation.java","1","0","0","5","39","67","0"
"hazelcast","50162bfb30b08bee4660b6696804fff3a4a4d444","hazelcast/src/main/java/com/hazelcast/durableexecutor/impl/operations/PutResultBackupOperation.java","1","0","0","5","39","68","0"
"hazelcast","d831651dd5814c8074c8b4727184701986f16039","hazelcast/src/main/java/com/hazelcast/multimap/impl/operations/MultiMapKeyBasedOperation.java","1","0","0","5","39","69","1"
"orientdb","934043fd762eb74dcecdbac5c11480573daecf50","jdbc/src/test/java/com/orientechnologies/orient/jdbc/OrientJdbcStatementTest.java","1","0","0","5","40","55","0"
"neo4j","803ec9deafb5ac3785faf698f126a32254d693be","community/server/src/main/java/org/neo4j/server/rest/transactional/TransitionalPeriodTransactionMessContainer.java","1","0","0","5","40","68","1"
"elasticsearch","2f8def11b5109eb80b47422a200bf7b7e07c8467","modules/lang-expression/src/test/java/org/elasticsearch/script/expression/ExpressionTests.java","1","0","0","5","40","70","2"
"elasticsearch","977712f9773c3eecea3958a5b8ddf934207775a6","modules/lang-expression/src/test/java/org/elasticsearch/script/expression/ExpressionTests.java","1","0","0","5","40","70","1"
"elasticsearch","634ce90dc06f20888a4ff655985a6baccf25a7db","modules/lang-expression/src/test/java/org/elasticsearch/script/expression/ExpressionTests.java","1","0","0","5","40","70","0"
"neo4j","083224bbfc9dfc2e59c049a9c5eedb758eb1c86e","community/bolt/src/test/java/org/neo4j/bolt/v1/runtime/Neo4jErrorTest.java","1","0","0","5","40","81","1"
"neo4j","886dbb454deaae6adcb4ff26e76f6e225eedca55","enterprise/core-edge/src/test/java/org/neo4j/coreedge/raft/log/segmented/EntryBasedLogPruningStrategyTest.java","1","0","0","5","40","87","0"
"hazelcast","f4c33973f2e5f804f6743683b11c8a43922bfc7e","hazelcast/src/test/java/com/hazelcast/test/mocknetwork/MockNodeContext.java","1","0","0","5","41","68","1"
"hazelcast","348281e641ee3c1b3ab056a8a701e4953716854f","hazelcast/src/test/java/com/hazelcast/instance/GroupPropertiesTest.java","1","0","0","5","42","57","1"
"hazelcast","e1b69c53ca4923affcd7722f012a80e32517e988","hazelcast/src/test/java/com/hazelcast/test/mocknetwork/MockNodeContext.java","1","0","0","5","42","69","0"
"hazelcast","a43f8ee8ca77bddba7a0b7c0a5422bc2ee7b1788","hazelcast/src/test/java/com/hazelcast/util/collection/InternalSetMultiMapTest.java","1","0","0","5","42","71","0"
"hazelcast","e1b69c53ca4923affcd7722f012a80e32517e988","hazelcast/src/main/java/com/hazelcast/internal/cluster/impl/operations/HeartbeatComplaintOp.java","1","0","0","5","42","72","0"
"elasticsearch","3f06d9f3b8516bb30a2890a36c2973f08f9c6076","modules/lang-expression/src/test/java/org/elasticsearch/script/expression/ExpressionTests.java","1","0","0","5","42","72","0"
"elasticsearch","82fa531ab4c1fb087d357ff15288c070d7393378","modules/lang-expression/src/test/java/org/elasticsearch/script/expression/ExpressionTests.java","1","0","0","5","42","72","0"
"elasticsearch","709cc9ba657af390afe2e30f41e8785d0e4f238d","modules/transport-netty4/src/test/java/org/elasticsearch/rest/Netty4HeadBodyIsEmptyIT.java","1","0","0","5","42","72","1"
"orientdb","8c01cab5ac79b59b9f3500f6c524b0ddcdac4804","core/src/test/java/com/orientechnologies/orient/core/sql/OCommandExecutorSQLTruncateTest.java","1","0","0","5","43","60","0"
"hazelcast","f295320580a557b2609ec22ae2abe788b0110bb3","hazelcast/src/test/java/com/hazelcast/osgi/impl/HazelcastOSGiScriptEngineManagerTest.java","1","0","0","5","43","73","0"
"hazelcast","3f46545bdca45f33e9257a896121007a1569235f","hazelcast/src/test/java/com/hazelcast/osgi/impl/HazelcastOSGiScriptEngineManagerTest.java","1","0","0","5","43","74","1"
"orientdb","6291aad36ffcf5634db0e0f102f12d545dc4aa94","core/src/test/java/com/orientechnologies/orient/core/db/OrientDBConfigTest.java","1","0","0","5","43","79","0"
"hazelcast","0ec7a854c3a503467512e9ee38504818732066e5","hazelcast/src/test/java/com/hazelcast/config/CacheSimpleConfigTest.java","1","0","0","5","44","56","0"
"hazelcast","fb3ad29dce210535edbae0e1f4af1a63cb07d11d","hazelcast/src/test/java/com/hazelcast/spi/discovery/multicast/MemberToMemberDiscoveryTest.java","1","0","0","5","44","70","0"
"hazelcast","a43f8ee8ca77bddba7a0b7c0a5422bc2ee7b1788","hazelcast/src/test/java/com/hazelcast/util/collection/InternalListMultiMapTest.java","1","0","0","5","44","72","0"
"hazelcast","5761278217ecc188118a812af46908ed3d531d4d","hazelcast-client/src/test/java/com/hazelcast/client/spi/ClientProxyDestroyTest.java","1","0","0","5","45","56","1"
"orientdb","a2eaf6636bb600c7e6d311b0bb7d112bbaafb4a0","etl/src/test/java/com/orientechnologies/orient/etl/transformer/OETLLogTransformerTest.java","1","0","0","5","45","83","0"
"elasticsearch","203f8433c20ff8a383557ed9a7f801cb26bb3aa1","core/src/test/java/org/elasticsearch/index/analysis/CJKFilterFactoryTests.java","1","0","0","5","46","73","2"
"neo4j","dcb9fd7851c8a66c89b4548f394323d113178de7","enterprise/cypher/cypher/src/test/java/org/neo4j/cypher/internal/codegen/CompiledRuntimeEchoIT.java","1","0","0","5","46","75","0"
"elasticsearch","334763acef7878dec9de7557b088d62f27695c8d","src/test/java/org/elasticsearch/node/internal/InternalSettingsPreparerTests.java","1","0","0","5","46","77","0"
"elasticsearch","de8354dd7fa93dbcc71f5dbf154079f92b2b0bf0","core/src/test/java/org/elasticsearch/index/mapper/core/NumberFieldTypeTests.java","1","0","0","5","46","79","2"
"hazelcast","2a0c927e78a54cd69f78bf72eedb256cabbc2eea","hazelcast-client/src/test/java/com/hazelcast/client/partitionservice/ClientPartitionServiceLiteMemberTest.java","1","0","0","5","47","60","1"
"neo4j","f13efebd3b366abe29b2da79819eda5d5e365bd6","community/lucene-index/src/test/java/org/neo4j/index/impl/lucene/legacy/WritableIndexReferenceTest.java","1","0","0","5","47","78","0"
"neo4j","868b4d731485023d2f7477e1133dcd5b263c851d","community/lucene-index/src/test/java/org/neo4j/index/impl/lucene/WritableIndexReferenceTest.java","1","0","0","5","47","79","0"
"antlr4","7525bb6e1dd6d8f68796789dc5f48a6108e7fef6","runtime/Java/src/org/antlr/v4/runtime/DiagnosticErrorStrategy.java","1","0","0","5","47","83","1"
"hazelcast","63a826655972b744494620ae25871cf0cdc9444f","hazelcast-client/src/test/java/com/hazelcast/client/partitionservice/ClientPartitionServiceLiteMemberTest.java","1","0","0","5","48","61","2"
"hazelcast","217c507d7725e99aad3a544ca43bd57110eb4f17","hazelcast/src/main/java/com/hazelcast/concurrent/lock/operations/AwaitBackupOperation.java","1","0","0","5","48","75","1"
"hazelcast","277bd8d8069ab0571cc8863e34b17b7c63360d76","hazelcast/src/main/java/com/hazelcast/concurrent/lock/operations/AwaitBackupOperation.java","1","0","0","5","48","75","1"
"hazelcast","3a1d456848dcafbe8a777d7d33434d63a8db1f0d","hazelcast/src/main/java/com/hazelcast/concurrent/lock/operations/AwaitBackupOperation.java","1","0","0","5","48","75","2"
"hazelcast","3ee4647695cf740a6f01e39a9831c212eb363199","hazelcast/src/main/java/com/hazelcast/concurrent/lock/operations/AwaitBackupOperation.java","1","0","0","5","48","75","2"
"hazelcast","50bbd60a9ae2031621834fa9ce729f448babd684","hazelcast/src/main/java/com/hazelcast/concurrent/lock/operations/AwaitBackupOperation.java","1","0","0","5","48","75","2"
"hazelcast","5186e0869fd957fd048d838064815d9922b133ec","hazelcast/src/main/java/com/hazelcast/concurrent/lock/operations/AwaitBackupOperation.java","1","0","0","5","48","75","3"
"hazelcast","6dde931db4c757e616cf4a343fdb54f59cf32acf","hazelcast/src/main/java/com/hazelcast/concurrent/lock/operations/AwaitBackupOperation.java","1","0","0","5","48","75","2"
"hazelcast","8400ca8852f129750f8232cdf5db21ffae134e02","hazelcast/src/main/java/com/hazelcast/concurrent/lock/operations/AwaitBackupOperation.java","1","0","0","5","48","75","0"
"neo4j","a93c570faa774c1a40b635b6a3e6d8ccb61a99e8","community/kernel/src/test/java/org/neo4j/test/LimitedFileSystemGraphDatabase.java","1","0","0","5","48","77","1"
"orientdb","984c71715a77135a3a3b46473e9b6f816f78fb60","etl/src/test/java/com/orientechnologies/orient/etl/transformer/OLogTransformerTest.java","1","0","0","5","50","68","0"
"elasticsearch","13a347239a48d71486692a72c066e940dec8921b","plugins/cloud-azure/src/test/java/org/elasticsearch/discovery/azure/AzureSimpleTest.java","1","0","0","5","50","86","2"
"orientdb","69dde5c3af532dfc8b7ec16104aef29d93001eca","core/src/test/java/com/orientechnologies/common/io/OIOUtilsTest.java","1","0","0","5","51","79","0"
"neo4j","868b4d731485023d2f7477e1133dcd5b263c851d","community/kernel/src/test/java/org/neo4j/test/LimitedFileSystemGraphDatabase.java","1","0","0","5","51","80","0"
"elasticsearch","df703dce0a104af7ee2f3c463117856a9bd55f1f","plugins/repository-gcs/src/test/java/org/elasticsearch/repositories/gcs/GoogleCloudStorageBlobStoreRepositoryTests.java","1","0","0","5","51","84","2"
"netty","eb5dc4bcedc7503738e19ee8635f4df58f7062a2","handler-proxy/src/test/java/io/netty/handler/proxy/HttpProxyHandlerTest.java","1","0","0","5","52","81","0"
"elasticsearch","00de8e07fc3df9c763bbc0b6890217dc5b6bee3e","core/src/test/java/org/elasticsearch/rest/action/admin/indices/RestIndicesStatsActionTests.java","1","0","0","5","54","84","3"
"elasticsearch","17a2fffc9be50102fa5a9da72053c82df23b1a64","core/src/test/java/org/elasticsearch/rest/action/admin/indices/RestIndicesStatsActionTests.java","1","0","0","5","54","84","2"
"elasticsearch","6796464f167ce293192c43efd1cf28e4434fd5da","core/src/test/java/org/elasticsearch/rest/action/admin/indices/RestIndicesStatsActionTests.java","1","0","0","5","54","84","4"
"elasticsearch","6baded8e7fb920e920a288bf53764a1da3d617da","core/src/test/java/org/elasticsearch/rest/action/admin/indices/RestIndicesStatsActionTests.java","1","0","0","5","54","84","3"
"elasticsearch","f5ac0e507661ec127afa07ed8dd34da50b2e4d5d","core/src/test/java/org/elasticsearch/rest/action/admin/indices/RestIndicesStatsActionTests.java","1","0","0","5","54","84","2"
"neo4j","6eabd27b55177dfd0f40b5c796235b9ec0c7aae6","enterprise/ha/src/test/java/org/neo4j/kernel/ha/cluster/modeswitch/UpdatePullerSwitcherTest.java","1","0","0","5","54","84","0"
"elasticsearch","30d7b8de2fa043bdca3ca55026aa74f06d404a76","src/test/java/org/elasticsearch/index/analysis/ShingleTokenFilterFactoryTests.java","1","0","0","5","54","84","0"
"elasticsearch","d06a8903fdccf5985bb1b9cbfcb92580d08a544c","core/src/test/java/org/elasticsearch/rest/action/admin/indices/RestIndicesStatsActionTests.java","1","0","0","5","54","84","0"
"hazelcast","a512b121ff00348a8cb1945d639e54aa1f55fbd6","hazelcast-client/src/test/java/com/hazelcast/client/lock/ClientLockWithTerminationTest.java","1","0","0","5","54","86","0"
"hazelcast","4a91f4eef271a8a8387d2e72b4d9b7fe1ce63c72","hazelcast/src/test/java/com/hazelcast/internal/diagnostics/MetricsPluginTest.java","1","0","0","5","55","68","0"
"hazelcast","cdb8b0e0e259c0992856d553f2aa04499043c84d","hazelcast/src/test/java/com/hazelcast/executor/LongRunningTaskTest.java","1","0","0","5","55","69","0"
"elasticsearch","203f8433c20ff8a383557ed9a7f801cb26bb3aa1","core/src/test/java/org/elasticsearch/index/analysis/ShingleTokenFilterFactoryTests.java","1","0","0","5","55","84","2"
"elasticsearch","39f362326e46b0e0df075288e1b5521f825d2b7b","src/test/java/org/elasticsearch/test/integration/deleteByQuery/DeleteByQueryTests.java","1","0","0","5","55","89","0"
"orientdb","9b23a8d860257704349b7852bb525137a4e573e4","core/src/test/java/com/orientechnologies/orient/core/db/hook/CheckHookCallCountTest.java","1","0","0","5","56","69","1"
"hazelcast","0deba7ff1ee19a1c74054acfb9b821c81a2aa7e4","hazelcast/src/test/java/com/hazelcast/internal/diagnostics/MetricsPluginTest.java","1","0","0","5","56","69","1"
"hazelcast","8f9018fabd6baf2dcb86985e78c8e79a764364a3","hazelcast/src/test/java/com/hazelcast/internal/diagnostics/MetricsPluginTest.java","1","0","0","5","56","69","0"
"hazelcast","810540661cf0b9662e3e1bc9b5dabc53a3c052f1","hazelcast/src/test/java/com/hazelcast/executor/LongRunningTaskTest.java","1","0","0","5","56","70","1"
"elasticsearch","01b18ad219933679256753fa8639c37d11cac1ff","src/test/java/org/elasticsearch/action/bulk/BulkRequestTests.java","1","0","0","5","56","84","1"
"neo4j","9b3b0aabf83ed7c8a09a65074c8093f18ef194fb","community/kernel/src/main/java/org/neo4j/kernel/builtinprocs/BuiltInDbmsProcedures.java","1","0","0","5","56","86","0"
"netty","b533a1361bbbc457c974ca365f8293ec27ffda1c","common/src/test/java/io/netty/util/ConstantPoolTest.java","1","0","0","5","57","85","0"
"hazelcast","6ba23866467dccb409a4969b9d9436ccf6bb9828","hazelcast-client/src/test/java/com/hazelcast/client/lock/ClientLockWithTerminationTest.java","1","0","0","5","57","89","0"
"hazelcast","e4a098c04e698118ff5f68b05e32bdc6d813e579","hazelcast-client/src/test/java/com/hazelcast/client/lock/ClientLockWithTerminationTest.java","1","0","0","5","57","90","1"
"neo4j","2dce9b701631b41aa14f4d8ff186c708b57abd1e","enterprise/core-edge/src/main/java/org/neo4j/coreedge/ReplicationModule.java","1","0","0","5","57","91","0"
"hazelcast","70d4de16ff0ac4518d09aad8c9f2ad9e782fb337","hazelcast/src/test/java/com/hazelcast/internal/management/ChangeClusterStateRequestTest.java","1","0","0","5","58","72","1"
"hazelcast","e197164cddd666b1a2504115a20281db200805fe","hazelcast-client/src/test/java/com/hazelcast/client/lock/ClientLockWithTerminationTest.java","1","0","0","5","58","89","0"
"neo4j","5e8fd553e4e127000734e31d43f5623eea742f7d","enterprise/core-edge/src/main/java/org/neo4j/coreedge/ReplicationModule.java","1","0","0","5","58","92","1"
"hazelcast","d568e4d926d925d57d4e79e34614390416749301","hazelcast/src/test/java/com/hazelcast/concurrent/atomicreference/AtomicReferenceInstanceSharingTest.java","1","0","0","5","59","75","0"
"hazelcast","70d4de16ff0ac4518d09aad8c9f2ad9e782fb337","hazelcast/src/test/java/com/hazelcast/concurrent/atomicreference/AtomicReferenceInstanceSharingTest.java","1","0","0","5","59","76","1"
"hazelcast","d568e4d926d925d57d4e79e34614390416749301","hazelcast/src/test/java/com/hazelcast/internal/cluster/impl/DiscoveryJoinerTest.java","1","0","0","5","61","72","0"
"neo4j","2af6d6d39b6fc99d460c39199563ad2b2998b3cf","community/kernel/src/main/java/org/neo4j/kernel/builtinprocs/BuiltInDbmsProcedures.java","1","0","0","5","61","92","0"
"hazelcast","8bccd78b8bd69738aa620adeef1b61025baca895","hazelcast/src/test/java/com/hazelcast/internal/diagnostics/MetricsPluginTest.java","1","0","0","5","62","75","1"
"elasticsearch","f5daa165f12a9ef84006ba16d89c8baf1efe4b94","core/src/test/java/org/elasticsearch/cluster/metadata/MetaDataIndexUpgradeServiceTests.java","1","0","0","5","63","94","1"
"elasticsearch","25fd9e26c4fb042d6f6dea14efcd239577bdbbc4","benchmarks/src/main/java/org/elasticsearch/benchmark/routing/allocation/Allocators.java","1","0","0","5","63","99","0"
"orientdb","fc62b9e2ad896783cae212f9ef0f23dd8a6cdb7f","core/src/test/java/com/orientechnologies/orient/core/record/impl/DefaultValueTest.java","1","0","0","5","64","86","0"
"elasticsearch","56cc87b7ccd41040d8fafcaf2da3680d96d10839","benchmarks/src/main/java/org/elasticsearch/benchmark/routing/allocation/Allocators.java","1","0","0","5","65","101","0"
"hazelcast","ed8ebd1d1ccb7cff9c3a80431b38529db26cdf75","hazelcast/src/test/java/com/hazelcast/spi/impl/operationservice/impl/operations/PartitionAwareFactoryAccessorTest.java","1","0","0","5","65","104","0"
"neo4j","01fa743af522d870e71c4a7c77de9b062756f70e","community/kernel/src/test/java/org/neo4j/helpers/ValueUtilsTest.java","1","0","0","5","65","115","0"
"hazelcast","810540661cf0b9662e3e1bc9b5dabc53a3c052f1","hazelcast/src/test/java/com/hazelcast/topic/impl/reliable/ReliableTopicDestroyTest.java","1","0","0","5","65","84","1"
"hazelcast","8b6e4403969a786368bfb92b2da2802eebf42704","hazelcast-client/src/test/java/com/hazelcast/client/ClientConnectionTest.java","1","0","0","5","66","102","1"
"hazelcast","d5b6af56230ef0fe067c1b68a412f238383088f5","hazelcast-client/src/test/java/com/hazelcast/client/ClientConnectionTest.java","1","0","0","5","66","102","1"
"hazelcast","074e6dae776fbb63e27c37397cc76417453a9abe","hazelcast-client/src/test/java/com/hazelcast/client/ClientConnectionTest.java","1","0","0","5","66","102","0"
"elasticsearch","bcc16654d21c5d6c5f43940b77948ada4087521b","src/test/java/org/elasticsearch/test/integration/search/preference/SearchPreferenceTests.java","1","0","0","5","66","104","1"
"elasticsearch","2b9cfff90f6a11095c36fae0dce35bbe9d0c6f96","core/src/test/java/org/elasticsearch/common/StringsTests.java","1","0","0","5","66","106","0"
"hazelcast","77bbdd697d37ea32ab7ee838b0a5ed9771761b26","hazelcast/src/test/java/com/hazelcast/util/VersionCheckTest.java","1","0","0","5","66","79","0"
"hazelcast","b170651b3aa3a4268f75e5d919e898d53141c90d","hazelcast/src/test/java/com/hazelcast/util/PhoneHomeTest.java","1","0","0","5","67","79","0"
"hazelcast","efe2b596a2451843c28c0fce31d9c5b804aaeaa3","hazelcast/src/test/java/com/hazelcast/util/PhoneHomeTest.java","1","0","0","5","67","79","0"
"hazelcast","60add6b9acd51b63fc3ac96977d6086907db322c","hazelcast/src/test/java/com/hazelcast/util/PhoneHomeTest.java","1","0","0","5","67","79","1"
"elasticsearch","4b94eb5cb8cc4294ed0e932a5f22c16bd90d4dd7","benchmarks/src/main/java/org/elasticsearch/benchmark/routing/allocation/Allocators.java","1","0","0","5","68","105","2"
"elasticsearch","860efb2ad28db09189c8423e05d0dba53010259c","benchmarks/src/main/java/org/elasticsearch/benchmark/routing/allocation/Allocators.java","1","0","0","5","68","105","2"
"elasticsearch","d3417fb02291f26964d77767020ef345d18c148f","benchmarks/src/main/java/org/elasticsearch/benchmark/routing/allocation/Allocators.java","1","0","0","5","68","105","0"
"elasticsearch","eb754a71be77efbfceb233573c2dc34f7eb7b702","modules/lang-mustache/src/main/java/org/elasticsearch/script/mustache/RestSearchTemplateAction.java","1","0","0","5","68","117","0"
"neo4j","28783f201196c8e95862b4cdee9bf7f2f794c12c","community/bolt/src/test/java/org/neo4j/bolt/v1/transport/integration/Neo4jWithSocket.java","1","0","0","5","69","101","0"
"hazelcast","a7fb3945d20f9ca04699166f984c5277fcb8f3a2","hazelcast-client/src/test/java/com/hazelcast/client/map/ClientMapWANExceptionTest.java","1","0","0","5","69","85","0"
"hazelcast","14cd049f230a8c5c201817964e7bcda15158e01c","hazelcast/src/main/java/com/hazelcast/scheduledexecutor/impl/ScheduledExecutorContainerHolder.java","1","0","0","5","7","30","0"
"neo4j","1b3aad3b619bd72c2c9f79bb7edf642c5dc56a6f","community/security/src/test/java/org/neo4j/server/security/auth/AuthProceduresTest.java","1","0","0","5","70","119","1"
"neo4j","cdda46d2875877b744ca96417f56dd749aec1500","community/server/src/test/java/org/neo4j/server/configuration/BaseServerConfigLoaderTest.java","1","0","0","5","72","127","0"
"elasticsearch","9f1d11696726bbe54a7a98a6c7fa0c7febf60c63","qa/evil-tests/src/test/java/org/elasticsearch/env/NodeEnvironmentEvilTests.java","1","0","0","5","76","106","0"
"hazelcast","5da39756a924fc9e2ed46c61fcadede40bb5efc7","hazelcast-client/src/test/java/com/hazelcast/client/HazelcastClientAtomicNumberTest.java","1","0","0","5","77","102","0"
"elasticsearch","764f7ef2ef09f6382e6d78dff8841b4396c17939","qa/evil-tests/src/test/java/org/elasticsearch/env/NodeEnvironmentEvilTests.java","1","0","0","5","77","107","2"
"elasticsearch","292dd8f992e101f9bffcd58c6c60a24ccbfec746","core/src/test/java/org/elasticsearch/action/admin/indices/mapping/put/PutMappingRequestTests.java","1","0","0","5","77","112","1"
"hazelcast","772b5217030e0fb94bf07a00d9b5e7b275a82030","hazelcast/src/test/java/com/hazelcast/query/impl/DateHelperTest.java","1","0","0","5","78","116","0"
"neo4j","c3a5cbf00866abb108bf34ce2e0680026fdd2025","community/server/src/test/java/org/neo4j/server/rest/web/DatabaseMetadataServiceTest.java","1","0","0","5","79","114","0"
"orientdb","b80668d3a300628d324103b1111b004808b757d7","core/src/main/java/com/orientechnologies/common/console/OConsoleReader.java","1","0","0","5","8","34","1"
"hazelcast","da85875a90f55daba93fc5e45ba3dc69fd0199af","hazelcast/src/test/java/com/hazelcast/spi/impl/operationservice/impl/operations/PartitionAwareFactoryAccessorTest.java","1","0","0","5","81","122","0"
"elasticsearch","0a69f1e283e26e5d9e6a000b68b9f4778de557a1","core/src/test/java/org/elasticsearch/index/mapper/DynamicMappingDisabledTests.java","1","0","0","5","82","115","2"
"elasticsearch","3f9c0fbb58ad2120cbc800d424f4365be287e349","core/src/test/java/org/elasticsearch/index/mapper/DynamicMappingDisabledTests.java","1","0","0","5","82","115","1"
"elasticsearch","5a64f08f048461a63a0ca1354a5050c954e63d52","core/src/test/java/org/elasticsearch/index/mapper/DynamicMappingDisabledTests.java","1","0","0","5","82","115","0"
"hazelcast","9cb639e36b34bf80cb167baf5f1a32c38ad15bc3","hazelcast-client/src/test/java/com/hazelcast/client/proxy/DistributedObjectListenerTest.java","1","0","0","5","83","118","1"
"hazelcast","bbbcd7673032ff59d8a40fef3c94076469b3099c","hazelcast-client/src/test/java/com/hazelcast/client/proxy/DistributedObjectListenerTest.java","1","0","0","5","83","118","2"
"hazelcast","ce1e746e22553cb26026935f03611d6db2a32491","hazelcast-client/src/test/java/com/hazelcast/client/proxy/DistributedObjectListenerTest.java","1","0","0","5","83","118","0"
"MapDB","4288ba82cfa9aa8c261bc9d1af2da9591402749f","src/test/java/org/mapdb/issues/Issue465Test.java","1","0","0","5","84","117","0"
"neo4j","10c8de2b701629da6caef1ca7abae76436691f23","community/procedure-compiler/integration-tests/src/test/java/org/neo4j/tooling/procedure/ProcedureTest.java","1","0","0","5","85","123","0"
"neo4j","9a371bafe80ceb4e6cdc8502fbd22f9f8ec3d59d","enterprise/core-edge/src/test/java/org/neo4j/coreedge/raft/log/RaftContentByteBufferMarshalTest.java","1","0","0","5","85","146","1"
"neo4j","6b75a9235ea38e0c47caacd25cc919023c0c958b","community/lucene-index/src/test/java/org/neo4j/kernel/api/impl/index/backup/ReadOnlyIndexSnapshotFileIteratorTest.java","1","0","0","5","86","123","0"
"hazelcast","82683a8423a0a3209f3dd70ca23835ee63f0d0b8","hazelcast/src/test/java/com/hazelcast/spi/impl/operationservice/impl/AsyncInboundResponseHandlerTest.java","1","0","0","5","87","122","0"
"hazelcast","ab6a19bb0b49334b5406027ff9a4a5ec8387dde0","hazelcast-client/src/test/java/com/hazelcast/client/test/HazelcastFactoryTest.java","1","0","0","5","87","122","0"
"hazelcast","73673199472b3fb25cf6c72de378a1d2bab18605","hazelcast/src/test/java/com/hazelcast/spi/impl/operationservice/impl/AsyncInboundResponseHandlerTest.java","1","0","0","5","87","122","1"
"neo4j","21dc057a8a68245281a22d7bdb8da5ae2103f057","enterprise/core-edge/src/test/java/org/neo4j/coreedge/raft/log/RaftContentByteBufferMarshalTest.java","1","0","0","5","87","148","0"
"hazelcast","86b064ba3f1e467e74e95d6da24b03122065ce36","hazelcast/src/test/java/com/hazelcast/spi/impl/operationservice/impl/AsyncInboundResponseHandlerTest.java","1","0","0","5","88","123","2"
"neo4j","868b4d731485023d2f7477e1133dcd5b263c851d","community/lucene-index/src/test/java/org/neo4j/index/impl/lucene/WritableIndexReferenceFactoryTest.java","1","0","0","5","88","131","0"
"neo4j","5b867ef859cd2183bee705922db86f1f22052ede","community/security/src/test/java/org/neo4j/commandline/admin/security/SetDefaultAdminCommandIT.java","1","0","0","5","89","126","0"
"orientdb","685eae8b02a50116ab0a52606703d99caeba48ee","core/src/main/java/com/orientechnologies/common/console/OConsoleReader.java","1","0","0","5","9","36","0"
"netty","65b34704567dd101b1daa452bfff68de6b7842d4","codec/src/test/java/io/netty/handler/codec/base64/Base64Test.java","1","0","0","5","92","121","0"
"orientdb","25891f633ba5c485893163c00d64002b2582e442","core/src/test/java/com/orientechnologies/orient/core/sql/OCommandExecutorSQLUpdateTest.java","1","0","0","5","93","118","0"
"hazelcast","b04a2bf45dc85bc1d0513f3ac65ea899616c9c39","hazelcast-client/src/test/java/com/hazelcast/client/cache/impl/nearcache/invalidation/CacheMetaDataGeneratorTest.java","1","0","0","5","95","140","0"
"neo4j","c6df52ac56269552d27f572a2af61ddce5a9095c","enterprise/causal-clustering/src/test/java/org/neo4j/causalclustering/catchup/storecopy/FileSenderTest.java","1","0","0","5","95","147","0"
"elasticsearch","33b8d7a19d6ddd6ad06a5a0cb5ca90175458e036","core/src/test/java/org/elasticsearch/search/aggregations/bucket/IpTermsIT.java","1","0","0","5","96","141","0"
"hazelcast","a4572ad08726e91bb5dc769d2e681fe2e919417e","hazelcast/src/test/java/com/hazelcast/spi/impl/operationservice/impl/Invocation_NotifyCallTimeoutTest.java","1","0","0","5","98","137","0"
"hazelcast","0cd4bb6392267a1761257eb39b69c734d59f536d","hazelcast/src/test/java/com/hazelcast/concurrent/lock/LockStoreImplTest.java","1","0","0","51","372","456","1"
"hazelcast","22ed79c3aec621258c1fef4c5892ccdffe84be7f","hazelcast/src/test/java/com/hazelcast/concurrent/lock/LockStoreImplTest.java","1","0","0","51","372","456","1"
"hazelcast","08e659f992761d79cd0342e77ce17ddb62e33295","hazelcast/src/test/java/com/hazelcast/concurrent/lock/LockStoreImplTest.java","1","0","0","51","372","456","0"
"orientdb","1588c28b4906c47b12518029d176da10704b37e9","client/src/main/java/com/orientechnologies/orient/client/binary/OBinaryRequestExecutor.java","1","0","0","51","55","108","1"
"hazelcast","df0d7fd83bf0ba427592c2727a417af3136f8d5f","hazelcast/src/main/java/com/hazelcast/map/RecordStore.java","1","0","0","51","60","130","1"
"hazelcast","264ea092a185417c64290cfb1f3a09c613639300","hazelcast/src/test/java/com/hazelcast/concurrent/lock/LockStoreImplTest.java","1","0","0","52","383","471","0"
"orientdb","3630d8c33e4a5494e5d085504dd957898c427d13","client/src/main/java/com/orientechnologies/orient/client/binary/OBinaryRequestExecutor.java","1","0","0","52","56","110","0"
"hazelcast","317fabec0c90b274c686ba018cc1b465fee244f2","hazelcast-client-new/src/test/java/com/hazelcast/client/quorum/ClientMapWriteQuorumTest.java","1","0","0","54","300","382","0"
"hazelcast","fbd3e1238608c3819d5f34d87d3a3a7b28a10f50","hazelcast-client-new/src/test/java/com/hazelcast/client/quorum/ClientMapWriteQuorumTest.java","1","0","0","54","302","384","1"
"hazelcast","58e4782c607905ce452f830bd68a2412a9e1961e","hazelcast/src/main/java/com/hazelcast/client/impl/protocol/parameters/MapTemplate.java","1","0","0","56","119","195","1"
"hazelcast","d38202141395360399c9cf97d4453adf5b1581e1","hazelcast/src/main/java/com/hazelcast/client/impl/protocol/parameters/MapTemplate.java","1","0","0","56","119","195","1"
"hazelcast","4e007a3426015aebfb4a640a624d2e2e9dc90817","hazelcast/src/main/java/com/hazelcast/client/impl/protocol/parameters/MapTemplate.java","1","0","0","56","119","195","0"
"hazelcast","2388114ba2aac3aa5417e6dcd6c4b8932db39281","hazelcast/src/test/java/com/hazelcast/query/impl/getters/GetterFactoryTest.java","1","0","0","57","463","616","1"
"hazelcast","e36951ca7052e1c3615bd11cc47443c094783a12","hazelcast/src/test/java/com/hazelcast/query/impl/getters/GetterFactoryTest.java","1","0","0","57","463","616","1"
"hazelcast","0261611ce1d6e95cd84910390d1c0c653fa0dfd2","hazelcast/src/test/java/com/hazelcast/query/impl/getters/GetterFactoryTest.java","1","0","0","57","463","616","0"
"mct","c51c585e19c0ee09920cb84aebf4039dd9691380","fastPlotViews/src/main/java/gov/nasa/arc/mct/fastplot/bridge/AbstractPlotLine.java","1","0","0","6","10","14","0"
"titan","8e76984347ad0cc94af1cde0ecb9b018e79d526c","titan-core/src/main/java/com/thinkaurelius/titan/graphdb/database/serialize/Serializer.java","1","0","0","6","10","20","0"
"hazelcast","fb7193109a7b7ad79fb0bdbded7a7283f217273b","hazelcast-client/src/main/java/com/hazelcast/client/connection/ClientConnectionManager.java","1","0","0","6","10","34","1"
"hazelcast","0b08ef830b8b0c4b3425d1b96b6ed1e574f43383","hazelcast/src/main/java/com/hazelcast/impl/Joiner.java","1","0","0","6","10","35","0"
"neo4j","3970fbec529fe86b946a265b893c85cb93ca9cd1","community/cypher/compatibility-spec-suite/src/test/java/cypher/CompatibilitySpecSuiteTest.java","1","0","0","6","100","138","0"
"hazelcast","0cf8d4e4b4bb67c11e3b136f5e719e6d498b7504","hazelcast-spring/src/test/java/com/hazelcast/spring/cache/JCacheCacheManagerDITest.java","1","0","0","6","100","141","0"
"hazelcast","317fabec0c90b274c686ba018cc1b465fee244f2","hazelcast-client-new/src/test/java/com/hazelcast/client/partitionservice/ClientPartitionLostListenerTest.java","1","0","0","6","101","130","0"
"neo4j","40225cdc40a645d34112abf8df384a4e31371082","community/cypher/compatibility-spec-suite/src/test/java/cypher/CompatibilitySpecSuiteTest.java","1","0","0","6","101","140","1"
"hazelcast","b35fc8b41b2a3d8aaa779330b394467579b97778","hazelcast/src/test/java/com/hazelcast/map/impl/LazyMapEntryTest.java","1","0","0","6","101","148","1"
"hazelcast","b777381e2f8cfc3d8bcde3a87c5cc9993e31d4a2","hazelcast-client-new/src/test/java/com/hazelcast/client/partitionservice/ClientPartitionLostListenerTest.java","1","0","0","6","103","132","1"
"hazelcast","0b99990c091b2e5235b2c7a72b4550327db4260c","hazelcast-client-new/src/test/java/com/hazelcast/client/map/ClientMapPartitionLostListenerTest.java","1","0","0","6","108","141","2"
"elasticsearch","315319b76325e6385f4c689329f875bf0a43ca6e","core/src/main/java/org/elasticsearch/common/lucene/search/function/CombineFunction.java","1","0","0","6","108","147","0"
"neo4j","57d6d3b885ab6d91d2f556a437e082e308316788","enterprise/core-edge/src/main/java/org/neo4j/coreedge/core/consensus/state/ExposedRaftState.java","1","0","0","6","11","38","0"
"hazelcast","b3226b60f9e49e2c4e3fd6062478f7f0d1f0ee81","hazelcast-client-new/src/test/java/com/hazelcast/client/map/ClientMapPartitionLostListenerTest.java","1","0","0","6","110","143","1"
"hazelcast","2b1ac3a1e5f6e8de60a0e99a7330280a59e76a8a","hazelcast/src/test/java/com/hazelcast/client/protocol/FuzzyClientProtocolBufferTest.java","1","0","0","6","112","150","0"
"neo4j","4b783033af1033767313a606fd21b7a127264309","enterprise/causal-clustering/src/test/java/org/neo4j/causalclustering/catchup/storecopy/FileSenderTest.java","1","0","0","6","117","171","1"
"neo4j","2cdcbc66cc86fce01daae442aacccadea654cb6f","community/graph-algo/src/test/java/org/neo4j/graphalgo/impl/util/PathImplTest.java","1","0","0","6","124","180","0"
"neo4j","868b4d731485023d2f7477e1133dcd5b263c851d","community/lucene-index/src/test/java/org/neo4j/kernel/api/impl/index/ReadOnlyLuceneIndexAccessorTest.java","1","0","0","6","125","164","0"
"orientdb","e2afc3dac038c69beb86949f42d0c49156980693","core/src/test/java/com/orientechnologies/orient/core/sql/OCommandExecutorSQLUpdateTest.java","1","0","0","6","125","176","1"
"elasticsearch","85ce81c34e7749c4f42f5f663c0d4a98aa746f9c","core/src/test/java/org/elasticsearch/action/admin/cluster/stats/ClusterStatsIT.java","1","0","0","6","125","187","1"
"neo4j","2e27f92cd55a1b84efcb0d4b6bc95b16450304a2","community/security/src/main/java/org/neo4j/server/security/auth/UserManager.java","1","0","0","6","13","40","1"
"BroadleafCommerce","1e8b29ba6d27d72811406cce7db53ed3fa903475","core/broadleaf-framework-web/src/main/java/org/broadleafcommerce/core/web/checkout/service/CheckoutFormService.java","1","0","0","6","14","39","0"
"hazelcast","bab7f1c1ba3f3d6d5cbd04e858e99a3955bfe7b9","hazelcast-client/src/test/java/com/hazelcast/client/ClientRegressionWithRealNetworkTest.java","1","0","0","6","141","187","0"
"antlr4","507f331bd08bc01c213822508d18bbc4ba769db4","tool/test/org/antlr/v4/test/TestListeners.java","1","0","0","6","187","227","1"
"elasticsearch","b352a90454085fde41cfb82d220f39513e6d83bb","core/src/test/java/org/elasticsearch/http/HttpServerTests.java","1","0","0","6","194","263","1"
"elasticsearch","3a46812a335a56c56106aabd98029854ee2b54b3","core/src/test/java/org/elasticsearch/http/HttpServerTests.java","1","0","0","6","196","265","0"
"hazelcast","ecc1cad32340c22fd1a3a3027d5498130142047b","hazelcast/src/test/java/com/hazelcast/query/PredicatesTest.java","1","0","0","6","198","239","1"
"orientdb","8c11feaaa8038bcbd58fddd594b8a88e99d62380","core/src/main/java/com/orientechnologies/orient/core/sql/parser/OInteger.java","1","0","0","6","20","31","0"
"hazelcast","6fa8fa0639e5b44d288480f8991b18a2b31c1c8f","hazelcast/src/main/java/com/hazelcast/map/operation/MapIsReadyOperation.java","1","0","0","6","20","43","1"
"hazelcast","9eca819f1506a901be96b5ceb655e1e60abc06b2","hazelcast-spring/src/test/java/com/hazelcast/spring/TestClientApplicationContext.java","1","0","0","6","202","268","0"
"hazelcast","ffd913a12a63a1039dc36bcb5a5f25fab845321c","hazelcast/src/test/java/com/hazelcast/query/PredicatesTest.java","1","0","0","6","206","247","0"
"elasticsearch","42b3f06a32844ade7fdf21e48f5e7e5800c31670","src/test/java/org/elasticsearch/test/integration/search/geo/GeoShapeIntegrationTests.java","1","0","0","6","206","266","0"
"elasticsearch","99d31cc8c84d0f55c9c052b2875bc2002b85d7b9","modules/elasticsearch/src/test/java/org/elasticsearch/cluster/structure/RoutingIteratorTests.java","1","0","0","6","218","269","1"
"hazelcast","ec303a8cb440c21ee6d4c6e9fe2a47b47347055c","hazelcast-ra/src/main/java/com/hazelcast/jca/ResourceAdapterImpl.java","1","0","0","6","22","46","1"
"hazelcast","22bdfcfa23a11ee774cc8c5b6308c0925c660aab","hazelcast/src/main/java/com/hazelcast/map/impl/operation/ContainsKeyOperation.java","1","0","0","6","22","47","1"
"elasticsearch","8fe1e5cdb89fb531e3d9f9f452f692b7bfebe143","modules/elasticsearch/src/test/java/org/elasticsearch/index/mapper/nested/NestedMappingTests.java","1","0","0","6","234","286","0"
"elasticsearch","4b94eb5cb8cc4294ed0e932a5f22c16bd90d4dd7","core/src/main/java/org/elasticsearch/action/admin/indices/cache/clear/ClearIndicesCacheRequestBuilder.java","1","0","0","6","24","52","2"
"elasticsearch","860efb2ad28db09189c8423e05d0dba53010259c","core/src/main/java/org/elasticsearch/action/admin/indices/cache/clear/ClearIndicesCacheRequestBuilder.java","1","0","0","6","24","52","2"
"elasticsearch","d3417fb02291f26964d77767020ef345d18c148f","core/src/main/java/org/elasticsearch/action/admin/indices/cache/clear/ClearIndicesCacheRequestBuilder.java","1","0","0","6","24","52","0"
"elasticsearch","21c4530aaf5cd14c6880185b14d2b155286ff9b8","modules/elasticsearch/src/test/java/org/elasticsearch/cluster/structure/RoutingIteratorTests.java","1","0","0","6","243","296","0"
"elasticsearch","4b94eb5cb8cc4294ed0e932a5f22c16bd90d4dd7","core/src/main/java/org/elasticsearch/action/NoShardAvailableActionException.java","1","0","0","6","25","52","2"
"elasticsearch","4b94eb5cb8cc4294ed0e932a5f22c16bd90d4dd7","core/src/main/java/org/elasticsearch/action/admin/cluster/node/hotthreads/NodesHotThreadsRequestBuilder.java","1","0","0","6","25","52","2"
"elasticsearch","d3417fb02291f26964d77767020ef345d18c148f","core/src/main/java/org/elasticsearch/action/admin/cluster/node/hotthreads/NodesHotThreadsRequestBuilder.java","1","0","0","6","25","52","0"
"hazelcast","6ac727db661eb934e5608e28e8a3603e7300d710","hazelcast/src/main/java/com/hazelcast/map/impl/operation/CheckIfPartitionFlushedOperationFactory.java","1","0","0","6","26","52","0"
"oryx","49c1ead1c67cc8b980a4be36cff731a14ba4f3fb","framework/oryx-lambda-serving/src/test/java/com/cloudera/oryx/lambda/serving/MockTopicProducer.java","1","0","0","6","26","53","0"
"orientdb","87154d21d3773b56833010727fdc7e1c88c9aee3","lucene/src/main/java/com/orientechnologies/lucene/index/OLuceneFullTextIndex.java","1","0","0","6","26","54","1"
"hazelcast","078c7e99b3b3d740e6e20c23fcdb0956b3b43c23","hazelcast/src/main/java/com/hazelcast/transaction/impl/xa/operations/CollectRemoteTransactionsOperationFactory.java","1","0","0","6","27","52","1"
"hazelcast","b35fc8b41b2a3d8aaa779330b394467579b97778","hazelcast/src/test/java/com/hazelcast/map/TestPredicate.java","1","0","0","6","27","53","1"
"junit","669bb577583f2edd8cd65008a7c9ac19ebc350ea","src/test/java/org/junit/tests/manipulation/FilterTest.java","1","0","0","6","28","35","0"
"hazelcast","5aa3d889f7a030f75575ff8b4d874fe75a6df845","hazelcast-spring/src/test/java/com/hazelcast/spring/transaction/ServiceBeanWithTransactionalContext.java","1","0","0","6","28","38","2"
"hazelcast","7001ec8c5b1305c796de75c2e3f170c562db8c03","hazelcast/src/main/java/com/hazelcast/client/impl/protocol/task/cache/CacheAssignAndGetUuidsOperationFactory.java","1","0","0","6","28","56","0"
"hazelcast","7001ec8c5b1305c796de75c2e3f170c562db8c03","hazelcast/src/main/java/com/hazelcast/client/impl/protocol/task/map/MapAssignAndGetUuidsOperationFactory.java","1","0","0","6","28","56","0"
"elasticsearch","d3417fb02291f26964d77767020ef345d18c148f","core/src/main/java/org/elasticsearch/action/TimestampParsingException.java","1","0","0","6","28","56","0"
"elasticsearch","4b94eb5cb8cc4294ed0e932a5f22c16bd90d4dd7","core/src/main/java/org/elasticsearch/action/TimestampParsingException.java","1","0","0","6","28","56","2"
"elasticsearch","860efb2ad28db09189c8423e05d0dba53010259c","core/src/main/java/org/elasticsearch/action/TimestampParsingException.java","1","0","0","6","28","56","2"
"mcMMO","6264bfa15faaeda7141aba6048310532249e01c1","src/main/java/com/gmail/nossr50/events/skills/alchemy/McMMOPlayerBrewEvent.java","1","0","0","6","29","39","0"
"elasticsearch","4b94eb5cb8cc4294ed0e932a5f22c16bd90d4dd7","core/src/main/java/org/elasticsearch/action/admin/indices/alias/exists/AliasesExistResponse.java","1","0","0","6","29","59","2"
"elasticsearch","860efb2ad28db09189c8423e05d0dba53010259c","core/src/main/java/org/elasticsearch/action/admin/indices/alias/exists/AliasesExistResponse.java","1","0","0","6","29","59","2"
"elasticsearch","d3417fb02291f26964d77767020ef345d18c148f","core/src/main/java/org/elasticsearch/action/admin/indices/alias/exists/AliasesExistResponse.java","1","0","0","6","29","59","0"
"neo4j","14da9bd533353adfe9550e62977d19904f504bcc","community/lucene-index/src/test/java/org/neo4j/kernel/api/impl/index/SearcherManagerStub.java","1","0","0","6","31","58","0"
"hazelcast","a7ec759936b5ee731affea3d124296616924c2d4","hazelcast/src/main/java/com/hazelcast/scheduledexecutor/impl/operations/GetAllScheduledOnPartitionOperation.java","1","0","0","6","31","59","0"
"hazelcast","bcda5dc037407610aabf3ea3e4368d2aecf92fb2","hazelcast/src/main/java/com/hazelcast/client/impl/operations/OperationFactoryWrapper.java","1","0","0","6","32","58","1"
"hazelcast","a7ec759936b5ee731affea3d124296616924c2d4","hazelcast/src/main/java/com/hazelcast/scheduledexecutor/impl/operations/GetAllScheduledOnMemberOperation.java","1","0","0","6","32","61","0"
"hazelcast","525c34cddd7f4e08d674611e177bab103e4d1881","hazelcast/src/main/java/com/hazelcast/util/CounterService.java","1","0","0","6","33","56","1"
"elasticsearch","4b94eb5cb8cc4294ed0e932a5f22c16bd90d4dd7","core/src/main/java/org/elasticsearch/action/admin/cluster/node/hotthreads/NodeHotThreads.java","1","0","0","6","33","63","2"
"elasticsearch","860efb2ad28db09189c8423e05d0dba53010259c","core/src/main/java/org/elasticsearch/action/admin/cluster/node/hotthreads/NodeHotThreads.java","1","0","0","6","33","63","2"
"elasticsearch","d3417fb02291f26964d77767020ef345d18c148f","core/src/main/java/org/elasticsearch/action/admin/cluster/node/hotthreads/NodeHotThreads.java","1","0","0","6","33","63","0"
"oryx","03f2c7f0ebb0042b92e67815be63d6b9b5cddedc","framework/oryx-lambda/src/test/java/com/cloudera/oryx/lambda/batch/ValueWritableConverterTest.java","1","0","0","6","34","59","0"
"elasticsearch","25fd9e26c4fb042d6f6dea14efcd239577bdbbc4","core/src/main/java/org/elasticsearch/action/admin/indices/flush/ShardFlushRequest.java","1","0","0","6","34","64","0"
"hazelcast","3187877a380d3982ed060399adb1a86b68e7c46c","hazelcast/src/main/java/com/hazelcast/cluster/SetMasterOperation.java","1","0","0","6","35","63","2"
"hazelcast","545d77374f383f61170ce2b72524d45e085b7d0e","hazelcast/src/main/java/com/hazelcast/cluster/SetMasterOperation.java","1","0","0","6","35","63","2"
"hazelcast","956075b1a8b98d578ba533fd283e8d675ab5e99b","hazelcast/src/main/java/com/hazelcast/cluster/SetMasterOperation.java","1","0","0","6","35","63","1"
"hazelcast","50c5966325df918d461a6bb074569e9ad7239790","hazelcast/src/main/java/com/hazelcast/cluster/SetMasterOperation.java","1","0","0","6","35","63","0"
"hazelcast","b35fc8b41b2a3d8aaa779330b394467579b97778","hazelcast/src/main/java/com/hazelcast/map/impl/operation/PartitionWideEntryWithPredicateOperationFactory.java","1","0","0","6","36","62","1"
"hazelcast","9dfbd933bfda3fa1cf525b0b7b9764e0ea5b1cf0","hazelcast/src/main/java/com/hazelcast/concurrent/idgen/IdGeneratorProxy.java","1","0","0","6","36","64","0"
"elasticsearch","04dec8470a0e2ee9f5b42cbfe87ce94911928fc1","core/src/test/java/org/elasticsearch/common/util/ExtensionPointTests.java","1","0","0","6","36","64","0"
"hazelcast","d3e09e369981a387ee9d6890e981c80104bd5ab7","hazelcast/src/main/java/com/hazelcast/concurrent/idgen/IdGeneratorProxy.java","1","0","0","6","36","64","1"
"hazelcast","3187877a380d3982ed060399adb1a86b68e7c46c","hazelcast/src/main/java/com/hazelcast/cluster/JoinRequestOperation.java","1","0","0","6","37","65","2"
"hazelcast","545d77374f383f61170ce2b72524d45e085b7d0e","hazelcast/src/main/java/com/hazelcast/cluster/JoinRequestOperation.java","1","0","0","6","37","65","2"
"hazelcast","50c5966325df918d461a6bb074569e9ad7239790","hazelcast/src/main/java/com/hazelcast/cluster/JoinRequestOperation.java","1","0","0","6","37","65","0"
"elasticsearch","262ea9534f23761c05570996674932a506259890","core/src/test/java/org/elasticsearch/common/util/LocaleUtilsTests.java","1","0","0","6","38","68","0"
"hazelcast","99797e8546af4e38ae1160d98df9af54d0cc43ae","hazelcast/src/test/java/com/hazelcast/query/SqlPredicateTest.java","1","0","0","6","39","63","3"
"hazelcast","7001ec8c5b1305c796de75c2e3f170c562db8c03","hazelcast/src/main/java/com/hazelcast/client/impl/protocol/task/cache/CacheAssignAndGetUuidsOperation.java","1","0","0","6","39","66","0"
"neo4j","562320c0be4006685ed6f086c12ef4e1f1964f3c","community/lucene-index/src/main/java/org/neo4j/kernel/api/impl/index/LuceneSchemaIndexProviderFactory.java","1","0","0","6","39","69","0"
"hazelcast","a4035afdfc67b757940a15578bc51b4e7b6b0b13","hazelcast-client-new/src/main/java/com/hazelcast/client/proxy/txn/ClientTxnListProxy.java","1","0","0","6","40","65","0"
"hazelcast","0443c4d9988380bf9fc61a871e7588b1e106aa44","hazelcast/src/main/java/com/hazelcast/concurrent/atomicreference/operations/ContainsOperation.java","1","0","0","6","40","68","0"
"hazelcast","cdb8b0e0e259c0992856d553f2aa04499043c84d","hazelcast/src/test/java/com/hazelcast/internal/management/ManagementCenterServiceTest.java","1","0","0","6","41","50","0"
"hazelcast","e1b69c53ca4923affcd7722f012a80e32517e988","hazelcast/src/main/java/com/hazelcast/internal/cluster/impl/operations/JoinRequestOp.java","1","0","0","6","41","71","0"
"hazelcast","4d8aae6dd931c55b38df88e7e066c3f862b36bac","hazelcast/src/test/java/com/hazelcast/test/mocknetwork/MockNodeContext.java","1","0","0","6","42","69","0"
"hazelcast","a43f8ee8ca77bddba7a0b7c0a5422bc2ee7b1788","hazelcast/src/test/java/com/hazelcast/util/collection/ComposedKeyMapTest.java","1","0","0","6","42","70","0"
"hazelcast","d070f1256c8c7fa823e6463487462826384ee1df","hazelcast/src/test/java/com/hazelcast/map/impl/nearcache/invalidation/NonStopInvalidatorTest.java","1","0","0","6","44","55","0"
"hazelcast","7001ec8c5b1305c796de75c2e3f170c562db8c03","hazelcast/src/main/java/com/hazelcast/client/impl/protocol/task/map/MapAssignAndGetUuidsOperation.java","1","0","0","6","44","72","0"
"hazelcast","0603aa048b33b7b63c240c8b0e5c509499c798f7","hazelcast/src/test/java/com/hazelcast/core/DistributedObjectListenerTest.java","1","0","0","6","45","71","2"
"hazelcast","4653486efe9e76439d1f23021ab16bc287ac9bfa","hazelcast/src/test/java/com/hazelcast/core/DistributedObjectListenerTest.java","1","0","0","6","45","71","2"
"hazelcast","abc9bfa0db06a44201372d006bcd522f96641537","hazelcast/src/test/java/com/hazelcast/core/DistributedObjectListenerTest.java","1","0","0","6","45","71","1"
"hazelcast","1e80790bee582aa938165a86719bfe2570b5c87b","hazelcast/src/test/java/com/hazelcast/core/DistributedObjectListenerTest.java","1","0","0","6","45","71","0"
"elasticsearch","c5a9edf1c7707359d90e29504ef6ff7f86ad548f","core/src/test/java/org/elasticsearch/index/analysis/CharMatcherTests.java","1","0","0","6","45","72","0"
"hazelcast","93fd800d6c6f6781ef95536bba7e2b200fe9678d","hazelcast/src/main/java/com/hazelcast/client/impl/protocol/task/RemoveDistributedObjectListenerMessageTask.java","1","0","0","6","45","75","2"
"hazelcast","b0a815f459c18eed67fcd6e4bf122bad043ef8a5","hazelcast/src/main/java/com/hazelcast/client/impl/protocol/task/RemoveDistributedObjectListenerMessageTask.java","1","0","0","6","45","75","1"
"hazelcast","da8888f97af74b4590dfc1dce3d0bdeb44654000","hazelcast/src/main/java/com/hazelcast/client/impl/protocol/task/RemoveDistributedObjectListenerMessageTask.java","1","0","0","6","45","75","0"
"hazelcast","2ee9e1f24c253f300f4be6cdcc6b24e128a58618","hazelcast-client/src/main/java/com/hazelcast/client/impl/ItemListenerManager.java","1","0","0","6","46","75","1"
"hazelcast","27d49efcee88ee428254cf38353e8698ea127c45","hazelcast/src/main/java/com/hazelcast/client/impl/protocol/task/RemoveDistributedObjectListenerMessageTask.java","1","0","0","6","46","76","1"
"hazelcast","ae877df50978fcfb112d6d0cab2c78f80d1ee770","hazelcast/src/main/java/com/hazelcast/client/impl/protocol/task/RemoveDistributedObjectListenerMessageTask.java","1","0","0","6","46","76","1"
"hazelcast","ae877df50978fcfb112d6d0cab2c78f80d1ee770","hazelcast/src/main/java/com/hazelcast/client/impl/protocol/task/RemovePartitionLostListenerMessageTask.java","1","0","0","6","46","76","1"
"hazelcast","d65de8708631978b87d39db7c947a073e0963228","hazelcast/src/main/java/com/hazelcast/client/impl/protocol/task/RemovePartitionLostListenerMessageTask.java","1","0","0","6","46","76","2"
"hazelcast","d65de8708631978b87d39db7c947a073e0963228","hazelcast/src/main/java/com/hazelcast/client/impl/protocol/task/RemoveDistributedObjectListenerMessageTask.java","1","0","0","6","46","76","2"
"hazelcast","264b730b6e10ae9df6f5d8727209ca007160236f","hazelcast/src/main/java/com/hazelcast/client/impl/protocol/task/RemovePartitionLostListenerMessageTask.java","1","0","0","6","46","76","0"
"hazelcast","264b730b6e10ae9df6f5d8727209ca007160236f","hazelcast/src/main/java/com/hazelcast/client/impl/protocol/task/RemoveDistributedObjectListenerMessageTask.java","1","0","0","6","46","76","0"
"elasticsearch","e74d02138f02a66331b2611b5e70a908bb49cb97","core/src/test/java/org/elasticsearch/common/io/stream/NamedWriteableRegistryTests.java","1","0","0","6","47","76","0"
"hazelcast","ae877df50978fcfb112d6d0cab2c78f80d1ee770","hazelcast/src/main/java/com/hazelcast/client/impl/protocol/task/map/MapRemovePartitionLostListenerMessageTask.java","1","0","0","6","47","78","1"
"hazelcast","d65de8708631978b87d39db7c947a073e0963228","hazelcast/src/main/java/com/hazelcast/client/impl/protocol/task/map/MapRemovePartitionLostListenerMessageTask.java","1","0","0","6","47","78","2"
"hazelcast","264b730b6e10ae9df6f5d8727209ca007160236f","hazelcast/src/main/java/com/hazelcast/client/impl/protocol/task/map/MapRemovePartitionLostListenerMessageTask.java","1","0","0","6","47","78","0"
"hazelcast","e8f677e06a7504cf63bc1918bccc12b7ea2b174f","hazelcast/src/main/java/com/hazelcast/cluster/impl/operations/RollbackClusterStateOperation.java","1","0","0","6","48","77","1"
"hazelcast","ae877df50978fcfb112d6d0cab2c78f80d1ee770","hazelcast/src/main/java/com/hazelcast/client/impl/protocol/task/map/MapRemoveEntryListenerMessageTask.java","1","0","0","6","49","79","1"
"hazelcast","d65de8708631978b87d39db7c947a073e0963228","hazelcast/src/main/java/com/hazelcast/client/impl/protocol/task/map/MapRemoveEntryListenerMessageTask.java","1","0","0","6","49","79","2"
"hazelcast","264b730b6e10ae9df6f5d8727209ca007160236f","hazelcast/src/main/java/com/hazelcast/client/impl/protocol/task/map/MapRemoveEntryListenerMessageTask.java","1","0","0","6","49","79","0"
"hazelcast","ae877df50978fcfb112d6d0cab2c78f80d1ee770","hazelcast/src/main/java/com/hazelcast/client/impl/protocol/task/topic/TopicRemoveMessageListenerMessageTask.java","1","0","0","6","49","80","1"
"hazelcast","d65de8708631978b87d39db7c947a073e0963228","hazelcast/src/main/java/com/hazelcast/client/impl/protocol/task/topic/TopicRemoveMessageListenerMessageTask.java","1","0","0","6","49","80","2"
"hazelcast","264b730b6e10ae9df6f5d8727209ca007160236f","hazelcast/src/main/java/com/hazelcast/client/impl/protocol/task/topic/TopicRemoveMessageListenerMessageTask.java","1","0","0","6","49","80","0"
"junit","36397848551f1dc843e4bf5036ff7b00b5cd6adb","src/test/java/org/junit/tests/listening/TestListenerTest.java","1","0","0","6","50","61","0"
"hazelcast","e9ad21b48eab9a80109665a6c908e8dade18b4b6","hazelcast/src/test/java/com/hazelcast/spi/discovery/multicast/MemberToMemberDiscoveryTest.java","1","0","0","6","50","77","1"
"hazelcast","ae877df50978fcfb112d6d0cab2c78f80d1ee770","hazelcast/src/main/java/com/hazelcast/client/impl/protocol/task/cache/CacheRemovePartitionLostListenerMessageTask.java","1","0","0","6","50","81","0"
"hazelcast","ae877df50978fcfb112d6d0cab2c78f80d1ee770","hazelcast/src/main/java/com/hazelcast/client/impl/protocol/task/replicatedmap/ReplicatedMapRemoveEntryListenerMessageTask.java","1","0","0","6","51","81","1"
"hazelcast","d65de8708631978b87d39db7c947a073e0963228","hazelcast/src/main/java/com/hazelcast/client/impl/protocol/task/replicatedmap/ReplicatedMapRemoveEntryListenerMessageTask.java","1","0","0","6","51","81","2"
"hazelcast","264b730b6e10ae9df6f5d8727209ca007160236f","hazelcast/src/main/java/com/hazelcast/client/impl/protocol/task/replicatedmap/ReplicatedMapRemoveEntryListenerMessageTask.java","1","0","0","6","51","81","0"
"hazelcast","e4f7959a373b0263506a00fa6941d0020407e6fd","hazelcast/src/main/java/com/hazelcast/client/impl/protocol/parameters/DataEntryListResultParameters.java","1","0","0","6","51","83","1"
"neo4j","673a2d43f0183ad12d9365940576638dafbd75bc","community/server/src/test/java/org/neo4j/server/configuration/ConfigWrappingConfigurationTest.java","1","0","0","6","51","97","0"
"neo4j","cdda46d2875877b744ca96417f56dd749aec1500","community/server/src/test/java/org/neo4j/server/configuration/ConfigWrappingConfigurationTest.java","1","0","0","6","51","97","0"
"neo4j","269c1c2fa4ded11eb10584c2c5fa55b710cdb1b7","community/server/src/test/java/org/neo4j/server/configuration/ConfigWrappingConfigurationTest.java","1","0","0","6","51","97","1"
"junit","1cec456a2c5638818959856eb3cef98743cbe08b","src/test/java/org/junit/tests/listening/TestListenerTest.java","1","0","0","6","52","64","1"
"orientdb","39a8884d03c0bc49b8ecf655a22fe80646afa1e6","spatial/src/main/java/com/orientechnologies/spatial/shape/ORectangleShapeBuilder.java","1","0","0","6","54","84","0"
"hazelcast","490031a220076fe6cf002b209e986e2edbad57b9","hazelcast-client/src/test/java/com/hazelcast/client/spi/ClientProxyDestroyTest.java","1","0","0","6","57","68","0"
"neo4j","9f6dc978acf524a8c0401b92477e5dd54b488e22","community/server/src/test/java/org/neo4j/server/configuration/ConfigFileBuilder.java","1","0","0","6","57","91","0"
"hazelcast","772b5217030e0fb94bf07a00d9b5e7b275a82030","hazelcast/src/test/java/com/hazelcast/query/impl/DefaultValueCollectorTest.java","1","0","0","6","58","74","0"
"hazelcast","21586825d367940e1c79cf289e97310daab1200d","hazelcast/src/test/java/com/hazelcast/query/impl/DefaultValueCollectorTest.java","1","0","0","6","58","75","1"
"elasticsearch","49bdd29f91eb3568a8bac28e043f422a208104d1","core/src/test/java/org/elasticsearch/common/settings/loader/YamlSettingsLoaderTests.java","1","0","0","6","58","94","1"
"hazelcast","7cb643fe78207b3068926aa8c628ecb466bdb934","hazelcast/src/test/java/com/hazelcast/internal/cluster/impl/JoinMessageTrustCheckerTest.java","1","0","0","6","59","72","0"
"BroadleafCommerce","1d6d9e9d14cd95417746ef0404084f9e3346758f","integration/src/test/java/org/broadleafcommerce/core/offer/service/CreateOfferUtility.java","1","0","0","6","59","84","0"
"elasticsearch","37452dbe23bf26d1687c0ca37d3949c8e5348501","core/src/test/java/org/elasticsearch/cli/TerminalTests.java","1","0","0","6","59","89","1"
"elasticsearch","ef83dbfbe68eff4b72575a2059a333469b274769","core/src/main/java/org/elasticsearch/index/fielddata/plain/PagedBytesAtomicFieldData.java","1","0","0","6","59","95","2"
"elasticsearch","6862c48791f1acf622dca2ad749dc746a5394d0c","core/src/test/java/org/elasticsearch/search/highlight/PlainHighlighterTests.java","1","0","0","6","60","91","0"
"elasticsearch","33b8d7a19d6ddd6ad06a5a0cb5ca90175458e036","core/src/main/java/org/elasticsearch/index/fielddata/plain/PagedBytesAtomicFieldData.java","1","0","0","6","60","96","0"
"elasticsearch","48548f6c3d92ad3668ba21567e37e52e6eec9d5a","core/src/test/java/org/elasticsearch/cli/TerminalTests.java","1","0","0","6","61","91","0"
"elasticsearch","6090c51fc5531691cb3babaa5dca456126bfb281","core/src/test/java/org/elasticsearch/search/fetch/subphase/highlight/PlainHighlighterTests.java","1","0","0","6","61","92","1"
"elasticsearch","3ce7b119d28e7d1be7284bd804606a65c2d1a383","core/src/test/java/org/elasticsearch/common/settings/loader/YamlSettingsLoaderTests.java","1","0","0","6","61","98","0"
"oryx","eff199ff1f6cad1b4ff13829dfb29ff4884d4c31","app/oryx-app-common/src/test/java/com/cloudera/oryx/app/kmeans/KMeansUtilsTest.java","1","0","0","6","62","89","0"
"hazelcast","38bd0b41d707ca4d5ca394cda10ce68d44672fff","hazelcast/src/test/java/com/hazelcast/cluster/ClusterJoinConfigCheckTest.java","1","0","0","6","63","83","1"
"oryx","fddb336ac30ea3fb0bde91c61ef043f523d7d9fe","framework/oryx-common/src/test/java/com/cloudera/oryx/common/pmml/PMMLUtilsTest.java","1","0","0","6","64","90","0"
"elasticsearch","38009efedd9f75cc78cbb925a5dc0d10efb8713b","core/src/test/java/org/elasticsearch/index/analysis/CJKFilterFactoryTests.java","1","0","0","6","64","96","0"
"orientdb","7177f9ee131b9ba26b5a3b5a853ba2b0ee239010","jdbc/src/test/java/com/orientechnologies/orient/jdbc/OrientJdbcResultSetTest.java","1","0","0","6","65","112","0"
"orientdb","151d90900c37509903967e354cdf2de51e77c9b8","jdbc/src/test/java/com/orientechnologies/orient/jdbc/OrientJdbcResultSetTest.java","1","0","0","6","65","129","1"
"hazelcast","83a0cf18d1ea739f59d79c242d73f72375ad3237","hazelcast/src/test/java/com/hazelcast/partition/PartitionMigrationListenerTest.java","1","0","0","6","65","89","0"
"hazelcast","358bc0567ee888fc2b1167e21d964047cbf60013","hazelcast/src/test/java/com/hazelcast/map/impl/record/DataRecordFactoryTest.java","1","0","0","6","66","102","1"
"orientdb","009a96e934127f3a07e5e205a7f668a35c40752a","jdbc/src/test/java/com/orientechnologies/orient/jdbc/OrientJdbcResultSetTest.java","1","0","0","6","66","111","1"
"hazelcast","aa93f64600952edbb4010c9c0d2f52d310f324ce","hazelcast/src/test/java/com/hazelcast/partition/PartitionMigrationListenerTest.java","1","0","0","6","66","90","2"
"elasticsearch","444c4f1af8c2398d2063b8099b620c1a165afde6","core/src/test/java/org/elasticsearch/search/fetch/subphase/highlight/PlainHighlighterTests.java","1","0","0","6","66","95","0"
"oryx","eff199ff1f6cad1b4ff13829dfb29ff4884d4c31","app/oryx-app-mllib/src/test/java/com/cloudera/oryx/app/batch/mllib/kmeans/KMeansEvalIT.java","1","0","0","6","69","99","0"
"neo4j","9d9bb3a75547d4dbfb5fa45920c13b58b72559a8","community/kernel/src/main/java/org/neo4j/kernel/builtinprocs/BuiltInDbmsProcedures.java","1","0","0","6","70","101","1"
"elasticsearch","7ac44656df9280580c04ffc93f38dba24c385231","modules/transport-netty4/src/test/java/org/elasticsearch/rest/Netty4HeadBodyIsEmptyIT.java","1","0","0","6","70","103","0"
"elasticsearch","a6158398dd301b8a424509996ce7c87624ff8f30","modules/transport-netty4/src/test/java/org/elasticsearch/rest/Netty4HeadBodyIsEmptyIT.java","1","0","0","6","70","103","0"
"elasticsearch","c2494bbaedb0808a52a22ce61eed3fa4adc9956d","modules/transport-netty4/src/test/java/org/elasticsearch/rest/Netty4HeadBodyIsEmptyIT.java","1","0","0","6","70","103","0"
"elasticsearch","5808aea2651bc265b91003fd932b5b43cb35d6d1","modules/transport-netty4/src/test/java/org/elasticsearch/rest/Netty4HeadBodyIsEmptyIT.java","1","0","0","6","70","103","1"
"elasticsearch","38009efedd9f75cc78cbb925a5dc0d10efb8713b","core/src/test/java/org/elasticsearch/index/analysis/ShingleTokenFilterFactoryTests.java","1","0","0","6","72","106","0"
"elasticsearch","bdf836a2866296083523f6cbdd30ec7a521c49c6","plugins/repository-gcs/src/test/java/org/elasticsearch/repositories/gcs/GoogleCloudStorageBlobStoreRepositoryTests.java","1","0","0","6","72","124","0"
"hazelcast","8f419459821e2d7e744122b4b3a9482e6fc0ebb2","hazelcast/src/test/java/com/hazelcast/partition/impl/ResetReplicaVersionOperationTest.java","1","0","0","6","75","96","0"
"neo4j","737bbf8d7a2c473b0df517235b3822c3b4110231","community/bolt/src/test/java/org/neo4j/bolt/v1/runtime/concurrent/RunnableBoltWorkerTest.java","1","0","0","6","76","129","0"
"hazelcast","6089fd2a02f5a274f0bd303d51105069b1bb7e3c","hazelcast/src/main/java/com/hazelcast/transaction/impl/TransactionSupport.java","1","0","0","6","8","32","1"
"elasticsearch","9080f51340b1b26f8bd171b4c82de8d87ad42b55","plugins/mapper-size/src/test/java/org/elasticsearch/index/mapper/size/SizeMappingTests.java","1","0","0","6","81","119","1"
"elasticsearch","3aabda6752ced45137bb6d3ad1bd1720f348cbbb","core/src/test/java/org/elasticsearch/cluster/metadata/MetaDataIndexUpgradeServiceTests.java","1","0","0","6","83","116","0"
"neo4j","cdda46d2875877b744ca96417f56dd749aec1500","community/server/src/test/java/org/neo4j/server/configuration/ServerConfigLoaderTest.java","1","0","0","6","84","141","0"
"elasticsearch","e08e92d934e8c97c94f19f5811507175dcec3c58","core/src/test/java/org/elasticsearch/action/bulk/TransportBulkActionTests.java","1","0","0","6","85","135","0"
"netty","6cd086050f0af1c81f8155472cd4160e7a185718","resolver-dns/src/test/java/io/netty/resolver/dns/UnixResolverDnsServerAddressStreamProviderTest.java","1","0","0","6","86","117","0"
"hazelcast","102cc4ef8d2e7bf4eca5451494ef6bf09deb6e43","hazelcast-client/src/test/java/com/hazelcast/client/spi/ProxyFactoryTest.java","1","0","0","6","87","108","0"
"hazelcast","330efef1f7194aaae5093af2ed205961dacf9e36","hazelcast-client/src/test/java/com/hazelcast/client/replicatedmap/nearcache/ClientReplicatedMapNearCacheBasicTest.java","1","0","0","6","87","123","1"
"neo4j","5b867ef859cd2183bee705922db86f1f22052ede","community/security/src/test/java/org/neo4j/commandline/admin/security/SetDefaultAdminCommandTest.java","1","0","0","6","88","130","0"
"orientdb","f4ccd6b0c2e1e33dd9420915e3b4916f9fbebc30","jdbc/src/test/java/com/orientechnologies/orient/jdbc/OrientJdbcResultSetMetaDataTest.java","1","0","0","6","88","143","0"
"elasticsearch","ae69645e9f88a27111446ccb2487c9325b1c4d3a","core/src/test/java/org/elasticsearch/index/mapper/routing/RoutingTypeMapperTests.java","1","0","0","6","89","126","1"
"neo4j","9a371bafe80ceb4e6cdc8502fbd22f9f8ec3d59d","enterprise/core-edge/src/test/java/org/neo4j/coreedge/raft/replication/CoreReplicatedContentMarshalTest.java","1","0","0","6","89","129","1"
"titan","ee1d562528178614735f8e5526856dc1e407c97e","titan-core/src/main/java/com/thinkaurelius/titan/graphdb/database/serialize/Serializer.java","1","0","0","6","9","18","0"
"BroadleafCommerce","0b82dddef8d8a719cf608eae326d394cb23b6218","core/broadleaf-framework/src/main/java/org/broadleafcommerce/core/offer/dao/OfferAuditDao.java","1","0","0","6","9","32","2"
"hazelcast","cfb0b95ecb4fbce016be038f5e9f7c8e0fe9eb8e","hazelcast-client/src/test/java/com/hazelcast/client/spi/ProxyFactoryTest.java","1","0","0","6","90","113","1"
"neo4j","21dc057a8a68245281a22d7bdb8da5ae2103f057","enterprise/core-edge/src/test/java/org/neo4j/coreedge/raft/replication/CoreReplicatedContentMarshalTest.java","1","0","0","6","91","131","0"
"elasticsearch","046abdc281c321cd2128ee7684c0edfcaca07203","core/src/test/java/org/elasticsearch/index/mapper/DynamicMappingDisabledTests.java","1","0","0","6","92","128","2"
"elasticsearch","22e63b478306fb3cab6ba8967db6e1f2b73cdfd8","core/src/test/java/org/elasticsearch/index/mapper/DynamicMappingDisabledTests.java","1","0","0","6","92","128","1"
"elasticsearch","e74d02138f02a66331b2611b5e70a908bb49cb97","core/src/test/java/org/elasticsearch/index/mapper/DynamicMappingDisabledTests.java","1","0","0","6","92","128","0"
"hazelcast","8459a01a61a79f15c73e37e9e72923c7f82f17e6","hazelcast/src/test/java/com/hazelcast/config/ConfigXmlGeneratorTest.java","1","0","0","6","92","137","0"
"hazelcast","df980fabc193c34437e2433a78e429bf4499f8ad","hazelcast/src/test/java/com/hazelcast/config/ConfigXmlGeneratorTest.java","1","0","0","6","94","139","1"
"hazelcast","51d7586e9767ff8edcdf5502bcfe3e51cd5de62b","hazelcast-client-new/src/test/java/com/hazelcast/client/ClientConnectionTest.java","1","0","0","6","96","145","0"
"orientdb","2a06ddfcd18a9c9797bc721e91faab337f7b6b6b","jdbc/src/test/java/com/orientechnologies/orient/jdbc/OrientJdbcResultSetMetaDataTest.java","1","0","0","6","96","152","1"
"hazelcast","27d49efcee88ee428254cf38353e8698ea127c45","hazelcast-client/src/test/java/com/hazelcast/client/txn/ClientTxnDisconnectionTest.java","1","0","0","6","97","129","1"
"hazelcast","725a7fba1663e62a3fb4685fbb6d24184810f70d","hazelcast-client/src/test/java/com/hazelcast/client/txn/ClientTxnDisconnectionTest.java","1","0","0","6","97","129","1"
"hazelcast","c73061bee024aae26f9077c96e4acc2c492ec62d","hazelcast-client/src/test/java/com/hazelcast/client/txn/ClientTxnDisconnectionTest.java","1","0","0","6","97","129","0"
"hazelcast","93fd800d6c6f6781ef95536bba7e2b200fe9678d","hazelcast-client/src/test/java/com/hazelcast/client/txn/ClientTxnDisconnectionTest.java","1","0","0","6","97","131","0"
"hazelcast","d9fb430ab0f78ed947e75675c4f4799b732a2c99","hazelcast-client/src/test/java/com/hazelcast/client/txn/ClientTxnDisconnectionTest.java","1","0","0","6","97","131","0"
"hazelcast","e7b3c0e3c16c8b43b36d15ecb122fee2e2bdcf0d","hazelcast-client/src/test/java/com/hazelcast/client/txn/ClientTxnDisconnectionTest.java","1","0","0","6","97","131","1"
"neo4j","ba9c54d5091b67263bd7299711daac5a7ee26e14","community/server/src/test/java/org/neo4j/server/rest/repr/MapRepresentationTest.java","1","0","0","6","97","135","0"
"hazelcast","489cc81c4df8815a70ce55529ee3e0820c3dd27d","hazelcast-client-legacy/src/test/java/com/hazelcast/client/ClientConnectionTest.java","1","0","0","6","97","144","1"
"hazelcast","0636e7956d5cb082ea6cfbd58ae2cbf110e7a92b","hazelcast-client/src/test/java/com/hazelcast/client/ClientConnectionTest.java","1","0","0","6","97","145","0"
"neo4j","345d719d90ad36705621be9b657ee802a741cffb","community/shell/src/test/java/org/neo4j/shell/StartClientTest.java","1","0","0","6","97","151","0"
"hazelcast","4b37b0ebf8a268dba38bcdd279b2ad087568b60a","hazelcast/src/test/java/com/hazelcast/map/impl/LazyMapEntryTest.java","1","0","0","6","98","146","0"
"hazelcast","11e77aa8ef9f1ba50a9ba8cc015da897bca676f4","hazelcast-client/src/test/java/com/hazelcast/client/txn/ClientTxnDisconnectionTest.java","1","0","0","6","99","133","1"
"hazelcast","6ca4748cc8ab6d635d57f59214986a4f4c4e1211","hazelcast/src/test/java/com/hazelcast/config/ConfigXmlGeneratorTest.java","1","0","0","6","99","138","0"
"hazelcast","4451a9260efa238a34993c17aa155ce6fe1b884e","hazelcast-client-new/src/test/java/com/hazelcast/client/ClientConnectionTest.java","1","0","0","6","99","147","1"
"hazelcast","a1eb32e4a02240540cbb54539fc5e039954b3fd3","hazelcast/src/main/java/com/hazelcast/nio/tcp/IOSelector.java","1","0","0","7","10","36","1"
"neo4j","8a2d3beff52bcf03814a519f4492e8667ba80f17","community/kernel/src/test/java/org/neo4j/kernel/impl/api/integrationtest/ProceduresKernelIT.java","1","0","0","7","100","160","1"
"neo4j","c78d5b9a732e8512a6136e4194de35dbffdeaca6","community/kernel/src/main/java/org/neo4j/kernel/recovery/DefaultRecoverySPI.java","1","0","0","7","101","142","1"
"elasticsearch","2a32cf338eeba19e5438c873856ad42bc9e75fc9","src/test/java/org/elasticsearch/index/mapper/ttl/TTLMappingTests.java","1","0","0","7","103","141","1"
"neo4j","99aff5416eec27b7ed42457d4841cc448ad28c93","enterprise/core-edge/src/test/java/org/neo4j/coreedge/catchup/tx/TxPollingClientTest.java","1","0","0","7","107","163","0"
"elasticsearch","e23d116bc5411e8aec4f9225272929be6a7dd65b","core/src/test/java/org/elasticsearch/index/mapper/internal/ParentFieldMapperTests.java","1","0","0","7","109","159","0"
"neo4j","222cc20feb0c344dc2cbd8f1da693b1898c77e88","enterprise/core-edge/src/test/java/org/neo4j/coreedge/catchup/tx/TxPollingClientTest.java","1","0","0","7","109","165","1"
"hazelcast","f9a306c6434b4444072c98747befa5b4e1ab372e","hazelcast/src/main/java/com/hazelcast/cluster/Joiner.java","1","0","0","7","11","37","1"
"hazelcast","4ca2889e9b466af9d0cb2f754b689c282072f790","hazelcast/src/main/java/com/hazelcast/nio/tcp/IOSelector.java","1","0","0","7","11","38","0"
"hazelcast","b499b1588bd702a8ca12e6514696fa5e1497ad24","hazelcast/src/main/java/com/hazelcast/nio/IOSelector.java","1","0","0","7","11","38","0"
"hazelcast","843341d7de5c6e34bb4bd4972c8c6339fc49d701","hazelcast/src/main/java/com/hazelcast/nio/tcp/IOSelector.java","1","0","0","7","11","38","1"
"elasticsearch","0a69f1e283e26e5d9e6a000b68b9f4778de557a1","plugins/mapper-size/src/test/java/org/elasticsearch/index/mapper/size/SizeMappingTests.java","1","0","0","7","110","152","3"
"neo4j","71862473dec743ab6537f08ff5769064d4a84c77","enterprise/causal-clustering/src/test/java/org/neo4j/causalclustering/catchup/tx/TxPollingClientTest.java","1","0","0","7","110","167","1"
"hazelcast","504bb28e15aa9a11f99f1105e0acd7089fb9366c","hazelcast/src/test/java/com/hazelcast/map/impl/record/RecordsTest.java","1","0","0","7","113","156","1"
"hazelcast","6d05ed2b03448161752d3f5811d6151017b523a1","hazelcast-client/src/test/java/com/hazelcast/client/cache/ClientCacheConfigTest.java","1","0","0","7","113","157","1"
"neo4j","93209c51af8ca5c903f407674065a0ce6518d20b","enterprise/causal-clustering/src/test/java/org/neo4j/causalclustering/catchup/tx/TxPollingClientTest.java","1","0","0","7","114","171","0"
"elasticsearch","5a64f08f048461a63a0ca1354a5050c954e63d52","plugins/mapper-size/src/test/java/org/elasticsearch/index/mapper/size/SizeMappingTests.java","1","0","0","7","117","160","1"
"elasticsearch","a01475a20b8a5b14da67c9979cdd953aefcc7598","core/src/test/java/org/elasticsearch/action/search/MultiSearchRequestTests.java","1","0","0","7","118","149","1"
"neo4j","2d5df12df068bc0fa086cac162c7a768314db0bf","enterprise/core-edge/src/test/java/org/neo4j/coreedge/core/server/BatchingMessageHandlerTest.java","1","0","0","7","118","187","1"
"hazelcast","6d05ed2b03448161752d3f5811d6151017b523a1","hazelcast/src/test/java/com/hazelcast/cache/CacheConfigTest.java","1","0","0","7","120","165","1"
"hazelcast","88ad8dafc7e1f8dbc8ed9cd2e8a708933046dc50","hazelcast/src/test/java/com/hazelcast/config/ConfigXmlGeneratorTest.java","1","0","0","7","120","170","0"
"elasticsearch","8ab7ca5284581d59b3988024894a934504371092","core/src/test/java/org/elasticsearch/index/search/MultiMatchQueryTests.java","1","0","0","7","126","158","2"
"netty","b029800b68d7024d709eb7749bf804074707fac6","codec/src/test/java/io/netty/handler/codec/ReplayingDecoderTest.java","1","0","0","7","127","181","0"
"netty","c663a94359b70069b67b8d7f7bc9d0c43dca7674","codec/src/test/java/io/netty/handler/codec/base64/Base64Test.java","1","0","0","7","129","162","1"
"hazelcast","141ed08739231f7b5f336b4bfddfedf1bbf302aa","hazelcast/src/test/java/com/hazelcast/map/mapstore/MapLoaderFailoverTest.java","1","0","0","7","131","194","1"
"neo4j","2184600a5f95e2164c5a98d2fcde35a492680c4d","community/shell/src/test/java/org/neo4j/shell/StartClientTest.java","1","0","0","7","132","194","0"
"elasticsearch","841d5a210e12bc629336396893e18872d2b1f46f","core/src/test/java/org/elasticsearch/action/search/MultiSearchRequestTests.java","1","0","0","7","146","180","0"
"neo4j","8a31284a00600fe653939a9b2206e0382deded40","community/security/src/main/java/org/neo4j/server/security/auth/UserManager.java","1","0","0","7","15","43","0"
"neo4j","1d4303c5a0a8bc80b115dfb5e44526506dd95fc6","enterprise/causal-clustering/src/main/java/org/neo4j/causalclustering/core/consensus/outcome/RaftLogCommand.java","1","0","0","7","17","43","1"
"elasticsearch","62b821ccf4e2bf221382df85e2785016f74012bc","core/src/test/java/org/elasticsearch/index/mapper/BooleanFieldMapperTests.java","1","0","0","7","175","218","1"
"neo4j","1a261f85215c39039a8e8d12b1363ec328e56bf7","community/kernel/src/test/java/org/neo4j/kernel/impl/core/NodeManagerTest.java","1","0","0","7","188","266","0"
"neo4j","994db753bce91090d802d093a70bd1fa6a941471","community/kernel/src/test/java/org/neo4j/kernel/impl/api/state/LegacyIndexTransactionStateImplTest.java","1","0","0","7","189","251","0"
"elasticsearch","d5f4c8230db7b1d594de205ee584adc14adc0237","src/test/java/org/elasticsearch/test/integration/search/geo/GeoShapeIntegrationTests.java","1","0","0","7","191","255","0"
"elasticsearch","4a9995145c359678a50db019e5d0a90e7d064256","modules/analysis-common/src/main/java/org/elasticsearch/analysis/common/CommonAnalysisPlugin.java","1","0","0","7","200","256","2"
"neo4j","e6f84e88fecffdd2dd28e4ee978d77df94914908","enterprise/neo4j-enterprise/src/test/java/upgrade/StoreMigratorFrom20IT.java","1","0","0","7","201","254","1"
"elasticsearch","ab3b5c695a0825b7198334591e86634ab39170e8","modules/analysis-common/src/main/java/org/elasticsearch/analysis/common/CommonAnalysisPlugin.java","1","0","0","7","202","267","0"
"neo4j","2fb8aea71a2d50c63f1407b9e975c5e8cbf325dc","enterprise/security/src/test/java/org/neo4j/server/security/enterprise/auth/LdapCachingTest.java","1","0","0","7","202","287","1"
"neo4j","6b75a9235ea38e0c47caacd25cc919023c0c958b","enterprise/neo4j-enterprise/src/test/java/upgrade/StoreMigratorFrom20IT.java","1","0","0","7","203","256","0"
"neo4j","5b867ef859cd2183bee705922db86f1f22052ede","enterprise/security/src/test/java/org/neo4j/server/security/enterprise/auth/LdapCachingTest.java","1","0","0","7","204","289","0"
"elasticsearch","3087fd8b2a66d42cfc7a077ad98a120133da2cde","src/test/java/org/elasticsearch/test/integration/search/geo/GeoShapeIntegrationTests.java","1","0","0","7","221","284","1"
"hazelcast","123ec6b723c33195039ffff249bf3b097c6c4f72","hazelcast-client/src/main/java/com/hazelcast/client/config/ProxyFactoryConfig.java","1","0","0","7","23","49","1"
"neo4j","cad4bb9112a81f549b9a13dbfee451f4d17d8d23","community/kernel/src/test/java/org/neo4j/kernel/configuration/docs/SettingsDocumenterTest.java","1","0","0","7","232","286","0"
"neo4j","97d277a38257d075eca3f31bb52ea93b40f58521","community/kernel/src/test/java/org/neo4j/kernel/configuration/docs/SettingsDocumenterTest.java","1","0","0","7","233","289","0"
"elasticsearch","0ea58cacfd87b37cd70b360cdb0e6c3c603fe8df","src/test/java/org/elasticsearch/test/integration/nested/SimpleNestedTests.java","1","0","0","7","245","338","1"
"hazelcast","62636a2a007993d2b24d665033e0abaaeabf0108","hazelcast/src/main/java/com/hazelcast/map/impl/operation/PutTransientOperation.java","1","0","0","7","25","51","2"
"elasticsearch","93b17598046f373b844e0e65f1ed6a2e3af39040","modules/elasticsearch/src/test/java/org/elasticsearch/index/mapper/nested/NestedMappingTests.java","1","0","0","7","254","312","0"
"elasticsearch","925a4ba28bbe689f99e2c9e0fa636d9657b66c5a","src/test/java/org/elasticsearch/index/mapper/nested/NestedMappingTests.java","1","0","0","7","259","317","1"
"hazelcast","989c6d55969a6ecefc6d240bff3532429c41ca80","hazelcast/src/main/java/com/hazelcast/map/impl/operation/PutTransientOperation.java","1","0","0","7","26","52","0"
"hazelcast","a7fb3945d20f9ca04699166f984c5277fcb8f3a2","hazelcast/src/test/java/com/hazelcast/wan/impl/FullQueueWanReplication.java","1","0","0","7","27","40","0"
"elasticsearch","3a82c613e43ebfaa010e5cf5e79cc54cee2d9468","test/framework/src/main/java/org/elasticsearch/ingest/TestTemplateService.java","1","0","0","7","27","57","1"
"hazelcast","1e5c8a91174e1f59f5005535e5cec680c24dc221","hazelcast/src/main/java/com/hazelcast/map/operation/AbstractMapOperation.java","1","0","0","7","29","56","0"
"elasticsearch","d3065acf14a76c1c6ef597f8d6acf9a9c3da24c8","src/test/java/org/elasticsearch/cluster/structure/RoutingIteratorTests.java","1","0","0","7","291","360","1"
"elasticsearch","800d4624c8ed06bcc7c864513f4c698b61a0b0e9","src/test/java/org/elasticsearch/cluster/structure/RoutingIteratorTests.java","1","0","0","7","292","361","0"
"elasticsearch","60bddc28ebd690446c88a454cc24de984fdf0fc5","src/test/java/org/elasticsearch/test/unit/cluster/structure/RoutingIteratorTests.java","1","0","0","7","295","364","0"
"hazelcast","bb3ea0e107980d769862cdbda748cc91529d67b5","hazelcast/src/main/java/com/hazelcast/transaction/client/RollbackTransactionRequest.java","1","0","0","7","30","56","0"
"netty","6765e9f99db352a7f814e10d77338760432db155","handler/src/test/java/io/netty/handler/ssl/CipherSuiteConverterTest.java","1","0","0","7","306","358","0"
"neo4j","c2a95db0bf471e36e256ba6c9933dfd9b7ae333f","community/lucene-index/src/main/java/org/neo4j/index/lucene/LuceneKernelExtensionFactory.java","1","0","0","7","31","57","0"
"hazelcast","bb3ea0e107980d769862cdbda748cc91529d67b5","hazelcast/src/main/java/com/hazelcast/transaction/client/CommitTransactionRequest.java","1","0","0","7","32","59","0"
"neo4j","886dbb454deaae6adcb4ff26e76f6e225eedca55","enterprise/core-edge/src/test/java/org/neo4j/coreedge/raft/log/inmemory/InMemoryConcurrentStressIT.java","1","0","0","7","33","65","0"
"hazelcast","078c7e99b3b3d740e6e20c23fcdb0956b3b43c23","hazelcast/src/main/java/com/hazelcast/map/impl/operation/RemoveInterceptorOperationFactory.java","1","0","0","7","34","61","1"
"elasticsearch","94087b3274c1f4c98c100886e4ad9aefd32c4582","core/src/test/java/org/elasticsearch/search/SearchModuleTests.java","1","0","0","7","342","425","0"
"hazelcast","623ff1855aa985aa276e8395aabf0b534c7a36c3","hazelcast/src/main/java/com/hazelcast/partition/client/RemovePartitionLostListenerRequest.java","1","0","0","7","35","62","0"
"elasticsearch","4b94eb5cb8cc4294ed0e932a5f22c16bd90d4dd7","core/src/main/java/org/elasticsearch/action/admin/cluster/state/ClusterStateResponse.java","1","0","0","7","35","65","2"
"elasticsearch","860efb2ad28db09189c8423e05d0dba53010259c","core/src/main/java/org/elasticsearch/action/admin/cluster/state/ClusterStateResponse.java","1","0","0","7","35","65","2"
"elasticsearch","d3417fb02291f26964d77767020ef345d18c148f","core/src/main/java/org/elasticsearch/action/admin/cluster/state/ClusterStateResponse.java","1","0","0","7","35","65","0"
"hazelcast","ed777f64e4d046bb45ae4ee062b463e33526e3ad","hazelcast/src/main/java/com/hazelcast/transaction/client/BaseTransactionRequest.java","1","0","0","7","38","66","1"
"neo4j","53a98b0736387e9e71640b7ae062697ceee7d966","community/kernel/src/test/java/org/neo4j/test/AllItemsMatcher.java","1","0","0","7","38","67","0"
"hazelcast","0cf8d4e4b4bb67c11e3b136f5e719e6d498b7504","hazelcast-spring/src/test/java/com/hazelcast/spring/cache/JCachePartitionLostListener.java","1","0","0","7","38","67","0"
"BroadleafCommerce","4d3ad41d12d95fb5e4d3eaf11a18110ca5075029","common/src/main/java/org/broadleafcommerce/common/config/service/ModuleConfigurationServiceImpl.java","1","0","0","7","38","67","1"
"netty","48506f5b055da028c37b4961ce9a2620b4789e59","codec-dns/src/test/java/io/netty/handler/codec/dns/AbstractDnsRecordTest.java","1","0","0","7","39","63","0"
"hazelcast","078c7e99b3b3d740e6e20c23fcdb0956b3b43c23","hazelcast/src/main/java/com/hazelcast/map/impl/operation/AddInterceptorOperationFactory.java","1","0","0","7","39","66","1"
"hazelcast","0cf8d4e4b4bb67c11e3b136f5e719e6d498b7504","hazelcast-spring/src/test/java/com/hazelcast/spring/cache/JCacheExpiryPolicyFactory.java","1","0","0","7","39","68","0"
"hazelcast","0cf8d4e4b4bb67c11e3b136f5e719e6d498b7504","hazelcast-spring/src/test/java/com/hazelcast/spring/cache/JCacheCacheEntryListener.java","1","0","0","7","39","69","0"
"hazelcast","d38202141395360399c9cf97d4453adf5b1581e1","hazelcast/src/main/java/com/hazelcast/client/impl/protocol/task/PingMessageTask.java","1","0","0","7","40","68","1"
"BroadleafCommerce","7b5f922cdc1b0f1410c3c2216452decf7270dcdc","common/src/main/java/org/broadleafcommerce/common/config/service/ModuleConfigurationServiceImpl.java","1","0","0","7","40","69","0"
"hazelcast","06cffdc24c82d1dd0c8d59aa33f46ef5f6910782","hazelcast/src/main/java/com/hazelcast/map/impl/operation/MapPartitionDestroyOperation.java","1","0","0","7","40","76","1"
"hazelcast","5ea5810bd0e9cc519e2385c60d03ae5ec9b8be30","hazelcast/src/main/java/com/hazelcast/map/impl/operation/MapPartitionDestroyOperation.java","1","0","0","7","40","76","1"
"hazelcast","8e16f818bc2f1f07a02ca59bd2dbafb84e476939","hazelcast/src/main/java/com/hazelcast/map/impl/operation/MapPartitionDestroyOperation.java","1","0","0","7","40","76","1"
"hazelcast","12e2af6c4b59fcb4dc5257758c8a911466677fd8","hazelcast/src/main/java/com/hazelcast/map/impl/operation/MapPartitionDestroyOperation.java","1","0","0","7","40","76","0"
"hazelcast","e33565d5f3e0453cea30bd4333a4d89da0714b88","hazelcast/src/main/java/com/hazelcast/map/impl/operation/MapPartitionDestroyOperation.java","1","0","0","7","40","76","0"
"hazelcast","a4bbe3bdfd8603dad85161badba21ea0305fc852","hazelcast/src/main/java/com/hazelcast/cache/impl/CachePartitionEventData.java","1","0","0","7","41","69","1"
"hazelcast","0cf8d4e4b4bb67c11e3b136f5e719e6d498b7504","hazelcast-spring/src/test/java/com/hazelcast/spring/cache/JCacheCacheWriterFactory.java","1","0","0","7","41","70","0"
"elasticsearch","c4fe8e7bf23f62c25f3d1ebd35de3fe716c45e9a","core/src/main/java/org/elasticsearch/indices/recovery/RecoveryWaitForClusterStateRequest.java","1","0","0","7","41","71","0"
"elasticsearch","4b94eb5cb8cc4294ed0e932a5f22c16bd90d4dd7","core/src/main/java/org/elasticsearch/action/RoutingMissingException.java","1","0","0","7","41","72","2"
"elasticsearch","860efb2ad28db09189c8423e05d0dba53010259c","core/src/main/java/org/elasticsearch/action/RoutingMissingException.java","1","0","0","7","41","72","2"
"elasticsearch","d3417fb02291f26964d77767020ef345d18c148f","core/src/main/java/org/elasticsearch/action/RoutingMissingException.java","1","0","0","7","41","72","0"
"hazelcast","d38202141395360399c9cf97d4453adf5b1581e1","hazelcast/src/main/java/com/hazelcast/client/impl/protocol/task/RemoveDistrubtedObjectListenerMessageTask.java","1","0","0","7","42","70","1"
"neo4j","083224bbfc9dfc2e59c049a9c5eedb758eb1c86e","community/bolt/src/test/java/org/neo4j/bolt/v1/messaging/BoltRequestMessageRecorder.java","1","0","0","7","42","73","1"
"junit","561a736d4400c32a608a6ee97424c20ca70bf8ae","src/test/java/org/junit/tests/experimental/rules/TestWatcherTest.java","1","0","0","7","43","52","0"
"elasticsearch","2e445d3ede953c90e4e1ce69e5f53192115b9dd7","core/src/test/java/org/elasticsearch/index/IndexModuleTests.java","1","0","0","7","43","71","3"
"hazelcast","93fd800d6c6f6781ef95536bba7e2b200fe9678d","hazelcast/src/main/java/com/hazelcast/client/impl/protocol/task/PingMessageTask.java","1","0","0","7","43","73","2"
"hazelcast","b0a815f459c18eed67fcd6e4bf122bad043ef8a5","hazelcast/src/main/java/com/hazelcast/client/impl/protocol/task/PingMessageTask.java","1","0","0","7","43","73","1"
"hazelcast","da8888f97af74b4590dfc1dce3d0bdeb44654000","hazelcast/src/main/java/com/hazelcast/client/impl/protocol/task/PingMessageTask.java","1","0","0","7","43","73","0"
"hazelcast","d38202141395360399c9cf97d4453adf5b1581e1","hazelcast/src/main/java/com/hazelcast/client/impl/protocol/task/executorservice/ExecutorServiceIsShutdownMessageTask.java","1","0","0","7","44","72","1"
"hazelcast","d38202141395360399c9cf97d4453adf5b1581e1","hazelcast/src/main/java/com/hazelcast/client/impl/protocol/task/RemovePartitionLostListenerMessageTask.java","1","0","0","7","44","72","1"
"hazelcast","bb3ea0e107980d769862cdbda748cc91529d67b5","hazelcast/src/main/java/com/hazelcast/client/impl/protocol/task/transaction/XAFinalizeTransactionMessageTask.java","1","0","0","7","44","72","0"
"hazelcast","0cf8d4e4b4bb67c11e3b136f5e719e6d498b7504","hazelcast-spring/src/test/java/com/hazelcast/spring/cache/JCacheCacheEntryListenerFactory.java","1","0","0","7","44","73","0"
"hazelcast","d38202141395360399c9cf97d4453adf5b1581e1","hazelcast/src/main/java/com/hazelcast/client/impl/protocol/task/atomicreference/AtomicReferenceSetAndGetMessageTask.java","1","0","0","7","45","73","1"
"hazelcast","d38202141395360399c9cf97d4453adf5b1581e1","hazelcast/src/main/java/com/hazelcast/client/impl/protocol/task/atomiclong/AtomicLongSetMessageTask.java","1","0","0","7","45","74","1"
"hazelcast","d38202141395360399c9cf97d4453adf5b1581e1","hazelcast/src/main/java/com/hazelcast/client/impl/protocol/task/DestroyProxyMessageTask.java","1","0","0","7","45","74","1"
"hazelcast","d38202141395360399c9cf97d4453adf5b1581e1","hazelcast/src/main/java/com/hazelcast/client/impl/protocol/task/atomicreference/AtomicReferenceApplyMessageTask.java","1","0","0","7","45","74","1"
"hazelcast","d38202141395360399c9cf97d4453adf5b1581e1","hazelcast/src/main/java/com/hazelcast/client/impl/protocol/task/atomicreference/AtomicReferenceGetMessageTask.java","1","0","0","7","45","74","1"
"hazelcast","d38202141395360399c9cf97d4453adf5b1581e1","hazelcast/src/main/java/com/hazelcast/client/impl/protocol/task/atomicreference/AtomicReferenceSetMessageTask.java","1","0","0","7","45","74","1"
"hazelcast","a4035afdfc67b757940a15578bc51b4e7b6b0b13","hazelcast/src/main/java/com/hazelcast/client/impl/protocol/task/RemoveAllListenersMessageTask.java","1","0","0","7","45","74","0"
"hazelcast","a4035afdfc67b757940a15578bc51b4e7b6b0b13","hazelcast/src/main/java/com/hazelcast/client/impl/protocol/task/RemoveDistrubtedObjectListenerMessageTask.java","1","0","0","7","45","74","0"
"hazelcast","0443c4d9988380bf9fc61a871e7588b1e106aa44","hazelcast/src/main/java/com/hazelcast/concurrent/atomicreference/operations/GetAndSetOperation.java","1","0","0","7","45","75","0"
"orientdb","cb2277a57d1cdf28dde1631fb9bec3a7eac0572c","core/src/test/java/com/orientechnologies/orient/core/metadata/schema/AlterClassClusterTest.java","1","0","0","7","46","63","1"
"netty","463b5cf21b6fe6e0e8b08615f3e47beb31f39025","codec-dns/src/test/java/io/netty/handler/codec/dns/DefaultDnsRecordDecoderTest.java","1","0","0","7","46","72","1"
"hazelcast","d38202141395360399c9cf97d4453adf5b1581e1","hazelcast/src/main/java/com/hazelcast/client/impl/protocol/task/atomicreference/AtomicReferenceCompareAndSetMessageTask.java","1","0","0","7","46","74","1"
"neo4j","8a2d3beff52bcf03814a519f4492e8667ba80f17","community/kernel/src/test/java/org/neo4j/kernel/builtinprocs/StubStatement.java","1","0","0","7","46","75","1"
"hazelcast","05b27a3d7f9adfb832f8fb0c7927fc71c14df2b4","hazelcast/src/main/java/com/hazelcast/client/impl/protocol/task/RemovePartitionLostListenerMessageTask.java","1","0","0","7","47","76","2"
"hazelcast","410d077538e8af21fc7846a758d83cc67801da83","hazelcast/src/main/java/com/hazelcast/client/impl/protocol/task/RemovePartitionLostListenerMessageTask.java","1","0","0","7","47","76","3"
"hazelcast","48475c6b68419eb8d72ca93dfa67fd7de02181c2","hazelcast/src/main/java/com/hazelcast/client/impl/protocol/task/RemovePartitionLostListenerMessageTask.java","1","0","0","7","47","76","4"
"hazelcast","d0fd18cd0e2fac83d47776ccc1f08639bfc9823f","hazelcast/src/main/java/com/hazelcast/client/impl/protocol/task/RemovePartitionLostListenerMessageTask.java","1","0","0","7","47","76","2"
"hazelcast","d472cbea8d404ea4e42a5cc0bb455dbec40e7985","hazelcast/src/main/java/com/hazelcast/client/impl/protocol/task/RemovePartitionLostListenerMessageTask.java","1","0","0","7","47","76","4"
"hazelcast","d9ba6f59e024f3d049aa55f68144386fdcf54ac9","hazelcast/src/main/java/com/hazelcast/client/impl/protocol/task/RemovePartitionLostListenerMessageTask.java","1","0","0","7","47","76","3"
"hazelcast","e48bec52b35f2dbf7ff0bf7d961549546461a701","hazelcast/src/main/java/com/hazelcast/client/impl/protocol/task/RemovePartitionLostListenerMessageTask.java","1","0","0","7","47","76","5"
"hazelcast","a4035afdfc67b757940a15578bc51b4e7b6b0b13","hazelcast/src/main/java/com/hazelcast/client/impl/protocol/task/RemovePartitionLostListenerMessageTask.java","1","0","0","7","47","76","0"
"hazelcast","a4035afdfc67b757940a15578bc51b4e7b6b0b13","hazelcast/src/main/java/com/hazelcast/client/impl/protocol/task/executorservice/ExecutorServiceIsShutdownMessageTask.java","1","0","0","7","47","76","0"
"hazelcast","05b27a3d7f9adfb832f8fb0c7927fc71c14df2b4","hazelcast/src/main/java/com/hazelcast/client/impl/protocol/task/map/MapRemovePartitionLostListenerMessageTask.java","1","0","0","7","47","77","2"
"hazelcast","867fc10b52c7da919de28f51c13599e0fc2a5f60","hazelcast/src/test/java/com/hazelcast/util/ClockTest.java","1","0","0","7","47","79","0"
"hazelcast","a4035afdfc67b757940a15578bc51b4e7b6b0b13","hazelcast/src/main/java/com/hazelcast/client/impl/protocol/task/executorservice/ExecutorServiceShutdownMessageTask.java","1","0","0","7","48","77","0"
"hazelcast","a4035afdfc67b757940a15578bc51b4e7b6b0b13","hazelcast/src/main/java/com/hazelcast/client/impl/protocol/task/cache/CacheDestroyMessageTask.java","1","0","0","7","48","77","0"
"hazelcast","72b558b1acfbccd6fbc2a3084228c2eb82bfa4d3","hazelcast/src/main/java/com/hazelcast/client/impl/protocol/task/cache/CacheDestroyMessageTask.java","1","0","0","7","48","77","1"
"hazelcast","0b99990c091b2e5235b2c7a72b4550327db4260c","hazelcast/src/main/java/com/hazelcast/client/impl/protocol/task/map/MapRemovePartitionLostListenerMessageTask.java","1","0","0","7","48","78","2"
"hazelcast","2e237d2c442305f51cdbea3740548e8bfb4401ac","hazelcast/src/main/java/com/hazelcast/client/impl/protocol/task/map/MapRemovePartitionLostListenerMessageTask.java","1","0","0","7","48","78","2"
"hazelcast","410d077538e8af21fc7846a758d83cc67801da83","hazelcast/src/main/java/com/hazelcast/client/impl/protocol/task/map/MapRemovePartitionLostListenerMessageTask.java","1","0","0","7","48","78","3"
"hazelcast","ccc4cf5c5afe3eadfdb39332f605f2157820ee89","hazelcast/src/main/java/com/hazelcast/client/impl/protocol/task/map/MapRemovePartitionLostListenerMessageTask.java","1","0","0","7","48","78","1"
"hazelcast","e48bec52b35f2dbf7ff0bf7d961549546461a701","hazelcast/src/main/java/com/hazelcast/client/impl/protocol/task/map/MapRemovePartitionLostListenerMessageTask.java","1","0","0","7","48","78","5"
"hazelcast","a4035afdfc67b757940a15578bc51b4e7b6b0b13","hazelcast/src/main/java/com/hazelcast/client/impl/protocol/task/DestroyProxyMessageTask.java","1","0","0","7","48","78","0"
"hazelcast","fcb85d5ce8c3887b875376ea1f986c03201d9f7c","hazelcast/src/main/java/com/hazelcast/client/impl/protocol/task/map/MapRemovePartitionLostListenerMessageTask.java","1","0","0","7","48","78","0"
"hazelcast","998cd6147d9a77bd0dec5c09e7240885df54511e","hazelcast/src/main/java/com/hazelcast/durableexecutor/impl/operations/PutResultOperation.java","1","0","0","7","48","79","2"
"hazelcast","68a3a200050b20a56ace06c324564dba85ae2d26","hazelcast/src/test/java/com/hazelcast/internal/management/ManagementCenterServiceTest.java","1","0","0","7","49","60","1"
"hazelcast","8ca63083cbecaf83b177a08228f91efd1c6d2200","hazelcast/src/test/java/com/hazelcast/internal/management/ManagementCenterServiceTest.java","1","0","0","7","49","61","0"
"hazelcast","de7b59252e36849704a7a3a2d377d7a84d74e8c0","hazelcast/src/test/java/com/hazelcast/internal/management/ManagementCenterServiceTest.java","1","0","0","7","49","61","0"
"hazelcast","48cfa13249ef266093c03e4c56d0567e12180aff","hazelcast/src/test/java/com/hazelcast/internal/management/ManagementCenterServiceTest.java","1","0","0","7","49","61","1"
"hazelcast","d38202141395360399c9cf97d4453adf5b1581e1","hazelcast/src/main/java/com/hazelcast/client/impl/protocol/task/condition/ConditionBeforeAwaitMessageTask.java","1","0","0","7","49","77","1"
"hazelcast","05b27a3d7f9adfb832f8fb0c7927fc71c14df2b4","hazelcast/src/main/java/com/hazelcast/client/impl/protocol/task/map/MapRemoveEntryListenerMessageTask.java","1","0","0","7","49","78","2"
"hazelcast","0d9c5f01b0c284485f9e0a3eae99c67fff380791","hazelcast/src/main/java/com/hazelcast/concurrent/atomiclong/operations/CompareAndSetOperation.java","1","0","0","7","49","78","1"
"hazelcast","365738f32725aa03b5837e5f5bae06e41c75b2ac","hazelcast/src/main/java/com/hazelcast/concurrent/atomiclong/operations/CompareAndSetOperation.java","1","0","0","7","49","78","1"
"hazelcast","7dd4ce26e5127137eb7116b7084eb6c659218b43","hazelcast/src/main/java/com/hazelcast/concurrent/atomiclong/operations/CompareAndSetOperation.java","1","0","0","7","49","78","0"
"netty","16b05def59bf321ce5d6354e852ff198ccfcca27","codec/src/main/java/io/netty/handler/codec/ByteToByteCodec.java","1","0","0","7","50","76","0"
"hazelcast","a4035afdfc67b757940a15578bc51b4e7b6b0b13","hazelcast/src/main/java/com/hazelcast/client/impl/protocol/task/atomicreference/AtomicReferenceContainsMessageTask.java","1","0","0","7","50","79","0"
"hazelcast","a4035afdfc67b757940a15578bc51b4e7b6b0b13","hazelcast/src/main/java/com/hazelcast/client/impl/protocol/task/atomiclong/AtomicLongAddAndGetMessageTask.java","1","0","0","7","50","79","0"
"hazelcast","a4035afdfc67b757940a15578bc51b4e7b6b0b13","hazelcast/src/main/java/com/hazelcast/client/impl/protocol/task/atomicreference/AtomicReferenceClearMessageTask.java","1","0","0","7","50","79","0"
"hazelcast","a4035afdfc67b757940a15578bc51b4e7b6b0b13","hazelcast/src/main/java/com/hazelcast/client/impl/protocol/task/countdownlatch/CountDownLatchCountDownMessageTask.java","1","0","0","7","50","79","0"
"hazelcast","151c5bd9cdcf1769dc9e1ab0ea43af6bbee8fac8","hazelcast/src/main/java/com/hazelcast/client/impl/protocol/task/replicatedmap/ReplicatedMapClearMessageTask.java","1","0","0","7","50","79","1"
"hazelcast","d38202141395360399c9cf97d4453adf5b1581e1","hazelcast/src/main/java/com/hazelcast/client/impl/protocol/task/atomiclong/AtomicLongGetAndSetMessageTask.java","1","0","0","7","50","79","1"
"hazelcast","d38202141395360399c9cf97d4453adf5b1581e1","hazelcast/src/main/java/com/hazelcast/client/impl/protocol/task/atomiclong/AtomicLongGetAndIncrementMessageTask.java","1","0","0","7","50","79","1"
"neo4j","ca6ff07a6e1174ec730d827abd37e10d123bfae8","packaging/neo4j-desktop/src/main/java/org/neo4j/desktop/runtime/DesktopConfigurator.java","1","0","0","7","50","81","0"
"hazelcast","05b27a3d7f9adfb832f8fb0c7927fc71c14df2b4","hazelcast/src/main/java/com/hazelcast/client/impl/protocol/task/topic/TopicRemoveMessageListenerMessageTask.java","1","0","0","7","50","82","2"
"hazelcast","d0fd18cd0e2fac83d47776ccc1f08639bfc9823f","hazelcast/src/main/java/com/hazelcast/client/impl/protocol/task/topic/TopicRemoveMessageListenerMessageTask.java","1","0","0","7","50","82","2"
"hazelcast","d38202141395360399c9cf97d4453adf5b1581e1","hazelcast/src/main/java/com/hazelcast/client/impl/protocol/task/countdownlatch/CountDownLatchGetCountMessageTask.java","1","0","0","7","50","82","1"
"hazelcast","d472cbea8d404ea4e42a5cc0bb455dbec40e7985","hazelcast/src/main/java/com/hazelcast/client/impl/protocol/task/topic/TopicRemoveMessageListenerMessageTask.java","1","0","0","7","50","82","3"
"hazelcast","a4035afdfc67b757940a15578bc51b4e7b6b0b13","hazelcast/src/main/java/com/hazelcast/client/impl/protocol/task/countdownlatch/CountDownLatchGetCountMessageTask.java","1","0","0","7","50","82","0"
"hazelcast","6817c4cedd534da777049b687c8a594a170654d7","hazelcast/src/test/java/com/hazelcast/nio/ClassLoaderUtilTest.java","1","0","0","7","50","90","0"
"hazelcast","a4035afdfc67b757940a15578bc51b4e7b6b0b13","hazelcast/src/main/java/com/hazelcast/client/impl/protocol/task/atomicreference/AtomicReferenceApplyMessageTask.java","1","0","0","7","51","81","0"
"neo4j","0fe98aeff3fe869ddc7312e0465e7a18d0902d70","packaging/neo4j-desktop/src/main/java/org/neo4j/desktop/runtime/DesktopConfigurator.java","1","0","0","7","51","82","0"
"hazelcast","10773b4cd855bdfd84ea80d22b8ed3c977459444","hazelcast/src/main/java/com/hazelcast/multimap/impl/operations/MultiMapKeyBasedOperation.java","1","0","0","7","51","84","0"
"hazelcast","549815d87e4f8624b4e7700b0a86d91cc5e084f0","hazelcast-cloud/src/test/java/com/hazelcast/aws/AwsClientTest.java","1","0","0","7","52","78","0"
"hazelcast","bb3ea0e107980d769862cdbda748cc91529d67b5","hazelcast/src/main/java/com/hazelcast/client/impl/protocol/task/transaction/XATransactionCreateMessageTask.java","1","0","0","7","52","80","0"
"hazelcast","42c497fd2cd5fae3f6097086045dc581c227ac64","hazelcast/src/main/java/com/hazelcast/client/impl/protocol/task/map/MapSubmitToKeyMessageTask.java","1","0","0","7","52","83","0"
"hazelcast","63529db467838bb39aec265f0af6a473bfa288e5","hazelcast/src/main/java/com/hazelcast/client/impl/protocol/task/map/MapSubmitToKeyMessageTask.java","1","0","0","7","52","83","0"
"hazelcast","a7ec759936b5ee731affea3d124296616924c2d4","hazelcast/src/main/java/com/hazelcast/client/impl/protocol/task/map/MapAssignAndGetUuidsMessageTask.java","1","0","0","7","52","83","0"
"hazelcast","a7ec759936b5ee731affea3d124296616924c2d4","hazelcast/src/main/java/com/hazelcast/client/impl/protocol/task/cache/CacheAssignAndGetUuidsMessageTask.java","1","0","0","7","52","83","0"
"hazelcast","2b270eff14924482f39a32a0483711d08aa1247e","hazelcast/src/main/java/com/hazelcast/client/impl/protocol/task/map/MapSubmitToKeyMessageTask.java","1","0","0","7","52","83","2"
"hazelcast","d38202141395360399c9cf97d4453adf5b1581e1","hazelcast/src/main/java/com/hazelcast/client/impl/protocol/task/lock/LockGetLockCountMessageTask.java","1","0","0","7","53","82","1"
"hazelcast","d38202141395360399c9cf97d4453adf5b1581e1","hazelcast/src/main/java/com/hazelcast/client/impl/protocol/task/lock/LockGetRemainingLeaseTimeMessageTask.java","1","0","0","7","53","82","1"
"hazelcast","fcd8d2d9dc32b1162161824306263d2ec3354326","hazelcast/src/main/java/com/hazelcast/client/impl/protocol/task/cache/CacheDestroyMessageTask.java","1","0","0","7","53","82","0"
"hazelcast","a4035afdfc67b757940a15578bc51b4e7b6b0b13","hazelcast/src/main/java/com/hazelcast/client/impl/protocol/task/lock/LockForceUnlockMessageTask.java","1","0","0","7","53","83","0"
"hazelcast","a4035afdfc67b757940a15578bc51b4e7b6b0b13","hazelcast/src/main/java/com/hazelcast/client/impl/protocol/task/lock/LockGetRemainingLeaseTimeMessageTask.java","1","0","0","7","53","83","0"
"hazelcast","a4035afdfc67b757940a15578bc51b4e7b6b0b13","hazelcast/src/main/java/com/hazelcast/client/impl/protocol/task/lock/LockGetLockCountMessageTask.java","1","0","0","7","53","83","0"
"hazelcast","d38202141395360399c9cf97d4453adf5b1581e1","hazelcast/src/main/java/com/hazelcast/client/impl/protocol/task/lock/LockForceUnlockMessageTask.java","1","0","0","7","53","83","1"
"hazelcast","a4035afdfc67b757940a15578bc51b4e7b6b0b13","hazelcast/src/main/java/com/hazelcast/client/impl/protocol/task/lock/LockIsLockedByCurrentThreadMessageTask.java","1","0","0","7","53","85","0"
"hazelcast","410d077538e8af21fc7846a758d83cc67801da83","hazelcast/src/main/java/com/hazelcast/client/impl/protocol/task/condition/ConditionBeforeAwaitMessageTask.java","1","0","0","7","54","83","2"
"hazelcast","410d077538e8af21fc7846a758d83cc67801da83","hazelcast/src/main/java/com/hazelcast/client/impl/protocol/task/condition/ConditionSignalMessageTask.java","1","0","0","7","54","83","2"
"hazelcast","48475c6b68419eb8d72ca93dfa67fd7de02181c2","hazelcast/src/main/java/com/hazelcast/client/impl/protocol/task/condition/ConditionSignalMessageTask.java","1","0","0","7","54","83","1"
"hazelcast","4e007a3426015aebfb4a640a624d2e2e9dc90817","hazelcast/src/main/java/com/hazelcast/client/impl/protocol/task/map/MapGetEntryViewMessageTask.java","1","0","0","7","54","83","0"
"hazelcast","a4035afdfc67b757940a15578bc51b4e7b6b0b13","hazelcast/src/main/java/com/hazelcast/client/impl/protocol/task/condition/ConditionBeforeAwaitMessageTask.java","1","0","0","7","54","83","0"
"hazelcast","d38202141395360399c9cf97d4453adf5b1581e1","hazelcast/src/main/java/com/hazelcast/client/impl/protocol/task/condition/ConditionSignalAllMessageTask.java","1","0","0","7","54","84","1"
"hazelcast","d38202141395360399c9cf97d4453adf5b1581e1","hazelcast/src/main/java/com/hazelcast/client/impl/protocol/task/lock/LockIsLockedByCurrentThreadMessageTask.java","1","0","0","7","54","86","1"
"hazelcast","0287d390022e68e3c252acac8db8e0dfc15ecbea","hazelcast/src/main/java/com/hazelcast/collection/impl/txncollection/operations/CollectionPrepareOperation.java","1","0","0","7","55","83","1"
"hazelcast","1c090ad87906d51892a32c2aa0a32d34002298ec","hazelcast/src/main/java/com/hazelcast/client/impl/protocol/task/transaction/XATransactionCreateMessageTask.java","1","0","0","7","55","84","1"
"hazelcast","408e8124339594aec8d563bf2c6c227c6dd0cd46","hazelcast/src/main/java/com/hazelcast/client/impl/protocol/task/transaction/XATransactionCreateMessageTask.java","1","0","0","7","55","84","2"
"hazelcast","410d077538e8af21fc7846a758d83cc67801da83","hazelcast/src/main/java/com/hazelcast/client/impl/protocol/task/condition/ConditionAwaitMessageTask.java","1","0","0","7","55","84","2"
"hazelcast","48475c6b68419eb8d72ca93dfa67fd7de02181c2","hazelcast/src/main/java/com/hazelcast/client/impl/protocol/task/condition/ConditionAwaitMessageTask.java","1","0","0","7","55","84","1"
"hazelcast","6460724baebf73744e19780cbfa4147c51988686","hazelcast/src/main/java/com/hazelcast/client/impl/protocol/task/transaction/XATransactionCreateMessageTask.java","1","0","0","7","55","84","2"
"hazelcast","81fe86abd4deed08faf6e617c5d73c2b7d4b5391","hazelcast/src/main/java/com/hazelcast/client/impl/protocol/task/transaction/XATransactionCreateMessageTask.java","1","0","0","7","55","84","2"
"hazelcast","96b3e74683151e521f9c40b0901f6fdf72e32ae3","hazelcast/src/main/java/com/hazelcast/client/impl/protocol/task/transaction/XATransactionCreateMessageTask.java","1","0","0","7","55","84","2"
"hazelcast","d38202141395360399c9cf97d4453adf5b1581e1","hazelcast/src/main/java/com/hazelcast/client/impl/protocol/task/condition/ConditionAwaitMessageTask.java","1","0","0","7","55","84","1"
"hazelcast","e48bec52b35f2dbf7ff0bf7d961549546461a701","hazelcast/src/main/java/com/hazelcast/client/impl/protocol/task/condition/ConditionAwaitMessageTask.java","1","0","0","7","55","84","2"
"hazelcast","8959aa0857797fe82461f8cabc292a4966d2e5fb","hazelcast/src/main/java/com/hazelcast/client/impl/protocol/task/scheduledexecutor/ScheduledExecutorTaskCancelFromPartitionMessageTask.java","1","0","0","7","55","84","0"
"hazelcast","8959aa0857797fe82461f8cabc292a4966d2e5fb","hazelcast/src/main/java/com/hazelcast/client/impl/protocol/task/scheduledexecutor/ScheduledExecutorTaskDisposeFromPartitionMessageTask.java","1","0","0","7","55","84","0"
"hazelcast","8fac2ea6e17e60e7e680a7e692bac64ccb51f850","hazelcast/src/main/java/com/hazelcast/client/impl/protocol/task/transaction/XATransactionCreateMessageTask.java","1","0","0","7","55","84","0"
"hazelcast","a4035afdfc67b757940a15578bc51b4e7b6b0b13","hazelcast/src/main/java/com/hazelcast/client/impl/protocol/task/condition/ConditionAwaitMessageTask.java","1","0","0","7","55","84","0"
"hazelcast","a7ec759936b5ee731affea3d124296616924c2d4","hazelcast/src/main/java/com/hazelcast/client/impl/protocol/task/scheduledexecutor/ScheduledExecutorTaskDisposeFromPartitionMessageTask.java","1","0","0","7","55","84","0"
"hazelcast","a7ec759936b5ee731affea3d124296616924c2d4","hazelcast/src/main/java/com/hazelcast/client/impl/protocol/task/scheduledexecutor/ScheduledExecutorTaskCancelFromPartitionMessageTask.java","1","0","0","7","55","84","0"
"hazelcast","d9ba6f59e024f3d049aa55f68144386fdcf54ac9","hazelcast/src/main/java/com/hazelcast/client/impl/protocol/task/condition/ConditionAwaitMessageTask.java","1","0","0","7","55","84","0"
"hazelcast","8959aa0857797fe82461f8cabc292a4966d2e5fb","hazelcast/src/main/java/com/hazelcast/client/impl/protocol/task/scheduledexecutor/ScheduledExecutorTaskIsDoneFromPartitionMessageTask.java","1","0","0","7","55","85","0"
"hazelcast","a7ec759936b5ee731affea3d124296616924c2d4","hazelcast/src/main/java/com/hazelcast/client/impl/protocol/task/scheduledexecutor/ScheduledExecutorTaskIsDoneFromPartitionMessageTask.java","1","0","0","7","55","85","0"
"hazelcast","92c9e90afd37615e6c37493123b053a4f4a5c145","hazelcast/src/main/java/com/hazelcast/client/impl/protocol/task/map/MapUnlockMessageTask.java","1","0","0","7","55","85","1"
"hazelcast","1c090ad87906d51892a32c2aa0a32d34002298ec","hazelcast/src/main/java/com/hazelcast/client/impl/protocol/task/map/MapFlushMessageTask.java","1","0","0","7","55","86","1"
"hazelcast","4c5e3b2bc83034d30ec898342f30743f17b47212","hazelcast/src/main/java/com/hazelcast/client/impl/protocol/task/transaction/XATransactionCreateMessageTask.java","1","0","0","7","56","85","0"
"hazelcast","8959aa0857797fe82461f8cabc292a4966d2e5fb","hazelcast/src/main/java/com/hazelcast/client/impl/protocol/task/scheduledexecutor/ScheduledExecutorTaskGetDelayFromPartitionMessageTask.java","1","0","0","7","56","85","0"
"hazelcast","a7ec759936b5ee731affea3d124296616924c2d4","hazelcast/src/main/java/com/hazelcast/client/impl/protocol/task/scheduledexecutor/ScheduledExecutorTaskGetDelayFromPartitionMessageTask.java","1","0","0","7","56","85","0"
"hazelcast","2f70f48888d89c73b883a5c9bfb6aa1430727dcf","hazelcast/src/main/java/com/hazelcast/client/impl/protocol/task/transaction/XATransactionCreateMessageTask.java","1","0","0","7","56","85","1"
"hazelcast","8959aa0857797fe82461f8cabc292a4966d2e5fb","hazelcast/src/main/java/com/hazelcast/client/impl/protocol/task/scheduledexecutor/ScheduledExecutorTaskIsCancelledFromPartitionMessageTask.java","1","0","0","7","56","86","0"
"neo4j","6b75a9235ea38e0c47caacd25cc919023c0c958b","community/lucene-index/src/test/java/org/neo4j/kernel/api/impl/labelscan/ReadOnlyLuceneLabelScanIndexTest.java","1","0","0","7","56","88","0"
"elasticsearch","4fea56ceadbbd042774a89dbdf94c16a4a33df4c","core/src/test/java/org/elasticsearch/index/IndexModuleTests.java","1","0","0","7","57","86","1"
"elasticsearch","55d9e99f513e714e6a612cc4379967f41dc2a500","core/src/test/java/org/elasticsearch/common/settings/MemorySizeSettingsTests.java","1","0","0","7","58","89","0"
"junit","561a736d4400c32a608a6ee97424c20ca70bf8ae","src/test/java/org/junit/tests/experimental/rules/TestWatchmanTest.java","1","0","0","7","59","71","0"
"hazelcast","a7ec759936b5ee731affea3d124296616924c2d4","hazelcast/src/main/java/com/hazelcast/client/impl/protocol/task/cache/CacheFetchNearCacheInvalidationMetadataTask.java","1","0","0","7","59","89","0"
"hazelcast","bb3ea0e107980d769862cdbda748cc91529d67b5","hazelcast/src/main/java/com/hazelcast/client/impl/protocol/task/transaction/XAClearRemoteTransactionMessageTask.java","1","0","0","7","59","90","0"
"hazelcast","3e659e0566c5792551d4b8dff3f88d4d4c1d5565","hazelcast-cloud/src/main/java/com/hazelcast/aws/impl/DescribeInstances.java","1","0","0","7","59","91","1"
"hazelcast","810540661cf0b9662e3e1bc9b5dabc53a3c052f1","hazelcast/src/test/java/com/hazelcast/internal/partition/impl/PartitionReplicaManagerTest.java","1","0","0","7","59","93","1"
"hazelcast","8959aa0857797fe82461f8cabc292a4966d2e5fb","hazelcast/src/main/java/com/hazelcast/client/impl/protocol/task/scheduledexecutor/ScheduledExecutorTaskDisposeFromAddressMessageTask.java","1","0","0","7","60","90","0"
"hazelcast","8959aa0857797fe82461f8cabc292a4966d2e5fb","hazelcast/src/main/java/com/hazelcast/client/impl/protocol/task/scheduledexecutor/ScheduledExecutorSubmitToPartitionMessageTask.java","1","0","0","7","61","90","0"
"hazelcast","8959aa0857797fe82461f8cabc292a4966d2e5fb","hazelcast/src/main/java/com/hazelcast/client/impl/protocol/task/scheduledexecutor/ScheduledExecutorTaskGetStatisticsFromPartitionMessageTask.java","1","0","0","7","61","91","0"
"hazelcast","bb3ea0e107980d769862cdbda748cc91529d67b5","hazelcast/src/main/java/com/hazelcast/client/impl/protocol/task/transaction/TransactionCreateMessageTask.java","1","0","0","7","61","92","0"
"hazelcast","6ac727db661eb934e5608e28e8a3603e7300d710","hazelcast/src/main/java/com/hazelcast/client/impl/protocol/task/map/MapFlushMessageTask.java","1","0","0","7","61","96","0"
"hazelcast","72fd9bec4e746f6b7de248a3415d7eba8f5a0f41","hazelcast/src/test/java/com/hazelcast/map/impl/mapstore/writebehind/CoalescedWriteBehindQueueTest.java","1","0","0","7","62","81","1"
"hazelcast","7c1baa91dc4cb5d9c03b04a955a9c3e3824dde65","hazelcast/src/main/java/com/hazelcast/client/impl/protocol/task/scheduledexecutor/ScheduledExecutorSubmitToAddressMessageTask.java","1","0","0","7","62","92","1"
"hazelcast","de1275f6d21e5c549283f165b2d724b94d96d297","hazelcast/src/test/java/com/hazelcast/map/impl/mapstore/writebehind/CoalescedWriteBehindQueueTest.java","1","0","0","7","63","82","0"
"BroadleafCommerce","e216da5ebb303680f5c60ffcd75979f5876ab5a6","common/src/main/java/org/broadleafcommerce/common/site/domain/SiteCatalogXrefImpl.java","1","0","0","7","65","105","0"
"neo4j","87838b56dfcfb7b37ca03d26c9eedc8f1e0c38e5","community/bolt/src/test/java/org/neo4j/bolt/v1/runtime/Neo4jErrorTest.java","1","0","0","7","65","118","0"
"BroadleafCommerce","8bafebee81bdbf1eecc3a9ddeaa995798fed0b74","core/broadleaf-framework/src/main/java/org/broadleafcommerce/core/search/domain/CategoryExcludedSearchFacetImpl.java","1","0","0","7","66","101","0"
"neo4j","24551acf5eba050158684a993470adaeb5bdd960","community/server/src/test/java/org/neo4j/server/ServerCommandLineArgsTest.java","1","0","0","7","66","114","1"
"neo4j","ea0c055d8764baf8f17fd75d397b05ff957064f6","community/server/src/test/java/org/neo4j/server/ServerCommandLineArgsTest.java","1","0","0","7","66","114","1"
"neo4j","b863b894e728c6ceccb66da8e0dcdaa53d7039c3","community/server/src/test/java/org/neo4j/server/ServerCommandLineArgsTest.java","1","0","0","7","66","114","0"
"hazelcast","8959aa0857797fe82461f8cabc292a4966d2e5fb","hazelcast/src/main/java/com/hazelcast/client/impl/protocol/task/scheduledexecutor/ScheduledExecutorTaskGetStatisticsFromAddressMessageTask.java","1","0","0","7","66","96","0"
"neo4j","a495041e86344d014b8f9b1e882fe34d2c72790b","community/server/src/test/java/org/neo4j/server/ServerCommandLineArgsTest.java","1","0","0","7","67","115","1"
"neo4j","b6fee7ef202489b9092b6db6920bc22f153801b8","community/server/src/test/java/org/neo4j/server/ServerCommandLineArgsTest.java","1","0","0","7","68","116","0"
"hazelcast","96c6b8be6df938f529147e4b20d8490c015de96f","hazelcast/src/test/java/com/hazelcast/internal/util/JavaVersionTest.java","1","0","0","7","69","80","0"
"neo4j","197393a3c66dacf10c813cdcb731971a30857e16","community/bolt/src/main/java/org/neo4j/bolt/v1/runtime/LifecycleManagedBoltFactory.java","1","0","0","7","72","102","0"
"neo4j","f0b03e0d48342f7b76608313e94292a530d373e0","community/bolt/src/main/java/org/neo4j/bolt/v1/runtime/LifecycleManagedBoltFactory.java","1","0","0","7","73","103","1"
"elasticsearch","c1ee65f9901c92a6239dab7955a72d35723d0b0c","plugins/repository-gcs/src/test/java/org/elasticsearch/repositories/gcs/GoogleCloudStorageBlobStoreRepositoryTests.java","1","0","0","7","73","125","2"
"elasticsearch","4b94eb5cb8cc4294ed0e932a5f22c16bd90d4dd7","core/src/main/java/org/elasticsearch/action/admin/cluster/node/info/TransportNodesInfoAction.java","1","0","0","7","74","110","2"
"elasticsearch","860efb2ad28db09189c8423e05d0dba53010259c","core/src/main/java/org/elasticsearch/action/admin/cluster/node/info/TransportNodesInfoAction.java","1","0","0","7","74","110","2"
"elasticsearch","d3417fb02291f26964d77767020ef345d18c148f","core/src/main/java/org/elasticsearch/action/admin/cluster/node/info/TransportNodesInfoAction.java","1","0","0","7","74","110","0"
"neo4j","77bb150cf3bd5187752557148db7b6744ed3709f","community/bolt/src/main/java/org/neo4j/bolt/v1/runtime/LifecycleManagedBoltFactory.java","1","0","0","7","75","105","0"
"elasticsearch","71f58e6f26927a227b256c7719d67c887a947d99","plugins/repository-gcs/src/test/java/org/elasticsearch/repositories/gcs/GoogleCloudStorageBlobStoreRepositoryTests.java","1","0","0","7","76","129","0"
"orientdb","15a67a87787792ff04be2e3a29ebb1ec0a0cad29","jdbc/src/test/java/com/orientechnologies/orient/jdbc/OrientJdbcResultSetTest.java","1","0","0","7","76","145","0"
"oryx","481ec44fd6a5d511ef42eddf47334a725d3a540c","app/oryx-app-mllib/src/test/java/com/cloudera/oryx/app/batch/mllib/kmeans/KMeansEvalIT.java","1","0","0","7","77","108","0"
"hazelcast","de3d876c276b4727c66ed7d150b6685cb8b90eee","hazelcast-client/src/test/java/com/hazelcast/client/cache/stats/ClientCacheStatsTest.java","1","0","0","7","78","98","0"
"hazelcast","4d8aae6dd931c55b38df88e7e066c3f862b36bac","hazelcast/src/test/java/com/hazelcast/partition/impl/ResetReplicaVersionOperationTest.java","1","0","0","7","83","106","1"
"hazelcast","0e8d32f113d283e766faf77a39cec13bb8c94ffc","hazelcast-client/src/test/java/com/hazelcast/client/cache/stats/ClientCacheStatsTest.java","1","0","0","7","84","119","1"
"hazelcast","dd9c5fd8f9085c0f2301daff7de8b5e67307ef3a","hazelcast/src/main/java/com/hazelcast/client/impl/protocol/task/cache/CacheAddNearCacheInvalidationListenerTask.java","1","0","0","7","85","121","0"
"hazelcast","dd9c5fd8f9085c0f2301daff7de8b5e67307ef3a","hazelcast/src/main/java/com/hazelcast/client/impl/protocol/task/cache/Pre38CacheAddInvalidationListenerTask.java","1","0","0","7","85","125","0"
"hazelcast","fb945c32b2039a081d11e5e281d86b22c000c879","hazelcast/src/test/java/com/hazelcast/instance/BuildInfoProviderTest.java","1","0","0","7","88","110","0"
"hazelcast","4003029651c76805e2951670f6313c08ff87c621","hazelcast/src/test/java/com/hazelcast/instance/BuildInfoProviderTest.java","1","0","0","7","89","111","0"
"hazelcast","e92dcb6824f242ac8bcb72623ccd13f982955632","hazelcast/src/main/java/com/hazelcast/transaction/impl/TransactionSupport.java","1","0","0","7","9","34","0"
"hazelcast","cdb8b0e0e259c0992856d553f2aa04499043c84d","hazelcast/src/test/java/com/hazelcast/internal/diagnostics/SystemLogPluginTest.java","1","0","0","7","90","110","0"
"hazelcast","6f9029d03ac2c64dda8c2781db93fdac4bc36969","hazelcast/src/test/java/com/hazelcast/internal/diagnostics/SystemLogPluginTest.java","1","0","0","7","91","112","1"
"hazelcast","80e3feb0bc48b6ab71536fab2c1bc1416d311024","hazelcast/src/test/java/com/hazelcast/internal/diagnostics/SystemLogPluginTest.java","1","0","0","7","91","112","1"
"hazelcast","810540661cf0b9662e3e1bc9b5dabc53a3c052f1","hazelcast/src/test/java/com/hazelcast/internal/diagnostics/SystemLogPluginTest.java","1","0","0","7","91","112","1"
"hazelcast","4a91f4eef271a8a8387d2e72b4d9b7fe1ce63c72","hazelcast/src/test/java/com/hazelcast/internal/diagnostics/SystemLogPluginTest.java","1","0","0","7","91","112","0"
"BroadleafCommerce","0190a586f4251434b68ccee241c52de0d1cbc386","common/src/test/java/org/broadleafcommerce/common/file/service/BroadleafFileServiceImplTest.java","1","0","0","7","91","152","0"
"BroadleafCommerce","030f8d7b4e8ed22cd62d84d51cd28cfe0ad83412","common/src/test/java/org/broadleafcommerce/common/file/service/BroadleafFileServiceImplTest.java","1","0","0","7","93","154","0"
"hazelcast","4a9bacbdd50bf75b5a43e56b72754cdd6e99cefe","hazelcast/src/test/java/com/hazelcast/monitor/impl/NearCacheStatsImplTest.java","1","0","0","7","94","113","1"
"hazelcast","0deba7ff1ee19a1c74054acfb9b821c81a2aa7e4","hazelcast/src/test/java/com/hazelcast/internal/diagnostics/SystemLogPluginTest.java","1","0","0","7","95","116","1"
"hazelcast","15ad63e930e2d564e6911025f5d234fd4144e345","hazelcast/src/test/java/com/hazelcast/map/ExpirationTimeTest.java","1","0","0","7","97","173","1"
"hazelcast","61b71a47e5a3090554bb5756b3eb4fadfc29e687","hazelcast/src/test/java/com/hazelcast/map/ExpirationTimeTest.java","1","0","0","7","97","173","1"
"hazelcast","183b9b48f02963ab3b67538bf24d26f3ca482a0e","hazelcast/src/test/java/com/hazelcast/map/ExpirationTimeTest.java","1","0","0","7","97","173","0"
"hazelcast","f773ece7c5225d2f8603c0d7438318533b603a7e","hazelcast/src/test/java/com/hazelcast/map/ExpirationTimeTest.java","1","0","0","7","98","174","1"
"neo4j","3ea1d3f5e4ec90ae32ab077bb7b12fd3dc37d4da","community/kernel/src/test/java/org/neo4j/kernel/impl/api/integrationtest/ProceduresKernelIT.java","1","0","0","7","99","159","0"
"hazelcast","cc3d0fe4536065dc80b0102f7198bccdeb1b5a1d","hazelcast-client-new/src/test/java/com/hazelcast/client/quorum/ClientMapReadWriteQuorumTest.java","1","0","0","77","404","510","0"
"hazelcast","fbd3e1238608c3819d5f34d87d3a3a7b28a10f50","hazelcast-client-new/src/test/java/com/hazelcast/client/quorum/ClientMapReadWriteQuorumTest.java","1","0","0","77","405","511","1"
"hazelcast","474965e6f925df9d4924095c2ffad42fd0067dfc","hazelcast/src/test/java/com/hazelcast/spi/impl/operationservice/impl/Invocation_NestedLocalTest.java","1","0","0","8","101","144","0"
"neo4j","e49f8e97f2ba0ba9564d8b0dc92cb55cfb97a815","community/bolt/src/test/java/org/neo4j/bolt/v1/transport/socket/ChunkedOutputTest.java","1","0","0","8","101","151","0"
"elasticsearch","046abdc281c321cd2128ee7684c0edfcaca07203","core/src/test/java/org/elasticsearch/search/DocValueFormatTests.java","1","0","0","8","103","144","2"
"neo4j","557655a6c3ec43bbbabb9636cb250192f9a1fbda","community/kernel/src/test/java/org/neo4j/kernel/impl/proc/UserFunctionsTest.java","1","0","0","8","106","167","1"
"elasticsearch","e74d02138f02a66331b2611b5e70a908bb49cb97","core/src/test/java/org/elasticsearch/search/DocValueFormatTests.java","1","0","0","8","107","149","0"
"orientdb","e1a26bce426cc521e34d18e8994ec87673af8a38","core/src/main/java/com/orientechnologies/orient/core/serialization/serializer/record/ORecordSerializer.java","1","0","0","8","11","40","1"
"neo4j","4da64f94ad3e8a76057e6e112f217769b4383a18","community/server/src/test/java/org/neo4j/server/configuration/ConfigLoaderTest.java","1","0","0","8","115","183","1"
"elasticsearch","a4365971a09337bf4d639bbabb2377137c576167","core/src/test/java/org/elasticsearch/index/mapper/KeywordFieldTypeTests.java","1","0","0","8","117","154","1"
"neo4j","84ba2501e70a3ead624f7d30b268987a61873126","enterprise/core-edge/src/test/java/org/neo4j/coreedge/raft/log/segmented/ReaderPoolTest.java","1","0","0","8","119","195","0"
"orientdb","ca587e2ff4d3eb79f5d137b04091ae1ba3995c5d","core/src/main/java/com/orientechnologies/orient/core/serialization/serializer/record/ORecordSerializer.java","1","0","0","8","12","41","0"
"hazelcast","7d150d74a0f9fcebc4ec1eb36641c140c3ce0d06","hazelcast-client/src/test/java/com/hazelcast/client/standalone/ClientMapStandaloneTest.java","1","0","0","8","124","177","1"
"hazelcast","e556854ec52346c5a4fc1ea4120d244eb7c87871","hazelcast/src/main/java/com/hazelcast/client/ClientEndpointManager.java","1","0","0","8","13","24","1"
"hazelcast","081a9a82ef841f2d91af579f204931cf550e0bbc","hazelcast/src/main/java/com/hazelcast/query/impl/IndexStore.java","1","0","0","8","13","39","1"
"neo4j","deb01d37aaa9368817ea70690c8933983b59a87a","enterprise/causal-clustering/src/test/java/org/neo4j/causalclustering/catchup/tx/CatchupPollingProcessTest.java","1","0","0","8","132","202","0"
"elasticsearch","0a5917d18259314dda5eb0b6c463f1d286f5d8d0","modules/transport-netty4/src/test/java/org/elasticsearch/rest/Netty4HeadBodyIsEmptyIT.java","1","0","0","8","133","172","0"
"elasticsearch","673754b1d5897a975ca03f495ded582f377053a3","modules/transport-netty4/src/test/java/org/elasticsearch/rest/Netty4HeadBodyIsEmptyIT.java","1","0","0","8","133","172","0"
"elasticsearch","8453cf0622b610bb1e1b457df9f85b776750dca8","modules/transport-netty4/src/test/java/org/elasticsearch/rest/Netty4HeadBodyIsEmptyIT.java","1","0","0","8","133","172","1"
"antlr4","29c2712ae1eee9575324db48c2f72c7cb0d28308","tool/test/org/antlr/v4/test/rt/java/TestSemPredEvalLexer.java","1","0","0","8","136","148","0"
"elasticsearch","7e60cf3e544f05c89e7a32aa9dc410b95b6bcb24","modules/transport-netty4/src/test/java/org/elasticsearch/rest/Netty4HeadBodyIsEmptyIT.java","1","0","0","8","136","175","2"
"hazelcast","b3226b60f9e49e2c4e3fd6062478f7f0d1f0ee81","hazelcast-client-new/src/test/java/com/hazelcast/client/partitionservice/ClientPartitionLostListenerTest.java","1","0","0","8","139","177","1"
"orientdb","a2eaf6636bb600c7e6d311b0bb7d112bbaafb4a0","etl/src/main/java/com/orientechnologies/orient/etl/listener/OETLImporterListener.java","1","0","0","8","14","41","0"
"elasticsearch","71aa807acdcc5095d494657774e178770fa687c7","core/src/test/java/org/elasticsearch/index/search/MultiMatchQueryTests.java","1","0","0","8","141","174","0"
"hazelcast","b683793f8f000c7e168932c892f8e93fb936960e","hazelcast-client/src/test/java/com/hazelcast/client/ClientOwnershipTest.java","1","0","0","8","142","184","0"
"hazelcast","f430465001dbcfa714005b96dda24a0831ca9161","hazelcast-client/src/test/java/com/hazelcast/client/ClientOwnershipTest.java","1","0","0","8","142","194","1"
"antlr4","507f331bd08bc01c213822508d18bbc4ba769db4","tool/test/org/antlr/v4/test/TestSemPredEvalLexer.java","1","0","0","8","143","184","1"
"neo4j","3748c5cb4024236c879697decc82e45fbe2f58c7","enterprise/core-edge/src/test/java/org/neo4j/coreedge/core/server/BatchingMessageHandlerTest.java","1","0","0","8","144","224","0"
"hazelcast","945b0868442af7300617f31669f6adbde0b471e9","hazelcast-hibernate/src/test/java/com/hazelcast/hibernate/CustomPropertiesTest.java","1","0","0","8","146","176","1"
"neo4j","a93c570faa774c1a40b635b6a3e6d8ccb61a99e8","community/lucene-index/src/test/java/org/neo4j/index/impl/lucene/LuceneDataSourceTest.java","1","0","0","8","146","181","1"
"elasticsearch","83906487094439e0d986cf733cc305cec62745c1","core/src/test/java/org/elasticsearch/index/search/MultiMatchQueryTests.java","1","0","0","8","147","180","2"
"neo4j","c8fe3617f9a1395c358849b0fb4474c62f945aa6","community/lucene-index/src/test/java/org/neo4j/index/impl/lucene/legacy/LuceneDataSourceTest.java","1","0","0","8","149","186","1"
"hazelcast","42292bb00b2d462ca37103ea2d32b9e94fd02046","hazelcast-hibernate/src/test/java/com/hazelcast/hibernate/CustomPropertiesTest.java","1","0","0","8","153","185","0"
"elasticsearch","82fa531ab4c1fb087d357ff15288c070d7393378","core/src/test/java/org/elasticsearch/action/search/MultiSearchRequestTests.java","1","0","0","8","153","187","1"
"netty","f755e584638e20a4ae62466dd4b7a14954650348","codec-http/src/test/java/io/netty/handler/codec/http/cookie/ServerCookieDecoderTest.java","1","0","0","8","155","197","0"
"netty","0bc30a123e88bc7b038e0c260937581097a903f7","codec-http/src/test/java/io/netty/handler/codec/http/cookie/ServerCookieDecoderTest.java","1","0","0","8","159","203","1"
"elasticsearch","d01a62908a22c6f20a4adf1c147c4f3179c2a007","core/src/test/java/org/elasticsearch/index/mapper/DateFieldTypeTests.java","1","0","0","8","164","199","1"
"elasticsearch","00de8e07fc3df9c763bbc0b6890217dc5b6bee3e","core/src/test/java/org/elasticsearch/index/mapper/DateFieldTypeTests.java","1","0","0","8","166","201","3"
"elasticsearch","17a2fffc9be50102fa5a9da72053c82df23b1a64","core/src/test/java/org/elasticsearch/index/mapper/DateFieldTypeTests.java","1","0","0","8","166","201","2"
"elasticsearch","c1e5421b7718a918885e7e5f22ab4e0b7bbbdfc6","core/src/test/java/org/elasticsearch/index/mapper/DateFieldTypeTests.java","1","0","0","8","166","201","0"
"elasticsearch","6796464f167ce293192c43efd1cf28e4434fd5da","core/src/test/java/org/elasticsearch/index/mapper/DateFieldTypeTests.java","1","0","0","8","168","204","4"
"elasticsearch","6baded8e7fb920e920a288bf53764a1da3d617da","core/src/test/java/org/elasticsearch/index/mapper/DateFieldTypeTests.java","1","0","0","8","168","204","3"
"elasticsearch","d06a8903fdccf5985bb1b9cbfcb92580d08a544c","core/src/test/java/org/elasticsearch/index/mapper/DateFieldTypeTests.java","1","0","0","8","168","204","0"
"elasticsearch","82fa531ab4c1fb087d357ff15288c070d7393378","core/src/test/java/org/elasticsearch/index/mapper/DateFieldTypeTests.java","1","0","0","8","175","211","0"
"elasticsearch","2f8def11b5109eb80b47422a200bf7b7e07c8467","core/src/test/java/org/elasticsearch/index/mapper/DateFieldTypeTests.java","1","0","0","8","178","214","2"
"elasticsearch","977712f9773c3eecea3958a5b8ddf934207775a6","core/src/test/java/org/elasticsearch/index/mapper/DateFieldTypeTests.java","1","0","0","8","178","214","1"
"elasticsearch","f79c2cb8c0d747dc0c81768a881fe2bfe22d9e2f","core/src/test/java/org/elasticsearch/index/mapper/DateFieldTypeTests.java","1","0","0","8","178","214","2"
"elasticsearch","2e5e45161ecbc7d10f66ffef64b8d10868969e01","core/src/test/java/org/elasticsearch/index/mapper/DateFieldTypeTests.java","1","0","0","8","178","214","0"
"elasticsearch","634ce90dc06f20888a4ff655985a6baccf25a7db","core/src/test/java/org/elasticsearch/index/mapper/DateFieldTypeTests.java","1","0","0","8","178","214","0"
"neo4j","cca9e04725e7ae20ba97e57506c0a33d2bdf691c","enterprise/causal-clustering/src/main/java/org/neo4j/causalclustering/core/consensus/outcome/RaftLogCommand.java","1","0","0","8","18","44","0"
"elasticsearch","0ad231546d70cd45ac5d7a32311c1cebb9b42293","core/src/test/java/org/elasticsearch/index/mapper/BooleanFieldMapperTests.java","1","0","0","8","193","243","1"
"elasticsearch","450f47d5b59f19f4d2056042db69732ac5c21bbf","core/src/test/java/org/elasticsearch/index/mapper/BooleanFieldMapperTests.java","1","0","0","8","193","243","1"
"elasticsearch","2a00c9dc46fe7ac5da04ea3e735985d3f02bc7bf","core/src/test/java/org/elasticsearch/index/mapper/BooleanFieldMapperTests.java","1","0","0","8","193","243","0"
"antlr4","29c2712ae1eee9575324db48c2f72c7cb0d28308","tool/test/org/antlr/v4/test/rt/java/TestListeners.java","1","0","0","8","206","219","0"
"elasticsearch","6159ca28ae6ffd97260d8533df5a794154d94e11","core/src/test/java/org/elasticsearch/common/network/NetworkModuleTests.java","1","0","0","8","229","283","0"
"elasticsearch","5bf4e746476f37f4effa210bd031f8076e74a247","src/test/java/org/elasticsearch/search/geo/GeoShapeIntegrationTests.java","1","0","0","8","231","296","0"
"elasticsearch","6e9ad03b27afb07e80072f35785edf114f31d15f","src/test/java/org/elasticsearch/test/integration/search/geo/GeoShapeIntegrationTests.java","1","0","0","8","232","297","0"
"elasticsearch","2c69dc06d1bb3219892b44405b19a2e8f4c8da4e","src/test/java/org/elasticsearch/index/mapper/nested/NestedMappingTests.java","1","0","0","8","288","351","0"
"elasticsearch","25fd9e26c4fb042d6f6dea14efcd239577bdbbc4","client/benchmark/src/main/java/org/elasticsearch/client/benchmark/metrics/Sample.java","1","0","0","8","33","60","0"
"hazelcast","e4a5a9d2d0d01d60d810c15d0d5bf63ffe6f902d","hazelcast/src/main/java/com/hazelcast/client/impl/protocol/template/MapReduceCodecTemplate.java","1","0","0","8","33","61","1"
"hazelcast","7c26003a4ca787a3e815559aecae2879e59559bf","hazelcast/src/test/java/com/hazelcast/wan/impl/DummyWanReplication.java","1","0","0","8","34","51","0"
"hazelcast","82914ab681f7a556333505b597bf2ed1e7da9f30","hazelcast/src/main/java/com/hazelcast/client/impl/protocol/template/MapReduceCodecTemplate.java","1","0","0","8","34","62","0"
"hazelcast","65df300ddcacf2cee04f1eee8f75731e147decbf","hazelcast/src/main/java/com/hazelcast/map/impl/client/MapRemoveEntryListenerRequest.java","1","0","0","8","35","63","1"
"hazelcast","ae877df50978fcfb112d6d0cab2c78f80d1ee770","hazelcast/src/main/java/com/hazelcast/map/impl/client/MapRemoveEntryListenerRequest.java","1","0","0","8","35","63","1"
"hazelcast","cd083d38496be82d434e0f161330dc256538ed0a","hazelcast/src/main/java/com/hazelcast/multimap/MultiMapEventFilter.java","1","0","0","8","35","63","2"
"hazelcast","d65de8708631978b87d39db7c947a073e0963228","hazelcast/src/main/java/com/hazelcast/map/impl/client/MapRemoveEntryListenerRequest.java","1","0","0","8","35","63","2"
"orientdb","a2eaf6636bb600c7e6d311b0bb7d112bbaafb4a0","etl/src/main/java/com/orientechnologies/orient/etl/listener/OETLDefaultImporterListener.java","1","0","0","8","35","63","0"
"hazelcast","264b730b6e10ae9df6f5d8727209ca007160236f","hazelcast/src/main/java/com/hazelcast/map/impl/client/MapRemoveEntryListenerRequest.java","1","0","0","8","35","63","0"
"hazelcast","623ff1855aa985aa276e8395aabf0b534c7a36c3","hazelcast/src/main/java/com/hazelcast/map/impl/client/MapRemoveEntryListenerRequest.java","1","0","0","8","35","63","0"
"hazelcast","84e0a9b9d444f633dbd2bced60d95bc478086fea","hazelcast/src/main/java/com/hazelcast/partition/impl/PartitionReplicaChangeEvent.java","1","0","0","8","37","63","0"
"hazelcast","ae877df50978fcfb112d6d0cab2c78f80d1ee770","hazelcast/src/main/java/com/hazelcast/cache/impl/client/CacheRemovePartitionLostListenerRequest.java","1","0","0","8","37","66","0"
"ceylon-ide-eclipse","c5c15a0b33245f13d9fc7d44db226c0458005f73","plugins/com.redhat.ceylon.eclipse.ui/src/com/redhat/ceylon/eclipse/core/model/JavaCompilationUnit.java","1","0","0","8","39","50","0"
"hazelcast","65df300ddcacf2cee04f1eee8f75731e147decbf","hazelcast/src/main/java/com/hazelcast/topic/impl/client/RemoveMessageListenerRequest.java","1","0","0","8","39","67","1"
"hazelcast","ae877df50978fcfb112d6d0cab2c78f80d1ee770","hazelcast/src/main/java/com/hazelcast/topic/impl/client/RemoveMessageListenerRequest.java","1","0","0","8","39","67","1"
"hazelcast","d65de8708631978b87d39db7c947a073e0963228","hazelcast/src/main/java/com/hazelcast/topic/impl/client/RemoveMessageListenerRequest.java","1","0","0","8","39","67","2"
"hazelcast","264b730b6e10ae9df6f5d8727209ca007160236f","hazelcast/src/main/java/com/hazelcast/topic/impl/client/RemoveMessageListenerRequest.java","1","0","0","8","39","67","0"
"hazelcast","623ff1855aa985aa276e8395aabf0b534c7a36c3","hazelcast/src/main/java/com/hazelcast/topic/impl/client/RemoveMessageListenerRequest.java","1","0","0","8","39","67","0"
"hazelcast","65df300ddcacf2cee04f1eee8f75731e147decbf","hazelcast/src/main/java/com/hazelcast/multimap/impl/client/RemoveEntryListenerRequest.java","1","0","0","8","39","68","1"
"hazelcast","ae877df50978fcfb112d6d0cab2c78f80d1ee770","hazelcast/src/main/java/com/hazelcast/multimap/impl/client/RemoveEntryListenerRequest.java","1","0","0","8","39","68","1"
"hazelcast","623ff1855aa985aa276e8395aabf0b534c7a36c3","hazelcast/src/main/java/com/hazelcast/multimap/impl/client/RemoveEntryListenerRequest.java","1","0","0","8","39","68","0"
"elasticsearch","88040352050455e537646662a3fbfdd8d554dd17","core/src/main/java/org/elasticsearch/search/internal/InternalScrollSearchRequest.java","1","0","0","8","39","71","0"
"hazelcast","59c4822d4ad5dfac4cecd11231280baa33d4aa35","hazelcast/src/main/java/com/hazelcast/map/client/MapUnlockRequest.java","1","0","0","8","40","70","1"
"hazelcast","48ce080fe1f5db112b6c21e19da62612ccc43608","hazelcast/src/main/java/com/hazelcast/map/operation/RemoveInterceptorOperation.java","1","0","0","8","41","70","0"
"hazelcast","39091ff574efe84ae6a3d772a1b7cfce80f4f2e0","hazelcast/src/main/java/com/hazelcast/map/client/MapUnlockRequest.java","1","0","0","8","41","71","0"
"elasticsearch","5910b17ece360ab03cb86cbfa46bd822c6e0da6b","src/main/java/org/elasticsearch/common/geo/builders/EnvelopeBuilder.java","1","0","0","8","42","74","1"
"elasticsearch","75cedca0dab933bb6d1679fbddea2d09122d13c9","core/src/test/java/org/elasticsearch/test/store/MockFSIndexStore.java","1","0","0","8","43","70","1"
"hazelcast","fc6e278674e0cc8f68a53f1b9d210d1e1fb8ed38","hazelcast/src/main/java/com/hazelcast/map/operation/InvalidateNearCacheOperation.java","1","0","0","8","43","73","1"
"hazelcast","0f550598f8d9f6c62d3bc81f88248d1e11b537c3","hazelcast-client/src/test/java/com/hazelcast/client/cache/nearcache/ClientCacheInvalidationListener.java","1","0","0","8","44","73","0"
"hazelcast","10773b4cd855bdfd84ea80d22b8ed3c977459444","hazelcast/src/main/java/com/hazelcast/multimap/impl/operations/client/CountRequest.java","1","0","0","8","44","74","0"
"hazelcast","48ce080fe1f5db112b6c21e19da62612ccc43608","hazelcast/src/main/java/com/hazelcast/map/operation/AddInterceptorOperation.java","1","0","0","8","46","76","0"
"neo4j","87838b56dfcfb7b37ca03d26c9eedc8f1e0c38e5","community/bolt/src/test/java/org/neo4j/bolt/v1/messaging/BoltRequestMessageRecorder.java","1","0","0","8","47","79","0"
"hazelcast","0cf8d4e4b4bb67c11e3b136f5e719e6d498b7504","hazelcast-spring/src/test/java/com/hazelcast/spring/cache/JCacheCacheLoader.java","1","0","0","8","48","78","0"
"hazelcast","59c4822d4ad5dfac4cecd11231280baa33d4aa35","hazelcast/src/main/java/com/hazelcast/map/client/MapAddIndexRequest.java","1","0","0","8","51","84","1"
"neo4j","3ea1d3f5e4ec90ae32ab077bb7b12fd3dc37d4da","community/kernel/src/test/java/org/neo4j/kernel/builtinprocs/StubStatement.java","1","0","0","8","52","82","0"
"hazelcast","39091ff574efe84ae6a3d772a1b7cfce80f4f2e0","hazelcast/src/main/java/com/hazelcast/map/client/MapGetRequest.java","1","0","0","8","52","82","0"
"hazelcast","59c4822d4ad5dfac4cecd11231280baa33d4aa35","hazelcast/src/main/java/com/hazelcast/map/client/MapGetRequest.java","1","0","0","8","52","82","1"
"elasticsearch","ad986eb2fcd793c6cf2fc90a48daaa345e0d0abb","src/test/java/org/elasticsearch/index/mapper/xcontent/MapperTestUtils.java","1","0","0","8","53","83","0"
"hazelcast","2cfcc5e576b15ff0cec6baf0628089fe7f814729","hazelcast/src/main/java/com/hazelcast/map/impl/operation/RemoveInterceptorOperation.java","1","0","0","8","54","83","0"
"hazelcast","485805a9cdfcc64f2b85f18f1b0e49e623af5f92","hazelcast/src/main/java/com/hazelcast/map/impl/operation/RemoveInterceptorOperation.java","1","0","0","8","54","83","0"
"hazelcast","814b2f8afa521150980e1e6cf2312187cc51482f","hazelcast/src/main/java/com/hazelcast/map/impl/operation/RemoveInterceptorOperation.java","1","0","0","8","54","83","0"
"hazelcast","c73bbb297198973530f8edc1987c1cdabb26fef9","hazelcast/src/main/java/com/hazelcast/map/impl/operation/RemoveInterceptorOperation.java","1","0","0","8","54","83","1"
"hazelcast","0443c4d9988380bf9fc61a871e7588b1e106aa44","hazelcast/src/main/java/com/hazelcast/concurrent/atomicreference/operations/CompareAndSetOperation.java","1","0","0","8","54","85","0"
"elasticsearch","78574d248cf10dad1c5a566fda79e1e0c94afe43","core/src/main/java/org/elasticsearch/action/admin/indices/upgrade/get/ShardUpgradeStatus.java","1","0","0","8","54","91","1"
"elasticsearch","e6aaaf11ed4a1b8f595f920de1840938eddb7a97","core/src/main/java/org/elasticsearch/action/admin/indices/upgrade/get/ShardUpgradeStatus.java","1","0","0","8","54","91","1"
"elasticsearch","a60b8948ba1d836a6eac7cff095519e618939ed8","core/src/main/java/org/elasticsearch/action/admin/indices/upgrade/get/ShardUpgradeStatus.java","1","0","0","8","54","91","0"
"orientdb","4ff84b859e3d13248b65486721dda2a5fd268722","core/src/test/java/com/orientechnologies/orient/core/metadata/schema/AlterClassClusterTest.java","1","0","0","8","57","74","0"
"hazelcast","0a3ae3cd815024f60c7565bd96a2085b0b9dfb08","hazelcast/src/test/java/com/hazelcast/partition/impl/MigrationQueueTest.java","1","0","0","8","57","78","0"
"hazelcast","59c4822d4ad5dfac4cecd11231280baa33d4aa35","hazelcast/src/main/java/com/hazelcast/map/client/MapExecuteOnKeyRequest.java","1","0","0","8","57","87","1"
"hazelcast","59c4822d4ad5dfac4cecd11231280baa33d4aa35","hazelcast/src/main/java/com/hazelcast/map/client/MapDeleteRequest.java","1","0","0","8","57","88","1"
"ceylon-ide-eclipse","73a91d7f63a211f3e9053e182bc2cfebf778033d","plugins/com.redhat.ceylon.test.eclipse.plugin/src/com/redhat/ceylon/test/eclipse/plugin/CeylonTestPlugin.java","1","0","0","8","58","76","0"
"hazelcast","59c4822d4ad5dfac4cecd11231280baa33d4aa35","hazelcast/src/main/java/com/hazelcast/map/client/MapEvictRequest.java","1","0","0","8","58","88","1"
"neo4j","0fcc6fb50a2a1d279ddd576045c1cefe05be7cb2","packaging/neo4j-desktop/src/main/java/org/neo4j/desktop/runtime/DesktopConfigurator.java","1","0","0","8","58","90","0"
"neo4j","2162f57a395476c1b2e263b1e055c6baea8aa276","packaging/neo4j-desktop/src/main/java/org/neo4j/desktop/runtime/DesktopConfigurator.java","1","0","0","8","58","90","0"
"neo4j","54865c46d070187ab56d4bcd32e7831a04b1bcd1","packaging/neo4j-desktop/src/main/java/org/neo4j/desktop/runtime/DesktopConfigurator.java","1","0","0","8","58","90","1"
"ceylon-ide-eclipse","a00e43fdd1b2586d8dccefb9e313fe22e6fb6027","plugins/com.redhat.ceylon.test.eclipse.plugin/src/com/redhat/ceylon/test/eclipse/plugin/CeylonTestPlugin.java","1","0","0","8","59","78","1"
"hazelcast","8aad5200f5667461d3959dacaa6d5d179d7b2add","hazelcast/src/main/java/com/hazelcast/client/impl/protocol/task/map/MapIsLockedMessageTask.java","1","0","0","8","59","91","0"
"hazelcast","8aad5200f5667461d3959dacaa6d5d179d7b2add","hazelcast/src/main/java/com/hazelcast/client/impl/protocol/task/map/MapUnlockMessageTask.java","1","0","0","8","59","91","0"
"neo4j","24551acf5eba050158684a993470adaeb5bdd960","packaging/neo4j-desktop/src/main/java/org/neo4j/desktop/runtime/DesktopConfigurator.java","1","0","0","8","59","91","1"
"hazelcast","8aad5200f5667461d3959dacaa6d5d179d7b2add","hazelcast/src/main/java/com/hazelcast/client/impl/protocol/task/map/MapForceUnlockMessageTask.java","1","0","0","8","59","92","0"
"MapDB","4cec7a9b483682c6a902ea6fb46775f65e90c41f","src/test/java/org/mapdb/DBTest.java","1","0","0","8","61","82","0"
"hazelcast","59c4822d4ad5dfac4cecd11231280baa33d4aa35","hazelcast/src/main/java/com/hazelcast/map/client/MapTryRemoveRequest.java","1","0","0","8","61","92","1"
"hazelcast","b980aeeea985dc7052366df26bb57f1c3542d30c","hazelcast/src/test/java/com/hazelcast/query/impl/IndexIntegrationTest.java","1","0","0","8","63","102","0"
"elasticsearch","5a64f08f048461a63a0ca1354a5050c954e63d52","test/framework/src/main/java/org/elasticsearch/test/transport/AssertingLocalTransport.java","1","0","0","8","64","92","0"
"netty","8cf90f05127e3eda77a8749342709ab5776f7129","codec-dns/src/test/java/io/netty/handler/codec/dns/DefaultDnsRecordDecoderTest.java","1","0","0","8","64","92","0"
"elasticsearch","0a69f1e283e26e5d9e6a000b68b9f4778de557a1","test/framework/src/main/java/org/elasticsearch/test/transport/AssertingLocalTransport.java","1","0","0","8","64","92","2"
"junit","800f59a5089e58287c93def0fc00da6274b51e70","src/test/java/junit/tests/framework/TestListenerTest.java","1","0","0","8","65","72","1"
"junit","c82eef0da9be7201acb6dece4e96045756837c5a","src/test/java/junit/tests/framework/TestListenerTest.java","1","0","0","8","66","73","0"
"elasticsearch","e7444f7d779db8346c1053d622d21b09d5dd15b3","modules/ingest-common/src/test/java/org/elasticsearch/ingest/common/KeyValueProcessorTests.java","1","0","0","8","66","97","1"
"neo4j","6b75a9235ea38e0c47caacd25cc919023c0c958b","community/lucene-index/src/test/java/org/neo4j/kernel/api/impl/schema/ReadOnlyLuceneSchemaIndexTest.java","1","0","0","8","68","100","0"
"hazelcast","7790f750fb240830a8684edc6712875056cfcab6","hazelcast/src/test/java/com/hazelcast/core/HazelcastTest.java","1","0","0","8","69","101","1"
"hazelcast","d568e4d926d925d57d4e79e34614390416749301","hazelcast/src/test/java/com/hazelcast/core/HazelcastTest.java","1","0","0","8","71","106","0"
"neo4j","7133cda9323ffdaf396536337cfebbdafab1cf1b","community/kernel/src/test/java/org/neo4j/kernel/TestPlaceboTransaction.java","1","0","0","8","78","127","1"
"hazelcast","772b5217030e0fb94bf07a00d9b5e7b275a82030","hazelcast/src/test/java/com/hazelcast/map/impl/query/MapKeySetTest.java","1","0","0","8","80","103","0"
"hazelcast","21586825d367940e1c79cf289e97310daab1200d","hazelcast/src/test/java/com/hazelcast/map/impl/query/MapKeySetTest.java","1","0","0","8","81","103","1"
"hazelcast","c59ad46ee1277282b4eaa7b489f8a4ac58c4909e","hazelcast/src/test/java/com/hazelcast/map/impl/query/MapValuesTest.java","1","0","0","8","87","111","2"
"hazelcast","e3924ae149f91529595ed230f218cdd1ed6c6649","hazelcast/src/test/java/com/hazelcast/map/impl/query/MapValuesTest.java","1","0","0","8","87","111","2"
"hazelcast","772b5217030e0fb94bf07a00d9b5e7b275a82030","hazelcast/src/test/java/com/hazelcast/map/impl/query/MapValuesTest.java","1","0","0","8","87","111","0"
"elasticsearch","5828796848674b656807406947f050626035845a","core/src/main/java/org/elasticsearch/index/fielddata/plain/IndexIndexFieldData.java","1","0","0","8","87","132","0"
"hazelcast","21586825d367940e1c79cf289e97310daab1200d","hazelcast/src/test/java/com/hazelcast/map/impl/query/MapValuesTest.java","1","0","0","8","88","111","1"
"neo4j","52abb7d8bb68818a8f385d2c8787f55dbabf485c","community/server/src/test/java/org/neo4j/server/rest/repr/XForwardFilterIT.java","1","0","0","8","89","144","1"
"hazelcast","0deba7ff1ee19a1c74054acfb9b821c81a2aa7e4","hazelcast/src/test/java/com/hazelcast/internal/diagnostics/HealthMonitorTest.java","1","0","0","8","90","110","1"
"hazelcast","1f042b8c4a4245594691bb6d85a66ceed9b43068","hazelcast/src/test/java/com/hazelcast/internal/monitors/HealthMonitorTest.java","1","0","0","8","90","110","1"
"hazelcast","2921cff694583b8638dae2991f427e61d5440a9d","hazelcast/src/test/java/com/hazelcast/internal/monitors/HealthMonitorTest.java","1","0","0","8","90","110","0"
"hazelcast","772b5217030e0fb94bf07a00d9b5e7b275a82030","hazelcast/src/test/java/com/hazelcast/map/impl/query/MapEntrySetTest.java","1","0","0","8","90","113","0"
"hazelcast","21586825d367940e1c79cf289e97310daab1200d","hazelcast/src/test/java/com/hazelcast/map/impl/query/MapEntrySetTest.java","1","0","0","8","91","113","1"
"elasticsearch","2e445d3ede953c90e4e1ce69e5f53192115b9dd7","core/src/main/java/org/elasticsearch/index/fielddata/plain/IndexIndexFieldData.java","1","0","0","8","91","136","1"
"elasticsearch","e74d02138f02a66331b2611b5e70a908bb49cb97","core/src/test/java/org/elasticsearch/index/query/QueryParseContextTests.java","1","0","0","8","92","128","1"
"elasticsearch","fa3420c2a529c1863af1d07e0460f98a461a3e97","core/src/test/java/org/elasticsearch/index/query/QueryParseContextTests.java","1","0","0","8","92","128","1"
"elasticsearch","c5a9427293e4bfca16c3dc7eb9af07e12eff7160","core/src/test/java/org/elasticsearch/index/query/QueryParseContextTests.java","1","0","0","8","92","128","0"
"elasticsearch","ef83dbfbe68eff4b72575a2059a333469b274769","core/src/main/java/org/elasticsearch/index/fielddata/plain/IndexIndexFieldData.java","1","0","0","8","92","137","2"
"elasticsearch","046abdc281c321cd2128ee7684c0edfcaca07203","core/src/test/java/org/elasticsearch/index/query/QueryParseContextTests.java","1","0","0","8","93","129","3"
"elasticsearch","33b8d7a19d6ddd6ad06a5a0cb5ca90175458e036","core/src/main/java/org/elasticsearch/index/fielddata/plain/IndexIndexFieldData.java","1","0","0","8","93","138","0"
"hazelcast","4a91f4eef271a8a8387d2e72b4d9b7fe1ce63c72","hazelcast/src/test/java/com/hazelcast/internal/diagnostics/HealthMonitorTest.java","1","0","0","8","94","114","0"
"hazelcast","7812e4cfb5307427c8041eaaed72fb543f28dd47","hazelcast/src/test/java/com/hazelcast/instance/BuildInfoProviderTest.java","1","0","0","8","94","130","0"
"hazelcast","9bd1ce5444c1cb1358f3782d4e05fc3fc503f69a","hazelcast/src/test/java/com/hazelcast/partition/PartitionLostListenerRegistrationTest.java","1","0","0","8","96","138","1"
"hazelcast","5b8632553391543693d7a87c5d29cdea51293447","hazelcast/src/test/java/com/hazelcast/partition/PartitionLostListenerRegistrationTest.java","1","0","0","8","96","142","0"
"elasticsearch","31fd521fd1d0b55bab4b94cb6bbe688b772ba7ea","src/test/java/org/elasticsearch/test/integration/search/simple/SimpleSearchTests.java","1","0","0","8","96","145","0"
"hazelcast","772b5217030e0fb94bf07a00d9b5e7b275a82030","hazelcast/src/test/java/com/hazelcast/map/impl/query/LocalKeySetTest.java","1","0","0","8","97","124","0"
"hazelcast","73673199472b3fb25cf6c72de378a1d2bab18605","hazelcast/src/test/java/com/hazelcast/internal/diagnostics/DiagnosticsTest.java","1","0","0","8","98","142","1"
"hazelcast","86b064ba3f1e467e74e95d6da24b03122065ce36","hazelcast/src/test/java/com/hazelcast/internal/diagnostics/DiagnosticsTest.java","1","0","0","8","98","142","2"
"hazelcast","9948976cea0dd05d47e24f303a0b309b4155d329","hazelcast/src/test/java/com/hazelcast/internal/diagnostics/DiagnosticsTest.java","1","0","0","8","98","142","2"
"hazelcast","82683a8423a0a3209f3dd70ca23835ee63f0d0b8","hazelcast/src/test/java/com/hazelcast/internal/diagnostics/DiagnosticsTest.java","1","0","0","8","98","142","0"
"hazelcast","21586825d367940e1c79cf289e97310daab1200d","hazelcast/src/test/java/com/hazelcast/map/impl/query/LocalKeySetTest.java","1","0","0","8","99","122","1"
"hazelcast","c4bea0b586596304157746f2e67b3911e43d4dd8","hazelcast/src/test/java/com/hazelcast/spi/impl/operationservice/impl/Invocation_NestedLocalTest.java","1","0","0","8","99","142","1"
"hazelcast","89de1ccda29d0ec91e9625b679072b52b2c31fb8","hazelcast-client/src/test/java/com/hazelcast/client/replicatedmap/nearcache/ClientReplicatedMapNearCacheBasicTest.java","1","0","0","9","104","143","1"
"netty","1b0b8f80cdf5d5ef0919d30232c090c5a495d4b6","common/src/test/java/io/netty/util/concurrent/AbstractScheduledEventExecutorTest.java","1","0","0","9","105","145","0"
"hazelcast","269452c5076a01d8e67f0b8d674f6b55cf0e1d06","hazelcast/src/test/java/com/hazelcast/config/DiscoveryTest.java","1","0","0","9","106","146","0"
"neo4j","09c5087dbe867c849ae23c38d3983dd510c59384","community/kernel/src/test/java/org/neo4j/kernel/impl/proc/ProcedureAllowedConfigTest.java","1","0","0","9","107","141","1"
"hazelcast","04c204fcf1f1d07695eb4355106ffdc8e6bc9365","hazelcast/src/test/java/com/hazelcast/config/RegexConfigPatternMatcherTest.java","1","0","0","9","109","177","0"
"orientdb","731545a32e96d61ede50300ab6b8dd1166de7431","core/src/main/java/com/orientechnologies/orient/core/storage/cache/local/twoq/O2QCacheMXBean.java","1","0","0","9","11","40","0"
"hazelcast","a307b7929d169054db70b9dce648d8ade5b84851","hazelcast-jclouds/src/test/java/com/hazelcast/jclouds/ComputeServiceBuilderInvalidConfigTest.java","1","0","0","9","110","140","1"
"hazelcast","5758dedd1bcd1583eb238e314a12eee83980b607","hazelcast/src/test/java/com/hazelcast/instance/BuildInfoProviderTest.java","1","0","0","9","110","151","1"
"elasticsearch","00de8e07fc3df9c763bbc0b6890217dc5b6bee3e","core/src/test/java/org/elasticsearch/rest/action/admin/cluster/RestNodesStatsActionTests.java","1","0","0","9","111","145","3"
"elasticsearch","17a2fffc9be50102fa5a9da72053c82df23b1a64","core/src/test/java/org/elasticsearch/rest/action/admin/cluster/RestNodesStatsActionTests.java","1","0","0","9","111","145","2"
"elasticsearch","6796464f167ce293192c43efd1cf28e4434fd5da","core/src/test/java/org/elasticsearch/rest/action/admin/cluster/RestNodesStatsActionTests.java","1","0","0","9","111","145","4"
"elasticsearch","6baded8e7fb920e920a288bf53764a1da3d617da","core/src/test/java/org/elasticsearch/rest/action/admin/cluster/RestNodesStatsActionTests.java","1","0","0","9","111","145","3"
"elasticsearch","f5ac0e507661ec127afa07ed8dd34da50b2e4d5d","core/src/test/java/org/elasticsearch/rest/action/admin/cluster/RestNodesStatsActionTests.java","1","0","0","9","111","145","2"
"elasticsearch","d06a8903fdccf5985bb1b9cbfcb92580d08a544c","core/src/test/java/org/elasticsearch/rest/action/admin/cluster/RestNodesStatsActionTests.java","1","0","0","9","111","145","0"
"hazelcast","4f8baf629d95173c017dff426932eaa3919549c0","hazelcast/src/test/java/com/hazelcast/map/ExpirationTimeTest.java","1","0","0","9","113","194","0"
"hazelcast","06c899eed2c6a2bc821482efc3c44adc7b8352a8","hazelcast-wm/src/test/java/com/hazelcast/wm/test/WebfilterTestCase.java","1","0","0","9","117","178","1"
"hazelcast","f359a17dafef27e3537bf154ed62ad90f424299c","hazelcast-wm/src/test/java/com/hazelcast/wm/test/WebfilterTestCase.java","1","0","0","9","117","178","1"
"hazelcast","06fb2bf8c9804ef52f8fdf89cd5170a545d79c9b","hazelcast-wm/src/test/java/com/hazelcast/wm/test/WebfilterTestCase.java","1","0","0","9","117","178","0"
"hazelcast","9f2e3b5a4595a381d73b411839c452d397fb8eef","hazelcast/src/test/java/com/hazelcast/map/ExpirationTimeTest.java","1","0","0","9","117","191","1"
"elasticsearch","f322f537e41273fd33eb06752c5adcfa5850323f","core/src/test/java/org/elasticsearch/index/mapper/KeywordFieldTypeTests.java","1","0","0","9","125","163","0"
"hazelcast","c4bea0b586596304157746f2e67b3911e43d4dd8","hazelcast/src/test/java/com/hazelcast/spi/impl/operationservice/impl/Invocation_NestedRemoteTest.java","1","0","0","9","125","171","1"
"hazelcast","474965e6f925df9d4924095c2ffad42fd0067dfc","hazelcast/src/test/java/com/hazelcast/spi/impl/operationservice/impl/Invocation_NestedRemoteTest.java","1","0","0","9","127","173","0"
"hazelcast","081a9a82ef841f2d91af579f204931cf550e0bbc","hazelcast/src/main/java/com/hazelcast/query/impl/Index.java","1","0","0","9","13","40","1"
"hazelcast","267657223110ee9fc436f5496e078547d29c6e4c","hazelcast/src/main/java/com/hazelcast/nio/serialization/PortableContext.java","1","0","0","9","13","42","1"
"elasticsearch","598854dd72d7fb01a7e26a9dad065de3deaa5eb7","src/test/java/org/elasticsearch/test/disruption/ServiceDisruptionScheme.java","1","0","0","9","13","43","0"
"neo4j","244ab0373d2757af67d205628197e06d0b7dbe53","community/kernel/src/test/java/org/neo4j/kernel/impl/proc/UserFunctionsTest.java","1","0","0","9","130","196","0"
"hazelcast","733a21722fc9a7b4cd5109fbcf9019bcc1377584","hazelcast/src/test/java/com/hazelcast/map/impl/record/RecordsTest.java","1","0","0","9","133","191","0"
"elasticsearch","cf6b03c8f45c5f2c15d90e2435a6eaab8bf35153","core/src/test/java/org/elasticsearch/bootstrap/ElasticsearchCliTests.java","1","0","0","9","136","184","0"
"netty","34ff9cf5f246efddec9da2994d039cd40e896c5e","codec/src/test/java/io/netty/handler/codec/base64/Base64Test.java","1","0","0","9","138","173","0"
"hazelcast","d0b978ac681dd63e8d14a0c4925cba57f5cb8bf5","hazelcast/src/main/java/com/hazelcast/client/ClientEndpointManager.java","1","0","0","9","14","26","0"
"hazelcast","895c167beb733f0d881ef57bf1238f7c25e19276","hazelcast/src/main/java/com/hazelcast/spi/impl/RemotePropagatable.java","1","0","0","9","14","41","0"
"elasticsearch","7ed3d6e75b48025b6fd366602693ded6f5a55fcb","modules/transport-netty4/src/test/java/org/elasticsearch/rest/Netty4HeadBodyIsEmptyIT.java","1","0","0","9","141","181","1"
"antlr4","29c2712ae1eee9575324db48c2f72c7cb0d28308","tool/test/org/antlr/v4/test/rt/java/TestParseTrees.java","1","0","0","9","151","163","0"
"hazelcast","cf3f488458ae942d1a88c5565e928c479b23ac5a","hazelcast-client/src/test/java/com/hazelcast/client/standalone/ClientMapStandaloneTest.java","1","0","0","9","153","209","0"
"neo4j","035903e9ebdada5ea1269b223a6b5ee102763a1d","enterprise/causal-clustering/src/test/java/org/neo4j/causalclustering/catchup/tx/CatchupPollingProcessTest.java","1","0","0","9","153","232","0"
"elasticsearch","28fd684eef75592346e72c92177e7dd86af82608","core/src/test/java/org/elasticsearch/action/ingest/SimulateExecutionServiceTests.java","1","0","0","9","155","192","0"
"hazelcast","bbfa94dbca145b50e77aa80919bb680fd80103f4","hazelcast-client/src/test/java/com/hazelcast/client/standalone/ClientMapStandaloneTest.java","1","0","0","9","156","213","0"
"neo4j","c78d5b9a732e8512a6136e4194de35dbffdeaca6","enterprise/causal-clustering/src/test/java/org/neo4j/causalclustering/catchup/tx/CatchupPollingProcessTest.java","1","0","0","9","158","237","1"
"neo4j","a04c0ff1606865897edea265bfc46e445b3ff481","community/shell/src/test/java/org/neo4j/shell/StartClientTest.java","1","0","0","9","162","235","1"
"elasticsearch","5c4c1c5e157cabace5124c327427e2cf644db9d6","core/src/test/java/org/elasticsearch/action/search/MultiSearchRequestTests.java","1","0","0","9","167","203","0"
"hazelcast","9799cac5b46fd60165dfd675e69bde779dc34d57","hazelcast/src/test/java/com/hazelcast/quorum/PartitionedCluster.java","1","0","0","9","168","217","1"
"hazelcast","3d6bcba501e62df97fb0d222eb966362c2951a5c","hazelcast/src/test/java/com/hazelcast/quorum/PartitionedCluster.java","1","0","0","9","168","218","0"
"hazelcast","90fb1b71150a3690cc10276f3e4b6a9efa2dc4cb","hazelcast/src/test/java/com/hazelcast/quorum/PartitionedCluster.java","1","0","0","9","168","218","0"
"hazelcast","e1b69c53ca4923affcd7722f012a80e32517e988","hazelcast/src/test/java/com/hazelcast/quorum/PartitionedCluster.java","1","0","0","9","168","218","0"
"hazelcast","ba37274b98bec73967e5bb3dc5ee687387fb79d6","hazelcast/src/test/java/com/hazelcast/quorum/PartitionedCluster.java","1","0","0","9","168","218","1"
"elasticsearch","69f35aa07f1466419b950900485d709cd94bb52b","core/src/test/java/org/elasticsearch/index/search/MultiMatchQueryTests.java","1","0","0","9","180","219","0"
"elasticsearch","4bce7271659889d839388d7df5c61a6d2a5c3c7a","core/src/test/java/org/elasticsearch/index/search/MultiMatchQueryTests.java","1","0","0","9","181","219","0"
"elasticsearch","47f92d7c621eb0b0e4cf350ae21c8553592a324f","core/src/test/java/org/elasticsearch/index/search/MultiMatchQueryTests.java","1","0","0","9","183","221","2"
"elasticsearch","2f8def11b5109eb80b47422a200bf7b7e07c8467","core/src/test/java/org/elasticsearch/index/search/MultiMatchQueryTests.java","1","0","0","9","184","222","2"
"elasticsearch","b91df36a627be0f1c78d61b68fe017f2976b8f6e","core/src/test/java/org/elasticsearch/index/mapper/ip/IpFieldMapperTests.java","1","0","0","9","200","273","0"
"neo4j","b070962e9b00726d50df951106225fa252b7efeb","enterprise/query-logging/src/test/java/org/neo4j/kernel/impl/query/QueryLoggerTest.java","1","0","0","9","212","293","0"
"neo4j","c53aab6d4de8c83eda42c64474ec13aa7ecb25f3","enterprise/query-logging/src/test/java/org/neo4j/kernel/impl/query/QueryLoggerTest.java","1","0","0","9","213","294","1"
"hazelcast","4e007a3426015aebfb4a640a624d2e2e9dc90817","hazelcast/src/main/java/com/hazelcast/client/impl/protocol/parameters/LockTemplate.java","1","0","0","9","22","50","0"
"hazelcast","bb3ea0e107980d769862cdbda748cc91529d67b5","hazelcast/src/main/java/com/hazelcast/transaction/impl/Transaction.java","1","0","0","9","22","50","0"
"hazelcast","58e4782c607905ce452f830bd68a2412a9e1961e","hazelcast/src/main/java/com/hazelcast/client/impl/protocol/parameters/LockTemplate.java","1","0","0","9","22","50","1"
"elasticsearch","ac6a6d6fe8fc4fed55850115757e779860c7b036","core/src/test/java/org/elasticsearch/transport/RemoteClusterServiceTests.java","1","0","0","9","255","307","1"
"netty","7ef6db3ffd2f10cce835685359dec642bd3c874c","transport/src/test/java/io/netty/channel/CombinedChannelDuplexHandlerTest.java","1","0","0","9","255","325","1"
"elasticsearch","598854dd72d7fb01a7e26a9dad065de3deaa5eb7","src/test/java/org/elasticsearch/test/disruption/NoOpDisruptionScheme.java","1","0","0","9","30","67","0"
"hazelcast","70d4de16ff0ac4518d09aad8c9f2ad9e782fb337","hazelcast/src/test/java/com/hazelcast/config/helpers/DummyMapStore.java","1","0","0","9","32","43","1"
"hazelcast","d568e4d926d925d57d4e79e34614390416749301","hazelcast/src/test/java/com/hazelcast/config/helpers/DummyMapStore.java","1","0","0","9","33","45","0"
"hazelcast","22bdfcfa23a11ee774cc8c5b6308c0925c660aab","hazelcast/src/main/java/com/hazelcast/map/impl/operation/GetOperation.java","1","0","0","9","34","62","1"
"hazelcast","22bdfcfa23a11ee774cc8c5b6308c0925c660aab","hazelcast/src/main/java/com/hazelcast/map/impl/operation/GetOperation.java","1","0","0","9","34","62","1"
"hazelcast","4855250f4b64d469d4ce0675d7da45b1fb441b1d","hazelcast/src/main/java/com/hazelcast/map/impl/operation/GetOperation.java","1","0","0","9","34","62","2"
"hazelcast","d831651dd5814c8074c8b4727184701986f16039","hazelcast/src/main/java/com/hazelcast/map/impl/operation/GetOperation.java","1","0","0","9","34","62","1"
"hazelcast","ef34031de196f40a796710c1c252a697f4596693","hazelcast/src/main/java/com/hazelcast/map/operation/GetOperation.java","1","0","0","9","34","62","1"
"hazelcast","c8aa9156ed936d9562fcd30ad4aca851fb3089cd","hazelcast/src/main/java/com/hazelcast/map/operation/GetOperation.java","1","0","0","9","34","62","0"
"hazelcast","05b27a3d7f9adfb832f8fb0c7927fc71c14df2b4","hazelcast/src/main/java/com/hazelcast/multimap/impl/client/RemoveEntryListenerRequest.java","1","0","0","9","34","63","2"
"hazelcast","05b27a3d7f9adfb832f8fb0c7927fc71c14df2b4","hazelcast/src/main/java/com/hazelcast/map/impl/client/MapRemoveEntryListenerRequest.java","1","0","0","9","35","63","2"
"hazelcast","410d077538e8af21fc7846a758d83cc67801da83","hazelcast/src/main/java/com/hazelcast/map/impl/client/MapRemovePartitionLostListenerRequest.java","1","0","0","9","35","64","3"
"hazelcast","05b27a3d7f9adfb832f8fb0c7927fc71c14df2b4","hazelcast/src/main/java/com/hazelcast/partition/client/RemovePartitionLostListenerRequest.java","1","0","0","9","37","64","2"
"hazelcast","cd083d38496be82d434e0f161330dc256538ed0a","hazelcast/src/main/java/com/hazelcast/collection/CollectionEventFilter.java","1","0","0","9","37","65","2"
"hazelcast","cd083d38496be82d434e0f161330dc256538ed0a","hazelcast/src/main/java/com/hazelcast/queue/QueueEventFilter.java","1","0","0","9","37","66","2"
"hazelcast","afc28992186abaa24b0eca905d475364029eea86","hazelcast/src/main/java/com/hazelcast/map/client/MapDestroyRequest.java","1","0","0","9","38","67","0"
"hazelcast","ac5f56d4b4ea497fab357f97d6245ebf043b52d2","hazelcast-spring/src/test/java/com/hazelcast/spring/transaction/ServiceBeanWithTransactionalContext.java","1","0","0","9","39","52","0"
"hazelcast","d0fd18cd0e2fac83d47776ccc1f08639bfc9823f","hazelcast/src/main/java/com/hazelcast/partition/client/RemovePartitionLostListenerRequest.java","1","0","0","9","39","66","2"
"hazelcast","05b27a3d7f9adfb832f8fb0c7927fc71c14df2b4","hazelcast/src/main/java/com/hazelcast/topic/impl/client/RemoveMessageListenerRequest.java","1","0","0","9","39","67","2"
"hazelcast","a9371ade38c76a08c26e29996f8a29c80e5b063f","hazelcast/src/main/java/com/hazelcast/map/client/MapDestroyRequest.java","1","0","0","9","39","68","1"
"hazelcast","65df300ddcacf2cee04f1eee8f75731e147decbf","hazelcast/src/main/java/com/hazelcast/map/impl/client/MapRemovePartitionLostListenerRequest.java","1","0","0","9","39","69","1"
"hazelcast","ae877df50978fcfb112d6d0cab2c78f80d1ee770","hazelcast/src/main/java/com/hazelcast/map/impl/client/MapRemovePartitionLostListenerRequest.java","1","0","0","9","39","69","1"
"hazelcast","d65de8708631978b87d39db7c947a073e0963228","hazelcast/src/main/java/com/hazelcast/map/impl/client/MapRemovePartitionLostListenerRequest.java","1","0","0","9","39","69","2"
"hazelcast","264b730b6e10ae9df6f5d8727209ca007160236f","hazelcast/src/main/java/com/hazelcast/map/impl/client/MapRemovePartitionLostListenerRequest.java","1","0","0","9","39","69","0"
"hazelcast","623ff1855aa985aa276e8395aabf0b534c7a36c3","hazelcast/src/main/java/com/hazelcast/map/impl/client/MapRemovePartitionLostListenerRequest.java","1","0","0","9","39","69","0"
"netty","e6ca9882a107c34cf6358c8d7a68561025f06016","codec/src/main/java/io/netty/handler/codec/EmptyConvertibleHeaders.java","1","0","0","9","43","68","1"
"hazelcast","57535284ee668e1e195cbd884184b6bb8d3641ff","hazelcast/src/main/java/com/hazelcast/map/operation/RemoveInterceptorOperation.java","1","0","0","9","43","73","0"
"hazelcast","05b27a3d7f9adfb832f8fb0c7927fc71c14df2b4","hazelcast/src/main/java/com/hazelcast/client/impl/client/BaseClientRemoveListenerRequest.java","1","0","0","9","44","75","2"
"hazelcast","85549e3acb34b7162c3cee3fe727ce5a9d859090","hazelcast/src/main/java/com/hazelcast/map/operation/InvalidateNearCacheOperation.java","1","0","0","9","45","76","0"
"junit","f9ec0474bb646a2751f1f2c73f3fee524dbb4b52","src/test/java/org/junit/tests/experimental/theories/runner/TypeMatchingBetweenMultiDataPointsMethod.java","1","0","0","9","46","58","0"
"hazelcast","73673199472b3fb25cf6c72de378a1d2bab18605","hazelcast/src/test/java/com/hazelcast/instance/OutOfMemoryHandlerHelperTest.java","1","0","0","9","46","74","1"
"hazelcast","9b11ae33e4d9354c27af31c3206476188bbf81f0","hazelcast/src/main/java/com/hazelcast/replicatedmap/impl/record/RecordMigrationInfo.java","1","0","0","9","46","74","1"
"hazelcast","82683a8423a0a3209f3dd70ca23835ee63f0d0b8","hazelcast/src/test/java/com/hazelcast/instance/OutOfMemoryHandlerHelperTest.java","1","0","0","9","46","74","0"
"neo4j","62fc9ea98290c169ca6c7edd64779786e8d365a5","community/kernel/src/main/java/org/neo4j/kernel/impl/api/scan/NativeLabelScanStoreExtension.java","1","0","0","9","46","77","1"
"netty","a1af35313cc8414109e7a411bb2401ae31046289","common/src/test/java/io/netty/util/internal/StringUtilTest.java","1","0","0","9","47","74","1"
"hazelcast","0cf8d4e4b4bb67c11e3b136f5e719e6d498b7504","hazelcast-spring/src/test/java/com/hazelcast/spring/cache/JCacheExpiryPolicy.java","1","0","0","9","47","78","0"
"hazelcast","fc6416b87c902797899c08d3659417993ef400e6","hazelcast/src/main/java/com/hazelcast/transaction/impl/xa/FinalizeRemoteTransactionBackupOperation.java","1","0","0","9","48","79","0"
"hazelcast","fc6416b87c902797899c08d3659417993ef400e6","hazelcast/src/main/java/com/hazelcast/transaction/impl/xa/ClearRemoteTransactionBackupOperation.java","1","0","0","9","48","80","0"
"hazelcast","602bf1a8d4b21cbad19ccb407e4244c3ed4e6942","hazelcast/src/main/java/com/hazelcast/cache/impl/CachePartitionEventData.java","1","0","0","9","49","79","1"
"hazelcast","57535284ee668e1e195cbd884184b6bb8d3641ff","hazelcast/src/main/java/com/hazelcast/map/operation/AddInterceptorOperation.java","1","0","0","9","49","80","0"
"elasticsearch","4b94eb5cb8cc4294ed0e932a5f22c16bd90d4dd7","core/src/main/java/org/elasticsearch/action/admin/indices/validate/query/QueryExplanation.java","1","0","0","9","50","87","2"
"elasticsearch","860efb2ad28db09189c8423e05d0dba53010259c","core/src/main/java/org/elasticsearch/action/admin/indices/validate/query/QueryExplanation.java","1","0","0","9","50","87","2"
"elasticsearch","d3417fb02291f26964d77767020ef345d18c148f","core/src/main/java/org/elasticsearch/action/admin/indices/validate/query/QueryExplanation.java","1","0","0","9","50","87","0"
"hazelcast","50bebee545427d3b6d15fed40d5d89bdc90b7bbe","hazelcast/src/main/java/com/hazelcast/map/record/RecordReplicationInfo.java","1","0","0","9","54","83","1"
"hazelcast","59c4822d4ad5dfac4cecd11231280baa33d4aa35","hazelcast/src/main/java/com/hazelcast/map/client/MapRemoveRequest.java","1","0","0","9","55","86","1"
"hazelcast","b060aaf42a3aed50616442f3bfafb9b58195b688","hazelcast/src/main/java/com/hazelcast/collection/list/ListRemoveOperation.java","1","0","0","9","56","86","0"
"hazelcast","39091ff574efe84ae6a3d772a1b7cfce80f4f2e0","hazelcast/src/main/java/com/hazelcast/map/client/MapAddIndexRequest.java","1","0","0","9","56","90","0"
"elasticsearch","598854dd72d7fb01a7e26a9dad065de3deaa5eb7","src/test/java/org/elasticsearch/test/disruption/NetworkDelaysPartition.java","1","0","0","9","56","93","0"
"oryx","9116a5ada9a110bd788ea7d980eae7c307c262ba","app/oryx-app-serving/src/test/java/com/cloudera/oryx/app/serving/als/SimilarityTest.java","1","0","0","9","57","85","0"
"netty","038bcfc4ffda87735602d402b615869f5686114d","codec/src/main/java/io/netty/handler/codec/ByteToByteCodec.java","1","0","0","9","59","87","0"
"hazelcast","2cfcc5e576b15ff0cec6baf0628089fe7f814729","hazelcast/src/main/java/com/hazelcast/map/impl/operation/AddInterceptorOperation.java","1","0","0","9","60","91","0"
"netty","732948b3c4be68c2f5e4b3d3f0dc595363e18abe","transport-native-unix-common-tests/src/main/java/io/netty/channel/unix/tests/SocketTest.java","1","0","0","9","61","92","1"
"hazelcast","bb3ea0e107980d769862cdbda748cc91529d67b5","hazelcast/src/main/java/com/hazelcast/transaction/client/FinalizeXATransactionRequest.java","1","0","0","9","61","93","0"
"hazelcast","39091ff574efe84ae6a3d772a1b7cfce80f4f2e0","hazelcast/src/main/java/com/hazelcast/map/client/MapExecuteOnKeyRequest.java","1","0","0","9","62","93","0"
"hazelcast","39091ff574efe84ae6a3d772a1b7cfce80f4f2e0","hazelcast/src/main/java/com/hazelcast/map/client/MapDeleteRequest.java","1","0","0","9","62","94","0"
"hazelcast","39091ff574efe84ae6a3d772a1b7cfce80f4f2e0","hazelcast/src/main/java/com/hazelcast/map/client/MapEvictRequest.java","1","0","0","9","63","94","0"
"hazelcast","39091ff574efe84ae6a3d772a1b7cfce80f4f2e0","hazelcast/src/main/java/com/hazelcast/map/client/MapTryRemoveRequest.java","1","0","0","9","66","98","0"
"elasticsearch","8b0df473814dc158eda8eee5fe974e019ff2c802","plugins/repository-azure/src/test/java/org/elasticsearch/repositories/azure/AzureRepositorySettingsTests.java","1","0","0","9","71","105","0"
"hazelcast","aa392cd4f61ff7b31a0ae4c879a1a73ef2a52a0b","hazelcast/src/test/java/com/hazelcast/cluster/PublicAddressTest.java","1","0","0","9","71","108","3"
"hazelcast","59c4822d4ad5dfac4cecd11231280baa33d4aa35","hazelcast/src/main/java/com/hazelcast/map/client/MapPutRequest.java","1","0","0","9","72","104","1"
"hazelcast","70d4de16ff0ac4518d09aad8c9f2ad9e782fb337","hazelcast/src/test/java/com/hazelcast/config/InterfacesTest.java","1","0","0","9","73","103","1"
"elasticsearch","df703dce0a104af7ee2f3c463117856a9bd55f1f","plugins/repository-azure/src/test/java/org/elasticsearch/repositories/azure/AzureRepositorySettingsTests.java","1","0","0","9","73","107","2"
"hazelcast","299a415c64352f87bb8421843222929b1e7cba27","hazelcast/src/test/java/com/hazelcast/cluster/PublicAddressTest.java","1","0","0","9","73","110","4"
"hazelcast","0c51222d1ec3ba019ff9e01da3d9eb12fb8c1a8b","hazelcast/src/test/java/com/hazelcast/map/impl/MapKeyLoaderUtilTest.java","1","0","0","9","74","102","0"
"hazelcast","d568e4d926d925d57d4e79e34614390416749301","hazelcast/src/test/java/com/hazelcast/config/InterfacesTest.java","1","0","0","9","74","104","0"
"netty","ca5554dfe7707d2cce712d1165a648129e0a9c84","codec/src/main/java/io/netty/handler/codec/ByteToMessageCodec.java","1","0","0","9","75","108","0"
"hazelcast","410d077538e8af21fc7846a758d83cc67801da83","hazelcast/src/main/java/com/hazelcast/concurrent/lock/client/SignalRequest.java","1","0","0","9","78","110","2"
"neo4j","0fcc6fb50a2a1d279ddd576045c1cefe05be7cb2","community/server/src/test/java/org/neo4j/server/ServerCommandLineArgsTest.java","1","0","0","9","79","130","0"
"orientdb","67a525ee2667907cb7ad9b16a4421e07dc8600b2","jdbc/src/test/java/com/orientechnologies/orient/jdbc/OrientJdbcPreparedStatementTest.java","1","0","0","9","85","120","2"
"hazelcast","bcda5dc037407610aabf3ea3e4368d2aecf92fb2","hazelcast-client/src/test/java/com/hazelcast/client/map/ClientEntryProcessorTest.java","1","0","0","9","86","144","1"
"BroadleafCommerce","b6e42cdebbd222a6b42b2ac6bf5a9ead8e558fa2","core/broadleaf-framework/src/main/java/org/broadleafcommerce/core/search/domain/CategorySearchFacetImpl.java","1","0","0","9","89","130","1"
"elasticsearch","0a69f1e283e26e5d9e6a000b68b9f4778de557a1","core/src/test/java/org/elasticsearch/index/MergePolicySettingsTests.java","1","0","0","9","90","138","2"
"netty","e3d5ca82c002eeb189c2a27a396a5f62498710ae","transport-native-epoll/src/test/java/io/netty/channel/unix/SocketTest.java","1","0","0","9","91","124","0"
"hazelcast","b6934ee6210e560523d52f22a4406232a0c111ff","hazelcast/src/test/java/com/hazelcast/map/impl/query/MapValuesTest.java","1","0","0","9","93","119","0"
"neo4j","e5db6293c3260f28a9a9ecdd0970352162530f13","community/kernel/src/test/java/org/neo4j/kernel/TestPlaceboTransaction.java","1","0","0","9","96","150","0"
"elasticsearch","5a64f08f048461a63a0ca1354a5050c954e63d52","core/src/test/java/org/elasticsearch/index/MergePolicySettingsTests.java","1","0","0","9","97","140","0"
"neo4j","990fe648c6b49f319a515dd6b0757553c483ab11","enterprise/ha/src/main/java/org/neo4j/kernel/ha/com/master/SlaveClient.java","1","0","0","9","98","133","0"
"neo4j","cc0ba94bf17cf529234b73be115bf369e7de0c55","enterprise/ha/src/main/java/org/neo4j/kernel/ha/com/master/SlaveClient.java","1","0","0","9","99","134","0"
"antlr4","29c2712ae1eee9575324db48c2f72c7cb0d28308","tool/test/org/antlr/v4/test/rt/java/TestLeftRecursion.java","1","0","0","96","935","1052","0"
"elasticsearch","2f8def11b5109eb80b47422a200bf7b7e07c8467","core/src/main/java/org/elasticsearch/search/internal/FilteredSearchContext.java","1","0","0","98","430","553","2"
"elasticsearch","977712f9773c3eecea3958a5b8ddf934207775a6","core/src/main/java/org/elasticsearch/search/internal/FilteredSearchContext.java","1","0","0","98","430","553","1"
"elasticsearch","82fa531ab4c1fb087d357ff15288c070d7393378","core/src/main/java/org/elasticsearch/search/internal/FilteredSearchContext.java","1","0","0","98","430","553","0"
"elasticsearch","634ce90dc06f20888a4ff655985a6baccf25a7db","core/src/main/java/org/elasticsearch/search/internal/FilteredSearchContext.java","1","0","0","98","431","554","0"
"oryx","d16f89b25fc5e12f94af6432274c66e0394c1743","app/oryx-app-serving/src/main/java/com/cloudera/oryx/app/serving/kmeans/Console.java","1","0","1","0","10","32","0"
"hazelcast","6817c4cedd534da777049b687c8a594a170654d7","hazelcast/src/main/template/com/hazelcast/instance/GeneratedBuildProperties.java","1","0","1","0","10","44","0"
"elasticsearch","cde83e363aac2195c2dc0f81bbe348bcfe8b4152","modules/lang-painless/src/main/java/org/elasticsearch/painless/WriterConstants.java","1","0","1","0","100","146","1"
"elasticsearch","3f06d9f3b8516bb30a2890a36c2973f08f9c6076","modules/lang-painless/src/main/java/org/elasticsearch/painless/WriterConstants.java","1","0","1","0","101","147","0"
"antlr4","8e32d7b695fc26b81833c18a4d70e73a1da1f5e3","tool/src/org/antlr/v4/tool/ErrorType.java","1","0","1","0","102","159","1"
"antlr4","9ccdca49bb674ba324b09e74b40c0540147003aa","tool/src/org/antlr/v4/tool/ErrorType.java","1","0","1","0","103","160","0"
"antlr4","05f4b76fab637e118dc3172f067c5f60ad131412","tool/src/org/antlr/v4/tool/ErrorType.java","1","0","1","0","104","201","1"
"antlr4","551100ea375bd3db4183ef3619c6f1e86bed5388","tool/src/org/antlr/v4/tool/ErrorType.java","1","0","1","0","105","214","0"
"neo4j","1f8c2d6a9466972520b49477c149e83779757d7a","enterprise/security/src/main/java/org/neo4j/server/security/enterprise/auth/SecuritySettings.java","1","0","1","0","106","153","1"
"hazelcast","204f4b9d7cd02069b258f98c14c4fc3621c5e94f","hazelcast-client/src/test/java/com/hazelcast/client/map/ClientQueryBounceTest.java","1","0","1","0","11","34","0"
"elasticsearch","4d05c9cfd5cc889be77ec16730517d5417438e92","src/test/java/org/elasticsearch/test/unit/index/fielddata/ordinals/FlatMultiOrdinalsTests.java","1","0","1","0","11","36","1"
"elasticsearch","41a2375c9e609395e21522ee79202645ed2a0af4","core/src/main/java/org/elasticsearch/action/admin/indices/refresh/RefreshResponse.java","1","0","1","0","11","39","0"
"BroadleafCommerce","13e34973fd48a87bca6221ef78eea0a98d3ef324","common/src/test/java/org/broadleafcommerce/test/common/context/autoconfig/scan/ComponentScanningConfiguration.java","1","0","1","0","11","40","0"
"elasticsearch","41a2375c9e609395e21522ee79202645ed2a0af4","core/src/main/java/org/elasticsearch/action/admin/indices/flush/FlushResponse.java","1","0","1","0","11","43","0"
"hazelcast","d38202141395360399c9cf97d4453adf5b1581e1","hazelcast/src/main/java/com/hazelcast/client/impl/protocol/EventMessageConst.java","1","0","1","0","11","44","1"
"junit","e012e06dc326394a3a834d974e9af3fea0e6df91","src/main/java/org/junit/experimental/theories/DataPoints.java","1","0","1","0","11","55","1"
"hazelcast","8c32a87348a2997880b4698a6365697db8b47842","hazelcast/src/main/java/com/hazelcast/client/ClientTypes.java","1","0","1","0","11","57","0"
"antlr4","794e4a0b7b485e28d5b510e648cf0733a2ca998e","tool/src/org/antlr/v4/tool/ErrorType.java","1","0","1","0","113","953","3"
"antlr4","3e054df98b9e8f0e154e0a1b886c7947e5c00e88","tool/src/org/antlr/v4/tool/ErrorType.java","1","0","1","0","114","970","2"
"antlr4","b2af59e73e7e96ea142cbb43e0d378449ddd960c","tool/src/org/antlr/v4/tool/ErrorType.java","1","0","1","0","115","996","2"
"antlr4","ccda6205e61cfbc2491ebbfae1c85397a6057638","tool/src/org/antlr/v4/tool/ErrorType.java","1","0","1","0","116","1027","1"
"antlr4","08300b457fc1edb24f8c11fc8e7f28b47402ed41","tool/src/org/antlr/v4/tool/ErrorType.java","1","0","1","0","117","1044","0"
"neo4j","b1fd18fb6f2cfbcf3ed32d071fd02b8dafdbd71c","enterprise/security/src/main/java/org/neo4j/server/security/enterprise/auth/SecuritySettings.java","1","0","1","0","118","166","0"
"oryx","27e9046b2bd92243c260efd8bcd0af46b92bdf9e","app/oryx-app-serving/src/main/java/com/cloudera/oryx/app/serving/als/Console.java","1","0","1","0","12","34","0"
"BroadleafCommerce","416b3865b7ebb288d45d43094456acefbd7d5ee7","common/src/main/java/org/broadleafcommerce/common/extensibility/jpa/copy/DirectCopyTransformTypes.java","1","0","1","0","12","50","0"
"junit","34e66740b9117ce85cfd416f9e931b2e533ab16e","src/main/java/org/junit/experimental/theories/DataPoint.java","1","0","1","0","12","56","0"
"antlr4","b4a53d56d4324739e823344237c4d7fdf6cac90c","tool/src/org/antlr/v4/tool/ErrorType.java","1","0","1","0","120","1062","1"
"antlr4","bb389782da9fe9a9a1c56c31a5af4f61c39c31fb","tool/src/org/antlr/v4/tool/ErrorType.java","1","0","1","0","121","1068","0"
"elasticsearch","026bf2e3ee1ee5c188e57839d9e902962158138b","modules/lang-painless/src/main/java/org/elasticsearch/painless/WriterConstants.java","1","0","1","0","123","186","1"
"antlr4","f645e175ad69cf53be87b90cdfe80a7d952b3249","tool/src/org/antlr/v4/tool/ErrorType.java","1","0","1","0","126","1099","2"
"elasticsearch","e88d54bf0aa467d718688eafc5252c1f2021347d","modules/lang-painless/src/main/java/org/elasticsearch/painless/WriterConstants.java","1","0","1","0","126","188","0"
"antlr4","b5907498de5766db27f4f3140c67d2784c945f00","tool/src/org/antlr/v4/tool/ErrorType.java","1","0","1","0","127","1101","0"
"elasticsearch","477489ac82e548aa30a6524e763c8329c37938bf","src/test/java/org/elasticsearch/test/unit/index/fielddata/DoubleFieldDataTests.java","1","0","1","0","127","180","1"
"hazelcast","864cc31ab01bc8111ef11270cb3f6f2352d30a5f","hazelcast-code-generator/src/main/java/com/hazelcast/annotation/Request.java","1","0","1","0","13","36","1"
"hazelcast","d38202141395360399c9cf97d4453adf5b1581e1","hazelcast-code-generator/src/main/java/com/hazelcast/annotation/GenerateParameters.java","1","0","1","0","13","39","1"
"elasticsearch","cb51d3c5762e6f2808f9ab358943b3dc85e9bd95","modules/elasticsearch/src/main/java/org/elasticsearch/search/sort/SortOrder.java","1","0","1","0","13","45","0"
"BroadleafCommerce","fc96cd617dc6f16a02dfe01f95486da731a6cd13","core/broadleaf-framework/src/main/java/org/broadleafcommerce/core/order/domain/weave/OptionalEnterpriseBandedPriceFulfillmentOptionTemplate.java","1","0","1","0","13","48","0"
"BroadleafCommerce","fc96cd617dc6f16a02dfe01f95486da731a6cd13","core/broadleaf-framework/src/main/java/org/broadleafcommerce/core/order/domain/weave/OptionalEnterpriseBandedWeightFulfillmentOptionTemplate.java","1","0","1","0","13","50","0"
"antlr4","78427bae798f4e171fcc416cd796211e57ac45b8","tool/src/org/antlr/v4/tool/ErrorType.java","1","0","1","0","131","1145","1"
"antlr4","8bf480dcc5c6d146b4112dd347841c1ab80db787","tool/src/org/antlr/v4/tool/ErrorType.java","1","0","1","0","132","1155","0"
"hazelcast","b54c76aa3cd08401ba13e516ba86bd1481a58749","hazelcast-code-generator/src/main/java/com/hazelcast/annotation/Request.java","1","0","1","0","14","37","0"
"elasticsearch","e3d5cb903bac739b47e8d726369313af36eb6824","src/main/java/org/elasticsearch/common/logging/jdk/JdkESLoggerFactory.java","1","0","1","0","14","41","0"
"neo4j","c6df52ac56269552d27f572a2af61ddce5a9095c","enterprise/causal-clustering/src/main/java/org/neo4j/causalclustering/catchup/storecopy/FileChunkDecoder.java","1","0","1","0","14","44","0"
"hazelcast","a4035afdfc67b757940a15578bc51b4e7b6b0b13","hazelcast/src/main/java/com/hazelcast/client/impl/protocol/EventMessageConst.java","1","0","1","0","14","47","0"
"BroadleafCommerce","13e34973fd48a87bca6221ef78eea0a98d3ef324","common/src/main/java/org/broadleafcommerce/common/config/PostAutoConfiguration.java","1","0","1","0","14","74","0"
"elasticsearch","40cd549c375848729c6ffd381a906c403b31ba4a","src/test/java/org/elasticsearch/test/unit/index/fielddata/FloatFieldDataTests.java","1","0","1","0","140","196","0"
"antlr4","8af00801037d3b8933f29d0903daac3e9c05349e","tool/src/org/antlr/v4/tool/ErrorType.java","1","0","1","0","143","1217","0"
"netty","88df53ec1a53912c2e34892247c8218c2fa01838","buffer/src/test/java/io/netty/buffer/PooledBigEndianHeapByteBufTest.java","1","0","1","0","15","39","0"
"netty","b533a1361bbbc457c974ca365f8293ec27ffda1c","transport-sctp/src/main/java/io/netty/channel/sctp/SctpChannelOption.java","1","0","1","0","15","41","0"
"elasticsearch","67394aad81b1a8d4c87d3d164a7a1230a25772e6","src/main/java/org/elasticsearch/common/logging/jdk/JdkESLoggerFactory.java","1","0","1","0","15","43","1"
"hazelcast","eed2a8c40d592a8e99645faac48f99069eaeaab2","hazelcast/src/main/java/com/hazelcast/client/impl/protocol/EventMessageConst.java","1","0","1","0","15","48","1"
"BroadleafCommerce","13e34973fd48a87bca6221ef78eea0a98d3ef324","common/src/main/java/org/broadleafcommerce/common/config/PostAutoConfigurationImport.java","1","0","1","0","15","54","0"
"BroadleafCommerce","90907102eb902a0de48b8bd33d8688620c3c265d","common/src/main/java/org/broadleafcommerce/common/presentation/AdminPresentationDataDrivenEnumeration.java","1","0","1","0","15","87","0"
"MapDB","a7c6b0158ee1eb90660a39ef2c0026ea83919fc8","src/main/java/org/mapdb/CC.java","1","0","1","0","15","89","0"
"netty","88df53ec1a53912c2e34892247c8218c2fa01838","buffer/src/test/java/io/netty/buffer/PooledLittleEndianHeapByteBufTest.java","1","0","1","0","16","41","0"
"elasticsearch","4eddaec8ba0f2f8c3806a6eaf1702c509fb4c915","modules/elasticsearch/src/test/java/org/elasticsearch/index/engine/robin/SimpleRobinEngineTests.java","1","0","1","0","16","43","0"
"netty","9ccc1f31551784075f7115bd8245fa8f23dd8e71","handler/src/main/java/io/netty/handler/logging/LogLevel.java","1","0","1","0","16","45","1"
"BroadleafCommerce","13e34973fd48a87bca6221ef78eea0a98d3ef324","admin/broadleaf-open-admin-platform/src/main/java/org/broadleafcommerce/openadmin/web/controller/config/AdminWebMvcConfigurationSupport.java","1","0","1","0","16","46","0"
"elasticsearch","2b3760f78b26817b5a2030aa27b1ddf2f17462f6","core/src/main/java/org/elasticsearch/rest/BaseRestHandler.java","1","0","1","0","16","47","1"
"netty","26ddf0849fd69addd51b853ee0da7de08dc2a96b","codec/src/main/java/io/netty/handler/codec/bytes/ByteArrayDecoder.java","1","0","1","0","16","61","0"
"MapDB","95bf81e83a85b7f1a4dd5a8d81a536f5fc0bd9bf","src/main/java/org/mapdb/CC.java","1","0","1","0","16","90","0"
"BroadleafCommerce","ddfd299b3bb401101f1e7be2df799835f6a4964d","common/src/main/java/org/broadleafcommerce/common/presentation/AdminPresentationDataDrivenEnumeration.java","1","0","1","0","16","99","0"
"netty","88df53ec1a53912c2e34892247c8218c2fa01838","buffer/src/test/java/io/netty/buffer/PooledLittleEndianDirectByteBufTest.java","1","0","1","0","17","42","0"
"elasticsearch","763f986a30b859d62d23c8cde9a748a6b75975e0","modules/elasticsearch/src/test/java/org/elasticsearch/index/engine/robin/SimpleRobinEngineTests.java","1","0","1","0","17","44","0"
"hazelcast","d38202141395360399c9cf97d4453adf5b1581e1","hazelcast/src/main/java/com/hazelcast/client/impl/protocol/ResponseMessageConst.java","1","0","1","0","17","45","1"
"hazelcast","c283f04cab711308ed3018d4e448e35b9061e0d2","hazelcast/src/main/java/com/hazelcast/client/impl/protocol/EventMessageConst.java","1","0","1","0","17","48","0"
"netty","573b54a93d45553e1726bcab54f0e325ae9f0bde","transport-udt/src/main/java/io/netty/channel/udt/UdtChannelOption.java","1","0","1","0","17","55","1"
"neo4j","1b3aad3b619bd72c2c9f79bb7edf642c5dc56a6f","enterprise/security/src/main/java/org/neo4j/server/security/enterprise/configuration/SecuritySettings.java","1","0","1","0","173","245","0"
"neo4j","4dec8529ce337fadd79a0c459e6e5286e66637a4","enterprise/security/src/main/java/org/neo4j/server/security/enterprise/configuration/SecuritySettings.java","1","0","1","0","173","253","1"
"neo4j","8436dd70584c45c9036e3febb4b1fe42bac81ddb","enterprise/security/src/main/java/org/neo4j/server/security/enterprise/configuration/SecuritySettings.java","1","0","1","0","178","259","0"
"netty","afb46b926f9df6f1da91cbd011fa8f43d1566bb8","example/src/main/java/io/netty/example/http2/helloworld/server/Http2OrHttpHandler.java","1","0","1","0","18","42","0"
"netty","cc4198971e08cc28c662589e90ed1a10a5be9ab4","transport-rxtx/src/main/java/io/netty/channel/rxtx/RxtxChannelOption.java","1","0","1","0","18","44","0"
"elasticsearch","b4512cd4715f62ea3a1a21db328f44d130343755","src/test/java/org/elasticsearch/test/unit/index/engine/robin/SimpleRobinEngineTests.java","1","0","1","0","18","45","0"
"hazelcast","d9d20943b88faf6aa25ddbdc19feab4571611431","hazelcast/src/main/java/com/hazelcast/client/impl/protocol/EventMessageConst.java","1","0","1","0","18","50","1"
"BroadleafCommerce","6cc0cdbd573f689b5bc93bf5872ca88b6ccd52d8","common/src/main/java/org/broadleafcommerce/common/sitemap/domain/weave/OptionalEnterpriseSiteMapConfigurationSiteMapGeneratorConfigurationTemplate.java","1","0","1","0","18","53","0"
"hazelcast","51d7586e9767ff8edcdf5502bcfe3e51cd5de62b","hazelcast-client/src/main/java/com/hazelcast/client/connection/ClientConnectionManager.java","1","0","1","0","18","87","0"
"hazelcast","489cc81c4df8815a70ce55529ee3e0820c3dd27d","hazelcast-client/src/main/java/com/hazelcast/client/connection/ClientConnectionManager.java","1","0","1","0","18","88","2"
"BroadleafCommerce","fbcc7ad4e7359bbd4fe819e111386cbe5f0216bf","integration/src/test/java/org/broadleafcommerce/test/JUnitSiteIntegrationSetup.java","1","0","1","0","19","35","1"
"elasticsearch","3918072362984976a68966a29359d49c01eee043","plugins/store-smb/src/test/java/org/elasticsearch/index/store/ESBaseDirectoryTestCase.java","1","0","1","0","19","44","0"
"elasticsearch","2c274e59d574a6c47710d4001478ddf3fd173def","src/test/java/org/elasticsearch/test/unit/index/engine/robin/SimpleRobinEngineTests.java","1","0","1","0","19","46","0"
"hazelcast","bc945190541c07a740026d0e1d81368a2d79d78e","hazelcast/src/main/java/com/hazelcast/client/impl/protocol/ResponseMessageConst.java","1","0","1","0","19","47","1"
"BroadleafCommerce","67d64d2a7aec86b110e66276589cdfdeeb4ff057","integration/src/test/java/org/broadleafcommerce/test/JUnitSiteIntegrationSetup.java","1","0","1","0","19","54","0"
"hazelcast","0603aa048b33b7b63c240c8b0e5c509499c798f7","hazelcast-client/src/main/java/com/hazelcast/client/connection/ClientConnectionManager.java","1","0","1","0","19","95","0"
"hazelcast","1db7424d387f04d32e0bea688b1d0337c6f88c11","hazelcast-client/src/main/java/com/hazelcast/client/connection/ClientConnectionManager.java","1","0","1","0","19","96","3"
"netty","c0bbde48b78163a394ae3fd63f98b6b6c56acb25","buffer/src/test/java/io/netty/buffer/LittleEndianDirectByteBufTest.java","1","0","1","0","20","46","0"
"elasticsearch","2602439a51f109e059123b232ec60c9d816c60dd","core/src/test/java/org/elasticsearch/index/translog/BufferedTranslogTests.java","1","0","1","0","20","47","1"
"elasticsearch","17d34d5c9728c27e3b9117eb6e177c56a90c879b","src/test/java/org/elasticsearch/search/scroll/SlowSearchScrollTests.java","1","0","1","0","20","49","0"
"BroadleafCommerce","ab59bb20101135df9d3984c2c8ee7e2b12073be7","common/src/main/java/org/broadleafcommerce/common/web/controller/annotation/EnableAllFrameworkControllers.java","1","0","1","0","20","77","0"
"hazelcast","317fabec0c90b274c686ba018cc1b465fee244f2","hazelcast-client-new/src/test/java/com/hazelcast/client/atomicreference/AtomicReferenceBasicClientTest.java","1","0","1","0","21","26","0"
"elasticsearch","03402c7ed8356241ac2407ad691709ee585b0bee","src/test/java/org/elasticsearch/search/scroll/SlowSearchScrollTests.java","1","0","1","0","21","50","1"
"hazelcast","42670af3f580621173f29ceede3bab99f2996e6e","hazelcast/src/main/java/com/hazelcast/client/impl/protocol/ResponseMessageConst.java","1","0","1","0","21","52","0"
"hazelcast","b777381e2f8cfc3d8bcde3a87c5cc9993e31d4a2","hazelcast-client-new/src/test/java/com/hazelcast/client/atomicreference/AtomicReferenceBasicClientTest.java","1","0","1","0","22","27","1"
"BroadleafCommerce","fbcc7ad4e7359bbd4fe819e111386cbe5f0216bf","integration/src/test/java/org/broadleafcommerce/test/JUnitAdminIntegrationSetup.java","1","0","1","0","22","38","1"
"hazelcast","b42ddca3beadd474e02ce4599af9e0dff7bf0a95","hazelcast/src/main/java/com/hazelcast/client/impl/protocol/ResponseMessageConst.java","1","0","1","0","22","53","0"
"BroadleafCommerce","67d64d2a7aec86b110e66276589cdfdeeb4ff057","integration/src/test/java/org/broadleafcommerce/test/JUnitAdminIntegrationSetup.java","1","0","1","0","22","57","0"
"BroadleafCommerce","ab59bb20101135df9d3984c2c8ee7e2b12073be7","common/src/main/java/org/broadleafcommerce/common/web/controller/annotation/EnableFrameworkControllers.java","1","0","1","0","23","93","0"
"hazelcast","167361456fe0b8d77b57aae72dd415f8ade56f61","hazelcast/src/main/java/com/hazelcast/spi/properties/GroupProperty.java","1","0","1","0","236","625","0"
"hazelcast","7852995d46c82d37bf930eea7c7ec5308657e67e","hazelcast/src/main/java/com/hazelcast/spi/properties/GroupProperty.java","1","0","1","0","238","627","0"
"hazelcast","11e77aa8ef9f1ba50a9ba8cc015da897bca676f4","hazelcast/src/main/java/com/hazelcast/spi/properties/GroupProperty.java","1","0","1","0","238","632","1"
"elasticsearch","2bd09c4625898d77aa6c015c6f82cf973ed18cb7","core/src/main/java/org/elasticsearch/common/geo/ShapesAvailability.java","1","0","1","0","24","51","0"
"elasticsearch","d99b532f0f6e2a6bbadc7421eb5960083687ec73","src/test/java/org/elasticsearch/test/unit/index/search/nested/ByteNestedSortingTests.java","1","0","1","0","24","51","0"
"elasticsearch","d99b532f0f6e2a6bbadc7421eb5960083687ec73","src/test/java/org/elasticsearch/test/unit/index/search/nested/IntegerNestedSortingTests.java","1","0","1","0","24","51","0"
"elasticsearch","d99b532f0f6e2a6bbadc7421eb5960083687ec73","src/test/java/org/elasticsearch/test/unit/index/search/nested/ShortNestedSortingTests.java","1","0","1","0","24","51","0"
"elasticsearch","3d13c27fa0df12018f35f1b20987c90277e9b6f9","core/src/main/java/org/elasticsearch/common/geo/ShapesAvailability.java","1","0","1","0","24","51","1"
"neo4j","1b3aad3b619bd72c2c9f79bb7edf642c5dc56a6f","enterprise/kernel/src/main/java/org/neo4j/kernel/impl/enterprise/configuration/EnterpriseEditionSettings.java","1","0","1","0","24","53","0"
"hazelcast","d9fb430ab0f78ed947e75675c4f4799b732a2c99","hazelcast/src/main/java/com/hazelcast/spi/properties/GroupProperty.java","1","0","1","0","240","640","0"
"hazelcast","d6fd5606ec1435dd3f6d7e7994fcbf7513ca31e2","hazelcast/src/main/java/com/hazelcast/spi/properties/GroupProperty.java","1","0","1","0","247","674","3"
"hazelcast","039caae2c04543614a7756619bc9dcba8fd0cc7c","hazelcast/src/main/java/com/hazelcast/spi/properties/GroupProperty.java","1","0","1","0","249","677","2"
"BroadleafCommerce","0b82dddef8d8a719cf608eae326d394cb23b6218","common/src/main/java/org/broadleafcommerce/common/presentation/AdminPresentationCollection.java","1","0","1","0","25","191","1"
"hazelcast","550f78cb3fd05969bb8d30e18f00c4332066ab5a","hazelcast/src/main/java/com/hazelcast/internal/management/request/ConsoleRequestConstants.java","1","0","1","0","25","48","0"
"netty","573b54a93d45553e1726bcab54f0e325ae9f0bde","transport-sctp/src/main/java/io/netty/channel/sctp/SctpChannelOption.java","1","0","1","0","25","52","1"
"hazelcast","0261611ce1d6e95cd84910390d1c0c653fa0dfd2","hazelcast/src/main/java/com/hazelcast/query/impl/getters/NullMultiValueGetter.java","1","0","1","0","25","57","0"
"hazelcast","e7b3c0e3c16c8b43b36d15ecb122fee2e2bdcf0d","hazelcast/src/main/java/com/hazelcast/spi/properties/GroupProperty.java","1","0","1","0","251","684","1"
"hazelcast","f4c33973f2e5f804f6743683b11c8a43922bfc7e","hazelcast/src/main/java/com/hazelcast/spi/properties/GroupProperty.java","1","0","1","0","251","715","2"
"hazelcast","b2e1658a6fe363d5776a145b00f564f7d6333343","hazelcast/src/main/java/com/hazelcast/spi/properties/GroupProperty.java","1","0","1","0","251","724","1"
"hazelcast","36037326828853511ef4a98da2283178868880b8","hazelcast/src/main/java/com/hazelcast/spi/properties/GroupProperty.java","1","0","1","0","251","727","0"
"hazelcast","e1b69c53ca4923affcd7722f012a80e32517e988","hazelcast/src/main/java/com/hazelcast/spi/properties/GroupProperty.java","1","0","1","0","251","728","0"
"hazelcast","f6a9ed0da939abdb8d039d79403362e2f8ac0e68","hazelcast/src/main/java/com/hazelcast/internal/management/request/ConsoleRequestConstants.java","1","0","1","0","26","49","1"
"elasticsearch","afa62e90d9f8277e0426033cab188548bb99a2f1","src/test/java/org/elasticsearch/index/codec/postingformat/ElasticsearchPostingsFormatTest.java","1","0","1","0","26","51","1"
"hazelcast","2921cff694583b8638dae2991f427e61d5440a9d","hazelcast/src/main/java/com/hazelcast/internal/properties/GroupProperty.java","1","0","1","0","263","753","0"
"hazelcast","40ce26d3876b318b8f2a9f282a991e520d0aa327","hazelcast/src/main/java/com/hazelcast/core/Prefix.java","1","0","1","0","27","139","0"
"hazelcast","517d5f5e81fd6759fd7b648ea5f385942fb601c8","hazelcast/src/main/java/com/hazelcast/core/Prefix.java","1","0","1","0","27","140","0"
"netty","573b54a93d45553e1726bcab54f0e325ae9f0bde","transport-rxtx/src/main/java/io/netty/channel/rxtx/RxtxChannelOption.java","1","0","1","0","27","56","1"
"hazelcast","98b249af9499f13c482d9ffa4ce6f1367ddb4586","hazelcast/src/main/java/com/hazelcast/core/Prefix.java","1","0","1","0","28","144","0"
"BroadleafCommerce","df1d13c99109dd815c7ebb991cb12010a2688fab","admin/broadleaf-open-admin-platform/src/main/java/org/broadleafcommerce/openadmin/web/form/component/DefaultListGridActions.java","1","0","1","0","28","69","6"
"BroadleafCommerce","338f9f72bb78459e3132d37aa68c91e9f620ccf4","admin/broadleaf-open-admin-platform/src/main/java/org/broadleafcommerce/openadmin/web/form/component/DefaultListGridActions.java","1","0","1","0","28","72","6"
"hazelcast","5da39756a924fc9e2ed46c61fcadede40bb5efc7","hazelcast/src/main/java/com/hazelcast/core/Prefix.java","1","0","1","0","29","147","0"
"BroadleafCommerce","0938a45f5f276b783e2d415842c9e1379527db76","admin/broadleaf-open-admin-platform/src/main/java/org/broadleafcommerce/openadmin/server/service/persistence/validation/FieldNamePropertyValidator.java","1","0","1","0","3","13","0"
"netty","29fdb160f33776c76f0b46aada48a9c9f3babcbf","common/src/main/java/io/netty/util/concurrent/OrderedEventExecutor.java","1","0","1","0","3","23","0"
"elasticsearch","19cce0b32917a6034ab50b2e33111f37de418139","src/main/java/org/elasticsearch/transport/BaseTransportRequestHandler.java","1","0","1","0","3","27","1"
"elasticsearch","d44bed5f483779d9b1d148d6637d943312d68c5a","src/main/java/org/elasticsearch/cluster/ClusterStateNonMasterUpdateTask.java","1","0","1","0","3","28","1"
"BroadleafCommerce","d121fa1c90ccefb37909dd1b10665bfa3ce85b97","admin/broadleaf-open-admin-platform/src/main/java/org/broadleafcommerce/openadmin/server/security/service/RowLevelSecurityProvider.java","1","0","1","0","3","30","1"
"BroadleafCommerce","a943eeae9ff5398e1779755ad265d6e1eb0e094c","common/src/main/java/org/broadleafcommerce/common/payment/service/PaymentGatewaySubscriptionService.java","1","0","1","0","3","31","0"
"hazelcast","5c0d5a22d2259539d62d8a928f41424eece216cb","hazelcast-spring/src/test/java/com/hazelcast/spring/serialization/DummySerializableObject1.java","1","0","1","0","3","9","0"
"netty","afb46b926f9df6f1da91cbd011fa8f43d1566bb8","example/src/main/java/io/netty/example/http2/tiles/Http2OrHttpHandler.java","1","0","1","0","30","60","0"
"orientdb","c0fe15b7013fea9d178d8304c78ddc7b113d35e3","core/src/main/java/com/orientechnologies/orient/core/sql/parser/OrientSqlConstants.java","1","0","1","0","313","478","2"
"orientdb","140e82bfde96cb77317208169d89f8c6bba7d83f","core/src/main/java/com/orientechnologies/orient/core/sql/parser/OrientSqlConstants.java","1","0","1","0","319","487","1"
"BroadleafCommerce","0b82dddef8d8a719cf608eae326d394cb23b6218","common/src/main/java/org/broadleafcommerce/common/presentation/AdminPresentationAdornedTargetCollection.java","1","0","1","0","32","284","1"
"netty","afb46b926f9df6f1da91cbd011fa8f43d1566bb8","example/src/main/java/io/netty/example/spdy/server/SpdyOrHttpHandler.java","1","0","1","0","32","57","0"
"BroadleafCommerce","3344f17983edea82ace3b9ba012cae4a1c5e2ac2","admin/broadleaf-open-admin-platform/src/main/java/org/broadleafcommerce/openadmin/web/form/component/DefaultListGridActions.java","1","0","1","0","32","78","6"
"orientdb","330416b3db551d1aa8106e36d9aa133804a0be52","core/src/main/java/com/orientechnologies/orient/core/sql/parser/OrientSqlConstants.java","1","0","1","0","321","490","0"
"BroadleafCommerce","90e4079b981d1ac986d9423fda3ac240f14ab316","common/src/main/java/org/broadleafcommerce/common/presentation/AdminPresentationCollection.java","1","0","1","0","33","269","0"
"titan","8d5f50cefca0d20892cc6621c5b53cd463a4a2f8","titan-core/src/main/java/com/thinkaurelius/titan/graphdb/configuration/TitanConstants.java","1","0","1","0","35","64","1"
"titan","7bd3abf6dc65777cab11eb9cbd0f5a95b5d3e8fb","titan-core/src/main/java/com/thinkaurelius/titan/graphdb/configuration/TitanConstants.java","1","0","1","0","35","65","0"
"orientdb","f13e93face1ed758328d0172611feb8184ed0323","core/src/main/java/com/orientechnologies/orient/core/sql/parser/OrientSqlConstants.java","1","0","1","0","359","546","1"
"BroadleafCommerce","86c7c1f49cf8d819bf62c336775b16aeea5d2070","common/src/main/java/org/broadleafcommerce/common/presentation/AdminPresentationMap.java","1","0","1","0","36","313","1"
"orientdb","af83d394d604c2287c703c4a01b53479bede595a","core/src/main/java/com/orientechnologies/orient/core/sql/parser/OrientSqlConstants.java","1","0","1","0","363","552","0"
"BroadleafCommerce","0b82dddef8d8a719cf608eae326d394cb23b6218","common/src/main/java/org/broadleafcommerce/common/presentation/AdminPresentation.java","1","0","1","0","37","306","2"
"netty","9125060752f5124949e55a6868647c75f88cdb01","handler/src/main/java/io/netty/handler/ssl/util/InsecureTrustManagerFactory.java","1","0","1","0","37","74","0"
"BroadleafCommerce","0b82dddef8d8a719cf608eae326d394cb23b6218","common/src/main/java/org/broadleafcommerce/common/presentation/AdminPresentationMap.java","1","0","1","0","38","323","1"
"BroadleafCommerce","90e4079b981d1ac986d9423fda3ac240f14ab316","common/src/main/java/org/broadleafcommerce/common/presentation/AdminPresentationAdornedTargetCollection.java","1","0","1","0","39","348","0"
"BroadleafCommerce","1a9dee96255ff084e3640ffc1f013ed286542577","core/broadleaf-framework/src/main/java/org/broadleafcommerce/core/payment/domain/PaymentInfoDetailType.java","1","0","1","0","4","25","1"
"BroadleafCommerce","71ed100532a1cdcca0779a75bab5b442a72b15e9","common/src/main/java/org/broadleafcommerce/common/extension/ItemStatus.java","1","0","1","0","4","28","0"
"elasticsearch","e34a35244cac6981b03d8c0a7f05e8a2f2942c55","src/main/java/org/elasticsearch/common/lucene/search/NoCacheFilter.java","1","0","1","0","4","29","1"
"BroadleafCommerce","6e4b41b9159d93a644c6ca86ffba2319ef1733a5","core/broadleaf-framework/src/main/java/org/broadleafcommerce/core/checkout/service/gateway/PassthroughPaymentConstants.java","1","0","1","0","4","30","0"
"neo4j","21dc057a8a68245281a22d7bdb8da5ae2103f057","enterprise/core-edge/src/main/java/org/neo4j/coreedge/raft/state/SafeStateMarshal.java","1","0","1","0","4","31","0"
"hazelcast","01efb6c2b9630a2b5d82d8a5f5dac36e8143b780","hazelcast/src/main/java/com/hazelcast/spi/exception/SilentException.java","1","0","1","0","4","37","0"
"BroadleafCommerce","90e4079b981d1ac986d9423fda3ac240f14ab316","common/src/main/java/org/broadleafcommerce/common/presentation/AdminPresentationMap.java","1","0","1","0","45","382","0"
"BroadleafCommerce","90e4079b981d1ac986d9423fda3ac240f14ab316","common/src/main/java/org/broadleafcommerce/common/presentation/AdminPresentation.java","1","0","1","0","46","363","1"
"neo4j","2fb8aea71a2d50c63f1407b9e975c5e8cbf325dc","enterprise/kernel/src/main/java/org/neo4j/kernel/impl/enterprise/configuration/EnterpriseEditionSettings.java","1","0","1","0","46","79","1"
"orientdb","9df1e17bf9f8ea115fe2f31b9a501a38380867a5","core/src/main/java/com/orientechnologies/orient/core/sql/parser/OrientSqlConstants.java","1","0","1","0","461","698","1"
"orientdb","3fd79f333e2a5c17bcac9d2ddfe74044e2dfecdd","core/src/main/java/com/orientechnologies/orient/core/sql/parser/OrientSqlConstants.java","1","0","1","0","467","707","0"
"BroadleafCommerce","4c0a8b2c4bddabc4e97467c8022161826c630c8c","common/src/main/java/org/broadleafcommerce/common/presentation/AdminPresentation.java","1","0","1","0","47","372","0"
"orientdb","8ce5456de7d0df59426a846c3c950dc946c62ebc","core/src/main/java/com/orientechnologies/orient/core/sql/parser/OrientSqlConstants.java","1","0","1","0","479","725","0"
"hazelcast","e4b10eb1bd1583bbfca340d4cde3ad3111ed215c","hazelcast-client/src/test/java/com/hazelcast/client/cache/impl/nearcache/NearCacheTestContext.java","1","0","1","0","48","72","1"
"orientdb","62eb95b6bfd366e8a94d2f89fcc245f3acafd0c0","core/src/main/java/com/orientechnologies/orient/core/sql/parser/OrientSqlConstants.java","1","0","1","0","481","728","0"
"hazelcast","7001ec8c5b1305c796de75c2e3f170c562db8c03","hazelcast-client/src/test/java/com/hazelcast/client/cache/impl/nearcache/NearCacheTestContext.java","1","0","1","0","49","73","0"
"hazelcast","36ca305d9eb6c519576aae53cb4110ffa2ce3857","hazelcast-client/src/test/java/com/hazelcast/client/cache/nearcache/NearCacheTestContext.java","1","0","1","0","49","75","0"
"netty","fd9ca8bbb3bb5478aee79e633374abfbc9b6d6c3","transport/src/main/java/io/netty/channel/socket/InternetProtocolFamily.java","1","0","1","0","5","25","1"
"BroadleafCommerce","67428294bf8ec538287aa7a1948e464873e3fdf7","common/src/main/java/org/broadleafcommerce/common/presentation/client/AddMethodType.java","1","0","1","0","5","28","1"
"netty","9125060752f5124949e55a6868647c75f88cdb01","handler/src/main/java/io/netty/handler/ssl/SslProvider.java","1","0","1","0","5","32","0"
"hazelcast","3571a6db8a917f909cb1ee4a240e50193743ee27","hazelcast/src/main/java/com/hazelcast/client/ClientEventType.java","1","0","1","0","5","33","0"
"BroadleafCommerce","ab59bb20101135df9d3984c2c8ee7e2b12073be7","common/src/test/java/org/broadleafcommerce/test/common/web/controller/annotation/TestFrameworkRestController.java","1","0","1","0","5","34","0"
"BroadleafCommerce","e216da5ebb303680f5c60ffcd75979f5876ab5a6","admin/broadleaf-open-admin-platform/src/main/java/org/broadleafcommerce/openadmin/server/service/type/FetchType.java","1","0","1","0","5","35","0"
"elasticsearch","2b777df21e71eca27d5e65859076a74743ba6919","modules/elasticsearch/src/main/java/org/elasticsearch/search/sort/SortOrder.java","1","0","1","0","5","37","0"
"hazelcast","0f550598f8d9f6c62d3bc81f88248d1e11b537c3","hazelcast-client/src/test/java/com/hazelcast/client/cache/impl/nearcache/NearCacheTestContext.java","1","0","1","0","52","76","0"
"elasticsearch","4e5714b31fe3d3b9fdedb18064253fa50b79bcc0","src/main/java/org/elasticsearch/search/aggregations/TransportAggregationModule.java","1","0","1","0","53","82","0"
"elasticsearch","d99b532f0f6e2a6bbadc7421eb5960083687ec73","src/test/java/org/elasticsearch/test/unit/index/search/nested/FloatNestedSortingTests.java","1","0","1","0","53","84","0"
"BroadleafCommerce","89ab11fc4ad655261735d86bf697f21900eb5357","admin/broadleaf-open-admin-platform/src/main/java/org/broadleafcommerce/openadmin/web/form/component/DefaultListGridActions.java","1","0","1","0","55","107","5"
"BroadleafCommerce","5d35a00b117295257b76021e92e0cc6034536c72","core/broadleaf-framework-web/src/main/java/org/broadleafcommerce/core/web/controller/checkout/AbstractCheckoutController.java","1","0","1","0","59","107","1"
"hazelcast","7c82bb8ca4c9e3bf2add34c698ca8fb96f263263","hazelcast/src/main/java/com/hazelcast/util/EmptyArrays.java","1","0","1","0","6","16","0"
"netty","f3dd4101425165496490f9c975ca2e556773c663","transport/src/main/java/io/netty/channel/socket/ChannelInputShutdownReadComplete.java","1","0","1","0","6","28","0"
"elasticsearch","0a8afa2e7269ddbec3755b8f10033e93f55149c2","core/src/main/java/org/elasticsearch/action/admin/indices/delete/DeleteIndexClusterStateUpdateRequest.java","1","0","1","0","6","32","3"
"elasticsearch","371c73e14023917f3892090d2d3d7ff9ac1216b9","core/src/main/java/org/elasticsearch/action/admin/indices/delete/DeleteIndexClusterStateUpdateRequest.java","1","0","1","0","6","32","3"
"elasticsearch","10ec2e948a2f1426a5058ca3b2c2e39952f141d8","src/main/java/org/elasticsearch/action/admin/indices/close/CloseIndexClusterStateUpdateRequest.java","1","0","1","0","6","32","0"
"elasticsearch","9e4064a9baf2ae6856cac46be48d961390f589e1","src/test/java/org/elasticsearch/index/mapper/ip/SimpleIpMappingTests.java","1","0","1","0","6","53","1"
"MapDB","88fdf08da278c3a21757ef9572a9f6017ee3629c","src/main/java/org/mapdb/CC.java","1","0","1","0","6","57","0"
"BroadleafCommerce","11b9bbc3f26a276b1394b183501971f50b0bc40a","admin/broadleaf-open-admin-platform/src/main/java/org/broadleafcommerce/openadmin/web/form/component/DefaultListGridActions.java","1","0","1","0","60","113","1"
"BroadleafCommerce","9a431faefc046d9a5b6168116a8ad7569105d29d","core/broadleaf-framework-web/src/main/java/org/broadleafcommerce/core/web/controller/checkout/AbstractCheckoutController.java","1","0","1","0","62","111","1"
"BroadleafCommerce","dcf4f5a34f5824533a90d2331f17861ab7853074","admin/broadleaf-open-admin-platform/src/main/java/org/broadleafcommerce/openadmin/web/form/component/DefaultListGridActions.java","1","0","1","0","65","119","0"
"hazelcast","b6555180a56d77e9043823160de051498ff480da","hazelcast/src/main/java/com/hazelcast/hotrestart/BackupTaskState.java","1","0","1","0","7","32","1"
"BroadleafCommerce","a386c4b0d276a8b0b87274b53c280db4483a7bf0","core/broadleaf-profile-web/src/main/java/org/broadleafcommerce/profile/web/core/security/SessionFixationProtectionCookie.java","1","0","1","0","7","35","0"
"netty","63a02fc04e6ce45aee38b0437ae0279880e5fe40","codec-dns/src/main/java/io/netty/handler/codec/dns/DnsSection.java","1","0","1","0","7","39","0"
"hazelcast","4a1593fa6ba5c277c4ad2fc320d803b0e63b9339","hazelcast/src/main/java/com/hazelcast/util/ClockProperties.java","1","0","1","0","7","41","0"
"hazelcast","f035567dd2b7f1724f7c33cded1ea01d3e0f0e8e","hazelcast/src/main/java/com/hazelcast/client/impl/protocol/ClientProtocolErrorCodes.java","1","0","1","0","71","96","1"
"elasticsearch","f2be8d83dcdfc0787ccc7dfd4cd02f4a983b90e6","src/main/java/org/elasticsearch/search/aggregations/TransportAggregationModule.java","1","0","1","0","75","104","1"
"hazelcast","29c95daeab6e48291e7fcf5984c1c03a26eff975","hazelcast/src/main/java/com/hazelcast/client/impl/protocol/ClientProtocolErrorCodes.java","1","0","1","0","76","101","0"
"hazelcast","8a97243c2a579cdd79fd8d82dafc065df61ff170","hazelcast/src/main/java/com/hazelcast/client/impl/protocol/ClientProtocolErrorCodes.java","1","0","1","0","79","103","1"
"hazelcast","f037df903225ed43b334b83fcc3a038db05b6124","hazelcast/src/main/java/com/hazelcast/query/PredicateType.java","1","0","1","0","8","31","0"
"hazelcast","d2b04ec50716ff04b425207e70e8f35855ddccf5","hazelcast/src/main/java/com/hazelcast/cache/impl/record/CacheObjectRecord.java","1","0","1","0","8","32","1"
"BroadleafCommerce","dd8d2b537b1e04aab4f2f66a478d00460450e557","common/src/main/java/org/broadleafcommerce/common/presentation/client/VisibilityEnum.java","1","0","1","0","8","33","1"
"elasticsearch","0a69f1e283e26e5d9e6a000b68b9f4778de557a1","core/src/test/java/org/elasticsearch/recovery/SmallTranslogSizeRecoveryIT.java","1","0","1","0","8","34","2"
"BroadleafCommerce","dcf4f5a34f5824533a90d2331f17861ab7853074","common/src/main/java/org/broadleafcommerce/common/presentation/client/AddMethodType.java","1","0","1","0","8","47","0"
"MapDB","c4c12adfa9056f6e5795eea965a63c883bffb68b","src/main/java/org/mapdb/CC.java","1","0","1","0","8","68","1"
"hazelcast","4c415e68c9c9c23d4b5d8ca953cded50e54e384a","hazelcast/src/main/java/com/hazelcast/client/impl/protocol/ClientProtocolErrorCodes.java","1","0","1","0","84","108","0"
"elasticsearch","13a347239a48d71486692a72c066e940dec8921b","core/src/main/java/org/elasticsearch/discovery/local/LocalDiscoveryModule.java","1","0","1","0","9","35","2"
"elasticsearch","13a347239a48d71486692a72c066e940dec8921b","plugins/cloud-gce/src/main/java/org/elasticsearch/discovery/gce/GceDiscoveryModule.java","1","0","1","0","9","35","2"
"elasticsearch","9742d08f53bca902a65fff1de964ded0d292dc03","src/test/java/org/elasticsearch/action/update/InternalEngineWithControllableTimingForTestingModule.java","1","0","1","0","9","35","0"
"neo4j","21dc057a8a68245281a22d7bdb8da5ae2103f057","enterprise/core-edge/src/main/java/org/neo4j/coreedge/raft/state/EndOfStreamException.java","1","0","1","0","9","37","0"
"BroadleafCommerce","4a616b68956d66cd2e6de90cabf8976f48713a74","common/src/main/java/org/broadleafcommerce/common/presentation/client/VisibilityEnum.java","1","0","1","0","9","42","0"
"hazelcast","671d29112c6a1188e0734096c062717bb27a09df","hazelcast/src/main/java/com/hazelcast/client/impl/protocol/ClientProtocolErrorCodes.java","1","0","1","0","90","114","1"
"hazelcast","f7b062e60d15715c41605a8dede75f345f84db89","hazelcast/src/main/java/com/hazelcast/client/impl/protocol/ClientProtocolErrorCodes.java","1","0","1","0","91","121","0"
"titan","7720850da32092290f6ee0e375eb22cb367a3310","src/test/java/com/thinkaurelius/faunus/tinkerpop/gremlin/ScriptExecutorTest.java","1","0","1","1","10","18","0"
"titan","7720850da32092290f6ee0e375eb22cb367a3310","src/test/java/com/thinkaurelius/faunus/tinkerpop/gremlin/FaunusGremlinScriptEngineTest.java","1","0","1","1","10","19","0"
"hazelcast","01efb6c2b9630a2b5d82d8a5f5dac36e8143b780","hazelcast/src/main/java/com/hazelcast/durableexecutor/StaleTaskIdException.java","1","0","1","1","10","34","0"
"hazelcast","d9bfe1e524e1364c2570a6ee0eaffd02993ca90f","hazelcast/src/main/java/com/hazelcast/spi/DistributedObjectAccessor.java","1","0","1","1","10","35","2"
"BroadleafCommerce","035a68d4f608f9164602b462a176ff3c63ca4e8b","core/broadleaf-framework/src/main/java/org/broadleafcommerce/core/offer/service/AbstractOfferServiceExtensionHandler.java","1","0","1","1","10","36","0"
"elasticsearch","16b84b3999442d612587b34e9f19280038cf9734","core/src/test/java/org/elasticsearch/search/aggregations/bucket/SignificantTermsBackwardCompatibilityIT.java","1","0","1","1","10","36","0"
"neo4j","c017fc0e8de10a63ebca559d45a0dd7ffe97a458","community/kernel/src/main/java/org/neo4j/helpers/PortBindException.java","1","0","1","1","10","36","1"
"BroadleafCommerce","780a030a9a4eaa51725de5076a873ee81ae23e75","common/src/main/java/org/broadleafcommerce/common/extensibility/context/merge/MultiTenantMergeBeanStatusProvider.java","1","0","1","1","10","37","0"
"BroadleafCommerce","9d839dba297fca3a083816dd996d6cf87af9675a","common/src/main/java/org/broadleafcommerce/common/config/dao/SystemPropertyDaoQueryExtensionManager.java","1","0","1","1","10","37","0"
"BroadleafCommerce","9bd6ab6eff07f98bbb5e107e689aac706b33a2aa","common/src/main/java/org/broadleafcommerce/common/config/dao/SystemPropertyDaoQueryExtensionManager.java","1","0","1","1","10","37","1"
"elasticsearch","ba755a554f98e724810c0be5a2bbf6d45ab3e623","core/src/main/java/org/elasticsearch/common/xcontent/XContentLocation.java","1","0","1","1","10","38","1"
"BroadleafCommerce","58d8258a56593bc913efa9aa60d0ca5f8f173bd8","core/broadleaf-framework/src/main/java/org/broadleafcommerce/core/offer/service/OfferServiceExtensionManager.java","1","0","1","1","10","39","0"
"BroadleafCommerce","e216da5ebb303680f5c60ffcd75979f5876ab5a6","common/src/main/java/org/broadleafcommerce/common/persistence/transaction/LifecycleAwareJDBCServices.java","1","0","1","1","10","41","0"
"elasticsearch","74f4a14d82058cf55518fe9d64a793d58fb8704c","plugins/repository-hdfs/src/test/java/org/elasticsearch/repositories/hdfs/HdfsClientThreadLeakFilter.java","1","0","1","1","10","47","0"
"elasticsearch","8fbb3686cd9097042c2292cdcb1dfabde1c34b01","core/src/test/java/org/elasticsearch/search/aggregations/bucket/nested/NestedAggregatorTests.java","1","0","1","1","102","146","1"
"elasticsearch","581fd49dac56f549b7f22ce585be1ef1c07e04c8","core/src/test/java/org/elasticsearch/search/aggregations/bucket/nested/NestedAggregatorTests.java","1","0","1","1","106","150","0"
"titan","63f50c66dd4ec7a3e6882886f4aee674552564e4","titan-test/src/test/java/com/thinkaurelius/titan/graphdb/TitanFactoryShorthandTest.java","1","0","1","1","11","22","0"
"BroadleafCommerce","69210a32ed73de6f9cc002c897cc8c24c840fb1b","core/broadleaf-framework/src/main/java/org/broadleafcommerce/core/order/service/AbstractMergeCartServiceExtensionHandler.java","1","0","1","1","11","35","1"
"neo4j","6b75a9235ea38e0c47caacd25cc919023c0c958b","community/lucene-index/src/main/java/org/neo4j/kernel/api/impl/index/partition/ReadOnlyIndexPartitionFactory.java","1","0","1","1","12","38","0"
"elasticsearch","10ec2e948a2f1426a5058ca3b2c2e39952f141d8","src/main/java/org/elasticsearch/action/admin/indices/alias/get/GetAliasesRequestBuilder.java","1","0","1","1","12","39","0"
"elasticsearch","2bd09c4625898d77aa6c015c6f82cf973ed18cb7","core/src/main/java/org/elasticsearch/index/analysis/NumericFloatTokenizer.java","1","0","1","1","12","39","0"
"elasticsearch","2bd09c4625898d77aa6c015c6f82cf973ed18cb7","core/src/main/java/org/elasticsearch/index/analysis/NumericDoubleTokenizer.java","1","0","1","1","12","39","0"
"elasticsearch","f5b3c08df27813a6f0de09a4d93bc0a71ed855ac","src/main/java/org/apache/lucene/queryparser/classic/ExistsFieldQueryExtension.java","1","0","1","1","12","39","0"
"elasticsearch","3d13c27fa0df12018f35f1b20987c90277e9b6f9","core/src/main/java/org/elasticsearch/index/analysis/NumericFloatTokenizer.java","1","0","1","1","12","39","1"
"elasticsearch","3d13c27fa0df12018f35f1b20987c90277e9b6f9","core/src/main/java/org/elasticsearch/index/analysis/NumericDoubleTokenizer.java","1","0","1","1","12","39","1"
"elasticsearch","fa16969360ea43667ad11f827bbf86718c18fcc6","src/main/java/org/elasticsearch/action/admin/indices/alias/get/GetAliasesRequestBuilder.java","1","0","1","1","12","39","1"
"Android-Universal-Image-Loader","dcb5e7982e71f76bf5aac5830e18c713839ff478","library/src/com/nostra13/universalimageloader/core/display/FakeBitmapDisplayer.java","1","0","1","1","12","40","1"
"elasticsearch","3d13c27fa0df12018f35f1b20987c90277e9b6f9","core/src/main/java/org/elasticsearch/index/analysis/NumericLongTokenizer.java","1","0","1","1","12","40","1"
"elasticsearch","3d13c27fa0df12018f35f1b20987c90277e9b6f9","core/src/main/java/org/elasticsearch/index/analysis/NumericIntegerTokenizer.java","1","0","1","1","12","40","1"
"elasticsearch","2bd09c4625898d77aa6c015c6f82cf973ed18cb7","core/src/main/java/org/elasticsearch/index/analysis/NumericIntegerTokenizer.java","1","0","1","1","12","40","0"
"elasticsearch","2bd09c4625898d77aa6c015c6f82cf973ed18cb7","core/src/main/java/org/elasticsearch/index/analysis/NumericLongTokenizer.java","1","0","1","1","12","40","0"
"elasticsearch","d8203f19fdc7277495ae165b16b80cf424f1df56","core/src/main/java/org/elasticsearch/cluster/MasterNodeChangePredicate.java","1","0","1","1","12","51","1"
"junit","23b0bb0ef9b690660cd3853005f9b635533d3770","src/test/java/org/junit/runner/RequestTest.java","1","0","1","1","13","22","0"
"BroadleafCommerce","00554f66a115324275a4f4f4176ea7c5adedd633","core/broadleaf-framework-web/src/main/java/org/broadleafcommerce/core/web/api/wrapper/BaseWrapper.java","1","0","1","1","13","38","0"
"elasticsearch","10ec2e948a2f1426a5058ca3b2c2e39952f141d8","src/main/java/org/elasticsearch/action/admin/indices/alias/exists/AliasesExistRequestBuilder.java","1","0","1","1","13","40","0"
"elasticsearch","10ec2e948a2f1426a5058ca3b2c2e39952f141d8","src/main/java/org/elasticsearch/action/admin/indices/IndicesAction.java","1","0","1","1","13","40","0"
"elasticsearch","10ec2e948a2f1426a5058ca3b2c2e39952f141d8","src/main/java/org/elasticsearch/action/admin/cluster/ClusterAction.java","1","0","1","1","13","40","0"
"elasticsearch","2bd09c4625898d77aa6c015c6f82cf973ed18cb7","core/src/main/java/org/elasticsearch/index/analysis/NumericDateTokenizer.java","1","0","1","1","13","40","0"
"elasticsearch","432628086fcbd09275013600ac0a112323c109ac","src/main/java/org/elasticsearch/index/analysis/NumericLongTokenizer.java","1","0","1","1","13","40","0"
"elasticsearch","432628086fcbd09275013600ac0a112323c109ac","src/main/java/org/elasticsearch/index/analysis/NumericDoubleTokenizer.java","1","0","1","1","13","40","0"
"elasticsearch","432628086fcbd09275013600ac0a112323c109ac","src/main/java/org/elasticsearch/index/analysis/NumericFloatTokenizer.java","1","0","1","1","13","40","0"
"elasticsearch","f5b3c08df27813a6f0de09a4d93bc0a71ed855ac","src/main/java/org/apache/lucene/queryparser/classic/MissingFieldQueryExtension.java","1","0","1","1","13","40","0"
"elasticsearch","13a347239a48d71486692a72c066e940dec8921b","core/src/main/java/org/elasticsearch/common/util/DefaultBigArraysModule.java","1","0","1","1","13","40","2"
"elasticsearch","3d13c27fa0df12018f35f1b20987c90277e9b6f9","core/src/main/java/org/elasticsearch/index/analysis/NumericDateTokenizer.java","1","0","1","1","13","40","1"
"elasticsearch","fa16969360ea43667ad11f827bbf86718c18fcc6","src/main/java/org/elasticsearch/action/admin/indices/alias/exists/AliasesExistRequestBuilder.java","1","0","1","1","13","40","1"
"elasticsearch","fa16969360ea43667ad11f827bbf86718c18fcc6","src/main/java/org/elasticsearch/action/admin/cluster/ClusterAction.java","1","0","1","1","13","40","1"
"elasticsearch","fa16969360ea43667ad11f827bbf86718c18fcc6","src/main/java/org/elasticsearch/action/admin/indices/IndicesAction.java","1","0","1","1","13","40","1"
"elasticsearch","432628086fcbd09275013600ac0a112323c109ac","src/main/java/org/elasticsearch/index/analysis/NumericIntegerTokenizer.java","1","0","1","1","13","41","0"
"elasticsearch","573cacab54c114b04912b5876fa81d61e0317b8b","src/main/java/org/elasticsearch/threadpool/ThreadPoolModule.java","1","0","1","1","13","41","0"
"elasticsearch","459a05168c7577134ab4b4e5131ee81a0dc81fe0","src/main/java/org/elasticsearch/threadpool/ThreadPoolModule.java","1","0","1","1","13","41","1"
"BroadleafCommerce","69210a32ed73de6f9cc002c897cc8c24c840fb1b","core/broadleaf-framework-web/src/main/java/org/broadleafcommerce/core/web/order/security/extension/AbstractAuthSuccessHandlerExtensionHandler.java","1","0","1","1","13","42","1"
"BroadleafCommerce","f2e2ca5db03d4386f59c5fd129fe65acae3d90dd","core/broadleaf-framework-web/src/main/java/org/broadleafcommerce/core/web/order/security/extension/AbstractAuthSuccessHandlerExtensionHandler.java","1","0","1","1","13","45","0"
"hazelcast","727cb1848c02481eee19e6d2693a7242b7c563c3","hazelcast/src/main/java/com/hazelcast/Main.java","1","0","1","1","14","22","0"
"hazelcast","2921cff694583b8638dae2991f427e61d5440a9d","hazelcast/src/test/java/com/hazelcast/internal/properties/GroupPropertiesTest.java","1","0","1","1","14","23","0"
"titan","63cd447da2fac871c2528fcec575e19b10e7330b","src/main/java/com/thinkaurelius/faunus/formats/sequence/faunus01/FaunusSequenceFileInputFormat.java","1","0","1","1","14","26","1"
"elasticsearch","284a35131cd6a96baba14b31c827e5f6dab7b4ad","modules/elasticsearch/src/main/java/org/elasticsearch/search/query/QueryParseElement.java","1","0","1","1","14","39","0"
"elasticsearch","02b1c32261922f266d714e0cf24f193b310b6967","core/src/main/java/org/elasticsearch/search/aggregations/metrics/stats/StatsParser.java","1","0","1","1","14","40","1"
"elasticsearch","20bff773eda14804a77f6b76d98d8ea63ba6f4b9","core/src/main/java/org/elasticsearch/search/aggregations/metrics/stats/StatsParser.java","1","0","1","1","14","40","2"
"elasticsearch","3a58af04c07b78f352640ee83504f076aef8c894","core/src/main/java/org/elasticsearch/search/aggregations/metrics/stats/StatsParser.java","1","0","1","1","14","40","2"
"elasticsearch","10ec2e948a2f1426a5058ca3b2c2e39952f141d8","src/main/java/org/elasticsearch/action/admin/cluster/tasks/PendingClusterTasksRequestBuilder.java","1","0","1","1","14","40","0"
"elasticsearch","10ec2e948a2f1426a5058ca3b2c2e39952f141d8","src/main/java/org/elasticsearch/action/admin/indices/mapping/get/GetMappingsRequestBuilder.java","1","0","1","1","14","40","0"
"elasticsearch","10ec2e948a2f1426a5058ca3b2c2e39952f141d8","src/main/java/org/elasticsearch/action/admin/indices/segments/IndicesSegmentsRequestBuilder.java","1","0","1","1","14","41","0"
"elasticsearch","10ec2e948a2f1426a5058ca3b2c2e39952f141d8","src/main/java/org/elasticsearch/action/admin/cluster/stats/ClusterStatsRequestBuilder.java","1","0","1","1","14","41","0"
"elasticsearch","432628086fcbd09275013600ac0a112323c109ac","src/main/java/org/elasticsearch/index/analysis/NumericDateTokenizer.java","1","0","1","1","14","41","0"
"elasticsearch","fa16969360ea43667ad11f827bbf86718c18fcc6","src/main/java/org/elasticsearch/action/admin/cluster/stats/ClusterStatsRequestBuilder.java","1","0","1","1","14","41","1"
"elasticsearch","fa16969360ea43667ad11f827bbf86718c18fcc6","src/main/java/org/elasticsearch/action/admin/indices/segments/IndicesSegmentsRequestBuilder.java","1","0","1","1","14","41","1"
"elasticsearch","e059a7b37f1a023c5110aece90e5a7f5b8269be4","modules/elasticsearch/src/main/java/org/elasticsearch/index/merge/policy/MergePolicyModule.java","1","0","1","1","14","42","0"
"elasticsearch","3f06d9f3b8516bb30a2890a36c2973f08f9c6076","modules/lang-painless/src/main/java/org/elasticsearch/painless/node/ANode.java","1","0","1","1","14","52","0"
"elasticsearch","bbffeb1b39b864a8bf6c9844dfa23869e44c8639","src/test/java/org/elasticsearch/cluster/metadata/ToAndFromJsonMetaDataTests.java","1","0","1","1","143","182","3"
"elasticsearch","4a6f3c78408c316d9f6f212d2664adda13c54a44","core/src/test/java/org/elasticsearch/indexlifecycle/IndexLifecycleActionIT.java","1","0","1","1","146","221","1"
"junit","d3de6079892fa89aa46386c0369a29b4ef9e9e3c","src/test/java/org/junit/tests/AllTests.java","1","0","1","1","147","153","4"
"junit","669bb577583f2edd8cd65008a7c9ac19ebc350ea","src/test/java/org/junit/tests/AllTests.java","1","0","1","1","149","155","3"
"orientdb","2698aa28905950c8dcb491f0fd8aee7fad3b596b","core/src/test/java/com/orientechnologies/orient/core/exception/RecordNotFoundExceptionTest.java","1","0","1","1","15","24","0"
"titan","343cb98a1c918e3a8e9262b337388112c888c325","src/main/java/com/thinkaurelius/faunus/formats/rexster/util/HttpHelper.java","1","0","1","1","15","25","0"
"titan","a1e70246868f0fc9e3e6e1bd454f2b0b13170c3b","src/main/java/com/thinkaurelius/titan/graphdb/query/DisjunctiveQueryIterable.java","1","0","1","1","15","26","1"
"hazelcast","bac96c281889dfc0cdf6f219c75074164cec1db5","hazelcast/src/test/java/com/hazelcast/config/NearCacheConfigTest.java","1","0","1","1","15","38","0"
"BroadleafCommerce","1a967e8a907ebf5a1b11b0ed95d4ec3e32453d67","core/broadleaf-framework/src/main/java/org/broadleafcommerce/core/offer/service/processor/OfferTimeZoneProcessorImpl.java","1","0","1","1","15","39","0"
"oryx","cd8d4fed685a312cde10a2f090221aa23867e2c9","deploy/oryx-batch/src/main/java/com/cloudera/oryx/batch/Main.java","1","0","1","1","15","40","0"
"elasticsearch","49bdd29f91eb3568a8bac28e043f422a208104d1","test/framework/src/test/java/org/elasticsearch/test/rest/yaml/parser/AbstractClientYamlTestFragmentParserTestCase.java","1","0","1","1","15","44","1"
"elasticsearch","28109a18a2dc1f30207d09bdfb2148e8d7906337","core/src/test/java/org/elasticsearch/indexlifecycle/IndexLifecycleActionIT.java","1","0","1","1","150","225","2"
"junit","5ded3d3231891402e07a208941d263aaf3379134","src/test/java/org/junit/tests/AllTests.java","1","0","1","1","152","158","3"
"elasticsearch","d3ed795372e1d29455fdd63e0e913e42f210ee0a","src/test/java/org/elasticsearch/cluster/metadata/ToAndFromJsonMetaDataTests.java","1","0","1","1","153","194","0"
"junit","8782efa08abf5d47afdc16740678661443706740","src/test/java/org/junit/tests/AllTests.java","1","0","1","1","154","160","3"
"junit","2d13004b3fbba2fe6ed919bbc98f2e3f69bb4809","src/test/java/org/junit/tests/AllTests.java","1","0","1","1","156","162","3"
"junit","7663a302ff8392b07431e775965aa1dac2556ab9","src/test/java/org/junit/tests/AllTests.java","1","0","1","1","158","164","2"
"hazelcast","4332bec7abf93c27a2219bfe36cb9cb3de4ced47","hazelcast/src/test/java/com/hazelcast/test/starter/EnumConstructor.java","1","0","1","1","16","42","0"
"elasticsearch","1f04182b8164ffb19f3805c48d67f0375262b317","core/src/main/java/org/elasticsearch/repositories/uri/URLIndexShardRepository.java","1","0","1","1","16","44","0"
"netty","cd0b5ec2db593d45c96bd6b55b0024042534af04","codec/src/main/java/io/netty/handler/codec/MessageToMessageDecoder.java","1","0","1","1","16","70","1"
"junit","34d2943cef583ecb34cc182b79dbb4af0c778b3f","src/test/java/org/junit/tests/AllTests.java","1","0","1","1","164","170","1"
"junit","7439e56cc7c2261d231ec46e048c7ac762e7a8cc","src/test/java/org/junit/tests/AllTests.java","1","0","1","1","166","172","0"
"oryx","d16f89b25fc5e12f94af6432274c66e0394c1743","app/oryx-app-serving/src/main/java/com/cloudera/oryx/app/serving/als/AllItemIDs.java","1","0","1","1","17","42","0"
"oryx","d16f89b25fc5e12f94af6432274c66e0394c1743","app/oryx-app-serving/src/main/java/com/cloudera/oryx/app/serving/als/AllUserIDs.java","1","0","1","1","17","43","0"
"hazelcast","229bcce2f7bc271971bb7330634656e2cbaf8e42","hazelcast/src/main/java/com/hazelcast/util/executor/SingleExecutorThreadFactory.java","1","0","1","1","17","44","1"
"elasticsearch","7ab0e2c5321c802068d85c0fa3a0f44e0b02c5a4","core/src/main/java/org/elasticsearch/index/query/LimitQueryBuilder.java","1","0","1","1","17","45","1"
"BroadleafCommerce","fa993466b5ef08e75613c6576f7303a830777598","core/broadleaf-framework/src/main/java/org/broadleafcommerce/core/payment/service/CreditCardPaymentInfoFactoryImpl.java","1","0","1","1","18","48","0"
"BroadleafCommerce","8c1a556e757930d28794dfc671aa31e5aa2c736f","core/broadleaf-framework/src/main/java/org/broadleafcommerce/core/checkout/service/workflow/CompleteOrderRollbackHandler.java","1","0","1","1","18","50","0"
"orientdb","ed1b562003c7509649a9ce9058f3e9bab4b49fb3","object/src/test/java/com/orientechnologies/orient/object/db/TestLoopEntity.java","1","0","1","1","19","30","0"
"oryx","27e9046b2bd92243c260efd8bcd0af46b92bdf9e","app/oryx-app-serving/src/main/java/com/cloudera/oryx/app/serving/als/AllItemIDs.java","1","0","1","1","19","44","0"
"oryx","27e9046b2bd92243c260efd8bcd0af46b92bdf9e","app/oryx-app-serving/src/main/java/com/cloudera/oryx/app/serving/als/AllUserIDs.java","1","0","1","1","19","45","0"
"elasticsearch","f995c9c130b9af1c591e7e8be3b0727bcd573481","src/main/java/org/elasticsearch/search/highlight/vectorhighlight/SimpleFragmentsBuilder.java","1","0","1","1","19","46","0"
"elasticsearch","1584c73e4a85037ce83744a384805f234b288548","src/main/java/org/elasticsearch/search/aggregations/metrics/min/MinParser.java","1","0","1","1","19","47","1"
"elasticsearch","5668b1cfc579e5e05f2bb50d78bcdebd75da1ecb","src/test/java/org/elasticsearch/index/translog/fs/FsBufferedTranslogTests.java","1","0","1","1","19","47","1"
"elasticsearch","5668b1cfc579e5e05f2bb50d78bcdebd75da1ecb","src/test/java/org/elasticsearch/index/translog/fs/FsSimpleTranslogTests.java","1","0","1","1","19","47","1"
"elasticsearch","01b18ad219933679256753fa8639c37d11cac1ff","src/main/java/org/elasticsearch/search/aggregations/metrics/min/MinParser.java","1","0","1","1","19","47","0"
"elasticsearch","72d2ac13280cc8c9d52361aad9e2193cbf004708","src/test/java/org/elasticsearch/index/translog/fs/FsSimpleTranslogTests.java","1","0","1","1","19","47","0"
"BroadleafCommerce","13e34973fd48a87bca6221ef78eea0a98d3ef324","admin/broadleaf-contentmanagement-module/src/main/java/org/broadleafcommerce/cms/admin/web/controller/NonAutoconfigMultiPartConfiguration.java","1","0","1","1","19","48","0"
"elasticsearch","b49635539d929d6cb5ee56153e2f95872fe4bb16","modules/lang-painless/src/main/java/org/elasticsearch/painless/node/ANode.java","1","0","1","1","19","60","1"
"junit","bb13b318cd79a68470e93c79635090c7bb565475","src/test/java/org/junit/tests/AllTests.java","1","0","1","1","198","204","0"
"netty","2a6ed67efc4ffb15647313b82e450a3951a6a3bd","example/src/main/java/io/netty/example/spdy/server/SpdyServerInitializer.java","1","0","1","1","20","47","1"
"orientdb","39a8884d03c0bc49b8ecf655a22fe80646afa1e6","spatial/src/main/java/com/orientechnologies/spatial/shape/OShapeType.java","1","0","1","1","20","49","0"
"elasticsearch","7c27d53ee15b4fd411b71a049a204d826960c910","src/test/java/org/elasticsearch/discovery/azure/AzureComputeServiceSimpleMock.java","1","0","1","1","20","49","0"
"elasticsearch","6950c38a0436ec937797f01fba8d7d95e6d6225f","src/test/java/org/elasticsearch/search/suggest/context/GeoLocationContextMappingTest.java","1","0","1","1","20","49","1"
"elasticsearch","7adf9929bae22049d157676756b49597bca98426","plugins/cloud-aws/src/test/java/org/elasticsearch/discovery/ec2/Ec2DiscoveryITest.java","1","0","1","1","20","51","1"
"BroadleafCommerce","9b556e9914c84a41ae10f07813ea46a5d2023f27","common/src/main/java/org/broadleafcommerce/common/web/filter/StatelessSessionFilter.java","1","0","1","1","20","52","0"
"neo4j","2fb8aea71a2d50c63f1407b9e975c5e8cbf325dc","enterprise/core-edge/src/main/java/org/neo4j/coreedge/edge/EnterpriseEdgeEditionModule.java","1","0","1","1","204","281","1"
"hazelcast","70d4de16ff0ac4518d09aad8c9f2ad9e782fb337","hazelcast/src/test/java/com/hazelcast/instance/GroupPropertiesTest.java","1","0","1","1","21","33","1"
"netty","6bf7e2438916bc666d49940af1ff18c68e9d79da","codec-dns/src/test/java/io/netty/handler/codec/dns/DefaultDnsRecordEncoderTest.java","1","0","1","1","21","42","0"
"elasticsearch","4040f194f528c76c88be70b119cf9d7d6fcea99b","plugins/cloud-aws/src/test/java/org/elasticsearch/discovery/ec2/Ec2DiscoveryITest.java","1","0","1","1","21","52","0"
"BroadleafCommerce","c47428fb0783c065f81dbdf641f1155879791b33","common/src/main/java/org/broadleafcommerce/common/web/filter/StatelessSessionFilter.java","1","0","1","1","21","53","0"
"neo4j","a93c570faa774c1a40b635b6a3e6d8ccb61a99e8","enterprise/ha/src/main/java/org/neo4j/kernel/ha/factory/HighlyAvailableFacadeFactory.java","1","0","1","1","22","49","1"
"elasticsearch","99714ee1bd991fed204620c32e9f59a323018d2f","src/test/java/org/elasticsearch/test/rest/section/LessThanOrEqualToAssertion.java","1","0","1","1","22","54","2"
"elasticsearch","99714ee1bd991fed204620c32e9f59a323018d2f","src/test/java/org/elasticsearch/test/rest/section/GreaterThanEqualToAssertion.java","1","0","1","1","22","54","2"
"BroadleafCommerce","ab59bb20101135df9d3984c2c8ee7e2b12073be7","common/src/test/java/org/broadleafcommerce/test/common/web/controller/annotation/AllFrameworkControllersTest.java","1","0","1","1","22","54","0"
"neo4j","868b4d731485023d2f7477e1133dcd5b263c851d","enterprise/ha/src/main/java/org/neo4j/kernel/ha/factory/HighlyAvailableFacadeFactory.java","1","0","1","1","23","50","0"
"elasticsearch","72d2ac13280cc8c9d52361aad9e2193cbf004708","src/test/java/org/elasticsearch/index/translog/fs/FsBufferedTranslogTests.java","1","0","1","1","23","51","0"
"elasticsearch","3e0532a0c549c1ffb52f34307e24b2662819b75d","core/src/test/java/org/elasticsearch/common/settings/loader/YamlSettingsLoaderTests.java","1","0","1","1","23","52","1"
"elasticsearch","78574d248cf10dad1c5a566fda79e1e0c94afe43","core/src/main/java/org/elasticsearch/action/admin/cluster/node/hotthreads/NodesHotThreadsResponse.java","1","0","1","1","23","53","1"
"elasticsearch","e6aaaf11ed4a1b8f595f920de1840938eddb7a97","core/src/main/java/org/elasticsearch/action/admin/cluster/node/hotthreads/NodesHotThreadsResponse.java","1","0","1","1","23","53","1"
"elasticsearch","a60b8948ba1d836a6eac7cff095519e618939ed8","core/src/main/java/org/elasticsearch/action/admin/cluster/node/hotthreads/NodesHotThreadsResponse.java","1","0","1","1","23","53","0"
"elasticsearch","3e1e58e3944dd35663a26e8234eae6279f6d904f","modules/elasticsearch/src/test/java/org/elasticsearch/index/mapper/merge/Test1MergeMapperTests.java","1","0","1","1","23","55","1"
"elasticsearch","2076194d8f78599af46617896f006623a2e517f8","src/test/java/org/elasticsearch/index/search/nested/NestedSortingTests.java","1","0","1","1","237","282","1"
"elasticsearch","d99b532f0f6e2a6bbadc7421eb5960083687ec73","src/test/java/org/elasticsearch/test/unit/index/search/nested/NestedSortingTests.java","1","0","1","1","238","284","0"
"netty","d0b5fb9548be90a906d59601898a0a4e5a3f6c2e","codec-http/src/test/java/io/netty/handler/codec/http/websocketx/WebSocket00FrameEncoderTest.java","1","0","1","1","24","45","0"
"elasticsearch","164efaecbe42195f08ada58b5fde927ab21fc6e7","plugins/cloud-gce/src/main/java/org/elasticsearch/discovery/gce/GceDiscovery.java","1","0","1","1","24","52","0"
"netty","fdfe3149ba3f68678fa7f73c574c7c61aa33fa2f","resolver/src/main/java/io/netty/resolver/NoopNameResolver.java","1","0","1","1","24","52","0"
"elasticsearch","0a69f1e283e26e5d9e6a000b68b9f4778de557a1","core/src/main/java/org/elasticsearch/index/store/StoreModule.java","1","0","1","1","24","52","2"
"neo4j","a93c570faa774c1a40b635b6a3e6d8ccb61a99e8","community/kernel/src/main/java/org/neo4j/kernel/impl/factory/CommunityFacadeFactory.java","1","0","1","1","24","53","1"
"elasticsearch","41d8fbe8f51abd499c9b497238bc5f2141b7926b","plugins/cloud-gce/src/main/java/org/elasticsearch/discovery/gce/GceDiscovery.java","1","0","1","1","24","53","1"
"Android-Universal-Image-Loader","a3a6db9ef3531b23100e8f786d87dcba833c60f8","library/src/com/nostra13/universalimageloader/core/download/HttpClientImageDownloader.java","1","0","1","1","24","53","0"
"hazelcast","4451a9260efa238a34993c17aa155ce6fe1b884e","hazelcast-client-new/src/test/java/com/hazelcast/client/ClientCompatibleTestsSuit.java","1","0","1","1","25","50","1"
"neo4j","868b4d731485023d2f7477e1133dcd5b263c851d","community/kernel/src/main/java/org/neo4j/kernel/impl/factory/CommunityFacadeFactory.java","1","0","1","1","25","53","0"
"Android-Universal-Image-Loader","300a0ea2f23b836dedeaf92774a2586e98e720b9","library/src/com/nostra13/universalimageloader/core/download/HttpClientImageDownloader.java","1","0","1","1","25","54","1"
"elasticsearch","eca244054f756cf8e7af6f3a2a476c97ace82b4b","modules/elasticsearch/src/test/java/org/elasticsearch/index/mapper/merge/Test1MergeMapperTests.java","1","0","1","1","25","57","0"
"netty","2a6ed67efc4ffb15647313b82e450a3951a6a3bd","example/src/main/java/io/netty/example/securechat/SecureChatClientInitializer.java","1","0","1","1","25","60","1"
"netty","2a6ed67efc4ffb15647313b82e450a3951a6a3bd","example/src/main/java/io/netty/example/securechat/SecureChatServerInitializer.java","1","0","1","1","25","63","1"
"BroadleafCommerce","0190a586f4251434b68ccee241c52de0d1cbc386","common/src/test/java/org/broadleafcommerce/common/file/service/FileSystemFileServiceProviderTest.java","1","0","1","1","25","72","0"
"hazelcast","32331b3c2b1548fd19542d1005a0c6d49a5a2a9c","hazelcast/src/main/java/com/hazelcast/query/impl/AttributeType.java","1","0","1","1","25","95","0"
"elasticsearch","730b83c03cf4cafa0c9fe27a63408af967c9bc12","src/test/java/org/elasticsearch/index/cache/query/parser/resident/ResidentQueryParserCacheTest.java","1","0","1","1","26","36","0"
"hazelcast","123ec6b723c33195039ffff249bf3b097c6c4f72","hazelcast-client/src/test/java/com/hazelcast/client/config/XmlClientConfigBuilderTest.java","1","0","1","1","26","53","1"
"elasticsearch","7ab0e2c5321c802068d85c0fa3a0f44e0b02c5a4","core/src/test/java/org/elasticsearch/search/timeout/SearchTimeoutIT.java","1","0","1","1","26","54","1"
"elasticsearch","dc25939b7c72b81bbfb7cc51700cadde32380ba6","src/test/java/org/elasticsearch/test/unit/index/mapper/merge/Test1MergeMapperTests.java","1","0","1","1","26","58","1"
"elasticsearch","d99b532f0f6e2a6bbadc7421eb5960083687ec73","src/test/java/org/elasticsearch/test/unit/index/search/nested/AbstractNumberNestedSortingTests.java","1","0","1","1","266","315","0"
"orientdb","f17c7cdff9f1f191e5ef43dbc0704b8ab442f4d9","graphdb/src/test/java/com/orientechnologies/orient/graph/blueprints/EdgeSaveShouldNotReinsertVerticesTest.java","1","0","1","1","27","64","0"
"hazelcast","5fe534734d912f88bed5098f3b36f3e2872c8319","hazelcast/src/main/java/com/hazelcast/client/impl/protocol/ClientMessageType.java","1","0","1","1","27","86","1"
"hazelcast","dd710b431238cb45633bd2788748e28a2f43f33a","hazelcast/src/test/java/com/hazelcast/internal/management/PartitionServiceBeanDTOTest.java","1","0","1","1","28","36","0"
"hazelcast","73169d6f336cdba096477afe2951c98595b7a185","hazelcast/src/test/java/com/hazelcast/map/impl/MapStatisticsAwareServiceTest.java","1","0","1","1","28","57","2"
"hazelcast","7fd1bf93109d765ddb8bcbf38a1d7109bd5caa8e","hazelcast/src/test/java/com/hazelcast/map/impl/MapStatisticsAwareServiceTest.java","1","0","1","1","28","57","1"
"hazelcast","82dcf180d5585f5896c75465b9a463ea990fc8cd","hazelcast/src/test/java/com/hazelcast/map/impl/MapStatisticsAwareServiceTest.java","1","0","1","1","28","57","1"
"hazelcast","8617de42fd4462ebd7954f48bd6a610b2d751ba2","hazelcast/src/test/java/com/hazelcast/map/impl/MapStatisticsAwareServiceTest.java","1","0","1","1","28","57","2"
"hazelcast","eed851087c0a2f80e7a57991d8f2ff45f743d56a","hazelcast/src/test/java/com/hazelcast/map/impl/MapStatisticsAwareServiceTest.java","1","0","1","1","28","57","2"
"hazelcast","60de112c7f65d9b10d048b84a96874bb04af70e0","hazelcast/src/test/java/com/hazelcast/map/impl/MapStatisticsAwareServiceTest.java","1","0","1","1","28","57","0"
"hazelcast","21de2ef614b9a92baec6c4f16f26123a59391cdc","hazelcast/src/test/java/com/hazelcast/map/impl/MapStatisticsAwareServiceTest.java","1","0","1","1","28","58","0"
"elasticsearch","7adf9929bae22049d157676756b49597bca98426","plugins/cloud-aws/src/test/java/org/elasticsearch/discovery/ec2/Ec2DiscoveryUpdateSettingsITest.java","1","0","1","1","28","62","1"
"orientdb","7442819d56ad5922f025e9a82418c2286bbd4c08","etl/src/test/java/com/orientechnologies/orient/etl/loader/OOrientDBLoaderTest.java","1","0","1","1","29","43","0"
"orientdb","984c71715a77135a3a3b46473e9b6f816f78fb60","etl/src/test/java/com/orientechnologies/orient/etl/loader/OOrientDBLoaderTest.java","1","0","1","1","29","43","0"
"orientdb","36fe694c8f3e92babf28edcd4aeda4d4ec08e667","etl/src/test/java/com/orientechnologies/orient/etl/loader/OOrientDBLoaderTest.java","1","0","1","1","29","43","1"
"BroadleafCommerce","f0a43a10b18a55908684479d3eadcb3822d3cd60","core/broadleaf-framework/src/main/java/org/broadleafcommerce/core/order/service/workflow/remove/RemoveOrderItemActivity.java","1","0","1","1","29","69","0"
"elasticsearch","bf2483e4b30d900ee00776f2bf79d5833e8a4fde","core/src/test/java/org/elasticsearch/snapshots/SnapshotUtilsTests.java","1","0","1","1","30","57","1"
"elasticsearch","c93491c4d43878dedd7db00f7a8d7a337b3db2af","src/main/java/org/elasticsearch/indices/analysis/smartcn/SmartChineseIndicesAnalysis.java","1","0","1","1","30","64","1"
"hazelcast","2b9bb4fc17af10b2e6c19753155c0c0aeff8ce05","hazelcast/src/main/java/com/hazelcast/client/impl/protocol/ClientMessageType.java","1","0","1","1","30","90","0"
"elasticsearch","8fbb3686cd9097042c2292cdcb1dfabde1c34b01","core/src/test/java/org/elasticsearch/index/search/nested/AbstractNumberNestedSortingTestCase.java","1","0","1","1","305","356","1"
"orientdb","9076e4945a5441e4b88d7bb3f42eefc05bf4a5ed","src/test/java/com/orientechnologies/orient/etl/loader/OOrientDBLoaderTest.java","1","0","1","1","31","44","0"
"elasticsearch","7ab0e2c5321c802068d85c0fa3a0f44e0b02c5a4","core/src/test/java/org/elasticsearch/search/aggregations/bucket/DedicatedAggregationIT.java","1","0","1","1","31","56","1"
"elasticsearch","238efe505b6a511e324073d4ecfd7c6ec675a618","src/test/java/org/elasticsearch/search/aggregations/bucket/DedicatedAggregationTests.java","1","0","1","1","31","57","0"
"elasticsearch","581fd49dac56f549b7f22ce585be1ef1c07e04c8","core/src/test/java/org/elasticsearch/index/search/nested/AbstractNumberNestedSortingTestCase.java","1","0","1","1","310","361","0"
"elasticsearch","a5ab648fae5222ed51488cb2f60b58e189d1eacd","core/src/test/java/org/elasticsearch/snapshots/SnapshotUtilsTests.java","1","0","1","1","32","59","0"
"elasticsearch","caf11ff2fbd9195cc780edb375f6a74302d906df","src/test/java/org/elasticsearch/cluster/BlockClusterStatsTests.java","1","0","1","1","32","60","4"
"elasticsearch","459d59a04ad4eb1671bac50a6faf3a7ad372d0e4","src/main/java/org/elasticsearch/search/suggest/phrase/LaplaceScorer.java","1","0","1","1","32","61","1"
"elasticsearch","2e4f87d2ce7475742c668ff1d4069e14e7c47bfe","modules/lang-painless/src/test/java/org/elasticsearch/painless/NeedsScoreTests.java","1","0","1","1","32","66","0"
"elasticsearch","82fa531ab4c1fb087d357ff15288c070d7393378","modules/lang-painless/src/test/java/org/elasticsearch/painless/NeedsScoreTests.java","1","0","1","1","32","67","0"
"elasticsearch","57c0d29114b60f74e43ceb0914c26d490b61a265","src/main/java/org/elasticsearch/search/suggest/phrase/LaplaceScorer.java","1","0","1","1","33","62","0"
"elasticsearch","41a2375c9e609395e21522ee79202645ed2a0af4","core/src/main/java/org/elasticsearch/action/admin/indices/flush/TransportFlushAction.java","1","0","1","1","34","64","0"
"elasticsearch","a2d07058e8557539e843fc3c2cace23b56512344","src/main/java/org/elasticsearch/action/admin/indices/mapping/get/TransportGetMappingsAction.java","1","0","1","1","35","63","4"
"elasticsearch","41a2375c9e609395e21522ee79202645ed2a0af4","core/src/main/java/org/elasticsearch/action/admin/indices/refresh/TransportRefreshAction.java","1","0","1","1","35","65","0"
"elasticsearch","a2d07058e8557539e843fc3c2cace23b56512344","src/main/java/org/elasticsearch/action/admin/indices/warmer/get/TransportGetWarmersAction.java","1","0","1","1","35","66","4"
"elasticsearch","a2d07058e8557539e843fc3c2cace23b56512344","src/main/java/org/elasticsearch/action/admin/cluster/tasks/TransportPendingClusterTasksAction.java","1","0","1","1","35","66","4"
"elasticsearch","cde83e363aac2195c2dc0f81bbe348bcfe8b4152","core/src/test/java/org/elasticsearch/common/lucene/search/function/ScriptScoreFunctionTests.java","1","0","1","1","35","66","1"
"elasticsearch","3f06d9f3b8516bb30a2890a36c2973f08f9c6076","core/src/test/java/org/elasticsearch/common/lucene/search/function/ScriptScoreFunctionTests.java","1","0","1","1","35","66","0"
"elasticsearch","9569166f9431cafe322de6d1f96b7bfd6f50b798","src/test/java/org/elasticsearch/index/mapper/index/IndexTypeMapperIntegrationTests.java","1","0","1","1","35","72","0"
"elasticsearch","0a69f1e283e26e5d9e6a000b68b9f4778de557a1","plugins/analysis-smartcn/src/test/java/org/elasticsearch/index/analysis/SimpleSmartChineseAnalysisTests.java","1","0","1","1","36","62","2"
"elasticsearch","9080f51340b1b26f8bd171b4c82de8d87ad42b55","core/src/test/java/org/elasticsearch/index/mapper/dynamictemplate/genericstore/GenericStoreDynamicTemplateTests.java","1","0","1","1","36","66","1"
"elasticsearch","a2d07058e8557539e843fc3c2cace23b56512344","src/main/java/org/elasticsearch/action/bench/TransportBenchmarkAction.java","1","0","1","1","36","67","1"
"orientdb","331294aa28524aabb5128bbffbbdb5afc498cbfe","src/test/java/com/orientechnologies/orient/etl/ETLBaseTest.java","1","0","1","1","36","69","0"
"elasticsearch","4b25e6b63e67bd5ebf42c8a62faf7ac12dbea5ec","src/main/java/org/elasticsearch/action/admin/indices/mapping/get/TransportGetMappingsAction.java","1","0","1","1","37","66","1"
"elasticsearch","a2d07058e8557539e843fc3c2cace23b56512344","src/main/java/org/elasticsearch/action/bench/TransportBenchmarkStatusAction.java","1","0","1","1","37","68","1"
"elasticsearch","2114d4af87324621ed7d4c089bc12d34373939b9","src/test/java/org/elasticsearch/index/analysis/SimpleSmartChineseAnalysisTests.java","1","0","1","1","38","66","0"
"elasticsearch","10ec2e948a2f1426a5058ca3b2c2e39952f141d8","src/main/java/org/elasticsearch/action/admin/indices/mapping/get/TransportGetMappingsAction.java","1","0","1","1","38","67","2"
"elasticsearch","25fd9e26c4fb042d6f6dea14efcd239577bdbbc4","core/src/main/java/org/elasticsearch/action/admin/indices/refresh/TransportRefreshAction.java","1","0","1","1","38","68","0"
"elasticsearch","10ec2e948a2f1426a5058ca3b2c2e39952f141d8","src/main/java/org/elasticsearch/action/admin/cluster/tasks/TransportPendingClusterTasksAction.java","1","0","1","1","38","70","2"
"elasticsearch","5a64f08f048461a63a0ca1354a5050c954e63d52","plugins/analysis-smartcn/src/test/java/org/elasticsearch/index/analysis/SimpleSmartChineseAnalysisTests.java","1","0","1","1","39","65","0"
"elasticsearch","13805c2a23763da08a15c5f1de618edb95d340dc","core/src/main/java/org/elasticsearch/action/admin/cluster/node/tasks/list/TransportListTasksAction.java","1","0","1","1","39","70","1"
"elasticsearch","3f6a3c01dadb1951b597ffdbd068359a2fbc84c8","core/src/test/java/org/elasticsearch/cluster/serialization/ClusterStateToStringTests.java","1","0","1","1","39","70","1"
"elasticsearch","8dedbd01df14c76fc8f1ac9060facc053fa2be9b","src/main/java/org/elasticsearch/action/admin/indices/alias/exists/TransportAliasesExistAction.java","1","0","1","1","39","70","3"
"elasticsearch","a2d07058e8557539e843fc3c2cace23b56512344","src/main/java/org/elasticsearch/action/admin/indices/alias/get/TransportGetAliasesAction.java","1","0","1","1","39","70","4"
"elasticsearch","6abcd42a05a0e2bc4eaf1add6a41ae7d48f840c2","core/src/test/java/org/elasticsearch/cluster/serialization/ClusterStateToStringTests.java","1","0","1","1","39","70","0"
"elasticsearch","67394aad81b1a8d4c87d3d164a7a1230a25772e6","src/test/java/org/elasticsearch/common/logging/LoggingConfigurationTests.java","1","0","1","1","39","71","2"
"orientdb","a1eed89dcfdc303c846b0d6159189f720c1bade8","core/src/main/java/com/orientechnologies/orient/core/storage/cache/local/OBackgroundExceptionListener.java","1","0","1","1","4","10","0"
"netty","81e2db10faaf0389f4e1af8c7132210946203157","buffer/src/main/java/io/netty/buffer/ChannelBuf.java","1","0","1","1","4","24","0"
"hazelcast","71fd872a7c7c921e27f17be7cce8ed7341f2352d","hazelcast/src/main/java/com/hazelcast/spi/TraceableOperation.java","1","0","1","1","4","26","0"
"elasticsearch","d8f16178d3f21b4f9d17da12e7aa61613fc2c27a","src/main/java/org/elasticsearch/monitor/fs/FsProbe.java","1","0","1","1","4","28","1"
"elasticsearch","13a347239a48d71486692a72c066e940dec8921b","core/src/main/java/org/elasticsearch/common/inject/SpawnModules.java","1","0","1","1","4","29","2"
"elasticsearch","5c8fe598a6bcb11bf0e674ef59c2726eeb8cfbf8","modules/elasticsearch/src/main/java/org/elasticsearch/index/mapper/xcontent/IncludeInAllMapper.java","1","0","1","1","4","29","1"
"elasticsearch","fa16969360ea43667ad11f827bbf86718c18fcc6","src/main/java/org/elasticsearch/ElasticsearchWrapperException.java","1","0","1","1","4","29","1"
"elasticsearch","10ec2e948a2f1426a5058ca3b2c2e39952f141d8","src/main/java/org/elasticsearch/ElasticsearchWrapperException.java","1","0","1","1","4","29","0"
"orientdb","693119e3f1dab4ea8b67a35575ba1f7d1c0a970b","core/src/main/java/com/orientechnologies/common/concur/resource/OCloseable.java","1","0","1","1","4","30","0"
"hazelcast","601a67715c677e36907648eeb31b52993381146d","hazelcast/src/main/java/com/hazelcast/core/IBiFunction.java","1","0","1","1","4","30","0"
"hazelcast","0a00c1a6ac6c6b71c59b23615ab208abcbca6fe5","hazelcast/src/main/java/com/hazelcast/core/IBiFunction.java","1","0","1","1","4","30","1"
"BroadleafCommerce","9a2399ccabc71c63572c786cacfa9d17404bf0db","common/src/main/java/org/broadleafcommerce/common/copy/DeferredOperation.java","1","0","1","1","4","31","0"
"BroadleafCommerce","e949b136c500559ba4612d339d5abac7febc5819","common/src/main/java/org/broadleafcommerce/common/copy/DeferredOperation.java","1","0","1","1","4","31","0"
"BroadleafCommerce","65e73bebcc311646d9d62110b258a16f37da5ac4","common/src/main/java/org/broadleafcommerce/common/copy/DeferredOperation.java","1","0","1","1","4","31","1"
"orientdb","5bcf5fa98fe870a76dd7f2eee90a46d20b97812a","object/src/test/java/com/orientechnologies/orient/object/db/ObjectExportImportTest.java","1","0","1","1","40","54","0"
"elasticsearch","0a69f1e283e26e5d9e6a000b68b9f4778de557a1","plugins/analysis-phonetic/src/test/java/org/elasticsearch/index/analysis/SimplePhoneticAnalysisTests.java","1","0","1","1","40","67","2"
"elasticsearch","10ec2e948a2f1426a5058ca3b2c2e39952f141d8","src/main/java/org/elasticsearch/action/admin/indices/alias/exists/TransportAliasesExistAction.java","1","0","1","1","40","72","2"
"elasticsearch","e0e6a58357e7b8c7552fecd3786826b3a6142497","src/test/java/org/elasticsearch/test/integration/flt/FuzzyLikeThisActionTests.java","1","0","1","1","40","87","0"
"elasticsearch","0a69f1e283e26e5d9e6a000b68b9f4778de557a1","plugins/analysis-stempel/src/test/java/org/elasticsearch/index/analysis/PolishAnalysisTests.java","1","0","1","1","41","71","2"
"netty","2a6ed67efc4ffb15647313b82e450a3951a6a3bd","example/src/main/java/io/netty/example/securechat/SecureChatTrustManagerFactory.java","1","0","1","1","41","78","1"
"elasticsearch","2e2e345dcb90e1ec1c48c6bb5348469fc514aea1","src/main/java/org/elasticsearch/action/admin/cluster/tasks/TransportPendingClusterTasksAction.java","1","0","1","1","42","74","5"
"elasticsearch","8dedbd01df14c76fc8f1ac9060facc053fa2be9b","src/main/java/org/elasticsearch/action/admin/indices/alias/get/TransportGetAliasesAction.java","1","0","1","1","42","74","3"
"elasticsearch","b75d1d885a4f56edf8d1b8cd393298588fbd0123","src/main/java/org/elasticsearch/action/admin/cluster/tasks/TransportPendingClusterTasksAction.java","1","0","1","1","42","74","3"
"elasticsearch","adc0807c686b37bf1d96bd3eb9d26face380fe44","src/main/java/org/elasticsearch/action/admin/cluster/tasks/TransportPendingClusterTasksAction.java","1","0","1","1","42","74","0"
"elasticsearch","b75d1d885a4f56edf8d1b8cd393298588fbd0123","src/main/java/org/elasticsearch/action/bench/TransportBenchmarkAction.java","1","0","1","1","42","74","0"
"BroadleafCommerce","4ef3790626f8ba277f2f25428ed9ae5446093fdd","admin/broadleaf-open-admin-platform/src/main/java/org/broadleafcommerce/openadmin/web/filter/BroadleafAdminRequestProcessor.java","1","0","1","1","42","81","0"
"elasticsearch","5a64f08f048461a63a0ca1354a5050c954e63d52","plugins/analysis-phonetic/src/test/java/org/elasticsearch/index/analysis/SimplePhoneticAnalysisTests.java","1","0","1","1","43","70","0"
"orientdb","c902353d86924562826c9114fd6a1242a65ada6d","core/src/test/java/com/orientechnologies/orient/core/storage/impl/local/paginated/wal/OLogSegmentV2Test.java","1","0","1","1","43","73","0"
"elasticsearch","10ec2e948a2f1426a5058ca3b2c2e39952f141d8","src/main/java/org/elasticsearch/action/admin/indices/alias/get/TransportGetAliasesAction.java","1","0","1","1","43","76","2"
"elasticsearch","5b8b15e729d022ac816098c40f401ba25ce7e2e0","core/src/test/java/org/elasticsearch/http/netty/NettyPipeliningDisabledIT.java","1","0","1","1","43","79","0"
"elasticsearch","5eeac2fdf6c108e2f9b6305b6577a77e5290ad9e","src/test/java/org/elasticsearch/http/netty/NettyPipeliningDisabledIntegrationTest.java","1","0","1","1","43","79","0"
"elasticsearch","a77c68ba0efccbaa9628e371cf37ee3d156e48a3","core/src/test/java/org/elasticsearch/http/netty/NettyPipeliningDisabledIT.java","1","0","1","1","43","79","1"
"orientdb","2e9a3b26964469982ca5e0d9e0a57ba887d08db4","client/src/test/java/com/orientechnologies/orient/client/remote/OMessageHelperTest.java","1","0","1","1","44","66","0"
"elasticsearch","b75d1d885a4f56edf8d1b8cd393298588fbd0123","src/main/java/org/elasticsearch/action/bench/TransportBenchmarkStatusAction.java","1","0","1","1","44","76","0"
"netty","76a3ea699ddc50f7aa9348a71b36578cda85a65c","transport/src/test/java/io/netty/channel/AbstractEventLoopTest.java","1","0","1","1","45","73","1"
"elasticsearch","2e2e345dcb90e1ec1c48c6bb5348469fc514aea1","src/main/java/org/elasticsearch/action/admin/indices/mapping/get/TransportGetMappingsAction.java","1","0","1","1","45","76","5"
"elasticsearch","b75d1d885a4f56edf8d1b8cd393298588fbd0123","src/main/java/org/elasticsearch/action/admin/indices/mapping/get/TransportGetMappingsAction.java","1","0","1","1","45","76","3"
"elasticsearch","adc0807c686b37bf1d96bd3eb9d26face380fe44","src/main/java/org/elasticsearch/action/admin/indices/mapping/get/TransportGetMappingsAction.java","1","0","1","1","45","76","0"
"elasticsearch","2e2e345dcb90e1ec1c48c6bb5348469fc514aea1","src/main/java/org/elasticsearch/action/admin/indices/alias/get/TransportGetAliasesAction.java","1","0","1","1","45","77","5"
"elasticsearch","b75d1d885a4f56edf8d1b8cd393298588fbd0123","src/main/java/org/elasticsearch/action/admin/indices/alias/get/TransportGetAliasesAction.java","1","0","1","1","45","77","3"
"elasticsearch","adc0807c686b37bf1d96bd3eb9d26face380fe44","src/main/java/org/elasticsearch/action/admin/indices/alias/get/TransportGetAliasesAction.java","1","0","1","1","45","77","0"
"elasticsearch","adc0807c686b37bf1d96bd3eb9d26face380fe44","src/main/java/org/elasticsearch/action/admin/indices/warmer/get/TransportGetWarmersAction.java","1","0","1","1","45","79","0"
"elasticsearch","2e2e345dcb90e1ec1c48c6bb5348469fc514aea1","src/main/java/org/elasticsearch/action/admin/indices/warmer/get/TransportGetWarmersAction.java","1","0","1","1","46","80","5"
"elasticsearch","d18fb8bfbd4562bd55890103d488c448729e450b","src/test/java/org/elasticsearch/timestamp/SimpleTimestampTests.java","1","0","1","1","46","86","2"
"elasticsearch","f37815a53bb739bc34381e2b7905760b7cae43f8","src/main/java/org/elasticsearch/search/SearchModule.java","1","0","1","1","47","76","0"
"elasticsearch","f2be8d83dcdfc0787ccc7dfd4cd02f4a983b90e6","src/main/java/org/elasticsearch/search/SearchModule.java","1","0","1","1","48","77","1"
"elasticsearch","04385a9ce914125a3eab626c657ef60d026cde1f","core/src/test/java/org/elasticsearch/cluster/metadata/IndexTemplateMetaDataTests.java","1","0","1","1","48","82","2"
"elasticsearch","48bfb142b97bc32542f73bece4bf19bce57554c8","core/src/test/java/org/elasticsearch/cluster/metadata/IndexTemplateMetaDataTests.java","1","0","1","1","48","82","1"
"elasticsearch","1e7c42447999421ea789d51279496017d34b15d0","core/src/test/java/org/elasticsearch/cluster/metadata/IndexTemplateMetaDataTests.java","1","0","1","1","48","82","0"
"elasticsearch","e2e19203d778064efa563dd66993ca4f8faf650e","src/test/java/org/elasticsearch/index/fielddata/NoOrdinalsStringFieldDataTests.java","1","0","1","1","48","83","0"
"elasticsearch","371c73e14023917f3892090d2d3d7ff9ac1216b9","core/src/main/java/org/elasticsearch/action/admin/cluster/snapshots/delete/TransportDeleteSnapshotAction.java","1","0","1","1","49","81","3"
"elasticsearch","78574d248cf10dad1c5a566fda79e1e0c94afe43","core/src/main/java/org/elasticsearch/action/admin/cluster/snapshots/delete/TransportDeleteSnapshotAction.java","1","0","1","1","49","81","2"
"elasticsearch","e6aaaf11ed4a1b8f595f920de1840938eddb7a97","core/src/main/java/org/elasticsearch/action/admin/cluster/snapshots/delete/TransportDeleteSnapshotAction.java","1","0","1","1","49","81","2"
"elasticsearch","93beea1f670f1e0d53bc3fd3ee671bc235d5f1aa","core/src/main/java/org/elasticsearch/action/admin/cluster/snapshots/delete/TransportDeleteSnapshotAction.java","1","0","1","1","49","81","0"
"elasticsearch","a60b8948ba1d836a6eac7cff095519e618939ed8","core/src/main/java/org/elasticsearch/action/admin/cluster/snapshots/delete/TransportDeleteSnapshotAction.java","1","0","1","1","49","81","0"
"hazelcast","71fd872a7c7c921e27f17be7cce8ed7341f2352d","hazelcast/src/main/java/com/hazelcast/spi/ExecutionTracingService.java","1","0","1","1","5","29","0"
"elasticsearch","a6510f924520d8cdda2636ac85a1a1e43f6dfb8c","src/main/java/org/elasticsearch/monitor/fs/FsProbe.java","1","0","1","1","5","30","0"
"orientdb","a2eaf6636bb600c7e6d311b0bb7d112bbaafb4a0","etl/src/main/java/com/orientechnologies/orient/etl/transformer/OETLTransformer.java","1","0","1","1","5","31","0"
"hazelcast","d568e4d926d925d57d4e79e34614390416749301","hazelcast/src/main/java/com/hazelcast/internal/serialization/impl/bufferpool/BufferPoolFactory.java","1","0","1","1","5","31","0"
"hazelcast","70d4de16ff0ac4518d09aad8c9f2ad9e782fb337","hazelcast/src/main/java/com/hazelcast/internal/serialization/impl/bufferpool/BufferPoolFactory.java","1","0","1","1","5","31","1"
"elasticsearch","2bd09c4625898d77aa6c015c6f82cf973ed18cb7","core/src/main/java/org/elasticsearch/discovery/zen/DiscoveryNodesProvider.java","1","0","1","1","5","32","0"
"elasticsearch","e54dd688a1c5c78a2637b7ab264f6eabc0352985","src/main/java/org/elasticsearch/bootstrap/ConsoleCtrlHandler.java","1","0","1","1","5","34","0"
"BroadleafCommerce","780a030a9a4eaa51725de5076a873ee81ae23e75","common/src/main/java/org/broadleafcommerce/common/extensibility/context/merge/MergeBeanStatusProvider.java","1","0","1","1","5","36","0"
"BroadleafCommerce","e216da5ebb303680f5c60ffcd75979f5876ab5a6","common/src/main/java/org/broadleafcommerce/common/persistence/transaction/TransactionInfoCustomModifier.java","1","0","1","1","5","36","0"
"neo4j","9c79c33600e5511ac1320496d1bdd614808a973c","enterprise/core-edge/src/main/java/org/neo4j/coreedge/raft/log/segmented/CoreLogPruningStrategy.java","1","0","1","1","5","36","1"
"BroadleafCommerce","a943eeae9ff5398e1779755ad265d6e1eb0e094c","common/src/main/java/org/broadleafcommerce/common/payment/service/PaymentGatewayWebResponsePrintService.java","1","0","1","1","5","42","0"
"hazelcast","309c32202d38a410736da6db69fe2560f26f5648","hazelcast/src/test/java/com/hazelcast/cache/impl/InternalCacheRecorStoreTest.java","1","0","1","1","50","68","0"
"elasticsearch","57bcd65ca45b358a6aa0adaebaac7b1deb9c9d3a","src/test/java/org/elasticsearch/cluster/settings/SettingsValidatorTests.java","1","0","1","1","50","88","3"
"BroadleafCommerce","0190a586f4251434b68ccee241c52de0d1cbc386","common/src/test/java/org/broadleafcommerce/common/sitemap/service/CustomUrlSiteMapGeneratorTest.java","1","0","1","1","50","90","0"
"hazelcast","23f1d9d53622d23a2234bef66fe1bcd67dd21f3a","hazelcast/src/test/java/com/hazelcast/cache/impl/InternalCacheRecordStoreTest.java","1","0","1","1","51","69","0"
"hazelcast","82fcc4c7c87097d1719bb56112aec0fafdb6bc0e","hazelcast/src/main/java/com/hazelcast/util/Clock.java","1","0","1","1","51","86","0"
"neo4j","1b3aad3b619bd72c2c9f79bb7edf642c5dc56a6f","enterprise/security/src/test/java/org/neo4j/server/security/enterprise/auth/EmbeddedUserManagementProceduresInteractionTest.java","1","0","1","1","514","590","0"
"hazelcast","ed777f64e4d046bb45ae4ee062b463e33526e3ad","hazelcast/src/main/java/com/hazelcast/client/impl/protocol/ClientMessageType.java","1","0","1","1","52","134","1"
"elasticsearch","25fd9e26c4fb042d6f6dea14efcd239577bdbbc4","core/src/main/java/org/elasticsearch/action/admin/indices/template/delete/TransportDeleteIndexTemplateAction.java","1","0","1","1","52","84","0"
"elasticsearch","f0e1f9215b1864d21214c1b44d7d127580d8950a","src/test/java/org/elasticsearch/index/fielddata/NoOrdinalsStringFieldDataTests.java","1","0","1","1","52","88","1"
"elasticsearch","25fd9e26c4fb042d6f6dea14efcd239577bdbbc4","core/src/main/java/org/elasticsearch/action/admin/indices/flush/TransportShardFlushAction.java","1","0","1","1","54","87","0"
"elasticsearch","a2d07058e8557539e843fc3c2cace23b56512344","src/main/java/org/elasticsearch/action/admin/indices/settings/put/TransportUpdateSettingsAction.java","1","0","1","1","54","88","4"
"oryx","d16f89b25fc5e12f94af6432274c66e0394c1743","app/oryx-app-serving/src/main/java/com/cloudera/oryx/app/serving/als/MostSurprising.java","1","0","1","1","54","95","0"
"elasticsearch","25fd9e26c4fb042d6f6dea14efcd239577bdbbc4","core/src/main/java/org/elasticsearch/action/admin/indices/upgrade/post/TransportUpgradeSettingsAction.java","1","0","1","1","56","90","0"
"oryx","eb36daaf73ce1e658c78fd6993685351fbd7c580","app/oryx-app-serving/src/main/java/com/cloudera/oryx/app/serving/als/MostSurprising.java","1","0","1","1","56","97","0"
"netty","afb46b926f9df6f1da91cbd011fa8f43d1566bb8","example/src/main/java/io/netty/example/spdy/client/SpdyClient.java","1","0","1","1","57","105","0"
"elasticsearch","10ec2e948a2f1426a5058ca3b2c2e39952f141d8","src/main/java/org/elasticsearch/action/admin/cluster/snapshots/delete/TransportDeleteSnapshotAction.java","1","0","1","1","57","90","2"
"elasticsearch","8dedbd01df14c76fc8f1ac9060facc053fa2be9b","src/main/java/org/elasticsearch/action/admin/indices/settings/put/TransportUpdateSettingsAction.java","1","0","1","1","57","92","3"
"elasticsearch","78574d248cf10dad1c5a566fda79e1e0c94afe43","core/src/main/java/org/elasticsearch/action/admin/indices/flush/TransportShardFlushAction.java","1","0","1","1","58","92","1"
"elasticsearch","e6aaaf11ed4a1b8f595f920de1840938eddb7a97","core/src/main/java/org/elasticsearch/action/admin/indices/flush/TransportShardFlushAction.java","1","0","1","1","58","92","1"
"elasticsearch","a60b8948ba1d836a6eac7cff095519e618939ed8","core/src/main/java/org/elasticsearch/action/admin/indices/flush/TransportShardFlushAction.java","1","0","1","1","58","92","0"
"elasticsearch","10ec2e948a2f1426a5058ca3b2c2e39952f141d8","src/main/java/org/elasticsearch/action/admin/cluster/repositories/delete/TransportDeleteRepositoryAction.java","1","0","1","1","58","93","2"
"elasticsearch","10ec2e948a2f1426a5058ca3b2c2e39952f141d8","src/main/java/org/elasticsearch/action/admin/cluster/repositories/put/TransportPutRepositoryAction.java","1","0","1","1","58","95","2"
"elasticsearch","4040f194f528c76c88be70b119cf9d7d6fcea99b","core/src/test/java/org/elasticsearch/nodesinfo/SimpleNodesInfoTests.java","1","0","1","1","58","97","0"
"hazelcast","5c695f915d3d5ec0116cccdbde70b3551f5dcb5a","hazelcast-client-new/src/main/java/com/hazelcast/client/HazelcastClientNotActiveException.java","1","0","1","1","6","13","0"
"hazelcast","8a4364b60b5a4274ab87081d259cd1fdbd424c16","hazelcast/src/main/java/com/hazelcast/spi/StatisticsAwareService.java","1","0","1","1","6","17","0"
"netty","461d3c876f27c32eaa673f0d2073de0922ca4277","buffer/src/test/java/io/netty/buffer/BigEndianCompositeByteBufTest.java","1","0","1","1","6","27","0"
"hazelcast","429f2efd2aae8db7f5328ddf09996a9ed6ff0139","hazelcast/src/main/java/com/hazelcast/core/HazelcastInstanceNotActiveException.java","1","0","1","1","6","28","1"
"hazelcast","49bc95f245df5503b44ba497a51ae534883f2f4f","hazelcast-client-new/src/main/java/com/hazelcast/client/HazelcastClientNotActiveException.java","1","0","1","1","6","28","1"
"orientdb","dc025634bd8133bb14ce499efe6078c88ed5ad7c","core/src/main/java/com/orientechnologies/orient/core/exception/OInvalidIndexEngineIdException.java","1","0","1","1","6","28","0"
"hazelcast","1f042b8c4a4245594691bb6d85a66ceed9b43068","hazelcast/src/main/java/com/hazelcast/core/HazelcastOverloadException.java","1","0","1","1","6","32","1"
"elasticsearch","838edab168c2999af7ba16f000c1180814e98570","core/src/main/java/org/elasticsearch/common/lease/Releasable.java","1","0","1","1","6","32","1"
"elasticsearch","fa16969360ea43667ad11f827bbf86718c18fcc6","src/main/java/org/apache/lucene/index/memory/ExtendedMemoryIndex.java","1","0","1","1","6","32","1"
"elasticsearch","fa16969360ea43667ad11f827bbf86718c18fcc6","src/main/java/org/apache/lucene/queryparser/classic/FieldQueryExtension.java","1","0","1","1","6","32","1"
"hazelcast","2921cff694583b8638dae2991f427e61d5440a9d","hazelcast/src/main/java/com/hazelcast/core/HazelcastOverloadException.java","1","0","1","1","6","32","0"
"elasticsearch","10ec2e948a2f1426a5058ca3b2c2e39952f141d8","src/main/java/org/apache/lucene/index/memory/ExtendedMemoryIndex.java","1","0","1","1","6","32","0"
"elasticsearch","10ec2e948a2f1426a5058ca3b2c2e39952f141d8","src/main/java/org/apache/lucene/queryparser/classic/FieldQueryExtension.java","1","0","1","1","6","32","0"
"elasticsearch","3136ed1490e41b4c82b8ee05ff2d224e113ef1b8","core/src/main/java/org/elasticsearch/common/io/ReleasableBytesStream.java","1","0","1","1","6","33","1"
"elasticsearch","1863ab95f862294db7d105717656bd6452eef9d9","core/src/main/java/org/elasticsearch/common/io/stream/StreamInputReader.java","1","0","1","1","6","34","1"
"hazelcast","4e6d18aeafe5790acd0957aa2d9a18e95606521d","hazelcast/src/test/java/com/hazelcast/cache/impl/InternalCacheRecordStoreTest.java","1","0","1","1","60","81","1"
"oryx","d16f89b25fc5e12f94af6432274c66e0394c1743","app/oryx-app-serving/src/main/java/com/cloudera/oryx/app/serving/als/Because.java","1","0","1","1","60","99","0"
"elasticsearch","78574d248cf10dad1c5a566fda79e1e0c94afe43","core/src/main/java/org/elasticsearch/action/admin/indices/refresh/TransportShardRefreshAction.java","1","0","1","1","61","95","1"
"elasticsearch","e6aaaf11ed4a1b8f595f920de1840938eddb7a97","core/src/main/java/org/elasticsearch/action/admin/indices/refresh/TransportShardRefreshAction.java","1","0","1","1","61","95","1"
"elasticsearch","a60b8948ba1d836a6eac7cff095519e618939ed8","core/src/main/java/org/elasticsearch/action/admin/indices/refresh/TransportShardRefreshAction.java","1","0","1","1","61","95","0"
"elasticsearch","caf11ff2fbd9195cc780edb375f6a74302d906df","src/main/java/org/elasticsearch/action/admin/indices/settings/put/TransportUpdateSettingsAction.java","1","0","1","1","61","97","4"
"oryx","eb36daaf73ce1e658c78fd6993685351fbd7c580","app/oryx-app-serving/src/main/java/com/cloudera/oryx/app/serving/als/Because.java","1","0","1","1","62","101","0"
"elasticsearch","8dedbd01df14c76fc8f1ac9060facc053fa2be9b","src/main/java/org/elasticsearch/action/admin/indices/mapping/put/TransportPutMappingAction.java","1","0","1","1","62","99","3"
"hazelcast","bfb4bac6208631dceaf8c2f3cde6ec69c25de80b","hazelcast/src/test/java/com/hazelcast/client/impl/operations/OperationFactoryWrapperTest.java","1","0","1","1","63","105","1"
"hazelcast","390e6627f765363d61fbbd0d80dd43eefd5c91d3","hazelcast/src/test/java/com/hazelcast/map/mapstore/MapLoaderTest.java","1","0","1","1","63","77","0"
"elasticsearch","a7bb3c29f242af0ac929e0a756de8b28f711a628","src/test/java/org/elasticsearch/test/unit/cluster/routing/allocation/PrimaryElectionRoutingTests.java","1","0","1","1","64","102","0"
"hazelcast","d30fc8556abae7840c1c1ef1b83d606d79fe5c7d","hazelcast/src/test/java/com/hazelcast/client/impl/operations/OperationFactoryWrapperTest.java","1","0","1","1","64","106","0"
"orientdb","af4d2778d4c32d7a669fe89249a4aa08cc9107fd","core/src/test/java/com/orientechnologies/orient/core/sql/functions/OSQLFunctionConvertTest.java","1","0","1","1","64","86","1"
"elasticsearch","caf11ff2fbd9195cc780edb375f6a74302d906df","src/main/java/org/elasticsearch/action/admin/indices/mapping/put/TransportPutMappingAction.java","1","0","1","1","66","104","4"
"elasticsearch","10ec2e948a2f1426a5058ca3b2c2e39952f141d8","src/main/java/org/elasticsearch/action/admin/indices/open/TransportOpenIndexAction.java","1","0","1","1","66","105","2"
"elasticsearch","10ec2e948a2f1426a5058ca3b2c2e39952f141d8","src/main/java/org/elasticsearch/action/admin/indices/mapping/put/TransportPutMappingAction.java","1","0","1","1","67","105","2"
"elasticsearch","41a2375c9e609395e21522ee79202645ed2a0af4","core/src/main/java/org/elasticsearch/action/admin/indices/flush/TransportShardFlushAction.java","1","0","1","1","68","103","0"
"elasticsearch","25fd9e26c4fb042d6f6dea14efcd239577bdbbc4","core/src/main/java/org/elasticsearch/action/admin/indices/open/TransportOpenIndexAction.java","1","0","1","1","68","104","0"
"elasticsearch","41a2375c9e609395e21522ee79202645ed2a0af4","core/src/main/java/org/elasticsearch/action/admin/indices/refresh/TransportShardRefreshAction.java","1","0","1","1","69","104","0"
"mcMMO","3b05bb96e36af09bf58f84f3bd49938d7826d807","src/main/java/com/gmail/nossr50/events/chat/McMMOAdminChatEvent.java","1","0","1","1","7","13","0"
"hazelcast","4d1c2ddd586f69084c47ed1cdfb10c94b44012ca","hazelcast/src/main/java/com/hazelcast/quorum/QuorumException.java","1","0","1","1","7","30","2"
"elasticsearch","598854dd72d7fb01a7e26a9dad065de3deaa5eb7","src/main/java/org/elasticsearch/cluster/ProcessedClusterStateNonMasterUpdateTask.java","1","0","1","1","7","32","0"
"elasticsearch","10ec2e948a2f1426a5058ca3b2c2e39952f141d8","src/main/java/org/elasticsearch/action/PrimaryMissingActionException.java","1","0","1","1","7","33","0"
"elasticsearch","20ed7c172487f500667191df882033ecb6e91df1","core/src/main/java/org/elasticsearch/bootstrap/ElasticsearchF.java","1","0","1","1","7","33","0"
"elasticsearch","598854dd72d7fb01a7e26a9dad065de3deaa5eb7","src/main/java/org/elasticsearch/cluster/ClusterStateNonMasterUpdateTask.java","1","0","1","1","7","33","0"
"elasticsearch","35376107604fd988812c93ad71b824464eb0808a","core/src/main/java/org/elasticsearch/bootstrap/ElasticsearchF.java","1","0","1","1","7","33","1"
"elasticsearch","fa16969360ea43667ad11f827bbf86718c18fcc6","src/main/java/org/elasticsearch/action/PrimaryMissingActionException.java","1","0","1","1","7","33","1"
"BroadleafCommerce","3344f17983edea82ace3b9ba012cae4a1c5e2ac2","admin/broadleaf-open-admin-platform/src/main/java/org/broadleafcommerce/openadmin/web/controller/AdminAbstractListGridExtensionManager.java","1","0","1","1","7","34","0"
"BroadleafCommerce","a943eeae9ff5398e1779755ad265d6e1eb0e094c","common/src/main/java/org/broadleafcommerce/common/payment/service/PaymentGatewayHostedService.java","1","0","1","1","7","40","0"
"BroadleafCommerce","a943eeae9ff5398e1779755ad265d6e1eb0e094c","common/src/main/java/org/broadleafcommerce/common/payment/service/PaymentGatewayReportingService.java","1","0","1","1","7","42","0"
"BroadleafCommerce","a943eeae9ff5398e1779755ad265d6e1eb0e094c","common/src/main/java/org/broadleafcommerce/common/web/payment/expression/PaymentGatewayFieldExtensionHandler.java","1","0","1","1","7","51","0"
"BroadleafCommerce","a943eeae9ff5398e1779755ad265d6e1eb0e094c","common/src/main/java/org/broadleafcommerce/common/payment/service/PaymentGatewayWebResponseService.java","1","0","1","1","7","52","0"
"BroadleafCommerce","a943eeae9ff5398e1779755ad265d6e1eb0e094c","common/src/main/java/org/broadleafcommerce/common/payment/service/PaymentGatewayTransactionConfirmationService.java","1","0","1","1","7","70","0"
"elasticsearch","3f6a3c01dadb1951b597ffdbd068359a2fbc84c8","core/src/test/java/org/elasticsearch/cluster/routing/allocation/ReplicaAllocatedAfterPrimaryTests.java","1","0","1","1","70","108","1"
"elasticsearch","8dedbd01df14c76fc8f1ac9060facc053fa2be9b","src/main/java/org/elasticsearch/action/admin/indices/open/TransportOpenIndexAction.java","1","0","1","1","70","108","3"
"elasticsearch","8dedbd01df14c76fc8f1ac9060facc053fa2be9b","src/main/java/org/elasticsearch/action/admin/indices/close/TransportCloseIndexAction.java","1","0","1","1","70","108","3"
"elasticsearch","caf11ff2fbd9195cc780edb375f6a74302d906df","src/main/java/org/elasticsearch/action/admin/indices/open/TransportOpenIndexAction.java","1","0","1","1","70","108","4"
"elasticsearch","caf11ff2fbd9195cc780edb375f6a74302d906df","src/main/java/org/elasticsearch/action/admin/indices/close/TransportCloseIndexAction.java","1","0","1","1","70","108","4"
"elasticsearch","6abcd42a05a0e2bc4eaf1add6a41ae7d48f840c2","core/src/test/java/org/elasticsearch/cluster/routing/allocation/ReplicaAllocatedAfterPrimaryTests.java","1","0","1","1","70","108","0"
"orientdb","17496091986496c493f8485a1885d6810c1b4377","core/src/test/java/com/orientechnologies/orient/core/sql/functions/OSQLFunctionConvertTest.java","1","0","1","1","70","96","0"
"neo4j","d041e88235e18da46d6a5db90cb204c93331fcbc","community/kernel/src/test/java/org/neo4j/kernel/impl/util/dbstructure/DbStructureLargeOptionalMatchStructure.java","1","0","1","1","76","112","0"
"elasticsearch","889db1c824d8c573835e8cbadd0c6f3ba25f8fcd","src/test/java/org/elasticsearch/discovery/zen/ping/unicast/UnicastZenPingTests.java","1","0","1","1","79","117","1"
"hazelcast","ecaaec40f356936a3252c08a2bf6f4180fd3c81b","hazelcast-spring/src/test/java/com/hazelcast/spring/DummyProxyFactory.java","1","0","1","1","8","14","0"
"titan","63cd447da2fac871c2528fcec575e19b10e7330b","src/test/java/com/thinkaurelius/faunus/formats/sequence/faunus01/FaunusSequenceFileInputFormatTest.java","1","0","1","1","8","15","1"
"hazelcast","3fa5f2992dc12463f602e3a09c1fbecac71b901f","hazelcast/src/main/java/com/hazelcast/query/impl/IdentityConverter.java","1","0","1","1","8","16","0"
"hazelcast","01efb6c2b9630a2b5d82d8a5f5dac36e8143b780","hazelcast/src/main/java/com/hazelcast/quorum/QuorumException.java","1","0","1","1","8","31","0"
"hazelcast","d568e4d926d925d57d4e79e34614390416749301","hazelcast/src/main/java/com/hazelcast/internal/serialization/impl/bufferpool/BufferPoolFactoryImpl.java","1","0","1","1","8","31","0"
"hazelcast","70d4de16ff0ac4518d09aad8c9f2ad9e782fb337","hazelcast/src/main/java/com/hazelcast/internal/serialization/impl/bufferpool/BufferPoolFactoryImpl.java","1","0","1","1","8","31","1"
"hazelcast","2cab9c7f77abcddbb41df97579bcae554c325727","hazelcast/src/main/java/com/hazelcast/query/impl/IdentityConverter.java","1","0","1","1","8","32","1"
"hazelcast","44cd76f384fde07fe4e146809c9b8bdf476ea619","hazelcast/src/main/java/com/hazelcast/query/impl/IdentityConverter.java","1","0","1","1","8","32","1"
"neo4j","737bbf8d7a2c473b0df517235b3822c3b4110231","community/bolt/src/main/java/org/neo4j/bolt/v1/runtime/BoltConnectionAuthFatality.java","1","0","1","1","8","32","0"
"BroadleafCommerce","035a68d4f608f9164602b462a176ff3c63ca4e8b","core/broadleaf-framework/src/main/java/org/broadleafcommerce/core/offer/service/OfferServiceExtensionHandler.java","1","0","1","1","8","34","0"
"junit","3914b8fc8a4d6ad574994979d2a4c7b63258e227","build/maven/sample_project_template/src/test/java/JunitDependencyTest.java","1","0","1","1","8","34","0"
"hazelcast","a7fb3945d20f9ca04699166f984c5277fcb8f3a2","hazelcast/src/main/java/com/hazelcast/wan/WANReplicationQueueFullException.java","1","0","1","1","8","34","0"
"hazelcast","0880710f355f33d03b8d928ec9d22a0ff4f1ca52","hazelcast/src/main/java/com/hazelcast/internal/nearcache/impl/record/NearCacheObjectRecord.java","1","0","1","1","8","34","2"
"hazelcast","a97645f3f9b1abe24778838215d5756666e2d7e5","hazelcast/src/main/java/com/hazelcast/internal/nearcache/impl/record/NearCacheObjectRecord.java","1","0","1","1","8","34","2"
"elasticsearch","598854dd72d7fb01a7e26a9dad065de3deaa5eb7","src/test/java/org/elasticsearch/discovery/zen/ping/unicast/UnicastZenPingTests.java","1","0","1","1","81","119","0"
"elasticsearch","9080f51340b1b26f8bd171b4c82de8d87ad42b55","core/src/test/java/org/elasticsearch/index/mapper/lucene/StoredNumericValuesTests.java","1","0","1","1","81","122","1"
"elasticsearch","f37815a53bb739bc34381e2b7905760b7cae43f8","src/main/java/org/elasticsearch/search/aggregations/TransportAggregationModule.java","1","0","1","1","83","113","0"
"elasticsearch","d84c643f5880a88d2e5c38b487123161f3e01fe0","core/src/test/java/org/elasticsearch/index/mapper/lucene/StoredNumericValuesTests.java","1","0","1","1","85","127","0"
"hazelcast","ecaaec40f356936a3252c08a2bf6f4180fd3c81b","hazelcast-spring/src/test/java/com/hazelcast/spring/DummyPortableFactory.java","1","0","1","1","9","15","0"
"hazelcast","04c204fcf1f1d07695eb4355106ffdc8e6bc9365","hazelcast/src/main/java/com/hazelcast/config/ConfigurationException.java","1","0","1","1","9","16","0"
"titan","63cd447da2fac871c2528fcec575e19b10e7330b","src/test/java/com/thinkaurelius/faunus/tinkerpop/gremlin/FaunusGremlinScriptEngineTest.java","1","0","1","1","9","17","1"
"hazelcast","5c0d5a22d2259539d62d8a928f41424eece216cb","hazelcast-spring/src/test/java/com/hazelcast/spring/serialization/DummyDataSerializableFactory.java","1","0","1","1","9","31","0"
"BroadleafCommerce","035a68d4f608f9164602b462a176ff3c63ca4e8b","core/broadleaf-framework/src/main/java/org/broadleafcommerce/core/search/service/solr/SolrSearchServiceExtensionManager.java","1","0","1","1","9","34","0"
"elasticsearch","10ec2e948a2f1426a5058ca3b2c2e39952f141d8","src/main/java/org/elasticsearch/action/admin/cluster/tasks/PendingClusterTasksRequest.java","1","0","1","1","9","34","0"
"elasticsearch","fa16969360ea43667ad11f827bbf86718c18fcc6","src/main/java/org/elasticsearch/action/admin/cluster/tasks/PendingClusterTasksRequest.java","1","0","1","1","9","34","1"
"BroadleafCommerce","58d8258a56593bc913efa9aa60d0ca5f8f173bd8","core/broadleaf-framework-web/src/main/java/org/broadleafcommerce/core/web/service/UpdateCartServiceExtensionManager.java","1","0","1","1","9","36","0"
"BroadleafCommerce","8a290dc9d712fbf3ac55ae861cf8699e97f25ed3","core/broadleaf-framework-web/src/main/java/org/broadleafcommerce/core/web/cache/BLCICacheExtensionManager.java","1","0","1","1","9","36","0"
"BroadleafCommerce","9a2399ccabc71c63572c786cacfa9d17404bf0db","admin/broadleaf-open-admin-platform/src/main/java/org/broadleafcommerce/openadmin/server/service/persistence/module/provider/extension/RuleFieldPersistenceProviderCascadeExtensionManager.java","1","0","1","1","9","36","0"
"BroadleafCommerce","c39c374323b58f14d0638f3b07392dfe5fc5fa5a","core/broadleaf-framework-web/src/main/java/org/broadleafcommerce/core/web/order/security/CartStateRequestProcessorExtensionManager.java","1","0","1","1","9","36","0"
"BroadleafCommerce","e65e83a67aac3068ecccd421620fbeb9425c13e1","admin/broadleaf-open-admin-platform/src/main/java/org/broadleafcommerce/openadmin/web/controller/AdminTranslationControllerExtensionManager.java","1","0","1","1","9","36","0"
"elasticsearch","10ec2e948a2f1426a5058ca3b2c2e39952f141d8","src/main/java/org/elasticsearch/action/Action.java","1","0","1","1","9","36","0"
"elasticsearch","149ef74b26bb33d3a1d3c1c45c481a01345cd764","core/src/main/java/org/elasticsearch/search/aggregations/bucket/significant/heuristics/SignificanceHeuristicParser.java","1","0","1","1","9","36","0"
"elasticsearch","b1cef5fdf8e1f8e9982a4724986b2731ca4d522b","core/src/main/java/org/elasticsearch/search/aggregations/bucket/significant/heuristics/SignificanceHeuristicParser.java","1","0","1","1","9","36","1"
"elasticsearch","fa16969360ea43667ad11f827bbf86718c18fcc6","src/main/java/org/elasticsearch/action/Action.java","1","0","1","1","9","36","1"
"BroadleafCommerce","58d8258a56593bc913efa9aa60d0ca5f8f173bd8","core/broadleaf-framework/src/main/java/org/broadleafcommerce/core/search/service/solr/SolrSearchServiceExtensionManager.java","1","0","1","1","9","38","0"
"neo4j","0da6dae6f2ecbbab9a278f3757ef793cbe8d921f","community/kernel/src/main/java/org/neo4j/kernel/impl/api/TransactionCommitProcess.java","1","0","1","1","9","39","1"
"elasticsearch","dfcfe7e89476f2b6f056cc762b177b49c3029731","src/main/java/org/elasticsearch/indices/analysis/KuromojiIndicesAnalysis.java","1","0","1","1","91","131","1"
"hazelcast","cdb8b0e0e259c0992856d553f2aa04499043c84d","hazelcast/src/test/java/com/hazelcast/test/TestLoggerFactory.java","1","0","1","1","92","128","0"
"elasticsearch","17c06f06ba4e86504bd3b24a47198bc30536572c","src/test/java/org/elasticsearch/search/aggregations/bucket/nested/NestedAggregatorTest.java","1","0","1","1","98","143","1"
"elasticsearch","2a844fc457a38650de3aa13ec07e4e8904646e6b","src/test/java/org/elasticsearch/search/aggregations/bucket/nested/NestedAggregatorTest.java","1","0","1","1","99","144","0"
"elasticsearch","d8f0f7077fe0da1bd634970f45f2fd678f916a78","src/test/java/org/elasticsearch/index/query/TemplateQueryTest.java","1","0","1","10","109","158","1"
"elasticsearch","d06a7e9fe157c98ee328a6bcba3dff4d29a93d72","plugins/lang/javascript/src/test/java/org/elasticsearch/script/javascript/JavaScriptScriptEngineTests.java","1","0","1","10","112","164","0"
"hazelcast","28db823a8c080eef0e31424f75ab268718677405","hazelcast/src/test/java/com/hazelcast/map/EntryListenerConfigTest.java","1","0","1","10","126","187","1"
"elasticsearch","577e6a5e147d2222c7b618af3601adb3e3cedf39","core/src/test/java/org/elasticsearch/common/logging/DeprecationLoggerTests.java","1","0","1","10","131","194","0"
"elasticsearch","0ecdef026d9ab8985fede5b87e058fa9edd398ae","modules/lang-painless/src/test/java/org/elasticsearch/painless/EqualsTests.java","1","0","1","10","137","170","0"
"elasticsearch","b0e8696143a9e373cfee18d8a3605ac418770fef","modules/lang-painless/src/test/java/org/elasticsearch/painless/EqualsTests.java","1","0","1","10","139","172","1"
"hazelcast","482ad20fbe8f493652228cf06776e23f6530acc2","hazelcast/src/main/java/com/hazelcast/map/impl/MapServiceContextInterceptorSupport.java","1","0","1","10","14","46","0"
"antlr4","29c2712ae1eee9575324db48c2f72c7cb0d28308","tool/test/org/antlr/v4/test/tool/TestParserInterpreter.java","1","0","1","10","178","236","0"
"elasticsearch","523a8b4c3e8003316f3e7c6a74bdd5e4e1818dd6","modules/elasticsearch/src/test/java/org/elasticsearch/index/mapper/xcontent/geopoint/LatLonMappingGeoPointTests.java","1","0","1","10","183","252","0"
"elasticsearch","9077bb6528f843ca8042ff95f8fac47140ef5aa1","modules/elasticsearch/src/test/java/org/elasticsearch/index/mapper/xcontent/geopoint/LatLonMappingGeoPointTests.java","1","0","1","10","188","254","0"
"orientdb","3630d8c33e4a5494e5d085504dd957898c427d13","server/src/test/java/com/orientechnologies/orient/server/OConnetionExecutorTransactionTest.java","1","0","1","10","193","262","0"
"BroadleafCommerce","e216da5ebb303680f5c60ffcd75979f5876ab5a6","common/src/main/java/org/broadleafcommerce/common/site/domain/Catalog.java","1","0","1","10","20","57","0"
"orientdb","87b48cd3ce88fba7ca0ad843421460e00b2c4405","core/src/test/java/com/orientechnologies/orient/core/record/impl/ODocumentTest.java","1","0","1","10","227","271","1"
"elasticsearch","b91f5da2b2a09797a04448e64fd3643f6c030e01","src/main/java/org/elasticsearch/cloud/azure/AzureStorageService.java","1","0","1","10","27","63","2"
"netty","6e5b25733f49d2ea843a89b4d547b856142212ec","codec-http2/src/main/java/io/netty/handler/codec/http2/Http2ConnectionAdapter.java","1","0","1","10","36","66","1"
"BroadleafCommerce","d2cde2a95106c890262f3e8d0e5535876f4120ea","common/src/main/java/org/broadleafcommerce/common/media/domain/MediaDto.java","1","0","1","10","39","74","0"
"BroadleafCommerce","73b572fb130796355d80fdc8d5007c0d5f3a84cd","core/broadleaf-framework/src/main/java/org/broadleafcommerce/core/workflow/state/RollbackFailureException.java","1","0","1","10","40","83","0"
"elasticsearch","8eab5ec5286475b5c0602d8c230947c781db6596","modules/elasticsearch/src/main/java/org/elasticsearch/cluster/routing/allocation/RoutingAllocation.java","1","0","1","10","44","85","0"
"orientdb","16079d38520f313144dee6a6a97982d94402b763","core/src/main/java/com/orientechnologies/orient/core/metadata/sequence/OSequenceLibraryProxy.java","1","0","1","10","46","64","1"
"hazelcast","d070f1256c8c7fa823e6463487462826384ee1df","hazelcast/src/main/java/com/hazelcast/map/impl/nearcache/invalidation/Invalidation.java","1","0","1","10","46","81","0"
"elasticsearch","3e69c38dbd2aa319b5b199d2931125b93f59514a","modules/transport-netty4/src/main/java/org/elasticsearch/http/netty4/pipelining/HttpPipelinedRequest.java","1","0","1","10","51","89","0"
"netty","e7631867d30e26961e121ca05f5e3c078345984f","buffer/src/main/java/io/netty/buffer/AbstractDerivedByteBuf.java","1","0","1","10","52","88","1"
"hazelcast","42e5849f7ebce11fa76d0780610fba85b1818987","hazelcast-client/src/main/java/com/hazelcast/client/spi/ClientContext.java","1","0","1","10","55","96","0"
"elasticsearch","3b02bd395225aa7aa1b130b6dc9d3f5f2e930a64","modules/elasticsearch/src/main/java/org/elasticsearch/threadpool/scaling/ScalingThreadPool.java","1","0","1","10","57","96","1"
"BroadleafCommerce","e1fc116f32e911e27ba79717773879398e64d436","core/broadleaf-framework/src/main/java/org/broadleafcommerce/core/search/service/solr/AbstractSolrSearchServiceExtensionHandler.java","1","0","1","10","57","98","4"
"elasticsearch","d6e9101f421235006089944d73d9d95da677aada","src/main/java/org/elasticsearch/cluster/service/PendingClusterTask.java","1","0","1","10","60","95","0"
"elasticsearch","3b02bd395225aa7aa1b130b6dc9d3f5f2e930a64","modules/elasticsearch/src/main/java/org/elasticsearch/threadpool/blocking/BlockingThreadPool.java","1","0","1","10","61","104","1"
"elasticsearch","a1b24343398babc34e5c5bb372f8d041a3257c94","src/main/java/org/elasticsearch/index/fielddata/FieldDataStats.java","1","0","1","10","62","100","0"
"BroadleafCommerce","c8e97392a5f5bcdf3517f0c555f934f418e2ddf4","admin/broadleaf-open-admin-platform/src/main/java/org/broadleafcommerce/openadmin/server/service/persistence/module/provider/request/AddSearchMappingRequest.java","1","0","1","10","62","101","0"
"hazelcast","2c5a20e99039142cf4293982bbd5b53f958e6fb9","hazelcast/src/main/java/com/hazelcast/map/impl/EntryEventData.java","1","0","1","10","63","96","0"
"elasticsearch","49bdd29f91eb3568a8bac28e043f422a208104d1","core/src/main/java/org/elasticsearch/common/xcontent/yaml/YamlXContent.java","1","0","1","10","65","104","1"
"elasticsearch","c7d0c3ea1896445b19098d5e8b0058dc5c909d59","src/main/java/org/elasticsearch/index/codec/postingsformat/BloomFilterLucenePostingsFormatProvider.java","1","0","1","10","66","107","2"
"netty","c75783abb5aa3419039c1736bfbd150431f15eb3","buffer/src/test/java/io/netty/buffer/SlicedByteBufTest.java","1","0","1","10","67","104","0"
"elasticsearch","3ce7b119d28e7d1be7284bd804606a65c2d1a383","core/src/main/java/org/elasticsearch/common/xcontent/yaml/YamlXContent.java","1","0","1","10","67","106","0"
"elasticsearch","49bdd29f91eb3568a8bac28e043f422a208104d1","core/src/main/java/org/elasticsearch/common/xcontent/cbor/CborXContent.java","1","0","1","10","68","109","1"
"elasticsearch","cb0824e957dcb7a20e8450f97283874eb61b9abe","core/src/main/java/org/elasticsearch/action/support/nodes/BaseNodesRequest.java","1","0","1","10","68","124","0"
"netty","371f8066d2502f6c6d75c5d0f80cd25e19b5e58b","buffer/src/test/java/io/netty/buffer/SlicedByteBufTest.java","1","0","1","10","69","106","0"
"elasticsearch","49bdd29f91eb3568a8bac28e043f422a208104d1","core/src/main/java/org/elasticsearch/common/xcontent/smile/SmileXContent.java","1","0","1","10","69","109","1"
"elasticsearch","49bdd29f91eb3568a8bac28e043f422a208104d1","core/src/main/java/org/elasticsearch/common/xcontent/json/JsonXContent.java","1","0","1","10","70","110","1"
"elasticsearch","3ce7b119d28e7d1be7284bd804606a65c2d1a383","core/src/main/java/org/elasticsearch/common/xcontent/cbor/CborXContent.java","1","0","1","10","70","111","0"
"elasticsearch","3ce7b119d28e7d1be7284bd804606a65c2d1a383","core/src/main/java/org/elasticsearch/common/xcontent/smile/SmileXContent.java","1","0","1","10","71","111","0"
"elasticsearch","16e5cdf8d092842b7e4eb25de681f217d9cb48d0","src/main/java/org/elasticsearch/action/percolate/PercolateShardRequest.java","1","0","1","10","72","113","2"
"hazelcast","c37f1bc6a7ba37a6e7d27927eb812336b250521d","hazelcast/src/main/java/com/hazelcast/replicatedmap/impl/client/ReplicatedMapPortableEntryEvent.java","1","0","1","10","73","110","0"
"netty","4bba7526e2f58018817972f38279cc232f519100","buffer/src/main/java/io/netty/buffer/AbstractDerivedByteBuf.java","1","0","1","10","73","116","0"
"hazelcast","879bc99d4b497d8a95681d2422bbe3e330ff449e","hazelcast/src/test/java/com/hazelcast/config/NearCacheConfigTest.java","1","0","1","10","76","118","1"
"hazelcast","1f042b8c4a4245594691bb6d85a66ceed9b43068","hazelcast-client/src/test/java/com/hazelcast/client/config/ClientPropertiesTest.java","1","0","1","10","77","113","1"
"hazelcast","2921cff694583b8638dae2991f427e61d5440a9d","hazelcast-client/src/test/java/com/hazelcast/client/config/ClientPropertiesTest.java","1","0","1","10","79","115","0"
"oryx","27e9046b2bd92243c260efd8bcd0af46b92bdf9e","framework/oryx-common/src/test/java/com/cloudera/oryx/common/settings/ConfigUtilsTest.java","1","0","1","10","86","121","0"
"elasticsearch","de73910a13d0e82ecd7499e360c547c0793b8743","core/src/test/java/org/elasticsearch/common/unit/ByteSizeValueTests.java","1","0","1","11","103","149","1"
"hazelcast","18f96b031b99440d92e94924f062931d6c376c48","hazelcast/src/test/java/com/hazelcast/map/EntryListenerConfigTest.java","1","0","1","11","132","193","0"
"elasticsearch","82e9a4e80a398d7cfc729347a1f3e8b34f2aa17c","src/test/java/org/elasticsearch/index/query/TemplateQueryTest.java","1","0","1","11","143","195","1"
"elasticsearch","c7bb784b086c915cf6b46e7c6f59fcbf66af6c95","src/test/java/org/elasticsearch/index/query/TemplateQueryTest.java","1","0","1","11","146","198","0"
"neo4j","ce5ba45e82642729b10716005f3fd0d3b9a5e17c","community/lucene-index/src/test/java/org/neo4j/index/impl/lucene/RecoveryTest.java","1","0","1","11","190","258","1"
"orientdb","aaa663966eba301666fc590160d168bbec1b7aeb","core/src/test/java/com/orientechnologies/orient/core/record/impl/ODocumentTest.java","1","0","1","11","248","303","0"
"elasticsearch","5337686d8d39568f94b0b976bd9098af69214302","core/src/test/java/org/elasticsearch/common/settings/SettingsTests.java","1","0","1","11","254","329","0"
"elasticsearch","9ee08dbb0b247afb881431df0c313024eb768747","core/src/test/java/org/elasticsearch/common/settings/SettingsTests.java","1","0","1","11","256","331","1"
"orientdb","980d8e97a4d3582f5fbf8b0aafd50c3078a70fef","core/src/test/java/com/orientechnologies/orient/core/sql/OCommandExecutorSQLUpdateTest.java","1","0","1","11","257","349","1"
"elasticsearch","7ba65950ae003db6ebb922883fd8342853fc49e0","src/main/java/org/elasticsearch/cloud/azure/storage/AzureStorageService.java","1","0","1","11","28","65","0"
"elasticsearch","366ddfc89a9265e05d23291b02a829f4da1fcbdd","src/main/java/org/elasticsearch/script/SearchScript.java","1","0","1","11","38","74","0"
"elasticsearch","99b0faed14b9301d6cd2a3abe2fa847e8a335c44","src/main/java/org/elasticsearch/script/SearchScript.java","1","0","1","11","38","76","1"
"elasticsearch","ebd95b7eb80cb89dfc4c9567a00cca715f4e999b","modules/elasticsearch/src/main/java/org/elasticsearch/index/cache/filter/none/NoneFilterCache.java","1","0","1","11","42","80","0"
"elasticsearch","df703dce0a104af7ee2f3c463117856a9bd55f1f","plugins/repository-azure/src/main/java/org/elasticsearch/cloud/azure/storage/AzureStorageService.java","1","0","1","11","49","90","2"
"BroadleafCommerce","8eab5e85852450205ee185cc484bebf480ca8a7c","common/src/main/java/org/broadleafcommerce/common/sandbox/DefaultSandBoxHelper.java","1","0","1","11","52","93","0"
"elasticsearch","bdf836a2866296083523f6cbdd30ec7a521c49c6","plugins/repository-azure/src/main/java/org/elasticsearch/cloud/azure/storage/AzureStorageService.java","1","0","1","11","52","94","0"
"netty","b39380ad83cda7ebe79d692216e204b8b6b67568","codec-http2/src/main/java/io/netty/handler/codec/http2/Http2ConnectionHandlerBuilder.java","1","0","1","11","55","89","0"
"hazelcast","3f7fe149b46863191307baa8ab504a6eaf77b0cc","hazelcast/src/main/java/com/hazelcast/client/GenericError.java","1","0","1","11","55","92","0"
"netty","b39380ad83cda7ebe79d692216e204b8b6b67568","codec-http2/src/main/java/io/netty/handler/codec/http2/HttpToHttp2ConnectionHandlerBuilder.java","1","0","1","11","57","91","0"
"hazelcast","623ff1855aa985aa276e8395aabf0b534c7a36c3","hazelcast-client-legacy/src/main/java/com/hazelcast/client/proxy/ClientClusterProxy.java","1","0","1","11","57","92","0"
"hazelcast","637d1265a474c206bc94b9830d970d5ae32c0764","hazelcast/src/main/java/com/hazelcast/queue/impl/client/RemainingCapacityRequest.java","1","0","1","11","58","93","1"
"BroadleafCommerce","e9933b6a5bade71f0bc9ea0768c49c13320e8256","core/broadleaf-framework/src/main/java/org/broadleafcommerce/core/search/service/solr/AbstractSolrSearchServiceExtensionHandler.java","1","0","1","11","60","102","3"
"hazelcast","31820d92e469159b8152a223f32a3981d4724469","hazelcast/src/main/java/com/hazelcast/map/impl/EntryEventData.java","1","0","1","11","66","100","1"
"hazelcast","23e4b2e167c74e0539d1e611a3958f84263b382d","hazelcast/src/main/java/com/hazelcast/queue/impl/client/RemainingCapacityRequest.java","1","0","1","11","70","106","0"
"hazelcast","21586825d367940e1c79cf289e97310daab1200d","hazelcast/src/test/java/com/hazelcast/query/impl/extractor/predicates/SingleValueAllPredicatesReflectionTest.java","1","0","1","11","91","119","1"
"hazelcast","772b5217030e0fb94bf07a00d9b5e7b275a82030","hazelcast/src/test/java/com/hazelcast/query/impl/extractor/predicates/SingleValueAllPredicatesReflectionTest.java","1","0","1","11","92","119","0"
"elasticsearch","8bdfd21b70568a39ebf5232e8c395f5206a7a63f","src/main/java/org/elasticsearch/search/internal/FilteredSearchContext.java","1","0","1","112","499","639","0"
"hazelcast","7135af8a09ce704ed35cc2b84bb5e03d90e86e4d","hazelcast/src/test/java/com/hazelcast/jmx/MBeanTest.java","1","0","1","12","100","135","2"
"elasticsearch","8f087e802dcb8a6dfcd49213502efdfc36b4681b","src/main/java/org/elasticsearch/cluster/action/index/MappingUpdatedAction.java","1","0","1","12","106","155","1"
"elasticsearch","3f06d9f3b8516bb30a2890a36c2973f08f9c6076","modules/lang-painless/src/test/java/org/elasticsearch/painless/WhenThingsGoWrongTests.java","1","0","1","12","106","201","0"
"elasticsearch","5a0f2fd1aca2fadda908758e75b72bf24df9574d","core/src/test/java/org/elasticsearch/common/unit/ByteSizeValueTests.java","1","0","1","12","109","156","0"
"elasticsearch","f7ebe9d18f03db0719bf23074bd2bf236ce3ad51","core/src/test/java/org/elasticsearch/env/EnvironmentTests.java","1","0","1","12","123","164","0"
"hazelcast","3187877a380d3982ed060399adb1a86b68e7c46c","hazelcast/src/main/java/com/hazelcast/nio/ConnectionManager.java","1","0","1","12","15","49","2"
"hazelcast","a15ce2b6103439db4706d551d3da12e95328e8f5","hazelcast/src/main/java/com/hazelcast/concurrent/lock/LockResource.java","1","0","1","12","16","50","0"
"orientdb","20c8553a3d57b13b9dadba8041ee0ba577866a96","server/src/main/java/com/orientechnologies/orient/server/distributed/ODistributedRequest.java","1","0","1","12","18","56","1"
"orientdb","eda36859b9b033e1c3c6c69dce74c4959ac3439e","server/src/main/java/com/orientechnologies/orient/server/distributed/ODistributedRequest.java","1","0","1","12","19","57","0"
"elasticsearch","3f06d9f3b8516bb30a2890a36c2973f08f9c6076","modules/lang-painless/src/test/java/org/elasticsearch/painless/CompoundAssignmentTests.java","1","0","1","12","194","315","0"
"antlr4","2da28ee5b23aa18d907625cde54cf7d71cd68801","tool/test/org/antlr/v4/test/tool/TestParserInterpreter.java","1","0","1","12","202","264","0"
"hazelcast","8e20fd580ec4e7de4938dc403d1a547e0b9a4001","hazelcast/src/main/java/com/hazelcast/map/impl/mapstore/MapStoreContext.java","1","0","1","12","22","47","0"
"orientdb","ea1339b2d74756f4efec13f3bb59c93a0a409b47","core/src/main/java/com/orientechnologies/orient/core/metadata/sequence/OSequenceLibrary.java","1","0","1","12","22","60","0"
"neo4j","7b0b7a6aa4b0cc227df4d444ca75ff8887c9a2e6","community/kernel/src/main/java/org/neo4j/storageengine/api/txstate/PropertyContainerState.java","1","0","1","12","24","65","1"
"orientdb","74039254b1ebb8a5d96f93f3a56cf4a38f0c0e20","lucene/src/main/java/com/orientechnologies/lucene/engine/OLuceneIndexEngine.java","1","0","1","12","27","65","0"
"orientdb","acbf2b4862985a154884df8442819e48c3eed517","lucene/src/main/java/com/orientechnologies/lucene/engine/OLuceneIndexEngine.java","1","0","1","12","28","66","1"
"elasticsearch","60cbb2d7bcadcd04fbd6cfb2c20bb3f95c49dda1","plugins/repository-azure/src/main/java/org/elasticsearch/cloud/azure/storage/AzureStorageService.java","1","0","1","12","32","71","1"
"elasticsearch","a49fe189b0f74b28bd1c9727dda8258ceec912f8","plugins/repository-azure/src/main/java/org/elasticsearch/cloud/azure/storage/AzureStorageService.java","1","0","1","12","34","74","0"
"BroadleafCommerce","86c7c1f49cf8d819bf62c336775b16aeea5d2070","admin/broadleaf-open-admin-platform/src/main/java/org/broadleafcommerce/openadmin/server/dao/FieldInfo.java","1","0","1","12","46","81","0"
"hazelcast","4e5ee0b7ce47bc6549852d65f60e4f72da388509","hazelcast/src/main/java/com/hazelcast/config/NearCacheConfigReadOnly.java","1","0","1","12","50","85","0"
"hazelcast","48abc74dd1660373c5137ce52a174e1e72576a6a","hazelcast/src/main/java/com/hazelcast/map/impl/record/RecordStatistics.java","1","0","1","12","51","92","1"
"hazelcast","7fb5b216953909422cec25e70c2bcd51a09b08ad","hazelcast/src/main/java/com/hazelcast/map/impl/record/RecordStatistics.java","1","0","1","12","53","93","0"
"hazelcast","c99737523eb1e3b576d2f4fd450916bb708aff50","hazelcast/src/main/java/com/hazelcast/internal/nearcache/impl/invalidation/MetaDataContainer.java","1","0","1","12","55","109","1"
"BroadleafCommerce","0eec7d6ee2b530fbcaab225bcbfcd7ea47c493b9","common/src/main/java/org/broadleafcommerce/common/media/domain/MediaDto.java","1","0","1","12","58","101","0"
"hazelcast","c2d7536d1f61a04c526ea6d2cb4125cf10de7d6b","hazelcast/src/main/java/com/hazelcast/map/impl/record/RecordStatisticsImpl.java","1","0","1","12","61","102","1"
"hazelcast","402a2d0d137c09b1ff22bfc1c1563a170e5399de","hazelcast/src/main/java/com/hazelcast/memory/DefaultMemoryStats.java","1","0","1","12","63","98","0"
"hazelcast","38bccc612ff2b5faab1bd4593babd0e7f1f9652f","hazelcast/src/main/java/com/hazelcast/map/impl/record/RecordStatisticsImpl.java","1","0","1","12","64","104","0"
"hazelcast","d070f1256c8c7fa823e6463487462826384ee1df","hazelcast-client/src/main/java/com/hazelcast/client/spi/ClientContext.java","1","0","1","12","69","105","0"
"elasticsearch","b61dc6d69c7dd519f825e59624b8f6cbdeb8725c","core/src/main/java/org/elasticsearch/ingest/PipelineConfiguration.java","1","0","1","12","72","122","0"
"hazelcast","b4f94a00cf1628aa0437ded2c556bae9608f74c6","hazelcast/src/main/java/com/hazelcast/map/impl/client/MapLoadAllKeysRequest.java","1","0","1","12","72","93","0"
"hazelcast","99f2dd5d8710f0276d0b105ba5c0f19674b6ccdf","hazelcast/src/main/java/com/hazelcast/map/impl/client/MapLoadAllKeysRequest.java","1","0","1","12","73","94","1"
"hazelcast","c4feb143e90da0ac828ba9077c83e15a9d4fb4cd","hazelcast/src/main/java/com/hazelcast/cache/impl/CacheEventDataImpl.java","1","0","1","12","77","115","1"
"netty","f88dfd043030fd7ef68cd02d71894127cea35eab","buffer/src/test/java/io/netty/buffer/SlicedByteBufTest.java","1","0","1","12","79","118","0"
"elasticsearch","a05ea535ad68de3ffa876c2c7c78d9d203d499be","core/src/main/java/org/elasticsearch/action/percolate/PercolateShardRequest.java","1","0","1","12","88","131","0"
"hazelcast","5aa58b497cf248596c24b6e8ce3e05c35a87d498","hazelcast-wm/src/test/java/com/hazelcast/wm/test/WebFilterBasicTest.java","1","0","1","12","97","152","2"
"hazelcast","536b732b53c631649763b21fc6a0bf022c6d8583","hazelcast/src/test/java/com/hazelcast/jmx/MBeanTest.java","1","0","1","13","109","145","1"
"hazelcast","42dd3075109d59f1b6847b7a6165b609299cc9d3","hazelcast-wm/src/test/java/com/hazelcast/wm/test/WebFilterBasicTest.java","1","0","1","13","114","155","1"
"elasticsearch","34eda1a1a8989ba12d99a94969da5b0e9c7496ea","core/src/test/java/org/elasticsearch/env/EnvironmentTests.java","1","0","1","13","135","177","0"
"hazelcast","24b377020aa3aa78ff0c61e5428c73eb75506e6d","hazelcast/src/main/java/com/hazelcast/nio/ConnectionManager.java","1","0","1","13","16","50","1"
"hazelcast","6642ac7690afec0a1b3d4b29f76fe045cd52c1e4","hazelcast/src/main/java/com/hazelcast/spi/EventService.java","1","0","1","13","17","52","1"
"antlr4","9e5cda85edba2cd2acbbf352c428c6a84c8c8524","tool/test/org/antlr/v4/test/tool/TestParserInterpreter.java","1","0","1","13","215","279","0"
"orientdb","6061b2a2b5d37ba6f30f9dfa91225ef3b3d718cc","core/src/main/java/com/orientechnologies/orient/core/fetch/OFetchContext.java","1","0","1","13","27","63","1"
"orientdb","6fdc17421dd682b30aef282fdda3d7f0db88d754","core/src/main/java/com/orientechnologies/orient/core/fetch/OFetchContext.java","1","0","1","13","28","64","0"
"orientdb","e015a536ea77da4b925b250566f54a7e8420ea2f","core/src/test/java/com/orientechnologies/orient/core/sql/OCommandExecutorSQLUpdateTest.java","1","0","1","13","286","392","0"
"netty","63a02fc04e6ce45aee38b0437ae0279880e5fe40","codec-dns/src/main/java/io/netty/handler/codec/dns/DnsQuery.java","1","0","1","13","29","61","0"
"orientdb","a85d865d9660a9b26ae5681675cfb9e6806d5bcf","lucene/src/main/java/com/orientechnologies/lucene/engine/OLuceneIndexEngine.java","1","0","1","13","29","68","1"
"hazelcast","8d373b62327a5c012a5b8f2bad456311df03bf61","hazelcast/src/main/java/com/hazelcast/spi/ExecutionService.java","1","0","1","13","31","104","1"
"hazelcast","039caae2c04543614a7756619bc9dcba8fd0cc7c","hazelcast/src/main/java/com/hazelcast/spi/ExecutionService.java","1","0","1","13","32","108","0"
"elasticsearch","f2710c16ebd918f646be9d0ab64b4871c25be4c2","src/test/java/org/elasticsearch/common/xcontent/support/XContentMapValuesTests.java","1","0","1","13","348","457","0"
"orientdb","6061b2a2b5d37ba6f30f9dfa91225ef3b3d718cc","core/src/main/java/com/orientechnologies/orient/core/fetch/remote/ORemoteFetchContext.java","1","0","1","13","39","76","1"
"orientdb","6fdc17421dd682b30aef282fdda3d7f0db88d754","core/src/main/java/com/orientechnologies/orient/core/fetch/remote/ORemoteFetchContext.java","1","0","1","13","40","77","0"
"BroadleafCommerce","27ef2467b7432e825811b791c96788f417fc8d4b","core/broadleaf-framework/src/main/java/org/broadleafcommerce/core/workflow/state/RollbackFailureException.java","1","0","1","13","51","95","0"
"hazelcast","cd050d40b89556974e91deed3634f1049fb61a72","hazelcast/src/main/java/com/hazelcast/config/NearCacheConfigReadOnly.java","1","0","1","13","54","90","1"
"hazelcast","5fdda793de15ab4be06a294e013afa671032f9f0","hazelcast/src/main/java/com/hazelcast/cache/impl/CacheStatisticsMXBeanImpl.java","1","0","1","13","56","96","0"
"BroadleafCommerce","c5097fa914c5e97733a30f336d41017ef2498331","core/broadleaf-framework-web/src/main/java/org/broadleafcommerce/core/web/checkout/model/ShippingInfoForm.java","1","0","1","13","56","97","1"
"hazelcast","ca54b5e9e38f231e3520143d007a3e1ca227e8cf","hazelcast/src/main/java/com/hazelcast/internal/nearcache/impl/invalidation/MetaDataContainer.java","1","0","1","13","58","113","0"
"hazelcast","b9d903ab23dbaad884e6add6488d6b6ab3de3bd2","hazelcast/src/main/java/com/hazelcast/cache/impl/CacheStatisticsMXBeanImpl.java","1","0","1","13","59","100","1"
"hazelcast","e253ba2e3054a341540a218c869c9e1b3f802a43","hazelcast/src/main/java/com/hazelcast/map/impl/nearcache/StaleReadPreventerNearCacheWrapper.java","1","0","1","13","65","104","1"
"hazelcast","9dbc3c539a4d8279a0d7cf329b1cc1003ce82a33","hazelcast/src/main/java/com/hazelcast/map/impl/nearcache/StaleReadPreventerNearCacheWrapper.java","1","0","1","13","65","105","0"
"netty","9128d4f16a8ccb102bbf863b88e6be8e5574333d","common/src/main/java/io/netty/util/concurrent/AbstractEventExecutorGroup.java","1","0","1","13","66","101","1"
"elasticsearch","1f04182b8164ffb19f3805c48d67f0375262b317","core/src/main/java/org/elasticsearch/action/admin/indices/cache/clear/ClearIndicesCacheRequest.java","1","0","1","13","70","112","0"
"hazelcast","70d4de16ff0ac4518d09aad8c9f2ad9e782fb337","hazelcast-client/src/main/java/com/hazelcast/client/spi/ClientContext.java","1","0","1","13","72","109","1"
"BroadleafCommerce","42fab0f12ab56dc3af4b15636fdb702de7de5d4d","core/broadleaf-framework/src/main/java/org/broadleafcommerce/core/search/service/solr/AbstractSolrSearchServiceExtensionHandler.java","1","0","1","13","75","119","2"
"hazelcast","23c8fa6ea06ea514d0009b6cb37f8af245bef892","hazelcast/src/main/java/com/hazelcast/cache/impl/CacheEventDataImpl.java","1","0","1","13","84","123","0"
"elasticsearch","871b38afcb373d128b8061ffe13ae740304da282","core/src/main/java/org/elasticsearch/action/percolate/PercolateShardRequest.java","1","0","1","13","91","135","1"
"junit","2de4d6f2bcf699b94614f9208f620f4c56bc9876","src/test/java/junit/tests/framework/SuiteTest.java","1","0","1","13","94","105","0"
"hazelcast","4ab995db3a55c7d4b5ca4d69101a50d3b19a88f8","hazelcast/src/test/java/com/hazelcast/internal/nearcache/NearCacheTestContextBuilder.java","1","0","1","13","96","141","1"
"hazelcast","5f401c5a7cd66c9419852d8bf95a871995d95c6e","hazelcast/src/test/java/com/hazelcast/internal/nearcache/NearCacheTestContextBuilder.java","1","0","1","14","103","150","0"
"hazelcast","85886cc40b679e4327d90850db9bbb8b49f3354e","hazelcast/src/test/java/com/hazelcast/jmx/MBeanTest.java","1","0","1","14","113","150","0"
"hazelcast","b4065ac09f36d579038066c89841b5e380ed00e8","hazelcast/src/test/java/com/hazelcast/internal/jmx/MBeanTest.java","1","0","1","14","113","150","0"
"hazelcast","db8c3a04469530ca57c39fcb9ca633f1ece72ba2","hazelcast/src/test/java/com/hazelcast/jmx/MBeanTest.java","1","0","1","14","113","150","1"
"antlr4","8af00801037d3b8933f29d0903daac3e9c05349e","runtime-testsuite/test/org/antlr/v4/test/runtime/descriptors/LexerErrorsDescriptors.java","1","0","1","14","117","252","0"
"antlr4","9519bfc36fcab155a4c37fbb32e5e83e02d58a6f","runtime-testsuite/test/org/antlr/v4/test/runtime/descriptors/LexerErrorsDescriptors.java","1","0","1","14","117","253","0"
"hazelcast","2c00a0e5532f5700ed1773b08f2e8ebae21181b2","hazelcast-wm/src/test/java/com/hazelcast/wm/test/WebFilterBasicTest.java","1","0","1","14","121","163","1"
"hazelcast","7e622f67a37899e60488221b0793fb3675a5dbb9","hazelcast-wm/src/test/java/com/hazelcast/wm/test/WebFilterBasicTest.java","1","0","1","14","121","163","1"
"hazelcast","ca85d886918dad06ed908696f3ebfbf2553097f0","hazelcast-wm/src/test/java/com/hazelcast/wm/test/WebFilterBasicTest.java","1","0","1","14","121","163","0"
"hazelcast","d568e4d926d925d57d4e79e34614390416749301","hazelcast/src/test/java/com/hazelcast/client/protocol/FlyweightTest.java","1","0","1","14","139","170","1"
"hazelcast","7425829d0c217bbb16de5a89d37cfb278474b47e","hazelcast/src/test/java/com/hazelcast/client/protocol/FlyweightTest.java","1","0","1","14","139","184","0"
"hazelcast","8be13173f139312e9bcbe1b1ff65269b165fce5d","hazelcast/src/test/java/com/hazelcast/client/protocol/FlyweightTest.java","1","0","1","14","140","185","1"
"hazelcast","6a96ff2593db59bc55c3783b4420a915caa1f77b","hazelcast/src/test/java/com/hazelcast/query/impl/QueryEntryTest.java","1","0","1","14","146","217","0"
"hazelcast","a1eb32e4a02240540cbb54539fc5e039954b3fd3","hazelcast/src/main/java/com/hazelcast/spi/EventService.java","1","0","1","14","18","54","2"
"hazelcast","e4a098c04e698118ff5f68b05e32bdc6d813e579","hazelcast/src/main/java/com/hazelcast/spi/EventService.java","1","0","1","14","18","54","2"
"hazelcast","7b68ab30ec0da7a4de5274fdc7af7aab81d58af4","hazelcast/src/main/java/com/hazelcast/spi/EventService.java","1","0","1","14","18","54","0"
"hazelcast","1c93e005e88f8bbcfd90c55156ebbe80e2c43a61","hazelcast/src/main/java/com/hazelcast/nio/BufferObjectDataOutput.java","1","0","1","14","19","55","0"
"hazelcast","0feff7c98ebd740030acc7f61ae2509933f7cf8e","hazelcast/src/main/java/com/hazelcast/nio/BufferObjectDataOutput.java","1","0","1","14","19","56","1"
"hazelcast","cf709cac522a7b877da0c3bf3e373b0089a55b46","hazelcast/src/main/java/com/hazelcast/concurrent/lock/LockStore.java","1","0","1","14","19","61","0"
"hazelcast","4129482de63bc974f46700caa8d99e0aa8b07e5f","hazelcast-spring/src/test/java/com/hazelcast/spring/context/TestJCache.java","1","0","1","14","218","292","1"
"hazelcast","f963f01955d48c55538ee86b08004a22232a050b","hazelcast/src/main/java/com/hazelcast/client/ClientEngine.java","1","0","1","14","27","64","0"
"elasticsearch","b03f3fcd6c504bfc8a5054a3e81c88930f38b5cd","src/test/java/org/elasticsearch/test/unit/cluster/metadata/MappingMetaDataParserTests.java","1","0","1","14","276","321","1"
"orientdb","4599eb81e76d5f219c74e02da5d947a5af739b20","lucene/src/main/java/com/orientechnologies/lucene/engine/OLuceneIndexEngine.java","1","0","1","14","30","71","0"
"orientdb","0eb80136fffe939d2d2815c850a04c1b7a957289","core/src/test/java/com/orientechnologies/orient/core/sql/OCommandExecutorSQLUpdateTest.java","1","0","1","14","301","408","2"
"orientdb","16749f800c390d701c2d41057f197ec262717cf2","graphdb/src/test/java/com/orientechnologies/orient/graph/sql/functions/OSQLFunctionAstarTest.java","1","0","1","14","342","402","1"
"BroadleafCommerce","a93b02213fc0e0d30021ca130b6bce5f8aa1e184","admin/broadleaf-open-admin-platform/src/main/java/org/broadleafcommerce/openadmin/server/dao/FieldInfo.java","1","0","1","14","53","91","0"
"BroadleafCommerce","7467f1200927011c61223df68edb5cfddfc107e7","core/broadleaf-framework/src/main/java/org/broadleafcommerce/core/search/domain/SearchCriteria.java","1","0","1","14","59","116","0"
"orientdb","ea1339b2d74756f4efec13f3bb59c93a0a409b47","core/src/main/java/com/orientechnologies/orient/core/metadata/sequence/OSequenceLibraryProxy.java","1","0","1","14","63","104","0"
"hazelcast","f963f01955d48c55538ee86b08004a22232a050b","hazelcast-client/src/main/java/com/hazelcast/client/txn/proxy/ClientTxnMapProxy.java","1","0","1","14","65","103","0"
"hazelcast","cdc9b78260740d11f4a477658abb7b680c47f851","hazelcast/src/main/java/com/hazelcast/config/ServiceConfig.java","1","0","1","14","65","108","2"
"elasticsearch","e1efd5f6baf8dec1c23c79b346b8a29f234a98bb","core/src/main/java/org/elasticsearch/action/admin/indices/cache/clear/ClearIndicesCacheRequest.java","1","0","1","14","70","112","0"
"hazelcast","d568e4d926d925d57d4e79e34614390416749301","ClientQueryCacheContext.java","1","0","1","14","88","116","0"
"antlr4","7c35979c2e69220b44f7459f3cb19f51435e7b74","runtime-testsuite/test/org/antlr/v4/test/runtime/descriptors/SemPredEvalLexerDescriptors.java","1","0","1","14","97","273","0"
"hazelcast","a6c468a7f024f7cc545b0084352b0770243fef43","hazelcast-wm/src/test/java/com/hazelcast/wm/test/WebFilterBasicTest.java","1","0","1","15","127","170","0"
"orientdb","0ec3add02530abf5aa928a7441cad6b3df8ea710","core/src/test/java/com/orientechnologies/orient/core/storage/impl/local/paginated/wal/OWALPageChangesPortionTest.java","1","0","1","15","156","234","1"
"elasticsearch","9080f51340b1b26f8bd171b4c82de8d87ad42b55","core/src/test/java/org/elasticsearch/search/aggregations/bucket/ShardReduceIT.java","1","0","1","15","221","297","1"
"elasticsearch","d84c643f5880a88d2e5c38b487123161f3e01fe0","core/src/test/java/org/elasticsearch/search/aggregations/bucket/ShardReduceIT.java","1","0","1","15","222","298","0"
"elasticsearch","5f24581de31ddcfb1228f93261b78e48515e25b0","modules/lang-groovy/src/test/java/org/elasticsearch/messy/tests/MaxTests.java","1","0","1","15","225","296","1"
"hazelcast","0ec7a854c3a503467512e9ee38504818732066e5","hazelcast-spring/src/test/java/com/hazelcast/spring/context/TestJCache.java","1","0","1","15","227","303","0"
"orientdb","49a91931a74e848e49cfd09f1895a76917b25392","core/src/test/java/com/orientechnologies/orient/core/record/impl/ODocumentTest.java","1","0","1","15","289","359","2"
"hazelcast","3f7fe149b46863191307baa8ab504a6eaf77b0cc","hazelcast/src/main/java/com/hazelcast/client/ClientEngine.java","1","0","1","15","29","67","0"
"elasticsearch","bfedd11ffa4c48be0afd91793f491b0a8ff0ef8d","src/test/java/org/elasticsearch/index/mapper/timestamp/TimestampMappingTests.java","1","0","1","15","305","394","4"
"orientdb","f086af50b7056c04b2434b4f658e485649f6c8c4","core/src/test/java/com/orientechnologies/orient/core/sql/OCommandExecutorSQLUpdateTest.java","1","0","1","15","317","425","1"
"orientdb","9c6d3367e8791f056c3b2deb588dac164516b846","core/src/test/java/com/orientechnologies/orient/core/sql/OCommandExecutorSQLUpdateTest.java","1","0","1","15","318","423","2"
"hazelcast","485f426abc042144ebf9fd213e724556ad967191","hazelcast/src/main/java/com/hazelcast/spi/ExecutionService.java","1","0","1","15","34","109","1"
"neo4j","036e0742c9800ed47922595c97274b360cfbc9ef","enterprise/security/src/test/java/org/neo4j/server/security/enterprise/auth/NeoInteractionLevel.java","1","0","1","15","37","77","1"
"hazelcast","2df063d441d3830ee797541830899e3248a8590e","hazelcast/src/main/java/com/hazelcast/config/ServiceConfig.java","1","0","1","15","69","113","0"
"hazelcast","b1556cb737bd13095ea68036af59c6a61c350931","hazelcast/src/main/java/com/hazelcast/config/ServiceConfig.java","1","0","1","15","69","113","0"
"hazelcast","1c52b3168b2cb32e5b01cf28812512ae01cf5b94","hazelcast/src/main/java/com/hazelcast/config/ServiceConfig.java","1","0","1","15","69","113","1"
"hazelcast","3f7fe149b46863191307baa8ab504a6eaf77b0cc","hazelcast-client/src/main/java/com/hazelcast/client/txn/proxy/ClientTxnMapProxy.java","1","0","1","15","70","109","0"
"BroadleafCommerce","71ed100532a1cdcca0779a75bab5b442a72b15e9","integration/src/test/java/org/broadleafcommerce/core/payment/service/NullPaymentGatewayConfigurationServiceImpl.java","1","0","1","15","71","115","0"
"BroadleafCommerce","67ffb9c79534286cb9b05a3c32b2eefb3a336600","common/src/main/java/org/broadleafcommerce/common/sandbox/DefaultSandBoxHelper.java","1","0","1","15","72","115","1"
"BroadleafCommerce","a2f2dc1c34ba2468a606704c07bde5e5256efe02","common/src/main/java/org/broadleafcommerce/common/sandbox/DefaultSandBoxHelper.java","1","0","1","15","72","115","2"
"BroadleafCommerce","a600ac52945a7ee2f172cbdfdf466a6e37d63fc2","common/src/main/java/org/broadleafcommerce/common/sandbox/DefaultSandBoxHelper.java","1","0","1","15","72","115","0"
"netty","ead87b7df8d923417475ead2d7680747b1a72f07","codec-http2/src/main/java/io/netty/handler/codec/http2/DecoratingHttp2FrameWriter.java","1","0","1","15","81","117","1"
"netty","2fd42cfc6b32dacb812c6f2ecef8522cd94718d4","codec-http2/src/main/java/io/netty/handler/codec/http2/DecoratingHttp2FrameWriter.java","1","0","1","15","82","118","0"
"BroadleafCommerce","6e4b41b9159d93a644c6ca86ffba2319ef1733a5","core/broadleaf-framework/src/main/java/org/broadleafcommerce/core/checkout/service/gateway/PassthroughPaymentConfigurationServiceImpl.java","1","0","1","15","86","131","0"
"orientdb","32ed7a93a862e2a303d612918db8a340c88dbcc1","core/src/test/java/com/orientechnologies/orient/core/storage/impl/local/paginated/wal/OWALPageChangesPortionTest.java","1","0","1","16","169","252","0"
"orientdb","c902353d86924562826c9114fd6a1242a65ada6d","core/src/test/java/com/orientechnologies/orient/core/storage/impl/local/paginated/wal/OWALPageV2ChangesPortionTest.java","1","0","1","16","184","281","0"
"orientdb","daa89846a07faf0215b5d99ec4121ebd7395c41e","core/src/main/java/com/orientechnologies/common/directmemory/ODirectMemoryPointer.java","1","0","1","16","19","40","0"
"orientdb","49646436cee4497bc6b13ed638598cac2c4ae6e6","core/src/main/java/com/orientechnologies/orient/core/storage/cache/OReadCache.java","1","0","1","16","20","95","0"
"elasticsearch","5f24581de31ddcfb1228f93261b78e48515e25b0","modules/lang-groovy/src/test/java/org/elasticsearch/messy/tests/MinTests.java","1","0","1","16","231","308","1"
"orientdb","3b9707f32f04686e5bcd706b2b0217f95d22804c","core/src/test/java/com/orientechnologies/orient/core/record/impl/ODocumentTest.java","1","0","1","16","294","365","1"
"elasticsearch","85eb0ea0e718fd9757d1bafa18f8767b1924f00c","src/test/java/org/elasticsearch/index/mapper/timestamp/TimestampMappingTests.java","1","0","1","16","316","409","3"
"neo4j","b070962e9b00726d50df951106225fa252b7efeb","enterprise/security/src/test/java/org/neo4j/server/security/enterprise/auth/NeoInteractionLevel.java","1","0","1","16","36","77","0"
"BroadleafCommerce","4b899b0b30679392365b1286b26fd502eee6594c","admin/broadleaf-open-admin-platform/src/main/java/org/broadleafcommerce/openadmin/dto/DynamicResultSet.java","1","0","1","16","61","105","1"
"orientdb","39a8884d03c0bc49b8ecf655a22fe80646afa1e6","spatial/src/main/java/com/orientechnologies/spatial/OLuceneMockSpatialSerializer.java","1","0","1","16","71","118","0"
"BroadleafCommerce","6e4b41b9159d93a644c6ca86ffba2319ef1733a5","core/broadleaf-framework/src/main/java/org/broadleafcommerce/core/checkout/service/gateway/PassthroughPaymentConfigurationImpl.java","1","0","1","16","73","118","0"
"hazelcast","dcdf838c95407da279237d92588a7a4f691c6fce","hazelcast/src/main/java/com/hazelcast/config/NearCacheConfig.java","1","0","1","16","82","124","1"
"elasticsearch","7e53123f1f5539b2466bb9e3666114cb5a613441","core/src/main/java/org/elasticsearch/index/IndexServicesProvider.java","1","0","1","16","96","139","2"
"elasticsearch","4fea56ceadbbd042774a89dbdf94c16a4a33df4c","core/src/main/java/org/elasticsearch/index/IndexServicesProvider.java","1","0","1","16","98","141","0"
"elasticsearch","75cedca0dab933bb6d1679fbddea2d09122d13c9","core/src/main/java/org/elasticsearch/index/IndexServicesProvider.java","1","0","1","16","98","142","1"
"BroadleafCommerce","34682289a3be1f350cf132998f1a4315a3c62b91","admin/broadleaf-open-admin-platform/src/main/java/org/broadleafcommerce/openadmin/dto/override/FieldMetadataOverride.java","1","0","1","166","593","800","2"
"BroadleafCommerce","90907102eb902a0de48b8bd33d8688620c3c265d","admin/broadleaf-open-admin-platform/src/main/java/org/broadleafcommerce/openadmin/dto/override/FieldMetadataOverride.java","1","0","1","166","593","800","1"
"BroadleafCommerce","7dccc8c69dbdb0edb83f85e6c1f8b819e420a815","admin/broadleaf-open-admin-platform/src/main/java/org/broadleafcommerce/openadmin/dto/override/FieldMetadataOverride.java","1","0","1","166","593","800","0"
"BroadleafCommerce","86c7c1f49cf8d819bf62c336775b16aeea5d2070","admin/broadleaf-open-admin-platform/src/main/java/org/broadleafcommerce/openadmin/dto/override/FieldMetadataOverride.java","1","0","1","168","600","809","3"
"neo4j","8c6ea9c74583500328fd0a9ad3469cc3a41b563f","community/kernel/src/main/java/org/neo4j/unsafe/impl/batchimport/store/BatchingRecordAccess.java","1","0","1","17","113","160","1"
"hazelcast","33e26506f4466fba25eefee59df80b654a60af62","hazelcast-wm/src/test/java/com/hazelcast/wm/test/WebFilterBasicTest.java","1","0","1","17","151","197","2"
"orientdb","21782c5e1ceb5c660085703fd6a4779105d85c60","core/src/test/java/com/orientechnologies/orient/core/record/impl/ODocumentTest.java","1","0","1","17","308","381","0"
"BroadleafCommerce","1e8b29ba6d27d72811406cce7db53ed3fa903475","core/broadleaf-framework-web/src/main/java/org/broadleafcommerce/core/web/checkout/model/ShippingInfoForm.java","1","0","1","17","72","118","0"
"BroadleafCommerce","e216da5ebb303680f5c60ffcd75979f5876ab5a6","admin/broadleaf-open-admin-platform/src/main/java/org/broadleafcommerce/openadmin/server/service/persistence/module/FetchExtractionRequest.java","1","0","1","17","78","124","0"
"BroadleafCommerce","9a2399ccabc71c63572c786cacfa9d17404bf0db","common/src/main/java/org/broadleafcommerce/common/sandbox/DefaultSandBoxHelper.java","1","0","1","17","80","125","0"
"BroadleafCommerce","e949b136c500559ba4612d339d5abac7febc5819","common/src/main/java/org/broadleafcommerce/common/sandbox/DefaultSandBoxHelper.java","1","0","1","17","80","125","0"
"BroadleafCommerce","65e73bebcc311646d9d62110b258a16f37da5ac4","common/src/main/java/org/broadleafcommerce/common/sandbox/DefaultSandBoxHelper.java","1","0","1","17","80","125","1"
"elasticsearch","d3e10f911154d5eea93da15fd75b78c861053348","src/main/java/org/elasticsearch/action/admin/cluster/state/ClusterStateRequest.java","1","0","1","17","98","142","1"
"BroadleafCommerce","a93b02213fc0e0d30021ca130b6bce5f8aa1e184","admin/broadleaf-open-admin-platform/src/main/java/org/broadleafcommerce/openadmin/dto/override/FieldMetadataOverride.java","1","0","1","170","607","820","3"
"elasticsearch","eeb96db76b42d5a258af51b4a3861d6a09128a79","src/main/java/org/elasticsearch/action/admin/cluster/state/ClusterStateRequest.java","1","0","1","18","105","150","0"
"neo4j","aac20ad73b1ea3e5d85a1071229273904086dd7c","community/kernel/src/main/java/org/neo4j/unsafe/impl/batchimport/store/BatchingRecordAccess.java","1","0","1","18","118","166","0"
"netty","2adebc4c54ae98565db8e2a3c02b2ffaa0c101fe","buffer/src/test/java/io/netty/buffer/ReadOnlyChannelBufferTest.java","1","0","1","18","129","178","1"
"netty","ccd43e0cdafc2048e4b56123123839fd162b45ea","buffer/src/test/java/io/netty/buffer/ReadOnlyByteBufTest.java","1","0","1","18","129","178","1"
"netty","81e2db10faaf0389f4e1af8c7132210946203157","buffer/src/test/java/io/netty/buffer/ReadOnlyChannelBufferTest.java","1","0","1","18","129","178","0"
"hazelcast","772b5217030e0fb94bf07a00d9b5e7b275a82030","hazelcast/src/test/java/com/hazelcast/query/impl/extractor/predicates/CollectionAllPredicatesReflectionTest.java","1","0","1","18","135","179","0"
"hazelcast","21586825d367940e1c79cf289e97310daab1200d","hazelcast/src/test/java/com/hazelcast/query/impl/extractor/predicates/CollectionAllPredicatesReflectionTest.java","1","0","1","18","135","180","1"
"antlr4","94bb7c0af3d910a0c63abc5df0efc52ebcaddfe3","tool/test/org/antlr/v4/test/tool/TestParserInterpreter.java","1","0","1","18","284","363","0"
"orientdb","2abe14e644bb5c821e29076a7879b51917cf9ac1","core/src/test/java/com/orientechnologies/orient/core/sql/OCommandExecutorSQLUpdateTest.java","1","0","1","18","393","506","1"
"BroadleafCommerce","aacde9edcbeff636f03326493a9d244ce547d0f8","admin/broadleaf-open-admin-platform/src/main/java/org/broadleafcommerce/openadmin/server/security/service/EntityFormModifierRequest.java","1","0","1","18","73","121","0"
"BroadleafCommerce","67f5c78efc8881497214b2c0782b0426f7179c5f","core/broadleaf-framework-web/src/main/java/org/broadleafcommerce/core/web/checkout/model/ShippingInfoForm.java","1","0","1","18","76","123","0"
"hazelcast","ecaaec40f356936a3252c08a2bf6f4180fd3c81b","hazelcast/src/main/java/com/hazelcast/config/NearCacheConfig.java","1","0","1","18","89","134","0"
"BroadleafCommerce","300afb753f1ee1d8f081ebbf9cbd93cb57c22816","core/broadleaf-framework/src/main/java/org/broadleafcommerce/core/search/service/solr/AbstractSolrSearchServiceExtensionHandler.java","1","0","1","18","95","144","0"
"BroadleafCommerce","dbd58b9d1efd79a6183c776a8532b06177e8d529","admin/broadleaf-open-admin-platform/src/main/java/org/broadleafcommerce/openadmin/dto/override/FieldMetadataOverride.java","1","0","1","180","643","871","2"
"elasticsearch","3120457bfefdca48744ea6a385bc80e573316e21","src/main/java/org/elasticsearch/action/admin/cluster/state/ClusterStateRequest.java","1","0","1","19","102","154","0"
"MapDB","47c4f06186a05fdc9c66523857e7c54a87719ff5","src/test/java/org/mapdb/LoggerVolume.java","1","0","1","19","124","164","1"
"netty","6fd8bb8c630d3e43e35fd34f6277a1a4dd0daca9","buffer/src/test/java/io/netty/buffer/SlicedByteBufTest.java","1","0","1","19","136","188","1"
"orientdb","a02aa717dda74ce1fd4b6b86aa45ff12173a593c","core/src/test/java/com/orientechnologies/orient/core/sql/functions/math/OSQLFunctionAbsoluteValueTest.java","1","0","1","19","141","171","0"
"orientdb","86de351093103a7e8feb6d7c0aed89cf4abf9535","core/src/test/java/com/orientechnologies/orient/core/sql/functions/math/OSQLFunctionAbsoluteValueTest.java","1","0","1","19","141","174","1"
"hazelcast","1957f30d5417b93beeb84dfd6492f1a40de6ce38","hazelcast/src/main/java/com/hazelcast/monitor/impl/LocalCacheStatsImpl.java","1","0","1","19","166","207","0"
"hazelcast","e24076765cbe995895a80338c089cb4f729ce11f","hazelcast/src/test/java/com/hazelcast/config/NearCacheConfigTest.java","1","0","1","19","172","233","0"
"netty","ba6ce5449ee852b782dde9a11933f6a09b123e22","codec/src/main/java/io/netty/handler/codec/ValueConverter.java","1","0","1","19","22","58","0"
"BroadleafCommerce","d7bab3e31cbb7e42102b67db7e0cede85d9a6351","admin/broadleaf-open-admin-platform/src/main/java/org/broadleafcommerce/openadmin/server/security/domain/AdminSection.java","1","0","1","19","24","67","0"
"orientdb","6cc86130d98bb0c7e2873a83598bc16922ddd998","core/src/test/java/com/orientechnologies/orient/core/sql/OCommandExecutorSQLUpdateTest.java","1","0","1","19","412","530","0"
"BroadleafCommerce","c5097fa914c5e97733a30f336d41017ef2498331","core/broadleaf-framework-web/src/main/java/org/broadleafcommerce/core/web/checkout/model/BillingInfoForm.java","1","0","1","19","74","133","1"
"mcMMO","e9dcb3100278ae2ccb92598f8e05ace2ebd903e2","src/main/java/com/gmail/nossr50/events/chat/McMMOAdminChatEvent.java","1","0","1","2","10","17","0"
"orientdb","ed1b562003c7509649a9ce9058f3e9bab4b49fb3","object/src/test/java/com/orientechnologies/orient/object/db/entity/LoopEntityLink.java","1","0","1","2","10","18","0"
"netty","5526153459104bff2812c952a947576114419dd8","transport/src/main/java/io/netty/channel/PartialFlushException.java","1","0","1","2","10","34","0"
"hazelcast","3ddd19fb47fe36a8e3af439fd0dcfbae1d851092","hazelcast/src/main/java/com/hazelcast/spi/exception/TargetDisconnectedException.java","1","0","1","2","10","35","1"
"hazelcast","eae5aabe2df5d86740f725387d4b9c32fb6d5495","hazelcast/src/main/java/com/hazelcast/instance/HazelcastInstanceFactory.java","1","0","1","2","10","35","3"
"hazelcast","eb27be82590b03ceea87f54d7438710a46c323f0","hazelcast/src/main/java/com/hazelcast/spi/exception/TargetDisconnectedException.java","1","0","1","2","10","35","0"
"orientdb","ce9a4c492cff603a97bc74458b062c03e2ecd087","core/src/main/java/com/orientechnologies/orient/core/exception/OTooBigIndexKeyException.java","1","0","1","2","10","36","0"
"elasticsearch","bfdf8fe5905553e0b60046c2973d3829947a979c","src/main/java/org/elasticsearch/indices/recovery/DelayRecoveryException.java","1","0","1","2","10","39","0"
"BroadleafCommerce","0190a586f4251434b68ccee241c52de0d1cbc386","common/src/main/java/org/broadleafcommerce/common/file/domain/FileWorkArea.java","1","0","1","2","10","43","0"
"hazelcast","707932eed4859d26c9c896f844d9433f2795b290","hazelcast/src/main/java/com/hazelcast/replicatedmap/impl/operation/ReplicatedMapDataSerializerHook.java","1","0","1","2","100","131","0"
"elasticsearch","03c9eaf81279a33b756a97cbf7fa18e676dda989","src/test/java/org/elasticsearch/test/unit/common/xcontent/support/XContentMapValuesTests.java","1","0","1","2","102","153","0"
"hazelcast","628a219cc0428ad068cb76a43b781c7773d85db9","hazelcast/src/main/java/com/hazelcast/map/MapDataSerializerHook.java","1","0","1","2","104","133","0"
"junit","61f06547599bb6b98bca99d5bc457eb20bc17cab","src/main/java/junit/runner/Version.java","1","0","1","2","11","19","0"
"orientdb","a85d865d9660a9b26ae5681675cfb9e6806d5bcf","core/src/main/java/com/orientechnologies/orient/core/exception/OLoadCacheStateException.java","1","0","1","2","11","20","0"
"hazelcast","102cc4ef8d2e7bf4eca5451494ef6bf09deb6e43","hazelcast-client/src/main/java/com/hazelcast/client/proxy/ClientSetProxy.java","1","0","1","2","11","36","0"
"hazelcast","337ada6c765ca1ff34f8d059805cbeb9b1999053","hazelcast-client/src/main/java/com/hazelcast/client/proxy/ClientSetProxy.java","1","0","1","2","11","36","0"
"hazelcast","5aa58b497cf248596c24b6e8ce3e05c35a87d498","hazelcast/src/main/java/com/hazelcast/cluster/impl/operations/TriggerMemberListPublishOperation.java","1","0","1","2","11","36","0"
"hazelcast","99fae76bc99e0074096750e1ee87859299d4cd8f","hazelcast/src/main/java/com/hazelcast/internal/partition/PartitionStateVersionMismatchException.java","1","0","1","2","11","36","0"
"hazelcast","ed4f4d10e194b049930f677d61d7c08a2bfa15ad","hazelcast-client/src/main/java/com/hazelcast/client/proxy/ClientSetProxy.java","1","0","1","2","11","36","0"
"hazelcast","13ee2009ce877b5f5755244f773c9b4aa6925c1d","hazelcast-client/src/main/java/com/hazelcast/client/proxy/ClientSetProxy.java","1","0","1","2","11","36","2"
"hazelcast","266c960676148cebbcff3686bb31923253a1380f","hazelcast/src/main/java/com/hazelcast/cluster/impl/operations/TriggerMemberListPublishOperation.java","1","0","1","2","11","36","1"
"hazelcast","9edbd691f39c17c7f27c61d98fecac0690969b47","hazelcast-client/src/main/java/com/hazelcast/client/proxy/ClientSetProxy.java","1","0","1","2","11","36","1"
"hazelcast","cfb0b95ecb4fbce016be038f5e9f7c8e0fe9eb8e","hazelcast-client/src/main/java/com/hazelcast/client/proxy/ClientSetProxy.java","1","0","1","2","11","36","1"
"elasticsearch","60bddc28ebd690446c88a454cc24de984fdf0fc5","src/main/java/org/elasticsearch/action/NoShardAvailableActionException.java","1","0","1","2","11","38","0"
"elasticsearch","46088b9f8acc057414ba222809b1b6bc3e1a435e","modules/elasticsearch/src/main/java/org/elasticsearch/search/facet/histogram/InternalHistogramFacet.java","1","0","1","2","11","39","0"
"hazelcast","78ae1a75208f6777bfb81fd68b2d62b446f83759","hazelcast-hibernate/hazelcast-hibernate3/src/main/java/com/hazelcast/hibernate/serialization/MarkerWrapper.java","1","0","1","2","11","40","0"
"hazelcast","ab6a19bb0b49334b5406027ff9a4a5ec8387dde0","hazelcast-client/src/main/java/com/hazelcast/client/HazelcastClientFactory.java","1","0","1","2","11","41","0"
"hazelcast","ffe9301db5174bd688cf5f986f7078484fa6cef7","hazelcast/src/main/java/com/hazelcast/map/MapDataSerializerHook.java","1","0","1","2","111","140","0"
"hazelcast","ecaaec40f356936a3252c08a2bf6f4180fd3c81b","hazelcast-spring/src/test/java/com/hazelcast/spring/DummyGlobalSerializationFactory.java","1","0","1","2","12","19","0"
"orientdb","fe51dbda6cb54f9efee0a940f3c93cd5db560dfc","core/src/main/java/com/orientechnologies/common/profiler/AtomicLongOProfilerHookValue.java","1","0","1","2","12","20","0"
"hazelcast","5f67a2f5aec6273dafe74c18689c8d1e8a2ed422","hazelcast-spring/src/test/java/com/hazelcast/spring/DummyGlobalSerializationFactory.java","1","0","1","2","12","35","0"
"netty","9594a81b958cb22bc51d9e766477faa12e7a2d0d","buffer/src/test/java/io/netty/buffer/BigEndianCompositeByteBufTest.java","1","0","1","2","12","36","0"
"elasticsearch","5fd96d9371f68645ac6ec2ec17c0faeaa21610a8","src/main/java/org/elasticsearch/action/TimestampParsingException.java","1","0","1","2","12","38","1"
"elasticsearch","fa16969360ea43667ad11f827bbf86718c18fcc6","src/main/java/org/elasticsearch/action/TimestampParsingException.java","1","0","1","2","12","38","1"
"elasticsearch","10ec2e948a2f1426a5058ca3b2c2e39952f141d8","src/main/java/org/elasticsearch/action/TimestampParsingException.java","1","0","1","2","12","38","0"
"hazelcast","601a67715c677e36907648eeb31b52993381146d","hazelcast/src/main/java/com/hazelcast/internal/nearcache/impl/record/NearCacheObjectRecord.java","1","0","1","2","12","39","0"
"elasticsearch","761ef5d9f1ff35c0092295701f8a7dfe7ce8658f","src/main/java/org/elasticsearch/script/groovy/GroovyScriptExecutionException.java","1","0","1","2","12","39","0"
"elasticsearch","761ef5d9f1ff35c0092295701f8a7dfe7ce8658f","src/main/java/org/elasticsearch/script/groovy/GroovyScriptCompilationException.java","1","0","1","2","12","39","0"
"elasticsearch","f23274523a4d957156fa48923cbf651bdeb2813f","src/main/java/org/elasticsearch/action/bench/BenchmarkMissingException.java","1","0","1","2","12","39","0"
"elasticsearch","f23274523a4d957156fa48923cbf651bdeb2813f","src/main/java/org/elasticsearch/action/bench/BenchmarkNodeMissingException.java","1","0","1","2","12","39","0"
"hazelcast","0a00c1a6ac6c6b71c59b23615ab208abcbca6fe5","hazelcast/src/main/java/com/hazelcast/internal/nearcache/impl/record/NearCacheObjectRecord.java","1","0","1","2","12","39","1"
"elasticsearch","1557c34f2cafa3233b085f814d0e445b083a9644","src/main/java/org/elasticsearch/indices/recovery/RecoveryFailedException.java","1","0","1","2","12","39","1"
"elasticsearch","f208aaa47c277d323d52b79241cfb8eef64b5e90","core/src/main/java/org/elasticsearch/index/engine/ForceMergeFailedEngineException.java","1","0","1","2","12","39","1"
"elasticsearch","f739abe89e89e999225b6e478ba530c344e8e946","src/main/java/org/elasticsearch/action/bench/BenchmarkNodeMissingException.java","1","0","1","2","12","39","1"
"BroadleafCommerce","69210a32ed73de6f9cc002c897cc8c24c840fb1b","core/broadleaf-framework-web/src/main/java/org/broadleafcommerce/core/web/order/security/extension/AuthSuccessHandlerExtensionManager.java","1","0","1","2","12","40","1"
"hazelcast","e2eb9f5b67de0a3ebc3a8f8378dfa6fe81f0b662","hazelcast-client/src/main/java/com/hazelcast/client/HazelcastClientFactory.java","1","0","1","2","12","40","1"
"elasticsearch","fa16969360ea43667ad11f827bbf86718c18fcc6","src/main/java/org/elasticsearch/action/FailedNodeException.java","1","0","1","2","12","40","1"
"elasticsearch","fad5e2d0e10e6c0ffb03a18bc38019e35bf05c6c","src/main/java/org/elasticsearch/search/SearchContextMissingException.java","1","0","1","2","12","40","1"
"elasticsearch","10ec2e948a2f1426a5058ca3b2c2e39952f141d8","src/main/java/org/elasticsearch/action/FailedNodeException.java","1","0","1","2","12","40","0"
"BroadleafCommerce","676238e7589522cdbc3b931aa89be906b5f3949e","common/src/main/java/org/broadleafcommerce/common/extensibility/jpa/AutoDDLCreateStatusTestBeanImpl.java","1","0","1","2","12","42","0"
"BroadleafCommerce","f2e2ca5db03d4386f59c5fd129fe65acae3d90dd","core/broadleaf-framework-web/src/main/java/org/broadleafcommerce/core/web/order/security/extension/AuthSuccessHandlerExtensionManager.java","1","0","1","2","12","43","0"
"BroadleafCommerce","9a2399ccabc71c63572c786cacfa9d17404bf0db","integration/src/test/java/org/broadleafcommerce/test/config/NoOpMockitoPostProcessor.java","1","0","1","2","12","50","0"
"elasticsearch","5a64f08f048461a63a0ca1354a5050c954e63d52","core/src/main/java/org/elasticsearch/common/settings/IndexScopedSettings.java","1","0","1","2","122","156","0"
"elasticsearch","3f18487afa4156c8418922256ed5583dfeafb716","core/src/test/java/org/elasticsearch/index/mapper/multifield/merge/JavaMultiFieldMergeTests.java","1","0","1","2","124","192","2"
"elasticsearch","b29c416b7c6d6a65433d950397e0ba7c0abd3b87","core/src/test/java/org/elasticsearch/action/update/UpdateRequestTests.java","1","0","1","2","126","170","2"
"hazelcast","565257f977407eb3a0199d082860209c2958f5f9","hazelcast/src/main/java/com/hazelcast/util/collection/Hashing.java","1","0","1","2","13","37","1"
"hazelcast","564167c1f93b32ce742411106e9ae67eae88a801","hazelcast/src/main/java/com/hazelcast/util/collection/Hashing.java","1","0","1","2","13","38","0"
"hazelcast","601a67715c677e36907648eeb31b52993381146d","hazelcast/src/main/java/com/hazelcast/internal/nearcache/impl/record/NearCacheDataRecord.java","1","0","1","2","13","38","0"
"hazelcast","6d77f28753a0b37e9d55b755959fd9ef7a61b21b","hazelcast/src/test/java/com/hazelcast/test/TestEnvironment.java","1","0","1","2","13","38","0"
"hazelcast","0a00c1a6ac6c6b71c59b23615ab208abcbca6fe5","hazelcast/src/main/java/com/hazelcast/internal/nearcache/impl/record/NearCacheDataRecord.java","1","0","1","2","13","38","1"
"orientdb","a2eaf6636bb600c7e6d311b0bb7d112bbaafb4a0","etl/src/main/java/com/orientechnologies/orient/etl/OETLAbstractPipelineComponent.java","1","0","1","2","13","39","0"
"elasticsearch","13a347239a48d71486692a72c066e940dec8921b","plugins/cloud-gce/src/main/java/org/elasticsearch/cloud/gce/GceComputeService.java","1","0","1","2","13","40","2"
"elasticsearch","6b8123d7265158c62e4be7aaa20d7b70e3703c10","src/main/java/org/elasticsearch/indices/IndexPrimaryShardNotAllocatedException.java","1","0","1","2","13","41","0"
"orientdb","028818e249414663886f3d3fc4020356983fd776","core/src/main/java/com/orientechnologies/orient/core/index/OIndexTxAwareDictionary.java","1","0","1","2","13","42","0"
"orientdb","1e118bb70cd79f6c0a9146563e487a477ec555e0","core/src/main/java/com/orientechnologies/orient/core/index/OIndexTxAwareDictionary.java","1","0","1","2","13","43","1"
"BroadleafCommerce","a943eeae9ff5398e1779755ad265d6e1eb0e094c","common/src/main/java/org/broadleafcommerce/common/web/payment/processor/TRCreditCardExtensionManager.java","1","0","1","2","13","56","0"
"BroadleafCommerce","a943eeae9ff5398e1779755ad265d6e1eb0e094c","common/src/main/java/org/broadleafcommerce/common/web/payment/expression/PaymentGatewayFieldExtensionManager.java","1","0","1","2","13","57","0"
"elasticsearch","5eeac2fdf6c108e2f9b6305b6577a77e5290ad9e","src/main/java/org/elasticsearch/http/netty/pipelining/OrderedUpstreamMessageEvent.java","1","0","1","2","14","26","0"
"hazelcast","dcdf838c95407da279237d92588a7a4f691c6fce","hazelcast-client/src/main/java/com/hazelcast/client/config/ProxyFactoryConfig.java","1","0","1","2","14","40","1"
"BroadleafCommerce","035a68d4f608f9164602b462a176ff3c63ca4e8b","core/broadleaf-framework/src/main/java/org/broadleafcommerce/core/order/dao/AbstractOrderDaoExtensionHandler.java","1","0","1","2","14","41","0"
"elasticsearch","25fd9e26c4fb042d6f6dea14efcd239577bdbbc4","core/src/main/java/org/elasticsearch/action/admin/cluster/node/tasks/cancel/CancelTasksResponse.java","1","0","1","2","14","42","0"
"BroadleafCommerce","cd4dba4517e56b14042e5ed1567e933ca3904efd","core/broadleaf-framework/src/main/java/org/broadleafcommerce/core/order/service/workflow/RemoveWorkflowPriceOrderIfNecessaryActivity.java","1","0","1","2","14","45","0"
"neo4j","fd58f78ee7e63b03b71e392f12c42f3b13d95a47","community/kernel/src/main/java/org/neo4j/helpers/PortBindException.java","1","0","1","2","15","42","0"
"elasticsearch","bbf42d379dc5fac7cddf768b244aa1649efdb10d","plugins/cloud-gce/src/main/java/org/elasticsearch/cloud/gce/GceComputeService.java","1","0","1","2","15","42","0"
"elasticsearch","40f119d85a4eaa39d0a6e594e46f70de725557f0","plugins/cloud-gce/src/main/java/org/elasticsearch/cloud/gce/GceComputeService.java","1","0","1","2","15","42","1"
"elasticsearch","19cce0b32917a6034ab50b2e33111f37de418139","src/main/java/org/elasticsearch/common/util/concurrent/EsAbortPolicy.java","1","0","1","2","15","43","1"
"elasticsearch","fa16969360ea43667ad11f827bbf86718c18fcc6","src/main/java/org/elasticsearch/action/ActionResponse.java","1","0","1","2","15","43","1"
"elasticsearch","10ec2e948a2f1426a5058ca3b2c2e39952f141d8","src/main/java/org/elasticsearch/action/ActionResponse.java","1","0","1","2","15","43","0"
"elasticsearch","8eab5ec5286475b5c0602d8c230947c781db6596","modules/elasticsearch/src/main/java/org/elasticsearch/cluster/routing/allocation/FailedRerouteAllocation.java","1","0","1","2","15","44","0"
"elasticsearch","13b9e07522a6cc96f7318fdc21c8a77b4f7d9b55","src/main/java/org/elasticsearch/index/fielddata/AbstractRandomAccessOrds.java","1","0","1","2","15","45","1"
"orientdb","70114304cd5cdd3cda321a1cd562d69781ba1397","core/src/main/java/com/orientechnologies/orient/core/record/impl/OEdgeToVertexIterable.java","1","0","1","2","16","25","1"
"BroadleafCommerce","9ec69e93fc7dd021d7b46854fae9cba2851b3f6e","common/src/main/java/org/broadleafcommerce/common/util/dao/TQJoin.java","1","0","1","2","16","37","0"
"elasticsearch","58e68db1488f969755efc70269bfa5100e52b9c0","src/main/java/org/elasticsearch/index/analysis/NumericDoubleTokenizer.java","1","0","1","2","16","44","1"
"elasticsearch","58e68db1488f969755efc70269bfa5100e52b9c0","src/main/java/org/elasticsearch/index/analysis/NumericLongTokenizer.java","1","0","1","2","16","44","1"
"elasticsearch","58e68db1488f969755efc70269bfa5100e52b9c0","src/main/java/org/elasticsearch/index/analysis/NumericFloatTokenizer.java","1","0","1","2","16","44","1"
"elasticsearch","e1efd5f6baf8dec1c23c79b346b8a29f234a98bb","core/src/main/java/org/elasticsearch/repositories/uri/URLIndexShardRepository.java","1","0","1","2","16","44","0"
"BroadleafCommerce","13e34973fd48a87bca6221ef78eea0a98d3ef324","common/src/test/java/org/broadleafcommerce/test/common/context/autoconfig/scan/AfterAutoConfiguration.java","1","0","1","2","16","46","0"
"elasticsearch","2bd09c4625898d77aa6c015c6f82cf973ed18cb7","core/src/main/java/org/elasticsearch/index/analysis/compound/DictionaryCompoundWordTokenFilterFactory.java","1","0","1","2","16","46","0"
"elasticsearch","3d13c27fa0df12018f35f1b20987c90277e9b6f9","core/src/main/java/org/elasticsearch/index/analysis/compound/DictionaryCompoundWordTokenFilterFactory.java","1","0","1","2","16","46","1"
"BroadleafCommerce","e216da5ebb303680f5c60ffcd75979f5876ab5a6","common/src/main/java/org/broadleafcommerce/common/persistence/transaction/LifecycleAwareJDBCServicesInitiator.java","1","0","1","2","16","48","0"
"hazelcast","d38202141395360399c9cf97d4453adf5b1581e1","hazelcast-client-new/src/test/java/com/hazelcast/client/cache/jsr/JsrClientTestUtil.java","1","0","1","2","17","25","1"
"titan","a1e70246868f0fc9e3e6e1bd454f2b0b13170c3b","src/main/java/com/thinkaurelius/titan/graphdb/types/DisableDefaultTypeMaker.java","1","0","1","2","17","28","1"
"orientdb","b27bb99f64f5a211acd2f1639a5895ce09a1b883","distributed/src/test/java/com/orientechnologies/orient/server/distributed/LocalConcurrentTxTest.java","1","0","1","2","17","44","0"
"elasticsearch","30ab8739a6e11ea7d5f25a62e290932d5f2d740f","core/src/main/java/org/elasticsearch/common/bytes/ReleasablePagedBytesReference.java","1","0","1","2","17","47","0"
"mcMMO","6b9f6c29ec312e23cebd9bc697462cd394b53c93","src/main/java/com/gmail/nossr50/events/fake/FakeEntityDamageEvent.java","1","0","1","2","18","28","0"
"hazelcast","86b064ba3f1e467e74e95d6da24b03122065ce36","hazelcast/src/main/java/com/hazelcast/spi/impl/operationexecutor/impl/GenericOperationThread.java","1","0","1","2","18","43","2"
"elasticsearch","371c73e14023917f3892090d2d3d7ff9ac1216b9","core/src/main/java/org/elasticsearch/action/admin/indices/shrink/ShrinkAction.java","1","0","1","2","18","46","3"
"elasticsearch","4b5592cc592207d26871af562d087c1a79087fc3","src/main/java/org/elasticsearch/search/aggregations/bucket/filter/FilterParser.java","1","0","1","2","18","46","1"
"elasticsearch","78574d248cf10dad1c5a566fda79e1e0c94afe43","core/src/main/java/org/elasticsearch/action/admin/indices/shrink/ShrinkAction.java","1","0","1","2","18","46","2"
"elasticsearch","aea00a62f3825e388e07007d3c8686f93c2d3f8e","core/src/main/java/org/elasticsearch/action/admin/indices/refresh/RefreshAction.java","1","0","1","2","18","46","1"
"elasticsearch","c7d0c3ea1896445b19098d5e8b0058dc5c909d59","src/main/java/org/elasticsearch/index/codec/docvaluesformat/MemoryDocValuesFormatProvider.java","1","0","1","2","18","46","2"
"elasticsearch","e6aaaf11ed4a1b8f595f920de1840938eddb7a97","core/src/main/java/org/elasticsearch/action/admin/indices/shrink/ShrinkAction.java","1","0","1","2","18","46","2"
"elasticsearch","fa16969360ea43667ad11f827bbf86718c18fcc6","src/main/java/org/elasticsearch/action/admin/cluster/settings/ClusterUpdateSettingsAction.java","1","0","1","2","18","46","1"
"elasticsearch","fa16969360ea43667ad11f827bbf86718c18fcc6","src/main/java/org/elasticsearch/action/admin/indices/close/CloseIndexAction.java","1","0","1","2","18","46","1"
"elasticsearch","fa16969360ea43667ad11f827bbf86718c18fcc6","src/main/java/org/elasticsearch/action/admin/indices/flush/FlushRequestBuilder.java","1","0","1","2","18","46","1"
"elasticsearch","fa16969360ea43667ad11f827bbf86718c18fcc6","src/main/java/org/elasticsearch/action/admin/cluster/node/restart/NodesRestartAction.java","1","0","1","2","18","46","1"
"elasticsearch","fa16969360ea43667ad11f827bbf86718c18fcc6","src/main/java/org/elasticsearch/action/admin/cluster/tasks/PendingClusterTasksAction.java","1","0","1","2","18","46","1"
"elasticsearch","fa16969360ea43667ad11f827bbf86718c18fcc6","src/main/java/org/elasticsearch/action/admin/indices/flush/FlushAction.java","1","0","1","2","18","46","1"
"elasticsearch","fa16969360ea43667ad11f827bbf86718c18fcc6","src/main/java/org/elasticsearch/action/admin/indices/optimize/OptimizeAction.java","1","0","1","2","18","46","1"
"elasticsearch","fa16969360ea43667ad11f827bbf86718c18fcc6","src/main/java/org/elasticsearch/action/admin/cluster/stats/ClusterStatsAction.java","1","0","1","2","18","46","1"
"elasticsearch","fa16969360ea43667ad11f827bbf86718c18fcc6","src/main/java/org/elasticsearch/action/admin/cluster/reroute/ClusterRerouteAction.java","1","0","1","2","18","46","1"
"elasticsearch","fa16969360ea43667ad11f827bbf86718c18fcc6","src/main/java/org/elasticsearch/action/admin/indices/mapping/delete/DeleteMappingAction.java","1","0","1","2","18","46","1"
"elasticsearch","fa16969360ea43667ad11f827bbf86718c18fcc6","src/main/java/org/elasticsearch/action/admin/indices/exists/indices/IndicesExistsAction.java","1","0","1","2","18","46","1"
"elasticsearch","fa16969360ea43667ad11f827bbf86718c18fcc6","src/main/java/org/elasticsearch/action/admin/cluster/node/stats/NodesStatsAction.java","1","0","1","2","18","46","1"
"elasticsearch","fa16969360ea43667ad11f827bbf86718c18fcc6","src/main/java/org/elasticsearch/action/admin/indices/segments/IndicesSegmentsAction.java","1","0","1","2","18","46","1"
"elasticsearch","fa16969360ea43667ad11f827bbf86718c18fcc6","src/main/java/org/elasticsearch/action/admin/indices/alias/IndicesAliasesAction.java","1","0","1","2","18","46","1"
"elasticsearch","fa16969360ea43667ad11f827bbf86718c18fcc6","src/main/java/org/elasticsearch/action/admin/cluster/shards/ClusterSearchShardsAction.java","1","0","1","2","18","46","1"
"elasticsearch","fa16969360ea43667ad11f827bbf86718c18fcc6","src/main/java/org/elasticsearch/action/admin/indices/delete/DeleteIndexAction.java","1","0","1","2","18","46","1"
"elasticsearch","fa16969360ea43667ad11f827bbf86718c18fcc6","src/main/java/org/elasticsearch/action/admin/indices/mapping/put/PutMappingAction.java","1","0","1","2","18","46","1"
"elasticsearch","fa16969360ea43667ad11f827bbf86718c18fcc6","src/main/java/org/elasticsearch/action/admin/indices/exists/types/TypesExistsAction.java","1","0","1","2","18","46","1"
"elasticsearch","fa16969360ea43667ad11f827bbf86718c18fcc6","src/main/java/org/elasticsearch/action/admin/indices/cache/clear/ClearIndicesCacheAction.java","1","0","1","2","18","46","1"
"elasticsearch","fa16969360ea43667ad11f827bbf86718c18fcc6","src/main/java/org/elasticsearch/action/admin/cluster/node/shutdown/NodesShutdownAction.java","1","0","1","2","18","46","1"
"elasticsearch","fa16969360ea43667ad11f827bbf86718c18fcc6","src/main/java/org/elasticsearch/action/admin/indices/alias/get/GetAliasesAction.java","1","0","1","2","18","46","1"
"elasticsearch","fa16969360ea43667ad11f827bbf86718c18fcc6","src/main/java/org/elasticsearch/action/admin/cluster/node/hotthreads/NodesHotThreadsAction.java","1","0","1","2","18","46","1"
"elasticsearch","fa16969360ea43667ad11f827bbf86718c18fcc6","src/main/java/org/elasticsearch/action/admin/indices/open/OpenIndexAction.java","1","0","1","2","18","46","1"
"elasticsearch","fa16969360ea43667ad11f827bbf86718c18fcc6","src/main/java/org/elasticsearch/action/admin/cluster/health/ClusterHealthAction.java","1","0","1","2","18","46","1"
"elasticsearch","fa16969360ea43667ad11f827bbf86718c18fcc6","src/main/java/org/elasticsearch/action/admin/indices/refresh/RefreshAction.java","1","0","1","2","18","46","1"
"elasticsearch","fa16969360ea43667ad11f827bbf86718c18fcc6","src/main/java/org/elasticsearch/action/admin/indices/analyze/AnalyzeAction.java","1","0","1","2","18","46","1"
"elasticsearch","fa16969360ea43667ad11f827bbf86718c18fcc6","src/main/java/org/elasticsearch/action/admin/indices/create/CreateIndexAction.java","1","0","1","2","18","46","1"
"elasticsearch","fa16969360ea43667ad11f827bbf86718c18fcc6","src/main/java/org/elasticsearch/action/admin/cluster/node/info/NodesInfoAction.java","1","0","1","2","18","46","1"
"elasticsearch","fa16969360ea43667ad11f827bbf86718c18fcc6","src/main/java/org/elasticsearch/action/admin/cluster/state/ClusterStateAction.java","1","0","1","2","18","46","1"
"oryx","d16f89b25fc5e12f94af6432274c66e0394c1743","app/oryx-app-serving/src/main/java/com/cloudera/oryx/app/serving/als/Ready.java","1","0","1","2","18","46","0"
"elasticsearch","10ec2e948a2f1426a5058ca3b2c2e39952f141d8","src/main/java/org/elasticsearch/action/admin/cluster/node/info/NodesInfoAction.java","1","0","1","2","18","46","0"
"elasticsearch","10ec2e948a2f1426a5058ca3b2c2e39952f141d8","src/main/java/org/elasticsearch/action/admin/indices/mapping/put/PutMappingAction.java","1","0","1","2","18","46","0"
"elasticsearch","10ec2e948a2f1426a5058ca3b2c2e39952f141d8","src/main/java/org/elasticsearch/action/admin/indices/alias/get/GetAliasesAction.java","1","0","1","2","18","46","0"
"elasticsearch","10ec2e948a2f1426a5058ca3b2c2e39952f141d8","src/main/java/org/elasticsearch/action/admin/cluster/settings/ClusterUpdateSettingsAction.java","1","0","1","2","18","46","0"
"elasticsearch","10ec2e948a2f1426a5058ca3b2c2e39952f141d8","src/main/java/org/elasticsearch/action/admin/cluster/node/hotthreads/NodesHotThreadsAction.java","1","0","1","2","18","46","0"
"elasticsearch","10ec2e948a2f1426a5058ca3b2c2e39952f141d8","src/main/java/org/elasticsearch/action/admin/cluster/tasks/PendingClusterTasksAction.java","1","0","1","2","18","46","0"
"elasticsearch","10ec2e948a2f1426a5058ca3b2c2e39952f141d8","src/main/java/org/elasticsearch/action/admin/indices/exists/indices/IndicesExistsAction.java","1","0","1","2","18","46","0"
"elasticsearch","10ec2e948a2f1426a5058ca3b2c2e39952f141d8","src/main/java/org/elasticsearch/action/admin/cluster/node/restart/NodesRestartAction.java","1","0","1","2","18","46","0"
"elasticsearch","10ec2e948a2f1426a5058ca3b2c2e39952f141d8","src/main/java/org/elasticsearch/action/admin/cluster/shards/ClusterSearchShardsAction.java","1","0","1","2","18","46","0"
"elasticsearch","10ec2e948a2f1426a5058ca3b2c2e39952f141d8","src/main/java/org/elasticsearch/action/admin/indices/refresh/RefreshAction.java","1","0","1","2","18","46","0"
"elasticsearch","10ec2e948a2f1426a5058ca3b2c2e39952f141d8","src/main/java/org/elasticsearch/action/admin/indices/segments/IndicesSegmentsAction.java","1","0","1","2","18","46","0"
"elasticsearch","10ec2e948a2f1426a5058ca3b2c2e39952f141d8","src/main/java/org/elasticsearch/action/admin/cluster/stats/ClusterStatsAction.java","1","0","1","2","18","46","0"
"elasticsearch","10ec2e948a2f1426a5058ca3b2c2e39952f141d8","src/main/java/org/elasticsearch/action/admin/cluster/reroute/ClusterRerouteAction.java","1","0","1","2","18","46","0"
"elasticsearch","10ec2e948a2f1426a5058ca3b2c2e39952f141d8","src/main/java/org/elasticsearch/action/admin/cluster/state/ClusterStateAction.java","1","0","1","2","18","46","0"
"elasticsearch","10ec2e948a2f1426a5058ca3b2c2e39952f141d8","src/main/java/org/elasticsearch/action/admin/cluster/health/ClusterHealthAction.java","1","0","1","2","18","46","0"
"elasticsearch","10ec2e948a2f1426a5058ca3b2c2e39952f141d8","src/main/java/org/elasticsearch/action/admin/indices/open/OpenIndexAction.java","1","0","1","2","18","46","0"
"elasticsearch","10ec2e948a2f1426a5058ca3b2c2e39952f141d8","src/main/java/org/elasticsearch/action/admin/indices/flush/FlushAction.java","1","0","1","2","18","46","0"
"elasticsearch","10ec2e948a2f1426a5058ca3b2c2e39952f141d8","src/main/java/org/elasticsearch/action/admin/indices/close/CloseIndexAction.java","1","0","1","2","18","46","0"
"elasticsearch","10ec2e948a2f1426a5058ca3b2c2e39952f141d8","src/main/java/org/elasticsearch/action/admin/cluster/node/shutdown/NodesShutdownAction.java","1","0","1","2","18","46","0"
"elasticsearch","10ec2e948a2f1426a5058ca3b2c2e39952f141d8","src/main/java/org/elasticsearch/action/admin/indices/exists/types/TypesExistsAction.java","1","0","1","2","18","46","0"
"elasticsearch","10ec2e948a2f1426a5058ca3b2c2e39952f141d8","src/main/java/org/elasticsearch/action/admin/indices/mapping/delete/DeleteMappingAction.java","1","0","1","2","18","46","0"
"elasticsearch","10ec2e948a2f1426a5058ca3b2c2e39952f141d8","src/main/java/org/elasticsearch/action/admin/indices/flush/FlushRequestBuilder.java","1","0","1","2","18","46","0"
"elasticsearch","10ec2e948a2f1426a5058ca3b2c2e39952f141d8","src/main/java/org/elasticsearch/action/admin/indices/analyze/AnalyzeAction.java","1","0","1","2","18","46","0"
"elasticsearch","10ec2e948a2f1426a5058ca3b2c2e39952f141d8","src/main/java/org/elasticsearch/action/admin/indices/create/CreateIndexAction.java","1","0","1","2","18","46","0"
"elasticsearch","10ec2e948a2f1426a5058ca3b2c2e39952f141d8","src/main/java/org/elasticsearch/action/admin/indices/optimize/OptimizeAction.java","1","0","1","2","18","46","0"
"elasticsearch","10ec2e948a2f1426a5058ca3b2c2e39952f141d8","src/main/java/org/elasticsearch/action/admin/cluster/node/stats/NodesStatsAction.java","1","0","1","2","18","46","0"
"elasticsearch","10ec2e948a2f1426a5058ca3b2c2e39952f141d8","src/main/java/org/elasticsearch/action/admin/indices/cache/clear/ClearIndicesCacheAction.java","1","0","1","2","18","46","0"
"elasticsearch","10ec2e948a2f1426a5058ca3b2c2e39952f141d8","src/main/java/org/elasticsearch/action/admin/indices/delete/DeleteIndexAction.java","1","0","1","2","18","46","0"
"elasticsearch","10ec2e948a2f1426a5058ca3b2c2e39952f141d8","src/main/java/org/elasticsearch/action/admin/indices/alias/IndicesAliasesAction.java","1","0","1","2","18","46","0"
"elasticsearch","a60b8948ba1d836a6eac7cff095519e618939ed8","core/src/main/java/org/elasticsearch/action/admin/indices/shrink/ShrinkAction.java","1","0","1","2","18","46","0"
"elasticsearch","10ec2e948a2f1426a5058ca3b2c2e39952f141d8","src/main/java/org/elasticsearch/action/admin/cluster/snapshots/restore/RestoreSnapshotAction.java","1","0","1","2","18","48","0"
"elasticsearch","10ec2e948a2f1426a5058ca3b2c2e39952f141d8","src/main/java/org/elasticsearch/action/admin/cluster/repositories/delete/DeleteRepositoryAction.java","1","0","1","2","18","48","0"
"elasticsearch","10ec2e948a2f1426a5058ca3b2c2e39952f141d8","src/main/java/org/elasticsearch/action/admin/cluster/snapshots/delete/DeleteSnapshotAction.java","1","0","1","2","18","48","0"
"elasticsearch","10ec2e948a2f1426a5058ca3b2c2e39952f141d8","src/main/java/org/elasticsearch/action/admin/cluster/repositories/put/PutRepositoryAction.java","1","0","1","2","18","48","0"
"elasticsearch","10ec2e948a2f1426a5058ca3b2c2e39952f141d8","src/main/java/org/elasticsearch/action/admin/cluster/snapshots/get/GetSnapshotsAction.java","1","0","1","2","18","48","0"
"elasticsearch","10ec2e948a2f1426a5058ca3b2c2e39952f141d8","src/main/java/org/elasticsearch/action/admin/cluster/snapshots/create/CreateSnapshotAction.java","1","0","1","2","18","48","0"
"elasticsearch","10ec2e948a2f1426a5058ca3b2c2e39952f141d8","src/main/java/org/elasticsearch/action/admin/cluster/repositories/get/GetRepositoriesAction.java","1","0","1","2","18","48","0"
"elasticsearch","e059a7b37f1a023c5110aece90e5a7f5b8269be4","modules/elasticsearch/src/main/java/org/elasticsearch/index/merge/scheduler/MergeSchedulerModule.java","1","0","1","2","18","48","0"
"elasticsearch","e329178e8e00c359eb4e87d5d4c071a8ec24b531","modules/elasticsearch/src/main/java/org/elasticsearch/index/merge/scheduler/MergeSchedulerModule.java","1","0","1","2","18","48","0"
"elasticsearch","13a347239a48d71486692a72c066e940dec8921b","plugins/cloud-aws/src/main/java/org/elasticsearch/cloud/aws/AwsModule.java","1","0","1","2","18","48","2"
"elasticsearch","fa16969360ea43667ad11f827bbf86718c18fcc6","src/main/java/org/elasticsearch/action/admin/cluster/snapshots/restore/RestoreSnapshotAction.java","1","0","1","2","18","48","1"
"elasticsearch","fa16969360ea43667ad11f827bbf86718c18fcc6","src/main/java/org/elasticsearch/action/admin/cluster/repositories/put/PutRepositoryAction.java","1","0","1","2","18","48","1"
"elasticsearch","fa16969360ea43667ad11f827bbf86718c18fcc6","src/main/java/org/elasticsearch/action/admin/cluster/repositories/get/GetRepositoriesAction.java","1","0","1","2","18","48","1"
"elasticsearch","fa16969360ea43667ad11f827bbf86718c18fcc6","src/main/java/org/elasticsearch/action/admin/cluster/snapshots/delete/DeleteSnapshotAction.java","1","0","1","2","18","48","1"
"elasticsearch","fa16969360ea43667ad11f827bbf86718c18fcc6","src/main/java/org/elasticsearch/action/admin/cluster/repositories/delete/DeleteRepositoryAction.java","1","0","1","2","18","48","1"
"elasticsearch","fa16969360ea43667ad11f827bbf86718c18fcc6","src/main/java/org/elasticsearch/action/admin/cluster/snapshots/get/GetSnapshotsAction.java","1","0","1","2","18","48","1"
"elasticsearch","fa16969360ea43667ad11f827bbf86718c18fcc6","src/main/java/org/elasticsearch/action/admin/cluster/snapshots/create/CreateSnapshotAction.java","1","0","1","2","18","48","1"
"BroadleafCommerce","9a2399ccabc71c63572c786cacfa9d17404bf0db","integration/src/test/java/org/broadleafcommerce/test/helper/AdminApplication.java","1","0","1","2","18","49","0"
"neo4j","3b0df95a5c3de63f2b4685986964486a3eecd62b","enterprise/causal-clustering/src/main/java/org/neo4j/causalclustering/readreplica/EnterpriseReadReplicaEditionModule.java","1","0","1","2","183","254","2"
"neo4j","71862473dec743ab6537f08ff5769064d4a84c77","enterprise/causal-clustering/src/main/java/org/neo4j/causalclustering/readreplica/EnterpriseReadReplicaEditionModule.java","1","0","1","2","183","255","2"
"neo4j","a04647bfc5aa68f9ae564e6c4930330c71aa5d40","enterprise/causal-clustering/src/main/java/org/neo4j/causalclustering/readreplica/EnterpriseReadReplicaEditionModule.java","1","0","1","2","184","255","1"
"hazelcast","dc3c91a78a7f39ca33d277a66346a5f9b3bf0ab2","hazelcast/src/main/java/com/hazelcast/multimap/MultiMapDataSerializerHook.java","1","0","1","2","184","281","2"
"neo4j","1b3aad3b619bd72c2c9f79bb7edf642c5dc56a6f","enterprise/core-edge/src/main/java/org/neo4j/coreedge/edge/EnterpriseEdgeEditionModule.java","1","0","1","2","187","258","0"
"neo4j","99aff5416eec27b7ed42457d4841cc448ad28c93","enterprise/core-edge/src/main/java/org/neo4j/coreedge/edge/EnterpriseEdgeEditionModule.java","1","0","1","2","187","258","0"
"neo4j","222cc20feb0c344dc2cbd8f1da693b1898c77e88","enterprise/core-edge/src/main/java/org/neo4j/coreedge/edge/EnterpriseEdgeEditionModule.java","1","0","1","2","187","258","1"
"neo4j","b02b8e7cff33b8e0e157808173cdc6776c113920","community/kernel/src/main/java/org/neo4j/kernel/impl/transaction/xaframework/IllegalLogFormatException.java","1","0","1","2","19","44","0"
"hazelcast","bb3ea0e107980d769862cdbda748cc91529d67b5","hazelcast/src/main/java/com/hazelcast/map/QueryResultSizeExceededException.java","1","0","1","2","19","46","1"
"neo4j","6b75a9235ea38e0c47caacd25cc919023c0c958b","community/lucene-index/src/main/java/org/neo4j/kernel/api/impl/index/partition/WritableIndexPartitionFactory.java","1","0","1","2","19","48","0"
"orientdb","7714495a75dd494934a6cfa3c422763d92a19239","distributed/src/test/java/com/orientechnologies/orient/server/distributed/ExternalServerClusterRunTest.java","1","0","1","2","19","48","0"
"elasticsearch","10ec2e948a2f1426a5058ca3b2c2e39952f141d8","src/main/java/org/elasticsearch/action/admin/indices/gateway/snapshot/GatewaySnapshotAction.java","1","0","1","2","19","48","0"
"elasticsearch","a60b8948ba1d836a6eac7cff095519e618939ed8","core/src/main/java/org/elasticsearch/action/admin/cluster/storedscripts/GetStoredScriptAction.java","1","0","1","2","19","48","0"
"netty","20dffa8ee644b451776cee7e79f15d7d1c2151d8","handler/src/test/java/io/netty/handler/ssl/JdkSslServerContextTest.java","1","0","1","2","19","48","0"
"orientdb","b99ef4dc718c6843428505e90b75ec47566fedae","distributed/src/test/java/com/orientechnologies/orient/server/distributed/ExternalServerClusterRunTest.java","1","0","1","2","19","48","1"
"elasticsearch","78574d248cf10dad1c5a566fda79e1e0c94afe43","core/src/main/java/org/elasticsearch/action/admin/cluster/storedscripts/GetStoredScriptAction.java","1","0","1","2","19","48","1"
"elasticsearch","e6aaaf11ed4a1b8f595f920de1840938eddb7a97","core/src/main/java/org/elasticsearch/action/admin/cluster/storedscripts/GetStoredScriptAction.java","1","0","1","2","19","48","1"
"elasticsearch","fa16969360ea43667ad11f827bbf86718c18fcc6","src/main/java/org/elasticsearch/action/admin/indices/gateway/snapshot/GatewaySnapshotAction.java","1","0","1","2","19","48","1"
"BroadleafCommerce","13e34973fd48a87bca6221ef78eea0a98d3ef324","common/src/test/java/org/broadleafcommerce/test/common/context/autoconfig/nested/ContainsNestedConfiguration.java","1","0","1","2","19","49","0"
"hazelcast","264b730b6e10ae9df6f5d8727209ca007160236f","hazelcast/src/main/java/com/hazelcast/client/impl/protocol/task/AbstractRemoveListenerMessageTask.java","1","0","1","2","19","49","0"
"elasticsearch","2bd09c4625898d77aa6c015c6f82cf973ed18cb7","core/src/main/java/org/elasticsearch/index/analysis/NGramTokenFilterFactory.java","1","0","1","2","19","49","0"
"elasticsearch","e488d524c3fe625965043cae55a235fd986a05b0","src/main/java/org/elasticsearch/index/merge/scheduler/MergeSchedulerModule.java","1","0","1","2","19","49","0"
"elasticsearch","f8e6cc6facd454fe1916b0e9b0ed325ea71271be","src/main/java/org/elasticsearch/index/merge/scheduler/MergeSchedulerModule.java","1","0","1","2","19","49","0"
"hazelcast","ae877df50978fcfb112d6d0cab2c78f80d1ee770","hazelcast/src/main/java/com/hazelcast/client/impl/protocol/task/AbstractRemoveListenerMessageTask.java","1","0","1","2","19","49","1"
"hazelcast","d65de8708631978b87d39db7c947a073e0963228","hazelcast/src/main/java/com/hazelcast/client/impl/protocol/task/AbstractRemoveListenerMessageTask.java","1","0","1","2","19","49","2"
"elasticsearch","3d13c27fa0df12018f35f1b20987c90277e9b6f9","core/src/main/java/org/elasticsearch/index/analysis/NGramTokenFilterFactory.java","1","0","1","2","19","49","1"
"elasticsearch","78574d248cf10dad1c5a566fda79e1e0c94afe43","core/src/main/java/org/elasticsearch/action/admin/cluster/storedscripts/PutStoredScriptAction.java","1","0","1","2","19","50","1"
"elasticsearch","e6aaaf11ed4a1b8f595f920de1840938eddb7a97","core/src/main/java/org/elasticsearch/action/admin/cluster/storedscripts/PutStoredScriptAction.java","1","0","1","2","19","50","1"
"elasticsearch","a60b8948ba1d836a6eac7cff095519e618939ed8","core/src/main/java/org/elasticsearch/action/admin/cluster/storedscripts/PutStoredScriptAction.java","1","0","1","2","19","50","0"
"hazelcast","2d61a67c44972c7c71b5c93be51bbb0154a73f45","hazelcast/src/main/java/com/hazelcast/mapreduce/impl/MapReduceDataSerializerHook.java","1","0","1","2","193","223","1"
"neo4j","30b42e950ac4a892ad0524ab6d9afe3091be49a4","enterprise/core-edge/src/main/java/org/neo4j/coreedge/edge/EnterpriseEdgeEditionModule.java","1","0","1","2","198","273","1"
"neo4j","951a365a594d7a300c3388374bc1eb59e33b19b4","enterprise/core-edge/src/main/java/org/neo4j/coreedge/edge/EnterpriseEdgeEditionModule.java","1","0","1","2","199","275","0"
"oryx","27e9046b2bd92243c260efd8bcd0af46b92bdf9e","app/oryx-app-serving/src/main/java/com/cloudera/oryx/app/serving/als/Ready.java","1","0","1","2","20","48","0"
"hazelcast","e7c312280062991ae79e7194e151e12ea3aa2897","hazelcast/src/main/java/com/hazelcast/collection/impl/queue/operations/QueueBackupAwareOperation.java","1","0","1","2","20","48","0"
"elasticsearch","95ea6153a76c48b617de6f8a8667eb14f825c333","modules/elasticsearch/src/main/java/org/elasticsearch/index/field/data/bytes/ByteFieldDataType.java","1","0","1","2","20","48","0"
"elasticsearch","c93491c4d43878dedd7db00f7a8d7a337b3db2af","src/main/java/org/elasticsearch/index/analysis/SmartChineseAnalyzerProvider.java","1","0","1","2","20","48","0"
"hazelcast","3cc13b14fba6b8e6e2ab9149c8d17561a29c537f","hazelcast/src/main/java/com/hazelcast/collection/impl/queue/operations/QueueBackupAwareOperation.java","1","0","1","2","20","48","1"
"hazelcast","67235ce99477aeeecc86d225926b6456b7ceef20","hazelcast/src/main/java/com/hazelcast/collection/impl/queue/operations/QueueBackupAwareOperation.java","1","0","1","2","20","48","1"
"hazelcast","a46aa8502977bde24649cec3b52fbb065d6f480f","hazelcast/src/main/java/com/hazelcast/collection/impl/queue/operations/QueueBackupAwareOperation.java","1","0","1","2","20","48","1"
"elasticsearch","be01e8fe19c822fe30ba1cff4d9e96c3f567e4c7","src/main/java/org/elasticsearch/common/settings/loader/YamlSettingsLoader.java","1","0","1","2","20","50","0"
"elasticsearch","0809e4a65fb73a1be6e1b9c717f83b6b21b7e989","plugins/mapper-attachments/src/test/java/org/elasticsearch/mapper/attachments/DateAttachmentMapperTests.java","1","0","1","2","20","51","1"
"BroadleafCommerce","f0a43a10b18a55908684479d3eadcb3822d3cd60","core/broadleaf-framework/src/main/java/org/broadleafcommerce/core/checkout/service/workflow/CommitTaxActivity.java","1","0","1","2","20","52","0"
"hazelcast","0b7059f334d11471ccf84009e6f2deefad9a0e49","hazelcast/src/main/java/com/hazelcast/mapreduce/impl/MapReduceDataSerializerHook.java","1","0","1","2","200","230","1"
"hazelcast","a138f413bfacf65e913a5ad035355b63bbabf793","hazelcast/src/main/java/com/hazelcast/mapreduce/impl/MapReduceDataSerializerHook.java","1","0","1","2","200","230","2"
"hazelcast","af75d48982fbc4134b17a47c98bcfccb6ffa97b0","hazelcast/src/main/java/com/hazelcast/mapreduce/impl/MapReduceDataSerializerHook.java","1","0","1","2","200","230","2"
"hazelcast","db30aa1fffccf62d21e4e35d45c0b20172330d3c","hazelcast/src/main/java/com/hazelcast/mapreduce/impl/MapReduceDataSerializerHook.java","1","0","1","2","200","230","0"
"hazelcast","08a1bcde262eb98081e2cafb5818ad9f65f852a4","hazelcast/src/main/java/com/hazelcast/multimap/MultiMapDataSerializerHook.java","1","0","1","2","201","233","0"
"neo4j","036e0742c9800ed47922595c97274b360cfbc9ef","enterprise/core-edge/src/main/java/org/neo4j/coreedge/edge/EnterpriseEdgeEditionModule.java","1","0","1","2","203","280","1"
"hazelcast","fa1c7b6b500525ad71674b38354c7da76290f7cc","hazelcast/src/main/java/com/hazelcast/queue/QueueDataSerializerHook.java","1","0","1","2","206","241","1"
"neo4j","35a95081e67bf49b62cb45bc522541ee09635951","enterprise/cluster/src/main/java/org/neo4j/cluster/protocol/election/ClusterLeaveReelectionListener.java","1","0","1","2","21","49","1"
"elasticsearch","3d13c27fa0df12018f35f1b20987c90277e9b6f9","core/src/main/java/org/elasticsearch/index/analysis/StandardHtmlStripAnalyzerProvider.java","1","0","1","2","21","49","1"
"elasticsearch","2bd09c4625898d77aa6c015c6f82cf973ed18cb7","core/src/main/java/org/elasticsearch/index/analysis/StandardHtmlStripAnalyzerProvider.java","1","0","1","2","21","49","0"
"elasticsearch","13a347239a48d71486692a72c066e940dec8921b","core/src/main/java/org/elasticsearch/cache/recycler/PageCacheRecyclerModule.java","1","0","1","2","21","51","2"
"elasticsearch","13a347239a48d71486692a72c066e940dec8921b","core/src/main/java/org/elasticsearch/common/util/BigArraysModule.java","1","0","1","2","21","51","2"
"elasticsearch","13a347239a48d71486692a72c066e940dec8921b","core/src/main/java/org/elasticsearch/index/cache/query/QueryCacheModule.java","1","0","1","2","21","51","2"
"elasticsearch","c9ff9a6930e83ac14a7160c149e16683c7d178cc","src/test/java/org/elasticsearch/script/GroovyScriptTests.java","1","0","1","2","21","51","1"
"elasticsearch","18b73ce8296382f8e5d0b5874e9e8318f084030a","core/src/main/java/org/elasticsearch/index/cache/query/QueryCacheModule.java","1","0","1","2","21","51","0"
"hazelcast","a4035afdfc67b757940a15578bc51b4e7b6b0b13","hazelcast-client-new/src/test/java/com/hazelcast/client/cache/jsr/CacheEntryListenerClientServerTest.java","1","0","1","2","21","52","0"
"elasticsearch","e0aa481bf5426aeb12076f6b1346357073374f05","plugins/mapper-attachments/src/test/java/org/elasticsearch/mapper/attachments/DateAttachmentMapperTests.java","1","0","1","2","21","52","0"
"hazelcast","b777381e2f8cfc3d8bcde3a87c5cc9993e31d4a2","hazelcast-client-new/src/test/java/com/hazelcast/client/cache/jsr/CacheEntryListenerClientServerTest.java","1","0","1","2","21","52","1"
"neo4j","c287d3fcff4d41dc2fa317c778efc33d6ca11eba","enterprise/core-edge/src/main/java/org/neo4j/coreedge/edge/EnterpriseEdgeEditionModule.java","1","0","1","2","210","288","0"
"neo4j","035903e9ebdada5ea1269b223a6b5ee102763a1d","enterprise/causal-clustering/src/main/java/org/neo4j/causalclustering/core/state/machines/tx/RecoverConsensusLogIndex.java","1","0","1","2","22","51","0"
"elasticsearch","371c73e14023917f3892090d2d3d7ff9ac1216b9","core/src/main/java/org/elasticsearch/action/admin/indices/create/CreateIndexResponse.java","1","0","1","2","22","52","3"
"elasticsearch","78574d248cf10dad1c5a566fda79e1e0c94afe43","core/src/main/java/org/elasticsearch/action/admin/indices/create/CreateIndexResponse.java","1","0","1","2","22","52","2"
"elasticsearch","e6aaaf11ed4a1b8f595f920de1840938eddb7a97","core/src/main/java/org/elasticsearch/action/admin/indices/create/CreateIndexResponse.java","1","0","1","2","22","52","2"
"elasticsearch","10ec2e948a2f1426a5058ca3b2c2e39952f141d8","src/main/java/org/elasticsearch/action/admin/indices/close/CloseIndexResponse.java","1","0","1","2","22","52","0"
"elasticsearch","10ec2e948a2f1426a5058ca3b2c2e39952f141d8","src/main/java/org/elasticsearch/action/admin/indices/open/OpenIndexResponse.java","1","0","1","2","22","52","0"
"elasticsearch","10ec2e948a2f1426a5058ca3b2c2e39952f141d8","src/main/java/org/elasticsearch/action/admin/indices/mapping/put/PutMappingResponse.java","1","0","1","2","22","53","0"
"elasticsearch","10ec2e948a2f1426a5058ca3b2c2e39952f141d8","src/main/java/org/elasticsearch/action/admin/cluster/snapshots/delete/DeleteSnapshotResponse.java","1","0","1","2","22","53","0"
"elasticsearch","10ec2e948a2f1426a5058ca3b2c2e39952f141d8","src/main/java/org/elasticsearch/action/admin/cluster/repositories/put/PutRepositoryResponse.java","1","0","1","2","22","53","0"
"elasticsearch","10ec2e948a2f1426a5058ca3b2c2e39952f141d8","src/main/java/org/elasticsearch/action/admin/cluster/repositories/delete/DeleteRepositoryResponse.java","1","0","1","2","22","53","0"
"elasticsearch","25fd9e26c4fb042d6f6dea14efcd239577bdbbc4","core/src/main/java/org/elasticsearch/action/admin/indices/mapping/put/PutMappingResponse.java","1","0","1","2","22","53","0"
"elasticsearch","56cc87b7ccd41040d8fafcaf2da3680d96d10839","core/src/main/java/org/elasticsearch/action/admin/indices/mapping/put/PutMappingResponse.java","1","0","1","2","22","53","0"
"hazelcast","d38202141395360399c9cf97d4453adf5b1581e1","hazelcast-client-new/src/test/java/com/hazelcast/client/cache/jsr/CacheEntryListenerClientServerTest.java","1","0","1","2","22","53","1"
"elasticsearch","fa16969360ea43667ad11f827bbf86718c18fcc6","src/main/java/org/elasticsearch/action/admin/cluster/repositories/delete/DeleteRepositoryResponse.java","1","0","1","2","22","53","1"
"elasticsearch","fa16969360ea43667ad11f827bbf86718c18fcc6","src/main/java/org/elasticsearch/action/admin/cluster/repositories/put/PutRepositoryResponse.java","1","0","1","2","22","53","1"
"elasticsearch","fa16969360ea43667ad11f827bbf86718c18fcc6","src/main/java/org/elasticsearch/action/admin/cluster/snapshots/delete/DeleteSnapshotResponse.java","1","0","1","2","22","53","1"
"elasticsearch","fa16969360ea43667ad11f827bbf86718c18fcc6","src/main/java/org/elasticsearch/action/admin/indices/mapping/put/PutMappingResponse.java","1","0","1","2","22","53","1"
"BroadleafCommerce","63aa5cc40c50ecfd1ce037cf6578891c2cf95618","admin/broadleaf-open-admin-platform/src/main/java/org/broadleafcommerce/openadmin/server/security/dao/ForgotPasswordSecurityTokenDaoImpl.java","1","0","1","2","22","54","1"
"elasticsearch","fa16969360ea43667ad11f827bbf86718c18fcc6","src/main/java/org/elasticsearch/action/admin/indices/cache/clear/ClearIndicesCacheResponse.java","1","0","1","2","22","54","1"
"elasticsearch","fa16969360ea43667ad11f827bbf86718c18fcc6","src/main/java/org/elasticsearch/action/admin/indices/optimize/OptimizeResponse.java","1","0","1","2","22","54","1"
"elasticsearch","10ec2e948a2f1426a5058ca3b2c2e39952f141d8","src/main/java/org/elasticsearch/action/admin/indices/optimize/OptimizeResponse.java","1","0","1","2","22","54","0"
"elasticsearch","10ec2e948a2f1426a5058ca3b2c2e39952f141d8","src/main/java/org/elasticsearch/action/admin/indices/cache/clear/ClearIndicesCacheResponse.java","1","0","1","2","22","54","0"
"BroadleafCommerce","63aa5cc40c50ecfd1ce037cf6578891c2cf95618","core/broadleaf-profile/src/main/java/org/broadleafcommerce/profile/core/dao/CustomerForgotPasswordSecurityTokenDaoImpl.java","1","0","1","2","22","55","1"
"elasticsearch","aea00a62f3825e388e07007d3c8686f93c2d3f8e","core/src/main/java/org/elasticsearch/action/admin/indices/flush/FlushResponse.java","1","0","1","2","22","55","1"
"elasticsearch","aea00a62f3825e388e07007d3c8686f93c2d3f8e","core/src/main/java/org/elasticsearch/action/admin/indices/refresh/RefreshResponse.java","1","0","1","2","22","55","1"
"elasticsearch","fa16969360ea43667ad11f827bbf86718c18fcc6","src/main/java/org/elasticsearch/action/admin/indices/refresh/RefreshResponse.java","1","0","1","2","22","55","1"
"elasticsearch","fa16969360ea43667ad11f827bbf86718c18fcc6","src/main/java/org/elasticsearch/action/admin/indices/flush/FlushResponse.java","1","0","1","2","22","55","1"
"elasticsearch","10ec2e948a2f1426a5058ca3b2c2e39952f141d8","src/main/java/org/elasticsearch/action/admin/indices/refresh/RefreshResponse.java","1","0","1","2","22","55","0"
"elasticsearch","10ec2e948a2f1426a5058ca3b2c2e39952f141d8","src/main/java/org/elasticsearch/action/admin/indices/flush/FlushResponse.java","1","0","1","2","22","55","0"
"BroadleafCommerce","cd4dba4517e56b14042e5ed1567e933ca3904efd","core/broadleaf-framework/src/main/java/org/broadleafcommerce/core/order/service/workflow/UpdateWorkflowVerifyFulfillmentGroupItemsActivity.java","1","0","1","2","22","57","0"
"BroadleafCommerce","cd4dba4517e56b14042e5ed1567e933ca3904efd","core/broadleaf-framework/src/main/java/org/broadleafcommerce/core/order/service/workflow/RemoveWorkflowVerifyFulfillmentGroupItemsActivity.java","1","0","1","2","22","58","0"
"hazelcast","b583f88f8f80ac2de344ace2aa3423f128cd037a","hazelcast/src/main/java/com/hazelcast/queue/QueueDataSerializerHook.java","1","0","1","2","224","260","0"
"hazelcast","4a1593fa6ba5c277c4ad2fc320d803b0e63b9339","hazelcast/src/main/java/com/hazelcast/replicatedmap/impl/operation/ReplicatedMapDataSerializerHook.java","1","0","1","2","235","269","0"
"hazelcast","a4035afdfc67b757940a15578bc51b4e7b6b0b13","hazelcast-client-new/src/test/java/com/hazelcast/client/cache/jsr/JsrClientTestUtil.java","1","0","1","2","24","33","0"
"netty","3b94154893bba3989673d4eae11228479aa2a3c3","codec-http/src/test/java/io/netty/handler/codec/http/HttpHeadersTest.java","1","0","1","2","24","48","0"
"hazelcast","1bbf57f43522e59474d73506d793eaa2254dca5e","hazelcast/src/main/java/com/hazelcast/replicatedmap/impl/ReplicatedMapEvictionProcessor.java","1","0","1","2","24","50","0"
"netty","81e2db10faaf0389f4e1af8c7132210946203157","buffer/src/test/java/io/netty/buffer/BigEndianHeapChannelBufferTest.java","1","0","1","2","24","51","0"
"hazelcast","6ba47b86f7f573bdfeb328d033af753cfb91402e","hazelcast-spring/src/test/java/com/hazelcast/spring/cache/HazelcastCacheReadTimeoutTest.java","1","0","1","2","24","53","0"
"netty","9125060752f5124949e55a6868647c75f88cdb01","example/src/main/java/io/netty/example/spdy/server/SpdyServerInitializer.java","1","0","1","2","24","54","0"
"elasticsearch","13a347239a48d71486692a72c066e940dec8921b","core/src/main/java/org/elasticsearch/index/deletionpolicy/DeletionPolicyModule.java","1","0","1","2","24","55","2"
"elasticsearch","1f04182b8164ffb19f3805c48d67f0375262b317","core/src/main/java/org/elasticsearch/action/support/nodes/BaseNodeRequest.java","1","0","1","2","24","56","0"
"hazelcast","d38202141395360399c9cf97d4453adf5b1581e1","hazelcast/src/main/java/com/hazelcast/client/impl/protocol/task/cache/CacheGetConfigMessageTask.java","1","0","1","2","25","53","1"
"elasticsearch","51d53791fe71c9cb62bc992588a57cdfb500383f","core/src/main/java/org/elasticsearch/rest/action/admin/cluster/RestDeleteSnapshotAction.java","1","0","1","2","25","54","0"
"netty","9125060752f5124949e55a6868647c75f88cdb01","example/src/main/java/io/netty/example/securechat/SecureChatClientInitializer.java","1","0","1","2","25","59","0"
"netty","9125060752f5124949e55a6868647c75f88cdb01","example/src/main/java/io/netty/example/securechat/SecureChatServerInitializer.java","1","0","1","2","25","62","0"
"elasticsearch","2b3760f78b26817b5a2030aa27b1ddf2f17462f6","core/src/main/java/org/elasticsearch/rest/action/admin/cluster/RestDeleteSnapshotAction.java","1","0","1","2","26","54","1"
"netty","6cd9045b969212ffb04b9ee643e7bfdc0224a1d3","buffer/src/test/java/io/netty/buffer/DuplicateByteBufTest.java","1","0","1","2","26","56","2"
"elasticsearch","1b7daafeac24e14093de95b45a2d06d96bd8e1c0","src/test/java/org/elasticsearch/index/mapper/xcontent/DateAttachmentMapperTests.java","1","0","1","2","26","57","2"
"BroadleafCommerce","ab59bb20101135df9d3984c2c8ee7e2b12073be7","common/src/test/java/org/broadleafcommerce/test/common/web/controller/annotation/FrameworkControllerTest.java","1","0","1","2","26","58","0"
"orientdb","30ff9985cfca4f3e9a7af445fe2d2c525bdac532","server/src/test/java/com/orientechnologies/orient/server/AbstractRemoteTest.java","1","0","1","2","27","44","0"
"hazelcast","d38202141395360399c9cf97d4453adf5b1581e1","hazelcast/src/main/java/com/hazelcast/client/impl/protocol/task/cache/CacheContainsKeyMessageTask.java","1","0","1","2","27","55","1"
"elasticsearch","51d53791fe71c9cb62bc992588a57cdfb500383f","core/src/main/java/org/elasticsearch/rest/action/admin/cluster/RestDeleteRepositoryAction.java","1","0","1","2","27","56","0"
"elasticsearch","51d53791fe71c9cb62bc992588a57cdfb500383f","core/src/main/java/org/elasticsearch/rest/action/admin/cluster/RestRestoreSnapshotAction.java","1","0","1","2","27","56","0"
"elasticsearch","b11d4a58714f1a82dcf33909e26de163289560ec","src/test/java/org/elasticsearch/script/mustache/MustacheScriptEngineTest.java","1","0","1","2","27","56","1"
"elasticsearch","1d1225b87c77fd72ffd28cfe51cf070eff5a0522","src/test/java/org/elasticsearch/index/mapper/xcontent/DateAttachmentMapperTests.java","1","0","1","2","27","58","0"
"elasticsearch","a077f4a933b16b4b255ac46b1912eee9602b00c6","core/src/main/java/org/elasticsearch/rest/action/admin/cluster/snapshots/get/RestGetSnapshotsAction.java","1","0","1","2","27","58","0"
"elasticsearch","310df36bfa6e32a3ea1447fc324a7e7e6fdb2af1","src/test/java/org/elasticsearch/index/mapper/xcontent/DateAttachmentMapperTests.java","1","0","1","2","27","58","1"
"hazelcast","d38202141395360399c9cf97d4453adf5b1581e1","hazelcast/src/main/java/com/hazelcast/client/impl/protocol/task/cache/CacheRemoveMessageTask.java","1","0","1","2","28","56","1"
"elasticsearch","2b3760f78b26817b5a2030aa27b1ddf2f17462f6","core/src/main/java/org/elasticsearch/rest/action/admin/cluster/RestDeleteRepositoryAction.java","1","0","1","2","28","56","1"
"elasticsearch","2b3760f78b26817b5a2030aa27b1ddf2f17462f6","core/src/main/java/org/elasticsearch/rest/action/admin/cluster/RestRestoreSnapshotAction.java","1","0","1","2","28","56","1"
"netty","cf4d25823c5ec8328e4b7e156330eabe20071084","buffer/src/test/java/io/netty/buffer/SlicedByteBufTest.java","1","0","1","2","28","56","0"
"elasticsearch","2b3760f78b26817b5a2030aa27b1ddf2f17462f6","core/src/main/java/org/elasticsearch/rest/action/admin/indices/RestPutIndexTemplateAction.java","1","0","1","2","29","55","1"
"elasticsearch","2b3760f78b26817b5a2030aa27b1ddf2f17462f6","core/src/main/java/org/elasticsearch/rest/action/admin/indices/RestOpenIndexAction.java","1","0","1","2","29","56","1"
"elasticsearch","51d53791fe71c9cb62bc992588a57cdfb500383f","core/src/main/java/org/elasticsearch/rest/action/admin/indices/RestOpenIndexAction.java","1","0","1","2","29","57","0"
"elasticsearch","51d53791fe71c9cb62bc992588a57cdfb500383f","core/src/main/java/org/elasticsearch/rest/action/admin/cluster/RestCreateSnapshotAction.java","1","0","1","2","29","58","0"
"elasticsearch","51d53791fe71c9cb62bc992588a57cdfb500383f","core/src/main/java/org/elasticsearch/rest/action/admin/cluster/RestGetSnapshotsAction.java","1","0","1","2","29","61","0"
"orientdb","69e34107e527950f8a3df9af2d692904d7de478f","distribution/src/test/java/com/orientechnologies/distribution/integration/demodb/ODemoDbFromDocumentationTraversesIT.java","1","0","1","2","30","45","0"
"elasticsearch","2b3760f78b26817b5a2030aa27b1ddf2f17462f6","core/src/main/java/org/elasticsearch/rest/action/admin/cluster/RestCreateSnapshotAction.java","1","0","1","2","30","58","1"
"BroadleafCommerce","be82be502a3deed449b9965d9b5b57198599582d","core/broadleaf-framework/src/main/java/org/broadleafcommerce/core/order/fulfillment/domain/BandedWeightFulfillmentOptionImpl.java","1","0","1","2","30","59","1"
"elasticsearch","51d53791fe71c9cb62bc992588a57cdfb500383f","core/src/main/java/org/elasticsearch/rest/action/admin/cluster/RestPutRepositoryAction.java","1","0","1","2","30","60","0"
"neo4j","0da6dae6f2ecbbab9a278f3757ef793cbe8d921f","enterprise/ha/src/main/java/org/neo4j/kernel/ha/MasterTransactionCommitProcess.java","1","0","1","2","30","61","1"
"netty","36c6a61d33c480798511723486459f4eea04cb47","resolver-dns/src/main/java/io/netty/resolver/dns/RoundRobinDnsAddressResolverGroup.java","1","0","1","2","30","64","1"
"netty","e074df2ae6501d99921543369198c53e4d99ed1b","resolver-dns/src/main/java/io/netty/resolver/dns/RoundRobinDnsAddressResolverGroup.java","1","0","1","2","30","65","0"
"hazelcast","0287d390022e68e3c252acac8db8e0dfc15ecbea","hazelcast/src/main/java/com/hazelcast/collection/impl/queue/QueueDataSerializerHook.java","1","0","1","2","305","341","1"
"elasticsearch","51d53791fe71c9cb62bc992588a57cdfb500383f","core/src/main/java/org/elasticsearch/rest/action/admin/indices/RestIndexDeleteAliasesAction.java","1","0","1","2","31","59","0"
"hazelcast","a4035afdfc67b757940a15578bc51b4e7b6b0b13","hazelcast/src/main/java/com/hazelcast/client/impl/protocol/task/cache/CacheIterateMessageTask.java","1","0","1","2","31","60","0"
"hazelcast","a4035afdfc67b757940a15578bc51b4e7b6b0b13","hazelcast/src/main/java/com/hazelcast/client/impl/protocol/task/cache/CacheContainsKeyMessageTask.java","1","0","1","2","31","60","0"
"hazelcast","a4035afdfc67b757940a15578bc51b4e7b6b0b13","hazelcast/src/main/java/com/hazelcast/client/impl/protocol/task/cache/CacheGetConfigMessageTask.java","1","0","1","2","31","60","0"
"hazelcast","a86c7b49e493bbffe907e51e94b0de2e6822840a","hazelcast/src/main/java/com/hazelcast/client/impl/protocol/task/cache/CacheRemoveMessageTask.java","1","0","1","2","31","60","1"
"hazelcast","bc945190541c07a740026d0e1d81368a2d79d78e","hazelcast/src/main/java/com/hazelcast/client/impl/protocol/task/cache/CacheIterateMessageTask.java","1","0","1","2","31","60","1"
"hazelcast","205c024fa76e667f18068dba06eb6584d18cf6ab","hazelcast/src/test/java/com/hazelcast/internal/management/PartitionServiceBeanDTOTest.java","1","0","1","2","32","41","1"
"elasticsearch","2b3760f78b26817b5a2030aa27b1ddf2f17462f6","core/src/main/java/org/elasticsearch/rest/action/admin/indices/RestIndexDeleteAliasesAction.java","1","0","1","2","32","59","1"
"hazelcast","d38202141395360399c9cf97d4453adf5b1581e1","hazelcast/src/main/java/com/hazelcast/client/impl/protocol/task/cache/CachePutIfAbsentMessageTask.java","1","0","1","2","32","61","1"
"neo4j","d94daacb45225945a8ab3285f791f8ef58f943b0","enterprise/ha/src/main/java/org/neo4j/kernel/ha/MasterTransactionCommitProcess.java","1","0","1","2","32","63","0"
"elasticsearch","31b0777c911a87b7ebae0efd7d5b14d1e06f3879","core/src/test/java/org/elasticsearch/cluster/routing/RoutingServiceTests.java","1","0","1","2","32","66","0"
"elasticsearch","1959275622ca35997420213d979a1724944aa4f6","src/test/java/org/elasticsearch/common/joda/DateMathParserTests.java","1","0","1","2","32","67","3"
"elasticsearch","4040f194f528c76c88be70b119cf9d7d6fcea99b","plugins/cloud-gce/src/test/java/org/elasticsearch/gce/itest/GceSimpleITest.java","1","0","1","2","32","69","0"
"hazelcast","5009d4a90be3c901942a0a89cf29a92c074231f1","hazelcast/src/main/java/com/hazelcast/collection/impl/queue/QueueDataSerializerHook.java","1","0","1","2","321","358","0"
"orientdb","6fdc17421dd682b30aef282fdda3d7f0db88d754","core/src/test/java/com/orientechnologies/orient/core/serialization/serializer/record/string/ORecordSerializerJSONTest.java","1","0","1","2","33","45","0"
"hazelcast","a4035afdfc67b757940a15578bc51b4e7b6b0b13","hazelcast/src/main/java/com/hazelcast/client/impl/protocol/task/cache/CacheGetMessageTask.java","1","0","1","2","33","63","0"
"hazelcast","ac2dda4566638398a14318604f960e2afce7d3ca","hazelcast/src/main/java/com/hazelcast/spi/impl/IsStillExecutingOperation.java","1","0","1","2","34","48","1"
"titan","55d73740c60812fa57864c07f01e08b09a4504f4","titan-test/src/main/java/com/thinkaurelius/titan/graphdb/TitanEventualGraphTest.java","1","0","1","2","34","53","0"
"hazelcast","a4035afdfc67b757940a15578bc51b4e7b6b0b13","hazelcast/src/main/java/com/hazelcast/client/impl/protocol/task/cache/CachePutIfAbsentMessageTask.java","1","0","1","2","34","64","0"
"hazelcast","a4035afdfc67b757940a15578bc51b4e7b6b0b13","hazelcast/src/main/java/com/hazelcast/client/impl/protocol/task/cache/CachePutMessageTask.java","1","0","1","2","34","64","0"
"hazelcast","a4035afdfc67b757940a15578bc51b4e7b6b0b13","hazelcast/src/main/java/com/hazelcast/client/impl/protocol/task/cache/CacheGetAndReplaceMessageTask.java","1","0","1","2","34","64","0"
"hazelcast","c9b61e1bcaa6fa7457be1ecf886f7f2904ca5b92","hazelcast/src/main/java/com/hazelcast/client/impl/protocol/task/cache/CacheGetAndReplaceMessageTask.java","1","0","1","2","34","64","1"
"orientdb","a2eaf6636bb600c7e6d311b0bb7d112bbaafb4a0","etl/src/test/java/com/orientechnologies/orient/etl/transformer/OETLFlowTransformerTest.java","1","0","1","2","34","72","0"
"hazelcast","2c84640858569786577afc9fb091d5b1e7e73b8b","hazelcast/src/main/java/com/hazelcast/spi/impl/IsStillExecutingOperation.java","1","0","1","2","35","49","0"
"hazelcast","a4035afdfc67b757940a15578bc51b4e7b6b0b13","hazelcast/src/main/java/com/hazelcast/client/impl/protocol/task/cache/CacheReplaceMessageTask.java","1","0","1","2","35","65","0"
"elasticsearch","10810f00d490fdae35cdcff6f1a132d7c21c4816","src/test/java/org/elasticsearch/index/search/slowlog/ShardSlowLogSearchServiceTests.java","1","0","1","2","35","71","0"
"elasticsearch","51d53791fe71c9cb62bc992588a57cdfb500383f","core/src/main/java/org/elasticsearch/rest/action/admin/indices/RestRecoveryAction.java","1","0","1","2","35","76","0"
"orientdb","331294aa28524aabb5128bbffbbdb5afc498cbfe","src/test/java/com/orientechnologies/orient/etl/transformer/OFlowTransformerTest.java","1","0","1","2","36","72","0"
"orientdb","9076e4945a5441e4b88d7bb3f42eefc05bf4a5ed","src/test/java/com/orientechnologies/orient/etl/transformer/OFlowTransformerTest.java","1","0","1","2","36","73","0"
"orientdb","984c71715a77135a3a3b46473e9b6f816f78fb60","etl/src/test/java/com/orientechnologies/orient/etl/transformer/OFlowTransformerTest.java","1","0","1","2","36","73","0"
"elasticsearch","51d53791fe71c9cb62bc992588a57cdfb500383f","core/src/main/java/org/elasticsearch/rest/action/admin/indices/RestSyncedFlushAction.java","1","0","1","2","36","73","0"
"orientdb","36fe694c8f3e92babf28edcd4aeda4d4ec08e667","etl/src/test/java/com/orientechnologies/orient/etl/transformer/OFlowTransformerTest.java","1","0","1","2","36","73","1"
"hazelcast","066e05ebd5b8e1d08c42a5aa2c6e236b925a144d","hazelcast/src/main/java/com/hazelcast/config/ConfigDataSerializerHook.java","1","0","1","2","360","391","2"
"hazelcast","c9d117501d9d7e1014b9006bc4b711baa42e0c57","hazelcast/src/main/java/com/hazelcast/config/ConfigDataSerializerHook.java","1","0","1","2","360","391","1"
"hazelcast","c9d117501d9d7e1014b9006bc4b711baa42e0c57","hazelcast/src/main/java/com/hazelcast/config/ConfigDataSerializerHook.java","1","0","1","2","360","391","1"
"hazelcast","d070f1256c8c7fa823e6463487462826384ee1df","hazelcast/src/main/java/com/hazelcast/cache/impl/CacheDataSerializerHook.java","1","0","1","2","360","391","0"
"hazelcast","fea40322d0c618ef203977987e1a28ef55721b77","hazelcast/src/main/java/com/hazelcast/config/ConfigDataSerializerHook.java","1","0","1","2","368","399","0"
"elasticsearch","2539b779c80e2c7c29cc2e9fcf2e6a85b59edc52","core/src/test/java/org/elasticsearch/index/mapper/DocumentParserTests.java","1","0","1","2","37","64","0"
"hazelcast","70d4de16ff0ac4518d09aad8c9f2ad9e782fb337","hazelcast/src/test/java/com/hazelcast/config/ServiceConfigTest.java","1","0","1","2","37","67","1"
"orientdb","9076e4945a5441e4b88d7bb3f42eefc05bf4a5ed","src/test/java/com/orientechnologies/orient/etl/ETLBaseTest.java","1","0","1","2","37","70","0"
"elasticsearch","51d53791fe71c9cb62bc992588a57cdfb500383f","core/src/main/java/org/elasticsearch/rest/action/admin/indices/RestForceMergeAction.java","1","0","1","2","37","73","0"
"MapDB","72649e80593c3f1fa476c951397a2c9dca467a9c","src/test/java/org/mapdb/StoreAppendTest.java","1","0","1","2","38","141","1"
"netty","cd6b5def8d5d25d4215bb12654bdd2fcbec0be6f","codec-memcache/src/main/java/io/netty/handler/codec/memcache/binary/BinaryMemcacheRequestDecoder.java","1","0","1","2","38","64","0"
"elasticsearch","aa26b66e96e62ad43bc7d30fdd37c725a56e2354","core/src/test/java/org/elasticsearch/index/mapper/DocumentParserTests.java","1","0","1","2","38","65","1"
"elasticsearch","d77bcb0d9b8b961744565f318c1c3aa62c314a79","core/src/test/java/org/elasticsearch/index/mapper/DocumentParserTests.java","1","0","1","2","38","65","1"
"hazelcast","c57d3349fbdda6d4454ef257937a2199cea9572f","hazelcast/src/test/java/com/hazelcast/map/EntryListenerQueryCacheEventTypesTest.java","1","0","1","2","38","65","0"
"netty","ba6ce5449ee852b782dde9a11933f6a09b123e22","example/src/main/java/io/netty/example/http2/tiles/HttpServer.java","1","0","1","2","38","67","0"
"hazelcast","d568e4d926d925d57d4e79e34614390416749301","hazelcast/src/test/java/com/hazelcast/config/ServiceConfigTest.java","1","0","1","2","38","68","0"
"elasticsearch","51d53791fe71c9cb62bc992588a57cdfb500383f","core/src/main/java/org/elasticsearch/rest/action/admin/indices/RestTypesExistsAction.java","1","0","1","2","38","74","0"
"hazelcast","70d4de16ff0ac4518d09aad8c9f2ad9e782fb337","hazelcast/src/main/java/com/hazelcast/cache/impl/ClusterWideIterator.java","1","0","1","2","38","77","1"
"orientdb","0dff0bc67c5efceb992c289a058f05e6a5482ce6","src/test/java/com/orientechnologies/lucene/test/LuceneInheritanceQueryTest.java","1","0","1","2","38","95","1"
"hazelcast","b9d903ab23dbaad884e6add6488d6b6ab3de3bd2","hazelcast/src/main/java/com/hazelcast/cache/impl/CacheDataSerializerHook.java","1","0","1","2","382","415","1"
"hazelcast","5fdda793de15ab4be06a294e013afa671032f9f0","hazelcast/src/main/java/com/hazelcast/cache/impl/CacheDataSerializerHook.java","1","0","1","2","388","421","0"
"MapDB","00a8930ff0dbd0cf3cc9520013037706899b867d","src/test/java/org/mapdb/StoreAppendTest.java","1","0","1","2","39","142","0"
"elasticsearch","2b3760f78b26817b5a2030aa27b1ddf2f17462f6","core/src/main/java/org/elasticsearch/rest/action/admin/cluster/RestClusterSearchShardsAction.java","1","0","1","2","39","68","1"
"elasticsearch","13a347239a48d71486692a72c066e940dec8921b","core/src/test/java/org/elasticsearch/test/transport/AssertingLocalTransport.java","1","0","1","2","39","69","2"
"orientdb","21dce961ef7c05042005bc5e56ff656c03ef0e4a","etl/src/test/java/com/orientechnologies/orient/etl/OETLBaseTest.java","1","0","1","2","39","74","0"
"orientdb","a317b8f99c288a4c3e697667983f14194a6b892a","etl/src/test/java/com/orientechnologies/orient/etl/OETLBaseTest.java","1","0","1","2","39","75","1"
"elasticsearch","51d53791fe71c9cb62bc992588a57cdfb500383f","core/src/main/java/org/elasticsearch/rest/action/admin/indices/RestFlushAction.java","1","0","1","2","39","76","0"
"orientdb","abf6ba2fb52da0ed0fbf5148ca6eaef77f2e0b53","etl/src/test/java/com/orientechnologies/orient/etl/OETLBaseTest.java","1","0","1","2","39","78","1"
"elasticsearch","f30a0e846dd6a5127bddc4e4e3d3159e3841b549","src/main/java/org/elasticsearch/index/fielddata/SortingNumericDocValues.java","1","0","1","2","39","79","1"
"elasticsearch","0f21ed5b701929de4619e204da0419d63c64019c","core/src/main/java/org/elasticsearch/rest/action/admin/indices/RestGetIndexTemplateAction.java","1","0","1","2","39","81","0"
"elasticsearch","673754b1d5897a975ca03f495ded582f377053a3","core/src/main/java/org/elasticsearch/rest/action/document/RestGetSourceAction.java","1","0","1","2","39","90","0"
"hazelcast","7001ec8c5b1305c796de75c2e3f170c562db8c03","hazelcast/src/main/java/com/hazelcast/cache/impl/CacheDataSerializerHook.java","1","0","1","2","394","427","0"
"hazelcast","fbcc874a16fbb977ba12f4c0abc8844b79556bb3","hazelcast-client/src/test/java/com/hazelcast/client/ListenerTest.java","1","0","1","2","40","68","1"
"hazelcast","9f328452bc1cab61e9a08860fb433be3c5223eb6","hazelcast-client/src/test/java/com/hazelcast/client/config/XmlClientConfigBuilderTest.java","1","0","1","2","40","69","1"
"elasticsearch","1b7daafeac24e14093de95b45a2d06d96bd8e1c0","src/test/java/org/elasticsearch/index/mapper/xcontent/MultifieldAttachmentMapperTests.java","1","0","1","2","40","77","4"
"elasticsearch","a94fb92ac5936e137cee028fc96d73bd7dc3a03d","src/main/java/org/elasticsearch/index/fielddata/SortingNumericDocValues.java","1","0","1","2","40","81","0"
"hazelcast","21c679e8a1c8226ecb3d7597b48a6bbd2d011a52","hazelcast-wm/src/test/java/com/hazelcast/wm/test/WebFilterSessionCleanupTest.java","1","0","1","2","40","86","2"
"elasticsearch","1d1225b87c77fd72ffd28cfe51cf070eff5a0522","src/test/java/org/elasticsearch/index/mapper/xcontent/MultifieldAttachmentMapperTests.java","1","0","1","2","41","78","3"
"elasticsearch","1ff2c134720811cb2e54358f321157f17ce50bf0","plugins/repository-s3/src/test/java/org/elasticsearch/repositories/s3/S3BlobStoreContainerTests.java","1","0","1","2","41","80","0"
"elasticsearch","bdb2241892c65eea7e56849f691ad7b1b4b66baf","src/test/java/org/elasticsearch/test/unit/cluster/metadata/MetaDataTests.java","1","0","1","2","42","70","1"
"elasticsearch","1b7daafeac24e14093de95b45a2d06d96bd8e1c0","src/test/java/org/elasticsearch/index/mapper/xcontent/SimpleAttachmentMapperTests.java","1","0","1","2","42","79","2"
"netty","869687bd711e1358367203526128d9a2ad90663a","transport/src/main/java/io/netty/channel/AbstractServerChannel.java","1","0","1","2","42","84","0"
"elasticsearch","2b3760f78b26817b5a2030aa27b1ddf2f17462f6","core/src/main/java/org/elasticsearch/rest/action/admin/indices/RestRecoveryAction.java","1","0","1","2","43","75","1"
"elasticsearch","310df36bfa6e32a3ea1447fc324a7e7e6fdb2af1","src/test/java/org/elasticsearch/index/mapper/xcontent/SimpleAttachmentMapperTests.java","1","0","1","2","43","80","1"
"elasticsearch","eba4da7086dc8bb7cbc3fb1c074f366e8d268ffa","src/test/java/org/elasticsearch/index/mapper/xcontent/SimpleAttachmentMapperTests.java","1","0","1","2","43","80","3"
"elasticsearch","1d1225b87c77fd72ffd28cfe51cf070eff5a0522","src/test/java/org/elasticsearch/index/mapper/xcontent/SimpleAttachmentMapperTests.java","1","0","1","2","43","80","0"
"elasticsearch","2b3760f78b26817b5a2030aa27b1ddf2f17462f6","core/src/main/java/org/elasticsearch/rest/action/admin/indices/RestForceMergeAction.java","1","0","1","2","44","72","1"
"elasticsearch","2b3760f78b26817b5a2030aa27b1ddf2f17462f6","core/src/main/java/org/elasticsearch/rest/action/admin/indices/RestRefreshAction.java","1","0","1","2","44","73","1"
"elasticsearch","51d53791fe71c9cb62bc992588a57cdfb500383f","plugins/jvm-example/src/main/java/org/elasticsearch/plugin/example/ExampleCatAction.java","1","0","1","2","44","79","0"
"orientdb","a2eaf6636bb600c7e6d311b0bb7d112bbaafb4a0","etl/src/test/java/com/orientechnologies/orient/etl/transformer/OETLCommandTransformerTest.java","1","0","1","2","44","84","0"
"hazelcast","22bb2013bb94f5178228794d5a173b1cf9dc38d7","hazelcast-wm/src/test/java/com/hazelcast/wm/test/WebFilterSessionCleanupTest.java","1","0","1","2","44","91","2"
"hazelcast","69975a8df84795d2fbd45e45b1d169e13fcbf0b1","hazelcast-wm/src/test/java/com/hazelcast/wm/test/WebFilterSessionCleanupTest.java","1","0","1","2","44","94","1"
"elasticsearch","bd75b731c654f4c845f0781306b8055704706585","src/main/java/org/elasticsearch/cluster/ClusterModule.java","1","0","1","2","45","76","1"
"hazelcast","047e128ada1c21554be6bae6eb71afbda275e6ce","hazelcast-wm/src/test/java/com/hazelcast/wm/test/WebFilterSessionCleanupTest.java","1","0","1","2","45","94","3"
"elasticsearch","2b3760f78b26817b5a2030aa27b1ddf2f17462f6","core/src/main/java/org/elasticsearch/rest/action/admin/indices/RestFlushAction.java","1","0","1","2","46","75","1"
"elasticsearch","51d53791fe71c9cb62bc992588a57cdfb500383f","core/src/main/java/org/elasticsearch/rest/action/admin/cluster/RestGetRepositoriesAction.java","1","0","1","2","46","89","0"
"hazelcast","42dd3075109d59f1b6847b7a6165b609299cc9d3","hazelcast-wm/src/test/java/com/hazelcast/wm/test/WebFilterSessionCleanupTest.java","1","0","1","2","46","94","1"
"elasticsearch","51d53791fe71c9cb62bc992588a57cdfb500383f","core/src/main/java/org/elasticsearch/rest/action/admin/indices/RestGetMappingAction.java","1","0","1","2","47","110","0"
"elasticsearch","55e9f169c3c5179591f758fb99b6450daabefc19","src/test/java/org/elasticsearch/cluster/serialization/ClusterSerializationTests.java","1","0","1","2","47","89","2"
"orientdb","63f665ab8e02daf3d6d755b33e3f2654e4377670","server/src/test/java/com/orientechnologies/orient/server/network/http/HttpBatchTest.java","1","0","1","2","48","69","0"
"orientdb","683f2a0bba9b64868a8bd1e9a522f4c1924dcb30","graphdb/src/test/java/com/orientechnologies/orient/test/server/network/http/HttpGraphTest.java","1","0","1","2","48","72","0"
"hazelcast","e69880e26ce2126464e63e83b4acb8a4da1fb844","hazelcast/src/test/java/com/hazelcast/client/protocol/MapMessageEncodeDecodeTest.java","1","0","1","2","49","66","1"
"elasticsearch","2b3760f78b26817b5a2030aa27b1ddf2f17462f6","core/src/main/java/org/elasticsearch/rest/action/admin/indices/RestPutMappingAction.java","1","0","1","2","49","82","1"
"elasticsearch","51d53791fe71c9cb62bc992588a57cdfb500383f","core/src/main/java/org/elasticsearch/rest/action/admin/indices/RestPutMappingAction.java","1","0","1","2","49","83","0"
"elasticsearch","852a1103f38ea96d83f7cbae7cd8b8ce5705a53a","src/test/java/org/elasticsearch/cluster/serialization/ClusterSerializationTests.java","1","0","1","2","49","91","0"
"hazelcast","98b898503b40f5fd2d50677d8eb7d145a361ff50","hazelcast/src/main/java/com/hazelcast/jmx/suppliers/StatsSupplier.java","1","0","1","2","5","28","0"
"hazelcast","21345941fe1cf3d761ab689b701039972c46a9a8","hazelcast/src/main/java/com/hazelcast/spi/WaitNotifyService.java","1","0","1","2","5","30","2"
"hazelcast","2149a7a4921b388584c8aa50dd47b319ab6aa50a","hazelcast/src/main/java/com/hazelcast/spi/WaitNotifyService.java","1","0","1","2","5","30","1"
"hazelcast","429f2efd2aae8db7f5328ddf09996a9ed6ff0139","hazelcast-client/src/main/java/com/hazelcast/client/spi/EventHandler.java","1","0","1","2","5","30","1"
"hazelcast","e1177226daca07a20d47f42d8b7c428dfa722454","hazelcast/src/main/java/com/hazelcast/spi/WaitNotifyService.java","1","0","1","2","5","30","2"
"elasticsearch","14d37baa4bcbae00896d8aa69f6b52aab7ba5e14","core/src/main/java/org/elasticsearch/index/engine/EngineFactory.java","1","0","1","2","5","30","1"
"hazelcast","fb6700346872da3eac002c3d2157b9a7da728fa2","hazelcast/src/main/java/com/hazelcast/map/impl/record/RecordFactory.java","1","0","1","2","5","30","0"
"elasticsearch","baa2d51e599bdb901e472d15cc0251e6712c1d25","core/src/main/java/org/elasticsearch/index/engine/EngineFactory.java","1","0","1","2","5","30","0"
"elasticsearch","19448d777528f1158de04858ef2fcc5b2431bd5e","modules/elasticsearch/src/main/java/org/elasticsearch/index/mapper/xcontent/IncludeInAllMapper.java","1","0","1","2","5","31","0"
"BroadleafCommerce","676238e7589522cdbc3b931aa89be906b5f3949e","common/src/main/java/org/broadleafcommerce/common/extensibility/jpa/AutoDDLCreateStatusTestBean.java","1","0","1","2","5","35","0"
"hazelcast","4c1b1b779a2a777ec65393b7af9a0dc4e31d82f5","hazelcast/src/test/java/com/hazelcast/client/protocol/MapMessageEncodeDecodeTest.java","1","0","1","2","50","67","0"
"hazelcast","b94365a388067dd9c5b727836a054f043f34f1f2","hazelcast/src/test/java/com/hazelcast/client/protocol/MapMessageEncodeDecodeTest.java","1","0","1","2","50","67","0"
"hazelcast","d568e4d926d925d57d4e79e34614390416749301","hazelcast/src/test/java/com/hazelcast/client/protocol/MapMessageEncodeDecodeTest.java","1","0","1","2","50","67","0"
"hazelcast","70d4de16ff0ac4518d09aad8c9f2ad9e782fb337","hazelcast/src/test/java/com/hazelcast/client/protocol/MapMessageEncodeDecodeTest.java","1","0","1","2","50","67","1"
"elasticsearch","de243493c9a31354d742c34a66817e8a06798026","src/main/java/org/elasticsearch/cluster/ClusterModule.java","1","0","1","2","50","81","0"
"hazelcast","81b06a82ca28e4fde33f774b1db764a4db57674c","hazelcast-client/src/test/java/com/hazelcast/client/topic/Issue9766Test.java","1","0","1","2","50","86","0"
"elasticsearch","d73a6663b7e773032b207f16fc9dd27883b9eadd","src/test/java/org/elasticsearch/test/unit/index/mapper/merge/TestMergeMapperTests.java","1","0","1","2","50","87","0"
"orientdb","a2eaf6636bb600c7e6d311b0bb7d112bbaafb4a0","etl/src/test/java/com/orientechnologies/orient/etl/extractor/OETLXmlExtractorTest.java","1","0","1","2","50","95","0"
"netty","e33f12f5b8a37b3f2a7291a10a61c8bce6ce73e0","transport/src/main/java/io/netty/channel/AbstractServerChannel.java","1","0","1","2","50","96","1"
"hazelcast","b8562acc26e5d6ed319ac5e19466995dd2d664f9","hazelcast-client/src/test/java/com/hazelcast/client/map/ClientMapWithIndexCreationTest.java","1","0","1","2","51","102","0"
"hazelcast","e4f7959a373b0263506a00fa6941d0020407e6fd","hazelcast/src/test/java/com/hazelcast/client/protocol/MapMessageEncodeDecodeTest.java","1","0","1","2","51","68","1"
"orientdb","67b44e38d6982f4b915b71290548d72dbd5aaa00","core/src/test/java/com/orientechnologies/orient/core/index/sbtree/local/SBTreeValuePageTest.java","1","0","1","2","51","75","1"
"orientdb","ac6ba2add76a1f3d3aaa40429729ec87cfad1e1b","core/src/test/java/com/orientechnologies/orient/core/index/sbtree/local/SBTreeValuePageTest.java","1","0","1","2","51","75","1"
"orientdb","b43eac5ee4b92c9327f3596c5c1986a6c29e1dfb","core/src/test/java/com/orientechnologies/orient/core/index/sbtree/local/SBTreeValuePageTest.java","1","0","1","2","51","75","0"
"hazelcast","c57d3349fbdda6d4454ef257937a2199cea9572f","hazelcast/src/test/java/com/hazelcast/map/EntryListenerEventTypesTest.java","1","0","1","2","51","81","0"
"elasticsearch","13a347239a48d71486692a72c066e940dec8921b","core/src/main/java/org/elasticsearch/search/SearchModule.java","1","0","1","2","51","83","3"
"elasticsearch","a8baec696080751b3f4e6a79a6be103704cd9e9e","modules/elasticsearch/src/main/java/org/elasticsearch/cluster/ClusterModule.java","1","0","1","2","52","83","0"
"orientdb","46bbcabde62c2b9e61ebaf45dc23f16d9dee7f02","lucene/src/test/java/com/orientechnologies/lucene/tests/OLuceneBackupRestoreTest.java","1","0","1","2","53","102","1"
"netty","2a6ed67efc4ffb15647313b82e450a3951a6a3bd","example/src/main/java/io/netty/example/securechat/SecureChatSslContextFactory.java","1","0","1","2","53","109","1"
"elasticsearch","42b20d601fe2bcece29332a116031616b90d1323","src/main/java/org/elasticsearch/indices/IndicesModule.java","1","0","1","2","53","86","1"
"netty","afb46b926f9df6f1da91cbd011fa8f43d1566bb8","example/src/main/java/io/netty/example/http2/tiles/Http2Server.java","1","0","1","2","53","87","0"
"orientdb","136db63960bbf53514691bf5a0bb8361a5ea5361","lucene/src/test/java/com/orientechnologies/lucene/tests/OLuceneBackupRestoreTest.java","1","0","1","2","54","103","0"
"orientdb","daa89846a07faf0215b5d99ec4121ebd7395c41e","core/src/test/java/com/orientechnologies/orient/core/index/sbtree/local/SBTreeValuePageTest.java","1","0","1","2","54","78","0"
"netty","9bcfef0f10694260a0c066278858b1c528f09ee0","example/src/main/java/io/netty/example/http2/tiles/Http2Server.java","1","0","1","2","54","88","1"
"orientdb","be2d4e0441f2baad46d40cf3621d5be0a648cea4","lucene/src/test/java/com/orientechnologies/lucene/test/LuceneNullTest.java","1","0","1","2","55","81","0"
"elasticsearch","de243493c9a31354d742c34a66817e8a06798026","src/main/java/org/elasticsearch/cluster/settings/ClusterDynamicSettingsModule.java","1","0","1","2","55","83","1"
"elasticsearch","b7451533c893214caf754737036330d3dea892cd","src/main/java/org/elasticsearch/indices/IndicesModule.java","1","0","1","2","55","88","0"
"elasticsearch","2076194d8f78599af46617896f006623a2e517f8","src/test/java/org/elasticsearch/index/fielddata/NoOrdinalsStringFieldDataTests.java","1","0","1","2","57","94","1"
"elasticsearch","a596459ed6580883e83922abffd6651705ff0c1e","src/test/java/org/elasticsearch/cluster/settings/SettingsValidatorTests.java","1","0","1","2","57","96","2"
"elasticsearch","40b80ae10460567144bbb0d8dcb606d4a10418ac","core/src/test/java/org/elasticsearch/action/DocWriteResponseTests.java","1","0","1","2","59","90","1"
"elasticsearch","d97839b8a82b9aedf7ebba81905e6f6c9d57ebc7","src/test/java/org/elasticsearch/test/unit/index/analysis/CharFilterTests.java","1","0","1","2","59","96","0"
"hazelcast","b4f94a00cf1628aa0437ded2c556bae9608f74c6","hazelcast-client/src/main/java/com/hazelcast/client/spi/impl/ConnectionHeartbeatListener.java","1","0","1","2","6","16","0"
"netty","81e2db10faaf0389f4e1af8c7132210946203157","transport/src/main/java/io/netty/channel/ChannelOutboundHandler.java","1","0","1","2","6","29","0"
"hazelcast","c861dc91568954f00860400605e72df0f3086ac7","hazelcast/src/main/java/com/hazelcast/query/impl/Extractable.java","1","0","1","2","6","31","0"
"BroadleafCommerce","63aa5cc40c50ecfd1ce037cf6578891c2cf95618","admin/broadleaf-open-admin-platform/src/main/java/org/broadleafcommerce/openadmin/server/security/dao/ForgotPasswordSecurityTokenDao.java","1","0","1","2","6","33","1"
"hazelcast","4a488992e08798ae42140d1bfbe29ade0b957d40","hazelcast/src/main/java/com/hazelcast/map/impl/mapstore/writebehind/StoreListener.java","1","0","1","2","6","34","1"
"hazelcast","93fd800d6c6f6781ef95536bba7e2b200fe9678d","hazelcast-client/src/main/java/com/hazelcast/client/spi/ClientListenerService.java","1","0","1","2","6","34","2"
"hazelcast","b0a815f459c18eed67fcd6e4bf122bad043ef8a5","hazelcast-client/src/main/java/com/hazelcast/client/spi/ClientListenerService.java","1","0","1","2","6","34","1"
"hazelcast","da8888f97af74b4590dfc1dce3d0bdeb44654000","hazelcast-client/src/main/java/com/hazelcast/client/spi/ClientListenerService.java","1","0","1","2","6","34","0"
"BroadleafCommerce","63aa5cc40c50ecfd1ce037cf6578891c2cf95618","core/broadleaf-profile/src/main/java/org/broadleafcommerce/profile/core/dao/CustomerForgotPasswordSecurityTokenDao.java","1","0","1","2","6","35","1"
"BroadleafCommerce","e216da5ebb303680f5c60ffcd75979f5876ab5a6","common/src/main/java/org/broadleafcommerce/common/persistence/transaction/SqlStatementLoggable.java","1","0","1","2","6","36","0"
"elasticsearch","4a49f4d928d4dedbff0183890d23fa0e9b71b1dc","core/src/test/java/org/elasticsearch/index/mapper/core/TokenCountFieldMapperTests.java","1","0","1","2","60","94","2"
"netty","aa6e6ae307b3d6d98b61cc8f3be6649e48131cab","transport/src/test/java/io/netty/channel/AbstractEventLoopTest.java","1","0","1","2","61","94","0"
"elasticsearch","9080f51340b1b26f8bd171b4c82de8d87ad42b55","core/src/test/java/org/elasticsearch/index/mapper/core/TokenCountFieldMapperTests.java","1","0","1","2","62","96","1"
"elasticsearch","d84c643f5880a88d2e5c38b487123161f3e01fe0","core/src/test/java/org/elasticsearch/index/mapper/core/TokenCountFieldMapperTests.java","1","0","1","2","63","97","0"
"elasticsearch","62b821ccf4e2bf221382df85e2785016f74012bc","core/src/test/java/org/elasticsearch/index/mapper/TokenCountFieldMapperTests.java","1","0","1","2","64","98","1"
"elasticsearch","972bdc09ee93147c3a1f1def460f3f78977f6c61","modules/reindex/src/test/java/org/elasticsearch/index/reindex/ReindexParentChildTests.java","1","0","1","2","65","117","0"
"elasticsearch","5278cf0d5e1afa6cf6d0959e839c0ed2408908f8","core/src/test/java/org/elasticsearch/index/mapper/core/TokenCountFieldMapperTests.java","1","0","1","2","68","103","1"
"elasticsearch","598854dd72d7fb01a7e26a9dad065de3deaa5eb7","src/test/java/org/elasticsearch/discovery/zen/ZenDiscoveryRejoinOnMaster.java","1","0","1","2","69","103","0"
"hazelcast","42e5849f7ebce11fa76d0780610fba85b1818987","hazelcast-client/src/main/java/com/hazelcast/client/spi/ClientListenerService.java","1","0","1","2","7","16","0"
"orientdb","a2eaf6636bb600c7e6d311b0bb7d112bbaafb4a0","etl/src/main/java/com/orientechnologies/orient/etl/block/OETLBlock.java","1","0","1","2","7","32","0"
"orientdb","50bb0365603295268745639338630da96d9c93fc","server/src/main/java/com/orientechnologies/orient/server/distributed/ODistributedDatabase.java","1","0","1","2","7","36","0"
"BroadleafCommerce","fdc7d18692bbea8a677af04f5c9dc56a0a6946f1","core/broadleaf-framework-web/src/main/java/org/broadleafcommerce/core/web/api/wrapper/APIWrapper.java","1","0","1","2","7","42","0"
"neo4j","7723d89e6d1d951e8923fb102da0228db2e4e8f9","community/kernel/src/test/java/org/neo4j/kernel/impl/api/store/DiskLayerNodeAndRelTest.java","1","0","1","2","70","110","1"
"neo4j","4f04ee08438d4e1c99095d9d8a9f2ec223af89a9","community/kernel/src/test/java/org/neo4j/kernel/impl/api/store/DiskLayerNodeAndRelTest.java","1","0","1","2","71","111","0"
"elasticsearch","97559c0614d900a682d01afc241615cf5627fb4c","src/test/java/org/elasticsearch/cluster/settings/SettingsValidatorTests.java","1","0","1","2","71","112","0"
"elasticsearch","9569166f9431cafe322de6d1f96b7bfd6f50b798","src/test/java/org/elasticsearch/timestamp/SimpleTimestampTests.java","1","0","1","2","71","121","1"
"elasticsearch","d84c643f5880a88d2e5c38b487123161f3e01fe0","core/src/test/java/org/elasticsearch/index/mapper/core/LegacyTokenCountFieldMapperTests.java","1","0","1","2","73","110","0"
"orientdb","5faebee4df823f6b5639fb934ae31252e8893687","distribution/src/test/java/com/orientechnologies/distribution/integration/OGitHubIssuesIT.java","1","0","1","2","73","97","0"
"orientdb","39a8884d03c0bc49b8ecf655a22fe80646afa1e6","spatial/src/main/java/com/orientechnologies/spatial/shape/legacy/OShapeBuilderLegacy.java","1","0","1","2","8","16","0"
"orientdb","39a8884d03c0bc49b8ecf655a22fe80646afa1e6","spatial/src/main/java/com/orientechnologies/spatial/engine/OLuceneSpatialIndexContainer.java","1","0","1","2","8","35","0"
"BroadleafCommerce","8a290dc9d712fbf3ac55ae861cf8699e97f25ed3","core/broadleaf-framework-web/src/main/java/org/broadleafcommerce/core/web/cache/BLCICacheExtensionHandler.java","1","0","1","2","8","36","0"
"BroadleafCommerce","a943eeae9ff5398e1779755ad265d6e1eb0e094c","common/src/main/java/org/broadleafcommerce/common/payment/service/PaymentGatewayTransparentRedirectService.java","1","0","1","2","8","46","0"
"elasticsearch","896e8657ea498c074e9b7661d71f698b5cd23e94","src/test/java/org/elasticsearch/indices/state/RareClusterStateTests.java","1","0","1","2","81","119","0"
"neo4j","6c8369c716c6e03b95a6d4de5a991dc0b7e2e0f0","community/kernel/src/main/java/org/neo4j/kernel/impl/pagecache/StandalonePageCacheFactory.java","1","0","1","2","82","126","0"
"elasticsearch","7ab0e2c5321c802068d85c0fa3a0f44e0b02c5a4","core/src/test/java/org/elasticsearch/search/scriptfilter/ScriptQuerySearchIT.java","1","0","1","2","83","122","1"
"elasticsearch","5090260119597dd0b273214c323e84f41da8f049","core/src/test/java/org/elasticsearch/cluster/metadata/IndexTemplateMetaDataTests.java","1","0","1","2","85","124","0"
"elasticsearch","5a64f08f048461a63a0ca1354a5050c954e63d52","modules/lang-groovy/src/test/java/org/elasticsearch/messy/tests/ScriptQuerySearchTests.java","1","0","1","2","85","124","0"
"elasticsearch","0a69f1e283e26e5d9e6a000b68b9f4778de557a1","modules/lang-groovy/src/test/java/org/elasticsearch/messy/tests/ScriptQuerySearchTests.java","1","0","1","2","85","124","2"
"netty","14189140a0e07ab1cac8b91b49a787143870890e","common/src/test/java/io/netty/util/internal/logging/AbstractInternalLoggerTest.java","1","0","1","2","87","151","0"
"neo4j","d5fff5e078ab50c257cd55a7cd82be15f2783919","community/kernel/src/main/java/org/neo4j/kernel/impl/pagecache/StandalonePageCacheFactory.java","1","0","1","2","88","133","0"
"elasticsearch","e82be00890ead1fe9684057d060a33f081af4b62","modules/reindex/src/test/java/org/elasticsearch/index/reindex/ReindexParentChildTests.java","1","0","1","2","88","144","1"
"orientdb","87154d21d3773b56833010727fdc7e1c88c9aee3","core/src/main/java/com/orientechnologies/orient/core/exception/OIndexIsRebuildingException.java","1","0","1","2","9","18","1"
"hazelcast","6877ba723a85d969dc6b200777f3cca5c2e8b73b","hazelcast/src/main/java/com/hazelcast/spi/exception/TargetDisconnectedException.java","1","0","1","2","9","33","2"
"orientdb","dc025634bd8133bb14ce499efe6078c88ed5ad7c","core/src/main/java/com/orientechnologies/orient/core/exception/OIndexIsRebuildingException.java","1","0","1","2","9","34","0"
"elasticsearch","3d13c27fa0df12018f35f1b20987c90277e9b6f9","core/src/main/java/org/elasticsearch/discovery/zen/DiscoveryNodesProvider.java","1","0","1","2","9","36","1"
"elasticsearch","fa16969360ea43667ad11f827bbf86718c18fcc6","src/main/java/org/elasticsearch/ElasticsearchTimeoutException.java","1","0","1","2","9","36","1"
"elasticsearch","10ec2e948a2f1426a5058ca3b2c2e39952f141d8","src/main/java/org/elasticsearch/ElasticsearchTimeoutException.java","1","0","1","2","9","36","0"
"hazelcast","623ff1855aa985aa276e8395aabf0b534c7a36c3","hazelcast-client-legacy/src/main/java/com/hazelcast/client/spi/ClientListenerService.java","1","0","1","2","9","37","0"
"elasticsearch","10ec2e948a2f1426a5058ca3b2c2e39952f141d8","src/main/java/org/elasticsearch/ElasticsearchInterruptedException.java","1","0","1","2","9","37","0"
"elasticsearch","fa16969360ea43667ad11f827bbf86718c18fcc6","src/main/java/org/elasticsearch/ElasticsearchGenerationException.java","1","0","1","2","9","37","1"
"BroadleafCommerce","f2e2ca5db03d4386f59c5fd129fe65acae3d90dd","core/broadleaf-framework/src/main/java/org/broadleafcommerce/core/order/service/MergeCartServiceExtensionHandler.java","1","0","1","2","9","40","0"
"hazelcast","0033fe9fda6e4bf1101cc8d7bd83a43d9be54c75","hazelcast/src/main/java/com/hazelcast/core/ICompletableFuture.java","1","0","1","2","9","44","0"
"BroadleafCommerce","a943eeae9ff5398e1779755ad265d6e1eb0e094c","common/src/main/java/org/broadleafcommerce/common/payment/service/PaymentGatewayTamperProofSealService.java","1","0","1","2","9","55","0"
"elasticsearch","8db27cc5bcaf38067c6bd1f6abf93b023bffe78b","src/test/java/org/elasticsearch/test/unit/index/percolator/PercolatorExecutorTests.java","1","0","1","2","92","133","1"
"elasticsearch","de243493c9a31354d742c34a66817e8a06798026","src/main/java/org/elasticsearch/index/settings/IndexDynamicSettingsModule.java","1","0","1","2","94","122","0"
"elasticsearch","aeae38025803eead4424a7abd90d16b62021fadc","src/test/java/org/elasticsearch/test/unit/index/percolator/PercolatorExecutorTests.java","1","0","1","2","97","143","0"
"elasticsearch","b72f44b93a4f690a59193a123e700dea70ef09ab","src/test/java/org/elasticsearch/index/query/IndexQueryParserFilterCachingTests.java","1","0","1","2","98","140","1"
"titan","86e5b6e3b408b55a7705c20627e702ca5c1fe313","titan-core/src/main/java/com/thinkaurelius/titan/example/GraphOfTheGodsFactory.java","1","0","1","2","98","142","0"
"titan","070f75a3a577d2703e77fac45710686dc1cd8a99","titan-core/src/main/java/com/thinkaurelius/titan/example/GraphOfTheGodsFactory.java","1","0","1","2","98","142","0"
"titan","e7167fe372470cbecec7f2713ca423fb319e455a","titan-core/src/main/java/com/thinkaurelius/titan/example/GraphOfTheGodsFactory.java","1","0","1","2","98","142","1"
"elasticsearch","2e2e345dcb90e1ec1c48c6bb5348469fc514aea1","src/test/java/org/elasticsearch/indices/mapping/SimpleGetMappingsTests.java","1","0","1","2","99","147","5"
"elasticsearch","10ec2e948a2f1426a5058ca3b2c2e39952f141d8","src/main/java/org/elasticsearch/action/admin/cluster/state/ClusterStateRequest.java","1","0","1","20","107","161","0"
"elasticsearch","2a588dc1f109022331ae43959ac8e2e46ee69168","src/main/java/org/elasticsearch/action/admin/cluster/state/ClusterStateRequest.java","1","0","1","20","107","161","0"
"elasticsearch","fa16969360ea43667ad11f827bbf86718c18fcc6","src/main/java/org/elasticsearch/action/admin/cluster/state/ClusterStateRequest.java","1","0","1","20","107","161","1"
"elasticsearch","93beea1f670f1e0d53bc3fd3ee671bc235d5f1aa","core/src/main/java/org/elasticsearch/action/admin/cluster/state/ClusterStateRequest.java","1","0","1","20","116","163","0"
"MapDB","151f856bdfd4d74e464459994ceb84e1daa61aba","src/test/java/org/mapdb/LoggerVolume.java","1","0","1","20","129","170","0"
"netty","f2d8a745b156d7002044076e17346955795a114d","buffer/src/test/java/io/netty/buffer/ReadOnlyByteBufTest.java","1","0","1","20","135","186","0"
"BroadleafCommerce","e216da5ebb303680f5c60ffcd75979f5876ab5a6","admin/broadleaf-open-admin-platform/src/main/java/org/broadleafcommerce/openadmin/server/security/domain/AdminSectionImpl.java","1","0","1","20","158","226","0"
"BroadleafCommerce","efc71736d6f8dca2f907a57445e14bba8e752f93","admin/broadleaf-open-admin-platform/src/main/java/org/broadleafcommerce/openadmin/server/security/domain/AdminSectionImpl.java","1","0","1","20","162","227","0"
"BroadleafCommerce","bef98293c37c8f2be31fd8604ff8c34527f70c63","admin/broadleaf-open-admin-platform/src/main/java/org/broadleafcommerce/openadmin/server/security/domain/AdminSectionImpl.java","1","0","1","20","162","230","2"
"BroadleafCommerce","f0b515282ed6e2c8301cb37d513fde112b4acbce","admin/broadleaf-open-admin-platform/src/main/java/org/broadleafcommerce/openadmin/server/security/domain/AdminSectionImpl.java","1","0","1","20","168","236","1"
"hazelcast","e4f7959a373b0263506a00fa6941d0020407e6fd","hazelcast/src/test/java/com/hazelcast/client/protocol/FlyweightTest.java","1","0","1","20","189","229","1"
"elasticsearch","3202af0dc15835f3980a3c357dbdfd14d45c129a","modules/elasticsearch/src/main/java/org/elasticsearch/client/transport/support/InternalTransportClusterAdminClient.java","1","0","1","20","196","252","0"
"elasticsearch","0d755472d363de6a96f74edcfb8b4040afd98553","modules/elasticsearch/src/main/java/org/elasticsearch/client/transport/support/InternalTransportClusterAdminClient.java","1","0","1","20","205","261","0"
"elasticsearch","284a35131cd6a96baba14b31c827e5f6dab7b4ad","modules/elasticsearch/src/main/java/org/elasticsearch/rest/RestRequest.java","1","0","1","20","32","78","0"
"hazelcast","0e9329ffb97224ae57b509d4ecfce62647b62bf8","hazelcast/src/main/java/com/hazelcast/cache/impl/ICacheService.java","1","0","1","20","35","82","2"
"hazelcast","3af9c0792b640c4eb629a23025e5218871effc3c","hazelcast/src/main/java/com/hazelcast/cache/impl/ICacheService.java","1","0","1","20","35","82","1"
"hazelcast","521f9e5ef48c7e06d058e7a8c3e9a7aae820fe80","hazelcast/src/main/java/com/hazelcast/cache/impl/ICacheService.java","1","0","1","20","35","82","1"
"hazelcast","c4feb143e90da0ac828ba9077c83e15a9d4fb4cd","hazelcast/src/main/java/com/hazelcast/cache/impl/ICacheService.java","1","0","1","20","35","82","1"
"hazelcast","c9228490cc7281e74ebad67f302dba195240b495","hazelcast/src/main/java/com/hazelcast/cache/impl/ICacheService.java","1","0","1","20","35","82","2"
"hazelcast","23c8fa6ea06ea514d0009b6cb37f8af245bef892","hazelcast/src/main/java/com/hazelcast/cache/impl/ICacheService.java","1","0","1","20","35","82","0"
"hazelcast","5a16e5ad2333962484c360578bba777dd32ad20e","hazelcast/src/main/java/com/hazelcast/cache/impl/ICacheService.java","1","0","1","20","35","82","0"
"hazelcast","37da3959df4151b304b211df87a6b900c0169cc5","hazelcast/src/main/java/com/hazelcast/cache/impl/ICacheService.java","1","0","1","20","35","83","1"
"netty","3482651e0c29edfa02f189751c704ebe4fe8f54c","codec-http2/src/main/java/io/netty/handler/codec/http2/Http2EventAdapter.java","1","0","1","20","76","116","0"
"elasticsearch","4e5714b31fe3d3b9fdedb18064253fa50b79bcc0","src/main/java/org/elasticsearch/search/aggregations/AggregationBuilders.java","1","0","1","20","85","130","0"
"hazelcast","f887e064afaf34631e3af2a3abcd250b11be9b9c","hazelcast-spring/src/test/java/com/hazelcast/spring/cache/AbstractHazelcastCacheReadTimeoutTest.java","1","0","1","21","130","189","0"
"netty","2fbce6d470862b8896a44cddf1a061b3b738d206","buffer/src/test/java/io/netty/buffer/ReadOnlyByteBufTest.java","1","0","1","21","143","193","1"
"netty","463b5cf21b6fe6e0e8b08615f3e47beb31f39025","buffer/src/test/java/io/netty/buffer/SlicedByteBufTest.java","1","0","1","21","144","200","0"
"hazelcast","e4f7959a373b0263506a00fa6941d0020407e6fd","hazelcast/src/test/java/com/hazelcast/client/protocol/ClientMessageTest.java","1","0","1","21","253","337","1"
"hazelcast","31b746bc11a9f8f1787e58c7f4139784dfb5c404","hazelcast/src/main/java/com/hazelcast/cache/impl/ICacheService.java","1","0","1","21","37","85","0"
"hazelcast","6d3367f4f483c762f0f00f98bc4151ad321a87cb","hazelcast/src/main/java/com/hazelcast/cache/impl/ICacheService.java","1","0","1","21","37","86","2"
"BroadleafCommerce","e216da5ebb303680f5c60ffcd75979f5876ab5a6","admin/broadleaf-open-admin-platform/src/main/java/org/broadleafcommerce/openadmin/server/domain/FetchPageRequest.java","1","0","1","21","80","128","0"
"hazelcast","b4f94a00cf1628aa0437ded2c556bae9608f74c6","hazelcast/src/main/java/com/hazelcast/client/impl/client/ClientRequest.java","1","0","1","21","84","135","0"
"hazelcast","06cffdc24c82d1dd0c8d59aa33f46ef5f6910782","hazelcast/src/main/java/com/hazelcast/map/impl/MapService.java","1","0","1","22","129","193","1"
"hazelcast","8e16f818bc2f1f07a02ca59bd2dbafb84e476939","hazelcast/src/main/java/com/hazelcast/map/impl/MapService.java","1","0","1","22","129","193","1"
"hazelcast","12e2af6c4b59fcb4dc5257758c8a911466677fd8","hazelcast/src/main/java/com/hazelcast/map/impl/MapService.java","1","0","1","22","129","193","0"
"hazelcast","290160eb73377fc226cbc5858d1c2c3803b79d6d","hazelcast/src/main/java/com/hazelcast/map/impl/MapService.java","1","0","1","22","129","195","2"
"hazelcast","47272dcf84997e899c65c6de1b3164f849b6ece3","hazelcast/src/main/java/com/hazelcast/map/impl/MapService.java","1","0","1","22","130","191","1"
"netty","e7631867d30e26961e121ca05f5e3c078345984f","buffer/src/test/java/io/netty/buffer/SlicedByteBufTest.java","1","0","1","22","156","214","1"
"hazelcast","d81bf31c8a1b7795a17e3911a4d9c38ead8c24d5","hazelcast/src/main/java/com/hazelcast/cache/impl/ICacheService.java","1","0","1","22","37","88","0"
"hazelcast","e36961ec544dd8857aa8990276d1cac0e1180424","hazelcast/src/main/java/com/hazelcast/cache/impl/ICacheService.java","1","0","1","22","39","90","1"
"hazelcast","c8effb7cfbcb5fc7bb5b4ab81a792c8894e980d4","hazelcast/src/main/java/com/hazelcast/map/impl/operation/WANAwareOperationProvider.java","1","0","1","23","138","189","1"
"hazelcast","1bc2827e1f686e5480817389acd25d199938b37d","hazelcast/src/main/java/com/hazelcast/map/impl/operation/WANAwareOperationProvider.java","1","0","1","23","139","198","0"
"hazelcast","4c1b1b779a2a777ec65393b7af9a0dc4e31d82f5","hazelcast/src/test/java/com/hazelcast/client/protocol/ClientMessageTest.java","1","0","1","23","291","391","0"
"hazelcast","e69880e26ce2126464e63e83b4acb8a4da1fb844","hazelcast/src/test/java/com/hazelcast/client/protocol/ClientMessageTest.java","1","0","1","23","292","392","1"
"hazelcast","b94365a388067dd9c5b727836a054f043f34f1f2","hazelcast/src/test/java/com/hazelcast/client/protocol/ClientMessageTest.java","1","0","1","23","297","397","0"
"neo4j","3da8523ddc5b1463dae1b497f6787835b5663e6a","community/kernel/src/main/java/org/neo4j/storageengine/api/txstate/PropertyContainerState.java","1","0","1","23","77","130","0"
"hazelcast","5faf364de0508ab69091eaf53beddf235c8f8361","hazelcast/src/main/java/com/hazelcast/cache/impl/CacheEventContext.java","1","0","1","23","82","128","1"
"hazelcast","d81bf31c8a1b7795a17e3911a4d9c38ead8c24d5","hazelcast/src/main/java/com/hazelcast/cache/impl/CacheEventContext.java","1","0","1","23","82","130","0"
"netty","6e5b25733f49d2ea843a89b4d547b856142212ec","codec-http2/src/main/java/io/netty/handler/codec/http2/Http2EventAdapter.java","1","0","1","23","85","128","1"
"netty","789c9a53df5e6a973ab096a3b024d235d30ed1e2","codec-http2/src/main/java/io/netty/handler/codec/http2/Http2EventAdapter.java","1","0","1","23","85","128","1"
"netty","3240e9742021354dddf3d182526e350f73a4315e","codec-http2/src/main/java/io/netty/handler/codec/http2/Http2EventAdapter.java","1","0","1","23","85","128","0"
"hazelcast","2475bbf60216363d3022a2ace31d1d24a39a2183","hazelcast/src/main/java/com/hazelcast/cache/impl/CacheEventContext.java","1","0","1","23","93","140","1"
"hazelcast","d3cbff0d7e617a66083ec64627708734262e3757","hazelcast/src/main/java/com/hazelcast/cache/impl/CacheEventContext.java","1","0","1","23","93","140","1"
"hazelcast","0397d6e2c44ad20946cf32ae695b8bead6819d21","hazelcast/src/main/java/com/hazelcast/cache/impl/CacheEventContext.java","1","0","1","23","93","140","0"
"netty","452fd3624081553ed0d2b9b6f59c21789a274f69","buffer/src/test/java/io/netty/buffer/ReadOnlyByteBufTest.java","1","0","1","24","181","235","0"
"hazelcast","c57d3349fbdda6d4454ef257937a2199cea9572f","hazelcast/src/test/java/com/hazelcast/map/AbstractEntryEventTypesTest.java","1","0","1","24","217","277","0"
"hazelcast","bd1cf2be6e18e649d51632574fc01d0cef642e69","hazelcast/src/main/java/com/hazelcast/replicatedmap/impl/record/ReplicatedRecordStore.java","1","0","1","24","33","81","1"
"titan","ed88d7286080492045efafb45a69fa4cb6eeb94d","src/main/java/com/thinkaurelius/titan/graphdb/query/AtomicQuery.java","1","0","1","24","34","77","0"
"orientdb","eda978aeda4e2d46618285fcb1d73642a30164c2","core/src/main/java/com/orientechnologies/orient/core/index/engine/ORemoteIndexEngine.java","1","0","1","25","126","181","1"
"orientdb","d08b539b6ad032f789bfec08be94fd736167c9e1","core/src/test/java/com/orientechnologies/orient/core/index/OPropertyListIndexDefinitionTest.java","1","0","1","25","297","405","1"
"orientdb","eda36859b9b033e1c3c6c69dce74c4959ac3439e","core/src/test/java/com/orientechnologies/orient/core/index/OPropertyListIndexDefinitionTest.java","1","0","1","25","297","405","1"
"orientdb","c44bbca080721b05af1db86562a16b199916fd3c","core/src/test/java/com/orientechnologies/orient/core/index/OPropertyListIndexDefinitionTest.java","1","0","1","25","297","405","0"
"hazelcast","b4a87b9da3359832b5462f2769e42be156abbcfd","hazelcast/src/main/java/com/hazelcast/replicatedmap/impl/record/ReplicatedRecordStore.java","1","0","1","25","34","83","2"
"hazelcast","d84d7aa0862d3428212a61cd4dca256dc85f9178","hazelcast/src/main/java/com/hazelcast/replicatedmap/impl/record/ReplicatedRecordStore.java","1","0","1","25","34","83","2"
"hazelcast","cde914700341904b25a04a43f120d8e8b6ace0d1","hazelcast/src/main/java/com/hazelcast/replicatedmap/impl/record/ReplicatedRecordStore.java","1","0","1","25","34","83","0"
"hazelcast","58ee08ae4f1eccb6124e2880fa5a8f6d708e89ce","hazelcast/src/test/java/com/hazelcast/instance/SimpleMemberImpl.java","1","0","1","26","106","165","0"
"orientdb","2767a54ee6308493e6a69b4b2951d8d2252bfd6b","core/src/main/java/com/orientechnologies/orient/core/index/engine/ORemoteIndexEngine.java","1","0","1","26","129","185","0"
"elasticsearch","3202af0dc15835f3980a3c357dbdfd14d45c129a","modules/elasticsearch/src/main/java/org/elasticsearch/client/transport/support/InternalTransportClient.java","1","0","1","26","242","309","0"
"elasticsearch","0d755472d363de6a96f74edcfb8b4040afd98553","modules/elasticsearch/src/main/java/org/elasticsearch/client/transport/support/InternalTransportClient.java","1","0","1","26","253","320","0"
"hazelcast","5a47cb9e423b8b8ed95d6282d2e7b23e951147fd","hazelcast/src/test/java/com/hazelcast/client/protocol/ClientMessageTest.java","1","0","1","26","313","415","2"
"orientdb","eda978aeda4e2d46618285fcb1d73642a30164c2","core/src/main/java/com/orientechnologies/orient/core/index/OIndexEngine.java","1","0","1","26","41","93","1"
"hazelcast","1ec9b79a96f8c74881d2912c4d7b3c40f62a8b64","hazelcast/src/main/java/com/hazelcast/map/impl/querycache/subscriber/NullQueryCache.java","1","0","1","27","116","171","1"
"hazelcast","38bccc612ff2b5faab1bd4593babd0e7f1f9652f","hazelcast/src/main/java/com/hazelcast/map/impl/record/AbstractRecord.java","1","0","1","27","124","184","2"
"hazelcast","2ff6dc4e39ac737568f95eb749d69d1d320f5292","hazelcast/src/main/java/com/hazelcast/map/impl/record/AbstractRecord.java","1","0","1","27","125","184","0"
"hazelcast","4f8baf629d95173c017dff426932eaa3919549c0","hazelcast/src/main/java/com/hazelcast/map/impl/record/AbstractRecord.java","1","0","1","27","126","186","1"
"elasticsearch","3b5c133c7143e6ff09e947d30ea2222af18556f0","modules/elasticsearch/src/main/java/org/elasticsearch/index/cache/CacheStats.java","1","0","1","27","138","192","0"
"elasticsearch","ebd95b7eb80cb89dfc4c9567a00cca715f4e999b","modules/elasticsearch/src/main/java/org/elasticsearch/index/cache/CacheStats.java","1","0","1","27","145","199","0"
"hazelcast","9f3e4501bfc972d29b09eaf5d394b78cf879446b","hazelcast/src/main/java/com/hazelcast/cache/impl/ICacheService.java","1","0","1","27","51","103","0"
"hazelcast","6607ff39b1f31c14a8b2dd8fdd79147907c0ab7a","hazelcast/src/main/java/com/hazelcast/cache/impl/ICacheService.java","1","0","1","27","52","104","1"
"elasticsearch","b4d1d899d2d91cce8677deb0930ae622121d1ca1","src/main/java/org/elasticsearch/index/mapper/MapperBuilders.java","1","0","1","28","97","152","0"
"hazelcast","a65cac7cdaf9c4c2b8fe1a1eb42e1ee358d75265","hazelcast/src/main/java/com/hazelcast/map/impl/querycache/subscriber/NullQueryCache.java","1","0","1","29","123","181","0"
"hazelcast","620258d135b49f217ccf58b36bbbe31f4198bb18","hazelcast/src/main/java/com/hazelcast/replicatedmap/impl/record/ReplicatedRecordStore.java","1","0","1","29","38","89","1"
"elasticsearch","5bb75f9da308bb14f07596d41e396cf5cb3099b6","src/main/java/org/elasticsearch/index/cache/query/parser/QueryParserCache.java","1","0","1","3","10","38","1"
"elasticsearch","c18c609af171c06a217adef0b2f123f1e247cbbf","src/main/java/org/elasticsearch/index/cache/query/parser/QueryParserCache.java","1","0","1","3","10","39","0"
"neo4j","9af30da086d5f06bb89d34a9f0c7da244d033cbf","community/security/src/main/java/org/neo4j/server/security/auth/AuthSubject.java","1","0","1","3","10","41","0"
"elasticsearch","084d25cdbd216b11c4f1c45003db016fd04b8dd7","src/test/java/org/elasticsearch/indices/mapping/SimpleGetFieldMappingsTests.java","1","0","1","3","100","150","5"
"hazelcast","5f401c5a7cd66c9419852d8bf95a871995d95c6e","hazelcast-client/src/test/java/com/hazelcast/client/map/impl/nearcache/ClientMapNearCacheLeakTest.java","1","0","1","3","101","143","0"
"elasticsearch","0114fb0f58631d2637d27f520aa54358eb5c15df","src/main/java/org/elasticsearch/index/settings/IndexDynamicSettingsModule.java","1","0","1","3","102","131","1"
"elasticsearch","abeefbddea817a7f22ed6c706b31e2761e730510","src/main/java/org/elasticsearch/index/settings/IndexDynamicSettingsModule.java","1","0","1","3","104","133","2"
"elasticsearch","b0c21d751d0e1b920f7584bd274b95539ee715c0","src/main/java/org/elasticsearch/index/settings/IndexDynamicSettingsModule.java","1","0","1","3","104","133","2"
"elasticsearch","71d5148b1c454cd4749a90e8b4d6224e90e0dc39","src/main/java/org/elasticsearch/index/settings/IndexDynamicSettingsModule.java","1","0","1","3","104","133","0"
"elasticsearch","d65a9d63a2488ca70605f51a25e3f0ae0ed30ddc","src/main/java/org/elasticsearch/index/settings/IndexDynamicSettingsModule.java","1","0","1","3","105","134","2"
"elasticsearch","1b7daafeac24e14093de95b45a2d06d96bd8e1c0","src/test/java/org/elasticsearch/index/mapper/xcontent/EncryptedDocMapperTest.java","1","0","1","3","105","150","2"
"elasticsearch","310df36bfa6e32a3ea1447fc324a7e7e6fdb2af1","src/test/java/org/elasticsearch/index/mapper/xcontent/EncryptedDocMapperTest.java","1","0","1","3","105","150","1"
"elasticsearch","1d1225b87c77fd72ffd28cfe51cf070eff5a0522","src/test/java/org/elasticsearch/index/mapper/xcontent/EncryptedDocMapperTest.java","1","0","1","3","105","150","0"
"elasticsearch","ad8a482d198828d22d884263c2c4e76ab8ae2ee1","src/test/java/org/elasticsearch/indices/mapping/SimpleGetFieldMappingsTests.java","1","0","1","3","106","157","3"
"hazelcast","4c415e68c9c9c23d4b5d8ca953cded50e54e384a","hazelcast/src/main/java/com/hazelcast/memory/NativeOutOfMemoryError.java","1","0","1","3","11","36","0"
"elasticsearch","30ab8739a6e11ea7d5f25a62e290932d5f2d740f","core/src/main/java/org/elasticsearch/common/compress/Compressor.java","1","0","1","3","11","41","0"
"BroadleafCommerce","58d8258a56593bc913efa9aa60d0ca5f8f173bd8","core/broadleaf-framework/src/main/java/org/broadleafcommerce/core/order/dao/OrderDaoExtensionHandler.java","1","0","1","3","11","42","0"
"hazelcast","6401f6e2adeb348ed48cf9537caf418a88fc272f","hazelcast/src/main/java/com/hazelcast/core/OperationTimeoutException.java","1","0","1","3","11","42","0"
"hazelcast","cc4fa0d7d92c0aceb7aad80237bf60291d98dee3","hazelcast/src/main/java/com/hazelcast/core/OperationTimeoutException.java","1","0","1","3","11","42","1"
"elasticsearch","3e10810a8e086942227b982906013a6ba4cc24a1","src/test/java/org/elasticsearch/indices/mapping/SimpleGetFieldMappingsTests.java","1","0","1","3","115","167","2"
"hazelcast","46535d992347d80c09f89629618370faf178b7c8","hazelcast/src/main/java/com/hazelcast/replicatedmap/impl/client/ClientReplicatedMapAddNearCacheListenerRequest.java","1","0","1","3","12","37","0"
"elasticsearch","10ec2e948a2f1426a5058ca3b2c2e39952f141d8","src/main/java/org/elasticsearch/ElasticsearchNullPointerException.java","1","0","1","3","12","38","0"
"elasticsearch","d29754121c815856a76a7ed20dbdc7bac6feb659","modules/elasticsearch/src/main/java/org/elasticsearch/ElasticSearchIllegalArgumentException.java","1","0","1","3","12","38","0"
"elasticsearch","fa16969360ea43667ad11f827bbf86718c18fcc6","src/main/java/org/elasticsearch/ElasticsearchNullPointerException.java","1","0","1","3","12","38","1"
"elasticsearch","d0835715c2704aeb9600f1c203bd591a8b77ee68","core/src/test/java/org/elasticsearch/cluster/routing/ShardRoutingHelper.java","1","0","1","3","12","39","1"
"elasticsearch","fa16969360ea43667ad11f827bbf86718c18fcc6","src/main/java/org/elasticsearch/ElasticsearchIllegalStateException.java","1","0","1","3","12","39","1"
"elasticsearch","10ec2e948a2f1426a5058ca3b2c2e39952f141d8","src/main/java/org/elasticsearch/ElasticsearchIllegalStateException.java","1","0","1","3","12","39","0"
"neo4j","dffaacf551b9213f1b818976724f11748a16a674","enterprise/com/src/main/java/org/neo4j/com/storecopy/ResponseUnpacker.java","1","0","1","3","12","40","0"
"orientdb","99a07688bdc3979e788f469cae7c5d9bd2fa9709","lucene/src/test/java/com/orientechnologies/lucene/tests/OLuceneListIndexingTest.java","1","0","1","3","121","198","0"
"orientdb","df627b33960e37bfbf837d438d32748f0110c0f7","core/src/main/java/com/orientechnologies/orient/core/sql/parser/OQueryStatement.java","1","0","1","3","13","22","0"
"hazelcast","267657223110ee9fc436f5496e078547d29c6e4c","hazelcast/src/main/java/com/hazelcast/query/impl/QueryException.java","1","0","1","3","13","37","1"
"hazelcast","dcdf838c95407da279237d92588a7a4f691c6fce","hazelcast-spring/src/test/java/com/hazelcast/spring/DummySocketInterceptor.java","1","0","1","3","13","38","1"
"hazelcast","f4c4f6884c633287e7632d62481e06c9f0b762f5","hazelcast/src/main/java/com/hazelcast/internal/partition/PartitionStateVersionMismatchException.java","1","0","1","3","13","39","1"
"elasticsearch","9077bb6528f843ca8042ff95f8fac47140ef5aa1","modules/elasticsearch/src/main/java/org/elasticsearch/index/mapper/xcontent/geo/GeoPointDocFieldData.java","1","0","1","3","13","41","0"
"BroadleafCommerce","9ec69e93fc7dd021d7b46854fae9cba2851b3f6e","admin/broadleaf-open-admin-platform/src/main/java/org/broadleafcommerce/openadmin/server/service/persistence/module/criteria/CriteriaConversionException.java","1","0","1","3","14","28","0"
"hazelcast","ecaaec40f356936a3252c08a2bf6f4180fd3c81b","hazelcast-spring/src/test/java/com/hazelcast/spring/DummySocketInterceptor.java","1","0","1","3","14","39","0"
"elasticsearch","dccaa49aa0487e0d87963bcfa8a560c35f083e72","src/main/java/org/elasticsearch/index/mapper/MapperParsingException.java","1","0","1","3","14","42","1"
"elasticsearch","fa16969360ea43667ad11f827bbf86718c18fcc6","src/main/java/org/elasticsearch/ElasticsearchParseException.java","1","0","1","3","14","42","1"
"elasticsearch","10ec2e948a2f1426a5058ca3b2c2e39952f141d8","src/main/java/org/elasticsearch/ElasticsearchParseException.java","1","0","1","3","14","42","0"
"elasticsearch","abf9a866788b2fab855b50728670e2aa2dd42c5a","src/test/java/org/elasticsearch/index/query/IndexQueryParserFilterCachingTests.java","1","0","1","3","140","183","1"
"elasticsearch","67eba23b2da1a562594e766cbff5ea61195c6a63","src/test/java/org/elasticsearch/index/fielddata/ParentChildFieldDataTests.java","1","0","1","3","144","192","1"
"hazelcast","d0b08693f3432172c10f271653fe082ef69e5872","hazelcast/src/main/java/com/hazelcast/multimap/MultiMapPortableHook.java","1","0","1","3","146","179","2"
"elasticsearch","4b94eb5cb8cc4294ed0e932a5f22c16bd90d4dd7","core/src/main/java/org/elasticsearch/action/admin/indices/template/delete/DeleteIndexTemplateRequestBuilder.java","1","0","1","3","15","42","2"
"elasticsearch","860efb2ad28db09189c8423e05d0dba53010259c","core/src/main/java/org/elasticsearch/action/admin/indices/template/delete/DeleteIndexTemplateRequestBuilder.java","1","0","1","3","15","42","2"
"elasticsearch","d3417fb02291f26964d77767020ef345d18c148f","core/src/main/java/org/elasticsearch/action/admin/indices/template/delete/DeleteIndexTemplateRequestBuilder.java","1","0","1","3","15","42","0"
"elasticsearch","2172e604197a2740150b2db9f5139486f4d0a9fd","core/src/main/java/org/elasticsearch/transport/TransportResponseOptions.java","1","0","1","3","15","44","1"
"elasticsearch","4b94eb5cb8cc4294ed0e932a5f22c16bd90d4dd7","core/src/main/java/org/elasticsearch/action/ingest/DeletePipelineRequestBuilder.java","1","0","1","3","15","44","2"
"elasticsearch","860efb2ad28db09189c8423e05d0dba53010259c","core/src/main/java/org/elasticsearch/action/ingest/DeletePipelineRequestBuilder.java","1","0","1","3","15","44","2"
"elasticsearch","cde83e363aac2195c2dc0f81bbe348bcfe8b4152","core/src/main/java/org/elasticsearch/script/ScriptException.java","1","0","1","3","15","44","1"
"elasticsearch","d3417fb02291f26964d77767020ef345d18c148f","core/src/main/java/org/elasticsearch/action/ingest/DeletePipelineRequestBuilder.java","1","0","1","3","15","44","0"
"elasticsearch","366ddfc89a9265e05d23291b02a829f4da1fcbdd","src/main/java/org/elasticsearch/common/lucene/search/function/ScoreFunction.java","1","0","1","3","15","46","0"
"elasticsearch","3add12a9708a12d3e55c923cf7468296ed6147cc","src/main/java/org/elasticsearch/common/lucene/search/function/ScoreFunction.java","1","0","1","3","15","46","0"
"elasticsearch","e43f3a941b8ae78e6ab4f66d1da17a976d36b666","src/main/java/org/elasticsearch/common/lucene/search/function/ScoreFunction.java","1","0","1","3","15","46","1"
"hazelcast","7582e6ffc797749d94f2f2bad6539dad53527127","hazelcast/src/main/java/com/hazelcast/multimap/MultiMapPortableHook.java","1","0","1","3","152","185","2"
"elasticsearch","7e1eed9814f32cb7a30481afdf3133bc8f44009e","src/test/java/org/elasticsearch/index/query/IndexQueryParserFilterCachingTests.java","1","0","1","3","154","200","0"
"hazelcast","c7646f19153074eada5ced2b7989dfd58ac067a8","hazelcast/src/main/java/com/hazelcast/multimap/MultiMapPortableHook.java","1","0","1","3","158","192","0"
"hazelcast","0e104a9f57ef6df4b44520699baf61a093a95a16","hazelcast/src/main/java/com/hazelcast/map/impl/recordstore/ExpiredKey.java","1","0","1","3","16","41","0"
"elasticsearch","01e8eaf181148d1ae5239800b5d71bd38c0c2896","src/main/java/org/elasticsearch/action/TimestampParsingException.java","1","0","1","3","16","43","0"
"elasticsearch","25fd9e26c4fb042d6f6dea14efcd239577bdbbc4","client/benchmark/src/main/java/org/elasticsearch/client/benchmark/metrics/SampleRecorder.java","1","0","1","3","16","45","0"
"BroadleafCommerce","b5b726974b08d5e67a223114d8bedc4bba9c6236","common/src/main/java/org/broadleafcommerce/common/exception/ServiceException.java","1","0","1","3","16","46","1"
"BroadleafCommerce","a3b56d046071ae04bde3a0799d053408cbcf621d","common/src/main/java/org/broadleafcommerce/common/exception/NoPossibleResultsException.java","1","0","1","3","16","47","0"
"orientdb","bbbb777e4073e4214e47e2134379d96dcb54486a","core/src/main/java/com/orientechnologies/orient/core/index/OIndexNotUnique.java","1","0","1","3","16","48","1"
"elasticsearch","3136ed1490e41b4c82b8ee05ff2d224e113ef1b8","core/src/main/java/org/elasticsearch/common/io/stream/ReleasableBytesStreamOutput.java","1","0","1","3","16","49","1"
"elasticsearch","371c73e14023917f3892090d2d3d7ff9ac1216b9","core/src/main/java/org/elasticsearch/script/GeneralScriptException.java","1","0","1","3","16","52","3"
"elasticsearch","78574d248cf10dad1c5a566fda79e1e0c94afe43","core/src/main/java/org/elasticsearch/script/GeneralScriptException.java","1","0","1","3","16","52","2"
"elasticsearch","e6aaaf11ed4a1b8f595f920de1840938eddb7a97","core/src/main/java/org/elasticsearch/script/GeneralScriptException.java","1","0","1","3","16","52","2"
"elasticsearch","3f06d9f3b8516bb30a2890a36c2973f08f9c6076","core/src/main/java/org/elasticsearch/script/GeneralScriptException.java","1","0","1","3","16","52","0"
"elasticsearch","a60b8948ba1d836a6eac7cff095519e618939ed8","core/src/main/java/org/elasticsearch/script/GeneralScriptException.java","1","0","1","3","16","52","0"
"hazelcast","d070f1256c8c7fa823e6463487462826384ee1df","hazelcast/src/main/java/com/hazelcast/client/impl/protocol/DefaultMessageTaskFactoryProvider.java","1","0","1","3","1651","1720","0"
"hazelcast","517051da0c9618d83d8dea226ce1d7a94a9c000e","hazelcast/src/main/java/com/hazelcast/map/impl/operation/MapFlushBackupOperation.java","1","0","1","3","17","42","0"
"hazelcast","6ac727db661eb934e5608e28e8a3603e7300d710","hazelcast/src/main/java/com/hazelcast/map/impl/operation/MapFlushBackupOperation.java","1","0","1","3","17","42","0"
"hazelcast","1c090ad87906d51892a32c2aa0a32d34002298ec","hazelcast/src/main/java/com/hazelcast/map/impl/operation/MapFlushBackupOperation.java","1","0","1","3","17","42","1"
"oryx","fddb336ac30ea3fb0bde91c61ef043f523d7d9fe","app/example/src/main/java/com/cloudera/oryx/example/ExampleServingModelManager.java","1","0","1","3","17","44","0"
"elasticsearch","1f04182b8164ffb19f3805c48d67f0375262b317","core/src/main/java/org/elasticsearch/transport/TransportRequest.java","1","0","1","3","17","47","0"
"elasticsearch","2bd09c4625898d77aa6c015c6f82cf973ed18cb7","core/src/main/java/org/elasticsearch/common/geo/XShapeCollection.java","1","0","1","3","17","47","0"
"elasticsearch","3d13c27fa0df12018f35f1b20987c90277e9b6f9","core/src/main/java/org/elasticsearch/common/geo/XShapeCollection.java","1","0","1","3","17","47","1"
"BroadleafCommerce","58d8258a56593bc913efa9aa60d0ca5f8f173bd8","core/broadleaf-framework/src/main/java/org/broadleafcommerce/core/order/dao/AbstractOrderDaoExtensionHandler.java","1","0","1","3","17","48","0"
"orientdb","693119e3f1dab4ea8b67a35575ba1f7d1c0a970b","core/src/main/java/com/orientechnologies/orient/core/index/OIndexNotUnique.java","1","0","1","3","17","49","0"
"hazelcast","7c1baa91dc4cb5d9c03b04a955a9c3e3824dde65","hazelcast/src/main/java/com/hazelcast/client/impl/protocol/DefaultMessageTaskFactoryProvider.java","1","0","1","3","1784","1857","1"
"hazelcast","848fd914e8ef0483f59301258eb88b8f9a51d2de","hazelcast/src/main/java/com/hazelcast/client/impl/protocol/DefaultMessageTaskFactoryProvider.java","1","0","1","3","1784","1857","1"
"hazelcast","dd9c5fd8f9085c0f2301daff7de8b5e67307ef3a","hazelcast/src/main/java/com/hazelcast/client/impl/protocol/DefaultMessageTaskFactoryProvider.java","1","0","1","3","1784","1857","0"
"hazelcast","3501d411f72f972e7a689602bb5aaed391b4e6a8","hazelcast/src/test/java/com/hazelcast/map/DeleteMergePolicy.java","1","0","1","3","18","29","0"
"hazelcast","98b898503b40f5fd2d50677d8eb7d145a361ff50","hazelcast/src/main/java/com/hazelcast/jmx/suppliers/LocalMapStatsSupplier.java","1","0","1","3","18","44","0"
"hazelcast","a43f8ee8ca77bddba7a0b7c0a5422bc2ee7b1788","hazelcast/src/main/java/com/hazelcast/internal/ascii/memcache/MapNameAndKeyPair.java","1","0","1","3","18","45","0"
"hazelcast","eed851087c0a2f80e7a57991d8f2ff45f743d56a","hazelcast/src/main/java/com/hazelcast/internal/ascii/memcache/MapNameAndKeyPair.java","1","0","1","3","18","45","0"
"hazelcast","ae2d86a78d7614954c0b846a773225b009c26012","hazelcast/src/main/java/com/hazelcast/map/impl/query/AggregationResultProcessor.java","1","0","1","3","18","45","1"
"oryx","fddb336ac30ea3fb0bde91c61ef043f523d7d9fe","app/example/src/main/java/com/cloudera/oryx/example/ExampleSpeedModelManager.java","1","0","1","3","18","46","0"
"oryx","3b0fc229b3818b52dda4b6b863f9bca5dcfc4d86","app/example/src/main/java/com/cloudera/oryx/example/ExampleServingModelManager.java","1","0","1","3","18","46","0"
"orientdb","a2eaf6636bb600c7e6d311b0bb7d112bbaafb4a0","etl/src/main/java/com/orientechnologies/orient/etl/loader/OETLAbstractLoader.java","1","0","1","3","18","46","0"
"hazelcast","276423b6af4decde07cb2f4b17e6f0f2f7d9ebb9","hazelcast/src/main/java/com/hazelcast/security/impl/NoOpSecurityService.java","1","0","1","3","18","46","1"
"elasticsearch","800d4624c8ed06bcc7c864513f4c698b61a0b0e9","src/main/java/org/elasticsearch/cluster/routing/RotationShardShuffler.java","1","0","1","3","18","49","0"
"orientdb","694179bbd708b0a0ab131849e7132dbf55ba1a0b","core/src/main/java/com/orientechnologies/orient/core/index/OIndexNotUnique.java","1","0","1","3","18","50","1"
"hazelcast","8959aa0857797fe82461f8cabc292a4966d2e5fb","hazelcast/src/main/java/com/hazelcast/client/impl/protocol/DefaultMessageTaskFactoryProvider.java","1","0","1","3","1826","1899","0"
"titan","ed88d7286080492045efafb45a69fa4cb6eeb94d","src/main/java/com/thinkaurelius/titan/graphdb/blueprints/BlueprintsDefaultTypeMaker.java","1","0","1","3","19","30","0"
"oryx","3b0fc229b3818b52dda4b6b863f9bca5dcfc4d86","app/example/src/main/java/com/cloudera/oryx/example/ExampleSpeedModelManager.java","1","0","1","3","19","47","0"
"hazelcast","e61fb5c3d86ca028d6e3e49a1abcb8e55a938cef","hazelcast/src/main/java/com/hazelcast/map/impl/client/MapAddNearCacheEntryListenerRequest.java","1","0","1","3","20","47","0"
"hazelcast","21c679e8a1c8226ecb3d7597b48a6bbd2d011a52","hazelcast-wm/src/main/java/com/hazelcast/web/AbstractWebDataEntryProcessor.java","1","0","1","3","20","48","1"
"hazelcast","5aa58b497cf248596c24b6e8ce3e05c35a87d498","hazelcast-wm/src/main/java/com/hazelcast/web/AbstractWebDataEntryProcessor.java","1","0","1","3","20","48","1"
"hazelcast","a36ac6ede30616fc2b702bdd7d0d164df0888372","hazelcast-wm/src/main/java/com/hazelcast/web/AbstractWebDataEntryProcessor.java","1","0","1","3","20","48","0"
"elasticsearch","7ba65950ae003db6ebb922883fd8342853fc49e0","src/main/java/org/elasticsearch/cloud/azure/management/AzureComputeService.java","1","0","1","3","20","51","0"
"elasticsearch","c6938896aa59624dcdb57c89253ad3de3e165f17","test-framework/src/main/java/org/elasticsearch/node/MockNode.java","1","0","1","3","20","55","1"
"BroadleafCommerce","088c89ec72b587236f88e39b7c606cfd19e63830","common/src/main/java/org/broadleafcommerce/common/web/BroadleafRequestInterceptor.java","1","0","1","3","20","57","0"
"titan","ed88d7286080492045efafb45a69fa4cb6eeb94d","src/main/java/com/thinkaurelius/titan/graphdb/types/DisableDefaultTypeMaker.java","1","0","1","3","21","33","0"
"orientdb","46bbcabde62c2b9e61ebaf45dc23f16d9dee7f02","core/src/main/java/com/orientechnologies/orient/core/metadata/OMetadataInternal.java","1","0","1","3","21","49","1"
"elasticsearch","e7b9e65fc3b06e784008a4dd14a8ba305ac30374","core/src/main/java/org/elasticsearch/env/ShardLockObtainFailedException.java","1","0","1","3","21","49","1"
"elasticsearch","d356881664dc7ce60f46aaed4d910f87be3cfea9","src/main/java/org/elasticsearch/rest/action/support/RestStatusToXContentListener.java","1","0","1","3","21","49","0"
"orientdb","39a8884d03c0bc49b8ecf655a22fe80646afa1e6","spatial/src/main/java/com/orientechnologies/spatial/functions/OSTAsTextFunction.java","1","0","1","3","21","50","0"
"oryx","518dc444be616e55a8aeb1bd047aaa411ae3281a","framework/oryx-api/src/main/java/com/cloudera/oryx/api/serving/AbstractServingModelManager.java","1","0","1","3","21","51","0"
"BroadleafCommerce","13e34973fd48a87bca6221ef78eea0a98d3ef324","common/src/test/java/org/broadleafcommerce/test/common/context/autoconfig/BaseAutoConfiguration.java","1","0","1","3","21","52","0"
"elasticsearch","6f996e9e26ae05440aa8d374d5cedcc3752ebfec","test-framework/src/main/java/org/elasticsearch/node/MockNode.java","1","0","1","3","21","56","0"
"hazelcast","2921cff694583b8638dae2991f427e61d5440a9d","hazelcast/src/main/java/com/hazelcast/map/QueryResultSizeExceededException.java","1","0","1","3","22","50","0"
"hazelcast","cb8160735d5c6fe75b44747d20c57a71f94171a7","hazelcast/src/main/java/com/hazelcast/map/QueryResultSizeExceededException.java","1","0","1","3","22","50","0"
"hazelcast","1f042b8c4a4245594691bb6d85a66ceed9b43068","hazelcast/src/main/java/com/hazelcast/map/QueryResultSizeExceededException.java","1","0","1","3","22","50","1"
"orientdb","39a8884d03c0bc49b8ecf655a22fe80646afa1e6","spatial/src/main/java/com/orientechnologies/spatial/functions/OToGeoJsonFunction.java","1","0","1","3","22","51","0"
"hazelcast","4c1b1b779a2a777ec65393b7af9a0dc4e31d82f5","hazelcast/src/main/java/com/hazelcast/client/impl/protocol/parameters/AddDistributedObjectListenerParameters.java","1","0","1","3","22","51","0"
"hazelcast","4c1b1b779a2a777ec65393b7af9a0dc4e31d82f5","hazelcast/src/main/java/com/hazelcast/client/impl/protocol/parameters/GetPartitionsParameters.java","1","0","1","3","22","51","0"
"hazelcast","d38202141395360399c9cf97d4453adf5b1581e1","hazelcast/src/main/java/com/hazelcast/client/impl/protocol/parameters/AddDistributedObjectListenerParameters.java","1","0","1","3","22","51","1"
"hazelcast","d38202141395360399c9cf97d4453adf5b1581e1","hazelcast/src/main/java/com/hazelcast/client/impl/protocol/parameters/GetPartitionsParameters.java","1","0","1","3","22","51","1"
"hazelcast","d38202141395360399c9cf97d4453adf5b1581e1","hazelcast/src/main/java/com/hazelcast/client/impl/protocol/parameters/AddPartitionLostListenerParameters.java","1","0","1","3","22","52","1"
"hazelcast","d38202141395360399c9cf97d4453adf5b1581e1","hazelcast/src/main/java/com/hazelcast/client/impl/protocol/parameters/RegisterMembershipListenerParameters.java","1","0","1","3","22","52","1"
"hazelcast","d38202141395360399c9cf97d4453adf5b1581e1","hazelcast/src/main/java/com/hazelcast/client/impl/protocol/parameters/RemoveAllListenersParameters.java","1","0","1","3","22","52","1"
"hazelcast","d38202141395360399c9cf97d4453adf5b1581e1","hazelcast/src/main/java/com/hazelcast/client/impl/protocol/parameters/GetDistributedObjectParameters.java","1","0","1","3","22","52","1"
"elasticsearch","becbbf53d50506e98f5d3d8b3d9fb5a1d6469a6c","src/main/java/org/elasticsearch/index/analysis/AbstractTokenizerFactory.java","1","0","1","3","22","52","1"
"hazelcast","4c1b1b779a2a777ec65393b7af9a0dc4e31d82f5","hazelcast/src/main/java/com/hazelcast/client/impl/protocol/parameters/AddPartitionLostListenerParameters.java","1","0","1","3","22","52","0"
"hazelcast","4c1b1b779a2a777ec65393b7af9a0dc4e31d82f5","hazelcast/src/main/java/com/hazelcast/client/impl/protocol/parameters/RemoveAllListenersParameters.java","1","0","1","3","22","52","0"
"hazelcast","4c1b1b779a2a777ec65393b7af9a0dc4e31d82f5","hazelcast/src/main/java/com/hazelcast/client/impl/protocol/parameters/GetDistributedObjectParameters.java","1","0","1","3","22","52","0"
"hazelcast","4c1b1b779a2a777ec65393b7af9a0dc4e31d82f5","hazelcast/src/main/java/com/hazelcast/client/impl/protocol/parameters/RegisterMembershipListenerParameters.java","1","0","1","3","22","52","0"
"orientdb","a717eb014a6d3a491ebbdb50ba7dcb77c1333102","core/src/main/java/com/orientechnologies/orient/core/index/OIndexNotUnique.java","1","0","1","3","22","53","0"
"elasticsearch","4a15106d6a76d7e506c4966b6b5bafceca3853c9","src/main/java/org/elasticsearch/index/analysis/AbstractTokenizerFactory.java","1","0","1","3","22","53","0"
"orientdb","87154d21d3773b56833010727fdc7e1c88c9aee3","core/src/main/java/com/orientechnologies/orient/core/index/OIndexNotUnique.java","1","0","1","3","22","53","1"
"hazelcast","4c1b1b779a2a777ec65393b7af9a0dc4e31d82f5","hazelcast/src/main/java/com/hazelcast/client/impl/protocol/parameters/VoidResultParameters.java","1","0","1","3","22","56","0"
"elasticsearch","1f04182b8164ffb19f3805c48d67f0375262b317","core/src/main/java/org/elasticsearch/action/ActionRequest.java","1","0","1","3","22","56","0"
"hazelcast","d38202141395360399c9cf97d4453adf5b1581e1","hazelcast/src/main/java/com/hazelcast/client/impl/protocol/parameters/VoidResultParameters.java","1","0","1","3","22","56","1"
"hazelcast","f5fcc807a7817aeb87ab0f6087e643396ead808c","hazelcast/src/main/java/com/hazelcast/map/impl/query/AggregationResultProcessor.java","1","0","1","3","23","50","0"
"orientdb","136db63960bbf53514691bf5a0bb8361a5ea5361","core/src/main/java/com/orientechnologies/orient/core/metadata/OMetadataInternal.java","1","0","1","3","23","51","0"
"hazelcast","e4f7959a373b0263506a00fa6941d0020407e6fd","hazelcast/src/main/java/com/hazelcast/client/impl/protocol/parameters/GetPartitionsParameters.java","1","0","1","3","23","52","1"
"hazelcast","e4f7959a373b0263506a00fa6941d0020407e6fd","hazelcast/src/main/java/com/hazelcast/client/impl/protocol/parameters/AddDistributedObjectListenerParameters.java","1","0","1","3","23","52","1"
"orientdb","39a8884d03c0bc49b8ecf655a22fe80646afa1e6","spatial/src/main/java/com/orientechnologies/spatial/functions/OSTEnvelopFunction.java","1","0","1","3","23","52","0"
"hazelcast","e4f7959a373b0263506a00fa6941d0020407e6fd","hazelcast/src/main/java/com/hazelcast/client/impl/protocol/parameters/GetDistributedObjectParameters.java","1","0","1","3","23","53","1"
"hazelcast","e4f7959a373b0263506a00fa6941d0020407e6fd","hazelcast/src/main/java/com/hazelcast/client/impl/protocol/parameters/RemoveAllListenersParameters.java","1","0","1","3","23","53","1"
"orientdb","39a8884d03c0bc49b8ecf655a22fe80646afa1e6","spatial/src/main/java/com/orientechnologies/spatial/functions/OSTSrid.java","1","0","1","3","23","53","0"
"elasticsearch","78574d248cf10dad1c5a566fda79e1e0c94afe43","core/src/main/java/org/elasticsearch/action/support/nodes/BaseNodeRequest.java","1","0","1","3","23","55","1"
"elasticsearch","e6aaaf11ed4a1b8f595f920de1840938eddb7a97","core/src/main/java/org/elasticsearch/action/support/nodes/BaseNodeRequest.java","1","0","1","3","23","55","1"
"elasticsearch","a60b8948ba1d836a6eac7cff095519e618939ed8","core/src/main/java/org/elasticsearch/action/support/nodes/BaseNodeRequest.java","1","0","1","3","23","55","0"
"elasticsearch","b7451533c893214caf754737036330d3dea892cd","src/main/java/org/elasticsearch/indices/fielddata/cache/IndicesFieldDataCacheListener.java","1","0","1","3","23","56","0"
"hazelcast","e4f7959a373b0263506a00fa6941d0020407e6fd","hazelcast/src/main/java/com/hazelcast/client/impl/protocol/parameters/VoidResultParameters.java","1","0","1","3","23","57","1"
"orientdb","39a8884d03c0bc49b8ecf655a22fe80646afa1e6","spatial/src/main/java/com/orientechnologies/spatial/functions/OSTDistanceFunction.java","1","0","1","3","24","52","0"
"elasticsearch","c8f241f284e8cb931545cd163d8587bf71485d6f","core/src/main/java/org/elasticsearch/index/analysis/ASCIIFoldingTokenFilterFactory.java","1","0","1","3","24","53","1"
"elasticsearch","2620200ff7d945c5bc17d2b854b4a6a92fd2120e","core/src/main/java/org/elasticsearch/action/support/ContextPreservingActionListener.java","1","0","1","3","24","54","0"
"elasticsearch","e1efd5f6baf8dec1c23c79b346b8a29f234a98bb","core/src/main/java/org/elasticsearch/action/support/nodes/BaseNodeRequest.java","1","0","1","3","24","56","0"
"neo4j","6b75a9235ea38e0c47caacd25cc919023c0c958b","community/lucene-index/src/main/java/org/neo4j/kernel/api/impl/index/partition/PartitionSearcher.java","1","0","1","3","25","55","0"
"orientdb","39a8884d03c0bc49b8ecf655a22fe80646afa1e6","spatial/src/main/java/com/orientechnologies/spatial/functions/OSTDisjointFunction.java","1","0","1","3","25","55","0"
"elasticsearch","a44655763e150522d58cbd8113fb1b30a475b8c7","core/src/main/java/org/elasticsearch/env/ShardLockObtainFailedException.java","1","0","1","3","25","55","0"
"elasticsearch","fcf4d5a38de733eade12c4af4388aa946bbe5235","src/main/java/org/elasticsearch/client/transport/support/InternalTransportAdminClient.java","1","0","1","3","25","55","0"
"neo4j","e6f84e88fecffdd2dd28e4ee978d77df94914908","community/lucene-index/src/main/java/org/neo4j/kernel/api/impl/index/partition/PartitionSearcher.java","1","0","1","3","25","55","1"
"elasticsearch","f23274523a4d957156fa48923cbf651bdeb2813f","src/test/java/org/elasticsearch/action/bench/BenchmarkNegativeTest.java","1","0","1","3","25","56","0"
"elasticsearch","e56d85439c242dee8ce1f8fec9fd59872dd2efb9","src/main/java/org/elasticsearch/http/netty/HttpRequestHandler.java","1","0","1","3","25","58","1"
"elasticsearch","1368229075fd33f7366a91e7218c3ba72d33d35c","src/main/java/org/elasticsearch/index/search/nested/NonNestedDocsFilter.java","1","0","1","3","26","58","0"
"hazelcast","e4f7959a373b0263506a00fa6941d0020407e6fd","hazelcast/src/main/java/com/hazelcast/client/impl/protocol/parameters/MapReduceJobProcessInformationResultParameters.java","1","0","1","3","26","62","1"
"hazelcast","1957f30d5417b93beeb84dfd6492f1a40de6ce38","hazelcast/src/main/java/com/hazelcast/cache/impl/CacheDistributedObject.java","1","0","1","3","27","55","0"
"elasticsearch","2b3760f78b26817b5a2030aa27b1ddf2f17462f6","core/src/main/java/org/elasticsearch/rest/action/admin/cluster/RestClusterStatsAction.java","1","0","1","3","28","56","1"
"hazelcast","e4f7959a373b0263506a00fa6941d0020407e6fd","hazelcast/src/main/java/com/hazelcast/client/impl/protocol/parameters/TransactionCreateResultParameters.java","1","0","1","3","28","57","1"
"hazelcast","e4f7959a373b0263506a00fa6941d0020407e6fd","hazelcast/src/main/java/com/hazelcast/client/impl/protocol/parameters/AddListenerResultParameters.java","1","0","1","3","28","57","1"
"elasticsearch","51d53791fe71c9cb62bc992588a57cdfb500383f","core/src/main/java/org/elasticsearch/rest/action/admin/cluster/RestClusterStatsAction.java","1","0","1","3","28","57","0"
"BroadleafCommerce","1e8b29ba6d27d72811406cce7db53ed3fa903475","core/broadleaf-framework-web/src/main/java/org/broadleafcommerce/core/web/expression/BasicAddressVariableExpression.java","1","0","1","3","28","59","0"
"hazelcast","e4f7959a373b0263506a00fa6941d0020407e6fd","hazelcast/src/main/java/com/hazelcast/client/impl/protocol/parameters/BooleanResultParameters.java","1","0","1","3","28","60","1"
"hazelcast","e4f7959a373b0263506a00fa6941d0020407e6fd","hazelcast/src/main/java/com/hazelcast/client/impl/protocol/parameters/IntResultParameters.java","1","0","1","3","28","61","1"
"elasticsearch","78574d248cf10dad1c5a566fda79e1e0c94afe43","core/src/main/java/org/elasticsearch/action/support/tasks/TasksRequestBuilder.java","1","0","1","3","29","58","1"
"elasticsearch","e6aaaf11ed4a1b8f595f920de1840938eddb7a97","core/src/main/java/org/elasticsearch/action/support/tasks/TasksRequestBuilder.java","1","0","1","3","29","58","1"
"elasticsearch","a60b8948ba1d836a6eac7cff095519e618939ed8","core/src/main/java/org/elasticsearch/action/support/tasks/TasksRequestBuilder.java","1","0","1","3","29","58","0"
"neo4j","2d797dc6d7d210dc1e693e00e2515f53f3c80ccf","community/kernel/src/main/java/org/neo4j/unsafe/batchinsert/BatchInserters.java","1","0","1","3","29","59","1"
"elasticsearch","eecbf8a559b8bece2e2477d93e35649b5f87b9ee","src/main/java/org/elasticsearch/client/transport/support/InternalTransportAdminClient.java","1","0","1","3","29","60","1"
"elasticsearch","fbd6e85eac4e7fa565c634c6d6fae7e4572e0137","modules/elasticsearch/src/main/java/org/elasticsearch/index/query/WrapperQueryParser.java","1","0","1","3","30","62","0"
"orientdb","013e0c79c0b54feb82c91243b011bb623913e44b","object/src/test/java/com/orientechnologies/orient/object/db/NestedCollectionsTest.java","1","0","1","3","31","45","0"
"oryx","3b0fc229b3818b52dda4b6b863f9bca5dcfc4d86","framework/kafka-util/src/test/java/com/cloudera/oryx/kafka/util/ConsumeData.java","1","0","1","3","31","58","0"
"hazelcast","e4f7959a373b0263506a00fa6941d0020407e6fd","hazelcast/src/main/java/com/hazelcast/client/impl/protocol/parameters/CreateProxyParameters.java","1","0","1","3","31","60","1"
"hazelcast","e4f7959a373b0263506a00fa6941d0020407e6fd","hazelcast/src/main/java/com/hazelcast/client/impl/protocol/parameters/MapPartitionLostEventParameters.java","1","0","1","3","31","62","1"
"hazelcast","e4f7959a373b0263506a00fa6941d0020407e6fd","hazelcast/src/main/java/com/hazelcast/client/impl/protocol/parameters/DataCollectionResultParameters.java","1","0","1","3","31","65","1"
"hazelcast","737ccfe6f9ee794e6a86d4a744e25abcb66a66c4","hazelcast/src/main/java/com/hazelcast/map/operation/PartitionWideEntryWithPredicateBackupOperation.java","1","0","1","3","32","63","2"
"orientdb","ff5405b7a93397f7f737414cfe77fba48396d0d8","core/src/main/java/com/orientechnologies/orient/core/serialization/serializer/record/ORecordSaveThreadLocal.java","1","0","1","3","32","66","0"
"elasticsearch","1368229075fd33f7366a91e7218c3ba72d33d35c","src/main/java/org/elasticsearch/index/search/nested/NestedDocsFilter.java","1","0","1","3","32","67","0"
"hazelcast","8e20fd580ec4e7de4938dc403d1a547e0b9a4001","hazelcast/src/main/java/com/hazelcast/map/impl/mapstore/MapStoreManagers.java","1","0","1","3","33","49","0"
"elasticsearch","ba137df093a631d2ef67252930614f0f40c93f01","modules/elasticsearch/src/main/java/org/elasticsearch/index/query/WrapperQueryParser.java","1","0","1","3","33","65","0"
"BroadleafCommerce","4236f9f91a123cded7d4a6cc714fed8847b45d27","admin/broadleaf-open-admin-platform/src/main/java/org/broadleafcommerce/openadmin/server/security/dao/ForgotPasswordSecurityTokenDaoImpl.java","1","0","1","3","33","66","0"
"BroadleafCommerce","4236f9f91a123cded7d4a6cc714fed8847b45d27","core/broadleaf-profile/src/main/java/org/broadleafcommerce/profile/core/dao/CustomerForgotPasswordSecurityTokenDaoImpl.java","1","0","1","3","33","67","0"
"elasticsearch","696beb6e1308e295b6261fcb2b77c815486692cb","src/main/java/org/elasticsearch/index/search/nested/NonNestedDocsFilter.java","1","0","1","3","33","72","0"
"hazelcast","305ecd0cab00c33d16d84c0f7b2e830a77412712","hazelcast/src/main/java/com/hazelcast/map/impl/mapstore/MapStoreManagers.java","1","0","1","3","34","50","1"
"hazelcast","ff8b21629843759ab491b2428df0e04db17ae92f","hazelcast/src/main/java/com/hazelcast/map/impl/operation/LoadStatusOperation.java","1","0","1","3","34","63","0"
"orientdb","1ad1c477bea132d9286947f7d34875b5266e26a1","lucene/src/test/java/com/orientechnologies/lucene/test/LuceneManualIndex.java","1","0","1","3","34","68","1"
"orientdb","abf6ba2fb52da0ed0fbf5148ca6eaef77f2e0b53","etl/src/test/java/com/orientechnologies/orient/etl/extractor/OJsonRandomExtractorTest.java","1","0","1","3","34","75","1"
"hazelcast","727cb1848c02481eee19e6d2693a7242b7c563c3","hazelcast/src/main/java/com/hazelcast/cluster/ConfigMismatchOperation.java","1","0","1","3","35","53","0"
"elasticsearch","267afe866f91fa7ad500aaf9c91d3dec769043e4","core/src/test/java/org/elasticsearch/common/settings/loader/YamlSettingsLoaderTests.java","1","0","1","3","35","66","0"
"elasticsearch","8ac105dbb931c1a4e091c3bcd82a198da67ff012","core/src/test/java/org/elasticsearch/common/settings/loader/YamlSettingsLoaderTests.java","1","0","1","3","35","66","0"
"hazelcast","e4f7959a373b0263506a00fa6941d0020407e6fd","hazelcast/src/main/java/com/hazelcast/client/impl/protocol/parameters/PartitionLostEventParameters.java","1","0","1","3","35","66","1"
"orientdb","21dce961ef7c05042005bc5e56ff656c03ef0e4a","etl/src/test/java/com/orientechnologies/orient/etl/extractor/OJsonRandomExtractorTest.java","1","0","1","3","35","79","0"
"orientdb","16079d38520f313144dee6a6a97982d94402b763","core/src/test/java/com/orientechnologies/orient/core/sql/executor/OAlterSequenceStatementExecutionTest.java","1","0","1","3","36","48","1"
"hazelcast","4eef0f6f0630c47a4baca6875343ccd506948bb5","hazelcast/src/main/java/com/hazelcast/multimap/operations/MultiMapKeyBasedOperation.java","1","0","1","3","36","69","1"
"orientdb","ea1339b2d74756f4efec13f3bb59c93a0a409b47","core/src/test/java/com/orientechnologies/orient/core/sql/executor/OAlterSequenceStatementExecutionTest.java","1","0","1","3","37","49","0"
"hazelcast","cdac811975c69456ff44782af5b54716b74edb65","hazelcast/src/main/java/com/hazelcast/client/impl/protocol/task/multimap/MultiMapAddEntryListenerMessageTask.java","1","0","1","3","37","67","1"
"hazelcast","cdac811975c69456ff44782af5b54716b74edb65","hazelcast/src/main/java/com/hazelcast/client/impl/protocol/task/multimap/MultiMapAddEntryListenerToKeyMessageTask.java","1","0","1","3","37","67","1"
"hazelcast","e5cc462c1684fa9b06b8a13d7fb5bd4cac539949","hazelcast/src/main/java/com/hazelcast/client/impl/protocol/task/multimap/MultiMapAddEntryListenerMessageTask.java","1","0","1","3","37","67","0"
"netty","1c57e3830c38187eb39e53b21a7b9a9bdf896e90","transport/src/main/java/io/netty/channel/MultithreadEventLoopGroup.java","1","0","1","3","37","69","1"
"elasticsearch","8c6ba59b83ec750fe118174c4d5b255c4b7f2170","src/main/java/org/elasticsearch/index/analysis/NumericTokenizer.java","1","0","1","3","37","71","2"
"orientdb","a2eaf6636bb600c7e6d311b0bb7d112bbaafb4a0","etl/src/test/java/com/orientechnologies/orient/etl/extractor/OETLJsonRandomExtractorTest.java","1","0","1","3","37","78","0"
"hazelcast","99f2dd5d8710f0276d0b105ba5c0f19674b6ccdf","hazelcast/src/main/java/com/hazelcast/client/impl/client/ClientPortableHook.java","1","0","1","3","38","66","1"
"titan","7720850da32092290f6ee0e375eb22cb367a3310","src/test/java/com/thinkaurelius/faunus/mapreduce/util/ElementCheckerTest.java","1","0","1","3","39","57","0"
"netty","2e509f7bb7a365741bdf79948c51b5e91fa3ce0a","codec-http2/src/test/java/io/netty/handler/codec/http2/Http2SettingsTest.java","1","0","1","3","39","65","1"
"netty","31b319a5dc531d8c02c400d312ab9e85e90e614b","src/main/java/org/jboss/netty/channel/socket/http/HttpTunnelServerChannelFactory.java","1","0","1","3","39","69","1"
"netty","56462ef91a6481c2926dbebadebc114c08a81a8b","src/main/java/org/jboss/netty/channel/socket/http/HttpTunnelServerChannelFactory.java","1","0","1","3","39","69","1"
"netty","220d95fe0d396821f08329fffd96edc1b47c37c1","src/main/java/org/jboss/netty/channel/socket/http/HttpTunnelServerChannelFactory.java","1","0","1","3","39","69","0"
"neo4j","fd58f78ee7e63b03b71e392f12c42f3b13d95a47","enterprise/ha/src/main/java/org/neo4j/kernel/ha/cluster/modeswitch/AbstractComponentSwitcher.java","1","0","1","3","39","76","1"
"titan","435f046bb1458cb3bca932c63339bed05163cbcf","titan-all/src/main/java/com/thinkaurelius/titan/graphdb/tinkerpop/plugin/TitanGremlinPlugin.java","1","0","1","3","40","55","1"
"hazelcast","abbdadf01d674217dfa43245c5c18f457fe8e69c","hazelcast/src/main/java/com/hazelcast/client/impl/client/ClientPortableHook.java","1","0","1","3","40","68","0"
"hazelcast","b0c3d74f27d147dd56f0a3921869556757a6078f","hazelcast/src/main/java/com/hazelcast/spi/impl/operationservice/impl/operations/IsStillExecutingOperation.java","1","0","1","3","40","70","1"
"elasticsearch","9b8754e4c2650a026c5fe3c0dd88f1f469f3b826","core/src/main/java/org/elasticsearch/rest/action/admin/indices/RestTypesExistsAction.java","1","0","1","3","40","76","1"
"BroadleafCommerce","037c7dd5de30df0a5b79d3759abbbb69ee2942bf","admin/broadleaf-admin-module/src/main/java/org/broadleafcommerce/admin/web/rulebuilder/service/RequestFieldServiceImpl.java","1","0","1","3","41","72","1"
"hazelcast","92accf076ed60432e05d8b80738df1a735963ca2","hazelcast/src/main/java/com/hazelcast/client/impl/protocol/task/multimap/MultiMapAddEntryListenerToKeyMessageTask.java","1","0","1","3","41","72","1"
"hazelcast","cdd358f4cb813fb3962f90f2c570aed9b37f027b","hazelcast/src/main/java/com/hazelcast/client/impl/protocol/task/multimap/MultiMapAddEntryListenerToKeyMessageTask.java","1","0","1","3","41","72","1"
"hazelcast","84d4ab5cece50fa5a7226af589a9dfd3789811fa","hazelcast/src/main/java/com/hazelcast/client/impl/protocol/task/cache/CacheGetAndReplaceMessageTask.java","1","0","1","3","41","72","0"
"elasticsearch","c4f127fb6f1f2beb329ae83ce714ecf7cfe3a809","src/main/java/org/elasticsearch/search/facet/terms/index/IndexNameFacetExecutor.java","1","0","1","3","41","77","1"
"neo4j","24551acf5eba050158684a993470adaeb5bdd960","community/server/src/main/java/org/neo4j/server/ServerCommandLineArgs.java","1","0","1","3","41","88","1"
"neo4j","ea0c055d8764baf8f17fd75d397b05ff957064f6","community/server/src/main/java/org/neo4j/server/ServerCommandLineArgs.java","1","0","1","3","41","88","1"
"neo4j","b863b894e728c6ceccb66da8e0dcdaa53d7039c3","community/server/src/main/java/org/neo4j/server/ServerCommandLineArgs.java","1","0","1","3","41","88","0"
"titan","f9e32000a7dbaf17b3bfe88072424aae4a6fad31","titan-all/src/main/java/com/thinkaurelius/titan/graphdb/tinkerpop/plugin/TitanGremlinPlugin.java","1","0","1","3","42","57","0"
"hazelcast","9d92e89e761fe6d4368df47311cf7902578295a3","hazelcast/src/main/java/com/hazelcast/replicatedmap/impl/operation/MergeOperation.java","1","0","1","3","43","71","0"
"neo4j","6eabd27b55177dfd0f40b5c796235b9ec0c7aae6","enterprise/ha/src/main/java/org/neo4j/kernel/ha/cluster/modeswitch/AbstractComponentSwitcher.java","1","0","1","3","43","84","0"
"hazelcast","f338e3197a1cd79ad614f50e87c829a7ff0aa54c","hazelcast/src/main/java/com/hazelcast/client/impl/client/PartitionClientRequest.java","1","0","1","3","43","85","0"
"orientdb","e43642ac7d51dbda02d91a16b7024d9f80c6d272","server/src/test/java/com/orientechnologies/orient/server/network/BinaryProtocolAnyResultTest.java","1","0","1","3","44","61","0"
"hazelcast","8f8a00625dd31eb3915d3251d2f10edbe2a7e0b9","hazelcast/src/main/java/com/hazelcast/replicatedmap/impl/operation/MergeOperation.java","1","0","1","3","44","73","1"
"hazelcast","278ac0517623b1549a66b78f29c200f32665bb70","hazelcast/src/main/java/com/hazelcast/spi/impl/operationservice/impl/operations/IsStillExecutingOperation.java","1","0","1","3","44","74","2"
"hazelcast","4e4bff154497cf2f79b90ba0107ab6ef8bdb5e6e","hazelcast/src/main/java/com/hazelcast/spi/impl/operationservice/impl/operations/IsStillExecutingOperation.java","1","0","1","3","44","74","1"
"hazelcast","6b223843764561784a75cfd0f2d6cd6f87dafe41","hazelcast/src/main/java/com/hazelcast/spi/impl/operationservice/impl/operations/IsStillExecutingOperation.java","1","0","1","3","44","74","1"
"hazelcast","ef24bb146bff6c6b1089d0908707195c98c27bd6","hazelcast/src/main/java/com/hazelcast/spi/impl/operationservice/impl/operations/IsStillExecutingOperation.java","1","0","1","3","44","74","0"
"elasticsearch","ea2732a9676d560cfe611cd56987ac33f97258d7","src/test/java/org/elasticsearch/test/unit/cluster/node/DiscoveryNodeFiltersTests.java","1","0","1","3","44","77","1"
"hazelcast","f338e3197a1cd79ad614f50e87c829a7ff0aa54c","hazelcast/src/main/java/com/hazelcast/client/impl/protocol/task/AbstractPartitionMessageTask.java","1","0","1","3","44","85","0"
"hazelcast","317fabec0c90b274c686ba018cc1b465fee244f2","hazelcast/src/main/java/com/hazelcast/client/impl/client/PartitionClientRequest.java","1","0","1","3","46","89","1"
"hazelcast","9aa1cad7842c3fbba01d35ceae1da3453eac6451","hazelcast-client/src/test/java/com/hazelcast/client/ClientIssueTest.java","1","0","1","3","47","77","1"
"hazelcast","21de2ef614b9a92baec6c4f16f26123a59391cdc","hazelcast/src/test/java/com/hazelcast/map/impl/PartitioningStrategyFactoryTest.java","1","0","1","3","48","74","0"
"elasticsearch","c8ca015c0bd28caf4fd84862679afc63a9e7d2ac","core/src/main/java/org/elasticsearch/search/aggregations/pipeline/bucketmetrics/sum/SumBucketPipelineAggregationBuilder.java","1","0","1","3","48","84","0"
"elasticsearch","51d53791fe71c9cb62bc992588a57cdfb500383f","core/src/main/java/org/elasticsearch/rest/action/admin/cluster/RestNodesHotThreadsAction.java","1","0","1","3","48","90","0"
"BroadleafCommerce","cda1ce3dcc6fc3875e5464931dfb05433e9032b4","admin/broadleaf-admin-module/src/main/java/org/broadleafcommerce/admin/web/rulebuilder/service/RequestFieldServiceImpl.java","1","0","1","3","49","84","0"
"elasticsearch","c8ca015c0bd28caf4fd84862679afc63a9e7d2ac","core/src/main/java/org/elasticsearch/search/aggregations/pipeline/bucketmetrics/stats/StatsBucketPipelineAggregationBuilder.java","1","0","1","3","49","85","0"
"elasticsearch","8c6b2a30773a805aeaf9668f6496a93581326f45","src/test/java/org/elasticsearch/test/unit/deps/joda/TimeZoneRoundingTests.java","1","0","1","3","49","86","0"
"orientdb","a2eaf6636bb600c7e6d311b0bb7d112bbaafb4a0","etl/src/test/java/com/orientechnologies/orient/etl/OETLBaseTest.java","1","0","1","3","49","90","0"
"titan","63cd447da2fac871c2528fcec575e19b10e7330b","src/test/java/com/thinkaurelius/faunus/mapreduce/util/ElementCheckerTest.java","1","0","1","3","51","72","1"
"hazelcast","d38202141395360399c9cf97d4453adf5b1581e1","hazelcast/src/main/java/com/hazelcast/client/impl/protocol/task/AbstractPartitionMessageTask.java","1","0","1","3","51","93","1"
"elasticsearch","9077bb6528f843ca8042ff95f8fac47140ef5aa1","modules/elasticsearch/src/test/java/org/elasticsearch/index/mapper/xcontent/geopoint/LatLonAndGeohashMappingGeoPointTests.java","1","0","1","3","53","90","0"
"elasticsearch","523a8b4c3e8003316f3e7c6a74bdd5e4e1818dd6","modules/elasticsearch/src/test/java/org/elasticsearch/index/mapper/xcontent/geopoint/GeohashMappingGeoPointTests.java","1","0","1","3","53","91","0"
"elasticsearch","9077bb6528f843ca8042ff95f8fac47140ef5aa1","modules/elasticsearch/src/test/java/org/elasticsearch/index/mapper/xcontent/geopoint/GeohashMappingGeoPointTests.java","1","0","1","3","54","92","0"
"orientdb","a2eaf6636bb600c7e6d311b0bb7d112bbaafb4a0","etl/src/test/java/com/orientechnologies/orient/etl/transformer/OETLMergeTransformerTest.java","1","0","1","3","55","103","0"
"elasticsearch","a8271595dc720b2d33b979ba7bdbf309c2ad68b2","src/test/java/org/elasticsearch/script/OnDiskScriptTests.java","1","0","1","3","55","89","0"
"orientdb","54528416f3ecb760b7b75d2d826cd3c5088c60e6","object/src/test/java/com/orientechnologies/orient/object/db/OPersistentEmbeddedMapTest.java","1","0","1","3","56","75","0"
"orientdb","482b16b4ca5e168a88d9f9736936f2a9ae3586e0","etl/src/test/java/com/orientechnologies/orient/etl/transformer/OMergeTransformerTest.java","1","0","1","3","56","86","0"
"orientdb","984c71715a77135a3a3b46473e9b6f816f78fb60","etl/src/test/java/com/orientechnologies/orient/etl/transformer/OMergeTransformerTest.java","1","0","1","3","56","86","0"
"orientdb","36fe694c8f3e92babf28edcd4aeda4d4ec08e667","etl/src/test/java/com/orientechnologies/orient/etl/transformer/OMergeTransformerTest.java","1","0","1","3","56","86","1"
"elasticsearch","c6ce64a5e56a9fa02895b3ab93d239ec63230360","src/test/java/org/elasticsearch/index/mapper/geo/LatLonAndGeohashMappingGeoPointTests.java","1","0","1","3","56","93","1"
"elasticsearch","d33f1d4bd8d0876e7186d9674c0018e110190e0e","src/test/java/org/elasticsearch/common/rounding/TimeZoneRoundingTests.java","1","0","1","3","57","95","1"
"elasticsearch","28b9e250536f8a554abb26b49d6a80a0d4fb4f03","src/test/java/org/elasticsearch/test/unit/index/mapper/routing/RoutingTypeMapperTests.java","1","0","1","3","59","92","0"
"elasticsearch","2eeaa56d95aa711ce6e83ffc27f8649b2392495b","src/test/java/org/elasticsearch/index/fielddata/NoOrdinalsStringFieldDataTests.java","1","0","1","3","59","97","0"
"orientdb","049d44054022a1558f7ebcef3d8b9a8db978df40","src/test/java/com/orientechnologies/lucene/test/LuceneInheritanceQueryTest.java","1","0","1","3","59","98","0"
"orientdb","f2c3273e9f37bffc0c99099735b1a09364360430","core/src/main/java/com/orientechnologies/orient/core/storage/impl/local/paginated/atomicoperations/OAtomicOperationsMangerMXBean.java","1","0","1","3","6","12","0"
"orientdb","a1eed89dcfdc303c846b0d6159189f720c1bade8","core/src/main/java/com/orientechnologies/common/collection/closabledictionary/OClosableItem.java","1","0","1","3","6","13","0"
"elasticsearch","19cce0b32917a6034ab50b2e33111f37de418139","src/main/java/org/elasticsearch/transport/TransportRequestHandler.java","1","0","1","3","6","33","1"
"elasticsearch","5d159369efffbfd56a391a01e3d3da5364707df3","src/test/java/org/elasticsearch/search/source/SourceFetchingTests.java","1","0","1","3","61","107","0"
"BroadleafCommerce","9a2399ccabc71c63572c786cacfa9d17404bf0db","integration/src/test/java/org/broadleafcommerce/test/junit/JUnitSpringBootAdminIntegrationSetup.java","1","0","1","3","61","235","0"
"elasticsearch","f28c11b31cf0813005f141e772de2688339d6de9","plugins/transport/thrift/src/test/java/org/elasticsearch/thrift/test/SimpleThriftTests.java","1","0","1","3","61","96","0"
"hazelcast","4a9bacbdd50bf75b5a43e56b72754cdd6e99cefe","hazelcast/src/test/java/com/hazelcast/internal/nearcache/NearCacheTestContext.java","1","0","1","3","62","90","1"
"elasticsearch","97c8fe68011ccaca3a9353c26d0eafa8ba5c7ff8","src/main/java/org/elasticsearch/cluster/settings/ClusterDynamicSettingsModule.java","1","0","1","3","62","92","1"
"orientdb","b4c5b09ca8621c77d5eceedb0107a422a0f6d601","server/src/test/java/com/orientechnologies/orient/server/network/RemoteSequenceTest.java","1","0","1","3","63","79","0"
"elasticsearch","af183a16193c1b8743e609c713c61a7c0ce0ee49","src/main/java/org/elasticsearch/cluster/settings/ClusterDynamicSettingsModule.java","1","0","1","3","63","93","1"
"elasticsearch","0c384af9bf7305b79002f7866e9fa038075269b2","plugins/transport/thrift/src/test/java/org/elasticsearch/thrift/test/SimpleThriftTests.java","1","0","1","3","64","100","0"
"elasticsearch","3dff0d0de209437d727a0f309111f5ed49ebfb2e","plugins/repository-azure/src/test/java/org/elasticsearch/repositories/azure/AzureSnapshotRestoreListSnapshotsTests.java","1","0","1","3","64","118","0"
"orientdb","e475301f46763c35a0bf0ad38f728ada376ce5f2","src/test/java/com/orientechnologies/test/LuceneFacetTest.java","1","0","1","3","65","112","1"
"hazelcast","58e4782c607905ce452f830bd68a2412a9e1961e","hazelcast/src/main/java/com/hazelcast/client/impl/protocol/parameters/EntryViewParameters.java","1","0","1","3","65","99","1"
"orientdb","39a8884d03c0bc49b8ecf655a22fe80646afa1e6","spatial/src/main/java/com/orientechnologies/spatial/shape/OShapeOperation.java","1","0","1","3","7","34","0"
"antlr4","29c2712ae1eee9575324db48c2f72c7cb0d28308","tool/test/org/antlr/v4/test/tool/TestBasicSemanticErrors.java","1","0","1","3","73","118","0"
"orientdb","9e3be4117a7bdab3fb8e622795ab1d363fc009c8","object/src/test/java/com/orientechnologies/orient/object/db/OObjectLazyListTest.java","1","0","1","3","75","105","1"
"hazelcast","2cfbd79e1e84f5987e07cedc09f582d5715c815d","hazelcast-spring/src/test/java/com/hazelcast/spring/context/TestJCache.java","1","0","1","3","75","114","0"
"hazelcast","c9145735e1b77145651752c833ce474b9e542791","hazelcast-spring/src/test/java/com/hazelcast/spring/context/TestJCache.java","1","0","1","3","75","114","0"
"hazelcast","5ce068887fea87587207a86de8baa062cf8514ac","hazelcast-spring/src/test/java/com/hazelcast/spring/context/TestJCache.java","1","0","1","3","75","114","2"
"elasticsearch","319878eb1ee2926f74408db95bb4a0a43fd2c5a3","src/test/java/org/elasticsearch/bwcompat/ParentChildDeleteByQueryBackwardsCompatibilityTest.java","1","0","1","3","75","115","0"
"hazelcast","dd9c5fd8f9085c0f2301daff7de8b5e67307ef3a","hazelcast/src/main/java/com/hazelcast/client/impl/protocol/task/map/MapAddNearCacheInvalidationListenerMessageTask.java","1","0","1","3","76","116","0"
"hazelcast","dd9c5fd8f9085c0f2301daff7de8b5e67307ef3a","hazelcast/src/main/java/com/hazelcast/client/impl/protocol/task/map/Pre38MapAddNearCacheEntryListenerMessageTask.java","1","0","1","3","76","120","0"
"neo4j","803ec9deafb5ac3785faf698f126a32254d693be","community/server/src/test/java/org/neo4j/server/rest/transactional/integration/TransactionErrorIT.java","1","0","1","3","78","127","1"
"elasticsearch","889db1c824d8c573835e8cbadd0c6f3ba25f8fcd","src/main/java/org/elasticsearch/cluster/settings/ClusterDynamicSettingsModule.java","1","0","1","3","79","109","1"
"neo4j","3599e18da72ec8de97cdc2b250bb7b4cbb86674b","community/server/src/test/java/org/neo4j/server/rest/transactional/integration/TransactionErrorIT.java","1","0","1","3","79","127","0"
"BroadleafCommerce","030f8d7b4e8ed22cd62d84d51cd28cfe0ad83412","common/src/test/java/org/broadleafcommerce/common/sitemap/service/CustomUrlSiteMapGeneratorTest.java","1","0","1","3","79","128","0"
"titan","cf981127bcf88a6f6b6c160104ce6e97c2c37554","titan-core/src/main/java/com/thinkaurelius/titan/graphdb/transaction/indexcache/IndexCache.java","1","0","1","3","8","19","0"
"elasticsearch","ea91adf6a1ed28c1a93a6c5d38a6e02ed295ed07","src/main/java/org/elasticsearch/cloud/aws/AwsS3Service.java","1","0","1","3","8","35","0"
"BroadleafCommerce","4236f9f91a123cded7d4a6cc714fed8847b45d27","admin/broadleaf-open-admin-platform/src/main/java/org/broadleafcommerce/openadmin/server/security/dao/ForgotPasswordSecurityTokenDao.java","1","0","1","3","8","36","0"
"BroadleafCommerce","4236f9f91a123cded7d4a6cc714fed8847b45d27","core/broadleaf-profile/src/main/java/org/broadleafcommerce/profile/core/dao/CustomerForgotPasswordSecurityTokenDao.java","1","0","1","3","8","37","0"
"elasticsearch","598854dd72d7fb01a7e26a9dad065de3deaa5eb7","src/main/java/org/elasticsearch/cluster/settings/ClusterDynamicSettingsModule.java","1","0","1","3","82","112","0"
"orientdb","44c2648739758518f2791d67b0a38fa49a5f3805","src/test/java/com/orientechnologies/test/LuceneFacetTest.java","1","0","1","3","87","149","0"
"elasticsearch","5acf565e056cf01eda5a40937f36c3ddb780709d","src/main/java/org/elasticsearch/cluster/settings/ClusterDynamicSettingsModule.java","1","0","1","3","88","118","0"
"elasticsearch","6b49457d9db6bdff0bd61fd79d65345fc2187f7c","src/test/java/org/elasticsearch/test/integration/search/scriptfilter/ScriptFilterSearchTests.java","1","0","1","3","88","124","0"
"elasticsearch","ceaae47d38eeec5394181525926d4952cfd4af9d","plugins/repository-s3/src/main/java/org/elasticsearch/plugin/repository/s3/S3RepositoryPlugin.java","1","0","1","3","89","128","0"
"netty","faaff9bd86166c12ff98aa06a946db3e4dd9ee90","codec-http/src/main/java/io/netty/handler/codec/http/FullHttpMessage.java","1","0","1","3","9","32","1"
"BroadleafCommerce","a943eeae9ff5398e1779755ad265d6e1eb0e094c","common/src/main/java/org/broadleafcommerce/common/payment/service/PaymentGatewayCreditCardService.java","1","0","1","3","9","43","0"
"elasticsearch","d2844e0210450aa9eec4a9f588f10c5f2bae35b8","src/main/java/org/elasticsearch/cluster/settings/ClusterDynamicSettingsModule.java","1","0","1","3","90","123","0"
"elasticsearch","50bc31a918be707fd690651ba7394fb89e2fac09","plugins/repository-s3/src/main/java/org/elasticsearch/plugin/repository/s3/S3RepositoryPlugin.java","1","0","1","3","91","131","0"
"elasticsearch","d84c643f5880a88d2e5c38b487123161f3e01fe0","plugins/mapper-attachments/src/test/java/org/elasticsearch/mapper/attachments/MultifieldAttachmentMapperTests.java","1","0","1","3","91","147","0"
"elasticsearch","0ad231546d70cd45ac5d7a32311c1cebb9b42293","core/src/test/java/org/elasticsearch/index/mapper/TokenCountFieldMapperTests.java","1","0","1","3","97","137","1"
"elasticsearch","450f47d5b59f19f4d2056042db69732ac5c21bbf","core/src/test/java/org/elasticsearch/index/mapper/TokenCountFieldMapperTests.java","1","0","1","3","97","137","1"
"elasticsearch","2a00c9dc46fe7ac5da04ea3e735985d3f02bc7bf","core/src/test/java/org/elasticsearch/index/mapper/TokenCountFieldMapperTests.java","1","0","1","3","97","137","0"
"orientdb","5499f443102cace2dfa66d6bb93b5715bc0a6393","lucene/src/test/java/com/orientechnologies/lucene/tests/OLuceneListIndexingTest.java","1","0","1","3","99","178","0"
"BroadleafCommerce","e216da5ebb303680f5c60ffcd75979f5876ab5a6","admin/broadleaf-open-admin-platform/src/main/java/org/broadleafcommerce/openadmin/dto/DynamicResultSet.java","1","0","1","30","111","172","0"
"hazelcast","b048dce0170cb250971db16f7847e628592086d1","hazelcast/src/main/java/com/hazelcast/internal/ascii/TextCommandService.java","1","0","1","30","35","89","1"
"hazelcast","d0a7d416b1220ef4badd98e42991dabe34c7beeb","hazelcast/src/main/java/com/hazelcast/replicatedmap/impl/record/ReplicatedRecordStore.java","1","0","1","30","40","92","0"
"hazelcast","707932eed4859d26c9c896f844d9433f2795b290","hazelcast/src/main/java/com/hazelcast/replicatedmap/impl/record/ReplicatedRecordStore.java","1","0","1","30","40","93","0"
"hazelcast","a43f8ee8ca77bddba7a0b7c0a5422bc2ee7b1788","hazelcast/src/main/java/com/hazelcast/internal/ascii/TextCommandService.java","1","0","1","31","39","95","0"
"hazelcast","47272dcf84997e899c65c6de1b3164f849b6ece3","hazelcast/src/main/java/com/hazelcast/map/impl/MapServiceContext.java","1","0","1","31","50","116","1"
"hazelcast","145990d6d9ab612af67b4e603815ca23ad518d03","hazelcast/src/main/java/com/hazelcast/map/impl/MapServiceContext.java","1","0","1","32","51","118","0"
"elasticsearch","4e5714b31fe3d3b9fdedb18064253fa50b79bcc0","src/main/java/org/elasticsearch/index/mapper/MapperBuilders.java","1","0","1","33","113","173","0"
"hazelcast","4a1593fa6ba5c277c4ad2fc320d803b0e63b9339","hazelcast/src/main/java/com/hazelcast/replicatedmap/impl/record/ReplicatedRecordStore.java","1","0","1","33","43","99","0"
"elasticsearch","0554f8e875f18b30f1082ed864cdd58fc9c4d0b5","src/main/java/org/elasticsearch/index/mapper/MapperBuilders.java","1","0","1","34","117","178","0"
"hazelcast","309ff0eae019fb89696700e9c7332b78d74999bd","hazelcast/src/test/java/com/hazelcast/test/compatibility/SamplingNodeExtension.java","1","0","1","34","163","222","0"
"elasticsearch","6e7e89159bff9dc60b619c0ee752dd88c6d4446a","core/src/main/java/org/elasticsearch/common/xcontent/XContentGenerator.java","1","0","1","34","42","103","0"
"hazelcast","8f11ec8d3a02711dfbf1e3cd39be0bc2b01fc078","hazelcast/src/main/java/com/hazelcast/map/impl/operation/MapOperationProvider.java","1","0","1","34","46","105","1"
"netty","e6ca9882a107c34cf6358c8d7a68561025f06016","codec-stomp/src/main/java/io/netty/handler/codec/stomp/StompHeaders.java","1","0","1","34","92","149","1"
"hazelcast","8f11ec8d3a02711dfbf1e3cd39be0bc2b01fc078","hazelcast/src/main/java/com/hazelcast/map/impl/operation/DefaultMapOperationProvider.java","1","0","1","35","156","214","1"
"hazelcast","edd06ef89ebb26d51567a97a90481a0332fcb4bd","hazelcast/src/test/java/com/hazelcast/test/compatibility/SamplingNodeExtension.java","1","0","1","35","167","227","0"
"orientdb","56f9bf3a10535e331c512f9852b1779bbc1d38b0","core/src/test/java/com/orientechnologies/orient/core/index/OPropertyMapIndexDefinitionTest.java","1","0","1","35","316","437","0"
"orientdb","040b05508933cf63ab4302ba24753d268640088c","core/src/test/java/com/orientechnologies/orient/core/index/OPropertyMapIndexDefinitionTest.java","1","0","1","35","321","443","2"
"hazelcast","340d72fb3b70ce448f49a1061813a845772f1508","hazelcast/src/main/java/com/hazelcast/map/impl/operation/MapOperationProvider.java","1","0","1","36","51","113","1"
"hazelcast","1577e6203517ea9a356c2fe9ef193cac391f7df1","hazelcast/src/main/java/com/hazelcast/map/impl/operation/MapOperationProvider.java","1","0","1","36","52","114","0"
"hazelcast","340d72fb3b70ce448f49a1061813a845772f1508","hazelcast/src/main/java/com/hazelcast/map/impl/operation/DefaultMapOperationProvider.java","1","0","1","37","167","227","1"
"hazelcast","885f1eefdc46401172ff94d6e64513355586739a","hazelcast/src/main/java/com/hazelcast/map/impl/operation/DefaultMapOperationProvider.java","1","0","1","37","167","227","1"
"hazelcast","1577e6203517ea9a356c2fe9ef193cac391f7df1","hazelcast/src/main/java/com/hazelcast/map/impl/operation/DefaultMapOperationProvider.java","1","0","1","37","167","227","0"
"netty","2adebc4c54ae98565db8e2a3c02b2ffaa0c101fe","buffer/src/main/java/io/netty/buffer/ReadOnlyByteBuf.java","1","0","1","37","173","235","1"
"hazelcast","ed7ca938dc15008364b1d518f0acfc8d7d298939","hazelcast/src/test/java/com/hazelcast/internal/serialization/impl/MorphingPortableReaderTest.java","1","0","1","38","250","314","2"
"hazelcast","6f8dacc3a698febf42c64100be44482aaaf9b9cb","hazelcast/src/test/java/com/hazelcast/internal/serialization/impl/MorphingPortableReaderTest.java","1","0","1","38","250","315","2"
"elasticsearch","2f9e9460d4c0c656e4f0b41376c803cddecf28bf","core/src/test/java/org/elasticsearch/index/query/QueryDSLDocumentationTests.java","1","0","1","38","268","342","1"
"elasticsearch","732741dd8dab99b30e0f61b01aeae1bdac7eea6d","client/rest-high-level/src/test/java/org/elasticsearch/client/documentation/QueryDSLDocumentationTests.java","1","0","1","38","298","454","0"
"neo4j","291436fa1b5694916e8dccd4cde6078303f55baf","community/kernel/src/main/java/org/neo4j/kernel/impl/api/store/StoreReadLayer.java","1","0","1","38","73","136","1"
"neo4j","871317377415ca324a48145401e20e173cb1fec2","community/kernel/src/main/java/org/neo4j/kernel/impl/api/store/StoreReadLayer.java","1","0","1","38","74","137","0"
"elasticsearch","59e4e586838b9267ccb733ac7fa44db97319cfe3","src/main/java/org/elasticsearch/search/highlight/SearchContextHighlight.java","1","0","1","39","142","226","1"
"hazelcast","a00507315b022460b0fee863f72e4580009092a8","hazelcast/src/test/java/com/hazelcast/internal/serialization/impl/MorphingPortableReaderTest.java","1","0","1","39","254","319","1"
"hazelcast","19305a8341456102ebac0796bd907c5c872f4546","hazelcast/src/test/java/com/hazelcast/internal/serialization/impl/MorphingPortableReaderTest.java","1","0","1","39","254","320","0"
"BroadleafCommerce","a2c4f2505ace4aa0175753c7b77c5e834b79456f","core/broadleaf-framework/src/main/java/org/broadleafcommerce/core/catalog/dao/ProductOptionDao.java","1","0","1","4","10","40","1"
"hazelcast","84e0a9b9d444f633dbd2bced60d95bc478086fea","hazelcast/src/main/java/com/hazelcast/instance/NodeContext.java","1","0","1","4","10","41","0"
"elasticsearch","9080f51340b1b26f8bd171b4c82de8d87ad42b55","plugins/mapper-attachments/src/test/java/org/elasticsearch/mapper/attachments/MultifieldAttachmentMapperTests.java","1","0","1","4","100","157","1"
"elasticsearch","ff5ad39c7a5f8ea21d3ff86d3ce50668602d7a74","core/src/test/java/org/elasticsearch/indices/IndicesCustomDataPathIT.java","1","0","1","4","107","164","0"
"netty","85ab9b598209c342fac56077d476ce0d65c2f1c9","codec-http/src/main/java/io/netty/handler/codec/http/FullHttpMessage.java","1","0","1","4","11","35","0"
"orientdb","a2eaf6636bb600c7e6d311b0bb7d112bbaafb4a0","etl/src/main/java/com/orientechnologies/orient/etl/extractor/OETLExtractor.java","1","0","1","4","11","39","0"
"neo4j","c53aab6d4de8c83eda42c64474ec13aa7ecb25f3","community/bolt/src/main/java/org/neo4j/bolt/v1/messaging/BoltResponseMessageHandler.java","1","0","1","4","11","45","1"
"hazelcast","49d70060a7b54249744c4d990d8125c3b7431b06","hazelcast/src/main/java/com/hazelcast/map/impl/MapEventPublisher.java","1","0","1","4","12","24","1"
"BroadleafCommerce","024e2cd7532a2662f5a6bf6f21876f03bcbccb0a","common/src/main/java/org/broadleafcommerce/common/util/dao/DynamicDaoHelper.java","1","0","1","4","12","42","0"
"BroadleafCommerce","9a2399ccabc71c63572c786cacfa9d17404bf0db","admin/broadleaf-open-admin-platform/src/main/java/org/broadleafcommerce/openadmin/server/service/persistence/module/provider/extension/RuleFieldPersistenceProviderExtensionHandler.java","1","0","1","4","12","43","0"
"elasticsearch","2e2e345dcb90e1ec1c48c6bb5348469fc514aea1","src/test/java/org/elasticsearch/indices/mapping/SimpleGetFieldMappingsTests.java","1","0","1","4","123","178","5"
"hazelcast","0fd3a71c944b64d8b3a3ad75361015fb289be227","hazelcast/src/test/java/com/hazelcast/internal/diagnostics/MultiLineDiagnosticsLogWriterTest.java","1","0","1","4","125","152","0"
"elasticsearch","38009efedd9f75cc78cbb925a5dc0d10efb8713b","core/src/main/java/org/apache/lucene/analysis/miscellaneous/DisableGraphAttributeImpl.java","1","0","1","4","13","39","0"
"hazelcast","315c598318976c53bda5f2b6bdf487f4667a21c3","hazelcast/src/main/java/com/hazelcast/core/OperationTimeoutException.java","1","0","1","4","14","46","0"
"orientdb","013e0c79c0b54feb82c91243b011bb623913e44b","object/src/test/java/com/orientechnologies/orient/object/db/entity/NestedContent.java","1","0","1","4","15","40","0"
"orientdb","9948eaed9540477b740a215c986f92928fab2bf2","core/src/main/java/com/orientechnologies/orient/core/sql/executor/EmptyStep.java","1","0","1","4","16","27","1"
"elasticsearch","ffc8c3b68a775a61924ca0cd01dc8b9b97a96d09","modules/elasticsearch/src/main/java/org/elasticsearch/ElasticSearchIllegalArgumentException.java","1","0","1","4","16","44","0"
"orientdb","ed1b562003c7509649a9ce9058f3e9bab4b49fb3","object/src/test/java/com/orientechnologies/orient/object/db/entity/LoopEntity.java","1","0","1","4","17","27","0"
"hazelcast","2cfbd79e1e84f5987e07cedc09f582d5715c815d","hazelcast/src/main/java/com/hazelcast/config/EvictionConfigReadOnly.java","1","0","1","4","17","43","0"
"hazelcast","c9145735e1b77145651752c833ce474b9e542791","hazelcast/src/main/java/com/hazelcast/config/EvictionConfigReadOnly.java","1","0","1","4","17","43","0"
"hazelcast","5ce068887fea87587207a86de8baa062cf8514ac","hazelcast/src/main/java/com/hazelcast/config/EvictionConfigReadOnly.java","1","0","1","4","17","43","2"
"elasticsearch","8f146f9ab0e15c3074b1dc0064f4115cc700aaa9","src/main/java/org/elasticsearch/discovery/zen/NotMasterException.java","1","0","1","4","17","47","0"
"BroadleafCommerce","aacde9edcbeff636f03326493a9d244ce547d0f8","admin/broadleaf-open-admin-platform/src/main/java/org/broadleafcommerce/openadmin/server/security/service/EntityFormModifierDataPoint.java","1","0","1","4","17","49","0"
"elasticsearch","0d3895533c004cf40d75226efd62ec833981741a","src/test/java/org/elasticsearch/explain/ExplainActionTests.java","1","0","1","4","174","222","1"
"orientdb","b18251fe922483b2b6591472b9f435a9214c8c51","core/src/main/java/com/orientechnologies/orient/core/sql/executor/EmptyStep.java","1","0","1","4","18","29","0"
"hazelcast","4eef0f6f0630c47a4baca6875343ccd506948bb5","hazelcast/src/main/java/com/hazelcast/multimap/operations/RemoveAllBackupOperation.java","1","0","1","4","18","44","1"
"hazelcast","74d6f72756601ada8fcd5b952384223dac5d5b25","hazelcast/src/main/java/com/hazelcast/multimap/operations/RemoveAllBackupOperation.java","1","0","1","4","18","44","2"
"hazelcast","91623113623055f184207f53a0344bbc82ad227f","hazelcast/src/main/java/com/hazelcast/multimap/operations/RemoveAllBackupOperation.java","1","0","1","4","18","44","3"
"hazelcast","f5d0f6d0c65c355122aa1fd5b9fc9949e7e6258b","hazelcast/src/main/java/com/hazelcast/multimap/operations/RemoveAllBackupOperation.java","1","0","1","4","18","44","3"
"hazelcast","987927623458f51f4fca6f83400d8a9cbf2c7b81","hazelcast/src/main/java/com/hazelcast/multimap/operations/RemoveAllBackupOperation.java","1","0","1","4","18","44","0"
"elasticsearch","1cb3068737d2516a614382c1e80def36c60cd194","core/src/main/java/org/elasticsearch/index/mapper/MapperException.java","1","0","1","4","18","46","0"
"BroadleafCommerce","71ed100532a1cdcca0779a75bab5b442a72b15e9","common/src/main/java/org/broadleafcommerce/common/extension/StandardCacheItem.java","1","0","1","4","18","52","0"
"elasticsearch","10ec2e948a2f1426a5058ca3b2c2e39952f141d8","src/main/java/org/elasticsearch/action/NoShardAvailableActionException.java","1","0","1","4","19","47","0"
"elasticsearch","a8dcfa5deb65d57ae4814f97c7f5231ed45507c2","src/main/java/org/elasticsearch/action/NoShardAvailableActionException.java","1","0","1","4","19","47","0"
"elasticsearch","fa16969360ea43667ad11f827bbf86718c18fcc6","src/main/java/org/elasticsearch/action/NoShardAvailableActionException.java","1","0","1","4","19","47","1"
"elasticsearch","24fccc91d885a1c08bda67b88686e226a467c101","src/test/java/org/elasticsearch/test/unit/index/fielddata/LongFieldDataTests.java","1","0","1","4","191","253","0"
"hazelcast","ea6df5b26c649fe055f90ebd8edfb6395649a658","hazelcast/src/test/java/com/hazelcast/internal/serialization/impl/TestSerializerHook.java","1","0","1","4","20","30","1"
"elasticsearch","cde83e363aac2195c2dc0f81bbe348bcfe8b4152","modules/lang-painless/src/main/java/org/elasticsearch/painless/Executable.java","1","0","1","4","20","51","1"
"elasticsearch","fa16969360ea43667ad11f827bbf86718c18fcc6","src/main/java/org/apache/lucene/search/postingshighlight/Snippet.java","1","0","1","4","20","51","1"
"elasticsearch","10ec2e948a2f1426a5058ca3b2c2e39952f141d8","src/main/java/org/apache/lucene/search/postingshighlight/Snippet.java","1","0","1","4","20","51","0"
"orientdb","69dde5c3af532dfc8b7ec16104aef29d93001eca","core/src/main/java/com/orientechnologies/orient/core/sql/functions/coll/OSQLFunctionMultiValueAbstract.java","1","0","1","4","20","53","0"
"hazelcast","5c0d5a22d2259539d62d8a928f41424eece216cb","hazelcast-spring/src/test/java/com/hazelcast/spring/serialization/DummySerializer.java","1","0","1","4","21","32","0"
"titan","996dd26106e7310f2a8681591e7b86596f690532","titan-test/src/test/java/com/thinkaurelius/titan/graphdb/inmemory/InMemoryGraphTest.java","1","0","1","4","21","33","0"
"elasticsearch","78574d248cf10dad1c5a566fda79e1e0c94afe43","core/src/main/java/org/elasticsearch/action/fieldstats/FieldStatsRequestBuilder.java","1","0","1","4","21","49","1"
"elasticsearch","e6aaaf11ed4a1b8f595f920de1840938eddb7a97","core/src/main/java/org/elasticsearch/action/fieldstats/FieldStatsRequestBuilder.java","1","0","1","4","21","49","1"
"elasticsearch","a60b8948ba1d836a6eac7cff095519e618939ed8","core/src/main/java/org/elasticsearch/action/fieldstats/FieldStatsRequestBuilder.java","1","0","1","4","21","49","0"
"hazelcast","e641541f77808713a214b6d1b4ef4d58497824f1","subscriber/ClientQueryCacheScheduler.java","1","0","1","4","22","37","0"
"hazelcast","7001ec8c5b1305c796de75c2e3f170c562db8c03","hazelcast/src/main/java/com/hazelcast/map/impl/nearcache/MemberMinimalPartitionService.java","1","0","1","4","22","49","0"
"elasticsearch","f23274523a4d957156fa48923cbf651bdeb2813f","src/main/java/org/elasticsearch/action/bench/BenchmarkExecutionException.java","1","0","1","4","22","53","0"
"BroadleafCommerce","e216da5ebb303680f5c60ffcd75979f5876ab5a6","common/src/main/java/org/broadleafcommerce/common/persistence/transaction/CommonServiceIntegrator.java","1","0","1","4","22","56","0"
"elasticsearch","b6a9bd9a31862bf4f73efd0009727134b91c4f27","src/test/java/org/elasticsearch/test/integration/indexlifecycle/IndexLifecycleActionTests.java","1","0","1","4","227","339","0"
"elasticsearch","e530f03b9445e98728b5fbf203c57ab774928ff3","src/test/java/org/elasticsearch/test/integration/indexlifecycle/IndexLifecycleActionTests.java","1","0","1","4","228","340","0"
"orientdb","a2eaf6636bb600c7e6d311b0bb7d112bbaafb4a0","etl/src/main/java/com/orientechnologies/orient/etl/extractor/OETLAbstractExtractor.java","1","0","1","4","23","52","0"
"BroadleafCommerce","58d8258a56593bc913efa9aa60d0ca5f8f173bd8","core/broadleaf-framework/src/main/java/org/broadleafcommerce/core/order/service/AbstractOrderServiceExtensionHandler.java","1","0","1","4","23","54","1"
"BroadleafCommerce","c567e8e3e9d7e60560bca4f471055ce228096fa8","core/broadleaf-profile-web/src/main/java/org/broadleafcommerce/profile/web/core/CustomerState.java","1","0","1","4","24","52","1"
"orientdb","a2eaf6636bb600c7e6d311b0bb7d112bbaafb4a0","etl/src/main/java/com/orientechnologies/orient/etl/source/OETLInputSource.java","1","0","1","4","24","53","0"
"elasticsearch","3f6c0feee38a11284ab120b0981922adbd60484d","core/src/main/java/org/elasticsearch/indices/TypeMissingException.java","1","0","1","4","24","54","2"
"orientdb","76ffdc9fe1e541460329297a955e8494c36be8f5","core/src/main/java/com/orientechnologies/orient/core/iterator/ORecordIteratorClassDescendentOrder.java","1","0","1","4","24","55","1"
"elasticsearch","fa16969360ea43667ad11f827bbf86718c18fcc6","src/main/java/org/elasticsearch/action/admin/indices/exists/types/TypesExistsResponse.java","1","0","1","4","24","55","1"
"elasticsearch","10ec2e948a2f1426a5058ca3b2c2e39952f141d8","src/main/java/org/elasticsearch/action/admin/indices/exists/types/TypesExistsResponse.java","1","0","1","4","24","55","0"
"elasticsearch","6c28235b03fdad898986f613e198c24ca3067e4d","core/src/test/java/org/elasticsearch/cluster/routing/allocation/ThrottlingAllocationTests.java","1","0","1","4","247","331","2"
"neo4j","6ae0873e303c40548b80c8463588e28bf99217aa","community/neo4j-harness/src/test/java/org/neo4j/harness/MyExtensionThatAddsInjectable.java","1","0","1","4","25","54","0"
"orientdb","693119e3f1dab4ea8b67a35575ba1f7d1c0a970b","object/src/main/java/com/orientechnologies/orient/object/db/OObjectDatabasePool.java","1","0","1","4","25","55","0"
"BroadleafCommerce","a943eeae9ff5398e1779755ad265d6e1eb0e094c","common/src/main/java/org/broadleafcommerce/common/web/payment/expression/PaymentGatewayFieldVariableExpression.java","1","0","1","4","25","93","0"
"hazelcast","269452c5076a01d8e67f0b8d674f6b55cf0e1d06","hazelcast/src/main/java/com/hazelcast/config/DiscoveryConfigReadOnly.java","1","0","1","4","26","54","0"
"titan","86bc51a0b9aa5d6d59ec1770f6fdafff8d0a5f7e","titan-test/src/test/java/com/thinkaurelius/titan/graphdb/inmemory/InMemoryGraphTest.java","1","0","1","4","27","39","0"
"orientdb","39a8884d03c0bc49b8ecf655a22fe80646afa1e6","spatial/src/main/java/com/orientechnologies/spatial/shape/OShapeOperationImpl.java","1","0","1","4","27","56","0"
"elasticsearch","10ec2e948a2f1426a5058ca3b2c2e39952f141d8","src/main/java/org/elasticsearch/action/admin/cluster/node/hotthreads/NodesHotThreadsRequestBuilder.java","1","0","1","4","27","56","0"
"elasticsearch","fa16969360ea43667ad11f827bbf86718c18fcc6","src/main/java/org/elasticsearch/action/admin/cluster/node/hotthreads/NodesHotThreadsRequestBuilder.java","1","0","1","4","27","56","1"
"oryx","3b0fc229b3818b52dda4b6b863f9bca5dcfc4d86","framework/oryx-lambda-serving/src/main/java/com/cloudera/oryx/lambda/serving/ScalaServingModelManagerAdapter.java","1","0","1","4","27","58","0"
"oryx","fddb336ac30ea3fb0bde91c61ef043f523d7d9fe","framework/oryx-lambda/src/main/java/com/cloudera/oryx/lambda/speed/ScalaSpeedModelManagerAdapter.java","1","0","1","4","27","60","0"
"hazelcast","6089fd2a02f5a274f0bd303d51105069b1bb7e3c","hazelcast/src/main/java/com/hazelcast/collection/list/tx/TransactionalListProxy.java","1","0","1","4","28","56","1"
"hazelcast","6089fd2a02f5a274f0bd303d51105069b1bb7e3c","hazelcast/src/main/java/com/hazelcast/collection/set/tx/TransactionalSetProxy.java","1","0","1","4","28","56","1"
"netty","ba6ce5449ee852b782dde9a11933f6a09b123e22","codec-http2/src/test/java/io/netty/handler/codec/http2/DefaultHttp2HeaderTableListSizeTest.java","1","0","1","4","28","56","0"
"BroadleafCommerce","1e8b29ba6d27d72811406cce7db53ed3fa903475","core/broadleaf-framework-web/src/main/java/org/broadleafcommerce/core/web/expression/checkout/CheckoutStageVariableExpression.java","1","0","1","4","28","59","0"
"oryx","3b0fc229b3818b52dda4b6b863f9bca5dcfc4d86","framework/oryx-lambda/src/main/java/com/cloudera/oryx/lambda/speed/ScalaSpeedModelManagerAdapter.java","1","0","1","4","28","61","0"
"elasticsearch","c7d0c3ea1896445b19098d5e8b0058dc5c909d59","src/main/java/org/elasticsearch/index/codec/postingsformat/DirectPostingsFormatProvider.java","1","0","1","4","28","73","2"
"hazelcast","151c5bd9cdcf1769dc9e1ab0ea43af6bbee8fac8","hazelcast/src/main/java/com/hazelcast/replicatedmap/impl/client/ClientReplicatedMapClearRequest.java","1","0","1","4","29","57","1"
"hazelcast","12a0770d42130064f5a63ee306ebee1dfb45349f","hazelcast/src/main/java/com/hazelcast/queue/tx/TxnPollBackupOperation.java","1","0","1","4","29","60","1"
"hazelcast","fa1c7b6b500525ad71674b38354c7da76290f7cc","hazelcast/src/main/java/com/hazelcast/queue/tx/TxnPollBackupOperation.java","1","0","1","4","29","60","1"
"hazelcast","285ea2f37f81be480b27c4d255050be62a2af56f","hazelcast/src/main/java/com/hazelcast/queue/tx/TxnPollBackupOperation.java","1","0","1","4","29","60","0"
"elasticsearch","e1efd5f6baf8dec1c23c79b346b8a29f234a98bb","core/src/main/java/org/elasticsearch/action/suggest/ShardSuggestRequest.java","1","0","1","4","29","61","0"
"elasticsearch","c7d0c3ea1896445b19098d5e8b0058dc5c909d59","src/main/java/org/elasticsearch/index/codec/postingsformat/MemoryPostingsFormatProvider.java","1","0","1","4","29","69","2"
"hazelcast","fe5fe72b500ec87086cc396cfea16d1fa6abf951","hazelcast/src/main/java/com/hazelcast/internal/management/dto/SlowOperationInvocationDTO.java","1","0","1","4","30","42","0"
"titan","cf981127bcf88a6f6b6c160104ce6e97c2c37554","titan-core/src/main/java/com/thinkaurelius/titan/graphdb/transaction/indexcache/SimpleIndexCache.java","1","0","1","4","30","43","0"
"BroadleafCommerce","e221289a7a5031d5a11f5036694ed7eb59e3de35","core/broadleaf-framework/src/main/java/org/broadleafcommerce/core/order/service/FulfillmentOptionServiceImpl.java","1","0","1","4","30","59","0"
"hazelcast","e8a91a32e1a9e4c50d7fdb5f87df6018fc1f7aa0","hazelcast/src/main/java/com/hazelcast/queue/tx/TxnPollBackupOperation.java","1","0","1","4","30","61","0"
"junit","34e66740b9117ce85cfd416f9e931b2e533ab16e","src/test/java/org/junit/tests/experimental/theories/AssumingInTheoriesTest.java","1","0","1","4","31","43","0"
"hazelcast","e92dcb6824f242ac8bcb72623ccd13f982955632","hazelcast/src/main/java/com/hazelcast/collection/list/tx/TransactionalListProxy.java","1","0","1","4","31","59","0"
"neo4j","868b4d731485023d2f7477e1133dcd5b263c851d","community/kernel/src/main/java/org/neo4j/kernel/impl/spi/SimpleKernelContext.java","1","0","1","4","31","61","0"
"orientdb","b2d2a8092faec38eb3a9f2a2d60f1ffeb2b9b6a9","graphdb/src/test/java/com/orientechnologies/orient/graph/blueprints/AutoTxTest.java","1","0","1","4","33","47","0"
"elasticsearch","5bb75f9da308bb14f07596d41e396cf5cb3099b6","src/main/java/org/elasticsearch/index/cache/query/parser/support/AbstractJvmQueryParserCache.java","1","0","1","4","33","65","1"
"orientdb","67b44e38d6982f4b915b71290548d72dbd5aaa00","tests/src/test/java/com/orientechnologies/orient/test/internal/StringSerializerSpeedTest.java","1","0","1","4","34","48","1"
"hazelcast","607e46817bb2f8d452c7ced168646daf77a8a7f7","hazelcast/src/main/java/com/hazelcast/map/impl/tx/TxnUnlockBackupOperation.java","1","0","1","4","34","65","1"
"BroadleafCommerce","dcf4f5a34f5824533a90d2331f17861ab7853074","common/src/main/java/org/broadleafcommerce/common/site/domain/SiteAdminPresentation.java","1","0","1","4","34","66","0"
"elasticsearch","78574d248cf10dad1c5a566fda79e1e0c94afe43","core/src/main/java/org/elasticsearch/action/admin/cluster/storedscripts/GetStoredScriptResponse.java","1","0","1","4","35","68","1"
"elasticsearch","e6aaaf11ed4a1b8f595f920de1840938eddb7a97","core/src/main/java/org/elasticsearch/action/admin/cluster/storedscripts/GetStoredScriptResponse.java","1","0","1","4","35","68","1"
"elasticsearch","a60b8948ba1d836a6eac7cff095519e618939ed8","core/src/main/java/org/elasticsearch/action/admin/cluster/storedscripts/GetStoredScriptResponse.java","1","0","1","4","35","68","0"
"junit","e012e06dc326394a3a834d974e9af3fea0e6df91","src/test/java/org/junit/tests/experimental/theories/AssumingInTheoriesTest.java","1","0","1","4","36","48","1"
"orientdb","daa89846a07faf0215b5d99ec4121ebd7395c41e","tests/src/test/java/com/orientechnologies/orient/test/internal/StringSerializerSpeedTest.java","1","0","1","4","36","50","0"
"hazelcast","3cc13b14fba6b8e6e2ab9149c8d17561a29c537f","hazelcast/src/main/java/com/hazelcast/collection/impl/txnqueue/operations/TxnPollBackupOperation.java","1","0","1","4","36","66","1"
"hazelcast","67235ce99477aeeecc86d225926b6456b7ceef20","hazelcast/src/main/java/com/hazelcast/collection/impl/txnqueue/operations/TxnPollBackupOperation.java","1","0","1","4","36","66","1"
"hazelcast","a46aa8502977bde24649cec3b52fbb065d6f480f","hazelcast/src/main/java/com/hazelcast/collection/impl/txnqueue/operations/TxnPollBackupOperation.java","1","0","1","4","36","66","1"
"hazelcast","e7c312280062991ae79e7194e151e12ea3aa2897","hazelcast/src/main/java/com/hazelcast/collection/impl/txnqueue/operations/TxnPollBackupOperation.java","1","0","1","4","36","66","0"
"hazelcast","3cc13b14fba6b8e6e2ab9149c8d17561a29c537f","hazelcast/src/main/java/com/hazelcast/collection/impl/queue/operations/RemoveBackupOperation.java","1","0","1","4","36","67","1"
"hazelcast","67235ce99477aeeecc86d225926b6456b7ceef20","hazelcast/src/main/java/com/hazelcast/collection/impl/queue/operations/RemoveBackupOperation.java","1","0","1","4","36","67","1"
"hazelcast","a46aa8502977bde24649cec3b52fbb065d6f480f","hazelcast/src/main/java/com/hazelcast/collection/impl/queue/operations/RemoveBackupOperation.java","1","0","1","4","36","67","1"
"hazelcast","e7c312280062991ae79e7194e151e12ea3aa2897","hazelcast/src/main/java/com/hazelcast/collection/impl/queue/operations/RemoveBackupOperation.java","1","0","1","4","36","67","0"
"hazelcast","4b12b31e4e2a868107895e53d6543fdc201f385c","hazelcast/src/main/java/com/hazelcast/collection/impl/txnqueue/operations/QueueTransactionRollbackOperation.java","1","0","1","4","36","68","0"
"hazelcast","59c4822d4ad5dfac4cecd11231280baa33d4aa35","hazelcast/src/main/java/com/hazelcast/collection/operations/client/CollectionRequest.java","1","0","1","4","37","68","1"
"hazelcast","37ff66dace1e24ac18f53035b3f7a6c3df4cb693","hazelcast/src/main/java/com/hazelcast/map/impl/operation/MapPartitionDestroyBackupOperation.java","1","0","1","4","37","69","1"
"hazelcast","fbcba56efb38034ef1b93d845339262278b4db6d","hazelcast/src/main/java/com/hazelcast/jmx/TopicMBean.java","1","0","1","4","37","69","1"
"hazelcast","16e950448a7db50289cead4bc1bb1a4da006e545","hazelcast/src/main/java/com/hazelcast/jmx/TopicMBean.java","1","0","1","4","37","69","0"
"hazelcast","e1b69c53ca4923affcd7722f012a80e32517e988","hazelcast/src/main/java/com/hazelcast/internal/cluster/impl/operations/ConfigMismatchOp.java","1","0","1","4","37","72","0"
"hazelcast","6aa478bb5620a41415f1e93043cca925c0c56043","hazelcast/src/main/java/com/hazelcast/cache/impl/operation/CacheGetConfigOperation.java","1","0","1","4","38","69","0"
"hazelcast","e1b69c53ca4923affcd7722f012a80e32517e988","hazelcast/src/main/java/com/hazelcast/internal/cluster/impl/operations/TriggerExplicitSuspicionOp.java","1","0","1","4","38","73","0"
"elasticsearch","3aa72f27382dc5a6180b390eaafcff96c3fd7f1f","src/main/java/org/elasticsearch/common/lucene/search/function/RandomScoreFunction.java","1","0","1","4","38","77","1"
"hazelcast","8214a377365b90fd70837931145f1f93adcdce10","hazelcast/src/main/java/com/hazelcast/client/impl/protocol/task/cache/AbstractCacheMessageTask.java","1","0","1","4","39","69","1"
"elasticsearch","40f119d85a4eaa39d0a6e594e46f70de725557f0","plugins/cloud-gce/src/test/java/org/elasticsearch/cloud/gce/GceComputeServiceTwoNodesDifferentTagsMock.java","1","0","1","4","39","70","1"
"elasticsearch","583c4926c47a039f432dc59c7e37c3ce23f821f0","src/test/java/org/elasticsearch/common/unit/TimeValueTests.java","1","0","1","4","39","70","1"
"elasticsearch","bbf42d379dc5fac7cddf768b244aa1649efdb10d","plugins/cloud-gce/src/test/java/org/elasticsearch/cloud/gce/GceComputeServiceTwoNodesDifferentTagsMock.java","1","0","1","4","39","70","0"
"orientdb","331294aa28524aabb5128bbffbbdb5afc498cbfe","src/test/java/com/orientechnologies/orient/etl/transformer/OFieldTransformerTest.java","1","0","1","4","39","72","0"
"hazelcast","987927623458f51f4fca6f83400d8a9cbf2c7b81","hazelcast/src/main/java/com/hazelcast/multimap/operations/MultiMapKeyBasedOperation.java","1","0","1","4","39","73","0"
"elasticsearch","8cc22eb960d53905cab3697f4de88c8cd8278601","distribution/integ-test-zip/src/test/java/org/elasticsearch/test/rest/HeadBodyIsEmptyIT.java","1","0","1","4","39","73","0"
"hazelcast","74d6f72756601ada8fcd5b952384223dac5d5b25","hazelcast/src/main/java/com/hazelcast/multimap/operations/MultiMapKeyBasedOperation.java","1","0","1","4","39","73","2"
"hazelcast","287ce2a807b5697e12a97529d63fa3387e06aace","hazelcast/src/main/java/com/hazelcast/map/impl/mapstore/writebehind/entry/DelayedEntries.java","1","0","1","4","39","75","0"
"hazelcast","a0250a7f6ea4ad197a9c74b6be4fc550cdbf5c13","hazelcast/src/test/java/com/hazelcast/spi/impl/operationservice/impl/Invocation_ExceptionTest.java","1","0","1","4","40","54","0"
"hazelcast","3cc13b14fba6b8e6e2ab9149c8d17561a29c537f","hazelcast/src/main/java/com/hazelcast/collection/impl/txnqueue/operations/TxnReservePollBackupOperation.java","1","0","1","4","40","70","1"
"hazelcast","67235ce99477aeeecc86d225926b6456b7ceef20","hazelcast/src/main/java/com/hazelcast/collection/impl/txnqueue/operations/TxnReservePollBackupOperation.java","1","0","1","4","40","70","1"
"hazelcast","a46aa8502977bde24649cec3b52fbb065d6f480f","hazelcast/src/main/java/com/hazelcast/collection/impl/txnqueue/operations/TxnReservePollBackupOperation.java","1","0","1","4","40","70","1"
"hazelcast","e7c312280062991ae79e7194e151e12ea3aa2897","hazelcast/src/main/java/com/hazelcast/collection/impl/txnqueue/operations/TxnReservePollBackupOperation.java","1","0","1","4","40","70","0"
"hazelcast","f9e887588cfe646adc3ae3ec707de95cc5303706","hazelcast/src/main/java/com/hazelcast/queue/impl/tx/TxnReservePollBackupOperation.java","1","0","1","4","40","70","0"
"hazelcast","3cc13b14fba6b8e6e2ab9149c8d17561a29c537f","hazelcast/src/main/java/com/hazelcast/collection/impl/txnqueue/operations/TxnReserveOfferBackupOperation.java","1","0","1","4","40","71","1"
"hazelcast","67235ce99477aeeecc86d225926b6456b7ceef20","hazelcast/src/main/java/com/hazelcast/collection/impl/txnqueue/operations/TxnReserveOfferBackupOperation.java","1","0","1","4","40","71","1"
"hazelcast","a46aa8502977bde24649cec3b52fbb065d6f480f","hazelcast/src/main/java/com/hazelcast/collection/impl/txnqueue/operations/TxnReserveOfferBackupOperation.java","1","0","1","4","40","71","1"
"hazelcast","e7c312280062991ae79e7194e151e12ea3aa2897","hazelcast/src/main/java/com/hazelcast/collection/impl/txnqueue/operations/TxnReserveOfferBackupOperation.java","1","0","1","4","40","71","0"
"hazelcast","f9e887588cfe646adc3ae3ec707de95cc5303706","hazelcast/src/main/java/com/hazelcast/queue/impl/tx/TxnReserveOfferBackupOperation.java","1","0","1","4","40","71","0"
"orientdb","9076e4945a5441e4b88d7bb3f42eefc05bf4a5ed","src/test/java/com/orientechnologies/orient/etl/transformer/OFieldTransformerTest.java","1","0","1","4","40","74","0"
"orientdb","984c71715a77135a3a3b46473e9b6f816f78fb60","etl/src/test/java/com/orientechnologies/orient/etl/transformer/OFieldTransformerTest.java","1","0","1","4","40","74","0"
"orientdb","36fe694c8f3e92babf28edcd4aeda4d4ec08e667","etl/src/test/java/com/orientechnologies/orient/etl/transformer/OFieldTransformerTest.java","1","0","1","4","40","74","1"
"hazelcast","3cc13b14fba6b8e6e2ab9149c8d17561a29c537f","hazelcast/src/main/java/com/hazelcast/collection/impl/txnqueue/operations/TxnOfferBackupOperation.java","1","0","1","4","41","71","1"
"hazelcast","67235ce99477aeeecc86d225926b6456b7ceef20","hazelcast/src/main/java/com/hazelcast/collection/impl/txnqueue/operations/TxnOfferBackupOperation.java","1","0","1","4","41","71","1"
"hazelcast","7167c10b3f49d6952ccd3671ecde41c8fca10114","hazelcast/src/main/java/com/hazelcast/collection/impl/txnqueue/operations/TxnReservePollBackupOperation.java","1","0","1","4","41","71","1"
"hazelcast","a46aa8502977bde24649cec3b52fbb065d6f480f","hazelcast/src/main/java/com/hazelcast/collection/impl/txnqueue/operations/TxnOfferBackupOperation.java","1","0","1","4","41","71","1"
"hazelcast","be4b268b9d19178068280a38ddcec1461009aa24","hazelcast/src/main/java/com/hazelcast/collection/impl/txnqueue/operations/TxnReservePollBackupOperation.java","1","0","1","4","41","71","1"
"hazelcast","e7c312280062991ae79e7194e151e12ea3aa2897","hazelcast/src/main/java/com/hazelcast/collection/impl/txnqueue/operations/TxnOfferBackupOperation.java","1","0","1","4","41","71","0"
"hazelcast","7167c10b3f49d6952ccd3671ecde41c8fca10114","hazelcast/src/main/java/com/hazelcast/collection/impl/txnqueue/operations/TxnReserveOfferBackupOperation.java","1","0","1","4","41","72","1"
"hazelcast","59c4822d4ad5dfac4cecd11231280baa33d4aa35","hazelcast/src/main/java/com/hazelcast/queue/client/QueueRequest.java","1","0","1","4","41","75","1"
"hazelcast","82f1a5c6da6b8a3f431fe81b18e4866c0c5e2c9f","hazelcast/src/main/java/com/hazelcast/collection/impl/txnqueue/operations/TxnReserveOfferBackupOperation.java","1","0","1","4","41","79","0"
"orientdb","85252d6cf1dc1113daa69fc432e2facc065c6149","distribution/src/test/java/com/orientechnologies/distribution/integration/demodb/ODemoDbGroupByTestIT.java","1","0","1","4","42","58","0"
"hazelcast","82f1a5c6da6b8a3f431fe81b18e4866c0c5e2c9f","hazelcast/src/main/java/com/hazelcast/collection/impl/txnqueue/operations/TxnReservePollBackupOperation.java","1","0","1","4","42","75","0"
"elasticsearch","9c3e4d6e228a16aa6660b77f80797999a8ee629f","test/framework/src/main/java/org/elasticsearch/rest/HeadBodyIsEmptyIntegTestCase.java","1","0","1","4","43","75","0"
"netty","ef729e70213adbfca7b26c2c337eb5d12839fbad","codec-http2/src/test/java/io/netty/handler/codec/http2/Http2SettingsTest.java","1","0","1","4","44","71","0"
"hazelcast","0287d390022e68e3c252acac8db8e0dfc15ecbea","hazelcast/src/main/java/com/hazelcast/collection/impl/txnqueue/operations/TxnPrepareBackupOperation.java","1","0","1","4","44","74","1"
"hazelcast","26c1a07e88a98d6cbf2d7fcd7bc63107d18b18ba","hazelcast/src/main/java/com/hazelcast/collection/impl/txnqueue/operations/TxnPrepareBackupOperation.java","1","0","1","4","44","74","2"
"hazelcast","3803599dbbe08827ffb03c44ff33b724daea1beb","hazelcast/src/main/java/com/hazelcast/collection/impl/txnqueue/operations/TxnPrepareBackupOperation.java","1","0","1","4","44","74","2"
"hazelcast","287d3bfcd02581c7429fc7b65e7142512990d976","hazelcast/src/main/java/com/hazelcast/collection/impl/txnqueue/operations/TxnPrepareBackupOperation.java","1","0","1","4","44","74","0"
"hazelcast","f9e887588cfe646adc3ae3ec707de95cc5303706","hazelcast/src/main/java/com/hazelcast/queue/impl/tx/TxnPrepareBackupOperation.java","1","0","1","4","44","75","0"
"orientdb","abf6ba2fb52da0ed0fbf5148ca6eaef77f2e0b53","etl/src/test/java/com/orientechnologies/orient/etl/transformer/OFieldTransformerTest.java","1","0","1","4","44","78","1"
"orientdb","21dce961ef7c05042005bc5e56ff656c03ef0e4a","etl/src/test/java/com/orientechnologies/orient/etl/transformer/OFieldTransformerTest.java","1","0","1","4","44","80","0"
"orientdb","32d163bb67d400175f64d57d2e728fb2b0298c5f","lucene/src/test/java/com/orientechnologies/lucene/test/LuceneManualIndex.java","1","0","1","4","44","83","0"
"titan","3247d28161a1c089cb463c208ae21c5129eee1af","titan-core/src/main/java/com/thinkaurelius/titan/graphdb/database/cache/MetricInstrumentedSchemaCache.java","1","0","1","4","45","61","0"
"hazelcast","0f64034ff833bda80b1737991c0ec65f8c556fa9","hazelcast/src/main/java/com/hazelcast/client/impl/protocol/task/multimap/MultiMapAddEntryListenerToKeyMessageTask.java","1","0","1","4","45","77","0"
"hazelcast","304a4256525b16cd74311730ddd1f69a73d0049f","hazelcast/src/main/java/com/hazelcast/cache/impl/operation/CachePutBackupOperation.java","1","0","1","4","45","81","0"
"hazelcast","7d598861f166b293dd609a76df28136431bfa5eb","hazelcast/src/main/java/com/hazelcast/cache/impl/operation/CachePutBackupOperation.java","1","0","1","4","45","81","0"
"hazelcast","f39eefee43c6a29f60d1342f1e4ba4f41036ef47","hazelcast/src/main/java/com/hazelcast/cache/impl/operation/CachePutBackupOperation.java","1","0","1","4","45","81","1"
"hazelcast","b43bb0041e2a7132cf7ee79944518ad804d63084","hazelcast/src/main/java/com/hazelcast/spi/impl/operationservice/impl/operations/IsStillExecutingOperation.java","1","0","1","4","46","76","0"
"orientdb","92d7f5625289b8313d96351f6186393ee409b82f","core/src/test/java/com/orientechnologies/orient/core/metadata/schema/AlterSuperclassTest.java","1","0","1","4","47","63","0"
"hazelcast","590c6477098c09f7f0334904cb21999d800fb2aa","hazelcast/src/test/java/com/hazelcast/cache/CacheSerializationTest.java","1","0","1","4","47","64","0"
"titan","63f50c66dd4ec7a3e6882886f4aee674552564e4","titan-core/src/main/java/com/thinkaurelius/titan/diskstorage/StandardStoreManager.java","1","0","1","4","48","65","0"
"titan","63f50c66dd4ec7a3e6882886f4aee674552564e4","titan-core/src/main/java/com/thinkaurelius/titan/diskstorage/StandardIndexProvider.java","1","0","1","4","48","65","0"
"titan","8d5f50cefca0d20892cc6621c5b53cd463a4a2f8","titan-core/src/main/java/com/thinkaurelius/titan/diskstorage/StandardIndexProvider.java","1","0","1","4","48","65","1"
"elasticsearch","b1cef5fdf8e1f8e9982a4724986b2731ca4d522b","core/src/main/java/org/elasticsearch/search/aggregations/metrics/min/MinAggregationBuilder.java","1","0","1","4","49","84","1"
"BroadleafCommerce","13e34973fd48a87bca6221ef78eea0a98d3ef324","common/src/test/java/org/broadleafcommerce/test/common/context/autoconfig/PostAutoConfigurationTest.java","1","0","1","4","49","85","0"
"orientdb","ff547b5e2f7c0b123c62ecb5240b5e359411fc06","core/src/test/java/com/orientechnologies/orient/core/metadata/schema/SaveLinkedTypeAnyTest.java","1","0","1","4","51","70","0"
"elasticsearch","371c73e14023917f3892090d2d3d7ff9ac1216b9","core/src/main/java/org/elasticsearch/search/aggregations/bucket/global/GlobalAggregationBuilder.java","1","0","1","4","51","87","3"
"elasticsearch","78574d248cf10dad1c5a566fda79e1e0c94afe43","core/src/main/java/org/elasticsearch/search/aggregations/bucket/global/GlobalAggregationBuilder.java","1","0","1","4","51","87","2"
"elasticsearch","e6aaaf11ed4a1b8f595f920de1840938eddb7a97","core/src/main/java/org/elasticsearch/search/aggregations/bucket/global/GlobalAggregationBuilder.java","1","0","1","4","51","87","2"
"elasticsearch","a60b8948ba1d836a6eac7cff095519e618939ed8","core/src/main/java/org/elasticsearch/search/aggregations/bucket/global/GlobalAggregationBuilder.java","1","0","1","4","51","87","0"
"orientdb","a2eaf6636bb600c7e6d311b0bb7d112bbaafb4a0","etl/src/test/java/com/orientechnologies/orient/etl/transformer/OETLFieldTransformerTest.java","1","0","1","4","51","88","0"
"elasticsearch","b1cef5fdf8e1f8e9982a4724986b2731ca4d522b","core/src/main/java/org/elasticsearch/search/aggregations/metrics/valuecount/ValueCountAggregationBuilder.java","1","0","1","4","52","88","1"
"elasticsearch","b1cef5fdf8e1f8e9982a4724986b2731ca4d522b","core/src/main/java/org/elasticsearch/search/aggregations/bucket/missing/MissingAggregationBuilder.java","1","0","1","4","53","89","1"
"hazelcast","1c3dd8c96a86869b2914bd7810ba433ed1482921","hazelcast/src/test/java/com/hazelcast/query/impl/predicates/CompoundPredicateTest.java","1","0","1","4","55","77","0"
"orientdb","67b44e38d6982f4b915b71290548d72dbd5aaa00","core/src/test/java/com/orientechnologies/orient/core/index/sbtree/local/ONullBucketTest.java","1","0","1","4","55","82","1"
"hazelcast","317fabec0c90b274c686ba018cc1b465fee244f2","hazelcast-client-new/src/test/java/com/hazelcast/client/txn/ClientTxnListTest.java","1","0","1","4","58","90","0"
"hazelcast","b777381e2f8cfc3d8bcde3a87c5cc9993e31d4a2","hazelcast-client-new/src/test/java/com/hazelcast/client/txn/ClientTxnListTest.java","1","0","1","4","59","91","1"
"elasticsearch","4dab138db78ba518e66bc0be1c3d7327fa12e99e","src/test/java/org/elasticsearch/index/mapper/boost/BoostMappingTests.java","1","0","1","4","59","95","1"
"netty","2ca7eae136d5a3bf2a8bef4eb4a8204648e85268","codec-http/src/main/java/io/netty/handler/codec/http/LastHttpContent.java","1","0","1","4","59","99","2"
"orientdb","daa89846a07faf0215b5d99ec4121ebd7395c41e","core/src/test/java/com/orientechnologies/orient/core/index/sbtree/local/ONullBucketTest.java","1","0","1","4","60","91","0"
"orientdb","184bcd2b24baccb022539cc483bc8062e2642832","core/src/test/java/com/orientechnologies/orient/core/tx/TransactionQueryIndexTests.java","1","0","1","4","61","82","0"
"elasticsearch","ee30cf32ab6a5b540c096090c1e0225451209f55","core/src/test/java/org/elasticsearch/plugins/PluginManagerUnitTests.java","1","0","1","4","61","95","0"
"netty","b24494abeb3515fac9c5392a14f7a92b1f9550f2","codec-http/src/main/java/io/netty/handler/codec/http/LastHttpContent.java","1","0","1","4","63","104","1"
"elasticsearch","573cacab54c114b04912b5876fa81d61e0317b8b","src/test/java/org/elasticsearch/threadpool/ThreadPoolSerializationTests.java","1","0","1","4","67","103","0"
"elasticsearch","59ecfd67e89688467998b6e54139f0ff150efbe7","src/test/java/org/elasticsearch/index/mapper/boost/BoostMappingTests.java","1","0","1","4","67","103","0"
"elasticsearch","459a05168c7577134ab4b4e5131ee81a0dc81fe0","src/test/java/org/elasticsearch/threadpool/ThreadPoolSerializationTests.java","1","0","1","4","67","103","1"
"elasticsearch","5c8fe598a6bcb11bf0e674ef59c2726eeb8cfbf8","modules/elasticsearch/src/test/java/org/elasticsearch/index/mapper/xcontent/all/SimpleAllMapperTests.java","1","0","1","4","67","104","1"
"elasticsearch","459a05168c7577134ab4b4e5131ee81a0dc81fe0","src/test/java/org/elasticsearch/transport/NettySizeHeaderFrameDecoderTests.java","1","0","1","4","67","108","1"
"elasticsearch","573cacab54c114b04912b5876fa81d61e0317b8b","src/test/java/org/elasticsearch/transport/NettySizeHeaderFrameDecoderTests.java","1","0","1","4","68","108","0"
"elasticsearch","19448d777528f1158de04858ef2fcc5b2431bd5e","modules/elasticsearch/src/test/java/org/elasticsearch/index/mapper/xcontent/all/SimpleAllMapperTests.java","1","0","1","4","69","106","0"
"elasticsearch","046abdc281c321cd2128ee7684c0edfcaca07203","modules/transport-netty4/src/test/java/org/elasticsearch/transport/netty4/Netty4SizeHeaderFrameDecoderTests.java","1","0","1","4","69","109","2"
"elasticsearch","22e63b478306fb3cab6ba8967db6e1f2b73cdfd8","modules/transport-netty4/src/test/java/org/elasticsearch/transport/netty4/Netty4SizeHeaderFrameDecoderTests.java","1","0","1","4","69","109","1"
"elasticsearch","41d8fbe8f51abd499c9b497238bc5f2141b7926b","core/src/test/java/org/elasticsearch/transport/NettySizeHeaderFrameDecoderTests.java","1","0","1","4","69","109","2"
"elasticsearch","e74d02138f02a66331b2611b5e70a908bb49cb97","modules/transport-netty4/src/test/java/org/elasticsearch/transport/netty4/Netty4SizeHeaderFrameDecoderTests.java","1","0","1","4","69","109","0"
"orientdb","1588c28b4906c47b12518029d176da10704b37e9","server/src/test/java/com/orientechnologies/orient/server/tx/RemoteTransactionSupportTest.java","1","0","1","4","69","85","1"
"hazelcast","48b8e6ad1564ee0b89472d0bcb17f4c6fd3f3198","hazelcast/src/test/java/com/hazelcast/query/impl/DateHelperTest.java","1","0","1","4","69","93","0"
"hazelcast","f4c33973f2e5f804f6743683b11c8a43922bfc7e","hazelcast/src/test/java/com/hazelcast/map/impl/proxy/MapProxyImplTest.java","1","0","1","4","69","98","0"
"orientdb","49646436cee4497bc6b13ed638598cac2c4ae6e6","core/src/main/java/com/orientechnologies/common/directmemory/ODirectMemoryMXBean.java","1","0","1","4","7","16","0"
"hazelcast","3c9ef00381594290d29566fe2dabeb179e1c5529","hazelcast/src/main/java/com/hazelcast/wan/WanReplicationPublisher.java","1","0","1","4","7","34","1"
"elasticsearch","164efaecbe42195f08ada58b5fde927ab21fc6e7","core/src/test/java/org/elasticsearch/transport/NettySizeHeaderFrameDecoderTests.java","1","0","1","4","70","111","1"
"elasticsearch","a77c68ba0efccbaa9628e371cf37ee3d156e48a3","core/src/test/java/org/elasticsearch/transport/NettySizeHeaderFrameDecoderTests.java","1","0","1","4","70","111","1"
"elasticsearch","5b8b15e729d022ac816098c40f401ba25ce7e2e0","core/src/test/java/org/elasticsearch/transport/NettySizeHeaderFrameDecoderTests.java","1","0","1","4","70","111","0"
"elasticsearch","046abdc281c321cd2128ee7684c0edfcaca07203","modules/transport-netty3/src/test/java/org/elasticsearch/transport/Netty3SizeHeaderFrameDecoderTests.java","1","0","1","4","71","111","2"
"elasticsearch","22e63b478306fb3cab6ba8967db6e1f2b73cdfd8","modules/transport-netty3/src/test/java/org/elasticsearch/transport/Netty3SizeHeaderFrameDecoderTests.java","1","0","1","4","71","111","1"
"elasticsearch","e74d02138f02a66331b2611b5e70a908bb49cb97","modules/transport-netty3/src/test/java/org/elasticsearch/transport/Netty3SizeHeaderFrameDecoderTests.java","1","0","1","4","71","111","0"
"orientdb","1c51439255e290d19e7dcf437c78bc133b786f97","lucene/src/test/java/com/orientechnologies/lucene/test/experimental/OLuceneFulltextExpIndexTest.java","1","0","1","4","71","119","0"
"hazelcast","fb6700346872da3eac002c3d2157b9a7da728fa2","hazelcast/src/test/java/com/hazelcast/map/impl/tx/TransactionalMapProxyTest.java","1","0","1","4","72","107","0"
"hazelcast","22c782cf4670330503dee123b73fa483726328a2","hazelcast/src/test/java/com/hazelcast/cache/impl/operation/OnJoinCacheOperationTest.java","1","0","1","4","75","122","0"
"hazelcast","12c89254274d2c4379de64ed009e9cda5d724fdb","hazelcast/src/test/java/com/hazelcast/cache/impl/operation/PostJoinCacheOperationTest.java","1","0","1","4","75","123","0"
"elasticsearch","adc0807c686b37bf1d96bd3eb9d26face380fe44","src/test/java/org/elasticsearch/action/admin/cluster/repositories/RepositoryBlocksTests.java","1","0","1","4","77","116","0"
"hazelcast","07c40ffd56d6822933d92704213ca873a8164c0f","hazelcast/src/test/java/com/hazelcast/query/impl/DateHelperTest.java","1","0","1","4","77","119","2"
"elasticsearch","9dff5e2af7555886c4f8309cdc724b871db24120","core/src/test/java/org/elasticsearch/action/DocWriteResponseTests.java","1","0","1","4","78","110","0"
"hazelcast","21586825d367940e1c79cf289e97310daab1200d","hazelcast/src/test/java/com/hazelcast/query/impl/DateHelperTest.java","1","0","1","4","78","120","1"
"hazelcast","fe87884b8576b4bb0d8994935b8795d4bcb3d3c4","hazelcast/src/test/java/com/hazelcast/query/impl/DateHelperTest.java","1","0","1","4","78","120","1"
"hazelcast","304a4256525b16cd74311730ddd1f69a73d0049f","hazelcast/src/test/java/com/hazelcast/query/impl/DateHelperTest.java","1","0","1","4","78","120","0"
"elasticsearch","00c035f88c1a161ea831c6a7d28d421a5d50a38c","src/test/java/org/elasticsearch/test/integration/indices/cache/CacheTests.java","1","0","1","4","79","119","0"
"hazelcast","669af4d95acce86fc25b96a8aaf5ee89a8b29610","hazelcast/src/main/java/com/hazelcast/map/impl/MapServiceContextEventListenerSupport.java","1","0","1","4","8","19","0"
"hazelcast","0b99990c091b2e5235b2c7a72b4550327db4260c","hazelcast-client-new/src/main/java/com/hazelcast/client/spi/ClientListenerService.java","1","0","1","4","8","34","2"
"orientdb","4efad7d79eff8fefd7e2a361c364c193238871c5","core/src/main/java/com/orientechnologies/orient/core/storage/OStorageProxy.java","1","0","1","4","8","40","1"
"BroadleafCommerce","a943eeae9ff5398e1779755ad265d6e1eb0e094c","common/src/main/java/org/broadleafcommerce/common/payment/service/PaymentGatewayRollbackService.java","1","0","1","4","8","43","0"
"elasticsearch","39bc001e33489c5033da2bb7520cb907d2dd16ff","core/src/test/java/org/elasticsearch/cluster/metadata/WildcardExpressionResolverTests.java","1","0","1","4","80","115","2"
"elasticsearch","0f4ca09e54902f4402af4bc23e85c7bb2afa22d4","src/test/java/org/elasticsearch/common/rounding/TimeZoneRoundingTests.java","1","0","1","4","81","134","0"
"elasticsearch","072748cd672233925e791c408f05fec8fc5a586a","core/src/test/java/org/elasticsearch/action/DocWriteResponseTests.java","1","0","1","4","83","116","1"
"elasticsearch","c6da8d5e133f5804c3387b954d1f2445039396ab","core/src/test/java/org/elasticsearch/cluster/metadata/WildcardExpressionResolverTests.java","1","0","1","4","84","120","2"
"elasticsearch","4704efaef4b08e1191ac81d35eaf20308dcc1274","qa/evil-tests/src/test/java/org/elasticsearch/common/logging/EvilLoggerConfigurationTests.java","1","0","1","4","86","122","0"
"elasticsearch","b4b33bb20557e9f79975dce3caf4ce95051665ec","src/test/java/org/elasticsearch/test/integration/mlt/MoreLikeThisActionTests.java","1","0","1","4","86","129","1"
"elasticsearch","0ab3cbe3a3b15a154c79138c6d0e6f8dfa888876","core/src/test/java/org/elasticsearch/action/DocWriteResponseTests.java","1","0","1","4","87","120","0"
"hazelcast","3c18acfbce2711db3154bde853b2ea518fe480db","hazelcast/src/main/java/com/hazelcast/map/MapServiceContextEventListenerSupport.java","1","0","1","4","9","19","1"
"hazelcast","99f2dd5d8710f0276d0b105ba5c0f19674b6ccdf","hazelcast-client/src/main/java/com/hazelcast/client/spi/ClientListenerService.java","1","0","1","4","9","19","1"
"hazelcast","b4f94a00cf1628aa0437ded2c556bae9608f74c6","hazelcast-client/src/main/java/com/hazelcast/client/spi/ClientListenerService.java","1","0","1","4","9","19","0"
"hazelcast","3084a2b6c7f8d928cb38abde92766db1f17520f9","hazelcast/src/main/java/com/hazelcast/map/impl/MapServiceContextEventListenerSupport.java","1","0","1","4","9","20","1"
"hazelcast","9144e8128c3d271554f7230ee32e4d2e102fe811","hazelcast/src/main/java/com/hazelcast/query/impl/QueryableEntry.java","1","0","1","4","9","36","0"
"hazelcast","a1eb32e4a02240540cbb54539fc5e039954b3fd3","hazelcast/src/main/java/com/hazelcast/spi/EventRegistration.java","1","0","1","4","9","38","2"
"neo4j","035903e9ebdada5ea1269b223a6b5ee102763a1d","enterprise/causal-clustering/src/test/java/org/neo4j/causalclustering/scenarios/TransactionLogRecoveryIT.java","1","0","1","4","90","164","0"
"elasticsearch","bec07a7eb50c9f122c7b764a9c470362ad515882","core/src/test/java/org/elasticsearch/indices/IndicesCustomDataPathIT.java","1","0","1","4","91","146","1"
"elasticsearch","0809e4a65fb73a1be6e1b9c717f83b6b21b7e989","plugins/mapper-attachments/src/test/java/org/elasticsearch/mapper/attachments/MultifieldAttachmentMapperTests.java","1","0","1","4","95","152","2"
"orientdb","4281249babfca1366f21ad51aef1eec56effbab4","object/src/test/java/com/orientechnologies/orient/object/db/OObjectLazyListTest.java","1","0","1","4","97","136","0"
"elasticsearch","da61ddee3c02a2c074780104236d783524f74c68","src/test/java/org/elasticsearch/test/integration/explain/ExplainActionTests.java","1","0","1","4","98","137","0"
"elasticsearch","3202af0dc15835f3980a3c357dbdfd14d45c129a","modules/elasticsearch/src/main/java/org/elasticsearch/client/transport/support/InternalTransportIndicesAdminClient.java","1","0","1","40","391","477","0"
"elasticsearch","0d755472d363de6a96f74edcfb8b4040afd98553","modules/elasticsearch/src/main/java/org/elasticsearch/client/transport/support/InternalTransportIndicesAdminClient.java","1","0","1","40","410","496","0"
"hazelcast","dcde89bc0b97ab0e39eb414a65730066e6ac0237","hazelcast/src/main/java/com/hazelcast/map/impl/operation/MapOperationProvider.java","1","0","1","40","56","120","2"
"hazelcast","d6b5a28cdd0898e8bc92c1ebc6cf1ca25e79afe5","hazelcast/src/main/java/com/hazelcast/map/impl/operation/MapOperationProvider.java","1","0","1","40","56","121","0"
"hazelcast","9edfab7f3f59aa6703b54c44ea249fa6da524874","hazelcast/src/main/java/com/hazelcast/map/impl/operation/MapOperationProvider.java","1","0","1","40","57","121","0"
"elasticsearch","10e2528cceb404165822862602eb1326ccb1fba5","src/main/java/org/elasticsearch/search/highlight/SearchContextHighlight.java","1","0","1","41","149","236","0"
"hazelcast","9edfab7f3f59aa6703b54c44ea249fa6da524874","hazelcast/src/main/java/com/hazelcast/map/impl/operation/DefaultMapOperationProvider.java","1","0","1","41","184","249","0"
"elasticsearch","92f132aede05533636f2874f8a7b86f09ba806b3","src/main/java/org/elasticsearch/search/highlight/SearchContextHighlight.java","1","0","1","43","156","246","1"
"junit","bb13b318cd79a68470e93c79635090c7bb565475","src/test/java/org/junit/tests/experimental/rules/ExpectedExceptionTest.java","1","0","1","43","279","335","0"
"titan","ed88d7286080492045efafb45a69fa4cb6eeb94d","src/main/java/com/thinkaurelius/titan/graphdb/query/EmptyAtomicQuery.java","1","0","1","44","193","247","0"
"netty","2adebc4c54ae98565db8e2a3c02b2ffaa0c101fe","buffer/src/main/java/io/netty/buffer/AbstractWrappedByteBuf.java","1","0","1","46","194","264","1"
"hazelcast","6ddba7d4f3fe16c5223db5ac54f7eb5bd13387f6","hazelcast/src/main/java/com/hazelcast/map/MapServiceContextEventListenerSupport.java","1","0","1","5","10","21","0"
"hazelcast","7f9ad687397ded1ca221c31c85309c5ee603fe6e","hazelcast-client/src/main/java/com/hazelcast/client/connection/ClientConnectionManager.java","1","0","1","5","10","39","0"
"elasticsearch","2b03bc83a40e470c977564195f6dcc2c208710d1","src/main/java/org/elasticsearch/common/lucene/search/function/ScoreFunction.java","1","0","1","5","10","40","1"
"elasticsearch","0eff7daf5bc8d30f2e107b46b9bfe616f0c8464c","qa/evil-tests/src/test/java/org/elasticsearch/common/logging/EvilLoggerConfigurationTests.java","1","0","1","5","101","141","0"
"elasticsearch","7aa3f51b6e26d322e621e791abb1bd514d29c99a","src/test/java/org/elasticsearch/test/integration/indices/wamer/SimpleIndicesWarmerTests.java","1","0","1","5","102","146","1"
"elasticsearch","065275443d9954220a004d4dcc5138a5f91444f5","core/src/test/java/org/elasticsearch/cluster/routing/RoutingServiceTests.java","1","0","1","5","103","150","2"
"elasticsearch","1bc8f82d0a8a9750b9dae8534b4104cbf00b5c34","src/test/java/org/elasticsearch/test/integration/mlt/MoreLikeThisActionTests.java","1","0","1","5","110","155","1"
"neo4j","b070962e9b00726d50df951106225fa252b7efeb","community/bolt/src/main/java/org/neo4j/bolt/v1/messaging/BoltResponseMessageHandler.java","1","0","1","5","12","46","0"
"elasticsearch","5c90e5f9404dae9b5119586731582ad2c44b44c7","src/test/java/org/elasticsearch/test/integration/indices/cache/CacheTests.java","1","0","1","5","128","179","0"
"hazelcast","ae9233fffeff545d037c55373eeeed5d4f7577a2","hazelcast/src/test/java/com/hazelcast/map/IssuesTest.java","1","0","1","5","129","163","0"
"netty","faaff9bd86166c12ff98aa06a946db3e4dd9ee90","codec-http/src/main/java/io/netty/handler/codec/http/FullHttpResponse.java","1","0","1","5","13","38","1"
"hazelcast","e61fb5c3d86ca028d6e3e49a1abcb8e55a938cef","hazelcast/src/main/java/com/hazelcast/map/impl/MapEventPublisher.java","1","0","1","5","14","27","0"
"elasticsearch","82613198fe3b899eb39971469a63862ac2997def","core/src/main/java/org/elasticsearch/http/HttpServerTransport.java","1","0","1","5","16","50","1"
"BroadleafCommerce","4c0a8b2c4bddabc4e97467c8022161826c630c8c","core/broadleaf-framework/src/main/java/org/broadleafcommerce/core/catalog/domain/ProductAdminPresentation.java","1","0","1","5","166","222","0"
"elasticsearch","d2507c4ac0477f28b441f83eeac07786fb8f42b4","core/src/test/java/org/elasticsearch/cluster/routing/ShardRoutingHelper.java","1","0","1","5","18","47","0"
"elasticsearch","52e9e753e6db00fc56e0ee5e73bb6ff7b7e85e5f","src/test/java/org/elasticsearch/explain/ExplainActionTests.java","1","0","1","5","189","241","0"
"orientdb","140e82bfde96cb77317208169d89f8c6bba7d83f","core/src/main/java/com/orientechnologies/orient/core/sql/parser/OEqualsCompareOperator.java","1","0","1","5","20","30","1"
"orientdb","19569b59d67b1a75ab5057970d26191c68b73d64","core/src/main/java/com/orientechnologies/orient/core/sql/parser/OWithinOperator.java","1","0","1","5","20","31","0"
"BroadleafCommerce","aacde9edcbeff636f03326493a9d244ce547d0f8","admin/broadleaf-open-admin-platform/src/main/java/org/broadleafcommerce/openadmin/server/security/service/EntityFormModifierData.java","1","0","1","5","20","54","0"
"elasticsearch","2e2e345dcb90e1ec1c48c6bb5348469fc514aea1","src/test/java/org/elasticsearch/cluster/allocation/ClusterRerouteTests.java","1","0","1","5","200","267","5"
"elasticsearch","a6510f924520d8cdda2636ac85a1a1e43f6dfb8c","src/test/java/org/elasticsearch/cluster/allocation/ClusterRerouteTests.java","1","0","1","5","203","270","4"
"elasticsearch","b4d75a50bf141f7b18bf250041a77d8e01bad749","src/test/java/org/elasticsearch/test/unit/index/fielddata/LongFieldDataTests.java","1","0","1","5","204","268","0"
"elasticsearch","31ecf1db98ba9822ca5eccd23dc3a09a06e91818","src/main/java/org/elasticsearch/transport/ConnectTransportException.java","1","0","1","5","21","52","1"
"BroadleafCommerce","8eab5e85852450205ee185cc484bebf480ca8a7c","core/broadleaf-framework/src/main/java/org/broadleafcommerce/core/search/dao/ParentCategoryByProduct.java","1","0","1","5","21","54","0"
"hazelcast","2b274e6521ea45ba3f56fc50cbbe51d807794e3c","hazelcast/src/main/java/com/hazelcast/config/CacheSimpleEntryListenerConfigReadOnly.java","1","0","1","5","22","48","0"
"hazelcast","2cfbd79e1e84f5987e07cedc09f582d5715c815d","hazelcast/src/main/java/com/hazelcast/config/CacheEvictionConfigReadOnly.java","1","0","1","5","22","51","0"
"elasticsearch","1cb3068737d2516a614382c1e80def36c60cd194","core/src/main/java/org/elasticsearch/index/mapper/MapperParsingException.java","1","0","1","5","22","52","0"
"elasticsearch","01b18ad219933679256753fa8639c37d11cac1ff","src/main/java/org/elasticsearch/search/aggregations/metrics/MetricsAggregator.java","1","0","1","5","22","55","0"
"elasticsearch","371c73e14023917f3892090d2d3d7ff9ac1216b9","core/src/main/java/org/elasticsearch/action/ActionRequest.java","1","0","1","5","22","56","3"
"elasticsearch","4b94eb5cb8cc4294ed0e932a5f22c16bd90d4dd7","core/src/main/java/org/elasticsearch/action/ActionRequest.java","1","0","1","5","22","56","2"
"elasticsearch","78574d248cf10dad1c5a566fda79e1e0c94afe43","core/src/main/java/org/elasticsearch/action/ActionRequest.java","1","0","1","5","22","56","2"
"elasticsearch","860efb2ad28db09189c8423e05d0dba53010259c","core/src/main/java/org/elasticsearch/action/ActionRequest.java","1","0","1","5","22","56","2"
"elasticsearch","e6aaaf11ed4a1b8f595f920de1840938eddb7a97","core/src/main/java/org/elasticsearch/action/ActionRequest.java","1","0","1","5","22","56","2"
"elasticsearch","a60b8948ba1d836a6eac7cff095519e618939ed8","core/src/main/java/org/elasticsearch/action/ActionRequest.java","1","0","1","5","22","56","0"
"elasticsearch","d3417fb02291f26964d77767020ef345d18c148f","core/src/main/java/org/elasticsearch/action/ActionRequest.java","1","0","1","5","22","56","0"
"orientdb","330416b3db551d1aa8106e36d9aa133804a0be52","core/src/main/java/com/orientechnologies/orient/core/sql/parser/OMatchesCondition.java","1","0","1","5","23","37","1"
"elasticsearch","3f18487afa4156c8418922256ed5583dfeafb716","core/src/main/java/org/elasticsearch/index/mapper/MappedFieldTypeReference.java","1","0","1","5","23","51","2"
"hazelcast","c9f7bbfd83f0daf94c36cc5b246afa9153fb8fd4","hazelcast-client/src/test/java/com/hazelcast/client/executor/CallableTask.java","1","0","1","5","23","52","0"
"hazelcast","38bea0c54e0166ce0ebbc81d042b59d8ca724856","hazelcast-client/src/test/java/com/hazelcast/client/executor/CallableTask.java","1","0","1","5","23","53","0"
"BroadleafCommerce","58d8258a56593bc913efa9aa60d0ca5f8f173bd8","common/src/main/java/org/broadleafcommerce/common/extension/ExtensionResultHolder.java","1","0","1","5","23","61","0"
"titan","33a560db97bf3187ac45d1fe4fdf2e6b817bec40","titan-core/src/main/java/com/thinkaurelius/titan/core/attribute/FullFloat.java","1","0","1","5","24","46","0"
"hazelcast","2ec1ac176612eecd2d4c4282286a83e1dba0c42d","hazelcast-client/src/test/java/com/hazelcast/client/executor/CallableTask.java","1","0","1","5","24","53","1"
"BroadleafCommerce","e216da5ebb303680f5c60ffcd75979f5876ab5a6","common/src/main/java/org/broadleafcommerce/common/site/service/NonPersistentSiteTheadLocalCache.java","1","0","1","5","24","57","0"
"hazelcast","3cc13b14fba6b8e6e2ab9149c8d17561a29c537f","hazelcast/src/main/java/com/hazelcast/collection/impl/queue/operations/SizeOperation.java","1","0","1","5","25","52","1"
"hazelcast","3cc13b14fba6b8e6e2ab9149c8d17561a29c537f","hazelcast/src/main/java/com/hazelcast/collection/impl/queue/operations/RemainingCapacityOperation.java","1","0","1","5","25","52","1"
"hazelcast","3cc13b14fba6b8e6e2ab9149c8d17561a29c537f","hazelcast/src/main/java/com/hazelcast/collection/impl/queue/operations/IsEmptyOperation.java","1","0","1","5","25","52","1"
"hazelcast","e7c312280062991ae79e7194e151e12ea3aa2897","hazelcast/src/main/java/com/hazelcast/collection/impl/queue/operations/SizeOperation.java","1","0","1","5","25","52","0"
"orientdb","a2eaf6636bb600c7e6d311b0bb7d112bbaafb4a0","etl/src/main/java/com/orientechnologies/orient/etl/loader/OETLOutputLoader.java","1","0","1","5","26","54","0"
"hazelcast","718bfcebf8809c975e362b23e4ffb5a13d6d2197","hazelcast/src/main/java/com/hazelcast/spi/impl/eventservice/impl/TrueEventFilter.java","1","0","1","5","27","56","0"
"hazelcast","718bfcebf8809c975e362b23e4ffb5a13d6d2197","hazelcast/src/main/java/com/hazelcast/map/impl/nearcache/invalidation/UuidFilter.java","1","0","1","5","27","58","0"
"hazelcast","bd1cf2be6e18e649d51632574fc01d0cef642e69","hazelcast/src/main/java/com/hazelcast/replicatedmap/impl/record/ObjectReplicatedRecordStorage.java","1","0","1","5","27","59","1"
"hazelcast","5009d4a90be3c901942a0a89cf29a92c074231f1","hazelcast/src/main/java/com/hazelcast/collection/impl/txnqueue/QueueTransactionLogRecord.java","1","0","1","5","28","55","0"
"netty","51a536fd3068ecff95dd27adf047299122ade8ea","buffer/src/main/java/io/netty/buffer/AbstractDerivedByteBuf.java","1","0","1","5","28","56","0"
"hazelcast","3cc13b14fba6b8e6e2ab9149c8d17561a29c537f","hazelcast/src/main/java/com/hazelcast/collection/impl/queue/operations/IteratorOperation.java","1","0","1","5","29","57","1"
"hazelcast","67235ce99477aeeecc86d225926b6456b7ceef20","hazelcast/src/main/java/com/hazelcast/collection/impl/queue/operations/IteratorOperation.java","1","0","1","5","29","57","1"
"hazelcast","a46aa8502977bde24649cec3b52fbb065d6f480f","hazelcast/src/main/java/com/hazelcast/collection/impl/queue/operations/IteratorOperation.java","1","0","1","5","29","57","1"
"hazelcast","e7c312280062991ae79e7194e151e12ea3aa2897","hazelcast/src/main/java/com/hazelcast/collection/impl/queue/operations/IteratorOperation.java","1","0","1","5","29","57","0"
"oryx","08aa247a098e6225c8499b18f9ffb667856cd7c3","app/oryx-app/src/main/java/com/cloudera/oryx/app/speed/kmeans/KMeansSpeedModel.java","1","0","1","5","29","58","0"
"neo4j","b070962e9b00726d50df951106225fa252b7efeb","community/kernel/src/main/java/org/neo4j/kernel/impl/api/security/OverriddenAccessMode.java","1","0","1","5","29","59","0"
"elasticsearch","39f362326e46b0e0df075288e1b5521f825d2b7b","src/main/java/org/elasticsearch/index/fielddata/fieldcomparator/ByteValuesComparator.java","1","0","1","5","29","60","1"
"orientdb","3e920fd2b6c20b8d17f4119cff1edde42a2802bf","core/src/main/java/com/orientechnologies/orient/core/iterator/ORecordIteratorClassDescendentOrder.java","1","0","1","5","29","61","0"
"orientdb","c1f0f046093d166b58193818b359c73d4a50c228","core/src/main/java/com/orientechnologies/orient/core/iterator/ORecordIteratorClassDescendentOrder.java","1","0","1","5","29","61","0"
"elasticsearch","10ec2e948a2f1426a5058ca3b2c2e39952f141d8","src/main/java/org/elasticsearch/action/admin/indices/alias/exists/AliasesExistResponse.java","1","0","1","5","29","61","0"
"elasticsearch","9479ac636ed76b5a5426ff9165fe78539dbccf95","modules/elasticsearch/src/main/java/org/elasticsearch/cache/NodeCache.java","1","0","1","5","29","61","0"
"orientdb","13c84a352a84fa9a8e4b68c8913322c99e1dca97","core/src/main/java/com/orientechnologies/orient/core/iterator/ORecordIteratorClassDescendentOrder.java","1","0","1","5","29","61","1"
"elasticsearch","56f4fcb5df4067a17fdc0c5d61b342825c8a445f","src/main/java/org/elasticsearch/index/fielddata/FilterBytesValues.java","1","0","1","5","29","61","1"
"elasticsearch","fa16969360ea43667ad11f827bbf86718c18fcc6","src/main/java/org/elasticsearch/action/admin/indices/alias/exists/AliasesExistResponse.java","1","0","1","5","29","61","1"
"orientdb","9fafc831eb34b52e74e1d8e1caf9678667f4ec26","server/src/main/java/com/orientechnologies/orient/server/distributed/OAsynchDistributedOperation.java","1","0","1","5","29","62","2"
"orientdb","984c71715a77135a3a3b46473e9b6f816f78fb60","etl/src/test/java/com/orientechnologies/orient/etl/OETLStubLoader.java","1","0","1","5","29","64","0"
"elasticsearch","69ef822da6277d56d5fd6be42a2450fca95ee941","src/test/java/org/elasticsearch/test/integration/search/customscore/CustomScoreSearchTests.java","1","0","1","5","291","368","1"
"hazelcast","505a913c89f29d0420aac2d356d24331de6cc701","hazelcast/src/main/java/com/hazelcast/map/impl/operation/LoadStatusOperationFactory.java","1","0","1","5","30","59","1"
"hazelcast","a7a217d71903d2f2dad86696477fd7bab1ad2d3f","hazelcast/src/main/java/com/hazelcast/map/impl/operation/LoadStatusOperationFactory.java","1","0","1","5","30","59","1"
"hazelcast","0da2a04eaab1daf7ee512f8b079a4eef0c81751a","hazelcast/src/main/java/com/hazelcast/map/impl/operation/LoadStatusOperationFactory.java","1","0","1","5","30","59","0"
"neo4j","6eabd27b55177dfd0f40b5c796235b9ec0c7aae6","enterprise/ha/src/main/java/org/neo4j/kernel/ha/MasterUpdatePuller.java","1","0","1","5","30","65","0"
"elasticsearch","39f362326e46b0e0df075288e1b5521f825d2b7b","src/main/java/org/elasticsearch/index/fielddata/fieldcomparator/ShortValuesComparator.java","1","0","1","5","31","63","1"
"elasticsearch","25fd9e26c4fb042d6f6dea14efcd239577bdbbc4","core/src/main/java/org/elasticsearch/action/ActionListenerResponseHandler.java","1","0","1","5","31","64","0"
"elasticsearch","56cc87b7ccd41040d8fafcaf2da3680d96d10839","core/src/main/java/org/elasticsearch/action/ActionListenerResponseHandler.java","1","0","1","5","31","64","0"
"elasticsearch","a60b8948ba1d836a6eac7cff095519e618939ed8","core/src/main/java/org/elasticsearch/action/ActionListenerResponseHandler.java","1","0","1","5","31","64","0"
"elasticsearch","78574d248cf10dad1c5a566fda79e1e0c94afe43","core/src/main/java/org/elasticsearch/action/ActionListenerResponseHandler.java","1","0","1","5","31","64","1"
"elasticsearch","e6aaaf11ed4a1b8f595f920de1840938eddb7a97","core/src/main/java/org/elasticsearch/action/ActionListenerResponseHandler.java","1","0","1","5","31","64","1"
"hazelcast","16e950448a7db50289cead4bc1bb1a4da006e545","hazelcast/src/main/java/com/hazelcast/jmx/SemaphoreMBean.java","1","0","1","5","32","62","0"
"hazelcast","590c6477098c09f7f0334904cb21999d800fb2aa","hazelcast/src/main/java/com/hazelcast/cache/impl/record/CacheObjectRecord.java","1","0","1","5","32","62","0"
"hazelcast","fbcba56efb38034ef1b93d845339262278b4db6d","hazelcast/src/main/java/com/hazelcast/jmx/SemaphoreMBean.java","1","0","1","5","32","62","1"
"oryx","92bff167832b0389e135a60e46f1284c34744e3c","framework/oryx-lambda-serving/src/main/java/com/cloudera/oryx/lambda/serving/ScalaServingModelManagerAdapter.java","1","0","1","5","32","64","0"
"elasticsearch","60215155679db40203a7cea8c5893e6379b13121","src/test/java/org/elasticsearch/test/integration/search/customscore/CustomScoreSearchTests.java","1","0","1","5","327","411","0"
"hazelcast","f963f01955d48c55538ee86b08004a22232a050b","hazelcast-client/src/main/java/com/hazelcast/client/txn/proxy/ClientTxnSetProxy.java","1","0","1","5","33","62","0"
"elasticsearch","fbe27664a65ca7ab5b7dbe1c328ab27423e4313c","core/src/main/java/org/elasticsearch/common/logging/ESLoggerFactory.java","1","0","1","5","33","67","0"
"elasticsearch","e1efd5f6baf8dec1c23c79b346b8a29f234a98bb","core/src/main/java/org/elasticsearch/indices/recovery/RecoveryFinalizeRecoveryRequest.java","1","0","1","5","34","68","0"
"elasticsearch","c7d0c3ea1896445b19098d5e8b0058dc5c909d59","src/main/java/org/elasticsearch/index/codec/postingsformat/PulsingPostingsFormatProvider.java","1","0","1","5","34","82","2"
"BroadleafCommerce","62b0965e0032b033930a114c288fac072e05540c","admin/broadleaf-open-admin-platform/src/main/java/org/broadleafcommerce/openadmin/server/service/persistence/module/provider/FieldPersistenceProviderAdapter.java","1","0","1","5","35","63","1"
"hazelcast","536b732b53c631649763b21fc6a0bf022c6d8583","hazelcast/src/main/java/com/hazelcast/jmx/ConnectionManagerMBean.java","1","0","1","5","35","64","1"
"hazelcast","a0098b425358f09120722f6df45125b188ca55a0","hazelcast/src/main/java/com/hazelcast/internal/jmx/ConnectionManagerMBean.java","1","0","1","5","35","64","1"
"hazelcast","85886cc40b679e4327d90850db9bbb8b49f3354e","hazelcast/src/main/java/com/hazelcast/jmx/ConnectionManagerMBean.java","1","0","1","5","35","64","0"
"elasticsearch","5ae00a6129ae1a8a8291c51f5967f81d4db4a85c","plugins/discovery-ec2/src/main/java/org/elasticsearch/plugin/discovery/ec2/Ec2DiscoveryPlugin.java","1","0","1","5","35","66","1"
"orientdb","67b44e38d6982f4b915b71290548d72dbd5aaa00","core/src/test/java/com/orientechnologies/common/serialization/types/ShortSerializerTest.java","1","0","1","5","36","66","1"
"orientdb","67b44e38d6982f4b915b71290548d72dbd5aaa00","core/src/test/java/com/orientechnologies/common/serialization/types/LongSerializerTest.java","1","0","1","5","36","67","1"
"orientdb","daa89846a07faf0215b5d99ec4121ebd7395c41e","core/src/test/java/com/orientechnologies/common/serialization/types/FloatSerializerTest.java","1","0","1","5","37","66","0"
"orientdb","daa89846a07faf0215b5d99ec4121ebd7395c41e","core/src/test/java/com/orientechnologies/common/serialization/types/LongSerializerTest.java","1","0","1","5","37","67","0"
"orientdb","daa89846a07faf0215b5d99ec4121ebd7395c41e","core/src/test/java/com/orientechnologies/common/serialization/types/ByteSerializerTest.java","1","0","1","5","37","67","0"
"orientdb","daa89846a07faf0215b5d99ec4121ebd7395c41e","core/src/test/java/com/orientechnologies/common/serialization/types/DoubleSerializerTest.java","1","0","1","5","37","67","0"
"orientdb","67b44e38d6982f4b915b71290548d72dbd5aaa00","core/src/test/java/com/orientechnologies/common/serialization/types/CharSerializerTest.java","1","0","1","5","37","67","1"
"orientdb","67b44e38d6982f4b915b71290548d72dbd5aaa00","core/src/test/java/com/orientechnologies/common/serialization/types/DateTimeSerializerTest.java","1","0","1","5","37","68","1"
"hazelcast","59c4822d4ad5dfac4cecd11231280baa33d4aa35","hazelcast/src/main/java/com/hazelcast/collection/operations/client/RemoveIndexRequest.java","1","0","1","5","37","68","1"
"elasticsearch","6b4699fbf7d9d94d04772002027e6722983c997d","plugins/discovery-ec2/src/main/java/org/elasticsearch/plugin/discovery/ec2/Ec2DiscoveryPlugin.java","1","0","1","5","37","68","0"
"elasticsearch","0806190d1a00e7aee913a88d04318b1f5e734adc","core/src/main/java/org/elasticsearch/common/util/concurrent/PrioritizedRunnable.java","1","0","1","5","37","72","2"
"orientdb","daa89846a07faf0215b5d99ec4121ebd7395c41e","core/src/test/java/com/orientechnologies/common/serialization/types/DateTimeSerializerTest.java","1","0","1","5","38","69","0"
"orientdb","daa89846a07faf0215b5d99ec4121ebd7395c41e","core/src/test/java/com/orientechnologies/common/serialization/types/DecimalSerializerTest.java","1","0","1","5","39","68","0"
"hazelcast","3cc13b14fba6b8e6e2ab9149c8d17561a29c537f","hazelcast/src/main/java/com/hazelcast/collection/impl/txnqueue/operations/QueueTransactionRollbackOperation.java","1","0","1","5","39","70","1"
"hazelcast","67235ce99477aeeecc86d225926b6456b7ceef20","hazelcast/src/main/java/com/hazelcast/collection/impl/txnqueue/operations/QueueTransactionRollbackOperation.java","1","0","1","5","39","70","1"
"hazelcast","a46aa8502977bde24649cec3b52fbb065d6f480f","hazelcast/src/main/java/com/hazelcast/collection/impl/txnqueue/operations/QueueTransactionRollbackOperation.java","1","0","1","5","39","70","1"
"hazelcast","e7c312280062991ae79e7194e151e12ea3aa2897","hazelcast/src/main/java/com/hazelcast/collection/impl/txnqueue/operations/QueueTransactionRollbackOperation.java","1","0","1","5","39","70","0"
"orientdb","67b44e38d6982f4b915b71290548d72dbd5aaa00","core/src/test/java/com/orientechnologies/common/serialization/types/BinarySerializerTest.java","1","0","1","5","39","71","1"
"elasticsearch","209860854ddc87ff71a49d9ced1186a8e2c8e3b8","core/src/main/java/org/elasticsearch/index/fielddata/plain/DisabledIndexFieldData.java","1","0","1","5","39","73","1"
"elasticsearch","9c427e45f174792971fb19254e1ca93d41f6124d","core/src/main/java/org/elasticsearch/index/fielddata/plain/DisabledIndexFieldData.java","1","0","1","5","39","73","1"
"hazelcast","23c8fa6ea06ea514d0009b6cb37f8af245bef892","hazelcast/src/main/java/com/hazelcast/cache/impl/client/CacheGetConfigRequest.java","1","0","1","5","39","73","0"
"neo4j","fc529ced921544da8b5952a52468b9172485e9e8","community/server/src/main/java/org/neo4j/server/rest/transactional/TransactionFacade.java","1","0","1","5","39","87","0"
"orientdb","daa89846a07faf0215b5d99ec4121ebd7395c41e","core/src/test/java/com/orientechnologies/common/serialization/types/BinarySerializerTest.java","1","0","1","5","40","71","0"
"hazelcast","39091ff574efe84ae6a3d772a1b7cfce80f4f2e0","hazelcast/src/main/java/com/hazelcast/collection/operations/client/CollectionRequest.java","1","0","1","5","40","72","0"
"hazelcast","cd7e7d2bfdffe5b9a371163a7c002c03d7f7365e","hazelcast/src/main/java/com/hazelcast/collection/impl/txnqueue/operations/QueueTransactionRollbackOperation.java","1","0","1","5","40","73","1"
"hazelcast","e1b69c53ca4923affcd7722f012a80e32517e988","hazelcast/src/main/java/com/hazelcast/internal/cluster/impl/operations/MasterResponseOp.java","1","0","1","5","41","71","0"
"hazelcast","3cc13b14fba6b8e6e2ab9149c8d17561a29c537f","hazelcast/src/main/java/com/hazelcast/collection/impl/queue/operations/PollBackupOperation.java","1","0","1","5","41","72","1"
"hazelcast","67235ce99477aeeecc86d225926b6456b7ceef20","hazelcast/src/main/java/com/hazelcast/collection/impl/queue/operations/PollBackupOperation.java","1","0","1","5","41","72","1"
"hazelcast","a46aa8502977bde24649cec3b52fbb065d6f480f","hazelcast/src/main/java/com/hazelcast/collection/impl/queue/operations/PollBackupOperation.java","1","0","1","5","41","72","1"
"hazelcast","e7c312280062991ae79e7194e151e12ea3aa2897","hazelcast/src/main/java/com/hazelcast/collection/impl/queue/operations/PollBackupOperation.java","1","0","1","5","41","72","0"
"neo4j","b75312862ad14e94a8960b60449bcabebdebd348","community/server/src/main/java/org/neo4j/server/rest/transactional/TransactionFacade.java","1","0","1","5","41","89","1"
"hazelcast","59c4822d4ad5dfac4cecd11231280baa33d4aa35","hazelcast/src/main/java/com/hazelcast/collection/operations/client/RemoveRequest.java","1","0","1","5","42","73","1"
"hazelcast","fbcba56efb38034ef1b93d845339262278b4db6d","hazelcast/src/main/java/com/hazelcast/jmx/SetMBean.java","1","0","1","5","42","74","1"
"hazelcast","39091ff574efe84ae6a3d772a1b7cfce80f4f2e0","hazelcast/src/main/java/com/hazelcast/collection/operations/client/RemoveRequest.java","1","0","1","5","43","74","0"
"netty","ba6ce5449ee852b782dde9a11933f6a09b123e22","codec-http/src/test/java/io/netty/handler/codec/http/HttpHeadersTest.java","1","0","1","5","44","73","0"
"netty","e9a2cac16df7cd6911b7032deee8bdb3ec3e3022","codec-http/src/test/java/io/netty/handler/codec/http/HttpHeadersTest.java","1","0","1","5","44","73","0"
"netty","e6ca9882a107c34cf6358c8d7a68561025f06016","codec-http/src/test/java/io/netty/handler/codec/http/HttpHeadersTest.java","1","0","1","5","44","73","1"
"hazelcast","c4feb143e90da0ac828ba9077c83e15a9d4fb4cd","hazelcast/src/main/java/com/hazelcast/cache/impl/client/CacheContainsKeyRequest.java","1","0","1","5","44","77","1"
"elasticsearch","aa2813386559d1c904f0c2757930f19d88035abb","core/src/main/java/org/elasticsearch/common/util/concurrent/PrioritizedRunnable.java","1","0","1","5","44","82","1"
"hazelcast","21586825d367940e1c79cf289e97310daab1200d","hazelcast/src/test/java/com/hazelcast/query/impl/extractor/predicates/SingleValueAllPredicatesExtractorTest.java","1","0","1","5","45","69","1"
"hazelcast","59c4822d4ad5dfac4cecd11231280baa33d4aa35","hazelcast/src/main/java/com/hazelcast/collection/operations/client/PutRequest.java","1","0","1","5","45","77","1"
"hazelcast","23c8fa6ea06ea514d0009b6cb37f8af245bef892","hazelcast/src/main/java/com/hazelcast/cache/impl/client/CacheContainsKeyRequest.java","1","0","1","5","45","78","0"
"hazelcast","39091ff574efe84ae6a3d772a1b7cfce80f4f2e0","hazelcast/src/main/java/com/hazelcast/queue/client/QueueRequest.java","1","0","1","5","45","80","0"
"hazelcast","772b5217030e0fb94bf07a00d9b5e7b275a82030","hazelcast/src/test/java/com/hazelcast/query/impl/extractor/predicates/SingleValueAllPredicatesExtractorTest.java","1","0","1","5","46","69","0"
"hazelcast","3cc13b14fba6b8e6e2ab9149c8d17561a29c537f","hazelcast/src/main/java/com/hazelcast/collection/impl/queue/operations/OfferBackupOperation.java","1","0","1","5","47","78","1"
"hazelcast","67235ce99477aeeecc86d225926b6456b7ceef20","hazelcast/src/main/java/com/hazelcast/collection/impl/queue/operations/OfferBackupOperation.java","1","0","1","5","47","78","1"
"hazelcast","a46aa8502977bde24649cec3b52fbb065d6f480f","hazelcast/src/main/java/com/hazelcast/collection/impl/queue/operations/OfferBackupOperation.java","1","0","1","5","47","78","1"
"hazelcast","e7c312280062991ae79e7194e151e12ea3aa2897","hazelcast/src/main/java/com/hazelcast/collection/impl/queue/operations/OfferBackupOperation.java","1","0","1","5","47","78","0"
"hazelcast","39091ff574efe84ae6a3d772a1b7cfce80f4f2e0","hazelcast/src/main/java/com/hazelcast/collection/operations/client/SetRequest.java","1","0","1","5","47","79","0"
"hazelcast","ae877df50978fcfb112d6d0cab2c78f80d1ee770","hazelcast/src/main/java/com/hazelcast/client/impl/protocol/task/cache/CacheRemoveEntryListenerMessageTask.java","1","0","1","5","47","82","1"
"hazelcast","ae877df50978fcfb112d6d0cab2c78f80d1ee770","hazelcast/src/main/java/com/hazelcast/client/impl/protocol/task/cache/CacheRemoveInvalidationListenerMessageTask.java","1","0","1","5","47","82","1"
"hazelcast","264b730b6e10ae9df6f5d8727209ca007160236f","hazelcast/src/main/java/com/hazelcast/client/impl/protocol/task/cache/CacheRemoveEntryListenerMessageTask.java","1","0","1","5","47","82","0"
"elasticsearch","1f04182b8164ffb19f3805c48d67f0375262b317","core/src/main/java/org/elasticsearch/action/support/broadcast/BroadcastShardRequest.java","1","0","1","5","47","83","0"
"netty","2adf6e5358eed27144f9582fdc652a5bf0eb49ce","codec-http/src/test/java/io/netty/handler/codec/http/HttpHeadersTest.java","1","0","1","5","48","76","1"
"orientdb","67b44e38d6982f4b915b71290548d72dbd5aaa00","core/src/test/java/com/orientechnologies/common/serialization/types/BooleanSerializerTest.java","1","0","1","5","48","79","1"
"orientdb","daa89846a07faf0215b5d99ec4121ebd7395c41e","core/src/test/java/com/orientechnologies/common/serialization/types/BooleanSerializerTest.java","1","0","1","5","49","79","0"
"hazelcast","ae877df50978fcfb112d6d0cab2c78f80d1ee770","hazelcast/src/main/java/com/hazelcast/client/impl/protocol/task/queue/QueueRemoveListenerMessageTask.java","1","0","1","5","49","82","1"
"hazelcast","d65de8708631978b87d39db7c947a073e0963228","hazelcast/src/main/java/com/hazelcast/client/impl/protocol/task/queue/QueueRemoveListenerMessageTask.java","1","0","1","5","49","82","2"
"hazelcast","264b730b6e10ae9df6f5d8727209ca007160236f","hazelcast/src/main/java/com/hazelcast/client/impl/protocol/task/queue/QueueRemoveListenerMessageTask.java","1","0","1","5","49","82","0"
"hazelcast","ae877df50978fcfb112d6d0cab2c78f80d1ee770","hazelcast/src/main/java/com/hazelcast/client/impl/protocol/task/multimap/MultiMapRemoveEntryListenerMessageTask.java","1","0","1","5","49","83","1"
"hazelcast","d65de8708631978b87d39db7c947a073e0963228","hazelcast/src/main/java/com/hazelcast/client/impl/protocol/task/multimap/MultiMapRemoveEntryListenerMessageTask.java","1","0","1","5","49","83","2"
"hazelcast","264b730b6e10ae9df6f5d8727209ca007160236f","hazelcast/src/main/java/com/hazelcast/client/impl/protocol/task/multimap/MultiMapRemoveEntryListenerMessageTask.java","1","0","1","5","49","83","0"
"hazelcast","c4feb143e90da0ac828ba9077c83e15a9d4fb4cd","hazelcast/src/main/java/com/hazelcast/cache/impl/client/CacheGetRequest.java","1","0","1","5","49","84","1"
"orientdb","39a8884d03c0bc49b8ecf655a22fe80646afa1e6","spatial/src/main/java/com/orientechnologies/spatial/shape/OPointShapeBuilder.java","1","0","1","5","49","98","0"
"hazelcast","ae877df50978fcfb112d6d0cab2c78f80d1ee770","hazelcast/src/main/java/com/hazelcast/client/impl/protocol/task/set/SetRemoveListenerMessageTask.java","1","0","1","5","50","83","1"
"hazelcast","d65de8708631978b87d39db7c947a073e0963228","hazelcast/src/main/java/com/hazelcast/client/impl/protocol/task/set/SetRemoveListenerMessageTask.java","1","0","1","5","50","83","2"
"hazelcast","264b730b6e10ae9df6f5d8727209ca007160236f","hazelcast/src/main/java/com/hazelcast/client/impl/protocol/task/set/SetRemoveListenerMessageTask.java","1","0","1","5","50","83","0"
"hazelcast","ae877df50978fcfb112d6d0cab2c78f80d1ee770","hazelcast/src/main/java/com/hazelcast/client/impl/protocol/task/list/ListRemoveListenerMessageTask.java","1","0","1","5","50","84","1"
"hazelcast","d65de8708631978b87d39db7c947a073e0963228","hazelcast/src/main/java/com/hazelcast/client/impl/protocol/task/list/ListRemoveListenerMessageTask.java","1","0","1","5","50","84","2"
"hazelcast","264b730b6e10ae9df6f5d8727209ca007160236f","hazelcast/src/main/java/com/hazelcast/client/impl/protocol/task/list/ListRemoveListenerMessageTask.java","1","0","1","5","50","84","0"
"hazelcast","23c8fa6ea06ea514d0009b6cb37f8af245bef892","hazelcast/src/main/java/com/hazelcast/cache/impl/client/CacheGetRequest.java","1","0","1","5","50","85","0"
"elasticsearch","1f04182b8164ffb19f3805c48d67f0375262b317","plugins/cloud-azure/src/test/java/org/elasticsearch/cloud/azure/AzureComputeServiceSimpleMock.java","1","0","1","5","50","89","0"
"netty","cc33417c0e302c8d33f170b1db37014cce8c35d2","codec-http/src/test/java/io/netty/handler/codec/http/HttpRequestEncoderTest.java","1","0","1","5","53","80","1"
"elasticsearch","0a69f1e283e26e5d9e6a000b68b9f4778de557a1","core/src/test/java/org/elasticsearch/index/analysis/PreBuiltAnalyzerTests.java","1","0","1","5","53","91","2"
"elasticsearch","e15d4d1124fb407e8ba003bee083a899a47e6cde","src/test/java/org/elasticsearch/common/unit/TimeValueTests.java","1","0","1","5","54","90","0"
"orientdb","67b44e38d6982f4b915b71290548d72dbd5aaa00","core/src/test/java/com/orientechnologies/common/serialization/types/DateSerializerTest.java","1","0","1","5","56","87","1"
"orientdb","3e0c4380a047e216eb5b8bb8c451673bf8c5778f","lucene/src/test/java/com/orientechnologies/lucene/test/LuceneMultiFieldTest.java","1","0","1","5","57","101","0"
"orientdb","daa89846a07faf0215b5d99ec4121ebd7395c41e","core/src/test/java/com/orientechnologies/common/serialization/types/DateSerializerTest.java","1","0","1","5","57","87","0"
"elasticsearch","4e206cd02d3e8622f34f44736798ea8ae3680ea6","src/test/java/org/elasticsearch/env/EnvironmentTests.java","1","0","1","5","58","90","1"
"elasticsearch","d437135321587a9090fca25282513ecb98aeba77","src/test/java/org/elasticsearch/env/EnvironmentTests.java","1","0","1","5","59","91","0"
"elasticsearch","5a64f08f048461a63a0ca1354a5050c954e63d52","core/src/test/java/org/elasticsearch/index/analysis/PreBuiltAnalyzerTests.java","1","0","1","5","60","100","0"
"orientdb","028818e249414663886f3d3fc4020356983fd776","core/src/test/java/com/orientechnologies/orient/core/index/TxUniqueIndexWithCollationTest.java","1","0","1","5","61","104","0"
"elasticsearch","149ef74b26bb33d3a1d3c1c45c481a01345cd764","core/src/main/java/org/elasticsearch/search/aggregations/metrics/avg/AvgAggregationBuilder.java","1","0","1","5","61","98","0"
"elasticsearch","149ef74b26bb33d3a1d3c1c45c481a01345cd764","core/src/main/java/org/elasticsearch/search/aggregations/metrics/min/MinAggregationBuilder.java","1","0","1","5","62","99","0"
"elasticsearch","149ef74b26bb33d3a1d3c1c45c481a01345cd764","core/src/main/java/org/elasticsearch/search/aggregations/metrics/valuecount/ValueCountAggregationBuilder.java","1","0","1","5","64","102","0"
"netty","85ab9b598209c342fac56077d476ce0d65c2f1c9","codec-http/src/main/java/io/netty/handler/codec/http/LastHttpContent.java","1","0","1","5","65","107","0"
"orientdb","028818e249414663886f3d3fc4020356983fd776","core/src/test/java/com/orientechnologies/orient/core/index/TxNonUniqueIndexWithCollationTest.java","1","0","1","5","65","108","0"
"orientdb","4599eb81e76d5f219c74e02da5d947a5af739b20","lucene/src/test/java/com/orientechnologies/lucene/test/LuceneIssuesTest.java","1","0","1","5","67","119","0"
"netty","e6ca9882a107c34cf6358c8d7a68561025f06016","codec-http2/src/test/java/io/netty/handler/codec/http2/Http2HeaderBlockIOTest.java","1","0","1","5","69","102","1"
"netty","ead87b7df8d923417475ead2d7680747b1a72f07","codec-http2/src/test/java/io/netty/handler/codec/http2/Http2HeaderBlockIOTest.java","1","0","1","5","69","102","1"
"netty","2fd42cfc6b32dacb812c6f2ecef8522cd94718d4","codec-http2/src/test/java/io/netty/handler/codec/http2/Http2HeaderBlockIOTest.java","1","0","1","5","69","102","0"
"netty","ba6ce5449ee852b782dde9a11933f6a09b123e22","codec-http2/src/test/java/io/netty/handler/codec/http2/Http2HeaderBlockIOTest.java","1","0","1","5","72","105","0"
"BroadleafCommerce","6bf08ed3c4d9e32b3ee1a7e821ab7d0fa06506d4","core/broadleaf-framework/src/main/java/org/broadleafcommerce/core/catalog/domain/CategoryAdminPresentation.java","1","0","1","5","73","103","0"
"hazelcast","eca7cec5e3af5e7098dc27a62dea257e072f417d","hazelcast/src/test/java/com/hazelcast/cache/CacheUtilTest.java","1","0","1","5","74","93","0"
"elasticsearch","78574d248cf10dad1c5a566fda79e1e0c94afe43","core/src/main/java/org/elasticsearch/action/admin/cluster/node/stats/TransportNodesStatsAction.java","1","0","1","5","75","114","1"
"elasticsearch","e6aaaf11ed4a1b8f595f920de1840938eddb7a97","core/src/main/java/org/elasticsearch/action/admin/cluster/node/stats/TransportNodesStatsAction.java","1","0","1","5","75","114","1"
"elasticsearch","a60b8948ba1d836a6eac7cff095519e618939ed8","core/src/main/java/org/elasticsearch/action/admin/cluster/node/stats/TransportNodesStatsAction.java","1","0","1","5","75","114","0"
"elasticsearch","d1281d283beb85f10dd376292925d78dd83626a0","src/test/java/org/elasticsearch/test/unit/cluster/node/DiscoveryNodeFiltersTests.java","1","0","1","5","78","120","0"
"elasticsearch","4a6f3c78408c316d9f6f212d2664adda13c54a44","core/src/test/java/org/elasticsearch/cluster/routing/AllocationIdTests.java","1","0","1","5","79","117","0"
"orientdb","731545a32e96d61ede50300ab6b8dd1166de7431","core/src/main/java/com/orientechnologies/common/directmemory/ODirectMemoryMXBean.java","1","0","1","5","8","18","0"
"hazelcast","287ce2a807b5697e12a97529d63fa3387e06aace","hazelcast/src/main/java/com/hazelcast/map/impl/mapstore/writebehind/entry/DelayedEntry.java","1","0","1","5","8","41","0"
"hazelcast","43402d9f22b18ea6fed39e1c919e0d65b779266c","hazelcast/src/main/java/com/hazelcast/map/impl/mapstore/writebehind/WriteBehindQueues.java","1","0","1","5","80","138","2"
"elasticsearch","8a09ec0e06a19eae966e4d614e11d3c14613277c","src/test/java/org/elasticsearch/index/mapper/geo/GeohashMappingGeoPointTests.java","1","0","1","5","81","121","2"
"elasticsearch","28109a18a2dc1f30207d09bdfb2148e8d7906337","core/src/test/java/org/elasticsearch/cluster/routing/AllocationIdTests.java","1","0","1","5","82","120","1"
"hazelcast","ffe9301db5174bd688cf5f986f7078484fa6cef7","hazelcast/src/main/java/com/hazelcast/nio/serialization/SerializationContext.java","1","0","1","5","9","37","0"
"elasticsearch","8bdfd21b70568a39ebf5232e8c395f5206a7a63f","src/main/java/org/elasticsearch/common/HasHeaders.java","1","0","1","5","9","39","0"
"elasticsearch","066afcf3c36910210d50850f8880d38cd40e5dbe","core/src/test/java/org/elasticsearch/cluster/metadata/WildcardExpressionResolverTests.java","1","0","1","5","92","129","2"
"elasticsearch","201217945fdcb667ad7b0f9b54f926485ccab3b7","core/src/test/java/org/elasticsearch/cluster/metadata/WildcardExpressionResolverTests.java","1","0","1","5","96","133","1"
"elasticsearch","9bb8bd05780d657ead3ce9335f6b66903b759bb5","core/src/test/java/org/elasticsearch/cluster/metadata/WildcardExpressionResolverTests.java","1","0","1","5","96","133","2"
"elasticsearch","b1a2768d7d92371b7e85abb6f523f62769b2830f","core/src/test/java/org/elasticsearch/cluster/metadata/WildcardExpressionResolverTests.java","1","0","1","5","96","133","1"
"elasticsearch","c1721c6d7945fa6019b587c31c77d0d1aff36c6c","core/src/test/java/org/elasticsearch/cluster/metadata/WildcardExpressionResolverTests.java","1","0","1","5","96","133","0"
"elasticsearch","4b94eb5cb8cc4294ed0e932a5f22c16bd90d4dd7","core/src/main/java/org/apache/lucene/queryparser/classic/QueryParserSettings.java","1","0","1","50","187","283","2"
"elasticsearch","860efb2ad28db09189c8423e05d0dba53010259c","core/src/main/java/org/apache/lucene/queryparser/classic/QueryParserSettings.java","1","0","1","50","187","283","2"
"elasticsearch","d3417fb02291f26964d77767020ef345d18c148f","core/src/main/java/org/apache/lucene/queryparser/classic/QueryParserSettings.java","1","0","1","50","187","283","0"
"hazelcast","cd7d0fa0be12a677132a01f2c83f10432abc1972","hazelcast/src/main/java/com/hazelcast/map/RecordStore.java","1","0","1","53","63","144","3"
"hazelcast","98f19b737c7d3fd4a8ea33d30477012b0d164641","hazelcast/src/main/java/com/hazelcast/map/RecordStore.java","1","0","1","54","64","146","2"
"orientdb","1ebbf2a01f5f648e1f9954a44bf41a64b36b222a","tests/src/test/java/com/orientechnologies/orient/test/domain/schemageneration/JavaTestSchemaGeneration.java","1","0","1","58","226","312","1"
"elasticsearch","2dcb1f503dce18f6941026c2e108fdd92555bb86","src/test/java/org/elasticsearch/common/logging/LoggingConfigurationTests.java","1","0","1","6","100","147","0"
"elasticsearch","4a8759ef4c0ec3ca1c3e2b5fcdf6f258152820e3","core/src/test/java/org/elasticsearch/cluster/metadata/WildcardExpressionResolverTests.java","1","0","1","6","109","148","1"
"BroadleafCommerce","4b899b0b30679392365b1286b26fd502eee6594c","common/src/main/java/org/broadleafcommerce/common/site/domain/Catalog.java","1","0","1","6","11","39","1"
"hazelcast","2af1892404170b7d0c65a9558f90e6d241fcf3ba","hazelcast-client/src/main/java/com/hazelcast/client/connection/ClientConnectionManager.java","1","0","1","6","11","40","1"
"neo4j","083224bbfc9dfc2e59c049a9c5eedb758eb1c86e","community/bolt/src/main/java/org/neo4j/bolt/v1/messaging/BoltRequestMessageHandler.java","1","0","1","6","11","46","1"
"BroadleafCommerce","86c7c1f49cf8d819bf62c336775b16aeea5d2070","common/src/main/java/org/broadleafcommerce/common/presentation/override/PropertyType.java","1","0","1","6","111","138","2"
"BroadleafCommerce","a93b02213fc0e0d30021ca130b6bce5f8aa1e184","common/src/main/java/org/broadleafcommerce/common/presentation/override/PropertyType.java","1","0","1","6","112","139","2"
"elasticsearch","79f676e45ec7205dbfc06d50814672bb3fd40d8c","src/test/java/org/elasticsearch/index/mapper/all/SimpleAllMapperTests.java","1","0","1","6","116","156","0"
"hazelcast","305ecd0cab00c33d16d84c0f7b2e830a77412712","hazelcast/src/main/java/com/hazelcast/map/impl/mapstore/MapStoreContext.java","1","0","1","6","12","31","1"
"hazelcast","59c4822d4ad5dfac4cecd11231280baa33d4aa35","hazelcast/src/main/java/com/hazelcast/spi/ProxyService.java","1","0","1","6","12","41","1"
"BroadleafCommerce","66b90df8e1d48dea727d19decebcf0b65113f2f1","core/broadleaf-framework/src/main/java/org/broadleafcommerce/core/search/domain/SearchFieldType.java","1","0","1","6","12","45","0"
"BroadleafCommerce","9a2399ccabc71c63572c786cacfa9d17404bf0db","core/broadleaf-framework/src/main/java/org/broadleafcommerce/core/search/domain/IndexFieldType.java","1","0","1","6","12","45","0"
"BroadleafCommerce","a600ac52945a7ee2f172cbdfdf466a6e37d63fc2","core/broadleaf-framework/src/main/java/org/broadleafcommerce/core/search/domain/IndexFieldType.java","1","0","1","6","12","45","0"
"BroadleafCommerce","e949b136c500559ba4612d339d5abac7febc5819","core/broadleaf-framework/src/main/java/org/broadleafcommerce/core/search/domain/IndexFieldType.java","1","0","1","6","12","45","0"
"BroadleafCommerce","67ffb9c79534286cb9b05a3c32b2eefb3a336600","core/broadleaf-framework/src/main/java/org/broadleafcommerce/core/search/domain/IndexFieldType.java","1","0","1","6","12","45","1"
"titan","3247d28161a1c089cb463c208ae21c5129eee1af","titan-core/src/main/java/com/thinkaurelius/titan/graphdb/database/cache/SchemaCache.java","1","0","1","6","13","37","0"
"BroadleafCommerce","62a3034c1f88bf29913b4be89ea4adcdb2b33fa1","admin/broadleaf-open-admin-platform/src/main/java/org/broadleafcommerce/openadmin/server/security/dao/AdminPermissionDao.java","1","0","1","6","13","40","0"
"orientdb","a2eaf6636bb600c7e6d311b0bb7d112bbaafb4a0","etl/src/main/java/com/orientechnologies/orient/etl/loader/OETLLoader.java","1","0","1","6","13","43","0"
"hazelcast","1ec9b79a96f8c74881d2912c4d7b3c40f62a8b64","hazelcast/src/main/java/com/hazelcast/map/impl/querycache/subscriber/InternalQueryCache.java","1","0","1","6","13","44","1"
"elasticsearch","437c43cd7fe3906e96cfc4eb878bedeb250d5db9","core/src/test/java/org/elasticsearch/cluster/routing/RoutingServiceTests.java","1","0","1","6","134","193","0"
"netty","6ab9c177acdd87c7fd0a10f128e3ea21402bc05e","codec-http2/src/test/java/io/netty/handler/codec/http2/CleartextHttp2ServerUpgradeHandlerTest.java","1","0","1","6","137","196","1"
"elasticsearch","73c038fb48d11021029ec86d74b0958897a41b8b","src/test/java/org/elasticsearch/test/integration/mlt/MoreLikeThisActionTests.java","1","0","1","6","141","211","1"
"elasticsearch","e0e6a58357e7b8c7552fecd3786826b3a6142497","src/test/java/org/elasticsearch/test/integration/mlt/MoreLikeThisActionTests.java","1","0","1","6","143","212","0"
"titan","736d71a8f5d93e0d3af1279a3edca9adcc4d0f94","titan-core/src/main/java/com/thinkaurelius/titan/graphdb/database/cache/SchemaCache.java","1","0","1","6","15","39","1"
"elasticsearch","49bdd29f91eb3568a8bac28e043f422a208104d1","test/framework/src/test/java/org/elasticsearch/test/rest/yaml/restspec/ClientYamlSuiteRestApiParserFailingTests.java","1","0","1","6","153","192","1"
"hazelcast","dec7dd3bccd2fc2bb30f3690c901dd6887241979","hazelcast/src/test/java/com/hazelcast/nio/serialization/PortableClassVersionTest.java","1","0","1","6","157","217","1"
"elasticsearch","3ce7b119d28e7d1be7284bd804606a65c2d1a383","test/framework/src/test/java/org/elasticsearch/test/rest/yaml/restspec/ClientYamlSuiteRestApiParserFailingTests.java","1","0","1","6","159","198","0"
"neo4j","13e3d20860f871d1c13c10429f2d4d31d6180c8b","community/kernel/src/main/java/org/neo4j/kernel/api/TransactionHook.java","1","0","1","6","16","42","0"
"netty","63a02fc04e6ce45aee38b0437ae0279880e5fe40","codec-dns/src/main/java/io/netty/handler/codec/dns/DnsRawRecord.java","1","0","1","6","16","42","0"
"neo4j","530cd9dd6f2874f7121a6905d6d7ad1a6b42f376","community/kernel/src/main/java/org/neo4j/kernel/api/TransactionHook.java","1","0","1","6","16","42","1"
"hazelcast","798cdcb7995ba1e5f635103a6069a2a875f914a6","hazelcast/src/test/java/com/hazelcast/nio/serialization/PortableClassVersionTest.java","1","0","1","6","160","218","0"
"elasticsearch","cc6c07365c89e1608b78a46af7744a67ff5277a1","src/main/java/org/elasticsearch/search/suggest/phrase/CandidateGenerator.java","1","0","1","6","18","46","0"
"netty","15611dadbbf8f8c217c03ce33da89beb54602023","codec-http2/src/test/java/io/netty/handler/codec/http2/CleartextHttp2ServerUpgradeHandlerTest.java","1","0","1","6","184","259","0"
"netty","2be4bb74a5538b76650b1e6992a8c0eec279f31b","transport/src/test/java/io/netty/channel/pool/FixedChannelPoolTest.java","1","0","1","6","210","274","1"
"orientdb","4337d1b4965d08ded05aa923e3c46d66d70a1721","core/src/main/java/com/orientechnologies/orient/core/sql/parser/OLuceneOperator.java","1","0","1","6","23","36","0"
"hazelcast","ecaaec40f356936a3252c08a2bf6f4180fd3c81b","hazelcast-client/src/main/java/com/hazelcast/client/config/ProxyFactoryConfig.java","1","0","1","6","23","64","0"
"elasticsearch","74178141544e94931a3a0c1c2577347c838ef0fb","src/test/java/org/elasticsearch/script/javascript/JavaScriptScriptSearchTests.java","1","0","1","6","238","302","0"
"BroadleafCommerce","aacde9edcbeff636f03326493a9d244ce547d0f8","admin/broadleaf-open-admin-platform/src/main/java/org/broadleafcommerce/openadmin/server/security/service/EntityFormModifierConfiguration.java","1","0","1","6","25","60","0"
"hazelcast","99f2dd5d8710f0276d0b105ba5c0f19674b6ccdf","hazelcast/src/main/java/com/hazelcast/client/impl/client/RemoveAllListeners.java","1","0","1","6","27","40","1"
"hazelcast","b4f94a00cf1628aa0437ded2c556bae9608f74c6","hazelcast/src/main/java/com/hazelcast/client/impl/client/RemoveAllListeners.java","1","0","1","6","27","41","0"
"hazelcast","565257f977407eb3a0199d082860209c2958f5f9","hazelcast/src/main/java/com/hazelcast/internal/management/request/RunGcRequest.java","1","0","1","6","28","58","1"
"elasticsearch","edb6319cea5f6a3b5535bf37a82ca53b6dde1664","src/main/java/org/elasticsearch/index/mapper/MapperParsingException.java","1","0","1","6","28","59","0"
"elasticsearch","c09103c35bfe512f8dd83752451dda2893ed7e8e","core/src/main/java/org/elasticsearch/transport/TransportResponseOptions.java","1","0","1","6","28","61","0"
"BroadleafCommerce","8eab5e85852450205ee185cc484bebf480ca8a7c","core/broadleaf-framework/src/main/java/org/broadleafcommerce/core/search/dao/CatalogStructure.java","1","0","1","6","29","69","0"
"hazelcast","f6a9ed0da939abdb8d039d79403362e2f8ac0e68","hazelcast/src/main/java/com/hazelcast/internal/management/request/ShutdownMemberRequest.java","1","0","1","6","30","59","1"
"hazelcast","bf208ca94f476ff6133813fcce92ac4e78302ca0","hazelcast/src/main/java/com/hazelcast/spi/impl/eventservice/impl/TrueEventFilter.java","1","0","1","6","31","61","0"
"orientdb","3f5f8171330294de0bd931ed949538ec5aa87c2f","core/src/main/java/com/orientechnologies/orient/core/sql/parser/OMatchesCondition.java","1","0","1","6","32","46","0"
"orientdb","36fe694c8f3e92babf28edcd4aeda4d4ec08e667","etl/src/test/java/com/orientechnologies/orient/etl/OETLStubLoader.java","1","0","1","6","32","67","1"
"elasticsearch","565dd9086069ef26aa1121b05c60c56e667fe0d0","src/test/java/org/elasticsearch/index/mapper/multifield/MultiFieldTests.java","1","0","1","6","322","412","1"
"hazelcast","623ff1855aa985aa276e8395aabf0b534c7a36c3","hazelcast/src/main/java/com/hazelcast/client/impl/client/RemoveDistributedObjectListenerRequest.java","1","0","1","6","33","63","0"
"hazelcast","bf208ca94f476ff6133813fcce92ac4e78302ca0","hazelcast/src/main/java/com/hazelcast/map/impl/nearcache/invalidation/UuidFilter.java","1","0","1","6","33","65","0"
"elasticsearch","149629fec657e9948488195087f30583cd561f11","core/src/main/java/org/elasticsearch/action/OriginalIndices.java","1","0","1","6","33","68","0"
"elasticsearch","366ddfc89a9265e05d23291b02a829f4da1fcbdd","src/main/java/org/elasticsearch/common/lucene/search/function/BoostScoreFunction.java","1","0","1","6","33","68","0"
"elasticsearch","3add12a9708a12d3e55c923cf7468296ed6147cc","src/main/java/org/elasticsearch/common/lucene/search/function/BoostScoreFunction.java","1","0","1","6","33","68","0"
"elasticsearch","5fc6f171210ab5ace1aaf13edf8e9d33862bc070","core/src/main/java/org/elasticsearch/action/OriginalIndices.java","1","0","1","6","33","68","1"
"elasticsearch","e43f3a941b8ae78e6ab4f66d1da17a976d36b666","src/main/java/org/elasticsearch/common/lucene/search/function/BoostScoreFunction.java","1","0","1","6","33","68","1"
"oryx","eff199ff1f6cad1b4ff13829dfb29ff4884d4c31","app/oryx-app/src/main/java/com/cloudera/oryx/app/speed/kmeans/KMeansSpeedModel.java","1","0","1","6","34","64","0"
"BroadleafCommerce","7a0a7c403c946be4bbd8ee1abdaa6699931ef834","core/broadleaf-framework/src/main/java/org/broadleafcommerce/core/order/service/AbstractOrderServiceExtensionHandler.java","1","0","1","6","34","66","0"
"elasticsearch","10ec2e948a2f1426a5058ca3b2c2e39952f141d8","src/main/java/org/elasticsearch/action/admin/indices/cache/clear/ClearIndicesCacheRequestBuilder.java","1","0","1","6","34","66","0"
"elasticsearch","fa16969360ea43667ad11f827bbf86718c18fcc6","src/main/java/org/elasticsearch/action/admin/indices/cache/clear/ClearIndicesCacheRequestBuilder.java","1","0","1","6","34","66","1"
"hazelcast","65df300ddcacf2cee04f1eee8f75731e147decbf","hazelcast/src/main/java/com/hazelcast/cache/impl/client/CacheRemoveInvalidationListenerRequest.java","1","0","1","6","34","67","1"
"hazelcast","ae877df50978fcfb112d6d0cab2c78f80d1ee770","hazelcast/src/main/java/com/hazelcast/cache/impl/client/CacheRemoveInvalidationListenerRequest.java","1","0","1","6","34","67","1"
"hazelcast","ae877df50978fcfb112d6d0cab2c78f80d1ee770","hazelcast/src/main/java/com/hazelcast/cache/impl/client/CacheRemoveEntryListenerRequest.java","1","0","1","6","34","67","1"
"hazelcast","d65de8708631978b87d39db7c947a073e0963228","hazelcast/src/main/java/com/hazelcast/cache/impl/client/CacheRemoveEntryListenerRequest.java","1","0","1","6","34","67","2"
"hazelcast","d65de8708631978b87d39db7c947a073e0963228","hazelcast/src/main/java/com/hazelcast/cache/impl/client/CacheRemoveInvalidationListenerRequest.java","1","0","1","6","34","67","2"
"hazelcast","264b730b6e10ae9df6f5d8727209ca007160236f","hazelcast/src/main/java/com/hazelcast/cache/impl/client/CacheRemoveEntryListenerRequest.java","1","0","1","6","34","67","0"
"hazelcast","264b730b6e10ae9df6f5d8727209ca007160236f","hazelcast/src/main/java/com/hazelcast/cache/impl/client/CacheRemoveInvalidationListenerRequest.java","1","0","1","6","34","67","0"
"hazelcast","623ff1855aa985aa276e8395aabf0b534c7a36c3","hazelcast/src/main/java/com/hazelcast/cache/impl/client/CacheRemoveInvalidationListenerRequest.java","1","0","1","6","34","67","0"
"elasticsearch","bd857d6d2e35c7da370d5b87f7ed6ab3398a2fe3","src/test/java/org/elasticsearch/test/integration/search/customscore/CustomScoreSearchTests.java","1","0","1","6","344","430","1"
"elasticsearch","0a69f1e283e26e5d9e6a000b68b9f4778de557a1","test/framework/src/main/java/org/elasticsearch/index/MockEngineFactoryPlugin.java","1","0","1","6","36","65","2"
"oryx","518dc444be616e55a8aeb1bd047aaa411ae3281a","framework/oryx-lambda-serving/src/main/java/com/cloudera/oryx/lambda/serving/ScalaServingModelManagerAdapter.java","1","0","1","6","36","69","0"
"elasticsearch","577dcb32374cf2528a5deadf0a57f1ea1d5a9cbd","core/src/test/java/org/elasticsearch/discovery/DiscoveryModuleTests.java","1","0","1","6","37","68","0"
"elasticsearch","4b94eb5cb8cc4294ed0e932a5f22c16bd90d4dd7","core/src/main/java/org/elasticsearch/action/admin/indices/alias/get/BaseAliasesRequestBuilder.java","1","0","1","6","37","71","2"
"elasticsearch","860efb2ad28db09189c8423e05d0dba53010259c","core/src/main/java/org/elasticsearch/action/admin/indices/alias/get/BaseAliasesRequestBuilder.java","1","0","1","6","37","71","2"
"elasticsearch","d3417fb02291f26964d77767020ef345d18c148f","core/src/main/java/org/elasticsearch/action/admin/indices/alias/get/BaseAliasesRequestBuilder.java","1","0","1","6","37","71","0"
"orientdb","ea1339b2d74756f4efec13f3bb59c93a0a409b47","core/src/main/java/com/orientechnologies/orient/core/metadata/sequence/OSequenceTrigger.java","1","0","1","6","37","72","0"
"hazelcast","3f7fe149b46863191307baa8ab504a6eaf77b0cc","hazelcast-client/src/main/java/com/hazelcast/client/txn/proxy/ClientTxnSetProxy.java","1","0","1","6","38","68","0"
"hazelcast","39091ff574efe84ae6a3d772a1b7cfce80f4f2e0","hazelcast/src/main/java/com/hazelcast/collection/operations/client/TxnMultiMapRequest.java","1","0","1","6","38","70","0"
"BroadleafCommerce","890b0bcc50d07d82acdf5ae687d2abfbffa34597","admin/broadleaf-open-admin-platform/src/main/java/org/broadleafcommerce/openadmin/server/security/service/AbstractRowLevelSecurityProvider.java","1","0","1","6","38","75","0"
"BroadleafCommerce","90e4079b981d1ac986d9423fda3ac240f14ab316","core/broadleaf-framework/src/main/java/org/broadleafcommerce/core/offer/service/OfferAuditServiceImpl.java","1","0","1","6","38","75","0"
"elasticsearch","3a82c613e43ebfaa010e5cf5e79cc54cee2d9468","modules/ingest-common/src/main/java/org/elasticsearch/ingest/common/RemoveProcessor.java","1","0","1","6","38","75","1"
"elasticsearch","3a82c613e43ebfaa010e5cf5e79cc54cee2d9468","modules/ingest-common/src/main/java/org/elasticsearch/ingest/common/FailProcessor.java","1","0","1","6","38","76","1"
"hazelcast","3571a6db8a917f909cb1ee4a240e50193743ee27","hazelcast/src/main/java/com/hazelcast/client/ClientEvent.java","1","0","1","6","40","70","0"
"hazelcast","e56ed623e2f90ba7444669e38f971c3206d1c4a0","hazelcast/src/main/java/com/hazelcast/queue/tx/TxnPrepareOperation.java","1","0","1","6","40","73","1"
"elasticsearch","f7cd86ef6d05243a13f00dcadc77c40dc52b9ef1","modules/ingest-common/src/main/java/org/elasticsearch/ingest/common/RemoveProcessor.java","1","0","1","6","40","77","0"
"elasticsearch","f7cd86ef6d05243a13f00dcadc77c40dc52b9ef1","modules/ingest-common/src/main/java/org/elasticsearch/ingest/common/FailProcessor.java","1","0","1","6","40","78","0"
"neo4j","4a4bc99eef885ecb4dd05d675666d37815410116","enterprise/ha/src/main/java/org/neo4j/kernel/ha/cluster/HighAvailabilityMemberChangeEvent.java","1","0","1","6","41","74","1"
"hazelcast","3f7fe149b46863191307baa8ab504a6eaf77b0cc","hazelcast/src/main/java/com/hazelcast/client/DistributedObjectInfo.java","1","0","1","6","41","75","0"
"BroadleafCommerce","64ee9c754b4adff1e55416fdd70d45b35f42d991","core/broadleaf-framework/src/main/java/org/broadleafcommerce/core/search/service/solr/AbstractSolrSearchServiceExtensionHandler.java","1","0","1","6","41","79","5"
"netty","e8ee6a2772508dcbdff76880aa99f9dd5d5e508d","transport/src/main/java/io/netty/channel/ChannelInboundMessageHandlerAdapter.java","1","0","1","6","42","100","1"
"netty","4746e74124c01351d0cecf2e9d0e14bb7ab7d44e","transport/src/main/java/io/netty/channel/ChannelInboundMessageHandlerAdapter.java","1","0","1","6","42","123","0"
"hazelcast","d38202141395360399c9cf97d4453adf5b1581e1","hazelcast/src/main/java/com/hazelcast/client/impl/protocol/task/cache/CacheDestroyMessageTask.java","1","0","1","6","44","77","1"
"hazelcast","b583f88f8f80ac2de344ace2aa3423f128cd037a","hazelcast/src/main/java/com/hazelcast/queue/tx/TxnPrepareOperation.java","1","0","1","6","44","78","0"
"BroadleafCommerce","035a68d4f608f9164602b462a176ff3c63ca4e8b","core/broadleaf-framework/src/main/java/org/broadleafcommerce/core/search/service/solr/AbstractSolrSearchServiceExtensionHandler.java","1","0","1","6","44","79","5"
"BroadleafCommerce","8db53640481df9a63ee4bca59079a5689e267f93","core/broadleaf-framework/src/main/java/org/broadleafcommerce/core/search/service/solr/AbstractSolrSearchServiceExtensionHandler.java","1","0","1","6","44","79","1"
"BroadleafCommerce","92da893577ed005d3f422142164bcbd88b85bd61","core/broadleaf-framework/src/main/java/org/broadleafcommerce/core/search/service/solr/AbstractSolrSearchServiceExtensionHandler.java","1","0","1","6","44","79","5"
"BroadleafCommerce","d0e64544c718798f7fb98f7b9f45620f93ba05a1","core/broadleaf-framework/src/main/java/org/broadleafcommerce/core/search/service/solr/AbstractSolrSearchServiceExtensionHandler.java","1","0","1","6","44","79","6"
"BroadleafCommerce","da98c51911c40296d2785f26e37b08f82c354192","core/broadleaf-framework/src/main/java/org/broadleafcommerce/core/search/service/solr/AbstractSolrSearchServiceExtensionHandler.java","1","0","1","6","44","79","5"
"BroadleafCommerce","663f9520dacb59459f8033c8736be33d9fc3d58d","core/broadleaf-framework/src/main/java/org/broadleafcommerce/core/search/service/solr/AbstractSolrSearchServiceExtensionHandler.java","1","0","1","6","44","79","0"
"hazelcast","58e4782c607905ce452f830bd68a2412a9e1961e","hazelcast/src/main/java/com/hazelcast/client/impl/protocol/task/multimap/MultiMapRemoveEntryMessageTask.java","1","0","1","6","45","77","1"
"hazelcast","58e4782c607905ce452f830bd68a2412a9e1961e","hazelcast/src/main/java/com/hazelcast/client/impl/protocol/task/multimap/MultiMapPutMessageTask.java","1","0","1","6","45","79","1"
"hazelcast","58e4782c607905ce452f830bd68a2412a9e1961e","hazelcast/src/main/java/com/hazelcast/client/impl/protocol/task/multimap/MultiMapUnlockMessageTask.java","1","0","1","6","46","78","1"
"hazelcast","d38202141395360399c9cf97d4453adf5b1581e1","hazelcast/src/main/java/com/hazelcast/client/impl/protocol/task/list/ListSetMessageTask.java","1","0","1","6","46","80","1"
"elasticsearch","78574d248cf10dad1c5a566fda79e1e0c94afe43","core/src/main/java/org/elasticsearch/action/support/broadcast/BroadcastShardRequest.java","1","0","1","6","46","82","1"
"elasticsearch","e6aaaf11ed4a1b8f595f920de1840938eddb7a97","core/src/main/java/org/elasticsearch/action/support/broadcast/BroadcastShardRequest.java","1","0","1","6","46","82","1"
"elasticsearch","a60b8948ba1d836a6eac7cff095519e618939ed8","core/src/main/java/org/elasticsearch/action/support/broadcast/BroadcastShardRequest.java","1","0","1","6","46","82","0"
"hazelcast","58e4782c607905ce452f830bd68a2412a9e1961e","hazelcast/src/main/java/com/hazelcast/client/impl/protocol/task/multimap/MultiMapValueCountMessageTask.java","1","0","1","6","47","79","1"
"hazelcast","58e4782c607905ce452f830bd68a2412a9e1961e","hazelcast/src/main/java/com/hazelcast/client/impl/protocol/task/multimap/MultiMapContainsKeyMessageTask.java","1","0","1","6","47","79","1"
"hazelcast","5009d4a90be3c901942a0a89cf29a92c074231f1","hazelcast/src/main/java/com/hazelcast/collection/impl/txnqueue/operations/TxnCommitBackupOperation.java","1","0","1","6","47","79","0"
"hazelcast","58e4782c607905ce452f830bd68a2412a9e1961e","hazelcast/src/main/java/com/hazelcast/client/impl/protocol/task/multimap/MultiMapContainsEntryMessageTask.java","1","0","1","6","47","80","1"
"hazelcast","05b27a3d7f9adfb832f8fb0c7927fc71c14df2b4","hazelcast/src/main/java/com/hazelcast/client/impl/protocol/task/cache/CacheRemoveEntryListenerMessageTask.java","1","0","1","6","47","81","2"
"hazelcast","05b27a3d7f9adfb832f8fb0c7927fc71c14df2b4","hazelcast/src/main/java/com/hazelcast/client/impl/protocol/task/cache/CacheRemoveInvalidationListenerMessageTask.java","1","0","1","6","47","81","2"
"hazelcast","d0fd18cd0e2fac83d47776ccc1f08639bfc9823f","hazelcast/src/main/java/com/hazelcast/client/impl/protocol/task/cache/CacheRemoveInvalidationListenerMessageTask.java","1","0","1","6","47","81","2"
"hazelcast","a4035afdfc67b757940a15578bc51b4e7b6b0b13","hazelcast/src/main/java/com/hazelcast/client/impl/protocol/task/cache/CacheRemoveInvalidationListenerMessageTask.java","1","0","1","6","47","81","0"
"elasticsearch","e1efd5f6baf8dec1c23c79b346b8a29f234a98bb","core/src/main/java/org/elasticsearch/action/support/broadcast/BroadcastShardRequest.java","1","0","1","6","47","83","0"
"netty","4746e74124c01351d0cecf2e9d0e14bb7ab7d44e","transport/src/main/java/io/netty/channel/ChannelOutboundMessageHandlerAdapter.java","1","0","1","6","48","115","0"
"hazelcast","5009d4a90be3c901942a0a89cf29a92c074231f1","hazelcast/src/main/java/com/hazelcast/collection/impl/txncollection/operations/CollectionCommitBackupOperation.java","1","0","1","6","48","81","0"
"hazelcast","d38202141395360399c9cf97d4453adf5b1581e1","hazelcast/src/main/java/com/hazelcast/client/impl/protocol/task/list/ListRemoveListenerMessageTask.java","1","0","1","6","48","82","1"
"netty","e8ee6a2772508dcbdff76880aa99f9dd5d5e508d","transport/src/main/java/io/netty/channel/ChannelOutboundMessageHandlerAdapter.java","1","0","1","6","48","90","1"
"hazelcast","05b27a3d7f9adfb832f8fb0c7927fc71c14df2b4","hazelcast/src/main/java/com/hazelcast/client/impl/protocol/task/multimap/MultiMapRemoveEntryListenerMessageTask.java","1","0","1","6","49","82","2"
"hazelcast","05b27a3d7f9adfb832f8fb0c7927fc71c14df2b4","hazelcast/src/main/java/com/hazelcast/client/impl/protocol/task/queue/QueueRemoveListenerMessageTask.java","1","0","1","6","49","82","2"
"hazelcast","92c9e90afd37615e6c37493123b053a4f4a5c145","hazelcast/src/main/java/com/hazelcast/client/impl/protocol/task/set/SetSizeMessageTask.java","1","0","1","6","49","82","1"
"hazelcast","d0fd18cd0e2fac83d47776ccc1f08639bfc9823f","hazelcast/src/main/java/com/hazelcast/client/impl/protocol/task/multimap/MultiMapRemoveEntryListenerMessageTask.java","1","0","1","6","49","82","2"
"hazelcast","d0fd18cd0e2fac83d47776ccc1f08639bfc9823f","hazelcast/src/main/java/com/hazelcast/client/impl/protocol/task/queue/QueueRemoveListenerMessageTask.java","1","0","1","6","49","82","2"
"hazelcast","d472cbea8d404ea4e42a5cc0bb455dbec40e7985","hazelcast/src/main/java/com/hazelcast/client/impl/protocol/task/queue/QueueRemoveListenerMessageTask.java","1","0","1","6","49","82","3"
"hazelcast","d472cbea8d404ea4e42a5cc0bb455dbec40e7985","hazelcast/src/main/java/com/hazelcast/client/impl/protocol/task/multimap/MultiMapRemoveEntryListenerMessageTask.java","1","0","1","6","49","82","3"
"hazelcast","8aad5200f5667461d3959dacaa6d5d179d7b2add","hazelcast/src/main/java/com/hazelcast/client/impl/protocol/task/set/SetSizeMessageTask.java","1","0","1","6","49","82","0"
"hazelcast","4e007a3426015aebfb4a640a624d2e2e9dc90817","hazelcast/src/main/java/com/hazelcast/client/impl/protocol/task/multimap/MultiMapRemoveEntryMessageTask.java","1","0","1","6","50","83","0"
"hazelcast","8aad5200f5667461d3959dacaa6d5d179d7b2add","hazelcast/src/main/java/com/hazelcast/client/impl/protocol/task/set/SetIsEmptyMessageTask.java","1","0","1","6","50","83","0"
"hazelcast","8aad5200f5667461d3959dacaa6d5d179d7b2add","hazelcast/src/main/java/com/hazelcast/client/impl/protocol/task/set/SetClearMessageTask.java","1","0","1","6","50","83","0"
"hazelcast","8aad5200f5667461d3959dacaa6d5d179d7b2add","hazelcast/src/main/java/com/hazelcast/client/impl/protocol/task/set/SetRemoveListenerMessageTask.java","1","0","1","6","50","83","0"
"hazelcast","a4035afdfc67b757940a15578bc51b4e7b6b0b13","hazelcast/src/main/java/com/hazelcast/client/impl/protocol/task/list/ListIsEmptyMessageTask.java","1","0","1","6","50","83","0"
"hazelcast","fa455733da9772e9107eb60b3fe55a17601be38b","hazelcast/src/main/java/com/hazelcast/client/impl/protocol/task/set/SetAddAllMessageTask.java","1","0","1","6","50","83","0"
"hazelcast","05b27a3d7f9adfb832f8fb0c7927fc71c14df2b4","hazelcast/src/main/java/com/hazelcast/client/impl/protocol/task/set/SetRemoveListenerMessageTask.java","1","0","1","6","50","83","2"
"hazelcast","92c9e90afd37615e6c37493123b053a4f4a5c145","hazelcast/src/main/java/com/hazelcast/client/impl/protocol/task/set/SetIsEmptyMessageTask.java","1","0","1","6","50","83","1"
"hazelcast","92c9e90afd37615e6c37493123b053a4f4a5c145","hazelcast/src/main/java/com/hazelcast/client/impl/protocol/task/set/SetClearMessageTask.java","1","0","1","6","50","83","1"
"hazelcast","d0fd18cd0e2fac83d47776ccc1f08639bfc9823f","hazelcast/src/main/java/com/hazelcast/client/impl/protocol/task/set/SetRemoveListenerMessageTask.java","1","0","1","6","50","83","2"
"hazelcast","d472cbea8d404ea4e42a5cc0bb455dbec40e7985","hazelcast/src/main/java/com/hazelcast/client/impl/protocol/task/set/SetRemoveListenerMessageTask.java","1","0","1","6","50","83","3"
"hazelcast","8aad5200f5667461d3959dacaa6d5d179d7b2add","hazelcast/src/main/java/com/hazelcast/client/impl/protocol/task/list/ListRemoveListenerMessageTask.java","1","0","1","6","50","84","0"
"hazelcast","8aad5200f5667461d3959dacaa6d5d179d7b2add","hazelcast/src/main/java/com/hazelcast/client/impl/protocol/task/list/ListClearMessageTask.java","1","0","1","6","50","84","0"
"hazelcast","05b27a3d7f9adfb832f8fb0c7927fc71c14df2b4","hazelcast/src/main/java/com/hazelcast/client/impl/protocol/task/list/ListRemoveListenerMessageTask.java","1","0","1","6","50","84","2"
"hazelcast","4e007a3426015aebfb4a640a624d2e2e9dc90817","hazelcast/src/main/java/com/hazelcast/client/impl/protocol/task/multimap/MultiMapPutMessageTask.java","1","0","1","6","50","85","0"
"elasticsearch","e1efd5f6baf8dec1c23c79b346b8a29f234a98bb","plugins/cloud-azure/src/test/java/org/elasticsearch/cloud/azure/AzureComputeServiceSimpleMock.java","1","0","1","6","50","89","0"
"oryx","efcdff4c4e8f2827aae55879bbb778cd0f7dd99c","oryx-common/src/test/java/com/cloudera/oryx/common/settings/ConfigUtilsTest.java","1","0","1","6","51","82","0"
"hazelcast","92c9e90afd37615e6c37493123b053a4f4a5c145","hazelcast/src/main/java/com/hazelcast/client/impl/protocol/task/set/SetGetAllMessageTask.java","1","0","1","6","51","84","1"
"hazelcast","92c9e90afd37615e6c37493123b053a4f4a5c145","hazelcast/src/main/java/com/hazelcast/client/impl/protocol/task/set/SetRemoveListenerMessageTask.java","1","0","1","6","51","84","1"
"hazelcast","92c9e90afd37615e6c37493123b053a4f4a5c145","hazelcast/src/main/java/com/hazelcast/client/impl/protocol/task/queue/QueueOfferMessageTask.java","1","0","1","6","51","84","1"
"hazelcast","8aad5200f5667461d3959dacaa6d5d179d7b2add","hazelcast/src/main/java/com/hazelcast/client/impl/protocol/task/set/SetGetAllMessageTask.java","1","0","1","6","51","84","0"
"hazelcast","8aad5200f5667461d3959dacaa6d5d179d7b2add","hazelcast/src/main/java/com/hazelcast/client/impl/protocol/task/list/ListIteratorMessageTask.java","1","0","1","6","51","85","0"
"hazelcast","a4035afdfc67b757940a15578bc51b4e7b6b0b13","hazelcast/src/main/java/com/hazelcast/client/impl/protocol/task/list/ListSetMessageTask.java","1","0","1","6","51","85","0"
"hazelcast","a4035afdfc67b757940a15578bc51b4e7b6b0b13","hazelcast/src/main/java/com/hazelcast/client/impl/protocol/task/list/ListGetMessageTask.java","1","0","1","6","51","85","0"
"hazelcast","a4035afdfc67b757940a15578bc51b4e7b6b0b13","hazelcast/src/main/java/com/hazelcast/client/impl/protocol/task/list/ListGetAllMessageTask.java","1","0","1","6","51","85","0"
"hazelcast","a4035afdfc67b757940a15578bc51b4e7b6b0b13","hazelcast/src/main/java/com/hazelcast/client/impl/protocol/task/list/ListRemoveListenerMessageTask.java","1","0","1","6","51","85","0"
"hazelcast","a4035afdfc67b757940a15578bc51b4e7b6b0b13","hazelcast/src/main/java/com/hazelcast/client/impl/protocol/task/list/ListSubMessageTask.java","1","0","1","6","51","85","0"
"hazelcast","a4035afdfc67b757940a15578bc51b4e7b6b0b13","hazelcast/src/main/java/com/hazelcast/client/impl/protocol/task/list/ListIteratorMessageTask.java","1","0","1","6","51","85","0"
"hazelcast","a4035afdfc67b757940a15578bc51b4e7b6b0b13","hazelcast/src/main/java/com/hazelcast/client/impl/protocol/task/list/ListRemoveWithIndexMessageTask.java","1","0","1","6","51","85","0"
"hazelcast","92c9e90afd37615e6c37493123b053a4f4a5c145","hazelcast/src/main/java/com/hazelcast/client/impl/protocol/task/list/ListRemoveListenerMessageTask.java","1","0","1","6","51","85","1"
"hazelcast","92c9e90afd37615e6c37493123b053a4f4a5c145","hazelcast/src/main/java/com/hazelcast/client/impl/protocol/task/list/ListIteratorMessageTask.java","1","0","1","6","51","85","1"
"hazelcast","d38202141395360399c9cf97d4453adf5b1581e1","hazelcast/src/main/java/com/hazelcast/client/impl/protocol/task/list/ListIsEmptyMessageTask.java","1","0","1","6","51","85","1"
"hazelcast","d38202141395360399c9cf97d4453adf5b1581e1","hazelcast/src/main/java/com/hazelcast/client/impl/protocol/task/list/ListCompareAndRemoveAllMessageTask.java","1","0","1","6","51","86","1"
"oryx","fd8a77cc546c2a797833303878774b2697548349","oryx-common/src/test/java/com/cloudera/oryx/common/settings/ConfigUtilsTest.java","1","0","1","6","52","83","0"
"hazelcast","93e613f75864e921a29b4d1ada0b94790b04137c","hazelcast/src/main/java/com/hazelcast/replicatedmap/client/ClientReplicatedMapGetRequest.java","1","0","1","6","52","83","0"
"hazelcast","df79b54139f430352a56afb52eeba2e5dafe1691","hazelcast/src/main/java/com/hazelcast/replicatedmap/client/ClientReplicatedMapGetRequest.java","1","0","1","6","52","83","2"
"hazelcast","08e659f992761d79cd0342e77ce17ddb62e33295","hazelcast/src/main/java/com/hazelcast/client/impl/protocol/task/set/SetAddAllMessageTask.java","1","0","1","6","52","85","1"
"hazelcast","92c9e90afd37615e6c37493123b053a4f4a5c145","hazelcast/src/main/java/com/hazelcast/client/impl/protocol/task/multimap/MultiMapUnlockMessageTask.java","1","0","1","6","52","85","1"
"hazelcast","4e007a3426015aebfb4a640a624d2e2e9dc90817","hazelcast/src/main/java/com/hazelcast/client/impl/protocol/task/multimap/MultiMapValueCountMessageTask.java","1","0","1","6","52","85","0"
"hazelcast","287d3bfcd02581c7429fc7b65e7142512990d976","hazelcast/src/main/java/com/hazelcast/collection/impl/txnqueue/operations/TxnPrepareOperation.java","1","0","1","6","52","86","0"
"hazelcast","4e007a3426015aebfb4a640a624d2e2e9dc90817","hazelcast/src/main/java/com/hazelcast/client/impl/protocol/task/multimap/MultiMapContainsEntryMessageTask.java","1","0","1","6","52","86","0"
"hazelcast","a4035afdfc67b757940a15578bc51b4e7b6b0b13","hazelcast/src/main/java/com/hazelcast/client/impl/protocol/task/list/ListAddAllWithIndexMessageTask.java","1","0","1","6","52","86","0"
"hazelcast","a4035afdfc67b757940a15578bc51b4e7b6b0b13","hazelcast/src/main/java/com/hazelcast/client/impl/protocol/task/list/ListContainsAllMessageTask.java","1","0","1","6","52","86","0"
"hazelcast","a4035afdfc67b757940a15578bc51b4e7b6b0b13","hazelcast/src/main/java/com/hazelcast/client/impl/protocol/task/list/ListAddAllMessageTask.java","1","0","1","6","52","86","0"
"hazelcast","a4035afdfc67b757940a15578bc51b4e7b6b0b13","hazelcast/src/main/java/com/hazelcast/client/impl/protocol/task/list/ListCompareAndRetainAllMessageTask.java","1","0","1","6","52","86","0"
"hazelcast","a4035afdfc67b757940a15578bc51b4e7b6b0b13","hazelcast/src/main/java/com/hazelcast/client/impl/protocol/task/list/ListCompareAndRemoveAllMessageTask.java","1","0","1","6","52","86","0"
"hazelcast","08e659f992761d79cd0342e77ce17ddb62e33295","hazelcast/src/main/java/com/hazelcast/client/impl/protocol/task/list/ListContainsAllMessageTask.java","1","0","1","6","52","86","1"
"hazelcast","26c1a07e88a98d6cbf2d7fcd7bc63107d18b18ba","hazelcast/src/main/java/com/hazelcast/collection/impl/txnqueue/operations/TxnPrepareOperation.java","1","0","1","6","52","86","2"
"hazelcast","97bb74d78cd1e0af68a1390defa30fc956da8390","hazelcast/src/main/java/com/hazelcast/client/impl/protocol/task/list/ListContainsAllMessageTask.java","1","0","1","6","52","86","1"
"hazelcast","bc945190541c07a740026d0e1d81368a2d79d78e","hazelcast/src/main/java/com/hazelcast/client/impl/protocol/task/list/ListContainsAllMessageTask.java","1","0","1","6","52","86","1"
"hazelcast","d9d20943b88faf6aa25ddbdc19feab4571611431","hazelcast/src/main/java/com/hazelcast/client/impl/protocol/task/list/ListCompareAndRemoveAllMessageTask.java","1","0","1","6","52","86","1"
"hazelcast","d9d20943b88faf6aa25ddbdc19feab4571611431","hazelcast/src/main/java/com/hazelcast/client/impl/protocol/task/list/ListCompareAndRetainAllMessageTask.java","1","0","1","6","52","86","1"
"hazelcast","d38202141395360399c9cf97d4453adf5b1581e1","hazelcast/src/main/java/com/hazelcast/client/impl/protocol/task/list/ListIteratorMessageTask.java","1","0","1","6","52","87","1"
"hazelcast","0287d390022e68e3c252acac8db8e0dfc15ecbea","hazelcast/src/main/java/com/hazelcast/collection/impl/txnqueue/operations/TxnPrepareOperation.java","1","0","1","6","53","85","1"
"hazelcast","a4035afdfc67b757940a15578bc51b4e7b6b0b13","hazelcast/src/main/java/com/hazelcast/client/impl/protocol/task/cache/CacheCreateConfigMessageTask.java","1","0","1","6","53","87","0"
"BroadleafCommerce","3c6c5bc08c9508f5c22b64c138ac057af2379939","admin/broadleaf-contentmanagement-module/src/test/java/org/broadleafcommerce/cms/url/service/URLHandlerServiceTest.java","1","0","1","6","53","94","0"
"hazelcast","f5b5e658ea42c43530cc3fd5e132e2fe503ab8b4","hazelcast/src/main/java/com/hazelcast/client/impl/protocol/task/set/SetCompareAndRetainAllMessageTask.java","1","0","1","6","54","87","0"
"hazelcast","a4035afdfc67b757940a15578bc51b4e7b6b0b13","hazelcast/src/main/java/com/hazelcast/client/impl/protocol/task/list/ListContainsMessageTask.java","1","0","1","6","54","88","0"
"hazelcast","bc945190541c07a740026d0e1d81368a2d79d78e","hazelcast/src/main/java/com/hazelcast/client/impl/protocol/task/cache/CacheManagementConfigMessageTask.java","1","0","1","6","55","90","1"
"hazelcast","d38202141395360399c9cf97d4453adf5b1581e1","hazelcast/src/main/java/com/hazelcast/client/impl/protocol/task/list/ListContainsMessageTask.java","1","0","1","6","55","90","1"
"hazelcast","97bb74d78cd1e0af68a1390defa30fc956da8390","hazelcast/src/main/java/com/hazelcast/client/impl/protocol/task/cache/CacheManagementConfigMessageTask.java","1","0","1","6","55","90","0"
"hazelcast","4e007a3426015aebfb4a640a624d2e2e9dc90817","hazelcast/src/main/java/com/hazelcast/client/impl/protocol/task/queue/QueueDrainMaxSizeMessageTask.java","1","0","1","6","56","89","0"
"hazelcast","4e007a3426015aebfb4a640a624d2e2e9dc90817","hazelcast/src/main/java/com/hazelcast/client/impl/protocol/task/queue/QueueDrainMessageTask.java","1","0","1","6","56","90","0"
"netty","67d3a78123fa3faa85c1a150bd4ee69425079b3d","codec-http2/src/test/java/io/netty/handler/codec/http2/Http2SettingsTest.java","1","0","1","6","60","90","1"
"BroadleafCommerce","793ba6f34b97b01cf4d776b90c06ae3629558475","admin/broadleaf-contentmanagement-module/src/main/java/org/broadleafcommerce/cms/file/domain/StaticAssetStorageImpl.java","1","0","1","6","61","95","1"
"BroadleafCommerce","d2254cf438ab766ee82e5a464c83c8d618cb170e","admin/broadleaf-contentmanagement-module/src/main/java/org/broadleafcommerce/cms/file/domain/StaticAssetStorageImpl.java","1","0","1","6","61","98","0"
"netty","e33f12f5b8a37b3f2a7291a10a61c8bce6ce73e0","codec-http/src/test/java/io/netty/handler/codec/http/HttpRequestEncoderTest.java","1","0","1","6","62","90","0"
"elasticsearch","a6510f924520d8cdda2636ac85a1a1e43f6dfb8c","src/test/java/org/elasticsearch/common/io/StreamsTests.java","1","0","1","6","63","98","0"
"hazelcast","d070f1256c8c7fa823e6463487462826384ee1df","hazelcast/src/main/java/com/hazelcast/map/impl/operation/MapReplicationOperation.java","1","0","1","6","65","103","0"
"orientdb","99a07688bdc3979e788f469cae7c5d9bd2fa9709","lucene/src/test/java/com/orientechnologies/lucene/tests/OLuceneMultiFieldTest.java","1","0","1","6","65","125","0"
"BroadleafCommerce","7376850c4d56ad3542c06865d9f2573b0919d13f","admin/broadleaf-contentmanagement-module/src/main/java/org/broadleafcommerce/cms/field/domain/FieldEnumerationImpl.java","1","0","1","6","69","103","0"
"netty","20da5383ce50570ecda48ce84fd13d432fef83b2","codec-http/src/test/java/io/netty/handler/codec/http/HttpUtilTest.java","1","0","1","6","70","104","1"
"hazelcast","1577e6203517ea9a356c2fe9ef193cac391f7df1","hazelcast/src/test/java/com/hazelcast/config/XMLConfigWithSystemPropertyTest.java","1","0","1","6","74","106","1"
"hazelcast","70d4de16ff0ac4518d09aad8c9f2ad9e782fb337","hazelcast/src/test/java/com/hazelcast/config/XMLConfigWithSystemPropertyTest.java","1","0","1","6","74","106","1"
"hazelcast","1b73d8d9ded0d4662dd69bc3031283f8195f37de","hazelcast/src/test/java/com/hazelcast/config/XMLConfigWithSystemPropertyTest.java","1","0","1","6","74","106","0"
"orientdb","5499f443102cace2dfa66d6bb93b5715bc0a6393","lucene/src/test/java/com/orientechnologies/lucene/tests/OLuceneMultiFieldTest.java","1","0","1","6","74","139","0"
"elasticsearch","78574d248cf10dad1c5a566fda79e1e0c94afe43","core/src/main/java/org/elasticsearch/action/admin/cluster/node/info/TransportNodesInfoAction.java","1","0","1","6","75","114","1"
"elasticsearch","e6aaaf11ed4a1b8f595f920de1840938eddb7a97","core/src/main/java/org/elasticsearch/action/admin/cluster/node/info/TransportNodesInfoAction.java","1","0","1","6","75","114","1"
"elasticsearch","a60b8948ba1d836a6eac7cff095519e618939ed8","core/src/main/java/org/elasticsearch/action/admin/cluster/node/info/TransportNodesInfoAction.java","1","0","1","6","75","114","0"
"hazelcast","77bf666fd9c23d8e896d84e6ea0f9df6179b2023","hazelcast-hibernate/hazelcast-hibernate3/src/test/java/com/hazelcast/hibernate/local/LocalRegionCacheTest.java","1","0","1","6","75","99","0"
"elasticsearch","cf00acf5b048608e3d184cc5cc6876ef0af356fb","src/test/java/org/elasticsearch/test/unit/cluster/metadata/MetaDataTests.java","1","0","1","6","76","108","0"
"hazelcast","d568e4d926d925d57d4e79e34614390416749301","hazelcast/src/test/java/com/hazelcast/config/XMLConfigWithSystemPropertyTest.java","1","0","1","6","76","110","0"
"BroadleafCommerce","401247ccbb1691fb0817c6b055d425d469bd572d","admin/broadleaf-contentmanagement-module/src/main/java/org/broadleafcommerce/cms/structure/domain/StructuredContentFieldTemplateImpl.java","1","0","1","6","79","114","0"
"orientdb","11dfa2968d648a5f1d092e60392c240655ea8a42","lucene/src/test/java/com/orientechnologies/lucene/analyzer/OLuceneAnalyzerFactoryTest.java","1","0","1","6","81","128","0"
"elasticsearch","c6fefacb2fb21b0a1e3e99ebfdcff24119ee7027","src/test/java/org/elasticsearch/common/path/PathTrieTests.java","1","0","1","6","83","124","1"
"elasticsearch","6159ca28ae6ffd97260d8533df5a794154d94e11","test/framework/src/main/java/org/elasticsearch/transport/AssertingTransportInterceptor.java","1","0","1","6","85","128","0"
"elasticsearch","27b5c2ad545662621da1850b810daaf97ffbe6e5","test/framework/src/main/java/org/elasticsearch/transport/AssertingTransportInterceptor.java","1","0","1","6","86","129","0"
"orientdb","2767a54ee6308493e6a69b4b2951d8d2252bfd6b","core/src/test/java/com/orientechnologies/orient/core/tx/ExternalCollectionsTest.java","1","0","1","6","89","130","0"
"elasticsearch","f582212c68d62dd8c7f16ee0186885ad296f639e","src/test/java/org/elasticsearch/index/mapper/geo/GeohashMappingGeoPointTests.java","1","0","1","6","94","138","0"
"elasticsearch","baea7fd1c28d52ab8079f76854512bf9adf85c6d","src/test/java/org/elasticsearch/test/unit/index/mapper/timestamp/TimestampMappingTests.java","1","0","1","6","95","135","1"
"elasticsearch","71f5b161371b30952884df13ba66a21ae8621b79","src/test/java/org/elasticsearch/common/xcontent/builder/XContentBuilderTests.java","1","0","1","6","95","138","1"
"elasticsearch","6c23ace68fd9579e02d570d70aea8880ed3929be","src/test/java/org/elasticsearch/common/path/PathTrieTests.java","1","0","1","6","98","144","0"
"orientdb","9076e4945a5441e4b88d7bb3f42eefc05bf4a5ed","src/test/java/com/orientechnologies/orient/etl/transformer/OEdgeTransformerTest.java","1","0","1","6","99","151","0"
"elasticsearch","2cf66c4115646f8398d979bf2af5d9c0b06aca03","src/main/java/org/elasticsearch/client/support/AbstractClusterAdminClient.java","1","0","1","62","333","423","1"
"elasticsearch","3d23a71fa7f3664209028e1ac377fe72609ac169","src/main/java/org/elasticsearch/client/support/AbstractClusterAdminClient.java","1","0","1","63","337","428","0"
"elasticsearch","f739abe89e89e999225b6e478ba530c344e8e946","src/main/java/org/elasticsearch/client/support/AbstractClient.java","1","0","1","69","322","416","1"
"hazelcast","cb76b00ff6fd0766572c8ba66821ae772e5a6eba","hazelcast/src/test/java/com/hazelcast/query/impl/QueryEntryTest.java","1","0","1","7","102","139","1"
"elasticsearch","21e2dfb6b1d46ce3f24cb2ccc25ad4799b1db871","src/test/java/org/elasticsearch/common/xcontent/builder/XContentBuilderTests.java","1","0","1","7","108","156","0"
"orientdb","69ad5ecc3824911ac8d1bfbeab0d379043546afb","core/src/main/java/com/orientechnologies/orient/core/storage/OStorageProxy.java","1","0","1","7","11","45","0"
"elasticsearch","28b9e250536f8a554abb26b49d6a80a0d4fb4f03","src/test/java/org/elasticsearch/test/unit/index/mapper/timestamp/TimestampMappingTests.java","1","0","1","7","113","155","0"
"elasticsearch","6b39aa615e4ce2c007549e85589f9a37ebef3740","src/test/java/org/elasticsearch/index/mapper/timestamp/TimestampMappingTests.java","1","0","1","7","115","157","4"
"elasticsearch","1f5bd495edb9ec9cd2a8c4ec55b05a58ce14b278","core/src/test/java/org/elasticsearch/common/path/PathTrieTests.java","1","0","1","7","117","165","2"
"orientdb","a2eaf6636bb600c7e6d311b0bb7d112bbaafb4a0","etl/src/test/java/com/orientechnologies/orient/etl/transformer/OETLEdgeTransformerTest.java","1","0","1","7","119","178","0"
"hazelcast","f5df32aafc9524e30a5b4466bc5d3a65ef6f6310","hazelcast/src/main/java/com/hazelcast/nio/tcp/IOSelector.java","1","0","1","7","12","45","0"
"neo4j","f19f8ea27402554e82d1646d0694f30536dfc3c7","enterprise/security/src/test/java/org/neo4j/server/security/enterprise/auth/EnterpriseSecurityModuleTest.java","1","0","1","7","124","190","0"
"Android-Universal-Image-Loader","f82bf5665e11c3f59118e52aa63f7da17cc517c1","library/test/com/nostra13/universalimageloader/core/assist/ImageSizeTest.java","1","0","1","7","128","165","1"
"neo4j","87838b56dfcfb7b37ca03d26c9eedc8f1e0c38e5","community/bolt/src/main/java/org/neo4j/bolt/v1/messaging/BoltRequestMessageHandler.java","1","0","1","7","13","50","0"
"hazelcast","bb3ea0e107980d769862cdbda748cc91529d67b5","hazelcast-client-new/src/main/java/com/hazelcast/client/spi/ClientTransactionManagerService.java","1","0","1","7","14","48","0"
"Android-Universal-Image-Loader","7e71df151523f46bf412cd16b4dc377727af6534","library/test/com/nostra13/universalimageloader/core/assist/ImageSizeTest.java","1","0","1","7","140","179","0"
"hazelcast","70d4de16ff0ac4518d09aad8c9f2ad9e782fb337","hazelcast/src/main/java/com/hazelcast/map/impl/querycache/event/QueryCacheEventData.java","1","0","1","7","15","45","1"
"BroadleafCommerce","a3b56d046071ae04bde3a0799d053408cbcf621d","common/src/main/java/org/broadleafcommerce/common/util/dao/DynamicDaoHelper.java","1","0","1","7","15","48","0"
"elasticsearch","0d5f3958e7d142a7e06437f6095cd55b98d830f3","core/src/test/java/org/elasticsearch/cluster/metadata/WildcardExpressionResolverTests.java","1","0","1","7","152","202","0"
"elasticsearch","7f0115ba9ac98921d585597a4cf78bda8ec3c8d1","src/test/java/org/elasticsearch/test/integration/mlt/MoreLikeThisActionTests.java","1","0","1","7","156","232","0"
"hazelcast","d568e4d926d925d57d4e79e34614390416749301","hazelcast/src/main/java/com/hazelcast/map/impl/querycache/event/QueryCacheEventData.java","1","0","1","7","16","45","0"
"hazelcast","5d9345d0e7f6a373bf80d27b2bf94fc798934378","hazelcast-client-new/src/main/java/com/hazelcast/client/spi/ClientExecutionService.java","1","0","1","7","16","47","1"
"netty","85ab9b598209c342fac56077d476ce0d65c2f1c9","codec-http/src/main/java/io/netty/handler/codec/http/FullHttpRequest.java","1","0","1","7","17","44","0"
"elasticsearch","f2840c5ccfd87942ca17489f12ac6e3afc0bf10b","src/test/java/org/elasticsearch/mlt/MoreLikeThisActionTests.java","1","0","1","7","172","249","1"
"elasticsearch","5e4928ca9211e61d577e780d34a6d72920fc9fe8","src/test/java/org/elasticsearch/mlt/MoreLikeThisActionTests.java","1","0","1","7","176","255","0"
"elasticsearch","634ce90dc06f20888a4ff655985a6baccf25a7db","core/src/test/java/org/elasticsearch/index/query/DisableGraphQueryTests.java","1","0","1","7","185","240","0"
"elasticsearch","2f8def11b5109eb80b47422a200bf7b7e07c8467","core/src/test/java/org/elasticsearch/index/query/DisableGraphQueryTests.java","1","0","1","7","187","242","2"
"hazelcast","d070f1256c8c7fa823e6463487462826384ee1df","hazelcast/src/main/java/com/hazelcast/map/impl/nearcache/KeyStateMarker.java","1","0","1","7","20","54","0"
"elasticsearch","26bc940101437885cf6ae14590f5d8e777edb1d7","src/test/java/org/elasticsearch/search/query/SimpleQueryStringTests.java","1","0","1","7","205","270","0"
"elasticsearch","0c1c2dc671b7a6e8a65f0ac910db2bf9c34230fa","src/test/java/org/elasticsearch/search/geo/GeoShapeIntegrationTests.java","1","0","1","7","233","299","1"
"elasticsearch","0205fc7ac2ecc541590180b2d8886bff31a8bf0b","src/test/java/org/elasticsearch/index/mapper/geo/GeoShapeFieldMapperTests.java","1","0","1","7","268","359","1"
"netty","3482651e0c29edfa02f189751c704ebe4fe8f54c","codec-http2/src/main/java/io/netty/handler/codec/http2/Http2ConnectionAdapter.java","1","0","1","7","27","53","0"
"neo4j","c53aab6d4de8c83eda42c64474ec13aa7ecb25f3","community/kernel/src/main/java/org/neo4j/kernel/api/security/AccessMode.java","1","0","1","7","278","370","1"
"elasticsearch","9077bb6528f843ca8042ff95f8fac47140ef5aa1","modules/elasticsearch/src/main/java/org/elasticsearch/index/mapper/xcontent/geo/GeoPoint.java","1","0","1","7","28","62","0"
"elasticsearch","453217fd7a64c7977be19c0f934313c6a2f6d4bc","src/test/java/org/elasticsearch/index/mapper/geo/GeoShapeFieldMapperTests.java","1","0","1","7","286","385","0"
"hazelcast","410d077538e8af21fc7846a758d83cc67801da83","hazelcast/src/main/java/com/hazelcast/client/impl/client/RemoveDistributedObjectListenerRequest.java","1","0","1","7","29","58","3"
"BroadleafCommerce","8eab5e85852450205ee185cc484bebf480ca8a7c","core/broadleaf-framework/src/main/java/org/broadleafcommerce/core/search/dao/ParentCategoryByCategory.java","1","0","1","7","29","64","0"
"elasticsearch","6d9af2fff4833b464fde2c3caaf9948fc1f92460","core/src/main/java/org/elasticsearch/action/admin/indices/mapping/put/PutMappingClusterStateUpdateRequest.java","1","0","1","7","30","66","0"
"neo4j","6ae0873e303c40548b80c8463588e28bf99217aa","community/neo4j-harness/src/test/java/org/neo4j/harness/MyExtensionThatAddsAlternativeCoreAPI.java","1","0","1","7","33","65","0"
"hazelcast","2743198401f9984683493cadfc80ce2d4937ee7e","hazelcast/src/main/java/com/hazelcast/multimap/MultiMapEventFilter.java","1","0","1","7","35","67","1"
"hazelcast","05b27a3d7f9adfb832f8fb0c7927fc71c14df2b4","hazelcast/src/main/java/com/hazelcast/cache/impl/client/CacheRemoveEntryListenerRequest.java","1","0","1","7","35","68","2"
"hazelcast","05b27a3d7f9adfb832f8fb0c7927fc71c14df2b4","hazelcast/src/main/java/com/hazelcast/cache/impl/client/CacheRemoveInvalidationListenerRequest.java","1","0","1","7","35","69","2"
"netty","9c1b31d20a2a6f913802f4200e6910f32990634e","common/src/main/java/io/netty/util/internal/ConcurrentSet.java","1","0","1","7","36","66","0"
"hazelcast","066e05ebd5b8e1d08c42a5aa2c6e236b925a144d","hazelcast/src/main/java/com/hazelcast/internal/dynamicconfig/AddDynamicConfigOperationFactory.java","1","0","1","7","36","67","1"
"hazelcast","65df300ddcacf2cee04f1eee8f75731e147decbf","hazelcast/src/main/java/com/hazelcast/client/impl/client/RemoveDistributedObjectListenerRequest.java","1","0","1","7","36","67","1"
"hazelcast","ae877df50978fcfb112d6d0cab2c78f80d1ee770","hazelcast/src/main/java/com/hazelcast/client/impl/client/RemoveDistributedObjectListenerRequest.java","1","0","1","7","36","67","1"
"hazelcast","d65de8708631978b87d39db7c947a073e0963228","hazelcast/src/main/java/com/hazelcast/client/impl/client/RemoveDistributedObjectListenerRequest.java","1","0","1","7","36","67","2"
"hazelcast","264b730b6e10ae9df6f5d8727209ca007160236f","hazelcast/src/main/java/com/hazelcast/client/impl/client/RemoveDistributedObjectListenerRequest.java","1","0","1","7","36","67","0"
"elasticsearch","d99b532f0f6e2a6bbadc7421eb5960083687ec73","src/main/java/org/elasticsearch/index/fielddata/fieldcomparator/LongValuesComparator.java","1","0","1","7","36","69","0"
"netty","5416f2315e222acf8d9a36a51bcd4142a0f1c022","buffer/src/main/java/io/netty/buffer/AbstractDerivedByteBuf.java","1","0","1","7","37","68","0"
"elasticsearch","d99b532f0f6e2a6bbadc7421eb5960083687ec73","src/main/java/org/elasticsearch/index/fielddata/fieldcomparator/DoubleValuesComparator.java","1","0","1","7","37","70","0"
"hazelcast","65df300ddcacf2cee04f1eee8f75731e147decbf","hazelcast/src/main/java/com/hazelcast/collection/impl/queue/client/RemoveListenerRequest.java","1","0","1","7","39","70","1"
"hazelcast","ae877df50978fcfb112d6d0cab2c78f80d1ee770","hazelcast/src/main/java/com/hazelcast/collection/impl/queue/client/RemoveListenerRequest.java","1","0","1","7","39","70","1"
"hazelcast","d65de8708631978b87d39db7c947a073e0963228","hazelcast/src/main/java/com/hazelcast/collection/impl/queue/client/RemoveListenerRequest.java","1","0","1","7","39","70","2"
"hazelcast","264b730b6e10ae9df6f5d8727209ca007160236f","hazelcast/src/main/java/com/hazelcast/collection/impl/queue/client/RemoveListenerRequest.java","1","0","1","7","39","70","0"
"hazelcast","623ff1855aa985aa276e8395aabf0b534c7a36c3","hazelcast/src/main/java/com/hazelcast/collection/impl/queue/client/RemoveListenerRequest.java","1","0","1","7","39","70","0"
"hazelcast","3cac1d2599490db9984e94496533ba72164068c1","hazelcast/src/main/java/com/hazelcast/cache/impl/operation/CacheClearBackupOperation.java","1","0","1","7","39","71","1"
"elasticsearch","d99b532f0f6e2a6bbadc7421eb5960083687ec73","src/main/java/org/elasticsearch/index/fielddata/fieldcomparator/ShortValuesComparator.java","1","0","1","7","39","72","0"
"hazelcast","c9d117501d9d7e1014b9006bc4b711baa42e0c57","hazelcast/src/main/java/com/hazelcast/internal/dynamicconfig/AddDynamicConfigOperationFactory.java","1","0","1","7","40","71","0"
"elasticsearch","a77c68ba0efccbaa9628e371cf37ee3d156e48a3","core/src/main/java/org/elasticsearch/common/transport/BoundTransportAddress.java","1","0","1","7","40","80","1"
"hazelcast","0880710f355f33d03b8d928ec9d22a0ff4f1ca52","hazelcast/src/main/java/com/hazelcast/map/impl/nearcache/KeyStateMarker.java","1","0","1","7","40","84","2"
"elasticsearch","cf846af0e508e4626fde3b9b870118f64cc33cb9","core/src/main/java/org/elasticsearch/action/OriginalIndices.java","1","0","1","7","41","77","0"
"elasticsearch","5a64f08f048461a63a0ca1354a5050c954e63d52","test/framework/src/main/java/org/elasticsearch/index/MockEngineFactoryPlugin.java","1","0","1","7","42","72","0"
"hazelcast","ae877df50978fcfb112d6d0cab2c78f80d1ee770","hazelcast/src/main/java/com/hazelcast/replicatedmap/impl/client/ClientReplicatedMapRemoveEntryListenerRequest.java","1","0","1","7","42","75","1"
"hazelcast","d65de8708631978b87d39db7c947a073e0963228","hazelcast/src/main/java/com/hazelcast/replicatedmap/impl/client/ClientReplicatedMapRemoveEntryListenerRequest.java","1","0","1","7","42","75","2"
"hazelcast","264b730b6e10ae9df6f5d8727209ca007160236f","hazelcast/src/main/java/com/hazelcast/replicatedmap/impl/client/ClientReplicatedMapRemoveEntryListenerRequest.java","1","0","1","7","42","75","0"
"hazelcast","337ada6c765ca1ff34f8d059805cbeb9b1999053","hazelcast-client/src/main/java/com/hazelcast/client/spi/ClientContext.java","1","0","1","7","43","80","0"
"orientdb","16079d38520f313144dee6a6a97982d94402b763","core/src/main/java/com/orientechnologies/orient/core/metadata/sequence/OSequenceOrdered.java","1","0","1","7","46","66","1"
"oryx","eff199ff1f6cad1b4ff13829dfb29ff4884d4c31","app/oryx-app-serving/src/main/java/com/cloudera/oryx/app/serving/kmeans/model/KMeansServingModel.java","1","0","1","7","47","80","0"
"neo4j","fef7a2cf3f52a40593201391e259231a6461c6ef","enterprise/ha/src/main/java/org/neo4j/kernel/ha/cluster/HighAvailabilityMemberChangeEvent.java","1","0","1","7","48","85","0"
"elasticsearch","f7cd86ef6d05243a13f00dcadc77c40dc52b9ef1","modules/ingest-common/src/main/java/org/elasticsearch/ingest/common/AppendProcessor.java","1","0","1","7","48","87","0"
"elasticsearch","e1efd5f6baf8dec1c23c79b346b8a29f234a98bb","core/src/main/java/org/elasticsearch/indices/recovery/RecoveryCleanFilesRequest.java","1","0","1","7","49","85","0"
"elasticsearch","e1efd5f6baf8dec1c23c79b346b8a29f234a98bb","core/src/main/java/org/elasticsearch/indices/recovery/RecoveryTranslogOperationsRequest.java","1","0","1","7","50","85","0"
"hazelcast","59c4822d4ad5dfac4cecd11231280baa33d4aa35","hazelcast/src/main/java/com/hazelcast/topic/client/PublishRequest.java","1","0","1","7","53","88","1"
"elasticsearch","fbbb633d81d5501c42343bf493f7af24788e657b","core/src/test/java/org/elasticsearch/client/transport/TransportClientTests.java","1","0","1","7","53","92","0"
"elasticsearch","aea00a62f3825e388e07007d3c8686f93c2d3f8e","core/src/main/java/org/elasticsearch/action/support/broadcast/BroadcastRequest.java","1","0","1","7","55","93","1"
"oryx","04da21733e0224fcb0325ffe6761e51c68c1ac4c","oryx-common/src/test/java/com/cloudera/oryx/common/settings/ConfigUtilsTest.java","1","0","1","7","56","88","0"
"hazelcast","8aad5200f5667461d3959dacaa6d5d179d7b2add","hazelcast/src/main/java/com/hazelcast/client/impl/protocol/task/multimap/MultiMapUnlockMessageTask.java","1","0","1","7","56","90","0"
"hazelcast","8aad5200f5667461d3959dacaa6d5d179d7b2add","hazelcast/src/main/java/com/hazelcast/client/impl/protocol/task/multimap/MultiMapForceUnlockMessageTask.java","1","0","1","7","56","91","0"
"netty","ca44436ce6c5bf7a7b58c1842f82a4f6aa3ae2d6","codec-http/src/test/java/io/netty/handler/codec/http/HttpHeadersTest.java","1","0","1","7","58","88","0"
"elasticsearch","9c9cd01854d4343b11314d58b82c00f1de335f8a","src/main/java/org/elasticsearch/script/AbstractSearchScript.java","1","0","1","7","61","130","2"
"elasticsearch","cff544dcc2302940b93d60b1b3953e5a501c944b","src/main/java/org/elasticsearch/script/AbstractSearchScript.java","1","0","1","7","61","130","3"
"elasticsearch","7feb742a9b3e8a5bceaaf77e2767d116a858d07d","src/main/java/org/elasticsearch/script/AbstractSearchScript.java","1","0","1","7","61","130","0"
"neo4j","9a371bafe80ceb4e6cdc8502fbd22f9f8ec3d59d","enterprise/core-edge/src/main/java/org/neo4j/coreedge/raft/replication/DistributedOperation.java","1","0","1","7","63","100","1"
"neo4j","21dc057a8a68245281a22d7bdb8da5ae2103f057","enterprise/core-edge/src/main/java/org/neo4j/coreedge/raft/replication/DistributedOperation.java","1","0","1","7","64","101","0"
"elasticsearch","ba621ee32515f50d959dc27bb6662cbd7f61f7cb","src/main/java/org/elasticsearch/script/AbstractSearchScript.java","1","0","1","7","66","139","0"
"elasticsearch","d8f16178d3f21b4f9d17da12e7aa61613fc2c27a","src/test/java/org/elasticsearch/common/io/StreamsTests.java","1","0","1","7","70","106","1"
"netty","cf8f6e3e2f608f3ac35b1cdf34934bd885108dd0","codec-http/src/test/java/io/netty/handler/codec/http/HttpUtilTest.java","1","0","1","7","78","113","0"
"orientdb","efc7d4cb6fdd46d0402376cff10f61061fb29a49","core/src/test/java/com/orientechnologies/orient/core/sql/select/TestBinaryRecordsQuery.java","1","0","1","7","81","108","0"
"elasticsearch","b76c394bf30a77762f2e42f1c5bf2aef0852484d","core/src/main/java/org/elasticsearch/action/percolate/PercolateShardRequest.java","1","0","1","7","83","126","1"
"hazelcast","dc97035a08550b9d6aad859527aa7119bf82ddcb","hazelcast-client/src/test/java/com/hazelcast/client/config/XmlClientConfigBuilderTest.java","1","0","1","7","88","126","0"
"orientdb","3f8a27bc804b4ea21ecc77eac06a343ea3f931d2","core/src/test/java/com/orientechnologies/orient/core/metadata/sequence/OSequenceTest.java","1","0","1","7","89","126","0"
"hazelcast","21586825d367940e1c79cf289e97310daab1200d","hazelcast/src/test/java/com/hazelcast/query/impl/QueryEntryTest.java","1","0","1","7","95","132","1"
"orientdb","30fdb1af8292d0c3de1d0d1123f1e554fd44906b","tests/src/test/java/com/orientechnologies/orient/test/domain/schemageneration/JavaTestSchemaGeneration.java","1","0","1","70","275","374","0"
"elasticsearch","f23274523a4d957156fa48923cbf651bdeb2813f","src/main/java/org/elasticsearch/client/support/AbstractClient.java","1","0","1","70","326","421","0"
"elasticsearch","f739abe89e89e999225b6e478ba530c344e8e946","src/test/java/org/elasticsearch/test/client/RandomizingClient.java","1","0","1","77","358","463","1"
"elasticsearch","f23274523a4d957156fa48923cbf651bdeb2813f","src/test/java/org/elasticsearch/test/client/RandomizingClient.java","1","0","1","78","362","468","0"
"elasticsearch","9ee08dbb0b247afb881431df0c313024eb768747","plugins/lang-python/src/test/java/org/elasticsearch/script/python/PythonScriptEngineTests.java","1","0","1","8","100","149","1"
"antlr4","507f331bd08bc01c213822508d18bbc4ba769db4","tool/test/org/antlr/v4/test/TestParseTrees.java","1","0","1","8","112","155","1"
"elasticsearch","0e9186e1373b99e261d80317c836477b7cc31d66","plugins/discovery-file/src/test/java/org/elasticsearch/discovery/file/FileBasedUnicastHostsProviderTests.java","1","0","1","8","114","154","0"
"hazelcast","064bbda65845213d25b7318c3fa82f2be2f4eb98","hazelcast/src/test/java/com/hazelcast/query/impl/QueryEntryTest.java","1","0","1","8","116","160","0"
"elasticsearch","567c65b0d57e92cd530dafa7f55de7ba681af13e","plugins/discovery-file/src/test/java/org/elasticsearch/discovery/file/FileBasedUnicastHostsProviderTests.java","1","0","1","8","117","157","2"
"hazelcast","eaf092a780c766ec8f4b38a77402ed73b4333ab8","hazelcast/src/main/java/com/hazelcast/map/impl/MapServiceContextInterceptorSupport.java","1","0","1","8","12","26","0"
"elasticsearch","6a16a60c7e2a4d0eb9aba6b6d5d72d43dab1d7fc","modules/lang-painless/src/test/java/org/elasticsearch/painless/EqualsTests.java","1","0","1","8","125","156","0"
"elasticsearch","0814ea3200d6af6c142ad7d2fa16bce5acfa9665","plugins/discovery-file/src/test/java/org/elasticsearch/discovery/file/FileBasedUnicastHostsProviderTests.java","1","0","1","8","125","165","1"
"elasticsearch","e5fa63e6927ff3628d6bf0ae07a9790370694186","core/src/test/java/org/elasticsearch/common/path/PathTrieTests.java","1","0","1","8","127","179","3"
"hazelcast","3845f3a3400be23715370142b60c0a2ee0e0c5c2","hazelcast/src/main/java/com/hazelcast/query/impl/IndexStore.java","1","0","1","8","13","38","1"
"hazelcast","5458ddbd165b5781f5842d0d5d30b30036b4bb0d","hazelcast/src/main/java/com/hazelcast/query/impl/IndexStore.java","1","0","1","8","13","38","1"
"hazelcast","3da850bf11f1ca129bd489c040336e867c40997b","hazelcast/src/main/java/com/hazelcast/query/impl/IndexStore.java","1","0","1","8","13","38","0"
"orientdb","3fd79f333e2a5c17bcac9d2ddfe74044e2dfecdd","core/src/main/java/com/orientechnologies/common/concur/lock/OLockManager.java","1","0","1","8","13","48","0"
"elasticsearch","c2e6aa273da49ebeb247abf4c57ee0db75f7bd5b","src/test/java/org/elasticsearch/common/xcontent/builder/XContentBuilderTests.java","1","0","1","8","137","186","0"
"orientdb","16079d38520f313144dee6a6a97982d94402b763","core/src/main/java/com/orientechnologies/orient/core/metadata/sequence/OSequenceLibrary.java","1","0","1","8","14","29","1"
"hazelcast","bcf9ee598f194761dddbc03362c365bdbe1f96ab","hazelcast/src/main/java/com/hazelcast/query/impl/IndexStore.java","1","0","1","8","14","44","1"
"orientdb","e1a26bce426cc521e34d18e8994ec87673af8a38","core/src/main/java/com/orientechnologies/orient/core/serialization/serializer/record/binary/ODocumentSerializer.java","1","0","1","8","14","48","1"
"orientdb","ca587e2ff4d3eb79f5d137b04091ae1ba3995c5d","core/src/main/java/com/orientechnologies/orient/core/serialization/serializer/record/binary/ODocumentSerializer.java","1","0","1","8","14","49","0"
"orientdb","eefe33973dbf95af2f11a44f56ef4d94e9a82bf0","core/src/main/java/com/orientechnologies/orient/core/command/OCommandRequestInternal.java","1","0","1","8","14","51","1"
"BroadleafCommerce","ddfd299b3bb401101f1e7be2df799835f6a4964d","common/src/main/java/org/broadleafcommerce/common/presentation/override/PropertyType.java","1","0","1","8","147","184","1"
"BroadleafCommerce","4c0a8b2c4bddabc4e97467c8022161826c630c8c","common/src/main/java/org/broadleafcommerce/common/presentation/override/PropertyType.java","1","0","1","8","148","185","0"
"elasticsearch","8f324d50b2e4bf76df63a25b5d33320484dacba6","src/test/java/org/elasticsearch/common/xcontent/builder/XContentBuilderTests.java","1","0","1","8","155","204","1"
"elasticsearch","5668b1cfc579e5e05f2bb50d78bcdebd75da1ecb","src/test/java/org/elasticsearch/index/translog/AbstractSimpleTranslogTests.java","1","0","1","8","193","268","1"
"orientdb","1c8491508147150a28b6a3837830928990aba4f8","core/src/test/java/com/orientechnologies/orient/core/sql/OCommandExecutorSQLUpdateTest.java","1","0","1","8","199","266","0"
"elasticsearch","d4d6c3459e45e07e1b861bdb0bf4d07446cfc3c3","src/test/java/org/elasticsearch/mlt/MoreLikeThisActionTests.java","1","0","1","8","211","296","1"
"elasticsearch","b4512cd4715f62ea3a1a21db328f44d130343755","src/main/java/org/elasticsearch/index/indexing/IndexingOperationListener.java","1","0","1","8","24","61","0"
"elasticsearch","018ca58cdba9785df2f5686ca56540e89b1c6961","src/test/java/org/elasticsearch/test/unit/common/xcontent/support/XContentMapValuesTests.java","1","0","1","8","245","330","0"
"elasticsearch","7bfb1dfcc136ec2d0290d006b63e112df9c90d7e","core/src/test/java/org/elasticsearch/cluster/routing/ShardRoutingHelper.java","1","0","1","8","27","59","1"
"netty","bace371ca5c84760f0f644ba77212ec7aa9a9cc7","codec-http2/src/test/java/io/netty/handler/codec/http2/DataCompressionHttp2Test.java","1","0","1","8","294","354","1"
"hazelcast","2743198401f9984683493cadfc80ce2d4937ee7e","hazelcast/src/main/java/com/hazelcast/queue/QueueEventFilter.java","1","0","1","8","32","64","1"
"BroadleafCommerce","7ca11dd70fb89de8e023343217ec39211226cb0d","common/src/main/java/org/broadleafcommerce/common/weave/ConditionalDirectCopyTransformMemberDto.java","1","0","1","8","32","80","0"
"BroadleafCommerce","f00d993011d65c4824f0a58364a8e2c55ed60cd9","core/broadleaf-framework/src/main/java/org/broadleafcommerce/core/catalog/domain/dto/AssignedProductOptionDTO.java","1","0","1","8","33","71","0"
"hazelcast","a9371ade38c76a08c26e29996f8a29c80e5b063f","hazelcast/src/main/java/com/hazelcast/concurrent/countdownlatch/client/CountDownLatchDestroyRequest.java","1","0","1","8","35","67","1"
"hazelcast","05b27a3d7f9adfb832f8fb0c7927fc71c14df2b4","hazelcast/src/main/java/com/hazelcast/client/impl/client/RemoveDistributedObjectListenerRequest.java","1","0","1","8","36","67","2"
"hazelcast","afc28992186abaa24b0eca905d475364029eea86","hazelcast/src/main/java/com/hazelcast/concurrent/semaphore/client/SemaphoreDestroyRequest.java","1","0","1","8","36","68","0"
"hazelcast","afc28992186abaa24b0eca905d475364029eea86","hazelcast/src/main/java/com/hazelcast/executor/client/ShutdownRequest.java","1","0","1","8","36","69","0"
"hazelcast","2743198401f9984683493cadfc80ce2d4937ee7e","hazelcast/src/main/java/com/hazelcast/collection/CollectionEventFilter.java","1","0","1","8","37","69","1"
"hazelcast","5040e03ba45a8d09b3a201fad00fe7969d1cd295","hazelcast/src/main/java/com/hazelcast/config/GlobalSerializerConfig.java","1","0","1","8","38","70","0"
"hazelcast","05b27a3d7f9adfb832f8fb0c7927fc71c14df2b4","hazelcast/src/main/java/com/hazelcast/collection/impl/queue/client/RemoveListenerRequest.java","1","0","1","8","39","70","2"
"hazelcast","a9371ade38c76a08c26e29996f8a29c80e5b063f","hazelcast/src/main/java/com/hazelcast/collection/operations/client/CollectionDestroyRequest.java","1","0","1","8","39","71","1"
"hazelcast","85549e3acb34b7162c3cee3fe727ce5a9d859090","hazelcast/src/main/java/com/hazelcast/map/operation/NearCacheClearOperation.java","1","0","1","8","40","56","0"
"hazelcast","a9371ade38c76a08c26e29996f8a29c80e5b063f","hazelcast/src/main/java/com/hazelcast/concurrent/lock/client/LockDestroyRequest.java","1","0","1","8","40","72","1"
"elasticsearch","0ccf8a742df544c25edec70d1f91f2aab2028773","core/src/main/java/org/elasticsearch/common/io/stream/FilterStreamInput.java","1","0","1","8","41","77","1"
"BroadleafCommerce","67d64d2a7aec86b110e66276589cdfdeeb4ff057","core/broadleaf-framework/src/main/java/org/broadleafcommerce/core/search/service/solr/index/IndexStatusInfoImpl.java","1","0","1","8","42","76","0"
"elasticsearch","49439a09e2c1a69da0fdf034fe9dabf1cc83bf30","modules/elasticsearch/src/main/java/org/elasticsearch/index/store/StoreFileMetaData.java","1","0","1","8","42","80","0"
"orientdb","3630d8c33e4a5494e5d085504dd957898c427d13","client/src/main/java/com/orientechnologies/orient/client/remote/message/ORollbackTransactionRequest.java","1","0","1","8","43","59","0"
"hazelcast","8ca63083cbecaf83b177a08228f91efd1c6d2200","hazelcast/src/main/java/com/hazelcast/internal/management/dto/PartitionServiceBeanDTO.java","1","0","1","8","43","75","0"
"hazelcast","dd710b431238cb45633bd2788748e28a2f43f33a","hazelcast/src/main/java/com/hazelcast/internal/management/dto/PartitionServiceBeanDTO.java","1","0","1","8","43","75","0"
"hazelcast","de7b59252e36849704a7a3a2d377d7a84d74e8c0","hazelcast/src/main/java/com/hazelcast/internal/management/dto/PartitionServiceBeanDTO.java","1","0","1","8","43","75","0"
"hazelcast","205c024fa76e667f18068dba06eb6584d18cf6ab","hazelcast/src/main/java/com/hazelcast/internal/management/dto/PartitionServiceBeanDTO.java","1","0","1","8","43","75","1"
"hazelcast","48cfa13249ef266093c03e4c56d0567e12180aff","hazelcast/src/main/java/com/hazelcast/internal/management/dto/PartitionServiceBeanDTO.java","1","0","1","8","43","75","1"
"hazelcast","a9371ade38c76a08c26e29996f8a29c80e5b063f","hazelcast/src/main/java/com/hazelcast/executor/client/ShutdownRequest.java","1","0","1","8","43","76","1"
"elasticsearch","00665663575b3d42bd3beeb6b3b558ffdb9e7306","src/main/java/org/elasticsearch/indices/cache/filter/terms/TermsLookup.java","1","0","1","8","43","78","0"
"hazelcast","b2fe91c9b8394067bccfb56650dbe376b100a890","hazelcast/src/main/java/com/hazelcast/internal/management/dto/PartitionServiceBeanDTO.java","1","0","1","8","44","76","1"
"hazelcast","68a3a200050b20a56ace06c324564dba85ae2d26","hazelcast/src/main/java/com/hazelcast/internal/management/dto/PartitionServiceBeanDTO.java","1","0","1","8","44","77","1"
"hazelcast","d070f1256c8c7fa823e6463487462826384ee1df","hazelcast/src/main/java/com/hazelcast/map/impl/nearcache/invalidation/ClearNearCacheInvalidation.java","1","0","1","8","44","80","0"
"hazelcast","59c4822d4ad5dfac4cecd11231280baa33d4aa35","hazelcast/src/main/java/com/hazelcast/queue/client/TxnPollRequest.java","1","0","1","8","45","61","1"
"hazelcast","7001ec8c5b1305c796de75c2e3f170c562db8c03","hazelcast/src/main/java/com/hazelcast/map/impl/nearcache/invalidation/SingleNearCacheInvalidation.java","1","0","1","8","46","79","0"
"elasticsearch","cb5c25ab4fb78c0da392726566ee3d74924454c5","core/src/main/java/org/elasticsearch/common/io/stream/FilterStreamInput.java","1","0","1","8","46","83","0"
"hazelcast","c4feb143e90da0ac828ba9077c83e15a9d4fb4cd","hazelcast/src/main/java/com/hazelcast/cache/impl/client/AbstractCacheRequest.java","1","0","1","8","47","80","1"
"elasticsearch","d84c643f5880a88d2e5c38b487123161f3e01fe0","core/src/main/java/org/elasticsearch/index/mapper/CustomDocValuesField.java","1","0","1","8","47","82","0"
"hazelcast","5761278217ecc188118a812af46908ed3d531d4d","hazelcast-client/src/main/java/com/hazelcast/client/spi/ClientContext.java","1","0","1","8","47","85","2"
"hazelcast","cfb0b95ecb4fbce016be038f5e9f7c8e0fe9eb8e","hazelcast-client/src/main/java/com/hazelcast/client/spi/ClientContext.java","1","0","1","8","47","86","0"
"hazelcast","85549e3acb34b7162c3cee3fe727ce5a9d859090","hazelcast/src/main/java/com/hazelcast/map/operation/NearCacheKeysetInvalidationOperation.java","1","0","1","8","48","64","0"
"hazelcast","23c8fa6ea06ea514d0009b6cb37f8af245bef892","hazelcast/src/main/java/com/hazelcast/cache/impl/client/AbstractCacheRequest.java","1","0","1","8","50","84","0"
"hazelcast","59c4822d4ad5dfac4cecd11231280baa33d4aa35","hazelcast/src/main/java/com/hazelcast/queue/client/TxnOfferRequest.java","1","0","1","8","51","83","1"
"elasticsearch","1d00fe31293ec7e6f7aeb6e067a26c3de1544ad3","core/src/main/java/org/elasticsearch/cluster/routing/allocation/allocator/ShardsAllocators.java","1","0","1","8","51","87","1"
"hazelcast","565257f977407eb3a0199d082860209c2958f5f9","hazelcast/src/main/java/com/hazelcast/mapreduce/impl/task/TransferableJobProcessInformation.java","1","0","1","8","53","92","1"
"hazelcast","2ec1ac176612eecd2d4c4282286a83e1dba0c42d","hazelcast-client/src/main/java/com/hazelcast/client/spi/impl/ClientExecutionServiceImpl.java","1","0","1","8","54","86","1"
"hazelcast","b0c7338849694eb76a8f99d719901e14ea209fd1","hazelcast-client/src/main/java/com/hazelcast/client/spi/impl/ClientExecutionServiceImpl.java","1","0","1","8","54","88","0"
"elasticsearch","7feb742a9b3e8a5bceaaf77e2767d116a858d07d","src/main/java/org/elasticsearch/search/lookup/SearchLookup.java","1","0","1","8","54","93","0"
"hazelcast","564167c1f93b32ce742411106e9ae67eae88a801","hazelcast/src/main/java/com/hazelcast/mapreduce/impl/task/TransferableJobProcessInformation.java","1","0","1","8","55","94","0"
"elasticsearch","1863ab95f862294db7d105717656bd6452eef9d9","core/src/main/java/org/elasticsearch/action/support/nodes/BaseNodesRequest.java","1","0","1","8","55","95","1"
"hazelcast","f4c33973f2e5f804f6743683b11c8a43922bfc7e","hazelcast/src/main/java/com/hazelcast/internal/cluster/impl/SplitBrainJoinMessage.java","1","0","1","8","56","89","1"
"elasticsearch","f739abe89e89e999225b6e478ba530c344e8e946","src/main/java/org/elasticsearch/action/bench/AbortBenchmarkNodeResponse.java","1","0","1","8","56","92","1"
"hazelcast","39091ff574efe84ae6a3d772a1b7cfce80f4f2e0","hazelcast/src/main/java/com/hazelcast/topic/client/PublishRequest.java","1","0","1","8","57","93","0"
"elasticsearch","41a2375c9e609395e21522ee79202645ed2a0af4","core/src/main/java/org/elasticsearch/action/support/broadcast/BroadcastRequest.java","1","0","1","8","57","95","0"
"netty","53fcff2eab7836bcf2be262e1fd12712117c4797","buffer/src/test/java/io/netty/buffer/SlicedByteBufTest.java","1","0","1","8","58","92","0"
"hazelcast","0287d390022e68e3c252acac8db8e0dfc15ecbea","hazelcast/src/main/java/com/hazelcast/collection/impl/txnqueue/QueueTransactionLogRecord.java","1","0","1","8","60","92","1"
"neo4j","79f734ee16280d98683cdaf45328c1ad3f14b74a","community/lucene-index/src/main/java/org/neo4j/kernel/api/impl/labelscan/LuceneLabelScanStoreExtension.java","1","0","1","8","62","102","0"
"hazelcast","0e9329ffb97224ae57b509d4ecfce62647b62bf8","hazelcast/src/main/java/com/hazelcast/cache/impl/operation/CacheCreateConfigOperation.java","1","0","1","8","62","107","2"
"neo4j","62fc9ea98290c169ca6c7edd64779786e8d365a5","community/lucene-index/src/main/java/org/neo4j/kernel/api/impl/labelscan/LuceneLabelScanStoreExtension.java","1","0","1","8","63","103","1"
"hazelcast","c9228490cc7281e74ebad67f302dba195240b495","hazelcast/src/main/java/com/hazelcast/cache/impl/operation/CacheCreateConfigOperation.java","1","0","1","8","63","108","2"
"hazelcast","0b7059f334d11471ccf84009e6f2deefad9a0e49","hazelcast/src/main/java/com/hazelcast/executor/client/PartitionCallableRequest.java","1","0","1","8","67","101","0"
"hazelcast","86b064ba3f1e467e74e95d6da24b03122065ce36","hazelcast/src/main/java/com/hazelcast/internal/networking/spinning/SpinningIOThreadingModel.java","1","0","1","8","69","112","2"
"oryx","d16f89b25fc5e12f94af6432274c66e0394c1743","framework/oryx-common/src/test/java/com/cloudera/oryx/common/settings/ConfigUtilsTest.java","1","0","1","8","70","103","0"
"orientdb","d59e47612a51e132c8452d80410acaa016f63457","core/src/test/java/com/orientechnologies/orient/core/sql/method/misc/OSQLMethodAsListTest.java","1","0","1","8","70","113","0"
"orientdb","99a07688bdc3979e788f469cae7c5d9bd2fa9709","lucene/src/test/java/com/orientechnologies/lucene/test/LuceneMultiFieldTest.java","1","0","1","8","72","134","0"
"elasticsearch","f3c8068ba69142aafa0a5753aa9d897c95aadc8c","core/src/main/java/org/elasticsearch/ingest/PipelineConfiguration.java","1","0","1","8","73","120","0"
"elasticsearch","b0567d7c1894306690fb3aea8b8b2ebc07f9f441","src/test/java/org/elasticsearch/index/mapper/attachment/test/MapperTestUtils.java","1","0","1","8","74","112","0"
"orientdb","d59e47612a51e132c8452d80410acaa016f63457","core/src/test/java/com/orientechnologies/orient/core/sql/method/misc/OSQLMethodAsSetTest.java","1","0","1","8","76","121","0"
"hazelcast","1c090ad87906d51892a32c2aa0a32d34002298ec","hazelcast/src/test/java/com/hazelcast/transaction/impl/TransactionContextImpl_backupLogsTest.java","1","0","1","8","78","102","1"
"hazelcast","81fe86abd4deed08faf6e617c5d73c2b7d4b5391","hazelcast/src/test/java/com/hazelcast/transaction/impl/TransactionContextImpl_backupLogsTest.java","1","0","1","8","78","102","2"
"hazelcast","96b3e74683151e521f9c40b0901f6fdf72e32ae3","hazelcast/src/test/java/com/hazelcast/transaction/impl/TransactionContextImpl_backupLogsTest.java","1","0","1","8","78","102","2"
"hazelcast","8fac2ea6e17e60e7e680a7e692bac64ccb51f850","hazelcast/src/test/java/com/hazelcast/transaction/impl/TransactionContextImpl_backupLogsTest.java","1","0","1","8","78","102","0"
"hazelcast","2475bbf60216363d3022a2ace31d1d24a39a2183","hazelcast/src/main/java/com/hazelcast/cache/impl/CacheEventContextUtil.java","1","0","1","8","78","110","1"
"hazelcast","d3cbff0d7e617a66083ec64627708734262e3757","hazelcast/src/main/java/com/hazelcast/cache/impl/CacheEventContextUtil.java","1","0","1","8","78","110","1"
"hazelcast","0397d6e2c44ad20946cf32ae695b8bead6819d21","hazelcast/src/main/java/com/hazelcast/cache/impl/CacheEventContextUtil.java","1","0","1","8","78","110","0"
"orientdb","5499f443102cace2dfa66d6bb93b5715bc0a6393","lucene/src/test/java/com/orientechnologies/lucene/test/LuceneMultiFieldTest.java","1","0","1","8","78","139","0"
"BroadleafCommerce","7376850c4d56ad3542c06865d9f2573b0919d13f","admin/broadleaf-contentmanagement-module/src/main/java/org/broadleafcommerce/cms/field/domain/FieldGroupImpl.java","1","0","1","8","79","118","1"
"elasticsearch","1f04182b8164ffb19f3805c48d67f0375262b317","core/src/main/java/org/elasticsearch/action/percolate/PercolateShardRequest.java","1","0","1","8","91","135","0"
"elasticsearch","7d59fd6ea0d8c88024809c242895e879da7007f1","core/src/main/java/org/elasticsearch/action/percolate/PercolateShardRequest.java","1","0","1","8","91","135","0"
"elasticsearch","5cdbe60f6b66dee44457e86bc8af971d2a9ea4d8","core/src/main/java/org/elasticsearch/action/percolate/PercolateShardRequest.java","1","0","1","8","91","135","1"
"orientdb","d379ae76063a5910ad7c709b45201bae3ec93289","server/src/test/java/com/orientechnologies/orient/server/OClientConnectionTest.java","1","0","1","8","92","118","1"
"orientdb","16079d38520f313144dee6a6a97982d94402b763","core/src/test/java/com/orientechnologies/orient/core/metadata/sequence/OSequenceTest.java","1","0","1","8","97","137","1"
"orientdb","0fc58500e975f744c7028d4033a789c947e7bb8b","server/src/test/java/com/orientechnologies/orient/server/OClientConnectionTest.java","1","0","1","8","98","126","0"
"elasticsearch","5337686d8d39568f94b0b976bd9098af69214302","plugins/lang-python/src/test/java/org/elasticsearch/script/python/PythonScriptEngineTests.java","1","0","1","8","98","146","0"
"elasticsearch","2fb0466f669b030dfdd3cf0f876f4f4a98560781","core/src/test/java/org/elasticsearch/common/logging/DeprecationLoggerTests.java","1","0","1","8","98","162","1"
"orientdb","d8acc2f527fc1084fd9e6cf9e31ff073b7c44f68","core/src/main/java/com/orientechnologies/orient/core/metadata/schema/OClassAbstractDelegate.java","1","0","1","80","351","458","1"
"orientdb","b2da48e3afbf13d261e339a76b8f2ad78837ff2e","core/src/main/java/com/orientechnologies/orient/core/metadata/schema/OClassAbstractDelegate.java","1","0","1","81","355","463","0"
"elasticsearch","25c3e898fd51f6ab40ef0e46739b49a14d57252d","plugins/lang/javascript/src/test/java/org/elasticsearch/script/javascript/JavaScriptScriptEngineTests.java","1","0","1","9","100","148","1"
"hazelcast","04e8060c418f7e89d3809511d356b4f8e604e471","hazelcast/src/main/java/com/hazelcast/map/impl/MapServiceContextInterceptorSupport.java","1","0","1","9","13","28","1"
"hazelcast","82108ffbb83390896370f198724514dd859cf942","hazelcast/src/main/java/com/hazelcast/map/impl/MapServiceContextInterceptorSupport.java","1","0","1","9","13","44","2"
"orientdb","b8a1976f0aa1c197fbbd5d189e6495c321cf3e61","server/src/test/java/com/orientechnologies/orient/server/network/http/HttpDocumentTest.java","1","0","1","9","130","171","1"
"orientdb","02ac677170df8ac7ea44599b30aba0788cf53d00","server/src/test/java/com/orientechnologies/orient/server/network/http/HttpDocumentTest.java","1","0","1","9","131","172","0"
"orientdb","14525789a539adda2b27ea09354da307166612f9","server/src/test/java/com/orientechnologies/orient/server/tx/RemoteTransactionSupportTest.java","1","0","1","9","136","179","0"
"hazelcast","6fa5ee1ea9925bb0601d3c883aea79514fae4cf8","hazelcast/src/main/java/com/hazelcast/query/impl/IndexStore.java","1","0","1","9","14","39","0"
"hazelcast","267657223110ee9fc436f5496e078547d29c6e4c","hazelcast/src/main/java/com/hazelcast/query/impl/Index.java","1","0","1","9","14","45","1"
"hazelcast","bef9eaaee45912483a17edfa9bf8c70c0d515419","hazelcast/src/main/java/com/hazelcast/query/impl/IndexStore.java","1","0","1","9","15","40","0"
"hazelcast","df854a031b2fa3d314e6764d1aaa76c84eeb877f","hazelcast/src/main/java/com/hazelcast/query/impl/IndexStore.java","1","0","1","9","15","40","0"
"hazelcast","96d2da68ad978e12b54a44bff7c351ada8a01ea7","hazelcast/src/main/java/com/hazelcast/query/impl/IndexStore.java","1","0","1","9","15","40","2"
"hazelcast","9144e8128c3d271554f7230ee32e4d2e102fe811","hazelcast/src/main/java/com/hazelcast/query/impl/Index.java","1","0","1","9","15","46","0"
"orientdb","731545a32e96d61ede50300ab6b8dd1166de7431","core/src/main/java/com/orientechnologies/orient/core/storage/cache/local/twoq/LRUList.java","1","0","1","9","15","50","0"
"BroadleafCommerce","fda59958ccdbbd3e29c49373e40be2a6fd8dc1b8","admin/broadleaf-open-admin-platform/src/main/java/org/broadleafcommerce/openadmin/server/security/dao/AdminPermissionDao.java","1","0","1","9","16","46","0"
"elasticsearch","ebd95b7eb80cb89dfc4c9567a00cca715f4e999b","modules/elasticsearch/src/main/java/org/elasticsearch/index/cache/filter/FilterCache.java","1","0","1","9","16","50","0"
"hazelcast","490031a220076fe6cf002b209e986e2edbad57b9","hazelcast-client/src/main/java/com/hazelcast/client/spi/ClientExecutionService.java","1","0","1","9","17","50","1"
"hazelcast","a1304b28474affba4112e799770a0b9dae6c71b6","hazelcast-client/src/main/java/com/hazelcast/client/spi/ClientInvocationService.java","1","0","1","9","18","51","1"
"orientdb","1588c28b4906c47b12518029d176da10704b37e9","server/src/test/java/com/orientechnologies/orient/server/OConnetionExecutorTransactionTest.java","1","0","1","9","180","244","1"
"hazelcast","6b223843764561784a75cfd0f2d6cd6f87dafe41","hazelcast/src/test/java/com/hazelcast/spi/impl/operationservice/impl/IsStillRunningServiceTest.java","1","0","1","9","205","263","1"
"hazelcast","278ac0517623b1549a66b78f29c200f32665bb70","hazelcast/src/test/java/com/hazelcast/spi/impl/operationservice/impl/IsStillRunningServiceTest.java","1","0","1","9","206","263","2"
"elasticsearch","3b5c133c7143e6ff09e947d30ea2222af18556f0","modules/elasticsearch/src/main/java/org/elasticsearch/index/cache/filter/FilterCache.java","1","0","1","9","22","56","0"
"elasticsearch","99eae50f9c23bfe73a7a52273dab06fb196b1e10","src/test/java/org/elasticsearch/common/xcontent/support/XContentMapValuesTests.java","1","0","1","9","280","372","1"
"elasticsearch","4decc72da6abc426b97789ad149b31eef9aad583","core/src/test/java/org/elasticsearch/cluster/routing/ShardRoutingHelper.java","1","0","1","9","31","64","0"
"elasticsearch","3b5c133c7143e6ff09e947d30ea2222af18556f0","modules/elasticsearch/src/main/java/org/elasticsearch/index/cache/filter/none/NoneFilterCache.java","1","0","1","9","36","72","0"
"hazelcast","70d4de16ff0ac4518d09aad8c9f2ad9e782fb337","hazelcast/src/main/java/com/hazelcast/cache/impl/nearcache/NearCacheContext.java","1","0","1","9","38","73","1"
"hazelcast","d3a28ed59cab8ac001b146e633b1d94070f37563","hazelcast-spring/src/test/java/com/hazelcast/spring/cache/CacheMapLoader.java","1","0","1","9","39","72","0"
"hazelcast","8bcd9cddcc137baa81fb4fd521dd0b27b103808f","hazelcast-spring/src/test/java/com/hazelcast/spring/cache/CacheMapLoader.java","1","0","1","9","39","76","0"
"hazelcast","237ded5a5370be91f04df1fc1208e3a4d8727ba1","hazelcast/src/test/java/com/hazelcast/internal/serialization/impl/TestSerializerHook.java","1","0","1","9","40","57","0"
"hazelcast","05b27a3d7f9adfb832f8fb0c7927fc71c14df2b4","hazelcast/src/main/java/com/hazelcast/replicatedmap/impl/client/ClientReplicatedMapRemoveEntryListenerRequest.java","1","0","1","9","47","80","2"
"hazelcast","623ff1855aa985aa276e8395aabf0b534c7a36c3","hazelcast/src/main/java/com/hazelcast/cache/impl/client/CacheRemoveEntryListenerRequest.java","1","0","1","9","48","84","0"
"elasticsearch","24591b3c70d42314f17ee38a3a267f2c80544705","src/main/java/org/elasticsearch/indices/cache/filter/terms/TermsLookup.java","1","0","1","9","48","84","0"
"hazelcast","65df300ddcacf2cee04f1eee8f75731e147decbf","hazelcast/src/main/java/com/hazelcast/cache/impl/client/CacheRemoveEntryListenerRequest.java","1","0","1","9","48","84","1"
"hazelcast","39091ff574efe84ae6a3d772a1b7cfce80f4f2e0","hazelcast/src/main/java/com/hazelcast/queue/client/TxnPollRequest.java","1","0","1","9","49","66","0"
"hazelcast","490031a220076fe6cf002b209e986e2edbad57b9","hazelcast-client/src/main/java/com/hazelcast/client/spi/ClientContext.java","1","0","1","9","50","89","1"
"BroadleafCommerce","77879457fa96cb9ce4384309d6bea14163b2de5b","core/broadleaf-framework/src/main/java/org/broadleafcommerce/core/search/service/solr/index/AbstractSolrIndexServiceExtensionHandler.java","1","0","1","9","51","92","1"
"BroadleafCommerce","64ee9c754b4adff1e55416fdd70d45b35f42d991","core/broadleaf-framework/src/main/java/org/broadleafcommerce/core/search/service/solr/index/AbstractSolrIndexServiceExtensionHandler.java","1","0","1","9","52","93","0"
"hazelcast","d070f1256c8c7fa823e6463487462826384ee1df","hazelcast/src/main/java/com/hazelcast/map/impl/nearcache/invalidation/SingleNearCacheInvalidation.java","1","0","1","9","53","90","0"
"elasticsearch","6f1ed8a3d1f55b7c2be0ee6deb1aee281a1858f5","modules/transport-netty4/src/main/java/org/elasticsearch/http/netty4/pipelining/HttpPipelinedRequest.java","1","0","1","9","53","92","1"
"hazelcast","39091ff574efe84ae6a3d772a1b7cfce80f4f2e0","hazelcast/src/main/java/com/hazelcast/queue/client/TxnOfferRequest.java","1","0","1","9","55","88","0"
"BroadleafCommerce","ed6a63e4bf74b8b8876dc0f94d9d692b5645e5f9","admin/broadleaf-open-admin-platform/src/main/java/org/broadleafcommerce/openadmin/server/service/persistence/module/provider/request/AddSearchMappingRequest.java","1","0","1","9","55","93","0"
"BroadleafCommerce","58d8258a56593bc913efa9aa60d0ca5f8f173bd8","core/broadleaf-framework/src/main/java/org/broadleafcommerce/core/offer/service/AbstractOfferServiceExtensionHandler.java","1","0","1","9","56","93","0"
"elasticsearch","f23274523a4d957156fa48923cbf651bdeb2813f","src/main/java/org/elasticsearch/action/bench/AbortBenchmarkNodeResponse.java","1","0","1","9","57","94","0"
"elasticsearch","9c9cd01854d4343b11314d58b82c00f1de335f8a","src/main/java/org/elasticsearch/search/lookup/SearchLookup.java","1","0","1","9","57","97","2"
"hazelcast","f7dcfaa1c2c8ea6e17860cfcf862f0f141bf3a74","hazelcast/src/main/java/com/hazelcast/replicatedmap/impl/client/ReplicatedMapPortableEntryEvent.java","1","0","1","9","62","97","1"
"elasticsearch","2e445d3ede953c90e4e1ce69e5f53192115b9dd7","core/src/main/java/org/elasticsearch/index/fielddata/ordinals/GlobalOrdinalsIndexFieldData.java","1","0","1","9","64","102","1"
"elasticsearch","5828796848674b656807406947f050626035845a","core/src/main/java/org/elasticsearch/index/fielddata/ordinals/GlobalOrdinalsIndexFieldData.java","1","0","1","9","65","103","0"
"oryx","eb08674e77479787fa9288f2c824e48af8539ff2","oryx-common/src/test/java/com/cloudera/oryx/common/text/TextUtilsTest.java","1","0","1","9","72","106","0"
"netty","d2389a9339b72e12bdab20f11f745df01b190e8a","codec-http2/src/test/java/io/netty/handler/codec/http2/Http2SettingsTest.java","1","0","1","9","75","108","0"
"hazelcast","37da3959df4151b304b211df87a6b900c0169cc5","hazelcast/src/main/java/com/hazelcast/cache/impl/client/CacheCreateConfigRequest.java","1","0","1","9","75","112","1"
"hazelcast","3af9c0792b640c4eb629a23025e5218871effc3c","hazelcast/src/main/java/com/hazelcast/cache/impl/client/CacheCreateConfigRequest.java","1","0","1","9","75","112","1"
"hazelcast","b20667d97929fe1237b2d14d06fdea389e2c9801","hazelcast/src/main/java/com/hazelcast/cache/impl/client/CacheCreateConfigRequest.java","1","0","1","9","75","112","3"
"hazelcast","b5587fca72e7102593fe121c2de81ca077ccaeec","hazelcast/src/main/java/com/hazelcast/cache/impl/client/CacheCreateConfigRequest.java","1","0","1","9","75","112","1"
"hazelcast","d77815a9fe81deb85738cc818f85fd1134cf1b3e","hazelcast/src/main/java/com/hazelcast/cache/impl/client/CacheCreateConfigRequest.java","1","0","1","9","75","112","1"
"hazelcast","31b746bc11a9f8f1787e58c7f4139784dfb5c404","hazelcast/src/main/java/com/hazelcast/cache/impl/client/CacheCreateConfigRequest.java","1","0","1","9","75","112","0"
"orientdb","1c51439255e290d19e7dcf437c78bc133b786f97","lucene/src/test/java/com/orientechnologies/lucene/test/LuceneMultiFieldTest.java","1","0","1","9","78","136","0"
"hazelcast","5795f0a797e1e06f1f72a62393f7fec1e112039d","hazelcast/src/main/java/com/hazelcast/cache/impl/client/CacheCreateConfigRequest.java","1","0","1","9","80","117","3"
"elasticsearch","67394aad81b1a8d4c87d3d164a7a1230a25772e6","src/main/java/org/elasticsearch/common/logging/slf4j/Slf4jESLogger.java","1","0","1","9","81","128","1"
"elasticsearch","e1efd5f6baf8dec1c23c79b346b8a29f234a98bb","core/src/main/java/org/elasticsearch/action/percolate/PercolateShardRequest.java","1","0","1","9","91","135","0"
"oryx","7f8f3cdde532d5bd1f8f41ab31e10719ed4ab984","oryx-common/src/test/java/com/cloudera/oryx/common/text/TextUtilsTest.java","1","0","1","9","96","131","0"
"antlr4","56c053a5be93c86fa81da24f8e6868d0d18830d6","tool/test/org/antlr/v4/test/TestActionTranslation.java","1","0","1","91","325","411","1"
"elasticsearch","98640310c2adff8f8d164590faf019193201c747","src/main/java/org/elasticsearch/search/internal/FilteredSearchContext.java","1","0","1","97","435","561","1"
"elasticsearch","41fd4d87223a2be57524d3df55639d8df118ce85","src/main/java/org/elasticsearch/search/internal/FilteredSearchContext.java","1","0","1","98","440","566","1"
"elasticsearch","add433944676594b5696bc949e3e8eea38cf037d","src/main/java/org/elasticsearch/search/internal/FilteredSearchContext.java","1","0","1","98","440","567","0"
"hazelcast","70d4de16ff0ac4518d09aad8c9f2ad9e782fb337","hazelcast/src/main/java/com/hazelcast/nio/serialization/Data.java","1","0","10","0","12","96","1"
"hazelcast","d568e4d926d925d57d4e79e34614390416749301","hazelcast/src/main/java/com/hazelcast/nio/serialization/Data.java","1","0","10","0","13","100","0"
"hazelcast","ac2dda4566638398a14318604f960e2afce7d3ca","hazelcast/src/main/java/com/hazelcast/core/PartitionService.java","1","0","10","0","14","127","1"
"hazelcast","2c84640858569786577afc9fb091d5b1e7e73b8b","hazelcast/src/main/java/com/hazelcast/core/PartitionService.java","1","0","10","0","14","128","0"
"netty","c22f1aa4acad4234623c31121f33b2b2f3afffc5","codec-http2/src/main/java/io/netty/handler/codec/http2/StreamByteDistributor.java","1","0","10","0","14","96","2"
"netty","9ac430f16fec1d3b0d0e433b953c0197d70dff10","codec-http2/src/main/java/io/netty/handler/codec/http2/StreamByteDistributor.java","1","0","10","0","14","99","0"
"elasticsearch","557d2b1eef04d18a0bb511efc98b0032d83c87a6","plugins/analysis-icu/src/test/java/org/elasticsearch/index/analysis/SimpleIcuCollationTokenFilterTests.java","1","0","10","0","151","245","1"
"netty","6e5b25733f49d2ea843a89b4d547b856142212ec","codec-http2/src/main/java/io/netty/handler/codec/http2/StreamByteDistributor.java","1","0","10","0","16","102","1"
"hazelcast","48e063d10ffc125be470385de0a2316dacd9c942","hazelcast/src/main/java/com/hazelcast/scheduledexecutor/ScheduledTaskStatistics.java","1","0","10","0","16","90","1"
"hazelcast","324c12ca123c52820e6a271c2095649a57a9844f","hazelcast/src/main/java/com/hazelcast/client/ClientEndpointManager.java","1","0","10","0","17","116","2"
"elasticsearch","518488b0b299ba26d3ad9503c5ef88ff287709a2","modules/elasticsearch/src/main/java/org/elasticsearch/cluster/ClusterService.java","1","0","10","0","18","82","0"
"netty","3a4d64bb8404f59861acddec954b4ed3aa02f97b","codec-http/src/main/java/io/netty/handler/codec/http/multipart/HttpDataFactory.java","1","0","10","0","18","86","1"
"BroadleafCommerce","8eab5e85852450205ee185cc484bebf480ca8a7c","core/broadleaf-framework/src/main/java/org/broadleafcommerce/core/search/service/solr/SolrIndexService.java","1","0","10","0","21","132","0"
"BroadleafCommerce","cd4dba4517e56b14042e5ed1567e933ca3904efd","core/broadleaf-framework/src/main/java/org/broadleafcommerce/core/inventory/service/ContextualInventoryService.java","1","0","10","0","22","141","0"
"elasticsearch","e40b2d5dd7e59dc3011a2a7f652ca3554d31cd19","core/src/main/java/org/elasticsearch/index/indexing/IndexingOperationListener.java","1","0","10","0","25","100","1"
"BroadleafCommerce","7467f1200927011c61223df68edb5cfddfc107e7","core/broadleaf-framework/src/main/java/org/broadleafcommerce/core/search/service/SearchService.java","1","0","10","0","26","143","0"
"netty","2fd42cfc6b32dacb812c6f2ecef8522cd94718d4","codec-http2/src/main/java/io/netty/handler/codec/http2/Http2HeadersEncoder.java","1","0","10","0","29","110","0"
"elasticsearch","026bf2e3ee1ee5c188e57839d9e902962158138b","modules/lang-painless/src/main/java/org/elasticsearch/painless/FeatureTest.java","1","0","10","0","33","74","1"
"hazelcast","cb32444b6c11c96e4656a9a7e8b35e99418829f9","hazelcast/src/main/java/com/hazelcast/wan/WanReplicationService.java","1","0","10","1","20","114","0"
"elasticsearch","49bdd29f91eb3568a8bac28e043f422a208104d1","core/src/main/java/org/elasticsearch/common/xcontent/XContent.java","1","0","10","1","22","92","1"
"elasticsearch","30cc33e2e542810a9c893297cdc79c0ab8ea3bdb","modules/lang-painless/src/main/java/org/elasticsearch/painless/FeatureTest.java","1","0","10","1","36","79","0"
"orientdb","eda978aeda4e2d46618285fcb1d73642a30164c2","core/src/main/java/com/orientechnologies/orient/core/index/OIndexInternal.java","1","0","10","10","36","192","1"
"antlr4","ae1bc4cafe55f8397f949d96e4e102fdaa7cf77d","runtime-testsuite/test/org/antlr/v4/test/runtime/descriptors/LeftRecursionDescriptors.java","1","0","10","108","553","1146","0"
"hazelcast","729d582228ee7941ac6cb770da6f0ffb05770a8a","hazelcast/src/main/java/com/hazelcast/client/ClientEndpoint.java","1","0","10","12","34","123","1"
"antlr4","6de95c15e73d7bb092b1519405cd0f1859e63e8b","tool/test/org/antlr/v4/test/TestSemPredEvalParser.java","1","0","10","14","453","598","1"
"antlr4","3e054df98b9e8f0e154e0a1b886c7947e5c00e88","tool/test/org/antlr/v4/test/TestToolSyntaxErrors.java","1","0","10","16","315","455","2"
"BroadleafCommerce","63aa5cc40c50ecfd1ce037cf6578891c2cf95618","admin/broadleaf-open-admin-platform/src/main/java/org/broadleafcommerce/openadmin/server/security/service/AdminSecurityService.java","1","0","10","17","40","138","1"
"BroadleafCommerce","0b82dddef8d8a719cf608eae326d394cb23b6218","core/broadleaf-framework/src/main/java/org/broadleafcommerce/core/offer/service/OfferService.java","1","0","10","17","43","151","2"
"elasticsearch","2c274e59d574a6c47710d4001478ddf3fd173def","src/main/java/org/elasticsearch/index/indexing/IndexingOperationListener.java","1","0","10","2","30","109","0"
"hazelcast","ac2dda4566638398a14318604f960e2afce7d3ca","hazelcast/src/main/java/com/hazelcast/partition/InternalPartitionService.java","1","0","10","21","46","166","1"
"hazelcast","2c84640858569786577afc9fb091d5b1e7e73b8b","hazelcast/src/main/java/com/hazelcast/partition/InternalPartitionService.java","1","0","10","22","47","168","0"
"orientdb","cc0a317b054f936099eb2628cc720148b99d219a","core/src/main/java/com/orientechnologies/orient/core/storage/cache/OWriteCache.java","1","0","10","32","55","198","0"
"BroadleafCommerce","a2c4f2505ace4aa0175753c7b77c5e834b79456f","core/broadleaf-framework/src/main/java/org/broadleafcommerce/core/catalog/service/CatalogService.java","1","0","10","32","58","201","1"
"BroadleafCommerce","711192d5e7efe6d787e38f9b7450cf8d77b2b944","core/broadleaf-framework/src/main/java/org/broadleafcommerce/core/catalog/service/CatalogService.java","1","0","10","33","59","203","1"
"elasticsearch","f735baf306571ec9949514a14828f18058972044","src/main/java/org/elasticsearch/action/admin/indices/optimize/OptimizeRequest.java","1","0","10","5","74","158","0"
"netty","3e5dcb5f3efbb26d5e6cf4cd229b03c285d62462","transport/src/main/java/io/netty/channel/socket/ServerSocketChannelConfig.java","1","0","10","8","40","128","0"
"BroadleafCommerce","0b82dddef8d8a719cf608eae326d394cb23b6218","core/broadleaf-framework/src/main/java/org/broadleafcommerce/core/offer/domain/OfferAudit.java","1","0","11","0","15","91","2"
"elasticsearch","e00366ba950dd73964d2a5a68ab4b1dfe2c6331f","plugins/analysis-icu/src/test/java/org/elasticsearch/index/analysis/SimpleIcuCollationTokenFilterTests.java","1","0","11","0","160","258","0"
"netty","3482651e0c29edfa02f189751c704ebe4fe8f54c","codec-http2/src/main/java/io/netty/handler/codec/http2/StreamByteDistributor.java","1","0","11","0","17","113","0"
"hazelcast","2b9bb4fc17af10b2e6c19753155c0c0aeff8ce05","hazelcast-client-new/src/main/java/com/hazelcast/client/spi/ClientClusterService.java","1","0","11","0","18","101","0"
"hazelcast","c283f04cab711308ed3018d4e448e35b9061e0d2","hazelcast-client-new/src/main/java/com/hazelcast/client/spi/ClientClusterService.java","1","0","11","0","18","101","0"
"hazelcast","c942da1755b0c0fa5275412cf96596dd88d92151","hazelcast-client-new/src/main/java/com/hazelcast/client/spi/ClientClusterService.java","1","0","11","0","18","101","0"
"hazelcast","5fe534734d912f88bed5098f3b36f3e2872c8319","hazelcast-client-new/src/main/java/com/hazelcast/client/spi/ClientClusterService.java","1","0","11","0","18","101","1"
"hazelcast","eed2a8c40d592a8e99645faac48f99069eaeaab2","hazelcast-client-new/src/main/java/com/hazelcast/client/spi/ClientClusterService.java","1","0","11","0","18","101","1"
"neo4j","cc70fd2dec3bdb31ecd79c7e164b1b11b85a77c2","community/neo4j-harness/src/main/java/org/neo4j/harness/TestServerBuilder.java","1","0","11","0","19","119","1"
"netty","caa15050204c9757f2a3e34511cf1d9d8447cd9c","codec-http/src/main/java/io/netty/handler/codec/http/multipart/HttpDataFactory.java","1","0","11","0","19","94","0"
"elasticsearch","d8f16178d3f21b4f9d17da12e7aa61613fc2c27a","src/main/java/org/elasticsearch/repositories/Repository.java","1","0","11","0","21","134","1"
"netty","eb23c9d27c84ab7cf2c33f28d2b761673a41b435","transport/src/main/java/io/netty/channel/socket/SctpChannel.java","1","0","11","0","22","103","0"
"elasticsearch","a6510f924520d8cdda2636ac85a1a1e43f6dfb8c","src/main/java/org/elasticsearch/repositories/Repository.java","1","0","11","0","22","136","0"
"BroadleafCommerce","e1fc116f32e911e27ba79717773879398e64d436","core/broadleaf-framework/src/main/java/org/broadleafcommerce/core/search/service/solr/SolrSearchServiceExtensionHandler.java","1","0","11","0","33","156","4"
"Android-Universal-Image-Loader","a89a6cd4aaf575e44f1666785c452c83b60ac76e","UniversalImageLoader/src/com/nostra13/universalimageloader/core/DisplayImageOptions.java","1","0","11","0","92","181","0"
"BroadleafCommerce","686b1e45bfe346466076030ce1a899e996dbce6b","common/src/main/java/org/broadleafcommerce/common/i18n/service/TranslationService.java","1","0","11","1","20","153","1"
"mcMMO","fb8592495d54013325bf73a1bee771ec242d9315","src/main/java/com/gmail/nossr50/database/DatabaseManager.java","1","0","11","1","23","105","2"
"elasticsearch","3ce7b119d28e7d1be7284bd804606a65c2d1a383","core/src/main/java/org/elasticsearch/common/xcontent/XContent.java","1","0","11","1","26","114","0"
"elasticsearch","e424701819b87237e8270c434cf88df390e4c3c8","core/src/main/java/org/elasticsearch/action/admin/cluster/node/info/NodesInfoRequestBuilder.java","1","0","11","1","48","114","0"
"orientdb","2767a54ee6308493e6a69b4b2951d8d2252bfd6b","core/src/main/java/com/orientechnologies/orient/core/index/OIndexInternal.java","1","0","11","10","38","206","0"
"antlr4","69d4b423e1e979ea944bfefb65f5b04bb8708029","tool/test/org/antlr/v4/test/TestSemPredEvalParser.java","1","0","11","14","477","627","1"
"antlr4","b2af59e73e7e96ea142cbb43e0d378449ddd960c","tool/test/org/antlr/v4/test/TestToolSyntaxErrors.java","1","0","11","16","330","477","2"
"BroadleafCommerce","4236f9f91a123cded7d4a6cc714fed8847b45d27","admin/broadleaf-open-admin-platform/src/main/java/org/broadleafcommerce/openadmin/server/security/service/AdminSecurityService.java","1","0","11","16","43","164","0"
"MapDB","47c4f06186a05fdc9c66523857e7c54a87719ff5","src/main/java/org/mapdb/Engine.java","1","0","11","2","15","186","1"
"elasticsearch","5e78f14f044fe0e0d875bb942d36610b27edf6b6","modules/elasticsearch/src/main/java/org/elasticsearch/cluster/routing/ShardsIterator.java","1","0","11","2","17","103","0"
"elasticsearch","41d8fbe8f51abd499c9b497238bc5f2141b7926b","core/src/main/java/org/elasticsearch/transport/Transport.java","1","0","11","2","23","93","1"
"hazelcast","cb942ed6b06c7ac37c4dc0883bdce436a412cdb4","hazelcast/src/main/java/com/hazelcast/partition/InternalPartitionService.java","1","0","11","27","55","195","1"
"MapDB","151f856bdfd4d74e464459994ceb84e1daa61aba","src/main/java/org/mapdb/Engine.java","1","0","11","3","16","188","0"
"elasticsearch","164efaecbe42195f08ada58b5fde927ab21fc6e7","core/src/main/java/org/elasticsearch/transport/Transport.java","1","0","11","3","25","97","0"
"hazelcast","73a3c63647d96a4f3baa3cf5b58efd1811334e6b","hazelcast/src/main/java/com/hazelcast/client/impl/protocol/template/ClientMessageTemplate.java","1","0","11","3","39","168","0"
"hazelcast","fa455733da9772e9107eb60b3fe55a17601be38b","hazelcast/src/main/java/com/hazelcast/client/impl/protocol/template/ClientMessageTemplate.java","1","0","11","3","39","168","0"
"hazelcast","f2f89c8224476e759b48f69837d947af45433b22","hazelcast/src/main/java/com/hazelcast/client/impl/protocol/template/ClientMessageTemplate.java","1","0","11","3","39","168","2"
"hazelcast","08e659f992761d79cd0342e77ce17ddb62e33295","hazelcast/src/main/java/com/hazelcast/client/impl/protocol/template/ClientMessageTemplate.java","1","0","11","3","39","174","1"
"hazelcast","864cc31ab01bc8111ef11270cb3f6f2352d30a5f","hazelcast/src/main/java/com/hazelcast/client/impl/protocol/template/ClientMessageTemplate.java","1","0","11","3","40","169","1"
"hazelcast","d9d20943b88faf6aa25ddbdc19feab4571611431","hazelcast/src/main/java/com/hazelcast/client/impl/protocol/template/ClientMessageTemplate.java","1","0","11","3","40","169","1"
"hazelcast","b54c76aa3cd08401ba13e516ba86bd1481a58749","hazelcast/src/main/java/com/hazelcast/client/impl/protocol/template/ClientMessageTemplate.java","1","0","11","3","40","169","0"
"elasticsearch","4b94eb5cb8cc4294ed0e932a5f22c16bd90d4dd7","core/src/main/java/org/elasticsearch/action/admin/indices/analyze/AnalyzeRequestBuilder.java","1","0","11","3","56","129","2"
"elasticsearch","860efb2ad28db09189c8423e05d0dba53010259c","core/src/main/java/org/elasticsearch/action/admin/indices/analyze/AnalyzeRequestBuilder.java","1","0","11","3","56","129","2"
"elasticsearch","d3417fb02291f26964d77767020ef345d18c148f","core/src/main/java/org/elasticsearch/action/admin/indices/analyze/AnalyzeRequestBuilder.java","1","0","11","3","56","129","0"
"hazelcast","8f706352ccb43698b7a679ee9dd8e03d56d0540c","hazelcast/src/main/java/com/hazelcast/map/RecordStore.java","1","0","11","47","68","213","0"
"Android-Universal-Image-Loader","f976103a9d8c3ce755e31017750aaa4a8519d566","UniversalImageLoader/src/com/nostra13/universalimageloader/core/DisplayImageOptions.java","1","0","12","0","102","195","0"
"hazelcast","402a2d0d137c09b1ff22bfc1c1563a170e5399de","hazelcast/src/main/java/com/hazelcast/memory/MemoryStats.java","1","0","12","0","14","122","0"
"hazelcast","1957f30d5417b93beeb84dfd6492f1a40de6ce38","hazelcast/src/main/java/com/hazelcast/monitor/LocalCacheStats.java","1","0","12","0","14","78","0"
"hazelcast","0880710f355f33d03b8d928ec9d22a0ff4f1ca52","hazelcast/src/main/java/com/hazelcast/internal/nearcache/NearCacheRecord.java","1","0","12","0","18","107","2"
"elasticsearch","371c73e14023917f3892090d2d3d7ff9ac1216b9","core/src/main/java/org/elasticsearch/common/blobstore/BlobContainer.java","1","0","12","0","19","164","4"
"netty","e6ca9882a107c34cf6358c8d7a68561025f06016","codec/src/main/java/io/netty/handler/codec/ConvertibleHeaders.java","1","0","12","0","21","106","1"
"neo4j","6ae0873e303c40548b80c8463588e28bf99217aa","community/neo4j-harness/src/main/java/org/neo4j/harness/TestServerBuilder.java","1","0","12","0","21","130","0"
"netty","fdfe3149ba3f68678fa7f73c574c7c61aa33fa2f","resolver/src/main/java/io/netty/resolver/NameResolver.java","1","0","12","0","21","134","0"
"elasticsearch","371c73e14023917f3892090d2d3d7ff9ac1216b9","core/src/main/java/org/elasticsearch/repositories/Repository.java","1","0","12","0","25","145","3"
"elasticsearch","78574d248cf10dad1c5a566fda79e1e0c94afe43","core/src/main/java/org/elasticsearch/repositories/Repository.java","1","0","12","0","25","145","2"
"elasticsearch","e6aaaf11ed4a1b8f595f920de1840938eddb7a97","core/src/main/java/org/elasticsearch/repositories/Repository.java","1","0","12","0","25","145","2"
"elasticsearch","a60b8948ba1d836a6eac7cff095519e618939ed8","core/src/main/java/org/elasticsearch/repositories/Repository.java","1","0","12","0","25","145","0"
"hazelcast","2b274e6521ea45ba3f56fc50cbbe51d807794e3c","hazelcast/src/main/java/com/hazelcast/config/CacheConfiguration.java","1","0","12","0","26","160","0"
"BroadleafCommerce","e9933b6a5bade71f0bc9ea0768c49c13320e8256","core/broadleaf-framework/src/main/java/org/broadleafcommerce/core/search/service/solr/SolrSearchServiceExtensionHandler.java","1","0","12","0","34","165","3"
"BroadleafCommerce","1c64a33817143308a7b212975f313164ab3e5d9f","common/src/main/java/org/broadleafcommerce/common/i18n/service/TranslationService.java","1","0","12","1","22","164","0"
"antlr4","7525bb6e1dd6d8f68796789dc5f48a6108e7fef6","runtime/Java/src/org/antlr/v4/runtime/ANTLRErrorStrategy.java","1","0","12","1","39","156","1"
"elasticsearch","3d13c27fa0df12018f35f1b20987c90277e9b6f9","core/src/main/java/org/elasticsearch/action/admin/cluster/node/info/NodesInfoRequestBuilder.java","1","0","12","1","52","122","1"
"elasticsearch","532806af1a8521b11ab60f1a52374c32c7e8b387","core/src/main/java/org/elasticsearch/action/admin/cluster/node/info/NodesInfoRequestBuilder.java","1","0","12","1","52","122","1"
"elasticsearch","2bd09c4625898d77aa6c015c6f82cf973ed18cb7","core/src/main/java/org/elasticsearch/action/admin/cluster/node/info/NodesInfoRequestBuilder.java","1","0","12","1","52","122","0"
"BroadleafCommerce","1e8b29ba6d27d72811406cce7db53ed3fa903475","core/broadleaf-framework/src/main/java/org/broadleafcommerce/core/order/service/FulfillmentGroupService.java","1","0","12","10","36","169","0"
"elasticsearch","78574d248cf10dad1c5a566fda79e1e0c94afe43","core/src/main/java/org/elasticsearch/action/get/GetResponse.java","1","0","12","10","92","178","1"
"elasticsearch","e6aaaf11ed4a1b8f595f920de1840938eddb7a97","core/src/main/java/org/elasticsearch/action/get/GetResponse.java","1","0","12","10","92","178","1"
"elasticsearch","fbe27664a65ca7ab5b7dbe1c328ab27423e4313c","core/src/main/java/org/elasticsearch/action/get/GetResponse.java","1","0","12","10","92","178","2"
"elasticsearch","a60b8948ba1d836a6eac7cff095519e618939ed8","core/src/main/java/org/elasticsearch/action/get/GetResponse.java","1","0","12","10","92","178","0"
"antlr4","ccda6205e61cfbc2491ebbfae1c85397a6057638","tool/test/org/antlr/v4/test/TestToolSyntaxErrors.java","1","0","12","16","352","506","1"
"BroadleafCommerce","f0a43a10b18a55908684479d3eadcb3822d3cd60","core/broadleaf-framework/src/main/java/org/broadleafcommerce/core/workflow/Activity.java","1","0","12","2","21","151","0"
"BroadleafCommerce","cd4dba4517e56b14042e5ed1567e933ca3904efd","core/broadleaf-framework/src/main/java/org/broadleafcommerce/core/workflow/Activity.java","1","0","12","2","21","152","0"
"neo4j","4d3b5cd40762b26828c47787e6547cc1ea90238b","community/kernel/src/main/java/org/neo4j/storageengine/api/StorageStatement.java","1","0","12","2","29","164","0"
"elasticsearch","4b94eb5cb8cc4294ed0e932a5f22c16bd90d4dd7","core/src/main/java/org/elasticsearch/action/admin/cluster/node/info/NodesInfoRequestBuilder.java","1","0","12","2","56","127","2"
"elasticsearch","860efb2ad28db09189c8423e05d0dba53010259c","core/src/main/java/org/elasticsearch/action/admin/cluster/node/info/NodesInfoRequestBuilder.java","1","0","12","2","56","127","2"
"elasticsearch","d3417fb02291f26964d77767020ef345d18c148f","core/src/main/java/org/elasticsearch/action/admin/cluster/node/info/NodesInfoRequestBuilder.java","1","0","12","2","56","127","0"
"elasticsearch","25fd9e26c4fb042d6f6dea14efcd239577bdbbc4","core/src/main/java/org/elasticsearch/action/admin/indices/analyze/AnalyzeRequestBuilder.java","1","0","12","2","56","132","0"
"hazelcast","2787d1290f74c14e6e2f771f38fd30dba54f966c","hazelcast/src/main/java/com/hazelcast/partition/InternalPartitionService.java","1","0","12","26","55","200","0"
"hazelcast","8f419459821e2d7e744122b4b3a9482e6fc0ebb2","hazelcast/src/main/java/com/hazelcast/partition/InternalPartitionService.java","1","0","12","28","57","204","0"
"elasticsearch","e424701819b87237e8270c434cf88df390e4c3c8","core/src/main/java/org/elasticsearch/action/admin/cluster/node/stats/NodesStatsRequestBuilder.java","1","0","12","3","62","134","0"
"neo4j","530cd9dd6f2874f7121a6905d6d7ad1a6b42f376","community/kernel/src/main/java/org/neo4j/storageengine/api/StorageStatement.java","1","0","12","4","31","164","3"
"neo4j","13e3d20860f871d1c13c10429f2d4d31d6180c8b","community/kernel/src/main/java/org/neo4j/storageengine/api/StorageStatement.java","1","0","12","4","32","165","1"
"hazelcast","cd3feee000a902c92572be92c3f16c710b10cd4e","hazelcast/src/main/java/com/hazelcast/map/RecordStore.java","1","0","12","47","70","218","2"
"hazelcast","4855250f4b64d469d4ce0675d7da45b1fb441b1d","hazelcast/src/main/java/com/hazelcast/map/impl/RecordStore.java","1","0","12","47","71","224","2"
"hazelcast","ef34031de196f40a796710c1c252a697f4596693","hazelcast/src/main/java/com/hazelcast/map/RecordStore.java","1","0","12","47","71","224","1"
"hazelcast","86a8460b7e36376816dea524d18b755c5b2fc9e7","hazelcast/src/main/java/com/hazelcast/map/RecordStore.java","1","0","12","47","71","224","0"
"BroadleafCommerce","0b82dddef8d8a719cf608eae326d394cb23b6218","core/broadleaf-framework/src/main/java/org/broadleafcommerce/core/offer/domain/Offer.java","1","0","12","49","81","253","2"
"elasticsearch","faae98c5d8a27bada65691fe7c48a6f9316eb467","src/main/java/org/elasticsearch/action/admin/indices/optimize/OptimizeRequest.java","1","0","12","5","86","181","1"
"antlr4","4ae0161f1a55df80387f98ec24da434c85a3e56e","tool/test/org/antlr/v4/test/TestParserExec.java","1","0","12","9","294","445","3"
"hazelcast","e4f7959a373b0263506a00fa6941d0020407e6fd","hazelcast/src/main/java/com/hazelcast/client/impl/protocol/util/AtomicBuffer.java","1","0","13","0","16","123","1"
"BroadleafCommerce","66ae8f00a336acfd1569bda8752f26ebae85a7dc","core/broadleaf-framework/src/main/java/org/broadleafcommerce/core/offer/domain/OfferAudit.java","1","0","13","0","17","106","0"
"netty","3a4d64bb8404f59861acddec954b4ed3aa02f97b","codec-http/src/main/java/io/netty/handler/codec/http/multipart/InterfaceHttpPostRequestDecoder.java","1","0","13","0","17","140","1"
"BroadleafCommerce","8eab5e85852450205ee185cc484bebf480ca8a7c","common/src/main/java/org/broadleafcommerce/common/sandbox/SandBoxHelper.java","1","0","13","0","20","154","0"
"hazelcast","f4c33973f2e5f804f6743683b11c8a43922bfc7e","hazelcast/src/main/java/com/hazelcast/internal/cluster/ClusterService.java","1","0","13","0","22","127","1"
"hazelcast","9d92e89e761fe6d4368df47311cf7902578295a3","hazelcast/src/main/java/com/hazelcast/core/ReplicatedMap.java","1","0","13","0","22","236","0"
"hazelcast","9d8dcc2a1755aec6419b50698c80c1d109c89523","hazelcast/src/main/java/com/hazelcast/core/ReplicatedMap.java","1","0","13","0","22","243","1"
"neo4j","6b75a9235ea38e0c47caacd25cc919023c0c958b","community/lucene-index/src/main/java/org/neo4j/kernel/api/impl/index/DatabaseIndex.java","1","0","13","0","23","127","0"
"neo4j","7723d89e6d1d951e8923fb102da0228db2e4e8f9","community/kernel/src/main/java/org/neo4j/storageengine/api/StorageStatement.java","1","0","13","0","23","159","3"
"neo4j","4f04ee08438d4e1c99095d9d8a9f2ec223af89a9","community/kernel/src/main/java/org/neo4j/storageengine/api/StorageStatement.java","1","0","13","0","26","168","2"
"elasticsearch","d10f80aea074d8e4094abfcdcdae6256fc7eacee","core/src/main/java/org/elasticsearch/index/indexing/IndexingOperationListener.java","1","0","13","0","31","121","0"
"netty","9125060752f5124949e55a6868647c75f88cdb01","handler/src/main/java/io/netty/handler/ssl/OpenSslSessionStats.java","1","0","13","0","44","123","0"
"elasticsearch","b379bf5668c5bf3a6edffbc2cd9ae97f29a8b7d6","src/main/java/org/elasticsearch/action/admin/cluster/snapshots/create/CreateSnapshotRequestBuilder.java","1","0","13","0","60","183","1"
"elasticsearch","fa16969360ea43667ad11f827bbf86718c18fcc6","src/main/java/org/elasticsearch/action/admin/cluster/snapshots/create/CreateSnapshotRequestBuilder.java","1","0","13","0","60","183","1"
"elasticsearch","10ec2e948a2f1426a5058ca3b2c2e39952f141d8","src/main/java/org/elasticsearch/action/admin/cluster/snapshots/create/CreateSnapshotRequestBuilder.java","1","0","13","0","60","183","0"
"hazelcast","4a9bacbdd50bf75b5a43e56b72754cdd6e99cefe","hazelcast/src/main/java/com/hazelcast/monitor/NearCacheStats.java","1","0","13","1","17","113","1"
"hazelcast","f4c33973f2e5f804f6743683b11c8a43922bfc7e","hazelcast/src/main/java/com/hazelcast/nio/ConnectionManager.java","1","0","13","1","18","143","1"
"hazelcast","97bb74d78cd1e0af68a1390defa30fc956da8390","hazelcast/src/main/java/com/hazelcast/client/impl/protocol/template/AtomicLongCodecTemplate.java","1","0","13","1","35","141","0"
"hazelcast","bc945190541c07a740026d0e1d81368a2d79d78e","hazelcast/src/main/java/com/hazelcast/client/impl/protocol/template/AtomicLongCodecTemplate.java","1","0","13","1","36","143","1"
"hazelcast","d9d20943b88faf6aa25ddbdc19feab4571611431","hazelcast/src/main/java/com/hazelcast/client/impl/protocol/template/SetCodecTemplate.java","1","0","13","1","38","179","1"
"netty","6765e9f99db352a7f814e10d77338760432db155","transport/src/main/java/io/netty/channel/RecvByteBufAllocator.java","1","0","13","12","68","173","1"
"elasticsearch","cbde265ab850c562e393de577910fc155dfff915","modules/elasticsearch/src/main/java/org/elasticsearch/index/engine/Engine.java","1","0","13","127","453","672","0"
"antlr4","08300b457fc1edb24f8c11fc8e7f28b47402ed41","tool/test/org/antlr/v4/test/TestToolSyntaxErrors.java","1","0","13","16","365","527","0"
"hazelcast","43402d9f22b18ea6fed39e1c919e0d65b779266c","hazelcast/src/main/java/com/hazelcast/map/impl/mapstore/writebehind/WriteBehindQueue.java","1","0","13","2","19","119","2"
"hazelcast","913731dce991dec4e616341ed91d6642cf6b5da2","hazelcast/src/main/java/com/hazelcast/map/impl/mapstore/writebehind/WriteBehindQueue.java","1","0","13","2","19","119","2"
"elasticsearch","b31f68a0ebdbaa61ff92293dc1914ba7bbad1765","modules/elasticsearch/src/main/java/org/elasticsearch/cluster/routing/ShardsIterator.java","1","0","13","2","19","119","0"
"elasticsearch","25fd9e26c4fb042d6f6dea14efcd239577bdbbc4","core/src/main/java/org/elasticsearch/action/admin/indices/alias/IndicesAliasesRequestBuilder.java","1","0","13","2","64","181","0"
"elasticsearch","25fd9e26c4fb042d6f6dea14efcd239577bdbbc4","client/client-benchmark-noop-api-plugin/src/main/java/org/elasticsearch/plugin/noop/action/bulk/NoopBulkRequestBuilder.java","1","0","13","2","73","154","0"
"antlr4","1d066e0a6be25c01f5c25760c34d81c46636e12f","runtime-testsuite/test/org/antlr/v4/test/runtime/descriptors/ParserExecDescriptors.java","1","0","13","23","325","836","0"
"mcMMO","c10525ada9ed2c0b77c518089a300e3b4e32e7c1","src/main/java/com/gmail/nossr50/database/DatabaseManager.java","1","0","13","3","29","136","1"
"elasticsearch","532806af1a8521b11ab60f1a52374c32c7e8b387","core/src/main/java/org/elasticsearch/action/admin/cluster/node/stats/NodesStatsRequestBuilder.java","1","0","13","3","66","142","1"
"elasticsearch","4b94eb5cb8cc4294ed0e932a5f22c16bd90d4dd7","core/src/main/java/org/elasticsearch/action/admin/cluster/node/stats/NodesStatsRequestBuilder.java","1","0","13","4","69","146","2"
"elasticsearch","860efb2ad28db09189c8423e05d0dba53010259c","core/src/main/java/org/elasticsearch/action/admin/cluster/node/stats/NodesStatsRequestBuilder.java","1","0","13","4","69","146","2"
"elasticsearch","d3417fb02291f26964d77767020ef345d18c148f","core/src/main/java/org/elasticsearch/action/admin/cluster/node/stats/NodesStatsRequestBuilder.java","1","0","13","4","69","146","0"
"hazelcast","1451b18a2114fd1d2c7448aaa28f49d5e1da007c","hazelcast/src/main/java/com/hazelcast/map/RecordStore.java","1","0","13","46","71","226","2"
"hazelcast","1db16d02de948e3bdf29ff73e63060fbfda1c8d1","hazelcast/src/main/java/com/hazelcast/map/RecordStore.java","1","0","13","46","71","226","1"
"hazelcast","f20e3dadabc7cb95afcf791a2c9872699868bdb6","hazelcast/src/main/java/com/hazelcast/map/RecordStore.java","1","0","13","46","71","226","0"
"hazelcast","22bdfcfa23a11ee774cc8c5b6308c0925c660aab","hazelcast/src/main/java/com/hazelcast/map/impl/RecordStore.java","1","0","13","46","71","230","1"
"hazelcast","10773b4cd855bdfd84ea80d22b8ed3c977459444","hazelcast/src/main/java/com/hazelcast/map/impl/RecordStore.java","1","0","13","47","72","232","1"
"orientdb","040b05508933cf63ab4302ba24753d268640088c","core/src/main/java/com/orientechnologies/orient/core/index/OIndexDefinition.java","1","0","13","6","25","137","2"
"orientdb","c44bbca080721b05af1db86562a16b199916fd3c","core/src/main/java/com/orientechnologies/orient/core/index/OIndexDefinition.java","1","0","13","6","25","137","1"
"orientdb","56f9bf3a10535e331c512f9852b1779bbc1d38b0","core/src/main/java/com/orientechnologies/orient/core/index/OIndexDefinition.java","1","0","13","6","25","137","0"
"orientdb","eda36859b9b033e1c3c6c69dce74c4959ac3439e","core/src/main/java/com/orientechnologies/orient/core/index/OIndexDefinition.java","1","0","13","7","26","139","2"
"BroadleafCommerce","19624706cd1505b14d2bfe573f94727100976dea","common/src/main/java/org/broadleafcommerce/common/email/service/info/EmailInfo.java","1","0","13","7","84","170","0"
"antlr4","938a39c05781fe821814c760220088ad8779464e","tool/test/org/antlr/v4/test/TestParserExec.java","1","0","13","9","308","466","2"
"netty","81e2db10faaf0389f4e1af8c7132210946203157","buffer/src/main/java/io/netty/buffer/ByteBuf.java","1","0","134","0","149","1840","0"
"netty","caa15050204c9757f2a3e34511cf1d9d8447cd9c","codec-http/src/main/java/io/netty/handler/codec/http/multipart/InterfaceHttpPostRequestDecoder.java","1","0","14","0","18","150","0"
"hazelcast","429f2efd2aae8db7f5328ddf09996a9ed6ff0139","hazelcast-client/src/main/java/com/hazelcast/client/connection/ClientConnectionManager.java","1","0","14","0","20","124","1"
"hazelcast","9bf0e5159d64b217e234a3e466d9ca49546cc733","hazelcast/src/main/java/com/hazelcast/internal/cluster/ClusterService.java","1","0","14","0","23","133","0"
"hazelcast","4b74129ed885af4dd2d7fb95979ba48799b9974b","hazelcast/src/main/java/com/hazelcast/internal/cluster/ClusterService.java","1","0","14","0","23","138","0"
"hazelcast","066e05ebd5b8e1d08c42a5aa2c6e236b925a144d","hazelcast/src/main/java/com/hazelcast/internal/cluster/ClusterService.java","1","0","14","0","23","139","1"
"netty","ab925abc7db806ead57f8d9ea50ff322ce2ff891","codec-http2/src/main/java/io/netty/handler/codec/http2/Http2FrameListener.java","1","0","14","0","27","217","0"
"netty","26a7a5ec25fe81fae38f557e6b44bf9c3ea91fea","codec-http2/src/main/java/io/netty/handler/codec/http2/Http2FrameListener.java","1","0","14","0","27","221","1"
"netty","731f52fdf73852a8fc597b1f08ed86b63caee375","codec-http2/src/main/java/io/netty/handler/codec/http2/Http2FrameListener.java","1","0","14","0","29","219","1"
"netty","73c4ad5f0a233844aa8629224c46d758a06225c1","codec-http2/src/main/java/io/netty/handler/codec/http2/Http2FrameListener.java","1","0","14","0","29","223","0"
"netty","c3891a3df44a97570a3072aa4cd62d61fbe73d34","transport/src/main/java/io/netty/channel/group/ChannelGroup.java","1","0","14","0","30","222","0"
"BroadleafCommerce","42fab0f12ab56dc3af4b15636fdb702de7de5d4d","core/broadleaf-framework/src/main/java/org/broadleafcommerce/core/search/service/solr/SolrSearchServiceExtensionHandler.java","1","0","14","0","36","184","2"
"elasticsearch","046abdc281c321cd2128ee7684c0edfcaca07203","core/src/main/java/org/elasticsearch/plugins/Plugin.java","1","0","14","0","49","163","2"
"elasticsearch","b987615f5e96cb6f568e025a449d1f4d7e5402df","src/main/java/org/elasticsearch/action/admin/cluster/snapshots/create/CreateSnapshotRequestBuilder.java","1","0","14","0","64","194","0"
"hazelcast","33c586d7fe567235e2216b7c79dd29adee22d5d0","hazelcast/src/main/java/com/hazelcast/monitor/NearCacheStats.java","1","0","14","1","18","120","0"
"hazelcast","e1b69c53ca4923affcd7722f012a80e32517e988","hazelcast/src/main/java/com/hazelcast/nio/ConnectionManager.java","1","0","14","1","19","149","0"
"titan","a1e70246868f0fc9e3e6e1bd454f2b0b13170c3b","src/main/java/com/thinkaurelius/titan/graphdb/transaction/InternalTitanTransaction.java","1","0","14","1","25","136","1"
"titan","ed88d7286080492045efafb45a69fa4cb6eeb94d","src/main/java/com/thinkaurelius/titan/graphdb/transaction/InternalTitanTransaction.java","1","0","14","1","26","137","0"
"elasticsearch","e74d02138f02a66331b2611b5e70a908bb49cb97","core/src/main/java/org/elasticsearch/common/geo/builders/ShapeBuilders.java","1","0","14","1","56","154","0"
"elasticsearch","046abdc281c321cd2128ee7684c0edfcaca07203","core/src/main/java/org/elasticsearch/common/geo/builders/ShapeBuilders.java","1","0","14","1","56","155","2"
"elasticsearch","25fd9e26c4fb042d6f6dea14efcd239577bdbbc4","core/src/main/java/org/elasticsearch/action/bulk/BulkRequestBuilder.java","1","0","14","1","70","155","0"
"neo4j","6b75a9235ea38e0c47caacd25cc919023c0c958b","community/lucene-index/src/main/java/org/neo4j/kernel/api/impl/index/ReadOnlyAbstractDatabaseIndex.java","1","0","14","1","77","161","0"
"BroadleafCommerce","e216da5ebb303680f5c60ffcd75979f5876ab5a6","admin/broadleaf-open-admin-platform/src/main/java/org/broadleafcommerce/openadmin/server/service/persistence/module/RecordHelper.java","1","0","14","12","55","219","0"
"antlr4","fdc46c53e6d885307d0ff3f8ceea5474267d1f64","tool/test/org/antlr/v4/test/TestParserExec.java","1","0","14","14","360","531","2"
"titan","ac746d5753151c1904efda645429fca6a9086231","titan-core/src/main/java/com/thinkaurelius/titan/graphdb/transaction/InternalTitanTransaction.java","1","0","14","2","27","141","1"
"titan","b55f4f332ee7c5c47295db46ffac2d2355968f79","titan-core/src/main/java/com/thinkaurelius/titan/graphdb/transaction/InternalTitanTransaction.java","1","0","14","3","28","143","0"
"mcMMO","857e12b96edf68bc2e2fdbdf72659ce82612bda1","src/main/java/com/gmail/nossr50/database/DatabaseManager.java","1","0","14","3","30","138","0"
"elasticsearch","0e9186e1373b99e261d80317c836477b7cc31d66","core/src/main/java/org/elasticsearch/transport/Transport.java","1","0","14","4","41","133","0"
"elasticsearch","567c65b0d57e92cd530dafa7f55de7ba681af13e","core/src/main/java/org/elasticsearch/transport/Transport.java","1","0","14","4","41","134","2"
"elasticsearch","04e08f5e491477f573b9e3ac19ee4b57cf7886db","core/src/main/java/org/elasticsearch/transport/Transport.java","1","0","14","4","43","137","3"
"hazelcast","21c4616ffe56ddedf10378c93bbe765ad1e43a86","hazelcast/src/main/java/com/hazelcast/map/RecordStore.java","1","0","14","45","71","243","0"
"hazelcast","76ab3be482308f07c64b95f066eaccc72a19f809","hazelcast/src/main/java/com/hazelcast/map/impl/RecordStore.java","1","0","14","46","72","245","0"
"orientdb","69ad5ecc3824911ac8d1bfbeab0d379043546afb","core/src/main/java/com/orientechnologies/orient/core/storage/OStorage.java","1","0","14","51","101","253","0"
"orientdb","76ffdc9fe1e541460329297a955e8494c36be8f5","core/src/main/java/com/orientechnologies/orient/core/storage/OStorage.java","1","0","14","54","97","249","1"
"netty","2adebc4c54ae98565db8e2a3c02b2ffaa0c101fe","buffer/src/main/java/io/netty/buffer/ByteBuf.java","1","0","140","1","157","1884","1"
"netty","3d6d9f394d763aaed47fdd0c86023afebe3c5a9f","buffer/src/main/java/io/netty/buffer/ByteBuf.java","1","0","141","2","166","1923","1"
"netty","88df53ec1a53912c2e34892247c8218c2fa01838","buffer/src/main/java/io/netty/buffer/ByteBuf.java","1","0","143","2","168","1937","0"
"hazelcast","a15ce2b6103439db4706d551d3da12e95328e8f5","hazelcast/src/main/java/com/hazelcast/concurrent/lock/LockStore.java","1","0","15","0","19","160","0"
"orientdb","c902353d86924562826c9114fd6a1242a65ada6d","core/src/main/java/com/orientechnologies/orient/core/storage/impl/local/paginated/wal/OLogSegment.java","1","0","15","0","19","94","0"
"netty","5fb18e3415377fd022ac46d3a898b905617cf232","codec-http2/src/main/java/io/netty/handler/codec/http2/Http2RemoteFlowController.java","1","0","15","0","20","150","1"
"hazelcast","8abd442f52604f881a8f707a91f3ca9688d79c0d","hazelcast-client/src/main/java/com/hazelcast/client/connection/ClientConnectionManager.java","1","0","15","0","21","128","0"
"hazelcast","d53aac421cbf93fdbddb3fecf663800f21c4b638","hazelcast-client/src/main/java/com/hazelcast/client/connection/ClientConnectionManager.java","1","0","15","0","22","132","0"
"BroadleafCommerce","5e083e58afcd4769f6cd1f5bbadc3edd709550d7","common/src/main/java/org/broadleafcommerce/common/i18n/dao/TranslationDao.java","1","0","15","0","23","166","0"
"hazelcast","c9d117501d9d7e1014b9006bc4b711baa42e0c57","hazelcast/src/main/java/com/hazelcast/internal/cluster/ClusterService.java","1","0","15","0","24","146","0"
"antlr4","17128d64869d43582bccd523f32463d2edaaffc7","runtime/Java/src/org/antlr/v4/runtime/misc/IntSet.java","1","0","15","0","26","198","0"
"antlr4","6701202f66c6a3bc0825f3cf68c47ed11ba44cbb","runtime/Java/src/org/antlr/v4/runtime/misc/IntSet.java","1","0","15","0","27","200","0"
"BroadleafCommerce","abae60151f6416aa4cbf8f37615189b14464b79c","admin/broadleaf-open-admin-platform/src/main/java/org/broadleafcommerce/openadmin/web/service/FormBuilderService.java","1","0","15","0","39","220","1"
"BroadleafCommerce","b9992331f32e9dd6965cd3ffae319f6eab9f6460","admin/broadleaf-open-admin-platform/src/main/java/org/broadleafcommerce/openadmin/server/service/AdminEntityService.java","1","0","15","0","45","212","2"
"elasticsearch","e74d02138f02a66331b2611b5e70a908bb49cb97","core/src/main/java/org/elasticsearch/plugins/Plugin.java","1","0","15","0","56","175","0"
"hazelcast","b1029996477aa371bfa39152dd206715db37f39b","hazelcast/src/main/java/com/hazelcast/config/HotRestartPersistenceConfig.java","1","0","15","0","72","204","1"
"hazelcast","9ca0dc5838e379cf86603dbd870bc5b0a37986e2","hazelcast/src/main/java/com/hazelcast/config/HotRestartPersistenceConfig.java","1","0","15","0","72","205","0"
"neo4j","cc4cfe4680328ea8f5e8b56ce68a9c69d2bf5c10","community/lucene-index/src/main/java/org/neo4j/kernel/api/impl/index/WritableAbstractDatabaseIndex.java","1","0","15","1","142","233","0"
"hazelcast","081543dbbb5e57f062566da43cf995b6cf15218f","hazelcast-client/src/main/java/com/hazelcast/client/connection/ClientConnectionManager.java","1","0","15","1","22","132","2"
"hazelcast","68e97d70a6af2d3c2efa0e87bec989bb80e0bb44","hazelcast-client/src/main/java/com/hazelcast/client/connection/ClientConnectionManager.java","1","0","15","1","23","134","1"
"titan","da8901bcea96f225bc445f4e13289b0f04e18e14","src/main/java/com/thinkaurelius/titan/graphdb/transaction/InternalTitanTransaction.java","1","0","15","1","28","146","0"
"hazelcast","08e659f992761d79cd0342e77ce17ddb62e33295","hazelcast/src/main/java/com/hazelcast/client/impl/protocol/template/EventResponseTemplate.java","1","0","15","1","47","192","1"
"netty","f3dd4101425165496490f9c975ca2e556773c663","transport/src/main/java/io/netty/channel/RecvByteBufAllocator.java","1","0","15","12","76","189","0"
"antlr4","156696be189bdf3929343fb4bea9b4fbe4a90063","tool/test/org/antlr/v4/test/TestParserExec.java","1","0","15","14","392","571","1"
"BroadleafCommerce","3575ff0edc8fc9a8450b6eaf6da5a1e8345e63dd","core/broadleaf-profile/src/main/java/org/broadleafcommerce/profile/core/service/CustomerService.java","1","0","15","17","45","187","0"
"BroadleafCommerce","be71d684cdc62530cf00280b251761490f15780b","core/broadleaf-profile/src/main/java/org/broadleafcommerce/profile/core/service/CustomerService.java","1","0","15","18","46","189","0"
"MapDB","717b008da75918aae78156e9cb999af987f1e326","src/main/java/org/mapdb/Engine.java","1","0","15","2","23","217","1"
"titan","26bbee89f169c89334baf92b54894fa17230d5d4","src/main/java/com/thinkaurelius/titan/graphdb/transaction/InternalTitanTransaction.java","1","0","15","2","29","147","0"
"BroadleafCommerce","711192d5e7efe6d787e38f9b7450cf8d77b2b944","core/broadleaf-framework/src/main/java/org/broadleafcommerce/core/catalog/dao/CategoryDao.java","1","0","15","3","40","195","0"
"BroadleafCommerce","b1a58da9c5995e240462e75190bceadf6f12ed7a","core/broadleaf-framework/src/main/java/org/broadleafcommerce/core/catalog/service/CatalogService.java","1","0","15","31","62","236","1"
"elasticsearch","be2a6ce80b2282779159bc017352aa6f216349e2","core/src/main/java/org/elasticsearch/transport/Transport.java","1","0","15","4","46","145","0"
"orientdb","5cb7ddceeec3056741233faa775e7c978b9e38f9","core/src/test/java/com/orientechnologies/orient/core/metadata/schema/OTypeConvertTest.java","1","0","15","40","325","465","0"
"hazelcast","f351d4e4d3b5d5e4e4a39c7d328f91b2c161061e","hazelcast/src/main/java/com/hazelcast/map/RecordStore.java","1","0","15","45","72","251","1"
"hazelcast","b2d12fec8083c2514d8331d4f00846a8fe006b5e","hazelcast/src/main/java/com/hazelcast/map/impl/RecordStore.java","1","0","15","46","73","253","1"
"BroadleafCommerce","67ffb9c79534286cb9b05a3c32b2eefb3a336600","common/src/main/java/org/broadleafcommerce/common/sandbox/SandBoxHelper.java","1","0","15","6","37","196","1"
"BroadleafCommerce","a2f2dc1c34ba2468a606704c07bde5e5256efe02","common/src/main/java/org/broadleafcommerce/common/sandbox/SandBoxHelper.java","1","0","15","6","37","196","2"
"BroadleafCommerce","a600ac52945a7ee2f172cbdfdf466a6e37d63fc2","common/src/main/java/org/broadleafcommerce/common/sandbox/SandBoxHelper.java","1","0","15","6","37","196","0"
"elasticsearch","6796464f167ce293192c43efd1cf28e4434fd5da","core/src/main/java/org/elasticsearch/action/get/GetResponse.java","1","0","15","6","90","184","4"
"elasticsearch","6baded8e7fb920e920a288bf53764a1da3d617da","core/src/main/java/org/elasticsearch/action/get/GetResponse.java","1","0","15","6","90","184","3"
"elasticsearch","d06a8903fdccf5985bb1b9cbfcb92580d08a544c","core/src/main/java/org/elasticsearch/action/get/GetResponse.java","1","0","15","6","90","184","0"
"elasticsearch","1764ec56b38ce87f516efdf93bb4ab56e9dd829b","core/src/main/java/org/elasticsearch/action/get/GetResponse.java","1","0","15","7","95","190","0"
"elasticsearch","25fd9e26c4fb042d6f6dea14efcd239577bdbbc4","core/src/main/java/org/elasticsearch/action/get/GetResponse.java","1","0","15","7","95","190","0"
"elasticsearch","56cc87b7ccd41040d8fafcaf2da3680d96d10839","core/src/main/java/org/elasticsearch/action/get/GetResponse.java","1","0","15","7","95","190","0"
"elasticsearch","00de8e07fc3df9c763bbc0b6890217dc5b6bee3e","core/src/main/java/org/elasticsearch/action/get/GetResponse.java","1","0","15","7","95","190","3"
"elasticsearch","17a2fffc9be50102fa5a9da72053c82df23b1a64","core/src/main/java/org/elasticsearch/action/get/GetResponse.java","1","0","15","7","95","190","2"
"hazelcast","205c024fa76e667f18068dba06eb6584d18cf6ab","hazelcast/src/main/java/com/hazelcast/spi/partition/IPartitionService.java","1","0","15","8","34","173","1"
"netty","f990f9983dd0e33fb4efb2212856ce5f9749cf85","codec-http2/src/main/java/io/netty/handler/codec/http2/Http2RemoteFlowController.java","1","0","16","0","21","157","0"
"hazelcast","0880710f355f33d03b8d928ec9d22a0ff4f1ca52","hazelcast/src/main/java/com/hazelcast/internal/nearcache/NearCacheRecordStore.java","1","0","16","0","23","127","2"
"BroadleafCommerce","64ee9c754b4adff1e55416fdd70d45b35f42d991","core/broadleaf-framework/src/main/java/org/broadleafcommerce/core/search/domain/Field.java","1","0","16","0","23","135","0"
"netty","6e5b25733f49d2ea843a89b4d547b856142212ec","codec-http2/src/main/java/io/netty/handler/codec/http2/Http2RemoteFlowController.java","1","0","16","0","23","159","1"
"netty","2fd42cfc6b32dacb812c6f2ecef8522cd94718d4","codec-http2/src/main/java/io/netty/handler/codec/http2/Http2RemoteFlowController.java","1","0","16","0","23","160","1"
"BroadleafCommerce","9a2399ccabc71c63572c786cacfa9d17404bf0db","core/broadleaf-framework/src/main/java/org/broadleafcommerce/core/offer/domain/AdvancedOffer.java","1","0","16","0","25","132","0"
"BroadleafCommerce","a600ac52945a7ee2f172cbdfdf466a6e37d63fc2","core/broadleaf-framework/src/main/java/org/broadleafcommerce/core/offer/domain/AdvancedOffer.java","1","0","16","0","25","132","0"
"BroadleafCommerce","e949b136c500559ba4612d339d5abac7febc5819","core/broadleaf-framework/src/main/java/org/broadleafcommerce/core/offer/domain/AdvancedOffer.java","1","0","16","0","25","132","0"
"BroadleafCommerce","67ffb9c79534286cb9b05a3c32b2eefb3a336600","core/broadleaf-framework/src/main/java/org/broadleafcommerce/core/offer/domain/AdvancedOffer.java","1","0","16","0","25","132","1"
"hazelcast","9bf0e5159d64b217e234a3e466d9ca49546cc733","hazelcast/src/main/java/com/hazelcast/core/Cluster.java","1","0","16","0","25","319","0"
"hazelcast","4b74129ed885af4dd2d7fb95979ba48799b9974b","hazelcast/src/main/java/com/hazelcast/core/Cluster.java","1","0","16","0","25","324","0"
"elasticsearch","889db1c824d8c573835e8cbadd0c6f3ba25f8fcd","src/main/java/org/elasticsearch/cluster/ClusterService.java","1","0","16","0","27","114","1"
"elasticsearch","598854dd72d7fb01a7e26a9dad065de3deaa5eb7","src/main/java/org/elasticsearch/cluster/ClusterService.java","1","0","16","0","27","115","0"
"netty","ceaebd37edc2a2ee388d41b997c37e51f4d60d34","transport/src/main/java/io/netty/channel/group/ChannelGroup.java","1","0","16","0","34","238","0"
"hazelcast","cbba969689bb53e3f7a2239b19c5cedd4c3a78c6","hazelcast-ra/hazelcast-jca/src/main/java/com/hazelcast/jca/HazelcastConnection.java","1","0","16","0","36","125","0"
"hazelcast","5032b0529d0c0900e5bea5b2fb5008b7b5df776a","hazelcast-ra/hazelcast-jca/src/main/java/com/hazelcast/jca/HazelcastConnection.java","1","0","16","0","36","127","1"
"BroadleafCommerce","487bcf043cb12f9dc30eda0064e00026ffc017ee","admin/broadleaf-open-admin-platform/src/main/java/org/broadleafcommerce/openadmin/server/service/AdminEntityService.java","1","0","16","0","48","231","5"
"BroadleafCommerce","df1d13c99109dd815c7ebb991cb12010a2688fab","admin/broadleaf-open-admin-platform/src/main/java/org/broadleafcommerce/openadmin/server/service/AdminEntityService.java","1","0","16","0","49","232","3"
"BroadleafCommerce","1483d703ef54771b546489312d66e7112e4a951a","core/broadleaf-framework/src/main/java/org/broadleafcommerce/core/catalog/dao/SkuDao.java","1","0","16","1","22","181","0"
"hazelcast","bc945190541c07a740026d0e1d81368a2d79d78e","hazelcast/src/main/java/com/hazelcast/client/impl/protocol/template/ResponseTemplate.java","1","0","16","1","49","164","1"
"BroadleafCommerce","63aa5cc40c50ecfd1ce037cf6578891c2cf95618","core/broadleaf-profile/src/main/java/org/broadleafcommerce/profile/core/service/CustomerService.java","1","0","16","18","47","196","1"
"BroadleafCommerce","66ae8f00a336acfd1569bda8752f26ebae85a7dc","core/broadleaf-framework/src/main/java/org/broadleafcommerce/core/offer/service/OfferService.java","1","0","16","18","56","225","0"
"antlr4","78427bae798f4e171fcc416cd796211e57ac45b8","tool-testsuite/test/org/antlr/v4/test/tool/TestToolSyntaxErrors.java","1","0","16","19","461","658","1"
"hazelcast","7a8d9282ca206e921934a8709d079e3ca00d3c3c","hazelcast/src/main/java/com/hazelcast/map/RecordStore.java","1","0","16","43","71","257","0"
"hazelcast","dd710b431238cb45633bd2788748e28a2f43f33a","hazelcast/src/main/java/com/hazelcast/spi/partition/IPartitionService.java","1","0","16","7","34","179","0"
"hazelcast","4ca2889e9b466af9d0cb2f754b689c282072f790","hazelcast/src/main/java/com/hazelcast/spi/EventService.java","1","0","17","0","20","186","1"
"hazelcast","98d3fda5e69832fb2ffcf9e3a0f3ba02e003da03","hazelcast/src/main/java/com/hazelcast/spi/EventService.java","1","0","17","0","20","186","2"
"hazelcast","bb94905af696c5c2d4a748a2cafef937999a07ee","hazelcast/src/main/java/com/hazelcast/spi/EventService.java","1","0","17","0","20","186","2"
"hazelcast","b499b1588bd702a8ca12e6514696fa5e1497ad24","hazelcast/src/main/java/com/hazelcast/spi/EventService.java","1","0","17","0","20","186","0"
"netty","3482651e0c29edfa02f189751c704ebe4fe8f54c","codec-http2/src/main/java/io/netty/handler/codec/http2/Http2RemoteFlowController.java","1","0","17","0","24","170","0"
"hazelcast","0880710f355f33d03b8d928ec9d22a0ff4f1ca52","hazelcast/src/main/java/com/hazelcast/internal/nearcache/NearCache.java","1","0","17","0","28","162","2"
"hazelcast","eed2a8c40d592a8e99645faac48f99069eaeaab2","hazelcast/src/main/java/com/hazelcast/instance/NodeExtension.java","1","0","17","0","31","155","1"
"netty","731f52fdf73852a8fc597b1f08ed86b63caee375","codec-http2/src/main/java/io/netty/handler/codec/http2/Http2FrameWriter.java","1","0","17","0","39","206","1"
"netty","2fd42cfc6b32dacb812c6f2ecef8522cd94718d4","codec-http2/src/main/java/io/netty/handler/codec/http2/Http2FrameWriter.java","1","0","17","0","39","233","0"
"elasticsearch","d44bed5f483779d9b1d148d6637d943312d68c5a","src/main/java/org/elasticsearch/cluster/ClusterService.java","1","0","17","1","32","126","1"
"hazelcast","08e659f992761d79cd0342e77ce17ddb62e33295","hazelcast/src/main/java/com/hazelcast/client/impl/protocol/template/TransactionalMapCodecTemplate.java","1","0","17","1","43","216","1"
"hazelcast","fa455733da9772e9107eb60b3fe55a17601be38b","hazelcast/src/main/java/com/hazelcast/client/impl/protocol/template/TransactionalMapCodecTemplate.java","1","0","17","1","43","217","0"
"hazelcast","d9d20943b88faf6aa25ddbdc19feab4571611431","hazelcast/src/main/java/com/hazelcast/client/impl/protocol/template/TransactionalMapCodecTemplate.java","1","0","17","1","43","261","1"
"hazelcast","fa455733da9772e9107eb60b3fe55a17601be38b","hazelcast/src/main/java/com/hazelcast/client/impl/protocol/template/ResponseTemplate.java","1","0","17","1","51","167","0"
"hazelcast","08e659f992761d79cd0342e77ce17ddb62e33295","hazelcast/src/main/java/com/hazelcast/client/impl/protocol/template/ResponseTemplate.java","1","0","17","1","51","170","1"
"netty","d2032254b7b29aca620223c672ffa244171898b5","transport-udt/src/main/java/io/netty/channel/udt/UdtChannelConfig.java","1","0","17","10","47","185","0"
"netty","9d4fae308c09a2c759dc67db765d311154c8d977","transport-udt/src/main/java/io/netty/channel/udt/UdtChannelConfig.java","1","0","17","10","48","186","1"
"netty","3e5dcb5f3efbb26d5e6cf4cd229b03c285d62462","transport-udt/src/main/java/io/netty/channel/udt/UdtChannelConfig.java","1","0","17","11","53","192","0"
"antlr4","8bf480dcc5c6d146b4112dd347841c1ab80db787","tool-testsuite/test/org/antlr/v4/test/tool/TestToolSyntaxErrors.java","1","0","17","19","481","685","0"
"hazelcast","bb1d17f0994af412631b960bc0c96c29a565b0d7","hazelcast/src/main/java/com/hazelcast/internal/nearcache/NearCacheRecordStore.java","1","0","17","2","25","139","0"
"MapDB","30e17d451a5d942b722be7e04f340a8a3f2ba9b1","src/main/java/org/mapdb/Engine.java","1","0","17","2","25","229","0"
"hazelcast","b1f86ebb558d143eea1e626a8212bfec73bd0605","hazelcast/src/main/java/com/hazelcast/internal/nearcache/NearCacheRecordStore.java","1","0","17","2","26","140","1"
"antlr4","d09276d9fd5f8493229f2f715c66a861c8767048","tool-testsuite/test/org/antlr/v4/test/tool/TestToolSyntaxErrors.java","1","0","17","20","486","691","1"
"antlr4","dc2c9b039e1497ad924c852e07f3a8f981ed078b","tool-testsuite/test/org/antlr/v4/test/tool/TestToolSyntaxErrors.java","1","0","17","20","489","695","0"
"BroadleafCommerce","b1a58da9c5995e240462e75190bceadf6f12ed7a","core/broadleaf-framework/src/main/java/org/broadleafcommerce/core/catalog/dao/CategoryDao.java","1","0","17","3","42","213","0"
"BroadleafCommerce","401247ccbb1691fb0817c6b055d425d469bd572d","core/broadleaf-framework/src/main/java/org/broadleafcommerce/core/catalog/dao/CategoryDao.java","1","0","17","3","43","212","0"
"hazelcast","78af4f23bcba7ec0288688e1bd9e49f207eac041","hazelcast/src/main/java/com/hazelcast/map/RecordStore.java","1","0","17","44","73","274","0"
"hazelcast","f8bb1394b8dc398a03896f855ae676f50090b794","hazelcast/src/main/java/com/hazelcast/map/impl/RecordStore.java","1","0","17","44","73","274","0"
"hazelcast","b01ad95e9c86cf4a9fe4d322d7372fec3d4107f9","hazelcast/src/main/java/com/hazelcast/map/impl/RecordStore.java","1","0","17","44","73","274","1"
"netty","58b968b6036dc194dce5a3e70d05d493b2fb6b58","transport-udt/src/main/java/io/netty/channel/udt/UdtChannelConfig.java","1","0","17","5","36","169","0"
"orientdb","2228c1302483104febb0712814a9865ae5b48cb4","core/src/main/java/com/orientechnologies/orient/core/storage/OStorage.java","1","0","17","51","100","266","1"
"orientdb","de410aa8d3455b55f3c39e49780136c0b6c5e64b","core/src/main/java/com/orientechnologies/orient/core/storage/OStorage.java","1","0","17","51","101","267","0"
"orientdb","4ff84b859e3d13248b65486721dda2a5fd268722","core/src/main/java/com/orientechnologies/orient/core/storage/OStorage.java","1","0","17","56","117","288","0"
"orientdb","cb2277a57d1cdf28dde1631fb9bec3a7eac0572c","core/src/main/java/com/orientechnologies/orient/core/storage/OStorage.java","1","0","17","57","118","290","1"
"netty","1f27c3b39060e544b4d3aaf05b700dd5c433a0cd","transport-udt/src/main/java/io/netty/channel/udt/UdtChannelConfig.java","1","0","17","6","38","172","0"
"BroadleafCommerce","9a2399ccabc71c63572c786cacfa9d17404bf0db","common/src/main/java/org/broadleafcommerce/common/sandbox/SandBoxHelper.java","1","0","17","6","39","221","0"
"BroadleafCommerce","e949b136c500559ba4612d339d5abac7febc5819","common/src/main/java/org/broadleafcommerce/common/sandbox/SandBoxHelper.java","1","0","17","6","39","221","0"
"BroadleafCommerce","65e73bebcc311646d9d62110b258a16f37da5ac4","common/src/main/java/org/broadleafcommerce/common/sandbox/SandBoxHelper.java","1","0","17","6","39","221","1"
"netty","77b4ec7e1bc0b8c6111728cc074226dd9cfe1b73","transport-udt/src/main/java/io/netty/channel/udt/UdtChannelConfig.java","1","0","17","9","45","182","1"
"Android-Universal-Image-Loader","3d15b9472ead9087cb8290040b35990d1c299ec6","library/src/com/nostra13/universalimageloader/core/DisplayImageOptions.java","1","0","18","0","180","327","1"
"Android-Universal-Image-Loader","39558a3d69f4d297258e8035e0f9c17801c726d7","library/src/com/nostra13/universalimageloader/core/DisplayImageOptions.java","1","0","18","0","184","331","0"
"hazelcast","2921cff694583b8638dae2991f427e61d5440a9d","hazelcast/src/main/java/com/hazelcast/spi/EventService.java","1","0","18","0","21","195","0"
"hazelcast","1f042b8c4a4245594691bb6d85a66ceed9b43068","hazelcast/src/main/java/com/hazelcast/spi/EventService.java","1","0","18","0","21","196","1"
"hazelcast","abc9bfa0db06a44201372d006bcd522f96641537","hazelcast/src/main/java/com/hazelcast/spi/EventService.java","1","0","18","0","21","196","1"
"hazelcast","1e80790bee582aa938165a86719bfe2570b5c87b","hazelcast/src/main/java/com/hazelcast/spi/EventService.java","1","0","18","0","21","196","0"
"BroadleafCommerce","9fcc89a3f957e49c24289922678c133eb65060e0","core/broadleaf-framework/src/main/java/org/broadleafcommerce/core/search/service/solr/SolrHelperService.java","1","0","18","0","27","166","1"
"hazelcast","7e07ef2b7dcefe2f791c4b6d2050a9c44e6bf931","hazelcast/src/main/java/com/hazelcast/instance/NodeExtension.java","1","0","18","0","33","160","1"
"hazelcast","c283f04cab711308ed3018d4e448e35b9061e0d2","hazelcast/src/main/java/com/hazelcast/instance/NodeExtension.java","1","0","18","0","33","162","0"
"elasticsearch","4fea56ceadbbd042774a89dbdf94c16a4a33df4c","core/src/main/java/org/elasticsearch/index/shard/IndexEventListener.java","1","0","18","0","35","182","0"
"BroadleafCommerce","300afb753f1ee1d8f081ebbf9cbd93cb57c22816","core/broadleaf-framework/src/main/java/org/broadleafcommerce/core/search/service/solr/SolrSearchServiceExtensionHandler.java","1","0","18","1","45","226","0"
"hazelcast","08e659f992761d79cd0342e77ce17ddb62e33295","hazelcast/src/main/java/com/hazelcast/client/impl/protocol/template/ReplicatedMapCodecTemplate.java","1","0","18","1","51","193","1"
"hazelcast","97bb74d78cd1e0af68a1390defa30fc956da8390","hazelcast/src/main/java/com/hazelcast/client/impl/protocol/template/ReplicatedMapCodecTemplate.java","1","0","18","1","51","193","1"
"hazelcast","bc945190541c07a740026d0e1d81368a2d79d78e","hazelcast/src/main/java/com/hazelcast/client/impl/protocol/template/ReplicatedMapCodecTemplate.java","1","0","18","1","51","193","1"
"hazelcast","fa455733da9772e9107eb60b3fe55a17601be38b","hazelcast/src/main/java/com/hazelcast/client/impl/protocol/template/ReplicatedMapCodecTemplate.java","1","0","18","1","51","193","0"
"hazelcast","d9d20943b88faf6aa25ddbdc19feab4571611431","hazelcast/src/main/java/com/hazelcast/client/impl/protocol/template/ResponseTemplate.java","1","0","18","1","54","179","1"
"hazelcast","2d63cfceff92bc363fc09a3a01582d4667ccd44e","hazelcast/src/main/java/com/hazelcast/map/impl/RecordStore.java","1","0","18","44","74","280","1"
"hazelcast","62636a2a007993d2b24d665033e0abaaeabf0108","hazelcast/src/main/java/com/hazelcast/map/impl/RecordStore.java","1","0","18","45","75","283","2"
"netty","58b968b6036dc194dce5a3e70d05d493b2fb6b58","transport/src/main/java/io/netty/channel/socket/SocketChannelConfig.java","1","0","18","5","38","174","0"
"netty","1f27c3b39060e544b4d3aaf05b700dd5c433a0cd","transport/src/main/java/io/netty/channel/socket/SocketChannelConfig.java","1","0","18","6","40","177","0"
"netty","77b4ec7e1bc0b8c6111728cc074226dd9cfe1b73","transport/src/main/java/io/netty/channel/socket/SocketChannelConfig.java","1","0","18","7","43","181","1"
"netty","d2032254b7b29aca620223c672ffa244171898b5","transport/src/main/java/io/netty/channel/socket/SocketChannelConfig.java","1","0","18","8","45","184","0"
"netty","9d4fae308c09a2c759dc67db765d311154c8d977","transport/src/main/java/io/netty/channel/socket/SocketChannelConfig.java","1","0","18","8","46","185","1"
"netty","3e5dcb5f3efbb26d5e6cf4cd229b03c285d62462","transport/src/main/java/io/netty/channel/socket/SocketChannelConfig.java","1","0","18","9","49","190","0"
"hazelcast","4c1b1b779a2a777ec65393b7af9a0dc4e31d82f5","hazelcast/src/main/java/com/hazelcast/client/impl/protocol/util/ClientProtocolBuffer.java","1","0","19","0","21","175","0"
"BroadleafCommerce","663f9520dacb59459f8033c8736be33d9fc3d58d","core/broadleaf-framework/src/main/java/org/broadleafcommerce/core/search/domain/SearchFacet.java","1","0","19","0","22","169","2"
"netty","58b968b6036dc194dce5a3e70d05d493b2fb6b58","transport/src/main/java/io/netty/channel/ChannelConfig.java","1","0","19","0","26","210","0"
"BroadleafCommerce","663f9520dacb59459f8033c8736be33d9fc3d58d","core/broadleaf-framework/src/main/java/org/broadleafcommerce/core/search/service/solr/SolrHelperService.java","1","0","19","0","29","177","2"
"hazelcast","bb1d17f0994af412631b960bc0c96c29a565b0d7","hazelcast/src/main/java/com/hazelcast/internal/nearcache/NearCache.java","1","0","19","0","30","188","0"
"hazelcast","0a00c1a6ac6c6b71c59b23615ab208abcbca6fe5","hazelcast/src/main/java/com/hazelcast/internal/nearcache/NearCache.java","1","0","19","0","31","189","1"
"hazelcast","b1f86ebb558d143eea1e626a8212bfec73bd0605","hazelcast/src/main/java/com/hazelcast/internal/nearcache/NearCache.java","1","0","19","0","31","189","1"
"hazelcast","601a67715c677e36907648eeb31b52993381146d","hazelcast/src/main/java/com/hazelcast/internal/nearcache/NearCache.java","1","0","19","0","31","189","0"
"elasticsearch","a44655763e150522d58cbd8113fb1b30a475b8c7","core/src/main/java/org/elasticsearch/repositories/Repository.java","1","0","19","0","37","216","0"
"hazelcast","57a439ae05ac5f57bca649edde9095eacfb77e69","hazelcast/src/main/java/com/hazelcast/core/TransactionalMap.java","1","0","19","0","38","245","1"
"elasticsearch","d2f25416e4a14812d0961ddce0da73bee0b68b27","core/src/main/java/org/elasticsearch/repositories/Repository.java","1","0","19","0","39","214","1"
"elasticsearch","046abdc281c321cd2128ee7684c0edfcaca07203","core/src/main/java/org/elasticsearch/repositories/Repository.java","1","0","19","0","39","218","3"
"hazelcast","269af56fefd49e5dd6b6c57f101059e9e6fa949b","hazelcast/src/main/java/com/hazelcast/core/TransactionalMap.java","1","0","19","0","39","256","0"
"netty","3482651e0c29edfa02f189751c704ebe4fe8f54c","codec-http2/src/main/java/io/netty/handler/codec/http2/Http2Stream.java","1","0","19","0","41","152","0"
"titan","a1e70246868f0fc9e3e6e1bd454f2b0b13170c3b","src/main/java/com/thinkaurelius/titan/core/TitanQuery.java","1","0","19","1","25","219","1"
"BroadleafCommerce","a9195d4ac4004123352a33490d7885e7a7a8a19e","admin/broadleaf-open-admin-platform/src/main/java/org/broadleafcommerce/openadmin/web/service/FormBuilderService.java","1","0","19","1","49","289","1"
"BroadleafCommerce","64ee9c754b4adff1e55416fdd70d45b35f42d991","core/broadleaf-framework/src/main/java/org/broadleafcommerce/core/search/service/solr/index/SolrIndexService.java","1","0","19","2","34","256","1"
"BroadleafCommerce","ccc99f843087cea18fa385a0d8aea9a6abd73d9f","core/broadleaf-framework/src/main/java/org/broadleafcommerce/core/catalog/service/CatalogService.java","1","0","19","36","74","287","0"
"BroadleafCommerce","982aa0cd224d852d5505bcc49f0f8a3325f9c14d","core/broadleaf-framework/src/main/java/org/broadleafcommerce/core/catalog/dao/CategoryDao.java","1","0","19","4","45","233","0"
"elasticsearch","046abdc281c321cd2128ee7684c0edfcaca07203","core/src/main/java/org/elasticsearch/plugins/SearchPlugin.java","1","0","19","4","95","220","2"
"elasticsearch","22e63b478306fb3cab6ba8967db6e1f2b73cdfd8","core/src/main/java/org/elasticsearch/plugins/SearchPlugin.java","1","0","19","4","95","220","1"
"elasticsearch","e74d02138f02a66331b2611b5e70a908bb49cb97","core/src/main/java/org/elasticsearch/plugins/SearchPlugin.java","1","0","19","4","95","220","0"
"hazelcast","989c6d55969a6ecefc6d240bff3532429c41ca80","hazelcast/src/main/java/com/hazelcast/map/impl/RecordStore.java","1","0","19","44","75","290","0"
"netty","58b968b6036dc194dce5a3e70d05d493b2fb6b58","transport/src/main/java/io/netty/channel/socket/DatagramChannelConfig.java","1","0","19","5","38","173","0"
"BroadleafCommerce","169f0bbfec129b2b2db37bf8d20ae4c6d373f6c0","core/broadleaf-framework/src/main/java/org/broadleafcommerce/core/search/service/solr/index/SolrIndexService.java","1","0","19","5","38","263","0"
"netty","1f27c3b39060e544b4d3aaf05b700dd5c433a0cd","transport/src/main/java/io/netty/channel/socket/DatagramChannelConfig.java","1","0","19","6","40","176","0"
"netty","77b4ec7e1bc0b8c6111728cc074226dd9cfe1b73","transport/src/main/java/io/netty/channel/socket/DatagramChannelConfig.java","1","0","19","7","43","180","1"
"netty","d2032254b7b29aca620223c672ffa244171898b5","transport/src/main/java/io/netty/channel/socket/DatagramChannelConfig.java","1","0","19","8","45","183","0"
"netty","9d4fae308c09a2c759dc67db765d311154c8d977","transport/src/main/java/io/netty/channel/socket/DatagramChannelConfig.java","1","0","19","8","46","184","1"
"netty","3e5dcb5f3efbb26d5e6cf4cd229b03c285d62462","transport/src/main/java/io/netty/channel/socket/DatagramChannelConfig.java","1","0","19","9","49","189","0"
"BroadleafCommerce","69210a32ed73de6f9cc002c897cc8c24c840fb1b","core/broadleaf-framework-web/src/main/java/org/broadleafcommerce/core/web/order/security/extension/AuthSuccessHandlerExtensionHandler.java","1","0","2","0","10","46","1"
"BroadleafCommerce","c39c374323b58f14d0638f3b07392dfe5fc5fa5a","core/broadleaf-framework-web/src/main/java/org/broadleafcommerce/core/web/order/security/CartStateRequestProcessorExtensionHandler.java","1","0","2","0","10","47","0"
"BroadleafCommerce","1c8f486ac615c706c61a42a3e8ee6a66d9a1b85a","admin/broadleaf-open-admin-platform/src/main/java/org/broadleafcommerce/openadmin/web/controller/MainEntityActionsExtensionHandler.java","1","0","2","0","10","49","0"
"neo4j","d94daacb45225945a8ab3285f791f8ef58f943b0","community/kernel/src/main/java/org/neo4j/kernel/impl/api/TransactionCommitProcess.java","1","0","2","0","10","53","0"
"hazelcast","8a4364b60b5a4274ab87081d259cd1fdbd424c16","hazelcast/src/main/java/com/hazelcast/util/MapUtil.java","1","0","2","0","11","25","0"
"hazelcast","81bc4a0f5b40ee7fb094876de46b18cdb4d31749","hazelcast/src/test/java/com/hazelcast/test/TestCollectionUtils.java","1","0","2","0","11","41","2"
"netty","731f52fdf73852a8fc597b1f08ed86b63caee375","codec-http2/src/main/java/io/netty/handler/codec/http2/Http2DataWriter.java","1","0","2","0","11","43","1"
"BroadleafCommerce","58d8258a56593bc913efa9aa60d0ca5f8f173bd8","core/broadleaf-framework-web/src/main/java/org/broadleafcommerce/core/web/service/AbstractUpdateCartServiceExtensionHandler.java","1","0","2","0","11","45","0"
"netty","73c4ad5f0a233844aa8629224c46d758a06225c1","codec-http2/src/main/java/io/netty/handler/codec/http2/Http2DataWriter.java","1","0","2","0","11","46","0"
"hazelcast","485f426abc042144ebf9fd213e724556ad967191","hazelcast/src/main/java/com/hazelcast/util/scheduler/EntryTaskSchedulerFactory.java","1","0","2","0","11","54","1"
"hazelcast","51bdf8a403e085bb80d7dfad88cfd3a816bfaec8","hazelcast/src/main/java/com/hazelcast/util/scheduler/EntryTaskSchedulerFactory.java","1","0","2","0","11","54","1"
"hazelcast","8d373b62327a5c012a5b8f2bad456311df03bf61","hazelcast/src/main/java/com/hazelcast/util/scheduler/EntryTaskSchedulerFactory.java","1","0","2","0","11","54","1"
"hazelcast","e641541f77808713a214b6d1b4ef4d58497824f1","hazelcast/src/main/java/com/hazelcast/util/scheduler/EntryTaskSchedulerFactory.java","1","0","2","0","11","54","0"
"hazelcast","b9d903ab23dbaad884e6add6488d6b6ab3de3bd2","hazelcast/src/main/java/com/hazelcast/internal/eviction/EvictionPolicyComparator.java","1","0","2","0","11","62","1"
"netty","e074df2ae6501d99921543369198c53e4d99ed1b","resolver-dns/src/main/java/io/netty/resolver/dns/DnsServerAddressStreamProviders.java","1","0","2","0","12","44","0"
"hazelcast","5fdda793de15ab4be06a294e013afa671032f9f0","hazelcast/src/main/java/com/hazelcast/internal/eviction/EvictionPolicyComparator.java","1","0","2","0","13","65","0"
"BroadleafCommerce","c39c374323b58f14d0638f3b07392dfe5fc5fa5a","core/broadleaf-framework-web/src/main/java/org/broadleafcommerce/core/web/order/security/AbstractCartStateRequestProcessorExtensionHandler.java","1","0","2","0","14","47","0"
"oryx","efcdff4c4e8f2827aae55879bbb778cd0f7dd99c","oryx-api/src/main/java/com/cloudera/oryx/lambda/BatchLayerUpdate.java","1","0","2","0","14","56","0"
"Android-Universal-Image-Loader","300a0ea2f23b836dedeaf92774a2586e98e720b9","library/src/com/nostra13/universalimageloader/core/download/ImageDownloader.java","1","0","2","0","14","59","1"
"netty","fdfe3149ba3f68678fa7f73c574c7c61aa33fa2f","transport/src/main/java/io/netty/channel/socket/InternetProtocolFamily.java","1","0","2","0","15","42","0"
"hazelcast","1f042b8c4a4245594691bb6d85a66ceed9b43068","hazelcast-spring/src/test/java/com/hazelcast/spring/CustomSpringJUnit4ClassRunner.java","1","0","2","0","15","47","1"
"hazelcast","810540661cf0b9662e3e1bc9b5dabc53a3c052f1","hazelcast-spring/src/test/java/com/hazelcast/spring/CustomSpringJUnit4ClassRunner.java","1","0","2","0","15","47","1"
"hazelcast","b9109d86df3008077ce26aac62f800f10056974a","hazelcast-spring/src/test/java/com/hazelcast/spring/CustomSpringJUnit4ClassRunner.java","1","0","2","0","15","47","1"
"hazelcast","2921cff694583b8638dae2991f427e61d5440a9d","hazelcast-spring/src/test/java/com/hazelcast/spring/CustomSpringJUnit4ClassRunner.java","1","0","2","0","15","47","0"
"hazelcast","8f0b3b3d791f2f02f4456b70eb07b442fa820e57","hazelcast-spring/src/test/java/com/hazelcast/spring/CustomSpringJUnit4ClassRunner.java","1","0","2","0","15","47","0"
"netty","0fe67cfba5f655ab545f5ee103bf71bc4df9d5ba","handler/src/main/java/io/netty/handler/logging/LogLevel.java","1","0","2","0","16","47","0"
"netty","88a52f73671dd91630b2bc0da0ae8fbc910d763b","common/src/main/java/io/netty/util/BooleanSupplier.java","1","0","2","0","16","49","0"
"BroadleafCommerce","07fdf5d75331c1ecd0c15ae80fc4ee3a7e2a8492","common/src/main/java/org/broadleafcommerce/common/config/BroadleafCommonConfig.java","1","0","2","0","16","52","0"
"netty","b533a1361bbbc457c974ca365f8293ec27ffda1c","common/src/main/java/io/netty/util/AttributeKey.java","1","0","2","0","17","46","0"
"hazelcast","cdb8b0e0e259c0992856d553f2aa04499043c84d","hazelcast-spring/src/test/java/com/hazelcast/spring/CustomSpringJUnit4ClassRunner.java","1","0","2","0","17","49","0"
"hazelcast","eed2a8c40d592a8e99645faac48f99069eaeaab2","hazelcast-client/src/main/java/com/hazelcast/client/spi/ClientClusterService.java","1","0","2","0","18","101","1"
"netty","00d60109163c5f90dd4bd38ef15bfd11e30d1fa5","codec-http/src/main/java/io/netty/handler/codec/http/HttpRequestEncoder.java","1","0","2","0","18","45","1"
"netty","de37d7587175f2ea9c4af81c5c06b7078ecc6c89","codec-http/src/main/java/io/netty/handler/codec/http/HttpRequestEncoder.java","1","0","2","0","19","46","0"
"hazelcast","1f042b8c4a4245594691bb6d85a66ceed9b43068","hazelcast/src/main/java/com/hazelcast/instance/GroupProperties.java","1","0","2","0","226","268","1"
"hazelcast","167361456fe0b8d77b57aae72dd415f8ade56f61","hazelcast/src/main/java/com/hazelcast/instance/GroupProperties.java","1","0","2","0","227","263","0"
"hazelcast","2921cff694583b8638dae2991f427e61d5440a9d","hazelcast/src/main/java/com/hazelcast/instance/GroupProperties.java","1","0","2","0","229","265","0"
"hazelcast","7852995d46c82d37bf930eea7c7ec5308657e67e","hazelcast/src/main/java/com/hazelcast/instance/GroupProperties.java","1","0","2","0","230","266","0"
"netty","4d6ab1d30de2fd06bc7544ce6301fd6b85d183d7","codec-http2/src/main/java/io/netty/handler/codec/http2/Http2Error.java","1","0","2","0","24","50","1"
"neo4j","1b3aad3b619bd72c2c9f79bb7edf642c5dc56a6f","community/kernel/src/main/java/org/neo4j/kernel/api/security/AuthManager.java","1","0","2","0","32","72","0"
"hazelcast","1f042b8c4a4245594691bb6d85a66ceed9b43068","hazelcast-client/src/main/java/com/hazelcast/client/config/ClientProperties.java","1","0","2","0","39","128","1"
"hazelcast","04c204fcf1f1d07695eb4355106ffdc8e6bc9365","hazelcast/src/main/java/com/hazelcast/config/ConfigPatternMatcher.java","1","0","2","0","4","28","0"
"hazelcast","69975a8df84795d2fbd45e45b1d169e13fcbf0b1","hazelcast-wm/src/main/java/com/hazelcast/web/JvmIdAware.java","1","0","2","0","4","31","1"
"hazelcast","42dd3075109d59f1b6847b7a6165b609299cc9d3","hazelcast-wm/src/main/java/com/hazelcast/web/JvmIdAware.java","1","0","2","0","4","32","1"
"hazelcast","305ecd0cab00c33d16d84c0f7b2e830a77412712","hazelcast/src/main/java/com/hazelcast/spi/PostJoinAwareService.java","1","0","2","0","4","33","1"
"hazelcast","8e20fd580ec4e7de4938dc403d1a547e0b9a4001","hazelcast/src/main/java/com/hazelcast/spi/PostJoinAwareService.java","1","0","2","0","4","34","0"
"elasticsearch","598854dd72d7fb01a7e26a9dad065de3deaa5eb7","src/main/java/org/elasticsearch/cluster/ProcessedClusterStateUpdateTask.java","1","0","2","0","4","34","0"
"elasticsearch","73c0cd512ab3bdc03b8071a1012dffb7b9382491","core/src/main/java/org/elasticsearch/index/mapper/DocumentTypeListener.java","1","0","2","0","4","34","0"
"elasticsearch","8bdfd21b70568a39ebf5232e8c395f5206a7a63f","src/main/java/org/elasticsearch/common/HasContextAndHeaders.java","1","0","2","0","4","34","0"
"elasticsearch","a60b8948ba1d836a6eac7cff095519e618939ed8","core/src/main/java/org/elasticsearch/action/RealtimeRequest.java","1","0","2","0","4","34","0"
"elasticsearch","78574d248cf10dad1c5a566fda79e1e0c94afe43","core/src/main/java/org/elasticsearch/action/RealtimeRequest.java","1","0","2","0","4","34","1"
"elasticsearch","889db1c824d8c573835e8cbadd0c6f3ba25f8fcd","src/main/java/org/elasticsearch/cluster/ProcessedClusterStateUpdateTask.java","1","0","2","0","4","34","1"
"elasticsearch","e6aaaf11ed4a1b8f595f920de1840938eddb7a97","core/src/main/java/org/elasticsearch/action/RealtimeRequest.java","1","0","2","0","4","34","1"
"hazelcast","a4035afdfc67b757940a15578bc51b4e7b6b0b13","hazelcast/src/main/java/com/hazelcast/cache/impl/CacheEventListener.java","1","0","2","0","4","38","0"
"hazelcast","d38202141395360399c9cf97d4453adf5b1581e1","hazelcast/src/main/java/com/hazelcast/cache/impl/CacheEventListener.java","1","0","2","0","4","40","1"
"BroadleafCommerce","83fb11ed58644108db5d65f28772c299943478f5","common/src/main/java/org/broadleafcommerce/common/persistence/PostLoaderDao.java","1","0","2","0","4","43","0"
"hazelcast","22c782cf4670330503dee123b73fa483726328a2","hazelcast/src/main/java/com/hazelcast/spi/PreJoinAwareService.java","1","0","2","0","4","46","0"
"BroadleafCommerce","a4c6b8b0615cd9afce9835833bf6ea281879e52a","common/src/main/java/org/broadleafcommerce/common/resource/service/ResourceMinificationService.java","1","0","2","0","4","49","0"
"BroadleafCommerce","7a0a7c403c946be4bbd8ee1abdaa6699931ef834","common/src/main/java/org/broadleafcommerce/common/extension/ExtensionManagerOperation.java","1","0","2","0","4","51","0"
"elasticsearch","5828796848674b656807406947f050626035845a","core/src/test/java/org/elasticsearch/common/lucene/index/ESDirectoryReaderTests.java","1","0","2","0","40","73","0"
"hazelcast","2921cff694583b8638dae2991f427e61d5440a9d","hazelcast-client/src/main/java/com/hazelcast/client/config/ClientProperties.java","1","0","2","0","41","125","0"
"elasticsearch","2e445d3ede953c90e4e1ce69e5f53192115b9dd7","core/src/test/java/org/elasticsearch/common/lucene/index/ESDirectoryReaderTests.java","1","0","2","0","41","77","1"
"elasticsearch","c5b6f52eccb2a663770e0eb9fee496432e1a8d5c","core/src/test/java/org/elasticsearch/cluster/SnapshotsInProgressTests.java","1","0","2","0","42","79","0"
"elasticsearch","c9bb686927c01e868d6f4e59a07aee455a5cdfa6","core/src/test/java/org/elasticsearch/cluster/SnapshotsInProgressTests.java","1","0","2","0","42","79","0"
"elasticsearch","e508c277e1ab52ba7cf53a702e38ad2a09225fde","core/src/test/java/org/elasticsearch/cluster/SnapshotsInProgressTests.java","1","0","2","0","42","79","2"
"orientdb","0b098ecbb27731eae0d6bc55a5750b000a6b9777","core/src/main/java/com/orientechnologies/orient/core/sql/parser/OSimpleBooleanExpression.java","1","0","2","0","5","18","0"
"netty","63a02fc04e6ce45aee38b0437ae0279880e5fe40","codec-dns/src/main/java/io/netty/handler/codec/dns/DnsQuestion.java","1","0","2","0","5","28","0"
"netty","2adebc4c54ae98565db8e2a3c02b2ffaa0c101fe","transport/src/main/java/io/netty/channel/ChannelInboundHandler.java","1","0","2","0","5","29","1"
"netty","719d1dbad1078ea20ea385bd9f2c16847dcb81ae","resolver-dns/src/main/java/io/netty/resolver/dns/DnsServerAddressStream.java","1","0","2","0","5","30","0"
"hazelcast","da4a5afadf8b24a6aefe47f208296c61deaf2ce6","hazelcast/src/test/java/com/hazelcast/test/bounce/DriverFactory.java","1","0","2","0","5","32","1"
"hazelcast","379f7dfc3f62942206e9295b49f981179d7ebaa3","hazelcast/src/test/java/com/hazelcast/test/bounce/DriverFactory.java","1","0","2","0","5","33","0"
"elasticsearch","d356881664dc7ce60f46aaed4d910f87be3cfea9","src/main/java/org/elasticsearch/common/xcontent/StatusToXContent.java","1","0","2","0","5","33","0"
"elasticsearch","0556c93920af457c0dfb41dc2f52013ebc3e136e","core/src/main/java/org/elasticsearch/discovery/zen/ping/PingContextProvider.java","1","0","2","0","5","33","1"
"neo4j","41924e12725ad28b0b894d433c7d5990f5b9f26f","community/common/src/main/java/org/neo4j/function/ThrowingAction.java","1","0","2","0","5","34","1"
"hazelcast","2b6f18456c37d310e7679071b8c91c7df48c679d","hazelcast/src/main/java/com/hazelcast/core/MapStoreFactory.java","1","0","2","0","5","35","1"
"hazelcast","ea194946da8af29562618d768302111626a4db72","hazelcast/src/main/java/com/hazelcast/core/LifecycleListener.java","1","0","2","0","5","35","1"
"elasticsearch","aa308fe1595dfcaf1593b4428620d42d0ff55f4b","core/src/main/java/org/elasticsearch/action/CompositeIndicesRequest.java","1","0","2","0","5","35","1"
"hazelcast","2b1e6cd0c82f253850b9804749e25af7733ab916","hazelcast/src/main/java/com/hazelcast/core/LifecycleListener.java","1","0","2","0","5","35","0"
"netty","9125060752f5124949e55a6868647c75f88cdb01","handler/src/main/java/io/netty/handler/ssl/ApplicationProtocolSelector.java","1","0","2","0","5","35","0"
"BroadleafCommerce","7f32ff7ff4e70f018682687549d718fef88455f8","admin/broadleaf-open-admin-platform/src/main/java/org/broadleafcommerce/openadmin/web/controller/AdminTranslationControllerExtensionListener.java","1","0","2","0","5","36","1"
"hazelcast","367b0dbadc9016a1329590b59db6cc04ccef657b","hazelcast/src/main/java/com/hazelcast/core/LifecycleListener.java","1","0","2","0","5","36","2"
"hazelcast","36fd2c9d4fed7cdeadcc1b0d851f09f617fa30b4","hazelcast/src/main/java/com/hazelcast/core/LifecycleListener.java","1","0","2","0","5","36","2"
"elasticsearch","889db1c824d8c573835e8cbadd0c6f3ba25f8fcd","src/main/java/org/elasticsearch/cluster/TimeoutClusterStateUpdateTask.java","1","0","2","0","5","36","1"
"elasticsearch","598854dd72d7fb01a7e26a9dad065de3deaa5eb7","src/main/java/org/elasticsearch/cluster/TimeoutClusterStateUpdateTask.java","1","0","2","0","5","36","0"
"elasticsearch","3d13c27fa0df12018f35f1b20987c90277e9b6f9","core/src/main/java/org/elasticsearch/common/io/stream/StreamableReader.java","1","0","2","0","5","37","1"
"elasticsearch","4b94eb5cb8cc4294ed0e932a5f22c16bd90d4dd7","core/src/main/java/org/elasticsearch/action/CompositeIndicesRequest.java","1","0","2","0","5","37","2"
"elasticsearch","860efb2ad28db09189c8423e05d0dba53010259c","core/src/main/java/org/elasticsearch/action/CompositeIndicesRequest.java","1","0","2","0","5","37","2"
"elasticsearch","99b0faed14b9301d6cd2a3abe2fa847e8a335c44","src/main/java/org/elasticsearch/script/ExplainableSearchScript.java","1","0","2","0","5","37","1"
"elasticsearch","be4074e13d188d71e1bf2c4b1a4da97118713c03","core/src/main/java/org/elasticsearch/action/CompositeIndicesRequest.java","1","0","2","0","5","37","2"
"elasticsearch","2bd09c4625898d77aa6c015c6f82cf973ed18cb7","core/src/main/java/org/elasticsearch/common/io/stream/StreamableReader.java","1","0","2","0","5","37","0"
"elasticsearch","6eaff9432ddc05adad528761f4ce65545cce9cf8","core/src/main/java/org/elasticsearch/action/CompositeIndicesRequest.java","1","0","2","0","5","37","0"
"elasticsearch","729804cb60e5f552e820d98ceb178e944266813f","core/src/main/java/org/elasticsearch/action/CompositeIndicesRequest.java","1","0","2","0","5","37","0"
"elasticsearch","d3417fb02291f26964d77767020ef345d18c148f","core/src/main/java/org/elasticsearch/action/CompositeIndicesRequest.java","1","0","2","0","5","37","0"
"BroadleafCommerce","214bc668a8362a963f5638d120a8cff8a173dfb4","admin/broadleaf-open-admin-platform/src/main/java/org/broadleafcommerce/openadmin/web/service/MediaBuilderService.java","1","0","2","0","5","38","0"
"neo4j","a401243f8aff453cb8af8e412ea8510f9be786d6","community/kernel/src/main/java/org/neo4j/graphdb/traversal/UniquenessFactory.java","1","0","2","0","5","41","1"
"hazelcast","b3a45d9908bab4174b09d59385a02ff3ed7eada1","hazelcast/src/main/java/com/hazelcast/internal/eviction/EvictableStore.java","1","0","2","0","5","41","1"
"elasticsearch","3d13c27fa0df12018f35f1b20987c90277e9b6f9","core/src/main/java/org/elasticsearch/common/io/stream/Writeable.java","1","0","2","0","5","41","1"
"elasticsearch","2bd09c4625898d77aa6c015c6f82cf973ed18cb7","core/src/main/java/org/elasticsearch/common/io/stream/Writeable.java","1","0","2","0","5","41","0"
"BroadleafCommerce","8eab5e85852450205ee185cc484bebf480ca8a7c","core/broadleaf-framework/src/main/java/org/broadleafcommerce/core/search/dao/SolrIndexDao.java","1","0","2","0","5","42","0"
"BroadleafCommerce","aacde9edcbeff636f03326493a9d244ce547d0f8","admin/broadleaf-open-admin-platform/src/main/java/org/broadleafcommerce/openadmin/server/security/service/ExceptionAwareRowLevelSecurityProvider.java","1","0","2","0","5","43","0"
"hazelcast","47a44ef83f429382b9b9033f81a8c7297e51ab03","hazelcast/src/main/java/com/hazelcast/internal/eviction/EvictableStore.java","1","0","2","0","5","44","0"
"hazelcast","b9d903ab23dbaad884e6add6488d6b6ab3de3bd2","hazelcast/src/main/java/com/hazelcast/projection/Projection.java","1","0","2","0","5","56","1"
"BroadleafCommerce","890b0bcc50d07d82acdf5ae687d2abfbffa34597","admin/broadleaf-open-admin-platform/src/main/java/org/broadleafcommerce/openadmin/server/security/service/RowLevelSecurityService.java","1","0","2","0","5","57","0"
"hazelcast","eca7cec5e3af5e7098dc27a62dea257e072f417d","hazelcast/src/main/java/com/hazelcast/core/ICacheManager.java","1","0","2","0","5","71","0"
"hazelcast","059e863eb7de6e9f9d4c5a747bdb4690a6c95257","hazelcast-client/src/main/java/com/hazelcast/client/connection/AddressProvider.java","1","0","2","0","6","33","1"
"hazelcast","bab7f1c1ba3f3d6d5cbd04e858e99a3955bfe7b9","hazelcast-client/src/main/java/com/hazelcast/client/connection/AddressProvider.java","1","0","2","0","6","34","0"
"hazelcast","31b746bc11a9f8f1787e58c7f4139784dfb5c404","hazelcast/src/main/java/com/hazelcast/cache/HazelcastCacheManager.java","1","0","2","0","6","35","0"
"hazelcast","d2e1f4fce157cacb6842cb7a62b265d6ffd1532a","hazelcast/src/main/java/com/hazelcast/cache/HazelcastCacheManager.java","1","0","2","0","6","35","0"
"hazelcast","6d3367f4f483c762f0f00f98bc4151ad321a87cb","hazelcast/src/main/java/com/hazelcast/cache/HazelcastCacheManager.java","1","0","2","0","6","35","2"
"BroadleafCommerce","eaf8601326b8c9339daf32f915339958d57211d2","core/broadleaf-framework/src/main/java/org/broadleafcommerce/core/search/service/solr/SolrIndexService.java","1","0","2","0","6","36","0"
"netty","36c6a61d33c480798511723486459f4eea04cb47","resolver-dns/src/main/java/io/netty/resolver/dns/DnsServerAddressStreamProvider.java","1","0","2","0","6","37","1"
"hazelcast","bb3ea0e107980d769862cdbda748cc91529d67b5","hazelcast/src/main/java/com/hazelcast/transaction/HazelcastXAResource.java","1","0","2","0","6","38","0"
"BroadleafCommerce","66b90df8e1d48dea727d19decebcf0b65113f2f1","core/broadleaf-framework/src/main/java/org/broadleafcommerce/core/search/dao/SearchFieldDao.java","1","0","2","0","6","40","0"
"hazelcast","b0ef5032ef131debf162165a884667e57cde42c4","hazelcast/src/main/java/com/hazelcast/core/IQueue.java","1","0","2","0","6","46","1"
"neo4j","c287d3fcff4d41dc2fa317c778efc33d6ca11eba","community/bolt/src/main/java/org/neo4j/bolt/security/auth/Authentication.java","1","0","2","0","6","48","0"
"BroadleafCommerce","a943eeae9ff5398e1779755ad265d6e1eb0e094c","common/src/main/java/org/broadleafcommerce/common/payment/service/PaymentGatewayFraudService.java","1","0","2","0","6","50","0"
"antlr4","9e5cda85edba2cd2acbbf352c428c6a84c8c8524","runtime/Java/src/org/antlr/v4/runtime/tree/SyntaxTree.java","1","0","2","0","6","52","0"
"antlr4","94bb7c0af3d910a0c63abc5df0efc52ebcaddfe3","runtime/Java/src/org/antlr/v4/runtime/tree/SyntaxTree.java","1","0","2","0","6","56","0"
"elasticsearch","3add12a9708a12d3e55c923cf7468296ed6147cc","src/main/java/org/elasticsearch/script/ExplainableSearchScript.java","1","0","2","0","6","61","0"
"hazelcast","0880710f355f33d03b8d928ec9d22a0ff4f1ca52","hazelcast/src/main/java/com/hazelcast/util/IConcurrentMap.java","1","0","2","0","6","68","2"
"BroadleafCommerce","e65e83a67aac3068ecccd421620fbeb9425c13e1","admin/broadleaf-open-admin-platform/src/main/java/org/broadleafcommerce/openadmin/web/controller/AdminTranslationControllerExtensionHandler.java","1","0","2","0","7","21","0"
"netty","449befa0034e2cf77b3033f62d4f2153cef5a1d7","resolver-dns/src/main/java/io/netty/resolver/dns/DnsServerAddressStream.java","1","0","2","0","7","33","1"
"elasticsearch","c9b0e1de6cbd9acbc9a817a6d24b16d93005b9df","src/main/java/org/elasticsearch/transport/BaseTransportRequestHandler.java","1","0","2","0","7","34","0"
"elasticsearch","25fd9e26c4fb042d6f6dea14efcd239577bdbbc4","client/sniffer/src/main/java/org/elasticsearch/client/sniff/HostsSniffer.java","1","0","2","0","7","36","0"
"hazelcast","06ea97aa16f9fd697b7d7490d4a24ab76fda9143","hazelcast/src/main/java/com/hazelcast/config/InvalidConfigurationException.java","1","0","2","0","7","39","1"
"hazelcast","934929958888f0ee66fecccaadf2e7181cbaa9c2","hazelcast-client/src/main/java/com/hazelcast/client/connection/Authenticator.java","1","0","2","0","7","39","3"
"neo4j","4f04ee08438d4e1c99095d9d8a9f2ec223af89a9","community/kernel/src/main/java/org/neo4j/kernel/api/AssertOpen.java","1","0","2","0","7","39","0"
"BroadleafCommerce","3344f17983edea82ace3b9ba012cae4a1c5e2ac2","admin/broadleaf-open-admin-platform/src/main/java/org/broadleafcommerce/openadmin/web/controller/AdminAbstractListGridExtensionHandler.java","1","0","2","0","7","40","0"
"Android-Universal-Image-Loader","dcb5e7982e71f76bf5aac5830e18c713839ff478","library/src/com/nostra13/universalimageloader/core/display/BitmapDisplayer.java","1","0","2","0","7","42","1"
"hazelcast","2921cff694583b8638dae2991f427e61d5440a9d","hazelcast/src/main/java/com/hazelcast/internal/properties/GroupProperties.java","1","0","2","0","7","46","0"
"Android-Universal-Image-Loader","56f4df896682733c9979b348e46ba77494851304","library/src/com/nostra13/universalimageloader/core/display/BitmapDisplayer.java","1","0","2","0","7","47","0"
"neo4j","036e0742c9800ed47922595c97274b360cfbc9ef","community/bolt/src/main/java/org/neo4j/bolt/security/auth/Authentication.java","1","0","2","0","7","53","1"
"hazelcast","6a57bfa658b8c7afd17423b605703a9fe37a4b49","hazelcast/src/main/java/com/hazelcast/map/eviction/MapEvictionPolicy.java","1","0","2","0","7","58","1"
"hazelcast","a53a7a356800fa958e8f8d7b776181c82f2cf475","hazelcast/src/main/java/com/hazelcast/map/eviction/MapEvictionPolicy.java","1","0","2","0","7","58","1"
"hazelcast","fe16bfe2ef9eb2cc6114714b81905da4bf4b6076","hazelcast/src/main/java/com/hazelcast/map/eviction/MapEvictionPolicy.java","1","0","2","0","7","58","1"
"hazelcast","5f6651bb39e751bb8567c48f422dc2eed02e39d0","hazelcast/src/main/java/com/hazelcast/map/eviction/MapEvictionPolicy.java","1","0","2","0","7","58","0"
"hazelcast","5fdda793de15ab4be06a294e013afa671032f9f0","hazelcast/src/main/java/com/hazelcast/projection/Projection.java","1","0","2","0","7","58","0"
"neo4j","ec9c8a128b39729ca3f12d5b5df61aac233b2a1c","community/graphdb-api/src/main/java/org/neo4j/graphdb/spatial/Point.java","1","0","2","0","8","40","0"
"hazelcast","660bbd97d28d2282bc4ac0bc66a5405e89cd0813","hazelcast-client/src/main/java/com/hazelcast/client/spi/ClientExecutionService.java","1","0","2","0","8","41","0"
"BroadleafCommerce","58d8258a56593bc913efa9aa60d0ca5f8f173bd8","core/broadleaf-framework-web/src/main/java/org/broadleafcommerce/core/web/service/UpdateCartServiceExtensionHandler.java","1","0","2","0","8","44","0"
"netty","6d80c641e92588a5317c0b9a9631918a521d52bc","resolver-dns/src/main/java/io/netty/resolver/dns/SingletonDnsServerAddressStreamProvider.java","1","0","2","0","9","35","0"
"netty","82b617dfe9d28b6361006e6e9943fc83248aa7dd","transport/src/main/java/io/netty/channel/ChannelPromiseNotifier.java","1","0","2","0","9","36","1"
"BroadleafCommerce","9a2399ccabc71c63572c786cacfa9d17404bf0db","admin/broadleaf-open-admin-platform/src/main/java/org/broadleafcommerce/openadmin/server/service/persistence/module/provider/extension/RuleFieldPersistenceProviderCascadeExtensionHandler.java","1","0","2","0","9","44","0"
"neo4j","530cd9dd6f2874f7121a6905d6d7ad1a6b42f376","community/kernel/src/main/java/org/neo4j/storageengine/api/StorageCommand.java","1","0","2","0","9","46","1"
"hazelcast","485f426abc042144ebf9fd213e724556ad967191","hazelcast/src/main/java/com/hazelcast/cache/impl/nearcache/NearCacheExecutor.java","1","0","2","0","9","46","1"
"hazelcast","51bdf8a403e085bb80d7dfad88cfd3a816bfaec8","hazelcast/src/main/java/com/hazelcast/cache/impl/nearcache/NearCacheExecutor.java","1","0","2","0","9","46","1"
"hazelcast","8d373b62327a5c012a5b8f2bad456311df03bf61","hazelcast/src/main/java/com/hazelcast/cache/impl/nearcache/NearCacheExecutor.java","1","0","2","0","9","46","1"
"neo4j","13e3d20860f871d1c13c10429f2d4d31d6180c8b","community/kernel/src/main/java/org/neo4j/storageengine/api/StorageCommand.java","1","0","2","0","9","46","0"
"hazelcast","2921cff694583b8638dae2991f427e61d5440a9d","hazelcast-client/src/main/java/com/hazelcast/client/internal/properties/ClientProperties.java","1","0","2","0","9","48","0"
"neo4j","56a78bda41deece417a3107c86a15af02c417a17","community/common/src/main/java/org/neo4j/function/ThrowingAction.java","1","0","2","1","10","43","0"
"mcMMO","3b05bb96e36af09bf58f84f3bd49938d7826d807","src/main/java/com/gmail/nossr50/events/chat/McMMOPartyChatEvent.java","1","0","2","1","12","23","0"
"elasticsearch","7adf9929bae22049d157676756b49597bca98426","core/src/test/java/org/elasticsearch/plugins/lucene/newer/NewerLucenePlugin.java","1","0","2","1","12","41","1"
"elasticsearch","13805c2a23763da08a15c5f1de618edb95d340dc","core/src/main/java/org/elasticsearch/action/admin/cluster/node/tasks/list/ListTasksRequestBuilder.java","1","0","2","1","12","42","1"
"BroadleafCommerce","58d8258a56593bc913efa9aa60d0ca5f8f173bd8","core/broadleaf-framework/src/main/java/org/broadleafcommerce/core/order/service/OrderServiceExtensionManager.java","1","0","2","1","12","43","1"
"BroadleafCommerce","035a68d4f608f9164602b462a176ff3c63ca4e8b","core/broadleaf-framework/src/main/java/org/broadleafcommerce/core/order/dao/OrderDaoExtensionManager.java","1","0","2","1","13","42","0"
"elasticsearch","25fd9e26c4fb042d6f6dea14efcd239577bdbbc4","core/src/main/java/org/elasticsearch/action/admin/indices/alias/IndicesAliasesClusterStateUpdateRequest.java","1","0","2","1","13","43","0"
"elasticsearch","984b94e8b75f4c7f5a5e878548509a36bdeeec37","core/src/main/java/org/elasticsearch/action/admin/indices/upgrade/post/UpgradeSettingsRequestBuilder.java","1","0","2","1","13","44","1"
"BroadleafCommerce","58d8258a56593bc913efa9aa60d0ca5f8f173bd8","core/broadleaf-framework/src/main/java/org/broadleafcommerce/core/order/dao/OrderDaoExtensionManager.java","1","0","2","1","13","45","0"
"elasticsearch","31b793591ea4dd4c60088d9185fb66a3f7ae293e","src/main/java/org/apache/lucene/search/DeletionAwareConstantScoreQuery.java","1","0","2","1","13","48","0"
"elasticsearch","1f04182b8164ffb19f3805c48d67f0375262b317","core/src/main/java/org/elasticsearch/action/admin/indices/refresh/RefreshRequest.java","1","0","2","1","13","51","0"
"elasticsearch","aea00a62f3825e388e07007d3c8686f93c2d3f8e","core/src/main/java/org/elasticsearch/action/admin/indices/refresh/RefreshRequest.java","1","0","2","1","13","53","1"
"elasticsearch","f71c9a25a182f05a7b54f3b773921b763981c2a5","core/src/main/java/org/elasticsearch/action/admin/indices/upgrade/post/UpgradeSettingsRequestBuilder.java","1","0","2","1","15","46","0"
"elasticsearch","28109a18a2dc1f30207d09bdfb2148e8d7906337","core/src/main/java/org/elasticsearch/cluster/routing/allocation/StartedRerouteAllocation.java","1","0","2","1","17","50","1"
"elasticsearch","6e566cdf6cab837bdbdb5300ca85038fba1488c1","core/src/main/java/org/elasticsearch/cluster/routing/allocation/StartedRerouteAllocation.java","1","0","2","1","17","50","1"
"elasticsearch","4a6f3c78408c316d9f6f212d2664adda13c54a44","core/src/main/java/org/elasticsearch/cluster/routing/allocation/StartedRerouteAllocation.java","1","0","2","1","17","50","0"
"elasticsearch","371c73e14023917f3892090d2d3d7ff9ac1216b9","core/src/main/java/org/elasticsearch/cluster/routing/allocation/StartedRerouteAllocation.java","1","0","2","1","17","51","3"
"elasticsearch","78574d248cf10dad1c5a566fda79e1e0c94afe43","core/src/main/java/org/elasticsearch/cluster/routing/allocation/StartedRerouteAllocation.java","1","0","2","1","17","51","2"
"elasticsearch","e6aaaf11ed4a1b8f595f920de1840938eddb7a97","core/src/main/java/org/elasticsearch/cluster/routing/allocation/StartedRerouteAllocation.java","1","0","2","1","17","51","2"
"elasticsearch","31b0777c911a87b7ebae0efd7d5b14d1e06f3879","core/src/main/java/org/elasticsearch/cluster/routing/allocation/StartedRerouteAllocation.java","1","0","2","1","17","51","0"
"elasticsearch","a60b8948ba1d836a6eac7cff095519e618939ed8","core/src/main/java/org/elasticsearch/cluster/routing/allocation/StartedRerouteAllocation.java","1","0","2","1","17","51","0"
"ceylon-ide-eclipse","d97dcb889258ac748139dde5679efa447466d141","plugins/com.redhat.ceylon.eclipse.ui/java-to-ceylon-source/com/redhat/ceylon/eclipse/code/complete/completionJ2C.java","1","0","2","1","18","29","0"
"hazelcast","565257f977407eb3a0199d082860209c2958f5f9","hazelcast/src/main/java/com/hazelcast/spi/impl/operationexecutor/classic/PartitionOperationThread.java","1","0","2","1","20","49","1"
"hazelcast","564167c1f93b32ce742411106e9ae67eae88a801","hazelcast/src/main/java/com/hazelcast/spi/impl/operationexecutor/classic/PartitionOperationThread.java","1","0","2","1","21","50","0"
"hazelcast","c1af747853a70d042721e94beab8bbd204514c5a","hazelcast-client-legacy/src/main/java/com/hazelcast/client/spi/impl/listener/ClientEventRegistration.java","1","0","2","1","22","72","1"
"elasticsearch","80e5c0acf8ef0861f6432546579e88451ed396a6","plugins/discovery-gce/src/main/java/org/elasticsearch/cloud/gce/GceComputeService.java","1","0","2","1","22","93","0"
"elasticsearch","7140d184ab4b46a81459236f83ea86b2c64d1472","plugins/discovery-gce/src/main/java/org/elasticsearch/cloud/gce/GceComputeService.java","1","0","2","1","24","95","1"
"neo4j","a71c7c9a11a94edc38bdf162ae07d2d270ebe27c","community/kernel/src/main/java/org/neo4j/kernel/api/exceptions/KernelException.java","1","0","2","1","26","54","1"
"elasticsearch","9ca5e6e3e12cf4f13eb6ed0140d9073ba89c61c9","src/test/java/org/elasticsearch/test/ElasticsearchLuceneTestCase.java","1","0","2","1","26","58","1"
"hazelcast","86b064ba3f1e467e74e95d6da24b03122065ce36","hazelcast/src/main/java/com/hazelcast/spi/impl/operationexecutor/impl/PartitionOperationThread.java","1","0","2","1","30","61","2"
"antlr4","17128d64869d43582bccd523f32463d2edaaffc7","runtime/Java/src/org/antlr/v4/runtime/atn/DecisionInfo.java","1","0","2","1","43","255","0"
"netty","2adebc4c54ae98565db8e2a3c02b2ffaa0c101fe","buffer/src/main/java/io/netty/buffer/ChannelBuf.java","1","0","2","1","5","30","1"
"hazelcast","56320e88e687e5353bf7bdcdffde3c499bbdcd0f","hazelcast/src/main/java/com/hazelcast/cluster/ClusterClock.java","1","0","2","1","5","38","0"
"elasticsearch","fef0ffc49e52ea36e2c412a3237fcfebe2d31a55","plugins/repository-s3/src/main/java/org/elasticsearch/cloud/aws/AwsS3Service.java","1","0","2","1","56","160","1"
"elasticsearch","f8e0557be5e8177382c9d1e36bf8dffa979e5446","plugins/repository-s3/src/main/java/org/elasticsearch/cloud/aws/AwsS3Service.java","1","0","2","1","57","161","0"
"orientdb","548b78052e5a3b8fb3bb26dc8addbb6f2a8f80f1","lucene/src/test/java/com/orientechnologies/lucene/test/LuceneFreezeReleaseTest.java","1","0","2","1","61","101","0"
"hazelcast","0cd4bb6392267a1761257eb39b69c734d59f536d","hazelcast/src/main/java/com/hazelcast/concurrent/lock/InternalLockService.java","1","0","2","1","7","43","1"
"hazelcast","cd35fc8c917fecde13fedd6c6cf6a43699625bc7","hazelcast/src/main/java/com/hazelcast/concurrent/lock/InternalLockService.java","1","0","2","1","7","43","1"
"hazelcast","a9da50b15f2d567b31e675013a016c06ebd2eba0","hazelcast/src/main/java/com/hazelcast/concurrent/lock/InternalLockService.java","1","0","2","1","7","43","0"
"hazelcast","264ea092a185417c64290cfb1f3a09c613639300","hazelcast/src/main/java/com/hazelcast/concurrent/lock/InternalLockService.java","1","0","2","1","7","45","0"
"elasticsearch","25fd9e26c4fb042d6f6dea14efcd239577bdbbc4","core/src/main/java/org/elasticsearch/action/admin/indices/rollover/RolloverRequestBuilder.java","1","0","2","10","52","103","0"
"elasticsearch","e1efd5f6baf8dec1c23c79b346b8a29f234a98bb","core/src/main/java/org/elasticsearch/indices/recovery/StartRecoveryRequest.java","1","0","2","10","71","126","0"
"elasticsearch","298cf1cf21b7f1fe0077daf185a8a66267f56ea4","core/src/main/java/org/elasticsearch/search/aggregations/bucket/range/geodistance/InternalGeoDistance.java","1","0","2","10","79","122","1"
"junit","1d86784cd452e8d9e30d812255cadb75ef8dae15","src/test/java/junit/tests/framework/SuiteTest.java","1","0","2","10","81","98","1"
"elasticsearch","9077bb6528f843ca8042ff95f8fac47140ef5aa1","modules/elasticsearch/src/test/java/org/elasticsearch/index/query/xcontent/SimpleIndexQueryParserTests.java","1","0","2","101","1157","1351","0"
"elasticsearch","523a8b4c3e8003316f3e7c6a74bdd5e4e1818dd6","modules/elasticsearch/src/test/java/org/elasticsearch/index/query/xcontent/SimpleIndexQueryParserTests.java","1","0","2","101","1170","1364","0"
"hazelcast","504866d549cfe898923a00f4e924cabaac916b5c","hazelcast/src/main/java/com/hazelcast/client/ClientEngine.java","1","0","2","11","26","70","2"
"antlr4","29c2712ae1eee9575324db48c2f72c7cb0d28308","tool/test/org/antlr/v4/test/tool/TestCompositeGrammars.java","1","0","2","11","324","407","1"
"elasticsearch","cb8fe00b0ebd16a0bd12106ed6785eabac2b658b","core/src/main/java/org/elasticsearch/search/aggregations/bucket/range/geodistance/InternalGeoDistance.java","1","0","2","11","83","128","0"
"elasticsearch","ce862da8f48211e641f227f52126e1370eba4f50","modules/elasticsearch/src/test/java/org/elasticsearch/index/query/xcontent/SimpleIndexQueryParserTests.java","1","0","2","117","1323","1537","1"
"elasticsearch","1d240aaff66c6ed10cc46cb4b745cd8dd58d667d","modules/elasticsearch/src/test/java/org/elasticsearch/index/query/xcontent/SimpleIndexQueryParserTests.java","1","0","2","118","1335","1553","0"
"BroadleafCommerce","4b899b0b30679392365b1286b26fd502eee6594c","admin/broadleaf-open-admin-platform/src/main/java/org/broadleafcommerce/openadmin/server/security/domain/AdminModuleImpl.java","1","0","2","12","114","164","1"
"BroadleafCommerce","e216da5ebb303680f5c60ffcd75979f5876ab5a6","admin/broadleaf-open-admin-platform/src/main/java/org/broadleafcommerce/openadmin/server/security/domain/AdminModuleImpl.java","1","0","2","12","114","167","0"
"hazelcast","69975a8df84795d2fbd45e45b1d169e13fcbf0b1","hazelcast-wm/src/test/java/com/hazelcast/wm/test/WebFilterBasicTest.java","1","0","2","12","116","158","1"
"neo4j","8a31284a00600fe653939a9b2206e0382deded40","enterprise/security/src/main/java/org/neo4j/server/security/enterprise/auth/EnterpriseUserManager.java","1","0","2","12","119","190","0"
"neo4j","b070962e9b00726d50df951106225fa252b7efeb","community/kernel/src/main/java/org/neo4j/kernel/api/security/AccessMode.java","1","0","2","12","166","231","0"
"hazelcast","97eaaa146cf36d563b23a99ba58f1bbd2cf015c9","hazelcast/src/main/java/com/hazelcast/map/mapstore/MapDataStore.java","1","0","2","12","18","47","1"
"elasticsearch","1f04182b8164ffb19f3805c48d67f0375262b317","core/src/main/java/org/elasticsearch/action/admin/cluster/node/hotthreads/NodesHotThreadsRequest.java","1","0","2","12","72","118","0"
"elasticsearch","551b98f2f8cf4c8a37a61dca2b642e23f56ede4e","modules/elasticsearch/src/test/java/org/elasticsearch/index/query/SimpleIndexQueryParserTests.java","1","0","2","128","1442","1673","0"
"elasticsearch","11f19ff6da348d9de07d2dcce8e18428d4ef286e","modules/elasticsearch/src/test/java/org/elasticsearch/index/query/SimpleIndexQueryParserTests.java","1","0","2","129","1453","1685","0"
"elasticsearch","4b94eb5cb8cc4294ed0e932a5f22c16bd90d4dd7","core/src/main/java/org/elasticsearch/action/admin/cluster/node/hotthreads/NodesHotThreadsRequest.java","1","0","2","13","72","116","2"
"elasticsearch","860efb2ad28db09189c8423e05d0dba53010259c","core/src/main/java/org/elasticsearch/action/admin/cluster/node/hotthreads/NodesHotThreadsRequest.java","1","0","2","13","72","116","2"
"elasticsearch","d3417fb02291f26964d77767020ef345d18c148f","core/src/main/java/org/elasticsearch/action/admin/cluster/node/hotthreads/NodesHotThreadsRequest.java","1","0","2","13","72","116","0"
"elasticsearch","4a9faac470f57d8803fed4d29e15177766437734","src/test/java/org/elasticsearch/test/unit/index/query/SimpleIndexQueryParserTests.java","1","0","2","132","1615","1851","0"
"elasticsearch","f47d62cc304b1174dea30ce09b468a97907738ab","src/test/java/org/elasticsearch/test/unit/index/query/SimpleIndexQueryParserTests.java","1","0","2","132","1623","1860","0"
"elasticsearch","120560bd0acc6d2502836c1f96fd14db7bc491b9","src/test/java/org/elasticsearch/test/unit/index/query/SimpleIndexQueryParserTests.java","1","0","2","133","1632","1870","0"
"elasticsearch","148dc3c0137c9437ed74bcedb8610b3760fce870","src/test/java/org/elasticsearch/test/unit/index/query/SimpleIndexQueryParserTests.java","1","0","2","133","1634","1872","0"
"elasticsearch","c8285739d28c6f363e123266e4dc0e1e788c5c69","src/test/java/org/elasticsearch/test/unit/index/query/SimpleIndexQueryParserTests.java","1","0","2","134","1644","1883","0"
"elasticsearch","14d6b0494477d4a3418a6a4da5bc00ad92f8fd07","modules/lang-painless/src/test/java/org/elasticsearch/painless/WhenThingsGoWrongTests.java","1","0","2","14","125","233","0"
"BroadleafCommerce","9a2399ccabc71c63572c786cacfa9d17404bf0db","integration/src/test/java/org/broadleafcommerce/test/config/AdminSpringBootTestConfiguration.java","1","0","2","14","137","191","0"
"hazelcast","26e401e1921fb3af25c7b73c4632773c980708c5","hazelcast/src/main/java/com/hazelcast/query/Predicates.java","1","0","2","14","62","108","0"
"elasticsearch","c298c19177936733821228e4b0d10f956e3e7473","src/test/java/org/elasticsearch/test/unit/index/query/SimpleIndexQueryParserTests.java","1","0","2","144","1778","2043","0"
"elasticsearch","43e07c0c886223c65d26a4e3bdb7815ff15abe7d","core/src/main/java/org/elasticsearch/indices/recovery/RecoveryFileChunkRequest.java","1","0","2","15","104","150","0"
"elasticsearch","f132a8f1c84fd835d941db547c0f668e0abdf415","modules/lang-painless/src/test/java/org/elasticsearch/painless/WhenThingsGoWrongTests.java","1","0","2","15","129","238","0"
"orientdb","a56ae91e7d9f772da4288542cee900793c24e5e1","server/src/main/java/com/orientechnologies/orient/server/distributed/task/OAbstractRemoteTask.java","1","0","2","15","54","102","0"
"orientdb","ce730084aa5f7cde8321f5f9913349040d5b5425","server/src/main/java/com/orientechnologies/orient/server/distributed/task/OAbstractRemoteTask.java","1","0","2","15","54","102","0"
"orientdb","adddd500f5b684336e6d81b081c449dabe52977d","server/src/main/java/com/orientechnologies/orient/server/distributed/task/OAbstractRemoteTask.java","1","0","2","15","54","102","1"
"elasticsearch","32abf6b890df7684d3798c096b44a767c226b3a8","src/test/java/org/elasticsearch/test/unit/index/query/SimpleIndexQueryParserTests.java","1","0","2","152","1871","2151","1"
"elasticsearch","927fda8a61a51f9d60c7776c0011a741b4313236","src/test/java/org/elasticsearch/test/unit/index/query/SimpleIndexQueryParserTests.java","1","0","2","154","1909","2194","0"
"hazelcast","880c947953af61f79c1f75c9f5aa872684923a53","hazelcast/src/test/java/com/hazelcast/cache/CachingProviderTest.java","1","0","2","16","143","193","1"
"hazelcast","afa75d6317d9f69a64083650d1da2a77e2f2e4e0","hazelcast/src/test/java/com/hazelcast/cache/CachingProviderTest.java","1","0","2","16","149","200","0"
"hazelcast","58439dcfa60165cca74369e88a0bdef376125c08","hazelcast-wm/src/test/java/com/hazelcast/wm/test/WebFilterBasicTest.java","1","0","2","16","153","200","3"
"hazelcast","e6667194e520431ae4f36ae951ba8afc5072968f","hazelcast/src/test/java/com/hazelcast/cache/CachingProviderTest.java","1","0","2","16","156","207","0"
"hazelcast","e718530747abdcbe6c6029b8c968e7d116d66cb4","hazelcast/src/test/java/com/hazelcast/cache/CachingProviderTest.java","1","0","2","16","156","207","0"
"hazelcast","2eab58fcd53d07caded6ebb80a168350ae042eff","hazelcast/src/test/java/com/hazelcast/cache/CachingProviderTest.java","1","0","2","16","156","207","1"
"elasticsearch","98640310c2adff8f8d164590faf019193201c747","src/main/java/org/elasticsearch/search/internal/ShardSearchRequest.java","1","0","2","16","26","74","1"
"elasticsearch","8bdfd21b70568a39ebf5232e8c395f5206a7a63f","src/main/java/org/elasticsearch/search/internal/ShardSearchRequest.java","1","0","2","16","29","77","0"
"orientdb","7a678522a2d83448543bc75d7360ac0857529727","server/src/main/java/com/orientechnologies/orient/server/distributed/task/OAbstractRemoteTask.java","1","0","2","16","56","105","0"
"neo4j","debd60404ad96ed7b0ff92fcfa8651174788fbc6","enterprise/kernel/src/main/java/org/neo4j/kernel/enterprise/api/security/EnterpriseSecurityContext.java","1","0","2","16","92","136","1"
"elasticsearch","57c0d29114b60f74e43ceb0914c26d490b61a265","src/test/java/org/elasticsearch/test/unit/index/query/SimpleIndexQueryParserTests.java","1","0","2","160","1968","2264","1"
"elasticsearch","b11f81d744a5c23bf7c20d696939e226905c60e7","src/test/java/org/elasticsearch/test/unit/index/query/SimpleIndexQueryParserTests.java","1","0","2","160","1972","2269","0"
"BroadleafCommerce","4c0a8b2c4bddabc4e97467c8022161826c630c8c","admin/broadleaf-open-admin-platform/src/main/java/org/broadleafcommerce/openadmin/web/form/entity/DynamicEntityFormInfo.java","1","0","2","17","70","131","0"
"hazelcast","f256296d39020e8a85f8b0e2a76b646501e84e7b","hazelcast/src/main/java/com/hazelcast/map/impl/MapService.java","1","0","2","18","152","228","2"
"hazelcast","8f706352ccb43698b7a679ee9dd8e03d56d0540c","hazelcast/src/main/java/com/hazelcast/map/MapService.java","1","0","2","18","153","229","1"
"hazelcast","a19665ac35f0c4606ec6eb55df2ce63f58d6fda4","hazelcast/src/main/java/com/hazelcast/map/MapService.java","1","0","2","18","153","229","2"
"hazelcast","9cbd981e8a86fc70d083f98c3eb2390d0bbdc369","hazelcast/src/main/java/com/hazelcast/map/MapService.java","1","0","2","18","153","229","0"
"elasticsearch","371c73e14023917f3892090d2d3d7ff9ac1216b9","core/src/main/java/org/elasticsearch/action/admin/indices/create/CreateIndexClusterStateUpdateRequest.java","1","0","2","18","92","146","3"
"elasticsearch","78574d248cf10dad1c5a566fda79e1e0c94afe43","core/src/main/java/org/elasticsearch/action/admin/indices/create/CreateIndexClusterStateUpdateRequest.java","1","0","2","18","92","146","2"
"elasticsearch","e6aaaf11ed4a1b8f595f920de1840938eddb7a97","core/src/main/java/org/elasticsearch/action/admin/indices/create/CreateIndexClusterStateUpdateRequest.java","1","0","2","18","92","146","2"
"elasticsearch","a60b8948ba1d836a6eac7cff095519e618939ed8","core/src/main/java/org/elasticsearch/action/admin/indices/create/CreateIndexClusterStateUpdateRequest.java","1","0","2","18","92","146","0"
"neo4j","8ab0685a4620653b3c1764d5bd04598a2e954bb2","enterprise/kernel/src/main/java/org/neo4j/kernel/enterprise/api/security/EnterpriseSecurityContext.java","1","0","2","19","107","155","0"
"elasticsearch","a487b90498ae469b4437cc85d745c645ae5d4f79","modules/lang-painless/src/test/java/org/elasticsearch/painless/WhenThingsGoWrongTests.java","1","0","2","19","154","271","1"
"elasticsearch","97a9b4ec2fb6691437c86b694b77d56e81efcaa1","src/test/java/org/elasticsearch/common/geo/ShapeBuilderTests.java","1","0","2","19","426","535","1"
"neo4j","2e27f92cd55a1b84efcb0d4b6bc95b16450304a2","community/kernel/src/main/java/org/neo4j/kernel/api/security/AuthSubject.java","1","0","2","2","103","159","1"
"neo4j","1f22cd0deabcf1e618e4053524cdbfea4940c059","community/kernel/src/main/java/org/neo4j/kernel/api/security/AuthSubject.java","1","0","2","2","105","162","0"
"neo4j","6b75a9235ea38e0c47caacd25cc919023c0c958b","community/lucene-index/src/main/java/org/neo4j/kernel/api/impl/labelscan/LabelScanIndex.java","1","0","2","2","12","48","0"
"elasticsearch","e1efd5f6baf8dec1c23c79b346b8a29f234a98bb","core/src/main/java/org/elasticsearch/action/admin/indices/refresh/RefreshRequest.java","1","0","2","2","13","51","0"
"elasticsearch","ef192ff2cffbf8dee6b3d2c3a12122ea75561800","core/src/main/java/org/elasticsearch/rest/action/RestBuilderListener.java","1","0","2","2","14","45","1"
"BroadleafCommerce","a943eeae9ff5398e1779755ad265d6e1eb0e094c","common/src/main/java/org/broadleafcommerce/common/web/payment/processor/TRCreditCardExtensionHandler.java","1","0","2","2","14","78","0"
"mcMMO","e9dcb3100278ae2ccb92598f8e05ace2ebd903e2","src/main/java/com/gmail/nossr50/events/chat/McMMOPartyChatEvent.java","1","0","2","2","16","28","0"
"elasticsearch","1f04182b8164ffb19f3805c48d67f0375262b317","core/src/main/java/org/elasticsearch/action/admin/cluster/stats/ClusterStatsRequest.java","1","0","2","2","20","55","0"
"elasticsearch","6e7e89159bff9dc60b619c0ee752dd88c6d4446a","core/src/main/java/org/elasticsearch/rest/action/RestBuilderListener.java","1","0","2","2","22","56","0"
"elasticsearch","22fa91efa041ec5ec36e6d768e240357d4834590","modules/elasticsearch/src/main/java/org/elasticsearch/index/store/memory/ByteBufferStore.java","1","0","2","2","24","58","0"
"elasticsearch","2e445d3ede953c90e4e1ce69e5f53192115b9dd7","core/src/main/java/org/elasticsearch/common/lucene/index/ElasticsearchLeafReader.java","1","0","2","2","24","63","1"
"elasticsearch","f2eae5b6057d562f47768eebade3adcc93326f6a","modules/elasticsearch/src/main/java/org/elasticsearch/index/store/memory/ByteBufferStore.java","1","0","2","2","25","59","0"
"elasticsearch","cbdaf4950bdf44b9669f0d1a169ac23c18eebab4","src/main/java/org/elasticsearch/action/support/nodes/NodeOperationResponse.java","1","0","2","2","27","62","1"
"hazelcast","e4f7959a373b0263506a00fa6941d0020407e6fd","hazelcast/src/main/java/com/hazelcast/client/impl/protocol/parameters/LongResultParameters.java","1","0","2","2","28","50","1"
"elasticsearch","27b973830d2c65359e9a54e4d12c221d163d4de2","src/main/java/org/elasticsearch/action/support/nodes/NodeOperationResponse.java","1","0","2","2","28","63","0"
"antlr4","29c2712ae1eee9575324db48c2f72c7cb0d28308","tool/test/org/antlr/v4/test/tool/TestErrorSets.java","1","0","2","2","28","70","0"
"orientdb","39a8884d03c0bc49b8ecf655a22fe80646afa1e6","spatial/src/main/java/com/orientechnologies/spatial/strategy/SpatialQueryBuilderOverlap.java","1","0","2","2","29","59","0"
"elasticsearch","db11c30dd5970169f06f0594ad7db382206cecea","src/main/java/org/elasticsearch/action/count/CountResponse.java","1","0","2","2","29","67","1"
"netty","77b4ec7e1bc0b8c6111728cc074226dd9cfe1b73","buffer/src/test/java/io/netty/buffer/DuplicateByteBufTest.java","1","0","2","2","35","67","0"
"hazelcast","e4f7959a373b0263506a00fa6941d0020407e6fd","hazelcast/src/main/java/com/hazelcast/client/impl/protocol/parameters/AuthenticationResultParameters.java","1","0","2","2","37","72","1"
"hazelcast","e4f7959a373b0263506a00fa6941d0020407e6fd","hazelcast/src/main/java/com/hazelcast/client/impl/protocol/parameters/ExceptionResultParameters.java","1","0","2","2","37","73","1"
"hazelcast","e4f7959a373b0263506a00fa6941d0020407e6fd","hazelcast/src/main/java/com/hazelcast/client/impl/protocol/parameters/EntryEventParameters.java","1","0","2","2","49","82","1"
"hazelcast","f68ca8d3fc0960f5faace25206e7157a10616bbe","hazelcast-client/src/main/java/com/hazelcast/client/spi/EventHandler.java","1","0","2","2","6","39","0"
"hazelcast","6a047d13568f5eff8144a9158f04ab017b121835","hazelcast/src/main/java/com/hazelcast/internal/cluster/ClusterClock.java","1","0","2","2","6","40","1"
"netty","e59ae12b4239b08c000bb382cd1d9068fd8a8fea","codec/src/main/java/io/netty/handler/codec/ByteToMessageCodec.java","1","0","2","2","66","144","1"
"elasticsearch","90b547cf2c82b03fe42b9cce4ea878d81734228a","src/main/java/org/elasticsearch/index/mapper/RootMapper.java","1","0","2","2","7","40","0"
"hazelcast","324c12ca123c52820e6a271c2095649a57a9844f","hazelcast-client/src/main/java/com/hazelcast/client/spi/ClientListenerService.java","1","0","2","2","8","40","2"
"elasticsearch","7adf9929bae22049d157676756b49597bca98426","core/src/test/java/org/elasticsearch/nodesinfo/SimpleNodesInfoTests.java","1","0","2","2","93","160","1"
"elasticsearch","25fd9e26c4fb042d6f6dea14efcd239577bdbbc4","core/src/main/java/org/elasticsearch/action/admin/indices/create/CreateIndexClusterStateUpdateRequest.java","1","0","2","20","101","158","0"
"elasticsearch","35990f572b23ed3bfc9e810354d4b83bd69bb3d7","src/main/java/org/elasticsearch/index/service/IndexService.java","1","0","2","20","41","90","1"
"elasticsearch","97c4cd4812f6511c038b359edc56394e996d6d3b","modules/lang-painless/src/test/java/org/elasticsearch/painless/WhenThingsGoWrongTests.java","1","0","2","21","168","287","0"
"elasticsearch","1644444a4f99d10ee0865161e588eec8c093b381","src/main/java/org/elasticsearch/index/service/IndexService.java","1","0","2","21","42","92","0"
"hazelcast","d38202141395360399c9cf97d4453adf5b1581e1","hazelcast/src/main/java/com/hazelcast/client/impl/protocol/parameters/ListTemplate.java","1","0","2","21","53","98","1"
"hazelcast","92c9e90afd37615e6c37493123b053a4f4a5c145","hazelcast/src/main/java/com/hazelcast/client/impl/protocol/template/ListCodecTemplate.java","1","0","2","21","56","100","1"
"hazelcast","b777381e2f8cfc3d8bcde3a87c5cc9993e31d4a2","hazelcast/src/main/java/com/hazelcast/client/impl/protocol/template/ListCodecTemplate.java","1","0","2","21","56","100","1"
"hazelcast","317fabec0c90b274c686ba018cc1b465fee244f2","hazelcast/src/main/java/com/hazelcast/client/impl/protocol/template/ListCodecTemplate.java","1","0","2","21","56","100","0"
"elasticsearch","1e14a30d4c7c795f7f2511083b450c7e8a1dc020","src/main/java/org/elasticsearch/indices/NodeIndicesStats.java","1","0","2","22","143","210","0"
"antlr4","507f331bd08bc01c213822508d18bbc4ba769db4","tool/test/org/antlr/v4/test/TestCompositeGrammars.java","1","0","2","22","548","668","1"
"hazelcast","5566f08f15e0f7312663ed1a845e21eea6fc1a5b","hazelcast/src/main/java/com/hazelcast/client/impl/protocol/template/ListCodecTemplate.java","1","0","2","22","58","103","1"
"hazelcast","a7f07bfdce4479c7a792837c9eb15b3b2eb45392","hazelcast/src/main/java/com/hazelcast/client/impl/protocol/template/ListCodecTemplate.java","1","0","2","22","58","103","2"
"hazelcast","8aad5200f5667461d3959dacaa6d5d179d7b2add","hazelcast/src/main/java/com/hazelcast/client/impl/protocol/template/ListCodecTemplate.java","1","0","2","22","58","103","0"
"antlr4","507f331bd08bc01c213822508d18bbc4ba769db4","tool/test/org/antlr/v4/test/TestSets.java","1","0","2","23","221","284","1"
"antlr4","ac72875491fe75b233da8e355ca7cd2f38ccf399","tool/test/org/antlr/v4/test/TestCompositeGrammars.java","1","0","2","23","565","685","2"
"elasticsearch","a8a35d7c291a999e13a56fd2107427453b7c76ba","src/test/java/org/elasticsearch/common/geo/ShapeBuilderTests.java","1","0","2","24","496","608","0"
"hazelcast","80602397d3b2563cf6ab555b801a82875384976f","hazelcast/src/main/java/com/hazelcast/map/impl/MapServiceContext.java","1","0","2","25","37","87","1"
"hazelcast","6437712f7741046955fc4afa5d6f48565655155e","hazelcast/src/main/java/com/hazelcast/map/impl/MapServiceContext.java","1","0","2","26","39","91","0"
"orientdb","2767a54ee6308493e6a69b4b2951d8d2252bfd6b","core/src/main/java/com/orientechnologies/orient/core/index/OIndexEngine.java","1","0","2","26","43","107","0"
"elasticsearch","09bc3b90e7e6546d0950ff24cc38257e0f9126d3","modules/elasticsearch/src/main/java/org/elasticsearch/common/xcontent/XContentParser.java","1","0","2","26","71","135","0"
"elasticsearch","efc95dc00a8844d9e86427a9d36b9a7b16b55a42","modules/elasticsearch/src/main/java/org/elasticsearch/common/xcontent/XContentParser.java","1","0","2","26","85","151","0"
"BroadleafCommerce","28c29c993d37f222bc59daf04799764a6d2b199b","admin/broadleaf-open-admin-platform/src/main/java/org/broadleafcommerce/openadmin/server/dao/DynamicEntityDao.java","1","0","2","28","49","111","1"
"elasticsearch","a596459ed6580883e83922abffd6651705ff0c1e","src/main/java/org/elasticsearch/index/settings/IndexDynamicSettingsModule.java","1","0","2","3","110","143","2"
"elasticsearch","97559c0614d900a682d01afc241615cf5627fb4c","src/main/java/org/elasticsearch/index/settings/IndexDynamicSettingsModule.java","1","0","2","3","111","144","0"
"elasticsearch","80bd69811d45383f9305550855b0024bc74dca0e","src/test/java/org/elasticsearch/indices/mapping/SimpleGetFieldMappingsTests.java","1","0","2","3","127","185","4"
"BroadleafCommerce","58d8258a56593bc913efa9aa60d0ca5f8f173bd8","core/broadleaf-framework/src/main/java/org/broadleafcommerce/core/order/service/OrderServiceExtensionHandler.java","1","0","2","3","14","48","1"
"BroadleafCommerce","58d8258a56593bc913efa9aa60d0ca5f8f173bd8","common/src/main/java/org/broadleafcommerce/common/extension/AbstractExtensionHandler.java","1","0","2","3","19","59","0"
"elasticsearch","4b94eb5cb8cc4294ed0e932a5f22c16bd90d4dd7","core/src/main/java/org/elasticsearch/action/admin/indices/exists/indices/IndicesExistsRequestBuilder.java","1","0","2","3","20","52","2"
"elasticsearch","860efb2ad28db09189c8423e05d0dba53010259c","core/src/main/java/org/elasticsearch/action/admin/indices/exists/indices/IndicesExistsRequestBuilder.java","1","0","2","3","20","52","2"
"elasticsearch","d3417fb02291f26964d77767020ef345d18c148f","core/src/main/java/org/elasticsearch/action/admin/indices/exists/indices/IndicesExistsRequestBuilder.java","1","0","2","3","20","52","0"
"elasticsearch","e1efd5f6baf8dec1c23c79b346b8a29f234a98bb","core/src/main/java/org/elasticsearch/action/admin/cluster/stats/ClusterStatsRequest.java","1","0","2","3","20","55","0"
"elasticsearch","57c0d29114b60f74e43ceb0914c26d490b61a265","src/main/java/org/elasticsearch/index/query/ParsedQuery.java","1","0","2","3","24","61","1"
"BroadleafCommerce","4fb0cb0d56c6127bc9c41d4814f59f9041a7d338","core/broadleaf-profile-web/src/main/java/org/broadleafcommerce/profile/web/core/CustomerState.java","1","0","2","3","25","60","0"
"elasticsearch","5b4e86389c406cfcd05d87c52d46dc984c263eaf","core/src/main/java/org/elasticsearch/cluster/routing/allocation/FailedRerouteAllocation.java","1","0","2","3","25","61","1"
"elasticsearch","495bf21b461ee15834a81b8f6a1b2311e4058bf6","core/src/main/java/org/elasticsearch/action/support/ContextPreservingActionListener.java","1","0","2","3","27","62","0"
"neo4j","6b75a9235ea38e0c47caacd25cc919023c0c958b","community/lucene-index/src/main/java/org/neo4j/kernel/api/impl/labelscan/ReadOnlyDatabaseLabelScanIndex.java","1","0","2","3","31","65","0"
"titan","97adb1ff1a3fa48a72720c611a2b837626208951","titan-es/src/test/java/com/thinkaurelius/titan/diskstorage/es/BerkeleyElasticsearchTest.java","1","0","2","3","38","54","0"
"neo4j","6b75a9235ea38e0c47caacd25cc919023c0c958b","community/lucene-index/src/main/java/org/neo4j/kernel/api/impl/labelscan/WritableDatabaseLabelScanIndex.java","1","0","2","3","38","71","0"
"titan","9b93bdc971471b1cfd377c6f34309543b824800e","titan-es/src/test/java/com/thinkaurelius/titan/diskstorage/es/BerkeleyElasticsearchTest.java","1","0","2","3","40","58","0"
"elasticsearch","467a459f95d8709379bf3e7f415644b246a89dba","core/src/test/java/org/elasticsearch/search/suggest/CustomSuggester.java","1","0","2","3","43","81","1"
"elasticsearch","821021f0e478ca44d828e62c139ea19f0fd7290a","core/src/test/java/org/elasticsearch/search/suggest/CustomSuggester.java","1","0","2","3","45","83","0"
"neo4j","2fb8aea71a2d50c63f1407b9e975c5e8cbf325dc","community/kernel/src/main/java/org/neo4j/kernel/api/security/AuthManager.java","1","0","2","3","47","89","1"
"elasticsearch","6d9af2fff4833b464fde2c3caaf9948fc1f92460","core/src/test/java/org/elasticsearch/cluster/metadata/MetaDataMappingServiceTests.java","1","0","2","3","59","103","0"
"neo4j","530cd9dd6f2874f7121a6905d6d7ad1a6b42f376","community/kernel/src/test/java/org/neo4j/kernel/impl/api/store/StorageLayerLabelTest.java","1","0","2","3","65","116","2"
"elasticsearch","5df77a8c914a7ee216c9a197174031648c40eba4","core/src/test/java/org/elasticsearch/action/admin/indices/create/CreateIndexRequestBuilderTests.java","1","0","2","3","67","110","2"
"elasticsearch","c9b0e1de6cbd9acbc9a817a6d24b16d93005b9df","src/main/java/org/elasticsearch/transport/TransportRequestHandler.java","1","0","2","3","7","38","0"
"neo4j","7723d89e6d1d951e8923fb102da0228db2e4e8f9","community/kernel/src/test/java/org/neo4j/kernel/impl/api/store/DiskLayerLabelTest.java","1","0","2","3","70","122","1"
"neo4j","4f04ee08438d4e1c99095d9d8a9f2ec223af89a9","community/kernel/src/test/java/org/neo4j/kernel/impl/api/store/DiskLayerLabelTest.java","1","0","2","3","71","123","0"
"elasticsearch","6952f7b5606504666ccac3edb68f43d04d3ebd44","core/src/test/java/org/elasticsearch/action/admin/indices/create/CreateIndexRequestBuilderTests.java","1","0","2","3","74","119","0"
"elasticsearch","589360c8b1a46c1509c7e589f06124b91cb3dbaf","src/main/java/org/elasticsearch/index/mapper/RootMapper.java","1","0","2","3","8","42","1"
"netty","b029800b68d7024d709eb7749bf804074707fac6","codec/src/test/java/io/netty/handler/codec/ByteToMessageDecoderTest.java","1","0","2","3","84","123","0"
"netty","e6ca9882a107c34cf6358c8d7a68561025f06016","codec-http/src/main/java/io/netty/handler/codec/spdy/SpdyHeaders.java","1","0","2","34","82","161","1"
"netty","d92bcff1b6c595e8fea888009b994044bd00793d","codec-http/src/test/java/io/netty/handler/codec/http/HttpContentEncoderTest.java","1","0","2","4","119","176","0"
"netty","ffab456aca37555b20550b4880e3ad67665a2640","codec-http/src/test/java/io/netty/handler/codec/http/HttpContentEncoderTest.java","1","0","2","4","128","185","0"
"elasticsearch","25fd9e26c4fb042d6f6dea14efcd239577bdbbc4","core/src/main/java/org/elasticsearch/action/ActionRequest.java","1","0","2","4","22","59","0"
"orientdb","1b5b0057d670d01b6707fbd05dec214bd5f3f5f3","core/src/main/java/com/orientechnologies/orient/core/sql/functions/misc/OSQLFunctionUUID.java","1","0","2","4","25","62","0"
"orientdb","af71491e4e5daf2acf51c287e07ea3a8aa740ada","core/src/main/java/com/orientechnologies/orient/core/sql/functions/misc/OSQLFunctionUUID.java","1","0","2","4","25","63","1"
"elasticsearch","b11f81d744a5c23bf7c20d696939e226905c60e7","src/main/java/org/elasticsearch/index/query/ParsedQuery.java","1","0","2","4","26","63","0"
"elasticsearch","b1cef5fdf8e1f8e9982a4724986b2731ca4d522b","core/src/main/java/org/elasticsearch/search/aggregations/support/XContentParseContext.java","1","0","2","4","26","66","1"
"netty","b39380ad83cda7ebe79d692216e204b8b6b67568","codec-http2/src/main/java/io/netty/handler/codec/http2/InboundHttp2ToHttpAdapterBuilder.java","1","0","2","4","31","63","0"
"netty","b39380ad83cda7ebe79d692216e204b8b6b67568","codec-http2/src/main/java/io/netty/handler/codec/http2/InboundHttp2ToHttpPriorityAdapterBuilder.java","1","0","2","4","32","65","0"
"elasticsearch","28109a18a2dc1f30207d09bdfb2148e8d7906337","core/src/main/java/org/elasticsearch/cluster/routing/allocation/FailedRerouteAllocation.java","1","0","2","4","32","69","1"
"elasticsearch","371c73e14023917f3892090d2d3d7ff9ac1216b9","core/src/main/java/org/elasticsearch/cluster/routing/allocation/FailedRerouteAllocation.java","1","0","2","4","32","69","3"
"elasticsearch","6e566cdf6cab837bdbdb5300ca85038fba1488c1","core/src/main/java/org/elasticsearch/cluster/routing/allocation/FailedRerouteAllocation.java","1","0","2","4","32","69","1"
"elasticsearch","78574d248cf10dad1c5a566fda79e1e0c94afe43","core/src/main/java/org/elasticsearch/cluster/routing/allocation/FailedRerouteAllocation.java","1","0","2","4","32","69","2"
"elasticsearch","e6aaaf11ed4a1b8f595f920de1840938eddb7a97","core/src/main/java/org/elasticsearch/cluster/routing/allocation/FailedRerouteAllocation.java","1","0","2","4","32","69","2"
"elasticsearch","28090b3d7366044a8cadb0e6d47c324f94c1684a","core/src/main/java/org/elasticsearch/cluster/routing/allocation/FailedRerouteAllocation.java","1","0","2","4","32","69","0"
"elasticsearch","31b0777c911a87b7ebae0efd7d5b14d1e06f3879","core/src/main/java/org/elasticsearch/cluster/routing/allocation/FailedRerouteAllocation.java","1","0","2","4","32","69","0"
"elasticsearch","4a6f3c78408c316d9f6f212d2664adda13c54a44","core/src/main/java/org/elasticsearch/cluster/routing/allocation/FailedRerouteAllocation.java","1","0","2","4","32","69","0"
"elasticsearch","a60b8948ba1d836a6eac7cff095519e618939ed8","core/src/main/java/org/elasticsearch/cluster/routing/allocation/FailedRerouteAllocation.java","1","0","2","4","32","69","0"
"netty","6e5b25733f49d2ea843a89b4d547b856142212ec","codec-http2/src/main/java/io/netty/handler/codec/http2/InboundHttp2ToHttpPriorityAdapterBuilder.java","1","0","2","4","34","68","1"
"elasticsearch","18b73ce8296382f8e5d0b5874e9e8318f084030a","core/src/main/java/org/elasticsearch/index/cache/IndexCache.java","1","0","2","4","35","71","0"
"netty","983920f25f2319272e085beb8eaf10f0701df5a3","codec-http/src/main/java/io/netty/handler/codec/spdy/DefaultSpdySynReplyFrame.java","1","0","2","4","40","73","1"
"hazelcast","a65cac7cdaf9c4c2b8fe1a1eb42e1ee358d75265","hazelcast/src/main/java/com/hazelcast/map/impl/querycache/subscriber/QueryCacheFactory.java","1","0","2","4","40","78","0"
"elasticsearch","b6a9bd9a31862bf4f73efd0009727134b91c4f27","src/main/java/org/elasticsearch/cluster/routing/allocation/decider/AllocationDecider.java","1","0","2","4","41","77","0"
"elasticsearch","3d329e3ba06075e0cb5acf39968dde68cee954a8","core/src/main/java/org/elasticsearch/common/util/concurrent/PrioritizedRunnable.java","1","0","2","4","44","90","0"
"orientdb","39a8884d03c0bc49b8ecf655a22fe80646afa1e6","spatial/src/main/java/com/orientechnologies/spatial/operator/OLuceneSpatialOperator.java","1","0","2","4","46","81","0"
"elasticsearch","57c0d29114b60f74e43ceb0914c26d490b61a265","src/test/java/org/elasticsearch/test/integration/search/suggest/CustomSuggester.java","1","0","2","4","47","86","0"
"orientdb","59ff9e59e206fdb92afde6cab8713e98a723877a","etl/src/test/java/com/orientechnologies/orient/etl/transformer/OVertexTransformerTest.java","1","0","2","4","48","83","0"
"elasticsearch","459d59a04ad4eb1671bac50a6faf3a7ad372d0e4","src/test/java/org/elasticsearch/test/integration/search/suggest/CustomSuggester.java","1","0","2","4","50","89","1"
"orientdb","a2eaf6636bb600c7e6d311b0bb7d112bbaafb4a0","etl/src/test/java/com/orientechnologies/orient/etl/transformer/OETLVertexTransformerTest.java","1","0","2","4","51","89","0"
"elasticsearch","5c0f09b03ab8e82f260810529d7c42b04d1bd239","core/src/test/java/org/elasticsearch/cluster/settings/SettingsFilteringIT.java","1","0","2","4","56","92","1"
"hazelcast","d568e4d926d925d57d4e79e34614390416749301","hazelcast/src/main/java/com/hazelcast/map/impl/EntryViews.java","1","0","2","4","59","97","0"
"hazelcast","c8effb7cfbcb5fc7bb5b4ab81a792c8894e980d4","hazelcast/src/main/java/com/hazelcast/map/impl/operation/MapOperationProvider.java","1","0","2","42","60","134","1"
"elasticsearch","490d29f4fc15d8d156d814a49194e619b687b96a","modules/lang-painless/src/test/java/org/elasticsearch/painless/RegexTests.java","1","0","2","44","196","272","1"
"elasticsearch","257a7d77edf42b17e6c645bae99d5957f0b5732f","modules/lang-painless/src/test/java/org/elasticsearch/painless/RegexTests.java","1","0","2","46","204","285","0"
"elasticsearch","13a347239a48d71486692a72c066e940dec8921b","core/src/test/java/org/elasticsearch/index/query/TemplateQueryParserTest.java","1","0","2","5","115","162","2"
"elasticsearch","821021f0e478ca44d828e62c139ea19f0fd7290a","core/src/test/java/org/elasticsearch/index/query/TemplateQueryParserTest.java","1","0","2","5","122","170","0"
"elasticsearch","467a459f95d8709379bf3e7f415644b246a89dba","core/src/test/java/org/elasticsearch/index/query/TemplateQueryParserTest.java","1","0","2","5","123","171","1"
"hazelcast","7d56df9fc47a8cb24c7659c161cb4e48adcb9835","hazelcast/src/main/java/com/hazelcast/core/MemberLeftException.java","1","0","2","5","30","64","1"
"hazelcast","eaf092a780c766ec8f4b38a77402ed73b4333ab8","hazelcast/src/main/java/com/hazelcast/map/impl/mapstore/writebehind/DelayedEntry.java","1","0","2","5","31","74","0"
"elasticsearch","25fd9e26c4fb042d6f6dea14efcd239577bdbbc4","core/src/main/java/org/elasticsearch/action/admin/indices/shrink/ShrinkRequestBuilder.java","1","0","2","5","31","77","0"
"elasticsearch","6f8f773f8c9f0d2edae7a9eb05409104daa9844a","src/main/java/org/elasticsearch/index/percolator/stats/ShardPercolateService.java","1","0","2","5","36","94","0"
"elasticsearch","21ffd931ec9f6a1fd2e4c93550d3d6ff40b39cf0","core/src/main/java/org/elasticsearch/index/cache/IndexCache.java","1","0","2","5","41","78","1"
"netty","fdfe3149ba3f68678fa7f73c574c7c61aa33fa2f","resolver-dns/src/main/java/io/netty/resolver/dns/DnsNameResolverException.java","1","0","2","5","44","79","0"
"neo4j","68aaaadcde195ca43c9aa6373de935aace3d87e8","community/kernel/src/main/java/org/neo4j/unsafe/batchinsert/BatchInserters.java","1","0","2","5","52","93","0"
"elasticsearch","6edf3447b1bfca04fe2cdcf6bfdf3f00a69fb187","src/test/java/org/elasticsearch/plugin/mapper/attachments/test/SimpleAttachmentIntegrationTests.java","1","0","2","5","97","153","0"
"elasticsearch","abdbfe768b52fe46d14864c35008fcf6c8dc5902","src/main/java/org/elasticsearch/index/shard/service/IndexShard.java","1","0","2","52","102","183","1"
"netty","2adebc4c54ae98565db8e2a3c02b2ffaa0c101fe","buffer/src/main/java/io/netty/buffer/WrappedByteBuf.java","1","0","2","58","123","206","1"
"elasticsearch","371c73e14023917f3892090d2d3d7ff9ac1216b9","core/src/main/java/org/elasticsearch/client/support/AbstractClient.java","1","0","2","59","1424","1731","3"
"elasticsearch","78574d248cf10dad1c5a566fda79e1e0c94afe43","core/src/main/java/org/elasticsearch/client/support/AbstractClient.java","1","0","2","59","1424","1731","2"
"elasticsearch","e6aaaf11ed4a1b8f595f920de1840938eddb7a97","core/src/main/java/org/elasticsearch/client/support/AbstractClient.java","1","0","2","59","1424","1731","2"
"elasticsearch","a60b8948ba1d836a6eac7cff095519e618939ed8","core/src/main/java/org/elasticsearch/client/support/AbstractClient.java","1","0","2","59","1424","1731","0"
"elasticsearch","1d1225b87c77fd72ffd28cfe51cf070eff5a0522","src/test/java/org/elasticsearch/plugin/mapper/attachments/test/SimpleAttachmentIntegrationTests.java","1","0","2","6","104","161","3"
"netty","0065006824005f711136467b211b06abf17e8562","codec-http/src/test/java/io/netty/handler/codec/http/HttpContentEncoderTest.java","1","0","2","6","172","240","0"
"elasticsearch","cd7756c283b4ddbe5cd561b60ecaaaf3c69ab0e2","src/test/java/org/elasticsearch/script/python/PythonScriptSearchTests.java","1","0","2","6","224","292","1"
"elasticsearch","25fd9e26c4fb042d6f6dea14efcd239577bdbbc4","core/src/main/java/org/elasticsearch/action/admin/cluster/node/tasks/get/GetTaskResponse.java","1","0","2","6","39","76","0"
"hazelcast","d38202141395360399c9cf97d4453adf5b1581e1","hazelcast/src/main/java/com/hazelcast/client/impl/protocol/task/NoSuchMessageTask.java","1","0","2","6","44","77","1"
"hazelcast","741ebdaf16fec975a80c5f4beff6db6c82e12798","hazelcast/src/main/java/com/hazelcast/client/impl/protocol/task/NoSuchMessageTask.java","1","0","2","6","48","82","0"
"neo4j","a93c570faa774c1a40b635b6a3e6d8ccb61a99e8","enterprise/com/src/main/java/org/neo4j/com/storecopy/ExternallyManagedPageCache.java","1","0","2","6","75","116","1"
"neo4j","868b4d731485023d2f7477e1133dcd5b263c851d","enterprise/com/src/main/java/org/neo4j/com/storecopy/ExternallyManagedPageCache.java","1","0","2","6","78","119","0"
"hazelcast","cdb8b0e0e259c0992856d553f2aa04499043c84d","hazelcast/src/test/java/com/hazelcast/topic/impl/reliable/ReliableMessageListenerAdapterTest.java","1","0","2","7","102","132","0"
"hazelcast","0dc65895e880eb4cbdd6996e355913992bf987d9","hazelcast/src/test/java/com/hazelcast/map/impl/PartitioningStrategyFactoryTest.java","1","0","2","7","114","160","0"
"hazelcast","5319f048e0ecb36f8ab17cfa79380915a24998f6","hazelcast/src/test/java/com/hazelcast/spi/impl/operationservice/impl/InvocationFutureTest.java","1","0","2","7","117","157","0"
"hazelcast","7b0ce9c6c73a465306996b98aebe1c5f7f37cf75","hazelcast/src/main/java/com/hazelcast/cluster/Joiner.java","1","0","2","7","12","61","2"
"hazelcast","fe87884b8576b4bb0d8994935b8795d4bcb3d3c4","hazelcast/src/main/java/com/hazelcast/cluster/Joiner.java","1","0","2","7","12","61","1"
"hazelcast","727cb1848c02481eee19e6d2693a7242b7c563c3","hazelcast/src/main/java/com/hazelcast/cluster/Joiner.java","1","0","2","7","12","61","0"
"elasticsearch","eaffa975e540a939b69c99b8db7b9d4a9f45522d","core/src/test/java/org/elasticsearch/common/path/PathTrieTests.java","1","0","2","7","130","182","0"
"hazelcast","a65cac7cdaf9c4c2b8fe1a1eb42e1ee358d75265","hazelcast/src/main/java/com/hazelcast/map/impl/querycache/subscriber/InternalQueryCache.java","1","0","2","7","15","51","0"
"antlr4","507f331bd08bc01c213822508d18bbc4ba769db4","tool/test/org/antlr/v4/test/TestFullContextParsing.java","1","0","2","7","270","351","1"
"elasticsearch","29f63c78cc2c57fe1b804a81424bdb37a2f73d55","core/src/main/java/org/elasticsearch/index/seqno/SeqNoStats.java","1","0","2","7","56","92","1"
"elasticsearch","eb36b82de48750777172ecdc3b019de32535e3f4","core/src/main/java/org/elasticsearch/index/seqno/SeqNoStats.java","1","0","2","7","58","96","0"
"elasticsearch","0a69f1e283e26e5d9e6a000b68b9f4778de557a1","core/src/test/java/org/elasticsearch/cluster/settings/SettingsFilteringIT.java","1","0","2","7","66","105","2"
"netty","c43b9b4dd259412f3fa3c950f41658d74b1d84d7","codec/src/main/java/io/netty/handler/codec/MessageToMessageCodec.java","1","0","2","7","69","111","1"
"netty","2adebc4c54ae98565db8e2a3c02b2ffaa0c101fe","codec/src/main/java/io/netty/handler/codec/MessageToMessageCodec.java","1","0","2","7","70","112","1"
"elasticsearch","eba4da7086dc8bb7cbc3fb1c074f366e8d268ffa","src/test/java/org/elasticsearch/plugin/mapper/attachments/test/SimpleAttachmentIntegrationTests.java","1","0","2","7","98","153","3"
"hazelcast","0bf16b5dcf6b8e7bff13dc772d7bb7ab7dfa4998","hazelcast/src/test/java/com/hazelcast/spi/impl/BasicInvocationFutureTest.java","1","0","2","8","118","152","0"
"elasticsearch","a8271595dc720b2d33b979ba7bdbf309c2ad68b2","src/main/java/org/elasticsearch/script/ScriptEngineService.java","1","0","2","8","16","56","0"
"elasticsearch","df4c7c7aeea329e3db44b508a4d4e1eff720e33b","core/src/test/java/org/elasticsearch/search/query/SimpleQueryStringIT.java","1","0","2","8","263","339","1"
"elasticsearch","3f18487afa4156c8418922256ed5583dfeafb716","core/src/test/java/org/elasticsearch/index/mapper/geo/GeoShapeFieldMapperTests.java","1","0","2","8","322","433","2"
"elasticsearch","371c73e14023917f3892090d2d3d7ff9ac1216b9","core/src/main/java/org/elasticsearch/search/aggregations/pipeline/PipelineAggregator.java","1","0","2","8","59","112","3"
"elasticsearch","78574d248cf10dad1c5a566fda79e1e0c94afe43","core/src/main/java/org/elasticsearch/search/aggregations/pipeline/PipelineAggregator.java","1","0","2","8","59","112","2"
"elasticsearch","e6aaaf11ed4a1b8f595f920de1840938eddb7a97","core/src/main/java/org/elasticsearch/search/aggregations/pipeline/PipelineAggregator.java","1","0","2","8","59","112","2"
"elasticsearch","a60b8948ba1d836a6eac7cff095519e618939ed8","core/src/main/java/org/elasticsearch/search/aggregations/pipeline/PipelineAggregator.java","1","0","2","8","59","112","0"
"neo4j","b070962e9b00726d50df951106225fa252b7efeb","community/kernel/src/main/java/org/neo4j/kernel/impl/api/security/AccessModeSnapshot.java","1","0","2","8","61","104","0"
"elasticsearch","5a64f08f048461a63a0ca1354a5050c954e63d52","core/src/test/java/org/elasticsearch/cluster/settings/SettingsFilteringIT.java","1","0","2","8","71","111","0"
"BroadleafCommerce","7a0a7c403c946be4bbd8ee1abdaa6699931ef834","core/broadleaf-framework/src/main/java/org/broadleafcommerce/core/order/service/OrderServiceExtensionManager.java","1","0","2","8","83","128","0"
"hazelcast","525c34cddd7f4e08d674611e177bab103e4d1881","hazelcast/src/main/java/com/hazelcast/impl/Record.java","1","0","2","84","98","209","1"
"hazelcast","82fcc4c7c87097d1719bb56112aec0fafdb6bc0e","hazelcast/src/main/java/com/hazelcast/impl/Record.java","1","0","2","85","99","211","0"
"hazelcast","810540661cf0b9662e3e1bc9b5dabc53a3c052f1","hazelcast/src/test/java/com/hazelcast/topic/impl/reliable/ReliableMessageListenerAdapterTest.java","1","0","2","9","114","146","1"
"antlr4","507f331bd08bc01c213822508d18bbc4ba769db4","tool/test/org/antlr/v4/test/TestLexerErrors.java","1","0","2","9","154","214","1"
"elasticsearch","f27cb07eb9507e9b1c0a9da0410dfdb0ab3faca7","src/main/java/org/elasticsearch/script/ScriptEngineService.java","1","0","2","9","16","57","1"
"orientdb","e43642ac7d51dbda02d91a16b7024d9f80c6d272","core/src/main/java/com/orientechnologies/orient/core/command/OCommandRequestInternal.java","1","0","2","9","16","61","0"
"neo4j","2dce9b701631b41aa14f4d8ff186c708b57abd1e","enterprise/security/src/main/java/org/neo4j/server/security/enterprise/auth/EnterpriseUserManager.java","1","0","2","9","18","66","1"
"elasticsearch","8a9b5ccbc4b40a7b7fb2fa31a27350b83ff48f66","core/src/test/java/org/elasticsearch/search/query/SimpleQueryStringIT.java","1","0","2","9","282","363","0"
"elasticsearch","1f04182b8164ffb19f3805c48d67f0375262b317","core/src/main/java/org/elasticsearch/indices/recovery/StartRecoveryRequest.java","1","0","2","9","71","126","0"
"netty","81e2db10faaf0389f4e1af8c7132210946203157","codec/src/main/java/io/netty/handler/codec/MessageToMessageCodec.java","1","0","2","9","77","123","0"
"elasticsearch","3f06d9f3b8516bb30a2890a36c2973f08f9c6076","modules/lang-painless/src/test/java/org/elasticsearch/painless/DivisionTests.java","1","0","2","9","95","136","0"
"antlr4","c35f5ec40c33416d65c0e0cb0ce29dc39649fa34","tool/test/org/antlr/v4/test/TestActionTranslation.java","1","0","2","91","334","425","0"
"antlr4","fab3a8310752dd71ec9e06ff5b043aca54a95110","tool/test/org/antlr/v4/test/TestActionTranslation.java","1","0","2","91","334","425","0"
"antlr4","91752af88de29d5fe48fdb073b889095d1ed3c2d","tool/test/org/antlr/v4/test/TestActionTranslation.java","1","0","2","91","334","425","1"
"antlr4","29c2712ae1eee9575324db48c2f72c7cb0d28308","tool/test/org/antlr/v4/test/tool/TestActionTranslation.java","1","0","2","91","335","426","0"
"antlr4","cbef19c2b68fccdc83eb9807fe0b56f12825bddd","tool-testsuite/test/org/antlr/v4/test/tool/TestActionTranslation.java","1","0","2","91","336","427","1"
"antlr4","b78e0e9c1e3c64798cd23e4c5efcbe94139edef4","tool-testsuite/test/org/antlr/v4/test/tool/TestActionTranslation.java","1","0","2","92","344","437","0"
"netty","8f7fba2d393d32ceaae88312fb4c5a5d03e17b7e","transport/src/main/java/io/netty/channel/ChannelOutboundInvoker.java","1","0","20","0","23","177","1"
"netty","5526153459104bff2812c952a947576114419dd8","transport/src/main/java/io/netty/channel/ChannelOutboundInvoker.java","1","0","20","0","23","203","0"
"BroadleafCommerce","663f9520dacb59459f8033c8736be33d9fc3d58d","core/broadleaf-framework/src/main/java/org/broadleafcommerce/core/search/domain/Field.java","1","0","20","0","24","155","1"
"BroadleafCommerce","abae60151f6416aa4cbf8f37615189b14464b79c","core/broadleaf-framework/src/main/java/org/broadleafcommerce/core/search/service/solr/SolrHelperService.java","1","0","20","0","29","177","2"
"BroadleafCommerce","fcf24dee7c3f0aeaf18af14e19eb5a1df17a3f3b","admin/broadleaf-open-admin-platform/src/main/java/org/broadleafcommerce/openadmin/web/service/FormBuilderService.java","1","0","20","0","50","303","0"
"BroadleafCommerce","4fc0930fc80313e16ae4ad80cc6c0c8dd1390b2e","core/broadleaf-framework/src/main/java/org/broadleafcommerce/core/catalog/dao/ProductDao.java","1","0","20","1","40","240","1"
"hazelcast","b54c76aa3cd08401ba13e516ba86bd1481a58749","hazelcast/src/main/java/com/hazelcast/client/impl/protocol/template/QueueCodecTemplate.java","1","0","20","1","51","247","0"
"hazelcast","08e659f992761d79cd0342e77ce17ddb62e33295","hazelcast/src/main/java/com/hazelcast/client/impl/protocol/template/QueueCodecTemplate.java","1","0","20","1","52","204","1"
"hazelcast","97bb74d78cd1e0af68a1390defa30fc956da8390","hazelcast/src/main/java/com/hazelcast/client/impl/protocol/template/QueueCodecTemplate.java","1","0","20","1","52","204","1"
"hazelcast","bc945190541c07a740026d0e1d81368a2d79d78e","hazelcast/src/main/java/com/hazelcast/client/impl/protocol/template/QueueCodecTemplate.java","1","0","20","1","52","204","1"
"hazelcast","fa455733da9772e9107eb60b3fe55a17601be38b","hazelcast/src/main/java/com/hazelcast/client/impl/protocol/template/QueueCodecTemplate.java","1","0","20","1","52","204","0"
"hazelcast","864cc31ab01bc8111ef11270cb3f6f2352d30a5f","hazelcast/src/main/java/com/hazelcast/client/impl/protocol/template/QueueCodecTemplate.java","1","0","20","1","52","248","1"
"elasticsearch","78574d248cf10dad1c5a566fda79e1e0c94afe43","core/src/main/java/org/elasticsearch/action/termvectors/TermVectorsRequestBuilder.java","1","0","20","1","86","202","1"
"elasticsearch","e6aaaf11ed4a1b8f595f920de1840938eddb7a97","core/src/main/java/org/elasticsearch/action/termvectors/TermVectorsRequestBuilder.java","1","0","20","1","86","202","1"
"elasticsearch","a60b8948ba1d836a6eac7cff095519e618939ed8","core/src/main/java/org/elasticsearch/action/termvectors/TermVectorsRequestBuilder.java","1","0","20","1","86","202","0"
"BroadleafCommerce","4236f9f91a123cded7d4a6cc714fed8847b45d27","core/broadleaf-profile/src/main/java/org/broadleafcommerce/profile/core/service/CustomerService.java","1","0","20","17","56","276","0"
"titan","ed88d7286080492045efafb45a69fa4cb6eeb94d","src/main/java/com/thinkaurelius/titan/core/TitanQuery.java","1","0","20","2","27","233","0"
"orientdb","76ffdc9fe1e541460329297a955e8494c36be8f5","core/src/main/java/com/orientechnologies/orient/core/record/ORecord.java","1","0","20","2","33","210","1"
"orientdb","76ffdc9fe1e541460329297a955e8494c36be8f5","core/src/main/java/com/orientechnologies/orient/core/db/document/ODatabaseDocument.java","1","0","20","2","38","272","1"
"antlr4","8af00801037d3b8933f29d0903daac3e9c05349e","tool-testsuite/test/org/antlr/v4/test/tool/TestToolSyntaxErrors.java","1","0","20","22","591","793","0"
"elasticsearch","e424701819b87237e8270c434cf88df390e4c3c8","core/src/main/java/org/elasticsearch/action/admin/cluster/node/info/NodesInfoRequest.java","1","0","20","3","122","231","0"
"orientdb","c1f0f046093d166b58193818b359c73d4a50c228","core/src/main/java/com/orientechnologies/orient/core/record/ORecord.java","1","0","20","3","35","213","0"
"orientdb","c1f0f046093d166b58193818b359c73d4a50c228","core/src/main/java/com/orientechnologies/orient/core/db/document/ODatabaseDocument.java","1","0","20","3","44","278","0"
"BroadleafCommerce","ee97f7439ad2f6cdf419d2b18424c4a2015f74be","core/broadleaf-framework/src/main/java/org/broadleafcommerce/core/catalog/service/CatalogService.java","1","0","20","37","76","299","0"
"netty","63a02fc04e6ce45aee38b0437ae0279880e5fe40","codec-dns/src/main/java/io/netty/handler/codec/dns/DnsMessage.java","1","0","20","4","31","157","0"
"hazelcast","5501c5462a0d76d6b1a429ed4b767f8ec10b515a","hazelcast/src/main/java/com/hazelcast/map/impl/RecordStore.java","1","0","20","43","76","292","3"
"elasticsearch","74751759572b5609ff26084e2de098325d5ca64f","modules/lang-painless/src/test/java/org/elasticsearch/painless/CastTests.java","1","0","21","0","185","308","1"
"titan","21d712306d38cb33488304cd356b0c812323557d","titan-core/src/main/java/com/thinkaurelius/titan/diskstorage/keycolumnvalue/StoreFeatures.java","1","0","21","0","25","183","0"
"BroadleafCommerce","66b90df8e1d48dea727d19decebcf0b65113f2f1","core/broadleaf-framework/src/main/java/org/broadleafcommerce/core/search/domain/SearchFacet.java","1","0","21","0","26","189","2"
"hazelcast","e4f7959a373b0263506a00fa6941d0020407e6fd","hazelcast/src/main/java/com/hazelcast/client/impl/protocol/util/MutableDirectBuffer.java","1","0","21","0","26","208","1"
"netty","1f27c3b39060e544b4d3aaf05b700dd5c433a0cd","transport/src/main/java/io/netty/channel/ChannelConfig.java","1","0","21","0","28","226","0"
"BroadleafCommerce","8eab5e85852450205ee185cc484bebf480ca8a7c","core/broadleaf-framework/src/main/java/org/broadleafcommerce/core/search/service/solr/SolrHelperService.java","1","0","21","0","31","196","5"
"elasticsearch","75cedca0dab933bb6d1679fbddea2d09122d13c9","core/src/main/java/org/elasticsearch/indices/IndicesLifecycle.java","1","0","21","0","52","212","1"
"elasticsearch","68046b64c26384a53e65a4afae5987ebb3e87c9d","src/main/java/org/elasticsearch/cluster/routing/ShardRouting.java","1","0","21","1","31","146","1"
"hazelcast","864cc31ab01bc8111ef11270cb3f6f2352d30a5f","hazelcast/src/main/java/com/hazelcast/client/impl/protocol/template/MultiMapCodecTemplate.java","1","0","21","1","53","265","1"
"hazelcast","d9d20943b88faf6aa25ddbdc19feab4571611431","hazelcast/src/main/java/com/hazelcast/client/impl/protocol/template/MultiMapCodecTemplate.java","1","0","21","1","53","265","1"
"hazelcast","b54c76aa3cd08401ba13e516ba86bd1481a58749","hazelcast/src/main/java/com/hazelcast/client/impl/protocol/template/MultiMapCodecTemplate.java","1","0","21","1","53","265","0"
"hazelcast","d0a7d416b1220ef4badd98e42991dabe34c7beeb","hazelcast/src/test/java/com/hazelcast/config/MapConfigTest.java","1","0","21","18","221","352","1"
"elasticsearch","fac2d954e343fd413415e3ead75b93813b2908fc","modules/lang-painless/src/test/java/org/elasticsearch/painless/CastTests.java","1","0","21","2","197","322","0"
"antlr4","9519bfc36fcab155a4c37fbb32e5e83e02d58a6f","tool-testsuite/test/org/antlr/v4/test/tool/TestToolSyntaxErrors.java","1","0","21","22","606","815","0"
"hazelcast","ef24bb146bff6c6b1089d0908707195c98c27bd6","hazelcast/src/main/java/com/hazelcast/map/impl/RecordStore.java","1","0","21","42","76","295","2"
"hazelcast","39af1b08a7ad20506405dfc7dcba4f43ff8d724b","hazelcast/src/main/java/com/hazelcast/map/impl/RecordStore.java","1","0","21","42","76","296","2"
"hazelcast","3a1d456848dcafbe8a777d7d33434d63a8db1f0d","hazelcast/src/main/java/com/hazelcast/map/impl/RecordStore.java","1","0","21","43","77","297","2"
"netty","3a4d64bb8404f59861acddec954b4ed3aa02f97b","codec-http/src/main/java/io/netty/handler/codec/http/multipart/HttpData.java","1","0","21","6","41","218","1"
"titan","8ed7a34830b0a78e03142c2f4be6ea9d63b30fa8","titan-core/src/main/java/com/thinkaurelius/titan/diskstorage/keycolumnvalue/StoreFeatures.java","1","0","22","0","26","195","0"
"BroadleafCommerce","66b90df8e1d48dea727d19decebcf0b65113f2f1","core/broadleaf-framework/src/main/java/org/broadleafcommerce/core/search/domain/Field.java","1","0","22","0","34","185","1"
"hazelcast","dd8c45abcaff36085e5214a58bf15f508bb39588","hazelcast/src/main/java/com/hazelcast/instance/NodeExtension.java","1","0","22","0","36","187","1"
"hazelcast","84e0a9b9d444f633dbd2bced60d95bc478086fea","hazelcast/src/main/java/com/hazelcast/instance/NodeExtension.java","1","0","22","0","39","188","0"
"BroadleafCommerce","eb2d314a8d4af455b5dd36fbb5f694d34db480b0","admin/broadleaf-open-admin-platform/src/main/java/org/broadleafcommerce/openadmin/web/service/FormBuilderService.java","1","0","22","0","54","324","0"
"BroadleafCommerce","854b43917ca9c48eb47e129833add3a92f413ff6","core/broadleaf-framework/src/main/java/org/broadleafcommerce/core/store/domain/StoreImpl.java","1","0","22","1","110","297","0"
"elasticsearch","b82e2c7083c7aae6b22d9103bb7133d63be3a39e","src/main/java/org/elasticsearch/cluster/routing/ShardRouting.java","1","0","22","1","32","153","0"
"hazelcast","08e659f992761d79cd0342e77ce17ddb62e33295","hazelcast/src/main/java/com/hazelcast/client/impl/protocol/template/MultiMapCodecTemplate.java","1","0","22","1","55","237","1"
"hazelcast","97bb74d78cd1e0af68a1390defa30fc956da8390","hazelcast/src/main/java/com/hazelcast/client/impl/protocol/template/MultiMapCodecTemplate.java","1","0","22","1","55","237","1"
"hazelcast","bc945190541c07a740026d0e1d81368a2d79d78e","hazelcast/src/main/java/com/hazelcast/client/impl/protocol/template/MultiMapCodecTemplate.java","1","0","22","1","55","237","1"
"hazelcast","fa455733da9772e9107eb60b3fe55a17601be38b","hazelcast/src/main/java/com/hazelcast/client/impl/protocol/template/MultiMapCodecTemplate.java","1","0","22","1","55","237","0"
"elasticsearch","532806af1a8521b11ab60f1a52374c32c7e8b387","core/src/main/java/org/elasticsearch/action/admin/cluster/node/info/NodesInfoRequest.java","1","0","22","3","134","251","1"
"elasticsearch","fa16969360ea43667ad11f827bbf86718c18fcc6","src/main/java/org/elasticsearch/action/admin/cluster/node/info/NodesInfoRequest.java","1","0","22","3","134","251","1"
"elasticsearch","10ec2e948a2f1426a5058ca3b2c2e39952f141d8","src/main/java/org/elasticsearch/action/admin/cluster/node/info/NodesInfoRequest.java","1","0","22","3","134","251","0"
"netty","caa15050204c9757f2a3e34511cf1d9d8447cd9c","codec-http/src/main/java/io/netty/handler/codec/http/multipart/HttpData.java","1","0","22","6","42","234","0"
"BroadleafCommerce","d1d75c3914c6cc197c9732a98907daa569329b1c","core/broadleaf-framework/src/main/java/org/broadleafcommerce/core/store/domain/StoreImpl.java","1","0","22","9","192","387","1"
"BroadleafCommerce","25cc6d04543ce2d153d288e181a712fa6a0086f4","core/broadleaf-framework/src/main/java/org/broadleafcommerce/core/store/domain/StoreImpl.java","1","0","22","9","192","390","1"
"BroadleafCommerce","67333edf9a19cc3fd78ba5904e7d70b9bb356a92","core/broadleaf-framework/src/main/java/org/broadleafcommerce/core/store/domain/StoreImpl.java","1","0","22","9","193","388","2"
"neo4j","df97b6a0f8e2a29beba875d992c8885d25ce3d05","community/graph-algo/src/main/java/org/neo4j/graphalgo/GraphAlgoFactory.java","1","0","23","0","125","502","1"
"netty","77b4ec7e1bc0b8c6111728cc074226dd9cfe1b73","transport/src/main/java/io/netty/channel/ChannelConfig.java","1","0","23","0","30","235","1"
"hazelcast","70d4de16ff0ac4518d09aad8c9f2ad9e782fb337","hazelcast/src/main/java/com/hazelcast/instance/NodeExtension.java","1","0","23","0","36","196","1"
"hazelcast","e70df64870e70ff5fd0c1825d4feca7392d0102c","hazelcast/src/main/java/com/hazelcast/instance/NodeExtension.java","1","0","23","0","37","193","0"
"netty","88a52f73671dd91630b2bc0da0ae8fbc910d763b","codec-http2/src/main/java/io/netty/handler/codec/http2/Http2Stream.java","1","0","23","0","45","187","0"
"neo4j","f80491634c569e9bb3c72bd5bfc0e64e14979a19","community/graph-algo/src/main/java/org/neo4j/graphalgo/GraphAlgoFactory.java","1","0","23","1","130","509","0"
"hazelcast","d9d20943b88faf6aa25ddbdc19feab4571611431","hazelcast/src/main/java/com/hazelcast/client/impl/protocol/template/ListCodecTemplate.java","1","0","23","1","57","295","1"
"elasticsearch","8b74c42099d5b7f76b2fa0d3d85d5f03f4e5e234","src/main/java/org/elasticsearch/action/mlt/MoreLikeThisRequestBuilder.java","1","0","23","2","112","245","0"
"hazelcast","750c6d7d733b7866e483cebd85bf8ce6e64f1ec6","hazelcast/src/main/java/com/hazelcast/map/impl/RecordStore.java","1","0","23","43","80","311","0"
"hazelcast","9b5a117cfd9bca04189108fc373d9d7a466a6da1","hazelcast/src/main/java/com/hazelcast/instance/NodeExtension.java","1","0","24","0","38","201","1"
"hazelcast","8325664d744b8c6227d6f6f85d1cb0603ac28ce3","hazelcast/src/main/java/com/hazelcast/instance/NodeExtension.java","1","0","24","0","38","203","0"
"neo4j","39bda97b6a4b07c3a1866ab0342a63d71eeecfde","community/kernel/src/main/java/org/neo4j/graphdb/GraphDatabaseService.java","1","0","24","0","39","332","0"
"netty","f990f9983dd0e33fb4efb2212856ce5f9749cf85","codec-http2/src/main/java/io/netty/handler/codec/http2/Http2Stream.java","1","0","24","0","44","191","0"
"netty","9ce84dcb21168c45fe6714d3673c9253f35e5cd2","codec-http2/src/main/java/io/netty/handler/codec/http2/Http2Stream.java","1","0","24","0","46","194","1"
"BroadleafCommerce","9a2399ccabc71c63572c786cacfa9d17404bf0db","core/broadleaf-framework/src/main/java/org/broadleafcommerce/core/search/domain/SearchFacet.java","1","0","24","1","30","220","0"
"BroadleafCommerce","a600ac52945a7ee2f172cbdfdf466a6e37d63fc2","core/broadleaf-framework/src/main/java/org/broadleafcommerce/core/search/domain/SearchFacet.java","1","0","24","1","30","220","0"
"BroadleafCommerce","e949b136c500559ba4612d339d5abac7febc5819","core/broadleaf-framework/src/main/java/org/broadleafcommerce/core/search/domain/SearchFacet.java","1","0","24","1","30","220","0"
"BroadleafCommerce","67ffb9c79534286cb9b05a3c32b2eefb3a336600","core/broadleaf-framework/src/main/java/org/broadleafcommerce/core/search/domain/SearchFacet.java","1","0","24","1","30","220","1"
"BroadleafCommerce","64ee9c754b4adff1e55416fdd70d45b35f42d991","core/broadleaf-framework/src/main/java/org/broadleafcommerce/core/search/domain/SearchFacet.java","1","0","24","1","30","222","0"
"BroadleafCommerce","7b9aa55bd6d500883c6c7f76960b38c364d327ae","core/broadleaf-framework/src/main/java/org/broadleafcommerce/core/offer/service/discount/domain/PromotableOrderItemPriceDetail.java","1","0","24","1","33","196","1"
"elasticsearch","ddea22771e936c470891375dbbe47ea90d66abe6","src/main/java/org/elasticsearch/action/mlt/MoreLikeThisRequestBuilder.java","1","0","24","2","116","253","0"
"elasticsearch","4b94eb5cb8cc4294ed0e932a5f22c16bd90d4dd7","core/src/main/java/org/elasticsearch/action/admin/indices/template/put/PutIndexTemplateRequestBuilder.java","1","0","24","3","113","247","2"
"BroadleafCommerce","37e793da422e9a294738995ebf0f37be884bf5fd","core/broadleaf-framework/src/main/java/org/broadleafcommerce/core/offer/service/discount/domain/PromotableOrderItemPriceDetail.java","1","0","24","3","34","199","0"
"BroadleafCommerce","150979880d535c0bf00fb5aa86c7607f6df0e8d0","core/broadleaf-framework/src/main/java/org/broadleafcommerce/core/offer/service/discount/domain/PromotableOrderItemPriceDetail.java","1","0","24","3","35","200","0"
"hazelcast","bba4979a94183c948f76728c51843be7504a238a","hazelcast/src/main/java/com/hazelcast/map/impl/RecordStore.java","1","0","24","43","81","322","0"
"BroadleafCommerce","66ae8f00a336acfd1569bda8752f26ebae85a7dc","core/broadleaf-framework/src/main/java/org/broadleafcommerce/core/offer/domain/Offer.java","1","0","24","47","100","355","0"
"BroadleafCommerce","90e4079b981d1ac986d9423fda3ac240f14ab316","core/broadleaf-framework/src/main/java/org/broadleafcommerce/core/offer/domain/Offer.java","1","0","24","63","115","386","0"
"netty","9b37de32a0b77e65f32709c7dff25d12a42c42ae","codec-http/src/main/java/io/netty/handler/codec/http/Cookie.java","1","0","25","0","28","209","0"
"BroadleafCommerce","fcf24dee7c3f0aeaf18af14e19eb5a1df17a3f3b","core/broadleaf-framework/src/main/java/org/broadleafcommerce/core/search/domain/SearchFacet.java","1","0","25","0","30","219","1"
"netty","d2032254b7b29aca620223c672ffa244171898b5","transport/src/main/java/io/netty/channel/ChannelConfig.java","1","0","25","0","34","253","0"
"netty","227e67900e35f0d01fbf3f4aca86877aefa52d79","codec-http2/src/main/java/io/netty/handler/codec/http2/Http2Stream.java","1","0","25","0","35","184","1"
"netty","9d4fae308c09a2c759dc67db765d311154c8d977","transport/src/main/java/io/netty/channel/ChannelConfig.java","1","0","25","0","36","257","1"
"hazelcast","70d4de16ff0ac4518d09aad8c9f2ad9e782fb337","hazelcast/src/main/java/com/hazelcast/spi/NodeEngine.java","1","0","25","0","41","250","2"
"netty","ead87b7df8d923417475ead2d7680747b1a72f07","codec-http2/src/main/java/io/netty/handler/codec/http2/Http2Stream.java","1","0","25","0","47","197","2"
"BroadleafCommerce","fcf2ebaf048aa8199952c7c63b351c011f495256","core/broadleaf-framework/src/main/java/org/broadleafcommerce/core/offer/service/discount/domain/PromotableOrder.java","1","0","25","1","34","193","1"
"hazelcast","c1b6e90a09f0de0f8d61aae815ed3ae5cc9b1b0e","hazelcast/src/main/java/com/hazelcast/spi/NodeEngine.java","1","0","25","1","43","253","1"
"elasticsearch","25fd9e26c4fb042d6f6dea14efcd239577bdbbc4","core/src/main/java/org/elasticsearch/action/admin/indices/template/put/PutIndexTemplateRequestBuilder.java","1","0","25","2","113","250","0"
"hazelcast","08e659f992761d79cd0342e77ce17ddb62e33295","hazelcast/src/main/java/com/hazelcast/client/impl/protocol/template/CacheCodecTemplate.java","1","0","25","3","69","311","1"
"hazelcast","97bb74d78cd1e0af68a1390defa30fc956da8390","hazelcast/src/main/java/com/hazelcast/client/impl/protocol/template/CacheCodecTemplate.java","1","0","25","3","69","311","1"
"hazelcast","bc945190541c07a740026d0e1d81368a2d79d78e","hazelcast/src/main/java/com/hazelcast/client/impl/protocol/template/CacheCodecTemplate.java","1","0","25","3","69","311","1"
"hazelcast","fa455733da9772e9107eb60b3fe55a17601be38b","hazelcast/src/main/java/com/hazelcast/client/impl/protocol/template/CacheCodecTemplate.java","1","0","25","3","69","311","0"
"BroadleafCommerce","a943eeae9ff5398e1779755ad265d6e1eb0e094c","core/broadleaf-framework/src/main/java/org/broadleafcommerce/core/offer/service/discount/domain/PromotableOrder.java","1","0","25","4","37","202","0"
"hazelcast","ee5e7f4ba7a707428cb92093834717d1c377bb53","hazelcast/src/main/java/com/hazelcast/map/impl/recordstore/RecordStore.java","1","0","25","45","87","334","1"
"elasticsearch","a596459ed6580883e83922abffd6651705ff0c1e","src/main/java/org/elasticsearch/index/engine/EngineConfig.java","1","0","26","0","153","344","2"
"hazelcast","1c00b772dafc0c581e70eca6eec68cdbd0ddb91f","hazelcast/src/main/java/com/hazelcast/spi/NodeEngine.java","1","0","26","0","43","258","0"
"netty","5fb18e3415377fd022ac46d3a898b905617cf232","codec-http2/src/main/java/io/netty/handler/codec/http2/Http2Stream.java","1","0","26","0","46","203","1"
"hazelcast","258d9e7afe8ee42f04a4ba9f78409157c776c472","hazelcast/src/main/java/com/hazelcast/map/impl/recordstore/RecordStore.java","1","0","26","44","87","337","0"
"hazelcast","340d72fb3b70ce448f49a1061813a845772f1508","hazelcast/src/main/java/com/hazelcast/map/impl/recordstore/RecordStore.java","1","0","26","44","88","337","1"
"hazelcast","0da2a04eaab1daf7ee512f8b079a4eef0c81751a","hazelcast/src/main/java/com/hazelcast/map/impl/recordstore/RecordStore.java","1","0","26","45","89","339","0"
"hazelcast","1577e6203517ea9a356c2fe9ef193cac391f7df1","hazelcast/src/main/java/com/hazelcast/map/impl/recordstore/RecordStore.java","1","0","26","45","89","339","0"
"hazelcast","505a913c89f29d0420aac2d356d24331de6cc701","hazelcast/src/main/java/com/hazelcast/map/impl/recordstore/RecordStore.java","1","0","26","45","89","339","1"
"netty","81e2db10faaf0389f4e1af8c7132210946203157","transport/src/main/java/io/netty/channel/Channel.java","1","0","26","5","43","281","0"
"hazelcast","4fd9515551932a374a67b01c6c00e0dd8611ebab","hazelcast/src/main/java/com/hazelcast/core/IQueue.java","1","0","27","0","34","171","3"
"hazelcast","29fff7aa4ffefb7fe0ab6ab2d48bbf46a5d3ad95","hazelcast/src/main/java/com/hazelcast/core/IQueue.java","1","0","27","0","34","173","2"
"hazelcast","01e94c74c111c319673233e6015bea2cbec73d80","hazelcast/src/main/java/com/hazelcast/core/IQueue.java","1","0","27","0","34","176","2"
"hazelcast","7fae9643d3b482f2712d1e7218c7256fc27463b7","hazelcast/src/main/java/com/hazelcast/core/IQueue.java","1","0","27","0","34","178","0"
"netty","9c1b31d20a2a6f913802f4200e6910f32990634e","transport/src/main/java/io/netty/channel/Channel.java","1","0","27","0","37","249","0"
"netty","3e5dcb5f3efbb26d5e6cf4cd229b03c285d62462","transport/src/main/java/io/netty/channel/ChannelConfig.java","1","0","27","0","40","277","0"
"netty","8cd259896e313e7537c26e1f41242d0b21dff8c1","codec-http2/src/main/java/io/netty/handler/codec/http2/Http2Stream.java","1","0","27","0","47","208","0"
"netty","2fd42cfc6b32dacb812c6f2ecef8522cd94718d4","codec-http2/src/main/java/io/netty/handler/codec/http2/Http2Stream.java","1","0","27","0","49","207","1"
"netty","81e2db10faaf0389f4e1af8c7132210946203157","transport/src/main/java/io/netty/channel/ChannelHandlerContext.java","1","0","27","1","37","315","0"
"orientdb","040b05508933cf63ab4302ba24753d268640088c","core/src/main/java/com/orientechnologies/orient/core/index/OIndex.java","1","0","27","11","52","283","2"
"elasticsearch","25fd9e26c4fb042d6f6dea14efcd239577bdbbc4","core/src/main/java/org/elasticsearch/action/index/IndexRequestBuilder.java","1","0","27","2","124","273","0"
"elasticsearch","4b94eb5cb8cc4294ed0e932a5f22c16bd90d4dd7","core/src/main/java/org/elasticsearch/action/index/IndexRequestBuilder.java","1","0","27","2","125","274","2"
"elasticsearch","860efb2ad28db09189c8423e05d0dba53010259c","core/src/main/java/org/elasticsearch/action/index/IndexRequestBuilder.java","1","0","27","2","125","274","2"
"elasticsearch","d3417fb02291f26964d77767020ef345d18c148f","core/src/main/java/org/elasticsearch/action/index/IndexRequestBuilder.java","1","0","27","2","125","274","0"
"hazelcast","95b93d3d6a2eef3a75a7dae3cd2cbb53d02628a3","hazelcast/src/main/java/com/hazelcast/map/impl/recordstore/RecordStore.java","1","0","27","44","88","348","0"
"BroadleafCommerce","199d6ccb80b733f82d80f8c51a1150ff24eede2e","core/broadleaf-framework/src/main/java/org/broadleafcommerce/core/order/domain/FulfillmentGroup.java","1","0","27","46","88","328","1"
"netty","2adebc4c54ae98565db8e2a3c02b2ffaa0c101fe","transport/src/main/java/io/netty/channel/Channel.java","1","0","27","5","44","287","1"
"orientdb","34381efb703cf53e336dfd3605533e5ce33e452c","core/src/main/java/com/orientechnologies/orient/core/metadata/schema/OClass.java","1","0","27","55","110","440","1"
"hazelcast","dadc52c29f4469d9c2a65867c707a93c84da74bb","hazelcast/src/main/java/com/hazelcast/core/IExecutorService.java","1","0","28","0","36","290","0"
"hazelcast","cd083d38496be82d434e0f161330dc256538ed0a","hazelcast/src/main/java/com/hazelcast/core/IExecutorService.java","1","0","28","0","36","298","0"
"netty","2304913341ef3f239e5509a46921a5c65bbbe360","transport/src/main/java/io/netty/channel/ChannelPipeline.java","1","0","28","0","36","494","2"
"netty","39b57b889cf77f38b25f45bd38fad58d22a4bb73","transport/src/main/java/io/netty/channel/Channel.java","1","0","28","0","38","254","1"
"hazelcast","304a4256525b16cd74311730ddd1f69a73d0049f","hazelcast/src/main/java/com/hazelcast/cache/impl/ICacheRecordStore.java","1","0","28","0","39","415","0"
"hazelcast","9bf0e5159d64b217e234a3e466d9ca49546cc733","hazelcast/src/main/java/com/hazelcast/spi/NodeEngine.java","1","0","28","0","46","289","0"
"hazelcast","4b74129ed885af4dd2d7fb95979ba48799b9974b","hazelcast/src/main/java/com/hazelcast/spi/NodeEngine.java","1","0","28","0","46","291","0"
"BroadleafCommerce","b1a58da9c5995e240462e75190bceadf6f12ed7a","core/broadleaf-framework/src/main/java/org/broadleafcommerce/core/catalog/dao/ProductDao.java","1","0","28","0","49","314","1"
"BroadleafCommerce","6d0bcb2414cc6cc3c7f0477dc197ef425dac623d","admin/broadleaf-open-admin-platform/src/main/java/org/broadleafcommerce/openadmin/server/service/AdminEntityService.java","1","0","28","0","71","379","1"
"BroadleafCommerce","c516cabb696094b0e0614b6aa6b673e178c0574a","admin/broadleaf-open-admin-platform/src/main/java/org/broadleafcommerce/openadmin/server/service/AdminEntityService.java","1","0","28","0","71","380","2"
"netty","8579f09c594f69870115c019655c98cba5ad47ee","transport/src/main/java/io/netty/channel/ChannelPipeline.java","1","0","28","1","37","497","0"
"netty","2adebc4c54ae98565db8e2a3c02b2ffaa0c101fe","transport/src/main/java/io/netty/channel/ChannelHandlerContext.java","1","0","28","1","38","320","1"
"hazelcast","b54c76aa3cd08401ba13e516ba86bd1481a58749","hazelcast/src/main/java/com/hazelcast/client/impl/protocol/template/CacheCodecTemplate.java","1","0","28","1","71","363","0"
"hazelcast","864cc31ab01bc8111ef11270cb3f6f2352d30a5f","hazelcast/src/main/java/com/hazelcast/client/impl/protocol/template/CacheCodecTemplate.java","1","0","28","1","72","365","1"
"orientdb","56f9bf3a10535e331c512f9852b1779bbc1d38b0","core/src/main/java/com/orientechnologies/orient/core/index/OIndex.java","1","0","28","11","53","288","0"
"elasticsearch","25fd9e26c4fb042d6f6dea14efcd239577bdbbc4","core/src/main/java/org/elasticsearch/action/admin/indices/create/CreateIndexRequestBuilder.java","1","0","28","2","125","282","0"
"neo4j","141f8dbda8adff9229a9ec38fc8a69d3b0a0ef2f","enterprise/security/src/test/java/org/neo4j/server/security/enterprise/auth/AuthScenariosInteractionTestBase.java","1","0","28","3","450","790","0"
"hazelcast","10efc4f564876813e0cb3468ed6d425394a56aeb","hazelcast/src/main/java/com/hazelcast/map/impl/recordstore/RecordStore.java","1","0","28","43","88","353","0"
"orientdb","b2da48e3afbf13d261e339a76b8f2ad78837ff2e","core/src/main/java/com/orientechnologies/orient/core/metadata/schema/OClass.java","1","0","28","55","111","444","0"
"netty","4158152b24c1e20cc9d024486a6bc6a0ee336a92","transport/src/main/java/io/netty/channel/ChannelPipeline.java","1","0","29","0","37","499","0"
"hazelcast","5fecf8dbd363df52a8451f5af1c36dc49cfb937b","hazelcast/src/main/java/com/hazelcast/cache/impl/ICacheRecordStore.java","1","0","29","0","40","426","0"
"BroadleafCommerce","e216da5ebb303680f5c60ffcd75979f5876ab5a6","admin/broadleaf-open-admin-platform/src/main/java/org/broadleafcommerce/openadmin/server/service/AdminEntityService.java","1","0","29","0","76","402","0"
"BroadleafCommerce","37ce7dedd531abdd755c6596255d875d7e92289f","core/broadleaf-framework/src/main/java/org/broadleafcommerce/core/catalog/dao/ProductDao.java","1","0","29","1","58","341","0"
"hazelcast","6ac727db661eb934e5608e28e8a3603e7300d710","hazelcast/src/main/java/com/hazelcast/map/impl/recordstore/RecordStore.java","1","0","29","42","88","357","0"
"BroadleafCommerce","6f15b2e4f1aed76e0e00e3caa0dd2c973755adae","core/broadleaf-framework/src/main/java/org/broadleafcommerce/core/order/domain/FulfillmentGroup.java","1","0","29","44","96","343","0"
"elasticsearch","71849668e9d05fa72efabb83654aa5a3293c309b","src/main/java/org/elasticsearch/action/update/UpdateRequestBuilder.java","1","0","29","7","156","310","1"
"hazelcast","91c71471a27df97f43aa9f699d8da7fb52fac3dc","hazelcast/src/main/java/com/hazelcast/util/QuickMath.java","1","0","3","0","10","40","0"
"elasticsearch","371c73e14023917f3892090d2d3d7ff9ac1216b9","core/src/main/java/org/elasticsearch/index/query/QueryParser.java","1","0","3","0","10","49","3"
"elasticsearch","78574d248cf10dad1c5a566fda79e1e0c94afe43","core/src/main/java/org/elasticsearch/index/query/QueryParser.java","1","0","3","0","10","49","2"
"elasticsearch","e6aaaf11ed4a1b8f595f920de1840938eddb7a97","core/src/main/java/org/elasticsearch/index/query/QueryParser.java","1","0","3","0","10","49","2"
"elasticsearch","a60b8948ba1d836a6eac7cff095519e618939ed8","core/src/main/java/org/elasticsearch/index/query/QueryParser.java","1","0","3","0","10","49","0"
"hazelcast","de3d876c276b4727c66ed7d150b6685cb8b90eee","hazelcast/src/main/java/com/hazelcast/cache/impl/record/CacheRecordMap.java","1","0","3","0","10","52","0"
"BroadleafCommerce","69210a32ed73de6f9cc002c897cc8c24c840fb1b","common/src/main/java/org/broadleafcommerce/common/security/MergeCartProcessor.java","1","0","3","0","10","53","1"
"BroadleafCommerce","c648eca7d16c18a9cd5d5ef40971942a691bf230","core/broadleaf-framework/src/main/java/org/broadleafcommerce/core/order/domain/OrderPersistedEvent.java","1","0","3","0","11","50","0"
"elasticsearch","b49635539d929d6cb5ee56153e2f95872fe4bb16","modules/lang-painless/src/main/java/org/elasticsearch/painless/CompilerSettings.java","1","0","3","0","11","54","1"
"BroadleafCommerce","f2e2ca5db03d4386f59c5fd129fe65acae3d90dd","common/src/main/java/org/broadleafcommerce/common/security/MergeCartProcessor.java","1","0","3","0","11","58","0"
"elasticsearch","3a0dd59a15c49f5be0483658f44bd411f62e1ac5","core/src/test/java/org/elasticsearch/common/io/PathUtilsForTesting.java","1","0","3","0","12","42","0"
"netty","f585806a746cf78c4d07b9efd1ba45e761215384","transport/src/main/java/io/netty/channel/ChannelPromiseNotifier.java","1","0","3","0","12","46","0"
"hazelcast","01efb6c2b9630a2b5d82d8a5f5dac36e8143b780","hazelcast/src/main/java/com/hazelcast/ringbuffer/StaleSequenceException.java","1","0","3","0","12","51","0"
"netty","6d80c641e92588a5317c0b9a9631918a521d52bc","resolver-dns/src/main/java/io/netty/resolver/dns/SequentialDnsServerAddressStreamProvider.java","1","0","3","0","13","47","0"
"elasticsearch","fa16969360ea43667ad11f827bbf86718c18fcc6","src/main/java/org/elasticsearch/action/admin/indices/alias/IndicesAliasesClusterStateUpdateRequest.java","1","0","3","0","15","50","1"
"netty","573b54a93d45553e1726bcab54f0e325ae9f0bde","common/src/main/java/io/netty/util/AttributeKey.java","1","0","3","0","15","50","1"
"elasticsearch","10ec2e948a2f1426a5058ca3b2c2e39952f141d8","src/main/java/org/elasticsearch/action/admin/indices/alias/IndicesAliasesClusterStateUpdateRequest.java","1","0","3","0","15","50","0"
"elasticsearch","e7d352b489272a87b05019869857656de7fb82fc","core/src/main/java/org/elasticsearch/search/aggregations/bucket/histogram/Histogram.java","1","0","3","0","16","52","0"
"elasticsearch","149629fec657e9948488195087f30583cd561f11","core/src/main/java/org/elasticsearch/action/search/SearchShardIterator.java","1","0","3","0","16","56","0"
"hazelcast","86b064ba3f1e467e74e95d6da24b03122065ce36","hazelcast/src/main/java/com/hazelcast/core/OutOfMemoryHandler.java","1","0","3","0","17","111","2"
"elasticsearch","cc3f02c0a03686b915b846d1aff04cd90cf29914","src/main/java/org/elasticsearch/common/inject/internal/Stopwatch.java","1","0","3","0","17","50","1"
"elasticsearch","08f7caa56b3519f4569e82cdceb57dee14e19420","src/main/java/org/elasticsearch/common/inject/internal/Stopwatch.java","1","0","3","0","18","52","0"
"elasticsearch","73307a2144fbdf63c551eeccdc7e93dc30e59a92","test/framework/src/main/java/org/elasticsearch/test/rest/yaml/ClientYamlTestResponseException.java","1","0","3","0","18","56","1"
"hazelcast","5ca2eb7270cb2ae320c78e06be394586b0f1e902","hazelcast/src/main/java/com/hazelcast/map/impl/eviction/Evictor.java","1","0","3","0","19","65","1"
"hazelcast","cd66a09812f63404b4e934e9591e45ce9472a35c","hazelcast/src/main/java/com/hazelcast/map/impl/eviction/Evictor.java","1","0","3","0","20","67","0"
"junit","d50032d673544330fcaa68b5476a5dc99df9633d","src/main/java/org/junit/runner/Computer.java","1","0","3","0","21","43","1"
"junit","23b0bb0ef9b690660cd3853005f9b635533d3770","src/main/java/org/junit/runner/Computer.java","1","0","3","0","26","53","0"
"elasticsearch","2e445d3ede953c90e4e1ce69e5f53192115b9dd7","core/src/main/java/org/elasticsearch/common/lucene/index/ElasticsearchDirectoryReader.java","1","0","3","0","36","80","1"
"netty","b533a1361bbbc457c974ca365f8293ec27ffda1c","common/src/main/java/io/netty/util/Constant.java","1","0","3","0","5","33","0"
"elasticsearch","371c73e14023917f3892090d2d3d7ff9ac1216b9","core/src/main/java/org/elasticsearch/common/blobstore/BlobMetaData.java","1","0","3","0","5","37","3"
"elasticsearch","3d13c27fa0df12018f35f1b20987c90277e9b6f9","core/src/main/java/org/elasticsearch/action/ActionListener.java","1","0","3","0","5","37","1"
"elasticsearch","2bd09c4625898d77aa6c015c6f82cf973ed18cb7","core/src/main/java/org/elasticsearch/action/ActionListener.java","1","0","3","0","5","37","0"
"elasticsearch","889db1c824d8c573835e8cbadd0c6f3ba25f8fcd","src/main/java/org/elasticsearch/cluster/ClusterStateUpdateTask.java","1","0","3","0","5","38","1"
"titan","a1e70246868f0fc9e3e6e1bd454f2b0b13170c3b","src/main/java/com/thinkaurelius/titan/core/DefaultTypeMaker.java","1","0","3","0","5","40","1"
"elasticsearch","235452329a4ec8b3b7b25080e9171cc9f6115de9","core/src/main/java/org/elasticsearch/index/mapper/DocumentTypeListener.java","1","0","3","0","5","41","1"
"elasticsearch","a724f4eb6165b3229109b7ae29a2399024dc6fad","client/rest/src/main/java/org/elasticsearch/client/ResponseListener.java","1","0","3","0","5","41","1"
"elasticsearch","fbae6e940b0f7932022ea3da727079219e2dc3bb","src/main/java/org/elasticsearch/index/mapper/DocumentTypeListener.java","1","0","3","0","5","41","2"
"netty","2304913341ef3f239e5509a46921a5c65bbbe360","transport/src/main/java/io/netty/channel/ChannelSink.java","1","0","3","0","5","41","2"
"netty","689c47980b5bfa5db654d7de33d4a38cd0acb8d1","transport/src/main/java/io/netty/channel/ChannelSink.java","1","0","3","0","5","41","2"
"elasticsearch","25fd9e26c4fb042d6f6dea14efcd239577bdbbc4","client/rest/src/main/java/org/elasticsearch/client/ResponseListener.java","1","0","3","0","5","41","0"
"elasticsearch","38f038f899f2b321a4d691343514b0392411bbbc","src/main/java/org/elasticsearch/index/mapper/DocumentTypeListener.java","1","0","3","0","5","41","0"
"elasticsearch","56cc87b7ccd41040d8fafcaf2da3680d96d10839","client/rest/src/main/java/org/elasticsearch/client/ResponseListener.java","1","0","3","0","5","41","0"
"BroadleafCommerce","fc96cd617dc6f16a02dfe01f95486da731a6cd13","common/src/main/java/org/broadleafcommerce/common/weave/ConditionalFieldAnnotationCopyTransformersManager.java","1","0","3","0","5","46","0"
"BroadleafCommerce","58d8258a56593bc913efa9aa60d0ca5f8f173bd8","common/src/main/java/org/broadleafcommerce/common/extension/ExtensionHandler.java","1","0","3","0","5","73","0"
"netty","81e2db10faaf0389f4e1af8c7132210946203157","transport/src/main/java/io/netty/channel/ChannelInboundHandler.java","1","0","3","0","6","35","0"
"neo4j","3ba4c3eb9ac99cd80673b361aec957e934853e90","community/kernel/src/main/java/org/neo4j/kernel/api/cursor/PropertyItem.java","1","0","3","0","6","37","0"
"elasticsearch","a6510f924520d8cdda2636ac85a1a1e43f6dfb8c","src/main/java/org/elasticsearch/watcher/ResourceWatcher.java","1","0","3","0","6","40","0"
"hazelcast","94adcc7514abab71a4ead864748a50df7437db76","hazelcast/src/main/java/com/hazelcast/spi/InternalCompletableFuture.java","1","0","3","0","6","41","1"
"hazelcast","324c12ca123c52820e6a271c2095649a57a9844f","hazelcast/src/main/java/com/hazelcast/core/ClientListener.java","1","0","3","0","6","43","2"
"hazelcast","b0a815f459c18eed67fcd6e4bf122bad043ef8a5","hazelcast/src/main/java/com/hazelcast/core/ClientListener.java","1","0","3","0","6","43","1"
"hazelcast","b949940524e885bddfdd6391e0330ab00b56f34a","hazelcast/src/main/java/com/hazelcast/core/ClientListener.java","1","0","3","0","6","43","2"
"hazelcast","da8888f97af74b4590dfc1dce3d0bdeb44654000","hazelcast/src/main/java/com/hazelcast/core/ClientListener.java","1","0","3","0","6","43","0"
"netty","6e5b25733f49d2ea843a89b4d547b856142212ec","common/src/main/java/io/netty/util/internal/PriorityQueueNode.java","1","0","3","0","6","44","1"
"netty","3482651e0c29edfa02f189751c704ebe4fe8f54c","common/src/main/java/io/netty/util/internal/PriorityQueueNode.java","1","0","3","0","6","45","0"
"elasticsearch","d99b532f0f6e2a6bbadc7421eb5960083687ec73","src/main/java/org/elasticsearch/index/fielddata/fieldcomparator/NumberComparatorBase.java","1","0","3","0","6","46","0"
"hazelcast","1c3dd8c96a86869b2914bd7810ba433ed1482921","hazelcast/src/main/java/com/hazelcast/query/impl/predicates/CompoundPredicate.java","1","0","3","0","6","48","0"
"elasticsearch","2bd09c4625898d77aa6c015c6f82cf973ed18cb7","core/src/main/java/org/elasticsearch/common/io/stream/Streamable.java","1","0","3","0","6","48","0"
"elasticsearch","3d13c27fa0df12018f35f1b20987c90277e9b6f9","core/src/main/java/org/elasticsearch/common/io/stream/Streamable.java","1","0","3","0","6","48","1"
"neo4j","d792f87317f952c8de3d1eff2982eaab0fc13d0f","community/kernel/src/main/java/org/neo4j/graphdb/traversal/UniquenessFactory.java","1","0","3","0","6","50","0"
"hazelcast","2b6f18456c37d310e7679071b8c91c7df48c679d","hazelcast/src/main/java/com/hazelcast/core/MapLoaderLifecycleSupport.java","1","0","3","0","6","51","1"
"hazelcast","21de2ef614b9a92baec6c4f16f26123a59391cdc","hazelcast/src/main/java/com/hazelcast/core/MapLoaderLifecycleSupport.java","1","0","3","0","6","63","0"
"elasticsearch","371c73e14023917f3892090d2d3d7ff9ac1216b9","core/src/main/java/org/elasticsearch/common/blobstore/BlobStore.java","1","0","3","0","7","40","3"
"elasticsearch","78574d248cf10dad1c5a566fda79e1e0c94afe43","core/src/main/java/org/elasticsearch/common/blobstore/BlobStore.java","1","0","3","0","7","40","2"
"elasticsearch","e6aaaf11ed4a1b8f595f920de1840938eddb7a97","core/src/main/java/org/elasticsearch/common/blobstore/BlobStore.java","1","0","3","0","7","40","2"
"elasticsearch","a60b8948ba1d836a6eac7cff095519e618939ed8","core/src/main/java/org/elasticsearch/common/blobstore/BlobStore.java","1","0","3","0","7","40","0"
"elasticsearch","d031662da34412839680af41648734a2e86a0d96","src/main/java/org/elasticsearch/common/settings/loader/SettingsLoader.java","1","0","3","0","7","43","0"
"netty","63a02fc04e6ce45aee38b0437ae0279880e5fe40","codec-dns/src/main/java/io/netty/handler/codec/dns/DnsRecordDecoder.java","1","0","3","0","7","43","0"
"netty","63a02fc04e6ce45aee38b0437ae0279880e5fe40","codec-dns/src/main/java/io/netty/handler/codec/dns/DnsRecordEncoder.java","1","0","3","0","7","43","0"
"netty","fd9ca8bbb3bb5478aee79e633374abfbc9b6d6c3","codec-dns/src/main/java/io/netty/handler/codec/dns/DnsRecordDecoder.java","1","0","3","0","7","43","1"
"neo4j","f403cd730863c42573fc3f4b46ed9d9c55daca4e","community/graphdb-api/src/main/java/org/neo4j/graphdb/spatial/Geometry.java","1","0","3","0","7","44","1"
"hazelcast","e718530747abdcbe6c6029b8c968e7d116d66cb4","hazelcast/src/main/java/com/hazelcast/nio/ssl/SSLEngineFactory.java","1","0","3","0","7","44","1"
"neo4j","ec9c8a128b39729ca3f12d5b5df61aac233b2a1c","community/graphdb-api/src/main/java/org/neo4j/graphdb/spatial/Geometry.java","1","0","3","0","7","44","0"
"netty","fdfe3149ba3f68678fa7f73c574c7c61aa33fa2f","codec-dns/src/main/java/io/netty/handler/codec/dns/DnsRecordDecoder.java","1","0","3","0","7","45","0"
"hazelcast","ff47de1ca5cab6df1a15d4d1b646a63c6a1eca13","hazelcast/src/main/java/com/hazelcast/nio/ssl/SSLEngineFactory.java","1","0","3","0","7","50","0"
"hazelcast","737ccfe6f9ee794e6a86d4a744e25abcb66a66c4","hazelcast/src/main/java/com/hazelcast/map/EntryProcessor.java","1","0","3","0","7","60","2"
"hazelcast","99c4072079a42e89bb3611d3ebb8a9f4e4e4ebf0","hazelcast/src/main/java/com/hazelcast/map/EntryProcessor.java","1","0","3","0","7","93","0"
"elasticsearch","2e445d3ede953c90e4e1ce69e5f53192115b9dd7","core/src/main/java/org/elasticsearch/index/fielddata/IndexOrdinalsFieldData.java","1","0","3","0","8","45","1"
"elasticsearch","2e445d3ede953c90e4e1ce69e5f53192115b9dd7","core/src/main/java/org/elasticsearch/index/fielddata/IndexParentChildFieldData.java","1","0","3","0","8","46","1"
"BroadleafCommerce","e216da5ebb303680f5c60ffcd75979f5876ab5a6","admin/broadleaf-open-admin-platform/src/main/java/org/broadleafcommerce/openadmin/server/service/persistence/FetchTypeDetection.java","1","0","3","0","8","62","0"
"elasticsearch","1af38cf3f3b50cef27044e5e173995c2403befb1","src/main/java/org/elasticsearch/index/query/FilterParser.java","1","0","3","0","9","43","0"
"BroadleafCommerce","89e19e1d026dfd30ee9dac589623f2aecf05efee","admin/broadleaf-open-admin-platform/src/main/java/org/broadleafcommerce/openadmin/exception/EntityNotFoundException.java","1","0","3","0","9","44","0"
"neo4j","9a371bafe80ceb4e6cdc8502fbd22f9f8ec3d59d","enterprise/core-edge/src/main/java/org/neo4j/coreedge/raft/state/ChannelMarshal.java","1","0","3","0","9","45","1"
"elasticsearch","5828796848674b656807406947f050626035845a","core/src/main/java/org/elasticsearch/index/fielddata/IndexOrdinalsFieldData.java","1","0","3","0","9","46","0"
"elasticsearch","5828796848674b656807406947f050626035845a","core/src/main/java/org/elasticsearch/index/fielddata/IndexParentChildFieldData.java","1","0","3","0","9","47","0"
"elasticsearch","e9d9ade10f9947dd35f9ccf095c3d36698f0de8c","src/main/java/org/elasticsearch/index/query/FilterParser.java","1","0","3","0","9","48","0"
"hazelcast","a539b5143ea9e978b07c9183b35add93458834ed","hazelcast/src/main/java/com/hazelcast/config/InvalidConfigurationException.java","1","0","3","0","9","49","0"
"BroadleafCommerce","64ee9c754b4adff1e55416fdd70d45b35f42d991","core/broadleaf-framework/src/main/java/org/broadleafcommerce/core/search/dao/IndexFieldDao.java","1","0","3","0","9","51","1"
"neo4j","21dc057a8a68245281a22d7bdb8da5ae2103f057","enterprise/core-edge/src/main/java/org/neo4j/coreedge/raft/state/ChannelMarshal.java","1","0","3","0","9","56","0"
"BroadleafCommerce","426027b921471cf5821fc1376fa2096eb77bd9f8","admin/broadleaf-open-admin-platform/src/main/java/org/broadleafcommerce/openadmin/web/service/ListGridErrorMessageExtensionHandler.java","1","0","3","0","9","58","0"
"hazelcast","8d373b62327a5c012a5b8f2bad456311df03bf61","hazelcast/src/main/java/com/hazelcast/spi/TaskScheduler.java","1","0","3","0","9","81","1"
"elasticsearch","30d7b8de2fa043bdca3ca55026aa74f06d404a76","src/main/java/org/elasticsearch/index/fielddata/fieldcomparator/NumberComparatorBase.java","1","0","3","1","10","51","0"
"oryx","fddb336ac30ea3fb0bde91c61ef043f523d7d9fe","framework/oryx-api/src/main/java/com/cloudera/oryx/api/serving/ServingModelManager.java","1","0","3","1","11","52","0"
"oryx","3b0fc229b3818b52dda4b6b863f9bca5dcfc4d86","framework/oryx-api/src/main/java/com/cloudera/oryx/api/serving/ServingModelManager.java","1","0","3","1","12","55","0"
"oryx","fddb336ac30ea3fb0bde91c61ef043f523d7d9fe","framework/oryx-api/src/main/java/com/cloudera/oryx/api/speed/SpeedModelManager.java","1","0","3","1","12","58","0"
"oryx","3b0fc229b3818b52dda4b6b863f9bca5dcfc4d86","framework/oryx-api/src/main/java/com/cloudera/oryx/api/speed/SpeedModelManager.java","1","0","3","1","13","60","0"
"elasticsearch","ace83d9d2a97cfe8a8aa9bdd7b46ce71713fb494","core/src/main/java/org/elasticsearch/common/UUIDs.java","1","0","3","1","15","48","0"
"elasticsearch","984b94e8b75f4c7f5a5e878548509a36bdeeec37","core/src/main/java/org/elasticsearch/action/admin/indices/upgrade/post/UpgradeSettingsClusterStateUpdateRequest.java","1","0","3","1","15","52","1"
"BroadleafCommerce","121fb9da120731cb573dabb23e44df67447d001d","common/src/main/java/org/broadleafcommerce/common/web/BLCAbstractHandlerMapping.java","1","0","3","1","15","60","1"
"elasticsearch","6d0efae7139401f497e6cd4ab329fba82dd922bf","core/src/main/java/org/elasticsearch/action/admin/cluster/node/tasks/list/ListTasksRequestBuilder.java","1","0","3","1","16","50","0"
"netty","31b319a5dc531d8c02c400d312ab9e85e90e614b","src/main/java/org/jboss/netty/channel/local/DefaultLocalClientChannelFactory.java","1","0","3","1","16","56","1"
"netty","31b319a5dc531d8c02c400d312ab9e85e90e614b","src/main/java/org/jboss/netty/channel/local/DefaultLocalServerChannelFactory.java","1","0","3","1","16","56","1"
"netty","220d95fe0d396821f08329fffd96edc1b47c37c1","src/main/java/org/jboss/netty/channel/local/DefaultLocalClientChannelFactory.java","1","0","3","1","16","56","0"
"elasticsearch","f71c9a25a182f05a7b54f3b773921b763981c2a5","core/src/main/java/org/elasticsearch/action/admin/indices/upgrade/post/UpgradeSettingsClusterStateUpdateRequest.java","1","0","3","1","17","54","0"
"elasticsearch","14ba36977ed24fd670005800547541a4f2cdfa3a","test/framework/src/main/java/org/elasticsearch/test/rest/yaml/ClientYamlTestResponseException.java","1","0","3","1","18","56","0"
"elasticsearch","ad8a482d198828d22d884263c2c4e76ab8ae2ee1","src/main/java/org/elasticsearch/action/admin/indices/mapping/get/GetFieldMappingsRequestBuilder.java","1","0","3","1","22","53","1"
"elasticsearch","fa16969360ea43667ad11f827bbf86718c18fcc6","src/main/java/org/elasticsearch/action/admin/indices/mapping/get/GetFieldMappingsRequestBuilder.java","1","0","3","1","22","53","1"
"elasticsearch","10ec2e948a2f1426a5058ca3b2c2e39952f141d8","src/main/java/org/elasticsearch/action/admin/indices/mapping/get/GetFieldMappingsRequestBuilder.java","1","0","3","1","22","53","0"
"netty","63a02fc04e6ce45aee38b0437ae0279880e5fe40","codec-dns/src/main/java/io/netty/handler/codec/dns/DefaultDnsQuestion.java","1","0","3","1","23","71","0"
"elasticsearch","01ca81e2a37c9cd38c6dc44ae567d427c059dbe0","src/test/java/org/elasticsearch/test/ElasticsearchLuceneTestCase.java","1","0","3","1","29","65","0"
"elasticsearch","b0567d7c1894306690fb3aea8b8b2ebc07f9f441","src/test/java/org/elasticsearch/index/mapper/attachment/test/integration/EncryptedAttachmentIntegrationTests.java","1","0","3","1","58","105","0"
"netty","3482651e0c29edfa02f189751c704ebe4fe8f54c","common/src/main/java/io/netty/util/internal/PriorityQueue.java","1","0","3","1","7","38","0"
"elasticsearch","04e08f5e491477f573b9e3ac19ee4b57cf7886db","core/src/main/java/org/elasticsearch/transport/TransportConnectionListener.java","1","0","3","1","7","41","3"
"elasticsearch","62b821ccf4e2bf221382df85e2785016f74012bc","plugins/mapper-attachments/src/test/java/org/elasticsearch/mapper/attachments/SimpleAttachmentMapperTests.java","1","0","3","1","75","129","1"
"oryx","d16f89b25fc5e12f94af6432274c66e0394c1743","framework/oryx-api/src/main/java/com/cloudera/oryx/api/TopicProducer.java","1","0","3","1","8","45","0"
"netty","1f27c3b39060e544b4d3aaf05b700dd5c433a0cd","transport/src/main/java/io/netty/channel/socket/oio/OioServerSocketChannelConfig.java","1","0","3","10","29","83","0"
"netty","9d4fae308c09a2c759dc67db765d311154c8d977","transport-native-epoll/src/main/java/io/netty/channel/unix/DomainSocketChannelConfig.java","1","0","3","10","30","75","1"
"hazelcast","86a8460b7e36376816dea524d18b755c5b2fc9e7","hazelcast/src/main/java/com/hazelcast/map/mapstore/MapDataStore.java","1","0","3","11","18","53","0"
"antlr4","c0dda79dff3066e75ad0e7400d02062efa161635","tool/test/org/antlr/v4/test/TestLexerActions.java","1","0","3","11","210","238","1"
"hazelcast","3571a6db8a917f909cb1ee4a240e50193743ee27","hazelcast/src/main/java/com/hazelcast/client/ClientEngine.java","1","0","3","11","28","77","0"
"hazelcast","49e2dfb6fb01762443b85a42c138d20c458e5a92","hazelcast/src/main/java/com/hazelcast/client/ClientEngine.java","1","0","3","11","28","78","1"
"hazelcast","70d4de16ff0ac4518d09aad8c9f2ad9e782fb337","hazelcast/src/main/java/com/hazelcast/client/ClientEngine.java","1","0","3","11","28","78","1"
"hazelcast","71768d3b6d5aed37f0211853a15e10dc87c776c9","hazelcast/src/main/java/com/hazelcast/client/ClientEngine.java","1","0","3","11","28","78","1"
"hazelcast","cb96a27bb8e3a99ed10d2c2006a173b5b7c42fa6","hazelcast/src/main/java/com/hazelcast/client/ClientEngine.java","1","0","3","11","28","78","1"
"hazelcast","82902a1dc01dba24dd61ed2959d785e039dd7124","hazelcast/src/main/java/com/hazelcast/client/ClientEngine.java","1","0","3","11","28","78","0"
"hazelcast","27d49efcee88ee428254cf38353e8698ea127c45","hazelcast/src/main/java/com/hazelcast/client/ClientEngine.java","1","0","3","11","30","80","1"
"antlr4","4f0f361d93a6913f58e1169baa9cef249b7aee6d","tool/test/org/antlr/v4/test/tool/TestCompositeGrammars.java","1","0","3","11","344","436","0"
"netty","3e5dcb5f3efbb26d5e6cf4cd229b03c285d62462","transport-native-epoll/src/main/java/io/netty/channel/unix/DomainSocketChannelConfig.java","1","0","3","11","35","81","0"
"elasticsearch","8235b89e9cd4f222ee689d47ca2ef4686b7a6971","src/test/java/org/elasticsearch/test/hamcrest/ElasticsearchAssertions.java","1","0","3","11","65","112","2"
"antlr4","05f4b76fab637e118dc3172f067c5f60ad131412","tool/test/org/antlr/v4/test/TestToolSyntaxErrors.java","1","0","3","12","152","232","1"
"hazelcast","b949940524e885bddfdd6391e0330ab00b56f34a","hazelcast/src/main/java/com/hazelcast/client/ClientEngine.java","1","0","3","12","31","82","3"
"hazelcast","d568e4d926d925d57d4e79e34614390416749301","hazelcast/src/main/java/com/hazelcast/client/ClientEngine.java","1","0","3","12","31","82","1"
"hazelcast","da8888f97af74b4590dfc1dce3d0bdeb44654000","hazelcast/src/main/java/com/hazelcast/client/ClientEngine.java","1","0","3","12","31","82","0"
"elasticsearch","07af39364e431dc04e9ba7b2f5a8a1693b5f9269","src/main/java/org/elasticsearch/search/aggregations/bucket/histogram/DateHistogram.java","1","0","3","12","48","96","0"
"elasticsearch","e1efd5f6baf8dec1c23c79b346b8a29f234a98bb","core/src/main/java/org/elasticsearch/action/admin/cluster/node/hotthreads/NodesHotThreadsRequest.java","1","0","3","12","72","118","0"
"elasticsearch","927fda8a61a51f9d60c7776c0011a741b4313236","src/test/java/org/elasticsearch/test/hamcrest/ElasticsearchAssertions.java","1","0","3","12","74","122","1"
"hazelcast","93fd800d6c6f6781ef95536bba7e2b200fe9678d","hazelcast/src/main/java/com/hazelcast/client/ClientEngine.java","1","0","3","13","32","84","2"
"netty","77b4ec7e1bc0b8c6111728cc074226dd9cfe1b73","transport/src/main/java/io/netty/channel/socket/oio/OioServerSocketChannelConfig.java","1","0","3","13","36","93","1"
"netty","58b968b6036dc194dce5a3e70d05d493b2fb6b58","transport-udt/src/main/java/io/netty/channel/udt/UdtServerChannelConfig.java","1","0","3","13","38","87","0"
"netty","23d017849429c18e1890b0a5799e5262df4f269f","common/src/main/java/io/netty/util/concurrent/AbstractEventExecutorGroup.java","1","0","3","13","74","117","0"
"BroadleafCommerce","3152b46a63eef8c208baa1747f928aa31665ae4c","core/broadleaf-framework/src/main/java/org/broadleafcommerce/core/offer/service/discount/domain/PromotableCandidateItemOffer.java","1","0","3","14","25","76","1"
"netty","58b968b6036dc194dce5a3e70d05d493b2fb6b58","transport/src/main/java/io/netty/channel/socket/oio/OioSocketChannelConfig.java","1","0","3","14","38","95","0"
"netty","d2032254b7b29aca620223c672ffa244171898b5","transport/src/main/java/io/netty/channel/socket/oio/OioServerSocketChannelConfig.java","1","0","3","14","38","96","0"
"netty","9d4fae308c09a2c759dc67db765d311154c8d977","transport/src/main/java/io/netty/channel/socket/oio/OioServerSocketChannelConfig.java","1","0","3","14","39","97","1"
"netty","1f27c3b39060e544b4d3aaf05b700dd5c433a0cd","transport-udt/src/main/java/io/netty/channel/udt/UdtServerChannelConfig.java","1","0","3","14","40","90","0"
"antlr4","39ddd0da3a503fe96e94f1a01558384b14c7a36e","tool-testsuite/test/org/antlr/v4/test/tool/TestCompositeGrammars.java","1","0","3","14","413","508","1"
"netty","63a02fc04e6ce45aee38b0437ae0279880e5fe40","codec-dns/src/main/java/io/netty/handler/codec/dns/DefaultDnsQuery.java","1","0","3","14","65","112","0"
"hazelcast","205c024fa76e667f18068dba06eb6584d18cf6ab","hazelcast/src/main/java/com/hazelcast/internal/partition/InternalPartitionService.java","1","0","3","15","30","102","1"
"netty","1f27c3b39060e544b4d3aaf05b700dd5c433a0cd","transport/src/main/java/io/netty/channel/socket/oio/OioSocketChannelConfig.java","1","0","3","15","40","98","0"
"netty","3e5dcb5f3efbb26d5e6cf4cd229b03c285d62462","transport/src/main/java/io/netty/channel/socket/oio/OioServerSocketChannelConfig.java","1","0","3","15","44","103","0"
"BroadleafCommerce","7a0a7c403c946be4bbd8ee1abdaa6699931ef834","core/broadleaf-framework/src/main/java/org/broadleafcommerce/core/order/dao/OrderDao.java","1","0","3","16","26","92","0"
"netty","77b4ec7e1bc0b8c6111728cc074226dd9cfe1b73","transport-udt/src/main/java/io/netty/channel/udt/UdtServerChannelConfig.java","1","0","3","17","47","100","1"
"hazelcast","276423b6af4decde07cb2f4b17e6f0f2f7d9ebb9","hazelcast/src/main/java/com/hazelcast/internal/dynamicconfig/DynamicSecurityConfig.java","1","0","3","17","93","147","1"
"BroadleafCommerce","082ec1011974dff9892bc33f90607bc7f2fa7aca","core/broadleaf-framework/src/main/java/org/broadleafcommerce/core/order/dao/OrderDao.java","1","0","3","18","30","96","0"
"netty","77b4ec7e1bc0b8c6111728cc074226dd9cfe1b73","transport/src/main/java/io/netty/channel/socket/oio/OioSocketChannelConfig.java","1","0","3","18","47","108","1"
"netty","d2032254b7b29aca620223c672ffa244171898b5","transport-udt/src/main/java/io/netty/channel/udt/UdtServerChannelConfig.java","1","0","3","18","49","103","0"
"netty","9d4fae308c09a2c759dc67db765d311154c8d977","transport-udt/src/main/java/io/netty/channel/udt/UdtServerChannelConfig.java","1","0","3","18","50","104","1"
"netty","d2032254b7b29aca620223c672ffa244171898b5","transport/src/main/java/io/netty/channel/socket/oio/OioSocketChannelConfig.java","1","0","3","19","49","111","0"
"netty","9d4fae308c09a2c759dc67db765d311154c8d977","transport/src/main/java/io/netty/channel/socket/oio/OioSocketChannelConfig.java","1","0","3","19","50","112","1"
"netty","3e5dcb5f3efbb26d5e6cf4cd229b03c285d62462","transport-udt/src/main/java/io/netty/channel/udt/UdtServerChannelConfig.java","1","0","3","19","55","110","0"
"hazelcast","083ea87787fc6406cc1bad4368424dc5462e4bd9","hazelcast/src/main/java/com/hazelcast/core/IQueue.java","1","0","3","2","10","65","0"
"BroadleafCommerce","a943eeae9ff5398e1779755ad265d6e1eb0e094c","common/src/main/java/org/broadleafcommerce/common/payment/service/PaymentGatewayCheckoutService.java","1","0","3","2","10","69","0"
"elasticsearch","0ad231546d70cd45ac5d7a32311c1cebb9b42293","plugins/mapper-attachments/src/test/java/org/elasticsearch/mapper/attachments/SimpleAttachmentMapperTests.java","1","0","3","2","104","162","1"
"elasticsearch","450f47d5b59f19f4d2056042db69732ac5c21bbf","plugins/mapper-attachments/src/test/java/org/elasticsearch/mapper/attachments/SimpleAttachmentMapperTests.java","1","0","3","2","104","162","1"
"elasticsearch","2a00c9dc46fe7ac5da04ea3e735985d3f02bc7bf","plugins/mapper-attachments/src/test/java/org/elasticsearch/mapper/attachments/SimpleAttachmentMapperTests.java","1","0","3","2","104","162","0"
"netty","af4b71a00e30faf86ef1c2365e965e8f04f65bee","buffer/src/main/java/io/netty/buffer/MessageBuf.java","1","0","3","2","11","51","0"
"orientdb","a56ae91e7d9f772da4288542cee900793c24e5e1","core/src/main/java/com/orientechnologies/orient/core/command/OCommandDistributedReplicateRequest.java","1","0","3","2","11","58","0"
"neo4j","61cf94c66e7a8c7053bb8cc8c336751a651c6307","community/kernel/src/main/java/org/neo4j/kernel/api/security/AuthSubject.java","1","0","3","2","116","182","1"
"elasticsearch","b73f87b0ea4ec4a66717b30a671c7f4f379a3ca9","client/rest/src/main/java/org/elasticsearch/client/HttpAsyncResponseConsumerFactory.java","1","0","3","2","19","66","0"
"elasticsearch","2bd09c4625898d77aa6c015c6f82cf973ed18cb7","core/src/main/java/org/elasticsearch/common/ParseFieldMatcher.java","1","0","3","2","20","60","0"
"elasticsearch","292dd8f992e101f9bffcd58c6c60a24ccbfec746","core/src/main/java/org/elasticsearch/action/admin/indices/delete/DeleteIndexRequestBuilder.java","1","0","3","2","22","61","1"
"elasticsearch","4b94eb5cb8cc4294ed0e932a5f22c16bd90d4dd7","core/src/main/java/org/elasticsearch/action/admin/indices/delete/DeleteIndexRequestBuilder.java","1","0","3","2","22","61","2"
"elasticsearch","860efb2ad28db09189c8423e05d0dba53010259c","core/src/main/java/org/elasticsearch/action/admin/indices/delete/DeleteIndexRequestBuilder.java","1","0","3","2","22","61","2"
"elasticsearch","d3417fb02291f26964d77767020ef345d18c148f","core/src/main/java/org/elasticsearch/action/admin/indices/delete/DeleteIndexRequestBuilder.java","1","0","3","2","22","61","0"
"elasticsearch","0eb3402795b8a854b52423aae7fd7b0bbbcde17a","src/main/java/org/elasticsearch/index/store/VerifyingIndexOutput.java","1","0","3","2","22","62","0"
"hazelcast","565257f977407eb3a0199d082860209c2958f5f9","hazelcast/src/main/java/com/hazelcast/core/InitialMembershipEvent.java","1","0","3","2","22","67","1"
"hazelcast","564167c1f93b32ce742411106e9ae67eae88a801","hazelcast/src/main/java/com/hazelcast/core/InitialMembershipEvent.java","1","0","3","2","23","69","0"
"elasticsearch","13805c2a23763da08a15c5f1de618edb95d340dc","core/src/main/java/org/elasticsearch/action/admin/cluster/node/tasks/list/ListTasksRequest.java","1","0","3","2","25","62","1"
"netty","2640832a38c105f2320efc8ab390b4985abbf90b","codec-http/src/main/java/io/netty/handler/codec/http/websocketx/WebSocketFrame.java","1","0","3","2","27","71","1"
"BroadleafCommerce","2e0bfcc4e3471ce67a18eab27cdd7eb802c2e1f9","admin/broadleaf-open-admin-platform/src/main/java/org/broadleafcommerce/openadmin/web/controller/config/AdminWebMvcConfiguration.java","1","0","3","2","42","80","1"
"elasticsearch","8250aa42678e086f2c0f3aeb35860051858826a7","core/src/test/java/org/elasticsearch/index/mapper/TokenCountFieldMapperTests.java","1","0","3","2","95","148","2"
"elasticsearch","4b94eb5cb8cc4294ed0e932a5f22c16bd90d4dd7","core/src/main/java/org/elasticsearch/action/admin/indices/create/CreateIndexClusterStateUpdateRequest.java","1","0","3","20","107","169","2"
"elasticsearch","860efb2ad28db09189c8423e05d0dba53010259c","core/src/main/java/org/elasticsearch/action/admin/indices/create/CreateIndexClusterStateUpdateRequest.java","1","0","3","20","107","169","2"
"elasticsearch","d3417fb02291f26964d77767020ef345d18c148f","core/src/main/java/org/elasticsearch/action/admin/indices/create/CreateIndexClusterStateUpdateRequest.java","1","0","3","20","107","169","0"
"netty","3e5dcb5f3efbb26d5e6cf4cd229b03c285d62462","transport/src/main/java/io/netty/channel/socket/oio/OioSocketChannelConfig.java","1","0","3","20","55","118","0"
"elasticsearch","0a89c80554b08a7f0777bf2426f2c7b23eaf2fd5","src/main/java/org/elasticsearch/index/fielddata/GeoPointValues.java","1","0","3","21","72","129","0"
"hazelcast","99f2dd5d8710f0276d0b105ba5c0f19674b6ccdf","hazelcast/src/main/java/com/hazelcast/client/impl/client/ClientRequest.java","1","0","3","21","91","156","1"
"antlr4","f6255bd5be8e0c0c9df5301bf915a620db0bdc9d","tool/test/org/antlr/v4/test/TestCompositeGrammars.java","1","0","3","23","587","714","1"
"antlr4","29c2712ae1eee9575324db48c2f72c7cb0d28308","tool/test/org/antlr/v4/test/tool/TestATNLexerInterpreter.java","1","0","3","24","243","326","0"
"orientdb","3b414feb4ea5748d789dad66c6f647ecc8960054","server/src/main/java/com/orientechnologies/orient/server/distributed/ODistributedServerManager.java","1","0","3","25","42","111","1"
"hazelcast","504bb28e15aa9a11f99f1105e0acd7089fb9366c","hazelcast/src/main/java/com/hazelcast/map/impl/record/Record.java","1","0","3","27","34","97","1"
"antlr4","7f577d92090ccfd7e945040ef96da8d09d2211c7","tool/test/org/antlr/v4/test/TestCompositeGrammars.java","1","0","3","27","670","801","2"
"orientdb","c143ec653bd43c119ce79712eb3302775b077113","core/src/main/java/com/orientechnologies/orient/core/db/record/OIdentifiable.java","1","0","3","3","11","54","1"
"BroadleafCommerce","f042414e4d51a26ffd5974ec487024e36095ea9a","admin/broadleaf-open-admin-platform/src/main/java/org/broadleafcommerce/openadmin/server/security/service/AdminUserDetails.java","1","0","3","3","25","67","0"
"BroadleafCommerce","0006af0a508d85e5272619e42d84de6cd274ba65","core/broadleaf-profile/src/main/java/org/broadleafcommerce/profile/core/service/CustomerUserDetails.java","1","0","3","3","25","69","0"
"elasticsearch","5ba06b648778375887d7a526f021f2fe56cdf647","core/src/main/java/org/elasticsearch/search/Scroll.java","1","0","3","3","30","73","1"
"elasticsearch","78574d248cf10dad1c5a566fda79e1e0c94afe43","core/src/main/java/org/elasticsearch/action/support/master/MasterNodeRequest.java","1","0","3","3","33","73","1"
"elasticsearch","e6aaaf11ed4a1b8f595f920de1840938eddb7a97","core/src/main/java/org/elasticsearch/action/support/master/MasterNodeRequest.java","1","0","3","3","33","73","1"
"elasticsearch","a60b8948ba1d836a6eac7cff095519e618939ed8","core/src/main/java/org/elasticsearch/action/support/master/MasterNodeRequest.java","1","0","3","3","33","73","0"
"hazelcast","4022592bc27993eaa9f71b37a3ec029cf7d30d76","hazelcast/src/main/java/com/hazelcast/map/impl/MapServiceContext.java","1","0","3","30","51","128","1"
"hazelcast","56cacd0e17025a819dabd3e61bff248f41a5fb04","hazelcast/src/main/java/com/hazelcast/map/impl/MapServiceContext.java","1","0","3","30","51","128","1"
"hazelcast","0f0ade6c45384284ab6b222ddf9c2df333fd693c","hazelcast/src/main/java/com/hazelcast/map/impl/MapServiceContext.java","1","0","3","30","51","128","0"
"elasticsearch","4a7b70cc082953dc7cd09b715916e3d1f8813f74","modules/lang-painless/src/test/java/org/elasticsearch/painless/LambdaTests.java","1","0","3","31","139","208","1"
"antlr4","1d066e0a6be25c01f5c25760c34d81c46636e12f","runtime-testsuite/test/org/antlr/v4/test/runtime/descriptors/ParserErrorsDescriptors.java","1","0","3","31","281","585","0"
"hazelcast","9a271c902879c6d77ac6f5d779edb30265612d84","hazelcast/src/main/java/com/hazelcast/map/impl/MapServiceContext.java","1","0","3","31","52","130","0"
"BroadleafCommerce","89ab11fc4ad655261735d86bf697f21900eb5357","admin/broadleaf-open-admin-platform/src/main/java/org/broadleafcommerce/openadmin/server/dao/DynamicEntityDao.java","1","0","3","31","55","130","0"
"BroadleafCommerce","1a5ce59c9c0fe861718300cd2ff7efb08a437dc9","core/broadleaf-framework/src/main/java/org/broadleafcommerce/core/payment/domain/PaymentResponseItem.java","1","0","3","32","42","112","0"
"elasticsearch","30cc33e2e542810a9c893297cdc79c0ab8ea3bdb","modules/lang-painless/src/test/java/org/elasticsearch/painless/LambdaTests.java","1","0","3","34","178","259","0"
"elasticsearch","026bf2e3ee1ee5c188e57839d9e902962158138b","modules/lang-painless/src/test/java/org/elasticsearch/painless/LambdaTests.java","1","0","3","34","215","297","1"
"hazelcast","1c090ad87906d51892a32c2aa0a32d34002298ec","hazelcast/src/main/java/com/hazelcast/map/impl/mapstore/writebehind/WriteBehindProcessor.java","1","0","3","4","12","54","1"
"orientdb","527d45bb551f10351ecbd295abd46f84c7349784","core/src/main/java/com/orientechnologies/orient/core/db/record/OIdentifiable.java","1","0","3","4","13","57","0"
"BroadleafCommerce","f00d993011d65c4824f0a58364a8e2c55ed60cd9","core/broadleaf-framework/src/main/java/org/broadleafcommerce/core/catalog/dao/ProductOptionDao.java","1","0","3","4","14","64","0"
"hazelcast","8d373b62327a5c012a5b8f2bad456311df03bf61","hazelcast-client/src/main/java/com/hazelcast/client/spi/ClientExecutionService.java","1","0","3","4","15","53","1"
"elasticsearch","5343b87502cf82e7697133ed636f210bd31247cd","core/src/main/java/org/elasticsearch/http/HttpServerTransport.java","1","0","3","4","16","67","0"
"elasticsearch","3f06d9f3b8516bb30a2890a36c2973f08f9c6076","modules/lang-painless/src/main/java/org/elasticsearch/painless/Executable.java","1","0","3","4","29","72","0"
"netty","c987dd556e8a1286451eb498cb7592156f5b9b74","codec-http/src/main/java/io/netty/handler/codec/http/websocketx/WebSocketFrame.java","1","0","3","4","37","82","0"
"elasticsearch","4b94eb5cb8cc4294ed0e932a5f22c16bd90d4dd7","core/src/main/java/org/elasticsearch/action/ActionRequestBuilder.java","1","0","3","4","42","87","2"
"elasticsearch","860efb2ad28db09189c8423e05d0dba53010259c","core/src/main/java/org/elasticsearch/action/ActionRequestBuilder.java","1","0","3","4","42","87","2"
"elasticsearch","d3417fb02291f26964d77767020ef345d18c148f","core/src/main/java/org/elasticsearch/action/ActionRequestBuilder.java","1","0","3","4","42","87","0"
"netty","7049d8debb74c05a542233f5b28b1655b07da306","codec-http/src/main/java/io/netty/handler/codec/spdy/DefaultSpdySynReplyFrame.java","1","0","3","4","43","83","0"
"elasticsearch","b1cef5fdf8e1f8e9982a4724986b2731ca4d522b","core/src/main/java/org/elasticsearch/search/aggregations/metrics/geobounds/GeoBoundsAggregationBuilder.java","1","0","3","4","61","104","1"
"hazelcast","1bc2827e1f686e5480817389acd25d199938b37d","hazelcast/src/main/java/com/hazelcast/map/impl/operation/MapOperationProvider.java","1","0","3","41","60","143","0"
"hazelcast","86b064ba3f1e467e74e95d6da24b03122065ce36","hazelcast/src/main/java/com/hazelcast/nio/IOService.java","1","0","3","42","65","143","2"
"hazelcast","9948976cea0dd05d47e24f303a0b309b4155d329","hazelcast/src/main/java/com/hazelcast/nio/IOService.java","1","0","3","42","65","143","2"
"hazelcast","d568e4d926d925d57d4e79e34614390416749301","hazelcast/src/main/java/com/hazelcast/nio/IOService.java","1","0","3","42","65","143","0"
"hazelcast","70d4de16ff0ac4518d09aad8c9f2ad9e782fb337","hazelcast/src/main/java/com/hazelcast/nio/IOService.java","1","0","3","44","64","144","1"
"elasticsearch","dc5aa993e0cc5d32c683fa86793d103f60b40950","core/src/test/java/org/elasticsearch/index/mapper/TokenCountFieldMapperTests.java","1","0","3","5","140","201","0"
"BroadleafCommerce","ccc99f843087cea18fa385a0d8aea9a6abd73d9f","core/broadleaf-framework/src/main/java/org/broadleafcommerce/core/catalog/dao/ProductOptionDao.java","1","0","3","5","15","64","0"
"hazelcast","485f426abc042144ebf9fd213e724556ad967191","hazelcast-client/src/main/java/com/hazelcast/client/spi/ClientExecutionService.java","1","0","3","5","16","55","1"
"neo4j","b14f438bd8198fc3970a4332e7819af1cf65a7cb","community/kernel/src/main/java/org/neo4j/kernel/impl/api/index/IndexStoreView.java","1","0","3","5","20","60","0"
"elasticsearch","ad8a482d198828d22d884263c2c4e76ab8ae2ee1","src/main/java/org/elasticsearch/action/admin/indices/mapping/get/GetFieldMappingsRequest.java","1","0","3","5","41","76","1"
"elasticsearch","fa16969360ea43667ad11f827bbf86718c18fcc6","src/main/java/org/elasticsearch/action/admin/indices/mapping/get/GetFieldMappingsRequest.java","1","0","3","5","41","76","1"
"elasticsearch","10ec2e948a2f1426a5058ca3b2c2e39952f141d8","src/main/java/org/elasticsearch/action/admin/indices/mapping/get/GetFieldMappingsRequest.java","1","0","3","5","41","76","0"
"elasticsearch","149ef74b26bb33d3a1d3c1c45c481a01345cd764","core/src/main/java/org/elasticsearch/search/aggregations/metrics/geobounds/GeoBoundsAggregationBuilder.java","1","0","3","5","74","119","0"
"elasticsearch","2f3a04107090dfcdcf917c571fdab350034f1faf","src/main/java/org/elasticsearch/index/shard/service/IndexShard.java","1","0","3","51","103","188","0"
"orientdb","6061b2a2b5d37ba6f30f9dfa91225ef3b3d718cc","core/src/main/java/com/orientechnologies/orient/core/fetch/OFetchListener.java","1","0","3","6","21","68","1"
"neo4j","ccdd0e1dcb4122c0d9f8677122dd401f56b6b704","community/kernel/src/main/java/org/neo4j/kernel/impl/api/index/IndexStoreView.java","1","0","3","6","22","64","1"
"orientdb","6fdc17421dd682b30aef282fdda3d7f0db88d754","core/src/main/java/com/orientechnologies/orient/core/fetch/OFetchListener.java","1","0","3","6","22","69","0"
"elasticsearch","dfeeee6e79fc702633192e9c23dfe182decc74c7","src/test/java/org/elasticsearch/script/python/PythonScriptSearchTests.java","1","0","3","6","237","314","0"
"neo4j","3ea1d3f5e4ec90ae32ab077bb7b12fd3dc37d4da","community/kernel/src/main/java/org/neo4j/kernel/api/SchemaWriteOperations.java","1","0","3","6","31","69","0"
"hazelcast","3a5a23328d705b9b8997d7a0665b65832b4aecf0","hazelcast/src/main/java/com/hazelcast/map/impl/mapstore/writebehind/DelayedEntry.java","1","0","3","6","40","95","2"
"hazelcast","b0236fbfb666a396a31681f3aac2fc0e01b2d12a","hazelcast/src/main/java/com/hazelcast/map/impl/mapstore/writebehind/DelayedEntry.java","1","0","3","6","40","95","1"
"hazelcast","e02c887e41aba50fe5698d5191033ec679b659fc","hazelcast/src/main/java/com/hazelcast/map/impl/mapstore/writebehind/DelayedEntry.java","1","0","3","6","40","95","2"
"hazelcast","fa83abec872f0116026f5abc9722ddc15803a6a3","hazelcast/src/main/java/com/hazelcast/map/impl/mapstore/writebehind/DelayedEntry.java","1","0","3","6","40","95","2"
"hazelcast","7eeda2743e6e66f523d335fb934aa079ea87e5f2","hazelcast/src/main/java/com/hazelcast/map/impl/mapstore/writebehind/DelayedEntry.java","1","0","3","6","40","95","0"
"elasticsearch","3e10810a8e086942227b982906013a6ba4cc24a1","src/main/java/org/elasticsearch/action/admin/indices/mapping/get/GetFieldMappingsRequestBuilder.java","1","0","3","6","44","80","0"
"netty","9128d4f16a8ccb102bbf863b88e6be8e5574333d","common/src/main/java/io/netty/util/concurrent/EventExecutorGroup.java","1","0","3","7","24","64","1"
"hazelcast","00e52fa5320b0c1c2c40e7a39d7dcc3a34ba2e3a","hazelcast/src/main/java/com/hazelcast/query/impl/Index.java","1","0","3","8","17","62","0"
"hazelcast","6ba8d8351f45b37667613e6f2ac9b8f7ec325782","hazelcast/src/main/java/com/hazelcast/query/impl/Index.java","1","0","3","8","17","62","0"
"hazelcast","3845f3a3400be23715370142b60c0a2ee0e0c5c2","hazelcast/src/main/java/com/hazelcast/query/impl/Index.java","1","0","3","8","17","62","1"
"hazelcast","58fc64be571c13c78dd54f148d859c305ef0979e","hazelcast-client/src/main/java/com/hazelcast/client/spi/ClientInvocationService.java","1","0","3","8","20","60","1"
"elasticsearch","14ae2fb7650f19c02440620061e6915da7711578","src/test/java/org/elasticsearch/test/hamcrest/ElasticsearchAssertions.java","1","0","3","8","45","87","2"
"elasticsearch","992a40cbd8fc4bd0e2021b9f657020554e7f1502","src/test/java/org/elasticsearch/test/hamcrest/ElasticsearchAssertions.java","1","0","3","8","46","89","2"
"hazelcast","7f7a2cf3136bc47b7c7f4ecd832fc0a75ad61d79","hazelcast-client/src/main/java/com/hazelcast/client/spi/ClientInvocationService.java","1","0","3","9","21","61","0"
"netty","58b968b6036dc194dce5a3e70d05d493b2fb6b58","transport/src/main/java/io/netty/channel/socket/oio/OioServerSocketChannelConfig.java","1","0","3","9","27","80","0"
"elasticsearch","48cb06c9cf50d4c459e14e5576e34e9d7265b517","src/test/java/org/elasticsearch/test/hamcrest/ElasticsearchAssertions.java","1","0","3","9","49","93","3"
"antlr4","dc2c9b039e1497ad924c852e07f3a8f981ed078b","tool-testsuite/test/org/antlr/v4/test/tool/TestActionTranslation.java","1","0","3","93","380","482","1"
"elasticsearch","20279a255674d826d07ecbb1f729d913b06cd7b3","src/main/java/org/elasticsearch/search/aggregations/AggregationBuilders.java","1","0","30","0","147","288","1"
"hazelcast","05f9e6021e6859216b8c564cec3c51f83a0f7ebb","hazelcast/src/main/java/com/hazelcast/cache/ICache.java","1","0","30","0","37","796","3"
"hazelcast","27163ccbfe0a992b610922bdd44414d307ba96a6","hazelcast/src/main/java/com/hazelcast/cache/ICache.java","1","0","30","0","37","796","1"
"hazelcast","755eae29ec59b3ea173de825f40b90a768cfd989","hazelcast/src/main/java/com/hazelcast/cache/ICache.java","1","0","30","0","37","796","3"
"hazelcast","620dbd7e355616bac3aa3ceaeb7f572cf028b90d","hazelcast/src/main/java/com/hazelcast/cache/ICache.java","1","0","30","0","37","796","0"
"hazelcast","fc6ab479ed9fab4939bf5f91fe3773e46310610d","hazelcast/src/main/java/com/hazelcast/cache/impl/ICacheRecordStore.java","1","0","30","0","41","431","0"
"hazelcast","4e6d18aeafe5790acd0957aa2d9a18e95606521d","hazelcast/src/main/java/com/hazelcast/cache/impl/ICacheRecordStore.java","1","0","30","0","41","436","1"
"orientdb","421563ce0a29745a168071c54982b2b05977c399","core/src/main/java/com/orientechnologies/orient/core/index/OIndex.java","1","0","30","11","53","320","1"
"orientdb","1a8d4d6d1b489ef24d1343a420d687ef4934f214","core/src/main/java/com/orientechnologies/orient/core/metadata/schema/OClass.java","1","0","30","55","111","405","1"
"elasticsearch","8c3500a6760847578245f5c34ea224b036d70d81","src/main/java/org/elasticsearch/search/aggregations/AggregationBuilders.java","1","0","31","0","152","297","0"
"hazelcast","17681042a785eb0d99c3cdb4c1ce3d18f87bd0b0","hazelcast/src/main/java/com/hazelcast/cache/ICache.java","1","0","31","0","38","803","1"
"hazelcast","fc99845a53223bcacc3892ec786cc14edeed49d6","hazelcast/src/main/java/com/hazelcast/cache/ICache.java","1","0","31","0","38","803","1"
"hazelcast","74ace7dcdefdaf63de1dd47daca79c1dfb171fd9","hazelcast/src/main/java/com/hazelcast/cache/ICache.java","1","0","31","0","38","803","0"
"hazelcast","d8129628724708c63b6ca67e844dae25d53338fb","hazelcast/src/main/java/com/hazelcast/cache/ICache.java","1","0","31","0","38","948","1"
"hazelcast","0f0ade6c45384284ab6b222ddf9c2df333fd693c","hazelcast/src/main/java/com/hazelcast/cache/impl/ICacheRecordStore.java","1","0","31","0","42","443","0"
"BroadleafCommerce","3ff8d6172e8a8daa788bca466a0ef09851d994cf","admin/broadleaf-open-admin-platform/src/main/java/org/broadleafcommerce/openadmin/server/service/AdminEntityService.java","1","0","31","0","78","418","1"
"orientdb","87154d21d3773b56833010727fdc7e1c88c9aee3","core/src/main/java/com/orientechnologies/orient/core/index/OIndex.java","1","0","31","11","54","342","0"
"neo4j","e9de62e7befeeb8b49cf594775b843b963d6ef6d","community/kernel/src/main/java/org/neo4j/kernel/impl/persistence/NeoStoreTransaction.java","1","0","31","3","56","340","1"
"orientdb","58a69086d40df6f8f824b069d343eda7852df1be","core/src/main/java/com/orientechnologies/orient/core/metadata/schema/OClass.java","1","0","31","55","114","416","0"
"hazelcast","e4f7959a373b0263506a00fa6941d0020407e6fd","hazelcast/src/main/java/com/hazelcast/client/impl/protocol/util/DirectBuffer.java","1","0","32","0","36","287","1"
"elasticsearch","3274e7ea6fd74073c30e5194c3447b1707e8b708","src/main/java/org/elasticsearch/search/SearchHit.java","1","0","32","0","41","196","1"
"hazelcast","309ff0eae019fb89696700e9c7332b78d74999bd","hazelcast/src/main/java/com/hazelcast/instance/NodeExtension.java","1","0","32","2","62","257","0"
"neo4j","1a261f85215c39039a8e8d12b1363ec328e56bf7","community/kernel/src/main/java/org/neo4j/kernel/impl/persistence/NeoStoreTransaction.java","1","0","32","3","57","348","0"
"hazelcast","5ca2eb7270cb2ae320c78e06be394586b0f1e902","hazelcast/src/main/java/com/hazelcast/map/impl/recordstore/RecordStore.java","1","0","32","41","91","383","1"
"elasticsearch","178629382cae497aaa5b4842208cd570b189bd52","src/main/java/org/elasticsearch/action/update/UpdateRequestBuilder.java","1","0","32","7","169","336","0"
"hazelcast","edd06ef89ebb26d51567a97a90481a0332fcb4bd","hazelcast/src/main/java/com/hazelcast/instance/NodeExtension.java","1","0","33","2","63","262","0"
"netty","3f72add89a41b3d94309bccb0d253515c0543b65","transport/src/main/java/io/netty/channel/ChannelPipeline.java","1","0","33","4","46","550","0"
"hazelcast","cd66a09812f63404b4e934e9591e45ce9472a35c","hazelcast/src/main/java/com/hazelcast/map/impl/recordstore/RecordStore.java","1","0","33","40","91","388","0"
"elasticsearch","43e374f793ead07f8dfcc0acd77c2722fcde6a64","src/main/java/org/elasticsearch/action/update/UpdateRequestBuilder.java","1","0","33","7","173","344","0"
"elasticsearch","fbe27664a65ca7ab5b7dbe1c328ab27423e4313c","core/src/main/java/org/elasticsearch/action/update/UpdateRequestBuilder.java","1","0","33","8","174","358","2"
"hazelcast","d568e4d926d925d57d4e79e34614390416749301","hazelcast/src/main/java/com/hazelcast/instance/NodeExtension.java","1","0","34","0","59","286","0"
"hazelcast","9edfab7f3f59aa6703b54c44ea249fa6da524874","hazelcast/src/main/java/com/hazelcast/map/impl/recordstore/RecordStore.java","1","0","35","40","95","403","0"
"hazelcast","d6b5a28cdd0898e8bc92c1ebc6cf1ca25e79afe5","hazelcast/src/main/java/com/hazelcast/map/impl/recordstore/RecordStore.java","1","0","35","40","95","403","0"
"hazelcast","dcde89bc0b97ab0e39eb414a65730066e6ac0237","hazelcast/src/main/java/com/hazelcast/map/impl/recordstore/RecordStore.java","1","0","35","40","95","403","2"
"hazelcast","adb9c3af7f236cda63c8eed889f117bc5499f84e","hazelcast/src/main/java/com/hazelcast/map/impl/recordstore/RecordStore.java","1","0","35","42","96","406","1"
"hazelcast","068025a55b706e119d7ecce10dfdb8756e217c04","hazelcast/src/main/java/com/hazelcast/map/impl/recordstore/RecordStore.java","1","0","35","43","98","408","3"
"hazelcast","b753aeeb27f1b35ef0e8043027a09001e02abf62","hazelcast/src/main/java/com/hazelcast/map/impl/recordstore/RecordStore.java","1","0","35","43","98","408","4"
"hazelcast","0e104a9f57ef6df4b44520699baf61a093a95a16","hazelcast/src/main/java/com/hazelcast/map/impl/recordstore/RecordStore.java","1","0","35","43","98","408","0"
"elasticsearch","1764ec56b38ce87f516efdf93bb4ab56e9dd829b","core/src/main/java/org/elasticsearch/action/update/UpdateRequestBuilder.java","1","0","36","4","177","388","0"
"elasticsearch","5763b2468669896ce69b7f728626a8c844f4aba4","src/main/java/org/elasticsearch/search/SearchHit.java","1","0","37","0","48","225","0"
"BroadleafCommerce","2958e6ba93799ca6858a34889a2668cd1ce9fb81","core/broadleaf-framework/src/main/java/org/broadleafcommerce/core/order/service/OrderService.java","1","0","37","2","59","495","1"
"hazelcast","ed777f64e4d046bb45ae4ee062b463e33526e3ad","hazelcast/src/main/java/com/hazelcast/core/HazelcastInstance.java","1","0","38","0","53","399","1"
"hazelcast","eca7cec5e3af5e7098dc27a62dea257e072f417d","hazelcast/src/main/java/com/hazelcast/core/HazelcastInstance.java","1","0","39","0","54","409","0"
"hazelcast","bb3ea0e107980d769862cdbda748cc91529d67b5","hazelcast/src/main/java/com/hazelcast/core/HazelcastInstance.java","1","0","39","0","55","407","0"
"hazelcast","07cd42d5481bc8e9bdc882070746ca7ad10d015b","hazelcast/src/main/java/com/hazelcast/core/HazelcastInstance.java","1","0","39","0","55","432","1"
"BroadleafCommerce","016c217175392f8c6e3a7b474904986cf9c8ece1","core/broadleaf-framework/src/main/java/org/broadleafcommerce/core/order/service/OrderService.java","1","0","39","2","61","520","1"
"netty","d7bfd44e1093740c573f855972b73ea19eccd8bc","transport/src/main/java/io/netty/channel/ChannelPipeline.java","1","0","39","4","54","702","0"
"hazelcast","1bfc71314ed00effe6c212f20af4d0092a27f5cc","hazelcast/src/main/java/com/hazelcast/cache/HazelcastCacheManager.java","1","0","4","0","10","57","1"
"BroadleafCommerce","e216da5ebb303680f5c60ffcd75979f5876ab5a6","admin/broadleaf-open-admin-platform/src/main/java/org/broadleafcommerce/openadmin/server/service/persistence/module/FetchWrapper.java","1","0","4","0","10","64","0"
"hazelcast","068025a55b706e119d7ecce10dfdb8756e217c04","hazelcast/src/main/java/com/hazelcast/core/MapLoader.java","1","0","4","0","10","70","3"
"hazelcast","aab8164bc1361cf7a14724b238cbdd8c1f91dee7","hazelcast/src/main/java/com/hazelcast/core/MapLoader.java","1","0","4","0","10","75","0"
"netty","0d78c0508da9babeb6825a9d6335535e15cf716d","src/main/java/org/jboss/netty/channel/FileRegion.java","1","0","4","0","10","87","0"
"BroadleafCommerce","9f58af09745824a22427bd458a21279cd714e4cc","admin/broadleaf-admin-module/src/main/java/org/broadleafcommerce/admin/server/service/extension/ProductCustomPersistenceHandlerExtensionHandler.java","1","0","4","0","11","59","1"
"hazelcast","e641541f77808713a214b6d1b4ef4d58497824f1","hazelcast/src/main/java/com/hazelcast/spi/TaskScheduler.java","1","0","4","0","12","99","0"
"BroadleafCommerce","35fc9949359b047d4c18fbc6045f42d4143184a3","admin/broadleaf-open-admin-platform/src/main/java/org/broadleafcommerce/openadmin/server/service/persistence/validation/EntityValidatorService.java","1","0","4","0","13","70","1"
"orientdb","c902353d86924562826c9114fd6a1242a65ada6d","core/src/main/java/com/orientechnologies/orient/core/storage/impl/local/paginated/wal/OWALPage.java","1","0","4","0","14","60","0"
"elasticsearch","9ee08dbb0b247afb881431df0c313024eb768747","core/src/main/java/org/elasticsearch/bootstrap/BootstrapInfo.java","1","0","4","0","14","61","1"
"BroadleafCommerce","63fbd9cf0e68a367c947b8ca8fb30c0585b02366","admin/broadleaf-open-admin-platform/src/main/java/org/broadleafcommerce/openadmin/server/service/persistence/validation/EntityValidatorService.java","1","0","4","0","14","73","0"
"BroadleafCommerce","73b572fb130796355d80fdc8d5007c0d5f3a84cd","admin/broadleaf-open-admin-platform/src/main/java/org/broadleafcommerce/openadmin/server/service/persistence/validation/EntityValidatorService.java","1","0","4","0","15","77","0"
"elasticsearch","add433944676594b5696bc949e3e8eea38cf037d","src/main/java/org/elasticsearch/index/query/support/NestedScope.java","1","0","4","0","16","56","0"
"BroadleafCommerce","27ef2467b7432e825811b791c96788f417fc8d4b","admin/broadleaf-open-admin-platform/src/main/java/org/broadleafcommerce/openadmin/server/service/persistence/validation/EntityValidatorService.java","1","0","4","0","16","77","0"
"BroadleafCommerce","f00d993011d65c4824f0a58364a8e2c55ed60cd9","admin/broadleaf-open-admin-platform/src/main/java/org/broadleafcommerce/openadmin/server/service/persistence/validation/EntityValidatorService.java","1","0","4","0","16","79","0"
"netty","ca5554dfe7707d2cce712d1165a648129e0a9c84","transport/src/main/java/io/netty/channel/ChannelHandlerAdapter.java","1","0","4","0","18","63","0"
"hazelcast","2510ac6c3f371032d6aceabd20dac63be71957ee","hazelcast-client/src/main/java/com/hazelcast/client/connection/ClientConnectionManager.java","1","0","4","0","19","96","0"
"neo4j","e6f84e88fecffdd2dd28e4ee978d77df94914908","community/lucene-index/src/main/java/org/neo4j/kernel/api/impl/labelscan/LuceneLabelScanIndexBuilder.java","1","0","4","0","26","74","1"
"elasticsearch","78574d248cf10dad1c5a566fda79e1e0c94afe43","core/src/main/java/org/elasticsearch/client/ParentTaskAssigningClient.java","1","0","4","0","30","69","1"
"elasticsearch","e6aaaf11ed4a1b8f595f920de1840938eddb7a97","core/src/main/java/org/elasticsearch/client/ParentTaskAssigningClient.java","1","0","4","0","30","69","1"
"elasticsearch","a60b8948ba1d836a6eac7cff095519e618939ed8","core/src/main/java/org/elasticsearch/client/ParentTaskAssigningClient.java","1","0","4","0","30","69","0"
"elasticsearch","0a69f1e283e26e5d9e6a000b68b9f4778de557a1","core/src/main/java/org/elasticsearch/index/MergeSchedulerConfig.java","1","0","4","0","36","114","2"
"hazelcast","e4f7959a373b0263506a00fa6941d0020407e6fd","hazelcast/src/main/java/com/hazelcast/client/impl/protocol/parameters/AuthenticationCustomCredentialsParameters.java","1","0","4","0","39","88","1"
"elasticsearch","5a64f08f048461a63a0ca1354a5050c954e63d52","core/src/main/java/org/elasticsearch/index/MergeSchedulerConfig.java","1","0","4","0","40","118","0"
"hazelcast","e4f7959a373b0263506a00fa6941d0020407e6fd","hazelcast/src/main/java/com/hazelcast/client/impl/protocol/parameters/AuthenticationParameters.java","1","0","4","0","43","77","1"
"elasticsearch","b8396cd2d6a206f3107b9f657d9340503fe3273b","core/src/main/java/org/elasticsearch/index/MergeSchedulerConfig.java","1","0","4","0","44","122","0"
"antlr4","29c2712ae1eee9575324db48c2f72c7cb0d28308","tool/test/org/antlr/v4/test/tool/TestParserExec.java","1","0","4","0","51","139","0"
"elasticsearch","12d9268db256b728e8d334801739fb46167902b6","src/main/java/org/elasticsearch/common/util/IntArray.java","1","0","4","0","6","35","0"
"BroadleafCommerce","037c7dd5de30df0a5b79d3759abbbb69ee2942bf","common/src/main/java/org/broadleafcommerce/common/RequestDTO.java","1","0","4","0","6","40","1"
"hazelcast","d070f1256c8c7fa823e6463487462826384ee1df","hazelcast/src/main/java/com/hazelcast/map/impl/nearcache/invalidation/InvalidationHandler.java","1","0","4","0","6","45","0"
"netty","8579f09c594f69870115c019655c98cba5ad47ee","transport/src/main/java/io/netty/channel/ChannelSink.java","1","0","4","0","6","46","0"
"netty","4158152b24c1e20cc9d024486a6bc6a0ee336a92","transport/src/main/java/io/netty/channel/ChannelSink.java","1","0","4","0","6","47","0"
"titan","ed88d7286080492045efafb45a69fa4cb6eeb94d","src/main/java/com/thinkaurelius/titan/core/DefaultTypeMaker.java","1","0","4","0","6","49","0"
"hazelcast","70ea74a8c98c7fea1332b8cb45a0a58ac7aa3a92","hazelcast/src/main/java/com/hazelcast/spi/MembershipAwareService.java","1","0","4","0","6","50","1"
"hazelcast","9792cc0a9de201496c5b47a40a60a1d43181589b","hazelcast/src/main/java/com/hazelcast/spi/MembershipAwareService.java","1","0","4","0","6","52","0"
"BroadleafCommerce","7983f44305a80ff9941b54e703d149902741ae0d","common/src/main/java/org/broadleafcommerce/common/resource/service/ResourceMinificationService.java","1","0","4","0","6","65","0"
"hazelcast","348281e641ee3c1b3ab056a8a701e4953716854f","hazelcast/src/main/java/com/hazelcast/instance/HazelcastProperty.java","1","0","4","0","7","48","1"
"hazelcast","a3507ca238034c2ea2fbb21034247eddd69117ef","hazelcast/src/main/java/com/hazelcast/spi/InternalCompletableFuture.java","1","0","4","0","7","49","0"
"elasticsearch","2bd09c4625898d77aa6c015c6f82cf973ed18cb7","core/src/main/java/org/elasticsearch/index/fielddata/SortedBinaryDocValues.java","1","0","4","0","7","49","0"
"elasticsearch","3d13c27fa0df12018f35f1b20987c90277e9b6f9","core/src/main/java/org/elasticsearch/index/fielddata/SortedBinaryDocValues.java","1","0","4","0","7","49","1"
"netty","fc1429c00c6a365e37363091a3ee14291bb8f010","handler/src/main/java/io/netty/handler/stream/ChunkedInput.java","1","0","4","0","7","51","1"
"neo4j","ec9c8a128b39729ca3f12d5b5df61aac233b2a1c","community/graphdb-api/src/main/java/org/neo4j/graphdb/spatial/CRS.java","1","0","4","0","7","60","0"
"BroadleafCommerce","9b556e9914c84a41ae10f07813ea46a5d2023f27","core/broadleaf-framework/src/main/java/org/broadleafcommerce/core/order/service/OrderLockManager.java","1","0","4","0","7","74","0"
"netty","a729e0fcd94009905d219665bdd069eb31433b7c","transport/src/main/java/io/netty/channel/EventLoopGroup.java","1","0","4","0","8","44","1"
"neo4j","e53f7c80d98a2e35ea6a339e7f7fd44c3d2bde74","community/graphdb-api/src/main/java/org/neo4j/graphdb/spatial/Geometry.java","1","0","4","0","8","51","0"
"BroadleafCommerce","9fcc89a3f957e49c24289922678c133eb65060e0","core/broadleaf-framework/src/main/java/org/broadleafcommerce/core/search/dao/SearchFacetDao.java","1","0","4","0","8","56","1"
"neo4j","7643273606f6449b703ac8c3692747b7a2171a07","community/csv/src/main/java/org/neo4j/csv/reader/Extractor.java","1","0","4","0","8","57","1"
"BroadleafCommerce","aacde9edcbeff636f03326493a9d244ce547d0f8","admin/broadleaf-open-admin-platform/src/main/java/org/broadleafcommerce/openadmin/server/security/service/EntityFormModifier.java","1","0","4","0","8","58","0"
"elasticsearch","78574d248cf10dad1c5a566fda79e1e0c94afe43","core/src/main/java/org/elasticsearch/cluster/Diffable.java","1","0","4","0","9","47","1"
"elasticsearch","e6aaaf11ed4a1b8f595f920de1840938eddb7a97","core/src/main/java/org/elasticsearch/cluster/Diffable.java","1","0","4","0","9","47","1"
"elasticsearch","a60b8948ba1d836a6eac7cff095519e618939ed8","core/src/main/java/org/elasticsearch/cluster/Diffable.java","1","0","4","0","9","47","0"
"elasticsearch","800d4624c8ed06bcc7c864513f4c698b61a0b0e9","src/main/java/org/elasticsearch/cluster/routing/ShardShuffler.java","1","0","4","0","9","48","0"
"netty","abccf184115129e7f4eb79af6c4fab0fc19ec1ea","codec-http2/src/main/java/io/netty/handler/codec/http2/Http2LocalFlowController.java","1","0","4","0","9","70","2"
"netty","26a7a5ec25fe81fae38f557e6b44bf9c3ea91fea","codec-http2/src/main/java/io/netty/handler/codec/http2/Http2LocalFlowController.java","1","0","4","0","9","74","1"
"netty","26a7a5ec25fe81fae38f557e6b44bf9c3ea91fea","codec-http2/src/main/java/io/netty/handler/codec/http2/Http2LocalFlowController.java","1","0","4","0","9","74","1"
"netty","ab925abc7db806ead57f8d9ea50ff322ce2ff891","codec-http2/src/main/java/io/netty/handler/codec/http2/Http2LocalFlowController.java","1","0","4","0","9","74","0"
"BroadleafCommerce","42fab0f12ab56dc3af4b15636fdb702de7de5d4d","core/broadleaf-framework/src/main/java/org/broadleafcommerce/core/search/dao/IndexFieldDao.java","1","0","4","1","12","60","0"
"neo4j","74a1a9548eb21aa21d3b16f5433017523684b770","community/kernel/src/main/java/org/neo4j/kernel/internal/GraphDatabaseAPI.java","1","0","4","1","13","53","1"
"oryx","92bff167832b0389e135a60e46f1284c34744e3c","framework/oryx-api/src/main/java/com/cloudera/oryx/api/serving/ServingModelManager.java","1","0","4","1","14","61","0"
"elasticsearch","6159ca28ae6ffd97260d8533df5a794154d94e11","core/src/main/java/org/elasticsearch/transport/TransportInterceptor.java","1","0","4","1","17","62","0"
"netty","2640832a38c105f2320efc8ab390b4985abbf90b","codec-http/src/main/java/io/netty/handler/codec/http/websocketx/PingWebSocketFrame.java","1","0","4","1","18","62","1"
"netty","1603d9792dd972cdc6bd1b83a4e890cbe103c797","transport/src/main/java/io/netty/channel/ChannelHandlerAdapter.java","1","0","4","1","19","64","0"
"hazelcast","a9d0ba2e1a38c66174a7d36bd939fd191eea044e","hazelcast/src/main/java/com/hazelcast/spi/impl/operationservice/impl/operations/PartitionAwareOperationFactory.java","1","0","4","1","20","76","0"
"hazelcast","358e12c864a51acfb36b17e7672b67707b41307c","hazelcast/src/main/java/com/hazelcast/core/Message.java","1","0","4","1","22","63","1"
"hazelcast","0d5f32b92330eb1b4d0a8f2e0c97d32341ec8970","hazelcast/src/main/java/com/hazelcast/core/Message.java","1","0","4","1","22","66","0"
"hazelcast","da19a121b3e6e1e0898c272d906d8784568c0ac9","hazelcast/src/main/java/com/hazelcast/core/Message.java","1","0","4","1","22","66","0"
"hazelcast","53d96a2042e1c7fa0fe1ccb1ae1a0c152ce97c34","hazelcast/src/main/java/com/hazelcast/core/Message.java","1","0","4","1","22","66","1"
"netty","9c1b31d20a2a6f913802f4200e6910f32990634e","handler/src/main/java/io/netty/handler/traffic/ChannelTrafficShapingHandler.java","1","0","4","1","22","95","0"
"netty","ca5554dfe7707d2cce712d1165a648129e0a9c84","handler/src/main/java/io/netty/handler/traffic/ChannelTrafficShapingHandler.java","1","0","4","1","22","95","0"
"netty","39b57b889cf77f38b25f45bd38fad58d22a4bb73","handler/src/main/java/io/netty/handler/traffic/ChannelTrafficShapingHandler.java","1","0","4","1","22","95","1"
"elasticsearch","f735baf306571ec9949514a14828f18058972044","src/main/java/org/elasticsearch/action/admin/indices/optimize/OptimizeRequestBuilder.java","1","0","4","1","25","70","0"
"elasticsearch","3764789d9641b37d78791b83b9293611261298ff","modules/lang-painless/src/test/java/org/elasticsearch/painless/ScriptTestCase.java","1","0","4","1","26","61","1"
"elasticsearch","292dd8f992e101f9bffcd58c6c60a24ccbfec746","core/src/main/java/org/elasticsearch/action/support/master/AcknowledgedRequest.java","1","0","4","1","36","92","1"
"elasticsearch","0a8afa2e7269ddbec3755b8f10033e93f55149c2","core/src/main/java/org/elasticsearch/action/support/master/AcknowledgedRequest.java","1","0","4","1","37","93","3"
"elasticsearch","371c73e14023917f3892090d2d3d7ff9ac1216b9","core/src/main/java/org/elasticsearch/action/support/master/AcknowledgedRequest.java","1","0","4","1","37","93","3"
"elasticsearch","78574d248cf10dad1c5a566fda79e1e0c94afe43","core/src/main/java/org/elasticsearch/action/support/master/AcknowledgedRequest.java","1","0","4","1","37","93","2"
"elasticsearch","e6aaaf11ed4a1b8f595f920de1840938eddb7a97","core/src/main/java/org/elasticsearch/action/support/master/AcknowledgedRequest.java","1","0","4","1","37","93","2"
"elasticsearch","a60b8948ba1d836a6eac7cff095519e618939ed8","core/src/main/java/org/elasticsearch/action/support/master/AcknowledgedRequest.java","1","0","4","1","37","93","0"
"elasticsearch","f32f35bec4e103a6f5eb347895bbf73bec0fdf76","core/src/main/java/org/elasticsearch/action/support/master/AcknowledgedRequest.java","1","0","4","1","38","94","1"
"elasticsearch","be2a6ce80b2282779159bc017352aa6f216349e2","core/src/main/java/org/elasticsearch/transport/TransportConnectionListener.java","1","0","4","1","8","47","0"
"BroadleafCommerce","eb2d314a8d4af455b5dd36fbb5f694d34db480b0","common/src/main/java/org/broadleafcommerce/common/crossapp/service/CrossAppAdminAuthService.java","1","0","4","1","8","69","0"
"elasticsearch","371c73e14023917f3892090d2d3d7ff9ac1216b9","core/src/main/java/org/elasticsearch/action/IndicesRequest.java","1","0","4","1","9","50","3"
"elasticsearch","78574d248cf10dad1c5a566fda79e1e0c94afe43","core/src/main/java/org/elasticsearch/action/IndicesRequest.java","1","0","4","1","9","50","2"
"elasticsearch","e6aaaf11ed4a1b8f595f920de1840938eddb7a97","core/src/main/java/org/elasticsearch/action/IndicesRequest.java","1","0","4","1","9","50","2"
"oryx","49c1ead1c67cc8b980a4be36cff731a14ba4f3fb","framework/oryx-api/src/main/java/com/cloudera/oryx/api/TopicProducer.java","1","0","4","1","9","50","0"
"elasticsearch","a60b8948ba1d836a6eac7cff095519e618939ed8","core/src/main/java/org/elasticsearch/action/IndicesRequest.java","1","0","4","1","9","50","0"
"hazelcast","cb32444b6c11c96e4656a9a7e8b35e99418829f9","hazelcast/src/main/java/com/hazelcast/wan/WanReplicationPublisher.java","1","0","4","1","9","56","0"
"hazelcast","47b48594cce33ec1cec54b6fa89af2acf2da2fed","hazelcast/src/main/java/com/hazelcast/nio/ConnectionManager.java","1","0","4","10","16","74","0"
"elasticsearch","a487b90498ae469b4437cc85d745c645ae5d4f79","modules/lang-painless/src/test/java/org/elasticsearch/painless/BasicExpressionTests.java","1","0","4","10","162","240","1"
"BroadleafCommerce","6be50af6ae7eb09a7ca8299dcd80eb3debe11646","core/broadleaf-framework/src/main/java/org/broadleafcommerce/core/payment/service/OrderPaymentService.java","1","0","4","10","24","108","0"
"BroadleafCommerce","8960c327a924062425eda5ce9f21f9b48394fea4","core/broadleaf-framework/src/main/java/org/broadleafcommerce/core/payment/service/OrderPaymentService.java","1","0","4","11","25","109","0"
"antlr4","41e04a27c06d4f6004e6c2c85ba4bb308b207309","tool/test/org/antlr/v4/test/TestLexerActions.java","1","0","4","11","250","284","0"
"antlr4","551100ea375bd3db4183ef3619c6f1e86bed5388","tool/test/org/antlr/v4/test/TestToolSyntaxErrors.java","1","0","4","12","164","251","0"
"elasticsearch","f24ca5188a39a9d8bd48f76bb7cbae2f7897e83d","modules/lang-painless/src/test/java/org/elasticsearch/painless/BasicExpressionTests.java","1","0","4","12","183","272","0"
"BroadleafCommerce","150979880d535c0bf00fb5aa86c7607f6df0e8d0","core/broadleaf-framework/src/main/java/org/broadleafcommerce/core/offer/service/discount/domain/PromotableCandidateItemOffer.java","1","0","4","14","27","86","0"
"antlr4","c7a68514b571bbf49440972e4841817c749cdf52","tool-testsuite/test/org/antlr/v4/test/tool/TestCompositeGrammars.java","1","0","4","14","423","520","0"
"hazelcast","317fabec0c90b274c686ba018cc1b465fee244f2","hazelcast/src/main/java/com/hazelcast/client/ClientEndpoint.java","1","0","4","15","27","76","1"
"hazelcast","dd710b431238cb45633bd2788748e28a2f43f33a","hazelcast/src/main/java/com/hazelcast/internal/partition/InternalPartitionService.java","1","0","4","15","32","111","0"
"BroadleafCommerce","35fc9949359b047d4c18fbc6045f42d4143184a3","admin/broadleaf-open-admin-platform/src/main/java/org/broadleafcommerce/openadmin/server/service/persistence/module/RecordHelper.java","1","0","4","15","43","126","1"
"antlr4","6c2d4e6225f4ee5fd2b197a794b4eb0e65e84cf1","tool-testsuite/test/org/antlr/v4/test/tool/TestActionTranslation.java","1","0","4","16","176","429","0"
"BroadleafCommerce","1d6d9e9d14cd95417746ef0404084f9e3346758f","core/broadleaf-framework/src/main/java/org/broadleafcommerce/core/offer/service/discount/domain/PromotableCandidateItemOffer.java","1","0","4","16","29","90","0"
"BroadleafCommerce","c880fb0996be00c849e736ac5be5abf168f384f9","admin/broadleaf-open-admin-platform/src/main/java/org/broadleafcommerce/openadmin/server/security/service/AdminSecurityService.java","1","0","4","17","30","87","2"
"BroadleafCommerce","d8dbf31381e5c689ad90bada81d6092e897818bb","core/broadleaf-framework/src/main/java/org/broadleafcommerce/core/offer/service/discount/domain/PromotableCandidateItemOffer.java","1","0","4","18","31","95","0"
"orientdb","b27bb99f64f5a211acd2f1639a5895ce09a1b883","server/src/main/java/com/orientechnologies/orient/server/distributed/ODistributedDatabase.java","1","0","4","2","11","69","0"
"netty","cd0b5ec2db593d45c96bd6b55b0024042534af04","buffer/src/main/java/io/netty/buffer/MessageBuf.java","1","0","4","2","12","62","1"
"orientdb","9b0a6b5a0d74bce339faedfdf33a3918902c1a9e","core/src/main/java/com/orientechnologies/orient/core/command/OCommandDistributedReplicateRequest.java","1","0","4","2","12","65","0"
"neo4j","c1f7605eb05731fe0b706c50dd830e2421d84166","community/kernel/src/main/java/org/neo4j/kernel/api/security/AuthSubject.java","1","0","4","2","127","199","0"
"neo4j","dc4c2d96ee965fb6411950e6a767a3527872d698","community/kernel/src/main/java/org/neo4j/kernel/internal/GraphDatabaseAPI.java","1","0","4","2","17","58","0"
"elasticsearch","371c73e14023917f3892090d2d3d7ff9ac1216b9","core/src/main/java/org/elasticsearch/cluster/routing/allocation/command/AllocationCommand.java","1","0","4","2","19","65","3"
"elasticsearch","78574d248cf10dad1c5a566fda79e1e0c94afe43","core/src/main/java/org/elasticsearch/cluster/routing/allocation/command/AllocationCommand.java","1","0","4","2","19","65","2"
"elasticsearch","e6aaaf11ed4a1b8f595f920de1840938eddb7a97","core/src/main/java/org/elasticsearch/cluster/routing/allocation/command/AllocationCommand.java","1","0","4","2","19","65","2"
"elasticsearch","a60b8948ba1d836a6eac7cff095519e618939ed8","core/src/main/java/org/elasticsearch/cluster/routing/allocation/command/AllocationCommand.java","1","0","4","2","19","65","0"
"hazelcast","2388114ba2aac3aa5417e6dcd6c4b8932db39281","hazelcast/src/main/java/com/hazelcast/query/impl/getters/MultiResult.java","1","0","4","2","21","103","1"
"elasticsearch","c0f9e337ce5271c5cd5ff08a381d8cd4670abc9d","src/main/java/org/apache/lucene/search/vectorhighlight/XSimpleFragmentsBuilder.java","1","0","4","2","21","62","0"
"elasticsearch","4b94eb5cb8cc4294ed0e932a5f22c16bd90d4dd7","core/src/main/java/org/elasticsearch/action/admin/indices/validate/query/ValidateQueryRequestBuilder.java","1","0","4","2","25","68","2"
"elasticsearch","860efb2ad28db09189c8423e05d0dba53010259c","core/src/main/java/org/elasticsearch/action/admin/indices/validate/query/ValidateQueryRequestBuilder.java","1","0","4","2","25","68","2"
"elasticsearch","d3417fb02291f26964d77767020ef345d18c148f","core/src/main/java/org/elasticsearch/action/admin/indices/validate/query/ValidateQueryRequestBuilder.java","1","0","4","2","25","68","0"
"BroadleafCommerce","4668ccc6de84817bb25442ffa3e7e2033477d008","common/src/main/java/org/broadleafcommerce/common/web/BLCAbstractHandlerMapping.java","1","0","4","2","25","74","0"
"elasticsearch","25fd9e26c4fb042d6f6dea14efcd239577bdbbc4","core/src/main/java/org/elasticsearch/ElasticsearchStatusException.java","1","0","4","2","28","69","0"
"neo4j","6b75a9235ea38e0c47caacd25cc919023c0c958b","community/lucene-index/src/main/java/org/neo4j/kernel/api/impl/index/partition/ReadOnlyIndexPartition.java","1","0","4","2","44","95","0"
"BroadleafCommerce","13e34973fd48a87bca6221ef78eea0a98d3ef324","admin/broadleaf-open-admin-platform/src/main/java/org/broadleafcommerce/openadmin/web/controller/config/AdminWebMvcConfiguration.java","1","0","4","2","46","90","0"
"elasticsearch","78574d248cf10dad1c5a566fda79e1e0c94afe43","core/src/main/java/org/elasticsearch/action/admin/indices/stats/IndicesStatsRequestBuilder.java","1","0","4","21","100","165","1"
"elasticsearch","e6aaaf11ed4a1b8f595f920de1840938eddb7a97","core/src/main/java/org/elasticsearch/action/admin/indices/stats/IndicesStatsRequestBuilder.java","1","0","4","21","100","165","1"
"elasticsearch","a60b8948ba1d836a6eac7cff095519e618939ed8","core/src/main/java/org/elasticsearch/action/admin/indices/stats/IndicesStatsRequestBuilder.java","1","0","4","21","100","165","0"
"elasticsearch","89ac4d108abab7d6c14bf3b53f266e18aa6deed9","modules/elasticsearch/src/main/java/org/elasticsearch/rest/RestRequest.java","1","0","4","21","34","93","0"
"orientdb","cb2277a57d1cdf28dde1631fb9bec3a7eac0572c","core/src/main/java/com/orientechnologies/orient/core/db/ODatabaseDocumentInternal.java","1","0","4","21","50","112","1"
"netty","63a02fc04e6ce45aee38b0437ae0279880e5fe40","codec-dns/src/main/java/io/netty/handler/codec/dns/DefaultDnsResponse.java","1","0","4","22","110","176","0"
"neo4j","4e13feaa5058f4f1b623704bbde288b5850c1ec6","community/security/src/test/java/org/neo4j/commandline/admin/security/UsersCommandIT.java","1","0","4","22","195","357","0"
"BroadleafCommerce","bacbd5b89dc45dbb6163a918cae026212e5d6698","core/broadleaf-framework/src/main/java/org/broadleafcommerce/core/offer/service/discount/domain/PromotableCandidateItemOffer.java","1","0","4","22","36","107","0"
"orientdb","4ff84b859e3d13248b65486721dda2a5fd268722","core/src/main/java/com/orientechnologies/orient/core/db/ODatabaseDocumentInternal.java","1","0","4","22","51","114","0"
"hazelcast","6ac727db661eb934e5608e28e8a3603e7300d710","hazelcast/src/main/java/com/hazelcast/map/impl/mapstore/writebehind/WriteBehindProcessor.java","1","0","4","3","12","59","0"
"hazelcast","1c52b3168b2cb32e5b01cf28812512ae01cf5b94","hazelcast/src/main/java/com/hazelcast/spi/impl/InternalOperationService.java","1","0","4","3","13","66","2"
"netty","5ffb495746e55c440273ec7cc4741ab28e1f9017","transport/src/main/java/io/netty/channel/socket/SocketChannel.java","1","0","4","3","16","55","0"
"BroadleafCommerce","7a0a7c403c946be4bbd8ee1abdaa6699931ef834","core/broadleaf-framework/src/main/java/org/broadleafcommerce/core/order/service/OrderServiceExtensionHandler.java","1","0","4","3","16","70","0"
"neo4j","2b66b6d2bf73d370a812ec94eeb5518e16136ed8","community/kernel/src/main/java/org/neo4j/kernel/impl/transaction/AbstractTransactionManager.java","1","0","4","3","25","77","0"
"netty","c987dd556e8a1286451eb498cb7592156f5b9b74","codec-http/src/main/java/io/netty/handler/codec/http/websocketx/PongWebSocketFrame.java","1","0","4","3","28","74","0"
"hazelcast","af75d48982fbc4134b17a47c98bcfccb6ffa97b0","hazelcast/src/main/java/com/hazelcast/core/EntryEvent.java","1","0","4","3","35","86","0"
"hazelcast","d167e488dc2c7fb399cf36028aa8ef314a983dd4","hazelcast/src/main/java/com/hazelcast/core/EntryEvent.java","1","0","4","3","35","87","1"
"elasticsearch","01f6851691f0e160185acdb2986f0486e9b4f6ec","core/src/main/java/org/elasticsearch/action/support/master/AcknowledgedRequest.java","1","0","4","3","41","91","0"
"elasticsearch","cab43707dc4a58d4d91aec410c6a9f206b0250a3","core/src/main/java/org/elasticsearch/rest/action/document/RestHeadAction.java","1","0","4","3","49","108","1"
"elasticsearch","51d53791fe71c9cb62bc992588a57cdfb500383f","core/src/main/java/org/elasticsearch/rest/action/document/RestHeadAction.java","1","0","4","3","52","113","0"
"elasticsearch","e530f03b9445e98728b5fbf203c57ab774928ff3","src/main/java/org/elasticsearch/cluster/routing/allocation/decider/AllocationDecider.java","1","0","4","3","54","100","0"
"netty","e6ca9882a107c34cf6358c8d7a68561025f06016","codec/src/main/java/io/netty/handler/codec/BinaryHeaders.java","1","0","4","31","69","136","1"
"hazelcast","b35fc8b41b2a3d8aaa779330b394467579b97778","hazelcast/src/main/java/com/hazelcast/map/impl/MapServiceContext.java","1","0","4","32","54","141","1"
"hazelcast","2b6f18456c37d310e7679071b8c91c7df48c679d","hazelcast/src/main/java/com/hazelcast/map/impl/MapServiceContext.java","1","0","4","33","56","145","1"
"hazelcast","21de2ef614b9a92baec6c4f16f26123a59391cdc","hazelcast/src/main/java/com/hazelcast/map/impl/MapServiceContext.java","1","0","4","34","58","148","0"
"hazelcast","4b37b0ebf8a268dba38bcdd279b2ad087568b60a","hazelcast/src/main/java/com/hazelcast/map/impl/MapServiceContext.java","1","0","4","34","58","148","0"
"hazelcast","51a01295fc2123c204f6ee63b4bbe553fcf85d98","hazelcast/src/main/java/com/hazelcast/map/impl/MapServiceContext.java","1","0","4","34","58","148","0"
"hazelcast","ada1715782d1bc416fc363475952aa88def0cfc2","hazelcast/src/main/java/com/hazelcast/map/impl/MapServiceContext.java","1","0","4","34","58","148","1"
"hazelcast","0dc65895e880eb4cbdd6996e355913992bf987d9","hazelcast/src/main/java/com/hazelcast/map/impl/MapServiceContext.java","1","0","4","36","61","153","0"
"hazelcast","36b35da77f64da0982327ab57ad5824883a33afc","hazelcast/src/main/java/com/hazelcast/map/impl/MapServiceContext.java","1","0","4","36","61","153","0"
"hazelcast","73169d6f336cdba096477afe2951c98595b7a185","hazelcast/src/main/java/com/hazelcast/map/impl/MapServiceContext.java","1","0","4","36","61","153","1"
"hazelcast","7fd1bf93109d765ddb8bcbf38a1d7109bd5caa8e","hazelcast/src/main/java/com/hazelcast/map/impl/MapServiceContext.java","1","0","4","37","62","154","0"
"orientdb","76ffdc9fe1e541460329297a955e8494c36be8f5","core/src/main/java/com/orientechnologies/orient/core/storage/OCluster.java","1","0","4","38","51","142","1"
"orientdb","c1f0f046093d166b58193818b359c73d4a50c228","core/src/main/java/com/orientechnologies/orient/core/storage/OCluster.java","1","0","4","39","54","145","0"
"BroadleafCommerce","88b3ca211cb7f2bde186c45ce754544f15e77566","core/broadleaf-profile/src/main/java/org/broadleafcommerce/profile/core/dao/CustomerDao.java","1","0","4","4","12","64","0"
"hazelcast","0261611ce1d6e95cd84910390d1c0c653fa0dfd2","hazelcast/src/main/java/com/hazelcast/query/impl/getters/ImmutableMultiResult.java","1","0","4","4","26","69","0"
"hazelcast","4a488992e08798ae42140d1bfbe29ade0b957d40","hazelcast/src/main/java/com/hazelcast/map/impl/mapstore/writebehind/DelayedEntry.java","1","0","4","4","35","98","2"
"elasticsearch","20ed7c172487f500667191df882033ecb6e91df1","core/src/main/java/org/elasticsearch/search/aggregations/pipeline/PipelineAggregatorFactory.java","1","0","4","4","37","105","1"
"elasticsearch","3e32dd985aabfa5ee653b26bcb6ff97c74a426a2","src/main/java/org/elasticsearch/action/admin/indices/recovery/ShardRecoveryResponse.java","1","0","4","4","44","101","0"
"hazelcast","358bc0567ee888fc2b1167e21d964047cbf60013","hazelcast/src/main/java/com/hazelcast/map/impl/MapServiceContext.java","1","0","4","47","80","181","1"
"hazelcast","fb6700346872da3eac002c3d2157b9a7da728fa2","hazelcast/src/main/java/com/hazelcast/map/impl/MapServiceContext.java","1","0","4","48","83","185","0"
"elasticsearch","96f1739c0dafc067a289574296642219faca4673","core/src/main/java/org/elasticsearch/index/mapper/MetadataFieldMapper.java","1","0","4","5","25","76","0"
"elasticsearch","3ce7b119d28e7d1be7284bd804606a65c2d1a383","core/src/main/java/org/elasticsearch/index/mapper/MetadataFieldMapper.java","1","0","4","5","25","77","1"
"elasticsearch","ade3881152c71d56f83240d88e7f26b985bac1fd","core/src/main/java/org/elasticsearch/search/aggregations/pipeline/PipelineAggregatorFactory.java","1","0","4","5","40","109","0"
"BroadleafCommerce","ee97f7439ad2f6cdf419d2b18424c4a2015f74be","core/broadleaf-framework/src/main/java/org/broadleafcommerce/core/catalog/dao/ProductOptionDao.java","1","0","4","6","17","76","0"
"neo4j","8a2d3beff52bcf03814a519f4492e8667ba80f17","community/kernel/src/main/java/org/neo4j/kernel/api/SchemaWriteOperations.java","1","0","4","6","31","71","1"
"elasticsearch","5eeac2fdf6c108e2f9b6305b6577a77e5290ad9e","src/main/java/org/elasticsearch/http/netty/pipelining/OrderedDownstreamChannelEvent.java","1","0","4","6","44","78","0"
"elasticsearch","99714ee1bd991fed204620c32e9f59a323018d2f","src/main/java/org/elasticsearch/action/admin/indices/recovery/ShardRecoveryResponse.java","1","0","4","6","50","109","2"
"elasticsearch","598854dd72d7fb01a7e26a9dad065de3deaa5eb7","src/main/java/org/elasticsearch/discovery/Discovery.java","1","0","4","7","20","69","0"
"elasticsearch","48b85421ecb963d33c2d8eae93340e9e1c57c6ff","core/src/main/java/org/elasticsearch/discovery/Discovery.java","1","0","4","7","21","70","0"
"elasticsearch","d74eac94f228a1b9f819cff79660d86d9faf1fb3","core/src/main/java/org/elasticsearch/discovery/Discovery.java","1","0","4","7","22","71","0"
"elasticsearch","889db1c824d8c573835e8cbadd0c6f3ba25f8fcd","src/main/java/org/elasticsearch/discovery/Discovery.java","1","0","4","7","24","74","1"
"BroadleafCommerce","62a3034c1f88bf29913b4be89ea4adcdb2b33fa1","core/broadleaf-framework/src/main/java/org/broadleafcommerce/core/catalog/domain/SkuBundleItem.java","1","0","4","9","17","72","0"
"hazelcast","ba89356ddfbbbc1cd3f4231547371bbd9ed2867b","hazelcast/src/main/java/com/hazelcast/impl/concurrentmap/AddMapIndex.java","1","0","4","9","60","105","1"
"BroadleafCommerce","832701924183bbf8da0a2c6ae41a68d175050475","core/broadleaf-framework/src/main/java/org/broadleafcommerce/core/order/service/OrderService.java","1","0","40","2","62","529","1"
"neo4j","13e3d20860f871d1c13c10429f2d4d31d6180c8b","community/kernel/src/main/java/org/neo4j/storageengine/api/StoreReadLayer.java","1","0","40","29","111","402","1"
"neo4j","4d3b5cd40762b26828c47787e6547cc1ea90238b","community/kernel/src/main/java/org/neo4j/storageengine/api/StoreReadLayer.java","1","0","41","25","109","404","0"
"BroadleafCommerce","b652d67d56691cebb6a87de01e674ca9f2745e6b","core/broadleaf-framework/src/main/java/org/broadleafcommerce/core/order/service/OrderService.java","1","0","42","2","64","550","2"
"netty","26a7a5ec25fe81fae38f557e6b44bf9c3ea91fea","codec-http2/src/main/java/io/netty/handler/codec/http2/Http2Connection.java","1","0","43","0","48","330","1"
"BroadleafCommerce","45b052a6f144b2efab2b01dbc7eb670893bc5d25","core/broadleaf-framework/src/main/java/org/broadleafcommerce/core/order/service/OrderService.java","1","0","43","2","65","562","1"
"neo4j","4d3b5cd40762b26828c47787e6547cc1ea90238b","community/kernel/src/main/java/org/neo4j/kernel/api/ReadOperations.java","1","0","43","41","146","485","0"
"netty","ab925abc7db806ead57f8d9ea50ff322ce2ff891","codec-http2/src/main/java/io/netty/handler/codec/http2/Http2Connection.java","1","0","44","0","49","337","0"
"netty","3482651e0c29edfa02f189751c704ebe4fe8f54c","codec-http2/src/main/java/io/netty/handler/codec/http2/Http2Connection.java","1","0","45","0","55","342","0"
"BroadleafCommerce","66b90df8e1d48dea727d19decebcf0b65113f2f1","core/broadleaf-framework/src/main/java/org/broadleafcommerce/core/search/service/solr/SolrHelperService.java","1","0","46","1","70","477","4"
"BroadleafCommerce","64ee9c754b4adff1e55416fdd70d45b35f42d991","core/broadleaf-framework/src/main/java/org/broadleafcommerce/core/search/service/solr/SolrHelperService.java","1","0","46","2","73","472","2"
"BroadleafCommerce","42fab0f12ab56dc3af4b15636fdb702de7de5d4d","core/broadleaf-framework/src/main/java/org/broadleafcommerce/core/search/service/solr/SolrHelperService.java","1","0","46","3","74","473","1"
"BroadleafCommerce","7467f1200927011c61223df68edb5cfddfc107e7","core/broadleaf-framework/src/main/java/org/broadleafcommerce/core/search/service/solr/SolrHelperService.java","1","0","46","4","75","475","0"
"netty","bace371ca5c84760f0f644ba77212ec7aa9a9cc7","codec-http2/src/main/java/io/netty/handler/codec/http2/Http2Connection.java","1","0","47","0","53","368","1"
"BroadleafCommerce","088c89ec72b587236f88e39b7c606cfd19e63830","core/broadleaf-framework/src/main/java/org/broadleafcommerce/core/order/domain/OrderItem.java","1","0","47","13","70","464","1"
"BroadleafCommerce","97b8f96f99dd8de36ef964a31703e5615c5b55bc","core/broadleaf-framework/src/main/java/org/broadleafcommerce/core/order/domain/OrderItem.java","1","0","47","13","76","470","0"
"elasticsearch","d094042b08bb99bffa1744bac1dd2df1da6a37ff","src/main/java/org/elasticsearch/index/query/FilterBuilders.java","1","0","48","13","188","548","1"
"BroadleafCommerce","77879457fa96cb9ce4384309d6bea14163b2de5b","core/broadleaf-framework/src/main/java/org/broadleafcommerce/core/search/service/solr/SolrHelperService.java","1","0","48","2","74","491","3"
"BroadleafCommerce","7a0a7c403c946be4bbd8ee1abdaa6699931ef834","core/broadleaf-framework/src/main/java/org/broadleafcommerce/core/order/service/OrderService.java","1","0","48","3","73","608","0"
"netty","06e29e0d1b4ebf16b47969d5fbc71bdaf19fe3e8","codec-http2/src/main/java/io/netty/handler/codec/http2/Http2Connection.java","1","0","49","0","57","388","0"
"elasticsearch","84fa9ead4d19aceed4540ccd44c06c37fd629da2","src/main/java/org/elasticsearch/index/query/FilterBuilders.java","1","0","49","13","192","561","0"
"BroadleafCommerce","082ec1011974dff9892bc33f90607bc7f2fa7aca","core/broadleaf-framework/src/main/java/org/broadleafcommerce/core/order/service/OrderService.java","1","0","49","8","83","628","0"
"netty","a5006c1969e6bfab2d78699de190441e518f34b8","transport/src/main/java/io/netty/channel/EventLoopGroup.java","1","0","5","0","10","53","0"
"hazelcast","ea8ff1c274ffffe189038236dcc2702e5e2ee13d","hazelcast/src/main/java/com/hazelcast/cache/HazelcastCacheManager.java","1","0","5","0","10","60","0"
"netty","ead87b7df8d923417475ead2d7680747b1a72f07","codec-http2/src/main/java/io/netty/handler/codec/http2/Http2HeadersDecoder.java","1","0","5","0","11","46","1"
"hazelcast","819029a9600a1af6d82dec2e65ace0e5054aee9b","hazelcast/src/main/java/com/hazelcast/cache/HazelcastCacheManager.java","1","0","5","0","11","65","0"
"BroadleafCommerce","0190a586f4251434b68ccee241c52de0d1cbc386","common/src/main/java/org/broadleafcommerce/common/file/service/FileServiceProvider.java","1","0","5","0","11","70","0"
"BroadleafCommerce","030f8d7b4e8ed22cd62d84d51cd28cfe0ad83412","common/src/main/java/org/broadleafcommerce/common/file/service/FileServiceProvider.java","1","0","5","0","11","72","0"
"hazelcast","c57d3349fbdda6d4454ef257937a2199cea9572f","hazelcast/src/main/java/com/hazelcast/map/impl/event/EntryEventDataCache.java","1","0","5","0","11","76","0"
"netty","9ce84dcb21168c45fe6714d3673c9253f35e5cd2","codec-http2/src/main/java/io/netty/handler/codec/http2/Http2LocalFlowController.java","1","0","5","0","11","80","1"
"elasticsearch","371c73e14023917f3892090d2d3d7ff9ac1216b9","core/src/main/java/org/elasticsearch/index/snapshots/IndexShardRepository.java","1","0","5","0","12","82","3"
"elasticsearch","78574d248cf10dad1c5a566fda79e1e0c94afe43","core/src/main/java/org/elasticsearch/index/snapshots/IndexShardRepository.java","1","0","5","0","12","82","2"
"elasticsearch","e6aaaf11ed4a1b8f595f920de1840938eddb7a97","core/src/main/java/org/elasticsearch/index/snapshots/IndexShardRepository.java","1","0","5","0","12","82","2"
"elasticsearch","a60b8948ba1d836a6eac7cff095519e618939ed8","core/src/main/java/org/elasticsearch/index/snapshots/IndexShardRepository.java","1","0","5","0","12","82","0"
"elasticsearch","598854dd72d7fb01a7e26a9dad065de3deaa5eb7","src/main/java/org/elasticsearch/cluster/ClusterStateUpdateTask.java","1","0","5","0","13","56","0"
"netty","63a02fc04e6ce45aee38b0437ae0279880e5fe40","codec-dns/src/main/java/io/netty/handler/codec/dns/DnsRecord.java","1","0","5","0","13","83","0"
"netty","5b44fe6e65152377bc93756abab5b1acd80dc077","codec/src/main/java/io/netty/handler/codec/compression/CompressionException.java","1","0","5","0","16","55","0"
"elasticsearch","1424f09c02927d9caada7f6ea45285b411d88d12","modules/lang-painless/src/main/java/org/elasticsearch/painless/CompilerSettings.java","1","0","5","0","19","82","0"
"netty","ca5554dfe7707d2cce712d1165a648129e0a9c84","transport/src/main/java/io/netty/channel/ChannelHandler.java","1","0","5","0","22","227","0"
"antlr4","6b78500a506932a18ddb84e32cab662b237f8022","antlr4-maven-plugin/src/main/java/org/antlr/mojo/antlr4/Antlr4ErrorLog.java","1","0","5","0","23","91","1"
"BroadleafCommerce","945c9a9b199cfa9f1edb1d7c1b2461982b60c91f","admin/broadleaf-open-admin-platform/src/main/java/org/broadleafcommerce/openadmin/server/service/persistence/module/provider/FieldPersistenceProvider.java","1","0","5","0","24","105","1"
"BroadleafCommerce","8620b5118c51f4f3e1e30dfa21fd37ba8cfee645","admin/broadleaf-open-admin-platform/src/main/java/org/broadleafcommerce/openadmin/server/service/persistence/module/provider/FieldPersistenceProvider.java","1","0","5","0","24","109","1"
"antlr4","633d4e2e19ab176aaf3edabc67eebe5ecd0a43e0","runtime/Java/src/org/antlr/v4/runtime/ANTLRErrorListener.java","1","0","5","0","35","185","1"
"hazelcast","70d4de16ff0ac4518d09aad8c9f2ad9e782fb337","hazelcast/src/test/java/com/hazelcast/config/TopicConfigTest.java","1","0","5","0","35","74","1"
"antlr4","64b6408e4a04ea7cbddf68dec7b0f12f941688c4","runtime/Java/src/org/antlr/v4/runtime/ANTLRErrorListener.java","1","0","5","0","36","200","0"
"antlr4","17128d64869d43582bccd523f32463d2edaaffc7","runtime/Java/src/org/antlr/v4/runtime/ANTLRErrorListener.java","1","0","5","0","36","208","0"
"elasticsearch","2906d3e6dcbabd044807e32e19cf29ce9674b22e","src/test/java/org/elasticsearch/index/search/geo/GeoHashUtilsTests.java","1","0","5","0","38","90","1"
"elasticsearch","371c73e14023917f3892090d2d3d7ff9ac1216b9","core/src/main/java/org/elasticsearch/repositories/blobstore/BlobStoreFormat.java","1","0","5","0","51","119","4"
"elasticsearch","43e07c0c886223c65d26a4e3bdb7815ff15abe7d","core/src/main/java/org/elasticsearch/repositories/blobstore/BlobStoreFormat.java","1","0","5","0","51","120","0"
"elasticsearch","3f06d9f3b8516bb30a2890a36c2973f08f9c6076","core/src/test/java/org/elasticsearch/script/ScriptExceptionTests.java","1","0","5","0","59","100","0"
"hazelcast","3f7fe149b46863191307baa8ab504a6eaf77b0cc","hazelcast/src/main/java/com/hazelcast/core/DistributedObject.java","1","0","5","0","7","57","0"
"BroadleafCommerce","cda1ce3dcc6fc3875e5464931dfb05433e9032b4","common/src/main/java/org/broadleafcommerce/common/RequestDTO.java","1","0","5","0","8","50","0"
"hazelcast","5af8f51c8285f8357f555749944df9e9470f1745","hazelcast/src/main/java/com/hazelcast/instance/HazelcastProperty.java","1","0","5","0","8","55","0"
"BroadleafCommerce","082ec1011974dff9892bc33f90607bc7f2fa7aca","core/broadleaf-framework/src/main/java/org/broadleafcommerce/core/order/service/OrderLockManager.java","1","0","5","0","8","79","0"
"BroadleafCommerce","c47428fb0783c065f81dbdf641f1155879791b33","core/broadleaf-framework/src/main/java/org/broadleafcommerce/core/order/service/OrderLockManager.java","1","0","5","0","8","81","0"
"netty","ead87b7df8d923417475ead2d7680747b1a72f07","codec-http2/src/main/java/io/netty/handler/codec/http2/Http2HeaderTable.java","1","0","5","0","9","52","1"
"hazelcast","c8effb7cfbcb5fc7bb5b4ab81a792c8894e980d4","hazelcast/src/main/java/com/hazelcast/wan/WanReplicationPublisher.java","1","0","5","0","9","62","1"
"hazelcast","1bc2827e1f686e5480817389acd25d199938b37d","hazelcast/src/main/java/com/hazelcast/wan/WanReplicationPublisher.java","1","0","5","0","9","63","0"
"hazelcast","9bd1ce5444c1cb1358f3782d4e05fc3fc503f69a","hazelcast/src/main/java/com/hazelcast/scheduledexecutor/IScheduledFuture.java","1","0","5","0","9","82","1"
"hazelcast","5b8632553391543693d7a87c5d29cdea51293447","hazelcast/src/main/java/com/hazelcast/scheduledexecutor/IScheduledFuture.java","1","0","5","0","9","83","0"
"oryx","518dc444be616e55a8aeb1bd047aaa411ae3281a","framework/oryx-api/src/main/java/com/cloudera/oryx/api/serving/ServingModelManager.java","1","0","5","1","15","66","0"
"netty","256c931db20fbfaf597e501b74a34fd850c7f948","transport/src/main/java/io/netty/channel/ChannelHandlerAdapter.java","1","0","5","1","24","76","0"
"elasticsearch","371c73e14023917f3892090d2d3d7ff9ac1216b9","core/src/main/java/org/elasticsearch/action/admin/cluster/reroute/ClusterRerouteRequestBuilder.java","1","0","5","1","26","70","3"
"elasticsearch","78574d248cf10dad1c5a566fda79e1e0c94afe43","core/src/main/java/org/elasticsearch/action/admin/cluster/reroute/ClusterRerouteRequestBuilder.java","1","0","5","1","26","70","2"
"elasticsearch","e6aaaf11ed4a1b8f595f920de1840938eddb7a97","core/src/main/java/org/elasticsearch/action/admin/cluster/reroute/ClusterRerouteRequestBuilder.java","1","0","5","1","26","70","2"
"elasticsearch","a60b8948ba1d836a6eac7cff095519e618939ed8","core/src/main/java/org/elasticsearch/action/admin/cluster/reroute/ClusterRerouteRequestBuilder.java","1","0","5","1","26","70","0"
"neo4j","91330789762d74029c03f3158cbe4c49ec28e477","enterprise/ha/src/main/java/org/neo4j/kernel/ha/UpdatePuller.java","1","0","5","1","28","93","1"
"elasticsearch","faae98c5d8a27bada65691fe7c48a6f9316eb467","src/main/java/org/elasticsearch/action/admin/indices/optimize/OptimizeRequestBuilder.java","1","0","5","1","29","81","1"
"elasticsearch","8e742c2096dad1e87e88719902b961e2b7100fa6","src/main/java/org/elasticsearch/action/indexedscripts/get/GetIndexedScriptRequestBuilder.java","1","0","5","1","31","78","0"
"junit","44cd8f80dbac11849a42a5d73fc9b5ddc75cd1b4","src/main/java/org/junit/experimental/results/PrintableResult.java","1","0","5","1","33","63","1"
"elasticsearch","1424f09c02927d9caada7f6ea45285b411d88d12","modules/lang-painless/src/test/java/org/elasticsearch/painless/ScriptTestCase.java","1","0","5","1","33","73","0"
"neo4j","7b2448cc0e0458ff28042a7b4980d28d6cb19758","community/kernel/src/main/java/org/neo4j/unsafe/batchinsert/BatchInserters.java","1","0","5","1","34","94","0"
"neo4j","2b261bd9bb532f283b2caed9b2d9eb4992e677b4","community/kernel/src/main/java/org/neo4j/unsafe/batchinsert/BatchInserters.java","1","0","5","1","34","97","1"
"elasticsearch","25fd9e26c4fb042d6f6dea14efcd239577bdbbc4","core/src/main/java/org/elasticsearch/action/support/replication/ReplicationRequestBuilder.java","1","0","5","1","37","82","0"
"elasticsearch","15db5b98d200acf492068dcfbc404997a3f69542","src/test/java/org/elasticsearch/index/search/geo/GeoHashUtilsTests.java","1","0","5","1","82","139","0"
"netty","81e2db10faaf0389f4e1af8c7132210946203157","buffer/src/main/java/io/netty/buffer/UnsafeByteBuf.java","1","0","5","1","9","58","0"
"hazelcast","1c090ad87906d51892a32c2aa0a32d34002298ec","hazelcast/src/main/java/com/hazelcast/map/impl/mapstore/MapDataStore.java","1","0","5","10","20","83","1"
"elasticsearch","523a8b4c3e8003316f3e7c6a74bdd5e4e1818dd6","modules/elasticsearch/src/main/java/org/elasticsearch/index/field/data/FieldData.java","1","0","5","10","42","98","0"
"elasticsearch","5d6e84f206c85476d25e4b26e7998db2067e3bac","modules/elasticsearch/src/main/java/org/elasticsearch/search/facet/geodistance/GeoDistanceFacet.java","1","0","5","10","52","113","1"
"elasticsearch","105d60ac9c28b1be4ab1e8d04a39c13cf9641c18","modules/elasticsearch/src/main/java/org/elasticsearch/search/facet/geodistance/GeoDistanceFacet.java","1","0","5","10","53","118","0"
"neo4j","b070962e9b00726d50df951106225fa252b7efeb","community/kernel/src/main/java/org/neo4j/kernel/api/security/AuthSubject.java","1","0","5","11","132","211","0"
"antlr4","aa909ddcb16ed74f571f5468380076675e730117","tool-testsuite/test/org/antlr/v4/test/tool/TestSymbolIssues.java","1","0","5","12","276","341","1"
"hazelcast","c403f3f81e55660652ae7d3aaa0cafab51ced277","hazelcast/src/main/java/com/hazelcast/map/impl/recordstore/Storage.java","1","0","5","13","25","106","1"
"hazelcast","05b27a3d7f9adfb832f8fb0c7927fc71c14df2b4","hazelcast/src/main/java/com/hazelcast/client/ClientEndpoint.java","1","0","5","15","28","80","2"
"hazelcast","d0fd18cd0e2fac83d47776ccc1f08639bfc9823f","hazelcast/src/main/java/com/hazelcast/client/ClientEndpoint.java","1","0","5","15","28","80","2"
"hazelcast","d472cbea8d404ea4e42a5cc0bb455dbec40e7985","hazelcast/src/main/java/com/hazelcast/client/ClientEndpoint.java","1","0","5","15","28","80","3"
"hazelcast","191a6fd5c3d11d24c1c3a43ef70771074cc60ddd","hazelcast/src/main/java/com/hazelcast/client/ClientEndpoint.java","1","0","5","15","28","80","0"
"BroadleafCommerce","efc71736d6f8dca2f907a57445e14bba8e752f93","admin/broadleaf-open-admin-platform/src/main/java/org/broadleafcommerce/openadmin/server/security/domain/AdminSection.java","1","0","5","15","28","87","0"
"elasticsearch","cea8c5fefa1429e44963ea51dde4ef18dc8024d9","modules/elasticsearch/src/main/java/org/elasticsearch/search/facet/geodistance/GeoDistanceFacet.java","1","0","5","16","77","148","0"
"BroadleafCommerce","d349720f8da15998ca2d360cdeaef614f8244511","admin/broadleaf-admin-module/src/main/java/org/broadleafcommerce/admin/server/service/SkuMetadataCacheService.java","1","0","5","2","11","62","0"
"BroadleafCommerce","90e4079b981d1ac986d9423fda3ac240f14ab316","core/broadleaf-framework/src/main/java/org/broadleafcommerce/core/offer/service/OfferAuditService.java","1","0","5","2","12","68","0"
"BroadleafCommerce","66ae8f00a336acfd1569bda8752f26ebae85a7dc","core/broadleaf-framework/src/main/java/org/broadleafcommerce/core/offer/dao/OfferAuditDao.java","1","0","5","2","13","68","0"
"hazelcast","fe5fe72b500ec87086cc396cfea16d1fa6abf951","hazelcast/src/main/java/com/hazelcast/spi/impl/operationservice/InternalOperationService.java","1","0","5","2","17","75","0"
"hazelcast","9074897ccf35e42710c3078d2e564ba53b6f6f94","hazelcast/src/main/java/com/hazelcast/spi/impl/operationservice/InternalOperationService.java","1","0","5","2","17","77","1"
"elasticsearch","6d0efae7139401f497e6cd4ab329fba82dd922bf","core/src/main/java/org/elasticsearch/action/admin/cluster/node/tasks/list/ListTasksRequest.java","1","0","5","2","35","80","0"
"hazelcast","55e2aef9a5cf0cc481215ecc6014c38a473a96e3","hazelcast/src/main/java/com/hazelcast/spi/PartitionMigrationEvent.java","1","0","5","2","38","94","1"
"antlr4","b7e5bfcbf8c9a773b9a5eb7d36a5d790241e89d6","tool/test/org/antlr/v4/test/tool/TestLeftRecursionToolIssues.java","1","0","5","2","78","124","1"
"hazelcast","733a21722fc9a7b4cd5109fbcf9019bcc1377584","hazelcast/src/main/java/com/hazelcast/map/impl/record/Record.java","1","0","5","21","30","108","0"
"elasticsearch","57108c8575b39e7b6c0e7c2ca4bf20f03e6d0912","modules/elasticsearch/src/main/java/org/elasticsearch/rest/RestRequest.java","1","0","5","21","35","98","0"
"hazelcast","14520904ee7fad852e9c147f7ec2ed6d515f6321","hazelcast/src/main/java/com/hazelcast/map/impl/record/Record.java","1","0","5","22","31","108","1"
"orientdb","5113bd12218f94df3532e814a9a3e0f3675ea692","server/src/main/java/com/orientechnologies/orient/server/distributed/ODistributedServerManager.java","1","0","5","24","43","119","0"
"hazelcast","2ff6dc4e39ac737568f95eb749d69d1d320f5292","hazelcast/src/main/java/com/hazelcast/map/impl/record/Record.java","1","0","5","25","34","114","0"
"hazelcast","3d9a33cb61311dab49fe5d9aeb7bf379976ccf7d","hazelcast/src/main/java/com/hazelcast/spi/impl/InternalOperationService.java","1","0","5","3","14","72","1"
"orientdb","1ffb4a74231b07389afced95123a7ef989a442cc","core/src/main/java/com/orientechnologies/orient/core/command/OCommandDistributedReplicateRequest.java","1","0","5","3","16","79","0"
"netty","eb23c9d27c84ab7cf2c33f28d2b761673a41b435","transport/src/main/java/io/netty/channel/socket/SocketChannel.java","1","0","5","3","17","60","0"
"neo4j","da9f82618993077074bdc2c6c75706cbfd9b4acb","community/graphdb-api/src/main/java/org/neo4j/graphdb/event/TransactionEventHandler.java","1","0","5","3","26","147","1"
"neo4j","21902a73848847e5fe81baea269f3f8027a62140","community/graphdb-api/src/main/java/org/neo4j/graphdb/event/TransactionEventHandler.java","1","0","5","3","26","148","0"
"neo4j","ee1618f470a8d79a1de5eabbca1e28ab110056c8","community/kernel/src/main/java/org/neo4j/kernel/impl/transaction/AbstractTransactionManager.java","1","0","5","3","28","86","1"
"elasticsearch","889db1c824d8c573835e8cbadd0c6f3ba25f8fcd","src/main/java/org/elasticsearch/cluster/AckedClusterStateUpdateTask.java","1","0","5","3","38","91","1"
"elasticsearch","598854dd72d7fb01a7e26a9dad065de3deaa5eb7","src/main/java/org/elasticsearch/cluster/AckedClusterStateUpdateTask.java","1","0","5","3","38","93","0"
"netty","e6ca9882a107c34cf6358c8d7a68561025f06016","codec/src/main/java/io/netty/handler/codec/TextHeaders.java","1","0","5","31","69","145","1"
"netty","ba6ce5449ee852b782dde9a11933f6a09b123e22","codec-stomp/src/main/java/io/netty/handler/codec/stomp/StompHeaders.java","1","0","5","34","99","183","0"
"orientdb","76ffdc9fe1e541460329297a955e8494c36be8f5","client/src/main/java/com/orientechnologies/orient/client/remote/OClusterRemote.java","1","0","5","36","150","242","1"
"orientdb","eda978aeda4e2d46618285fcb1d73642a30164c2","client/src/main/java/com/orientechnologies/orient/client/remote/OClusterRemote.java","1","0","5","36","152","243","1"
"orientdb","c143ec653bd43c119ce79712eb3302775b077113","core/src/main/java/com/orientechnologies/orient/core/tx/OTransaction.java","1","0","5","36","66","162","1"
"orientdb","2767a54ee6308493e6a69b4b2951d8d2252bfd6b","client/src/main/java/com/orientechnologies/orient/client/remote/OClusterRemote.java","1","0","5","37","152","244","0"
"orientdb","c1f0f046093d166b58193818b359c73d4a50c228","client/src/main/java/com/orientechnologies/orient/client/remote/OClusterRemote.java","1","0","5","37","156","248","0"
"orientdb","76ffdc9fe1e541460329297a955e8494c36be8f5","core/src/main/java/com/orientechnologies/orient/core/tx/OTransaction.java","1","0","5","37","67","164","1"
"antlr4","29c2712ae1eee9575324db48c2f72c7cb0d28308","tool/test/org/antlr/v4/test/tool/TestIntervalSet.java","1","0","5","38","354","454","0"
"BroadleafCommerce","67d64d2a7aec86b110e66276589cdfdeeb4ff057","core/broadleaf-framework/src/main/java/org/broadleafcommerce/core/search/service/solr/index/IndexStatusInfo.java","1","0","5","4","13","68","0"
"BroadleafCommerce","3575ff0edc8fc9a8450b6eaf6da5a1e8345e63dd","core/broadleaf-profile/src/main/java/org/broadleafcommerce/profile/core/dao/CustomerDao.java","1","0","5","4","13","73","1"
"elasticsearch","8efa18e6167e276dd220b60c34b516d05252bc22","core/src/main/java/org/elasticsearch/search/aggregations/support/format/ValueFormatter.java","1","0","5","41","188","296","1"
"orientdb","c1f0f046093d166b58193818b359c73d4a50c228","core/src/main/java/com/orientechnologies/orient/core/tx/OTransaction.java","1","0","5","41","74","175","0"
"BroadleafCommerce","024e2cd7532a2662f5a6bf6f21876f03bcbccb0a","core/broadleaf-framework/src/main/java/org/broadleafcommerce/core/payment/domain/PaymentResponseItem.java","1","0","5","42","56","143","2"
"BroadleafCommerce","31d47cb2fa8e903eb75078e6da36b7c2d2ec9a12","core/broadleaf-framework/src/main/java/org/broadleafcommerce/core/payment/domain/PaymentResponseItem.java","1","0","5","42","56","143","1"
"BroadleafCommerce","8f5ba210f06aebdc1db085d9094cdf5e4ab0a156","core/broadleaf-framework/src/main/java/org/broadleafcommerce/core/payment/domain/PaymentResponseItem.java","1","0","5","42","56","143","0"
"orientdb","527d45bb551f10351ecbd295abd46f84c7349784","core/src/main/java/com/orientechnologies/orient/core/tx/OTransaction.java","1","0","5","42","77","179","0"
"hazelcast","05f9e6021e6859216b8c564cec3c51f83a0f7ebb","hazelcast/src/main/java/com/hazelcast/monitor/impl/LocalReplicatedMapStatsImpl.java","1","0","5","43","265","348","1"
"hazelcast","5c44b6e979be354adce716bc55e3cb12cf4a2d75","hazelcast/src/main/java/com/hazelcast/monitor/impl/LocalReplicatedMapStatsImpl.java","1","0","5","43","265","348","1"
"hazelcast","69a23b36927ba641fc54f9e9c664dbddd18351fc","hazelcast/src/main/java/com/hazelcast/monitor/impl/LocalReplicatedMapStatsImpl.java","1","0","5","43","265","348","2"
"hazelcast","9e1dd7c0cedabec58c432e522e3cdd7cbb5b2a1c","hazelcast/src/main/java/com/hazelcast/monitor/impl/LocalReplicatedMapStatsImpl.java","1","0","5","43","265","348","1"
"hazelcast","c5949254422f87324722754f5faa05e03651159c","hazelcast/src/main/java/com/hazelcast/monitor/impl/LocalReplicatedMapStatsImpl.java","1","0","5","43","265","348","1"
"hazelcast","e7d3d25abaaedda22678676783d2011dbb173d7f","hazelcast/src/main/java/com/hazelcast/monitor/impl/LocalReplicatedMapStatsImpl.java","1","0","5","43","265","348","0"
"BroadleafCommerce","e216da5ebb303680f5c60ffcd75979f5876ab5a6","admin/broadleaf-open-admin-platform/src/main/java/org/broadleafcommerce/openadmin/server/service/persistence/module/FetchRequest.java","1","0","5","5","46","105","0"
"hazelcast","23dc01609c7220e3e9784fb94eef7520d17b763b","hazelcast/src/main/java/com/hazelcast/spi/impl/InternalOperationService.java","1","0","5","6","19","83","2"
"hazelcast","6fa5ee1ea9925bb0601d3c883aea79514fae4cf8","hazelcast/src/main/java/com/hazelcast/query/impl/Index.java","1","0","5","7","18","70","0"
"hazelcast","7c26003a4ca787a3e815559aecae2879e59559bf","hazelcast/src/main/java/com/hazelcast/wan/WanReplicationEvent.java","1","0","5","8","57","116","0"
"hazelcast","95160be4d3502c2b87abe26ffb493f1ac49b4bbe","hazelcast/src/main/java/com/hazelcast/wan/WanReplicationEvent.java","1","0","5","8","57","116","0"
"hazelcast","9dcaf7c00e57b9faa76ca8bd3f62471166dd4898","hazelcast/src/main/java/com/hazelcast/wan/WanReplicationEvent.java","1","0","5","8","57","116","0"
"hazelcast","bea8aaff2f28acea371d87d4fabf22446b60513f","hazelcast/src/main/java/com/hazelcast/wan/WanReplicationEvent.java","1","0","5","8","57","116","1"
"elasticsearch","9077bb6528f843ca8042ff95f8fac47140ef5aa1","modules/elasticsearch/src/main/java/org/elasticsearch/index/field/data/FieldData.java","1","0","5","9","39","94","0"
"netty","6e5b25733f49d2ea843a89b4d547b856142212ec","codec-http2/src/main/java/io/netty/handler/codec/http2/Http2Connection.java","1","0","50","0","60","407","1"
"BroadleafCommerce","9d2ecfde055a8b4e979966eae4eeef99831d6e74","core/broadleaf-framework/src/main/java/org/broadleafcommerce/core/order/domain/OrderItem.java","1","0","52","13","80","499","1"
"BroadleafCommerce","8ec08c5093e4c61054e126bd8d7168dfa4a02f2a","core/broadleaf-framework/src/main/java/org/broadleafcommerce/core/order/domain/OrderItem.java","1","0","52","13","80","503","0"
"neo4j","b070962e9b00726d50df951106225fa252b7efeb","community/kernel/src/main/java/org/neo4j/kernel/api/ReadOperations.java","1","0","52","49","177","570","1"
"elasticsearch","371c73e14023917f3892090d2d3d7ff9ac1216b9","core/src/main/java/org/elasticsearch/client/Client.java","1","0","53","3","113","472","3"
"elasticsearch","78574d248cf10dad1c5a566fda79e1e0c94afe43","core/src/main/java/org/elasticsearch/client/Client.java","1","0","53","3","113","472","2"
"elasticsearch","e6aaaf11ed4a1b8f595f920de1840938eddb7a97","core/src/main/java/org/elasticsearch/client/Client.java","1","0","53","3","113","472","2"
"elasticsearch","a60b8948ba1d836a6eac7cff095519e618939ed8","core/src/main/java/org/elasticsearch/client/Client.java","1","0","53","3","113","472","0"
"neo4j","3ea1d3f5e4ec90ae32ab077bb7b12fd3dc37d4da","community/kernel/src/main/java/org/neo4j/kernel/api/ReadOperations.java","1","0","53","49","178","573","1"
"neo4j","8a2d3beff52bcf03814a519f4492e8667ba80f17","community/kernel/src/main/java/org/neo4j/kernel/api/ReadOperations.java","1","0","54","49","178","575","2"
"hazelcast","b54c76aa3cd08401ba13e516ba86bd1481a58749","hazelcast/src/main/java/com/hazelcast/client/impl/protocol/template/MapCodecTemplate.java","1","0","55","2","128","722","0"
"hazelcast","864cc31ab01bc8111ef11270cb3f6f2352d30a5f","hazelcast/src/main/java/com/hazelcast/client/impl/protocol/template/MapCodecTemplate.java","1","0","55","2","129","723","1"
"hazelcast","08e659f992761d79cd0342e77ce17ddb62e33295","hazelcast/src/main/java/com/hazelcast/client/impl/protocol/template/MapCodecTemplate.java","1","0","58","1","128","594","1"
"hazelcast","97bb74d78cd1e0af68a1390defa30fc956da8390","hazelcast/src/main/java/com/hazelcast/client/impl/protocol/template/MapCodecTemplate.java","1","0","58","1","128","594","1"
"hazelcast","bc945190541c07a740026d0e1d81368a2d79d78e","hazelcast/src/main/java/com/hazelcast/client/impl/protocol/template/MapCodecTemplate.java","1","0","58","1","128","594","1"
"hazelcast","fa455733da9772e9107eb60b3fe55a17601be38b","hazelcast/src/main/java/com/hazelcast/client/impl/protocol/template/MapCodecTemplate.java","1","0","58","1","128","594","0"
"hazelcast","d9d20943b88faf6aa25ddbdc19feab4571611431","hazelcast/src/main/java/com/hazelcast/client/impl/protocol/template/MapCodecTemplate.java","1","0","58","2","134","761","1"
"elasticsearch","2cf66c4115646f8398d979bf2af5d9c0b06aca03","src/main/java/org/elasticsearch/client/ClusterAdminClient.java","1","0","58","7","129","451","1"
"hazelcast","2acf7bfa306dd8ae711cbd485925413b5a1a68bb","hazelcast/src/main/java/com/hazelcast/core/IMap.java","1","0","59","0","71","1069","2"
"hazelcast","c5788100c7496b9736a3df88e7bbfe64367665c7","hazelcast/src/main/java/com/hazelcast/core/IMap.java","1","0","59","0","71","1076","1"
"elasticsearch","3d23a71fa7f3664209028e1ac377fe72609ac169","src/main/java/org/elasticsearch/client/ClusterAdminClient.java","1","0","59","7","130","456","0"
"hazelcast","bb3ea0e107980d769862cdbda748cc91529d67b5","hazelcast/src/main/java/com/hazelcast/transaction/TransactionContext.java","1","0","6","0","10","65","0"
"netty","8bbfcb05a08bc0dd11064d964a77da35fc2e5eb8","codec-http2/src/main/java/io/netty/handler/codec/http2/Http2RemoteFlowController.java","1","0","6","0","10","72","0"
"hazelcast","d070f1256c8c7fa823e6463487462826384ee1df","hazelcast/src/main/java/com/hazelcast/map/impl/nearcache/invalidation/NearCacheInvalidator.java","1","0","6","0","10","73","0"
"neo4j","8a2d3beff52bcf03814a519f4492e8667ba80f17","community/kernel/src/main/java/org/neo4j/kernel/api/Statement.java","1","0","6","0","11","67","1"
"BroadleafCommerce","69210a32ed73de6f9cc002c897cc8c24c840fb1b","core/broadleaf-framework-web/src/main/java/org/broadleafcommerce/core/web/service/UpdateCartService.java","1","0","6","0","11","69","1"
"netty","88a52f73671dd91630b2bc0da0ae8fbc910d763b","codec-http2/src/main/java/io/netty/handler/codec/http2/Http2FlowController.java","1","0","6","0","11","77","0"
"hazelcast","b9d903ab23dbaad884e6add6488d6b6ab3de3bd2","hazelcast/src/main/java/com/hazelcast/aggregation/Aggregator.java","1","0","6","0","11","87","1"
"hazelcast","d568e4d926d925d57d4e79e34614390416749301","hazelcast/src/main/java/com/hazelcast/spi/serialization/SerializationService.java","1","0","6","0","11","92","0"
"hazelcast","02b09ccab903e73f9ae8998119fc0e2ebce9fab4","hazelcast/src/main/java/com/hazelcast/scheduledexecutor/ScheduledTaskStatistics.java","1","0","6","0","12","70","0"
"netty","73c4ad5f0a233844aa8629224c46d758a06225c1","codec-http2/src/main/java/io/netty/handler/codec/http2/Http2LocalFlowController.java","1","0","6","0","12","88","0"
"hazelcast","d07baab88c64d0213f0b3fdbb614364aa256498e","hazelcast/src/main/java/com/hazelcast/mapreduce/Combiner.java","1","0","6","0","13","127","1"
"hazelcast","637ea9dd92a5d33c5591a32442da6597e713c3b1","hazelcast/src/main/java/com/hazelcast/mapreduce/Combiner.java","1","0","6","0","13","129","0"
"BroadleafCommerce","fb0044b4a303be0742a5868c7bdf95b3061d994b","admin/broadleaf-admin-module/src/main/java/org/broadleafcommerce/admin/server/service/extension/ProductCustomPersistenceHandlerExtensionHandler.java","1","0","6","0","13","75","0"
"elasticsearch","2bd09c4625898d77aa6c015c6f82cf973ed18cb7","core/src/main/java/org/elasticsearch/cluster/routing/allocation/allocator/ShardsAllocator.java","1","0","6","0","13","75","0"
"elasticsearch","3d13c27fa0df12018f35f1b20987c90277e9b6f9","core/src/main/java/org/elasticsearch/cluster/routing/allocation/allocator/ShardsAllocator.java","1","0","6","0","13","75","1"
"BroadleafCommerce","92da893577ed005d3f422142164bcbd88b85bd61","core/broadleaf-framework-web/src/main/java/org/broadleafcommerce/core/web/service/SearchFacetDTOService.java","1","0","6","0","13","80","1"
"hazelcast","5fdda793de15ab4be06a294e013afa671032f9f0","hazelcast/src/main/java/com/hazelcast/aggregation/Aggregator.java","1","0","6","0","13","90","0"
"titan","21d712306d38cb33488304cd356b0c812323557d","titan-core/src/main/java/com/thinkaurelius/titan/diskstorage/IDAuthority.java","1","0","6","0","14","86","0"
"BroadleafCommerce","ab2f85a1ac312136fd716127d9a0d5efa3145f78","admin/broadleaf-open-admin-platform/src/main/java/org/broadleafcommerce/openadmin/web/service/FormBuilderExtensionHandler.java","1","0","6","0","15","127","0"
"BroadleafCommerce","94218b87488ba8e51fbcafe3eb5cbf1710ff5fce","admin/broadleaf-open-admin-platform/src/main/java/org/broadleafcommerce/openadmin/web/service/FormBuilderExtensionHandler.java","1","0","6","0","15","132","0"
"hazelcast","267657223110ee9fc436f5496e078547d29c6e4c","hazelcast/src/main/java/com/hazelcast/map/MapContextQuerySupport.java","1","0","6","0","15","71","1"
"hazelcast","9144e8128c3d271554f7230ee32e4d2e102fe811","hazelcast/src/main/java/com/hazelcast/map/MapContextQuerySupport.java","1","0","6","0","17","73","0"
"BroadleafCommerce","8eab5e85852450205ee185cc484bebf480ca8a7c","core/broadleaf-framework/src/main/java/org/broadleafcommerce/core/search/service/solr/SolrIndexCachedOperation.java","1","0","6","0","18","76","0"
"BroadleafCommerce","0b7138a2f45e718d9ed1b1808581fd2714e53f4a","core/broadleaf-framework/src/main/java/org/broadleafcommerce/core/inventory/service/InventoryServiceExtensionHandler.java","1","0","6","0","18","88","0"
"elasticsearch","25fd9e26c4fb042d6f6dea14efcd239577bdbbc4","core/src/main/java/org/elasticsearch/ElasticsearchSecurityException.java","1","0","6","0","21","65","0"
"netty","1603d9792dd972cdc6bd1b83a4e890cbe103c797","transport/src/main/java/io/netty/channel/ChannelHandler.java","1","0","6","0","23","232","0"
"netty","4a5dc3222488db44b0174297f20b83195601cb8d","transport/src/main/java/io/netty/channel/ChannelHandlerAdapter.java","1","0","6","0","24","79","1"
"BroadleafCommerce","4331a9afbe546c3a252cafc550444ca0879182b4","admin/broadleaf-open-admin-platform/src/main/java/org/broadleafcommerce/openadmin/server/service/persistence/module/provider/FieldPersistenceProvider.java","1","0","6","0","26","119","0"
"netty","4639d56596f5dd023bcb515d3d9e3f16cbc3217e","codec-http/src/main/java/io/netty/handler/codec/http/HttpServerCodec.java","1","0","6","0","26","73","1"
"elasticsearch","06417a85e09543c870e692b774985ca738bfa828","src/main/java/org/elasticsearch/action/admin/cluster/snapshots/get/GetSnapshotsRequestBuilder.java","1","0","6","0","29","89","2"
"neo4j","e6f84e88fecffdd2dd28e4ee978d77df94914908","community/lucene-index/src/main/java/org/neo4j/kernel/api/impl/index/builder/AbstractLuceneIndexBuilder.java","1","0","6","0","34","98","1"
"elasticsearch","7c1211d2ed93640086c5da16871fab24d2bed46b","core/src/test/java/org/elasticsearch/index/analysis/PatternAnalyzerTests.java","1","0","6","0","53","115","1"
"hazelcast","dec7dd3bccd2fc2bb30f3690c901dd6887241979","hazelcast/src/main/java/com/hazelcast/nio/serialization/FieldDefinition.java","1","0","6","0","8","49","1"
"netty","ca29be5e77ef7999b2707cf5d4f32d5e306d568b","handler/src/main/java/io/netty/handler/stream/ChunkedInput.java","1","0","6","0","9","63","0"
"BroadleafCommerce","1e8b29ba6d27d72811406cce7db53ed3fa903475","core/broadleaf-framework-web/src/main/java/org/broadleafcommerce/core/web/order/service/CartStateService.java","1","0","6","0","9","64","0"
"BroadleafCommerce","67d64d2a7aec86b110e66276589cdfdeeb4ff057","core/broadleaf-framework/src/main/java/org/broadleafcommerce/core/search/service/solr/index/SolrIndexStatusService.java","1","0","6","0","9","66","0"
"hazelcast","7549a0f1c8996a1439a4492bc58942c10b2bcb7a","hazelcast/src/main/java/com/hazelcast/map/MapInterceptor.java","1","0","6","1","10","86","4"
"BroadleafCommerce","7467f1200927011c61223df68edb5cfddfc107e7","core/broadleaf-framework-web/src/main/java/org/broadleafcommerce/core/web/service/SearchFacetDTOService.java","1","0","6","1","14","87","0"
"elasticsearch","f79fb4ada7995c11874346787db276b6edafaa8f","core/src/main/java/org/elasticsearch/indices/recovery/RecoveryTargetHandler.java","1","0","6","1","20","75","1"
"hazelcast","08e659f992761d79cd0342e77ce17ddb62e33295","hazelcast/src/main/java/com/hazelcast/client/impl/protocol/template/EnterpriseMapCodecTemplate.java","1","0","6","1","24","100","1"
"hazelcast","97bb74d78cd1e0af68a1390defa30fc956da8390","hazelcast/src/main/java/com/hazelcast/client/impl/protocol/template/EnterpriseMapCodecTemplate.java","1","0","6","1","24","100","1"
"hazelcast","bc945190541c07a740026d0e1d81368a2d79d78e","hazelcast/src/main/java/com/hazelcast/client/impl/protocol/template/EnterpriseMapCodecTemplate.java","1","0","6","1","24","100","1"
"hazelcast","fa455733da9772e9107eb60b3fe55a17601be38b","hazelcast/src/main/java/com/hazelcast/client/impl/protocol/template/EnterpriseMapCodecTemplate.java","1","0","6","1","24","100","0"
"hazelcast","864cc31ab01bc8111ef11270cb3f6f2352d30a5f","hazelcast/src/main/java/com/hazelcast/client/impl/protocol/template/EnterpriseMapCodecTemplate.java","1","0","6","1","24","101","1"
"hazelcast","b54c76aa3cd08401ba13e516ba86bd1481a58749","hazelcast/src/main/java/com/hazelcast/client/impl/protocol/template/EnterpriseMapCodecTemplate.java","1","0","6","1","24","102","0"
"neo4j","6b75a9235ea38e0c47caacd25cc919023c0c958b","community/lucene-index/src/main/java/org/neo4j/kernel/api/impl/index/partition/AbstractIndexPartition.java","1","0","6","1","26","89","0"
"hazelcast","565257f977407eb3a0199d082860209c2958f5f9","hazelcast/src/main/java/com/hazelcast/util/collection/MapDelegatingSet.java","1","0","6","1","32","79","1"
"hazelcast","564167c1f93b32ce742411106e9ae67eae88a801","hazelcast/src/main/java/com/hazelcast/util/collection/MapDelegatingSet.java","1","0","6","1","32","80","0"
"junit","88f63daafb9eec076c09f532c9f0bd823a150be0","src/main/java/org/junit/experimental/results/PrintableResult.java","1","0","6","1","36","72","0"
"neo4j","6b75a9235ea38e0c47caacd25cc919023c0c958b","community/lucene-index/src/main/java/org/neo4j/kernel/api/impl/index/partition/WritableIndexPartition.java","1","0","6","1","48","97","0"
"BroadleafCommerce","cda1ce3dcc6fc3875e5464931dfb05433e9032b4","common/src/test/java/org/broadleafcommerce/common/rule/MvelHelperTest.java","1","0","6","1","49","107","0"
"elasticsearch","71264c62399aa37aa44f2ac10f2da071d9819c24","core/src/test/java/org/elasticsearch/index/analysis/PatternAnalyzerTests.java","1","0","6","1","60","123","0"
"BroadleafCommerce","f76947b536fd7de06da75efb9502285969caad4a","common/src/main/java/org/broadleafcommerce/common/file/service/StaticAssetPathService.java","1","0","6","1","9","68","0"
"hazelcast","6ac727db661eb934e5608e28e8a3603e7300d710","hazelcast/src/main/java/com/hazelcast/map/impl/mapstore/MapDataStore.java","1","0","6","10","20","95","0"
"elasticsearch","2bd09c4625898d77aa6c015c6f82cf973ed18cb7","core/src/main/java/org/elasticsearch/discovery/Discovery.java","1","0","6","10","34","99","0"
"elasticsearch","c97833596869141f747110d0046dd9de325a7f3c","core/src/main/java/org/elasticsearch/discovery/Discovery.java","1","0","6","11","36","103","1"
"orientdb","683f2a0bba9b64868a8bd1e9a522f4c1924dcb30","core/src/main/java/com/orientechnologies/common/serialization/types/ODateSerializer.java","1","0","6","11","94","157","1"
"hazelcast","fa2d62675eff94c116814a8e2918f6ac234855a8","hazelcast/src/main/java/com/hazelcast/map/impl/recordstore/Storage.java","1","0","6","13","27","119","0"
"BroadleafCommerce","66ae8f00a336acfd1569bda8752f26ebae85a7dc","core/broadleaf-framework/src/main/java/org/broadleafcommerce/core/offer/domain/OfferCode.java","1","0","6","13","29","97","0"
"neo4j","8c6ea9c74583500328fd0a9ad3469cc3a41b563f","community/kernel/src/main/java/org/neo4j/kernel/impl/transaction/state/RecordAccess.java","1","0","6","16","29","99","1"
"neo4j","aac20ad73b1ea3e5d85a1071229273904086dd7c","community/kernel/src/main/java/org/neo4j/kernel/impl/transaction/state/RecordAccess.java","1","0","6","17","30","101","0"
"BroadleafCommerce","c880fb0996be00c849e736ac5be5abf168f384f9","core/broadleaf-profile/src/main/java/org/broadleafcommerce/profile/core/service/CustomerService.java","1","0","6","17","32","115","1"
"antlr4","507f331bd08bc01c213822508d18bbc4ba769db4","tool/test/org/antlr/v4/test/TestParseErrors.java","1","0","6","19","299","389","1"
"elasticsearch","e7d352b489272a87b05019869857656de7fb82fc","core/src/main/java/org/elasticsearch/search/aggregations/bucket/terms/Terms.java","1","0","6","2","14","63","0"
"neo4j","2dce9b701631b41aa14f4d8ff186c708b57abd1e","community/kernel/src/main/java/org/neo4j/kernel/api/security/AuthSubject.java","1","0","6","2","141","227","1"
"neo4j","6b75a9235ea38e0c47caacd25cc919023c0c958b","community/lucene-index/src/main/java/org/neo4j/kernel/api/impl/schema/SchemaIndex.java","1","0","6","2","21","89","0"
"elasticsearch","4b94eb5cb8cc4294ed0e932a5f22c16bd90d4dd7","core/src/main/java/org/elasticsearch/action/admin/cluster/shards/ClusterSearchShardsRequestBuilder.java","1","0","6","2","33","84","2"
"elasticsearch","860efb2ad28db09189c8423e05d0dba53010259c","core/src/main/java/org/elasticsearch/action/admin/cluster/shards/ClusterSearchShardsRequestBuilder.java","1","0","6","2","33","84","2"
"elasticsearch","d3417fb02291f26964d77767020ef345d18c148f","core/src/main/java/org/elasticsearch/action/admin/cluster/shards/ClusterSearchShardsRequestBuilder.java","1","0","6","2","33","84","0"
"antlr4","85c145eff9d1bcef9149e54852a35299ca186fb2","tool/test/org/antlr/v4/test/tool/TestLeftRecursionToolIssues.java","1","0","6","2","88","134","0"
"neo4j","4e13feaa5058f4f1b623704bbde288b5850c1ec6","enterprise/security/src/test/java/org/neo4j/commandline/admin/security/RolesCommandIT.java","1","0","6","24","220","366","0"
"orientdb","2228c1302483104febb0712814a9865ae5b48cb4","core/src/main/java/com/orientechnologies/orient/core/storage/fs/OFile.java","1","0","6","26","37","123","1"
"neo4j","3ea1d3f5e4ec90ae32ab077bb7b12fd3dc37d4da","community/kernel/src/main/java/org/neo4j/kernel/api/DataWriteOperations.java","1","0","6","26","68","153","0"
"orientdb","7d92a6b03b707e81490ef22a1fa23a1017918c3d","core/src/main/java/com/orientechnologies/orient/core/storage/fs/OFile.java","1","0","6","29","40","130","0"
"elasticsearch","2ed1f7a3390420835f9b270d20c5d512ba197827","core/src/main/java/org/elasticsearch/cluster/routing/ShardsIterator.java","1","0","6","3","13","66","1"
"elasticsearch","6dc03ecb10328353e682f5991537af46e80b1fe2","core/src/main/java/org/elasticsearch/action/admin/indices/flush/FlushRequest.java","1","0","6","3","45","106","2"
"elasticsearch","01519745007b2d093cdf602783c27a26de82c69b","core/src/main/java/org/elasticsearch/action/admin/indices/flush/FlushRequest.java","1","0","6","3","45","107","0"
"neo4j","6b75a9235ea38e0c47caacd25cc919023c0c958b","community/lucene-index/src/main/java/org/neo4j/kernel/api/impl/schema/ReadOnlyDatabaseSchemaIndex.java","1","0","6","3","57","105","0"
"elasticsearch","3db50b2ebf9da1721186bb477963b3b7d95372ce","src/main/java/org/elasticsearch/common/xcontent/XContentParser.java","1","0","6","33","108","235","1"
"orientdb","eb87fd13a08a35e51b139724421fa7adb04049f3","core/src/main/java/com/orientechnologies/orient/core/storage/cache/OWriteCache.java","1","0","6","33","50","169","1"
"netty","ba6ce5449ee852b782dde9a11933f6a09b123e22","codec-http/src/main/java/io/netty/handler/codec/spdy/SpdyHeaders.java","1","0","6","34","89","195","0"
"elasticsearch","4b94eb5cb8cc4294ed0e932a5f22c16bd90d4dd7","core/src/main/java/org/elasticsearch/action/admin/cluster/state/ClusterStateRequestBuilder.java","1","0","6","4","41","94","2"
"elasticsearch","860efb2ad28db09189c8423e05d0dba53010259c","core/src/main/java/org/elasticsearch/action/admin/cluster/state/ClusterStateRequestBuilder.java","1","0","6","4","41","94","2"
"elasticsearch","d3417fb02291f26964d77767020ef345d18c148f","core/src/main/java/org/elasticsearch/action/admin/cluster/state/ClusterStateRequestBuilder.java","1","0","6","4","41","94","0"
"elasticsearch","25fd9e26c4fb042d6f6dea14efcd239577bdbbc4","core/src/main/java/org/elasticsearch/action/admin/indices/stats/IndicesStatsRequest.java","1","0","6","43","181","280","0"
"elasticsearch","56cc87b7ccd41040d8fafcaf2da3680d96d10839","core/src/main/java/org/elasticsearch/action/admin/indices/stats/IndicesStatsRequest.java","1","0","6","43","181","280","0"
"elasticsearch","a60b8948ba1d836a6eac7cff095519e618939ed8","core/src/main/java/org/elasticsearch/action/admin/indices/stats/IndicesStatsRequest.java","1","0","6","43","181","280","0"
"elasticsearch","78574d248cf10dad1c5a566fda79e1e0c94afe43","core/src/main/java/org/elasticsearch/action/admin/indices/stats/IndicesStatsRequest.java","1","0","6","43","181","280","1"
"elasticsearch","e6aaaf11ed4a1b8f595f920de1840938eddb7a97","core/src/main/java/org/elasticsearch/action/admin/indices/stats/IndicesStatsRequest.java","1","0","6","43","181","280","1"
"elasticsearch","cde7d9af1c1cf1cefbc4a9e49f28796a421c5235","src/main/java/org/elasticsearch/transport/TransportServiceAdapter.java","1","0","6","5","14","61","0"
"neo4j","6b75a9235ea38e0c47caacd25cc919023c0c958b","community/lucene-index/src/main/java/org/neo4j/kernel/api/impl/schema/WritableDatabaseSchemaIndex.java","1","0","6","5","82","133","0"
"elasticsearch","f5f97391176d8fe22fc21325fc5b6dea13a46e4f","src/main/java/org/elasticsearch/transport/TransportServiceAdapter.java","1","0","6","6","15","62","1"
"hazelcast","fb152b6473b5ac7ca0237dd0a262c967d49c28ba","hazelcast/src/main/java/com/hazelcast/spi/impl/InternalOperationService.java","1","0","6","6","20","89","1"
"hazelcast","37da3959df4151b304b211df87a6b900c0169cc5","hazelcast/src/main/java/com/hazelcast/spi/impl/InternalOperationService.java","1","0","6","6","21","90","0"
"elasticsearch","371c73e14023917f3892090d2d3d7ff9ac1216b9","core/src/main/java/org/elasticsearch/common/recycler/Recycler.java","1","0","6","7","19","62","3"
"elasticsearch","78574d248cf10dad1c5a566fda79e1e0c94afe43","core/src/main/java/org/elasticsearch/common/recycler/Recycler.java","1","0","6","7","19","62","2"
"elasticsearch","e6aaaf11ed4a1b8f595f920de1840938eddb7a97","core/src/main/java/org/elasticsearch/common/recycler/Recycler.java","1","0","6","7","19","62","2"
"elasticsearch","a60b8948ba1d836a6eac7cff095519e618939ed8","core/src/main/java/org/elasticsearch/common/recycler/Recycler.java","1","0","6","7","19","62","0"
"netty","8271c8afccf7eb21bf6f994b5f3565f6d55bdee4","codec-dns/src/main/java/io/netty/handler/codec/dns/DnsResource.java","1","0","6","7","59","120","0"
"netty","e09d2f32fb1c7f2ab8d1e41fdb72e00adb7032ff","codec-dns/src/main/java/io/netty/handler/codec/dns/DnsResource.java","1","0","6","7","59","120","0"
"netty","f88cd62354464a3445c68976d6f3a535d775180a","codec-dns/src/main/java/io/netty/handler/codec/dns/DnsResource.java","1","0","6","7","59","120","1"
"hazelcast","e85f9375177c76b2ee1338c2a1242d082783f816","hazelcast/src/test/java/com/hazelcast/spi/impl/servicemanager/impl/ServiceManagerImplTest.java","1","0","6","8","132","175","0"
"hazelcast","bf57830124f1d8c5233fd61d243cbe0c16161b6c","hazelcast/src/test/java/com/hazelcast/spi/impl/servicemanager/impl/ServiceManagerImplTest.java","1","0","6","8","133","176","1"
"BroadleafCommerce","e216da5ebb303680f5c60ffcd75979f5876ab5a6","common/src/main/java/org/broadleafcommerce/common/util/StreamingTransactionCapable.java","1","0","6","8","26","112","0"
"antlr4","507f331bd08bc01c213822508d18bbc4ba769db4","tool/test/org/antlr/v4/test/TestParserExec.java","1","0","6","9","198","311","2"
"BroadleafCommerce","fda59958ccdbbd3e29c49373e40be2a6fd8dc1b8","core/broadleaf-framework/src/main/java/org/broadleafcommerce/core/catalog/domain/SkuBundleItem.java","1","0","6","9","21","89","0"
"BroadleafCommerce","f0a43a10b18a55908684479d3eadcb3822d3cd60","core/broadleaf-framework/src/main/java/org/broadleafcommerce/core/catalog/domain/Sku.java","1","0","64","0","83","508","1"
"hazelcast","906196ffe96ad68eea87d7b083066fd32d3e1398","hazelcast/src/main/java/com/hazelcast/core/IMap.java","1","0","65","0","86","1162","2"
"hazelcast","3fafb3f6f6a50a39ec838aa1f7e2556b2036eea7","hazelcast/src/main/java/com/hazelcast/core/IMap.java","1","0","65","0","86","1164","0"
"hazelcast","3084a2b6c7f8d928cb38abde92766db1f17520f9","hazelcast/src/main/java/com/hazelcast/core/IMap.java","1","0","65","0","87","1187","1"
"elasticsearch","2c7850584d091b4043a53168596ced8e4aebe589","src/main/java/org/elasticsearch/index/query/QueryBuilders.java","1","0","65","14","241","734","0"
"BroadleafCommerce","d06b5735cad4cba3d8ff19fe57db4b30e3039a26","core/broadleaf-framework/src/main/java/org/broadleafcommerce/core/catalog/domain/Sku.java","1","0","66","0","85","520","0"
"BroadleafCommerce","54af90b338cb5f04e6e47d7a37ddfdd1f011893a","core/broadleaf-framework/src/main/java/org/broadleafcommerce/core/catalog/domain/Sku.java","1","0","66","0","85","523","0"
"elasticsearch","b6a83fd8b245b8ac40edb226e95fa68c5d61e01a","src/main/java/org/elasticsearch/index/query/QueryBuilders.java","1","0","66","14","244","744","0"
"BroadleafCommerce","1c1207650f20f502eb97fcc72152b1aeaaea215c","core/broadleaf-framework/src/main/java/org/broadleafcommerce/core/catalog/domain/Sku.java","1","0","69","0","92","574","1"
"BroadleafCommerce","e57e6d69b369b23f6d854649aeb0e4bd02cf5916","core/broadleaf-framework/src/main/java/org/broadleafcommerce/core/catalog/domain/Sku.java","1","0","69","0","93","575","2"
"elasticsearch","a518599e27047549347ac58d66d66b7bfd27f988","core/src/main/java/org/elasticsearch/action/DocumentRequest.java","1","0","7","0","10","66","2"
"elasticsearch","61c21f9a0e148db3e450c87c4690bef173ccc821","src/main/java/org/elasticsearch/action/DocumentRequest.java","1","0","7","0","10","67","0"
"hazelcast","ed777f64e4d046bb45ae4ee062b463e33526e3ad","hazelcast/src/main/java/com/hazelcast/transaction/TransactionContext.java","1","0","7","0","10","69","1"
"BroadleafCommerce","be82be502a3deed449b9965d9b5b57198599582d","core/broadleaf-framework/src/main/java/org/broadleafcommerce/core/catalog/domain/CategoryProductXref.java","1","0","7","0","10","79","1"
"hazelcast","144b16f5422237c71d5c1b23e08cdca922368110","hazelcast/src/main/java/com/hazelcast/map/MapInterceptor.java","1","0","7","0","10","95","0"
"BroadleafCommerce","1996e127a95ab72c1b5d31d1bfcc1f8ab69e38b6","core/broadleaf-framework/src/main/java/org/broadleafcommerce/core/offer/domain/AdvancedOffer.java","1","0","7","0","11","73","1"
"BroadleafCommerce","65e73bebcc311646d9d62110b258a16f37da5ac4","core/broadleaf-framework/src/main/java/org/broadleafcommerce/core/offer/domain/AdvancedOffer.java","1","0","7","0","12","71","1"
"BroadleafCommerce","66b90df8e1d48dea727d19decebcf0b65113f2f1","core/broadleaf-framework/src/main/java/org/broadleafcommerce/core/search/domain/SearchField.java","1","0","7","0","12","73","0"
"BroadleafCommerce","95ef5dde2fce62906726f50666fcb5bfe17a2acc","core/broadleaf-framework/src/main/java/org/broadleafcommerce/core/offer/domain/AdvancedOffer.java","1","0","7","0","12","74","0"
"BroadleafCommerce","f2e2ca5db03d4386f59c5fd129fe65acae3d90dd","core/broadleaf-framework-web/src/main/java/org/broadleafcommerce/core/web/service/UpdateCartService.java","1","0","7","0","12","80","0"
"netty","9ce84dcb21168c45fe6714d3673c9253f35e5cd2","codec-http2/src/main/java/io/netty/handler/codec/http2/Http2FlowController.java","1","0","7","0","12","84","1"
"hazelcast","4e7ff47186f2745b07ed2501acc0f5add899d5b8","hazelcast/src/main/java/com/hazelcast/map/impl/nearcache/NearCacheInvalidator.java","1","0","7","0","12","89","1"
"hazelcast","93e632d218ab941646a42cfba0d56c60d5d1257d","hazelcast/src/main/java/com/hazelcast/map/impl/nearcache/NearCacheInvalidator.java","1","0","7","0","12","89","1"
"hazelcast","62a2d7a2993e205acd37a462f8c7f9fe10f29dee","hazelcast/src/main/java/com/hazelcast/map/impl/nearcache/NearCacheInvalidator.java","1","0","7","0","12","89","0"
"netty","891be30a28c6dc5a1edf1cb5a3690644cf4ff66e","codec-http2/src/main/java/io/netty/handler/codec/http2/Http2LifecycleManager.java","1","0","7","0","15","91","1"
"titan","8ed7a34830b0a78e03142c2f4be6ea9d63b30fa8","titan-core/src/main/java/com/thinkaurelius/titan/diskstorage/IDAuthority.java","1","0","7","0","15","92","0"
"netty","8cd259896e313e7537c26e1f41242d0b21dff8c1","codec-http2/src/main/java/io/netty/handler/codec/http2/Http2LifecycleManager.java","1","0","7","0","15","92","0"
"netty","f250dfedbeafc4707425dabe1fa773ef75f0e855","codec-http2/src/main/java/io/netty/handler/codec/http2/Http2LifecycleManager.java","1","0","7","0","15","92","0"
"netty","227e67900e35f0d01fbf3f4aca86877aefa52d79","codec-http2/src/main/java/io/netty/handler/codec/http2/Http2LifecycleManager.java","1","0","7","0","15","92","1"
"elasticsearch","10ec2e948a2f1426a5058ca3b2c2e39952f141d8","src/main/java/org/elasticsearch/action/ActionFuture.java","1","0","7","0","15","99","0"
"elasticsearch","9090e0381f0042de0acff46e7c908788afd18386","src/main/java/org/elasticsearch/action/ActionFuture.java","1","0","7","0","15","99","0"
"elasticsearch","d17db857947ee534f04a0231927462446d91564e","src/main/java/org/elasticsearch/action/ActionFuture.java","1","0","7","0","15","99","0"
"elasticsearch","cd04851206de348747d18d3af2080a4d6da8c40c","src/main/java/org/elasticsearch/action/ActionFuture.java","1","0","7","0","15","99","2"
"elasticsearch","fa16969360ea43667ad11f827bbf86718c18fcc6","src/main/java/org/elasticsearch/action/ActionFuture.java","1","0","7","0","15","99","1"
"elasticsearch","e7d352b489272a87b05019869857656de7fb82fc","core/src/main/java/org/elasticsearch/search/aggregations/bucket/MultiBucketsAggregation.java","1","0","7","0","16","66","0"
"BroadleafCommerce","401247ccbb1691fb0817c6b055d425d469bd572d","admin/broadleaf-contentmanagement-module/src/main/java/org/broadleafcommerce/cms/structure/domain/StructuredContentFieldTemplate.java","1","0","7","0","17","80","0"
"BroadleafCommerce","982aa0cd224d852d5505bcc49f0f8a3325f9c14d","admin/broadleaf-contentmanagement-module/src/main/java/org/broadleafcommerce/cms/structure/domain/StructuredContentFieldTemplate.java","1","0","7","0","18","84","0"
"netty","9c1b31d20a2a6f913802f4200e6910f32990634e","transport/src/main/java/io/netty/channel/group/ChannelGroup.java","1","0","7","0","20","152","0"
"BroadleafCommerce","64ee9c754b4adff1e55416fdd70d45b35f42d991","core/broadleaf-framework/src/main/java/org/broadleafcommerce/core/search/service/solr/SolrSearchServiceExtensionHandler.java","1","0","7","0","25","113","5"
"netty","ead87b7df8d923417475ead2d7680747b1a72f07","codec-http2/src/main/java/io/netty/handler/codec/http2/Http2HeadersEncoder.java","1","0","7","0","26","88","1"
"BroadleafCommerce","035a68d4f608f9164602b462a176ff3c63ca4e8b","core/broadleaf-framework/src/main/java/org/broadleafcommerce/core/search/service/solr/SolrSearchServiceExtensionHandler.java","1","0","7","0","28","100","5"
"BroadleafCommerce","8db53640481df9a63ee4bca59079a5689e267f93","core/broadleaf-framework/src/main/java/org/broadleafcommerce/core/search/service/solr/SolrSearchServiceExtensionHandler.java","1","0","7","0","28","100","1"
"BroadleafCommerce","92da893577ed005d3f422142164bcbd88b85bd61","core/broadleaf-framework/src/main/java/org/broadleafcommerce/core/search/service/solr/SolrSearchServiceExtensionHandler.java","1","0","7","0","28","100","5"
"BroadleafCommerce","d0e64544c718798f7fb98f7b9f45620f93ba05a1","core/broadleaf-framework/src/main/java/org/broadleafcommerce/core/search/service/solr/SolrSearchServiceExtensionHandler.java","1","0","7","0","28","100","6"
"BroadleafCommerce","da98c51911c40296d2785f26e37b08f82c354192","core/broadleaf-framework/src/main/java/org/broadleafcommerce/core/search/service/solr/SolrSearchServiceExtensionHandler.java","1","0","7","0","28","100","5"
"BroadleafCommerce","663f9520dacb59459f8033c8736be33d9fc3d58d","core/broadleaf-framework/src/main/java/org/broadleafcommerce/core/search/service/solr/SolrSearchServiceExtensionHandler.java","1","0","7","0","28","100","0"
"BroadleafCommerce","abae60151f6416aa4cbf8f37615189b14464b79c","core/broadleaf-framework/src/main/java/org/broadleafcommerce/core/search/service/solr/SolrSearchServiceExtensionHandler.java","1","0","7","0","28","101","1"
"BroadleafCommerce","d121fa1c90ccefb37909dd1b10665bfa3ce85b97","admin/broadleaf-open-admin-platform/src/main/java/org/broadleafcommerce/openadmin/server/security/service/RowLevelSecurityService.java","1","0","7","0","28","186","1"
"elasticsearch","0d349854d34e1e8819ce3bdb74d3bb178371398e","core/src/main/java/org/elasticsearch/action/admin/cluster/snapshots/get/GetSnapshotsRequestBuilder.java","1","0","7","0","28","88","1"
"elasticsearch","25fd9e26c4fb042d6f6dea14efcd239577bdbbc4","core/src/main/java/org/elasticsearch/action/admin/cluster/snapshots/status/SnapshotsStatusRequestBuilder.java","1","0","7","0","28","90","0"
"netty","256c931db20fbfaf597e501b74a34fd850c7f948","transport/src/main/java/io/netty/channel/ChannelStateHandlerAdapter.java","1","0","7","0","28","94","0"
"BroadleafCommerce","890b0bcc50d07d82acdf5ae687d2abfbffa34597","admin/broadleaf-open-admin-platform/src/main/java/org/broadleafcommerce/openadmin/server/security/service/RowLevelSecurityProvider.java","1","0","7","0","31","206","0"
"elasticsearch","c5ebdf11bb31f7efc1df908215f9b3218b230325","src/main/java/org/elasticsearch/action/admin/cluster/snapshots/get/GetSnapshotsRequestBuilder.java","1","0","7","0","33","99","0"
"neo4j","e6f84e88fecffdd2dd28e4ee978d77df94914908","community/lucene-index/src/main/java/org/neo4j/kernel/api/impl/schema/LuceneSchemaIndexBuilder.java","1","0","7","0","46","118","1"
"hazelcast","798cdcb7995ba1e5f635103a6069a2a875f914a6","hazelcast/src/main/java/com/hazelcast/nio/serialization/FieldDefinition.java","1","0","7","0","9","54","0"
"hazelcast","4f7d7a49a64a09739556c76f1e55ca354b652b1f","hazelcast/src/main/java/com/hazelcast/spi/impl/operationexecutor/classic/ScheduleQueue.java","1","0","7","0","9","95","2"
"BroadleafCommerce","df1d13c99109dd815c7ebb991cb12010a2688fab","common/src/main/java/org/broadleafcommerce/common/file/service/StaticAssetPathService.java","1","0","7","1","10","78","0"
"BroadleafCommerce","686b1e45bfe346466076030ce1a899e996dbce6b","common/src/main/java/org/broadleafcommerce/common/file/service/StaticAssetPathService.java","1","0","7","1","10","81","0"
"neo4j","6eabd27b55177dfd0f40b5c796235b9ec0c7aae6","enterprise/ha/src/main/java/org/neo4j/kernel/ha/UpdatePuller.java","1","0","7","1","13","82","0"
"BroadleafCommerce","0130ae0522665141dc174c62def741de73b69ce3","common/src/main/java/org/broadleafcommerce/common/i18n/service/TranslationService.java","1","0","7","1","15","107","2"
"elasticsearch","49439a09e2c1a69da0fdf034fe9dabf1cc83bf30","modules/elasticsearch/src/main/java/org/elasticsearch/index/store/Store.java","1","0","7","1","15","68","0"
"elasticsearch","c4fe8e7bf23f62c25f3d1ebd35de3fe716c45e9a","core/src/main/java/org/elasticsearch/indices/recovery/RecoveryTargetHandler.java","1","0","7","1","21","80","0"
"elasticsearch","2fa1c9fff14adbdbbd373c5b39b553c55e3738f7","core/src/main/java/org/elasticsearch/indices/recovery/RecoveryTargetHandler.java","1","0","7","1","21","81","0"
"hazelcast","b54c76aa3cd08401ba13e516ba86bd1481a58749","hazelcast/src/main/java/com/hazelcast/client/impl/protocol/template/SemaphoreCodecTemplate.java","1","0","7","1","22","106","0"
"hazelcast","864cc31ab01bc8111ef11270cb3f6f2352d30a5f","hazelcast/src/main/java/com/hazelcast/client/impl/protocol/template/SemaphoreCodecTemplate.java","1","0","7","1","22","108","1"
"hazelcast","864cc31ab01bc8111ef11270cb3f6f2352d30a5f","hazelcast/src/main/java/com/hazelcast/client/impl/protocol/template/XATransactionalCodecTemplate.java","1","0","7","1","23","82","1"
"hazelcast","d9d20943b88faf6aa25ddbdc19feab4571611431","hazelcast/src/main/java/com/hazelcast/client/impl/protocol/template/XATransactionalCodecTemplate.java","1","0","7","1","23","82","1"
"hazelcast","b54c76aa3cd08401ba13e516ba86bd1481a58749","hazelcast/src/main/java/com/hazelcast/client/impl/protocol/template/XATransactionalCodecTemplate.java","1","0","7","1","23","82","0"
"hazelcast","d9d20943b88faf6aa25ddbdc19feab4571611431","hazelcast/src/main/java/com/hazelcast/client/impl/protocol/template/MapReduceCodecTemplate.java","1","0","7","1","34","144","1"
"hazelcast","0603aa048b33b7b63c240c8b0e5c509499c798f7","hazelcast/src/main/java/com/hazelcast/core/DistributedObjectEvent.java","1","0","7","1","35","100","2"
"hazelcast","1451b18a2114fd1d2c7448aaa28f49d5e1da007c","hazelcast/src/main/java/com/hazelcast/config/JoinConfig.java","1","0","7","1","37","90","1"
"elasticsearch","25fd9e26c4fb042d6f6dea14efcd239577bdbbc4","core/src/main/java/org/elasticsearch/action/admin/cluster/allocation/ClusterAllocationExplainRequestBuilder.java","1","0","7","1","38","79","0"
"hazelcast","d568e4d926d925d57d4e79e34614390416749301","hazelcast/src/test/java/com/hazelcast/config/GroupConfigTest.java","1","0","7","1","50","98","0"
"hazelcast","70d4de16ff0ac4518d09aad8c9f2ad9e782fb337","hazelcast/src/test/java/com/hazelcast/config/GroupConfigTest.java","1","0","7","1","51","99","1"
"elasticsearch","3d13c27fa0df12018f35f1b20987c90277e9b6f9","core/src/main/java/org/elasticsearch/discovery/Discovery.java","1","0","7","10","36","105","1"
"elasticsearch","5a91ad11152fb54724083b696339b78829c8b905","core/src/main/java/org/elasticsearch/discovery/Discovery.java","1","0","7","11","37","109","0"
"antlr4","385e96784db04a18cb7c8ff7edb6ea85a29cdbaf","tool-testsuite/test/org/antlr/v4/test/tool/TestSymbolIssues.java","1","0","7","12","312","385","0"
"antlr4","511c60fe7bee7a4fe94a84c64627626909054490","tool/test/org/antlr/v4/test/TestToolSyntaxErrors.java","1","0","7","16","263","381","1"
"elasticsearch","149629fec657e9948488195087f30583cd561f11","core/src/main/java/org/elasticsearch/cluster/routing/ShardsIterator.java","1","0","7","2","14","71","0"
"neo4j","8a31284a00600fe653939a9b2206e0382deded40","community/kernel/src/main/java/org/neo4j/kernel/api/security/AuthSubject.java","1","0","7","2","150","242","0"
"neo4j","c53aab6d4de8c83eda42c64474ec13aa7ecb25f3","community/kernel/src/main/java/org/neo4j/kernel/api/security/AuthSubject.java","1","0","7","2","150","243","1"
"BroadleafCommerce","da2519945a75e0d1ce1ebec8cda232073f474fc5","common/src/main/java/org/broadleafcommerce/common/i18n/service/TranslationService.java","1","0","7","2","16","109","1"
"hazelcast","78ae1a75208f6777bfb81fd68b2d62b446f83759","hazelcast-hibernate/hazelcast-hibernate3/src/main/java/com/hazelcast/hibernate/serialization/Expirable.java","1","0","7","2","30","101","0"
"hazelcast","7e9aaf983ea251e7252a8ed8cd1ea0b00cad40cf","hazelcast-hibernate/hazelcast-hibernate3/src/main/java/com/hazelcast/hibernate/serialization/Expirable.java","1","0","7","2","31","102","1"
"elasticsearch","1ef24d2a85f1636f95ee6e536f6cfb1aa9eadcfe","core/src/main/java/org/elasticsearch/action/admin/indices/analyze/AnalyzeRequestBuilder.java","1","0","7","2","35","89","1"
"elasticsearch","d3e10f911154d5eea93da15fd75b78c861053348","src/main/java/org/elasticsearch/action/admin/cluster/state/ClusterStateRequestBuilder.java","1","0","7","2","41","97","1"
"elasticsearch","4185566e9344091a3ddad4090435fc3609fab208","src/main/java/org/elasticsearch/action/indexedscripts/get/GetIndexedScriptRequestBuilder.java","1","0","7","2","43","103","2"
"neo4j","4d3b5cd40762b26828c47787e6547cc1ea90238b","community/kernel/src/main/java/org/neo4j/kernel/impl/api/operations/EntityReadOperations.java","1","0","7","23","57","156","0"
"orientdb","cc0a317b054f936099eb2628cc720148b99d219a","core/src/main/java/com/orientechnologies/orient/core/storage/fs/OFile.java","1","0","7","25","37","128","0"
"neo4j","8a2d3beff52bcf03814a519f4492e8667ba80f17","community/kernel/src/main/java/org/neo4j/kernel/api/DataWriteOperations.java","1","0","7","26","68","155","1"
"elasticsearch","10ec2e948a2f1426a5058ca3b2c2e39952f141d8","src/main/java/org/elasticsearch/action/admin/cluster/state/ClusterStateRequestBuilder.java","1","0","7","3","46","103","0"
"elasticsearch","eeb96db76b42d5a258af51b4a3861d6a09128a79","src/main/java/org/elasticsearch/action/admin/cluster/state/ClusterStateRequestBuilder.java","1","0","7","3","46","103","0"
"elasticsearch","fa16969360ea43667ad11f827bbf86718c18fcc6","src/main/java/org/elasticsearch/action/admin/cluster/state/ClusterStateRequestBuilder.java","1","0","7","3","46","103","1"
"elasticsearch","1f04182b8164ffb19f3805c48d67f0375262b317","core/src/main/java/org/elasticsearch/action/admin/indices/flush/FlushRequest.java","1","0","7","3","50","117","0"
"elasticsearch","b1cef5fdf8e1f8e9982a4724986b2731ca4d522b","core/src/main/java/org/elasticsearch/search/aggregations/bucket/range/RangeAggregationBuilder.java","1","0","7","3","52","128","2"
"elasticsearch","9c9cd01854d4343b11314d58b82c00f1de335f8a","src/main/java/org/elasticsearch/common/xcontent/XContentParser.java","1","0","7","32","108","245","0"
"orientdb","eda978aeda4e2d46618285fcb1d73642a30164c2","core/src/main/java/com/orientechnologies/orient/core/storage/OCluster.java","1","0","7","35","51","166","1"
"BroadleafCommerce","be71d684cdc62530cf00280b251761490f15780b","core/broadleaf-profile/src/main/java/org/broadleafcommerce/profile/core/dao/CustomerDao.java","1","0","7","4","15","93","1"
"elasticsearch","4ff1b429f1351c17ae5f3a4338a7ac33db49ef70","modules/elasticsearch/src/main/java/org/elasticsearch/index/store/Store.java","1","0","7","4","19","75","0"
"elasticsearch","e1efd5f6baf8dec1c23c79b346b8a29f234a98bb","core/src/main/java/org/elasticsearch/action/admin/indices/flush/FlushRequest.java","1","0","7","4","50","117","0"
"mcMMO","3b05bb96e36af09bf58f84f3bd49938d7826d807","src/main/java/com/gmail/nossr50/events/chat/McMMOChatEvent.java","1","0","7","4","53","88","0"
"hazelcast","e3a3a38f3f1919020eb5243c31045b0f22361cdd","hazelcast/src/main/java/com/hazelcast/core/EntryEvent.java","1","0","7","4","55","129","0"
"mcMMO","e9dcb3100278ae2ccb92598f8e05ace2ebd903e2","src/main/java/com/gmail/nossr50/events/chat/McMMOChatEvent.java","1","0","7","4","59","95","0"
"elasticsearch","bb3a59fa705f5276143f7e9b8e1f06ef519987e6","core/src/main/java/org/elasticsearch/search/aggregations/bucket/range/RangeAggregationBuilder.java","1","0","7","4","69","152","2"
"elasticsearch","726f5dccc06bf1813790b6cc39207a5e30db43a0","core/src/main/java/org/elasticsearch/index/query/QueryRewriteContext.java","1","0","7","4","70","127","0"
"elasticsearch","149ef74b26bb33d3a1d3c1c45c481a01345cd764","core/src/main/java/org/elasticsearch/search/aggregations/bucket/range/RangeAggregationBuilder.java","1","0","7","4","71","154","1"
"elasticsearch","78574d248cf10dad1c5a566fda79e1e0c94afe43","core/src/main/java/org/elasticsearch/action/DocWriteResponse.java","1","0","7","4","72","129","1"
"neo4j","4f021ca29bae1d5264461a88c40fae307328598f","community/kernel/src/main/java/org/neo4j/graphdb/factory/GraphDatabaseFactory.java","1","0","7","4","89","151","1"
"orientdb","b99ef4dc718c6843428505e90b75ec47566fedae","server/src/main/java/com/orientechnologies/orient/server/distributed/ODistributedServerManager.java","1","0","7","47","85","236","1"
"orientdb","7714495a75dd494934a6cfa3c422763d92a19239","server/src/main/java/com/orientechnologies/orient/server/distributed/ODistributedServerManager.java","1","0","7","47","87","242","0"
"elasticsearch","952feb58e41bd0220784c44136b840ea4a740e26","core/src/main/java/org/elasticsearch/search/aggregations/bucket/MultiBucketsAggregation.java","1","0","7","5","38","93","1"
"neo4j","65a7ca99e28d12d274a84ca1008be13611ca44ab","community/kernel/src/main/java/org/neo4j/graphdb/factory/GraphDatabaseFactory.java","1","0","7","5","95","158","0"
"orientdb","03e30159b1d056b97e3e2b018ac2679817e60b8c","core/src/main/java/com/orientechnologies/orient/core/record/ORecordInternal.java","1","0","7","8","62","121","1"
"antlr4","961f68c8655d534586cbce49b0bc035ddd986f1f","tool/test/org/antlr/v4/test/TestParserExec.java","1","0","7","9","212","332","1"
"netty","9c1b31d20a2a6f913802f4200e6910f32990634e","transport/src/main/java/io/netty/channel/group/ChannelGroupFuture.java","1","0","7","9","36","176","0"
"orientdb","f5244a4115b695fc4deb5e13a95808de71bbc115","core/src/main/java/com/orientechnologies/orient/core/record/ORecordInternal.java","1","0","7","9","66","126","0"
"elasticsearch","d64d0d6a97ae8dd70ba6018f97dd3c5fc10acd53","src/main/java/org/elasticsearch/search/internal/SearchContext.java","1","0","7","99","159","309","1"
"BroadleafCommerce","8bafebee81bdbf1eecc3a9ddeaa995798fed0b74","core/broadleaf-framework/src/main/java/org/broadleafcommerce/core/catalog/domain/Category.java","1","0","70","10","128","676","0"
"BroadleafCommerce","d56deddfdc8a1f14e038e26affedad2583e15fa5","core/broadleaf-framework/src/main/java/org/broadleafcommerce/core/catalog/domain/Sku.java","1","0","71","0","98","598","1"
"hazelcast","669af4d95acce86fc25b96a8aaf5ee89a8b29610","hazelcast/src/main/java/com/hazelcast/core/IMap.java","1","0","72","0","94","1303","0"
"elasticsearch","f739abe89e89e999225b6e478ba530c344e8e946","src/main/java/org/elasticsearch/client/Client.java","1","0","74","0","109","589","1"
"elasticsearch","371c73e14023917f3892090d2d3d7ff9ac1216b9","core/src/main/java/org/elasticsearch/index/query/QueryBuilders.java","1","0","74","15","301","846","3"
"elasticsearch","78574d248cf10dad1c5a566fda79e1e0c94afe43","core/src/main/java/org/elasticsearch/index/query/QueryBuilders.java","1","0","74","15","301","846","2"
"elasticsearch","e6aaaf11ed4a1b8f595f920de1840938eddb7a97","core/src/main/java/org/elasticsearch/index/query/QueryBuilders.java","1","0","74","15","301","846","2"
"elasticsearch","a60b8948ba1d836a6eac7cff095519e618939ed8","core/src/main/java/org/elasticsearch/index/query/QueryBuilders.java","1","0","74","15","301","846","0"
"elasticsearch","f23274523a4d957156fa48923cbf651bdeb2813f","src/main/java/org/elasticsearch/client/Client.java","1","0","75","0","110","594","0"
"hazelcast","c53ca9eab1a31283f29207f1c32f3e31966af3c3","hazelcast/src/main/java/com/hazelcast/core/IMap.java","1","0","75","0","99","1412","1"
"hazelcast","5387994dc22a81aea7e60736ccdba8689afc6d47","hazelcast/src/main/java/com/hazelcast/core/IMap.java","1","0","75","0","99","1443","0"
"elasticsearch","dc900a08a6c6f346656105fa0e2484ed186f8461","core/src/main/java/org/elasticsearch/index/query/QueryBuilders.java","1","0","75","15","300","838","0"
"elasticsearch","7ab0e2c5321c802068d85c0fa3a0f44e0b02c5a4","core/src/main/java/org/elasticsearch/index/query/QueryBuilders.java","1","0","75","17","296","819","1"
"hazelcast","34066e7f1742b003345805a5937f635f89559fad","hazelcast/src/main/java/com/hazelcast/core/IMap.java","1","0","78","0","104","1620","0"
"hazelcast","3b679a5251751d196418c98361b310a168365d1d","hazelcast/src/main/java/com/hazelcast/core/IMap.java","1","0","78","0","104","1625","1"
"BroadleafCommerce","11b9bbc3f26a276b1394b183501971f50b0bc40a","core/broadleaf-framework/src/main/java/org/broadleafcommerce/core/catalog/domain/Category.java","1","0","79","8","139","746","0"
"antlr4","63b5e61c15ce1975002d7ca7f5ad1e2bbbc9216d","runtime/Java/src/org/antlr/v4/runtime/ANTLRErrorStrategy.java","1","0","8","0","10","142","0"
"netty","256c931db20fbfaf597e501b74a34fd850c7f948","transport/src/main/java/io/netty/channel/ChannelStateHandler.java","1","0","8","0","10","64","0"
"elasticsearch","776e5d8096c7ddea8996d8c70165f6971aadd776","core/src/main/java/org/elasticsearch/action/DocumentRequest.java","1","0","8","0","11","74","1"
"neo4j","c4b73f41c621dadf3c18b9f1bb9785f69932d05f","community/kernel/src/main/java/org/neo4j/kernel/api/cursor/PropertyItem.java","1","0","8","0","12","69","1"
"hazelcast","1ec9b79a96f8c74881d2912c4d7b3c40f62a8b64","hazelcast/src/main/java/com/hazelcast/map/impl/querycache/QueryCacheEventService.java","1","0","8","0","13","105","1"
"hazelcast","e36961ec544dd8857aa8990276d1cac0e1180424","hazelcast/src/main/java/com/hazelcast/cache/impl/record/CacheRecord.java","1","0","8","0","13","80","1"
"hazelcast","ef6c10d9a1339603cd9d74f1529459241eb12457","hazelcast/src/main/java/com/hazelcast/cache/impl/record/CacheRecord.java","1","0","8","0","13","83","0"
"hazelcast","7055202cc7af449ba100132a7820aa265e438df0","hazelcast/src/main/java/com/hazelcast/map/impl/nearcache/NearCacheInvalidator.java","1","0","8","0","13","95","0"
"hazelcast","ac703759a1cede64d1b718cc8e7be84f6b7916d9","hazelcast/src/main/java/com/hazelcast/map/impl/nearcache/NearCacheInvalidator.java","1","0","8","0","13","95","0"
"hazelcast","47272dcf84997e899c65c6de1b3164f849b6ece3","hazelcast/src/main/java/com/hazelcast/map/impl/nearcache/NearCacheInvalidator.java","1","0","8","0","13","95","1"
"BroadleafCommerce","fa993466b5ef08e75613c6576f7303a830777598","common/src/main/java/org/broadleafcommerce/common/i18n/dao/TranslationDao.java","1","0","8","0","14","93","0"
"hazelcast","93fd800d6c6f6781ef95536bba7e2b200fe9678d","hazelcast/src/main/java/com/hazelcast/client/ClientEndpointManager.java","1","0","8","0","15","95","2"
"hazelcast","b0a815f459c18eed67fcd6e4bf122bad043ef8a5","hazelcast/src/main/java/com/hazelcast/client/ClientEndpointManager.java","1","0","8","0","15","95","1"
"hazelcast","da8888f97af74b4590dfc1dce3d0bdeb44654000","hazelcast/src/main/java/com/hazelcast/client/ClientEndpointManager.java","1","0","8","0","15","95","0"
"hazelcast","70d4de16ff0ac4518d09aad8c9f2ad9e782fb337","hazelcast-client/src/main/java/com/hazelcast/client/ClientExtension.java","1","0","8","0","16","83","1"
"netty","fd9ca8bbb3bb5478aee79e633374abfbc9b6d6c3","resolver/src/main/java/io/netty/resolver/NameResolver.java","1","0","8","0","16","91","1"
"hazelcast","d568e4d926d925d57d4e79e34614390416749301","hazelcast-client/src/main/java/com/hazelcast/client/ClientExtension.java","1","0","8","0","17","84","0"
"netty","39b57b889cf77f38b25f45bd38fad58d22a4bb73","transport/src/main/java/io/netty/channel/group/ChannelGroup.java","1","0","8","0","21","159","1"
"BroadleafCommerce","92da893577ed005d3f422142164bcbd88b85bd61","core/broadleaf-framework/src/main/java/org/broadleafcommerce/core/search/service/SearchService.java","1","0","8","0","22","117","1"
"elasticsearch","a077f4a933b16b4b255ac46b1912eee9602b00c6","core/src/main/java/org/elasticsearch/action/admin/cluster/snapshots/get/GetSnapshotsRequestBuilder.java","1","0","8","0","32","100","0"
"netty","1603d9792dd972cdc6bd1b83a4e890cbe103c797","transport/src/main/java/io/netty/channel/ChannelStateHandlerAdapter.java","1","0","8","0","33","106","0"
"junit","2e460f845c4198a0d12c010b3e478be61f480bcd","src/main/java/org/junit/runner/Result.java","1","0","8","0","63","106","0"
"junit","99c4e59a2c01c215c9c1fe26a5b1a80f429d8ba1","src/main/java/org/junit/runner/Result.java","1","0","8","0","63","107","1"
"BroadleafCommerce","a6dd9447d4b3fdaadc73b44cb0e05a1b343e64f7","core/broadleaf-framework/src/main/java/org/broadleafcommerce/core/catalog/dao/SkuDao.java","1","0","8","1","14","104","0"
"BroadleafCommerce","9a2399ccabc71c63572c786cacfa9d17404bf0db","core/broadleaf-framework/src/main/java/org/broadleafcommerce/core/search/domain/IndexField.java","1","0","8","1","14","82","0"
"BroadleafCommerce","a600ac52945a7ee2f172cbdfdf466a6e37d63fc2","core/broadleaf-framework/src/main/java/org/broadleafcommerce/core/search/domain/IndexField.java","1","0","8","1","14","82","0"
"BroadleafCommerce","e949b136c500559ba4612d339d5abac7febc5819","core/broadleaf-framework/src/main/java/org/broadleafcommerce/core/search/domain/IndexField.java","1","0","8","1","14","82","0"
"BroadleafCommerce","67ffb9c79534286cb9b05a3c32b2eefb3a336600","core/broadleaf-framework/src/main/java/org/broadleafcommerce/core/search/domain/IndexField.java","1","0","8","1","14","82","1"
"hazelcast","00cb4cd5f8f59d49dfb5376e2ce013ff0918dd8f","hazelcast-client/src/main/java/com/hazelcast/client/connection/ClientConnectionManager.java","1","0","8","1","17","81","1"
"elasticsearch","65f90b25e0e2306ed53cad6c01e07875a0000a6c","core/src/main/java/org/elasticsearch/indices/recovery/RecoveryTargetHandler.java","1","0","8","1","22","86","1"
"hazelcast","4653486efe9e76439d1f23021ab16bc287ac9bfa","hazelcast/src/main/java/com/hazelcast/core/DistributedObjectEvent.java","1","0","8","1","37","110","2"
"hazelcast","565257f977407eb3a0199d082860209c2958f5f9","hazelcast/src/main/java/com/hazelcast/core/EntryEvent.java","1","0","8","1","47","141","1"
"hazelcast","564167c1f93b32ce742411106e9ae67eae88a801","hazelcast/src/main/java/com/hazelcast/core/EntryEvent.java","1","0","8","1","48","143","0"
"BroadleafCommerce","a943eeae9ff5398e1779755ad265d6e1eb0e094c","common/src/main/java/org/broadleafcommerce/common/payment/service/PaymentGatewayConfigurationService.java","1","0","8","10","21","138","0"
"hazelcast","93fd800d6c6f6781ef95536bba7e2b200fe9678d","hazelcast/src/main/java/com/hazelcast/client/ClientEndpoint.java","1","0","8","11","32","111","2"
"hazelcast","b0a815f459c18eed67fcd6e4bf122bad043ef8a5","hazelcast/src/main/java/com/hazelcast/client/ClientEndpoint.java","1","0","8","11","32","111","1"
"hazelcast","da8888f97af74b4590dfc1dce3d0bdeb44654000","hazelcast/src/main/java/com/hazelcast/client/ClientEndpoint.java","1","0","8","11","32","111","0"
"hazelcast","3571a6db8a917f909cb1ee4a240e50193743ee27","hazelcast/src/main/java/com/hazelcast/client/ClientEndpoint.java","1","0","8","12","30","104","0"
"hazelcast","27d49efcee88ee428254cf38353e8698ea127c45","hazelcast/src/main/java/com/hazelcast/client/ClientEndpoint.java","1","0","8","12","32","111","2"
"antlr4","7525bb6e1dd6d8f68796789dc5f48a6108e7fef6","tool/test/org/antlr/v4/test/TestSemPredEvalParser.java","1","0","8","12","374","518","1"
"hazelcast","49e2dfb6fb01762443b85a42c138d20c458e5a92","hazelcast/src/main/java/com/hazelcast/client/ClientEndpoint.java","1","0","8","13","30","105","1"
"hazelcast","71768d3b6d5aed37f0211853a15e10dc87c776c9","hazelcast/src/main/java/com/hazelcast/client/ClientEndpoint.java","1","0","8","13","30","105","1"
"hazelcast","ae877df50978fcfb112d6d0cab2c78f80d1ee770","hazelcast/src/main/java/com/hazelcast/client/ClientEndpoint.java","1","0","8","13","30","105","1"
"hazelcast","d65de8708631978b87d39db7c947a073e0963228","hazelcast/src/main/java/com/hazelcast/client/ClientEndpoint.java","1","0","8","13","30","105","2"
"hazelcast","264b730b6e10ae9df6f5d8727209ca007160236f","hazelcast/src/main/java/com/hazelcast/client/ClientEndpoint.java","1","0","8","13","30","105","0"
"antlr4","507f331bd08bc01c213822508d18bbc4ba769db4","tool/test/org/antlr/v4/test/TestSemPredEvalParser.java","1","0","8","14","419","552","1"
"hazelcast","c079ef58b967039c9aff13690b4ed490c66e43c4","hazelcast-client/src/main/java/com/hazelcast/client/connection/ClientConnectionManager.java","1","0","8","2","18","83","2"
"hazelcast","51d7586e9767ff8edcdf5502bcfe3e51cd5de62b","hazelcast-client-new/src/main/java/com/hazelcast/client/connection/ClientConnectionManager.java","1","0","8","2","18","88","0"
"hazelcast","93fd800d6c6f6781ef95536bba7e2b200fe9678d","hazelcast-client/src/main/java/com/hazelcast/client/connection/ClientConnectionManager.java","1","0","8","2","20","85","2"
"hazelcast","77334b34c7786f523fab26a8c7515ef89e886ae3","hazelcast-client/src/main/java/com/hazelcast/client/connection/ClientConnectionManager.java","1","0","8","2","20","86","0"
"BroadleafCommerce","77879457fa96cb9ce4384309d6bea14163b2de5b","core/broadleaf-framework/src/main/java/org/broadleafcommerce/core/search/service/solr/index/SolrIndexServiceExtensionHandler.java","1","0","8","2","26","126","1"
"BroadleafCommerce","64ee9c754b4adff1e55416fdd70d45b35f42d991","core/broadleaf-framework/src/main/java/org/broadleafcommerce/core/search/service/solr/index/SolrIndexServiceExtensionHandler.java","1","0","8","2","27","127","0"
"BroadleafCommerce","fc96cd617dc6f16a02dfe01f95486da731a6cd13","core/broadleaf-framework/src/main/java/org/broadleafcommerce/core/catalog/domain/CategoryProductXref.java","1","0","8","3","16","100","0"
"hazelcast","3c9ef00381594290d29566fe2dabeb179e1c5529","hazelcast/src/main/java/com/hazelcast/wan/WanReplicationService.java","1","0","8","3","19","92","1"
"elasticsearch","3aed047bdedde1bda189cbfc2f81e65af42e57c5","core/src/main/java/org/elasticsearch/index/query/QueryRewriteContext.java","1","0","8","3","69","128","0"
"orientdb","da896b0990e83c577baf91886166980d0994e44b","core/src/main/java/com/orientechnologies/orient/core/storage/cache/OWriteCache.java","1","0","8","30","50","168","0"
"elasticsearch","3e0532a0c549c1ffb52f34307e24b2662819b75d","core/src/main/java/org/elasticsearch/common/xcontent/XContentParser.java","1","0","8","32","110","254","1"
"orientdb","9bdd162585b56e86b180227805d33351ec66fcfa","core/src/main/java/com/orientechnologies/orient/core/storage/cache/OWriteCache.java","1","0","8","32","53","179","1"
"elasticsearch","267afe866f91fa7ad500aaf9c91d3dec769043e4","core/src/main/java/org/elasticsearch/common/xcontent/XContentParser.java","1","0","8","33","111","256","0"
"orientdb","2767a54ee6308493e6a69b4b2951d8d2252bfd6b","core/src/main/java/com/orientechnologies/orient/core/storage/OCluster.java","1","0","8","35","52","170","0"
"orientdb","2ee3b61558840a5368bca7909740f1b6b1cce1b3","core/src/main/java/com/orientechnologies/orient/core/storage/fs/OFile.java","1","0","8","41","54","176","1"
"BroadleafCommerce","14d2bad074311e7279f59a64b76e4670ee10de6e","core/broadleaf-profile/src/main/java/org/broadleafcommerce/profile/core/dao/CustomerDao.java","1","0","8","5","18","104","0"
"netty","58b968b6036dc194dce5a3e70d05d493b2fb6b58","transport/src/main/java/io/netty/channel/socket/ServerSocketChannelConfig.java","1","0","8","5","25","101","0"
"netty","1f27c3b39060e544b4d3aaf05b700dd5c433a0cd","transport/src/main/java/io/netty/channel/socket/ServerSocketChannelConfig.java","1","0","8","6","27","104","0"
"netty","9d4fae308c09a2c759dc67db765d311154c8d977","transport/src/main/java/io/netty/channel/socket/ServerSocketChannelConfig.java","1","0","8","7","31","109","1"
"netty","23d017849429c18e1890b0a5799e5262df4f269f","common/src/main/java/io/netty/util/concurrent/EventExecutorGroup.java","1","0","8","7","34","104","0"
"BroadleafCommerce","c5097fa914c5e97733a30f336d41017ef2498331","core/broadleaf-framework/src/main/java/org/broadleafcommerce/core/order/service/FulfillmentGroupService.java","1","0","8","9","29","133","1"
"netty","39b57b889cf77f38b25f45bd38fad58d22a4bb73","transport/src/main/java/io/netty/channel/group/ChannelGroupFuture.java","1","0","8","9","37","186","1"
"BroadleafCommerce","3b29d723772a4fbd4e1f682b754f3a7baad56cef","core/broadleaf-framework/src/main/java/org/broadleafcommerce/core/catalog/domain/Product.java","1","0","81","2","102","787","0"
"BroadleafCommerce","b5f116ae0dcfab45ff865c4bb5f96594868e1d38","core/broadleaf-framework/src/main/java/org/broadleafcommerce/core/catalog/domain/Product.java","1","0","83","2","105","802","0"
"orientdb","76ffdc9fe1e541460329297a955e8494c36be8f5","core/src/main/java/com/orientechnologies/orient/core/db/ODatabase.java","1","0","84","13","137","873","1"
"BroadleafCommerce","72576fdfe516d7fcad266362c0160430c3ff2a75","core/broadleaf-framework/src/main/java/org/broadleafcommerce/core/catalog/domain/Sku.java","1","0","85","0","117","700","1"
"orientdb","c1f0f046093d166b58193818b359c73d4a50c228","core/src/main/java/com/orientechnologies/orient/core/db/ODatabase.java","1","0","85","13","140","896","0"
"hazelcast","158aa74e02ecaf3758f928ed2cb78bdc8b265e60","hazelcast/src/main/java/com/hazelcast/core/IMap.java","1","0","86","0","122","1917","1"
"hazelcast","a659332f75af63da1b89962057e75103c7684900","hazelcast/src/main/java/com/hazelcast/core/IMap.java","1","0","86","0","122","1917","1"
"hazelcast","0eb5a90ed468b6aa285f1711a5d699c9ffb33960","hazelcast/src/main/java/com/hazelcast/core/IMap.java","1","0","86","0","122","1917","0"
"hazelcast","bb191591cdeb8b497f96a7929c5336a854eaa1ca","hazelcast/src/main/java/com/hazelcast/core/IMap.java","1","0","86","0","122","1945","0"
"orientdb","1a8d4d6d1b489ef24d1343a420d687ef4934f214","core/src/main/java/com/orientechnologies/orient/core/db/ODatabase.java","1","0","86","14","147","913","1"
"orientdb","58a69086d40df6f8f824b069d343eda7852df1be","core/src/main/java/com/orientechnologies/orient/core/db/ODatabase.java","1","0","87","14","148","830","0"
"BroadleafCommerce","cd4dba4517e56b14042e5ed1567e933ca3904efd","core/broadleaf-framework/src/main/java/org/broadleafcommerce/core/catalog/domain/Sku.java","1","0","89","0","124","731","0"
"netty","1603d9792dd972cdc6bd1b83a4e890cbe103c797","transport/src/main/java/io/netty/channel/ChannelStateHandler.java","1","0","9","0","11","69","0"
"BroadleafCommerce","082ec1011974dff9892bc33f90607bc7f2fa7aca","core/broadleaf-framework/src/main/java/org/broadleafcommerce/core/order/domain/OrderLock.java","1","0","9","0","12","77","0"
"BroadleafCommerce","67ffb9c79534286cb9b05a3c32b2eefb3a336600","core/broadleaf-framework/src/main/java/org/broadleafcommerce/core/offer/domain/OfferTier.java","1","0","9","0","12","83","1"
"BroadleafCommerce","a2f2dc1c34ba2468a606704c07bde5e5256efe02","core/broadleaf-framework/src/main/java/org/broadleafcommerce/core/offer/domain/OfferTier.java","1","0","9","0","12","83","2"
"BroadleafCommerce","a600ac52945a7ee2f172cbdfdf466a6e37d63fc2","core/broadleaf-framework/src/main/java/org/broadleafcommerce/core/offer/domain/OfferTier.java","1","0","9","0","12","83","0"
"hazelcast","a7693e73119b42a3f46bee85e07a7a3cb723c531","hazelcast/src/main/java/com/hazelcast/map/impl/querycache/QueryCacheEventService.java","1","0","9","0","14","114","0"
"BroadleafCommerce","9a2399ccabc71c63572c786cacfa9d17404bf0db","core/broadleaf-framework/src/main/java/org/broadleafcommerce/core/offer/domain/AdvancedOfferPromotionMessageXref.java","1","0","9","0","14","78","0"
"BroadleafCommerce","9a2399ccabc71c63572c786cacfa9d17404bf0db","core/broadleaf-framework/src/main/java/org/broadleafcommerce/core/offer/domain/OfferTier.java","1","0","9","0","14","86","0"
"BroadleafCommerce","e949b136c500559ba4612d339d5abac7febc5819","core/broadleaf-framework/src/main/java/org/broadleafcommerce/core/offer/domain/OfferTier.java","1","0","9","0","14","86","0"
"BroadleafCommerce","65e73bebcc311646d9d62110b258a16f37da5ac4","core/broadleaf-framework/src/main/java/org/broadleafcommerce/core/offer/domain/OfferTier.java","1","0","9","0","14","86","1"
"elasticsearch","c0b71d26cfd31641966e597dc3a78c1494d1382d","core/src/main/java/org/elasticsearch/common/blobstore/BlobContainer.java","1","0","9","0","15","119","1"
"netty","2adebc4c54ae98565db8e2a3c02b2ffaa0c101fe","transport/src/main/java/io/netty/channel/ChannelConfig.java","1","0","9","0","15","140","1"
"netty","2fd42cfc6b32dacb812c6f2ecef8522cd94718d4","codec-http2/src/main/java/io/netty/handler/codec/http2/Http2HeadersDecoder.java","1","0","9","0","15","81","0"
"Android-Universal-Image-Loader","56f4df896682733c9979b348e46ba77494851304","library/src/com/nostra13/universalimageloader/core/imageaware/ImageAware.java","1","0","9","0","15","89","0"
"hazelcast","27d49efcee88ee428254cf38353e8698ea127c45","hazelcast/src/main/java/com/hazelcast/client/ClientEndpointManager.java","1","0","9","0","16","107","1"
"BroadleafCommerce","cd4dba4517e56b14042e5ed1567e933ca3904efd","core/broadleaf-framework/src/main/java/org/broadleafcommerce/core/inventory/service/InventoryService.java","1","0","9","0","17","169","0"
"elasticsearch","c9aca9c6ded5c955c67ef26fc2e1f8297d4fba97","modules/elasticsearch/src/main/java/org/elasticsearch/cluster/ClusterService.java","1","0","9","0","17","77","1"
"hazelcast","2921cff694583b8638dae2991f427e61d5440a9d","hazelcast/src/main/java/com/hazelcast/instance/HazelcastProperty.java","1","0","9","0","17","90","0"
"netty","5ffb495746e55c440273ec7cc4741ab28e1f9017","transport/src/main/java/io/netty/channel/socket/SctpChannel.java","1","0","9","0","20","91","0"
"neo4j","b070962e9b00726d50df951106225fa252b7efeb","community/kernel/src/main/java/org/neo4j/kernel/api/ProcedureCallOperations.java","1","0","9","0","21","107","0"
"elasticsearch","fed2a1a8225996f9dbad2ebd5cd3f8c4242f87a8","modules/lang-painless/src/main/java/org/elasticsearch/painless/CompilerSettings.java","1","0","9","0","37","138","0"
"elasticsearch","97c4cd4812f6511c038b359edc56394e996d6d3b","modules/lang-painless/src/main/java/org/elasticsearch/painless/CompilerSettings.java","1","0","9","0","37","140","0"
"netty","5ffb495746e55c440273ec7cc4741ab28e1f9017","codec-http/src/main/java/io/netty/handler/codec/http/websocketx/WebSocketClientHandshaker.java","1","0","9","0","49","137","0"
"elasticsearch","8bdfd21b70568a39ebf5232e8c395f5206a7a63f","src/main/java/org/elasticsearch/common/HasContext.java","1","0","9","1","14","83","0"
"hazelcast","27d49efcee88ee428254cf38353e8698ea127c45","hazelcast-client/src/main/java/com/hazelcast/client/connection/ClientConnectionManager.java","1","0","9","1","18","94","2"
"hazelcast","864cc31ab01bc8111ef11270cb3f6f2352d30a5f","hazelcast/src/main/java/com/hazelcast/client/impl/protocol/template/RingbufferCodecTemplate.java","1","0","9","1","28","132","1"
"hazelcast","b54c76aa3cd08401ba13e516ba86bd1481a58749","hazelcast/src/main/java/com/hazelcast/client/impl/protocol/template/RingbufferCodecTemplate.java","1","0","9","1","28","134","0"
"BroadleafCommerce","58d8258a56593bc913efa9aa60d0ca5f8f173bd8","core/broadleaf-framework/src/main/java/org/broadleafcommerce/core/offer/service/OfferServiceExtensionHandler.java","1","0","9","1","30","129","0"
"netty","d2032254b7b29aca620223c672ffa244171898b5","transport-sctp/src/main/java/io/netty/channel/sctp/SctpServerChannelConfig.java","1","0","9","10","36","125","0"
"netty","d2032254b7b29aca620223c672ffa244171898b5","transport-sctp/src/main/java/io/netty/channel/sctp/SctpChannelConfig.java","1","0","9","10","36","130","0"
"netty","9d4fae308c09a2c759dc67db765d311154c8d977","transport-sctp/src/main/java/io/netty/channel/sctp/SctpServerChannelConfig.java","1","0","9","10","38","127","1"
"netty","9d4fae308c09a2c759dc67db765d311154c8d977","transport-sctp/src/main/java/io/netty/channel/sctp/SctpChannelConfig.java","1","0","9","10","38","132","1"
"BroadleafCommerce","28c29c993d37f222bc59daf04799764a6d2b199b","admin/broadleaf-open-admin-platform/src/main/java/org/broadleafcommerce/openadmin/web/form/component/ListGridAction.java","1","0","9","10","81","175","1"
"antlr4","d0620a65f5b147a91ae408d62818f1f5dc3aca4b","runtime-testsuite/test/org/antlr/v4/test/runtime/descriptors/LeftRecursionDescriptors.java","1","0","9","108","549","1140","1"
"netty","3e5dcb5f3efbb26d5e6cf4cd229b03c285d62462","transport-sctp/src/main/java/io/netty/channel/sctp/SctpServerChannelConfig.java","1","0","9","11","43","133","0"
"netty","3e5dcb5f3efbb26d5e6cf4cd229b03c285d62462","transport-sctp/src/main/java/io/netty/channel/sctp/SctpChannelConfig.java","1","0","9","11","43","138","0"
"hazelcast","11e77aa8ef9f1ba50a9ba8cc015da897bca676f4","hazelcast/src/main/java/com/hazelcast/client/ClientEndpoint.java","1","0","9","12","33","117","2"
"hazelcast","324c12ca123c52820e6a271c2095649a57a9844f","hazelcast/src/main/java/com/hazelcast/client/ClientEndpoint.java","1","0","9","12","34","118","2"
"netty","63a02fc04e6ce45aee38b0437ae0279880e5fe40","codec-dns/src/main/java/io/netty/handler/codec/dns/DnsResponse.java","1","0","9","13","37","114","0"
"BroadleafCommerce","871a21059363c745a87780bbc75dc3b4a3492f92","admin/broadleaf-open-admin-platform/src/main/java/org/broadleafcommerce/openadmin/server/security/service/AdminSecurityService.java","1","0","9","17","38","124","2"
"BroadleafCommerce","f7135e6ef676ab5135dfbc7573f38ad38f86c298","admin/broadleaf-open-admin-platform/src/main/java/org/broadleafcommerce/openadmin/server/security/service/AdminSecurityService.java","1","0","9","17","39","130","0"
"netty","81e2db10faaf0389f4e1af8c7132210946203157","transport/src/main/java/io/netty/channel/ChannelConfig.java","1","0","9","2","18","144","0"
"hazelcast","4653486efe9e76439d1f23021ab16bc287ac9bfa","hazelcast-client-legacy/src/main/java/com/hazelcast/client/connection/ClientConnectionManager.java","1","0","9","2","19","95","0"
"hazelcast","da8888f97af74b4590dfc1dce3d0bdeb44654000","hazelcast-client/src/main/java/com/hazelcast/client/connection/ClientConnectionManager.java","1","0","9","2","21","98","0"
"elasticsearch","fab44398d9d48f12319bc018d4b436f723b6508e","core/src/main/java/org/elasticsearch/action/admin/indices/analyze/AnalyzeRequestBuilder.java","1","0","9","2","43","105","0"
"elasticsearch","6174e21f47244b6d5153d7d0cc1fe28fe863399d","core/src/main/java/org/elasticsearch/index/query/QueryRewriteContext.java","1","0","9","2","61","120","1"
"neo4j","4d3b5cd40762b26828c47787e6547cc1ea90238b","community/kernel/src/main/java/org/neo4j/storageengine/api/txstate/ReadableTransactionState.java","1","0","9","29","60","156","0"
"netty","58b968b6036dc194dce5a3e70d05d493b2fb6b58","transport-sctp/src/main/java/io/netty/channel/sctp/SctpServerChannelConfig.java","1","0","9","5","25","109","0"
"netty","58b968b6036dc194dce5a3e70d05d493b2fb6b58","transport-sctp/src/main/java/io/netty/channel/sctp/SctpChannelConfig.java","1","0","9","5","25","114","0"
"netty","1f27c3b39060e544b4d3aaf05b700dd5c433a0cd","transport-sctp/src/main/java/io/netty/channel/sctp/SctpServerChannelConfig.java","1","0","9","6","27","112","0"
"netty","1f27c3b39060e544b4d3aaf05b700dd5c433a0cd","transport-sctp/src/main/java/io/netty/channel/sctp/SctpChannelConfig.java","1","0","9","6","27","117","0"
"netty","77b4ec7e1bc0b8c6111728cc074226dd9cfe1b73","transport-sctp/src/main/java/io/netty/channel/sctp/SctpServerChannelConfig.java","1","0","9","9","34","122","1"
"netty","77b4ec7e1bc0b8c6111728cc074226dd9cfe1b73","transport-sctp/src/main/java/io/netty/channel/sctp/SctpChannelConfig.java","1","0","9","9","34","127","1"
"netty","ba6ce5449ee852b782dde9a11933f6a09b123e22","codec/src/main/java/io/netty/handler/codec/Headers.java","1","0","92","2","101","991","0"
"elasticsearch","78574d248cf10dad1c5a566fda79e1e0c94afe43","core/src/main/java/org/elasticsearch/client/ClusterAdminClient.java","1","0","94","1","190","659","1"
"elasticsearch","e6aaaf11ed4a1b8f595f920de1840938eddb7a97","core/src/main/java/org/elasticsearch/client/ClusterAdminClient.java","1","0","94","1","190","659","1"
"elasticsearch","a60b8948ba1d836a6eac7cff095519e618939ed8","core/src/main/java/org/elasticsearch/client/ClusterAdminClient.java","1","0","94","1","190","659","0"
"netty","e6ca9882a107c34cf6358c8d7a68561025f06016","codec/src/main/java/io/netty/handler/codec/Headers.java","1","0","94","21","124","1010","1"
"elasticsearch","371c73e14023917f3892090d2d3d7ff9ac1216b9","core/src/main/java/org/elasticsearch/client/IndicesAdminClient.java","1","0","99","0","199","804","3"
"elasticsearch","78574d248cf10dad1c5a566fda79e1e0c94afe43","core/src/main/java/org/elasticsearch/client/IndicesAdminClient.java","1","0","99","0","199","804","2"
"elasticsearch","e6aaaf11ed4a1b8f595f920de1840938eddb7a97","core/src/main/java/org/elasticsearch/client/IndicesAdminClient.java","1","0","99","0","199","804","2"
"elasticsearch","a60b8948ba1d836a6eac7cff095519e618939ed8","core/src/main/java/org/elasticsearch/client/IndicesAdminClient.java","1","0","99","0","199","804","0"
"neo4j","5f59285fe3d907abdbf01a92fcd1020403d63f77","community/kernel/src/main/java/org/neo4j/kernel/impl/api/TwoPhaseNodeForRelationshipLocking.java","10","0","0","0","100","134","0"
"neo4j","3685211d607b03e770ab816cec8e4a586392751f","community/kernel/src/main/java/org/neo4j/kernel/impl/api/TwoPhaseNodeForRelationshipLocking.java","10","0","0","0","101","135","0"
"neo4j","0aa66c5acd804a93f5700ddb017c092743aa03d0","community/bolt/src/main/java/org/neo4j/bolt/v1/runtime/concurrent/RunnableBoltWorker.java","10","0","0","0","104","150","1"
"elasticsearch","a3ade99fcf9d95a8e9c40388d283b69a379f0377","core/src/main/java/org/elasticsearch/common/bytes/BytesReferenceStreamInput.java","10","0","0","0","106","145","0"
"elasticsearch","cb5c25ab4fb78c0da392726566ee3d74924454c5","core/src/main/java/org/elasticsearch/common/bytes/BytesReferenceStreamInput.java","10","0","0","0","106","145","0"
"elasticsearch","98c91a3bd09cad75bf1a05ddca493dcf3533691d","core/src/main/java/org/elasticsearch/common/bytes/BytesReferenceStreamInput.java","10","0","0","0","106","145","1"
"elasticsearch","c1ee65f9901c92a6239dab7955a72d35723d0b0c","plugins/repository-gcs/src/main/java/org/elasticsearch/repositories/gcs/GoogleCloudStorageRepository.java","10","0","0","0","106","154","2"
"elasticsearch","71f58e6f26927a227b256c7719d67c887a947d99","plugins/repository-gcs/src/main/java/org/elasticsearch/repositories/gcs/GoogleCloudStorageRepository.java","10","0","0","0","109","157","0"
"hazelcast","2d63cfceff92bc363fc09a3a01582d4667ccd44e","hazelcast/src/main/java/com/hazelcast/map/impl/MapSplitBrainHandlerService.java","10","0","0","0","110","134","0"
"hazelcast","39af1b08a7ad20506405dfc7dcba4f43ff8d724b","hazelcast/src/main/java/com/hazelcast/map/impl/MapSplitBrainHandlerService.java","10","0","0","0","111","152","1"
"elasticsearch","f8019926b3ee944bf39cdd3c9d5140726c346322","modules/ingest-grok/src/main/java/org/elasticsearch/ingest/grok/Grok.java","10","0","0","0","113","159","1"
"elasticsearch","3f06d9f3b8516bb30a2890a36c2973f08f9c6076","modules/lang-painless/src/main/java/org/elasticsearch/painless/Writer.java","10","0","0","0","118","189","0"
"hazelcast","8f11ec8d3a02711dfbf1e3cd39be0bc2b01fc078","hazelcast/src/main/java/com/hazelcast/map/impl/MapSplitBrainHandlerService.java","10","0","0","0","119","163","1"
"elasticsearch","cde83e363aac2195c2dc0f81bbe348bcfe8b4152","modules/lang-painless/src/main/java/org/elasticsearch/painless/Writer.java","10","0","0","0","119","190","1"
"hazelcast","bb3ea0e107980d769862cdbda748cc91529d67b5","hazelcast-client/src/main/java/com/hazelcast/client/txn/TransactionContextProxy.java","10","0","0","0","121","157","0"
"hazelcast","2043fef6ab40ea0b1d71b5e0a8feb4fd0024a4bf","hazelcast/src/main/java/com/hazelcast/map/impl/MapSplitBrainHandlerService.java","10","0","0","0","123","169","0"
"hazelcast","bb3ea0e107980d769862cdbda748cc91529d67b5","hazelcast-client/src/main/java/com/hazelcast/client/txn/proxy/xa/XATransactionContextProxy.java","10","0","0","0","126","163","0"
"elasticsearch","25fd9e26c4fb042d6f6dea14efcd239577bdbbc4","core/src/main/java/org/elasticsearch/action/bulk/BulkRequestHandler.java","10","0","0","0","127","169","0"
"hazelcast","7f912866a364533fd6a47f741c65ce0f87339120","hazelcast-client/src/test/java/com/hazelcast/client/queue/ClientDisruptionTest.java","10","0","0","0","128","163","0"
"hazelcast","2df063d441d3830ee797541830899e3248a8590e","hazelcast/src/main/java/com/hazelcast/partition/impl/PromoteFromBackupOperation.java","10","0","0","0","130","176","0"
"hazelcast","db4fb00ba52360f0ec10bf3e6a6d7bc92767daf6","hazelcast/src/main/java/com/hazelcast/internal/partition/operation/BaseMigrationOperation.java","10","0","0","0","133","176","1"
"hazelcast","d32b58c8344e3ee868d1a84efc3e15aa77ae82f3","hazelcast/src/main/java/com/hazelcast/transaction/impl/TransactionContextImpl.java","10","0","0","0","135","181","2"
"netty","20ef4690e74a7a5007468815f070a6c1f5074d0d","transport-native-epoll/src/main/java/io/netty/channel/epoll/AbstractEpollChannel.java","10","0","0","0","143","208","0"
"neo4j","21dc057a8a68245281a22d7bdb8da5ae2103f057","enterprise/core-edge/src/main/java/org/neo4j/coreedge/raft/log/segmented/RecoveryProtocol.java","10","0","0","0","148","199","0"
"neo4j","886dbb454deaae6adcb4ff26e76f6e225eedca55","enterprise/core-edge/src/main/java/org/neo4j/coreedge/raft/log/segmented/RecoveryProtocol.java","10","0","0","0","148","199","0"
"neo4j","9a371bafe80ceb4e6cdc8502fbd22f9f8ec3d59d","enterprise/core-edge/src/main/java/org/neo4j/coreedge/raft/log/segmented/RecoveryProtocol.java","10","0","0","0","148","199","1"
"hazelcast","70d4de16ff0ac4518d09aad8c9f2ad9e782fb337","hazelcast/src/main/java/com/hazelcast/map/impl/recordstore/AbstractRecordStore.java","10","0","0","0","161","212","1"
"hazelcast","2e50f1d304a3f30908d44351fb36b6b23a983741","hazelcast/src/main/java/com/hazelcast/queue/impl/proxy/QueueProxySupport.java","10","0","0","0","171","216","0"
"hazelcast","bb145ca7f5db144e21063646b1f2a610bbb05eb5","hazelcast-client/src/main/java/com/hazelcast/client/connection/nio/ClientConnection.java","10","0","0","0","198","261","2"
"netty","3d6d9f394d763aaed47fdd0c86023afebe3c5a9f","buffer/src/main/java/io/netty/buffer/PooledDirectByteBuf.java","10","0","0","0","219","271","1"
"orientdb","1e118bb70cd79f6c0a9146563e487a477ec555e0","graphdb/src/main/java/com/tinkerpop/blueprints/impls/orient/OrientElementIterator.java","10","0","0","0","47","89","0"
"elasticsearch","b88cfe200844beac710fba69bcd2a95ae728bc8b","distribution/tools/java-version-checker/src/main/java/org/elasticsearch/tools/JavaVersionChecker.java","10","0","0","0","49","89","1"
"elasticsearch","39ecda1dadabbdeba7a306b4e7661b7cb95ff0ea","core/src/main/java/org/elasticsearch/bootstrap/ESPolicy.java","10","0","0","0","49","96","0"
"elasticsearch","85ce81c34e7749c4f42f5f663c0d4a98aa746f9c","core/src/main/java/org/elasticsearch/bootstrap/ESPolicy.java","10","0","0","0","52","96","1"
"hazelcast","5387994dc22a81aea7e60736ccdba8689afc6d47","hazelcast-client/src/test/java/com/hazelcast/client/map/MapPreconditionsTest.java","10","0","0","0","535","658","0"
"elasticsearch","ad4dbbf1a61680da70f22f7f5d6f0566d273829a","distribution/tools/java-version-checker/src/main/java/org/elasticsearch/tools/JavaVersionChecker.java","10","0","0","0","59","100","0"
"hazelcast","5ec4f40614d7e8a0cb526bc2ae604d4d5958ffa6","hazelcast/src/main/java/com/hazelcast/mapreduce/impl/task/ReducerTaskScheduler.java","10","0","0","0","59","104","0"
"elasticsearch","7f0134e7253f29b9759c5f9a5c376f521502b107","core/src/main/java/org/elasticsearch/action/ingest/SimulateExecutionService.java","10","0","0","0","71","100","1"
"netty","b2e77beb4603d9df613f23ff02f74944edc94f1f","codec-http/src/main/java/io/netty/handler/codec/http/HttpPostBodyUtil.java","10","0","0","0","72","182","1"
"elasticsearch","3cb307462dba82409bd549b3c25f581b03d69244","core/src/main/java/org/elasticsearch/common/util/BigIntArray.java","10","0","0","0","73","112","2"
"elasticsearch","3d13c27fa0df12018f35f1b20987c90277e9b6f9","core/src/main/java/org/elasticsearch/common/util/BigIntArray.java","10","0","0","0","73","112","1"
"elasticsearch","2bd09c4625898d77aa6c015c6f82cf973ed18cb7","core/src/main/java/org/elasticsearch/common/util/BigIntArray.java","10","0","0","0","73","112","0"
"elasticsearch","3cb307462dba82409bd549b3c25f581b03d69244","core/src/main/java/org/elasticsearch/common/util/BigFloatArray.java","10","0","0","0","75","114","2"
"elasticsearch","3cb307462dba82409bd549b3c25f581b03d69244","core/src/main/java/org/elasticsearch/common/util/BigDoubleArray.java","10","0","0","0","75","114","2"
"elasticsearch","2bd09c4625898d77aa6c015c6f82cf973ed18cb7","core/src/main/java/org/elasticsearch/common/util/BigFloatArray.java","10","0","0","0","75","114","0"
"elasticsearch","1584c73e4a85037ce83744a384805f234b288548","src/main/java/org/elasticsearch/search/aggregations/bucket/terms/InternalOrder.java","10","0","0","0","76","118","1"
"elasticsearch","e024c67561c547b5194d00ea5e5f518a1a96fe63","core/src/main/java/org/elasticsearch/common/util/BigIntArray.java","10","0","0","0","77","119","0"
"elasticsearch","25fd9e26c4fb042d6f6dea14efcd239577bdbbc4","core/src/main/java/org/elasticsearch/action/ingest/SimulateProcessorResult.java","10","0","0","0","78","116","0"
"elasticsearch","e024c67561c547b5194d00ea5e5f518a1a96fe63","core/src/main/java/org/elasticsearch/common/util/BigFloatArray.java","10","0","0","0","79","121","0"
"elasticsearch","4a49f4d928d4dedbff0183890d23fa0e9b71b1dc","core/src/main/java/org/elasticsearch/percolator/MultiDocumentPercolatorIndex.java","10","0","0","0","81","123","1"
"hazelcast","2510ac6c3f371032d6aceabd20dac63be71957ee","hazelcast-client/src/main/java/com/hazelcast/client/spi/impl/ClientSmartInvocationServiceImpl.java","10","0","0","0","82","115","0"
"elasticsearch","5278cf0d5e1afa6cf6d0959e839c0ed2408908f8","core/src/main/java/org/elasticsearch/percolator/MultiDocumentPercolatorIndex.java","10","0","0","0","82","124","0"
"elasticsearch","25fd9e26c4fb042d6f6dea14efcd239577bdbbc4","core/src/main/java/org/elasticsearch/bootstrap/Natives.java","10","0","0","0","82","125","0"
"elasticsearch","56cc87b7ccd41040d8fafcaf2da3680d96d10839","core/src/main/java/org/elasticsearch/bootstrap/Natives.java","10","0","0","0","82","125","0"
"elasticsearch","e41eae9f059ea3fda8be50942b83c7cc0a20776c","core/src/main/java/org/elasticsearch/bootstrap/Natives.java","10","0","0","0","82","125","1"
"hazelcast","edc866a0ae1cdc48c425a110075c077c79b74b42","hazelcast-client/src/main/java/com/hazelcast/client/spi/impl/ClientSmartInvocationServiceImpl.java","10","0","0","0","83","116","0"
"ceylon-ide-eclipse","5b4c3eac8a7c12c0125a77343e602b4e73083595","plugins/com.redhat.ceylon.eclipse.ui/src/com/redhat/ceylon/eclipse/code/correct/RemoveAliasProposal.java","10","0","0","0","86","103","0"
"elasticsearch","0d3895533c004cf40d75226efd62ec833981741a","src/main/java/org/elasticsearch/action/admin/indices/validate/query/ShardValidateQueryRequest.java","10","0","0","0","88","132","0"
"elasticsearch","06bfe0550d66e16a26f0dec044f1bd1e3ca83425","src/main/java/org/elasticsearch/action/count/ShardCountRequest.java","10","0","0","0","88","133","0"
"neo4j","c8fe3617f9a1395c358849b0fb4474c62f945aa6","community/lucene-index/src/main/java/org/neo4j/index/impl/lucene/legacy/IndexReference.java","10","0","0","0","96","140","1"
"neo4j","a93c570faa774c1a40b635b6a3e6d8ccb61a99e8","community/lucene-index/src/main/java/org/neo4j/index/impl/lucene/IndexReference.java","10","0","0","0","97","141","1"
"neo4j","afd922ec650008ed0b70757bed1a61a745fe5cb1","community/kernel/src/main/java/org/neo4j/kernel/impl/api/TwoPhaseNodeForRelationshipLocking.java","10","0","0","0","98","132","0"
"hazelcast","2510ac6c3f371032d6aceabd20dac63be71957ee","hazelcast-client/src/main/java/com/hazelcast/client/spi/impl/ClientTransactionManagerServiceImpl.java","10","0","0","0","99","135","0"
"hazelcast","8d64dbcc8fb125d6092f339204db8e4ffc447f9e","hazelcast-client/src/main/java/com/hazelcast/client/spi/impl/ClientTransactionManagerServiceImpl.java","10","0","0","0","99","135","0"
"neo4j","b94896e4b75a06d8982d4c92bc8f62c5e206f0dc","community/kernel/src/main/java/org/neo4j/kernel/impl/api/TwoPhaseNodeForRelationshipLocking.java","10","0","0","0","99","135","1"
"mcMMO","c48ccae484ff8da16d6c2d318a19f7c441f65a01","src/main/java/com/gmail/nossr50/skills/excavation/Excavation.java","10","0","0","1","38","59","1"
"hazelcast","71087860a2df033762e4b3b20e2f720f264e8a72","hazelcast-wm/src/test/java/com/hazelcast/wm/test/TestServlet.java","10","0","0","1","44","73","1"
"mcMMO","93548317293e2c6c5195544b99d4ce7d900abea1","src/main/java/com/gmail/nossr50/skills/acrobatics/RollEventHandler.java","10","0","0","1","76","107","0"
"orientdb","040b05508933cf63ab4302ba24753d268640088c","core/src/main/java/com/orientechnologies/orient/core/index/OIndexManagerRemote.java","10","0","0","10","112","161","2"
"hazelcast","b7e4bd44082ec5831c70d9a416caa9bc6391dcea","hazelcast/src/main/java/com/hazelcast/map/impl/operation/PutAllOperation.java","10","0","0","10","126","175","0"
"hazelcast","e6a978edfbb0a95fdffed133018db532ec8bf422","hazelcast/src/main/java/com/hazelcast/map/impl/operation/PutAllOperation.java","10","0","0","10","147","187","1"
"neo4j","6b75a9235ea38e0c47caacd25cc919023c0c958b","community/lucene-index/src/main/java/org/neo4j/kernel/api/impl/schema/LuceneIndexAccessor.java","10","0","0","10","148","195","0"
"elasticsearch","2e5e45161ecbc7d10f66ffef64b8d10868969e01","core/src/test/java/org/elasticsearch/index/mapper/DocumentMapperMergeTests.java","10","0","0","10","230","293","0"
"elasticsearch","47c0e13a3b0f4c64e0fa36c5706c0260a777d68b","core/src/test/java/org/elasticsearch/action/support/replication/ReplicationResponseTests.java","10","0","0","10","233","362","0"
"neo4j","e5ea526b14ce752e94a5460b1c85bf4567d8f97d","community/kernel/src/test/java/org/neo4j/kernel/internal/StoreLockerTest.java","10","0","0","10","267","330","1"
"neo4j","c3a5cbf00866abb108bf34ce2e0680026fdd2025","community/kernel/src/test/java/org/neo4j/kernel/internal/StoreLockerTest.java","10","0","0","10","268","331","0"
"hazelcast","718bfcebf8809c975e362b23e4ffb5a13d6d2197","hazelcast/src/main/java/com/hazelcast/map/impl/EntryEventFilter.java","10","0","0","10","60","92","0"
"hazelcast","db0fda1438546ac7bd661383ce9bd5fe06e78940","hazelcast/src/main/java/com/hazelcast/query/PredicateBuilder.java","10","0","0","10","85","114","0"
"hazelcast","10773b4cd855bdfd84ea80d22b8ed3c977459444","hazelcast/src/main/java/com/hazelcast/multimap/impl/operations/MultiMapResponse.java","10","0","0","10","85","119","0"
"elasticsearch","fdf2bb93716c2a6f2b0d0785df386ecd414994c4","src/main/java/org/elasticsearch/search/aggregations/metrics/cardinality/InternalCardinality.java","10","0","0","10","97","136","0"
"elasticsearch","d8cd75544536a211fa5c66e190aa4313213f0308","src/main/java/org/elasticsearch/search/aggregations/metrics/cardinality/InternalCardinality.java","10","0","0","10","99","138","1"
"hazelcast","d38202141395360399c9cf97d4453adf5b1581e1","hazelcast-client-new/src/main/java/com/hazelcast/client/spi/impl/ClientListenerServiceImpl.java","10","0","0","11","132","172","1"
"hazelcast","f68ca8d3fc0960f5faace25206e7157a10616bbe","hazelcast-client/src/main/java/com/hazelcast/client/spi/impl/ClientListenerServiceImpl.java","10","0","0","11","137","157","0"
"hazelcast","99f2dd5d8710f0276d0b105ba5c0f19674b6ccdf","hazelcast-client/src/main/java/com/hazelcast/client/spi/impl/ClientListenerServiceImpl.java","10","0","0","11","142","163","1"
"hazelcast","b4f94a00cf1628aa0437ded2c556bae9608f74c6","hazelcast-client/src/main/java/com/hazelcast/client/spi/impl/ClientListenerServiceImpl.java","10","0","0","11","143","165","0"
"netty","2adebc4c54ae98565db8e2a3c02b2ffaa0c101fe","handler/src/main/java/io/netty/handler/logging/ByteLoggingHandler.java","10","0","0","11","147","192","1"
"hazelcast","59cb2e8ff78643aed3594a8f5ba7b41d8eeb5759","hazelcast/src/test/java/com/hazelcast/map/InterceptorTest.java","10","0","0","11","148","192","2"
"neo4j","7643273606f6449b703ac8c3692747b7a2171a07","community/csv/src/test/java/org/neo4j/csv/reader/ExtractorsTest.java","10","0","0","11","151","234","1"
"hazelcast","2c5a20e99039142cf4293982bbd5b53f958e6fb9","hazelcast/src/main/java/com/hazelcast/map/impl/operation/PutAllOperation.java","10","0","0","11","154","196","0"
"elasticsearch","972c1cc398a0058477ba6dfb22143b805ab5c8b3","core/src/test/java/org/elasticsearch/action/support/replication/BroadcastReplicationTests.java","10","0","0","11","185","230","2"
"elasticsearch","1959275622ca35997420213d979a1724944aa4f6","src/test/java/org/elasticsearch/search/simple/SimpleSearchTests.java","10","0","0","11","196","263","1"
"hazelcast","bf208ca94f476ff6133813fcce92ac4e78302ca0","hazelcast/src/main/java/com/hazelcast/map/impl/EntryEventFilter.java","10","0","0","11","67","100","0"
"BroadleafCommerce","15e70fe6b89d008dd88b5e98dbfc66a720db68bb","core/broadleaf-framework/src/main/java/org/broadleafcommerce/core/catalog/domain/CategoryXrefImpl.java","10","0","0","11","97","140","0"
"hazelcast","facc7ce537ff0e3778b982b96cb35b5eab8e4163","hazelcast-client/src/main/java/com/hazelcast/client/spi/impl/ClientTransactionManagerServiceImpl.java","10","0","0","11","99","135","0"
"elasticsearch","41d8fbe8f51abd499c9b497238bc5f2141b7926b","core/src/test/java/org/elasticsearch/test/discovery/ClusterDiscoveryConfiguration.java","10","0","0","12","118","168","1"
"hazelcast","0b99990c091b2e5235b2c7a72b4550327db4260c","hazelcast-client-new/src/main/java/com/hazelcast/client/spi/impl/ClientListenerServiceImpl.java","10","0","0","12","133","173","2"
"hazelcast","2e237d2c442305f51cdbea3740548e8bfb4401ac","hazelcast-client-new/src/main/java/com/hazelcast/client/spi/impl/ClientListenerServiceImpl.java","10","0","0","12","133","173","2"
"hazelcast","ccc4cf5c5afe3eadfdb39332f605f2157820ee89","hazelcast-client-new/src/main/java/com/hazelcast/client/spi/impl/ClientListenerServiceImpl.java","10","0","0","12","133","173","1"
"hazelcast","c283f04cab711308ed3018d4e448e35b9061e0d2","hazelcast-client-new/src/main/java/com/hazelcast/client/spi/impl/ClientListenerServiceImpl.java","10","0","0","12","133","173","0"
"hazelcast","fcb85d5ce8c3887b875376ea1f986c03201d9f7c","hazelcast-client-new/src/main/java/com/hazelcast/client/spi/impl/ClientListenerServiceImpl.java","10","0","0","12","133","173","0"
"hazelcast","a7f07bfdce4479c7a792837c9eb15b3b2eb45392","hazelcast-client-new/src/main/java/com/hazelcast/client/spi/impl/ClientListenerServiceImpl.java","10","0","0","12","135","175","2"
"hazelcast","73a3c63647d96a4f3baa3cf5b58efd1811334e6b","hazelcast-client-new/src/main/java/com/hazelcast/client/spi/impl/ClientListenerServiceImpl.java","10","0","0","12","136","176","0"
"hazelcast","98f3206e11791992bdd9a27344bee4c0ba9bfc0a","hazelcast-client-new/src/main/java/com/hazelcast/client/spi/impl/ClientListenerServiceImpl.java","10","0","0","12","136","176","0"
"hazelcast","5566f08f15e0f7312663ed1a845e21eea6fc1a5b","hazelcast-client-new/src/main/java/com/hazelcast/client/spi/impl/ClientListenerServiceImpl.java","10","0","0","12","136","176","1"
"hazelcast","c7896a0ea1ea935926828bca84ee4ed454e3520d","hazelcast/src/main/java/com/hazelcast/map/impl/operation/PutAllOperation.java","10","0","0","12","143","182","0"
"hazelcast","8e7e88aef0fb6559e3b6176ded3aa3264e429e06","hazelcast-client-new/src/main/java/com/hazelcast/client/spi/impl/ClientListenerServiceImpl.java","10","0","0","12","144","184","0"
"neo4j","130f7e56da0fa1a08005ad32a2b41609ef7ca6c7","community/csv/src/test/java/org/neo4j/csv/reader/ExtractorsTest.java","10","0","0","12","160","249","0"
"elasticsearch","47c0e13a3b0f4c64e0fa36c5706c0260a777d68b","core/src/test/java/org/elasticsearch/ElasticsearchExceptionTests.java","10","0","0","12","445","537","0"
"hazelcast","d831651dd5814c8074c8b4727184701986f16039","hazelcast/src/main/java/com/hazelcast/multimap/impl/operations/MultiMapResponse.java","10","0","0","12","95","131","1"
"netty","81e2db10faaf0389f4e1af8c7132210946203157","handler/src/main/java/io/netty/handler/logging/ByteLoggingHandler.java","10","0","0","13","156","203","0"
"orientdb","46914472c6c9b62606dd9ee43e13a164c82e5842","core/src/test/java/com/orientechnologies/orient/core/storage/impl/local/paginated/wal/WALChangesTreeTest.java","10","0","0","13","204","288","1"
"orientdb","67b44e38d6982f4b915b71290548d72dbd5aaa00","core/src/test/java/com/orientechnologies/orient/core/storage/impl/local/paginated/wal/WALChangesTreeTest.java","10","0","0","13","204","288","1"
"orientdb","45bc5a97e1c5adad084799ca723decae53aacb3f","core/src/test/java/com/orientechnologies/orient/core/storage/impl/local/paginated/wal/WALChangesTreeTest.java","10","0","0","13","204","288","0"
"orientdb","daa89846a07faf0215b5d99ec4121ebd7395c41e","core/src/test/java/com/orientechnologies/orient/core/storage/impl/local/paginated/wal/WALChangesTreeTest.java","10","0","0","13","205","289","0"
"hazelcast","4a1593fa6ba5c277c4ad2fc320d803b0e63b9339","hazelcast/src/test/java/com/hazelcast/replicatedmap/ReplicatedMapStatsTest.java","10","0","0","13","206","254","0"
"orientdb","dd89fdec4037503f71a2d64a5ea6eaabcf4fafa5","graphdb/src/test/java/com/orientechnologies/orient/graph/blueprints/GraphTest.java","10","0","0","13","296","424","1"
"elasticsearch","67ed1823479b5fadc20c0aa54c6c42dfe083cc58","src/test/java/org/elasticsearch/index/mapper/date/SimpleDateMappingTests.java","10","0","0","13","355","439","2"
"elasticsearch","5fd96d9371f68645ac6ec2ec17c0faeaa21610a8","src/test/java/org/elasticsearch/index/mapper/date/SimpleDateMappingTests.java","10","0","0","13","357","443","1"
"elasticsearch","80be0f72175b0e749b19b725070c01427c1be2cd","src/test/java/org/elasticsearch/index/mapper/date/SimpleDateMappingTests.java","10","0","0","13","361","447","1"
"elasticsearch","30ab8739a6e11ea7d5f25a62e290932d5f2d740f","modules/transport-netty4/src/test/java/org/elasticsearch/http/netty4/Netty4HttpChannelTests.java","10","0","0","13","490","612","0"
"neo4j","c5c87f716fd8ab0decf123ee122f5c1afa873b47","integrationtests/src/test/java/org/neo4j/procedure/ProcedureIT.java","10","0","0","136","1232","1645","0"
"neo4j","ecb95517bd5ff9599c6b75e5054b146e7b1bf767","integrationtests/src/test/java/org/neo4j/procedure/ProcedureIT.java","10","0","0","138","1249","1668","1"
"neo4j","7da776dc0e11452fb2f362b2f9c0888ca00353fc","integrationtests/src/test/java/org/neo4j/procedure/ProcedureIT.java","10","0","0","139","1263","1692","0"
"orientdb","cd7c3f1cadd65ebf58a87346f3cef974872dcc7f","graphdb/src/test/java/com/orientechnologies/orient/graph/blueprints/GraphTest.java","10","0","0","14","321","456","0"
"elasticsearch","01e8eaf181148d1ae5239800b5d71bd38c0c2896","src/test/java/org/elasticsearch/index/mapper/date/SimpleDateMappingTests.java","10","0","0","14","366","457","0"
"hazelcast","50bebee545427d3b6d15fed40d5d89bdc90b7bbe","hazelcast/src/main/java/com/hazelcast/map/record/AbstractRecord.java","10","0","0","14","67","110","1"
"neo4j","edb25b0c87b408b2e07a489b10af5d3095c3fa85","integrationtests/src/test/java/org/neo4j/procedure/ProcedureIT.java","10","0","0","142","1290","1717","0"
"neo4j","2b87fb4aace868ae6259d95dad0270e0d6e77405","integrationtests/src/test/java/org/neo4j/procedure/ProcedureIT.java","10","0","0","145","1333","1777","1"
"neo4j","2e27f92cd55a1b84efcb0d4b6bc95b16450304a2","enterprise/security/src/main/java/org/neo4j/server/security/enterprise/auth/EnterpriseAuthSubject.java","10","0","0","15","109","150","1"
"neo4j","1f22cd0deabcf1e618e4053524cdbfea4940c059","enterprise/security/src/main/java/org/neo4j/server/security/enterprise/auth/EnterpriseAuthSubject.java","10","0","0","15","110","151","0"
"hazelcast","a4035afdfc67b757940a15578bc51b4e7b6b0b13","hazelcast-client-new/src/main/java/com/hazelcast/client/proxy/txn/TransactionContextProxy.java","10","0","0","15","116","152","0"
"hazelcast","bb3ea0e107980d769862cdbda748cc91529d67b5","hazelcast-client-new/src/main/java/com/hazelcast/client/txn/TransactionContextProxy.java","10","0","0","15","121","157","0"
"BroadleafCommerce","8960c327a924062425eda5ce9f21f9b48394fea4","core/broadleaf-framework/src/main/java/org/broadleafcommerce/core/payment/service/OrderPaymentServiceImpl.java","10","0","0","15","139","190","0"
"neo4j","62fc9ea98290c169ca6c7edd64779786e8d365a5","community/lucene-index/src/main/java/org/neo4j/kernel/api/impl/labelscan/LuceneLabelScanStore.java","10","0","0","15","156","199","1"
"neo4j","79f734ee16280d98683cdaf45328c1ad3f14b74a","community/lucene-index/src/main/java/org/neo4j/kernel/api/impl/labelscan/LuceneLabelScanStore.java","10","0","0","15","158","206","0"
"hazelcast","315a92d249124f86ecffe0408e1b5a18f460a9a4","hazelcast/src/test/java/com/hazelcast/map/mapstore/PostProcessingMapStoreTest.java","10","0","0","15","180","214","0"
"hazelcast","e6a978edfbb0a95fdffed133018db532ec8bf422","hazelcast/src/test/java/com/hazelcast/map/mapstore/PostProcessingMapStoreTest.java","10","0","0","15","181","215","1"
"hazelcast","5363a25694db45ffa53f4625542fb7fadc8bc8ae","hazelcast/src/main/java/com/hazelcast/map/record/AbstractRecord.java","10","0","0","15","70","114","0"
"hazelcast","b3851e9178c66524eb5e7a73bf7249af5f4dfe06","hazelcast/src/main/java/com/hazelcast/config/EntryListenerConfig.java","10","0","0","15","87","126","0"
"hazelcast","7a0a1fd85af3b0571b72b72243a18983e8a3805d","hazelcast/src/test/java/com/hazelcast/query/impl/extraction/ComplexCaseDataStructure.java","10","0","0","15","96","115","0"
"hazelcast","d6e7a14e1c7a092d5727131d79a0ad3255540d50","hazelcast/src/test/java/com/hazelcast/query/impl/extraction/ComplexCaseDataStructure.java","10","0","0","15","96","116","0"
"neo4j","61cf94c66e7a8c7053bb8cc8c336751a651c6307","enterprise/security/src/main/java/org/neo4j/server/security/enterprise/auth/EnterpriseAuthSubject.java","10","0","0","16","122","165","1"
"hazelcast","96aabf3361ceca9decf3ebdec94a8411b0dfa839","hazelcast/src/main/java/com/hazelcast/collection/CollectionService.java","10","0","0","16","123","161","2"
"hazelcast","a4035afdfc67b757940a15578bc51b4e7b6b0b13","hazelcast-client-new/src/main/java/com/hazelcast/client/proxy/txn/xa/XATransactionContextProxy.java","10","0","0","16","126","163","0"
"orientdb","a63fb7283ec4f01d392c8f03143939def5f3ea54","jdbc/src/test/java/com/orientechnologies/orient/jdbc/OrientJdbcDatabaseMetaDataTest.java","10","0","0","16","185","262","1"
"hazelcast","f4c33973f2e5f804f6743683b11c8a43922bfc7e","hazelcast/src/test/java/com/hazelcast/test/mocknetwork/MockConnection.java","10","0","0","17","121","170","1"
"hazelcast","93fd800d6c6f6781ef95536bba7e2b200fe9678d","hazelcast/src/test/java/com/hazelcast/test/mocknetwork/MockConnection.java","10","0","0","17","121","171","2"
"hazelcast","b0a815f459c18eed67fcd6e4bf122bad043ef8a5","hazelcast/src/test/java/com/hazelcast/test/mocknetwork/MockConnection.java","10","0","0","17","121","171","1"
"hazelcast","da8888f97af74b4590dfc1dce3d0bdeb44654000","hazelcast/src/test/java/com/hazelcast/test/mocknetwork/MockConnection.java","10","0","0","17","121","171","0"
"hazelcast","27d49efcee88ee428254cf38353e8698ea127c45","hazelcast/src/test/java/com/hazelcast/test/mocknetwork/MockConnection.java","10","0","0","17","121","172","1"
"hazelcast","324c12ca123c52820e6a271c2095649a57a9844f","hazelcast/src/test/java/com/hazelcast/test/mocknetwork/MockConnection.java","10","0","0","17","121","172","2"
"hazelcast","b949940524e885bddfdd6391e0330ab00b56f34a","hazelcast/src/test/java/com/hazelcast/test/mocknetwork/MockConnection.java","10","0","0","17","121","172","3"
"hazelcast","9931999dce90f46d2a8af5b5f0aa17d9abb7ede0","hazelcast/src/test/java/com/hazelcast/test/mocknetwork/MockConnection.java","10","0","0","17","121","172","0"
"neo4j","41924e12725ad28b0b894d433c7d5990f5b9f26f","community/dbms/src/test/java/org/neo4j/commandline/dbms/DumpCommandTest.java","10","0","0","17","258","315","1"
"elasticsearch","42718936d936bfd987b384e7a38054462b5e05cc","core/src/test/java/org/elasticsearch/index/mapper/DynamicMappingTests.java","10","0","0","17","300","407","2"
"neo4j","56a78bda41deece417a3107c86a15af02c417a17","community/dbms/src/test/java/org/neo4j/commandline/dbms/DumpCommandTest.java","10","0","0","18","269","334","0"
"elasticsearch","76fa9023b6378681de34672d2e94227e8b464cfd","core/src/test/java/org/elasticsearch/index/mapper/DynamicMappingTests.java","10","0","0","18","328","437","3"
"hazelcast","2510ac6c3f371032d6aceabd20dac63be71957ee","hazelcast/src/test/java/com/hazelcast/cache/CacheListenerTest.java","10","0","0","19","289","381","0"
"hazelcast","d1b295726e76fc7c30bb23986b82b68eab32623b","hazelcast/src/test/java/com/hazelcast/cache/CacheListenerTest.java","10","0","0","19","289","382","0"
"hazelcast","70d4de16ff0ac4518d09aad8c9f2ad9e782fb337","hazelcast/src/test/java/com/hazelcast/cache/CacheListenerTest.java","10","0","0","19","291","384","3"
"hazelcast","dfd6aa4e74318ff9153409b52206e6e453096ce3","hazelcast/src/test/java/com/hazelcast/osgi/CheckDependenciesIT.java","10","0","0","2","100","123","1"
"elasticsearch","d4e18f5f45e3ab11e0ae63870b12ee63384fb08d","modules/elasticsearch/src/main/java/org/elasticsearch/action/get/TransportMultiGetAction.java","10","0","0","2","103","142","0"
"elasticsearch","8f6de29580f0162b897525445cfd47cd81bb0d4f","modules/elasticsearch/src/main/java/org/elasticsearch/action/get/TransportMultiGetAction.java","10","0","0","2","104","143","0"
"hazelcast","188a47d4403e166f290bc04e81e08953c4a55f6f","hazelcast/src/test/java/com/hazelcast/mapreduce/MapReduceStressTest.java","10","0","0","2","107","145","1"
"elasticsearch","df703dce0a104af7ee2f3c463117856a9bd55f1f","plugins/repository-gcs/src/main/java/org/elasticsearch/repositories/gcs/GoogleCloudStorageRepository.java","10","0","0","2","107","153","2"
"hazelcast","50bbd60a9ae2031621834fa9ce729f448babd684","hazelcast/src/test/java/com/hazelcast/concurrent/lock/ProducerConsumerConditionStressTest.java","10","0","0","2","108","135","2"
"hazelcast","4bb48b7342f906153aaf22b65886d241f08fdeda","hazelcast/src/test/java/com/hazelcast/mapreduce/MapReduceStressTest.java","10","0","0","2","108","146","0"
"elasticsearch","bdf836a2866296083523f6cbdd30ec7a521c49c6","plugins/repository-gcs/src/main/java/org/elasticsearch/repositories/gcs/GoogleCloudStorageRepository.java","10","0","0","2","109","157","0"
"elasticsearch","751d4ab68e8b50bc43dc8b2ffc1a5955ec77dec5","src/main/java/org/elasticsearch/action/get/TransportMultiGetAction.java","10","0","0","2","115","157","0"
"elasticsearch","aa0b9f9b39dad2a681a9905d20d035c2c3e2865c","core/src/main/java/org/elasticsearch/action/fieldcaps/TransportFieldCapabilitiesAction.java","10","0","0","2","117","198","0"
"hazelcast","65df300ddcacf2cee04f1eee8f75731e147decbf","hazelcast-client/src/main/java/com/hazelcast/client/spi/impl/listener/ClientSmartListenerService.java","10","0","0","2","121","157","1"
"oryx","3b0fc229b3818b52dda4b6b863f9bca5dcfc4d86","app/oryx-app-mllib/src/test/java/com/cloudera/oryx/app/batch/mllib/rdf/RDFUpdateIT.java","10","0","0","2","142","188","0"
"elasticsearch","fb8bdbc57ad6dcf82b3394bbc7541820a3a949ee","qa/backwards-5.0/src/test/java/org/elasticsearch/backwards/IndexingIT.java","10","0","0","2","245","335","1"
"elasticsearch","1e16c22d0340146834634ede17e3b69bf982c947","core/src/main/java/org/elasticsearch/search/fetch/script/ScriptFieldsFetchSubPhase.java","10","0","0","2","54","81","1"
"mcMMO","d0c0b9a089d3b99e7fe68740860fef2d0275613f","src/main/java/com/gmail/nossr50/commands/mc/McabilityCommand.java","10","0","0","2","55","70","0"
"mcMMO","fb8592495d54013325bf73a1bee771ec242d9315","src/main/java/com/gmail/nossr50/commands/database/ConvertDatabaseCommand.java","10","0","0","2","58","75","2"
"mcMMO","857e12b96edf68bc2e2fdbdf72659ce82612bda1","src/main/java/com/gmail/nossr50/commands/database/ConvertDatabaseCommand.java","10","0","0","2","59","76","0"
"mcMMO","037022b175407ef7373ed0172adf0f8aba2d7ce3","src/main/java/com/gmail/nossr50/skills/unarmed/Unarmed.java","10","0","0","2","64","84","1"
"mcMMO","1c30146491b87dd2388e6069a68876bf9096ab24","src/main/java/com/gmail/nossr50/skills/unarmed/Unarmed.java","10","0","0","2","65","87","0"
"elasticsearch","634ce90dc06f20888a4ff655985a6baccf25a7db","core/src/test/java/org/elasticsearch/action/search/CountedCollectorTests.java","10","0","0","2","68","102","0"
"elasticsearch","ec1afe30ea9c34f7d63da273a3077c28a4849e4f","core/src/test/java/org/elasticsearch/action/search/CountedCollectorTests.java","10","0","0","2","68","102","0"
"elasticsearch","977712f9773c3eecea3958a5b8ddf934207775a6","core/src/test/java/org/elasticsearch/action/search/CountedCollectorTests.java","10","0","0","2","68","102","2"
"mcMMO","d0c0b9a089d3b99e7fe68740860fef2d0275613f","src/main/java/com/gmail/nossr50/commands/general/InspectCommand.java","10","0","0","2","68","87","0"
"elasticsearch","a3122a88e4f4afd8e7a834c115f4f93064b71f99","src/test/java/org/elasticsearch/search/scan/SearchScanScrollingTests.java","10","0","0","2","72","105","0"
"hazelcast","68169508cc3ffe85856b9c1571c4ada159600f1c","hazelcast/src/main/java/com/hazelcast/map/impl/MapKeyLoaderUtil.java","10","0","0","2","77","120","0"
"hazelcast","068025a55b706e119d7ecce10dfdb8756e217c04","hazelcast/src/main/java/com/hazelcast/map/impl/MapKeyLoaderUtil.java","10","0","0","2","84","129","3"
"hazelcast","aab8164bc1361cf7a14724b238cbdd8c1f91dee7","hazelcast/src/main/java/com/hazelcast/map/impl/MapKeyLoaderUtil.java","10","0","0","2","86","132","0"
"BroadleafCommerce","1da50e8d41f90a9ef84e26a97845dc812fbc27ad","core/broadleaf-framework/src/main/java/org/broadleafcommerce/core/order/service/workflow/add/AddOrderItemActivity.java","10","0","0","2","90","128","2"
"hazelcast","78af4f23bcba7ec0288688e1bd9e49f207eac041","hazelcast/src/test/java/com/hazelcast/map/EventPublishOrderWithEviction.java","10","0","0","2","97","119","0"
"hazelcast","a845db8f9e34f69bc5bbafb3c47f1141c768f97a","hazelcast/src/test/java/com/hazelcast/map/EventPublishOrderWithEviction.java","10","0","0","2","98","120","1"
"netty","ce6931e0e51096c5b6f1fc23ac939fb95ee70bc1","transport-native-epoll/src/main/java/io/netty/channel/epoll/AbstractEpollServerChannel.java","10","0","0","2","98","147","0"
"neo4j","6b75a9235ea38e0c47caacd25cc919023c0c958b","community/lucene-index/src/test/java/org/neo4j/kernel/api/impl/schema/populator/UniqueDatabaseIndexPopulatorTest.java","10","0","0","20","376","554","0"
"hazelcast","82914ab681f7a556333505b597bf2ed1e7da9f30","hazelcast-client-new/src/test/java/com/hazelcast/client/mapreduce/DistributedMapperClientMapReduceTest.java","10","0","0","21","206","277","0"
"elasticsearch","865bbc209604fee308552b95b62b288f003fe8e5","qa/evil-tests/src/test/java/org/elasticsearch/plugins/InstallPluginCommandTests.java","10","0","0","21","381","455","1"
"orientdb","39a8884d03c0bc49b8ecf655a22fe80646afa1e6","spatial/src/main/java/com/orientechnologies/spatial/shape/OShapeBuilder.java","10","0","0","22","153","218","0"
"hazelcast","98b249af9499f13c482d9ffa4ce6f1367ddb4586","hazelcast/src/main/java/com/hazelcast/impl/LockProxyImpl.java","10","0","0","22","181","241","0"
"hazelcast","5da39756a924fc9e2ed46c61fcadede40bb5efc7","hazelcast/src/main/java/com/hazelcast/impl/LockProxyImpl.java","10","0","0","22","182","242","0"
"elasticsearch","9f47b376dadebf63807a6d7b0d2bfe3341c042e7","qa/evil-tests/src/test/java/org/elasticsearch/plugins/InstallPluginCommandTests.java","10","0","0","22","387","464","0"
"neo4j","8d2e8c6469c5e313638a93adaa910dbf3b026200","community/bolt/src/main/java/org/neo4j/bolt/v1/messaging/infrastructure/ValueUnboundRelationship.java","10","0","0","23","151","204","1"
"BroadleafCommerce","7da760ada0cf3c3164075c970c90d47e36b4bef4","common/src/main/java/org/broadleafcommerce/common/sandbox/domain/SandBoxImpl.java","10","0","0","23","208","276","1"
"elasticsearch","38be1e0dde7445d683b95d04b9933069cf1da269","src/test/java/org/elasticsearch/search/aggregations/metrics/CardinalityTests.java","10","0","0","23","349","444","0"
"hazelcast","188a47d4403e166f290bc04e81e08953c4a55f6f","hazelcast/src/test/java/com/hazelcast/mapreduce/MapReduceLiteMemberTest.java","10","0","0","24","213","265","1"
"hazelcast","4bb48b7342f906153aaf22b65886d241f08fdeda","hazelcast/src/test/java/com/hazelcast/mapreduce/MapReduceLiteMemberTest.java","10","0","0","24","214","266","0"
"elasticsearch","2b97f5d9ebf1b07fcf61be5cdb1c4bc1250c537d","core/src/test/java/org/elasticsearch/search/aggregations/metrics/CardinalityIT.java","10","0","0","24","386","487","2"
"BroadleafCommerce","66b90df8e1d48dea727d19decebcf0b65113f2f1","core/broadleaf-framework/src/main/java/org/broadleafcommerce/core/search/domain/FieldImpl.java","10","0","0","25","210","275","1"
"BroadleafCommerce","6581bb4bda7da43fd221c6d4bbbb2e3110928e56","core/broadleaf-framework/src/main/java/org/broadleafcommerce/core/offer/domain/OfferCodeImpl.java","10","0","0","25","238","300","4"
"BroadleafCommerce","66ae8f00a336acfd1569bda8752f26ebae85a7dc","core/broadleaf-framework/src/main/java/org/broadleafcommerce/core/offer/domain/OfferCodeImpl.java","10","0","0","25","240","302","4"
"hazelcast","0dcac2107149f1a24af61788b11b53bd49eb4a73","hazelcast/src/main/java/com/hazelcast/instance/MemberImpl.java","10","0","0","27","177","234","0"
"hazelcast","267657223110ee9fc436f5496e078547d29c6e4c","hazelcast/src/main/java/com/hazelcast/nio/serialization/DefaultPortableReader.java","10","0","0","27","226","278","1"
"hazelcast","fdc311d6cb6129ad5971f4331f585db71920f36b","hazelcast/src/test/java/com/hazelcast/internal/cluster/impl/MembershipFailureTest.java","10","0","0","27","567","762","0"
"hazelcast","3d6bcba501e62df97fb0d222eb966362c2951a5c","hazelcast/src/test/java/com/hazelcast/internal/cluster/impl/MembershipFailureTest.java","10","0","0","27","642","842","0"
"hazelcast","e1b69c53ca4923affcd7722f012a80e32517e988","hazelcast/src/test/java/com/hazelcast/internal/cluster/impl/MembershipFailureTest.java","10","0","0","27","642","842","0"
"hazelcast","ba37274b98bec73967e5bb3dc5ee687387fb79d6","hazelcast/src/test/java/com/hazelcast/internal/cluster/impl/MembershipFailureTest.java","10","0","0","27","642","842","1"
"hazelcast","f4c33973f2e5f804f6743683b11c8a43922bfc7e","hazelcast/src/main/java/com/hazelcast/instance/MemberImpl.java","10","0","0","28","181","238","1"
"hazelcast","e1b69c53ca4923affcd7722f012a80e32517e988","hazelcast/src/main/java/com/hazelcast/instance/MemberImpl.java","10","0","0","28","184","241","0"
"netty","e6ca9882a107c34cf6358c8d7a68561025f06016","codec/src/test/java/io/netty/handler/codec/DefaultTextHeadersTest.java","10","0","0","28","291","361","1"
"hazelcast","f6093fcfddcf9b950daffed31f3f79371e9ac2c1","hazelcast/src/test/java/com/hazelcast/internal/cluster/impl/MembershipFailureTest.java","10","0","0","28","596","797","0"
"elasticsearch","9f12f3c33892380e4cb0fa48b860c23c6d225b5d","modules/percolator/src/test/java/org/elasticsearch/percolator/QueryAnalyzerTests.java","10","0","0","29","623","743","2"
"elasticsearch","562c3744cab91aa083cb645c67ef57ebb20c8661","modules/percolator/src/test/java/org/elasticsearch/percolator/QueryAnalyzerTests.java","10","0","0","29","625","745","0"
"elasticsearch","2ca1d795307854c294e42c0ec948048ea9963267","src/main/java/org/elasticsearch/rest/action/cat/RestShardsAction.java","10","0","0","3","107","142","0"
"hazelcast","cdb8b0e0e259c0992856d553f2aa04499043c84d","hazelcast/src/test/java/com/hazelcast/aggregation/MapAggregatePerformanceTest.java","10","0","0","3","115","143","0"
"hazelcast","810540661cf0b9662e3e1bc9b5dabc53a3c052f1","hazelcast/src/test/java/com/hazelcast/aggregation/MapAggregatePerformanceTest.java","10","0","0","3","116","144","1"
"hazelcast","7001ec8c5b1305c796de75c2e3f170c562db8c03","hazelcast-client/src/test/java/com/hazelcast/client/map/impl/nearcache/invalidation/InvalidationMemberAddRemoveTest.java","10","0","0","3","125","177","0"
"hazelcast","1bdcce6ff27e11c5d3d12f1e91cd24012201b002","hazelcast/src/test/java/com/hazelcast/map/impl/nearcache/invalidation/InvalidationMemberAddRemoveTest.java","10","0","0","3","134","185","0"
"ceylon-ide-eclipse","e89324305b6be078e574b3c554a7cc2cdb57e73c","plugins/com.redhat.ceylon.eclipse.ui/src/com/redhat/ceylon/eclipse/code/style/FormatterTabMisc.java","10","0","0","3","144","164","0"
"hazelcast","a7f07bfdce4479c7a792837c9eb15b3b2eb45392","hazelcast-client/src/main/java/com/hazelcast/client/spi/impl/ClientListenerServiceImpl.java","10","0","0","3","146","185","2"
"neo4j","2b31d7ad0f8727477761797b349d305d8a3e2fa7","community/kernel/src/main/java/org/neo4j/kernel/impl/api/TokenAccess.java","10","0","0","3","146","188","1"
"hazelcast","73a3c63647d96a4f3baa3cf5b58efd1811334e6b","hazelcast-client/src/main/java/com/hazelcast/client/spi/impl/ClientListenerServiceImpl.java","10","0","0","3","147","186","0"
"hazelcast","98f3206e11791992bdd9a27344bee4c0ba9bfc0a","hazelcast-client/src/main/java/com/hazelcast/client/spi/impl/ClientListenerServiceImpl.java","10","0","0","3","147","186","0"
"hazelcast","5566f08f15e0f7312663ed1a845e21eea6fc1a5b","hazelcast-client/src/main/java/com/hazelcast/client/spi/impl/ClientListenerServiceImpl.java","10","0","0","3","147","186","1"
"ceylon-ide-eclipse","3cb33660de43deb63a0b187966d5d9dd99672eba","plugins/com.redhat.ceylon.eclipse.ui/src/com/redhat/ceylon/eclipse/code/style/FormatterTabMisc.java","10","0","0","3","150","167","0"
"hazelcast","8e7e88aef0fb6559e3b6176ded3aa3264e429e06","hazelcast-client/src/main/java/com/hazelcast/client/spi/impl/ClientListenerServiceImpl.java","10","0","0","3","151","190","0"
"hazelcast","b97e91fdb1ae20f2064c7fc49f2b24a6ac67f945","hazelcast-wm/src/test/java/com/hazelcast/wm/test/AbstractWebFilterTest.java","10","0","0","3","151","195","0"
"elasticsearch","28a7d639515a64bad6a9ae6302142604e5ffc965","src/test/java/org/elasticsearch/rest/action/admin/indices/upgrade/UpgradeTest.java","10","0","0","3","152","198","1"
"neo4j","391d4a7028c1a9dc92d36e77bc69f8519b3b8a07","community/kernel/src/main/java/org/neo4j/kernel/impl/api/TokenAccess.java","10","0","0","3","155","197","1"
"neo4j","2d56d9104cc300bd4ffd7b025701b56f9233fc0c","community/neo4j/src/test/java/org/neo4j/index/IndexSamplingIntegrationTest.java","10","0","0","3","177","232","0"
"elasticsearch","5babf598130504a713a90990e98dff857353a29d","src/test/java/org/elasticsearch/cluster/MinimumMasterNodesTests.java","10","0","0","3","193","264","2"
"hazelcast","998cd6147d9a77bd0dec5c09e7240885df54511e","hazelcast/src/main/java/com/hazelcast/durableexecutor/impl/DurableExecutorDataSerializerHook.java","10","0","0","3","62","86","2"
"mcMMO","fb4777e7f05d61fb5a581111dd5f9deebb604abd","src/main/java/com/gmail/nossr50/commands/skills/SkillGuideCommand.java","10","0","0","3","68","91","1"
"mcMMO","973279ed40d7d21aa5eaacb55a70d9c086f226a8","src/main/java/com/gmail/nossr50/commands/mc/McrankCommand.java","10","0","0","3","69","89","0"
"mcMMO","be4e62fe9dbb77ddb3ff0f5a658fd775dd496a11","src/main/java/com/gmail/nossr50/commands/party/PtpCommand.java","10","0","0","3","70","89","0"
"mcMMO","61ae4826d17e1f6d19bd1b885fb3a7c548f5499f","src/main/java/com/gmail/nossr50/commands/party/PtpCommand.java","10","0","0","3","71","90","0"
"mcMMO","70231b6ae0c1807324ad9bd9ccdea88c1b2357ab","src/main/java/com/gmail/nossr50/config/mods/CustomToolsConfig.java","10","0","0","3","82","102","1"
"elasticsearch","b1cef5fdf8e1f8e9982a4724986b2731ca4d522b","core/src/main/java/org/elasticsearch/search/aggregations/bucket/significant/SignificantTermsParser.java","10","0","0","3","82","108","1"
"elasticsearch","76622f1a9b21d3be105f712ed384d0ba80fb422e","src/test/java/org/elasticsearch/index/engine/robin/RobinEngineIntegrationTest.java","10","0","0","3","90","119","0"
"hazelcast","1b19f48fd94c4d1d735c16799001e1937fed4d54","hazelcast/src/test/java/com/hazelcast/util/executor/CachedExecutorServiceDelegateTest.java","10","0","0","31","325","407","0"
"hazelcast","c404e4460c8aa6c4f7dd3fec6f545a99fa75f8be","hazelcast/src/test/java/com/hazelcast/util/executor/CachedExecutorServiceDelegateTest.java","10","0","0","31","339","418","0"
"neo4j","293a88d12d5212bf341b74479e17725dc4e63088","community/server/src/test/java/org/neo4j/server/rest/transactional/integration/TransactionIT.java","10","0","0","32","651","899","2"
"neo4j","59d88d01d2d877810cecb8bacf16f95e13b14aff","community/server/src/test/java/org/neo4j/server/rest/transactional/integration/TransactionIT.java","10","0","0","33","658","907","1"
"neo4j","846ca7f740476f9e1cd697ac0f4b2236d9d3fff5","community/server/src/test/java/org/neo4j/server/rest/transactional/integration/TransactionIT.java","10","0","0","33","658","907","2"
"neo4j","598b1c10823f9ed56c780a95dd81363eb8fdd282","community/server/src/test/java/org/neo4j/server/rest/transactional/integration/TransactionIT.java","10","0","0","33","658","907","0"
"neo4j","c48ce29ee0bd0b0cc814415cf860c512fa7daf67","community/server/src/test/java/org/neo4j/server/rest/transactional/integration/TransactionIT.java","10","0","0","34","673","928","0"
"neo4j","8d2e8c6469c5e313638a93adaa910dbf3b026200","community/bolt/src/main/java/org/neo4j/bolt/v1/messaging/infrastructure/ValueNode.java","10","0","0","36","250","317","1"
"netty","1767814a466f9fc6a51c87a84bd73d93eb0ca1d7","codec-http2/src/test/java/io/netty/handler/codec/http2/HpackDecoderTest.java","10","0","0","36","365","458","1"
"netty","01eb428b39156e61624dae303ae9772ba3424b36","codec-http2/src/test/java/io/netty/handler/codec/http2/HpackDecoderTest.java","10","0","0","36","366","459","0"
"MapDB","e51139cae50bb5897d181c77fce4345d3aa76d64","src/test/java/org/mapdb/DBTest.java","10","0","0","36","522","660","0"
"neo4j","3599e18da72ec8de97cdc2b250bb7b4cbb86674b","community/server/src/main/java/org/neo4j/server/rest/web/CypherService.java","10","0","0","4","114","152","0"
"hazelcast","f332be60ebd23c10a1b73ed223bf031807b83557","hazelcast/src/main/java/com/hazelcast/nio/tcp/nonblocking/AbstractHandler.java","10","0","0","4","115","163","0"
"neo4j","c3a5cbf00866abb108bf34ce2e0680026fdd2025","community/dbms/src/main/java/org/neo4j/commandline/dbms/DumpCommand.java","10","0","0","4","120","157","0"
"neo4j","e5ea526b14ce752e94a5460b1c85bf4567d8f97d","community/dbms/src/main/java/org/neo4j/commandline/dbms/DumpCommand.java","10","0","0","4","123","160","1"
"elasticsearch","d0d2d2be8c2cbd94949273b4bc848aa0430c10a4","core/src/test/java/org/elasticsearch/action/ingest/SimulatePipelineRequestParsingTests.java","10","0","0","4","148","185","1"
"elasticsearch","2f1b3ccde2a415fa3cca3d1f7ad8a25effb3f464","core/src/test/java/org/elasticsearch/index/query/HasChildQueryBuilderTests.java","10","0","0","4","156","203","1"
"neo4j","a93c570faa774c1a40b635b6a3e6d8ccb61a99e8","community/kernel/src/test/java/org/neo4j/kernel/impl/transaction/CommitContentionTests.java","10","0","0","4","166","223","1"
"neo4j","868b4d731485023d2f7477e1133dcd5b263c851d","community/kernel/src/test/java/org/neo4j/kernel/impl/transaction/CommitContentionTests.java","10","0","0","4","169","226","0"
"hazelcast","cdb79123049c210b290c83e5b03553ed1b29c05f","hazelcast/src/test/java/com/hazelcast/internal/partition/MigrationAwareServiceEventTest.java","10","0","0","4","182","243","2"
"elasticsearch","577dcb32374cf2528a5deadf0a57f1ea1d5a9cbd","core/src/test/java/org/elasticsearch/discovery/zen/ZenDiscoveryUnitTests.java","10","0","0","4","183","240","0"
"elasticsearch","0556c93920af457c0dfb41dc2f52013ebc3e136e","core/src/test/java/org/elasticsearch/discovery/zen/ZenDiscoveryUnitTests.java","10","0","0","4","185","242","1"
"elasticsearch","7ad409d5aadc90117ae93795dee850634005f441","core/src/test/java/org/elasticsearch/client/transport/TransportClientNodesServiceTests.java","10","0","0","4","187","263","1"
"elasticsearch","e1e17b3bfec22e4748e9b014414235f8e0441b17","core/src/test/java/org/elasticsearch/client/transport/TransportClientNodesServiceTests.java","10","0","0","4","187","263","1"
"elasticsearch","a9a2753f0b07ee644e1babfd9de4f00df17e7b2a","core/src/test/java/org/elasticsearch/client/transport/TransportClientNodesServiceTests.java","10","0","0","4","187","263","0"
"hazelcast","ff8a9a229bf9c093f0181e2dbb9bed0112077439","hazelcast/src/test/java/com/hazelcast/map/MapTransactionStressTest.java","10","0","0","4","286","347","1"
"BroadleafCommerce","f751ad76c8013ae9a288b459565f1fd934b59fe3","admin/broadleaf-open-admin-platform/src/main/java/org/broadleafcommerce/openadmin/security/BroadleafAdminAuthenticationFailureHandler.java","10","0","0","4","56","94","0"
"ceylon-ide-eclipse","101077f4a61a1632853fcc132cb1116ddc7e814b","plugins/com.redhat.ceylon.eclipse.ui/src/com/redhat/ceylon/eclipse/core/model/mirror/JDTAnnotation.java","10","0","0","4","69","100","0"
"BroadleafCommerce","c47428fb0783c065f81dbdf641f1155879791b33","common/src/main/java/org/broadleafcommerce/common/web/util/RepeatSubmitProtectionFilter.java","10","0","0","4","69","102","0"
"mcMMO","70231b6ae0c1807324ad9bd9ccdea88c1b2357ab","src/main/java/com/gmail/nossr50/config/mods/CustomArmorConfig.java","10","0","0","4","75","95","1"
"mcMMO","a49d373af09569a91f4094618d122b0a80a275a3","src/main/java/com/gmail/nossr50/runnables/skills/KrakenAttackTask.java","10","0","0","4","76","95","1"
"hazelcast","5c695f915d3d5ec0116cccdbde70b3551f5dcb5a","hazelcast/src/main/java/com/hazelcast/client/impl/protocol/codec/CacheEventDataCodec.java","10","0","0","4","80","106","0"
"hazelcast","49bc95f245df5503b44ba497a51ae534883f2f4f","hazelcast/src/main/java/com/hazelcast/client/impl/protocol/codec/CacheEventDataCodec.java","10","0","0","4","82","108","1"
"hazelcast","0dbf131394b3f71de4518c5914a97bc5ccf01320","hazelcast/src/test/java/com/hazelcast/internal/partition/AntiEntropyCorrectnessTest.java","10","0","0","4","84","114","2"
"hazelcast","496d21753155a0e45fc15c4c413bdc1cdcc8170c","hazelcast/src/test/java/com/hazelcast/impl/ClusterListTest.java","10","0","0","4","97","119","1"
"elasticsearch","b6ae7fbadb0669d015ec6070adca9469be88d29d","src/main/java/org/apache/lucene/store/RateLimitedFSDirectory.java","10","0","0","5","101","144","1"
"hazelcast","7e07ef2b7dcefe2f791c4b6d2050a9c44e6bf931","hazelcast/src/main/java/com/hazelcast/cluster/impl/operations/FinalizeJoinOperation.java","10","0","0","5","104","144","1"
"elasticsearch","22870cc6c0f6744071b5c8801e14d29684035ad2","core/src/test/java/org/elasticsearch/action/bulk/BulkItemResponseTests.java","10","0","0","5","108","152","1"
"neo4j","562320c0be4006685ed6f086c12ef4e1f1964f3c","community/lucene-index/src/main/java/org/neo4j/kernel/api/impl/index/LuceneIndexPopulator.java","10","0","0","5","111","143","0"
"elasticsearch","15c936ec023b7f8f67a0a5098b799a5b02540c2e","core/src/test/java/org/elasticsearch/action/bulk/BulkItemResponseTests.java","10","0","0","5","112","156","0"
"hazelcast","c7402c53107772255e5224059244313160119412","hazelcast-client/src/main/java/com/hazelcast/client/spi/impl/ClientInvocationFuture.java","10","0","0","5","119","160","1"
"hazelcast","d87aee0e2bef1447ab9cc38b8f010cc8a2c991ba","hazelcast-client/src/main/java/com/hazelcast/client/spi/impl/ClientInvocationFuture.java","10","0","0","5","119","160","1"
"hazelcast","2b015e6b174d25a0103059e5bdc56440f98767b3","hazelcast-client/src/main/java/com/hazelcast/client/spi/impl/ClientInvocationFuture.java","10","0","0","5","119","160","0"
"hazelcast","7f912866a364533fd6a47f741c65ce0f87339120","hazelcast-client-legacy/src/test/java/com/hazelcast/client/queue/ClientDisruptionTest.java","10","0","0","5","128","163","0"
"hazelcast","b2fcdf5ade74230911e80258adb2c4abe15cf123","hazelcast/src/main/java/com/hazelcast/internal/networking/nio/AbstractHandler.java","10","0","0","5","136","189","1"
"elasticsearch","fdf1998f390bf1bb7741c133da7ea35e201f9aed","src/test/java/org/elasticsearch/index/engine/internal/InternalEngineIntegrationTest.java","10","0","0","5","160","196","0"
"neo4j","886dbb454deaae6adcb4ff26e76f6e225eedca55","community/kernel/src/test/java/org/neo4j/kernel/impl/transaction/log/ReadAheadChannelTest.java","10","0","0","5","161","222","0"
"elasticsearch","25fd9e26c4fb042d6f6dea14efcd239577bdbbc4","core/src/main/java/org/elasticsearch/action/ingest/IngestActionFilter.java","10","0","0","5","166","243","0"
"elasticsearch","4b94eb5cb8cc4294ed0e932a5f22c16bd90d4dd7","core/src/main/java/org/elasticsearch/action/ingest/IngestActionFilter.java","10","0","0","5","167","244","2"
"elasticsearch","860efb2ad28db09189c8423e05d0dba53010259c","core/src/main/java/org/elasticsearch/action/ingest/IngestActionFilter.java","10","0","0","5","167","244","2"
"elasticsearch","d3417fb02291f26964d77767020ef345d18c148f","core/src/main/java/org/elasticsearch/action/ingest/IngestActionFilter.java","10","0","0","5","167","244","0"
"hazelcast","81bc4a0f5b40ee7fb094876de46b18cdb4d31749","hazelcast-client/src/test/java/com/hazelcast/client/map/ClientMapLoadAllTest.java","10","0","0","5","175","218","2"
"elasticsearch","ec64c2c05f64304d776cd7f9b4fa1d939ba96ba2","core/src/test/java/org/elasticsearch/action/search/ExpandSearchPhaseTests.java","10","0","0","5","180","246","0"
"elasticsearch","a77b38cdd1604dfa539bac36ce5a3f79f9f955a1","core/src/test/java/org/elasticsearch/action/search/ExpandSearchPhaseTests.java","10","0","0","5","185","251","1"
"elasticsearch","a3abfab865788a3828424f78801d19ebd5a78b81","core/src/test/java/org/elasticsearch/index/query/HasChildQueryBuilderTests.java","10","0","0","5","200","252","1"
"ceylon-ide-eclipse","8a6a98b02ef221ef39cfb22b5d6cd8072f5ab164","plugins/com.redhat.ceylon.eclipse.ui/src/com/redhat/ceylon/eclipse/code/refactor/AliasLinkedMode.java","10","0","0","5","202","299","0"
"elasticsearch","20ff703e07c692c5e68e6b30a6e6413a34dd10a7","core/src/test/java/org/elasticsearch/index/SearchSlowLogTests.java","10","0","0","5","265","332","1"
"elasticsearch","3df2a086d4bf3c5608aabf06c1766e10c901af35","core/src/test/java/org/elasticsearch/index/SearchSlowLogTests.java","10","0","0","5","269","337","0"
"elasticsearch","977712f9773c3eecea3958a5b8ddf934207775a6","core/src/test/java/org/elasticsearch/index/SearchSlowLogTests.java","10","0","0","5","286","354","2"
"elasticsearch","ec1afe30ea9c34f7d63da273a3077c28a4849e4f","core/src/test/java/org/elasticsearch/index/SearchSlowLogTests.java","10","0","0","5","290","359","0"
"elasticsearch","634ce90dc06f20888a4ff655985a6baccf25a7db","core/src/test/java/org/elasticsearch/index/SearchSlowLogTests.java","10","0","0","5","297","368","0"
"netty","2adebc4c54ae98565db8e2a3c02b2ffaa0c101fe","codec/src/main/java/io/netty/handler/codec/ByteToByteDecoder.java","10","0","0","5","58","85","1"
"orientdb","36fe694c8f3e92babf28edcd4aeda4d4ec08e667","etl/src/main/java/com/orientechnologies/orient/etl/transformer/OVertexTransformer.java","10","0","0","5","58","88","1"
"netty","00106b367ca01ec34fa2c8d731a279677193c1ba","codec/src/main/java/io/netty/handler/codec/ByteToByteDecoder.java","10","0","0","5","59","86","0"
"hazelcast","237ded5a5370be91f04df1fc1208e3a4d8727ba1","hazelcast/src/main/java/com/hazelcast/cluster/impl/ClusterDataSerializerHook.java","10","0","0","5","59","88","0"
"hazelcast","99fae76bc99e0074096750e1ee87859299d4cd8f","hazelcast/src/main/java/com/hazelcast/internal/cluster/impl/operations/MemberRemoveOperation.java","10","0","0","5","69","102","0"
"elasticsearch","577dcb32374cf2528a5deadf0a57f1ea1d5a9cbd","core/src/main/java/org/elasticsearch/discovery/zen/ping/ZenPingService.java","10","0","0","5","71","106","0"
"hazelcast","50ce67e41ed788d508334279c8525decaa195334","hazelcast/src/main/java/com/hazelcast/spi/impl/eventservice/impl/EventPacketProcessor.java","10","0","0","5","75","109","0"
"MapDB","16becd4cfa393c94dd03a4261e8766d70a170978","src/test/java/org/mapdb/TxMakerTest.java","10","0","0","5","82","104","0"
"hazelcast","b35fc8b41b2a3d8aaa779330b394467579b97778","hazelcast/src/main/java/com/hazelcast/map/impl/operation/EntryBackupOperation.java","10","0","0","6","102","148","1"
"hazelcast","67db7c70adf6604568aa7e831f0373cf4b411bd0","hazelcast/src/main/java/com/hazelcast/util/executor/CompletableFutureTask.java","10","0","0","6","104","139","1"
"hazelcast","4b37b0ebf8a268dba38bcdd279b2ad087568b60a","hazelcast/src/main/java/com/hazelcast/map/impl/operation/EntryBackupOperation.java","10","0","0","6","105","151","0"
"hazelcast","cd66a09812f63404b4e934e9591e45ce9472a35c","hazelcast/src/main/java/com/hazelcast/map/impl/operation/EntryBackupOperation.java","10","0","0","6","105","151","0"
"hazelcast","5ca2eb7270cb2ae320c78e06be394586b0f1e902","hazelcast/src/main/java/com/hazelcast/map/impl/operation/EntryBackupOperation.java","10","0","0","6","105","151","1"
"titan","0a02b5352020cdf5518610bd54c004399c5308f3","src/main/java/com/thinkaurelius/titan/diskstorage/util/OrderedKeyValueStoreAdapter.java","10","0","0","6","112","152","0"
"hazelcast","43679fed253265f0556893aeb26fd392f7fb21e9","hazelcast/src/main/java/com/hazelcast/spi/impl/AbstractCompletableFuture.java","10","0","0","6","122","169","0"
"hazelcast","bae6535651931084f31f10b3db73b95540540474","hazelcast/src/main/java/com/hazelcast/internal/cluster/impl/operations/FinalizeJoinOperation.java","10","0","0","6","138","186","0"
"elasticsearch","ee6d29b3429d9204103823f3c63044a760d946cf","modules/lang-painless/src/test/java/org/elasticsearch/painless/StringTests.java","10","0","0","6","157","215","0"
"elasticsearch","c1afcb543e70942dc0196216bb50d7e23af7d541","core/src/test/java/org/elasticsearch/action/ingest/SimulatePipelineRequestParsingTests.java","10","0","0","6","166","205","0"
"elasticsearch","b5f86f6f0544a9ad9fa4ab88bf7397cf361d696a","core/src/test/java/org/elasticsearch/indices/state/RareClusterStateIT.java","10","0","0","6","329","439","0"
"elasticsearch","ad94bea0bbfe9d0dcfc4ca3a908125f6cb2e006c","core/src/test/java/org/elasticsearch/indices/state/RareClusterStateIT.java","10","0","0","6","331","441","2"
"elasticsearch","6d9af2fff4833b464fde2c3caaf9948fc1f92460","core/src/test/java/org/elasticsearch/indices/state/RareClusterStateIT.java","10","0","0","6","337","447","0"
"hazelcast","ef97d1ab12422760d198fdcbb15044cc4eb720e3","hazelcast/src/main/java/com/hazelcast/map/record/ObjectRecordFactory.java","10","0","0","6","48","73","2"
"orientdb","abf6ba2fb52da0ed0fbf5148ca6eaef77f2e0b53","etl/src/main/java/com/orientechnologies/orient/etl/transformer/OVertexTransformer.java","10","0","0","6","58","90","1"
"orientdb","7442819d56ad5922f025e9a82418c2286bbd4c08","etl/src/main/java/com/orientechnologies/orient/etl/transformer/OVertexTransformer.java","10","0","0","6","59","88","0"
"orientdb","29ed663ec9cc6a3349c64fe1410363a1e480ceb1","etl/src/main/java/com/orientechnologies/orient/etl/transformer/OVertexTransformer.java","10","0","0","6","59","91","0"
"BroadleafCommerce","091b343ff470ac3947f4880f1e93d7bce7edad5f","core/broadleaf-profile/src/main/java/org/broadleafcommerce/profile/core/service/AddressServiceImpl.java","10","0","0","6","59","95","1"
"orientdb","21dce961ef7c05042005bc5e56ff656c03ef0e4a","etl/src/main/java/com/orientechnologies/orient/etl/transformer/OVertexTransformer.java","10","0","0","6","62","94","0"
"BroadleafCommerce","4157e122b98f0a1b58ed8ac1b1f0275686489775","core/broadleaf-profile/src/main/java/org/broadleafcommerce/profile/core/service/AddressServiceImpl.java","10","0","0","6","64","100","0"
"hazelcast","f4c33973f2e5f804f6743683b11c8a43922bfc7e","hazelcast/src/main/java/com/hazelcast/internal/cluster/impl/operations/MemberRemoveOperation.java","10","0","0","6","74","109","1"
"hazelcast","4eb82706b1987ef5063f7a4bafc11d95b47943f4","hazelcast-client/src/main/java/com/hazelcast/client/spi/impl/ClientSmartInvocationServiceImpl.java","10","0","0","6","83","116","1"
"BroadleafCommerce","cd37faae7965d45206e2bc8eb7531154fc919cc2","core/broadleaf-profile/src/main/java/org/broadleafcommerce/profile/core/dao/IdGenerationDaoImpl.java","10","0","0","6","89","121","1"
"neo4j","cc70fd2dec3bdb31ecd79c7e164b1b11b85a77c2","integrationtests/src/test/java/org/neo4j/procedure/UserFunctionIT.java","10","0","0","65","717","957","1"
"neo4j","de5dc5afa2677be0e443381cc4f02c83469cf003","integrationtests/src/test/java/org/neo4j/procedure/ProcedureIT.java","10","0","0","68","677","903","2"
"neo4j","2db1bce993b4ccd3963d8304e3a1e0ef3966d717","integrationtests/src/test/java/org/neo4j/procedure/ProcedureIT.java","10","0","0","68","677","904","0"
"hazelcast","2a8c619aa2ef11dc8700117a562e641cbc6d0e59","hazelcast-client/src/test/java/com/hazelcast/client/test/TestHazelcastFactory.java","10","0","0","7","102","137","1"
"ceylon-ide-eclipse","9baf7148e1b79457774c428151b7b84d1c031d6d","plugins/com.redhat.ceylon.eclipse.ui/src/com/redhat/ceylon/eclipse/core/builder/CeylonNature.java","10","0","0","7","103","128","1"
"elasticsearch","73c0cd512ab3bdc03b8071a1012dffb7b9382491","core/src/test/java/org/elasticsearch/transport/netty/KeyedLockTests.java","10","0","0","7","103","135","0"
"MapDB","2063fb1f656e607b4cef579cd4b4d749bd813b40","src/test/java/org/mapdb/IssuesTest.java","10","0","0","7","105","124","0"
"elasticsearch","046abdc281c321cd2128ee7684c0edfcaca07203","core/src/main/java/org/elasticsearch/search/aggregations/bucket/histogram/HistogramAggregator.java","10","0","0","7","111","150","3"
"netty","eb5dc4bcedc7503738e19ee8635f4df58f7062a2","handler-proxy/src/main/java/io/netty/handler/proxy/HttpProxyHandler.java","10","0","0","7","112","153","0"
"hazelcast","65df300ddcacf2cee04f1eee8f75731e147decbf","hazelcast-client-legacy/src/main/java/com/hazelcast/client/spi/impl/listener/ClientSmartListenerService.java","10","0","0","7","120","155","1"
"orientdb","06d94ae5982c3b34985ef2c39af1da2855e1da18","graphdb/src/test/java/com/orientechnologies/orient/graph/blueprints/ConcurrentTxTest.java","10","0","0","7","141","180","1"
"elasticsearch","c70c44005088d4bf0eb7fc5d6f8660c25958a785","plugins/repository-hdfs/src/test/java/org/elasticsearch/repositories/hdfs/HdfsTests.java","10","0","0","7","147","189","1"
"orientdb","e7acd768a0bf7e1493375b81bfc0cd5e0d3d5d77","graphdb/src/test/java/com/orientechnologies/orient/graph/blueprints/ConcurrentTxTest.java","10","0","0","7","149","188","0"
"elasticsearch","74f4a14d82058cf55518fe9d64a793d58fb8704c","plugins/repository-hdfs/src/test/java/org/elasticsearch/repositories/hdfs/HdfsTests.java","10","0","0","7","149","191","0"
"elasticsearch","83366e7017ce31f7727b9a3e7878ef02cdc3a980","core/src/test/java/org/elasticsearch/action/admin/indices/create/CreateIndexIT.java","10","0","0","7","156","192","3"
"elasticsearch","9745808c3f199218a42a7e37d5c3120ab5d700aa","src/test/java/org/elasticsearch/action/admin/indices/create/CreateIndexTests.java","10","0","0","7","157","193","0"
"elasticsearch","7745c64a625f8d411d0dcd0f808f38043af8d819","core/src/test/java/org/elasticsearch/index/mapper/merge/TestMergeMapperTests.java","10","0","0","7","159","207","1"
"netty","3482651e0c29edfa02f189751c704ebe4fe8f54c","common/src/test/java/io/netty/util/internal/DefaultPriorityQueueTest.java","10","0","0","7","212","289","0"
"elasticsearch","634ce90dc06f20888a4ff655985a6baccf25a7db","core/src/test/java/org/elasticsearch/action/search/FetchSearchPhaseTests.java","10","0","0","7","295","361","0"
"elasticsearch","a77b38cdd1604dfa539bac36ce5a3f79f9f955a1","core/src/test/java/org/elasticsearch/action/search/FetchSearchPhaseTests.java","10","0","0","7","295","362","1"
"hazelcast","3fa5f2992dc12463f602e3a09c1fbecac71b901f","hazelcast/src/test/java/com/hazelcast/map/query/CustomObject.java","10","0","0","7","37","65","0"
"elasticsearch","2e68207d6ddfff5059a0ca8d1bdefc96f780e576","src/main/java/org/elasticsearch/search/highlight/CustomQueryScorer.java","10","0","0","7","84","120","0"
"hazelcast","645003c209d937476bdfe89ff1cf4a31a98496e3","hazelcast/src/main/java/com/hazelcast/internal/cluster/impl/operations/MemberInfoUpdateOperation.java","10","0","0","7","95","133","0"
"neo4j","31e72727f11b170442df6d1f0f060411ed644dce","integrationtests/src/test/java/org/neo4j/procedure/ProcedureIT.java","10","0","0","72","718","953","1"
"neo4j","69939b03c39ad4d9a31a79e32460d493c97e98c8","integrationtests/src/test/java/org/neo4j/procedure/ProcedureIT.java","10","0","0","79","772","1027","0"
"hazelcast","b9d903ab23dbaad884e6add6488d6b6ab3de3bd2","hazelcast/src/main/java/com/hazelcast/internal/nearcache/impl/store/BaseHeapNearCacheRecordStore.java","10","0","0","8","101","136","1"
"hazelcast","33c586d7fe567235e2216b7c79dd29adee22d5d0","hazelcast/src/main/java/com/hazelcast/internal/nearcache/impl/store/BaseHeapNearCacheRecordStore.java","10","0","0","8","102","137","2"
"elasticsearch","ae36262a95fa2c50e562b71c099bc240c1cf80ac","core/src/main/java/org/elasticsearch/search/aggregations/pipeline/derivative/DerivativePipelineAggregator.java","10","0","0","8","114","152","1"
"hazelcast","82914ab681f7a556333505b597bf2ed1e7da9f30","hazelcast/src/main/java/com/hazelcast/client/impl/protocol/task/mapreduce/AbstractMapReduceTask.java","10","0","0","8","138","188","0"
"netty","3f7b674db8c9c2fc562b95327e089bb3603c9009","codec/src/test/java/io/netty/handler/codec/compression/ZlibTest.java","10","0","0","8","140","190","0"
"hazelcast","f5b5e658ea42c43530cc3fd5e132e2fe503ab8b4","hazelcast/src/main/java/com/hazelcast/client/impl/protocol/task/mapreduce/AbstractMapReduceTask.java","10","0","0","8","150","202","0"
"hazelcast","98b249af9499f13c482d9ffa4ce6f1367ddb4586","hazelcast-client/src/test/java/com/hazelcast/client/HazelcastClientCountDownLatchTest.java","10","0","0","8","162","196","0"
"elasticsearch","889edd00f0de7261a690355129021d2dbeab1aa1","core/src/test/java/org/elasticsearch/action/admin/indices/create/CreateIndexIT.java","10","0","0","8","163","200","3"
"elasticsearch","072eb99c5a1346542ff2bf46a3b3579b8c4b0a86","core/src/test/java/org/elasticsearch/common/settings/SettingsModuleTests.java","10","0","0","8","169","212","1"
"elasticsearch","59742ee0a441ad26b2e13be40afa04b06e4ec978","core/src/test/java/org/elasticsearch/index/mapper/merge/TestMergeMapperTests.java","10","0","0","8","181","232","0"
"netty","174f4ea005e448785725034223dc757cfe146976","codec-http/src/test/java/io/netty/handler/codec/http/HttpServerKeepAliveHandlerTest.java","10","0","0","8","188","231","0"
"elasticsearch","2f5f27fafa479164a1d6fbef224f14f1c85a3cb2","core/src/test/java/org/elasticsearch/index/mapper/DocumentMapperMergeTests.java","10","0","0","8","188","239","2"
"hazelcast","4b12b31e4e2a868107895e53d6543fdc201f385c","hazelcast/src/test/java/com/hazelcast/collection/impl/txnlist/TransactionListTest.java","10","0","0","8","205","251","0"
"neo4j","3cad6b427058f7ea008e0f31ea88a5fdd61b9a82","community/server/src/test/java/org/neo4j/server/rest/transactional/GraphExtractionWriterTest.java","10","0","0","8","217","301","1"
"neo4j","1c6e22fad95ec037f0b9c6fd7a9fadb18e8384d1","community/server/src/test/java/org/neo4j/server/rest/transactional/GraphExtractionWriterTest.java","10","0","0","8","218","300","0"
"elasticsearch","df965fc9b351b926de0ada9f241a2e1c0793974b","core/src/test/java/org/elasticsearch/search/SearchCancellationIT.java","10","0","0","8","228","312","0"
"elasticsearch","06a50fa31ebb5e753010d863a1ca8d2066bf82c4","core/src/test/java/org/elasticsearch/search/SearchCancellationIT.java","10","0","0","8","230","314","1"
"hazelcast","50bbd60a9ae2031621834fa9ce729f448babd684","hazelcast/src/main/java/com/hazelcast/concurrent/lock/ConditionKey.java","10","0","0","8","50","80","2"
"elasticsearch","4b94eb5cb8cc4294ed0e932a5f22c16bd90d4dd7","core/src/main/java/org/elasticsearch/action/admin/indices/stats/IndexStats.java","10","0","0","8","70","104","2"
"elasticsearch","860efb2ad28db09189c8423e05d0dba53010259c","core/src/main/java/org/elasticsearch/action/admin/indices/stats/IndexStats.java","10","0","0","8","70","104","2"
"elasticsearch","d3417fb02291f26964d77767020ef345d18c148f","core/src/main/java/org/elasticsearch/action/admin/indices/stats/IndexStats.java","10","0","0","8","70","104","0"
"hazelcast","12830cf4db72fc7d71edd8a20ee15fba533ab6a8","hazelcast/src/test/java/com/hazelcast/test/mocknetwork/TestNodeRegistry.java","10","0","0","8","89","125","1"
"elasticsearch","22720a1abd4e88cd0c3c860bc0774d1286e2e4d4","src/main/java/org/elasticsearch/search/aggregations/metrics/cardinality/InternalCardinality.java","10","0","0","8","99","138","1"
"hazelcast","5387994dc22a81aea7e60736ccdba8689afc6d47","hazelcast/src/test/java/com/hazelcast/map/MapPreconditionsTest.java","10","0","0","88","524","643","0"
"hazelcast","65563ab5f024efe0698b34df7b7f51ab3254ce3e","hazelcast/src/test/java/com/hazelcast/map/MapPreconditionsTest.java","10","0","0","88","524","654","1"
"hazelcast","5387994dc22a81aea7e60736ccdba8689afc6d47","hazelcast-client-legacy/src/test/java/com/hazelcast/client/map/MapPreconditionsTest.java","10","0","0","89","535","658","0"
"hazelcast","4af90ce062e123cc0e7e1ffb0562e14b5e1eed9e","hazelcast/src/test/java/com/hazelcast/map/MapPreconditionsTest.java","10","0","0","89","539","674","0"
"hazelcast","f0b72e7c6762d537dd2a705044479a250e9b6863","hazelcast/src/test/java/com/hazelcast/test/mocknetwork/TestNodeRegistry.java","10","0","0","9","103","141","0"
"hazelcast","5da39756a924fc9e2ed46c61fcadede40bb5efc7","hazelcast-client/src/test/java/com/hazelcast/client/HazelcastClientCountDownLatchTest.java","10","0","0","9","170","205","0"
"elasticsearch","d77c299cb9b2a55b47fff539b539ebb9846bd858","core/src/test/java/org/elasticsearch/common/settings/SettingsModuleTests.java","10","0","0","9","177","221","0"
"elasticsearch","2ffdd4468d8a2671a160278a3a94714e72347786","modules/reindex/src/test/java/org/elasticsearch/index/reindex/remote/RemoteRequestBuildersTests.java","10","0","0","9","177","240","1"
"elasticsearch","37287284e64a0e91ab400a16b187e719b55c8929","src/test/java/org/elasticsearch/search/simple/SimpleSearchTests.java","10","0","0","9","177","241","0"
"orientdb","283e1d202ea10c89bae57752ba16cab25e96d05f","graphdb/src/test/java/com/orientechnologies/orient/graph/sql/SQLMoveVertexCommandTest.java","10","0","0","9","194","296","1"
"orientdb","ffabef132bab167fb076b4a34d6bebf4c0afc926","graphdb/src/test/java/com/orientechnologies/orient/graph/sql/SQLMoveVertexCommandTest.java","10","0","0","9","194","296","1"
"orientdb","a1005e7c609eeb98dcc098ec414f77d0b5c83be4","graphdb/src/test/java/com/orientechnologies/orient/graph/sql/SQLMoveVertexCommandTest.java","10","0","0","9","194","296","0"
"netty","7dac4fdd250c5638e02511e00d22ddf2a6ecf4d1","handler/src/test/java/io/netty/handler/ssl/SslHandlerTest.java","10","0","0","9","292","366","1"
"netty","be8c16cd0c54f9013b539741bf2a1db13ddc0126","handler/src/test/java/io/netty/handler/ssl/SslHandlerTest.java","10","0","0","9","297","375","0"
"hazelcast","337ada6c765ca1ff34f8d059805cbeb9b1999053","hazelcast-client/src/main/java/com/hazelcast/client/config/ProxyFactoryConfig.java","10","0","0","9","46","77","0"
"hazelcast","8fc0d61fc2604f4a7580375233291a01f3ba0b81","hazelcast/src/main/java/com/hazelcast/map/QueryResult.java","10","0","0","9","68","97","0"
"hazelcast","09094ed4b8b23f801d4dd283a1b73545694471dc","hazelcast/src/test/java/com/hazelcast/nio/tcp/FirewallingMockConnectionManager.java","10","0","0","9","71","102","2"
"hazelcast","0dbf131394b3f71de4518c5914a97bc5ccf01320","hazelcast/src/test/java/com/hazelcast/nio/tcp/FirewallingMockConnectionManager.java","10","0","0","9","71","102","2"
"hazelcast","9931999dce90f46d2a8af5b5f0aa17d9abb7ede0","hazelcast/src/test/java/com/hazelcast/nio/tcp/FirewallingMockConnectionManager.java","10","0","0","9","71","102","0"
"hazelcast","6c85270ac9a92ede13c356a83acae3ce4598b1c6","hazelcast/src/test/java/com/hazelcast/test/mocknetwork/TestNodeRegistry.java","10","0","0","9","93","129","1"
"hazelcast","c7b962eded1db7b4735b713d950eb548f009331f","hazelcast/src/test/java/com/hazelcast/test/mocknetwork/TestNodeRegistry.java","10","0","0","9","93","130","0"
"elasticsearch","5a64f08f048461a63a0ca1354a5050c954e63d52","core/src/main/java/org/elasticsearch/index/MergePolicyConfig.java","10","0","1","0","118","244","0"
"hazelcast","69975a8df84795d2fbd45e45b1d169e13fcbf0b1","hazelcast-wm/src/main/java/com/hazelcast/web/spring/SpringAwareWebFilter.java","10","0","1","0","65","121","0"
"BroadleafCommerce","607407bc859bf8dfed9b2aa731beb496a407e914","core/broadleaf-profile-web/src/main/java/org/broadleafcommerce/profile/web/email/EmailOpenTrackingServlet.java","10","0","1","0","73","116","0"
"netty","20ef4690e74a7a5007468815f070a6c1f5074d0d","transport/src/main/java/io/netty/channel/oio/AbstractOioChannel.java","10","0","1","0","76","120","0"
"oryx","0c6bf96eb475361ed45c4d7e54a970819e33802a","app/oryx-app-mllib/src/test/java/com/cloudera/oryx/app/batch/mllib/AbstractAppMLlibIT.java","10","0","1","0","92","122","0"
"orientdb","e9e6148e7b6fe758168c042bbada8c352cb08759","distributed/src/test/java/com/orientechnologies/orient/server/distributed/AbstractServerClusterTxTest.java","10","0","1","0","92","135","1"
"orientdb","9cf416121d18f72a85f2135ddbd9a4fa47522967","distributed/src/test/java/com/orientechnologies/orient/server/distributed/AbstractServerClusterTxTest.java","10","0","1","0","96","141","0"
"elasticsearch","aadbfa44b4b9ed2a544ca6766d387f66e9272f9a","src/main/java/org/elasticsearch/action/search/type/TransportSearchDfsQueryAndFetchAction.java","10","0","1","1","113","153","0"
"elasticsearch","739e977aa737dd254c37b0f50f5a6b3ebd7a9863","src/test/java/org/elasticsearch/cluster/NoMasterNodeTests.java","10","0","1","1","116","159","1"
"elasticsearch","a6e0f022207a2898f84a1ecf5bd973ab2f7e0330","src/main/java/org/elasticsearch/action/search/type/TransportSearchQueryThenFetchAction.java","10","0","1","1","120","162","1"
"elasticsearch","3c1f2918011c22a1bb2b1a8117ed17e903a2771f","src/main/java/org/elasticsearch/action/support/replication/TransportIndicesReplicationOperationAction.java","10","0","1","1","120","174","1"
"elasticsearch","13a347239a48d71486692a72c066e940dec8921b","core/src/test/java/org/elasticsearch/index/store/CorruptedTranslogIT.java","10","0","1","1","123","173","2"
"elasticsearch","40f119d85a4eaa39d0a6e594e46f70de725557f0","core/src/test/java/org/elasticsearch/index/store/CorruptedTranslogIT.java","10","0","1","1","123","173","1"
"elasticsearch","bbf42d379dc5fac7cddf768b244aa1649efdb10d","core/src/test/java/org/elasticsearch/index/store/CorruptedTranslogIT.java","10","0","1","1","123","173","0"
"elasticsearch","24bc8d331eb28a686233573bdcaf9cadd9a6dc5b","src/main/java/org/elasticsearch/action/admin/indices/recovery/TransportRecoveryAction.java","10","0","1","1","135","188","1"
"elasticsearch","1557c34f2cafa3233b085f814d0e445b083a9644","src/main/java/org/elasticsearch/action/admin/indices/recovery/TransportRecoveryAction.java","10","0","1","1","139","192","2"
"elasticsearch","0d2ccf098934e9f3f968a842e6a41fc0510dd317","core/src/main/java/org/elasticsearch/action/admin/indices/rollover/TransportRolloverAction.java","10","0","1","1","159","219","1"
"elasticsearch","25fd9e26c4fb042d6f6dea14efcd239577bdbbc4","core/src/main/java/org/elasticsearch/action/admin/indices/rollover/TransportRolloverAction.java","10","0","1","1","162","223","0"
"elasticsearch","9077bb6528f843ca8042ff95f8fac47140ef5aa1","modules/elasticsearch/src/main/java/org/elasticsearch/search/facets/geodistance/ScriptGeoDistanceFacetCollector.java","10","0","1","1","49","82","0"
"BroadleafCommerce","94218b87488ba8e51fbcafe3eb5cbf1710ff5fce","admin/broadleaf-open-admin-platform/src/main/java/org/broadleafcommerce/openadmin/security/BroadleafAdminAuthenticationSuccessHandler.java","10","0","1","1","57","97","1"
"orientdb","7ac9dadbe1b8512a204a416b23a1d6acb6dc21b0","server/src/main/java/com/orientechnologies/orient/server/network/protocol/http/command/OServerCommandAuthenticatedServerAbstract.java","10","0","1","1","60","107","0"
"hazelcast","86b064ba3f1e467e74e95d6da24b03122065ce36","hazelcast-client/src/main/java/com/hazelcast/client/ClientOutOfMemoryHandler.java","10","0","1","1","60","90","2"
"BroadleafCommerce","6581bb4bda7da43fd221c6d4bbbb2e3110928e56","core/broadleaf-profile-web/src/main/java/org/broadleafcommerce/profile/web/core/security/SessionFixationProtectionFilter.java","10","0","1","1","69","120","0"
"elasticsearch","b66a3b7c5974d2d1b9a843817713528aac5ddb59","modules/test/integration/src/test/java/org/elasticsearch/test/stress/get/MGetStress1.java","10","0","1","1","70","105","0"
"elasticsearch","776e5d8096c7ddea8996d8c70165f6971aadd776","core/src/main/java/org/elasticsearch/action/get/TransportGetAction.java","10","0","1","1","73","111","1"
"BroadleafCommerce","ba29dff7f9ad1a46a79f830a5dcce967a8b16973","common/src/main/java/org/broadleafcommerce/common/util/sql/importsql/DemoOracleSingleLineSqlCommandExtractor.java","10","0","1","1","73","118","0"
"elasticsearch","2e2e345dcb90e1ec1c48c6bb5348469fc514aea1","src/main/java/org/elasticsearch/action/admin/cluster/snapshots/get/TransportGetSnapshotsAction.java","10","0","1","1","74","107","5"
"elasticsearch","c5ebdf11bb31f7efc1df908215f9b3218b230325","src/main/java/org/elasticsearch/action/admin/cluster/snapshots/get/TransportGetSnapshotsAction.java","10","0","1","1","74","107","4"
"elasticsearch","adc0807c686b37bf1d96bd3eb9d26face380fe44","src/main/java/org/elasticsearch/action/admin/cluster/snapshots/get/TransportGetSnapshotsAction.java","10","0","1","1","74","107","0"
"elasticsearch","f35cd0e30ad5463f774a310680fae2c3e7055b86","modules/lang-painless/src/main/java/org/elasticsearch/painless/node/SDo.java","10","0","1","1","74","124","0"
"BroadleafCommerce","35fc9949359b047d4c18fbc6045f42d4143184a3","admin/broadleaf-open-admin-platform/src/main/java/org/broadleafcommerce/openadmin/server/factory/PersistencePackageFactoryImpl.java","10","0","1","1","77","116","1"
"BroadleafCommerce","63fbd9cf0e68a367c947b8ca8fb30c0585b02366","admin/broadleaf-open-admin-platform/src/main/java/org/broadleafcommerce/openadmin/server/factory/PersistencePackageFactoryImpl.java","10","0","1","1","78","117","0"
"BroadleafCommerce","aa04e6eabcf0eaf9a846268715da4854ac20f528","admin/broadleaf-open-admin-platform/src/main/java/org/broadleafcommerce/openadmin/server/factory/PersistencePackageFactoryImpl.java","10","0","1","1","81","120","0"
"elasticsearch","16e5cdf8d092842b7e4eb25de681f217d9cb48d0","src/test/java/org/elasticsearch/percolator/PercolatorFacetsAndAggregationsTests.java","10","0","1","1","88","126","2"
"elasticsearch","2ba2fb193d51da18ee183e326b75d4600775a529","src/test/java/org/elasticsearch/action/admin/HotThreadsTest.java","10","0","1","1","93","126","1"
"elasticsearch","10ec2e948a2f1426a5058ca3b2c2e39952f141d8","src/main/java/org/elasticsearch/action/admin/indices/delete/TransportDeleteIndexAction.java","10","0","1","1","97","140","2"
"elasticsearch","7c27d53ee15b4fd411b71a049a204d826960c910","src/main/java/org/elasticsearch/cloud/azure/AzureStorageServiceImpl.java","10","0","1","10","158","223","2"
"elasticsearch","13a347239a48d71486692a72c066e940dec8921b","core/src/test/java/org/elasticsearch/cluster/ClusterInfoServiceIT.java","10","0","1","10","201","267","2"
"hazelcast","abf89399ccbe79d1705a22f14e2cd589cf10d212","hazelcast/src/test/java/com/hazelcast/scheduledexecutor/ScheduledExecutorServiceTestSupport.java","10","0","1","10","268","373","1"
"orientdb","4c7c56b3667b0bc6889f647c07e0ec821f179308","core/src/main/java/com/orientechnologies/orient/core/sql/method/misc/OAbstractSQLMethod.java","10","0","1","10","82","121","0"
"elasticsearch","0cf1d16187fcf10e9d0e64402bb6d0ebba5d7b80","core/src/main/java/org/elasticsearch/index/query/support/InnerHitsBuilder.java","10","0","1","10","88","127","1"
"elasticsearch","8685818ad391fe3a6b0751e5028d361dff227e77","src/main/java/org/elasticsearch/search/aggregations/bucket/histogram/DateHistogramBuilder.java","10","0","1","10","88","135","1"
"BroadleafCommerce","15e70fe6b89d008dd88b5e98dbfc66a720db68bb","core/broadleaf-framework/src/main/java/org/broadleafcommerce/core/catalog/domain/CategoryProductXrefImpl.java","10","0","1","10","97","158","0"
"orientdb","3f8a27bc804b4ea21ecc77eac06a343ea3f931d2","core/src/main/java/com/orientechnologies/orient/core/metadata/sequence/OSequenceLibraryImpl.java","10","0","1","11","116","153","0"
"antlr4","8af00801037d3b8933f29d0903daac3e9c05349e","tool/src/org/antlr/v4/tool/ast/GrammarASTWithOptions.java","10","0","1","11","55","78","0"
"netty","6e5b25733f49d2ea843a89b4d547b856142212ec","codec-http2/src/test/java/io/netty/handler/codec/http2/Http2ConnectionRoundtripTest.java","10","0","1","11","623","775","2"
"titan","996dd26106e7310f2a8681591e7b86596f690532","titan-core/src/main/java/com/thinkaurelius/titan/diskstorage/keycolumnvalue/KeyRangeQuery.java","10","0","1","11","67","98","0"
"orientdb","dca6885c95f754e9a03f1366b7f1ed83a9d92ed4","core/src/main/java/com/orientechnologies/common/util/OPair.java","10","0","1","11","69","115","1"
"elasticsearch","6a9ef99d0f60253f5e54e4474d0821b47fa4ae3d","core/src/test/java/org/elasticsearch/cluster/routing/allocation/AwarenessAllocationTests.java","10","0","1","11","698","896","0"
"orientdb","3e920fd2b6c20b8d17f4119cff1edde42a2802bf","server/src/main/java/com/orientechnologies/orient/server/distributed/task/OSQLCommandTask.java","10","0","1","12","118","175","0"
"orientdb","13c84a352a84fa9a8e4b68c8913322c99e1dca97","server/src/main/java/com/orientechnologies/orient/server/distributed/task/OSQLCommandTask.java","10","0","1","12","119","176","1"
"orientdb","adddd500f5b684336e6d81b081c449dabe52977d","server/src/main/java/com/orientechnologies/orient/server/distributed/task/OSQLCommandTask.java","10","0","1","12","119","176","1"
"orientdb","ce730084aa5f7cde8321f5f9913349040d5b5425","server/src/main/java/com/orientechnologies/orient/server/distributed/task/OSQLCommandTask.java","10","0","1","12","119","176","0"
"hazelcast","4eef0f6f0630c47a4baca6875343ccd506948bb5","hazelcast/src/main/java/com/hazelcast/mapreduce/impl/MultiMapKeyValueSource.java","10","0","1","12","122","171","1"
"hazelcast","f5d0f6d0c65c355122aa1fd5b9fc9949e7e6258b","hazelcast/src/main/java/com/hazelcast/mapreduce/impl/MultiMapKeyValueSource.java","10","0","1","12","122","171","2"
"hazelcast","74d6f72756601ada8fcd5b952384223dac5d5b25","hazelcast/src/main/java/com/hazelcast/mapreduce/impl/MultiMapKeyValueSource.java","10","0","1","12","122","171","0"
"elasticsearch","2b03bc83a40e470c977564195f6dcc2c208710d1","src/main/java/org/elasticsearch/common/lucene/search/function/FunctionScoreQuery.java","10","0","1","12","154","213","1"
"hazelcast","2c9d003a0c40996287126d3073e68634669ba674","hazelcast/src/main/java/com/hazelcast/nio/tcp/nonblocking/NonBlockingIOThreadingModel.java","10","0","1","12","163","228","0"
"elasticsearch","6e566cdf6cab837bdbdb5300ca85038fba1488c1","test/framework/src/main/java/org/elasticsearch/test/ESAllocationTestCase.java","10","0","1","12","190","254","1"
"elasticsearch","cb0824e957dcb7a20e8450f97283874eb61b9abe","test/framework/src/main/java/org/elasticsearch/test/ESAllocationTestCase.java","10","0","1","12","192","256","0"
"hazelcast","90408588053d67fc9835ccdaa88e6c79dc591f1d","hazelcast-client/src/test/java/com/hazelcast/client/map/ClientSortLimitTest.java","10","0","1","12","198","267","1"
"elasticsearch","a1a16276da4e11de6dbdd4ab3e68af5e3802dc4a","src/main/java/org/elasticsearch/gateway/TransportNodesListGatewayStartedShards.java","10","0","1","12","200","268","0"
"elasticsearch","78d86bcf411ebd940e10539f039282b3d115c5a0","src/main/java/org/elasticsearch/gateway/TransportNodesListGatewayStartedShards.java","10","0","1","12","211","281","0"
"elasticsearch","ff6b605778c38613c35f5dd4fec78b482f8c075d","src/main/java/org/elasticsearch/gateway/TransportNodesListGatewayStartedShards.java","10","0","1","12","214","284","1"
"hazelcast","4670e6bf9ee389d3824db74d512a54603378364f","hazelcast/src/main/java/com/hazelcast/util/scheduler/ScheduledEntry.java","10","0","1","12","86","132","2"
"hazelcast","70d4de16ff0ac4518d09aad8c9f2ad9e782fb337","hazelcast/src/main/java/com/hazelcast/mapreduce/impl/MultiMapKeyValueSource.java","10","0","1","13","125","175","1"
"hazelcast","d568e4d926d925d57d4e79e34614390416749301","hazelcast/src/main/java/com/hazelcast/mapreduce/impl/MultiMapKeyValueSource.java","10","0","1","13","127","177","0"
"hazelcast","ed777f64e4d046bb45ae4ee062b463e33526e3ad","hazelcast-ra/hazelcast-jca/src/main/java/com/hazelcast/jca/ManagedConnectionImpl.java","10","0","1","13","131","195","1"
"BroadleafCommerce","dbf73902c3ecf020da58b75a4f2ea1cddb303303","core/broadleaf-framework/src/main/java/org/broadleafcommerce/core/search/redirect/domain/SearchRedirectImpl.java","10","0","1","13","139","193","0"
"netty","2dffc2f9fb89966e4a7d227e52a8d937ef0875b0","codec-http2/src/test/java/io/netty/handler/codec/http2/Http2ConnectionRoundtripTest.java","10","0","1","13","676","841","1"
"netty","e8673632a6f0478a342746bb0f5ec23fd12d9ba4","codec-http2/src/test/java/io/netty/handler/codec/http2/Http2ConnectionRoundtripTest.java","10","0","1","13","676","842","1"
"netty","08e0c612cf1670a263c5a0c3198b27213c55fd78","codec-http2/src/test/java/io/netty/handler/codec/http2/Http2ConnectionRoundtripTest.java","10","0","1","13","677","842","0"
"elasticsearch","db1b243343422b63f1ab01f2a4a6f7f0e95496ef","core/src/main/java/org/elasticsearch/search/aggregations/pipeline/bucketmetrics/percentile/InternalPercentilesBucket.java","10","0","1","14","130","175","0"
"BroadleafCommerce","a8200326236f997a455da2ed9391c68dd865bbd2","core/broadleaf-framework/src/main/java/org/broadleafcommerce/core/order/domain/OrderItemAttributeImpl.java","10","0","1","14","133","187","0"
"neo4j","036e0742c9800ed47922595c97274b360cfbc9ef","community/bolt/src/main/java/org/neo4j/bolt/BoltKernelExtension.java","10","0","1","14","192","290","2"
"netty","e6ca9882a107c34cf6358c8d7a68561025f06016","codec-http2/src/test/java/io/netty/handler/codec/http2/InboundHttp2ToHttpAdapterTest.java","10","0","1","14","745","827","1"
"netty","01012fc5b7550af189a1fb2d35819347a85dd112","codec-http2/src/test/java/io/netty/handler/codec/http2/Http2ConnectionRoundtripTest.java","10","0","1","14","748","931","0"
"netty","07a641900c55652d71018c0c1474aba20059432a","codec-http2/src/test/java/io/netty/handler/codec/http2/Http2ConnectionRoundtripTest.java","10","0","1","14","749","932","1"
"netty","ba6ce5449ee852b782dde9a11933f6a09b123e22","codec-http2/src/test/java/io/netty/handler/codec/http2/InboundHttp2ToHttpAdapterTest.java","10","0","1","14","753","835","0"
"netty","44bb3b6f3afcd15ec26a08c5feea132aed80c00d","codec-http2/src/test/java/io/netty/handler/codec/http2/InboundHttp2ToHttpAdapterTest.java","10","0","1","14","756","836","1"
"netty","282aa35682e9f610f71e7f08220131822609f131","codec-http2/src/test/java/io/netty/handler/codec/http2/InboundHttp2ToHttpAdapterTest.java","10","0","1","14","756","841","0"
"hazelcast","2787d1290f74c14e6e2f771f38fd30dba54f966c","hazelcast/src/main/java/com/hazelcast/config/EntryListenerConfig.java","10","0","1","14","83","125","1"
"hazelcast","217c507d7725e99aad3a544ca43bd57110eb4f17","hazelcast/src/main/java/com/hazelcast/config/EntryListenerConfig.java","10","0","1","14","89","131","2"
"elasticsearch","8b9ec890c3c0f2cf29284aabb3d65aef24e523cf","modules/elasticsearch/src/main/java/org/elasticsearch/index/mapper/xcontent/ParentFieldMapper.java","10","0","1","14","97","149","0"
"hazelcast","32c992e54122e294d32f424a32ec50f2893d0c10","hazelcast/src/main/java/com/hazelcast/collection/CollectionService.java","10","0","1","15","109","149","0"
"netty","2dffc2f9fb89966e4a7d227e52a8d937ef0875b0","codec-http2/src/test/java/io/netty/handler/codec/http2/InboundHttp2ToHttpAdapterTest.java","10","0","1","15","795","878","1"
"netty","08e0c612cf1670a263c5a0c3198b27213c55fd78","codec-http2/src/test/java/io/netty/handler/codec/http2/InboundHttp2ToHttpAdapterTest.java","10","0","1","15","796","879","0"
"orientdb","16079d38520f313144dee6a6a97982d94402b763","core/src/main/java/com/orientechnologies/orient/core/metadata/sequence/OSequenceLibraryImpl.java","10","0","1","16","125","170","1"
"orientdb","c871bcbc93f785701cc81e159699c0d2229569b3","server/src/main/java/com/orientechnologies/orient/server/distributed/task/OUpdateRecordTask.java","10","0","1","16","137","197","0"
"netty","6e5b25733f49d2ea843a89b4d547b856142212ec","codec-http2/src/test/java/io/netty/handler/codec/http2/InboundHttp2ToHttpAdapterTest.java","10","0","1","16","854","938","2"
"hazelcast","ff8b21629843759ab491b2428df0e04db17ae92f","hazelcast/src/test/java/com/hazelcast/map/mapstore/MapLoaderTest.java","10","0","1","17","281","351","0"
"elasticsearch","19843b50e9f35b7391b7f2842dcb264f55c1dee9","core/src/test/java/org/elasticsearch/index/shard/IndexShardOperationPermitsTests.java","10","0","1","17","334","609","0"
"neo4j","53a98b0736387e9e71640b7ae062697ceee7d966","community/kernel/src/test/java/org/neo4j/kernel/impl/nioneo/xa/WriteTransactionTest.java","10","0","1","17","525","700","0"
"elasticsearch","ec1afe30ea9c34f7d63da273a3077c28a4849e4f","core/src/main/java/org/elasticsearch/search/internal/ShardSearchLocalRequest.java","10","0","1","18","183","255","0"
"elasticsearch","8bdfd21b70568a39ebf5232e8c395f5206a7a63f","src/test/java/org/elasticsearch/transport/ContextAndHeaderTransportTests.java","10","0","1","18","342","439","0"
"elasticsearch","4ff1b429f1351c17ae5f3a4338a7ac33db49ef70","modules/elasticsearch/src/main/java/org/elasticsearch/index/gateway/CommitPoint.java","10","0","1","19","103","154","0"
"elasticsearch","5668b1cfc579e5e05f2bb50d78bcdebd75da1ecb","src/main/java/org/elasticsearch/common/bytes/ByteBufferBytesReference.java","10","0","1","19","135","181","1"
"elasticsearch","72d2ac13280cc8c9d52361aad9e2193cbf004708","src/main/java/org/elasticsearch/common/bytes/ByteBufferBytesReference.java","10","0","1","19","136","181","0"
"elasticsearch","e8e684c6c48d3289f154cbb230f6bcd38fa2bc79","src/test/java/org/elasticsearch/percolator/PercolatorFacetsAndAggregationsTests.java","10","0","1","2","100","139","0"
"elasticsearch","0a69f1e283e26e5d9e6a000b68b9f4778de557a1","core/src/test/java/org/elasticsearch/recovery/FullRollingRestartIT.java","10","0","1","2","101","166","2"
"elasticsearch","17913c56fb6b0bea9b8740e72f2c4caf93ebdb60","core/src/test/java/org/elasticsearch/recovery/FullRollingRestartIT.java","10","0","1","2","101","166","1"
"elasticsearch","5a64f08f048461a63a0ca1354a5050c954e63d52","core/src/test/java/org/elasticsearch/recovery/FullRollingRestartIT.java","10","0","1","2","101","166","0"
"elasticsearch","fbe27664a65ca7ab5b7dbe1c328ab27423e4313c","core/src/main/java/org/elasticsearch/rest/action/search/RestExplainAction.java","10","0","1","2","108","145","2"
"elasticsearch","0a69f1e283e26e5d9e6a000b68b9f4778de557a1","core/src/test/java/org/elasticsearch/indices/analysis/PreBuiltAnalyzerIntegrationIT.java","10","0","1","2","122","176","2"
"elasticsearch","5a64f08f048461a63a0ca1354a5050c954e63d52","core/src/test/java/org/elasticsearch/indices/analysis/PreBuiltAnalyzerIntegrationIT.java","10","0","1","2","123","177","0"
"hazelcast","8f4bd212b6f6d23d50698b5b31c2199105378cd5","hazelcast/src/main/java/com/hazelcast/util/executor/LoggingScheduledExecutor.java","10","0","1","2","123","184","0"
"elasticsearch","3a0dd59a15c49f5be0483658f44bd411f62e1ac5","core/src/test/java/org/elasticsearch/indices/analysis/PreBuiltAnalyzerIntegrationIT.java","10","0","1","2","125","180","1"
"orientdb","b27bb99f64f5a211acd2f1639a5895ce09a1b883","distributed/src/test/java/com/orientechnologies/orient/server/distributed/AbstractDistributedWriteTest.java","10","0","1","2","132","184","0"
"neo4j","036e0742c9800ed47922595c97274b360cfbc9ef","community/kernel/src/main/java/org/neo4j/kernel/impl/factory/EditionModule.java","10","0","1","2","158","217","2"
"elasticsearch","0e52e3420e7222e46dfb15b79f0c4615a14ca0d3","core/src/main/java/org/elasticsearch/common/settings/IndexScopedSettings.java","10","0","1","2","159","202","0"
"neo4j","7a8ef0c3724aaa3b46a1967633032820eb001709","community/kernel/src/main/java/org/neo4j/kernel/impl/factory/EditionModule.java","10","0","1","2","162","222","2"
"neo4j","2fb8aea71a2d50c63f1407b9e975c5e8cbf325dc","community/kernel/src/main/java/org/neo4j/kernel/impl/factory/EditionModule.java","10","0","1","2","163","225","3"
"elasticsearch","bd574d92aed0566f0809b78321cd24add59fba59","core/src/main/java/org/elasticsearch/common/transport/NetworkExceptionHelper.java","10","0","1","2","37","65","0"
"hazelcast","b0c7338849694eb76a8f99d719901e14ea209fd1","hazelcast-client/src/main/java/com/hazelcast/client/util/AddressHelper.java","10","0","1","2","48","76","0"
"elasticsearch","5d6e84f206c85476d25e4b26e7998db2067e3bac","modules/elasticsearch/src/main/java/org/elasticsearch/search/facet/geodistance/ScriptGeoDistanceFacetCollector.java","10","0","1","2","54","89","1"
"elasticsearch","4b5592cc592207d26871af562d087c1a79087fc3","src/main/java/org/elasticsearch/search/aggregations/bucket/filters/FiltersParser.java","10","0","1","2","58","90","1"
"elasticsearch","31ecf1db98ba9822ca5eccd23dc3a09a06e91818","src/main/java/org/elasticsearch/common/Names.java","10","0","1","2","60","92","1"
"elasticsearch","a500ba752e44a77b40247cd11a1c3b0572a23d08","src/main/java/org/elasticsearch/rest/action/admin/indices/settings/RestUpdateSettingsAction.java","10","0","1","2","61","93","0"
"elasticsearch","9b68e98ea24f08e2a21575750bd0240374512a13","src/main/java/org/elasticsearch/rest/action/support/RestXContentBuilder.java","10","0","1","2","68","100","1"
"hazelcast","bafe862864f461d786cba3cb62cd6742af62f8e8","hazelcast/src/main/java/com/hazelcast/internal/nearcache/impl/store/NearCacheObjectRecordStore.java","10","0","1","2","68","106","0"
"hazelcast","9af6389d7a3ab6bd5e3cb3ded4a094034874133a","hazelcast/src/main/java/com/hazelcast/internal/nearcache/impl/store/NearCacheObjectRecordStore.java","10","0","1","2","69","107","0"
"elasticsearch","518488b0b299ba26d3ad9503c5ef88ff287709a2","modules/elasticsearch/src/main/java/org/elasticsearch/index/analysis/CustomAnalyzerProvider.java","10","0","1","2","69","108","0"
"orientdb","99a07688bdc3979e788f469cae7c5d9bd2fa9709","lucene/src/main/java/com/orientechnologies/lucene/parser/OLuceneMultiFieldQueryParser.java","10","0","1","2","70","93","0"
"orientdb","5499f443102cace2dfa66d6bb93b5715bc0a6393","lucene/src/main/java/com/orientechnologies/lucene/parser/OLuceneMultiFieldQueryParser.java","10","0","1","2","70","94","0"
"hazelcast","951ffdc2e22a155ef94f1bfaaea080af2efc64d6","hazelcast/src/main/java/com/hazelcast/internal/usercodedeployment/impl/ClassDataProvider.java","10","0","1","2","75","106","1"
"elasticsearch","31ea01bbc68f64cd7787b97479cb5deba1b529b9","modules/elasticsearch/src/main/java/org/elasticsearch/rest/action/search/RestSearchScrollAction.java","10","0","1","2","79","112","0"
"neo4j","737bbf8d7a2c473b0df517235b3822c3b4110231","community/bolt/src/main/java/org/neo4j/bolt/security/auth/BasicAuthentication.java","10","0","1","2","80","115","0"
"elasticsearch","371c73e14023917f3892090d2d3d7ff9ac1216b9","core/src/main/java/org/elasticsearch/search/aggregations/bucket/significant/SignificantTermsParser.java","10","0","1","2","81","110","3"
"elasticsearch","78574d248cf10dad1c5a566fda79e1e0c94afe43","core/src/main/java/org/elasticsearch/search/aggregations/bucket/significant/SignificantTermsParser.java","10","0","1","2","81","110","2"
"elasticsearch","e6aaaf11ed4a1b8f595f920de1840938eddb7a97","core/src/main/java/org/elasticsearch/search/aggregations/bucket/significant/SignificantTermsParser.java","10","0","1","2","81","110","2"
"elasticsearch","a60b8948ba1d836a6eac7cff095519e618939ed8","core/src/main/java/org/elasticsearch/search/aggregations/bucket/significant/SignificantTermsParser.java","10","0","1","2","81","110","0"
"elasticsearch","2b3760f78b26817b5a2030aa27b1ddf2f17462f6","core/src/main/java/org/elasticsearch/rest/action/admin/indices/RestGetAliasesAction.java","10","0","1","2","84","119","1"
"neo4j","0aa66c5acd804a93f5700ddb017c092743aa03d0","community/bolt/src/main/java/org/neo4j/bolt/security/auth/BasicAuthentication.java","10","0","1","2","86","121","1"
"BroadleafCommerce","037c7dd5de30df0a5b79d3759abbbb69ee2942bf","core/broadleaf-framework-web/src/main/java/org/broadleafcommerce/core/web/controller/catalog/BroadleafSearchController.java","10","0","1","2","94","144","1"
"BroadleafCommerce","8ddf31e353f9bba8ff69b12aac38faa416cabbf4","common/src/main/java/org/broadleafcommerce/common/web/processor/ResourceBundleProcessor.java","10","0","1","2","94","214","0"
"elasticsearch","86cb76a0ce8ecb1532cde94a0164f8fa41dbc96b","src/main/java/org/elasticsearch/rest/action/count/RestCountAction.java","10","0","1","2","96","130","0"
"elasticsearch","db11c30dd5970169f06f0594ad7db382206cecea","src/main/java/org/elasticsearch/rest/action/count/RestCountAction.java","10","0","1","2","97","131","1"
"hazelcast","f8775064d4ce9f1e642cfba487953a8b23d078fe","hazelcast/src/test/java/com/hazelcast/queue/QueueStoreTest.java","10","0","1","20","183","245","0"
"elasticsearch","35ddc749b18f90d4ba4b71175069d057b282b130","core/src/test/java/org/elasticsearch/deps/joda/SimpleJodaTests.java","10","0","1","20","281","369","1"
"elasticsearch","d2507c4ac0477f28b441f83eeac07786fb8f42b4","core/src/test/java/org/elasticsearch/index/shard/IndexShardTests.java","10","0","1","20","442","543","1"
"elasticsearch","28109a18a2dc1f30207d09bdfb2148e8d7906337","test-framework/src/main/java/org/elasticsearch/test/ESAllocationTestCase.java","10","0","1","21","173","234","1"
"elasticsearch","4a6f3c78408c316d9f6f212d2664adda13c54a44","test-framework/src/main/java/org/elasticsearch/test/ESAllocationTestCase.java","10","0","1","21","176","241","0"
"hazelcast","ffe9301db5174bd688cf5f986f7078484fa6cef7","hazelcast/src/main/java/com/hazelcast/nio/serialization/DefaultPortableWriter.java","10","0","1","23","150","198","0"
"neo4j","e585b240041e690c2d74b43946717eb090aceefe","community/kernel/src/test/java/org/neo4j/kernel/impl/api/index/IndexingServiceTest.java","10","0","1","23","906","1202","1"
"neo4j","3531ccd0c175975b3e1372e68128f4404561f202","community/kernel/src/test/java/org/neo4j/kernel/impl/api/index/IndexingServiceTest.java","10","0","1","23","908","1204","0"
"hazelcast","2534b95d1b9d26ff221548d74c8f6c001882c35d","hazelcast/src/main/java/com/hazelcast/nio/serialization/DefaultPortableReader.java","10","0","1","25","238","291","0"
"hazelcast","ed3c53bd4c5ab27e27893324c59d9e6acf8931a2","hazelcast/src/main/java/com/hazelcast/client/impl/protocol/task/dynamicconfig/QueryCacheConfigHolder.java","10","0","1","27","145","196","1"
"BroadleafCommerce","871a21059363c745a87780bbc75dc3b4a3492f92","admin/broadleaf-open-admin-platform/src/main/java/org/broadleafcommerce/openadmin/web/controller/AdminLoginController.java","10","0","1","27","205","274","2"
"BroadleafCommerce","f7135e6ef676ab5135dfbc7573f38ad38f86c298","admin/broadleaf-open-admin-platform/src/main/java/org/broadleafcommerce/openadmin/web/controller/AdminLoginController.java","10","0","1","27","206","276","0"
"hazelcast","d38202141395360399c9cf97d4453adf5b1581e1","hazelcast-client-new/src/main/java/com/hazelcast/client/proxy/ClientListProxy.java","10","0","1","27","269","326","1"
"BroadleafCommerce","b59692373bd2e17a0ce87ea0127e54b35e0d24d8","admin/broadleaf-open-admin-platform/src/main/java/org/broadleafcommerce/openadmin/server/service/persistence/module/criteria/FilterMapping.java","10","0","1","28","145","209","0"
"BroadleafCommerce","871a21059363c745a87780bbc75dc3b4a3492f92","admin/broadleaf-open-admin-platform/src/main/java/org/broadleafcommerce/openadmin/server/security/domain/AdminUserImpl.java","10","0","1","29","255","331","2"
"Android-Universal-Image-Loader","a3a6db9ef3531b23100e8f786d87dcba833c60f8","library/src/com/nostra13/universalimageloader/core/download/BaseImageDownloader.java","10","0","1","3","101","208","0"
"BroadleafCommerce","c6a1044ac214f91a43e44dbfa4157ef32b871a02","admin/broadleaf-contentmanagement-module/src/main/java/org/broadleafcommerce/cms/admin/web/controller/AdminPageController.java","10","0","1","3","128","179","0"
"elasticsearch","0c03d0056cc1a0e4ac8bd589c89f0fad9f01c080","core/src/test/java/org/elasticsearch/index/MergeSchedulerSettingsTests.java","10","0","1","3","142","183","0"
"elasticsearch","29f63c78cc2c57fe1b804a81424bdb37a2f73d55","core/src/test/java/org/elasticsearch/indices/recovery/EvilPeerRecoveryIT.java","10","0","1","3","159","242","1"
"elasticsearch","eb36b82de48750777172ecdc3b019de32535e3f4","core/src/test/java/org/elasticsearch/indices/recovery/EvilPeerRecoveryIT.java","10","0","1","3","160","243","0"
"neo4j","2fb8aea71a2d50c63f1407b9e975c5e8cbf325dc","community/kernel/src/main/java/org/neo4j/kernel/impl/factory/CommunityEditionModule.java","10","0","1","3","205","275","2"
"elasticsearch","57c0d29114b60f74e43ceb0914c26d490b61a265","src/main/java/org/elasticsearch/index/query/MatchAllQueryParser.java","10","0","1","3","45","80","1"
"elasticsearch","770ccf421b468f518fffbd7671632569f49d59cb","modules/elasticsearch/src/main/java/org/elasticsearch/index/query/xcontent/ConstantScoreQueryParser.java","10","0","1","3","54","88","0"
"elasticsearch","43f71d1ff5cb0e9883a18c1ed26557cd2fac4462","core/src/main/java/org/elasticsearch/index/query/ConstantScoreQueryParser.java","10","0","1","3","55","89","1"
"neo4j","128c1e47ce3f69ef3da6489e27a95f4ff19bab47","enterprise/core-edge/src/main/java/org/neo4j/coreedge/server/core/EnterpriseCoreEditionModule.java","10","0","1","3","559","707","0"
"elasticsearch","770ccf421b468f518fffbd7671632569f49d59cb","modules/elasticsearch/src/main/java/org/elasticsearch/search/facet/FacetsPhase.java","10","0","1","3","66","101","0"
"hazelcast","7163c3d0c9923842fe8722860544cb7fab6fbb85","hazelcast/src/main/java/com/hazelcast/util/SortingUtil.java","10","0","1","3","66","103","2"
"netty","a5006c1969e6bfab2d78699de190441e518f34b8","transport/src/main/java/io/netty/channel/ThreadPerChannelEventLoop.java","10","0","1","3","67","97","0"
"elasticsearch","bbd63f0ffef611842315044f4275a341ce7110cf","modules/elasticsearch/src/main/java/org/elasticsearch/search/facet/FacetsPhase.java","10","0","1","3","69","104","0"
"hazelcast","1aa12b8d2a5e2e12327bfca7a30124305fee460f","hazelcast/src/main/java/com/hazelcast/util/SortingUtil.java","10","0","1","3","69","106","1"
"elasticsearch","269798c70acd7dbf939352d8793b1ef38e4df43a","src/main/java/org/elasticsearch/rest/action/support/RestXContentBuilder.java","10","0","1","3","71","104","0"
"hazelcast","5ca2eb7270cb2ae320c78e06be394586b0f1e902","hazelcast/src/main/java/com/hazelcast/map/impl/operation/PutFromLoadAllBackupOperation.java","10","0","1","3","73","106","1"
"BroadleafCommerce","13078afb2f9c49e07331d972b5f24307f3823eac","core/broadleaf-framework-web/src/main/java/org/broadleafcommerce/core/web/catalog/CategoryHandlerMapping.java","10","0","1","3","73","124","0"
"orientdb","11dfa2968d648a5f1d092e60392c240655ea8a42","lucene/src/main/java/com/orientechnologies/lucene/builder/OLuceneQueryBuilder.java","10","0","1","3","74","119","0"
"netty","9125060752f5124949e55a6868647c75f88cdb01","example/src/main/java/io/netty/example/http/snoop/HttpSnoopClient.java","10","0","1","3","77","120","0"
"netty","1603d9792dd972cdc6bd1b83a4e890cbe103c797","transport/src/main/java/io/netty/channel/ChannelInboundMessageHandlerAdapter.java","10","0","1","3","78","168","0"
"elasticsearch","30ab8739a6e11ea7d5f25a62e290932d5f2d740f","core/src/main/java/org/elasticsearch/common/compress/DeflateCompressor.java","10","0","1","3","86","128","0"
"elasticsearch","3136ed1490e41b4c82b8ee05ff2d224e113ef1b8","core/src/main/java/org/elasticsearch/common/compress/DeflateCompressor.java","10","0","1","3","87","127","1"
"elasticsearch","831ea789aae152effe1ce56335a4c1c49fb269cf","src/main/java/org/elasticsearch/search/facet/terms/strings/FieldsTermsStringFacetExecutor.java","10","0","1","3","90","145","0"
"hazelcast","a4035afdfc67b757940a15578bc51b4e7b6b0b13","hazelcast-client-new/src/main/java/com/hazelcast/client/util/ClientCancellableDelegatingFuture.java","10","0","1","3","91","128","0"
"hazelcast","65df300ddcacf2cee04f1eee8f75731e147decbf","hazelcast-client-legacy/src/main/java/com/hazelcast/client/proxy/ClientMultiMapProxy.java","10","0","1","31","330","414","1"
"hazelcast","623ff1855aa985aa276e8395aabf0b534c7a36c3","hazelcast-client-legacy/src/main/java/com/hazelcast/client/proxy/ClientMultiMapProxy.java","10","0","1","31","332","416","0"
"hazelcast","235a0817594ec6ff219074ced2fa73638f44c5b9","hazelcast/src/main/java/com/hazelcast/jmx/MapMBean.java","10","0","1","35","258","327","1"
"netty","b9e279064d56da888893f0c54f62bc2b8ec4698d","codec-http/src/main/java/io/netty/handler/codec/http/multipart/MixedFileUpload.java","10","0","1","36","206","270","0"
"hazelcast","7495b3bd2a81671385b555fbc6ffe8713053aabd","hazelcast/src/test/java/com/hazelcast/concurrent/lock/LockLeaseMemberBounceTest.java","10","0","1","4","103","131","0"
"netty","bcbc23913e5d705412c2f2f47ddf8159aa1b002f","handler/src/main/java/io/netty/handler/ipfilter/IpSubnetFilterRule.java","10","0","1","4","109","160","1"
"netty","b285994e103b549465115c6a71e684a4f61f304b","handler/src/main/java/io/netty/handler/ipfilter/IpSubnetFilterRule.java","10","0","1","4","109","170","0"
"netty","799350c369e68462b61c6aef97db2a33ea937434","handler/src/main/java/io/netty/handler/ipfilter/IpSubnetFilterRule.java","10","0","1","4","110","172","0"
"oryx","08aa247a098e6225c8499b18f9ffb667856cd7c3","app/oryx-app/src/main/java/com/cloudera/oryx/app/speed/kmeans/KMeansSpeedModelManager.java","10","0","1","4","116","163","0"
"hazelcast","c4feb143e90da0ac828ba9077c83e15a9d4fb4cd","hazelcast-client/src/main/java/com/hazelcast/client/cache/impl/HazelcastClientCacheManager.java","10","0","1","4","119","159","1"
"hazelcast","23c8fa6ea06ea514d0009b6cb37f8af245bef892","hazelcast-client/src/main/java/com/hazelcast/client/cache/impl/HazelcastClientCacheManager.java","10","0","1","4","120","160","0"
"hazelcast","2b274e6521ea45ba3f56fc50cbbe51d807794e3c","hazelcast-client/src/main/java/com/hazelcast/client/cache/impl/HazelcastClientCacheManager.java","10","0","1","4","120","160","0"
"hazelcast","6aa478bb5620a41415f1e93043cca925c0c56043","hazelcast-client/src/main/java/com/hazelcast/client/cache/impl/HazelcastClientCacheManager.java","10","0","1","4","120","160","0"
"hazelcast","5bd0f1b5d3fb7225fbb9ba525531e912511ff351","hazelcast-client/src/main/java/com/hazelcast/client/cache/impl/HazelcastClientCacheManager.java","10","0","1","4","120","160","1"
"hazelcast","5bd0f1b5d3fb7225fbb9ba525531e912511ff351","hazelcast/src/main/java/com/hazelcast/cache/impl/HazelcastServerCacheManager.java","10","0","1","4","121","173","1"
"hazelcast","c4feb143e90da0ac828ba9077c83e15a9d4fb4cd","hazelcast/src/main/java/com/hazelcast/cache/impl/HazelcastServerCacheManager.java","10","0","1","4","121","173","1"
"hazelcast","23c8fa6ea06ea514d0009b6cb37f8af245bef892","hazelcast/src/main/java/com/hazelcast/cache/impl/HazelcastServerCacheManager.java","10","0","1","4","121","173","0"
"hazelcast","63ce1011c11269e78e0b1243d4775dfc071ba551","hazelcast/src/test/java/com/hazelcast/impl/ClusterListTest.java","10","0","1","4","124","154","0"
"neo4j","cdda46d2875877b744ca96417f56dd749aec1500","community/server/src/main/java/org/neo4j/server/Bootstrapper.java","10","0","1","4","145","201","0"
"neo4j","269c1c2fa4ded11eb10584c2c5fa55b710cdb1b7","community/server/src/main/java/org/neo4j/server/Bootstrapper.java","10","0","1","4","145","202","1"
"hazelcast","23dc01609c7220e3e9784fb94eef7520d17b763b","hazelcast/src/main/java/com/hazelcast/spi/impl/SlowOperationLog.java","10","0","1","4","150","214","0"
"elasticsearch","155620ed8e000cbcc9fe02f9908c73ae8ef5b78d","src/main/java/org/elasticsearch/action/admin/indices/recovery/TransportRecoveryAction.java","10","0","1","4","152","208","2"
"oryx","008d439437affbae40d70282d6114384c0f813cc","framework/oryx-lambda/src/main/java/com/cloudera/oryx/lambda/speed/SpeedLayer.java","10","0","1","4","160","214","0"
"oryx","fddb336ac30ea3fb0bde91c61ef043f523d7d9fe","framework/oryx-lambda/src/main/java/com/cloudera/oryx/lambda/speed/SpeedLayer.java","10","0","1","4","161","216","0"
"oryx","27e9046b2bd92243c260efd8bcd0af46b92bdf9e","framework/oryx-lambda/src/main/java/com/cloudera/oryx/lambda/speed/SpeedLayer.java","10","0","1","4","162","216","0"
"oryx","d16f89b25fc5e12f94af6432274c66e0394c1743","framework/oryx-lambda/src/main/java/com/cloudera/oryx/lambda/speed/SpeedLayer.java","10","0","1","4","163","217","0"
"oryx","3b0fc229b3818b52dda4b6b863f9bca5dcfc4d86","framework/oryx-lambda/src/main/java/com/cloudera/oryx/lambda/speed/SpeedLayer.java","10","0","1","4","164","218","0"
"elasticsearch","fed6b7246047cdbfd376c179b6b15c62d9cdf2a1","core/src/test/java/org/elasticsearch/index/query/NestedQueryBuilderTests.java","10","0","1","4","166","215","1"
"neo4j","2dce9b701631b41aa14f4d8ff186c708b57abd1e","enterprise/core-edge/src/main/java/org/neo4j/coreedge/core/state/machines/locks/LeaderOnlyLockManager.java","10","0","1","4","170","259","0"
"neo4j","5e8fd553e4e127000734e31d43f5623eea742f7d","enterprise/core-edge/src/main/java/org/neo4j/coreedge/core/state/machines/locks/LeaderOnlyLockManager.java","10","0","1","4","173","262","1"
"oryx","4bda59507a37d222f61f663eaddd241f834fb7ef","oryx-lambda/src/main/java/com/cloudera/oryx/lambda/BatchLayer.java","10","0","1","4","218","286","0"
"oryx","83ebf95d0abaa09f8a1d741b48385257d2dc242b","oryx-lambda/src/main/java/com/cloudera/oryx/lambda/BatchLayer.java","10","0","1","4","219","286","1"
"elasticsearch","b2ced13f3d4920d9278518c5ee472cc3a78bc5e1","core/src/test/java/org/elasticsearch/indices/state/RareClusterStateTests.java","10","0","1","4","280","370","1"
"elasticsearch","19a6cb246ee059e9545e49c7943ddd991feb4677","src/test/java/org/elasticsearch/indices/state/RareClusterStateTests.java","10","0","1","4","282","372","0"
"elasticsearch","13a347239a48d71486692a72c066e940dec8921b","core/src/test/java/org/elasticsearch/indices/store/IndicesStoreIntegrationIT.java","10","0","1","4","342","457","3"
"elasticsearch","aea00a62f3825e388e07007d3c8686f93c2d3f8e","core/src/test/java/org/elasticsearch/indices/store/IndicesStoreIntegrationIT.java","10","0","1","4","347","463","2"
"BroadleafCommerce","804287851a314b9085cc5e4ac3aad6c9bc2c3d3a","admin/broadleaf-open-admin-platform/src/main/java/org/broadleafcommerce/openadmin/server/service/persistence/validation/UriPropertyValidator.java","10","0","1","4","54","109","0"
"hazelcast","3d0ba46e44d89fcef3fd3225825bb2f401cfdbd5","hazelcast/src/main/java/com/hazelcast/util/SortingUtil.java","10","0","1","4","57","72","1"
"mcMMO","8dfa8c20f32e391c3d299abc51514a6601ed6e80","src/main/java/com/gmail/nossr50/skills/swords/SwordsManager.java","10","0","1","4","66","92","4"
"elasticsearch","596d511466c279c8f5e808599c3aff19e029c477","src/test/java/org/elasticsearch/index/fielddata/AbstractFieldDataTests.java","10","0","1","4","69","102","0"
"BroadleafCommerce","94a7ccb680b3b4ef1af4cf2c7e280ded7a93c3c3","admin/broadleaf-admin-module/src/main/java/org/broadleafcommerce/admin/server/service/handler/ProductOptionsCustomPersistenceHandler.java","10","0","1","4","74","127","0"
"BroadleafCommerce","cd93d4999483686c6e9663d158dbb4bb2449edf1","admin/broadleaf-admin-module/src/main/java/org/broadleafcommerce/admin/server/service/handler/ProductCustomPersistenceHandler.java","10","0","1","4","76","117","0"
"orientdb","3f28ff06185bd235ca8826f55424bde1c90730f5","core/src/main/java/com/orientechnologies/orient/core/sql/OCommandExecutorSQLCreateSequence.java","10","0","1","4","78","100","0"
"hazelcast","cd66a09812f63404b4e934e9591e45ce9472a35c","hazelcast/src/main/java/com/hazelcast/map/impl/operation/PutFromLoadAllBackupOperation.java","10","0","1","4","78","113","0"
"elasticsearch","0114fb0f58631d2637d27f520aa54358eb5c15df","src/main/java/org/elasticsearch/indices/warmer/InternalIndicesWarmer.java","10","0","1","4","82","115","1"
"orientdb","bbbb777e4073e4214e47e2134379d96dcb54486a","core/src/main/java/com/orientechnologies/common/concur/resource/OSharedContainerImpl.java","10","0","1","4","82","130","1"
"elasticsearch","71d5148b1c454cd4749a90e8b4d6224e90e0dc39","src/main/java/org/elasticsearch/indices/warmer/InternalIndicesWarmer.java","10","0","1","4","83","117","0"
"BroadleafCommerce","c60b27b5e87385a5ef951c93e5a55ad41755e45b","admin/broadleaf-open-admin-platform/src/main/java/org/broadleafcommerce/openadmin/server/security/handler/AdminPermissionCustomPersistenceHandler.java","10","0","1","4","84","120","1"
"BroadleafCommerce","a943eeae9ff5398e1779755ad265d6e1eb0e094c","common/src/main/java/org/broadleafcommerce/common/web/payment/processor/TransparentRedirectCreditCardFormProcessor.java","10","0","1","4","86","178","0"
"elasticsearch","57c0d29114b60f74e43ceb0914c26d490b61a265","src/main/java/org/elasticsearch/common/lucene/search/ApplyAcceptedDocsFilter.java","10","0","1","4","95","146","1"
"netty","f25453cd364a9d403ce63b05bd75a499d5255dc0","buffer/src/main/java/io/netty/buffer/DynamicChannelBuffer.java","10","0","1","46","249","322","1"
"BroadleafCommerce","931535456ea2c756d4f2501c48bc8415abcb6e47","core/broadleaf-framework-web/src/main/java/org/broadleafcommerce/core/web/controller/catalog/BroadleafProductController.java","10","0","1","5","104","159","0"
"orientdb","13c84a352a84fa9a8e4b68c8913322c99e1dca97","core/src/test/java/com/orientechnologies/orient/core/iterator/ClassIteratorTest.java","10","0","1","5","109","160","1"
"orientdb","3e920fd2b6c20b8d17f4119cff1edde42a2802bf","core/src/test/java/com/orientechnologies/orient/core/iterator/ClassIteratorTest.java","10","0","1","5","110","161","0"
"hazelcast","ba7cc3822de1533975ce2d1419ef6b91f8c7d7c4","hazelcast/src/test/java/com/hazelcast/spi/impl/SplitBrainTestSupport.java","10","0","1","5","120","172","1"
"netty","f05510063ecf567f0b7a1ad598c917c1feb047a7","transport/src/main/java/io/netty/channel/local/LocalServerChannel.java","10","0","1","5","123","164","0"
"netty","15279b2525f694d1789ce06d74cf2d55a9a64e01","transport/src/main/java/io/netty/channel/local/LocalServerChannel.java","10","0","1","5","125","166","0"
"netty","6278d88d2f46e5facebc805b1dc0cd015eaf35b9","transport/src/main/java/io/netty/channel/local/LocalServerChannel.java","10","0","1","5","129","174","1"
"netty","bf5960e9eb08396b7fdf17aad963f5e0c4dd1557","transport-rxtx/src/main/java/io/netty/channel/rxtx/RxtxChannel.java","10","0","1","5","129","175","1"
"elasticsearch","bdf836a2866296083523f6cbdd30ec7a521c49c6","plugins/repository-azure/src/main/java/org/elasticsearch/repositories/azure/AzureRepository.java","10","0","1","5","129","190","0"
"elasticsearch","18a3d6b4f3f893d8b229791df36e13cd37c77050","plugins/repository-azure/src/main/java/org/elasticsearch/repositories/azure/AzureRepository.java","10","0","1","5","130","191","0"
"hazelcast","9f3e4501bfc972d29b09eaf5d394b78cf879446b","hazelcast/src/main/java/com/hazelcast/cache/impl/HazelcastServerCacheManager.java","10","0","1","5","149","219","0"
"hazelcast","a18d0e135dc14ea3265896e288923cd1e61a4760","hazelcast/src/main/java/com/hazelcast/cache/impl/HazelcastServerCacheManager.java","10","0","1","5","149","219","0"
"hazelcast","e58f0f4f33895ba7da1e84c33b4dffff9b110b12","hazelcast/src/main/java/com/hazelcast/cache/impl/HazelcastServerCacheManager.java","10","0","1","5","149","219","1"
"elasticsearch","4a6f3c78408c316d9f6f212d2664adda13c54a44","core/src/test/java/org/elasticsearch/indices/state/RareClusterStateIT.java","10","0","1","5","320","431","0"
"elasticsearch","41d8fbe8f51abd499c9b497238bc5f2141b7926b","core/src/test/java/org/elasticsearch/indices/state/RareClusterStateIT.java","10","0","1","5","320","433","1"
"elasticsearch","164efaecbe42195f08ada58b5fde927ab21fc6e7","core/src/test/java/org/elasticsearch/indices/state/RareClusterStateIT.java","10","0","1","5","321","434","0"
"elasticsearch","df8a3006fc8bcdfa2e443bb10d06edf0725b30c1","core/src/test/java/org/elasticsearch/indices/state/RareClusterStateTests.java","10","0","1","5","322","436","0"
"elasticsearch","28109a18a2dc1f30207d09bdfb2148e8d7906337","core/src/test/java/org/elasticsearch/indices/state/RareClusterStateIT.java","10","0","1","5","327","438","1"
"elasticsearch","6abcd42a05a0e2bc4eaf1add6a41ae7d48f840c2","core/src/test/java/org/elasticsearch/indices/state/RareClusterStateIT.java","10","0","1","5","332","442","0"
"elasticsearch","3f6a3c01dadb1951b597ffdbd068359a2fbc84c8","core/src/test/java/org/elasticsearch/indices/state/RareClusterStateIT.java","10","0","1","5","332","443","1"
"elasticsearch","459d59a04ad4eb1671bac50a6faf3a7ad372d0e4","src/main/java/org/elasticsearch/search/suggest/phrase/WordScorer.java","10","0","1","5","71","102","1"
"hazelcast","068025a55b706e119d7ecce10dfdb8756e217c04","hazelcast/src/main/java/com/hazelcast/map/impl/operation/PutFromLoadAllBackupOperation.java","10","0","1","5","81","117","3"
"orientdb","a2eaf6636bb600c7e6d311b0bb7d112bbaafb4a0","etl/src/main/java/com/orientechnologies/orient/etl/OETLPipeline.java","10","0","1","5","85","133","0"
"elasticsearch","105d60ac9c28b1be4ab1e8d04a39c13cf9641c18","modules/elasticsearch/src/main/java/org/elasticsearch/search/facet/geodistance/GeoDistanceFacetCollector.java","10","0","1","5","85","136","0"
"elasticsearch","cb2cfdd9c0476bfbe5e1c13a4b3eb84ebb61bb6d","core/src/main/java/org/elasticsearch/search/fetch/matchedqueries/MatchedQueriesFetchSubPhase.java","10","0","1","5","86","121","0"
"BroadleafCommerce","9a1ae1678f43cd4b706fd2a302879c0f42dc4637","core/broadleaf-framework-web/src/main/java/org/broadleafcommerce/core/web/order/security/CartStateRequestProcessor.java","10","0","1","5","89","151","4"
"BroadleafCommerce","40ab929d34f5e9804b086e93b711feb23ee47eca","core/broadleaf-framework-web/src/main/java/org/broadleafcommerce/core/web/order/security/CartStateRequestProcessor.java","10","0","1","5","89","152","3"
"elasticsearch","371c73e14023917f3892090d2d3d7ff9ac1216b9","core/src/main/java/org/elasticsearch/index/store/FsDirectoryService.java","10","0","1","5","95","146","3"
"elasticsearch","78574d248cf10dad1c5a566fda79e1e0c94afe43","core/src/main/java/org/elasticsearch/index/store/FsDirectoryService.java","10","0","1","5","95","146","2"
"elasticsearch","e6aaaf11ed4a1b8f595f920de1840938eddb7a97","core/src/main/java/org/elasticsearch/index/store/FsDirectoryService.java","10","0","1","5","95","146","2"
"elasticsearch","a60b8948ba1d836a6eac7cff095519e618939ed8","core/src/main/java/org/elasticsearch/index/store/FsDirectoryService.java","10","0","1","5","95","146","0"
"BroadleafCommerce","2958e6ba93799ca6858a34889a2668cd1ce9fb81","core/broadleaf-framework-web/src/main/java/org/broadleafcommerce/core/web/order/security/CartStateRequestProcessor.java","10","0","1","5","96","162","5"
"BroadleafCommerce","f2e2ca5db03d4386f59c5fd129fe65acae3d90dd","core/broadleaf-framework-web/src/main/java/org/broadleafcommerce/core/web/order/security/CartStateRequestProcessor.java","10","0","1","5","96","165","3"
"elasticsearch","46088b9f8acc057414ba222809b1b6bc3e1a435e","modules/elasticsearch/src/main/java/org/elasticsearch/search/facet/histogram/KeyValueHistogramFacetCollector.java","10","0","1","5","97","148","0"
"elasticsearch","2f8def11b5109eb80b47422a200bf7b7e07c8467","core/src/main/java/org/elasticsearch/index/fielddata/IndexFieldDataService.java","10","0","1","6","104","153","1"
"elasticsearch","d4246da7b3fa9222d2176a2715836d323090f9b3","modules/test/integration/src/test/java/org/elasticsearch/test/integration/gateway/local/LocalGatewayIndexStateTests.java","10","0","1","6","231","320","0"
"elasticsearch","7454c7c1924405cff3082ddbf74b769f4fd865be","src/test/java/org/elasticsearch/test/integration/gateway/local/LocalGatewayIndexStateTests.java","10","0","1","6","238","327","0"
"BroadleafCommerce","7da760ada0cf3c3164075c970c90d47e36b4bef4","core/broadleaf-framework/src/main/java/org/broadleafcommerce/core/catalog/domain/Weight.java","10","0","1","6","55","97","1"
"orientdb","a07a540cbf0795364e5fdd680cde9eba1b2b6ffd","core/src/main/java/com/orientechnologies/orient/core/sql/functions/coll/OSQLFunctionList.java","10","0","1","6","68","109","1"
"orientdb","a07a540cbf0795364e5fdd680cde9eba1b2b6ffd","core/src/main/java/com/orientechnologies/orient/core/sql/functions/coll/OSQLFunctionSet.java","10","0","1","6","69","112","1"
"elasticsearch","1ce10dfb06fe5e90330619b881ce416e8bdf6d9a","src/main/java/org/elasticsearch/index/search/child/ChildCollector.java","10","0","1","6","73","113","0"
"elasticsearch","57c0d29114b60f74e43ceb0914c26d490b61a265","src/main/java/org/elasticsearch/search/suggest/phrase/WordScorer.java","10","0","1","6","74","106","0"
"BroadleafCommerce","36fa93f834a5682a6eaabf1e37c45525bdfb3808","common/src/main/java/org/broadleafcommerce/common/util/StringUtil.java","10","0","1","6","78","114","1"
"elasticsearch","60cbb2d7bcadcd04fbd6cfb2c20bb3f95c49dda1","plugins/repository-azure/src/main/java/org/elasticsearch/cloud/azure/storage/AzureStorageSettings.java","10","0","1","6","82","123","1"
"BroadleafCommerce","62a3034c1f88bf29913b4be89ea4adcdb2b33fa1","admin/broadleaf-open-admin-platform/src/main/java/org/broadleafcommerce/openadmin/server/security/dao/AdminPermissionDaoImpl.java","10","0","1","6","84","125","0"
"orientdb","67e16bbf7ceecaef0f5cc8d695f4f06e2ab91b1e","core/src/main/java/com/orientechnologies/orient/core/cache/OSoftRefsHashMap.java","10","0","1","6","89","107","0"
"hazelcast","390e6627f765363d61fbbd0d80dd43eefd5c91d3","hazelcast/src/test/java/com/hazelcast/test/HazelcastTestSupport.java","10","0","1","6","90","129","0"
"elasticsearch","0a69f1e283e26e5d9e6a000b68b9f4778de557a1","core/src/main/java/org/elasticsearch/index/store/FsDirectoryService.java","10","0","1","6","97","142","2"
"neo4j","6ae0873e303c40548b80c8463588e28bf99217aa","integrationtests/src/test/java/org/neo4j/procedure/UserFunctionIT.java","10","0","1","66","730","979","0"
"neo4j","ae3669d6536f06f241cc21c10cc4230245cdc093","integrationtests/src/test/java/org/neo4j/procedure/UserFunctionIT.java","10","0","1","67","829","1082","1"
"elasticsearch","53b1b6e4bb94e1db1bbca764100f2e0206b43f4d","src/main/java/org/elasticsearch/search/facet/datehistogram/ValueDateHistogramFacetCollector.java","10","0","1","7","102","155","0"
"elasticsearch","82fa531ab4c1fb087d357ff15288c070d7393378","core/src/main/java/org/elasticsearch/index/fielddata/IndexFieldDataService.java","10","0","1","7","107","157","0"
"elasticsearch","4c8f3de34b0f85abd8cf263cfbbf796dc6b4f132","src/main/java/org/elasticsearch/index/search/child/HasChildFilter.java","10","0","1","7","116","164","0"
"elasticsearch","c42f7708be601cf195661d7e0c13570e0223fee8","src/test/java/org/elasticsearch/common/lucene/all/SimpleAllTests.java","10","0","1","7","264","343","0"
"elasticsearch","9dfc9397d464d1334a9c4569d904908fcbcab150","core/src/test/java/org/elasticsearch/common/lucene/all/SimpleAllTests.java","10","0","1","7","265","343","1"
"netty","deb5c4520492e2bed02ccd58cd43318f1a52db3d","codec-http/src/test/java/io/netty/handler/codec/http/multipart/HttpPostRequestEncoderTest.java","10","0","1","7","296","362","1"
"BroadleafCommerce","15e70fe6b89d008dd88b5e98dbfc66a720db68bb","admin/broadleaf-open-admin-platform/src/main/java/org/broadleafcommerce/openadmin/dto/SectionCrumb.java","10","0","1","7","44","80","0"
"orientdb","7d6926491a6802ab4f15473e73d3b1c7a176d958","core/src/main/java/com/orientechnologies/orient/core/sql/parser/OProjection.java","10","0","1","7","55","77","0"
"elasticsearch","7d8726a5e81ba5c3d42182ffdb6b1d413a025b9f","modules/elasticsearch/src/main/java/org/elasticsearch/cluster/routing/allocation/NodeAllocations.java","10","0","1","7","65","103","0"
"BroadleafCommerce","d121fa1c90ccefb37909dd1b10665bfa3ce85b97","admin/broadleaf-open-admin-platform/src/main/java/org/broadleafcommerce/openadmin/server/security/service/RowLevelSecurityServiceImpl.java","10","0","1","7","79","119","2"
"elasticsearch","b987615f5e96cb6f568e025a449d1f4d7e5402df","src/test/java/org/elasticsearch/snapshots/AbstractSnapshotTests.java","10","0","1","7","81","113","0"
"elasticsearch","f6a0fe5c2fd2f9c6455ae0bc3abf50bebfa9b8a2","src/main/java/org/elasticsearch/action/bulk/BulkItemRequest.java","10","0","1","7","87","130","0"
"elasticsearch","7c27d53ee15b4fd411b71a049a204d826960c910","src/main/java/org/elasticsearch/cloud/azure/blobstore/AzureBlobContainer.java","10","0","1","7","88","125","2"
"orientdb","a07a540cbf0795364e5fdd680cde9eba1b2b6ffd","core/src/main/java/com/orientechnologies/orient/core/sql/functions/stat/OSQLFunctionVariance.java","10","0","1","7","92","157","1"
"hazelcast","24c3d11a5d45dbb14b983245bd651a41ca67bc99","hazelcast/src/main/java/com/hazelcast/cache/impl/operation/CachePutAllBackupOperation.java","10","0","1","7","99","135","1"
"elasticsearch","a40c3a99c9ca2fa576c72ee2f441cbac3df55424","modules/reindex/src/test/java/org/elasticsearch/index/reindex/remote/RemoteRequestBuildersTests.java","10","0","1","8","187","259","0"
"hazelcast","787f7dff1ebc7dd348ad7c7b5131ab952537d7c7","hazelcast/src/test/java/com/hazelcast/cluster/MulticastJoinTest.java","10","0","1","8","194","255","1"
"elasticsearch","086ea53a3e965bbebe33dfb899182838e91109ca","core/src/test/java/org/elasticsearch/common/lucene/all/SimpleAllTests.java","10","0","1","8","291","378","0"
"mcMMO","3440833af8bebbcd9e463dbb5174da41cd8d864f","src/main/java/com/gmail/nossr50/skills/swords/SwordsManager.java","10","0","1","8","63","85","0"
"hazelcast","d089c7bc8f478529119dace57651d40c499ab7cc","hazelcast/src/main/java/com/hazelcast/cluster/MembersUpdateCall.java","10","0","1","8","72","108","0"
"hazelcast","8bcd9cddcc137baa81fb4fd521dd0b27b103808f","hazelcast-spring/src/main/java/com/hazelcast/spring/cache/HazelcastCache.java","10","0","1","8","74","110","0"
"elasticsearch","f2eae5b6057d562f47768eebade3adcc93326f6a","modules/elasticsearch/src/main/java/org/apache/lucene/store/bytebuffer/ByteBufferIndexOutput.java","10","0","1","8","84","126","0"
"elasticsearch","80ebd492535288fc9e1cfa085398be01a4fac78e","src/main/java/org/elasticsearch/search/aggregations/bucket/nested/NestedAggregator.java","10","0","1","8","85","126","1"
"hazelcast","19182d022301bc30d2c9c04918af16dd2d15c67f","hazelcast/src/main/java/com/hazelcast/cache/impl/operation/CacheRemoveAllBackupOperation.java","10","0","1","8","98","135","0"
"hazelcast","9fd66ee1f6acbcfd7022b0a1fe8811835538664f","hazelcast/src/test/java/com/hazelcast/test/HazelcastTestSupport.java","10","0","1","9","103","145","0"
"elasticsearch","a49fe189b0f74b28bd1c9727dda8258ceec912f8","plugins/repository-azure/src/main/java/org/elasticsearch/cloud/azure/storage/AzureStorageSettings.java","10","0","1","9","105","149","0"
"hazelcast","bfa50b94f7d17d96907faaedf3e4811680937685","hazelcast/src/main/java/com/hazelcast/internal/partition/operation/PartitionBackupReplicaAntiEntropyOperation.java","10","0","1","9","125","166","0"
"neo4j","ce5ba45e82642729b10716005f3fd0d3b9a5e17c","community/lucene-index/src/main/java/org/neo4j/index/impl/lucene/LuceneCommandApplier.java","10","0","1","9","144","185","1"
"hazelcast","6c207cf36d121d04dce3e75c0ad894b87a8472fc","hazelcast/src/main/java/com/hazelcast/executor/DistributedExecutorService.java","10","0","1","9","145","189","0"
"elasticsearch","4d05c9cfd5cc889be77ec16730517d5417438e92","src/main/java/org/elasticsearch/index/fielddata/ordinals/SparseMultiArrayOrdinals.java","10","0","1","9","160","217","1"
"elasticsearch","3bac33e69eb8ef3e5aad1ce59c48b669d80cbfd5","modules/elasticsearch/src/main/java/org/elasticsearch/index/mapper/Uid.java","10","0","1","9","42","81","0"
"orientdb","eda36859b9b033e1c3c6c69dce74c4959ac3439e","core/src/main/java/com/orientechnologies/orient/core/index/OAbstractIndexDefinition.java","10","0","1","9","70","116","1"
"elasticsearch","727e6172e3f98ef31b48ba4780c28b8cc4e89585","src/main/java/org/elasticsearch/cluster/routing/PlainShardsIterator.java","10","0","1","9","71","115","0"
"elasticsearch","342a32fb165df369802bd35be3bf614af42ff6ff","src/main/java/org/elasticsearch/cluster/routing/PlainShardsIterator.java","10","0","1","9","72","113","1"
"netty","eb23c9d27c84ab7cf2c33f28d2b761673a41b435","codec-http/src/main/java/io/netty/handler/codec/http/websocketx/WebSocketServerHandshaker.java","10","0","10","0","81","202","0"
"elasticsearch","7f0115ba9ac98921d585597a4cf78bda8ec3c8d1","src/main/java/org/elasticsearch/index/query/BoolQueryBuilder.java","10","0","10","0","85","174","0"
"hazelcast","9815def4bac321ee2cc1c197dbd37d64396ce844","hazelcast/src/main/java/com/hazelcast/config/JoinConfig.java","10","0","10","1","71","155","0"
"elasticsearch","9ca5e6e3e12cf4f13eb6ed0140d9073ba89c61c9","src/test/java/org/elasticsearch/test/CompositeTestCluster.java","10","0","10","11","169","265","1"
"elasticsearch","49c09f1527ff0560c432b07c2e8c3ca72a21adc9","core/src/test/java/org/elasticsearch/common/rounding/TimeZoneRoundingTests.java","10","0","10","6","336","518","4"
"BroadleafCommerce","3c6c5bc08c9508f5c22b64c138ac057af2379939","admin/broadleaf-open-admin-platform/src/main/java/org/broadleafcommerce/openadmin/server/domain/PersistencePackageRequest.java","10","0","10","61","348","505","1"
"elasticsearch","e1efd5f6baf8dec1c23c79b346b8a29f234a98bb","core/src/main/java/org/elasticsearch/common/inject/multibindings/Multibinder.java","10","0","10","7","174","334","0"
"elasticsearch","9944a594b10d5cfa34fcf2fa8ed45ca6d52345fe","core/src/main/java/org/elasticsearch/monitor/os/OsStats.java","10","0","11","42","338","487","1"
"antlr4","c0dda79dff3066e75ad0e7400d02062efa161635","runtime/Java/src/org/antlr/v4/runtime/Recognizer.java","10","0","13","14","138","270","1"
"antlr4","c6e6ccde4cef96101a19ba3681196972b7848550","runtime/Java/src/org/antlr/v4/runtime/Recognizer.java","10","0","13","14","139","276","0"
"elasticsearch","5b62c2ae26e541e50800b31f5f1e9a14419cbf7b","src/main/java/org/elasticsearch/action/admin/indices/create/CreateIndexRequest.java","10","0","14","4","156","280","0"
"elasticsearch","3cee291bc2d9af7177f51804e82fca0663c8341a","src/main/java/org/elasticsearch/action/admin/indices/create/CreateIndexRequest.java","10","0","15","4","161","289","0"
"neo4j","036e0742c9800ed47922595c97274b360cfbc9ef","enterprise/security/src/test/java/org/neo4j/server/security/enterprise/auth/BuiltInProceduresInteractionTestBase.java","10","0","17","13","714","1016","1"
"neo4j","3ea1d3f5e4ec90ae32ab077bb7b12fd3dc37d4da","enterprise/security/src/test/java/org/neo4j/server/security/enterprise/auth/BuiltInProceduresInteractionTestBase.java","10","0","17","19","794","1117","0"
"elasticsearch","f39d4e1f8985726446958f2ac62a10da0defc0c8","src/main/java/org/elasticsearch/common/bytes/BytesReference.java","10","0","17","3","71","172","1"
"elasticsearch","976d14705a866529b3dd6ec926bac485010f336d","modules/elasticsearch/src/main/java/org/elasticsearch/action/deletebyquery/DeleteByQueryRequest.java","10","0","18","7","187","321","0"
"elasticsearch","4e5714b31fe3d3b9fdedb18064253fa50b79bcc0","src/main/java/org/elasticsearch/common/util/UnsafeUtils.java","10","0","2","0","76","115","0"
"elasticsearch","f5daa165f12a9ef84006ba16d89c8baf1efe4b94","core/src/main/java/org/elasticsearch/cluster/metadata/MetaDataIndexUpgradeService.java","10","0","2","1","103","184","1"
"mct","e247325ef58aef95b91f44637f80a0dc0b003788","platform/src/main/java/gov/nasa/arc/mct/identitymgr/impl/DefaultIdentityManager.java","10","0","2","1","36","62","0"
"BroadleafCommerce","7c043fa0b84d41f9806285a5bf0b9c2af7840e80","core/broadleaf-framework-web/src/main/java/org/broadleafcommerce/core/web/processor/CategoriesProcessor.java","10","0","2","1","57","106","1"
"BroadleafCommerce","c98bcaf122e67da093587b81e7c75a953f9c04ea","core/broadleaf-framework-web/src/main/java/org/broadleafcommerce/core/web/processor/CategoriesProcessor.java","10","0","2","1","59","109","0"
"netty","3f72add89a41b3d94309bccb0d253515c0543b65","codec/src/main/java/io/netty/handler/codec/MessageToMessageEncoder.java","10","0","2","1","70","144","0"
"hazelcast","605da53365f35d8dbf2842c020b6cf96ce4bb034","hazelcast-ra/hazelcast-jca/src/main/java/com/hazelcast/jca/XAResourceWrapper.java","10","0","2","10","101","145","1"
"netty","3c4dfed08ae2ce300f6ac1d0794d42a14c344b79","codec-http/src/test/java/io/netty/handler/codec/http/HttpContentCompressorTest.java","10","0","2","10","312","415","0"
"BroadleafCommerce","7da760ada0cf3c3164075c970c90d47e36b4bef4","admin/broadleaf-open-admin-platform/src/main/java/org/broadleafcommerce/openadmin/dto/SimpleValueMapStructure.java","10","0","2","10","71","122","0"
"netty","d56a7560ead181f987677c71713b8dc815dab67a","codec-http/src/test/java/io/netty/handler/codec/http/HttpContentCompressorTest.java","10","0","2","11","330","437","0"
"elasticsearch","77239a76f81879742d21004454691d2dfc6499b4","src/main/java/org/elasticsearch/search/suggest/completion/CompletionTokenStream.java","10","0","2","14","109","160","0"
"hazelcast","e1b69c53ca4923affcd7722f012a80e32517e988","hazelcast/src/main/java/com/hazelcast/internal/cluster/impl/MembersView.java","10","0","2","14","114","177","0"
"netty","f3dd4101425165496490f9c975ca2e556773c663","transport-native-epoll/src/main/java/io/netty/channel/epoll/EpollChannelConfig.java","10","0","2","14","131","182","0"
"netty","e72d04509f7d04d2a0a0e96cc5555728ac03aa29","codec-http2/src/test/java/io/netty/handler/codec/http2/StreamBufferingEncoderTest.java","10","0","2","14","326","442","0"
"elasticsearch","4a49f4d928d4dedbff0183890d23fa0e9b71b1dc","core/src/main/java/org/elasticsearch/search/suggest/completion/CompletionTokenStream.java","10","0","2","15","113","169","1"
"netty","b39223e295e1d56ac3e1054655ab0baffd0101eb","codec-http2/src/test/java/io/netty/handler/codec/http2/StreamBufferingEncoderTest.java","10","0","2","15","344","464","0"
"hazelcast","3321304364e116a91456a4aef7fd9f2d58b2c921","hazelcast/src/main/java/com/hazelcast/cache/impl/journal/RingbufferCacheEventJournalImpl.java","10","0","2","16","174","267","0"
"hazelcast","688d468b59a1652ff98ff96d00f59e280dc3d146","hazelcast/src/main/java/com/hazelcast/cache/impl/journal/RingbufferCacheEventJournalImpl.java","10","0","2","16","174","267","0"
"hazelcast","887020776ca00d93a5cb67150290686305a5b152","hazelcast/src/main/java/com/hazelcast/cache/impl/journal/RingbufferCacheEventJournalImpl.java","10","0","2","16","174","267","0"
"hazelcast","22c782cf4670330503dee123b73fa483726328a2","hazelcast/src/main/java/com/hazelcast/cache/impl/journal/RingbufferCacheEventJournalImpl.java","10","0","2","16","174","267","1"
"hazelcast","4ee69f889b28896ef4174dd1ba5a30f9bac90e6f","hazelcast/src/main/java/com/hazelcast/cache/impl/journal/RingbufferCacheEventJournalImpl.java","10","0","2","16","179","272","0"
"hazelcast","a4e3633cdf6a29e4bfbc78455cf6d36872e8d205","hazelcast/src/main/java/com/hazelcast/cache/impl/journal/RingbufferCacheEventJournalImpl.java","10","0","2","16","179","272","0"
"hazelcast","894288929b44cfe6a5706ed80691c9c37aaa5cd5","hazelcast/src/main/java/com/hazelcast/cache/impl/journal/RingbufferCacheEventJournalImpl.java","10","0","2","16","179","272","1"
"BroadleafCommerce","b1a58da9c5995e240462e75190bceadf6f12ed7a","common/src/main/java/org/broadleafcommerce/common/time/SystemTime.java","10","0","2","16","97","151","0"
"BroadleafCommerce","78543d0937b318ba4f71257ac744df698243a0c0","common/src/main/java/org/broadleafcommerce/common/time/SystemTime.java","10","0","2","16","97","154","0"
"BroadleafCommerce","8313212aee6351c7b800143a86605606912e1e96","common/src/main/java/org/broadleafcommerce/common/time/SystemTime.java","10","0","2","16","98","156","0"
"elasticsearch","f739abe89e89e999225b6e478ba530c344e8e946","src/main/java/org/elasticsearch/action/bench/BenchmarkResponse.java","10","0","2","17","135","193","1"
"elasticsearch","c8ca015c0bd28caf4fd84862679afc63a9e7d2ac","core/src/main/java/org/elasticsearch/search/aggregations/AggregatorFactory.java","10","0","2","17","155","232","0"
"netty","edb91afcd6cd4347c046372d05f28f0b5985ba99","codec-http2/src/test/java/io/netty/handler/codec/http2/StreamBufferingEncoderTest.java","10","0","2","17","375","502","1"
"netty","ed4928f62a5a1c9a951040f279ed43a1705dc000","codec-http2/src/test/java/io/netty/handler/codec/http2/StreamBufferingEncoderTest.java","10","0","2","17","377","504","0"
"elasticsearch","06667c6aa898895acd624b8a71a6e00ff7ae32b8","src/main/java/org/elasticsearch/common/geo/GeoPoint.java","10","0","2","18","92","144","0"
"elasticsearch","371c73e14023917f3892090d2d3d7ff9ac1216b9","core/src/main/java/org/elasticsearch/rest/action/cat/RestRecoveryAction.java","10","0","2","2","127","177","3"
"elasticsearch","78574d248cf10dad1c5a566fda79e1e0c94afe43","core/src/main/java/org/elasticsearch/rest/action/cat/RestRecoveryAction.java","10","0","2","2","127","177","2"
"elasticsearch","e6aaaf11ed4a1b8f595f920de1840938eddb7a97","core/src/main/java/org/elasticsearch/rest/action/cat/RestRecoveryAction.java","10","0","2","2","127","177","2"
"elasticsearch","a60b8948ba1d836a6eac7cff095519e618939ed8","core/src/main/java/org/elasticsearch/rest/action/cat/RestRecoveryAction.java","10","0","2","2","127","177","0"
"mcMMO","8dfa8c20f32e391c3d299abc51514a6601ed6e80","src/main/java/com/gmail/nossr50/skills/acrobatics/AcrobaticsManager.java","10","0","2","2","60","88","4"
"orientdb","7a678522a2d83448543bc75d7360ac0857529727","core/src/main/java/com/orientechnologies/orient/core/sql/OCommandExecutorSQLAlterDatabase.java","10","0","2","2","61","109","0"
"hazelcast","564167c1f93b32ce742411106e9ae67eae88a801","hazelcast/src/main/java/com/hazelcast/client/impl/protocol/parameters/ExceptionResultParameters.java","10","0","2","2","75","112","0"
"neo4j","87838b56dfcfb7b37ca03d26c9eedc8f1e0c38e5","community/bolt/src/main/java/org/neo4j/bolt/v1/messaging/BoltRequestMessageReader.java","10","0","2","2","77","113","0"
"neo4j","c3a5cbf00866abb108bf34ce2e0680026fdd2025","community/kernel/src/main/java/org/neo4j/kernel/internal/locker/StoreLocker.java","10","0","2","2","95","144","0"
"BroadleafCommerce","1d6d9e9d14cd95417746ef0404084f9e3346758f","core/broadleaf-framework/src/main/java/org/broadleafcommerce/core/offer/service/discount/domain/PromotableCandidateItemOfferImpl.java","10","0","2","20","138","201","0"
"elasticsearch","1f04182b8164ffb19f3805c48d67f0375262b317","core/src/main/java/org/elasticsearch/action/admin/cluster/health/ClusterHealthRequest.java","10","0","2","21","149","203","0"
"elasticsearch","e1efd5f6baf8dec1c23c79b346b8a29f234a98bb","core/src/main/java/org/elasticsearch/action/admin/cluster/health/ClusterHealthRequest.java","10","0","2","22","149","203","0"
"elasticsearch","1ef8761b70cd32ce1caaf6142a5ae709120b33dd","src/main/java/org/elasticsearch/search/dfs/DfsSearchResult.java","10","0","2","22","167","229","0"
"elasticsearch","b3e7e85cf110b6d48cab4f82fa1fc689975e81de","core/src/main/java/org/elasticsearch/action/search/SearchTransportService.java","10","0","2","24","419","548","0"
"elasticsearch","e00db235bc1aa0765f5b21a9dc40a4e94197b68c","core/src/main/java/org/elasticsearch/action/search/SearchTransportService.java","10","0","2","24","420","549","1"
"hazelcast","a32c390071b48d83fdf5f4d5d09cb94e4eddbadf","hazelcast/src/test/java/com/hazelcast/test/AbstractParameterizedHazelcastClassRunner.java","10","0","2","3","107","149","0"
"BroadleafCommerce","4ddfdedd5cd32d9f7ca18dbe11e74e4c22201590","common/src/main/java/org/broadleafcommerce/common/sitemap/service/SiteMapBuilder.java","10","0","2","3","120","202","0"
"BroadleafCommerce","0190a586f4251434b68ccee241c52de0d1cbc386","common/src/main/java/org/broadleafcommerce/common/sitemap/service/SiteMapBuilder.java","10","0","2","3","121","203","0"
"elasticsearch","6e566cdf6cab837bdbdb5300ca85038fba1488c1","core/src/main/java/org/elasticsearch/cluster/routing/RoutingService.java","10","0","2","3","130","190","1"
"ceylon-ide-eclipse","3770efda90a944f7758dbd197a3aaba61c2e625b","plugins/com.redhat.ceylon.eclipse.ui/src/com/redhat/ceylon/eclipse/code/hover/AnnotationIterator.java","10","0","2","3","61","83","0"
"orientdb","a56ae91e7d9f772da4288542cee900793c24e5e1","core/src/main/java/com/orientechnologies/orient/core/sql/OCommandExecutorSQLAlterDatabase.java","10","0","2","3","64","113","0"
"elasticsearch","f69cc78b678b3d16d3c0f4e0b69ce81976898752","modules/transport-netty4/src/main/java/org/elasticsearch/http/netty4/pipelining/HttpPipeliningHandler.java","10","0","2","3","80","145","0"
"hazelcast","75f8da3f6c13ae28d39f9e1068679a1c397fb3d5","hazelcast-jclouds/src/main/java/com/hazelcast/jclouds/JCloudsDiscoveryStrategy.java","10","0","2","3","81","118","0"
"elasticsearch","30df0d8324494bcdfcb82b6a82f5a99332059845","modules/elasticsearch/src/main/java/org/elasticsearch/search/facet/datehistogram/InternalCountDateHistogramFacet.java","10","0","2","30","194","268","0"
"elasticsearch","c8233550145086a5eaaf65e05670599b65057705","modules/elasticsearch/src/main/java/org/elasticsearch/search/facet/datehistogram/InternalCountDateHistogramFacet.java","10","0","2","30","195","269","0"
"hazelcast","2df063d441d3830ee797541830899e3248a8590e","hazelcast/src/main/java/com/hazelcast/spi/impl/NodeEngineImpl.java","10","0","2","37","243","317","1"
"orientdb","5eab90c1c26419b9f23b1ed9795e935ef4f82b7b","core/src/main/java/com/orientechnologies/orient/core/sql/query/OSQLNonBlockingQuery.java","10","0","2","38","217","298","0"
"hazelcast","fb152b6473b5ac7ca0237dd0a262c967d49c28ba","hazelcast/src/main/java/com/hazelcast/spi/impl/NodeEngineImpl.java","10","0","2","38","248","323","0"
"neo4j","35a95081e67bf49b62cb45bc522541ee09635951","enterprise/ha/src/test/java/org/neo4j/ha/TestPullUpdatesApplied.java","10","0","2","4","190","265","1"
"neo4j","6f1ada5aaa5bb07edf94f944d05b0548602956f2","enterprise/ha/src/test/java/org/neo4j/ha/TestPullUpdatesApplied.java","10","0","2","4","191","266","0"
"elasticsearch","13805c2a23763da08a15c5f1de618edb95d340dc","core/src/test/java/org/elasticsearch/action/admin/cluster/node/tasks/TestTaskPlugin.java","10","0","2","45","339","456","1"
"elasticsearch","6feeac98c82627a1cdeca91de09148f9c96db51d","src/test/java/org/elasticsearch/search/geo/GeoDistanceTests.java","10","0","2","5","500","636","1"
"orientdb","7714495a75dd494934a6cfa3c422763d92a19239","distributed/src/main/java/com/orientechnologies/orient/server/distributed/sql/OCommandExecutorSQLHASyncDatabase.java","10","0","2","5","67","115","0"
"elasticsearch","284a35131cd6a96baba14b31c827e5f6dab7b4ad","modules/elasticsearch/src/main/java/org/elasticsearch/action/search/type/TransportSearchHelper.java","10","0","2","5","75","116","0"
"elasticsearch","1863ab95f862294db7d105717656bd6452eef9d9","core/src/test/java/org/elasticsearch/action/admin/cluster/node/tasks/TestTaskPlugin.java","10","0","2","51","371","491","1"
"netty","3d1133415179daab602db1709bdf01d7a297e9f3","transport/src/main/java/io/netty/channel/DefaultChannelId.java","10","0","2","6","197","271","1"
"netty","9a4aa617f42578c87c6d500a627d90d844b6ef49","transport/src/main/java/io/netty/channel/DefaultChannelId.java","10","0","2","6","198","272","0"
"elasticsearch","256bf1f4bc54fc5cf0106a2e4386ce3b72cfc9e8","src/test/java/org/elasticsearch/test/integration/indices/mapping/UpdateMappingTests.java","10","0","2","6","236","309","1"
"elasticsearch","3eed2625e258c3ee988c41c319dbc7ab11047226","src/test/java/org/elasticsearch/test/integration/indices/mapping/UpdateMappingTests.java","10","0","2","6","237","311","1"
"elasticsearch","3ac3c7d12c0cb845a8c28cec5b890705b13dc659","src/test/java/org/elasticsearch/test/integration/indices/mapping/UpdateMappingTests.java","10","0","2","6","240","312","0"
"elasticsearch","9e2469e04f3cf7e2d94acdcd4bcef52b79d5dae5","src/main/java/org/elasticsearch/node/settings/NodeSettingsService.java","10","0","2","6","60","104","0"
"hazelcast","6aba33ee5d757172927ac84b505f40b8df54a879","hazelcast/src/main/java/com/hazelcast/map/impl/NearCacheRecord.java","10","0","2","6","82","110","0"
"hazelcast","a1e5e1945485995c45c8cd9fcc0c1a63ae75ef6f","hazelcast/src/main/java/com/hazelcast/map/impl/nearcache/NearCacheRecord.java","10","0","2","6","82","125","2"
"hazelcast","47d4f1239a95175c4935b0b93e08919d1f35bcd3","hazelcast-client/src/test/java/com/hazelcast/client/cache/nearcache/ClientNearCacheInvalidationTest.java","10","0","2","7","264","350","0"
"hazelcast","36ca305d9eb6c519576aae53cb4110ffa2ce3857","hazelcast-client/src/test/java/com/hazelcast/client/cache/nearcache/ClientNearCacheInvalidationTest.java","10","0","2","7","264","351","0"
"hazelcast","0f550598f8d9f6c62d3bc81f88248d1e11b537c3","hazelcast-client/src/test/java/com/hazelcast/client/cache/impl/nearcache/ClientNearCacheInvalidationTest.java","10","0","2","7","268","358","0"
"elasticsearch","41a2375c9e609395e21522ee79202645ed2a0af4","core/src/test/java/org/elasticsearch/indices/store/IndicesStoreIntegrationIT.java","10","0","2","7","347","463","1"
"elasticsearch","2bd09c4625898d77aa6c015c6f82cf973ed18cb7","core/src/main/java/org/elasticsearch/index/mapper/geo/GeoPointFieldMapper.java","10","0","2","7","89","137","1"
"elasticsearch","3d13c27fa0df12018f35f1b20987c90277e9b6f9","core/src/main/java/org/elasticsearch/index/mapper/geo/GeoPointFieldMapper.java","10","0","2","7","89","137","2"
"elasticsearch","9080f51340b1b26f8bd171b4c82de8d87ad42b55","core/src/main/java/org/elasticsearch/index/mapper/geo/GeoPointFieldMapper.java","10","0","2","7","89","137","1"
"elasticsearch","d84c643f5880a88d2e5c38b487123161f3e01fe0","core/src/main/java/org/elasticsearch/index/mapper/geo/GeoPointFieldMapper.java","10","0","2","7","89","137","0"
"elasticsearch","3ed0da5a586e8a3d12016aa517ab46032353d179","core/src/main/java/org/elasticsearch/index/mapper/TokenCountFieldMapper.java","10","0","2","8","128","186","0"
"elasticsearch","315319b76325e6385f4c689329f875bf0a43ca6e","core/src/main/java/org/elasticsearch/common/lucene/search/function/FieldValueFactorFunction.java","10","0","2","8","162","211","1"
"elasticsearch","3e32dd985aabfa5ee653b26bcb6ff97c74a426a2","src/main/java/org/elasticsearch/action/admin/indices/recovery/RecoveryResponse.java","10","0","2","8","82","128","0"
"orientdb","89f1d5e9c5e85589a91537ca470851dd156b7dbf","object/src/main/java/com/orientechnologies/orient/object/db/OObjectDatabaseTxPooled.java","10","0","2","8","92","146","0"
"orientdb","3af3276e4ee24b153aa6f9d452401cf083e8e42e","object/src/main/java/com/orientechnologies/orient/object/db/OObjectDatabaseTxPooled.java","10","0","2","8","92","147","1"
"hazelcast","d070f1256c8c7fa823e6463487462826384ee1df","hazelcast/src/main/java/com/hazelcast/map/impl/operation/MapOperation.java","10","0","2","9","100","146","0"
"elasticsearch","6fe9ae29ea3b66d38dfde4ae1394106b725475e9","core/src/main/java/org/elasticsearch/index/mapper/TokenCountFieldMapper.java","10","0","2","9","132","191","1"
"elasticsearch","d84c643f5880a88d2e5c38b487123161f3e01fe0","core/src/main/java/org/elasticsearch/index/mapper/core/TokenCountFieldMapper.java","10","0","2","9","138","197","0"
"elasticsearch","2ed87b5312c2b0842c739b677f4c8e11e2dbb48a","src/main/java/org/elasticsearch/index/fielddata/ordinals/MultiOrdinals.java","10","0","2","9","157","217","0"
"elasticsearch","12d9268db256b728e8d334801739fb46167902b6","src/main/java/org/elasticsearch/index/fielddata/ordinals/MultiOrdinals.java","10","0","2","9","161","220","0"
"netty","6e5b25733f49d2ea843a89b4d547b856142212ec","microbench/src/main/java/io/netty/microbench/http2/NoPriorityByteDistributionBenchmark.java","10","0","2","9","217","295","1"
"netty","e59ae12b4239b08c000bb382cd1d9068fd8a8fea","codec-http/src/test/java/io/netty/handler/codec/http/HttpContentCompressorTest.java","10","0","2","9","286","385","0"
"netty","3cc405296310643bccddc8c81998c97f25b3201c","codec-http/src/test/java/io/netty/handler/codec/http/HttpContentCompressorTest.java","10","0","2","9","294","393","1"
"BroadleafCommerce","86c7c1f49cf8d819bf62c336775b16aeea5d2070","admin/broadleaf-open-admin-platform/src/main/java/org/broadleafcommerce/openadmin/dto/SimpleValueMapStructure.java","10","0","2","9","62","109","0"
"elasticsearch","1f7f72135a5659d2a8f72d7b88ab47e15dfae20c","src/main/java/org/elasticsearch/action/admin/indices/recovery/RecoveryResponse.java","10","0","2","9","89","139","1"
"elasticsearch","4721f9aa697322f3104e545b4da9c4f720b12b5c","modules/elasticsearch/src/main/java/org/elasticsearch/action/search/SearchResponse.java","10","0","21","5","171","299","0"
"mcMMO","e5cc06e8227da4227d70233bae023a5b018e5da1","src/main/java/com/gmail/nossr50/config/Config.java","10","0","27","214","309","409","2"
"netty","16be36a55fded330a92a4869e127b6b7249c6d13","codec-http/src/main/java/io/netty/handler/codec/http/websocketx/WebSocketClientHandshaker13.java","10","0","3","0","96","223","0"
"netty","16be36a55fded330a92a4869e127b6b7249c6d13","codec-http/src/main/java/io/netty/handler/codec/http/websocketx/WebSocketClientHandshaker08.java","10","0","3","0","96","224","0"
"elasticsearch","25fd9e26c4fb042d6f6dea14efcd239577bdbbc4","client/sniffer/src/main/java/org/elasticsearch/client/sniff/Sniffer.java","10","0","3","1","100","155","0"
"BroadleafCommerce","eb2d314a8d4af455b5dd36fbb5f694d34db480b0","admin/broadleaf-open-admin-platform/src/main/java/org/broadleafcommerce/openadmin/web/controller/entity/AdminBasicOperationsController.java","10","0","3","1","146","224","1"
"antlr4","fdc46c53e6d885307d0ff3f8ceea5474267d1f64","tool/src/org/antlr/v4/parse/TokenVocabParser.java","10","0","3","1","98","152","1"
"netty","9bcfef0f10694260a0c066278858b1c528f09ee0","codec-http/src/main/java/io/netty/handler/codec/spdy/SpdyOrHttpChooser.java","10","0","3","1","98","178","1"
"elasticsearch","e90740ad74d1a265a6c314bfb996256b1e4211a9","src/main/java/org/elasticsearch/common/compress/CompressedString.java","10","0","3","10","84","133","0"
"elasticsearch","e56d85439c242dee8ce1f8fec9fd59872dd2efb9","src/main/java/org/elasticsearch/http/netty/NettyHttpRequest.java","10","0","3","14","114","177","1"
"elasticsearch","293a3cab01f38216a1a2c5bb58ad3a281b75cb86","modules/reindex/src/test/java/org/elasticsearch/index/reindex/remote/RemoteScrollableHitSourceTests.java","10","0","3","14","366","568","0"
"elasticsearch","be0c461b5073393d9e18bdadc11c13b19caa01f9","modules/reindex/src/test/java/org/elasticsearch/index/reindex/remote/RemoteScrollableHitSourceTests.java","10","0","3","14","368","560","1"
"elasticsearch","5eeac2fdf6c108e2f9b6305b6577a77e5290ad9e","src/main/java/org/elasticsearch/http/netty/NettyHttpRequest.java","10","0","3","15","117","181","0"
"elasticsearch","48fe4326b0ca2f326510f9770a6690a1153ac7b5","core/src/test/java/org/elasticsearch/index/mapper/string/SimpleStringMappingTests.java","10","0","3","15","583","711","3"
"elasticsearch","302c7a521adec8da71192bd9a82113537eac154c","core/src/test/java/org/elasticsearch/index/mapper/string/SimpleStringMappingTests.java","10","0","3","15","617","754","1"
"elasticsearch","841d5a210e12bc629336396893e18872d2b1f46f","core/src/test/java/org/elasticsearch/index/mapper/string/SimpleStringMappingTests.java","10","0","3","15","619","757","0"
"elasticsearch","6b23ee80404ea8cb143abd776968854e263275b9","core/src/main/java/org/elasticsearch/search/aggregations/AggregatorFactory.java","10","0","3","17","159","241","2"
"elasticsearch","94bc489275d4462a8b2520f6d3ef4f70dc1d6e99","core/src/main/java/org/elasticsearch/search/aggregations/AggregatorFactory.java","10","0","3","17","162","244","1"
"elasticsearch","c7c0faa54ddda8134aa23d54d07bed43b24a1817","core/src/main/java/org/elasticsearch/search/aggregations/AggregatorFactory.java","10","0","3","18","165","249","0"
"mcMMO","8dfa8c20f32e391c3d299abc51514a6601ed6e80","src/main/java/com/gmail/nossr50/skills/archery/ArcheryManager.java","10","0","3","2","65","104","4"
"elasticsearch","be01e8fe19c822fe30ba1cff4d9e96c3f567e4c7","src/main/java/org/elasticsearch/common/settings/loader/SettingsLoader.java","10","0","3","2","66","108","0"
"elasticsearch","4d05c9cfd5cc889be77ec16730517d5417438e92","src/main/java/org/elasticsearch/index/fielddata/plain/GeoPointDoubleArrayAtomicFieldData.java","10","0","3","20","321","432","1"
"elasticsearch","12d9268db256b728e8d334801739fb46167902b6","src/main/java/org/elasticsearch/index/fielddata/plain/GeoPointDoubleArrayAtomicFieldData.java","10","0","3","20","324","436","0"
"titan","97f3c69b06ed6cf67dab963c4157eb9a0a77d50c","titan-core/src/main/java/com/thinkaurelius/titan/graphdb/blueprints/TitanBlueprintsGraph.java","10","0","3","21","149","197","0"
"titan","1bea1e5a9d3de1b8eb128dd05c237b4a1d01201a","titan-core/src/main/java/com/thinkaurelius/titan/graphdb/blueprints/TitanBlueprintsGraph.java","10","0","3","21","163","223","0"
"elasticsearch","52e9e753e6db00fc56e0ee5e73bb6ff7b7e85e5f","src/main/java/org/elasticsearch/action/explain/ExplainRequest.java","10","0","3","21","165","232","0"
"neo4j","c3a5cbf00866abb108bf34ce2e0680026fdd2025","integrationtests/src/test/java/org/neo4j/ext/udc/impl/UdcExtensionImplTest.java","10","0","3","26","455","605","0"
"titan","070f75a3a577d2703e77fac45710686dc1cd8a99","titan-core/src/main/java/com/thinkaurelius/titan/graphdb/blueprints/TitanBlueprintsGraph.java","10","0","3","27","182","246","0"
"titan","e7167fe372470cbecec7f2713ca423fb319e455a","titan-core/src/main/java/com/thinkaurelius/titan/graphdb/blueprints/TitanBlueprintsGraph.java","10","0","3","27","185","249","1"
"elasticsearch","5337686d8d39568f94b0b976bd9098af69214302","qa/evil-tests/src/test/java/org/elasticsearch/bootstrap/EvilSecurityTests.java","10","0","3","3","155","231","0"
"Android-Universal-Image-Loader","f641933a6ca867223017abaca7bcd1758a246963","library/src/com/nostra13/universalimageloader/cache/disc/LimitedDiscCache.java","10","0","3","3","96","154","0"
"titan","f25283628168a4888ce46f38e6cf7cecb2794c05","titan-core/src/main/java/com/thinkaurelius/titan/graphdb/tinkerpop/TitanBlueprintsGraph.java","10","0","3","30","245","321","0"
"hazelcast","4b9cef83c2c99af4df9d1d0338f29a7dc1c9eda8","hazelcast/src/main/java/com/hazelcast/spi/impl/NodeEngineImpl.java","10","0","3","37","248","329","1"
"hazelcast","86b064ba3f1e467e74e95d6da24b03122065ce36","hazelcast/src/main/java/com/hazelcast/spi/impl/operationservice/impl/OperationServiceImpl.java","10","0","3","38","351","481","2"
"elasticsearch","384114f52f3de8803cb280b8fee9eab3a06009e8","src/main/java/org/elasticsearch/watcher/ResourceWatcherService.java","10","0","3","4","116","185","0"
"elasticsearch","d8f16178d3f21b4f9d17da12e7aa61613fc2c27a","src/main/java/org/elasticsearch/watcher/ResourceWatcherService.java","10","0","3","4","117","186","1"
"MapDB","72649e80593c3f1fa476c951397a2c9dca467a9c","src/test/java/org/mapdb/BrokenDBTest.java","10","0","3","4","90","151","1"
"MapDB","0392d2fca4cf02f7013a84d7acd703c4b5a0f99c","src/test/java/org/mapdb/BrokenDBTest.java","10","0","3","4","90","151","2"
"MapDB","72649e80593c3f1fa476c951397a2c9dca467a9c","src/test/java/org/mapdb/BrokenDBTest.java","10","0","3","4","90","151","1"
"MapDB","00a8930ff0dbd0cf3cc9520013037706899b867d","src/test/java/org/mapdb/BrokenDBTest.java","10","0","3","4","90","151","0"
"neo4j","3483dc70103166165b00d4ccf0bf708f3138399d","community/graph-algo/src/test/java/org/neo4j/graphalgo/path/TestAStar.java","10","0","3","5","225","322","1"
"elasticsearch","6cdbdaf388b6d8367413e6dee2a7185c94d04b2d","src/main/java/org/elasticsearch/index/search/child/CustomQueryWrappingFilter.java","10","0","3","5","80","125","0"
"neo4j","470fac32e68ed79318ddfe1e711d6880359bc06d","community/graph-algo/src/test/java/org/neo4j/graphalgo/path/TestAStar.java","10","0","3","6","252","373","1"
"neo4j","c82beffff5c25bf973370a9c12bea14888531341","community/graph-algo/src/test/java/org/neo4j/graphalgo/path/TestAStar.java","10","0","3","6","253","358","0"
"neo4j","1b3aad3b619bd72c2c9f79bb7edf642c5dc56a6f","community/kernel/src/main/java/org/neo4j/graphdb/factory/GraphDatabaseSettings.java","10","0","3","6","489","647","0"
"neo4j","2fb8aea71a2d50c63f1407b9e975c5e8cbf325dc","community/kernel/src/main/java/org/neo4j/graphdb/factory/GraphDatabaseSettings.java","10","0","3","6","491","650","1"
"elasticsearch","c6cf84336fa41e723cbc4e4f62d440642923bc07","core/src/test/java/org/elasticsearch/index/mapper/multifield/MultiFieldTests.java","10","0","3","9","418","520","1"
"Android-Universal-Image-Loader","e8f9ebc38e6c3fc076355f6a942d559e14631e6f","UniversalImageLoader/src/com/nostra13/universalimageloader/utils/StorageUtils.java","10","0","4","0","58","102","1"
"netty","bad9e83121c14b32e8fa2776239da0c68de9dd7c","codec-http/src/main/java/io/netty/handler/codec/http/websocketx/WebSocketServerHandshaker00.java","10","0","4","0","79","192","0"
"neo4j","163d0bd4868b719bb23dc1d48cbc5f577e5994b6","community/security/src/test/java/org/neo4j/server/security/auth/AuthProceduresIT.java","10","0","4","13","293","370","1"
"hazelcast","7f2d6172ce45f4a4ea610858df9f821f4681daae","hazelcast/src/test/java/com/hazelcast/spi/impl/BasicOperationServiceTest.java","10","0","4","15","258","345","0"
"neo4j","07530adc6e64325f30ad4ef2b4efa48905cff328","community/security/src/test/java/org/neo4j/server/security/auth/AuthProceduresIT.java","10","0","4","15","306","391","0"
"hazelcast","21de2ef614b9a92baec6c4f16f26123a59391cdc","hazelcast/src/main/java/com/hazelcast/map/impl/MapContainer.java","10","0","4","29","208","284","0"
"netty","ba6ce5449ee852b782dde9a11933f6a09b123e22","codec-http/src/main/java/io/netty/handler/codec/http/HttpMethod.java","10","0","4","4","89","194","0"
"BroadleafCommerce","4b899b0b30679392365b1286b26fd502eee6594c","admin/broadleaf-open-admin-platform/src/main/java/org/broadleafcommerce/openadmin/web/form/component/ListGrid.java","10","0","4","45","212","320","1"
"elasticsearch","20279a255674d826d07ecbb1f729d913b06cd7b3","src/main/java/org/elasticsearch/search/aggregations/bucket/BestDocsDeferringCollector.java","10","0","4","5","155","239","1"
"elasticsearch","635ae29bf1eb3aa83597bc296ff58a5b95ca648a","src/main/java/org/elasticsearch/common/util/CancellableThreads.java","10","0","4","6","79","146","0"
"elasticsearch","1d44db7d87ff0d101b0d9cb7ee777b1a57a3724e","core/src/main/java/org/elasticsearch/common/util/CancellableThreads.java","10","0","4","6","82","149","1"
"elasticsearch","20bff773eda14804a77f6b76d98d8ea63ba6f4b9","core/src/main/java/org/elasticsearch/common/util/CancellableThreads.java","10","0","4","6","83","150","0"
"elasticsearch","9ca5e6e3e12cf4f13eb6ed0140d9073ba89c61c9","src/main/java/org/apache/lucene/store/BufferedIndexOutput.java","10","0","4","7","88","156","1"
"elasticsearch","7dfe48c33b9d1bb926a7f6fff0aab9de3076cf03","modules/elasticsearch/src/main/java/org/elasticsearch/search/internal/SearchContext.java","10","0","4","80","386","549","0"
"elasticsearch","72d2fd0da079cee9f6e9b7e2dd9fe5733b539d8a","modules/elasticsearch/src/main/java/org/elasticsearch/search/internal/SearchContext.java","10","0","4","80","389","552","0"
"elasticsearch","93beea1f670f1e0d53bc3fd3ee671bc235d5f1aa","core/src/main/java/org/elasticsearch/cluster/routing/allocation/decider/SnapshotInProgressAllocationDecider.java","10","0","5","1","60","121","0"
"elasticsearch","fd6e1a30de3cdc68d9ee58eefee40e5055b7487b","core/src/main/java/org/elasticsearch/common/lucene/ShardCoreKeyMap.java","10","0","5","1","87","166","0"
"neo4j","1f22cd0deabcf1e618e4053524cdbfea4940c059","community/security/src/test/java/org/neo4j/server/security/auth/AuthProceduresIT.java","10","0","5","11","292","365","0"
"neo4j","1b3aad3b619bd72c2c9f79bb7edf642c5dc56a6f","community/security/src/test/java/org/neo4j/server/security/auth/AuthProceduresIT.java","10","0","5","12","291","364","0"
"neo4j","9b3b0aabf83ed7c8a09a65074c8093f18ef194fb","community/security/src/test/java/org/neo4j/server/security/auth/AuthProceduresIT.java","10","0","5","12","292","365","0"
"neo4j","2fb8aea71a2d50c63f1407b9e975c5e8cbf325dc","community/security/src/test/java/org/neo4j/server/security/auth/AuthProceduresIT.java","10","0","5","12","293","366","1"
"hazelcast","7fbe793dbc598c07cd92080cfcc997a6389b6b73","hazelcast/src/test/java/com/hazelcast/nio/serialization/SerializationTest.java","10","0","5","13","323","435","1"
"neo4j","2af6d6d39b6fc99d460c39199563ad2b2998b3cf","community/security/src/test/java/org/neo4j/server/security/auth/AuthProceduresIT.java","10","0","5","14","306","387","0"
"elasticsearch","747390562056b381bf9e38694bbf9e207a1aa038","core/src/main/java/org/elasticsearch/index/mapper/Mapping.java","10","0","5","3","93","137","2"
"elasticsearch","c40099d4efbf14e5bee8b4207fca7ae39d2d2d25","core/src/main/java/org/elasticsearch/index/mapper/Mapping.java","10","0","5","3","96","141","0"
"hazelcast","13ee2009ce877b5f5755244f773c9b4aa6925c1d","hazelcast-client/src/main/java/com/hazelcast/client/config/ProxyFactoryConfig.java","10","0","5","4","46","94","2"
"elasticsearch","1bc8f82d0a8a9750b9dae8534b4104cbf00b5c34","src/main/java/org/elasticsearch/index/query/FuzzyLikeThisQueryBuilder.java","10","0","5","5","81","133","1"
"elasticsearch","6eaff9432ddc05adad528761f4ce65545cce9cf8","core/src/main/java/org/elasticsearch/common/transport/TransportAddress.java","10","0","5","6","81","140","1"
"elasticsearch","2a57e7cd4b98dfadd166218daae5eac4ba15f5d9","src/main/java/org/elasticsearch/action/search/ShardSearchFailure.java","10","0","5","7","89","145","0"
"elasticsearch","2f4b759df7a34e41e1f82436dadef227b79370c2","src/main/java/org/elasticsearch/action/search/ShardSearchFailure.java","10","0","5","7","89","147","1"
"elasticsearch","01ca81e2a37c9cd38c6dc44ae567d427c059dbe0","src/main/java/org/elasticsearch/index/store/StoreFileMetaData.java","10","0","5","8","75","134","0"
"elasticsearch","60bddc28ebd690446c88a454cc24de984fdf0fc5","src/main/java/org/elasticsearch/action/search/ShardSearchFailure.java","10","0","5","8","92","149","0"
"elasticsearch","a8dcfa5deb65d57ae4814f97c7f5231ed45507c2","src/main/java/org/elasticsearch/action/search/ShardSearchFailure.java","10","0","5","9","98","154","0"
"elasticsearch","2bd09c4625898d77aa6c015c6f82cf973ed18cb7","core/src/main/java/org/elasticsearch/index/query/BoostingQueryBuilder.java","10","0","6","1","100","174","1"
"elasticsearch","28109a18a2dc1f30207d09bdfb2148e8d7906337","core/src/test/java/org/elasticsearch/cluster/routing/UnassignedInfoTests.java","10","0","6","11","266","343","2"
"elasticsearch","044b3d59cda609b6e3101bc24951f6c564b157f0","core/src/test/java/org/elasticsearch/cluster/routing/UnassignedInfoTests.java","10","0","6","11","272","347","1"
"elasticsearch","065275443d9954220a004d4dcc5138a5f91444f5","core/src/test/java/org/elasticsearch/cluster/routing/UnassignedInfoTests.java","10","0","6","11","276","351","3"
"elasticsearch","437c43cd7fe3906e96cfc4eb878bedeb250d5db9","core/src/test/java/org/elasticsearch/cluster/routing/UnassignedInfoTests.java","10","0","6","11","282","357","1"
"netty","268111208007b1336dc1bbdcb0b9c15427e14e1f","handler/src/main/java/io/netty/handler/traffic/ChannelTrafficShapingHandler.java","10","0","6","2","114","232","0"
"elasticsearch","8bf302f6e24fc1941db4a2566a1befab2f782bee","src/test/java/org/elasticsearch/search/aggregations/bucket/DateHistogramTests.java","10","0","6","20","682","909","1"
"hazelcast","ef10c3ecf03e639f5e18b1aca847cdc3a17c881b","hazelcast/src/main/java/com/hazelcast/util/ItemCounter.java","10","0","6","3","66","134","2"
"hazelcast","2c9f047c50d17d673fc19ecabccf2239611417b6","hazelcast/src/main/java/com/hazelcast/spi/impl/operationservice/impl/InvocationRegistry.java","10","0","6","5","100","189","0"
"elasticsearch","01b18ad219933679256753fa8639c37d11cac1ff","src/main/java/org/elasticsearch/search/aggregations/bucket/terms/Terms.java","10","0","6","6","52","128","0"
"elasticsearch","371c73e14023917f3892090d2d3d7ff9ac1216b9","core/src/main/java/org/elasticsearch/common/network/NetworkModule.java","10","0","7","1","353","454","3"
"elasticsearch","78574d248cf10dad1c5a566fda79e1e0c94afe43","core/src/main/java/org/elasticsearch/common/network/NetworkModule.java","10","0","7","1","353","454","2"
"elasticsearch","e6aaaf11ed4a1b8f595f920de1840938eddb7a97","core/src/main/java/org/elasticsearch/common/network/NetworkModule.java","10","0","7","1","353","454","2"
"elasticsearch","a60b8948ba1d836a6eac7cff095519e618939ed8","core/src/main/java/org/elasticsearch/common/network/NetworkModule.java","10","0","7","1","353","454","0"
"elasticsearch","8e742c2096dad1e87e88719902b961e2b7100fa6","src/main/java/org/elasticsearch/action/indexedscripts/get/GetIndexedScriptRequest.java","10","0","7","10","120","198","0"
"elasticsearch","9a0ce62550e82954cb8ce1bf1cca0c96eb377845","core/src/main/java/org/elasticsearch/common/network/NetworkModule.java","10","0","7","2","354","454","1"
"elasticsearch","d3cd58eb2f3fdfbeec81f657ca47b2994069c94a","core/src/main/java/org/elasticsearch/common/network/NetworkModule.java","10","0","7","2","355","455","0"
"BroadleafCommerce","121fb9da120731cb573dabb23e44df67447d001d","common/src/main/java/org/broadleafcommerce/common/util/BLCRequestUtils.java","10","0","7","2","62","131","1"
"elasticsearch","19448d777528f1158de04858ef2fcc5b2431bd5e","modules/elasticsearch/src/main/java/org/elasticsearch/index/mapper/xcontent/NumberFieldMapper.java","10","0","7","20","140","221","0"
"hazelcast","8a2785d3905127521f828732bb879db96148394a","hazelcast/src/main/java/com/hazelcast/util/ItemCounter.java","10","0","7","3","70","144","2"
"hazelcast","d1c295969728d08d0963ba8eeceb0e80733304a3","hazelcast/src/main/java/com/hazelcast/util/ItemCounter.java","10","0","7","4","73","148","1"
"hazelcast","3f34f9a7925344ddf70b22f1eb736b0a8f28b260","hazelcast/src/main/java/com/hazelcast/util/ItemCounter.java","10","0","7","4","73","149","0"
"elasticsearch","2602439a51f109e059123b232ec60c9d816c60dd","core/src/main/java/org/elasticsearch/index/translog/TranslogWriter.java","10","0","7","8","202","292","1"
"elasticsearch","59be738e40bb7127db36c610289760c49ca7551a","core/src/main/java/org/elasticsearch/index/translog/TranslogWriter.java","10","0","7","8","202","292","1"
"elasticsearch","7742c1e181104207c2adc3f7dc40276113698350","core/src/main/java/org/elasticsearch/index/translog/TranslogWriter.java","10","0","7","8","202","292","1"
"elasticsearch","e363e0c2aafa7e45f32e27e2f47b9dda3aa7e2bb","core/src/main/java/org/elasticsearch/index/translog/TranslogWriter.java","10","0","7","8","202","292","0"
"elasticsearch","1f04182b8164ffb19f3805c48d67f0375262b317","core/src/main/java/org/elasticsearch/common/inject/multibindings/Multibinder.java","10","0","8","0","174","334","0"
"hazelcast","e73e5bfd1f14d7899e364d20f14baa2171c29ee5","hazelcast/src/main/java/com/hazelcast/internal/util/ThreadLocalRandom.java","10","0","8","0","68","215","1"
"netty","9ca20b73d3ee9e1aa1c83336854bb5ac6aca5f99","common/src/main/java/io/netty/util/internal/ThreadLocalRandom.java","10","0","8","0","75","222","1"
"netty","f779a4415cedcfa445777b186c8fe1d6341278df","src/main/java/io/netty/bootstrap/ConnectionlessBootstrap.java","10","0","8","0","79","302","1"
"elasticsearch","155de53fe394d18216b72a1947c20d35788564e8","core/src/main/java/org/elasticsearch/transport/ConnectionProfile.java","10","0","8","0","97","185","2"
"elasticsearch","35861574674581e07ec7554b29a02be4bd89b97d","src/main/java/org/elasticsearch/search/aggregations/bucket/BytesRefHash.java","10","0","8","1","111","171","1"
"elasticsearch","444dff7b40444bb19c5954562b723c0faeaa3fae","src/main/java/org/elasticsearch/search/aggregations/bucket/BytesRefHash.java","10","0","8","1","111","171","1"
"elasticsearch","af1513f908d47445a6156573a53c5ad4f463175c","src/main/java/org/elasticsearch/search/aggregations/bucket/BytesRefHash.java","10","0","8","1","111","171","0"
"elasticsearch","e1c11209496173874c2f632028e7d028e730b7e2","src/main/java/org/elasticsearch/search/aggregations/bucket/BytesRefHash.java","10","0","8","1","111","172","0"
"elasticsearch","a60b8948ba1d836a6eac7cff095519e618939ed8","core/src/main/java/org/elasticsearch/action/admin/indices/stats/CommonStatsFlags.java","10","0","8","16","176","262","0"
"elasticsearch","78574d248cf10dad1c5a566fda79e1e0c94afe43","core/src/main/java/org/elasticsearch/action/admin/indices/stats/CommonStatsFlags.java","10","0","8","16","176","263","1"
"elasticsearch","ab6163898fd8c83dda01b6eb4dd42e1f900f393b","src/main/java/org/apache/lucene/search/vectorhighlight/XFieldTermStack.java","10","0","8","8","101","210","1"
"elasticsearch","8a876ea80e26e5c40c5ff400b77d4458b318ec18","src/main/java/org/apache/lucene/search/vectorhighlight/XFieldTermStack.java","10","0","8","8","101","213","0"
"Android-Universal-Image-Loader","0c4981a73d5f8c9cf68bf62c168ef8e82cf6d147","library/src/com/nostra13/universalimageloader/core/DefaultConfigurationFactory.java","10","0","9","0","106","162","0"
"hazelcast","d568e4d926d925d57d4e79e34614390416749301","hazelcast/src/main/java/com/hazelcast/util/CollectionUtil.java","10","0","9","0","74","169","0"
"Android-Universal-Image-Loader","56f4df896682733c9979b348e46ba77494851304","library/src/com/nostra13/universalimageloader/core/DefaultConfigurationFactory.java","10","0","9","0","98","150","0"
"Android-Universal-Image-Loader","dcb5e7982e71f76bf5aac5830e18c713839ff478","library/src/com/nostra13/universalimageloader/core/DefaultConfigurationFactory.java","10","0","9","0","99","151","1"
"netty","b644d4e9319eadc16d662e6bcf894e1cfda1f728","transport/src/main/java/io/netty/channel/DefaultChannelPipeline.java","100","0","0","0","1066","1351","1"
"netty","1603d9792dd972cdc6bd1b83a4e890cbe103c797","transport/src/main/java/io/netty/channel/DefaultChannelPipeline.java","100","0","0","0","1066","1352","0"
"netty","2a14f749796ad754ab43d89e69f55ea44ee758a6","transport/src/main/java/io/netty/channel/DefaultChannelPipeline.java","100","0","0","0","1072","1376","2"
"netty","a03bd5105a7036ec76430699fbb9015d48785bcd","transport/src/main/java/io/netty/channel/DefaultChannelPipeline.java","100","0","0","0","1074","1362","0"
"netty","4158152b24c1e20cc9d024486a6bc6a0ee336a92","transport/src/main/java/io/netty/channel/socket/nio/AbstractNioWorker.java","100","0","0","0","551","784","0"
"netty","8579f09c594f69870115c019655c98cba5ad47ee","transport/src/main/java/io/netty/channel/socket/nio/AbstractNioWorker.java","100","0","0","0","551","785","1"
"hazelcast","85549e3acb34b7162c3cee3fe727ce5a9d859090","hazelcast/src/main/java/com/hazelcast/map/proxy/MapProxySupport.java","100","0","0","0","692","784","0"
"hazelcast","f359a17dafef27e3537bf154ed62ad90f424299c","hazelcast-wm/src/main/java/com/hazelcast/web/WebFilter.java","100","0","0","6","625","730","1"
"hazelcast","86f6e106a1152a2f5d110436d07b41ff8a06a1f9","hazelcast/src/main/java/com/hazelcast/cluster/TcpIpJoiner.java","100","0","0","7","446","522","0"
"hazelcast","7b0ce9c6c73a465306996b98aebe1c5f7f37cf75","hazelcast/src/main/java/com/hazelcast/cluster/impl/TcpIpJoiner.java","100","0","0","7","449","522","1"
"hazelcast","0dcac2107149f1a24af61788b11b53bd49eb4a73","hazelcast/src/main/java/com/hazelcast/cluster/impl/TcpIpJoiner.java","100","0","0","7","452","523","0"
"hazelcast","d371b2635c6f75f77462d28e51c67ea7fdda53db","hazelcast/src/main/java/com/hazelcast/cluster/impl/TcpIpJoiner.java","100","0","0","7","455","528","1"
"netty","d343a258e201796f010bcf5926df1a77bc04637e","codec-http/src/main/java/io/netty/handler/codec/http/HttpObjectDecoder.java","100","0","1","0","526","749","1"
"elasticsearch","5da8ce8318efda1fdcc367d97dc294feaf6285cc","core/src/main/java/org/elasticsearch/search/SearchService.java","100","0","1","13","693","827","0"
"MapDB","af3ae29e5ef5c6f18defbc4a96ae025ba8e444ec","src/main/java/org/mapdb/StoreWAL.java","100","0","1","14","659","873","0"
"BroadleafCommerce","944d8c5274ac9b5f46abb09e9d3e9aca65cd000d","core/broadleaf-framework/src/main/java/org/broadleafcommerce/core/search/service/solr/SolrIndexServiceImpl.java","100","0","1","15","658","975","2"
"orientdb","b80668d3a300628d324103b1111b004808b757d7","core/src/main/java/com/orientechnologies/common/console/TTYConsoleReader.java","100","0","1","5","419","470","1"
"hazelcast","1f042b8c4a4245594691bb6d85a66ceed9b43068","hazelcast/src/main/java/com/hazelcast/cluster/impl/TcpIpJoiner.java","100","0","1","6","456","533","1"
"hazelcast","c0e00faf6d5f1e12f986d874e8585114554cc506","hazelcast/src/main/java/com/hazelcast/cluster/impl/TcpIpJoiner.java","100","0","1","6","456","533","1"
"hazelcast","2921cff694583b8638dae2991f427e61d5440a9d","hazelcast/src/main/java/com/hazelcast/cluster/impl/TcpIpJoiner.java","100","0","1","6","456","533","0"
"hazelcast","a02dfded4689a8e2986e8ddde755881248231c54","hazelcast/src/main/java/com/hazelcast/cluster/impl/TcpIpJoiner.java","100","0","1","6","457","534","0"
"MapDB","47d02eccdd3e04b0562795473f52324a4b84b49f","src/main/java/org/mapdb/SerializerPojo.java","100","0","1","6","509","740","2"
"elasticsearch","e4beda94f996a930b371a6d057c45909f48271a1","src/main/java/org/elasticsearch/plugins/PluginManager.java","100","0","1","8","520","657","0"
"elasticsearch","618c2f7af511b7d8a09ad037aca827272e8cc08a","core/src/main/java/org/elasticsearch/index/mapper/core/TypeParsers.java","100","0","1","9","389","449","3"
"orientdb","0402aed1e4b1aaff933c1a35dee7282cdc248b52","etl/src/main/java/com/orientechnologies/orient/etl/loader/OOrientDBLoader.java","100","0","1","9","431","544","2"
"orientdb","482b16b4ca5e168a88d9f9736936f2a9ae3586e0","etl/src/main/java/com/orientechnologies/orient/etl/loader/OOrientDBLoader.java","100","0","1","9","436","550","0"
"mcMMO","190b7ee1f544a04c125c4fd4d728326f10d0ec0d","src/main/java/com/gmail/nossr50/listeners/EntityListener.java","100","0","10","3","370","529","2"
"elasticsearch","72982d955aa7129527bb1f2bf6165674f7b4d6d7","src/main/java/org/elasticsearch/cluster/routing/allocation/allocator/BalancedShardsAllocator.java","100","0","13","10","656","976","0"
"mcMMO","b7bb3f4487cb449ce4fd73530e1060d520da39f2","src/main/java/com/gmail/nossr50/skills/Skills.java","100","0","16","4","320","519","0"
"netty","97bdabad9c62eecb72555911cfa9f74570204943","codec-http/src/main/java/io/netty/handler/codec/http/multipart/HttpPostRequestEncoder.java","100","0","17","6","723","1201","1"
"elasticsearch","35ddc749b18f90d4ba4b71175069d057b282b130","core/src/main/java/org/elasticsearch/common/joda/Joda.java","100","0","2","12","251","313","1"
"BroadleafCommerce","42fab0f12ab56dc3af4b15636fdb702de7de5d4d","core/broadleaf-framework/src/main/java/org/broadleafcommerce/core/search/service/solr/SolrHelperServiceImpl.java","100","0","2","47","689","857","2"
"BroadleafCommerce","7467f1200927011c61223df68edb5cfddfc107e7","core/broadleaf-framework/src/main/java/org/broadleafcommerce/core/search/service/solr/SolrHelperServiceImpl.java","100","0","2","48","696","868","1"
"netty","26a175cd94c50aebdd3bdcba8e3cd0a30f664870","transport/src/main/java/io/netty/channel/DefaultChannelPipeline.java","100","0","2","65","1122","1443","1"
"hazelcast","bb3266e84d69195c8c86628146aa5cf8d32b75d3","hazelcast/src/main/java/com/hazelcast/internal/cluster/impl/MembershipManager.java","100","0","2","8","745","948","1"
"elasticsearch","ad94bea0bbfe9d0dcfc4ca3a908125f6cb2e006c","core/src/main/java/org/elasticsearch/indices/IndicesService.java","100","0","22","13","914","1272","2"
"elasticsearch","6d9af2fff4833b464fde2c3caaf9948fc1f92460","core/src/main/java/org/elasticsearch/indices/IndicesService.java","100","0","23","13","922","1286","0"
"elasticsearch","977712f9773c3eecea3958a5b8ddf934207775a6","core/src/main/java/org/elasticsearch/search/SearchHit.java","100","0","26","31","703","940","2"
"elasticsearch","634ce90dc06f20888a4ff655985a6baccf25a7db","core/src/main/java/org/elasticsearch/search/SearchHit.java","100","0","27","31","709","950","0"
"ceylon-ide-eclipse","64b73d83546ef38e15b029a505fabaa71555941b","plugins/com.redhat.ceylon.eclipse.ui/src/com/redhat/ceylon/eclipse/code/parse/CeylonParseController.java","100","0","3","13","645","826","2"
"elasticsearch","e7d352b489272a87b05019869857656de7fb82fc","core/src/test/java/org/elasticsearch/search/aggregations/bucket/StringTermsIT.java","100","0","3","49","1340","1636","0"
"elasticsearch","baa2d51e599bdb901e472d15cc0251e6712c1d25","core/src/test/java/org/elasticsearch/index/engine/InternalEngineTests.java","100","0","3","49","1701","2113","0"
"hazelcast","34af1d4dcfbd18684efa025746c9963a0b4b85a2","hazelcast/src/test/java/com/hazelcast/map/mapstore/MapStoreTest.java","100","0","4","135","2004","2372","1"
"hazelcast","8d765f0906fd01dfa4351162bb9d755535597eb0","hazelcast/src/test/java/com/hazelcast/map/mapstore/MapStoreTest.java","100","0","4","135","2005","2373","0"
"orientdb","0b098ecbb27731eae0d6bc55a5750b000a6b9777","core/src/main/java/com/orientechnologies/orient/core/sql/parser/OExpression.java","100","0","4","33","369","481","0"
"hazelcast","00e52fa5320b0c1c2c40e7a39d7dcc3a34ba2e3a","hazelcast/src/main/java/com/hazelcast/map/impl/recordstore/DefaultRecordStore.java","100","0","4","54","855","1042","1"
"hazelcast","accb8f0e3102e151f7e6961bcb7cf2991a679b65","hazelcast/src/main/java/com/hazelcast/map/impl/recordstore/DefaultRecordStore.java","100","0","4","54","857","1044","1"
"hazelcast","6ba8d8351f45b37667613e6f2ac9b8f7ec325782","hazelcast/src/main/java/com/hazelcast/map/impl/recordstore/DefaultRecordStore.java","100","0","4","54","858","1045","1"
"hazelcast","9edfab7f3f59aa6703b54c44ea249fa6da524874","hazelcast/src/main/java/com/hazelcast/map/impl/recordstore/DefaultRecordStore.java","100","0","4","56","833","1017","1"
"hazelcast","32414b10eb42bcd8b325501cb9d937921970f4e7","hazelcast/src/main/java/com/hazelcast/map/impl/DefaultRecordStore.java","100","0","4","57","912","1102","0"
"titan","ee1d562528178614735f8e5526856dc1e407c97e","titan-core/src/main/java/com/thinkaurelius/titan/graphdb/database/StandardTitanGraph.java","100","0","5","26","571","741","0"
"titan","8e76984347ad0cc94af1cde0ecb9b018e79d526c","titan-core/src/main/java/com/thinkaurelius/titan/graphdb/database/StandardTitanGraph.java","100","0","5","26","573","743","1"
"titan","78e78eac4e59a716b323408c75aacfdc6e138508","titan-core/src/main/java/com/thinkaurelius/titan/graphdb/database/StandardTitanGraph.java","100","0","5","26","614","790","2"
"elasticsearch","5763b2468669896ce69b7f728626a8c844f4aba4","src/main/java/org/elasticsearch/search/internal/InternalSearchHit.java","100","0","5","61","693","831","0"
"netty","78586a99b6c23dc7f847838aaae6be70d6d7ca9b","transport/src/main/java/io/netty/channel/nio/NioEventLoop.java","100","0","6","1","584","819","1"
"netty","90bc60547784877366a3294e6b945a5241b7099f","transport/src/main/java/io/netty/channel/nio/NioEventLoop.java","100","0","6","1","585","817","0"
"orientdb","694179bbd708b0a0ab131849e7132dbf55ba1a0b","core/src/main/java/com/orientechnologies/orient/core/index/OIndexAbstract.java","100","0","6","50","838","1090","1"
"orientdb","ce9a4c492cff603a97bc74458b062c03e2ecd087","core/src/main/java/com/orientechnologies/orient/core/index/OIndexAbstract.java","100","0","6","51","844","1105","0"
"elasticsearch","58bc21a2164e4b8a82df0f4d68f21ea8d209b568","src/main/java/org/elasticsearch/cluster/routing/allocation/allocator/BalancedShardsAllocator.java","100","0","9","10","641","944","0"
"elasticsearch","bd75b731c654f4c845f0781306b8055704706585","src/main/java/org/elasticsearch/cluster/routing/allocation/allocator/BalancedShardsAllocator.java","100","0","9","10","661","967","1"
"hazelcast","60ee6ddac16452eeb9c4b3678eb6c5cd9daeafd0","hazelcast/src/main/java/com/hazelcast/impl/management/ManagementCenterService.java","101","0","0","10","631","709","0"
"hazelcast","93178d4da5c88dc7a98ffab448e3738bbedef961","hazelcast/src/main/java/com/hazelcast/impl/management/ManagementCenterService.java","101","0","0","10","631","711","1"
"hazelcast","4c25e854736ce3a33329277b4150ac5f3d0ca5e9","hazelcast-wm/src/main/java/com/hazelcast/web/WebFilter.java","101","0","0","6","625","730","0"
"hazelcast","52c690a4dd7a5b06f8ae693d5a360c8fd10d92c4","hazelcast-wm/src/main/java/com/hazelcast/web/WebFilter.java","101","0","0","6","632","741","1"
"hazelcast","71087860a2df033762e4b3b20e2f720f264e8a72","hazelcast-wm/src/main/java/com/hazelcast/web/WebFilter.java","101","0","0","6","633","742","1"
"hazelcast","5e5c8a40c0d029c5f0cc49a61b3f21d87f671dc3","hazelcast/src/main/java/com/hazelcast/cluster/TcpIpJoiner.java","101","0","0","7","447","518","0"
"hazelcast","e914277fc41124d8b178c218e3ff76938f695cb0","hazelcast/src/main/java/com/hazelcast/cluster/impl/TcpIpJoiner.java","101","0","0","7","450","521","0"
"hazelcast","f4978ae72891d101a507476744f9ca3eba155b07","hazelcast/src/main/java/com/hazelcast/cluster/impl/TcpIpJoiner.java","101","0","0","7","450","521","0"
"hazelcast","823eddc929ad4645cc2a6944a97c8a72cfe1bacb","hazelcast/src/main/java/com/hazelcast/cluster/impl/TcpIpJoiner.java","101","0","0","7","450","521","2"
"netty","dddfb149a5f7c043ff4d20c36a132a6f2dedd4f8","codec-http/src/main/java/io/netty/handler/codec/http/HttpObjectDecoder.java","101","0","1","0","530","755","0"
"elasticsearch","3448028af7bd026059088052d57663fe4d00005b","core/src/main/java/org/elasticsearch/search/SearchService.java","101","0","1","13","697","831","0"
"elasticsearch","d64d0d6a97ae8dd70ba6018f97dd3c5fc10acd53","src/main/java/org/elasticsearch/search/SearchService.java","101","0","1","13","817","939","1"
"elasticsearch","c8233550145086a5eaaf65e05670599b65057705","modules/elasticsearch/src/main/java/org/elasticsearch/indices/cluster/IndicesClusterStateService.java","101","0","1","2","516","637","0"
"netty","b130ee6a6cf023c27a9734ec1cced989bbe19b95","common/src/main/java/io/netty/util/concurrent/DefaultPromise.java","101","0","1","26","624","765","0"
"orientdb","56f9bf3a10535e331c512f9852b1779bbc1d38b0","core/src/main/java/com/orientechnologies/orient/core/storage/cache/local/O2QCache.java","101","0","1","26","809","1027","1"
"orientdb","c65031e4a5cae04be6faeaeccb01fb18d3e5fb85","core/src/main/java/com/orientechnologies/orient/core/storage/cache/local/O2QCache.java","101","0","1","26","809","1027","1"
"orientdb","480f55c8681a5dd4622a69f8499b9a072efb6379","core/src/main/java/com/orientechnologies/orient/core/storage/cache/local/O2QCache.java","101","0","1","26","809","1027","0"
"orientdb","7d92a6b03b707e81490ef22a1fa23a1017918c3d","core/src/main/java/com/orientechnologies/orient/core/storage/cache/local/O2QCache.java","101","0","1","26","810","1028","0"
"elasticsearch","41e4ee22e68a312ab58eb9b2c17382a516a88289","src/main/java/org/elasticsearch/threadpool/ThreadPool.java","101","0","1","33","696","813","0"
"elasticsearch","de243493c9a31354d742c34a66817e8a06798026","src/main/java/org/elasticsearch/threadpool/ThreadPool.java","101","0","1","42","725","851","0"
"elasticsearch","7afffbe13bca22ff24b1fb307aef4b07a3630de0","src/main/java/org/elasticsearch/threadpool/ThreadPool.java","101","0","1","42","728","854","0"
"elasticsearch","bd75b731c654f4c845f0781306b8055704706585","src/main/java/org/elasticsearch/threadpool/ThreadPool.java","101","0","1","42","730","856","1"
"hazelcast","3c7d3ca1d585684819927ba9de88fc3f2b44fc03","hazelcast-wm/src/main/java/com/hazelcast/web/WebFilter.java","101","0","1","5","646","827","4"
"hazelcast","6da751abfef47a6a1be8097a540aa4ca64b086cb","hazelcast/src/main/java/com/hazelcast/spi/impl/EventServiceImpl.java","101","0","1","58","738","879","0"
"elasticsearch","9fae152cf531d6602cbb6b93e41fc956b73bc80b","src/main/java/org/elasticsearch/plugins/PluginManager.java","101","0","1","8","547","689","1"
"hazelcast","9bbfd33ff7246db9118fa0590d78544d25513452","hazelcast/src/main/java/com/hazelcast/util/AddressUtil.java","101","0","2","22","429","505","0"
"elasticsearch","3d13c27fa0df12018f35f1b20987c90277e9b6f9","core/src/main/java/org/elasticsearch/cluster/service/InternalClusterService.java","101","0","2","22","831","1026","1"
"elasticsearch","2bd09c4625898d77aa6c015c6f82cf973ed18cb7","core/src/main/java/org/elasticsearch/cluster/service/InternalClusterService.java","101","0","2","22","832","1027","0"
"hazelcast","03567d900333ef3328c1b801dd974254ea97bb17","hazelcast/src/main/java/com/hazelcast/internal/cluster/impl/MembershipManager.java","101","0","2","8","749","953","0"
"elasticsearch","17a2fffc9be50102fa5a9da72053c82df23b1a64","core/src/main/java/org/elasticsearch/cluster/service/ClusterService.java","101","0","21","9","846","1164","2"
"elasticsearch","00de8e07fc3df9c763bbc0b6890217dc5b6bee3e","core/src/main/java/org/elasticsearch/cluster/service/ClusterService.java","101","0","21","9","849","1183","3"
"elasticsearch","6796464f167ce293192c43efd1cf28e4434fd5da","core/src/main/java/org/elasticsearch/cluster/service/ClusterService.java","101","0","21","9","849","1183","4"
"elasticsearch","6baded8e7fb920e920a288bf53764a1da3d617da","core/src/main/java/org/elasticsearch/cluster/service/ClusterService.java","101","0","21","9","849","1183","3"
"elasticsearch","d06a8903fdccf5985bb1b9cbfcb92580d08a544c","core/src/main/java/org/elasticsearch/cluster/service/ClusterService.java","101","0","21","9","849","1183","0"
"elasticsearch","2eccbf50fe05bb64ed39721049a81a3537d0b8fd","src/main/java/org/elasticsearch/index/store/Store.java","101","0","22","27","761","1105","1"
"elasticsearch","0bbb84c19a0ff2ad974bb2bd8002871e4ee1ac73","core/src/main/java/org/elasticsearch/snapshots/RestoreService.java","101","0","24","12","746","1095","1"
"mcMMO","8dfa8c20f32e391c3d299abc51514a6601ed6e80","src/main/java/com/gmail/nossr50/skills/gathering/Herbalism.java","101","0","3","2","333","432","4"
"netty","ff179c343038fea5df3c989386d3422c60f2eb34","common/src/main/java/io/netty/util/NetUtil.java","101","0","3","2","421","602","0"
"netty","3c4321ce43b4dd7bea3d8d36721d50ae7cf10bd9","common/src/main/java/io/netty/util/NetUtil.java","101","0","3","2","422","602","1"
"netty","1f95e5db4c790f0d3b5df226ba5d71708c175f9e","common/src/main/java/io/netty/util/NetUtil.java","101","0","3","2","428","608","1"
"netty","1971bd1da6a55797de816bcfb29fe98e6bb86673","common/src/main/java/io/netty/util/NetUtil.java","101","0","3","2","432","612","1"
"netty","dcd3cadeaa08f711e8e5b833f8ebec48a72dd4d8","common/src/main/java/io/netty/util/NetUtil.java","101","0","3","2","432","615","0"
"orientdb","4e1de17697f2030cee8bb58b16556727f48827ed","core/src/main/java/com/orientechnologies/orient/core/index/OIndexAbstract.java","101","0","3","51","910","1155","0"
"elasticsearch","62b821ccf4e2bf221382df85e2785016f74012bc","core/src/test/java/org/elasticsearch/index/engine/InternalEngineTests.java","101","0","3","52","1785","2195","2"
"elasticsearch","0ad231546d70cd45ac5d7a32311c1cebb9b42293","core/src/test/java/org/elasticsearch/index/engine/InternalEngineTests.java","101","0","3","52","1789","2199","2"
"hazelcast","edd06ef89ebb26d51567a97a90481a0332fcb4bd","hazelcast/src/main/java/com/hazelcast/internal/cluster/impl/MembershipManager.java","101","0","3","7","747","950","0"
"hazelcast","48e0d6708befe8810164c467fa2f0ba367b071f3","hazelcast/src/main/java/com/hazelcast/map/impl/DefaultRecordStore.java","101","0","4","57","918","1109","0"
"hazelcast","bba4979a94183c948f76728c51843be7504a238a","hazelcast/src/main/java/com/hazelcast/map/impl/DefaultRecordStore.java","101","0","4","58","921","1112","0"
"hazelcast","9dbefa90a577836ee39554b13f3e3b1c99bab377","hazelcast/src/test/java/com/hazelcast/map/mapstore/MapStoreTest.java","101","0","5","128","1925","2270","0"
"hazelcast","1de7f634be3ca5890962fd19ccff6447b3f91c80","hazelcast/src/test/java/com/hazelcast/map/mapstore/MapStoreTest.java","101","0","5","129","1939","2288","0"
"hazelcast","63119743b5e19ef81e95cd509fbb3333a8b85424","hazelcast/src/test/java/com/hazelcast/map/mapstore/MapStoreTest.java","101","0","5","131","1972","2325","1"
"hazelcast","8f706352ccb43698b7a679ee9dd8e03d56d0540c","hazelcast/src/test/java/com/hazelcast/map/mapstore/MapStoreTest.java","101","0","5","131","1973","2326","1"
"hazelcast","5be128f9b275146e37ed6a2aac55460912394e31","hazelcast/src/test/java/com/hazelcast/map/mapstore/MapStoreTest.java","101","0","5","132","1987","2348","0"
"mcMMO","973279ed40d7d21aa5eaacb55a70d9c086f226a8","src/main/java/com/gmail/nossr50/spout/SpoutStuff.java","101","0","6","2","435","598","0"
"elasticsearch","58c34f0da918909f481d425d3f3e5346d13a2581","core/src/main/java/org/elasticsearch/index/mapper/RangeFieldMapper.java","101","0","6","40","690","775","0"
"ceylon-ide-eclipse","d97dcb889258ac748139dde5679efa447466d141","plugins/com.redhat.ceylon.eclipse.ui/src/com/redhat/ceylon/eclipse/code/complete/CompletionUtil.java","102","0","0","13","469","502","0"
"hazelcast","1b24dfd09e973a0a5ac02b1fd118a1acdf5987ba","hazelcast-wm/src/main/java/com/hazelcast/web/WebFilter.java","102","0","0","6","633","742","2"
"orientdb","abf6ba2fb52da0ed0fbf5148ca6eaef77f2e0b53","etl/src/main/java/com/orientechnologies/orient/etl/loader/OOrientDBLoader.java","102","0","1","11","457","598","1"
"orientdb","29ed663ec9cc6a3349c64fe1410363a1e480ceb1","etl/src/main/java/com/orientechnologies/orient/etl/loader/OOrientDBLoader.java","102","0","1","11","460","601","0"
"orientdb","32bcab3904ae06f31e694dacebdb04af0e807381","core/src/main/java/com/orientechnologies/orient/core/sql/filter/OSQLFilterCondition.java","102","0","1","13","311","426","0"
"elasticsearch","51de01bae568cb12d39fa30bb7797e1717b15354","src/main/java/org/elasticsearch/search/SearchService.java","102","0","1","13","825","947","1"
"elasticsearch","d8c02c2599e2cd30ea973e8f9bf12281e3473ebd","src/main/java/org/elasticsearch/search/SearchService.java","102","0","1","13","826","948","0"
"BroadleafCommerce","a74b24b872f43b0d8e626e43f86a325ad4b0822d","core/broadleaf-framework/src/main/java/org/broadleafcommerce/core/search/service/solr/SolrIndexServiceImpl.java","102","0","1","15","666","983","2"
"elasticsearch","55ceb01c44c7a45c165aab1d4c9e5e88254f0bd1","src/main/java/org/elasticsearch/transport/netty/NettyTransport.java","102","0","1","23","725","892","0"
"netty","0f2542ded5348da38ab5a21a925ca09df669b530","common/src/main/java/io/netty/util/concurrent/DefaultPromise.java","102","0","1","26","632","774","0"
"hazelcast","2388114ba2aac3aa5417e6dcd6c4b8932db39281","hazelcast/src/main/java/com/hazelcast/internal/serialization/impl/DefaultPortableReader.java","102","0","1","29","677","770","1"
"elasticsearch","28ae4d63937f64d4d70c3646191b06f8f303f0a5","src/main/java/org/elasticsearch/threadpool/ThreadPool.java","102","0","1","33","700","817","1"
"hazelcast","22bb2013bb94f5178228794d5a173b1cf9dc38d7","hazelcast-wm/src/main/java/com/hazelcast/web/WebFilter.java","102","0","1","5","646","827","3"
"elasticsearch","db7f0d36af6692b1648cbea6e1e7147e7cfa70dc","src/main/java/org/elasticsearch/plugins/PluginManager.java","102","0","1","8","506","649","1"
"elasticsearch","a6510f924520d8cdda2636ac85a1a1e43f6dfb8c","src/main/java/org/elasticsearch/plugins/PluginManager.java","102","0","1","8","543","686","0"
"mcMMO","0ea07d4bc76e5ed3b2bfcdce6b4d0fa4ba922fc8","src/main/java/com/gmail/nossr50/listeners/EntityListener.java","102","0","10","4","377","538","1"
"BroadleafCommerce","26ad5e3200a96bb3189406421dcd322db8053b5c","core/broadleaf-framework/src/main/java/org/broadleafcommerce/core/order/domain/OrderItemImpl.java","102","0","2","77","798","951","6"
"BroadleafCommerce","1da50e8d41f90a9ef84e26a97845dc812fbc27ad","core/broadleaf-framework/src/main/java/org/broadleafcommerce/core/order/domain/OrderItemImpl.java","102","0","2","77","799","952","5"
"antlr4","815a1ad02570de6f567dbb3ac40ad9968d3d88b4","runtime/Java/src/org/antlr/v4/runtime/atn/ATNSerializer.java","102","0","2","8","440","569","0"
"hazelcast","eb3f7db6bb3750e6648d2a09a52b688045576379","hazelcast/src/main/java/com/hazelcast/internal/cluster/impl/MembershipManager.java","102","0","2","8","756","962","0"
"hazelcast","f962b7efb7267fd61cb6020676f2f1a9dddc3131","hazelcast/src/main/java/com/hazelcast/internal/cluster/impl/MembershipManager.java","102","0","2","8","759","966","1"
"elasticsearch","2ed1f7a3390420835f9b270d20c5d512ba197827","core/src/main/java/org/elasticsearch/search/SearchHit.java","102","0","26","31","707","944","1"
"elasticsearch","149629fec657e9948488195087f30583cd561f11","core/src/main/java/org/elasticsearch/search/SearchHit.java","102","0","26","31","708","945","0"
"netty","8429ecfcc410d22402a6b7ea2b409908190d6428","common/src/main/java/io/netty/util/NetUtil.java","102","0","3","2","405","576","1"
"elasticsearch","f0020caf7c0c8a6df600aa076dfced81d88bbcf2","core/src/test/java/org/elasticsearch/index/engine/InternalEngineTests.java","102","0","3","51","1760","2176","1"
"orientdb","bbbb777e4073e4214e47e2134379d96dcb54486a","core/src/main/java/com/orientechnologies/orient/core/index/OIndexAbstract.java","102","0","3","52","919","1164","4"
"hazelcast","309ff0eae019fb89696700e9c7332b78d74999bd","hazelcast/src/main/java/com/hazelcast/internal/cluster/impl/MembershipManager.java","102","0","3","7","752","959","0"
"netty","a4d0341ea11140b1cfed2414f5292dffd3445dc8","common/src/main/java/io/netty/util/concurrent/SingleThreadEventExecutor.java","102","0","4","14","601","830","0"
"netty","eb3283c59c1eaff64eba3798d4903f100ec5028a","common/src/main/java/io/netty/util/concurrent/SingleThreadEventExecutor.java","102","0","4","14","603","829","0"
"BroadleafCommerce","90e4079b981d1ac986d9423fda3ac240f14ab316","core/broadleaf-framework/src/main/java/org/broadleafcommerce/core/offer/service/processor/ItemOfferProcessorImpl.java","102","0","4","2","459","695","0"
"orientdb","252aa4c00e6048e5a77066dc5f770ef6e58dd1ea","core/src/main/java/com/orientechnologies/orient/core/sql/parser/OMathExpression.java","102","0","4","33","415","526","1"
"ceylon-ide-eclipse","d07fc67098fbbc0bc5bdc07fb518f75042d95444","plugins/com.redhat.ceylon.eclipse.ui/src/com/redhat/ceylon/eclipse/code/parse/CeylonParseController.java","102","0","5","11","667","872","1"
"ceylon-ide-eclipse","51ca2332af281fc6ce521bc768204d4b83229f6a","plugins/com.redhat.ceylon.eclipse.ui/src/com/redhat/ceylon/eclipse/code/parse/CeylonParseController.java","102","0","5","12","740","939","1"
"ceylon-ide-eclipse","a253f8214734eb9a0e8f296303a574c56e748f63","plugins/com.redhat.ceylon.eclipse.ui/src/com/redhat/ceylon/eclipse/code/parse/CeylonParseController.java","102","0","5","12","741","940","1"
"hazelcast","57936ca5af77a39a29a27233a6f1b5c994d1e933","hazelcast/src/test/java/com/hazelcast/map/mapstore/MapStoreTest.java","102","0","5","130","1954","2303","3"
"hazelcast","9621be68c5053bc6bad0f97ec7da6f937d658d02","hazelcast/src/test/java/com/hazelcast/map/mapstore/MapStoreTest.java","102","0","5","131","1966","2317","1"
"elasticsearch","8257aba166456dcb59e66cac1428ebd25393a71b","src/main/java/org/elasticsearch/index/shard/service/InternalIndexShard.java","102","0","5","54","791","939","0"
"elasticsearch","5c00dc577388c9efbb13e612dec88a49b7165141","src/main/java/org/elasticsearch/index/shard/service/InternalIndexShard.java","102","0","5","54","795","942","0"
"elasticsearch","764a519627cd3a79b713082caf200eb9ce3018d1","src/main/java/org/elasticsearch/index/shard/service/InternalIndexShard.java","102","0","5","54","795","942","0"
"elasticsearch","7d52d587470104ba451f24564ec2aa2be4214f70","src/main/java/org/elasticsearch/index/shard/service/InternalIndexShard.java","102","0","5","54","795","942","1"
"elasticsearch","2bd09c4625898d77aa6c015c6f82cf973ed18cb7","core/src/main/java/org/elasticsearch/discovery/zen/ZenDiscovery.java","102","0","6","13","882","1192","0"
"elasticsearch","3d13c27fa0df12018f35f1b20987c90277e9b6f9","core/src/main/java/org/elasticsearch/discovery/zen/ZenDiscovery.java","102","0","6","15","893","1207","1"
"hazelcast","fa1c7b6b500525ad71674b38354c7da76290f7cc","hazelcast/src/main/java/com/hazelcast/queue/QueueContainer.java","102","0","9","35","526","631","1"
"orientdb","32d163bb67d400175f64d57d2e728fb2b0298c5f","core/src/main/java/com/orientechnologies/orient/core/sql/parser/OrientSql.java","10219","0","11","158","22731","24144","1"
"orientdb","88bb842dc792d4b17b7cd3f4d89559752af79f0a","core/src/main/java/com/orientechnologies/orient/core/sql/parser/OrientSql.java","10226","0","11","158","22757","24172","0"
"orientdb","9e3be4117a7bdab3fb8e622795ab1d363fc009c8","object/src/main/java/com/orientechnologies/orient/object/db/OObjectLazyList.java","103","0","0","38","398","480","1"
"orientdb","4281249babfca1366f21ad51aef1eec56effbab4","object/src/main/java/com/orientechnologies/orient/object/db/OObjectLazyList.java","103","0","0","39","401","484","0"
"hazelcast","0663f03826565103dcfda83b0815da8380112edc","hazelcast-wm/src/main/java/com/hazelcast/web/WebFilter.java","103","0","0","6","622","744","1"
"elasticsearch","977712f9773c3eecea3958a5b8ddf934207775a6","core/src/main/java/org/elasticsearch/search/SearchService.java","103","0","1","13","702","836","2"
"elasticsearch","d99b532f0f6e2a6bbadc7421eb5960083687ec73","src/main/java/org/elasticsearch/index/search/nested/NestedFieldComparatorSource.java","103","0","1","3","402","499","0"
"orientdb","0f5f03d26168ad1f52e8277cee6279ee0a066ed6","core/src/main/java/com/orientechnologies/orient/core/storage/impl/local/paginated/wal/ODiskWriteAheadLog.java","103","0","1","37","721","942","1"
"elasticsearch","d844093953dcc252ef97718aec69ec122850a96f","src/main/java/org/elasticsearch/gateway/local/state/meta/LocalGatewayMetaState.java","103","0","1","4","557","665","0"
"BroadleafCommerce","016c217175392f8c6e3a7b474904986cf9c8ece1","core/broadleaf-framework/src/main/java/org/broadleafcommerce/core/order/service/OrderServiceImpl.java","103","0","1","40","684","851","2"
"BroadleafCommerce","22b43aadaa1f4876aec113b8d19bec30c74f2ef0","core/broadleaf-framework/src/main/java/org/broadleafcommerce/core/order/service/OrderServiceImpl.java","103","0","1","41","688","856","2"
"BroadleafCommerce","1b9ea6f80da7fdc2f603bbd199ea545f32f264de","core/broadleaf-framework/src/main/java/org/broadleafcommerce/core/order/service/OrderServiceImpl.java","103","0","1","41","691","860","1"
"orientdb","685eae8b02a50116ab0a52606703d99caeba48ee","core/src/main/java/com/orientechnologies/common/console/TTYConsoleReader.java","103","0","1","5","464","566","0"
"hazelcast","8c8fc7ec51a485a1b6a208b87065f60da652d48c","hazelcast-wm/src/main/java/com/hazelcast/web/WebFilter.java","103","0","1","5","651","835","2"
"hazelcast","067449a737ee99e8aab9691746705e1de955f933","hazelcast/src/main/java/com/hazelcast/spi/impl/EventServiceImpl.java","103","0","1","58","745","886","0"
"orientdb","d33ac73135bf14707a593d188497c23c05e6dcc7","core/src/main/java/com/orientechnologies/orient/core/db/tool/ODatabaseExport.java","103","0","1","6","443","589","2"
"MapDB","e4992d529dfcc34c84d39a0c55abd3fa880e6ff9","src/main/java/org/mapdb/SerializerPojo.java","103","0","1","6","516","756","2"
"orientdb","2933d9f71ad2825fbeb80efad37a0f895f6bd6dd","core/src/main/java/com/orientechnologies/orient/core/command/script/OCommandExecutorScript.java","103","0","1","7","431","581","3"
"orientdb","3234bb99b3d0e3c6b4c76b52d2d4b4c87560d7c5","core/src/main/java/com/orientechnologies/orient/core/command/script/OCommandExecutorScript.java","103","0","1","7","432","581","4"
"elasticsearch","9f6a6a832fe7a25edd7ea9f75ee3eb09de7b7603","src/main/java/org/elasticsearch/plugins/PluginManager.java","103","0","1","8","546","688","1"
"elasticsearch","473e880a7c2fdb162f1d2d9e6a0624dc4475d629","core/src/main/java/org/elasticsearch/index/mapper/core/TypeParsers.java","103","0","1","9","398","458","2"
"netty","fc1429c00c6a365e37363091a3ee14291bb8f010","codec-http/src/main/java/io/netty/handler/codec/http/multipart/HttpPostRequestEncoder.java","103","0","17","6","780","1282","1"
"elasticsearch","d84c643f5880a88d2e5c38b487123161f3e01fe0","core/src/main/java/org/elasticsearch/index/mapper/core/NumberFieldMapper.java","103","0","2","26","802","924","0"
"elasticsearch","1feb9da3f2469be8c19d25900ab19e2de940a586","core/src/main/java/org/elasticsearch/index/mapper/core/NumberFieldMapper.java","103","0","2","26","828","950","2"
"elasticsearch","9af208376592635601b383b4435b29b724007021","core/src/main/java/org/elasticsearch/index/mapper/core/NumberFieldMapper.java","103","0","2","26","828","950","1"
"elasticsearch","4953bf02f68eb8c1ba18f8c6bf816241d6a9f902","core/src/main/java/org/elasticsearch/index/mapper/core/NumberFieldMapper.java","103","0","2","26","828","950","0"
"elasticsearch","de8354dd7fa93dbcc71f5dbf154079f92b2b0bf0","core/src/main/java/org/elasticsearch/index/mapper/core/NumberFieldMapper.java","103","0","2","26","832","954","2"
"hazelcast","44dd4c0ef632613153d2932c170a0490dcd30270","hazelcast/src/main/java/com/hazelcast/spi/impl/EventServiceImpl.java","103","0","2","60","890","1058","0"
"hazelcast","33c586d7fe567235e2216b7c79dd29adee22d5d0","hazelcast-client/src/main/java/com/hazelcast/client/config/XmlClientConfigBuilder.java","103","0","2","7","482","562","1"
"hazelcast","034a76c965a174be57bb24de58d67aadc3366be3","hazelcast/src/main/java/com/hazelcast/nio/UTFEncoderDecoder.java","103","0","3","3","618","825","1"
"hazelcast","190bf47c879edef2e254a47a96f2367174e16570","hazelcast/src/main/java/com/hazelcast/nio/UTFEncoderDecoder.java","103","0","3","3","618","825","2"
"hazelcast","7ff7f0a13b0342595b936aae88f297b937b4c1fb","hazelcast/src/main/java/com/hazelcast/nio/UTFEncoderDecoder.java","103","0","3","3","618","825","2"
"hazelcast","0926f192a04e5200e5bf7ac10b29c002855115b9","hazelcast/src/main/java/com/hazelcast/nio/UTFEncoderDecoder.java","103","0","3","3","618","825","0"
"hazelcast","b4a8e11fc48b99f59794cb04e6ba801865d2e219","hazelcast/src/main/java/com/hazelcast/nio/UTFEncoderDecoder.java","103","0","3","3","618","825","0"
"orientdb","4f84711edfdc19fc08e73e48a61236f0afc502b8","core/src/main/java/com/orientechnologies/orient/core/index/OIndexAbstract.java","103","0","3","54","929","1178","3"
"orientdb","63031a7bca10be3fecd487a71c360d1ab0a57888","core/src/main/java/com/orientechnologies/orient/core/index/OIndexAbstract.java","103","0","3","54","932","1184","1"
"hazelcast","e132a6c1f7eab35ac027f5a627603bdd1fd52c13","hazelcast/src/main/java/com/hazelcast/config/ConfigXmlGenerator.java","103","0","4","0","739","884","2"
"hazelcast","0e104a9f57ef6df4b44520699baf61a093a95a16","hazelcast/src/main/java/com/hazelcast/map/impl/recordstore/DefaultRecordStore.java","103","0","4","58","844","1040","0"
"ceylon-ide-eclipse","64a391fbabba6b9bc6b553abfa42466e0ca9673d","plugins/com.redhat.ceylon.eclipse.ui/src/com/redhat/ceylon/eclipse/code/parse/CeylonParseController.java","103","0","5","11","670","874","0"
"hazelcast","1451b18a2114fd1d2c7448aaa28f49d5e1da007c","hazelcast/src/test/java/com/hazelcast/map/mapstore/MapStoreTest.java","103","0","5","132","2015","2379","3"
"elasticsearch","371c73e14023917f3892090d2d3d7ff9ac1216b9","core/src/main/java/org/elasticsearch/index/query/GeoDistanceRangeQueryBuilder.java","103","0","5","24","521","635","3"
"elasticsearch","78574d248cf10dad1c5a566fda79e1e0c94afe43","core/src/main/java/org/elasticsearch/index/query/GeoDistanceRangeQueryBuilder.java","103","0","5","24","521","635","2"
"elasticsearch","e6aaaf11ed4a1b8f595f920de1840938eddb7a97","core/src/main/java/org/elasticsearch/index/query/GeoDistanceRangeQueryBuilder.java","103","0","5","24","521","635","2"
"elasticsearch","a60b8948ba1d836a6eac7cff095519e618939ed8","core/src/main/java/org/elasticsearch/index/query/GeoDistanceRangeQueryBuilder.java","103","0","5","24","521","635","0"
"netty","a043cf4a983465cd7c221cefc8915121a30f621e","transport/src/main/java/io/netty/channel/nio/NioEventLoop.java","103","0","6","1","592","830","0"
"mcMMO","74d9fa422f473f9e79a9bab865c5af6e329bdbd5","src/main/java/com/gmail/nossr50/spout/SpoutStuff.java","103","0","6","2","434","596","1"
"mcMMO","b7bb3f4487cb449ce4fd73530e1060d520da39f2","src/main/java/com/gmail/nossr50/spout/SpoutStuff.java","103","0","6","2","435","598","0"
"mcMMO","4aeda6e9e810f3c86f88976926d8055c00a53654","src/main/java/com/gmail/nossr50/listeners/BlockListener.java","103","0","7","2","268","400","2"
"mcMMO","cfa0daefc5cb66e3082b4d96db72f1f3fd2125ee","src/main/java/com/gmail/nossr50/listeners/BlockListener.java","103","0","7","2","269","403","0"
"ceylon-ide-eclipse","35ff2e0446d48071bccdcbab4ba679995e832070","plugins/com.redhat.ceylon.eclipse.ui/src/com/redhat/ceylon/eclipse/code/refactor/ChangeParametersRefactoring.java","104","0","0","18","662","728","0"
"elasticsearch","467a459f95d8709379bf3e7f415644b246a89dba","core/src/main/java/org/elasticsearch/search/suggest/phrase/PhraseSuggestParser.java","104","0","0","4","309","354","1"
"elasticsearch","821021f0e478ca44d828e62c139ea19f0fd7290a","core/src/main/java/org/elasticsearch/search/suggest/phrase/PhraseSuggestParser.java","104","0","0","4","312","357","0"
"hazelcast","20e30c8a5f8fbc50dc4d4e57d4a0b383faa20fe7","hazelcast-wm/src/main/java/com/hazelcast/web/WebFilter.java","104","0","0","6","622","744","2"
"hazelcast","25986b84c509d9089bdef88bc10045ccbd72c7a3","hazelcast-wm/src/main/java/com/hazelcast/web/WebFilter.java","104","0","0","6","623","745","2"
"netty","2ca7eae136d5a3bf2a8bef4eb4a8204648e85268","codec-http/src/main/java/io/netty/handler/codec/http/HttpObjectDecoder.java","104","0","1","0","511","730","1"
"netty","b24494abeb3515fac9c5392a14f7a92b1f9550f2","codec-http/src/main/java/io/netty/handler/codec/http/HttpObjectDecoder.java","104","0","1","0","513","733","0"
"elasticsearch","10e2528cceb404165822862602eb1326ccb1fba5","src/main/java/org/elasticsearch/search/highlight/HighlighterParseElement.java","104","0","1","1","234","283","0"
"orientdb","21dce961ef7c05042005bc5e56ff656c03ef0e4a","etl/src/main/java/com/orientechnologies/orient/etl/loader/OOrientDBLoader.java","104","0","1","11","470","611","0"
"orientdb","2a52733277d84242f992cb2eb3b7962217d8e600","core/src/main/java/com/orientechnologies/orient/core/sql/filter/OSQLFilterCondition.java","104","0","1","13","317","426","1"
"orientdb","e59621253ba0a7dd56137306db74a7a1ef5a2fd4","core/src/main/java/com/orientechnologies/orient/core/index/OClassIndexManager.java","104","0","1","18","464","608","1"
"elasticsearch","5c8fe598a6bcb11bf0e674ef59c2726eeb8cfbf8","modules/elasticsearch/src/main/java/org/elasticsearch/index/mapper/xcontent/ObjectMapper.java","104","0","1","22","515","655","1"
"elasticsearch","877105ee19dfa81645ea8658b242617fd83ecc2b","src/main/java/org/elasticsearch/transport/netty/NettyTransport.java","104","0","1","23","723","888","0"
"hazelcast","0261611ce1d6e95cd84910390d1c0c653fa0dfd2","hazelcast/src/main/java/com/hazelcast/internal/serialization/impl/DefaultPortableReader.java","104","0","1","29","691","786","0"
"orientdb","1f749ce2afd5f38399035921327598cb6dfef622","core/src/main/java/com/orientechnologies/orient/core/storage/impl/local/paginated/wal/ODiskWriteAheadLog.java","104","0","1","37","723","946","0"
"BroadleafCommerce","d7011f7fef3cdf04f5d992eb4e6a2c067c99cb1e","admin/broadleaf-open-admin-platform/src/main/java/org/broadleafcommerce/openadmin/server/service/persistence/module/provider/BasicFieldPersistenceProvider.java","104","0","1","4","396","446","0"
"BroadleafCommerce","8f5ba210f06aebdc1db085d9094cdf5e4ab0a156","admin/broadleaf-open-admin-platform/src/main/java/org/broadleafcommerce/openadmin/server/service/persistence/module/provider/BasicFieldPersistenceProvider.java","104","0","1","4","402","453","1"
"elasticsearch","1ad5398af7033a44726ba986f9d1c7ba74ba9f7f","core/src/test/java/org/elasticsearch/snapshots/SharedClusterSnapshotRestoreIT.java","104","0","1","42","2225","2741","3"
"hazelcast","723fd4c4de7a5b6814ce2a5bc7ee7eb387b9630b","hazelcast-wm/src/main/java/com/hazelcast/web/WebFilter.java","104","0","1","5","658","845","3"
"hazelcast","e191e60debcb3d9dbbe80de51f9870946c441e64","hazelcast-wm/src/main/java/com/hazelcast/web/WebFilter.java","104","0","1","5","658","845","2"
"hazelcast","b97e91fdb1ae20f2064c7fc49f2b24a6ac67f945","hazelcast-wm/src/main/java/com/hazelcast/web/WebFilter.java","104","0","1","5","658","845","0"
"elasticsearch","b49635539d929d6cb5ee56153e2f95872fe4bb16","modules/lang-painless/src/main/java/org/elasticsearch/painless/antlr/Walker.java","104","0","1","51","644","798","1"
"elasticsearch","a487b90498ae469b4437cc85d745c645ae5d4f79","modules/lang-painless/src/main/java/org/elasticsearch/painless/antlr/Walker.java","104","0","1","78","880","1098","1"
"elasticsearch","b72f44b93a4f690a59193a123e700dea70ef09ab","src/main/java/org/elasticsearch/plugins/PluginManager.java","104","0","1","8","530","680","0"
"elasticsearch","a5127d2ffd44253275d785424ab1bed31ae2f623","src/main/java/org/elasticsearch/plugins/PluginManager.java","104","0","1","8","550","692","0"
"netty","ca29be5e77ef7999b2707cf5d4f32d5e306d568b","codec-http/src/main/java/io/netty/handler/codec/http/multipart/HttpPostRequestEncoder.java","104","0","17","8","791","1297","0"
"netty","8ed4807360371ed81bc40b62394b01dc2bb9a7c2","codec-http/src/main/java/io/netty/handler/codec/http/multipart/HttpPostRequestEncoder.java","104","0","17","8","793","1299","0"
"netty","85fecba770d803c1990c07ac9aed098585ef0e90","codec-http/src/main/java/io/netty/handler/codec/http/multipart/HttpPostRequestEncoder.java","104","0","17","8","794","1300","0"
"netty","55c291ae5bdb7ac79464c4f838ca0aaaba6518fe","codec-http/src/main/java/io/netty/handler/codec/http/multipart/HttpPostRequestEncoder.java","104","0","17","9","807","1318","2"
"netty","e6ca9882a107c34cf6358c8d7a68561025f06016","codec/src/main/java/io/netty/handler/codec/DefaultHeaders.java","104","0","2","103","918","1118","1"
"elasticsearch","b8d2e2cd29f5a1f895eb0c74202e9f36d0048822","src/test/java/org/elasticsearch/search/sort/SimpleSortTests.java","104","0","2","23","1537","1914","1"
"elasticsearch","7ab0e2c5321c802068d85c0fa3a0f44e0b02c5a4","core/src/test/java/org/elasticsearch/search/sort/SimpleSortIT.java","104","0","2","25","1643","2039","1"
"hazelcast","54954fc7782ab476158ecc3cd232a950d5c7ffc3","hazelcast-client/src/main/java/com/hazelcast/client/config/XmlClientConfigBuilder.java","104","0","2","7","491","572","0"
"hazelcast","92886bbcab41a65100440aa458dbbf17561aa3a0","hazelcast-client/src/main/java/com/hazelcast/client/config/XmlClientConfigBuilder.java","104","0","2","7","491","572","0"
"hazelcast","93d719f613bc9bce3b7f07e13d5fd177f21a3ee7","hazelcast-client/src/main/java/com/hazelcast/client/config/XmlClientConfigBuilder.java","104","0","2","7","491","572","0"
"hazelcast","5256df4fc08e09d38fef40ec5863756028033cc6","hazelcast-client/src/main/java/com/hazelcast/client/config/XmlClientConfigBuilder.java","104","0","2","7","491","572","1"
"BroadleafCommerce","4dad4cc55d1c140556a33d3c35f353be6fc3294a","core/broadleaf-framework/src/main/java/org/broadleafcommerce/core/order/domain/OrderItemImpl.java","104","0","2","77","808","964","4"
"elasticsearch","31652a8b3d463b30164c2c2f4b130a50ec6373cf","src/main/java/org/elasticsearch/common/geo/builders/ShapeBuilder.java","104","0","21","5","545","908","3"
"elasticsearch","953a8a959b6c116d99ff41cb329adfcbbca94269","core/src/main/java/org/elasticsearch/cluster/metadata/IndexMetaData.java","104","0","21","70","1012","1318","1"
"elasticsearch","f2e6862803b812964eb305ca540a6f4407c7c6dc","core/src/main/java/org/elasticsearch/cluster/metadata/IndexMetaData.java","104","0","21","70","1021","1333","0"
"mcMMO","cd40507609c52dbb3f5e043a53a865c894d116e7","src/main/java/com/gmail/nossr50/skills/gathering/WoodCutting.java","104","0","3","1","343","491","0"
"BroadleafCommerce","0b82dddef8d8a719cf608eae326d394cb23b6218","core/broadleaf-framework/src/main/java/org/broadleafcommerce/core/offer/service/processor/ItemOfferProcessorImpl.java","104","0","3","2","439","689","4"
"orientdb","fe908a5f0ac2bbe16a32f7b73a05b6471afc7ee4","core/src/main/java/com/orientechnologies/orient/core/index/OIndexAbstract.java","104","0","3","54","932","1184","0"
"elasticsearch","371c73e14023917f3892090d2d3d7ff9ac1216b9","core/src/main/java/org/elasticsearch/search/aggregations/metrics/tophits/TopHitsAggregationBuilder.java","104","0","33","6","547","763","3"
"elasticsearch","78574d248cf10dad1c5a566fda79e1e0c94afe43","core/src/main/java/org/elasticsearch/search/aggregations/metrics/tophits/TopHitsAggregationBuilder.java","104","0","33","6","547","763","2"
"elasticsearch","e6aaaf11ed4a1b8f595f920de1840938eddb7a97","core/src/main/java/org/elasticsearch/search/aggregations/metrics/tophits/TopHitsAggregationBuilder.java","104","0","33","6","547","763","2"
"elasticsearch","a60b8948ba1d836a6eac7cff095519e618939ed8","core/src/main/java/org/elasticsearch/search/aggregations/metrics/tophits/TopHitsAggregationBuilder.java","104","0","33","6","547","763","0"
"hazelcast","3f510df2c22bee24d00aae81337364eedc17f178","hazelcast/src/test/java/com/hazelcast/map/mapstore/MapStoreTest.java","104","0","4","135","2039","2412","1"
"hazelcast","a73d777b31ab605a81befef2a7a0b0be643fcea9","hazelcast/src/test/java/com/hazelcast/map/mapstore/MapStoreTest.java","104","0","4","135","2040","2413","2"
"hazelcast","6877ba723a85d969dc6b200777f3cca5c2e8b73b","hazelcast/src/main/java/com/hazelcast/map/impl/recordstore/DefaultRecordStore.java","104","0","4","56","856","1054","1"
"hazelcast","d6b5a28cdd0898e8bc92c1ebc6cf1ca25e79afe5","hazelcast/src/main/java/com/hazelcast/map/impl/recordstore/DefaultRecordStore.java","104","0","4","56","857","1055","0"
"hazelcast","81bc4a0f5b40ee7fb094876de46b18cdb4d31749","hazelcast/src/main/java/com/hazelcast/map/impl/recordstore/DefaultRecordStore.java","104","0","4","56","858","1053","2"
"hazelcast","adb9c3af7f236cda63c8eed889f117bc5499f84e","hazelcast/src/main/java/com/hazelcast/map/impl/recordstore/DefaultRecordStore.java","104","0","4","58","850","1049","1"
"hazelcast","9f2e3b5a4595a381d73b411839c452d397fb8eef","hazelcast/src/main/java/com/hazelcast/map/impl/recordstore/DefaultRecordStore.java","104","0","4","58","866","1063","1"
"hazelcast","068025a55b706e119d7ecce10dfdb8756e217c04","hazelcast/src/main/java/com/hazelcast/map/impl/recordstore/DefaultRecordStore.java","104","0","4","58","868","1065","3"
"hazelcast","b753aeeb27f1b35ef0e8043027a09001e02abf62","hazelcast/src/main/java/com/hazelcast/map/impl/recordstore/DefaultRecordStore.java","104","0","4","58","868","1065","5"
"hazelcast","1f5585497fc623b77d13d8c09459a718152ef90c","hazelcast/src/main/java/com/hazelcast/map/impl/recordstore/DefaultRecordStore.java","104","0","4","58","868","1065","0"
"hazelcast","fb6700346872da3eac002c3d2157b9a7da728fa2","hazelcast/src/main/java/com/hazelcast/map/impl/recordstore/DefaultRecordStore.java","104","0","4","59","871","1069","0"
"hazelcast","358bc0567ee888fc2b1167e21d964047cbf60013","hazelcast/src/main/java/com/hazelcast/map/impl/recordstore/DefaultRecordStore.java","104","0","4","59","872","1070","1"
"hazelcast","1045aa381a9d6da2c10a59e478988146633d9d34","hazelcast/src/test/java/com/hazelcast/map/mapstore/MapStoreTest.java","104","0","5","134","2044","2413","1"
"hazelcast","198b428ead480d75fc5f22ab7b121e2339264ef0","hazelcast/src/test/java/com/hazelcast/map/mapstore/MapStoreTest.java","104","0","5","134","2045","2414","0"
"hazelcast","5a61934529ece02f9e10fb47435ffcc4d755129c","hazelcast/src/test/java/com/hazelcast/map/mapstore/MapStoreTest.java","104","0","5","134","2048","2417","2"
"hazelcast","ef34031de196f40a796710c1c252a697f4596693","hazelcast/src/test/java/com/hazelcast/map/mapstore/MapStoreTest.java","104","0","5","134","2052","2421","1"
"hazelcast","4855250f4b64d469d4ce0675d7da45b1fb441b1d","hazelcast/src/test/java/com/hazelcast/map/mapstore/MapStoreTest.java","104","0","5","134","2053","2422","0"
"titan","736d71a8f5d93e0d3af1279a3edca9adcc4d0f94","titan-core/src/main/java/com/thinkaurelius/titan/graphdb/database/StandardTitanGraph.java","104","0","5","26","631","815","1"
"titan","3247d28161a1c089cb463c208ae21c5129eee1af","titan-core/src/main/java/com/thinkaurelius/titan/graphdb/database/StandardTitanGraph.java","104","0","5","26","643","828","0"
"netty","c2565d8dd224e8c3cfd6138d80fc8ef9dfac8725","transport/src/main/java/io/netty/channel/nio/NioEventLoop.java","104","0","6","1","594","832","0"
"elasticsearch","c97833596869141f747110d0046dd9de325a7f3c","core/src/main/java/org/elasticsearch/discovery/zen/ZenDiscovery.java","104","0","6","15","912","1231","1"
"elasticsearch","5a91ad11152fb54724083b696339b78829c8b905","core/src/main/java/org/elasticsearch/discovery/zen/ZenDiscovery.java","104","0","6","16","915","1234","0"
"elasticsearch","e5ed5b908f87f724150334c7ca2b277c85599372","core/src/main/java/org/elasticsearch/index/mapper/FieldMapper.java","104","0","7","46","571","731","2"
"hazelcast","53ac704622b1288dce7f6ad9594178b7b0108e33","hazelcast/src/test/java/com/hazelcast/internal/nearcache/AbstractNearCacheBasicTest.java","104","0","85","6","969","1601","1"
"hazelcast","329a14413091819ed6670a566170cf38b05b92fa","hazelcast/src/main/java/com/hazelcast/map/proxy/MapProxySupport.java","105","0","0","0","760","849","1"
"hazelcast","da5cceee74e471e33f65f43f31d891c9741e31e3","hazelcast/src/main/java/com/hazelcast/map/proxy/MapProxySupport.java","105","0","0","0","761","852","0"
"elasticsearch","b6b3382a8b9b3d9e90febf6674d09e7a0bc5c795","src/test/java/org/elasticsearch/index/store/StoreTest.java","105","0","0","14","790","903","0"
"BroadleafCommerce","aa04e6eabcf0eaf9a846268715da4854ac20f528","admin/broadleaf-open-admin-platform/src/main/java/org/broadleafcommerce/openadmin/server/service/persistence/PersistenceManagerImpl.java","105","0","0","29","594","735","2"
"hazelcast","8b8e72e17d417340c01e1da56401995c1d78fcb2","hazelcast-wm/src/main/java/com/hazelcast/web/WebFilter.java","105","0","0","6","623","745","1"
"hazelcast","21c679e8a1c8226ecb3d7597b48a6bbd2d011a52","hazelcast-wm/src/main/java/com/hazelcast/web/WebFilter.java","105","0","0","6","645","772","3"
"hazelcast","a1729211e956cd6fcfb4eb7a5cf9d47fd4fa1250","hazelcast/src/main/java/com/hazelcast/cluster/impl/TcpIpJoiner.java","105","0","0","7","467","539","0"
"hazelcast","47b48594cce33ec1cec54b6fa89af2acf2da2fed","hazelcast/src/main/java/com/hazelcast/cluster/impl/TcpIpJoiner.java","105","0","0","7","468","539","1"
"mcMMO","c805b1792970fbde72ac9124cc8f0b9f64c62a1f","src/main/java/com/gmail/nossr50/skills/Herbalism.java","105","0","0","8","324","388","1"
"mcMMO","0386d52e7c8634bbc2324b3906d8c2c7cdda1eb3","src/main/java/com/gmail/nossr50/skills/Herbalism.java","105","0","0","8","330","395","0"
"elasticsearch","6174e21f47244b6d5153d7d0cc1fe28fe863399d","core/src/main/java/org/elasticsearch/search/SearchService.java","105","0","1","15","739","869","2"
"elasticsearch","3aed047bdedde1bda189cbfc2f81e65af42e57c5","core/src/main/java/org/elasticsearch/search/SearchService.java","105","0","1","15","742","871","1"
"elasticsearch","3df2a086d4bf3c5608aabf06c1766e10c901af35","core/src/main/java/org/elasticsearch/search/SearchService.java","105","0","1","16","763","899","0"
"orientdb","64d1ee676696e33c489e1352c0d143945e292640","core/src/main/java/com/orientechnologies/orient/core/index/OClassIndexManager.java","105","0","1","18","465","612","0"
"orientdb","693119e3f1dab4ea8b67a35575ba1f7d1c0a970b","core/src/main/java/com/orientechnologies/orient/core/index/OClassIndexManager.java","105","0","1","18","481","627","0"
"elasticsearch","adf9bd90a488010c13af73895a2bdd0d9abc732e","core/src/test/java/org/elasticsearch/action/termvectors/GetTermVectorsIT.java","105","0","1","18","989","1175","2"
"orientdb","eda978aeda4e2d46618285fcb1d73642a30164c2","core/src/main/java/com/orientechnologies/orient/core/index/OClassIndexManager.java","105","0","1","19","476","627","1"
"elasticsearch","eca244054f756cf8e7af6f3a2a476c97ace82b4b","modules/elasticsearch/src/main/java/org/elasticsearch/index/mapper/object/ObjectMapper.java","105","0","1","23","536","681","0"
"elasticsearch","b7292a6005649047252c8e683cda72aa871131c4","core/src/test/java/org/elasticsearch/snapshots/SharedClusterSnapshotRestoreIT.java","105","0","1","42","2205","2722","1"
"elasticsearch","db7362da674b53f1c7be14e6dae4a164c21729a0","core/src/test/java/org/elasticsearch/snapshots/SharedClusterSnapshotRestoreIT.java","105","0","1","43","2237","2760","0"
"orientdb","040b05508933cf63ab4302ba24753d268640088c","core/src/main/java/com/orientechnologies/orient/core/db/tool/ODatabaseExport.java","105","0","1","6","449","596","2"
"neo4j","96b75bb344012a256b80b3e34629e9c7ad045396","community/kernel/src/main/java/org/neo4j/kernel/impl/api/StateHandlingStatementOperations.java","105","0","1","65","993","1159","2"
"elasticsearch","d8f16178d3f21b4f9d17da12e7aa61613fc2c27a","src/main/java/org/elasticsearch/plugins/PluginManager.java","105","0","1","8","551","703","1"
"BroadleafCommerce","530232fc212c232d9cab4dca5fc4ff1762683375","core/broadleaf-framework/src/main/java/org/broadleafcommerce/core/catalog/domain/CategoryImpl.java","105","0","1","98","1070","1296","8"
"netty","951c49f449a1fcc80517e4a15990555a5dfebc6c","handler/src/main/java/io/netty/handler/ssl/SslHandler.java","105","0","11","18","664","1025","1"
"netty","8bab0aae9e443c6abce66ccb635ecae7d50f4fcb","handler/src/main/java/io/netty/handler/ssl/SslHandler.java","105","0","11","18","667","1031","2"
"netty","d293e6c3898f7254ad6a043f166fb076c8fe3647","handler/src/main/java/io/netty/handler/ssl/SslHandler.java","105","0","13","16","664","1040","1"
"netty","2adebc4c54ae98565db8e2a3c02b2ffaa0c101fe","handler/src/main/java/io/netty/handler/ssl/SslHandler.java","105","0","13","16","665","1041","1"
"netty","81e2db10faaf0389f4e1af8c7132210946203157","handler/src/main/java/io/netty/handler/ssl/SslHandler.java","105","0","13","18","674","1051","0"
"netty","2960af851a4e9992a1d9671621bfb10ef2fe76c8","handler/src/main/java/io/netty/handler/ssl/SslHandler.java","105","0","13","19","686","1057","1"
"elasticsearch","82397c05542a794c8629fe611cbca58a3d831780","src/main/java/org/elasticsearch/cluster/routing/allocation/allocator/BalancedShardsAllocator.java","105","0","14","10","680","1023","1"
"netty","fb113dce3a200005261020ce7fd02e2630b064ed","codec-http/src/main/java/io/netty/handler/codec/http/multipart/HttpPostRequestEncoder.java","105","0","18","9","829","1375","1"
"netty","1b0b8f80cdf5d5ef0919d30232c090c5a495d4b6","codec-http/src/main/java/io/netty/handler/codec/http/multipart/HttpPostRequestEncoder.java","105","0","18","9","831","1377","2"
"elasticsearch","3cc1d272ff3b513adb3bfb8241986dc07e82f2f9","core/src/test/java/org/elasticsearch/index/translog/TranslogTests.java","105","0","2","26","941","1122","1"
"orientdb","9b0a6b5a0d74bce339faedfdf33a3918902c1a9e","core/src/main/java/com/orientechnologies/orient/core/sql/OCommandExecutorSQLResultsetAbstract.java","105","0","2","5","436","648","0"
"orientdb","1ffb4a74231b07389afced95123a7ef989a442cc","core/src/main/java/com/orientechnologies/orient/core/sql/OCommandExecutorSQLResultsetAbstract.java","105","0","2","6","439","652","0"
"BroadleafCommerce","7a0a7c403c946be4bbd8ee1abdaa6699931ef834","core/broadleaf-framework/src/main/java/org/broadleafcommerce/core/order/domain/OrderItemImpl.java","105","0","2","77","819","976","3"
"BroadleafCommerce","83fb11ed58644108db5d65f28772c299943478f5","core/broadleaf-framework/src/main/java/org/broadleafcommerce/core/order/domain/OrderItemImpl.java","105","0","2","77","833","993","2"
"elasticsearch","93beea1f670f1e0d53bc3fd3ee671bc235d5f1aa","core/src/main/java/org/elasticsearch/snapshots/RestoreService.java","105","0","23","5","716","1066","0"
"elasticsearch","1f04182b8164ffb19f3805c48d67f0375262b317","core/src/main/java/org/elasticsearch/snapshots/RestoreService.java","105","0","23","5","752","1101","0"
"elasticsearch","f5542ed47fede3d086477995afbc6b330ff71d3e","core/src/main/java/org/elasticsearch/cluster/metadata/IndexMetaData.java","105","0","23","69","1014","1336","1"
"elasticsearch","e2977889b80fcaa02f5c7d5814117e796f2580e2","core/src/main/java/org/elasticsearch/cluster/metadata/IndexMetaData.java","105","0","23","69","1015","1337","0"
"elasticsearch","0e52e3420e7222e46dfb15b79f0c4615a14ca0d3","core/src/main/java/org/elasticsearch/cluster/metadata/IndexMetaData.java","105","0","23","70","1007","1332","0"
"elasticsearch","3187ed73fc4fd8527c695e18b7186abbd6d29453","core/src/main/java/org/elasticsearch/cluster/metadata/IndexMetaData.java","105","0","23","70","1008","1333","2"
"elasticsearch","5380322947552f8b73cd8eab3e645b001abd8ba1","core/src/main/java/org/elasticsearch/snapshots/RestoreService.java","105","0","24","12","719","1068","0"
"elasticsearch","e1efd5f6baf8dec1c23c79b346b8a29f234a98bb","core/src/main/java/org/elasticsearch/snapshots/RestoreService.java","105","0","24","12","752","1101","0"
"elasticsearch","83366e7017ce31f7727b9a3e7878ef02cdc3a980","core/src/main/java/org/elasticsearch/snapshots/RestoreService.java","105","0","24","12","756","1105","0"
"elasticsearch","371c73e14023917f3892090d2d3d7ff9ac1216b9","core/src/main/java/org/elasticsearch/index/query/QueryStringQueryBuilder.java","105","0","25","32","705","946","3"
"elasticsearch","55887457fa62d5105b1d1f1b2d8bf62ec8152c73","core/src/main/java/org/elasticsearch/index/query/QueryStringQueryBuilder.java","105","0","25","32","705","946","2"
"elasticsearch","a4f09d2b814595d7cca111cbc59d72fcf2dfb57d","core/src/main/java/org/elasticsearch/index/query/QueryStringQueryBuilder.java","105","0","25","32","705","946","0"
"BroadleafCommerce","8337f1988b085979aef4881731cacaa39b1de71e","core/broadleaf-framework/src/main/java/org/broadleafcommerce/core/offer/service/processor/ItemOfferProcessorImpl.java","105","0","3","2","442","696","2"
"BroadleafCommerce","1d6d9e9d14cd95417746ef0404084f9e3346758f","core/broadleaf-framework/src/main/java/org/broadleafcommerce/core/offer/service/processor/ItemOfferProcessorImpl.java","105","0","3","2","453","713","0"
"elasticsearch","32e9a879b426ae72d9f4d9c6968a813823bd1272","core/src/test/java/org/elasticsearch/index/engine/InternalEngineTests.java","105","0","3","52","1795","2213","0"
"elasticsearch","046abdc281c321cd2128ee7684c0edfcaca07203","core/src/test/java/org/elasticsearch/index/engine/InternalEngineTests.java","105","0","3","52","1805","2222","3"
"elasticsearch","1d44db7d87ff0d101b0d9cb7ee777b1a57a3724e","core/src/main/java/org/elasticsearch/index/mapper/core/TypeParsers.java","105","0","3","8","413","485","1"
"hazelcast","b1029996477aa371bfa39152dd206715db37f39b","hazelcast/src/main/java/com/hazelcast/config/ConfigXmlGenerator.java","105","0","4","0","754","902","1"
"BroadleafCommerce","12f31ef4ed79722df28700cf06dbbb85a151a5cc","admin/broadleaf-contentmanagement-module/src/main/java/org/broadleafcommerce/cms/structure/service/StructuredContentServiceImpl.java","105","0","4","23","585","778","1"
"orientdb","0b098ecbb27731eae0d6bc55a5750b000a6b9777","core/src/main/java/com/orientechnologies/orient/core/sql/parser/OMathExpression.java","105","0","4","34","428","542","0"
"elasticsearch","9080f51340b1b26f8bd171b4c82de8d87ad42b55","core/src/main/java/org/elasticsearch/index/mapper/core/StringFieldMapper.java","105","0","4","39","582","717","1"
"mcMMO","bfa29cbf02eb3bece2bb4596ed2545c3aaa512d7","src/main/java/com/gmail/nossr50/spout/SpoutStuff.java","105","0","6","4","450","615","0"
"antlr4","346da8b863b88f9f8c30c73c78239922a53fc230","tool/src/org/antlr/v4/Tool.java","105","0","7","31","617","832","0"
"antlr4","9e3907d573fdf36751b02ce06d80b32ec0bd6498","tool/src/org/antlr/v4/Tool.java","105","0","7","31","619","834","1"
"elasticsearch","35be46df71e5da1e840b678d8650fb012ae7305b","modules/elasticsearch/src/main/java/org/elasticsearch/common/xcontent/XContentBuilder.java","105","0","9","101","783","972","0"
"netty","dbc37c1e198c94e05a887a48d11a15e23c27bb58","transport/src/main/java/io/netty/channel/socket/nio/NioWorker.java","106","0","0","0","587","778","0"
"hazelcast","bfc4d5349a0582151fbb9be1d7b03cb55e0451ca","hazelcast/src/main/java/com/hazelcast/spi/impl/BasicInvocation.java","106","0","0","0","674","852","1"
"hazelcast","b3dbfb1620cf11f618f5b70b947d36c7fa212637","hazelcast/src/main/java/com/hazelcast/spi/impl/BasicOperationService.java","106","0","0","0","792","998","2"
"hazelcast","1f29b5cd5da384fc26978c09bc2770a53c57838e","hazelcast/src/main/java/com/hazelcast/spi/impl/BasicOperationService.java","106","0","0","0","795","1002","4"
"hazelcast","22eec650e1217dd1f0eeaf7c18ae23888b12e974","hazelcast/src/main/java/com/hazelcast/spi/impl/BasicOperationService.java","106","0","0","0","796","1004","3"
"netty","6492cb98b2e40df4a93a12aef21d5bc89dc8aadb","transport/src/main/java/io/netty/channel/AbstractChannelHandlerContext.java","106","0","0","0","930","1120","1"
"elasticsearch","be1772b70daab596bef4975dbc3926a0b1774e66","core/src/main/java/org/elasticsearch/rest/action/cat/RestNodesAction.java","106","0","0","3","279","373","2"
"elasticsearch","d77d4fa63a92c2c3c9539f8f399c9e12fcb7102f","core/src/main/java/org/elasticsearch/rest/action/cat/RestNodesAction.java","106","0","0","3","299","393","0"
"hazelcast","18f66f19746d93e016ddeea0d0f3028407017aef","hazelcast-wm/src/main/java/com/hazelcast/web/WebFilter.java","106","0","0","6","628","756","1"
"elasticsearch","d06a8903fdccf5985bb1b9cbfcb92580d08a544c","core/src/main/java/org/elasticsearch/search/SearchService.java","106","0","1","16","770","906","1"
"MapDB","16becd4cfa393c94dd03a4261e8766d70a170978","src/main/java/org/mapdb/StoreDirect.java","106","0","1","23","628","976","0"
"elasticsearch","fec1802e2f622c1a126c9adda28fa53f1b55529a","core/src/test/java/org/elasticsearch/snapshots/SharedClusterSnapshotRestoreIT.java","106","0","1","42","2248","2758","0"
"elasticsearch","8f1fe51f34191f88915ad90a8bbd9ac155449552","core/src/test/java/org/elasticsearch/snapshots/SharedClusterSnapshotRestoreIT.java","106","0","1","42","2249","2759","1"
"BroadleafCommerce","b9a48b3fa2de18c967eac377e86a7651a4ff7616","core/broadleaf-framework/src/main/java/org/broadleafcommerce/core/order/service/OrderServiceImpl.java","106","0","1","42","699","870","2"
"BroadleafCommerce","72116c407a0998852b5ff9ca293c2ecd3d4c99bd","core/broadleaf-framework/src/main/java/org/broadleafcommerce/core/order/service/OrderServiceImpl.java","106","0","1","44","709","882","1"
"BroadleafCommerce","bc0c700a71ec7d2dcb7e0a55969c1f9588ba2b34","core/broadleaf-framework/src/main/java/org/broadleafcommerce/core/order/service/OrderServiceImpl.java","106","0","1","44","710","883","1"
"hazelcast","3ea934a482f7fa008a90307a5ad8377609cd917c","hazelcast-wm/src/main/java/com/hazelcast/web/WebFilter.java","106","0","1","5","660","847","1"
"hazelcast","25a808e63dd39b9cdb7812b653ff9eb8d1a26161","hazelcast-wm/src/main/java/com/hazelcast/web/WebFilter.java","106","0","1","5","663","860","3"
"orientdb","56f9bf3a10535e331c512f9852b1779bbc1d38b0","core/src/main/java/com/orientechnologies/orient/core/db/tool/ODatabaseExport.java","106","0","1","6","441","588","0"
"orientdb","8f9869e9aa008fe88b0e42acd1b9033a777768bd","core/src/main/java/com/orientechnologies/orient/core/db/tool/ODatabaseExport.java","106","0","1","6","451","598","0"
"BroadleafCommerce","e33b50d3c1b2eb9deee9f9308588dbd1380e241e","core/broadleaf-framework/src/main/java/org/broadleafcommerce/core/catalog/domain/CategoryImpl.java","106","0","1","98","1072","1299","7"
"elasticsearch","25f154b8c661162c7e78e61afc4c9ddbb5fadcde","core/src/main/java/org/elasticsearch/index/mapper/MapperService.java","106","0","12","18","627","858","1"
"netty","7d80182e512ab01d7348ef0ca71c85073d837a0a","handler/src/main/java/io/netty/handler/ssl/SslHandler.java","106","0","13","19","689","1061","0"
"hazelcast","525c34cddd7f4e08d674611e177bab103e4d1881","hazelcast/src/test/java/com/hazelcast/impl/ClusterTest.java","106","0","16","94","2384","2635","1"
"hazelcast","82fcc4c7c87097d1719bb56112aec0fafdb6bc0e","hazelcast/src/test/java/com/hazelcast/impl/ClusterTest.java","106","0","16","94","2385","2636","0"
"netty","3a4d64bb8404f59861acddec954b4ed3aa02f97b","codec-http/src/main/java/io/netty/handler/codec/http/multipart/HttpPostRequestEncoder.java","106","0","17","8","803","1326","1"
"netty","ba6ce5449ee852b782dde9a11933f6a09b123e22","codec-http/src/main/java/io/netty/handler/codec/http/multipart/HttpPostRequestEncoder.java","106","0","17","8","807","1332","0"
"netty","caa15050204c9757f2a3e34511cf1d9d8447cd9c","codec-http/src/main/java/io/netty/handler/codec/http/multipart/HttpPostRequestEncoder.java","106","0","17","8","807","1332","0"
"netty","e6ca9882a107c34cf6358c8d7a68561025f06016","codec-http/src/main/java/io/netty/handler/codec/http/multipart/HttpPostRequestEncoder.java","106","0","17","8","807","1332","1"
"elasticsearch","371c73e14023917f3892090d2d3d7ff9ac1216b9","core/src/main/java/org/elasticsearch/search/SearchService.java","106","0","2","13","777","913","4"
"elasticsearch","6c3beaa2ebe4921474addf07ce3aa02a3cb7f915","core/src/main/java/org/elasticsearch/search/SearchService.java","106","0","2","13","782","919","1"
"elasticsearch","0cf1d16187fcf10e9d0e64402bb6d0ebba5d7b80","core/src/main/java/org/elasticsearch/search/SearchService.java","106","0","2","13","785","927","2"
"elasticsearch","95a396159cb51c38e0ad22fbbe0d465a5acb1347","src/main/java/org/elasticsearch/index/store/Store.java","106","0","25","26","793","1170","2"
"elasticsearch","b6b3382a8b9b3d9e90febf6674d09e7a0bc5c795","src/main/java/org/elasticsearch/index/store/Store.java","106","0","25","26","799","1178","1"
"mcMMO","93548317293e2c6c5195544b99d4ce7d900abea1","src/main/java/com/gmail/nossr50/skills/gathering/Herbalism.java","106","0","3","2","343","447","0"
"elasticsearch","24a7b7224bd834eb57d1026ceb0c455b8c48a206","core/src/main/java/org/elasticsearch/cluster/routing/RoutingNodes.java","106","0","31","28","676","965","3"
"elasticsearch","371c73e14023917f3892090d2d3d7ff9ac1216b9","core/src/main/java/org/elasticsearch/cluster/routing/RoutingNodes.java","106","0","31","28","676","965","3"
"elasticsearch","a60b8948ba1d836a6eac7cff095519e618939ed8","core/src/main/java/org/elasticsearch/cluster/routing/RoutingNodes.java","106","0","31","28","676","965","0"
"BroadleafCommerce","66ae8f00a336acfd1569bda8752f26ebae85a7dc","core/broadleaf-framework/src/main/java/org/broadleafcommerce/core/offer/service/processor/ItemOfferProcessorImpl.java","106","0","4","2","510","758","0"
"elasticsearch","d84c643f5880a88d2e5c38b487123161f3e01fe0","core/src/main/java/org/elasticsearch/index/mapper/core/StringFieldMapper.java","106","0","4","40","594","730","0"
"elasticsearch","2c1c5c163f24183ce4275c0190f11f85f6ee8311","src/test/java/org/elasticsearch/test/TestCluster.java","106","0","47","17","1011","1404","0"
"elasticsearch","0b024ad2f3a65902b4b0791c208ee85b7912ad21","src/main/java/org/elasticsearch/index/shard/service/InternalIndexShard.java","106","0","6","64","869","1049","1"
"mcMMO","906609696ba9474feaea2fb501e669f69f8cbdba","src/main/java/com/gmail/nossr50/listeners/BlockListener.java","106","0","7","2","272","393","0"
"elasticsearch","3f18487afa4156c8418922256ed5583dfeafb716","core/src/main/java/org/elasticsearch/index/mapper/FieldMapper.java","106","0","7","46","577","737","3"
"hazelcast","879cf4ddd645191f0cae75aa72e9d43df6e142a8","hazelcast/src/test/java/com/hazelcast/internal/nearcache/AbstractNearCacheBasicTest.java","106","0","89","6","991","1639","0"
"elasticsearch","7b5e6512608adcb9e32a29a2185afe7f6f412945","core/src/main/java/org/elasticsearch/cluster/routing/allocation/allocator/BalancedShardsAllocator.java","106","0","9","10","667","1012","0"
"netty","8c6820be6403aff807932063682b602b0807eb29","transport/src/main/java/io/netty/channel/socket/nio/NioWorker.java","107","0","0","0","589","780","0"
"elasticsearch","c7e638ad22815cd930030b693b0af7d47b264e86","src/main/java/org/elasticsearch/rest/action/cat/RestNodesAction.java","107","0","0","3","289","367","0"
"elasticsearch","596d511466c279c8f5e808599c3aff19e029c477","src/main/java/org/elasticsearch/percolator/PercolatorService.java","107","0","1","10","694","832","0"
"elasticsearch","fda6ca4869182a2dfc082490c183eadf8f4e3d05","src/main/java/org/elasticsearch/percolator/PercolatorService.java","107","0","1","10","696","834","1"
"elasticsearch","20ff703e07c692c5e68e6b30a6e6413a34dd10a7","core/src/main/java/org/elasticsearch/search/SearchService.java","107","0","1","16","771","907","1"
"elasticsearch","19448d777528f1158de04858ef2fcc5b2431bd5e","modules/elasticsearch/src/main/java/org/elasticsearch/index/mapper/xcontent/ObjectMapper.java","107","0","1","23","525","667","0"
"elasticsearch","f02f63cf755a13bc7cefdb805dd4824afd552039","modules/elasticsearch/src/main/java/org/elasticsearch/index/mapper/xcontent/ObjectMapper.java","107","0","1","23","530","675","0"
"elasticsearch","3e1e58e3944dd35663a26e8234eae6279f6d904f","modules/elasticsearch/src/main/java/org/elasticsearch/index/mapper/object/ObjectMapper.java","107","0","1","23","533","678","1"
"MapDB","3cd5bcff8ac398c759a6c5895c5d2eff1b728469","src/main/java/org/mapdb/StoreDirect.java","107","0","1","23","613","958","0"
"BroadleafCommerce","22c42f342ebc50c44086dfbc1a274553b36e417f","admin/broadleaf-open-admin-platform/src/main/java/org/broadleafcommerce/openadmin/server/service/persistence/module/provider/BasicFieldPersistenceProvider.java","107","0","1","4","405","456","2"
"elasticsearch","480cfe3fe0ce29edec0be24dde54ec26a7affafd","core/src/test/java/org/elasticsearch/snapshots/SharedClusterSnapshotRestoreIT.java","107","0","1","43","2288","2812","1"
"hazelcast","b499b1588bd702a8ca12e6514696fa5e1497ad24","hazelcast/src/main/java/com/hazelcast/spi/impl/EventServiceImpl.java","107","0","1","61","788","932","0"
"orientdb","2ad391a42cfcf22c4cbb4739f65e88524a67c891","core/src/main/java/com/orientechnologies/orient/core/db/tool/ODatabaseExport.java","107","0","1","7","437","584","1"
"elasticsearch","96cca039e95e38c24a5f8ddf25a5297176a8ec4e","src/main/java/org/elasticsearch/index/mapper/geo/GeoPointFieldMapper.java","107","0","11","33","589","746","0"
"elasticsearch","f582212c68d62dd8c7f16ee0186885ad296f639e","src/main/java/org/elasticsearch/index/mapper/geo/GeoPointFieldMapper.java","107","0","11","33","596","753","0"
"elasticsearch","90c2b3a384c036e7f9345b2586e69fda056387fd","core/src/main/java/org/elasticsearch/index/mapper/geo/GeoPointFieldMapper.java","107","0","11","45","622","780","2"
"mcMMO","0f8312dd5e9bba4a317ff81b2f20f9b21445550a","src/main/java/com/gmail/nossr50/listeners/PlayerListener.java","107","0","12","3","402","587","1"
"elasticsearch","c9c10273a66df858bca2e45b6b27051c969b78d6","src/main/java/org/elasticsearch/cluster/routing/allocation/allocator/BalancedShardsAllocator.java","107","0","14","10","685","1027","0"
"elasticsearch","4088236cf75b793c7a2a80f5f7be5b326b607378","modules/elasticsearch/src/main/java/org/elasticsearch/index/mapper/MapperService.java","107","0","16","22","573","754","0"
"hazelcast","6642ac7690afec0a1b3d4b29f76fe045cd52c1e4","hazelcast/src/main/java/com/hazelcast/spi/impl/EventServiceImpl.java","107","0","2","57","866","1023","1"
"BroadleafCommerce","cecce9284055ddafb4c8cfc3c90cfd25b997cf9c","core/broadleaf-framework/src/main/java/org/broadleafcommerce/core/order/domain/OrderItemImpl.java","107","0","2","77","833","993","1"
"elasticsearch","0e24f34b0ce7e741b45b03ab16bacfe1f98bad84","src/main/java/org/elasticsearch/common/geo/builders/ShapeBuilder.java","107","0","21","5","555","920","1"
"hazelcast","159c4a53940c2170c905d13fc1fc784cf59279c9","hazelcast/src/main/java/com/hazelcast/nio/UTFEncoderDecoder.java","107","0","3","3","604","793","1"
"hazelcast","0397d6e2c44ad20946cf32ae695b8bead6819d21","hazelcast/src/main/java/com/hazelcast/nio/UTFEncoderDecoder.java","107","0","3","3","610","799","2"
"MapDB","461ee2dfb2a75977881f1f67fd1f5df1cc8097aa","src/main/java/org/mapdb/Fun.java","107","0","3","51","406","534","1"
"MapDB","06b099139f315ca2b996d674ddbbce9ac8640aad","src/main/java/org/mapdb/Fun.java","107","0","3","51","448","594","0"
"elasticsearch","128f0276d95bca2eb9355eb6650668cd89ef86fe","core/src/main/java/org/elasticsearch/index/mapper/core/StringFieldMapper.java","107","0","4","39","595","732","0"
"elasticsearch","6177c0a90029a48638820f9910195a05636f89b1","core/src/main/java/org/elasticsearch/index/mapper/core/StringFieldMapper.java","107","0","4","39","595","732","0"
"elasticsearch","7b68d44ddf2e6522d2b2aa1efead9ccc8b4ef224","core/src/main/java/org/elasticsearch/index/mapper/core/StringFieldMapper.java","107","0","4","39","595","732","1"
"elasticsearch","8e178c4f8e0321929b4147c1c6e1d22e488bea5d","core/src/main/java/org/elasticsearch/index/mapper/core/StringFieldMapper.java","107","0","4","40","601","739","2"
"elasticsearch","7f5befd95e19badf8b911df5c28a08613b0a9cd0","src/test/java/org/elasticsearch/test/TestCluster.java","107","0","47","17","1017","1410","1"
"elasticsearch","e47de1f8094eae3721432ebdd12e7db446433a35","src/test/java/org/elasticsearch/test/TestCluster.java","107","0","47","17","1017","1410","1"
"elasticsearch","c20713530d2429346536354f297c96dea4353329","src/test/java/org/elasticsearch/test/TestCluster.java","107","0","47","17","1017","1410","0"
"elasticsearch","03402c7ed8356241ac2407ad691709ee585b0bee","src/test/java/org/elasticsearch/test/TestCluster.java","107","0","47","17","1020","1413","1"
"elasticsearch","00275ac1d62cb113d004f49ee876cfae4aba820b","src/main/java/org/elasticsearch/index/shard/service/InternalIndexShard.java","107","0","6","64","874","1054","0"
"elasticsearch","b21024b5f9e8cabf5ceed3e2c18dffba14f42866","src/main/java/org/elasticsearch/index/shard/IndexShard.java","107","0","7","62","812","997","6"
"elasticsearch","d61ad4cfce902b33092fd5eefc60cf40f9c73e2b","core/src/main/java/org/elasticsearch/cluster/routing/allocation/allocator/BalancedShardsAllocator.java","107","0","9","10","669","1014","1"
"netty","3a9f47216143082bdfba62e8940160856767d672","transport/src/main/java/io/netty/channel/DefaultChannelPipeline.java","108","0","0","0","1129","1445","3"
"hazelcast","71fd872a7c7c921e27f17be7cce8ed7341f2352d","hazelcast/src/main/java/com/hazelcast/spi/impl/BasicInvocation.java","108","0","0","0","721","908","0"
"hazelcast","d8c3a1ba9ed031a98696ea72b8a0494d1f2e69d2","hazelcast/src/main/java/com/hazelcast/spi/impl/BasicOperationService.java","108","0","0","0","802","1009","2"
"netty","8fe3c83e4ca9a64c03f5adcb9f056d9e9440a389","transport/src/main/java/io/netty/channel/AbstractChannelHandlerContext.java","108","0","0","0","912","1099","0"
"elasticsearch","51d53791fe71c9cb62bc992588a57cdfb500383f","core/src/main/java/org/elasticsearch/rest/action/cat/RestNodesAction.java","108","0","0","3","288","382","0"
"elasticsearch","2b3760f78b26817b5a2030aa27b1ddf2f17462f6","core/src/main/java/org/elasticsearch/rest/action/cat/RestNodesAction.java","108","0","0","3","307","383","1"
"elasticsearch","371c73e14023917f3892090d2d3d7ff9ac1216b9","core/src/main/java/org/elasticsearch/rest/action/cat/RestNodesAction.java","108","0","0","3","308","384","3"
"elasticsearch","78574d248cf10dad1c5a566fda79e1e0c94afe43","core/src/main/java/org/elasticsearch/rest/action/cat/RestNodesAction.java","108","0","0","3","308","384","2"
"elasticsearch","e6aaaf11ed4a1b8f595f920de1840938eddb7a97","core/src/main/java/org/elasticsearch/rest/action/cat/RestNodesAction.java","108","0","0","3","308","384","2"
"elasticsearch","a60b8948ba1d836a6eac7cff095519e618939ed8","core/src/main/java/org/elasticsearch/rest/action/cat/RestNodesAction.java","108","0","0","3","308","384","0"
"mcMMO","598c507849319bfc6180dfcb56be3cc6e90deef6","src/main/java/com/gmail/nossr50/listeners/mcBlockListener.java","108","0","0","6","299","403","1"
"mcMMO","43e3dd79776667d724514f5bee9be7bba00d823c","src/main/java/com/gmail/nossr50/listeners/mcBlockListener.java","108","0","0","6","303","408","0"
"elasticsearch","6da44c8164340207eb93bffc12821bca0821ba17","core/src/test/java/org/elasticsearch/action/termvectors/GetTermVectorsIT.java","108","0","1","19","1034","1231","0"
"BroadleafCommerce","024e2cd7532a2662f5a6bf6f21876f03bcbccb0a","admin/broadleaf-open-admin-platform/src/main/java/org/broadleafcommerce/openadmin/server/service/persistence/module/provider/BasicFieldPersistenceProvider.java","108","0","1","4","408","459","2"
"hazelcast","5aa58b497cf248596c24b6e8ce3e05c35a87d498","hazelcast-wm/src/main/java/com/hazelcast/web/WebFilter.java","108","0","1","5","675","874","2"
"hazelcast","128f47cd989bfc1129d6352093c9e53a4a352ffb","hazelcast-wm/src/main/java/com/hazelcast/web/WebFilter.java","108","0","1","5","676","875","1"
"neo4j","934072a0187279d79b381ad46f6270622ead3175","community/kernel/src/main/java/org/neo4j/kernel/impl/api/StateHandlingStatementOperations.java","108","0","1","65","1029","1197","3"
"orientdb","136db63960bbf53514691bf5a0bb8361a5ea5361","core/src/main/java/com/orientechnologies/orient/core/db/tool/ODatabaseExport.java","108","0","1","7","439","585","0"
"orientdb","9979cb5d4ab1576959bb7eaba154dfaf328a12c7","core/src/main/java/com/orientechnologies/orient/core/db/tool/ODatabaseExport.java","108","0","1","7","439","585","0"
"orientdb","46bbcabde62c2b9e61ebaf45dc23f16d9dee7f02","core/src/main/java/com/orientechnologies/orient/core/db/tool/ODatabaseExport.java","108","0","1","7","439","585","1"
"orientdb","1b0f490c28a9778a74703a4adde48f7066667140","core/src/main/java/com/orientechnologies/orient/core/db/tool/ODatabaseExport.java","108","0","1","7","442","588","0"
"orientdb","f26e3919be05f50799d741ff30f6467c46e47781","core/src/main/java/com/orientechnologies/orient/core/sql/executor/FetchFromIndexStep.java","108","0","1","7","517","587","0"
"elasticsearch","f24ca5188a39a9d8bd48f76bb7cbae2f7897e83d","modules/lang-painless/src/main/java/org/elasticsearch/painless/antlr/Walker.java","108","0","1","78","896","1116","0"
"mcMMO","c19d3fd0689b3a65b52e2f7dc9e290ed6dd76f49","src/main/java/com/gmail/nossr50/listeners/PlayerListener.java","108","0","12","3","408","595","0"
"mcMMO","435eb7f8b98c96031ce04154485e63de2dedca11","src/main/java/com/gmail/nossr50/listeners/PlayerListener.java","108","0","12","3","410","597","0"
"mcMMO","be7992d5411324f8c86d59568a4207d5a4e71efa","src/main/java/com/gmail/nossr50/listeners/PlayerListener.java","108","0","12","3","411","599","0"
"hazelcast","5758dedd1bcd1583eb238e314a12eee83980b607","hazelcast/src/test/java/com/hazelcast/test/HazelcastTestSupport.java","108","0","12","98","977","1230","1"
"elasticsearch","b9558edeff254ab3d553526e6e0928f67753499d","src/main/java/org/elasticsearch/cluster/routing/allocation/allocator/BalancedShardsAllocator.java","108","0","14","10","686","1040","0"
"mcMMO","71141a0f8d073c1a4facf78b733bfb39232192a3","src/main/java/com/gmail/nossr50/listeners/PlayerListener.java","108","0","15","2","428","675","1"
"elasticsearch","de8644d95a216c0251ca483f3c7fdcffc7d94547","modules/elasticsearch/src/main/java/org/elasticsearch/index/mapper/MapperService.java","108","0","16","22","580","766","0"
"elasticsearch","bb0f5cf2348eac6697d46878458bc8eb83a89cb9","src/main/java/org/elasticsearch/cluster/metadata/MappingMetaData.java","108","0","17","44","481","661","0"
"netty","ea0ddc0ea2cd11071bb960c7ff1aeade7bc1c1cb","codec-http/src/main/java/io/netty/handler/codec/http/multipart/HttpPostRequestEncoder.java","108","0","18","9","829","1366","1"
"elasticsearch","baa1e020ce52b398f4139db10ac6d7bbc73eb656","src/test/java/org/elasticsearch/search/sort/SimpleSortTests.java","108","0","2","24","1567","1949","0"
"BroadleafCommerce","dbcdf4946af5063ae942909c65ff630f49b626a5","core/broadleaf-framework/src/main/java/org/broadleafcommerce/core/order/domain/OrderItemImpl.java","108","0","2","77","833","993","0"
"antlr4","8d9cae93ec5e52e084d0a09d9b807b4f814aa846","runtime/Java/src/org/antlr/v4/runtime/atn/ATNSerializer.java","108","0","2","8","446","575","0"
"elasticsearch","075047065d5dd692d0a74f6ca70e796880f84df1","core/src/main/java/org/elasticsearch/snapshots/RestoreService.java","108","0","20","15","728","1029","0"
"elasticsearch","266394c3ab5837ed0d2e30a4808a6d01e3e52193","core/src/main/java/org/elasticsearch/snapshots/RestoreService.java","108","0","25","12","767","1121","0"
"elasticsearch","3cc1d272ff3b513adb3bfb8241986dc07e82f2f9","core/src/main/java/org/elasticsearch/index/translog/Translog.java","108","0","29","63","1018","1373","1"
"hazelcast","443be1108861688c930e5788c9e6d3c7f3e70558","hazelcast/src/main/java/com/hazelcast/util/AddressUtil.java","108","0","3","23","472","557","1"
"hazelcast","7c08e8e67cb611d8258cb39152928d2f9813da66","hazelcast/src/main/java/com/hazelcast/util/AddressUtil.java","108","0","3","26","500","590","0"
"hazelcast","4deff89b7554153c43675511e3d7d1f9e22d48f0","hazelcast/src/main/java/com/hazelcast/nio/UTFEncoderDecoder.java","108","0","3","3","612","801","1"
"hazelcast","545d77374f383f61170ce2b72524d45e085b7d0e","hazelcast/src/main/java/com/hazelcast/nio/UTFEncoderDecoder.java","108","0","3","3","612","801","1"
"hazelcast","3187877a380d3982ed060399adb1a86b68e7c46c","hazelcast/src/main/java/com/hazelcast/nio/UTFEncoderDecoder.java","108","0","3","3","612","801","0"
"hazelcast","2475bbf60216363d3022a2ace31d1d24a39a2183","hazelcast/src/main/java/com/hazelcast/nio/UTFEncoderDecoder.java","108","0","3","3","625","814","2"
"elasticsearch","6adfeb4ddeae385222f984347d64d2baabb036e7","core/src/main/java/org/elasticsearch/common/Strings.java","108","0","36","13","500","939","2"
"ceylon-ide-eclipse","66f5c6830770ae056a7d22c19c61f99dc1100dde","plugins/com.redhat.ceylon.eclipse.ui/src/com/redhat/ceylon/eclipse/util/EditorUtil.java","108","0","4","23","597","782","0"
"elasticsearch","48fe4326b0ca2f326510f9770a6690a1153ac7b5","core/src/main/java/org/elasticsearch/index/mapper/core/StringFieldMapper.java","108","0","4","39","599","736","0"
"elasticsearch","8bdda49f907a45f9704377bc81dcd798ec1f48d2","core/src/main/java/org/elasticsearch/index/mapper/core/StringFieldMapper.java","108","0","4","40","603","741","0"
"orientdb","deb33febd5c1e0b590bcbfaaf4de44cc86b278f8","core/src/main/java/com/orientechnologies/orient/core/index/OIndexAbstract.java","108","0","6","50","870","1129","1"
"antlr4","511c60fe7bee7a4fe94a84c64627626909054490","tool/src/org/antlr/v4/Tool.java","108","0","8","30","637","860","1"
"elasticsearch","371c73e14023917f3892090d2d3d7ff9ac1216b9","core/src/main/java/org/elasticsearch/cluster/routing/allocation/allocator/BalancedShardsAllocator.java","108","0","9","10","674","1032","3"
"elasticsearch","78574d248cf10dad1c5a566fda79e1e0c94afe43","core/src/main/java/org/elasticsearch/cluster/routing/allocation/allocator/BalancedShardsAllocator.java","108","0","9","10","674","1032","2"
"elasticsearch","e6aaaf11ed4a1b8f595f920de1840938eddb7a97","core/src/main/java/org/elasticsearch/cluster/routing/allocation/allocator/BalancedShardsAllocator.java","108","0","9","10","674","1032","2"
"elasticsearch","a60b8948ba1d836a6eac7cff095519e618939ed8","core/src/main/java/org/elasticsearch/cluster/routing/allocation/allocator/BalancedShardsAllocator.java","108","0","9","10","674","1032","0"
"elasticsearch","36f364c99873948a1a2559abcf9d1d147040dd49","modules/elasticsearch/src/main/java/org/elasticsearch/common/xcontent/XContentBuilder.java","108","0","9","108","826","1026","1"
"orientdb","dca6885c95f754e9a03f1366b7f1ed83a9d92ed4","core/src/main/java/com/orientechnologies/common/parser/OBaseParser.java","108","0","9","4","348","637","1"
"orientdb","33a29ad7f0318e206a1cfbb4c3960d98b429e9db","core/src/main/java/com/orientechnologies/common/parser/OBaseParser.java","108","0","9","4","350","640","0"
"hazelcast","623ff1855aa985aa276e8395aabf0b534c7a36c3","hazelcast-client-legacy/src/main/java/com/hazelcast/client/cache/impl/AbstractClientInternalCacheProxy.java","109","0","0","0","686","806","0"
"hazelcast","65df300ddcacf2cee04f1eee8f75731e147decbf","hazelcast-client-legacy/src/main/java/com/hazelcast/client/cache/impl/AbstractClientInternalCacheProxy.java","109","0","0","0","689","809","1"
"hazelcast","4386fa36b154102760ddf440bbbeb4790de65d52","hazelcast/src/main/java/com/hazelcast/spi/impl/BasicInvocation.java","109","0","0","0","744","934","0"
"hazelcast","2c84640858569786577afc9fb091d5b1e7e73b8b","hazelcast/src/main/java/com/hazelcast/spi/impl/BasicOperationService.java","109","0","0","0","814","1019","0"
"hazelcast","80a40ac2f605c374e8080f40c30a45839a2ba3c9","hazelcast/src/main/java/com/hazelcast/spi/impl/BasicOperationService.java","109","0","0","0","814","1023","0"
"hazelcast","ac2dda4566638398a14318604f960e2afce7d3ca","hazelcast/src/main/java/com/hazelcast/spi/impl/BasicOperationService.java","109","0","0","0","815","1020","1"
"hazelcast","46f1e93e3ce6562811fd8ab1ddbd430a3109f9a1","hazelcast/src/main/java/com/hazelcast/spi/impl/BasicOperationService.java","109","0","0","0","815","1024","2"
"hazelcast","ee067bd29414c085308867d691b25e6f9e26007d","hazelcast/src/main/java/com/hazelcast/spi/impl/BasicOperationService.java","109","0","0","0","815","1024","1"
"hazelcast","895c167beb733f0d881ef57bf1238f7c25e19276","hazelcast/src/main/java/com/hazelcast/spi/impl/BasicOperationService.java","109","0","0","0","815","1024","0"
"hazelcast","7001ec8c5b1305c796de75c2e3f170c562db8c03","hazelcast-client/src/main/java/com/hazelcast/client/cache/impl/AbstractClientInternalCacheProxy.java","109","0","0","0","829","963","2"
"netty","119383873d84e0da24916e4240e5fdfc4dc0016d","transport/src/main/java/io/netty/channel/AbstractChannelHandlerContext.java","109","0","0","0","940","1141","0"
"netty","38b054c65cc655bb4966517abeb32c1246c5c7e3","transport/src/main/java/io/netty/channel/AbstractChannelHandlerContext.java","109","0","0","0","942","1141","1"
"elasticsearch","5cdbe60f6b66dee44457e86bc8af971d2a9ea4d8","core/src/main/java/org/elasticsearch/percolator/PercolatorService.java","109","0","0","10","721","863","1"
"elasticsearch","b76c394bf30a77762f2e42f1c5bf2aef0852484d","core/src/main/java/org/elasticsearch/percolator/PercolatorService.java","109","0","0","10","721","863","1"
"elasticsearch","e598f16b5851111271226407c415ddef64d36a05","core/src/main/java/org/elasticsearch/percolator/PercolatorService.java","109","0","0","10","721","863","2"
"elasticsearch","7d59fd6ea0d8c88024809c242895e879da7007f1","core/src/main/java/org/elasticsearch/percolator/PercolatorService.java","109","0","0","10","721","863","0"
"elasticsearch","467a459f95d8709379bf3e7f415644b246a89dba","core/src/main/java/org/elasticsearch/percolator/PercolatorService.java","109","0","0","10","730","872","1"
"elasticsearch","821021f0e478ca44d828e62c139ea19f0fd7290a","core/src/main/java/org/elasticsearch/percolator/PercolatorService.java","109","0","0","10","739","882","0"
"BroadleafCommerce","56677e24f09c200114d285891f7b1ebe70aea343","admin/broadleaf-open-admin-platform/src/main/java/org/broadleafcommerce/openadmin/server/service/persistence/PersistenceManagerImpl.java","109","0","0","29","605","755","1"
"BroadleafCommerce","37ce7dedd531abdd755c6596255d875d7e92289f","admin/broadleaf-open-admin-platform/src/main/java/org/broadleafcommerce/openadmin/server/service/persistence/PersistenceManagerImpl.java","109","0","0","29","619","768","1"
"elasticsearch","9c9cd01854d4343b11314d58b82c00f1de335f8a","src/main/java/org/elasticsearch/search/suggest/phrase/PhraseSuggestParser.java","109","0","0","4","316","360","0"
"elasticsearch","92f132aede05533636f2874f8a7b86f09ba806b3","src/main/java/org/elasticsearch/search/highlight/HighlighterParseElement.java","109","0","1","1","242","291","1"
"elasticsearch","28ae4d63937f64d4d70c3646191b06f8f303f0a5","src/main/java/org/elasticsearch/transport/netty/NettyTransport.java","109","0","1","18","734","901","1"
"elasticsearch","d442e089acc712d4dd28f213a88a2b4595df9f0c","src/main/java/org/elasticsearch/transport/netty/NettyTransport.java","109","0","1","18","735","902","0"
"orientdb","2767a54ee6308493e6a69b4b2951d8d2252bfd6b","core/src/main/java/com/orientechnologies/orient/core/index/OClassIndexManager.java","109","0","1","20","497","653","0"
"netty","869687bd711e1358367203526128d9a2ad90663a","common/src/main/java/io/netty/util/concurrent/DefaultPromise.java","109","0","1","26","696","873","1"
"netty","084db044cd57aededdb650ef17301b6ba9e60799","common/src/main/java/io/netty/util/concurrent/DefaultPromise.java","109","0","1","26","700","876","1"
"netty","0e71da3082d51b0099bd6e7e22369dd7d7615b98","common/src/main/java/io/netty/util/concurrent/DefaultPromise.java","109","0","1","26","700","876","1"
"netty","ddb6e3672cce60432f386e7f8e9022bf62a9c84e","common/src/main/java/io/netty/util/concurrent/DefaultPromise.java","109","0","1","26","700","876","1"
"netty","dbb21988395f49ec9257a72b1044360c71fe5ad6","common/src/main/java/io/netty/util/concurrent/DefaultPromise.java","109","0","1","26","700","876","0"
"elasticsearch","29826863dddbbccf29268567325c226dbd7e16b6","src/main/java/org/elasticsearch/gateway/local/state/meta/LocalGatewayMetaState.java","109","0","1","4","579","687","0"
"MapDB","e0e9e773a8924285c658a018cec380556ff10515","src/main/java/org/mapdb/SerializerPojo.java","109","0","1","6","533","774","2"
"MapDB","5b14d76ac10326ad73c98aaacbfcf2d41bd4a187","src/main/java/org/mapdb/SerializerPojo.java","109","0","1","6","541","783","1"
"orientdb","d686075f6ec2d26eaf10e505e69415a9a702bbb9","core/src/main/java/com/orientechnologies/orient/core/sql/executor/FetchFromIndexStep.java","109","0","1","7","521","591","0"
"elasticsearch","12d1bf848543b9e4c483ffa62161ac8b5be6c35d","src/main/java/org/elasticsearch/index/mapper/geo/GeoPointFieldMapper.java","109","0","11","33","609","767","1"
"elasticsearch","c6ce64a5e56a9fa02895b3ab93d239ec63230360","src/main/java/org/elasticsearch/index/mapper/geo/GeoPointFieldMapper.java","109","0","11","33","620","778","1"
"elasticsearch","768bfb7d1dbcffb4ddcc9bc029dfd7c2e0a59932","core/src/main/java/org/elasticsearch/index/mapper/geo/GeoPointFieldMapper.java","109","0","11","45","628","786","1"
"mcMMO","7479a022208c2a49cfac9e30a3b1e93506dc6595","src/main/java/com/gmail/nossr50/listeners/PlayerListener.java","109","0","15","2","427","677","1"
"mcMMO","d5dc9895e4f4f2cce6ee127618775cafa37f7847","src/main/java/com/gmail/nossr50/listeners/PlayerListener.java","109","0","15","2","430","681","0"
"mcMMO","6d5f3a52f4ad7c2ef840d4f6b33f7da20eecef48","src/main/java/com/gmail/nossr50/listeners/PlayerListener.java","109","0","15","2","433","682","0"
"antlr4","17128d64869d43582bccd523f32463d2edaaffc7","runtime/Java/src/org/antlr/v4/runtime/misc/IntervalSet.java","109","0","17","20","507","711","0"
"orientdb","13c84a352a84fa9a8e4b68c8913322c99e1dca97","core/src/main/java/com/orientechnologies/orient/core/sql/OCommandExecutorSQLResultsetAbstract.java","109","0","2","11","479","700","2"
"elasticsearch","ccda0441e146d3d4a218a5eec7b614e339f82cdc","core/src/main/java/org/elasticsearch/search/SearchService.java","109","0","2","14","730","871","1"
"orientdb","76ffdc9fe1e541460329297a955e8494c36be8f5","core/src/main/java/com/orientechnologies/orient/core/sql/OCommandExecutorSQLResultsetAbstract.java","109","0","2","5","441","657","1"
"hazelcast","a1eb32e4a02240540cbb54539fc5e039954b3fd3","hazelcast/src/main/java/com/hazelcast/spi/impl/EventServiceImpl.java","109","0","2","58","878","1037","2"
"hazelcast","28c49d0c83af12bb83f0a5ce4ae86916d4f5f26c","hazelcast/src/main/java/com/hazelcast/spi/impl/EventServiceImpl.java","109","0","2","60","883","1043","1"
"BroadleafCommerce","54af90b338cb5f04e6e47d7a37ddfdd1f011893a","core/broadleaf-framework/src/main/java/org/broadleafcommerce/core/catalog/domain/SkuImpl.java","109","0","2","67","770","959","1"
"elasticsearch","97a9b4ec2fb6691437c86b694b77d56e81efcaa1","src/main/java/org/elasticsearch/common/geo/builders/ShapeBuilder.java","109","0","21","5","560","925","1"
"elasticsearch","6941966b1654106ed9249cd01c32bfa2e06b452f","core/src/main/java/org/elasticsearch/snapshots/RestoreService.java","109","0","25","12","768","1122","0"
"mcMMO","81dae8c43d6fb64b682a61844cdb7a9a4625e40b","src/main/java/com/gmail/nossr50/skills/gathering/WoodCutting.java","109","0","3","1","357","513","1"
"hazelcast","34d6bf4fbfe084b9ed686436b9f93cfd96ec274c","hazelcast/src/main/java/com/hazelcast/nio/UTFEncoderDecoder.java","109","0","3","3","632","823","1"
"hazelcast","0ec7a854c3a503467512e9ee38504818732066e5","hazelcast/src/main/java/com/hazelcast/config/ConfigXmlGenerator.java","109","0","4","0","784","937","0"
"elasticsearch","9d10ffd54763675f1147f6a3024388d202185bdd","core/src/main/java/org/elasticsearch/index/translog/Translog.java","109","0","43","75","1200","1704","0"
"orientdb","65f086eb452cac1fc83cfac710303c5b020d0697","core/src/main/java/com/orientechnologies/orient/core/index/OIndexAbstract.java","109","0","6","50","875","1136","0"
"netty","9125060752f5124949e55a6868647c75f88cdb01","handler/src/main/java/io/netty/handler/ssl/PemReader.java","11","0","0","0","101","138","0"
"hazelcast","7e9aaf983ea251e7252a8ed8cd1ea0b00cad40cf","hazelcast-hibernate/hazelcast-hibernate4/src/main/java/com/hazelcast/hibernate/distributed/IMapRegionCache.java","11","0","0","0","103","163","1"
"hazelcast","1db7424d387f04d32e0bea688b1d0337c6f88c11","hazelcast-client/src/main/java/com/hazelcast/client/spi/impl/ClientTransactionManagerServiceImpl.java","11","0","0","0","108","144","3"
"neo4j","9c79c33600e5511ac1320496d1bdd614808a973c","enterprise/core-edge/src/main/java/org/neo4j/coreedge/raft/log/segmented/StoreChannelPool.java","11","0","0","0","109","149","1"
"hazelcast","bb3ea0e107980d769862cdbda748cc91529d67b5","hazelcast-client/src/main/java/com/hazelcast/client/spi/impl/ClientTransactionManagerServiceImpl.java","11","0","0","0","110","146","0"
"hazelcast","c283f04cab711308ed3018d4e448e35b9061e0d2","hazelcast-client/src/main/java/com/hazelcast/client/spi/impl/ClientTransactionManagerServiceImpl.java","11","0","0","0","110","146","0"
"hazelcast","eed2a8c40d592a8e99645faac48f99069eaeaab2","hazelcast-client/src/main/java/com/hazelcast/client/spi/impl/ClientTransactionManagerServiceImpl.java","11","0","0","0","110","146","1"
"ceylon-ide-eclipse","8f00f075a9dc27a5ae11acb7304da937dbfafb40","plugins/com.redhat.ceylon.eclipse.ui/src/com/redhat/ceylon/eclipse/code/correct/ShadowReferenceProposal.java","11","0","0","0","111","130","0"
"neo4j","84ba2501e70a3ead624f7d30b268987a61873126","enterprise/core-edge/src/main/java/org/neo4j/coreedge/raft/log/segmented/ReaderPool.java","11","0","0","0","114","150","0"
"elasticsearch","952feb58e41bd0220784c44136b840ea4a740e26","core/src/main/java/org/elasticsearch/search/aggregations/bucket/histogram/DateHistogramAggregator.java","11","0","0","0","114","158","1"
"elasticsearch","e7d352b489272a87b05019869857656de7fb82fc","core/src/main/java/org/elasticsearch/search/aggregations/bucket/histogram/DateHistogramAggregator.java","11","0","0","0","116","160","0"
"netty","115d3576be47804aa985d1749e0cfa427d3714f9","buffer/src/main/java/io/netty/buffer/PooledByteBuf.java","11","0","0","0","120","161","1"
"ceylon-ide-eclipse","48f545dd14da3d016d44ba5cd33b4bad5f850323","plugins/com.redhat.ceylon.eclipse.ui/src/com/redhat/ceylon/eclipse/code/correct/ShadowReferenceProposal.java","11","0","0","0","123","132","1"
"netty","956a757d37c52d550aebdbfaf3d68863baa2a765","buffer/src/main/java/io/netty/buffer/PooledByteBuf.java","11","0","0","0","123","168","0"
"elasticsearch","0e8d7582ec3ceb13213e39678f8640ff13f24403","plugins/repository-s3/src/test/java/org/elasticsearch/repositories/s3/MockAmazonS3.java","11","0","0","0","132","194","2"
"netty","deb90923a2f4f5a766597ec241f62a94a25d837e","buffer/src/main/java/io/netty/buffer/PooledByteBuf.java","11","0","0","0","136","184","0"
"elasticsearch","cc67d027dea786516c3029c572421b2f6083a9e3","plugins/repository-s3/src/test/java/org/elasticsearch/repositories/s3/MockAmazonS3.java","11","0","0","0","136","201","3"
"hazelcast","330efef1f7194aaae5093af2ed205961dacf9e36","hazelcast-client/src/main/java/com/hazelcast/client/cache/impl/CacheStatsHandler.java","11","0","0","0","138","188","1"
"hazelcast","70d4de16ff0ac4518d09aad8c9f2ad9e782fb337","hazelcast/src/main/java/com/hazelcast/cache/impl/CacheSplitBrainHandler.java","11","0","0","0","139","181","1"
"netty","943f4ec7ff6c5753fb79c76cabc043f5e4cdcd32","buffer/src/main/java/io/netty/buffer/PooledByteBuf.java","11","0","0","0","140","188","1"
"hazelcast","d568e4d926d925d57d4e79e34614390416749301","hazelcast/src/main/java/com/hazelcast/cache/impl/CacheSplitBrainHandler.java","11","0","0","0","142","186","0"
"neo4j","9c79c33600e5511ac1320496d1bdd614808a973c","enterprise/core-edge/src/main/java/org/neo4j/coreedge/raft/log/segmented/RecoveryProtocol.java","11","0","0","0","143","193","1"
"neo4j","0d8bfc7bb0a2a82ef77f4104fe2e91bfb3ddd83f","enterprise/core-edge/src/main/java/org/neo4j/coreedge/raft/log/physical/RecoveryProtocol.java","11","0","0","0","143","194","0"
"elasticsearch","3d13c27fa0df12018f35f1b20987c90277e9b6f9","core/src/main/java/org/elasticsearch/bootstrap/JVMCheck.java","11","0","0","0","144","247","1"
"elasticsearch","78574d248cf10dad1c5a566fda79e1e0c94afe43","core/src/main/java/org/elasticsearch/bootstrap/JVMCheck.java","11","0","0","0","144","247","1"
"elasticsearch","e6aaaf11ed4a1b8f595f920de1840938eddb7a97","core/src/main/java/org/elasticsearch/bootstrap/JVMCheck.java","11","0","0","0","144","247","1"
"elasticsearch","2bd09c4625898d77aa6c015c6f82cf973ed18cb7","core/src/main/java/org/elasticsearch/bootstrap/JVMCheck.java","11","0","0","0","144","247","0"
"elasticsearch","a60b8948ba1d836a6eac7cff095519e618939ed8","core/src/main/java/org/elasticsearch/bootstrap/JVMCheck.java","11","0","0","0","144","247","0"
"neo4j","700418fa709d3ef4494beac84f3c82831803b960","enterprise/causal-clustering/src/main/java/org/neo4j/causalclustering/core/consensus/log/segmented/RecoveryProtocol.java","11","0","0","0","148","201","1"
"hazelcast","078e4faae79ee911646942e59cf0d2a84199cb5c","hazelcast-client/src/main/java/com/hazelcast/client/cache/impl/CacheStatsHandler.java","11","0","0","0","149","200","0"
"hazelcast","d81bf31c8a1b7795a17e3911a4d9c38ead8c24d5","hazelcast-client/src/test/java/com/hazelcast/client/lock/ClientConditionTest.java","11","0","0","0","153","175","2"
"neo4j","035903e9ebdada5ea1269b223a6b5ee102763a1d","enterprise/causal-clustering/src/main/java/org/neo4j/causalclustering/readreplica/ReadReplicaStartupProcess.java","11","0","0","0","157","196","0"
"hazelcast","49bc95f245df5503b44ba497a51ae534883f2f4f","hazelcast-client/src/main/java/com/hazelcast/client/cache/impl/HazelcastClientCacheManager.java","11","0","0","0","160","206","1"
"neo4j","c78d5b9a732e8512a6136e4194de35dbffdeaca6","enterprise/causal-clustering/src/main/java/org/neo4j/causalclustering/readreplica/ReadReplicaStartupProcess.java","11","0","0","0","161","200","1"
"hazelcast","5c695f915d3d5ec0116cccdbde70b3551f5dcb5a","hazelcast-client/src/main/java/com/hazelcast/client/cache/impl/HazelcastClientCacheManager.java","11","0","0","0","161","207","0"
"neo4j","674b32d2656e541587191d7b339d9a9570e826da","enterprise/causal-clustering/src/main/java/org/neo4j/causalclustering/readreplica/ReadReplicaStartupProcess.java","11","0","0","0","163","203","1"
"hazelcast","618948653075dce6c3fc23e0a9b67f2da2dda73f","hazelcast-client/src/test/java/com/hazelcast/client/lock/ClientConditionTest.java","11","0","0","0","167","191","1"
"hazelcast","618948653075dce6c3fc23e0a9b67f2da2dda73f","hazelcast/src/main/java/com/hazelcast/collection/impl/queue/QueueProxySupport.java","11","0","0","0","174","222","1"
"hazelcast","67db7c70adf6604568aa7e831f0373cf4b411bd0","hazelcast-client/src/main/java/com/hazelcast/client/proxy/ClientMapReduceProxy.java","11","0","0","0","196","261","1"
"hazelcast","a4d8c77c49156021a3f38af6250e61b7bdc7db6c","hazelcast-client/src/main/java/com/hazelcast/client/proxy/ClientMapReduceProxy.java","11","0","0","0","196","261","1"
"hazelcast","51d7586e9767ff8edcdf5502bcfe3e51cd5de62b","hazelcast-client/src/main/java/com/hazelcast/client/proxy/ClientMapReduceProxy.java","11","0","0","0","196","261","0"
"hazelcast","5a2ae889e8df4217d681ece82e26381a361cd616","hazelcast-client/src/main/java/com/hazelcast/client/connection/nio/ClientConnection.java","11","0","0","0","198","258","0"
"hazelcast","70141681c3ecee84bbc3e81986f4e329c220c12d","hazelcast-client/src/main/java/com/hazelcast/client/connection/nio/ClientConnection.java","11","0","0","0","198","258","0"
"hazelcast","cdb7ab6e1a3d33232d064be80c311b3409e93269","hazelcast-client/src/main/java/com/hazelcast/client/connection/nio/ClientConnection.java","11","0","0","0","198","258","1"
"hazelcast","0603aa048b33b7b63c240c8b0e5c509499c798f7","hazelcast-client/src/main/java/com/hazelcast/client/proxy/ClientMapReduceProxy.java","11","0","0","0","198","263","0"
"hazelcast","6a96ff2593db59bc55c3783b4420a915caa1f77b","hazelcast-client/src/test/java/com/hazelcast/client/cache/ClientReadWriteThroughJCacheTests.java","11","0","0","0","205","271","1"
"hazelcast","c22d56e19f665d89c2ab03857c9c9bd1617101e9","hazelcast/src/main/java/com/hazelcast/map/impl/mapstore/BasicMapStoreContext.java","11","0","0","0","215","310","1"
"hazelcast","86234067a9384df7e9b2ea44c7bfe7a9f1881c1a","hazelcast/src/main/java/com/hazelcast/map/impl/recordstore/AbstractRecordStore.java","11","0","0","0","228","296","0"
"netty","feb8d101bddc032cf55d6c63bc1020ac6930e30a","buffer/src/main/java/io/netty/buffer/ReadOnlyByteBufferBuf.java","11","0","0","0","245","316","0"
"hazelcast","98f3206e11791992bdd9a27344bee4c0ba9bfc0a","hazelcast-client/src/test/java/com/hazelcast/client/ClientServiceTest.java","11","0","0","0","289","390","0"
"hazelcast","7ff7078a956747abfb4d9470e78bb85bb1d181fa","hazelcast-client/src/test/java/com/hazelcast/client/ClientServiceTest.java","11","0","0","0","290","391","2"
"netty","9bcfef0f10694260a0c066278858b1c528f09ee0","handler/src/main/java/io/netty/handler/ssl/ApplicationProtocolUtil.java","11","0","0","0","46","78","1"
"netty","afb46b926f9df6f1da91cbd011fa8f43d1566bb8","handler/src/main/java/io/netty/handler/ssl/ApplicationProtocolUtil.java","11","0","0","0","46","79","0"
"netty","3f7b674db8c9c2fc562b95327e089bb3603c9009","codec/src/main/java/io/netty/handler/codec/compression/ZlibUtil.java","11","0","0","0","58","86","0"
"netty","aab89b058e2e31fb50f5df98325dc40db61fbced","handler/src/main/java/io/netty/handler/ssl/Java8SslUtils.java","11","0","0","0","61","88","0"
"hazelcast","ecaaec40f356936a3252c08a2bf6f4180fd3c81b","hazelcast-hibernate/hazelcast-hibernate4/src/main/java/com/hazelcast/hibernate/instance/HazelcastClientLoader.java","11","0","0","0","65","91","0"
"hazelcast","dcdf838c95407da279237d92588a7a4f691c6fce","hazelcast-hibernate/hazelcast-hibernate4/src/main/java/com/hazelcast/hibernate/instance/HazelcastClientLoader.java","11","0","0","0","66","92","1"
"hazelcast","ecaaec40f356936a3252c08a2bf6f4180fd3c81b","hazelcast-hibernate/hazelcast-hibernate3/src/main/java/com/hazelcast/hibernate/instance/HazelcastClientLoader.java","11","0","0","0","67","93","0"
"hazelcast","dcdf838c95407da279237d92588a7a4f691c6fce","hazelcast-hibernate/hazelcast-hibernate3/src/main/java/com/hazelcast/hibernate/instance/HazelcastClientLoader.java","11","0","0","0","68","94","1"
"elasticsearch","3cb307462dba82409bd549b3c25f581b03d69244","core/src/main/java/org/elasticsearch/common/util/BigLongArray.java","11","0","0","0","76","115","2"
"elasticsearch","3d13c27fa0df12018f35f1b20987c90277e9b6f9","core/src/main/java/org/elasticsearch/common/util/BigLongArray.java","11","0","0","0","76","115","1"
"elasticsearch","2bd09c4625898d77aa6c015c6f82cf973ed18cb7","core/src/main/java/org/elasticsearch/common/util/BigLongArray.java","11","0","0","0","76","115","0"
"elasticsearch","e024c67561c547b5194d00ea5e5f518a1a96fe63","core/src/main/java/org/elasticsearch/common/util/BigLongArray.java","11","0","0","0","80","122","0"
"ceylon-ide-eclipse","64a391fbabba6b9bc6b553abfa42466e0ca9673d","plugins/com.redhat.ceylon.eclipse.ui/src/com/redhat/ceylon/eclipse/code/correct/RemoveAliasProposal.java","11","0","0","0","87","104","0"
"netty","2304913341ef3f239e5509a46921a5c65bbbe360","transport/src/main/java/io/netty/channel/socket/oio/OioWorker.java","11","0","0","0","89","127","2"
"elasticsearch","97a2c4523de9801b8a0ddbe8b056b128f968e327","core/src/main/java/org/elasticsearch/bootstrap/Natives.java","11","0","0","0","89","139","0"
"hazelcast","d070f1256c8c7fa823e6463487462826384ee1df","hazelcast/src/main/java/com/hazelcast/map/impl/MapMigrationAwareService.java","11","0","0","0","91","132","0"
"hazelcast","a699ad5c47f3cb379b7170bbd48d93cbc6fd7f21","hazelcast/src/main/java/com/hazelcast/map/MapEventPublishingService.java","11","0","0","0","92","111","0"
"elasticsearch","4e5714b31fe3d3b9fdedb18064253fa50b79bcc0","src/main/java/org/elasticsearch/common/util/BigByteArray.java","11","0","0","0","92","131","0"
"netty","23d017849429c18e1890b0a5799e5262df4f269f","transport/src/main/java/io/netty/channel/aio/AioEventLoop.java","11","0","0","0","92","137","0"
"netty","9128d4f16a8ccb102bbf863b88e6be8e5574333d","transport/src/main/java/io/netty/channel/aio/AioEventLoop.java","11","0","0","0","93","139","1"
"netty","71f25d13e2685493d13a157190d068c0a79655ae","transport/src/main/java/io/netty/channel/aio/AioEventLoop.java","11","0","0","0","94","140","0"
"mcMMO","62b13a9a84a38ce956689170afd3c18c89e7642b","src/main/java/com/gmail/nossr50/skills/excavation/Excavation.java","11","0","0","1","40","62","0"
"hazelcast","20e30c8a5f8fbc50dc4d4e57d4a0b383faa20fe7","hazelcast-wm/src/test/java/com/hazelcast/wm/test/TestServlet.java","11","0","0","1","45","73","2"
"elasticsearch","e508c277e1ab52ba7cf53a702e38ad2a09225fde","core/src/test/java/org/elasticsearch/snapshots/SnapshotsInProgressSerializationTests.java","11","0","0","1","85","118","2"
"hazelcast","51d7586e9767ff8edcdf5502bcfe3e51cd5de62b","hazelcast-client/src/main/java/com/hazelcast/client/util/ClientCancellableDelegatingFuture.java","11","0","0","1","92","130","0"
"hazelcast","07857e5f0efcf1b2d789910c35ea269a115e4249","hazelcast/src/main/java/com/hazelcast/map/impl/operation/MultipleEntryOperation.java","11","0","0","10","104","145","1"
"hazelcast","4b37b0ebf8a268dba38bcdd279b2ad087568b60a","hazelcast/src/main/java/com/hazelcast/map/impl/operation/MultipleEntryOperation.java","11","0","0","10","104","145","1"
"hazelcast","5ca2eb7270cb2ae320c78e06be394586b0f1e902","hazelcast/src/main/java/com/hazelcast/map/impl/operation/MultipleEntryOperation.java","11","0","0","10","104","145","2"
"hazelcast","cd66a09812f63404b4e934e9591e45ce9472a35c","hazelcast/src/main/java/com/hazelcast/map/impl/operation/MultipleEntryOperation.java","11","0","0","10","104","145","1"
"hazelcast","53e8abd1152099535ae232267aa0b7acbc160f4b","hazelcast/src/main/java/com/hazelcast/map/impl/operation/MultipleEntryOperation.java","11","0","0","10","104","145","0"
"hazelcast","e3230e94a46c6ea0a006ae53742cac4745d1a37d","hazelcast/src/test/java/com/hazelcast/impl/MapCacheTest.java","11","0","0","10","110","133","0"
"hazelcast","b060aaf42a3aed50616442f3bfafb9b58195b688","hazelcast-client/src/test/java/com/hazelcast/client/lock/ClientConditionTest.java","11","0","0","10","153","175","2"
"hazelcast","d81bf31c8a1b7795a17e3911a4d9c38ead8c24d5","hazelcast-client-new/src/test/java/com/hazelcast/client/lock/ClientConditionTest.java","11","0","0","10","160","181","1"
"elasticsearch","4fea56ceadbbd042774a89dbdf94c16a4a33df4c","core/src/test/java/org/elasticsearch/test/store/MockFSDirectoryService.java","11","0","0","10","173","223","0"
"elasticsearch","0a69f1e283e26e5d9e6a000b68b9f4778de557a1","test/framework/src/main/java/org/elasticsearch/test/store/MockFSDirectoryService.java","11","0","0","10","178","229","2"
"hazelcast","d0b978ac681dd63e8d14a0c4925cba57f5cb8bf5","hazelcast-client/src/test/java/com/hazelcast/client/ClientServiceTest.java","11","0","0","10","261","350","0"
"hazelcast","358e12c864a51acfb36b17e7672b67707b41307c","hazelcast-client/src/test/java/com/hazelcast/client/ClientServiceTest.java","11","0","0","10","262","339","0"
"elasticsearch","3f06d9f3b8516bb30a2890a36c2973f08f9c6076","core/src/test/java/org/elasticsearch/ESExceptionTests.java","11","0","0","10","306","368","1"
"elasticsearch","12f53090417d01134f92281b8285a5783f971887","core/src/test/java/org/elasticsearch/ESExceptionTests.java","11","0","0","10","312","381","2"
"hazelcast","49d70060a7b54249744c4d990d8125c3b7431b06","hazelcast/src/main/java/com/hazelcast/map/impl/client/MapAddEntryListenerRequest.java","11","0","0","10","84","116","1"
"hazelcast","e61fb5c3d86ca028d6e3e49a1abcb8e55a938cef","hazelcast/src/main/java/com/hazelcast/map/impl/client/MapAddEntryListenerRequest.java","11","0","0","10","87","119","0"
"BroadleafCommerce","56677e24f09c200114d285891f7b1ebe70aea343","admin/broadleaf-open-admin-platform/src/main/java/org/broadleafcommerce/openadmin/web/form/entity/FieldGroup.java","11","0","0","10","97","144","0"
"ceylon-ide-eclipse","e82ba3737495cae8f78802a01c33bc2428322bfb","plugins/com.redhat.ceylon.eclipse.ui/src/com/redhat/ceylon/eclipse/core/typechecker/ProjectPhasedUnit.java","11","0","0","10","99","126","1"
"hazelcast","934929958888f0ee66fecccaadf2e7181cbaa9c2","hazelcast-client/src/main/java/com/hazelcast/client/spi/impl/ClientTransactionManagerServiceImpl.java","11","0","0","11","108","144","3"
"hazelcast","a4035afdfc67b757940a15578bc51b4e7b6b0b13","hazelcast-client-new/src/main/java/com/hazelcast/client/spi/impl/ClientTransactionManagerServiceImpl.java","11","0","0","11","109","145","0"
"hazelcast","bb3ea0e107980d769862cdbda748cc91529d67b5","hazelcast-client-new/src/main/java/com/hazelcast/client/spi/impl/ClientTransactionManagerServiceImpl.java","11","0","0","11","109","145","0"
"hazelcast","c283f04cab711308ed3018d4e448e35b9061e0d2","hazelcast-client-new/src/main/java/com/hazelcast/client/spi/impl/ClientTransactionManagerServiceImpl.java","11","0","0","11","109","145","0"
"hazelcast","d38202141395360399c9cf97d4453adf5b1581e1","hazelcast-client-new/src/main/java/com/hazelcast/client/spi/impl/ClientTransactionManagerServiceImpl.java","11","0","0","11","109","145","1"
"hazelcast","eed2a8c40d592a8e99645faac48f99069eaeaab2","hazelcast-client-new/src/main/java/com/hazelcast/client/spi/impl/ClientTransactionManagerServiceImpl.java","11","0","0","11","109","145","1"
"hazelcast","d568e4d926d925d57d4e79e34614390416749301","hazelcast/src/main/java/com/hazelcast/map/impl/operation/MultipleEntryOperation.java","11","0","0","11","109","151","0"
"hazelcast","9f51eeb7f83a09ba7be118b63bbb7c0068469a3e","hazelcast-client/src/test/java/com/hazelcast/client/lock/ClientConditionTest.java","11","0","0","11","167","191","0"
"hazelcast","618948653075dce6c3fc23e0a9b67f2da2dda73f","hazelcast-client-new/src/test/java/com/hazelcast/client/lock/ClientConditionTest.java","11","0","0","11","174","198","0"
"elasticsearch","c5cb55901424ddc249abae98d7e3d4d5bdebbc91","core/src/test/java/org/elasticsearch/action/support/replication/BroadcastReplicationTests.java","11","0","0","11","189","234","0"
"elasticsearch","0e9186e1373b99e261d80317c836477b7cc31d66","core/src/test/java/org/elasticsearch/discovery/zen/UnicastZenPingTests.java","11","0","0","11","728","907","0"
"hazelcast","db0fda1438546ac7bd661383ce9bd5fe06e78940","hazelcast/src/main/java/com/hazelcast/query/impl/IndexImpl.java","11","0","0","11","91","130","0"
"elasticsearch","831ea789aae152effe1ce56335a4c1c49fb269cf","src/main/java/org/elasticsearch/search/facet/terms/strings/HashedAggregator.java","11","0","0","12","107","146","0"
"elasticsearch","c97833596869141f747110d0046dd9de325a7f3c","core/src/test/java/org/elasticsearch/action/support/replication/BroadcastReplicationTests.java","11","0","0","12","195","242","1"
"elasticsearch","5a91ad11152fb54724083b696339b78829c8b905","core/src/test/java/org/elasticsearch/action/support/replication/BroadcastReplicationTests.java","11","0","0","12","196","243","0"
"elasticsearch","be2a6ce80b2282779159bc017352aa6f216349e2","core/src/test/java/org/elasticsearch/discovery/zen/UnicastZenPingTests.java","11","0","0","12","741","916","0"
"elasticsearch","f8df2a22e9171e07125e17f8dd95da2eeb89fe3f","core/src/test/java/org/elasticsearch/discovery/zen/UnicastZenPingTests.java","11","0","0","12","741","916","0"
"elasticsearch","04e08f5e491477f573b9e3ac19ee4b57cf7886db","core/src/test/java/org/elasticsearch/discovery/zen/UnicastZenPingTests.java","11","0","0","12","741","916","3"
"hazelcast","69975a8df84795d2fbd45e45b1d169e13fcbf0b1","hazelcast-wm/src/main/java/com/hazelcast/web/SessionState.java","11","0","0","12","85","117","1"
"hazelcast","ee487ab0afc82ccec0c923237e282daef9b91c39","hazelcast/src/main/java/com/hazelcast/query/impl/IndexImpl.java","11","0","0","12","91","129","0"
"neo4j","9e19238bad14e2ea915c17009903d636f448bfae","community/bolt/src/test/java/org/neo4j/bolt/v1/transport/socket/client/WebSocketConnection.java","11","0","0","13","135","190","0"
"neo4j","886dbb454deaae6adcb4ff26e76f6e225eedca55","enterprise/core-edge/src/main/java/org/neo4j/coreedge/helper/StatUtil.java","11","0","0","13","159","221","0"
"elasticsearch","046abdc281c321cd2128ee7684c0edfcaca07203","core/src/test/java/org/elasticsearch/action/support/replication/BroadcastReplicationTests.java","11","0","0","13","207","255","2"
"elasticsearch","e74d02138f02a66331b2611b5e70a908bb49cb97","core/src/test/java/org/elasticsearch/action/support/replication/BroadcastReplicationTests.java","11","0","0","13","208","256","0"
"elasticsearch","77095a3e970fee27e3285d294bf7888ce2b1b90e","core/src/test/java/org/elasticsearch/index/mapper/FieldTypeLookupTests.java","11","0","0","13","249","300","1"
"elasticsearch","2f97ff09256429b585252d26724aa0c21ec8c27a","modules/lang-groovy/src/test/java/org/elasticsearch/messy/tests/BucketSelectorTests.java","11","0","0","13","379","455","1"
"elasticsearch","db541d6fbe3daecec91bb7701aacfcd284662c2a","core/src/test/java/org/elasticsearch/search/aggregations/pipeline/BucketSelectorIT.java","11","0","0","13","383","469","1"
"hazelcast","525c34cddd7f4e08d674611e177bab103e4d1881","hazelcast/src/main/java/com/hazelcast/impl/partition/MigratingPartition.java","11","0","0","13","85","118","1"
"hazelcast","82fcc4c7c87097d1719bb56112aec0fafdb6bc0e","hazelcast/src/main/java/com/hazelcast/impl/partition/MigratingPartition.java","11","0","0","13","86","119","0"
"neo4j","691e0ace0344f1b545616bb278d4ea2a30f13308","community/bolt/src/test/java/org/neo4j/bolt/v1/transport/socket/client/WebSocketConnection.java","11","0","0","14","143","194","0"
"hazelcast","98f3206e11791992bdd9a27344bee4c0ba9bfc0a","hazelcast-client-new/src/test/java/com/hazelcast/client/ClientServiceTest.java","11","0","0","14","289","390","0"
"hazelcast","7ff7078a956747abfb4d9470e78bb85bb1d181fa","hazelcast-client-legacy/src/test/java/com/hazelcast/client/ClientServiceTest.java","11","0","0","14","290","391","1"
"elasticsearch","e00db235bc1aa0765f5b21a9dc40a4e94197b68c","core/src/test/java/org/elasticsearch/action/search/SearchAsyncActionTests.java","11","0","0","14","352","434","1"
"elasticsearch","b3e7e85cf110b6d48cab4f82fa1fc689975e81de","core/src/test/java/org/elasticsearch/action/search/SearchAsyncActionTests.java","11","0","0","14","355","437","0"
"elasticsearch","6666fb1614c602e5637b5949d61d8e457ab3ee77","core/src/test/java/org/elasticsearch/index/mapper/LegacyDateFieldMapperTests.java","11","0","0","14","405","496","2"
"elasticsearch","6902eafbfece0fa25ca33a092a7bc4260c2ec955","core/src/test/java/org/elasticsearch/index/mapper/LegacyDateFieldMapperTests.java","11","0","0","14","405","496","1"
"elasticsearch","d01a62908a22c6f20a4adf1c147c4f3179c2a007","core/src/test/java/org/elasticsearch/index/mapper/LegacyDateFieldMapperTests.java","11","0","0","14","405","496","1"
"elasticsearch","c1e5421b7718a918885e7e5f22ab4e0b7bbbdfc6","core/src/test/java/org/elasticsearch/index/mapper/LegacyDateFieldMapperTests.java","11","0","0","14","405","496","0"
"elasticsearch","ed2865863cfd8f763c0098527c849a1812005970","core/src/test/java/org/elasticsearch/index/mapper/LegacyDateFieldMapperTests.java","11","0","0","14","405","496","0"
"elasticsearch","d84c643f5880a88d2e5c38b487123161f3e01fe0","core/src/test/java/org/elasticsearch/index/mapper/date/LegacyDateMappingTests.java","11","0","0","14","410","501","0"
"elasticsearch","ef26df4f42e639dab54081c29d532c1c93dd42bb","src/test/java/org/elasticsearch/search/functionscore/DecayFunctionScoreTests.java","11","0","0","14","575","687","1"
"elasticsearch","22187113b6e9eb60392c4f545f08c7304a179d00","core/src/test/java/org/elasticsearch/search/simple/SimpleSearchIT.java","11","0","0","15","266","350","4"
"hazelcast","6089fd2a02f5a274f0bd303d51105069b1bb7e3c","hazelcast/src/test/java/com/hazelcast/map/MapTransactionTest.java","11","0","0","15","439","530","1"
"elasticsearch","2d523ace87617b25918dba13c4dd64c12a909f75","src/test/java/org/elasticsearch/search/functionscore/DecayFunctionScoreTests.java","11","0","0","15","597","716","0"
"hazelcast","e92dcb6824f242ac8bcb72623ccd13f982955632","hazelcast/src/test/java/com/hazelcast/map/MapTransactionTest.java","11","0","0","16","453","545","0"
"neo4j","c1f7605eb05731fe0b706c50dd830e2421d84166","enterprise/security/src/main/java/org/neo4j/server/security/enterprise/auth/EnterpriseAuthSubject.java","11","0","0","17","132","176","0"
"hazelcast","4d8aae6dd931c55b38df88e7e066c3f862b36bac","hazelcast/src/test/java/com/hazelcast/test/TestPartitionUtils.java","11","0","0","17","142","176","1"
"hazelcast","09094ed4b8b23f801d4dd283a1b73545694471dc","hazelcast/src/test/java/com/hazelcast/test/TestPartitionUtils.java","11","0","0","17","143","177","2"
"hazelcast","a43f8ee8ca77bddba7a0b7c0a5422bc2ee7b1788","hazelcast/src/test/java/com/hazelcast/internal/ascii/MemcacheTest.java","11","0","0","18","291","387","0"
"hazelcast","f50f89568cc1ec0152ef2c0f221f8942080ac3b1","hazelcast/src/test/java/com/hazelcast/internal/ascii/MemcacheTest.java","11","0","0","18","293","389","1"
"elasticsearch","5a64f08f048461a63a0ca1354a5050c954e63d52","core/src/test/java/org/elasticsearch/index/IndexModuleTests.java","11","0","0","18","317","391","0"
"neo4j","951a365a594d7a300c3388374bc1eb59e33b19b4","enterprise/security/src/main/java/org/neo4j/server/security/enterprise/auth/StandardEnterpriseAuthSubject.java","11","0","0","19","138","184","1"
"hazelcast","2921cff694583b8638dae2991f427e61d5440a9d","hazelcast/src/test/java/com/hazelcast/partition/PartitionDistributionTest.java","11","0","0","19","187","244","0"
"hazelcast","1f042b8c4a4245594691bb6d85a66ceed9b43068","hazelcast/src/test/java/com/hazelcast/partition/PartitionDistributionTest.java","11","0","0","19","188","245","1"
"neo4j","6602c5aea5b783fa9438717cc8f71b5c4dcd03b9","enterprise/security/src/main/java/org/neo4j/server/security/enterprise/auth/ShiroAuthManager.java","11","0","0","19","215","285","1"
"hazelcast","c861dc91568954f00860400605e72df0f3086ac7","hazelcast/src/test/java/com/hazelcast/mapreduce/aggregation/MapBaseAggregationTest.java","11","0","0","19","222","298","0"
"hazelcast","98b249af9499f13c482d9ffa4ce6f1367ddb4586","hazelcast-client/src/test/java/com/hazelcast/client/HazelcastClientQueueTest.java","11","0","0","19","237","279","0"
"hazelcast","772b5217030e0fb94bf07a00d9b5e7b275a82030","hazelcast/src/test/java/com/hazelcast/query/PortablePredicatesTest.java","11","0","0","2","114","152","0"
"hazelcast","21586825d367940e1c79cf289e97310daab1200d","hazelcast/src/test/java/com/hazelcast/query/PortablePredicatesTest.java","11","0","0","2","116","154","1"
"elasticsearch","7790d2bf6578825924446013caba183fae6ba92b","src/main/java/org/elasticsearch/action/get/TransportMultiGetAction.java","11","0","0","2","119","163","0"
"elasticsearch","25fd9e26c4fb042d6f6dea14efcd239577bdbbc4","client/benchmark/src/main/java/org/elasticsearch/client/benchmark/AbstractBenchmark.java","11","0","0","2","120","181","0"
"elasticsearch","dbef64009f93ff26a6b5d68a0c587b514fb58192","src/main/java/org/elasticsearch/action/termvector/TransportMultiTermVectorsAction.java","11","0","0","2","123","166","1"
"hazelcast","70d4de16ff0ac4518d09aad8c9f2ad9e782fb337","hazelcast/src/test/java/com/hazelcast/cache/CacheClearTest.java","11","0","0","2","125","169","1"
"elasticsearch","4b94eb5cb8cc4294ed0e932a5f22c16bd90d4dd7","core/src/main/java/org/elasticsearch/action/admin/cluster/settings/TransportClusterUpdateSettingsAction.java","11","0","0","2","131","188","2"
"elasticsearch","860efb2ad28db09189c8423e05d0dba53010259c","core/src/main/java/org/elasticsearch/action/admin/cluster/settings/TransportClusterUpdateSettingsAction.java","11","0","0","2","131","188","2"
"elasticsearch","d3417fb02291f26964d77767020ef345d18c148f","core/src/main/java/org/elasticsearch/action/admin/cluster/settings/TransportClusterUpdateSettingsAction.java","11","0","0","2","131","188","0"
"hazelcast","564100a8c09ff2eadc706669ac5e656ff52e2866","hazelcast/src/test/java/com/hazelcast/replicatedmap/ReplicatedMapReorderedReplicationTest.java","11","0","0","2","136","173","1"
"oryx","0c6bf96eb475361ed45c4d7e54a970819e33802a","app/oryx-app-mllib/src/test/java/com/cloudera/oryx/app/batch/mllib/rdf/RDFUpdateIT.java","11","0","0","2","150","196","0"
"hazelcast","7001ec8c5b1305c796de75c2e3f170c562db8c03","hazelcast-client/src/test/java/com/hazelcast/client/cache/impl/nearcache/invalidation/InvalidationMemberAddRemoveTest.java","11","0","0","2","171","229","0"
"hazelcast","e22c18104a7b4290cafd88a5733bc877eff3b871","hazelcast-client/src/test/java/com/hazelcast/client/cache/impl/nearcache/invalidation/InvalidationMemberAddRemoveTest.java","11","0","0","2","174","230","1"
"ceylon-ide-eclipse","508c202d9ba08455439d6e8cd49d2651540334f2","plugins/com.redhat.ceylon.eclipse.ui/src/com/redhat/ceylon/eclipse/code/editor/PasteAsCeylonHandler.java","11","0","0","2","228","263","0"
"elasticsearch","6e9940283be2b7295b6184404675c68dc6db6559","qa/backwards-5.0/src/test/java/org/elasticsearch/backwards/IndexingIT.java","11","0","0","2","278","373","0"
"ceylon-ide-eclipse","110d674743accb24351ea2914a144b51f7a7ca25","plugins/com.redhat.ceylon.eclipse.ui/src/com/redhat/ceylon/eclipse/code/navigator/NonEssentialEmptyInnerPackageFilter.java","11","0","0","2","33","39","1"
"BroadleafCommerce","cd37faae7965d45206e2bc8eb7531154fc919cc2","core/broadleaf-profile/src/main/java/org/broadleafcommerce/profile/core/service/IdGenerationServiceImpl.java","11","0","0","2","77","108","1"
"BroadleafCommerce","cc27ca5eb562d4bd0791a8ddff07461cc7725ed1","core/broadleaf-profile/src/main/java/org/broadleafcommerce/profile/core/service/IdGenerationServiceImpl.java","11","0","0","2","77","109","0"
"elasticsearch","25fd9e26c4fb042d6f6dea14efcd239577bdbbc4","core/src/main/java/org/elasticsearch/action/search/TransportSearchAction.java","11","0","0","2","90","127","1"
"ceylon-ide-eclipse","2b3575dd07473b609dad70d557b3af03c75f1e80","plugins/com.redhat.ceylon.eclipse.ui/src/com/redhat/ceylon/eclipse/code/resolve/JavaToCeylonHyperlinkDetector.java","11","0","0","2","94","111","1"
"BroadleafCommerce","338f9f72bb78459e3132d37aa68c91e9f620ccf4","core/broadleaf-framework/src/main/java/org/broadleafcommerce/core/order/service/workflow/add/AddOrderItemActivity.java","11","0","0","2","95","137","2"
"hazelcast","a61de0d0bda692770bea0ed565b28a786220cee3","hazelcast/src/test/java/com/hazelcast/osgi/CheckDependenciesIT.java","11","0","0","2","98","123","0"
"hazelcast","5da39756a924fc9e2ed46c61fcadede40bb5efc7","hazelcast-client/src/test/java/com/hazelcast/client/HazelcastClientQueueTest.java","11","0","0","20","242","285","0"
"neo4j","8d2e8c6469c5e313638a93adaa910dbf3b026200","community/bolt/src/main/java/org/neo4j/bolt/v1/messaging/infrastructure/ValueRelationship.java","11","0","0","21","169","219","1"
"hazelcast","0880710f355f33d03b8d928ec9d22a0ff4f1ca52","hazelcast/src/main/java/com/hazelcast/internal/nearcache/impl/DefaultNearCache.java","11","0","0","21","171","228","2"
"elasticsearch","5ba06b648778375887d7a526f021f2fe56cdf647","core/src/test/java/org/elasticsearch/search/simple/SimpleSearchIT.java","11","0","0","21","349","449","1"
"hazelcast","2aa58c06bf016abfe1c1f129130d23e57ac26f2a","hazelcast-spring/src/test/java/com/hazelcast/spring/TestFullApplicationContext.java","11","0","0","22","396","467","1"
"hazelcast","13672ee49b458bd9544d2304c5808e5190b2accf","hazelcast-spring/src/test/java/com/hazelcast/spring/TestFullApplicationContext.java","11","0","0","22","398","470","0"
"elasticsearch","821021f0e478ca44d828e62c139ea19f0fd7290a","core/src/test/java/org/elasticsearch/transport/ContextAndHeaderTransportIT.java","11","0","0","22","497","605","0"
"elasticsearch","7ab0e2c5321c802068d85c0fa3a0f44e0b02c5a4","core/src/test/java/org/elasticsearch/transport/ContextAndHeaderTransportIT.java","11","0","0","22","498","606","1"
"neo4j","056e8053b1ce92893d58c76f5f510fced0c7284c","community/bolt/src/main/java/org/neo4j/bolt/v1/messaging/infrastructure/ValueUnboundRelationship.java","11","0","0","23","160","216","0"
"hazelcast","39bfa1f120af0614b975225a9440ef21d6c07abd","hazelcast/src/main/java/com/hazelcast/nio/serialization/DefaultPortableWriter.java","11","0","0","23","163","215","1"
"BroadleafCommerce","15e70fe6b89d008dd88b5e98dbfc66a720db68bb","common/src/main/java/org/broadleafcommerce/common/sandbox/domain/SandBoxImpl.java","11","0","0","23","208","276","1"
"elasticsearch","7fda12316a31f777e01453a43456f6005f94ad4e","src/test/java/org/elasticsearch/test/integration/search/suggest/CompletionSuggestSearchTests.java","11","0","0","24","538","683","0"
"hazelcast","237ded5a5370be91f04df1fc1208e3a4d8727ba1","hazelcast/src/test/java/com/hazelcast/nio/serialization/CustomSerializationTest.java","11","0","0","27","144","202","0"
"hazelcast","5a2ae889e8df4217d681ece82e26381a361cd616","hazelcast-client-new/src/main/java/com/hazelcast/client/connection/nio/ClientConnection.java","11","0","0","29","198","261","0"
"hazelcast","70141681c3ecee84bbc3e81986f4e329c220c12d","hazelcast-client-new/src/main/java/com/hazelcast/client/connection/nio/ClientConnection.java","11","0","0","29","198","261","0"
"hazelcast","cdb7ab6e1a3d33232d064be80c311b3409e93269","hazelcast-client-new/src/main/java/com/hazelcast/client/connection/nio/ClientConnection.java","11","0","0","29","198","261","1"
"elasticsearch","3fd7d95f5230b2ebc0e2b536e9a8aff885243462","core/src/test/java/org/elasticsearch/snapshots/SnapshotRequestsTests.java","11","0","0","3","112","155","0"
"hazelcast","cb8160735d5c6fe75b44747d20c57a71f94171a7","hazelcast/src/main/java/com/hazelcast/client/impl/protocol/task/map/AbstractMapQueryMessageTask.java","11","0","0","3","114","151","0"
"hazelcast","bb3ea0e107980d769862cdbda748cc91529d67b5","hazelcast/src/main/java/com/hazelcast/client/impl/protocol/task/map/AbstractMapQueryMessageTask.java","11","0","0","3","114","152","1"
"hazelcast","7001ec8c5b1305c796de75c2e3f170c562db8c03","hazelcast/src/test/java/com/hazelcast/map/impl/nearcache/NearCacheStalenessTest.java","11","0","0","3","114","169","0"
"elasticsearch","6a18d053930c8560204aca51e5d8b36a8ed3f44e","src/main/java/org/elasticsearch/rest/action/cat/RestShardsAction.java","11","0","0","3","116","152","0"
"elasticsearch","81e83cca7470ffbe84faafc03d74c7117c4e6d05","src/main/java/org/elasticsearch/rest/action/cat/RestAllocationAction.java","11","0","0","3","119","163","0"
"elasticsearch","2b3760f78b26817b5a2030aa27b1ddf2f17462f6","core/src/main/java/org/elasticsearch/rest/action/cat/RestTasksAction.java","11","0","0","3","120","162","1"
"elasticsearch","046abdc281c321cd2128ee7684c0edfcaca07203","core/src/main/java/org/elasticsearch/rest/action/cat/RestTasksAction.java","11","0","0","3","121","163","2"
"elasticsearch","227463c35667b0bddaf3dd863d9825cf92653e05","core/src/main/java/org/elasticsearch/rest/action/cat/RestTasksAction.java","11","0","0","3","121","163","1"
"elasticsearch","22e63b478306fb3cab6ba8967db6e1f2b73cdfd8","core/src/main/java/org/elasticsearch/rest/action/cat/RestTasksAction.java","11","0","0","3","121","163","1"
"elasticsearch","22e63b478306fb3cab6ba8967db6e1f2b73cdfd8","core/src/main/java/org/elasticsearch/rest/action/cat/RestTasksAction.java","11","0","0","3","121","163","1"
"elasticsearch","e74d02138f02a66331b2611b5e70a908bb49cb97","core/src/main/java/org/elasticsearch/rest/action/cat/RestTasksAction.java","11","0","0","3","121","163","0"
"neo4j","b2b690dbfb4950a6f7b3e0bb41a90419859d89a8","community/server/src/main/java/org/neo4j/server/rest/transactional/Neo4jJsonCodec.java","11","0","0","3","122","153","0"
"elasticsearch","51d53791fe71c9cb62bc992588a57cdfb500383f","core/src/main/java/org/elasticsearch/rest/action/cat/RestTasksAction.java","11","0","0","3","129","179","0"
"hazelcast","3d3b0732131691b2f1a256a041cf8eb3055a2f04","hazelcast-client/src/test/java/com/hazelcast/client/map/impl/nearcache/invalidation/InvalidationMemberAddRemoveTest.java","11","0","0","3","134","187","1"
"oryx","08aa247a098e6225c8499b18f9ffb667856cd7c3","app/oryx-app-serving/src/test/java/com/cloudera/oryx/app/serving/als/AbstractALSServingTest.java","11","0","0","3","137","172","0"
"hazelcast","1bdcce6ff27e11c5d3d12f1e91cd24012201b002","hazelcast-client/src/test/java/com/hazelcast/client/map/impl/nearcache/invalidation/InvalidationMemberAddRemoveTest.java","11","0","0","3","137","187","0"
"neo4j","7cc8aef4d3f24dcc9eaebc6f538c91cf32c97b95","community/kernel/src/main/java/org/neo4j/kernel/impl/api/TokenAccess.java","11","0","0","3","150","192","0"
"neo4j","5c26c58d587f288698e318beb69b848d0ab2b42a","community/kernel/src/main/java/org/neo4j/kernel/impl/api/TokenAccess.java","11","0","0","3","159","201","0"
"elasticsearch","0e9594e02dae2859b0b247f8d3c1242acbf0e63d","src/test/java/org/elasticsearch/rest/RestFilterChainTests.java","11","0","0","3","205","271","0"
"elasticsearch","fcf4d5a38de733eade12c4af4388aa946bbe5235","src/test/java/org/elasticsearch/client/transport/InternalTransportClientTests.java","11","0","0","3","265","341","0"
"elasticsearch","8dca4b7e079d5099b660d195ead020d325dc4e36","src/main/java/org/elasticsearch/search/aggregations/metrics/cardinality/CardinalityParser.java","11","0","0","3","50","85","0"
"elasticsearch","2b97f5d9ebf1b07fcf61be5cdb1c4bc1250c537d","core/src/main/java/org/elasticsearch/search/aggregations/metrics/cardinality/CardinalityParser.java","11","0","0","3","51","86","2"
"elasticsearch","0a69f1e283e26e5d9e6a000b68b9f4778de557a1","core/src/test/java/org/elasticsearch/codecs/CodecTests.java","11","0","0","3","65","96","2"
"hazelcast","50162bfb30b08bee4660b6696804fff3a4a4d444","hazelcast/src/main/java/com/hazelcast/durableexecutor/impl/DurableExecutorDataSerializerHook.java","11","0","0","3","66","90","0"
"netty","ba6ce5449ee852b782dde9a11933f6a09b123e22","codec-http2/src/test/java/io/netty/handler/codec/http2/DefaultHttp2HeadersTest.java","11","0","0","3","67","99","0"
"elasticsearch","5a64f08f048461a63a0ca1354a5050c954e63d52","core/src/test/java/org/elasticsearch/codecs/CodecTests.java","11","0","0","3","72","104","0"
"mcMMO","b7bb3f4487cb449ce4fd73530e1060d520da39f2","src/main/java/com/gmail/nossr50/commands/mc/McrankCommand.java","11","0","0","3","72","92","0"
"elasticsearch","fc90c2affdcf7d8303444bf06ad6c70a9a761c00","core/src/test/java/org/elasticsearch/cluster/routing/ShardRoutingTests.java","11","0","0","3","80","119","2"
"mcMMO","6964f7adfcc76a91b4cbf091261c447df3fa6bc6","src/main/java/com/gmail/nossr50/config/mods/CustomToolsConfig.java","11","0","0","3","84","106","0"
"elasticsearch","1e251bba2d97046870c4ede43d014f8b4cbfc49f","core/src/test/java/org/elasticsearch/common/lucene/ShardCoreKeyMapTests.java","11","0","0","3","96","138","1"
"hazelcast","266c960676148cebbcff3686bb31923253a1380f","hazelcast/src/test/java/com/hazelcast/nio/serialization/CustomSerializationTest.java","11","0","0","30","176","236","1"
"hazelcast","5db7aa06e1d767b3fb3d2b9867fb59312294d34c","hazelcast/src/main/java/com/hazelcast/nio/serialization/DefaultSerializers.java","11","0","0","31","196","261","2"
"hazelcast","ea6df5b26c649fe055f90ebd8edfb6395649a658","hazelcast/src/test/java/com/hazelcast/nio/serialization/CustomSerializationTest.java","11","0","0","31","201","268","1"
"hazelcast","565257f977407eb3a0199d082860209c2958f5f9","hazelcast/src/main/java/com/hazelcast/nio/serialization/impl/DefaultSerializers.java","11","0","0","31","220","283","1"
"neo4j","056e8053b1ce92893d58c76f5f510fced0c7284c","community/bolt/src/main/java/org/neo4j/bolt/v1/messaging/infrastructure/ValueNode.java","11","0","0","36","260","332","0"
"elasticsearch","2620200ff7d945c5bc17d2b854b4a6a92fd2120e","core/src/test/java/org/elasticsearch/action/support/ContextPreservingActionListenerTests.java","11","0","0","4","103","142","0"
"elasticsearch","6855e360a05ff362c3866b9c2235333740d52cd3","core/src/test/java/org/elasticsearch/cluster/ack/AckClusterUpdateSettingsIT.java","11","0","0","4","107","155","1"
"elasticsearch","a0d1f8889d732cb62e83ce198a739a21c00c3fac","core/src/test/java/org/elasticsearch/cluster/ack/AckClusterUpdateSettingsIT.java","11","0","0","4","109","157","0"
"elasticsearch","9080f51340b1b26f8bd171b4c82de8d87ad42b55","core/src/test/java/org/elasticsearch/index/query/MatchPhrasePrefixQueryBuilderTests.java","11","0","0","4","116","154","1"
"neo4j","71afa4af49178e4945787667e8b99bb10e9f761a","community/kernel/src/main/java/org/neo4j/kernel/impl/transaction/state/PropertyDeleter.java","11","0","0","4","116","155","1"
"netty","ddb6e3672cce60432f386e7f8e9022bf62a9c84e","common/src/test/java/io/netty/util/concurrent/DefaultPromiseTest.java","11","0","0","4","117","152","1"
"hazelcast","d070f1256c8c7fa823e6463487462826384ee1df","hazelcast-client/src/test/java/com/hazelcast/client/map/impl/nearcache/ClientMapNearCacheStalenessTest.java","11","0","0","4","117","171","0"
"elasticsearch","d84c643f5880a88d2e5c38b487123161f3e01fe0","core/src/test/java/org/elasticsearch/index/query/MatchPhrasePrefixQueryBuilderTests.java","11","0","0","4","118","156","0"
"hazelcast","7001ec8c5b1305c796de75c2e3f170c562db8c03","hazelcast-client/src/test/java/com/hazelcast/client/map/impl/nearcache/ClientMapNearCacheStalenessTest.java","11","0","0","4","118","172","0"
"elasticsearch","1ebc95ee28a3eb020c06675a28036a780001db37","src/main/java/org/elasticsearch/index/merge/policy/TieredMergePolicyProvider.java","11","0","0","4","125","167","1"
"elasticsearch","bb96dcd3e6047c3b9eba40be65bcbee9bb6390e0","core/src/test/java/org/elasticsearch/index/query/HasParentQueryBuilderTests.java","11","0","0","4","151","195","2"
"hazelcast","237ded5a5370be91f04df1fc1208e3a4d8727ba1","hazelcast/src/main/java/com/hazelcast/internal/serialization/impl/SerializationServiceV1.java","11","0","0","4","157","194","0"
"elasticsearch","c74f1de3a6f1a05d027f09e8d300f5e945d3798d","src/test/java/org/elasticsearch/cluster/MinimumMasterNodesTests.java","11","0","0","4","224","305","1"
"elasticsearch","694bf287d682d1bd7dcafe7289e4a5f2bb5830da","src/test/java/org/elasticsearch/cluster/MinimumMasterNodesTests.java","11","0","0","4","227","308","1"
"mcMMO","299f440f637b05e243d2e72810475d8f9d488a65","src/main/java/com/gmail/nossr50/skills/Taming.java","11","0","0","4","54","77","0"
"mcMMO","9bd4a0a70762b8a2c01198511b1b8ccf2a36bbd8","src/main/java/com/gmail/nossr50/skills/Taming.java","11","0","0","4","55","78","1"
"elasticsearch","8aff3b6273c7e2553d651e6901ebaf5ae07d7de4","src/main/java/org/elasticsearch/index/query/functionscore/random/RandomScoreFunctionParser.java","11","0","0","4","64","97","0"
"hazelcast","13a70a6ee3b348f6bcc1b09180c65390cde05c16","hazelcast/src/main/java/com/hazelcast/impl/wan/WanReplicationService.java","11","0","0","4","69","92","0"
"hazelcast","3acacfa86a75ecd719c98dc34f44e7d544ba4305","hazelcast-client/src/main/java/com/hazelcast/client/connection/nio/ClientReadHandler.java","11","0","0","4","75","107","2"
"mcMMO","6964f7adfcc76a91b4cbf091261c447df3fa6bc6","src/main/java/com/gmail/nossr50/config/mods/CustomArmorConfig.java","11","0","0","4","77","99","0"
"hazelcast","6f750e941eb21ff33c45285b170151dd408b409d","hazelcast/src/main/java/com/hazelcast/ascii/rest/HttpPostCommandProcessor.java","11","0","0","4","91","121","0"
"hazelcast","70d4de16ff0ac4518d09aad8c9f2ad9e782fb337","hazelcast/src/main/java/com/hazelcast/instance/HazelcastInstanceImpl.java","11","0","0","44","320","407","1"
"hazelcast","eca7cec5e3af5e7098dc27a62dea257e072f417d","hazelcast/src/main/java/com/hazelcast/instance/HazelcastInstanceImpl.java","11","0","0","45","326","415","0"
"hazelcast","48d489db55bbda962dc43aede089d7ad5769b5c3","hazelcast/src/main/java/com/hazelcast/instance/HazelcastInstanceImpl.java","11","0","0","46","333","423","1"
"elasticsearch","620536f85038d68522103d9cd91e4f3377773feb","core/src/test/java/org/elasticsearch/index/shard/PrimaryReplicaSyncerTests.java","11","0","0","5","102","142","1"
"elasticsearch","25fd9e26c4fb042d6f6dea14efcd239577bdbbc4","client/benchmark/src/main/java/org/elasticsearch/client/benchmark/ops/bulk/BulkBenchmarkTask.java","11","0","0","5","137","181","0"
"hazelcast","15b09b7de72d7e83ce7b5bb12cd5f24119f37caf","hazelcast/src/main/java/com/hazelcast/internal/networking/nio/AbstractHandler.java","11","0","0","5","139","193","0"
"hazelcast","8b43849d1a850caa596ad0b0251ad166e6706e91","hazelcast/src/main/java/com/hazelcast/internal/networking/nio/AbstractHandler.java","11","0","0","5","139","193","0"
"hazelcast","bd87d7282d11a17e22da684a6fd34f084cbba3d2","hazelcast/src/main/java/com/hazelcast/internal/networking/nio/AbstractHandler.java","11","0","0","5","139","193","1"
"hazelcast","e4601b21245c41ac78d469f2aa8afc10a291448f","hazelcast/src/main/java/com/hazelcast/internal/networking/nio/AbstractHandler.java","11","0","0","5","140","194","0"
"hazelcast","26c1a07e88a98d6cbf2d7fcd7bc63107d18b18ba","hazelcast/src/test/java/com/hazelcast/util/scheduler/SecondsBasedEntryTaskSchedulerStressTest.java","11","0","0","5","143","192","0"
"hazelcast","3064950725e74bd193141997ce29fef4ec53e7bb","hazelcast/src/test/java/com/hazelcast/util/scheduler/SecondsBasedEntryTaskSchedulerStressTest.java","11","0","0","5","144","193","1"
"hazelcast","ea6df5b26c649fe055f90ebd8edfb6395649a658","hazelcast/src/main/java/com/hazelcast/internal/serialization/impl/SerializationServiceV1.java","11","0","0","5","155","191","1"
"hazelcast","4a7940a4f5a775a9cca1a283ae88d7fdf0cfc125","hazelcast-hibernate/hazelcast-hibernate3/src/test/java/com/hazelcast/hibernate/HibernateStatisticsTestSupport.java","11","0","0","5","157","196","0"
"elasticsearch","a3abfab865788a3828424f78801d19ebd5a78b81","core/src/test/java/org/elasticsearch/index/query/HasParentQueryBuilderTests.java","11","0","0","5","162","208","1"
"elasticsearch","00a8b8799f6b7de803bc8afeaf7de392f3d0d28c","core/src/test/java/org/elasticsearch/monitor/os/OsProbeTests.java","11","0","0","5","166","221","0"
"elasticsearch","788c64848b03bb133ee4f5da9f4790678d95f66e","core/src/test/java/org/elasticsearch/monitor/os/OsProbeTests.java","11","0","0","5","167","222","0"
"hazelcast","9d8dcc2a1755aec6419b50698c80c1d109c89523","hazelcast/src/test/java/com/hazelcast/replicatedmap/ReplicatedMapWriteOrderTest.java","11","0","0","5","169","222","1"
"mct","fc17af8aec0dfc5373de8f43ab793377ed63f060","fastPlotViews/src/main/java/gov/nasa/arc/mct/fastplot/bridge/MarqueeZoomListener.java","11","0","0","5","176","232","0"
"hazelcast","47a44ef83f429382b9b9033f81a8c7297e51ab03","hazelcast/src/test/java/com/hazelcast/internal/eviction/EvictionPolicyEvaluatorTest.java","11","0","0","5","178","239","0"
"hazelcast","d568e4d926d925d57d4e79e34614390416749301","hazelcast/src/test/java/com/hazelcast/internal/eviction/EvictionPolicyEvaluatorTest.java","11","0","0","5","180","229","0"
"hazelcast","b3a45d9908bab4174b09d59385a02ff3ed7eada1","hazelcast/src/test/java/com/hazelcast/internal/eviction/EvictionPolicyEvaluatorTest.java","11","0","0","5","190","256","1"
"elasticsearch","2e2d8c1442bc47151fca711f910f0f88a15b9f84","core/src/test/java/org/elasticsearch/index/SearchSlowLogTests.java","11","0","0","5","200","254","2"
"hazelcast","b4f94a00cf1628aa0437ded2c556bae9608f74c6","hazelcast-client/src/main/java/com/hazelcast/client/proxy/ClientMapReduceProxy.java","11","0","0","5","203","268","0"
"hazelcast","13ee2009ce877b5f5755244f773c9b4aa6925c1d","hazelcast-client/src/main/java/com/hazelcast/client/proxy/ClientMapReduceProxy.java","11","0","0","5","204","267","2"
"hazelcast","99f2dd5d8710f0276d0b105ba5c0f19674b6ccdf","hazelcast-client/src/main/java/com/hazelcast/client/proxy/ClientMapReduceProxy.java","11","0","0","5","204","267","1"
"hazelcast","102cc4ef8d2e7bf4eca5451494ef6bf09deb6e43","hazelcast-client/src/main/java/com/hazelcast/client/proxy/ClientMapReduceProxy.java","11","0","0","5","204","267","0"
"ceylon-ide-eclipse","5b4c3eac8a7c12c0125a77343e602b4e73083595","plugins/com.redhat.ceylon.eclipse.ui/src/com/redhat/ceylon/eclipse/code/refactor/AliasLinkedMode.java","11","0","0","5","210","307","0"
"ceylon-ide-eclipse","765624413a8fc99091a14d8ff74f1ff5e3184e7b","plugins/com.redhat.ceylon.eclipse.ui/src/com/redhat/ceylon/eclipse/code/refactor/AliasLinkedMode.java","11","0","0","5","210","307","0"
"ceylon-ide-eclipse","65c4e729050764a2a48fa921d809ad9324757eb0","plugins/com.redhat.ceylon.eclipse.ui/src/com/redhat/ceylon/eclipse/code/refactor/AliasLinkedMode.java","11","0","0","5","210","307","1"
"elasticsearch","57c0d29114b60f74e43ceb0914c26d490b61a265","src/main/java/org/elasticsearch/search/suggest/completion/CompletionSuggester.java","11","0","0","5","80","114","0"
"hazelcast","ea6df5b26c649fe055f90ebd8edfb6395649a658","hazelcast/src/main/java/com/hazelcast/internal/serialization/impl/SerializationUtil.java","11","0","0","5","89","124","1"
"orientdb","0bbd5e4b1f63c2e40d8429bc4e795e7f56ff8e14","server/src/main/java/com/orientechnologies/orient/server/network/protocol/http/command/get/OServerCommandGetConnections.java","11","0","0","5","91","136","0"
"orientdb","42187c979c0e6eb1d6562845b24fd92913d7d3f1","server/src/main/java/com/orientechnologies/orient/server/network/protocol/http/command/get/OServerCommandGetConnections.java","11","0","0","5","92","137","1"
"elasticsearch","0556c93920af457c0dfb41dc2f52013ebc3e136e","core/src/main/java/org/elasticsearch/discovery/zen/ping/ZenPingService.java","11","0","0","6","100","138","1"
"elasticsearch","164efaecbe42195f08ada58b5fde927ab21fc6e7","core/src/main/java/org/elasticsearch/discovery/zen/ping/ZenPingService.java","11","0","0","6","101","139","0"
"hazelcast","e4615337660cfa284b02427ac949c70b9b6ddc2d","hazelcast/src/test/java/com/hazelcast/internal/ascii/RestTest.java","11","0","0","6","113","159","0"
"hazelcast","b13177055f1d59e2658dad940a812bc04a7bf5f6","hazelcast/src/main/java/com/hazelcast/internal/cluster/impl/operations/FinalizeJoinOperation.java","11","0","0","6","145","194","2"
"hazelcast","b949940524e885bddfdd6391e0330ab00b56f34a","hazelcast-client/src/test/java/com/hazelcast/client/map/impl/nearcache/ClientNearCacheBatchInvalidationTest.java","11","0","0","6","145","223","3"
"hazelcast","27d49efcee88ee428254cf38353e8698ea127c45","hazelcast-client/src/test/java/com/hazelcast/client/map/impl/nearcache/ClientNearCacheBatchInvalidationTest.java","11","0","0","6","146","228","1"
"hazelcast","324c12ca123c52820e6a271c2095649a57a9844f","hazelcast-client/src/test/java/com/hazelcast/client/map/impl/nearcache/ClientNearCacheBatchInvalidationTest.java","11","0","0","6","146","228","2"
"hazelcast","2921cff694583b8638dae2991f427e61d5440a9d","hazelcast-client/src/test/java/com/hazelcast/client/map/impl/nearcache/ClientNearCacheBatchInvalidationTest.java","11","0","0","6","146","228","0"
"hazelcast","1f042b8c4a4245594691bb6d85a66ceed9b43068","hazelcast-client/src/test/java/com/hazelcast/client/map/impl/nearcache/ClientNearCacheBatchInvalidationTest.java","11","0","0","6","146","229","1"
"hazelcast","47272dcf84997e899c65c6de1b3164f849b6ece3","hazelcast-client-legacy/src/test/java/com/hazelcast/client/map/impl/nearcache/ClientNearCacheBatchInvalidationTest.java","11","0","0","6","146","229","1"
"hazelcast","145990d6d9ab612af67b4e603815ca23ad518d03","hazelcast-client-legacy/src/test/java/com/hazelcast/client/map/impl/nearcache/ClientNearCacheBatchInvalidationTest.java","11","0","0","6","146","229","0"
"hazelcast","93fd800d6c6f6781ef95536bba7e2b200fe9678d","hazelcast-client/src/test/java/com/hazelcast/client/map/impl/nearcache/ClientNearCacheBatchInvalidationTest.java","11","0","0","6","149","227","2"
"hazelcast","2b6310e77a4a024db564da0078de3a7f1fdadb62","hazelcast-client/src/test/java/com/hazelcast/client/map/impl/nearcache/ClientNearCacheBatchInvalidationTest.java","11","0","0","6","150","232","0"
"netty","e55a1f11b54333697d0bf72047695bcb914c2333","transport/src/main/java/io/netty/channel/socket/aio/AioServerSocketChannel.java","11","0","0","6","152","204","0"
"elasticsearch","3aed047bdedde1bda189cbfc2f81e65af42e57c5","core/src/test/java/org/elasticsearch/index/SearchSlowLogTests.java","11","0","0","6","285","357","1"
"elasticsearch","6174e21f47244b6d5153d7d0cc1fe28fe863399d","core/src/test/java/org/elasticsearch/index/SearchSlowLogTests.java","11","0","0","6","286","358","2"
"elasticsearch","1f0673c9bd7e26ddf5ce55c6a184db2dbf4c778a","core/src/test/java/org/elasticsearch/index/SearchSlowLogTests.java","11","0","0","6","286","359","2"
"elasticsearch","3dc21e780b397304a2ce7bf587cbfddf1c736c08","core/src/test/java/org/elasticsearch/index/SearchSlowLogTests.java","11","0","0","6","293","367","1"
"elasticsearch","dfd241e0a66192ca4e7599ca49c26d2d165af7b8","core/src/test/java/org/elasticsearch/cluster/MinimumMasterNodesIT.java","11","0","0","6","297","419","0"
"elasticsearch","f27aba34bf6b0a76011aa629d943be4f8c216f64","core/src/test/java/org/elasticsearch/cluster/MinimumMasterNodesIT.java","11","0","0","6","298","420","0"
"elasticsearch","eaffa975e540a939b69c99b8db7b9d4a9f45522d","core/src/test/java/org/elasticsearch/test/rest/client/RestPath.java","11","0","0","6","69","97","0"
"elasticsearch","459d59a04ad4eb1671bac50a6faf3a7ad372d0e4","src/main/java/org/elasticsearch/search/suggest/completion/CompletionSuggester.java","11","0","0","6","82","116","1"
"hazelcast","9d92e89e761fe6d4368df47311cf7902578295a3","hazelcast/src/main/java/com/hazelcast/spi/impl/proxyservice/impl/operations/PostJoinProxyOperation.java","11","0","0","6","91","124","0"
"hazelcast","9d8dcc2a1755aec6419b50698c80c1d109c89523","hazelcast/src/main/java/com/hazelcast/spi/impl/proxyservice/impl/operations/PostJoinProxyOperation.java","11","0","0","6","91","131","1"
"hazelcast","ace44fd3b67cf101b2a239454dd38fc2c033feb8","hazelcast/src/test/java/com/hazelcast/test/TestHazelcastInstanceFactory.java","11","0","0","6","99","130","0"
"hazelcast","dbb18e25a663c5e6adb487988baadf849f66f29e","hazelcast/src/test/java/com/hazelcast/test/TestHazelcastInstanceFactory.java","11","0","0","7","102","134","0"
"hazelcast","94180514cba377dc7744ab08ddccf4a208cc94c2","hazelcast/src/main/java/com/hazelcast/internal/cluster/impl/operations/MemberInfoUpdateOperation.java","11","0","0","7","106","149","0"
"netty","84410f97af5223876071c4601b80fa76ebc8a57b","handler-proxy/src/main/java/io/netty/handler/proxy/HttpProxyHandler.java","11","0","0","7","117","159","1"
"elasticsearch","e2977889b80fcaa02f5c7d5814117e796f2580e2","test/framework/src/main/java/org/elasticsearch/node/NodeTests.java","11","0","0","7","139","179","0"
"ceylon-ide-eclipse","5b4c3eac8a7c12c0125a77343e602b4e73083595","plugins/com.redhat.ceylon.eclipse.ui/src/com/redhat/ceylon/eclipse/code/refactor/ExtractLinkedMode.java","11","0","0","7","154","179","0"
"hazelcast","dfb39dfaeaafc913d827d42aff17a56fe3f9c535","hazelcast/src/test/java/com/hazelcast/map/EntryProcessorTest.java","11","0","0","7","173","215","0"
"neo4j","1e1563ada59796ef0f10a482876d3ca432f36f23","community/kernel/src/main/java/org/neo4j/kernel/impl/util/StoreUtil.java","11","0","0","7","73","107","0"
"orientdb","4599eb81e76d5f219c74e02da5d947a5af739b20","lucene/src/main/java/com/orientechnologies/lucene/index/OLuceneFullTextIndex.java","11","0","0","7","74","109","0"
"elasticsearch","72a2416a8c6abbef318bc243a230774ff2578e71","src/main/java/org/elasticsearch/search/highlight/CustomQueryScorer.java","11","0","0","7","90","126","0"
"BroadleafCommerce","cc27ca5eb562d4bd0791a8ddff07461cc7725ed1","core/broadleaf-profile/src/main/java/org/broadleafcommerce/profile/core/dao/IdGenerationDaoImpl.java","11","0","0","7","94","127","0"
"hazelcast","0880710f355f33d03b8d928ec9d22a0ff4f1ca52","hazelcast/src/main/java/com/hazelcast/internal/nearcache/impl/store/BaseHeapNearCacheRecordStore.java","11","0","0","8","104","139","2"
"hazelcast","a9d0ba2e1a38c66174a7d36bd939fd191eea044e","hazelcast/src/main/java/com/hazelcast/map/impl/operation/PartitionWideEntryWithPredicateOperationFactory.java","11","0","0","8","115","159","0"
"neo4j","a93c570faa774c1a40b635b6a3e6d8ccb61a99e8","community/lucene-index/src/main/java/org/neo4j/kernel/api/impl/index/LuceneSchemaIndexProvider.java","11","0","0","8","132","164","1"
"neo4j","e6f84e88fecffdd2dd28e4ee978d77df94914908","community/lucene-index/src/main/java/org/neo4j/kernel/api/impl/schema/LuceneSchemaIndexProvider.java","11","0","0","8","147","185","1"
"hazelcast","d9d20943b88faf6aa25ddbdc19feab4571611431","hazelcast/src/main/java/com/hazelcast/client/impl/protocol/task/mapreduce/AbstractMapReduceTask.java","11","0","0","8","154","206","1"
"neo4j","41924e12725ad28b0b894d433c7d5990f5b9f26f","community/dbms/src/main/java/org/neo4j/commandline/dbms/DumpCommand.java","11","0","0","8","155","195","1"
"neo4j","56a78bda41deece417a3107c86a15af02c417a17","community/dbms/src/main/java/org/neo4j/commandline/dbms/DumpCommand.java","11","0","0","8","160","201","0"
"hazelcast","9e1dd7c0cedabec58c432e522e3cdd7cbb5b2a1c","hazelcast/src/test/java/com/hazelcast/map/LocalMapStatsTest.java","11","0","0","8","197","248","1"
"ceylon-ide-eclipse","19b756b43a799a57055176f2cb568f5f136c2c3e","plugins/com.redhat.ceylon.eclipse.ui/src/com/redhat/ceylon/eclipse/core/debug/BreakpointMethodFilter.java","11","0","0","8","79","93","0"
"elasticsearch","82df50a039551cf6c469f06c3db0f1d6896eadb3","src/main/java/org/elasticsearch/search/aggregations/metrics/cardinality/InternalCardinality.java","11","0","0","8","99","138","0"
"MapDB","603a43707eb87f825c9d3ba5e13444a014783b85","src/test/java/org/mapdb/StoreDirectFreeSpaceTest.java","11","0","0","9","102","134","0"
"MapDB","b84df1ab7522f9d0e6161dee0cb0261cf8e07297","src/test/java/org/mapdb/StoreDirectFreeSpaceTest.java","11","0","0","9","102","134","0"
"MapDB","d9b73c45511ef0b8c33beb61fc4aee5d635a6d32","src/test/java/org/mapdb/StoreDirectFreeSpaceTest.java","11","0","0","9","102","134","2"
"orientdb","8411a0868c5feba85488f8de5d6818b3368a8adb","tests/src/test/java/com/orientechnologies/orient/test/database/auto/SQLSelectGroupByTest.java","11","0","0","9","114","157","0"
"BroadleafCommerce","c325d29f552d0eaaf7b93bec4d3067382811d8e0","core/broadleaf-framework/src/main/java/org/broadleafcommerce/core/payment/dao/SecureOrderPaymentDaoImpl.java","11","0","0","9","79","112","0"
"BroadleafCommerce","a9f9c4918a43b4d237fba7a2f4bdea3982b4a1e4","core/broadleaf-framework/src/main/java/org/broadleafcommerce/core/payment/dao/SecureOrderPaymentDaoImpl.java","11","0","0","9","79","114","0"
"netty","2c1f17faa268b9a1b8ef8f1ddaf832d1397719a3","transport/src/main/java/io/netty/channel/oio/AbstractOioChannel.java","11","0","1","0","100","154","1"
"netty","5e148d56705d0770e124216fde2790f5e220ca5e","transport/src/main/java/io/netty/channel/oio/AbstractOioChannel.java","11","0","1","0","101","159","0"
"elasticsearch","78574d248cf10dad1c5a566fda79e1e0c94afe43","core/src/main/java/org/elasticsearch/action/support/master/TransportMasterNodeAction.java","11","0","1","0","168","220","1"
"elasticsearch","e6aaaf11ed4a1b8f595f920de1840938eddb7a97","core/src/main/java/org/elasticsearch/action/support/master/TransportMasterNodeAction.java","11","0","1","0","168","220","1"
"elasticsearch","a60b8948ba1d836a6eac7cff095519e618939ed8","core/src/main/java/org/elasticsearch/action/support/master/TransportMasterNodeAction.java","11","0","1","0","168","220","0"
"elasticsearch","25fd9e26c4fb042d6f6dea14efcd239577bdbbc4","core/src/main/java/org/elasticsearch/action/support/master/TransportMasterNodeAction.java","11","0","1","0","169","221","0"
"elasticsearch","a6510f924520d8cdda2636ac85a1a1e43f6dfb8c","src/main/java/org/elasticsearch/action/support/master/TransportMasterNodeOperationAction.java","11","0","1","0","204","267","0"
"elasticsearch","2f8def11b5109eb80b47422a200bf7b7e07c8467","test/framework/src/main/java/org/elasticsearch/search/aggregations/AggregatorTestCase.java","11","0","1","0","245","336","2"
"elasticsearch","82fa531ab4c1fb087d357ff15288c070d7393378","test/framework/src/main/java/org/elasticsearch/search/aggregations/AggregatorTestCase.java","11","0","1","0","252","343","0"
"elasticsearch","634ce90dc06f20888a4ff655985a6baccf25a7db","test/framework/src/main/java/org/elasticsearch/search/aggregations/AggregatorTestCase.java","11","0","1","0","253","344","1"
"neo4j","2b261bd9bb532f283b2caed9b2d9eb4992e677b4","community/kernel/src/main/java/org/neo4j/graphdb/factory/GraphDatabaseSettings.java","11","0","1","0","293","419","1"
"neo4j","018bda69d1f34ef407a5ac1491ccf9a1f1644d40","community/kernel/src/main/java/org/neo4j/graphdb/factory/GraphDatabaseSettings.java","11","0","1","0","304","432","0"
"BroadleafCommerce","51f21fa1b48ae204a36a3a4211928b027b056403","core/broadleaf-profile-web/src/main/java/org/broadleafcommerce/profile/web/email/EmailOpenTrackingServlet.java","11","0","1","0","73","116","1"
"netty","0b7bf49c165e682644a53279f75a44ba084201cd","handler/src/main/java/io/netty/handler/ssl/util/SimpleTrustManagerFactory.java","11","0","1","0","84","152","0"
"elasticsearch","4c913693a90088aefa1b8184159b41fb747ac3f5","modules/elasticsearch/src/main/java/org/elasticsearch/action/admin/indices/cache/clear/TransportClearIndicesCacheAction.java","11","0","1","1","101","148","0"
"hazelcast","5c78e8bdbc3a2cdce98975d07b649b5f872c3f67","hazelcast/src/main/java/com/hazelcast/cache/impl/CacheRecordStore.java","11","0","1","1","103","162","2"
"elasticsearch","8dedbd01df14c76fc8f1ac9060facc053fa2be9b","src/main/java/org/elasticsearch/action/admin/indices/mapping/get/TransportGetFieldMappingsAction.java","11","0","1","1","105","143","0"
"hazelcast","6d2c9b2a2c47a26e77e629752628e475844da407","hazelcast/src/main/java/com/hazelcast/cache/impl/CacheRecordStore.java","11","0","1","1","110","171","2"
"elasticsearch","f4d5a00b2de87b53fb47d41c0e6be2a9074d436b","src/main/java/org/elasticsearch/action/admin/indices/delete/TransportDeleteIndexAction.java","11","0","1","1","112","156","0"
"elasticsearch","83366e7017ce31f7727b9a3e7878ef02cdc3a980","core/src/main/java/org/elasticsearch/common/logging/log4j/LogConfigurator.java","11","0","1","1","114","158","0"
"elasticsearch","07fe08f004269e37ca63da8c03dfb2de7b4a11e0","core/src/main/java/org/elasticsearch/common/logging/log4j/LogConfigurator.java","11","0","1","1","115","160","1"
"neo4j","f5c2dcd970a7b9768637b59ff68971c584e5615c","community/bolt/src/main/java/org/neo4j/bolt/v1/packstream/utf8/SunMiscUTF8Encoder.java","11","0","1","1","115","194","0"
"elasticsearch","25fd9e26c4fb042d6f6dea14efcd239577bdbbc4","core/src/main/java/org/elasticsearch/action/admin/cluster/settings/TransportClusterUpdateSettingsAction.java","11","0","1","1","121","180","0"
"elasticsearch","8dedbd01df14c76fc8f1ac9060facc053fa2be9b","src/main/java/org/elasticsearch/action/support/replication/TransportIndicesReplicationOperationAction.java","11","0","1","1","123","176","0"
"elasticsearch","aadbfa44b4b9ed2a544ca6766d387f66e9272f9a","src/main/java/org/elasticsearch/action/search/type/TransportSearchQueryThenFetchAction.java","11","0","1","1","132","173","0"
"netty","dd055c01c78c3a6ce5b9195890486a6e1ab072d2","handler/src/main/java/io/netty/handler/ssl/ReferenceCountedOpenSslServerContext.java","11","0","1","1","138","196","1"
"elasticsearch","25fd9e26c4fb042d6f6dea14efcd239577bdbbc4","core/src/main/java/org/elasticsearch/action/admin/cluster/node/tasks/get/TransportGetTaskAction.java","11","0","1","1","168","247","0"
"elasticsearch","56cc87b7ccd41040d8fafcaf2da3680d96d10839","core/src/main/java/org/elasticsearch/action/admin/cluster/node/tasks/get/TransportGetTaskAction.java","11","0","1","1","168","247","0"
"elasticsearch","d3417fb02291f26964d77767020ef345d18c148f","core/src/main/java/org/elasticsearch/action/admin/cluster/node/tasks/get/TransportGetTaskAction.java","11","0","1","1","168","247","0"
"elasticsearch","4b94eb5cb8cc4294ed0e932a5f22c16bd90d4dd7","core/src/main/java/org/elasticsearch/action/admin/cluster/node/tasks/get/TransportGetTaskAction.java","11","0","1","1","168","247","2"
"elasticsearch","860efb2ad28db09189c8423e05d0dba53010259c","core/src/main/java/org/elasticsearch/action/admin/cluster/node/tasks/get/TransportGetTaskAction.java","11","0","1","1","168","247","2"
"BroadleafCommerce","6581bb4bda7da43fd221c6d4bbbb2e3110928e56","admin/broadleaf-open-admin-platform/src/main/java/org/broadleafcommerce/openadmin/server/service/persistence/validation/AfterStartDateValidator.java","11","0","1","1","47","87","0"
"elasticsearch","523a8b4c3e8003316f3e7c6a74bdd5e4e1818dd6","modules/elasticsearch/src/main/java/org/elasticsearch/search/facets/geodistance/ScriptGeoDistanceFacetCollector.java","11","0","1","1","48","81","0"
"BroadleafCommerce","088c89ec72b587236f88e39b7c606cfd19e63830","core/broadleaf-framework/src/main/java/org/broadleafcommerce/core/offer/service/workflow/RecordOfferUsageActivity.java","11","0","1","1","61","94","3"
"BroadleafCommerce","2c8770043fcb542de361140678930c1249469c47","common/src/main/java/org/broadleafcommerce/common/util/sql/importsql/DemoOracleSingleLineSqlCommandExtractor.java","11","0","1","1","87","140","0"
"elasticsearch","2f6405ee277ec64269dd13fdfbd8445f96b4516d","core/src/main/java/org/elasticsearch/gateway/MetaStateService.java","11","0","1","1","93","148","1"
"elasticsearch","42377db084f96e75fcbc28b76c45d96315ac2959","src/test/java/org/elasticsearch/action/admin/HotThreadsTest.java","11","0","1","1","96","129","0"
"hazelcast","d0b978ac681dd63e8d14a0c4925cba57f5cb8bf5","hazelcast/src/main/java/com/hazelcast/client/impl/ClientEndpointManagerImpl.java","11","0","1","10","107","128","0"
"hazelcast","d568e4d926d925d57d4e79e34614390416749301","hazelcast/src/main/java/com/hazelcast/map/impl/operation/PartitionWideEntryOperation.java","11","0","1","10","115","163","0"
"hazelcast","3571a6db8a917f909cb1ee4a240e50193743ee27","hazelcast/src/main/java/com/hazelcast/client/impl/ClientEndpointManagerImpl.java","11","0","1","10","118","160","0"
"hazelcast","19b6f87638947390eac6a604d8c2e73a8d7025f8","hazelcast/src/main/java/com/hazelcast/client/impl/ClientEndpointManagerImpl.java","11","0","1","10","124","170","1"
"hazelcast","49e2dfb6fb01762443b85a42c138d20c458e5a92","hazelcast/src/main/java/com/hazelcast/client/impl/ClientEndpointManagerImpl.java","11","0","1","10","125","170","1"
"elasticsearch","e0fbd5df52449d7caeb7eeb7392a595d35b10ef3","src/main/java/org/elasticsearch/index/merge/policy/LogDocMergePolicyProvider.java","11","0","1","10","126","177","1"
"hazelcast","27d49efcee88ee428254cf38353e8698ea127c45","hazelcast/src/main/java/com/hazelcast/client/impl/ClientEndpointManagerImpl.java","11","0","1","10","131","176","1"
"elasticsearch","ad004072bb7e691bf15b3bce8f43d8354fe3ea0d","src/main/java/org/elasticsearch/action/deletebyquery/ShardDeleteByQueryRequest.java","11","0","1","10","134","179","0"
"hazelcast","0189aadfaf447e62c18d7177287ec1d8211b0ee8","hazelcast/src/main/java/com/hazelcast/replicatedmap/impl/client/ClientReplicatedMapAddEntryListenerRequest.java","11","0","1","10","142","190","1"
"elasticsearch","b91f5da2b2a09797a04448e64fd3643f6c030e01","src/main/java/org/elasticsearch/cloud/azure/AzureStorageServiceImpl.java","11","0","1","10","166","231","2"
"orientdb","ea1339b2d74756f4efec13f3bb59c93a0a409b47","core/src/test/java/com/orientechnologies/orient/core/metadata/sequence/OSequenceTest.java","11","0","1","10","194","244","0"
"orientdb","30020c171c46dce3e0768aaff89db4df0dd2ae72","core/src/test/java/com/orientechnologies/orient/core/metadata/sequence/OSequenceTest.java","11","0","1","10","197","248","1"
"elasticsearch","c32de1f72b8f1131daf710a2144be31c55cb4f93","core/src/test/java/org/elasticsearch/cluster/ClusterInfoServiceIT.java","11","0","1","10","202","266","1"
"elasticsearch","12d9268db256b728e8d334801739fb46167902b6","src/main/java/org/elasticsearch/index/fielddata/plain/FSTBytesAtomicFieldData.java","11","0","1","10","207","285","0"
"elasticsearch","4d05c9cfd5cc889be77ec16730517d5417438e92","src/main/java/org/elasticsearch/index/fielddata/plain/FSTBytesAtomicFieldData.java","11","0","1","10","209","288","1"
"neo4j","eaef48b14699253f45cd1893518b1f3d94f23271","community/kernel/src/test/java/org/neo4j/graphdb/GraphDatabaseServiceTest.java","11","0","1","10","348","479","0"
"elasticsearch","3fc27b0e909ca1126f6cfa03d2b1db3950c376a1","core/src/test/java/org/elasticsearch/search/fetch/subphase/InnerHitsIT.java","11","0","1","10","571","641","2"
"elasticsearch","076167fbe546f1b91b323e493db36cea5ea7eac9","core/src/test/java/org/elasticsearch/search/fetch/subphase/InnerHitsIT.java","11","0","1","10","582","654","1"
"orientdb","136db63960bbf53514691bf5a0bb8361a5ea5361","server/src/main/java/com/orientechnologies/orient/server/network/protocol/http/OHttpRequest.java","11","0","1","11","100","143","0"
"elasticsearch","9f8f2ea54b69953e1ee02ca28fde330f08b2286d","core/src/main/java/org/elasticsearch/search/internal/ContextIndexSearcher.java","11","0","1","11","113","171","0"
"hazelcast","8f8a00625dd31eb3915d3251d2f10edbe2a7e0b9","hazelcast/src/main/java/com/hazelcast/replicatedmap/impl/client/ClientReplicatedMapAddEntryListenerRequest.java","11","0","1","11","146","195","1"
"neo4j","e49f8e97f2ba0ba9564d8b0dc92cb55cfb97a815","community/bolt/src/main/java/org/neo4j/bolt/v1/transport/ChunkedOutput.java","11","0","1","11","146","216","0"
"hazelcast","5bd0f1b5d3fb7225fbb9ba525531e912511ff351","hazelcast-client/src/test/java/com/hazelcast/client/lock/ClientLockTest.java","11","0","1","11","186","237","1"
"hazelcast","c13c39a89cc3f63b1fab4793e8e8c5a21afdc924","hazelcast-client/src/test/java/com/hazelcast/client/lock/ClientLockTest.java","11","0","1","11","186","237","2"
"hazelcast","b3d120949bee11e74d37cb694f8ebc1bca251cfb","hazelcast-client/src/test/java/com/hazelcast/client/lock/ClientLockTest.java","11","0","1","11","186","237","0"
"hazelcast","6a96ff2593db59bc55c3783b4420a915caa1f77b","hazelcast-client-legacy/src/test/java/com/hazelcast/client/cache/ClientReadWriteThroughJCacheTests.java","11","0","1","11","205","272","1"
"titan","996dd26106e7310f2a8681591e7b86596f690532","titan-core/src/main/java/com/thinkaurelius/titan/diskstorage/util/MetricInstrumentedStore.java","11","0","1","11","217","288","0"
"titan","86bc51a0b9aa5d6d59ec1770f6fdafff8d0a5f7e","titan-core/src/main/java/com/thinkaurelius/titan/diskstorage/util/MetricInstrumentedStore.java","11","0","1","11","222","295","0"
"elasticsearch","2d2088b259f652fee2d004e49c150e0096aed2da","src/test/java/org/elasticsearch/search/aggregations/bucket/TopHitsTests.java","11","0","1","11","379","452","1"
"elasticsearch","c3746b268ca9a9e7e26ec861dd05e654c9bace62","core/src/test/java/org/elasticsearch/search/fetch/subphase/InnerHitsIT.java","11","0","1","11","626","705","1"
"elasticsearch","d05aee7eda3a28b11df47e652f44f7d2b185c97d","core/src/test/java/org/elasticsearch/search/fetch/subphase/InnerHitsIT.java","11","0","1","11","640","722","0"
"elasticsearch","9ae421a8b2094009023ba7d0717c6d91d7c47035","src/test/java/org/elasticsearch/test/integration/search/suggest/SuggestSearchTests.java","11","0","1","11","770","920","0"
"elasticsearch","e9b41c92a49f5508777535d0b0d19153e160f246","src/main/java/org/elasticsearch/search/aggregations/bucket/histogram/DateHistogramBuilder.java","11","0","1","11","96","145","0"
"orientdb","46bbcabde62c2b9e61ebaf45dc23f16d9dee7f02","server/src/main/java/com/orientechnologies/orient/server/network/protocol/http/OHttpRequest.java","11","0","1","11","99","142","1"
"BroadleafCommerce","7da760ada0cf3c3164075c970c90d47e36b4bef4","common/src/main/java/org/broadleafcommerce/common/locale/domain/LocaleImpl.java","11","0","1","12","117","164","0"
"hazelcast","142f48debf262bbcc8ebf3fb30e729d9da0d1684","hazelcast-client/src/main/java/com/hazelcast/client/txn/ClientTransactionManager.java","11","0","1","12","126","167","2"
"hazelcast","70e6d9c0a2efcc7c088c88302a3e3587246bda3c","hazelcast-client/src/main/java/com/hazelcast/client/txn/ClientTransactionManager.java","11","0","1","12","128","169","2"
"orientdb","73eede11d148a3d311c59132dc6a63f406a78d14","graphdb/src/test/java/com/orientechnologies/orient/graph/TestGraphTransactionOnBatch.java","11","0","1","12","209","247","1"
"elasticsearch","17f83f33bbcd81f883bf97da7d65f87a006a9df9","src/test/java/org/elasticsearch/test/integration/search/suggest/SuggestSearchTests.java","11","0","1","12","791","943","0"
"elasticsearch","459d59a04ad4eb1671bac50a6faf3a7ad372d0e4","src/test/java/org/elasticsearch/test/integration/search/suggest/SuggestSearchTests.java","11","0","1","12","918","1082","1"
"hazelcast","7e9aaf983ea251e7252a8ed8cd1ea0b00cad40cf","hazelcast-hibernate/hazelcast-hibernate3/src/main/java/com/hazelcast/hibernate/distributed/IMapRegionCache.java","11","0","1","13","103","157","1"
"titan","2beffb4767bcaab8cdfb54dbcb08c819c0a8dd3c","titan-core/src/main/java/com/thinkaurelius/titan/graphdb/query/vertex/VertexLongList.java","11","0","1","13","105","140","1"
"elasticsearch","8c3500a6760847578245f5c34ea224b036d70d81","src/main/java/org/elasticsearch/search/aggregations/bucket/sampler/SamplerAggregator.java","11","0","1","13","192","276","0"
"orientdb","252aa4c00e6048e5a77066dc5f770ef6e58dd1ea","core/src/main/java/com/orientechnologies/orient/core/sql/parser/OIsNotNullCondition.java","11","0","1","13","75","104","1"
"elasticsearch","48cb06c9cf50d4c459e14e5576e34e9d7265b517","src/test/java/org/elasticsearch/test/integration/search/suggest/SuggestSearchTests.java","11","0","1","13","848","1005","1"
"neo4j","4e13feaa5058f4f1b623704bbde288b5850c1ec6","community/security/src/main/java/org/neo4j/server/security/auth/BasicAuthManager.java","11","0","1","14","147","205","0"
"neo4j","7b890cea4f0be50e697d6ba272edb6b74b84e373","community/security/src/main/java/org/neo4j/server/security/auth/BasicAuthManager.java","11","0","1","14","151","210","1"
"orientdb","0b098ecbb27731eae0d6bc55a5750b000a6b9777","core/src/main/java/com/orientechnologies/orient/core/sql/parser/OIsNotNullCondition.java","11","0","1","14","78","110","0"
"elasticsearch","8235b89e9cd4f222ee689d47ca2ef4686b7a6971","src/test/java/org/elasticsearch/test/integration/search/suggest/SuggestSearchTests.java","11","0","1","14","897","1056","0"
"elasticsearch","57c0d29114b60f74e43ceb0914c26d490b61a265","src/test/java/org/elasticsearch/test/integration/search/suggest/SuggestSearchTests.java","11","0","1","15","1080","1255","0"
"elasticsearch","56cc87b7ccd41040d8fafcaf2da3680d96d10839","core/src/main/java/org/elasticsearch/action/admin/indices/get/GetIndexRequest.java","11","0","1","15","113","160","1"
"elasticsearch","e6e517a7a4bb5f09e23a04a3b901bf1e283e0575","core/src/main/java/org/elasticsearch/action/admin/indices/get/GetIndexRequest.java","11","0","1","15","113","160","2"
"elasticsearch","e7ebfa0c6900ded66a823888a16346be9d6faa0c","core/src/main/java/org/elasticsearch/action/admin/indices/get/GetIndexRequest.java","11","0","1","15","113","160","1"
"elasticsearch","25fd9e26c4fb042d6f6dea14efcd239577bdbbc4","core/src/main/java/org/elasticsearch/action/admin/indices/get/GetIndexRequest.java","11","0","1","15","113","160","0"
"titan","86bc51a0b9aa5d6d59ec1770f6fdafff8d0a5f7e","titan-core/src/main/java/com/thinkaurelius/titan/diskstorage/keycolumnvalue/CachedKeyColumnValueStore.java","11","0","1","15","119","151","0"
"BroadleafCommerce","e216da5ebb303680f5c60ffcd75979f5876ab5a6","common/src/main/java/org/broadleafcommerce/common/site/domain/CatalogImpl.java","11","0","1","15","162","213","0"
"hazelcast","5aa58b497cf248596c24b6e8ce3e05c35a87d498","hazelcast/src/test/java/com/hazelcast/cluster/JoinStressTest.java","11","0","1","15","219","282","0"
"hazelcast","266c960676148cebbcff3686bb31923253a1380f","hazelcast/src/test/java/com/hazelcast/cluster/JoinStressTest.java","11","0","1","15","220","283","1"
"hazelcast","ea6df5b26c649fe055f90ebd8edfb6395649a658","hazelcast/src/test/java/com/hazelcast/cluster/JoinStressTest.java","11","0","1","15","221","284","1"
"elasticsearch","5d5c6591aac41fe32b7e26d66756f466d4746d10","core/src/test/java/org/elasticsearch/index/mapper/update/UpdateMappingTests.java","11","0","1","15","248","321","3"
"netty","bc46a99eaa448136ae3a54c248cc3f9dfb8f87e9","codec-http2/src/test/java/io/netty/handler/codec/http2/Http2ConnectionRoundtripTest.java","11","0","1","15","807","1001","0"
"orientdb","252aa4c00e6048e5a77066dc5f770ef6e58dd1ea","core/src/main/java/com/orientechnologies/orient/core/sql/parser/OIsNullCondition.java","11","0","1","15","81","112","1"
"elasticsearch","5f24581de31ddcfb1228f93261b78e48515e25b0","modules/lang-groovy/src/test/java/org/elasticsearch/messy/tests/HDRPercentilesTests.java","11","0","1","16","365","446","1"
"elasticsearch","0a69f1e283e26e5d9e6a000b68b9f4778de557a1","core/src/test/java/org/elasticsearch/indices/IndicesOptionsIntegrationIT.java","11","0","1","16","648","778","3"
"orientdb","0b098ecbb27731eae0d6bc55a5750b000a6b9777","core/src/main/java/com/orientechnologies/orient/core/sql/parser/OIsNullCondition.java","11","0","1","16","84","117","0"
"BroadleafCommerce","9fcc89a3f957e49c24289922678c133eb65060e0","core/broadleaf-framework/src/main/java/org/broadleafcommerce/core/search/service/solr/SolrHelperServiceImpl.java","11","0","1","17","154","213","1"
"hazelcast","70d4de16ff0ac4518d09aad8c9f2ad9e782fb337","hazelcast/src/test/java/com/hazelcast/core/DistributedObjectTest.java","11","0","1","17","259","319","1"
"hazelcast","d568e4d926d925d57d4e79e34614390416749301","hazelcast/src/test/java/com/hazelcast/core/DistributedObjectTest.java","11","0","1","17","259","327","0"
"elasticsearch","5f24581de31ddcfb1228f93261b78e48515e25b0","modules/lang-groovy/src/test/java/org/elasticsearch/messy/tests/HDRPercentileRanksTests.java","11","0","1","17","382","467","1"
"neo4j","13e3d20860f871d1c13c10429f2d4d31d6180c8b","community/kernel/src/main/java/org/neo4j/kernel/internal/TransactionEventHandlers.java","11","0","1","18","244","312","1"
"neo4j","7723d89e6d1d951e8923fb102da0228db2e4e8f9","community/kernel/src/main/java/org/neo4j/kernel/internal/TransactionEventHandlers.java","11","0","1","18","245","313","3"
"neo4j","21902a73848847e5fe81baea269f3f8027a62140","community/kernel/src/main/java/org/neo4j/kernel/internal/TransactionEventHandlers.java","11","0","1","18","249","318","0"
"hazelcast","4842092a8defa8d765b951d178ab293d986f3546","hazelcast-spring/src/test/java/com/hazelcast/spring/TestFullApplicationContext.java","11","0","1","18","371","448","1"
"elasticsearch","2d2f21e7600cc1bca02ea45978f6d47d04966dba","core/src/test/java/org/elasticsearch/search/aggregations/metrics/HDRPercentilesTests.java","11","0","1","18","404","492","0"
"elasticsearch","d733fb689b1a7182a5f62d482ee1080b1779eae5","core/src/main/java/org/elasticsearch/index/shard/CommitPoint.java","11","0","1","19","105","156","1"
"elasticsearch","90b547cf2c82b03fe42b9cce4ea878d81734228a","src/main/java/org/elasticsearch/index/mapper/internal/AnalyzerMapper.java","11","0","1","19","117","166","0"
"netty","3a4d64bb8404f59861acddec954b4ed3aa02f97b","codec-http/src/main/java/io/netty/handler/codec/http/multipart/MemoryAttribute.java","11","0","1","19","127","169","1"
"hazelcast","4255ec684c8dfb09253f2864eb4691f87b59885c","hazelcast/src/main/java/com/hazelcast/config/NearCachePreloaderConfig.java","11","0","1","19","157","225","1"
"hazelcast","15fd4796819d66702a2c436acb4c6c563faae778","hazelcast/src/main/java/com/hazelcast/config/NearCachePreloaderConfig.java","11","0","1","19","158","227","0"
"BroadleafCommerce","abae60151f6416aa4cbf8f37615189b14464b79c","core/broadleaf-framework/src/main/java/org/broadleafcommerce/core/search/service/solr/SolrHelperServiceImpl.java","11","0","1","19","165","226","2"
"hazelcast","10773b4cd855bdfd84ea80d22b8ed3c977459444","hazelcast-spring/src/test/java/com/hazelcast/spring/TestFullApplicationContext.java","11","0","1","19","389","470","1"
"hazelcast","92423641d487bee46abc843a84b15b0c7891bb52","hazelcast-spring/src/test/java/com/hazelcast/spring/TestFullApplicationContext.java","11","0","1","19","395","485","0"
"hazelcast","c979a5a0a3f52be233fc44824227ab56ac49b6c8","hazelcast-spring/src/test/java/com/hazelcast/spring/TestFullApplicationContext.java","11","0","1","19","395","485","0"
"hazelcast","d4de7b1268705b70cac5e55acf8b74a12be200b2","hazelcast-spring/src/test/java/com/hazelcast/spring/TestFullApplicationContext.java","11","0","1","19","395","485","0"
"hazelcast","97f1b4e3497bd48060fa0d38de5f367a51ed03cb","hazelcast-spring/src/test/java/com/hazelcast/spring/TestFullApplicationContext.java","11","0","1","19","395","485","1"
"elasticsearch","da31fbe702fd2b0d3d3daada82af19796e528c89","core/src/test/java/org/elasticsearch/search/aggregations/metrics/HDRPercentileRanksIT.java","11","0","1","19","409","503","0"
"elasticsearch","2d2f21e7600cc1bca02ea45978f6d47d04966dba","core/src/test/java/org/elasticsearch/search/aggregations/metrics/HDRPercentileRanksTests.java","11","0","1","19","413","507","0"
"hazelcast","8c0289da24eda5fd2beda57540328633eef3e3be","hazelcast-spring/src/test/java/com/hazelcast/spring/TestFullApplicationContext.java","11","0","1","19","447","535","2"
"elasticsearch","97db3d5ef6363b63849af58f9fe51822ec95087d","core/src/test/java/org/elasticsearch/index/snapshots/blobstore/FileInfoTests.java","11","0","1","2","108","141","1"
"elasticsearch","b0567d7c1894306690fb3aea8b8b2ebc07f9f441","src/test/java/org/elasticsearch/index/mapper/attachment/test/standalone/StandaloneRunner.java","11","0","1","2","132","189","0"
"elasticsearch","9ee08dbb0b247afb881431df0c313024eb768747","plugins/mapper-attachments/src/test/java/org/elasticsearch/mapper/attachments/StandaloneRunner.java","11","0","1","2","134","192","1"
"elasticsearch","0809e4a65fb73a1be6e1b9c717f83b6b21b7e989","plugins/mapper-attachments/src/test/java/org/elasticsearch/mapper/attachments/StandaloneRunner.java","11","0","1","2","135","193","1"
"elasticsearch","5337686d8d39568f94b0b976bd9098af69214302","plugins/mapper-attachments/src/test/java/org/elasticsearch/mapper/attachments/StandaloneRunner.java","11","0","1","2","136","194","0"
"elasticsearch","04c41fe349eb31d79f074e2caa4acd51f36ec099","src/main/java/org/elasticsearch/action/percolate/TransportPercolateAction.java","11","0","1","2","154","202","1"
"elasticsearch","371c73e14023917f3892090d2d3d7ff9ac1216b9","core/src/main/java/org/elasticsearch/cluster/routing/DelayedAllocationService.java","11","0","1","2","155","226","3"
"elasticsearch","78574d248cf10dad1c5a566fda79e1e0c94afe43","core/src/main/java/org/elasticsearch/cluster/routing/DelayedAllocationService.java","11","0","1","2","155","226","2"
"elasticsearch","e6aaaf11ed4a1b8f595f920de1840938eddb7a97","core/src/main/java/org/elasticsearch/cluster/routing/DelayedAllocationService.java","11","0","1","2","155","226","2"
"elasticsearch","31b0777c911a87b7ebae0efd7d5b14d1e06f3879","core/src/main/java/org/elasticsearch/cluster/routing/DelayedAllocationService.java","11","0","1","2","155","226","0"
"elasticsearch","a60b8948ba1d836a6eac7cff095519e618939ed8","core/src/main/java/org/elasticsearch/cluster/routing/DelayedAllocationService.java","11","0","1","2","155","226","0"
"titan","e715670b304da165feafdf2a991772ae8ff46f25","titan-core/src/main/java/com/thinkaurelius/titan/graphdb/relations/AttributeUtil.java","11","0","1","2","40","55","1"
"elasticsearch","e530f03b9445e98728b5fbf203c57ab774928ff3","src/main/java/org/elasticsearch/cluster/routing/allocation/command/AllocateAllocationCommand.java","11","0","1","2","50","87","0"
"BroadleafCommerce","cd4dba4517e56b14042e5ed1567e933ca3904efd","core/broadleaf-framework/src/main/java/org/broadleafcommerce/core/pricing/service/workflow/ConsolidateFulfillmentFeesActivity.java","11","0","1","2","76","124","0"
"netty","fdfe3149ba3f68678fa7f73c574c7c61aa33fa2f","codec-dns/src/main/java/io/netty/handler/codec/dns/DefaultDnsRecordDecoder.java","11","0","1","2","77","140","0"
"elasticsearch","bb15def36e87ab7fffb803bdd146a89f38b0f48f","src/main/java/org/elasticsearch/rest/action/admin/indices/stats/RestIndicesStatsAction.java","11","0","1","2","78","113","0"
"elasticsearch","d3dc158458640242f5a583199bba2fbfb622ce9c","src/main/java/org/elasticsearch/rest/action/admin/indices/stats/RestIndicesStatsAction.java","11","0","1","2","79","114","1"
"elasticsearch","d031662da34412839680af41648734a2e86a0d96","src/main/java/org/elasticsearch/common/settings/loader/YamlSettingsLoader.java","11","0","1","2","80","116","0"
"elasticsearch","1764ec56b38ce87f516efdf93bb4ab56e9dd829b","core/src/main/java/org/elasticsearch/rest/action/document/RestUpdateAction.java","11","0","1","2","82","114","1"
"elasticsearch","51d53791fe71c9cb62bc992588a57cdfb500383f","core/src/main/java/org/elasticsearch/rest/action/document/RestUpdateAction.java","11","0","1","2","83","116","1"
"titan","4f70fa55415d4fd6784fb5aa57850121949b786d","titan-es/src/test/java/com/thinkaurelius/titan/diskstorage/es/ElasticsearchRunner.java","11","0","1","2","86","120","0"
"elasticsearch","58c606d6d988cd14f50ab7390704babfaf905b83","modules/elasticsearch/src/main/java/org/elasticsearch/search/facet/histogram/KeyValueHistogramFacetCollector.java","11","0","1","2","88","136","0"
"orientdb","f7728e8158f45d0f658955bf379cb70687426c99","server/src/main/java/com/orientechnologies/orient/server/network/protocol/http/command/get/OServerCommandGetFileDownload.java","11","0","1","2","90","132","0"
"elasticsearch","cbe18608ef88be34b8018f76a866f84365808284","src/test/java/org/elasticsearch/test/integration/indices/leaks/IndicesLeaksTests.java","11","0","1","2","90","140","0"
"orientdb","7e6d055e47b83730ea6afea09b9001e7a784ac0f","server/src/main/java/com/orientechnologies/orient/server/network/protocol/http/command/get/OServerCommandGetFileDownload.java","11","0","1","2","91","132","0"
"elasticsearch","589360c8b1a46c1509c7e589f06124b91cb3dbaf","src/main/java/org/elasticsearch/index/mapper/internal/AnalyzerMapper.java","11","0","1","20","120","170","1"
"elasticsearch","6eaff9432ddc05adad528761f4ce65545cce9cf8","modules/lang-mustache/src/main/java/org/elasticsearch/script/mustache/SearchTemplateRequest.java","11","0","1","20","130","181","0"
"elasticsearch","1f04182b8164ffb19f3805c48d67f0375262b317","core/src/main/java/org/elasticsearch/action/percolate/TransportShardMultiPercolateAction.java","11","0","1","20","226","294","0"
"hazelcast","e5046f36229214b49ca17d02d08923664c83fa10","hazelcast-spring/src/test/java/com/hazelcast/spring/TestFullApplicationContext.java","11","0","1","20","479","577","1"
"hazelcast","083ae615f2e8cfd0be3657bc8225476fb9b98654","hazelcast-spring/src/test/java/com/hazelcast/spring/TestFullApplicationContext.java","11","0","1","20","485","581","0"
"hazelcast","066cc1398d7272310e3cca9dabc0167ef4b85bc6","hazelcast-spring/src/test/java/com/hazelcast/spring/TestFullApplicationContext.java","11","0","1","20","486","582","0"
"elasticsearch","5a64f08f048461a63a0ca1354a5050c954e63d52","core/src/test/java/org/elasticsearch/indices/IndicesOptionsIntegrationIT.java","11","0","1","20","675","813","1"
"netty","caa15050204c9757f2a3e34511cf1d9d8447cd9c","codec-http/src/main/java/io/netty/handler/codec/http/multipart/MemoryAttribute.java","11","0","1","21","133","177","0"
"elasticsearch","a05ea535ad68de3ffa876c2c7c78d9d203d499be","core/src/main/java/org/elasticsearch/action/percolate/TransportShardMultiPercolateAction.java","11","0","1","21","215","283","0"
"elasticsearch","871b38afcb373d128b8061ffe13ae740304da282","core/src/main/java/org/elasticsearch/action/percolate/TransportShardMultiPercolateAction.java","11","0","1","21","223","291","1"
"elasticsearch","e1efd5f6baf8dec1c23c79b346b8a29f234a98bb","core/src/main/java/org/elasticsearch/action/percolate/TransportShardMultiPercolateAction.java","11","0","1","21","226","294","0"
"hazelcast","03206d98a4287ade342ec386397851a54d849b0f","hazelcast-spring/src/test/java/com/hazelcast/spring/TestFullApplicationContext.java","11","0","1","21","499","596","0"
"elasticsearch","5bd4c16a0cf830b309c5b3a46241240cb6e52f65","modules/elasticsearch/src/main/java/org/elasticsearch/action/admin/indices/analyze/AnalyzeResponse.java","11","0","1","22","147","198","0"
"hazelcast","cd7d0fa0be12a677132a01f2c83f10432abc1972","hazelcast/src/main/java/com/hazelcast/nio/serialization/DefaultPortableWriter.java","11","0","1","22","163","214","0"
"elasticsearch","4013980b115497e589bec415a1948d600a28f7fd","src/test/java/org/elasticsearch/aliases/IndexAliasesTests.java","11","0","1","24","708","898","3"
"elasticsearch","cf30cb1caabd9d4117261120cdd85c9d2d6c3559","src/test/java/org/elasticsearch/aliases/IndexAliasesTests.java","11","0","1","24","714","906","2"
"elasticsearch","46088b9f8acc057414ba222809b1b6bc3e1a435e","modules/elasticsearch/src/main/java/org/elasticsearch/search/facet/terms/shorts/InternalShortTermsFacet.java","11","0","1","26","186","252","0"
"elasticsearch","46088b9f8acc057414ba222809b1b6bc3e1a435e","modules/elasticsearch/src/main/java/org/elasticsearch/search/facet/terms/ints/InternalIntTermsFacet.java","11","0","1","26","186","253","0"
"elasticsearch","46088b9f8acc057414ba222809b1b6bc3e1a435e","modules/elasticsearch/src/main/java/org/elasticsearch/search/facet/terms/bytes/InternalByteTermsFacet.java","11","0","1","26","186","255","0"
"elasticsearch","58c606d6d988cd14f50ab7390704babfaf905b83","modules/elasticsearch/src/main/java/org/elasticsearch/search/facet/terms/shorts/InternalShortTermsFacet.java","11","0","1","26","187","253","0"
"elasticsearch","58c606d6d988cd14f50ab7390704babfaf905b83","modules/elasticsearch/src/main/java/org/elasticsearch/search/facet/terms/ints/InternalIntTermsFacet.java","11","0","1","26","187","254","0"
"elasticsearch","58c606d6d988cd14f50ab7390704babfaf905b83","modules/elasticsearch/src/main/java/org/elasticsearch/search/facet/terms/bytes/InternalByteTermsFacet.java","11","0","1","26","187","256","0"
"hazelcast","5f2fb4e1ecbd74ef1bc8282a61aa8d53be34d480","hazelcast/src/main/java/com/hazelcast/client/impl/protocol/task/dynamicconfig/QueryCacheConfigHolder.java","11","0","1","27","149","200","0"
"elasticsearch","cd7756c283b4ddbe5cd561b60ecaaaf3c69ab0e2","src/main/java/org/elasticsearch/script/python/PythonScriptEngineService.java","11","0","1","28","169","233","0"
"netty","ca305d86fb45a40ad03a2e7270d58da65eb4aa06","codec-http2/src/test/java/io/netty/handler/codec/http2/DefaultHttp2RemoteFlowControllerTest.java","11","0","1","28","841","1044","1"
"netty","c22f1aa4acad4234623c31121f33b2b2f3afffc5","codec-http2/src/test/java/io/netty/handler/codec/http2/DefaultHttp2RemoteFlowControllerTest.java","11","0","1","28","861","1064","3"
"netty","9ac430f16fec1d3b0d0e433b953c0197d70dff10","codec-http2/src/test/java/io/netty/handler/codec/http2/DefaultHttp2RemoteFlowControllerTest.java","11","0","1","28","861","1065","1"
"elasticsearch","8afd16885a3582f3678f57ae5bb8b0d37cf28892","src/main/java/org/elasticsearch/script/python/PythonScriptEngineService.java","11","0","1","29","169","235","0"
"netty","3482651e0c29edfa02f189751c704ebe4fe8f54c","codec-http2/src/test/java/io/netty/handler/codec/http2/DefaultHttp2RemoteFlowControllerTest.java","11","0","1","29","878","1082","0"
"elasticsearch","6c28235b03fdad898986f613e198c24ca3067e4d","core/src/main/java/org/elasticsearch/cluster/routing/allocation/decider/ThrottlingAllocationDecider.java","11","0","1","3","100","159","4"
"elasticsearch","78574d248cf10dad1c5a566fda79e1e0c94afe43","core/src/main/java/org/elasticsearch/cluster/routing/allocation/decider/ThrottlingAllocationDecider.java","11","0","1","3","100","159","3"
"elasticsearch","e601e02912657b1ae822f71206e272c3fa9a9ef0","core/src/main/java/org/elasticsearch/cluster/routing/allocation/decider/ThrottlingAllocationDecider.java","11","0","1","3","100","159","3"
"elasticsearch","e6aaaf11ed4a1b8f595f920de1840938eddb7a97","core/src/main/java/org/elasticsearch/cluster/routing/allocation/decider/ThrottlingAllocationDecider.java","11","0","1","3","100","159","3"
"elasticsearch","a0d1f8889d732cb62e83ce198a739a21c00c3fac","core/src/main/java/org/elasticsearch/cluster/routing/allocation/decider/ThrottlingAllocationDecider.java","11","0","1","3","100","159","0"
"elasticsearch","13a347239a48d71486692a72c066e940dec8921b","plugins/cloud-gce/src/main/java/org/elasticsearch/cloud/gce/GceComputeServiceImpl.java","11","0","1","3","104","162","2"
"elasticsearch","40f119d85a4eaa39d0a6e594e46f70de725557f0","plugins/cloud-gce/src/main/java/org/elasticsearch/cloud/gce/GceComputeServiceImpl.java","11","0","1","3","104","162","1"
"elasticsearch","bbf42d379dc5fac7cddf768b244aa1649efdb10d","plugins/cloud-gce/src/main/java/org/elasticsearch/cloud/gce/GceComputeServiceImpl.java","11","0","1","3","104","162","0"
"hazelcast","3845f3a3400be23715370142b60c0a2ee0e0c5c2","hazelcast/src/main/java/com/hazelcast/query/impl/BaseIndexStore.java","11","0","1","3","105","148","1"
"hazelcast","5458ddbd165b5781f5842d0d5d30b30036b4bb0d","hazelcast/src/main/java/com/hazelcast/query/impl/BaseIndexStore.java","11","0","1","3","105","148","1"
"hazelcast","3da850bf11f1ca129bd489c040336e867c40997b","hazelcast/src/main/java/com/hazelcast/query/impl/BaseIndexStore.java","11","0","1","3","105","148","0"
"netty","fcba55329c1bc7072d8c9a0e43f382c139a710ab","transport/src/main/java/io/netty/channel/ChannelOutboundMessageHandlerAdapter.java","11","0","1","3","107","176","0"
"elasticsearch","41e4ee22e68a312ab58eb9b2c17382a516a88289","src/test/java/org/elasticsearch/test/integration/threadpool/SimpleThreadPoolTests.java","11","0","1","3","137","164","0"
"elasticsearch","f39f9b9760c20af0205d80b370888ec4376efbfd","core/src/test/java/org/elasticsearch/discovery/zen/ZenDiscoveryUnitTests.java","11","0","1","3","169","226","1"
"elasticsearch","20e968bf627b57b69a4bfd675b2f974619f8b116","src/test/java/org/elasticsearch/test/integration/search/geo/GeoDistanceTests.java","11","0","1","3","174","233","1"
"elasticsearch","03c9eaf81279a33b756a97cbf7fa18e676dda989","src/test/java/org/elasticsearch/test/integration/search/geo/GeoDistanceTests.java","11","0","1","3","184","245","0"
"elasticsearch","5ce42b337d01bc75d7dada53791e4bc9bde95341","modules/elasticsearch/src/main/java/org/elasticsearch/action/search/SearchOperationThreading.java","11","0","1","3","39","81","0"
"elasticsearch","31ea01bbc68f64cd7787b97479cb5deba1b529b9","modules/elasticsearch/src/main/java/org/elasticsearch/action/search/SearchOperationThreading.java","11","0","1","3","40","82","0"
"titan","4bb50eed4955f432a43b0a5b60ed6357ba14f004","src/main/java/com/thinkaurelius/titan/graphdb/query/QueryUtil.java","11","0","1","3","43","58","1"
"elasticsearch","7ab0e2c5321c802068d85c0fa3a0f44e0b02c5a4","core/src/main/java/org/elasticsearch/index/query/FQueryFilterParser.java","11","0","1","3","56","90","1"
"orientdb","840037a8a38f0e2ab6a36fd56169dda235bdb3b3","core/src/main/java/com/orientechnologies/orient/core/sql/functions/misc/OSQLMethodInclude.java","11","0","1","3","58","118","1"
"hazelcast","bb3ea0e107980d769862cdbda748cc91529d67b5","hazelcast/src/main/java/com/hazelcast/transaction/client/ClientTxnPortableHook.java","11","0","1","3","60","88","0"
"elasticsearch","79356c8a3bdeec28bb2852694a876b13b4e00d9b","core/src/main/java/org/elasticsearch/index/query/ConstantScoreQueryParser.java","11","0","1","3","61","95","0"
"elasticsearch","551b98f2f8cf4c8a37a61dca2b642e23f56ede4e","modules/elasticsearch/src/main/java/org/elasticsearch/index/query/SpanTermQueryParser.java","11","0","1","3","62","99","0"
"elasticsearch","11f19ff6da348d9de07d2dcce8e18428d4ef286e","modules/elasticsearch/src/main/java/org/elasticsearch/index/query/SpanTermQueryParser.java","11","0","1","3","63","100","0"
"elasticsearch","de243493c9a31354d742c34a66817e8a06798026","src/main/java/org/elasticsearch/cluster/routing/allocation/decider/ShardsLimitAllocationDecider.java","11","0","1","3","65","119","0"
"elasticsearch","ce862da8f48211e641f227f52126e1370eba4f50","modules/elasticsearch/src/main/java/org/elasticsearch/index/query/xcontent/PrefixQueryParser.java","11","0","1","3","66","102","1"
"elasticsearch","1d240aaff66c6ed10cc46cb4b745cd8dd58d667d","modules/elasticsearch/src/main/java/org/elasticsearch/index/query/xcontent/PrefixQueryParser.java","11","0","1","3","67","103","0"
"elasticsearch","bd75b731c654f4c845f0781306b8055704706585","src/main/java/org/elasticsearch/cluster/routing/allocation/decider/ShardsLimitAllocationDecider.java","11","0","1","3","70","125","1"
"elasticsearch","2eea99255dbe772007ca9b9367eca2786390d515","src/main/java/org/elasticsearch/rest/action/support/RestXContentBuilder.java","11","0","1","3","71","104","0"
"orientdb","f7728e8158f45d0f658955bf379cb70687426c99","server/src/main/java/com/orientechnologies/orient/server/network/protocol/http/command/post/OServerCommandPostImportDatabase.java","11","0","1","3","82","115","0"
"hazelcast","cd66a09812f63404b4e934e9591e45ce9472a35c","hazelcast/src/main/java/com/hazelcast/map/impl/eviction/EvictorImpl.java","11","0","1","3","82","125","0"
"elasticsearch","01ca81e2a37c9cd38c6dc44ae567d427c059dbe0","src/test/java/org/elasticsearch/test/ElasticsearchBackwardsCompatIntegrationTest.java","11","0","1","3","91","161","0"
"hazelcast","489cc81c4df8815a70ce55529ee3e0820c3dd27d","hazelcast-client-legacy/src/main/java/com/hazelcast/client/util/ClientCancellableDelegatingFuture.java","11","0","1","3","92","130","1"
"hazelcast","820f4b2d5e993cbc48c7f14e06f7588591085461","hazelcast-client-new/src/main/java/com/hazelcast/client/util/ClientCancellableDelegatingFuture.java","11","0","1","3","96","134","1"
"elasticsearch","233aaa63c9804c58c26b7080b017bc273e462cca","src/test/java/org/elasticsearch/cluster/metadata/MetaDataTests.java","11","0","1","31","381","486","0"
"netty","cc12e40065a0a27d81266cda863a4d24b4487a59","codec-http/src/main/java/io/netty/handler/codec/http/multipart/MixedFileUpload.java","11","0","1","36","213","288","0"
"hazelcast","6fa5ee1ea9925bb0601d3c883aea79514fae4cf8","hazelcast/src/main/java/com/hazelcast/query/impl/BaseIndexStore.java","11","0","1","4","108","152","0"
"oryx","3b0fc229b3818b52dda4b6b863f9bca5dcfc4d86","app/oryx-app/src/main/java/com/cloudera/oryx/app/speed/kmeans/KMeansSpeedModelManager.java","11","0","1","4","117","164","0"
"oryx","fddb336ac30ea3fb0bde91c61ef043f523d7d9fe","app/oryx-app/src/main/java/com/cloudera/oryx/app/speed/kmeans/KMeansSpeedModelManager.java","11","0","1","4","120","168","0"
"hazelcast","31b746bc11a9f8f1787e58c7f4139784dfb5c404","hazelcast-client/src/main/java/com/hazelcast/client/cache/impl/HazelcastClientCacheManager.java","11","0","1","4","149","196","1"
"hazelcast","5795f0a797e1e06f1f72a62393f7fec1e112039d","hazelcast-client/src/main/java/com/hazelcast/client/cache/impl/HazelcastClientCacheManager.java","11","0","1","4","149","196","3"
"hazelcast","5a6b3718301fda68dbb23b2f9a958ab17ad01f61","hazelcast-client/src/main/java/com/hazelcast/client/cache/impl/HazelcastClientCacheManager.java","11","0","1","4","149","196","1"
"hazelcast","b5587fca72e7102593fe121c2de81ca077ccaeec","hazelcast-client/src/main/java/com/hazelcast/client/cache/impl/HazelcastClientCacheManager.java","11","0","1","4","149","196","1"
"hazelcast","c9c2387835b54ced007b4eaafa759fe33628db66","hazelcast-client/src/main/java/com/hazelcast/client/cache/impl/HazelcastClientCacheManager.java","11","0","1","4","149","196","1"
"hazelcast","74ace7dcdefdaf63de1dd47daca79c1dfb171fd9","hazelcast-client/src/main/java/com/hazelcast/client/cache/impl/HazelcastClientCacheManager.java","11","0","1","4","149","196","0"
"hazelcast","5fe534734d912f88bed5098f3b36f3e2872c8319","hazelcast-client-new/src/main/java/com/hazelcast/client/cache/impl/HazelcastClientCacheManager.java","11","0","1","4","160","206","1"
"hazelcast","d10553a0edb7f7ba2ba2a23e5c8f97ce1ea14cb9","hazelcast-client-new/src/main/java/com/hazelcast/client/cache/impl/HazelcastClientCacheManager.java","11","0","1","4","160","206","2"
"hazelcast","d8129628724708c63b6ca67e844dae25d53338fb","hazelcast-client-new/src/main/java/com/hazelcast/client/cache/impl/HazelcastClientCacheManager.java","11","0","1","4","160","206","1"
"hazelcast","2b9bb4fc17af10b2e6c19753155c0c0aeff8ce05","hazelcast-client-new/src/main/java/com/hazelcast/client/cache/impl/HazelcastClientCacheManager.java","11","0","1","4","160","206","0"
"hazelcast","7af8bdc79fe21ff2beda241499150feaa08bd8ea","hazelcast-client-new/src/main/java/com/hazelcast/client/cache/impl/HazelcastClientCacheManager.java","11","0","1","4","160","206","0"
"hazelcast","49bc95f245df5503b44ba497a51ae534883f2f4f","hazelcast-client-new/src/main/java/com/hazelcast/client/cache/impl/HazelcastClientCacheManager.java","11","0","1","4","163","212","1"
"hazelcast","5c695f915d3d5ec0116cccdbde70b3551f5dcb5a","hazelcast-client-new/src/main/java/com/hazelcast/client/cache/impl/HazelcastClientCacheManager.java","11","0","1","4","165","214","0"
"elasticsearch","7678ab52644ebeedf8a3428382cadb065fd24f51","src/test/java/org/elasticsearch/index/fielddata/ParentChildFieldDataTests.java","11","0","1","4","211","263","0"
"neo4j","1b3aad3b619bd72c2c9f79bb7edf642c5dc56a6f","community/kernel/src/main/java/org/neo4j/kernel/impl/factory/CommunityEditionModule.java","11","0","1","4","211","279","1"
"oryx","efcdff4c4e8f2827aae55879bbb778cd0f7dd99c","oryx-lambda/src/main/java/com/cloudera/oryx/lambda/speed/SpeedLayer.java","11","0","1","4","230","284","0"
"neo4j","13e3d20860f871d1c13c10429f2d4d31d6180c8b","community/kernel/src/main/java/org/neo4j/kernel/impl/factory/CommunityEditionModule.java","11","0","1","4","230","302","0"
"neo4j","530cd9dd6f2874f7121a6905d6d7ad1a6b42f376","community/kernel/src/main/java/org/neo4j/kernel/impl/factory/CommunityEditionModule.java","11","0","1","4","238","312","1"
"elasticsearch","c6629722302b820dcee41735a45381b7f6b0e893","modules/test/integration/src/test/java/org/elasticsearch/test/integration/document/DocumentActionsTests.java","11","0","1","4","243","319","0"
"elasticsearch","04b8245d96b665ce3c353cbd0878adac049871ea","modules/test/integration/src/test/java/org/elasticsearch/test/integration/document/DocumentActionsTests.java","11","0","1","4","246","323","0"
"elasticsearch","bb15def36e87ab7fffb803bdd146a89f38b0f48f","src/main/java/org/elasticsearch/index/fielddata/ShardFieldData.java","11","0","1","4","69","104","0"
"orientdb","1327db811d3b8c2dbe9bd6534aa6b36b09c09195","core/src/main/java/com/orientechnologies/orient/core/sql/executor/CheckClassTypeStep.java","11","0","1","4","72","87","0"
"orientdb","e2afc3dac038c69beb86949f42d0c49156980693","core/src/main/java/com/orientechnologies/orient/core/sql/parser/OInputParameter.java","11","0","1","4","85","104","1"
"neo4j","2c53d38d8973733dc91743481322988a392fc5b6","community/lucene-index/src/main/java/org/neo4j/kernel/api/impl/schema/verification/SimpleUniquenessVerifier.java","11","0","1","4","94","133","0"
"oryx","3b0fc229b3818b52dda4b6b863f9bca5dcfc4d86","app/oryx-app-serving/src/main/java/com/cloudera/oryx/app/serving/als/model/ALSServingModelManager.java","11","0","1","4","94","139","0"
"neo4j","c4f478d13eb6daee59bdee054591cec26f5a7b4d","community/lucene-index/src/main/java/org/neo4j/kernel/api/impl/schema/verification/SimpleUniquenessVerifier.java","11","0","1","4","95","135","1"
"oryx","fddb336ac30ea3fb0bde91c61ef043f523d7d9fe","app/oryx-app-serving/src/main/java/com/cloudera/oryx/app/serving/als/model/ALSServingModelManager.java","11","0","1","4","97","142","0"
"netty","b5d715343a24be61be13a1546908ff9dbd3a743c","buffer/src/main/java/io/netty/buffer/DynamicChannelBuffer.java","11","0","1","46","252","329","0"
"elasticsearch","371c73e14023917f3892090d2d3d7ff9ac1216b9","core/src/main/java/org/elasticsearch/index/query/TypeQueryBuilder.java","11","0","1","5","106","150","3"
"elasticsearch","78574d248cf10dad1c5a566fda79e1e0c94afe43","core/src/main/java/org/elasticsearch/index/query/TypeQueryBuilder.java","11","0","1","5","106","150","2"
"elasticsearch","e6aaaf11ed4a1b8f595f920de1840938eddb7a97","core/src/main/java/org/elasticsearch/index/query/TypeQueryBuilder.java","11","0","1","5","106","150","2"
"elasticsearch","a60b8948ba1d836a6eac7cff095519e618939ed8","core/src/main/java/org/elasticsearch/index/query/TypeQueryBuilder.java","11","0","1","5","106","150","0"
"netty","81e5f1ad4665d3591b512dc3b6392eb547baeb65","transport/src/main/java/io/netty/channel/local/LocalServerChannel.java","11","0","1","5","125","166","0"
"elasticsearch","60cbb2d7bcadcd04fbd6cfb2c20bb3f95c49dda1","plugins/repository-azure/src/main/java/org/elasticsearch/repositories/azure/AzureRepository.java","11","0","1","5","129","193","1"
"netty","cc4198971e08cc28c662589e90ed1a10a5be9ab4","transport-rxtx/src/main/java/io/netty/channel/rxtx/RxtxChannel.java","11","0","1","5","130","175","0"
"elasticsearch","8b0df473814dc158eda8eee5fe974e019ff2c802","plugins/repository-azure/src/main/java/org/elasticsearch/repositories/azure/AzureRepository.java","11","0","1","5","135","198","0"
"elasticsearch","df703dce0a104af7ee2f3c463117856a9bd55f1f","plugins/repository-azure/src/main/java/org/elasticsearch/repositories/azure/AzureRepository.java","11","0","1","5","137","200","2"
"hazelcast","31b746bc11a9f8f1787e58c7f4139784dfb5c404","hazelcast/src/main/java/com/hazelcast/cache/impl/HazelcastServerCacheManager.java","11","0","1","5","160","216","1"
"elasticsearch","6c3beaa2ebe4921474addf07ce3aa02a3cb7f915","core/src/test/java/org/elasticsearch/index/query/NestedQueryBuilderTests.java","11","0","1","5","171","220","0"
"orientdb","4337d1b4965d08ded05aa923e3c46d66d70a1721","graphdb/src/test/java/com/orientechnologies/orient/graph/console/OConsoleDatabaseAppTest.java","11","0","1","5","238","312","0"
"orientdb","1c7b2a2d27182c354b402b3f61663d8fa73c91eb","core/src/main/java/com/orientechnologies/orient/core/sql/parser/OBaseExpression.java","11","0","1","5","54","74","1"
"BroadleafCommerce","1c7bf1e0c381c0d25ad3fed43b263143a9564673","admin/broadleaf-open-admin-platform/src/main/java/org/broadleafcommerce/openadmin/server/service/persistence/module/provider/FieldPersistenceProviderAdapter.java","11","0","1","5","69","103","0"
"elasticsearch","d64d0d6a97ae8dd70ba6018f97dd3c5fc10acd53","src/main/java/org/elasticsearch/search/fetch/matchedqueries/MatchedQueriesFetchSubPhase.java","11","0","1","5","70","105","1"
"elasticsearch","89a57bce5aefcdc6be80bcc35e3bc93d1c2d6559","core/src/main/java/org/elasticsearch/search/fetch/matchedqueries/MatchedQueriesFetchSubPhase.java","11","0","1","5","70","106","1"
"elasticsearch","e458d4fd93136cfc42708d9311d05bee36f69321","src/main/java/org/elasticsearch/search/fetch/matchedqueries/MatchedQueriesFetchSubPhase.java","11","0","1","5","71","106","0"
"elasticsearch","79939222e465543f128fd6b1d46c06eefee7c1ef","modules/elasticsearch/src/main/java/org/elasticsearch/search/facet/range/RangeFacetCollector.java","11","0","1","5","71","116","0"
"elasticsearch","bb1cd65c0d1896aeeabc0449e70d87e26ec7b99a","src/main/java/org/elasticsearch/search/fetch/matchedqueries/MatchedQueriesFetchSubPhase.java","11","0","1","5","73","108","0"
"orientdb","694179bbd708b0a0ab131849e7132dbf55ba1a0b","client/src/main/java/com/orientechnologies/orient/client/remote/ORemoteConnectionPool.java","11","0","1","5","78","105","0"
"hazelcast","4e7ff47186f2745b07ed2501acc0f5add899d5b8","hazelcast/src/main/java/com/hazelcast/map/impl/nearcache/AbstractNearCacheInvalidator.java","11","0","1","5","81","124","1"
"hazelcast","93e632d218ab941646a42cfba0d56c60d5d1257d","hazelcast/src/main/java/com/hazelcast/map/impl/nearcache/AbstractNearCacheInvalidator.java","11","0","1","5","81","124","1"
"hazelcast","62a2d7a2993e205acd37a462f8c7f9fe10f29dee","hazelcast/src/main/java/com/hazelcast/map/impl/nearcache/AbstractNearCacheInvalidator.java","11","0","1","5","81","124","0"
"hazelcast","7055202cc7af449ba100132a7820aa265e438df0","hazelcast/src/main/java/com/hazelcast/map/impl/nearcache/AbstractNearCacheInvalidator.java","11","0","1","5","82","125","0"
"orientdb","a317b8f99c288a4c3e697667983f14194a6b892a","etl/src/main/java/com/orientechnologies/orient/etl/OETLPipeline.java","11","0","1","5","89","136","1"
"mct","523a7d63d73ef3ea83abb30531d2ba0f3a6ee78e","mctCoreTaxonomyProvider/src/test/java/gov/nasa/arc/mct/core/policy/OwnershipTest.java","11","0","1","5","99","158","0"
"hazelcast","353523efcbd6f0096b6ab8c89d09b664f841a6d7","hazelcast/src/test/java/com/hazelcast/internal/ascii/RestTest.java","11","0","1","6","118","169","1"
"BroadleafCommerce","b8d645d805691dea60f36eefe3dcaa9595d2f01c","admin/broadleaf-admin-module/src/main/java/org/broadleafcommerce/admin/server/service/handler/CustomerCustomPersistenceHandler.java","11","0","1","6","123","185","0"
"elasticsearch","34703a838d71c32e3bf944e95c09120dd443b075","core/src/main/java/org/elasticsearch/index/translog/BufferingTranslogWriter.java","11","0","1","6","130","178","0"
"elasticsearch","2d03a6b8085cefeaeb8bf11aba2ac18c6992296d","core/src/main/java/org/elasticsearch/index/translog/BufferingTranslogWriter.java","11","0","1","6","131","179","0"
"elasticsearch","a49fe189b0f74b28bd1c9727dda8258ceec912f8","plugins/repository-azure/src/main/java/org/elasticsearch/repositories/azure/AzureRepository.java","11","0","1","6","133","200","0"
"BroadleafCommerce","67ffb9c79534286cb9b05a3c32b2eefb3a336600","core/broadleaf-framework/src/main/java/org/broadleafcommerce/core/catalog/domain/Weight.java","11","0","1","6","55","95","1"
"BroadleafCommerce","a2f2dc1c34ba2468a606704c07bde5e5256efe02","core/broadleaf-framework/src/main/java/org/broadleafcommerce/core/catalog/domain/Weight.java","11","0","1","6","55","95","2"
"BroadleafCommerce","a600ac52945a7ee2f172cbdfdf466a6e37d63fc2","core/broadleaf-framework/src/main/java/org/broadleafcommerce/core/catalog/domain/Weight.java","11","0","1","6","55","95","0"
"BroadleafCommerce","4c0a8b2c4bddabc4e97467c8022161826c630c8c","core/broadleaf-framework/src/main/java/org/broadleafcommerce/core/catalog/domain/Weight.java","11","0","1","6","55","97","0"
"BroadleafCommerce","15e70fe6b89d008dd88b5e98dbfc66a720db68bb","core/broadleaf-framework/src/main/java/org/broadleafcommerce/core/catalog/domain/Weight.java","11","0","1","6","56","98","1"
"orientdb","2d1ae0228d8a0dcc1aa1b3239980ab80684f78cc","core/src/main/java/com/orientechnologies/orient/core/sql/functions/coll/OSQLFunctionList.java","11","0","1","6","64","105","0"
"orientdb","2d1ae0228d8a0dcc1aa1b3239980ab80684f78cc","core/src/main/java/com/orientechnologies/orient/core/sql/functions/coll/OSQLFunctionSet.java","11","0","1","6","71","115","0"
"orientdb","6291aad36ffcf5634db0e0f102f12d545dc4aa94","core/src/main/java/com/orientechnologies/orient/core/db/OrientDBConfig.java","11","0","1","6","82","123","0"
"neo4j","b20f876c8d6413e0e06763bf8e6ccfdba40e6589","integrationtests/src/test/java/org/neo4j/procedure/UserFunctionIT.java","11","0","1","67","817","1072","0"
"neo4j","2b87fb4aace868ae6259d95dad0270e0d6e77405","integrationtests/src/test/java/org/neo4j/procedure/UserFunctionIT.java","11","0","1","67","822","1076","1"
"elasticsearch","12d9268db256b728e8d334801739fb46167902b6","src/main/java/org/elasticsearch/index/fielddata/plain/GeoPointDoubleArrayIndexFieldData.java","11","0","1","7","104","140","0"
"elasticsearch","40cd549c375848729c6ffd381a906c403b31ba4a","src/main/java/org/elasticsearch/index/fielddata/plain/GeoPointDoubleArrayIndexFieldData.java","11","0","1","7","106","142","1"
"hazelcast","80b48eae6977e3bb9cc419aedd376867599bb25f","hazelcast/src/main/java/com/hazelcast/cache/impl/operation/CachePutAllBackupOperation.java","11","0","1","7","115","154","0"
"orientdb","39a8884d03c0bc49b8ecf655a22fe80646afa1e6","spatial/src/main/java/com/orientechnologies/spatial/engine/OLuceneLegacySpatialIndexEngine.java","11","0","1","7","118","168","0"
"elasticsearch","ceb7d55857b25eebac461dcba4f0dc4a028c60b9","src/main/java/org/elasticsearch/index/search/child/HasChildFilter.java","11","0","1","7","120","168","0"
"elasticsearch","5d611a90982a11ba0a4fb5190e7b12ded7d07c6e","src/main/java/org/elasticsearch/index/merge/policy/LogByteSizeMergePolicyProvider.java","11","0","1","7","121","170","0"
"elasticsearch","a05ea535ad68de3ffa876c2c7c78d9d203d499be","core/src/main/java/org/elasticsearch/search/aggregations/bucket/filters/FiltersAggregator.java","11","0","1","7","125","167","1"
"netty","ba6ce5449ee852b782dde9a11933f6a09b123e22","common/src/test/java/io/netty/util/AsciiStringTest.java","11","0","1","7","138","177","0"
"netty","b20e59721720d9d444b13dd2a438144c090c6c55","transport-rxtx/src/main/java/io/netty/channel/rxtx/RxtxChannel.java","11","0","1","7","139","191","0"
"elasticsearch","3ce7b119d28e7d1be7284bd804606a65c2d1a383","core/src/test/java/org/elasticsearch/search/aggregations/AggregatorParsingTests.java","11","0","1","7","219","269","0"
"elasticsearch","49bdd29f91eb3568a8bac28e043f422a208104d1","core/src/test/java/org/elasticsearch/search/aggregations/AggregatorParsingTests.java","11","0","1","7","223","273","1"
"elasticsearch","9077bb6528f843ca8042ff95f8fac47140ef5aa1","modules/elasticsearch/src/main/java/org/elasticsearch/common/lucene/geo/GeoPolygonFilter.java","11","0","1","7","77","122","0"
"elasticsearch","06667c6aa898895acd624b8a71a6e00ff7ae32b8","src/main/java/org/elasticsearch/index/search/geo/GeoPolygonFilter.java","11","0","1","7","79","123","0"
"netty","48506f5b055da028c37b4961ce9a2620b4789e59","codec-dns/src/main/java/io/netty/handler/codec/dns/AbstractDnsRecord.java","11","0","1","7","85","153","0"
"elasticsearch","b91f5da2b2a09797a04448e64fd3643f6c030e01","src/main/java/org/elasticsearch/cloud/azure/blobstore/AzureBlobContainer.java","11","0","1","7","93","130","2"
"orientdb","2d1ae0228d8a0dcc1aa1b3239980ab80684f78cc","core/src/main/java/com/orientechnologies/orient/core/sql/functions/stat/OSQLFunctionVariance.java","11","0","1","7","94","159","0"
"hazelcast","5ec4f40614d7e8a0cb526bc2ae604d4d5958ffa6","hazelcast/src/main/java/com/hazelcast/mapreduce/impl/task/ReducerTask.java","11","0","1","7","99","147","0"
"elasticsearch","40cd549c375848729c6ffd381a906c403b31ba4a","src/main/java/org/elasticsearch/index/fielddata/plain/FloatArrayIndexFieldData.java","11","0","1","8","105","146","1"
"elasticsearch","477489ac82e548aa30a6524e763c8329c37938bf","src/main/java/org/elasticsearch/index/fielddata/plain/FloatArrayIndexFieldData.java","11","0","1","8","105","146","2"
"elasticsearch","4d05c9cfd5cc889be77ec16730517d5417438e92","src/main/java/org/elasticsearch/index/fielddata/plain/FloatArrayIndexFieldData.java","11","0","1","8","105","146","1"
"elasticsearch","12d9268db256b728e8d334801739fb46167902b6","src/main/java/org/elasticsearch/index/fielddata/plain/DoubleArrayIndexFieldData.java","11","0","1","8","105","146","0"
"elasticsearch","12d9268db256b728e8d334801739fb46167902b6","src/main/java/org/elasticsearch/index/fielddata/plain/FloatArrayIndexFieldData.java","11","0","1","8","105","146","0"
"elasticsearch","40cd549c375848729c6ffd381a906c403b31ba4a","src/main/java/org/elasticsearch/index/fielddata/plain/DoubleArrayIndexFieldData.java","11","0","1","8","105","147","1"
"BroadleafCommerce","e216da5ebb303680f5c60ffcd75979f5876ab5a6","admin/broadleaf-open-admin-platform/src/main/java/org/broadleafcommerce/openadmin/server/security/dao/AdminNavigationDaoImpl.java","11","0","1","8","118","168","0"
"elasticsearch","523a8b4c3e8003316f3e7c6a74bdd5e4e1818dd6","modules/elasticsearch/src/main/java/org/elasticsearch/common/lucene/geo/GeoDistanceDataComparator.java","11","0","1","8","121","184","0"
"elasticsearch","5189eb41c7a3a862316849f4571d4e5b21ae41fe","core/src/test/java/org/elasticsearch/cluster/metadata/IndexGraveyardTests.java","11","0","1","8","140","181","0"
"elasticsearch","838edab168c2999af7ba16f000c1180814e98570","core/src/main/java/org/elasticsearch/cache/recycler/PageCacheRecycler.java","11","0","1","8","161","225","1"
"elasticsearch","87737d3e02e5727cfe035068bfca5f3e5af13978","core/src/main/java/org/elasticsearch/cache/recycler/PageCacheRecycler.java","11","0","1","8","163","227","0"
"elasticsearch","952feb58e41bd0220784c44136b840ea4a740e26","core/src/test/java/org/elasticsearch/search/aggregations/bucket/DiversifiedSamplerIT.java","11","0","1","8","184","243","1"
"elasticsearch","e7d352b489272a87b05019869857656de7fb82fc","core/src/test/java/org/elasticsearch/search/aggregations/bucket/DiversifiedSamplerIT.java","11","0","1","8","185","244","0"
"hazelcast","45f4d014a264eccc643dd0445616d015fac1aa3d","hazelcast/src/test/java/com/hazelcast/collection/ListTest.java","11","0","1","8","255","339","0"
"hazelcast","113cf6e570557a5bd83851c91bc9c07adcebd6ae","hazelcast/src/test/java/com/hazelcast/collection/ListTest.java","11","0","1","8","255","341","0"
"hazelcast","9a77b75723e4491d6f4d4e84342e66e6570cb824","hazelcast/src/test/java/com/hazelcast/collection/ListTest.java","11","0","1","8","256","340","0"
"neo4j","c7a8dc3030bed341b67c12175bc0e9e7dd0b84bb","community/kernel/src/test/java/org/neo4j/graphdb/GraphDatabaseServiceTest.java","11","0","1","8","299","391","1"
"neo4j","88eaac89e4736cb65955327e7f588ec105ad88b5","enterprise/com/src/test/java/org/neo4j/com/storecopy/TransactionCommittingResponseUnpackerTest.java","11","0","1","8","502","634","1"
"mcMMO","4210920c5f30dec16b7b5e4e1ee2d07c2b352993","src/main/java/com/gmail/nossr50/skills/swords/SwordsManager.java","11","0","1","8","64","86","0"
"elasticsearch","89ac4d108abab7d6c14bf3b53f266e18aa6deed9","modules/elasticsearch/src/main/java/org/elasticsearch/rest/support/AbstractRestRequest.java","11","0","1","8","68","104","0"
"elasticsearch","22fa91efa041ec5ec36e6d768e240357d4834590","modules/elasticsearch/src/main/java/org/elasticsearch/index/store/memory/ByteBufferIndexInput.java","11","0","1","8","72","115","0"
"hazelcast","d3a28ed59cab8ac001b146e633b1d94070f37563","hazelcast-spring/src/main/java/com/hazelcast/spring/cache/HazelcastCache.java","11","0","1","8","74","110","0"
"hazelcast","b0273c7b8bfb373ab336baae7c981f4a79fe3032","hazelcast-spring/src/main/java/com/hazelcast/spring/cache/HazelcastCache.java","11","0","1","8","74","113","1"
"hazelcast","07857e5f0efcf1b2d789910c35ea269a115e4249","hazelcast/src/main/java/com/hazelcast/map/impl/operation/PartitionWideEntryOperation.java","11","0","1","9","110","157","1"
"hazelcast","4b37b0ebf8a268dba38bcdd279b2ad087568b60a","hazelcast/src/main/java/com/hazelcast/map/impl/operation/PartitionWideEntryOperation.java","11","0","1","9","110","157","1"
"hazelcast","5ca2eb7270cb2ae320c78e06be394586b0f1e902","hazelcast/src/main/java/com/hazelcast/map/impl/operation/PartitionWideEntryOperation.java","11","0","1","9","110","157","2"
"hazelcast","cd66a09812f63404b4e934e9591e45ce9472a35c","hazelcast/src/main/java/com/hazelcast/map/impl/operation/PartitionWideEntryOperation.java","11","0","1","9","110","157","1"
"hazelcast","53e8abd1152099535ae232267aa0b7acbc160f4b","hazelcast/src/main/java/com/hazelcast/map/impl/operation/PartitionWideEntryOperation.java","11","0","1","9","110","157","0"
"elasticsearch","90a339ad5e4a61e750d0342be6326de46f45bedc","modules/elasticsearch/src/main/java/org/elasticsearch/search/facet/datehistogram/ValueScriptDateHistogramFacetCollector.java","11","0","1","9","118","178","0"
"elasticsearch","c25eb7defe0e8698ae36fb7abb515f8564c2d0eb","src/main/java/org/elasticsearch/indices/recovery/RecoverySettings.java","11","0","1","9","120","171","0"
"elasticsearch","bd75b731c654f4c845f0781306b8055704706585","src/main/java/org/elasticsearch/indices/recovery/RecoverySettings.java","11","0","1","9","122","174","1"
"elasticsearch","de243493c9a31354d742c34a66817e8a06798026","src/main/java/org/elasticsearch/index/merge/policy/LogDocMergePolicyProvider.java","11","0","1","9","124","173","0"
"hazelcast","59cb2e8ff78643aed3594a8f5ba7b41d8eeb5759","hazelcast/src/main/java/com/hazelcast/map/impl/operation/PutFromLoadAllOperation.java","11","0","1","9","129","177","2"
"hazelcast","c3baeb4fa6c75235a148572e01f0fc860dc9550d","hazelcast/src/main/java/com/hazelcast/map/impl/operation/PutFromLoadAllOperation.java","11","0","1","9","129","177","1"
"elasticsearch","bd75b731c654f4c845f0781306b8055704706585","src/main/java/org/elasticsearch/index/merge/policy/LogDocMergePolicyProvider.java","11","0","1","9","129","177","1"
"hazelcast","62a2d7a2993e205acd37a462f8c7f9fe10f29dee","hazelcast/src/main/java/com/hazelcast/map/impl/operation/PutFromLoadAllOperation.java","11","0","1","9","129","177","0"
"hazelcast","99c2fd47c8afaea689af5a320aa2daf86ddb381e","hazelcast/src/main/java/com/hazelcast/scheduledexecutor/impl/ScheduledTaskDescriptor.java","11","0","1","9","131","202","1"
"elasticsearch","6a180d1803accc63b624b678dd7a37f43b5eed1a","src/main/java/org/elasticsearch/gateway/local/state/meta/LocalAllocateDangledIndices.java","11","0","1","9","179","239","1"
"elasticsearch","19cce0b32917a6034ab50b2e33111f37de418139","src/main/java/org/elasticsearch/gateway/local/state/meta/LocalAllocateDangledIndices.java","11","0","1","9","181","242","1"
"elasticsearch","adf0c8424bedd36447f985b1d515e8a78578a9f0","src/main/java/org/elasticsearch/gateway/local/state/meta/LocalAllocateDangledIndices.java","11","0","1","9","181","242","1"
"elasticsearch","cbdaf4950bdf44b9669f0d1a169ac23c18eebab4","src/main/java/org/elasticsearch/gateway/local/state/meta/LocalAllocateDangledIndices.java","11","0","1","9","181","242","1"
"elasticsearch","27b973830d2c65359e9a54e4d12c221d163d4de2","src/main/java/org/elasticsearch/gateway/local/state/meta/LocalAllocateDangledIndices.java","11","0","1","9","181","242","0"
"elasticsearch","c9b0e1de6cbd9acbc9a817a6d24b16d93005b9df","src/main/java/org/elasticsearch/gateway/local/state/meta/LocalAllocateDangledIndices.java","11","0","1","9","181","242","0"
"netty","d141ba11bf0c8df8c1b36f65264abd486e5a276d","codec-http/src/test/java/io/netty/handler/codec/http/multipart/HttpPostRequestEncoderTest.java","11","0","1","9","353","438","0"
"elasticsearch","57108c8575b39e7b6c0e7c2ca4bf20f03e6d0912","modules/elasticsearch/src/main/java/org/elasticsearch/rest/support/AbstractRestRequest.java","11","0","1","9","71","108","0"
"BroadleafCommerce","5b8ffcc819972e2d743cce25786d479f104afd09","common/src/main/java/org/broadleafcommerce/common/i18n/domain/TranslatedEntity.java","11","0","1","9","76","119","0"
"BroadleafCommerce","0c21b421c1d9c38444c820eea84cad34979e3b37","common/src/main/java/org/broadleafcommerce/common/i18n/domain/TranslatedEntity.java","11","0","1","9","76","122","1"
"BroadleafCommerce","180794f4eb11e5f2d1ec32f06a18d33c6015ae06","common/src/main/java/org/broadleafcommerce/common/i18n/domain/TranslatedEntity.java","11","0","1","9","85","131","2"
"orientdb","7d92a6b03b707e81490ef22a1fa23a1017918c3d","core/src/main/java/com/orientechnologies/orient/core/storage/impl/local/OStorageConfigurationSegment.java","11","0","1","9","87","135","0"
"orientdb","c1f0f046093d166b58193818b359c73d4a50c228","core/src/main/java/com/orientechnologies/orient/core/storage/impl/local/OStorageConfigurationSegment.java","11","0","1","9","87","135","0"
"orientdb","c65031e4a5cae04be6faeaeccb01fb18d3e5fb85","core/src/main/java/com/orientechnologies/orient/core/storage/impl/local/OStorageConfigurationSegment.java","11","0","1","9","87","135","1"
"BroadleafCommerce","0d395739b23e993839f5195ad63238ae2673f189","common/src/main/java/org/broadleafcommerce/common/i18n/domain/TranslatedEntity.java","11","0","1","9","89","135","1"
"orientdb","76ffdc9fe1e541460329297a955e8494c36be8f5","core/src/main/java/com/orientechnologies/orient/core/storage/impl/local/OStorageConfigurationSegment.java","11","0","1","9","89","137","1"
"BroadleafCommerce","ff2d32724b23b504b0a9fcee0d4a1b7a2f868c18","common/src/main/java/org/broadleafcommerce/common/i18n/domain/TranslatedEntity.java","11","0","1","9","92","139","0"
"BroadleafCommerce","546bc1b51a9f516f21e21ffdcc64644d7f8c6651","common/src/main/java/org/broadleafcommerce/common/i18n/domain/TranslatedEntity.java","11","0","1","9","93","138","1"
"BroadleafCommerce","975cb48b959464ea5eee2524851a8c5f783d1b77","common/src/main/java/org/broadleafcommerce/common/i18n/domain/TranslatedEntity.java","11","0","1","9","94","139","0"
"elasticsearch","567c65b0d57e92cd530dafa7f55de7ba681af13e","core/src/main/java/org/elasticsearch/transport/ConnectionProfile.java","11","0","10","0","110","206","2"
"hazelcast","64946fb8573d31a6383db5553e184365d8dc81d0","hazelcast/src/main/java/com/hazelcast/config/JoinConfig.java","11","0","10","1","66","144","1"
"elasticsearch","4185566e9344091a3ddad4090435fc3609fab208","src/main/java/org/elasticsearch/action/indexedscripts/get/GetIndexedScriptRequest.java","11","0","10","15","156","257","2"
"elasticsearch","19418749e485b9c86930841da470d614a4f2bd70","src/main/java/org/elasticsearch/action/indexedscripts/get/GetIndexedScriptRequest.java","11","0","10","15","156","258","0"
"hazelcast","baf42d6be2a1e6fa0a9532d61cc2b4e56c48f110","hazelcast/src/main/java/com/hazelcast/nio/Bits.java","11","0","10","26","202","329","1"
"hazelcast","4c1b1b779a2a777ec65393b7af9a0dc4e31d82f5","hazelcast/src/main/java/com/hazelcast/nio/Bits.java","11","0","10","26","205","341","0"
"hazelcast","0a71aca191a47577776f118feb67ea9a3b922350","hazelcast/src/test/java/com/hazelcast/concurrent/lock/LockTest.java","11","0","10","30","604","785","2"
"hazelcast","aa06e303947c7ba1ac2fbb9f3e1ed6312100764a","hazelcast/src/test/java/com/hazelcast/concurrent/lock/LockTest.java","11","0","10","30","604","785","2"
"hazelcast","9518e6098309042882113ef36bf7d6a5a61d6349","hazelcast/src/test/java/com/hazelcast/concurrent/lock/LockTest.java","11","0","10","30","604","785","0"
"neo4j","9bd62e18d5eed126fd3b3e8393a09f5a57fad514","community/kernel/src/main/java/org/neo4j/kernel/impl/api/OperationsFacade.java","11","0","10","97","828","1002","1"
"neo4j","70e2351e3ccf15dc3675c778e2456cb8f6b1a34a","community/kernel/src/main/java/org/neo4j/kernel/impl/api/OperationsFacade.java","11","0","10","97","829","1003","2"
"elasticsearch","598854dd72d7fb01a7e26a9dad065de3deaa5eb7","src/test/java/org/elasticsearch/test/transport/MockTransportService.java","11","0","11","18","275","407","0"
"elasticsearch","8ef6e7e7ecac5d83958ab7460299943a7e64a5a4","src/main/java/org/elasticsearch/search/sort/GeoDistanceSortBuilder.java","11","0","12","1","102","189","0"
"elasticsearch","01ca81e2a37c9cd38c6dc44ae567d427c059dbe0","src/test/java/org/elasticsearch/test/CompositeTestCluster.java","11","0","13","11","185","299","0"
"neo4j","951a365a594d7a300c3388374bc1eb59e33b19b4","enterprise/security/src/test/java/org/neo4j/server/security/enterprise/auth/integration/bolt/LdapAuthenticationIT.java","11","0","13","26","674","1038","1"
"neo4j","185130017bc6355de0ead61cb32603cb7ce277d1","enterprise/security/src/test/java/org/neo4j/server/security/enterprise/auth/integration/bolt/LdapAuthenticationIT.java","11","0","13","27","693","1064","0"
"elasticsearch","2ccc223ff761043807683f34b29c693af6c94d95","core/src/main/java/org/elasticsearch/action/admin/cluster/allocation/ClusterAllocationExplainRequest.java","11","0","15","5","153","258","0"
"elasticsearch","90ea778c174f6b5fe9c3ecbaa85be67672dd1f7b","core/src/main/java/org/elasticsearch/action/admin/cluster/allocation/ClusterAllocationExplainRequest.java","11","0","15","5","153","258","0"
"elasticsearch","0189a65e6bfc623813c6c088d19a0509fbeb64da","core/src/main/java/org/elasticsearch/action/admin/cluster/allocation/ClusterAllocationExplainRequest.java","11","0","15","5","153","258","1"
"junit","b1068dc55c95d1000e07b71d3a9d9a2fd26bfff9","src/main/java/org/junit/runner/Description.java","11","0","18","3","111","237","0"
"junit","45a44647e7306262162e1346b750c3209019f2e1","src/main/java/org/junit/runner/Description.java","11","0","18","3","115","242","0"
"netty","2e2abb0b74104662aee76ba532b98e4ea99c2bbe","handler/src/main/java/io/netty/handler/traffic/TrafficCounter.java","11","0","19","0","167","394","1"
"elasticsearch","1f04182b8164ffb19f3805c48d67f0375262b317","core/src/main/java/org/elasticsearch/action/admin/cluster/repositories/put/PutRepositoryRequest.java","11","0","19","3","146","299","0"
"elasticsearch","e1efd5f6baf8dec1c23c79b346b8a29f234a98bb","core/src/main/java/org/elasticsearch/action/admin/cluster/repositories/put/PutRepositoryRequest.java","11","0","19","4","146","299","0"
"elasticsearch","b8fa68f97a9795024d691291f6ea716906cccafb","modules/elasticsearch/src/main/java/org/elasticsearch/index/translog/Translog.java","11","0","19","57","265","426","0"
"elasticsearch","9ee08dbb0b247afb881431df0c313024eb768747","core/src/main/java/org/elasticsearch/common/logging/log4j/LogConfigurator.java","11","0","2","0","119","171","1"
"elasticsearch","5337686d8d39568f94b0b976bd9098af69214302","core/src/main/java/org/elasticsearch/common/logging/log4j/LogConfigurator.java","11","0","2","0","120","172","0"
"elasticsearch","371c73e14023917f3892090d2d3d7ff9ac1216b9","core/src/main/java/org/elasticsearch/common/logging/LogConfigurator.java","11","0","2","0","122","178","3"
"elasticsearch","78574d248cf10dad1c5a566fda79e1e0c94afe43","core/src/main/java/org/elasticsearch/common/logging/LogConfigurator.java","11","0","2","0","122","178","2"
"elasticsearch","e6aaaf11ed4a1b8f595f920de1840938eddb7a97","core/src/main/java/org/elasticsearch/common/logging/LogConfigurator.java","11","0","2","0","122","178","2"
"elasticsearch","a60b8948ba1d836a6eac7cff095519e618939ed8","core/src/main/java/org/elasticsearch/common/logging/LogConfigurator.java","11","0","2","0","122","178","0"
"hazelcast","3df469076a22f870f71f1f23e2ac56224c85654b","hazelcast/src/main/java/com/hazelcast/internal/networking/nonblocking/SelectorOptimizer.java","11","0","2","0","132","208","0"
"netty","3268d6fc2ebfbd83d2f8574607316a6e990cb1f8","codec-http/src/main/java/io/netty/handler/codec/http/websocketx/WebSocketFrameAggregator.java","11","0","2","0","65","101","0"
"elasticsearch","046abdc281c321cd2128ee7684c0edfcaca07203","core/src/main/java/org/elasticsearch/indices/IndicesModule.java","11","0","2","1","147","194","2"
"oryx","089cfe55fd43a90b87e111e48368ad19f20d2e38","framework/oryx-lambda/src/main/java/com/cloudera/oryx/lambda/AbstractSparkLayer.java","11","0","2","1","191","276","0"
"oryx","0e536a808244ffd416c047e7c365d4f055ea1b8a","framework/oryx-lambda/src/main/java/com/cloudera/oryx/lambda/AbstractSparkLayer.java","11","0","2","1","220","303","1"
"oryx","a3fad83af334072f2a5a29c27124408bce1c16a3","framework/oryx-lambda/src/main/java/com/cloudera/oryx/lambda/AbstractSparkLayer.java","11","0","2","1","221","304","1"
"netty","82b617dfe9d28b6361006e6e9943fc83248aa7dd","common/src/main/java/io/netty/util/concurrent/PromiseNotifier.java","11","0","2","1","42","76","1"
"orientdb","13c84a352a84fa9a8e4b68c8913322c99e1dca97","core/src/main/java/com/orientechnologies/orient/core/iterator/ORecordIteratorClass.java","11","0","2","10","103","161","1"
"elasticsearch","b4e80999a7ea9b2ecde0f17ae35634893aa7251a","src/main/java/org/elasticsearch/index/query/functionscore/FunctionScoreQueryBuilder.java","11","0","2","10","106","162","2"
"BroadleafCommerce","15e70fe6b89d008dd88b5e98dbfc66a720db68bb","admin/broadleaf-open-admin-platform/src/main/java/org/broadleafcommerce/openadmin/dto/SimpleValueMapStructure.java","11","0","2","10","72","123","0"
"orientdb","0e7e69ef97fe2d8fc93d2ddbbf0e215e2b660bbe","graphdb/src/test/java/com/tinkerpop/blueprints/impls/orient/OrientGraphNoTxTest.java","11","0","2","11","127","166","0"
"elasticsearch","f2eeceb10dab1a7ebe736dfd32333bd0886e43d8","core/src/test/java/org/elasticsearch/indices/IndicesServiceTests.java","11","0","2","13","327","435","0"
"elasticsearch","48cb81e30bb7cc1cdc39a5484456c606e6ff63be","core/src/test/java/org/elasticsearch/indices/analyze/AnalyzeActionIT.java","11","0","2","13","355","468","0"
"elasticsearch","071d578953961ba79e87dffd59a8c73bd1028f0c","core/src/test/java/org/elasticsearch/indices/analyze/AnalyzeActionIT.java","11","0","2","13","362","475","0"
"hazelcast","fc6416b87c902797899c08d3659417993ef400e6","hazelcast/src/main/java/com/hazelcast/transaction/impl/xa/XAService.java","11","0","2","14","117","163","0"
"hazelcast","1c090ad87906d51892a32c2aa0a32d34002298ec","hazelcast/src/main/java/com/hazelcast/transaction/impl/xa/XAService.java","11","0","2","14","118","164","1"
"hazelcast","2f70f48888d89c73b883a5c9bfb6aa1430727dcf","hazelcast/src/main/java/com/hazelcast/transaction/impl/xa/XAService.java","11","0","2","14","118","164","1"
"hazelcast","408e8124339594aec8d563bf2c6c227c6dd0cd46","hazelcast/src/main/java/com/hazelcast/transaction/impl/xa/XAService.java","11","0","2","14","118","164","2"
"hazelcast","4c5e3b2bc83034d30ec898342f30743f17b47212","hazelcast/src/main/java/com/hazelcast/transaction/impl/xa/XAService.java","11","0","2","14","118","164","0"
"neo4j","8a2d3beff52bcf03814a519f4492e8667ba80f17","community/kernel/src/main/java/org/neo4j/kernel/impl/api/KernelStatement.java","11","0","2","14","186","257","2"
"netty","c53dbb748e392914b4cebb43258f4500e2079925","codec-http2/src/test/java/io/netty/handler/codec/http2/StreamBufferingEncoderTest.java","11","0","2","14","335","453","1"
"neo4j","3ea1d3f5e4ec90ae32ab077bb7b12fd3dc37d4da","community/kernel/src/main/java/org/neo4j/kernel/impl/api/KernelStatement.java","11","0","2","15","192","264","1"
"neo4j","88eaac89e4736cb65955327e7f588ec105ad88b5","enterprise/com/src/main/java/org/neo4j/com/storecopy/TransactionCommittingResponseUnpacker.java","11","0","2","15","247","333","1"
"hazelcast","ccbfb3fe4f981f5a73b2b381cfe404b417c74caa","hazelcast/src/test/java/com/hazelcast/internal/nearcache/AbstractNearCachePreloaderTest.java","11","0","2","15","295","431","1"
"hazelcast","a23961641da88700aa81802d84a4388b155f8753","hazelcast/src/test/java/com/hazelcast/internal/nearcache/AbstractNearCachePreloaderTest.java","11","0","2","15","297","433","0"
"elasticsearch","90c2b3a384c036e7f9345b2586e69fda056387fd","core/src/test/java/org/elasticsearch/index/mapper/geo/GeoPointFieldMapperTests.java","11","0","2","19","506","643","3"
"elasticsearch","768bfb7d1dbcffb4ddcc9bc029dfd7c2e0a59932","core/src/test/java/org/elasticsearch/index/mapper/geo/GeoPointFieldMapperTests.java","11","0","2","19","507","644","2"
"elasticsearch","48b85421ecb963d33c2d8eae93340e9e1c57c6ff","core/src/main/java/org/elasticsearch/cluster/routing/RoutingService.java","11","0","2","2","119","179","0"
"hazelcast","96d2da68ad978e12b54a44bff7c351ada8a01ea7","hazelcast/src/main/java/com/hazelcast/map/impl/query/QueryRunner.java","11","0","2","2","136","237","1"
"elasticsearch","e74d02138f02a66331b2611b5e70a908bb49cb97","core/src/main/java/org/elasticsearch/indices/IndicesModule.java","11","0","2","2","151","199","0"
"orientdb","7a678522a2d83448543bc75d7360ac0857529727","core/src/main/java/com/orientechnologies/orient/core/sql/OCommandExecutorSQLTruncateRecord.java","11","0","2","2","61","106","0"
"orientdb","7a678522a2d83448543bc75d7360ac0857529727","core/src/main/java/com/orientechnologies/orient/core/sql/OCommandExecutorSQLFindReferences.java","11","0","2","2","63","108","0"
"netty","3f72add89a41b3d94309bccb0d253515c0543b65","codec/src/main/java/io/netty/handler/codec/MessageToMessageDecoder.java","11","0","2","2","73","145","0"
"BroadleafCommerce","d8dbf31381e5c689ad90bada81d6092e897818bb","core/broadleaf-framework/src/main/java/org/broadleafcommerce/core/offer/service/discount/domain/PromotableCandidateItemOfferImpl.java","11","0","2","22","150","215","0"
"BroadleafCommerce","90e4079b981d1ac986d9423fda3ac240f14ab316","core/broadleaf-framework/src/main/java/org/broadleafcommerce/core/offer/service/discount/domain/PromotableCandidateItemOfferImpl.java","11","0","2","22","151","219","0"
"elasticsearch","2dcb1f503dce18f6941026c2e108fdd92555bb86","src/main/java/org/elasticsearch/common/logging/log4j/LogConfigurator.java","11","0","2","3","109","150","1"
"ceylon-ide-eclipse","3cb33660de43deb63a0b187966d5d9dd99672eba","plugins/com.redhat.ceylon.eclipse.ui/src/com/redhat/ceylon/eclipse/code/style/CeylonStyle.java","11","0","2","3","131","158","0"
"elasticsearch","7c665a010b12152fef387fac5c1ad710dc467f39","core/src/main/java/org/elasticsearch/common/rounding/DateTimeUnit.java","11","0","2","3","44","78","0"
"mct","4e3e7ed0f47b8d52995d84beeeacd058bd0ad6b3","platform/src/main/java/gov/nasa/arc/mct/identitymgr/impl/DefaultIdentityManager.java","11","0","2","3","52","80","0"
"ceylon-ide-eclipse","5e619a0eea7dffc5d71274f8397c14783ea8bc91","plugins/com.redhat.ceylon.eclipse.ui/src/com/redhat/ceylon/eclipse/code/hover/AnnotationIterator.java","11","0","2","3","62","84","0"
"orientdb","a56ae91e7d9f772da4288542cee900793c24e5e1","core/src/main/java/com/orientechnologies/orient/core/sql/OCommandExecutorSQLTruncateRecord.java","11","0","2","3","65","111","0"
"orientdb","3eae45d55df4c4b08ca6650dc9853c848b82d4b1","core/src/main/java/com/orientechnologies/orient/core/sql/OCommandExecutorSQLFindReferences.java","11","0","2","3","76","125","0"
"elasticsearch","f6a0fe5c2fd2f9c6455ae0bc3abf50bebfa9b8a2","src/main/java/org/elasticsearch/action/bulk/BulkShardRequest.java","11","0","2","3","83","126","0"
"BroadleafCommerce","7983f44305a80ff9941b54e703d149902741ae0d","common/src/main/java/org/broadleafcommerce/common/web/resource/BroadleafResourceHttpRequestHandler.java","11","0","2","3","88","144","0"
"BroadleafCommerce","b929cb70726620365ae65800412f2a735d996dba","common/src/main/java/org/broadleafcommerce/common/web/resource/resolver/BroadleafCachingResourceResolver.java","11","0","2","3","92","137","1"
"orientdb","6d9e180ced37dc784a1063495dbd80ec98c12810","core/src/main/java/com/orientechnologies/orient/core/sql/query/OSQLNonBlockingQuery.java","11","0","2","38","225","306","1"
"orientdb","7c7d60e2c2cf146d7edd289cc983d4fc7d4d8a69","core/src/main/java/com/orientechnologies/orient/core/sql/query/OSQLNonBlockingQuery.java","11","0","2","38","241","325","0"
"elasticsearch","1e7c42447999421ea789d51279496017d34b15d0","core/src/main/java/org/elasticsearch/index/shard/IndexShardOperationsLock.java","11","0","2","4","102","167","0"
"elasticsearch","b4064ce43fc43fecc2b63c63c0d27d52f4656f16","core/src/main/java/org/elasticsearch/index/shard/IndexShardOperationsLock.java","11","0","2","4","102","167","0"
"elasticsearch","fd509d015cf8b2a181e788adbf3a4f0000020d1f","core/src/main/java/org/elasticsearch/index/shard/IndexShardOperationsLock.java","11","0","2","4","102","167","0"
"elasticsearch","48bfb142b97bc32542f73bece4bf19bce57554c8","core/src/main/java/org/elasticsearch/index/shard/IndexShardOperationsLock.java","11","0","2","4","102","167","1"
"elasticsearch","5490cb52b0837aecd24020abb958feef9ba3e9f8","core/src/main/java/org/elasticsearch/index/shard/IndexShardOperationsLock.java","11","0","2","4","107","172","0"
"orientdb","1a8d4d6d1b489ef24d1343a420d687ef4934f214","core/src/main/java/com/orientechnologies/orient/core/sql/OCommandExecutorSQLTruncateCluster.java","11","0","2","4","79","129","1"
"elasticsearch","6d0efae7139401f497e6cd4ab329fba82dd922bf","core/src/test/java/org/elasticsearch/action/admin/cluster/node/tasks/TestTaskPlugin.java","11","0","2","46","343","459","0"
"elasticsearch","3aa72f27382dc5a6180b390eaafcff96c3fd7f1f","src/test/java/org/elasticsearch/common/lucene/search/function/RandomScoreFunctionTests.java","11","0","2","5","105","194","1"
"orientdb","6c332f89b82cb8a446f742cafa793559b2eaade9","distributed/src/main/java/com/orientechnologies/orient/server/distributed/impl/task/OTxTaskResult.java","11","0","2","5","61","101","0"
"elasticsearch","4f7792e64b4ce29197e21486afd090f7187a23c4","src/main/java/org/elasticsearch/search/suggest/phrase/Correction.java","11","0","2","5","67","102","0"
"orientdb","b99ef4dc718c6843428505e90b75ec47566fedae","distributed/src/main/java/com/orientechnologies/orient/server/distributed/sql/OCommandExecutorSQLHASyncDatabase.java","11","0","2","5","75","126","1"
"hazelcast","317fabec0c90b274c686ba018cc1b465fee244f2","hazelcast-client-new/src/test/java/com/hazelcast/client/stress/AtomicLongUpdateStressTest.java","11","0","2","7","101","130","0"
"hazelcast","b777381e2f8cfc3d8bcde3a87c5cc9993e31d4a2","hazelcast-client-new/src/test/java/com/hazelcast/client/stress/AtomicLongUpdateStressTest.java","11","0","2","7","103","132","1"
"elasticsearch","57fcd761f2997629c75aac3617c0d97e80dcea0c","src/main/java/org/elasticsearch/search/aggregations/AggregatorFactories.java","11","0","2","7","135","195","2"
"elasticsearch","164f7b981eecc6fe04cff612bd6364dacaa811c3","src/main/java/org/elasticsearch/search/aggregations/AggregatorFactories.java","11","0","2","7","136","199","1"
"elasticsearch","66b589d58e8da7936c34644abfe4320abe1b8f8b","src/main/java/org/elasticsearch/search/aggregations/AggregatorFactories.java","11","0","2","7","155","224","1"
"orientdb","76ffdc9fe1e541460329297a955e8494c36be8f5","core/src/main/java/com/orientechnologies/orient/core/iterator/ORecordIteratorClass.java","11","0","2","7","86","140","1"
"elasticsearch","228778ceedf4b9cc983971d07a55a3d595b6ee00","src/test/java/org/elasticsearch/search/aggregations/metrics/GeoBoundsTests.java","11","0","2","8","265","346","0"
"ceylon-ide-eclipse","e82ba3737495cae8f78802a01c33bc2428322bfb","plugins/com.redhat.ceylon.eclipse.ui/src/com/redhat/ceylon/eclipse/core/model/CeylonBinaryUnit.java","11","0","2","8","80","109","1"
"orientdb","3e920fd2b6c20b8d17f4119cff1edde42a2802bf","core/src/main/java/com/orientechnologies/orient/core/iterator/ORecordIteratorClass.java","11","0","2","8","90","146","0"
"orientdb","c1f0f046093d166b58193818b359c73d4a50c228","core/src/main/java/com/orientechnologies/orient/core/iterator/ORecordIteratorClass.java","11","0","2","8","91","146","0"
"junit","34e66740b9117ce85cfd416f9e931b2e533ab16e","src/main/java/org/junit/experimental/theories/internal/Assignments.java","11","0","2","9","118","154","0"
"neo4j","d77af35c42ec6e4dde313a5e50ea4b70e17a7143","enterprise/core-edge/src/main/java/org/neo4j/coreedge/raft/state/CoreState.java","11","0","2","9","240","340","0"
"neo4j","8ed5b950ba8468c5b4723bcf5e17e4d3506972d3","enterprise/core-edge/src/main/java/org/neo4j/coreedge/raft/state/CoreState.java","11","0","2","9","241","341","0"
"elasticsearch","2e2e345dcb90e1ec1c48c6bb5348469fc514aea1","src/test/java/org/elasticsearch/indices/mapping/UpdateMappingTests.java","11","0","2","9","333","444","5"
"hazelcast","dec7dd3bccd2fc2bb30f3690c901dd6887241979","hazelcast/src/main/java/com/hazelcast/internal/serialization/impl/FieldDefinitionImpl.java","11","0","2","9","82","117","1"
"elasticsearch","feb854b74264e28649c4e16d8ef993e14be31df5","modules/elasticsearch/src/main/java/org/elasticsearch/index/translog/Translog.java","11","0","20","57","266","431","0"
"elasticsearch","35be46df71e5da1e840b678d8650fb012ae7305b","modules/elasticsearch/src/main/java/org/elasticsearch/action/search/SearchResponse.java","11","0","21","6","183","312","0"
"Android-Universal-Image-Loader","56f4df896682733c9979b348e46ba77494851304","library/src/com/nostra13/universalimageloader/core/DisplayImageOptions.java","11","0","27","21","252","456","0"
"elasticsearch","d84c643f5880a88d2e5c38b487123161f3e01fe0","core/src/test/java/org/elasticsearch/index/query/RandomQueryBuilder.java","11","0","3","0","48","90","0"
"elasticsearch","262ea9534f23761c05570996674932a506259890","core/src/main/java/org/elasticsearch/common/util/LocaleUtils.java","11","0","3","0","56","108","0"
"BroadleafCommerce","4761791d4323cfc6e6d0949d12939c36070d4364","core/broadleaf-framework-web/src/main/java/org/broadleafcommerce/core/web/controller/account/BroadleafSocialRegisterController.java","11","0","3","0","64","109","2"
"netty","e6ca9882a107c34cf6358c8d7a68561025f06016","codec-http/src/main/java/io/netty/handler/codec/http/websocketx/WebSocketServerHandshaker00.java","11","0","3","0","85","194","1"
"netty","7ef6db3ffd2f10cce835685359dec642bd3c874c","codec-http/src/main/java/io/netty/handler/codec/http/websocketx/WebSocketServerHandshaker00.java","11","0","3","0","85","196","0"
"netty","ba6ce5449ee852b782dde9a11933f6a09b123e22","codec-http/src/main/java/io/netty/handler/codec/http/websocketx/WebSocketServerHandshaker00.java","11","0","3","0","85","196","0"
"netty","a0758e7e60e326b13ca8eeccf1a078d413793b41","codec-http/src/main/java/io/netty/handler/codec/http/websocketx/WebSocketServerHandshaker00.java","11","0","3","0","85","196","1"
"antlr4","156696be189bdf3929343fb4bea9b4fbe4a90063","tool/src/org/antlr/v4/parse/TokenVocabParser.java","11","0","3","1","106","161","0"
"hazelcast","2c9f047c50d17d673fc19ecabccf2239611417b6","hazelcast/src/main/java/com/hazelcast/spi/impl/operationservice/impl/CallIdSequence.java","11","0","3","1","124","235","0"
"elasticsearch","d39eb2d69131d7a6a8bda29dcac31342bb1a712e","core/src/main/java/org/elasticsearch/gateway/MetaStateService.java","11","0","3","1","92","149","0"
"elasticsearch","977712f9773c3eecea3958a5b8ddf934207775a6","core/src/main/java/org/elasticsearch/transport/RemoteClusterAware.java","11","0","3","1","96","167","2"
"hazelcast","4d1ed95af678b60a479a0f0148855404e05cca05","hazelcast/src/test/java/com/hazelcast/map/impl/operation/PostJoinMapOperationTest.java","11","0","3","13","189","281","0"
"hazelcast","bef9eaaee45912483a17edfa9bf8c70c0d515419","hazelcast/src/test/java/com/hazelcast/map/impl/operation/PostJoinMapOperationTest.java","11","0","3","13","189","281","0"
"hazelcast","96d2da68ad978e12b54a44bff7c351ada8a01ea7","hazelcast/src/test/java/com/hazelcast/map/impl/operation/PostJoinMapOperationTest.java","11","0","3","13","189","281","2"
"hazelcast","267657223110ee9fc436f5496e078547d29c6e4c","hazelcast/src/test/java/com/hazelcast/nio/serialization/PortableTest.java","11","0","3","13","255","346","1"
"BroadleafCommerce","0b82dddef8d8a719cf608eae326d394cb23b6218","core/broadleaf-framework/src/main/java/org/broadleafcommerce/core/offer/service/discount/domain/PromotableCandidateItemOfferImpl.java","11","0","3","17","130","208","3"
"BroadleafCommerce","150979880d535c0bf00fb5aa86c7607f6df0e8d0","core/broadleaf-framework/src/main/java/org/broadleafcommerce/core/offer/service/discount/domain/PromotableCandidateItemOfferImpl.java","11","0","3","18","137","216","0"
"neo4j","962cbf286af15e7adaa168cf012041d2c1cb874a","community/kernel/src/main/java/org/neo4j/kernel/impl/proc/FieldInjections.java","11","0","3","2","108","156","1"
"netty","3f72add89a41b3d94309bccb0d253515c0543b65","codec/src/main/java/io/netty/handler/codec/ByteToByteDecoder.java","11","0","3","2","64","148","0"
"MapDB","c4c12adfa9056f6e5795eea965a63c883bffb68b","src/main/java/org/mapdb/CacheHardRef.java","11","0","3","2","78","156","1"
"elasticsearch","523a8b4c3e8003316f3e7c6a74bdd5e4e1818dd6","modules/elasticsearch/src/main/java/org/elasticsearch/common/lucene/geo/GeoHashUtils.java","11","0","3","2","91","167","0"
"elasticsearch","9077bb6528f843ca8042ff95f8fac47140ef5aa1","modules/elasticsearch/src/main/java/org/elasticsearch/common/lucene/geo/GeoHashUtils.java","11","0","3","2","92","169","0"
"hazelcast","9d8dcc2a1755aec6419b50698c80c1d109c89523","hazelcast/src/main/java/com/hazelcast/replicatedmap/impl/record/ReplicatedRecord.java","11","0","3","20","142","202","1"
"hazelcast","9b11ae33e4d9354c27af31c3206476188bbf81f0","hazelcast/src/main/java/com/hazelcast/replicatedmap/impl/record/ReplicatedRecord.java","11","0","3","21","150","211","1"
"hazelcast","9d92e89e761fe6d4368df47311cf7902578295a3","hazelcast/src/main/java/com/hazelcast/replicatedmap/impl/record/ReplicatedRecord.java","11","0","3","21","151","212","0"
"elasticsearch","2b3760f78b26817b5a2030aa27b1ddf2f17462f6","core/src/main/java/org/elasticsearch/rest/RestRequest.java","11","0","3","24","135","196","1"
"elasticsearch","51d53791fe71c9cb62bc992588a57cdfb500383f","core/src/main/java/org/elasticsearch/rest/RestRequest.java","11","0","3","24","149","217","0"
"hazelcast","7df686c91c1063bde42dbb25980fb462349f941c","hazelcast/src/main/java/com/hazelcast/replicatedmap/impl/record/ReplicatedRecord.java","11","0","3","24","159","223","0"
"hazelcast","47272dcf84997e899c65c6de1b3164f849b6ece3","hazelcast/src/main/java/com/hazelcast/map/impl/MapContainer.java","11","0","3","25","216","288","1"
"elasticsearch","47293863476fd91f6f3302b4fd36d2d9f9442099","core/src/main/java/org/elasticsearch/cluster/routing/RoutingService.java","11","0","3","3","128","202","0"
"elasticsearch","c09103c35bfe512f8dd83752451dda2893ed7e8e","core/src/main/java/org/elasticsearch/cluster/routing/RoutingService.java","11","0","3","3","128","202","0"
"elasticsearch","0220e45e2f67d4eeeb86376ba88432761eed415e","core/src/main/java/org/elasticsearch/cluster/routing/RoutingService.java","11","0","3","3","128","202","1"
"titan","78e78eac4e59a716b323408c75aacfdc6e138508","titan-core/src/main/java/com/thinkaurelius/titan/graphdb/tinkerpop/TitanBlueprintsGraph.java","11","0","3","30","252","338","1"
"hazelcast","9144e8128c3d271554f7230ee32e4d2e102fe811","hazelcast/src/test/java/com/hazelcast/nio/serialization/PortableTest.java","11","0","3","35","369","493","0"
"MapDB","d9b73c45511ef0b8c33beb61fc4aee5d635a6d32","src/test/java/org/mapdb/BrokenDBTest.java","11","0","3","4","108","163","2"
"MapDB","443379a6869dc870eb0633aa14460acd8d2b1959","src/test/java/org/mapdb/BrokenDBTest.java","11","0","3","4","108","163","2"
"MapDB","452feddbb4d6641b52aabacce1b9dcdae6febd52","src/test/java/org/mapdb/BrokenDBTest.java","11","0","3","4","108","163","1"
"MapDB","b84df1ab7522f9d0e6161dee0cb0261cf8e07297","src/test/java/org/mapdb/BrokenDBTest.java","11","0","3","4","108","163","0"
"elasticsearch","a6510f924520d8cdda2636ac85a1a1e43f6dfb8c","src/main/java/org/elasticsearch/watcher/ResourceWatcherService.java","11","0","3","4","122","191","0"
"elasticsearch","d56a8e5dd888a15b30301821a0a261df71d31e70","core/src/main/java/org/elasticsearch/watcher/ResourceWatcherService.java","11","0","3","4","126","196","1"
"elasticsearch","f2b563034ce3bab4074a60a2eb4cb9593be6e7d4","core/src/main/java/org/elasticsearch/watcher/ResourceWatcherService.java","11","0","3","4","134","205","0"
"netty","cf4d25823c5ec8328e4b7e156330eabe20071084","buffer/src/test/java/io/netty/buffer/AbstractCompositeByteBufTest.java","11","0","3","40","637","840","0"
"elasticsearch","5ec2ba3166febb4983701d37c8a99cb5631f2f0a","core/src/main/java/org/elasticsearch/index/fielddata/ScriptDocValues.java","11","0","3","43","209","295","1"
"hazelcast","d568e4d926d925d57d4e79e34614390416749301","hazelcast/src/main/java/com/hazelcast/spi/impl/NodeEngineImpl.java","11","0","3","44","391","498","0"
"hazelcast","86b064ba3f1e467e74e95d6da24b03122065ce36","hazelcast/src/main/java/com/hazelcast/spi/impl/NodeEngineImpl.java","11","0","3","44","392","505","2"
"hazelcast","0a1bcb70073bdaeb21bc5d81877b254c0b5c18c3","hazelcast/src/main/java/com/hazelcast/spi/impl/NodeEngineImpl.java","11","0","3","44","395","508","1"
"elasticsearch","046abdc281c321cd2128ee7684c0edfcaca07203","core/src/test/java/org/elasticsearch/search/aggregations/BaseAggregationTestCase.java","11","0","3","5","230","298","2"
"elasticsearch","e74d02138f02a66331b2611b5e70a908bb49cb97","core/src/test/java/org/elasticsearch/search/aggregations/BaseAggregationTestCase.java","11","0","3","5","233","301","0"
"elasticsearch","bd75b731c654f4c845f0781306b8055704706585","src/main/java/org/elasticsearch/node/settings/NodeSettingsService.java","11","0","3","6","71","121","1"
"neo4j","b270d9e0e71e8fa4e4dbce0e79c9a3e8eed6e3bc","community/graph-algo/src/test/java/org/neo4j/graphalgo/path/TestAStar.java","11","0","3","8","276","410","0"
"elasticsearch","e256c6fdd145116c4e06b363be33a4a3b7be5845","core/src/test/java/org/elasticsearch/index/mapper/multifield/MultiFieldTests.java","11","0","3","8","423","530","2"
"neo4j","6602c5aea5b783fa9438717cc8f71b5c4dcd03b9","enterprise/security/src/test/java/org/neo4j/server/security/enterprise/auth/AuthProceduresTest.java","11","0","30","27","793","1097","1"
"neo4j","3a78f5f817ec4cdbb54065cbcfd0e3de100ff931","enterprise/security/src/test/java/org/neo4j/server/security/enterprise/auth/AuthProceduresTest.java","11","0","30","30","848","1165","0"
"elasticsearch","30cc33e2e542810a9c893297cdc79c0ab8ea3bdb","modules/lang-painless/src/main/java/org/elasticsearch/painless/FunctionRef.java","11","0","4","0","104","194","0"
"Android-Universal-Image-Loader","af137e29c86dec1485397429e6a50f46d707bd42","UniversalImageLoader/src/com/nostra13/universalimageloader/utils/StorageUtils.java","11","0","4","0","60","104","0"
"netty","5ffb495746e55c440273ec7cc4741ab28e1f9017","codec-http/src/main/java/io/netty/handler/codec/http/websocketx/WebSocketServerHandshaker00.java","11","0","4","0","92","207","0"
"netty","3f72add89a41b3d94309bccb0d253515c0543b65","codec-http/src/main/java/io/netty/handler/codec/http/websocketx/WebSocketServerHandshaker00.java","11","0","4","0","97","214","0"
"elasticsearch","25fd9e26c4fb042d6f6dea14efcd239577bdbbc4","core/src/main/java/org/elasticsearch/action/bulk/Retry.java","11","0","4","1","163","238","0"
"elasticsearch","2bd09c4625898d77aa6c015c6f82cf973ed18cb7","core/src/main/java/org/elasticsearch/action/bulk/Retry.java","11","0","4","1","163","238","0"
"elasticsearch","56cc87b7ccd41040d8fafcaf2da3680d96d10839","core/src/main/java/org/elasticsearch/action/bulk/Retry.java","11","0","4","1","163","238","0"
"elasticsearch","3d13c27fa0df12018f35f1b20987c90277e9b6f9","core/src/main/java/org/elasticsearch/action/bulk/Retry.java","11","0","4","1","163","238","1"
"elasticsearch","429e517476d95e50ecb9d73d58e5013bd2158e7d","core/src/main/java/org/elasticsearch/action/bulk/Retry.java","11","0","4","1","163","238","1"
"elasticsearch","0c724b1878335c68b118db1ebd116bcb532282a2","core/src/main/java/org/elasticsearch/action/bulk/Retry.java","11","0","4","1","165","240","0"
"BroadleafCommerce","d0c8df4158aeaef0d9f4e142f04de1666e03fe7d","common/src/main/java/org/broadleafcommerce/common/security/ldap/BroadleafActiveDirectoryUserDetailsMapper.java","11","0","4","1","64","140","0"
"BroadleafCommerce","452d7905f4d46235dbb709f3bb788719e32da9b9","common/src/main/java/org/broadleafcommerce/common/security/ldap/BroadleafActiveDirectoryUserDetailsMapper.java","11","0","4","1","65","141","0"
"BroadleafCommerce","38dd6061493c3af9a24da6171767fedfa41135cf","common/src/main/java/org/broadleafcommerce/common/web/resource/BroadleafContextUtil.java","11","0","4","1","85","160","0"
"elasticsearch","42b20d601fe2bcece29332a116031616b90d1323","src/main/java/org/elasticsearch/index/fielddata/IndexFieldDataCache.java","11","0","4","15","123","186","1"
"elasticsearch","b7451533c893214caf754737036330d3dea892cd","src/main/java/org/elasticsearch/index/fielddata/IndexFieldDataCache.java","11","0","4","15","128","190","0"
"elasticsearch","4b94eb5cb8cc4294ed0e932a5f22c16bd90d4dd7","core/src/main/java/org/elasticsearch/action/admin/cluster/health/ClusterHealthRequest.java","11","0","4","21","157","228","2"
"elasticsearch","860efb2ad28db09189c8423e05d0dba53010259c","core/src/main/java/org/elasticsearch/action/admin/cluster/health/ClusterHealthRequest.java","11","0","4","21","157","228","2"
"elasticsearch","d3417fb02291f26964d77767020ef345d18c148f","core/src/main/java/org/elasticsearch/action/admin/cluster/health/ClusterHealthRequest.java","11","0","4","21","157","228","0"
"netty","fc1429c00c6a365e37363091a3ee14291bb8f010","handler/src/main/java/io/netty/handler/stream/ChunkedNioStream.java","11","0","4","3","81","132","1"
"netty","ae9963a40cbf7714f3f30e0093ff41f2f200b6e8","codec-dns/src/main/java/io/netty/handler/codec/dns/DnsEntry.java","11","0","4","3","95","375","0"
"elasticsearch","de243493c9a31354d742c34a66817e8a06798026","src/main/java/org/elasticsearch/node/settings/NodeSettingsService.java","11","0","4","5","71","124","0"
"elasticsearch","491b00c4ec22f9e7130d55b01b16b292c7d2cbc0","src/main/java/org/elasticsearch/index/query/FuzzyQueryBuilder.java","11","0","4","5","73","130","2"
"netty","ca29be5e77ef7999b2707cf5d4f32d5e306d568b","handler/src/main/java/io/netty/handler/stream/ChunkedNioStream.java","11","0","4","5","89","142","0"
"elasticsearch","1584c73e4a85037ce83744a384805f234b288548","src/main/java/org/elasticsearch/search/aggregations/bucket/terms/Terms.java","11","0","4","6","76","154","1"
"elasticsearch","235452329a4ec8b3b7b25080e9171cc9f6115de9","core/src/main/java/org/elasticsearch/common/util/concurrent/KeyedLock.java","11","0","4","8","108","173","1"
"Android-Universal-Image-Loader","9ad887a19a575e2edcde24e44f5bde940f6c1833","library/src/com/nostra13/universalimageloader/cache/disc/impl/BaseDiscCache.java","11","0","4","9","113","173","1"
"orientdb","ea1339b2d74756f4efec13f3bb59c93a0a409b47","core/src/main/java/com/orientechnologies/orient/core/sql/operator/OQueryOperator.java","11","0","5","10","126","246","1"
"orientdb","a242cd8fb39fd371e5dfd3ba2f972abc05ebfecb","core/src/main/java/com/orientechnologies/orient/core/sql/operator/OQueryOperator.java","11","0","5","11","129","250","0"
"elasticsearch","78574d248cf10dad1c5a566fda79e1e0c94afe43","core/src/main/java/org/elasticsearch/action/support/tasks/BaseTasksRequest.java","11","0","5","12","113","179","1"
"elasticsearch","e6aaaf11ed4a1b8f595f920de1840938eddb7a97","core/src/main/java/org/elasticsearch/action/support/tasks/BaseTasksRequest.java","11","0","5","12","113","179","1"
"elasticsearch","a60b8948ba1d836a6eac7cff095519e618939ed8","core/src/main/java/org/elasticsearch/action/support/tasks/BaseTasksRequest.java","11","0","5","12","113","179","0"
"elasticsearch","13805c2a23763da08a15c5f1de618edb95d340dc","core/src/main/java/org/elasticsearch/action/support/tasks/BaseTasksRequest.java","11","0","5","12","114","181","1"
"elasticsearch","2bd09c4625898d77aa6c015c6f82cf973ed18cb7","core/src/main/java/org/elasticsearch/action/support/tasks/BaseTasksRequest.java","11","0","5","12","114","181","1"
"elasticsearch","3d13c27fa0df12018f35f1b20987c90277e9b6f9","core/src/main/java/org/elasticsearch/action/support/tasks/BaseTasksRequest.java","11","0","5","12","114","181","2"
"elasticsearch","6d0efae7139401f497e6cd4ab329fba82dd922bf","core/src/main/java/org/elasticsearch/action/support/tasks/BaseTasksRequest.java","11","0","5","12","114","181","0"
"hazelcast","51678a21f014f83d682756ed6b48fa7cafc01d1c","hazelcast/src/test/java/com/hazelcast/multimap/MultiMapTest.java","11","0","5","14","323","444","2"
"BroadleafCommerce","793ba6f34b97b01cf4d776b90c06ae3629558475","core/broadleaf-framework/src/main/java/org/broadleafcommerce/core/offer/domain/OfferRuleImpl.java","11","0","5","2","80","129","1"
"elasticsearch","bd7ff6946ed9d188bd72108a8fb42e3a673cacdf","src/main/java/org/apache/lucene/analysis/ngram/XNGramTokenizer.java","11","0","5","2","98","181","0"
"elasticsearch","25fd9e26c4fb042d6f6dea14efcd239577bdbbc4","core/src/main/java/org/elasticsearch/action/admin/cluster/health/ClusterHealthRequest.java","11","0","5","20","157","231","0"
"elasticsearch","5396d8e1498dca2904764f75f04c6977a6adb9bf","src/test/java/org/elasticsearch/test/hamcrest/ElasticsearchAssertions.java","11","0","5","25","178","253","2"
"hazelcast","d568e4d926d925d57d4e79e34614390416749301","hazelcast/src/main/java/com/hazelcast/map/impl/MapContainer.java","11","0","5","25","214","291","0"
"elasticsearch","cdd13253deee8c4f0cafe5a048161e4efb9ffce7","core/src/main/java/org/elasticsearch/index/query/RegexpQueryBuilder.java","11","0","5","3","75","126","0"
"BroadleafCommerce","793ba6f34b97b01cf4d776b90c06ae3629558475","admin/broadleaf-contentmanagement-module/src/main/java/org/broadleafcommerce/cms/structure/domain/StructuredContentRuleImpl.java","11","0","5","3","83","134","1"
"BroadleafCommerce","0c21b421c1d9c38444c820eea84cad34979e3b37","admin/broadleaf-contentmanagement-module/src/main/java/org/broadleafcommerce/cms/structure/domain/StructuredContentRuleImpl.java","11","0","5","3","89","143","0"
"elasticsearch","5f7b86306726c73d49176a75c59bf729a9b7e603","core/src/main/java/org/elasticsearch/index/mapper/Mapping.java","11","0","5","3","91","138","2"
"BroadleafCommerce","beb23ce063b9f0f91520b023d0eee1fd1a2113ba","admin/broadleaf-contentmanagement-module/src/main/java/org/broadleafcommerce/cms/page/domain/PageRuleImpl.java","11","0","5","3","91","145","1"
"elasticsearch","5d5c6591aac41fe32b7e26d66756f466d4746d10","core/src/main/java/org/elasticsearch/index/mapper/Mapping.java","11","0","5","3","94","142","1"
"elasticsearch","371c73e14023917f3892090d2d3d7ff9ac1216b9","core/src/main/java/org/elasticsearch/index/query/WrapperQueryBuilder.java","11","0","5","4","108","181","3"
"elasticsearch","78574d248cf10dad1c5a566fda79e1e0c94afe43","core/src/main/java/org/elasticsearch/index/query/WrapperQueryBuilder.java","11","0","5","4","108","181","2"
"elasticsearch","e6aaaf11ed4a1b8f595f920de1840938eddb7a97","core/src/main/java/org/elasticsearch/index/query/WrapperQueryBuilder.java","11","0","5","4","108","181","2"
"elasticsearch","a60b8948ba1d836a6eac7cff095519e618939ed8","core/src/main/java/org/elasticsearch/index/query/WrapperQueryBuilder.java","11","0","5","4","108","181","0"
"elasticsearch","17c06f06ba4e86504bd3b24a47198bc30536572c","src/main/java/org/elasticsearch/search/aggregations/bucket/DeferringBucketCollector.java","11","0","5","4","168","234","1"
"elasticsearch","3a46812a335a56c56106aabd98029854ee2b54b3","core/src/main/java/org/elasticsearch/rest/BytesRestResponse.java","11","0","5","6","111","170","0"
"elasticsearch","61f40156d3c06cf3907b41542a050071b451fa3d","core/src/main/java/org/elasticsearch/rest/BytesRestResponse.java","11","0","5","6","111","170","0"
"elasticsearch","ce88d7f9ab8932b0d0db32021c622c3f5a86cd6e","core/src/main/java/org/elasticsearch/rest/BytesRestResponse.java","11","0","5","6","111","170","1"
"elasticsearch","b352a90454085fde41cfb82d220f39513e6d83bb","core/src/main/java/org/elasticsearch/rest/BytesRestResponse.java","11","0","5","7","114","174","1"
"elasticsearch","d3065acf14a76c1c6ef597f8d6acf9a9c3da24c8","src/main/java/org/elasticsearch/common/util/CollectionUtils.java","11","0","5","9","138","203","1"
"hazelcast","cd050d40b89556974e91deed3634f1049fb61a72","hazelcast-client/src/main/java/com/hazelcast/client/config/ClientConfig.java","11","0","53","10","318","721","1"
"hazelcast","1f042b8c4a4245594691bb6d85a66ceed9b43068","hazelcast-client/src/main/java/com/hazelcast/client/config/ClientConfig.java","11","0","55","10","325","745","1"
"hazelcast","2921cff694583b8638dae2991f427e61d5440a9d","hazelcast-client/src/main/java/com/hazelcast/client/config/ClientConfig.java","11","0","55","10","327","751","0"
"netty","14b902fced27440c499bc2500d2410a6bab99805","common/src/main/java/io/netty/util/ResourceLeakDetectorFactory.java","11","0","6","0","127","207","0"
"oryx","9116a5ada9a110bd788ea7d980eae7c307c262ba","framework/oryx-common/src/main/java/com/cloudera/oryx/common/math/VectorMath.java","11","0","6","0","58","110","0"
"neo4j","ffcdd6e2e815c870193dffcc8218c58332f7f950","enterprise/kernel/src/main/java/org/neo4j/kernel/enterprise/builtinprocs/BuiltInProcedures.java","11","0","6","15","389","478","2"
"neo4j","b070962e9b00726d50df951106225fa252b7efeb","enterprise/kernel/src/main/java/org/neo4j/kernel/enterprise/builtinprocs/BuiltInProcedures.java","11","0","6","15","390","479","0"
"neo4j","c53aab6d4de8c83eda42c64474ec13aa7ecb25f3","enterprise/kernel/src/main/java/org/neo4j/kernel/enterprise/builtinprocs/BuiltInProcedures.java","11","0","6","15","391","480","1"
"elasticsearch","b3cb59d0243a33c6dfeda1ff517809a4793a59be","src/test/java/org/elasticsearch/search/aggregations/bucket/DateHistogramTests.java","11","0","6","21","744","984","0"
"ceylon-ide-eclipse","c8298288d63b316cb817c7603e5cf29ce63f1128","plugins/com.redhat.ceylon.eclipse.ui/src/com/redhat/ceylon/eclipse/core/classpath/CeylonLanguageModuleContainer.java","11","0","6","3","121","174","0"
"hazelcast","e206695a160a575c71ab47fc7bfc7cd5a4272e7f","hazelcast/src/main/java/com/hazelcast/spi/impl/operationservice/impl/InvocationRegistry.java","11","0","6","5","114","198","1"
"elasticsearch","b85bcde640da53f95e6fcc174e0a32333ecd91cf","src/main/java/org/elasticsearch/index/query/FuzzyLikeThisQueryBuilder.java","11","0","6","5","89","145","0"
"elasticsearch","e0e6a58357e7b8c7552fecd3786826b3a6142497","src/main/java/org/elasticsearch/index/query/FuzzyLikeThisQueryBuilder.java","11","0","6","5","89","145","0"
"elasticsearch","ffcc710e4eca73e2d15a51c697720dcd76423743","src/main/java/org/elasticsearch/index/query/FuzzyLikeThisQueryBuilder.java","11","0","6","5","89","145","0"
"elasticsearch","7fd54acd6627b627fdb9caac59dcfb286fc91c4e","src/main/java/org/elasticsearch/index/query/FuzzyLikeThisQueryBuilder.java","11","0","6","5","89","145","1"
"hazelcast","8fb478edd7f05c3874592dfd54abd9bd62b8e5d3","hazelcast/src/main/java/com/hazelcast/spi/impl/operationservice/impl/InvocationRegistry.java","11","0","6","5","97","183","1"
"BroadleafCommerce","8c05ddb4cf137ef19b990ae2dbe6bf9a64eb5d68","admin/broadleaf-open-admin-platform/src/main/java/org/broadleafcommerce/openadmin/web/form/entity/Field.java","11","0","6","55","232","339","0"
"elasticsearch","cc2743743c90a117a64bb0c10d1e16e6e1a7e864","core/src/main/java/org/elasticsearch/cluster/metadata/AliasValidator.java","11","0","7","1","80","148","1"
"elasticsearch","3787ea27bf1b33b8005547969b358b8d19fddc8f","core/src/main/java/org/elasticsearch/cluster/metadata/AliasValidator.java","11","0","7","1","81","149","0"
"elasticsearch","371c73e14023917f3892090d2d3d7ff9ac1216b9","core/src/main/java/org/elasticsearch/cluster/metadata/AliasValidator.java","11","0","7","1","81","152","3"
"elasticsearch","78574d248cf10dad1c5a566fda79e1e0c94afe43","core/src/main/java/org/elasticsearch/cluster/metadata/AliasValidator.java","11","0","7","1","81","152","2"
"elasticsearch","e6aaaf11ed4a1b8f595f920de1840938eddb7a97","core/src/main/java/org/elasticsearch/cluster/metadata/AliasValidator.java","11","0","7","1","81","152","2"
"elasticsearch","a60b8948ba1d836a6eac7cff095519e618939ed8","core/src/main/java/org/elasticsearch/cluster/metadata/AliasValidator.java","11","0","7","1","81","152","0"
"elasticsearch","b1cef5fdf8e1f8e9982a4724986b2731ca4d522b","core/src/main/java/org/elasticsearch/search/aggregations/bucket/range/geodistance/GeoDistanceAggregationBuilder.java","11","0","7","11","159","249","1"
"hazelcast","d917acc1c9d03426d5c08254bdb05f134c00e794","hazelcast/src/test/java/com/hazelcast/collection/impl/set/SetAbstractTest.java","11","0","7","19","206","274","1"
"elasticsearch","d4d80525de8f11d0961140b960d4edc6043c67ef","modules/elasticsearch/src/main/java/org/elasticsearch/index/mapper/core/NumberFieldMapper.java","11","0","7","23","164","252","0"
"elasticsearch","f956920acc866062b823fd66d86c59919631f752","src/main/java/org/elasticsearch/common/rounding/Rounding.java","11","0","7","28","161","262","1"
"elasticsearch","93beea1f670f1e0d53bc3fd3ee671bc235d5f1aa","core/src/main/java/org/elasticsearch/action/admin/cluster/snapshots/status/SnapshotStatus.java","11","0","7","5","138","214","0"
"elasticsearch","371c73e14023917f3892090d2d3d7ff9ac1216b9","core/src/main/java/org/elasticsearch/action/admin/cluster/snapshots/status/SnapshotStatus.java","11","0","7","5","139","212","3"
"elasticsearch","78574d248cf10dad1c5a566fda79e1e0c94afe43","core/src/main/java/org/elasticsearch/action/admin/cluster/snapshots/status/SnapshotStatus.java","11","0","7","5","139","212","2"
"elasticsearch","e6aaaf11ed4a1b8f595f920de1840938eddb7a97","core/src/main/java/org/elasticsearch/action/admin/cluster/snapshots/status/SnapshotStatus.java","11","0","7","5","139","212","2"
"elasticsearch","a60b8948ba1d836a6eac7cff095519e618939ed8","core/src/main/java/org/elasticsearch/action/admin/cluster/snapshots/status/SnapshotStatus.java","11","0","7","5","139","212","0"
"elasticsearch","2a844fc457a38650de3aa13ec07e4e8904646e6b","src/main/java/org/elasticsearch/search/aggregations/AggregatorBase.java","11","0","7","6","154","258","0"
"elasticsearch","371c73e14023917f3892090d2d3d7ff9ac1216b9","core/src/main/java/org/elasticsearch/index/query/SpanTermQueryBuilder.java","11","0","8","2","99","154","3"
"elasticsearch","78574d248cf10dad1c5a566fda79e1e0c94afe43","core/src/main/java/org/elasticsearch/index/query/SpanTermQueryBuilder.java","11","0","8","2","99","154","2"
"elasticsearch","e6aaaf11ed4a1b8f595f920de1840938eddb7a97","core/src/main/java/org/elasticsearch/index/query/SpanTermQueryBuilder.java","11","0","8","2","99","154","2"
"elasticsearch","a60b8948ba1d836a6eac7cff095519e618939ed8","core/src/main/java/org/elasticsearch/index/query/SpanTermQueryBuilder.java","11","0","8","2","99","154","0"
"netty","ce1ae0eb8bfec1fc77a2c1c67b34ac1ea1eb327c","codec-http/src/test/java/io/netty/handler/codec/http/multipart/HttpPostRequestDecoderTest.java","11","0","8","5","364","478","1"
"netty","99b11c95b4d9efc180fe2d6f35436a7d49b54106","transport-sctp/src/main/java/io/netty/channel/sctp/SctpMessage.java","11","0","9","9","119","199","0"
"netty","449befa0034e2cf77b3033f62d4f2153cef5a1d7","resolver-dns/src/main/java/io/netty/resolver/dns/DnsNameResolverContext.java","110","0","0","0","652","855","1"
"hazelcast","f02c8c56a09384f5e163849aa17595489649c758","hazelcast/src/main/java/com/hazelcast/spi/impl/OperationServiceImpl.java","110","0","0","0","711","833","1"
"hazelcast","89a1d9713f8387d23ceb4e0ff31ff146075e7404","hazelcast/src/main/java/com/hazelcast/spi/impl/OperationServiceImpl.java","110","0","0","0","713","835","1"
"hazelcast","c03584a40b376d485f79c2ce661ad7df09900744","hazelcast/src/main/java/com/hazelcast/spi/impl/BasicInvocation.java","110","0","0","0","750","941","0"
"hazelcast","02928f139660e2264ab264f2a802c813fa7e647f","hazelcast/src/main/java/com/hazelcast/map/impl/proxy/MapProxySupport.java","110","0","0","0","943","1180","2"
"hazelcast","3683e71539ebd022a4491afd0bf5cc42b428c942","hazelcast/src/main/java/com/hazelcast/map/impl/proxy/MapProxySupport.java","110","0","0","0","945","1182","0"
"hazelcast","7001ec8c5b1305c796de75c2e3f170c562db8c03","hazelcast/src/main/java/com/hazelcast/map/impl/proxy/MapProxySupport.java","110","0","0","0","945","1182","0"
"hazelcast","d6b5a28cdd0898e8bc92c1ebc6cf1ca25e79afe5","hazelcast/src/main/java/com/hazelcast/map/impl/proxy/MapProxySupport.java","110","0","0","0","945","1182","0"
"hazelcast","8617de42fd4462ebd7954f48bd6a610b2d751ba2","hazelcast/src/main/java/com/hazelcast/map/impl/proxy/MapProxySupport.java","110","0","0","0","945","1182","2"
"elasticsearch","3db50b2ebf9da1721186bb477963b3b7d95372ce","src/main/java/org/elasticsearch/search/suggest/phrase/PhraseSuggestParser.java","110","0","0","4","316","360","1"
"hazelcast","f3d7f868b2946bb666e36c354f3aef8a3c47a8ea","hazelcast/src/main/java/com/hazelcast/impl/FactoryImpl.java","110","0","1","100","790","939","1"
"elasticsearch","4185566e9344091a3ddad4090435fc3609fab208","src/main/java/org/elasticsearch/search/SearchService.java","110","0","1","13","869","1006","2"
"netty","8fce6316adecc577d4b19902d04548feeeb8383b","common/src/main/java/io/netty/util/concurrent/DefaultPromise.java","110","0","1","26","699","877","0"
"BroadleafCommerce","62b0965e0032b033930a114c288fac072e05540c","admin/broadleaf-open-admin-platform/src/main/java/org/broadleafcommerce/openadmin/server/service/persistence/module/provider/BasicFieldPersistenceProvider.java","110","0","1","4","412","464","1"
"BroadleafCommerce","a6b6aa3f000934c1ab6c1d123b940cb4ebf58355","admin/broadleaf-open-admin-platform/src/main/java/org/broadleafcommerce/openadmin/server/service/persistence/module/provider/BasicFieldPersistenceProvider.java","110","0","1","4","412","464","3"
"BroadleafCommerce","a3b56d046071ae04bde3a0799d053408cbcf621d","admin/broadleaf-open-admin-platform/src/main/java/org/broadleafcommerce/openadmin/server/service/persistence/module/provider/BasicFieldPersistenceProvider.java","110","0","1","4","412","464","0"
"BroadleafCommerce","8cd4935e7db104bcc4e99f859c4289d29aef191f","admin/broadleaf-open-admin-platform/src/main/java/org/broadleafcommerce/openadmin/server/dao/provider/metadata/CollectionFieldMetadataProvider.java","110","0","1","4","442","498","2"
"BroadleafCommerce","b652d67d56691cebb6a87de01e674ca9f2745e6b","core/broadleaf-framework/src/main/java/org/broadleafcommerce/core/order/service/OrderServiceImpl.java","110","0","1","43","714","888","3"
"elasticsearch","e43f3a941b8ae78e6ab4f66d1da17a976d36b666","src/main/java/org/elasticsearch/index/mapper/geo/GeoPointFieldMapper.java","110","0","11","33","622","778","0"
"mcMMO","64e1448782357db706dbab9b68b81ec51f3c4688","src/main/java/com/gmail/nossr50/listeners/EntityListener.java","110","0","11","4","402","574","2"
"elasticsearch","ca6c26c62db35832981ed6ef00e4ce4045b1f1b9","src/main/java/org/elasticsearch/cluster/routing/allocation/allocator/BalancedShardsAllocator.java","110","0","14","10","689","1043","0"
"elasticsearch","2dfb1d98f4c5e5309a326301476094cd5af6df73","src/main/java/org/elasticsearch/cluster/routing/allocation/allocator/BalancedShardsAllocator.java","110","0","14","10","713","1079","0"
"elasticsearch","acf371ef57ec749737a0cb198975738e769b9eca","src/main/java/org/elasticsearch/cluster/routing/allocation/allocator/BalancedShardsAllocator.java","110","0","14","10","714","1080","0"
"mcMMO","b1fc72e8a9f8f54773ebfd9bb11a768d51b8c432","src/main/java/com/gmail/nossr50/listeners/PlayerListener.java","110","0","15","2","431","683","1"
"elasticsearch","6b39aa615e4ce2c007549e85589f9a37ebef3740","src/main/java/org/elasticsearch/cluster/metadata/MappingMetaData.java","110","0","17","45","508","693","2"
"BroadleafCommerce","0c21b421c1d9c38444c820eea84cad34979e3b37","core/broadleaf-framework/src/main/java/org/broadleafcommerce/core/catalog/domain/SkuImpl.java","110","0","2","68","785","978","3"
"BroadleafCommerce","1c1207650f20f502eb97fcc72152b1aeaaea215c","core/broadleaf-framework/src/main/java/org/broadleafcommerce/core/catalog/domain/SkuImpl.java","110","0","2","70","806","1002","3"
"BroadleafCommerce","e57e6d69b369b23f6d854649aeb0e4bd02cf5916","core/broadleaf-framework/src/main/java/org/broadleafcommerce/core/catalog/domain/SkuImpl.java","110","0","2","70","809","1005","4"
"BroadleafCommerce","d56deddfdc8a1f14e038e26affedad2583e15fa5","core/broadleaf-framework/src/main/java/org/broadleafcommerce/core/catalog/domain/SkuImpl.java","110","0","2","72","829","1031","3"
"elasticsearch","42a7a554b1d279f102a2e0842279bd927bb8e711","core/src/main/java/org/elasticsearch/snapshots/RestoreService.java","110","0","25","12","778","1130","1"
"elasticsearch","ef0e3db0de6928ddca70d18e929223980f283fe1","core/src/main/java/org/elasticsearch/snapshots/RestoreService.java","110","0","25","12","779","1131","0"
"elasticsearch","e7c2a8ae4d01d708f59d7869dbde015ccf22938e","core/src/main/java/org/elasticsearch/snapshots/RestoreService.java","110","0","25","12","780","1132","1"
"elasticsearch","066afcf3c36910210d50850f8880d38cd40e5dbe","core/src/main/java/org/elasticsearch/snapshots/RestoreService.java","110","0","25","12","781","1133","1"
"mcMMO","bbbd12d46120f20a072c2f8f367af1cd5c2505f8","src/main/java/com/gmail/nossr50/skills/gathering/WoodCutting.java","110","0","3","1","359","515","0"
"elasticsearch","8364279b98abeb20b9ac6dee82f4f676b3e97e7a","core/src/main/java/org/elasticsearch/search/SearchService.java","110","0","3","13","730","876","1"
"mcMMO","299f440f637b05e243d2e72810475d8f9d488a65","src/main/java/com/gmail/nossr50/Combat.java","110","0","3","6","321","447","0"
"elasticsearch","3f6a3c01dadb1951b597ffdbd068359a2fbc84c8","core/src/main/java/org/elasticsearch/cluster/routing/RoutingNodes.java","110","0","31","29","702","997","1"
"hazelcast","cb32444b6c11c96e4656a9a7e8b35e99418829f9","hazelcast/src/main/java/com/hazelcast/config/ConfigXmlGenerator.java","110","0","4","0","794","949","1"
"orientdb","80e2550436da767ebf8944339a885037569a8271","core/src/main/java/com/orientechnologies/orient/core/index/sbtreebonsai/local/OSBTreeBonsaiLocal.java","110","0","4","25","1134","1427","0"
"orientdb","f2c3273e9f37bffc0c99099735b1a09364360430","core/src/main/java/com/orientechnologies/orient/core/index/sbtreebonsai/local/OSBTreeBonsaiLocal.java","110","0","4","25","1145","1428","0"
"elasticsearch","620536f85038d68522103d9cd91e4f3377773feb","core/src/main/java/org/elasticsearch/index/translog/Translog.java","110","0","46","75","1208","1734","1"
"elasticsearch","17d34d5c9728c27e3b9117eb6e177c56a90c879b","src/test/java/org/elasticsearch/test/TestCluster.java","110","0","47","17","1029","1423","0"
"neo4j","4d3b5cd40762b26828c47787e6547cc1ea90238b","community/kernel/src/main/java/org/neo4j/kernel/impl/api/StateHandlingStatementOperations.java","110","0","5","114","1455","1689","0"
"hazelcast","db0fda1438546ac7bd661383ce9bd5fe06e78940","hazelcast/src/test/java/com/hazelcast/map/QueryTest.java","110","0","5","44","1225","1341","0"
"antlr4","3e054df98b9e8f0e154e0a1b886c7947e5c00e88","tool/src/org/antlr/v4/Tool.java","110","0","8","30","637","860","0"
"elasticsearch","a0d1f8889d732cb62e83ce198a739a21c00c3fac","core/src/main/java/org/elasticsearch/cluster/routing/allocation/allocator/BalancedShardsAllocator.java","110","0","9","10","675","1031","0"
"elasticsearch","847938a88e7893dc5bfe3e5037b49169fe797932","modules/elasticsearch/src/main/java/org/elasticsearch/common/xcontent/XContentBuilder.java","110","0","9","110","842","1045","0"
"hazelcast","285ea2f37f81be480b27c4d255050be62a2af56f","hazelcast/src/main/java/com/hazelcast/queue/QueueContainer.java","110","0","9","39","569","680","0"
"hazelcast","e56ed623e2f90ba7444669e38f971c3206d1c4a0","hazelcast/src/main/java/com/hazelcast/queue/QueueContainer.java","110","0","9","39","569","681","1"
"orientdb","3fd79f333e2a5c17bcac9d2ddfe74044e2dfecdd","core/src/main/java/com/orientechnologies/orient/core/sql/parser/OrientSql.java","11079","0","11","168","23973","25411","0"
"orientdb","89a7e436f088017a938f314241ba550e79c738d3","core/src/main/java/com/orientechnologies/orient/core/sql/parser/OrientSql.java","11088","0","11","168","24136","25602","1"
"orientdb","9df1e17bf9f8ea115fe2f31b9a501a38380867a5","core/src/main/java/com/orientechnologies/orient/core/sql/parser/OrientSql.java","11091","0","11","168","24144","25612","1"
"orientdb","eefe33973dbf95af2f11a44f56ef4d94e9a82bf0","core/src/main/java/com/orientechnologies/orient/core/sql/parser/OrientSql.java","11094","0","11","168","24156","25625","2"
"netty","2304913341ef3f239e5509a46921a5c65bbbe360","transport-sctp/src/main/java/io/netty/channel/sctp/SctpWorker.java","111","0","0","0","608","796","2"
"hazelcast","ea8ff1c274ffffe189038236dcc2702e5e2ee13d","hazelcast-client/src/main/java/com/hazelcast/client/cache/impl/AbstractClientInternalCacheProxy.java","111","0","0","0","817","957","0"
"hazelcast","60a7c288e274f732a4d30dbf717b5ff8cdec4515","hazelcast-client/src/main/java/com/hazelcast/client/cache/impl/AbstractClientInternalCacheProxy.java","111","0","0","0","818","958","1"
"hazelcast","d9d20943b88faf6aa25ddbdc19feab4571611431","hazelcast-client/src/main/java/com/hazelcast/client/cache/impl/AbstractClientInternalCacheProxy.java","111","0","0","0","822","964","1"
"hazelcast","4e7ff47186f2745b07ed2501acc0f5add899d5b8","hazelcast/src/main/java/com/hazelcast/map/impl/proxy/MapProxySupport.java","111","0","0","0","943","1179","1"
"hazelcast","1b94dc735523acce006c01d1fbfcaab95441365f","hazelcast/src/main/java/com/hazelcast/map/impl/proxy/MapProxySupport.java","111","0","0","0","949","1186","0"
"hazelcast","60de112c7f65d9b10d048b84a96874bb04af70e0","hazelcast/src/main/java/com/hazelcast/map/impl/proxy/MapProxySupport.java","111","0","0","0","949","1186","0"
"hazelcast","82dcf180d5585f5896c75465b9a463ea990fc8cd","hazelcast/src/main/java/com/hazelcast/map/impl/proxy/MapProxySupport.java","111","0","0","0","949","1186","1"
"hazelcast","d070f1256c8c7fa823e6463487462826384ee1df","hazelcast/src/main/java/com/hazelcast/map/impl/proxy/MapProxySupport.java","111","0","0","0","952","1189","0"
"netty","29fdb160f33776c76f0b46aada48a9c9f3babcbf","transport/src/main/java/io/netty/channel/AbstractChannelHandlerContext.java","111","0","0","0","953","1153","0"
"mcMMO","c10525ada9ed2c0b77c518089a300e3b4e32e7c1","src/main/java/com/gmail/nossr50/database/FlatfileDatabaseManager.java","111","0","0","16","834","1045","1"
"elasticsearch","346d8efeb59057367dd91f00b4e185d5cf68c23a","src/main/java/org/elasticsearch/percolator/PercolatorService.java","111","0","1","10","708","850","1"
"hazelcast","381413e66bb1c66823222498fc7fac88c3f3c3c5","hazelcast/src/main/java/com/hazelcast/impl/FactoryImpl.java","111","0","1","100","791","940","0"
"hazelcast","1aca2ceab66757dabb1d5bd8cff6c5f793ce4669","hazelcast/src/main/java/com/hazelcast/impl/FactoryImpl.java","111","0","1","101","799","949","0"
"elasticsearch","29336b231bf67eaf39b179a6c8f041762e1699b6","core/src/main/java/org/elasticsearch/search/SearchService.java","111","0","1","14","780","911","1"
"BroadleafCommerce","a0b4fcff57a8213f875366ebbdebe2fcba6ed2e7","admin/broadleaf-open-admin-platform/src/main/java/org/broadleafcommerce/openadmin/server/service/AdminEntityServiceImpl.java","111","0","1","30","764","948","3"
"BroadleafCommerce","13e1633525853b787be9d24c7efe4fbff2522817","admin/broadleaf-open-admin-platform/src/main/java/org/broadleafcommerce/openadmin/server/dao/provider/metadata/CollectionFieldMetadataProvider.java","111","0","1","4","444","500","1"
"BroadleafCommerce","0aa224ccf0f5db1c7ba1f2e31bd91aa917b59ee6","admin/broadleaf-open-admin-platform/src/main/java/org/broadleafcommerce/openadmin/server/dao/provider/metadata/CollectionFieldMetadataProvider.java","111","0","1","4","446","502","1"
"BroadleafCommerce","ed6a63e4bf74b8b8876dc0f94d9d692b5645e5f9","admin/broadleaf-open-admin-platform/src/main/java/org/broadleafcommerce/openadmin/server/dao/provider/metadata/CollectionFieldMetadataProvider.java","111","0","1","4","446","505","1"
"BroadleafCommerce","c8e97392a5f5bcdf3517f0c555f934f418e2ddf4","admin/broadleaf-open-admin-platform/src/main/java/org/broadleafcommerce/openadmin/server/dao/provider/metadata/CollectionFieldMetadataProvider.java","111","0","1","4","451","510","0"
"hazelcast","f37c562ba960a9badc4dcae6fa0ee3e4e98d82a6","hazelcast/src/main/java/com/hazelcast/map/PartitionRecordStore.java","111","0","1","42","756","872","0"
"BroadleafCommerce","45b052a6f144b2efab2b01dbc7eb670893bc5d25","core/broadleaf-framework/src/main/java/org/broadleafcommerce/core/order/service/OrderServiceImpl.java","111","0","1","44","721","896","2"
"BroadleafCommerce","9a2399ccabc71c63572c786cacfa9d17404bf0db","admin/broadleaf-open-admin-platform/src/main/java/org/broadleafcommerce/openadmin/server/service/persistence/module/provider/RuleFieldPersistenceProvider.java","111","0","1","5","651","793","0"
"orientdb","807221944f10678433892c192193cb40989fc482","core/src/main/java/com/orientechnologies/orient/core/db/tool/ODatabaseExport.java","111","0","1","7","459","615","0"
"orientdb","eefe33973dbf95af2f11a44f56ef4d94e9a82bf0","core/src/main/java/com/orientechnologies/orient/core/command/script/OCommandExecutorScript.java","111","0","1","7","476","625","2"
"mcMMO","816b08b14a22507f89effbc904a618772dfc0ccb","src/main/java/com/gmail/nossr50/listeners/EntityListener.java","111","0","11","4","405","578","2"
"MapDB","461ee2dfb2a75977881f1f67fd1f5df1cc8097aa","src/main/java/org/mapdb/BTreeKeySerializer.java","111","0","12","14","400","655","1"
"MapDB","06b099139f315ca2b996d674ddbbce9ac8640aad","src/main/java/org/mapdb/BTreeKeySerializer.java","111","0","12","15","428","693","0"
"elasticsearch","579cca9adb43cb12d7bda9d6d0bb6fcd118ca002","core/src/main/java/org/elasticsearch/index/mapper/MapperService.java","111","0","12","18","636","870","0"
"netty","f4ad6173ca704acdd7e4dfdaaf5f26dc0bff1419","handler/src/main/java/io/netty/handler/ssl/SslHandler.java","111","0","12","19","725","1101","0"
"netty","17e37fdfe6ccd397cee3e41e12975a527f722f6b","handler/src/main/java/io/netty/handler/ssl/SslHandler.java","111","0","13","21","707","1086","0"
"elasticsearch","a9e2433dab3ced5de25b8483d56cf293f110d38e","src/main/java/org/elasticsearch/cluster/metadata/MappingMetaData.java","111","0","17","44","492","673","0"
"elasticsearch","b03f3fcd6c504bfc8a5054a3e81c88930f38b5cd","src/main/java/org/elasticsearch/cluster/metadata/MappingMetaData.java","111","0","17","44","493","675","1"
"netty","4500adb6e03baedce9b9d937dd3c137b11a83f10","codec-http/src/main/java/io/netty/handler/codec/http/HttpObjectDecoder.java","111","0","2","0","567","795","1"
"netty","6d5c38897ee42da732f082252aa7f1579719354f","codec-http/src/main/java/io/netty/handler/codec/http/HttpObjectDecoder.java","111","0","2","0","570","808","0"
"elasticsearch","598854dd72d7fb01a7e26a9dad065de3deaa5eb7","src/main/java/org/elasticsearch/discovery/zen/ZenDiscovery.java","111","0","2","10","934","1212","0"
"elasticsearch","3d7daa1a5a747f0d5f947eac2914bec861239c4f","core/src/main/java/org/elasticsearch/search/SearchService.java","111","0","2","13","768","901","2"
"netty","26a7a5ec25fe81fae38f557e6b44bf9c3ea91fea","codec-http2/src/main/java/io/netty/handler/codec/http2/DefaultHttp2Connection.java","111","0","2","14","845","1169","1"
"elasticsearch","f9b7fe136a18367cc7607a3ebbd58742fc935af8","src/test/java/org/elasticsearch/search/sort/SimpleSortTests.java","111","0","2","24","1573","1955","1"
"elasticsearch","8ef6e7e7ecac5d83958ab7460299943a7e64a5a4","src/test/java/org/elasticsearch/search/sort/SimpleSortTests.java","111","0","2","25","1640","2034","0"
"netty","daa79f3a118ab9c006b731ebaf94c56e44d95381","codec-http/src/main/java/io/netty/handler/codec/spdy/SpdySessionHandler.java","111","0","2","4","466","858","0"
"BroadleafCommerce","d8dbf31381e5c689ad90bada81d6092e897818bb","core/broadleaf-framework/src/main/java/org/broadleafcommerce/core/offer/service/processor/ItemOfferProcessorImpl.java","111","0","3","2","475","741","0"
"elasticsearch","06851b7224a32db122d58529fd2a111d8f5507e1","core/src/main/java/org/elasticsearch/index/translog/Translog.java","111","0","31","62","1050","1413","1"
"hazelcast","59c4822d4ad5dfac4cecd11231280baa33d4aa35","hazelcast/src/test/java/com/hazelcast/map/QueryTest.java","111","0","4","46","1251","1368","1"
"hazelcast","c494719e00328b0351cf8b8b6a504d4148a0e49e","hazelcast/src/test/java/com/hazelcast/map/QueryTest.java","111","0","4","46","1255","1375","0"
"hazelcast","39091ff574efe84ae6a3d772a1b7cfce80f4f2e0","hazelcast/src/test/java/com/hazelcast/map/QueryTest.java","111","0","4","46","1255","1378","0"
"hazelcast","6089fd2a02f5a274f0bd303d51105069b1bb7e3c","hazelcast/src/test/java/com/hazelcast/map/QueryTest.java","111","0","4","46","1256","1375","1"
"ceylon-ide-eclipse","f2e75f337febd75c4385a98f3d9fe5b9ca6fecc7","plugins/com.redhat.ceylon.eclipse.ui/src/com/redhat/ceylon/eclipse/code/parse/CeylonParseController.java","111","0","6","18","957","1186","1"
"elasticsearch","e601e02912657b1ae822f71206e272c3fa9a9ef0","core/src/main/java/org/elasticsearch/cluster/routing/allocation/allocator/BalancedShardsAllocator.java","111","0","9","10","676","1031","3"
"hazelcast","485f426abc042144ebf9fd213e724556ad967191","hazelcast-client/src/main/java/com/hazelcast/client/cache/impl/AbstractClientInternalCacheProxy.java","112","0","0","0","829","969","1"
"hazelcast","1bfc71314ed00effe6c212f20af4d0092a27f5cc","hazelcast-client/src/main/java/com/hazelcast/client/cache/impl/AbstractClientInternalCacheProxy.java","112","0","0","0","843","982","1"
"hazelcast","0dc65895e880eb4cbdd6996e355913992bf987d9","hazelcast/src/main/java/com/hazelcast/map/impl/proxy/MapProxySupport.java","112","0","0","0","964","1203","0"
"hazelcast","36b35da77f64da0982327ab57ad5824883a33afc","hazelcast/src/main/java/com/hazelcast/map/impl/proxy/MapProxySupport.java","112","0","0","0","964","1203","0"
"hazelcast","9edfab7f3f59aa6703b54c44ea249fa6da524874","hazelcast/src/main/java/com/hazelcast/map/impl/proxy/MapProxySupport.java","112","0","0","0","964","1203","0"
"hazelcast","73169d6f336cdba096477afe2951c98595b7a185","hazelcast/src/main/java/com/hazelcast/map/impl/proxy/MapProxySupport.java","112","0","0","0","964","1203","2"
"hazelcast","dcde89bc0b97ab0e39eb414a65730066e6ac0237","hazelcast/src/main/java/com/hazelcast/map/impl/proxy/MapProxySupport.java","112","0","0","0","964","1203","2"
"hazelcast","51a01295fc2123c204f6ee63b4bbe553fcf85d98","hazelcast/src/main/java/com/hazelcast/map/impl/proxy/MapProxySupport.java","112","0","0","0","965","1204","0"
"hazelcast","7055202cc7af449ba100132a7820aa265e438df0","hazelcast/src/main/java/com/hazelcast/map/impl/proxy/MapProxySupport.java","112","0","0","0","965","1204","0"
"hazelcast","ac703759a1cede64d1b718cc8e7be84f6b7916d9","hazelcast/src/main/java/com/hazelcast/map/impl/proxy/MapProxySupport.java","112","0","0","0","965","1204","0"
"hazelcast","ada1715782d1bc416fc363475952aa88def0cfc2","hazelcast/src/main/java/com/hazelcast/map/impl/proxy/MapProxySupport.java","112","0","0","0","965","1204","1"
"ceylon-ide-eclipse","07f53b47f55a499ea8ea1ed573a4f2fe3796cdc7","plugins/com.redhat.ceylon.eclipse.ui/src/com/redhat/ceylon/eclipse/code/refactor/ChangeParametersRefactoring.java","112","0","0","19","740","822","1"
"BroadleafCommerce","e9c6a187eaeb0a0f09362fe774d1f9912ceafed7","admin/broadleaf-open-admin-platform/src/main/java/org/broadleafcommerce/openadmin/server/service/persistence/PersistenceManagerImpl.java","112","0","0","29","610","760","1"
"BroadleafCommerce","ef8b7aeb10b740a6f24103ca09c5790505e70caf","admin/broadleaf-open-admin-platform/src/main/java/org/broadleafcommerce/openadmin/server/service/persistence/PersistenceManagerImpl.java","112","0","0","29","633","783","1"
"BroadleafCommerce","4a616b68956d66cd2e6de90cabf8976f48713a74","admin/broadleaf-open-admin-platform/src/main/java/org/broadleafcommerce/openadmin/server/service/persistence/PersistenceManagerImpl.java","112","0","0","29","638","788","1"
"elasticsearch","10e2528cceb404165822862602eb1326ccb1fba5","src/main/java/org/elasticsearch/percolator/PercolatorService.java","112","0","1","10","713","858","0"
"orientdb","a2eaf6636bb600c7e6d311b0bb7d112bbaafb4a0","etl/src/main/java/com/orientechnologies/orient/etl/loader/OETLOrientDBLoader.java","112","0","1","11","495","635","0"
"elasticsearch","8e742c2096dad1e87e88719902b961e2b7100fa6","src/main/java/org/elasticsearch/search/SearchService.java","112","0","1","13","877","1016","0"
"BroadleafCommerce","11b9bbc3f26a276b1394b183501971f50b0bc40a","admin/broadleaf-open-admin-platform/src/main/java/org/broadleafcommerce/openadmin/server/service/AdminEntityServiceImpl.java","112","0","1","30","745","929","2"
"MapDB","049ecc0fbd3d4b6bf93021c9a442312146101cba","src/main/java/org/mapdb/SerializerPojo.java","112","0","1","6","544","786","0"
"elasticsearch","90b547cf2c82b03fe42b9cce4ea878d81734228a","src/main/java/org/elasticsearch/cluster/metadata/MappingMetaData.java","112","0","17","45","510","695","2"
"elasticsearch","48bc132927d5af54c82a7ea754526ed9e94cbfe6","src/main/java/org/elasticsearch/cluster/metadata/MappingMetaData.java","112","0","17","47","519","707","2"
"netty","ba6ce5449ee852b782dde9a11933f6a09b123e22","codec-http/src/main/java/io/netty/handler/codec/http/HttpObjectDecoder.java","112","0","2","1","575","823","1"
"elasticsearch","00d54fabb259a21e98441f58c04b86b7f13a3a71","src/main/java/org/elasticsearch/search/SearchService.java","112","0","2","13","894","1048","0"
"elasticsearch","a8a35d7c291a999e13a56fd2107427453b7c76ba","src/main/java/org/elasticsearch/common/geo/builders/ShapeBuilder.java","112","0","21","5","571","940","0"
"elasticsearch","1863ab95f862294db7d105717656bd6452eef9d9","core/src/main/java/org/elasticsearch/common/io/stream/StreamInput.java","112","0","23","32","620","810","1"
"elasticsearch","a6510f924520d8cdda2636ac85a1a1e43f6dfb8c","src/main/java/org/elasticsearch/common/Base64.java","112","0","31","0","812","1857","0"
"elasticsearch","6c28235b03fdad898986f613e198c24ca3067e4d","core/src/main/java/org/elasticsearch/cluster/routing/RoutingNodes.java","112","0","31","28","686","970","4"
"elasticsearch","d4de8dbcfed322aa37c7392a2da061c6d286894f","core/src/main/java/org/elasticsearch/index/translog/Translog.java","112","0","31","62","1058","1424","0"
"elasticsearch","f6020a6ff29824757855348157933e5cd90b49ba","core/src/main/java/org/elasticsearch/index/translog/Translog.java","112","0","31","62","1058","1424","0"
"elasticsearch","2f3de1719f3279f3a701258efd215e82f900fecc","core/src/main/java/org/elasticsearch/index/translog/Translog.java","112","0","31","62","1058","1424","1"
"mct","c51c585e19c0ee09920cb84aebf4039dd9691380","fastPlotViews/src/main/java/gov/nasa/arc/mct/fastplot/bridge/PlotView.java","112","0","36","36","867","1302","0"
"mct","00a1a4e44d41db0509178e7acb449101cb47231f","fastPlotViews/src/main/java/gov/nasa/arc/mct/fastplot/bridge/PlotView.java","112","0","36","37","870","1307","0"
"elasticsearch","2b9cfff90f6a11095c36fae0dce35bbe9d0c6f96","core/src/main/java/org/elasticsearch/common/Strings.java","112","0","37","12","512","961","0"
"elasticsearch","c8ca015c0bd28caf4fd84862679afc63a9e7d2ac","core/src/main/java/org/elasticsearch/search/SearchService.java","112","0","4","14","788","962","0"
"elasticsearch","2f8def11b5109eb80b47422a200bf7b7e07c8467","core/src/main/java/org/elasticsearch/search/SearchService.java","112","0","4","14","790","964","3"
"hazelcast","3c4b5bff6e2c990f79804b534cdf95b633e70b53","hazelcast/src/test/java/com/hazelcast/map/QueryTest.java","112","0","4","47","1271","1392","0"
"elasticsearch","db4809d9061e6c4158d73eab1e7a9c82aec6521b","core/src/main/java/org/elasticsearch/search/aggregations/bucket/terms/support/IncludeExclude.java","112","0","6","20","504","634","1"
"antlr4","b4a53d56d4324739e823344237c4d7fdf6cac90c","tool/src/org/antlr/v4/Tool.java","112","0","8","30","647","873","1"
"elasticsearch","0a07ce8916ad6c51be8c19cfa2cf7202382fbd93","src/main/java/org/elasticsearch/index/shard/IndexShard.java","112","0","8","64","881","1079","5"
"netty","6d80c641e92588a5317c0b9a9631918a521d52bc","resolver-dns/src/main/java/io/netty/resolver/dns/DnsNameResolverContext.java","113","0","0","0","682","892","0"
"hazelcast","229bcce2f7bc271971bb7330634656e2cbaf8e42","hazelcast/src/main/java/com/hazelcast/spi/impl/BasicOperationService.java","113","0","0","0","745","899","4"
"hazelcast","bfc4d5349a0582151fbb9be1d7b03cb55e0451ca","hazelcast/src/main/java/com/hazelcast/spi/impl/BasicOperationService.java","113","0","0","0","759","909","1"
"hazelcast","d070f1256c8c7fa823e6463487462826384ee1df","hazelcast-client/src/main/java/com/hazelcast/client/cache/impl/AbstractClientInternalCacheProxy.java","113","0","0","0","828","962","0"
"hazelcast","819029a9600a1af6d82dec2e65ace0e5054aee9b","hazelcast-client/src/main/java/com/hazelcast/client/cache/impl/AbstractClientInternalCacheProxy.java","113","0","0","0","849","989","0"
"hazelcast","d30338be9c11ea75b2b0ed006c52299363ebdd97","hazelcast-client/src/main/java/com/hazelcast/client/cache/impl/AbstractClientInternalCacheProxy.java","113","0","0","0","850","996","1"
"orientdb","1588c28b4906c47b12518029d176da10704b37e9","server/src/main/java/com/orientechnologies/orient/server/OConnectionBinaryExecutor.java","113","0","0","0","906","1117","1"
"hazelcast","2b6f18456c37d310e7679071b8c91c7df48c679d","hazelcast/src/main/java/com/hazelcast/map/impl/proxy/MapProxySupport.java","113","0","0","0","958","1197","1"
"hazelcast","de91183182b0c8ca6fc82c1a298b82a7e2830dba","hazelcast/src/main/java/com/hazelcast/map/impl/proxy/MapProxySupport.java","113","0","0","0","964","1205","1"
"hazelcast","98ed33598c731bff965344fdb0a69375a119fcce","hazelcast/src/main/java/com/hazelcast/map/impl/proxy/MapProxySupport.java","113","0","0","0","965","1206","0"
"hazelcast","7fd1bf93109d765ddb8bcbf38a1d7109bd5caa8e","hazelcast/src/main/java/com/hazelcast/map/impl/proxy/MapProxySupport.java","113","0","0","0","968","1207","1"
"orientdb","9bdd162585b56e86b180227805d33351ec66fcfa","core/src/test/java/com/orientechnologies/orient/core/storage/cache/local/twoq/ReadWriteDiskCacheTest.java","113","0","0","22","970","1303","2"
"orientdb","2767a54ee6308493e6a69b4b2951d8d2252bfd6b","tests/src/test/java/com/orientechnologies/orient/test/database/auto/ORidBagTest.java","113","0","0","30","1264","1737","0"
"orientdb","b4aa66a40679e979dedb550107aa677770eb0868","tests/src/test/java/com/orientechnologies/orient/test/database/auto/ORidBagTest.java","113","0","0","30","1264","1737","0"
"orientdb","d8b18203febd78e978cd50d556183ec7f523c8a7","tests/src/test/java/com/orientechnologies/orient/test/database/auto/ORidBagTest.java","113","0","0","30","1264","1737","1"
"orientdb","b47e46d58ae070fec696fe791396cf7a149b3238","tests/src/test/java/com/orientechnologies/orient/test/database/auto/ORidBagTest.java","113","0","0","30","1265","1738","2"
"orientdb","b931cd72ebc375e2728434d6628fae26154c3289","tests/src/test/java/com/orientechnologies/orient/test/database/auto/ORidBagTest.java","113","0","0","30","1266","1739","0"
"mcMMO","aadfb22f0016f11b086da1167c82aa5a509c43b3","src/main/java/com/gmail/nossr50/Combat.java","113","0","0","7","319","421","2"
"netty","ac4dacd84f5412effa59635d9280839ef207b1c5","codec-http/src/main/java/io/netty/handler/codec/http/HttpMessageDecoder.java","113","0","1","1","525","743","1"
"elasticsearch","16e350b2668d23041fa6882367b45dee7d90a336","src/main/java/org/elasticsearch/percolator/PercolatorService.java","113","0","1","10","715","859","0"
"elasticsearch","42b20d601fe2bcece29332a116031616b90d1323","src/main/java/org/elasticsearch/percolator/PercolatorService.java","113","0","1","10","733","878","1"
"elasticsearch","ca65a2ee9e3f303d729a5bcebdf4faced20d5d72","src/main/java/org/elasticsearch/percolator/PercolatorService.java","113","0","1","10","733","878","1"
"elasticsearch","aecadfcc61a0182f233d0ba3a1a3ba23c0c9b01c","src/main/java/org/elasticsearch/percolator/PercolatorService.java","113","0","1","10","733","878","0"
"hazelcast","3b0fa32d3c5ed469eb97784a7a5c21ccdab533d9","hazelcast/src/main/java/com/hazelcast/impl/FactoryImpl.java","113","0","1","103","812","965","0"
"elasticsearch","a63a055f63974e565ee1c3ad769942430e210b72","src/main/java/org/elasticsearch/search/SearchService.java","113","0","1","13","890","1035","1"
"netty","ffd2450e1154ede31b4b1d7e20c887a9e60f2d00","common/src/main/java/io/netty/util/concurrent/DefaultPromise.java","113","0","1","26","705","886","1"
"BroadleafCommerce","2290b85c0c8ab295db8ff58b0af16023f27d8c1a","admin/broadleaf-open-admin-platform/src/main/java/org/broadleafcommerce/openadmin/server/service/persistence/module/provider/BasicFieldPersistenceProvider.java","113","0","1","4","529","582","0"
"netty","3268d6fc2ebfbd83d2f8574607316a6e990cb1f8","handler/src/main/java/io/netty/handler/ssl/SslHandler.java","113","0","12","19","728","1104","1"
"netty","c95796d981035eeb8e118aa9c15265752af232a3","handler/src/main/java/io/netty/handler/ssl/SslHandler.java","113","0","12","21","730","1102","1"
"mcMMO","ea4c424e0fe67de7bdffe8578c34fffae601ba20","src/main/java/com/gmail/nossr50/listeners/EntityListener.java","113","0","12","4","414","595","3"
"mcMMO","f94343f13b7080e43ffd0c4b57398f044fe5b16b","src/main/java/com/gmail/nossr50/listeners/EntityListener.java","113","0","12","4","415","596","2"
"elasticsearch","578853f264e8ddae5c919b1b7ca35524cb292d62","core/src/main/java/org/elasticsearch/cluster/metadata/MetaData.java","113","0","12","69","840","1106","0"
"elasticsearch","ee0e9216435ad73d91207b6ae5a3870ad9e139e7","core/src/main/java/org/elasticsearch/cluster/metadata/MetaData.java","113","0","12","69","844","1112","1"
"elasticsearch","050b7cd0f97c9a7835b837f2f64626f2acc39871","core/src/main/java/org/elasticsearch/cluster/metadata/MetaData.java","113","0","12","69","844","1113","0"
"elasticsearch","589360c8b1a46c1509c7e589f06124b91cb3dbaf","src/main/java/org/elasticsearch/cluster/metadata/MappingMetaData.java","113","0","17","45","510","693","3"
"elasticsearch","be1610ba63ac93fe999f3375cbecd8f0bd1ccc1a","src/main/java/org/elasticsearch/cluster/metadata/MappingMetaData.java","113","0","17","47","519","707","1"
"elasticsearch","a834cc0e0f5ec2e813315ee729da33d5896907e4","src/main/java/org/elasticsearch/search/SearchService.java","113","0","2","13","894","1044","0"
"elasticsearch","fb377d48bd12fe43b0c9e5c7658b93d38f8ae708","src/main/java/org/elasticsearch/search/SearchService.java","113","0","2","13","896","1045","1"
"netty","ab925abc7db806ead57f8d9ea50ff322ce2ff891","codec-http2/src/main/java/io/netty/handler/codec/http2/DefaultHttp2Connection.java","113","0","2","14","845","1170","0"
"orientdb","b99ef4dc718c6843428505e90b75ec47566fedae","distributed/src/main/java/com/orientechnologies/orient/server/distributed/impl/ODistributedDatabaseImpl.java","113","0","2","21","678","930","1"
"elasticsearch","7694f0b7a09c85dd28bd9553dcd6000a782d09db","src/main/java/org/elasticsearch/index/mapper/core/AbstractFieldMapper.java","113","0","2","61","606","742","2"
"elasticsearch","2602439a51f109e059123b232ec60c9d816c60dd","core/src/main/java/org/elasticsearch/index/translog/Translog.java","113","0","29","63","1047","1404","1"
"elasticsearch","7742c1e181104207c2adc3f7dc40276113698350","core/src/main/java/org/elasticsearch/index/translog/Translog.java","113","0","29","63","1047","1404","1"
"elasticsearch","e363e0c2aafa7e45f32e27e2f47b9dda3aa7e2bb","core/src/main/java/org/elasticsearch/index/translog/Translog.java","113","0","29","63","1047","1404","0"
"elasticsearch","2d03a6b8085cefeaeb8bf11aba2ac18c6992296d","core/src/main/java/org/elasticsearch/index/translog/Translog.java","113","0","29","63","1052","1410","0"
"ceylon-ide-eclipse","24a521bfec721f132f2a75d0a2cc1fb9f0c425e7","plugins/com.redhat.ceylon.eclipse.ui/src/com/redhat/ceylon/eclipse/core/external/ExternalSourceArchiveManager.java","113","0","3","22","528","627","0"
"mcMMO","e77be3350f279d7e6502ed8d9d8e28fdf6caef82","src/main/java/com/gmail/nossr50/Combat.java","113","0","3","6","331","455","0"
"elasticsearch","a530399ae5f78cc335c704f1a5583a3d861bfcc6","core/src/test/java/org/elasticsearch/index/engine/InternalEngineTests.java","113","0","3","61","2005","2439","2"
"elasticsearch","e71a3ea1bbcd080e268b4b667641cbee31b3bf23","core/src/main/java/org/elasticsearch/index/store/Store.java","113","0","30","21","966","1386","1"
"elasticsearch","ae69e7c472c4976c79419f27437ca06fbb7e3460","src/main/java/org/elasticsearch/common/xcontent/XContentBuilder.java","113","0","9","111","855","1059","1"
"orientdb","dc98f1d563ba88ca4a326d1fed2c83202427b54e","core/src/main/java/com/orientechnologies/orient/core/sql/parser/OrientSql.java","11370","0","11","170","24430","25884","0"
"orientdb","27545d6bac96e9ee001fe05121b9ece6c8da5c89","core/src/main/java/com/orientechnologies/orient/core/sql/parser/OrientSql.java","11387","0","11","171","24487","25946","0"
"orientdb","b3f9b66d8baf26afa8a2c306dbb24375f3d290c5","core/src/main/java/com/orientechnologies/orient/core/sql/parser/OrientSql.java","11387","0","11","171","24487","25946","0"
"orientdb","871f43871e5b9b7f2c73e14e78249e9a3c279c6d","core/src/main/java/com/orientechnologies/orient/core/sql/parser/OrientSql.java","11387","0","11","171","24487","25946","1"
"hazelcast","7c4a8c104eaf323c86133fbb1620bd1f9f23ab71","hazelcast-client/src/main/java/com/hazelcast/client/cache/impl/AbstractClientInternalCacheProxy.java","114","0","0","0","864","1013","3"
"orientdb","3630d8c33e4a5494e5d085504dd957898c427d13","server/src/main/java/com/orientechnologies/orient/server/OConnectionBinaryExecutor.java","114","0","0","0","913","1125","0"
"hazelcast","21de2ef614b9a92baec6c4f16f26123a59391cdc","hazelcast/src/main/java/com/hazelcast/map/impl/proxy/MapProxySupport.java","114","0","0","0","962","1202","0"
"elasticsearch","c00120b8184799e124a66ede5766a965026149b4","src/main/java/org/elasticsearch/percolator/PercolatorService.java","114","0","1","10","741","885","1"
"elasticsearch","371c73e14023917f3892090d2d3d7ff9ac1216b9","core/src/main/java/org/elasticsearch/indices/cluster/IndicesClusterStateService.java","114","0","1","2","589","745","4"
"elasticsearch","95762e8126a7be9f41627dfd098d13691489e6bd","src/main/java/org/elasticsearch/transport/netty/NettyTransport.java","114","0","1","20","797","968","0"
"orientdb","50bb0365603295268745639338630da96d9c93fc","core/src/main/java/com/orientechnologies/orient/core/storage/impl/local/paginated/OPaginatedCluster.java","114","0","1","41","1340","1632","2"
"hazelcast","93158415952eda37e0db8b42fd829d3c5d1f5705","hazelcast/src/main/java/com/hazelcast/map/DefaultRecordStore.java","114","0","1","50","800","924","2"
"hazelcast","46822d1a5937bf31da46a098d84f41ea90525b46","hazelcast/src/test/java/com/hazelcast/test/HazelcastTestSupport.java","114","0","12","99","994","1252","0"
"elasticsearch","4bce7271659889d839388d7df5c61a6d2a5c3c7a","core/src/main/java/org/elasticsearch/index/search/QueryStringQueryParser.java","114","0","16","4","607","777","0"
"antlr4","8af00801037d3b8933f29d0903daac3e9c05349e","tool/src/org/antlr/v4/automata/LexerATNFactory.java","114","0","2","14","681","797","0"
"antlr4","9519bfc36fcab155a4c37fbb32e5e83e02d58a6f","tool/src/org/antlr/v4/automata/LexerATNFactory.java","114","0","2","14","681","798","0"
"orientdb","7714495a75dd494934a6cfa3c422763d92a19239","distributed/src/main/java/com/orientechnologies/orient/server/distributed/impl/ODistributedDatabaseImpl.java","114","0","2","21","678","930","0"
"elasticsearch","25fd9e26c4fb042d6f6dea14efcd239577bdbbc4","core/src/main/java/org/elasticsearch/action/admin/indices/stats/CommonStats.java","114","0","2","23","571","644","0"
"netty","8e1007d69326bf2394e596e349d75a96fc006c6e","codec-http/src/main/java/io/netty/handler/codec/spdy/SpdySessionHandler.java","114","0","2","6","521","873","1"
"elasticsearch","cb0824e957dcb7a20e8450f97283874eb61b9abe","core/src/main/java/org/elasticsearch/common/io/stream/StreamInput.java","114","0","23","34","632","824","0"
"elasticsearch","78574d248cf10dad1c5a566fda79e1e0c94afe43","core/src/main/java/org/elasticsearch/action/admin/indices/stats/CommonStats.java","114","0","3","23","577","656","1"
"elasticsearch","e6aaaf11ed4a1b8f595f920de1840938eddb7a97","core/src/main/java/org/elasticsearch/action/admin/indices/stats/CommonStats.java","114","0","3","23","577","656","1"
"elasticsearch","a60b8948ba1d836a6eac7cff095519e618939ed8","core/src/main/java/org/elasticsearch/action/admin/indices/stats/CommonStats.java","114","0","3","23","577","656","0"
"elasticsearch","fbe27664a65ca7ab5b7dbe1c328ab27423e4313c","core/src/test/java/org/elasticsearch/index/engine/InternalEngineTests.java","114","0","3","61","2012","2448","1"
"elasticsearch","1a60e1c3d27d3d1f76b389d6bf008b35856ad88d","core/src/test/java/org/elasticsearch/index/engine/InternalEngineTests.java","114","0","3","61","2013","2449","2"
"orientdb","2ee3b61558840a5368bca7909740f1b6b1cce1b3","core/src/main/java/com/orientechnologies/orient/core/index/sbtreebonsai/local/OSBTreeBonsaiLocal.java","114","0","4","25","1153","1439","2"
"hazelcast","db4fb00ba52360f0ec10bf3e6a6d7bc92767daf6","hazelcast/src/main/java/com/hazelcast/internal/partition/impl/InternalPartitionServiceImpl.java","114","0","6","57","924","1143","1"
"BroadleafCommerce","4c0a8b2c4bddabc4e97467c8022161826c630c8c","admin/broadleaf-open-admin-platform/src/main/java/org/broadleafcommerce/openadmin/web/form/entity/EntityForm.java","114","0","6","64","567","764","0"
"antlr4","bb389782da9fe9a9a1c56c31a5af4f61c39c31fb","tool/src/org/antlr/v4/Tool.java","114","0","8","30","657","884","0"
"elasticsearch","ad07810610c1f2598fc0995b2ad3b4f0f7ae8edd","src/main/java/org/elasticsearch/common/xcontent/XContentBuilder.java","114","0","9","111","858","1062","0"
"hazelcast","b583f88f8f80ac2de344ace2aa3423f128cd037a","hazelcast/src/main/java/com/hazelcast/queue/QueueContainer.java","114","0","9","39","577","689","0"
"orientdb","524730c27f3ffe74c80b433e579cb466f160c658","core/src/main/java/com/orientechnologies/common/parser/OBaseParser.java","114","0","9","4","356","648","1"
"hazelcast","d4b9ed8097a1308b48d24fa911314129e4e5e4b5","hazelcast/src/main/java/com/hazelcast/spi/impl/BasicOperationService.java","115","0","0","0","752","905","3"
"hazelcast","4b74129ed885af4dd2d7fb95979ba48799b9974b","hazelcast/src/main/java/com/hazelcast/map/impl/proxy/MapProxySupport.java","115","0","0","0","972","1203","0"
"hazelcast","92d938e0cb5f9234fdcc1a39edb5fb73349af2a3","hazelcast/src/main/java/com/hazelcast/map/impl/proxy/MapProxySupport.java","115","0","0","0","974","1206","0"
"orientdb","c902353d86924562826c9114fd6a1242a65ada6d","core/src/test/java/com/orientechnologies/orient/core/storage/cache/local/twoq/ReadWriteDiskCacheTest.java","115","0","0","23","1002","1352","0"
"orientdb","202ca5e408bdf2c426b446e8369a915997e6b503","core/src/test/java/com/orientechnologies/orient/core/storage/cache/local/twoq/ReadWriteDiskCacheTest.java","115","0","0","23","1008","1360","1"
"elasticsearch","a44655763e150522d58cbd8113fb1b30a475b8c7","core/src/test/java/org/elasticsearch/index/store/StoreTests.java","115","0","0","24","926","1067","0"
"netty","8595d85e4a450ac514d4d7e019b7793372fb66e8","codec-http/src/main/java/io/netty/handler/codec/http/HttpMessageDecoder.java","115","0","1","1","531","765","0"
"elasticsearch","92f132aede05533636f2874f8a7b86f09ba806b3","src/main/java/org/elasticsearch/percolator/PercolatorService.java","115","0","1","10","725","872","1"
"elasticsearch","202b1e2306e7d18b93309cd3980e48d8ad0b75b9","src/main/java/org/elasticsearch/percolator/PercolatorService.java","115","0","1","10","760","911","0"
"hazelcast","da5c14364a565d62efd16b286c2f46eec771594b","hazelcast/src/main/java/com/hazelcast/impl/FactoryImpl.java","115","0","1","102","815","969","1"
"BroadleafCommerce","abae60151f6416aa4cbf8f37615189b14464b79c","admin/broadleaf-open-admin-platform/src/main/java/org/broadleafcommerce/openadmin/web/service/FormBuilderServiceImpl.java","115","0","1","14","656","834","1"
"orientdb","c1f0f046093d166b58193818b359c73d4a50c228","core/src/main/java/com/orientechnologies/orient/core/tx/OTransactionOptimistic.java","115","0","1","19","483","644","0"
"elasticsearch","2f6405ee277ec64269dd13fdfbd8445f96b4516d","core/src/main/java/org/elasticsearch/indices/cluster/IndicesClusterStateService.java","115","0","1","2","618","797","1"
"orientdb","b27bb99f64f5a211acd2f1639a5895ce09a1b883","core/src/main/java/com/orientechnologies/orient/core/storage/impl/local/paginated/OPaginatedCluster.java","115","0","1","42","1374","1674","1"
"orientdb","45d39cb3be9b3251defd9900cc5786671a9142d3","core/src/main/java/com/orientechnologies/orient/core/command/script/OCommandExecutorScript.java","115","0","1","7","489","638","1"
"elasticsearch","15d62713b1584a86fd108168d18ed1f1d24de029","core/src/main/java/org/elasticsearch/plugins/PluginManager.java","115","0","1","8","615","779","2"
"elasticsearch","ee30cf32ab6a5b540c096090c1e0225451209f55","core/src/main/java/org/elasticsearch/plugins/PluginManager.java","115","0","1","8","618","783","0"
"elasticsearch","dfbe1089021f98848d022a34f7d7fa3c5bd3e16a","core/src/main/java/org/elasticsearch/plugins/PluginManager.java","115","0","1","8","620","786","1"
"elasticsearch","69b7feeb786a11dcccc5928ddf9204933973a697","core/src/main/java/org/elasticsearch/cluster/routing/allocation/allocator/BalancedShardsAllocator.java","115","0","12","10","683","1025","1"
"elasticsearch","d0835715c2704aeb9600f1c203bd591a8b77ee68","core/src/main/java/org/elasticsearch/cluster/routing/allocation/allocator/BalancedShardsAllocator.java","115","0","12","10","683","1025","1"
"elasticsearch","d2507c4ac0477f28b441f83eeac07786fb8f42b4","core/src/main/java/org/elasticsearch/cluster/routing/allocation/allocator/BalancedShardsAllocator.java","115","0","12","10","683","1025","0"
"elasticsearch","cc9ab111a04661367cea50e444b5a9e0d4544d1a","src/main/java/org/elasticsearch/cluster/metadata/MappingMetaData.java","115","0","17","45","518","701","0"
"elasticsearch","a44655763e150522d58cbd8113fb1b30a475b8c7","core/src/main/java/org/elasticsearch/index/store/Store.java","115","0","29","21","969","1382","0"
"elasticsearch","e74d02138f02a66331b2611b5e70a908bb49cb97","core/src/main/java/org/elasticsearch/index/store/Store.java","115","0","29","22","969","1382","1"
"mcMMO","b4637a825eb91b9425f7a72d4393b9700fb12b44","src/main/java/com/gmail/nossr50/Combat.java","115","0","3","6","338","464","1"
"elasticsearch","13c0b1932b9a9999dd2ed7618238253ecd2eff14","core/src/main/java/org/elasticsearch/index/translog/Translog.java","115","0","31","62","1071","1447","1"
"elasticsearch","e0edb07cc670c5ae3cb222e40479a7e9fc3e06ec","core/src/main/java/org/elasticsearch/index/translog/Translog.java","115","0","31","62","1071","1447","1"
"elasticsearch","e7f9d685f1133710e7ec52eea064ea690823472b","core/src/main/java/org/elasticsearch/index/translog/Translog.java","115","0","31","62","1071","1447","0"
"hazelcast","da460dce9851d459447566dfff17a8dce5913d81","hazelcast/src/test/java/com/hazelcast/map/QueryTest.java","115","0","4","48","1293","1415","0"
"MapDB","bbc4e6a4c034bc32357938c5e71909d243321f60","src/test/java/org/mapdb/jsr166Tests/ConcurrentSkipListMapTest.java","115","0","58","2","946","1297","2"
"orientdb","45d39cb3be9b3251defd9900cc5786671a9142d3","core/src/main/java/com/orientechnologies/common/parser/OBaseParser.java","115","0","9","4","365","658","0"
"hazelcast","ea8ff1c274ffffe189038236dcc2702e5e2ee13d","hazelcast-client-legacy/src/main/java/com/hazelcast/client/cache/impl/AbstractClientInternalCacheProxy.java","116","0","0","0","720","839","0"
"hazelcast","60a7c288e274f732a4d30dbf717b5ff8cdec4515","hazelcast-client-legacy/src/main/java/com/hazelcast/client/cache/impl/AbstractClientInternalCacheProxy.java","116","0","0","0","721","840","1"
"hazelcast","340250ac061e3bc99067eec3562bef8a94f30ec4","hazelcast/src/main/java/com/hazelcast/spi/impl/OperationServiceImpl.java","116","0","0","0","737","866","0"
"elasticsearch","fe89ea1ecf758022dca63118359c6de13b52e565","src/main/java/org/elasticsearch/percolator/PercolatorService.java","116","0","1","10","753","896","0"
"mcMMO","598c507849319bfc6180dfcb56be3cc6e90deef6","src/main/java/com/gmail/nossr50/skills/Mining.java","116","0","1","6","313","392","1"
"mcMMO","43e3dd79776667d724514f5bee9be7bba00d823c","src/main/java/com/gmail/nossr50/skills/Mining.java","116","0","1","6","333","412","0"
"orientdb","fa39e130744473b38fd2ac3c128c7a2dd1ff8de9","tests/src/test/java/com/orientechnologies/orient/test/database/auto/SQLSelectTest.java","116","0","1","83","1191","1621","1"
"elasticsearch","f208aaa47c277d323d52b79241cfb8eef64b5e90","core/src/main/java/org/elasticsearch/cluster/routing/allocation/allocator/BalancedShardsAllocator.java","116","0","12","10","682","1027","0"
"netty","4feafc4a5226c6307f5a9b36665d8fe8d8a05072","codec-http/src/main/java/io/netty/handler/codec/http/HttpObjectDecoder.java","116","0","2","1","585","833","1"
"netty","8ba4b63cb639e1cf4786d7c8229b3f04b6a7d649","codec-http2/src/main/java/io/netty/handler/codec/http2/DefaultHttp2Connection.java","116","0","2","15","870","1209","2"
"orientdb","7b2a7c273ef42ce96b87ad3d9a24dc128c1d6140","core/src/main/java/com/orientechnologies/orient/core/db/record/ridbag/sbtree/OSBTreeRidBag.java","116","0","2","42","805","1039","1"
"netty","2adebc4c54ae98565db8e2a3c02b2ffaa0c101fe","codec-http/src/main/java/io/netty/handler/codec/spdy/SpdySessionHandler.java","116","0","2","6","502","902","1"
"netty","81e2db10faaf0389f4e1af8c7132210946203157","codec-http/src/main/java/io/netty/handler/codec/spdy/SpdySessionHandler.java","116","0","2","8","509","913","0"
"netty","39250873ae7c3d8c1017db11b1f715838f2688f3","codec-http/src/main/java/io/netty/handler/codec/spdy/SpdySessionHandler.java","116","0","2","8","511","910","1"
"elasticsearch","23d5293f827fe521f892a1b76a65b58751cc84c5","core/src/main/java/org/elasticsearch/common/io/stream/StreamInput.java","116","0","24","35","664","868","2"
"elasticsearch","e7b9e65fc3b06e784008a4dd14a8ba305ac30374","core/src/main/java/org/elasticsearch/index/store/Store.java","116","0","29","21","972","1385","2"
"elasticsearch","5d38248afa138d88a5db4c602b02fb27e6aaf3c4","core/src/main/java/org/elasticsearch/index/store/Store.java","116","0","29","21","973","1385","2"
"elasticsearch","0a1b8a31761c2f34adbd33e2b401c26fed69e7ba","core/src/main/java/org/elasticsearch/index/store/Store.java","116","0","29","21","974","1387","1"
"elasticsearch","b379bf5668c5bf3a6edffbc2cd9ae97f29a8b7d6","src/main/java/org/elasticsearch/snapshots/SnapshotsService.java","116","0","29","5","805","1221","1"
"elasticsearch","01519745007b2d093cdf602783c27a26de82c69b","core/src/test/java/org/elasticsearch/index/engine/InternalEngineTests.java","116","0","3","62","2059","2514","0"
"elasticsearch","b17d23dc99ec7bdb3e64acbc05eedffa7d46a4e4","core/src/main/java/org/elasticsearch/index/store/Store.java","116","0","31","21","972","1419","0"
"MapDB","0e69921beffcb93b06d03c9cc8e8836bd9eecc44","src/test/java/org/mapdb/jsr166Tests/ConcurrentSkipListMapTest.java","116","0","58","2","946","1299","0"
"elasticsearch","dd95dc7a0f49ada38793eb3270af2ac9774e7d78","core/src/main/java/org/elasticsearch/search/aggregations/bucket/terms/support/IncludeExclude.java","116","0","6","20","516","647","0"
"elasticsearch","7ec39acd4b56f271106b61a1521fb8586742cbfc","core/src/main/java/org/elasticsearch/common/settings/Settings.java","116","0","60","11","835","1315","0"
"elasticsearch","406a15e7a90b39d7ed209983d1f90045bba7e0f2","core/src/main/java/org/elasticsearch/common/settings/Settings.java","116","0","60","11","836","1317","0"
"elasticsearch","ce7195d81abafd0a880ebbc2d1514ab608e56b79","core/src/main/java/org/elasticsearch/search/aggregations/bucket/terms/support/IncludeExclude.java","116","0","7","25","581","729","0"
"elasticsearch","b388389ada857a059e1ba078fa7e870e3987ca35","core/src/main/java/org/elasticsearch/search/aggregations/bucket/terms/support/IncludeExclude.java","116","0","7","25","583","730","0"
"elasticsearch","0189a65e6bfc623813c6c088d19a0509fbeb64da","core/src/main/java/org/elasticsearch/search/aggregations/bucket/terms/support/IncludeExclude.java","116","0","7","25","585","733","1"
"elasticsearch","2a6e6866bd6a25f469c07ba0766edec6272e93ac","core/src/main/java/org/elasticsearch/search/aggregations/bucket/terms/support/IncludeExclude.java","116","0","7","25","585","733","1"
"elasticsearch","2ccc223ff761043807683f34b29c693af6c94d95","core/src/main/java/org/elasticsearch/search/aggregations/bucket/terms/support/IncludeExclude.java","116","0","7","25","585","733","0"
"netty","4158152b24c1e20cc9d024486a6bc6a0ee336a92","transport-sctp/src/main/java/io/netty/channel/sctp/SctpWorker.java","117","0","0","0","646","841","0"
"netty","8579f09c594f69870115c019655c98cba5ad47ee","transport-sctp/src/main/java/io/netty/channel/sctp/SctpWorker.java","117","0","0","0","646","842","1"
"hazelcast","6b7235b103114e3c61d37c1614c12522e62c9ee7","hazelcast/src/main/java/com/hazelcast/spi/impl/BasicOperationService.java","117","0","0","0","867","1098","1"
"ceylon-ide-eclipse","de6ffee6e501a86aa2e9c8f2da7ced4154c57d52","plugins/com.redhat.ceylon.eclipse.ui/src/com/redhat/ceylon/eclipse/code/refactor/ChangeParametersRefactoring.java","117","0","0","19","764","843","0"
"elasticsearch","4df83dc9a57c60a28d2a944363aca5fdc1fc2b2c","core/src/main/java/org/elasticsearch/rest/action/cat/RestNodesAction.java","117","0","0","3","310","387","1"
"netty","cd0b5ec2db593d45c96bd6b55b0024042534af04","codec-http/src/main/java/io/netty/handler/codec/http/HttpObjectDecoder.java","117","0","1","0","543","755","1"
"elasticsearch","f38296da61ed21544ad45609c52d950adf913dca","src/main/java/org/elasticsearch/percolator/PercolatorService.java","117","0","1","10","735","881","0"
"elasticsearch","04c41fe349eb31d79f074e2caa4acd51f36ec099","src/main/java/org/elasticsearch/percolator/PercolatorService.java","117","0","1","10","736","883","1"
"elasticsearch","d8c02c2599e2cd30ea973e8f9bf12281e3473ebd","src/main/java/org/elasticsearch/transport/netty/NettyTransport.java","117","0","1","18","797","961","1"
"elasticsearch","3ad321fcb20230d5d5655527e44846f6981b1151","src/main/java/org/elasticsearch/transport/netty/NettyTransport.java","117","0","1","18","798","962","0"
"elasticsearch","f32f35bec4e103a6f5eb347895bbf73bec0fdf76","core/src/main/java/org/elasticsearch/indices/cluster/IndicesClusterStateService.java","117","0","1","2","610","768","1"
"elasticsearch","72b3d6ef750b37adb7a74c9d2ff54e9a0b2d7dfc","src/main/java/org/elasticsearch/transport/netty/NettyTransport.java","117","0","1","20","818","991","1"
"hazelcast","fc6e278674e0cc8f68a53f1b9d210d1e1fb8ed38","hazelcast/src/main/java/com/hazelcast/map/DefaultRecordStore.java","117","0","1","50","814","939","1"
"hazelcast","4cebc06bc18af1e9b77f230a14b661be819d68fb","hazelcast/src/main/java/com/hazelcast/map/DefaultRecordStore.java","117","0","1","50","816","945","1"
"orientdb","5bccaaad164806833d433f2b302d6c62f1c1c8d9","core/src/main/java/com/orientechnologies/orient/core/command/script/OCommandExecutorScript.java","117","0","1","8","486","636","1"
"orientdb","4fcb97b1a94b4d89891c326a12b1a7ebcb7e307c","core/src/main/java/com/orientechnologies/orient/core/command/script/OCommandExecutorScript.java","117","0","1","8","489","639","0"
"orientdb","aa635ac759e34e56fcaeac2fd1e14791009699ae","tests/src/test/java/com/orientechnologies/orient/test/database/auto/SQLSelectTest.java","117","0","1","84","1201","1634","0"
"elasticsearch","a518599e27047549347ac58d66d66b7bfd27f988","core/src/main/java/org/elasticsearch/cluster/metadata/MetaData.java","117","0","11","76","896","1166","2"
"elasticsearch","e83c728265651aff4c895d1efeccae45e07d2914","core/src/main/java/org/elasticsearch/cluster/metadata/MetaData.java","117","0","11","76","896","1167","2"
"elasticsearch","6855e360a05ff362c3866b9c2235333740d52cd3","core/src/main/java/org/elasticsearch/cluster/routing/allocation/allocator/BalancedShardsAllocator.java","117","0","12","10","693","1038","2"
"elasticsearch","1d00fe31293ec7e6f7aeb6e067a26c3de1544ad3","core/src/main/java/org/elasticsearch/cluster/routing/allocation/allocator/BalancedShardsAllocator.java","117","0","12","10","695","1040","3"
"elasticsearch","4900f52619729cc6bfe9ddba2a2cee6ea0e6ee22","src/main/java/org/elasticsearch/cluster/routing/allocation/allocator/BalancedShardsAllocator.java","117","0","14","10","718","1083","0"
"mcMMO","857e12b96edf68bc2e2fdbdf72659ce82612bda1","src/main/java/com/gmail/nossr50/listeners/PlayerListener.java","117","0","15","3","457","710","0"
"mcMMO","037022b175407ef7373ed0172adf0f8aba2d7ce3","src/main/java/com/gmail/nossr50/listeners/PlayerListener.java","117","0","15","3","461","715","1"
"mcMMO","1c30146491b87dd2388e6069a68876bf9096ab24","src/main/java/com/gmail/nossr50/listeners/PlayerListener.java","117","0","15","3","462","716","0"
"elasticsearch","01e8eaf181148d1ae5239800b5d71bd38c0c2896","src/main/java/org/elasticsearch/cluster/metadata/MappingMetaData.java","117","0","17","48","540","734","0"
"netty","50b97689285003618dc8b7c43365eb4cda0ffc1d","codec-http/src/main/java/io/netty/handler/codec/http/HttpObjectDecoder.java","117","0","2","1","586","834","0"
"elasticsearch","e40409dd7f910c237e52c13394f8b150865e6389","core/src/main/java/org/elasticsearch/search/SearchService.java","117","0","2","11","935","1102","5"
"netty","227e67900e35f0d01fbf3f4aca86877aefa52d79","codec-http2/src/main/java/io/netty/handler/codec/http2/DefaultHttp2Connection.java","117","0","2","15","855","1190","1"
"netty","74627483d7bdcae3130b2ba173e08ec5f2658377","codec-http2/src/main/java/io/netty/handler/codec/http2/DefaultHttp2Connection.java","117","0","2","15","856","1191","0"
"netty","8cd259896e313e7537c26e1f41242d0b21dff8c1","codec-http2/src/main/java/io/netty/handler/codec/http2/DefaultHttp2Connection.java","117","0","2","15","884","1224","0"
"elasticsearch","b91df36a627be0f1c78d61b68fe017f2976b8f6e","core/src/main/java/org/elasticsearch/index/mapper/core/NumberFieldMapper.java","117","0","2","26","863","987","0"
"orientdb","af34f0faa216634de95a6461d1cc61a7ce82f2bc","core/src/main/java/com/orientechnologies/orient/core/db/record/ridbag/sbtree/OSBTreeRidBag.java","117","0","2","42","807","1041","0"
"netty","6246825fda9332a421272ec649bd6ec0b3dd405a","codec-http/src/main/java/io/netty/handler/codec/spdy/SpdySessionHandler.java","117","0","2","8","517","921","0"
"netty","71727e42dee8e36d3cfc3ef36560b1bd68106f98","codec-http/src/main/java/io/netty/handler/codec/spdy/SpdySessionHandler.java","117","0","2","8","517","921","0"
"netty","f53db96a3e3b12269f85e870820b52fb8f679ed5","codec-http/src/main/java/io/netty/handler/codec/spdy/SpdySessionHandler.java","117","0","2","8","517","921","0"
"netty","a97cca50df0ef0644dbe97df82a64b2a7e3408c3","codec-http/src/main/java/io/netty/handler/codec/spdy/SpdySessionHandler.java","117","0","2","8","517","921","1"
"netty","b6038534cc432a27fb47ba8ec2a29b2a136217d8","codec-http/src/main/java/io/netty/handler/codec/spdy/SpdySessionHandler.java","117","0","2","8","517","921","1"
"netty","310a87a51d1abfee9e1f2441adeae31748d61ed3","codec-http/src/main/java/io/netty/handler/codec/spdy/SpdySessionHandler.java","117","0","2","8","518","922","0"
"ceylon-ide-eclipse","99aa36abe5f8c712e2567154f68887873b8237f4","plugins/com.redhat.ceylon.eclipse.ui/src/com/redhat/ceylon/eclipse/core/external/ExternalSourceArchiveManager.java","117","0","3","22","533","632","0"
"ceylon-ide-eclipse","61193167d90dcc68b17733d1a0fb89f1be06e1f2","plugins/com.redhat.ceylon.eclipse.ui/src/com/redhat/ceylon/eclipse/core/external/ExternalSourceArchiveManager.java","117","0","3","22","533","633","0"
"elasticsearch","43e07c0c886223c65d26a4e3bdb7815ff15abe7d","core/src/main/java/org/elasticsearch/index/store/Store.java","117","0","31","22","969","1400","0"
"elasticsearch","1d03a1409cea5fa0d133fb36eb7f7d88abb733d1","core/src/main/java/org/elasticsearch/index/store/Store.java","117","0","31","22","973","1402","0"
"elasticsearch","db111174ec9899edc32b62b038207fce20f7e10b","core/src/main/java/org/elasticsearch/index/store/Store.java","117","0","31","22","973","1402","0"
"elasticsearch","d2f25416e4a14812d0961ddce0da73bee0b68b27","core/src/main/java/org/elasticsearch/index/store/Store.java","117","0","31","22","973","1402","1"
"elasticsearch","37e20c6f340fcfa745e3605cc1ed0b89070c8f45","core/src/main/java/org/elasticsearch/index/store/Store.java","117","0","31","22","978","1407","3"
"elasticsearch","046abdc281c321cd2128ee7684c0edfcaca07203","core/src/main/java/org/elasticsearch/index/store/Store.java","117","0","31","22","980","1409","3"
"elasticsearch","e1efd5f6baf8dec1c23c79b346b8a29f234a98bb","core/src/main/java/org/elasticsearch/discovery/zen/ZenDiscovery.java","117","0","4","13","968","1303","0"
"BroadleafCommerce","3bc111b362566721cdf1b2928b73fe1e028c83d9","admin/broadleaf-contentmanagement-module/src/main/java/org/broadleafcommerce/cms/structure/service/StructuredContentServiceImpl.java","117","0","4","23","633","848","0"
"BroadleafCommerce","618337c59464d5fb30e27c564ee0c2382cee4b1e","admin/broadleaf-contentmanagement-module/src/main/java/org/broadleafcommerce/cms/structure/service/StructuredContentServiceImpl.java","117","0","4","23","636","851","0"
"orientdb","2a004c4b73a8609cf941b54707f6e23ff7cbea22","core/src/main/java/com/orientechnologies/orient/core/index/sbtreebonsai/local/OSBTreeBonsaiLocal.java","117","0","4","27","1198","1497","0"
"elasticsearch","1f04182b8164ffb19f3805c48d67f0375262b317","core/src/main/java/org/elasticsearch/discovery/zen/ZenDiscovery.java","117","0","4","9","968","1303","0"
"elasticsearch","db5e225a25b4f0d35e6f767cd1b69d41fdabf0e7","core/src/main/java/org/elasticsearch/discovery/zen/ZenDiscovery.java","117","0","4","9","968","1303","0"
"elasticsearch","9b2e77903d58b67e861f851767f156f8b341935a","core/src/main/java/org/elasticsearch/discovery/zen/ZenDiscovery.java","117","0","4","9","968","1303","1"
"hazelcast","e349d2fd609c0104f6550327550de4112553c942","hazelcast/src/main/java/com/hazelcast/internal/partition/impl/InternalPartitionServiceImpl.java","117","0","6","57","933","1156","0"
"hazelcast","f34e83292443343978a89a5b96c7169407827a1f","hazelcast/src/main/java/com/hazelcast/internal/partition/impl/InternalPartitionServiceImpl.java","117","0","6","57","935","1159","1"
"elasticsearch","fd991f32f929e0473d254272cae8ba23236fcd2e","core/src/main/java/org/elasticsearch/search/aggregations/bucket/terms/support/IncludeExclude.java","117","0","7","25","587","736","1"
"elasticsearch","149ef74b26bb33d3a1d3c1c45c481a01345cd764","core/src/main/java/org/elasticsearch/search/aggregations/bucket/terms/support/IncludeExclude.java","117","0","7","25","589","739","0"
"orientdb","8ce5456de7d0df59426a846c3c950dc946c62ebc","core/src/main/java/com/orientechnologies/orient/core/sql/parser/OrientSql.java","11727","0","11","172","25076","26552","0"
"elasticsearch","1e70e16c89de22592ef34b07131b93b82d86f774","core/src/main/java/org/elasticsearch/rest/action/cat/RestNodesAction.java","118","0","0","3","318","395","0"
"elasticsearch","51ac97000b0c433433d926f2179322043f965ec3","core/src/main/java/org/elasticsearch/rest/action/cat/RestNodesAction.java","118","0","0","3","318","395","0"
"elasticsearch","e32da555aa56b20f914610282392f51c2d12b8ac","core/src/main/java/org/elasticsearch/rest/action/cat/RestNodesAction.java","118","0","0","3","318","395","1"
"netty","d1a3806ebdf8b1272b42fc1c684a5e290bee6a24","codec-http/src/main/java/io/netty/handler/codec/http/HttpObjectDecoder.java","118","0","1","0","571","784","1"
"BroadleafCommerce","6581bb4bda7da43fd221c6d4bbbb2e3110928e56","core/broadleaf-framework/src/main/java/org/broadleafcommerce/core/catalog/domain/CategoryImpl.java","118","0","1","100","1128","1360","5"
"BroadleafCommerce","3c4ef92e89fc7d1c2398afe083fc23be7c0e18e4","core/broadleaf-framework/src/main/java/org/broadleafcommerce/core/catalog/domain/CategoryImpl.java","118","0","1","100","1129","1361","6"
"BroadleafCommerce","64ee9c754b4adff1e55416fdd70d45b35f42d991","core/broadleaf-framework/src/main/java/org/broadleafcommerce/core/catalog/domain/CategoryImpl.java","118","0","1","100","1132","1364","3"
"orientdb","0eadb71d9039612337423a392c243733dc8b2549","core/src/main/java/com/orientechnologies/orient/core/tx/OTransactionOptimistic.java","118","0","1","19","483","645","1"
"elasticsearch","0a8afa2e7269ddbec3755b8f10033e93f55149c2","core/src/main/java/org/elasticsearch/indices/cluster/IndicesClusterStateService.java","118","0","1","2","620","781","3"
"elasticsearch","d39eb2d69131d7a6a8bda29dcac31342bb1a712e","core/src/main/java/org/elasticsearch/indices/cluster/IndicesClusterStateService.java","118","0","1","2","629","817","0"
"MapDB","ecf6de30d1386656cec9de62a77cd341bab15dce","src/main/java/org/mapdb/StoreDirect.java","118","0","1","25","696","1052","1"
"BroadleafCommerce","90e4079b981d1ac986d9423fda3ac240f14ab316","core/broadleaf-framework/src/main/java/org/broadleafcommerce/core/order/service/OrderServiceImpl.java","118","0","1","47","760","941","2"
"BroadleafCommerce","6bf08ed3c4d9e32b3ee1a7e821ab7d0fa06506d4","core/broadleaf-framework/src/main/java/org/broadleafcommerce/core/catalog/domain/CategoryImpl.java","118","0","1","93","1057","1277","2"
"BroadleafCommerce","ddfd299b3bb401101f1e7be2df799835f6a4964d","core/broadleaf-framework/src/main/java/org/broadleafcommerce/core/catalog/domain/CategoryImpl.java","118","0","1","93","1059","1279","1"
"netty","4a5dc3222488db44b0174297f20b83195601cb8d","handler/src/main/java/io/netty/handler/ssl/SslHandler.java","118","0","13","22","783","1174","1"
"mcMMO","62a767db898c70746a02c9507ee141b2c32da95a","src/main/java/com/gmail/nossr50/listeners/PlayerListener.java","118","0","15","3","460","713","0"
"mcMMO","618cfad10083cbd94c52bef0764f402d03a8555c","src/main/java/com/gmail/nossr50/listeners/PlayerListener.java","118","0","15","3","460","714","1"
"mcMMO","4844be80da103a88eadf1b0db3d185c29cbabe2a","src/main/java/com/gmail/nossr50/listeners/PlayerListener.java","118","0","15","3","461","714","0"
"mcMMO","c10525ada9ed2c0b77c518089a300e3b4e32e7c1","src/main/java/com/gmail/nossr50/listeners/PlayerListener.java","118","0","15","3","463","717","1"
"elasticsearch","85eb0ea0e718fd9757d1bafa18f8767b1924f00c","src/main/java/org/elasticsearch/cluster/metadata/MappingMetaData.java","118","0","17","47","532","720","1"
"elasticsearch","5fd96d9371f68645ac6ec2ec17c0faeaa21610a8","src/main/java/org/elasticsearch/cluster/metadata/MappingMetaData.java","118","0","17","48","547","742","1"
"elasticsearch","1654ae89379aeea586cbdff45a0b1d0cf4d00ebd","src/main/java/org/elasticsearch/index/mapper/core/AbstractFieldMapper.java","118","0","2","62","620","759","1"
"hazelcast","07c225fdc9369c9e20abb2e86eab2f11b6482bef","hazelcast-client/src/main/java/com/hazelcast/client/config/XmlClientConfigBuilder.java","118","0","2","7","539","625","2"
"hazelcast","951ffdc2e22a155ef94f1bfaaea080af2efc64d6","hazelcast-client/src/main/java/com/hazelcast/client/config/XmlClientConfigBuilder.java","118","0","2","7","542","629","0"
"netty","5a467b69bf58c4c92d0af9a5f12eed6ac68efddb","codec-http/src/main/java/io/netty/handler/codec/spdy/SpdySessionHandler.java","118","0","2","8","518","921","1"
"ceylon-ide-eclipse","597f5ebd48f38e6317c6c2ffbd4cd9731716a119","plugins/com.redhat.ceylon.eclipse.ui/src/com/redhat/ceylon/eclipse/core/external/ExternalSourceArchiveManager.java","118","0","3","23","544","644","0"
"ceylon-ide-eclipse","66f5c6830770ae056a7d22c19c61f99dc1100dde","plugins/com.redhat.ceylon.eclipse.ui/src/com/redhat/ceylon/eclipse/core/external/ExternalSourceArchiveManager.java","118","0","3","23","545","646","0"
"elasticsearch","7adf9929bae22049d157676756b49597bca98426","core/src/main/java/org/elasticsearch/discovery/zen/ZenDiscovery.java","118","0","4","9","977","1314","1"
"netty","23d017849429c18e1890b0a5799e5262df4f269f","common/src/main/java/io/netty/util/concurrent/SingleThreadEventExecutor.java","118","0","5","14","734","984","0"
"hazelcast","081a9a82ef841f2d91af579f204931cf550e0bbc","hazelcast/src/test/java/com/hazelcast/map/QueryTest.java","118","0","5","48","1314","1441","1"
"elasticsearch","fb3a281755d1c8a113a796f1850139e8408f56b7","core/src/main/java/org/elasticsearch/common/settings/Settings.java","118","0","59","11","832","1308","1"
"hazelcast","d53382a7a57f0dcd400bd7caa31fa277d82ce1a5","hazelcast/src/main/java/com/hazelcast/internal/partition/impl/InternalPartitionServiceImpl.java","118","0","6","57","935","1159","0"
"hazelcast","e16a25bd9cf57da3196f3374707ac2effb44a6a4","hazelcast/src/main/java/com/hazelcast/internal/partition/impl/InternalPartitionServiceImpl.java","118","0","6","57","936","1160","1"
"BroadleafCommerce","90e4079b981d1ac986d9423fda3ac240f14ab316","admin/broadleaf-open-admin-platform/src/main/java/org/broadleafcommerce/openadmin/web/form/entity/EntityForm.java","118","0","6","64","572","762","1"
"orientdb","62eb95b6bfd366e8a94d2f89fcc245f3acafd0c0","core/src/main/java/com/orientechnologies/orient/core/sql/parser/OrientSql.java","11811","0","11","173","25191","26671","0"
"hazelcast","65563ab5f024efe0698b34df7b7f51ab3254ce3e","hazelcast/src/main/java/com/hazelcast/map/impl/proxy/MapProxySupport.java","119","0","0","0","1011","1245","1"
"hazelcast","4af90ce062e123cc0e7e1ffb0562e14b5e1eed9e","hazelcast/src/main/java/com/hazelcast/map/impl/proxy/MapProxySupport.java","119","0","0","0","1012","1246","0"
"hazelcast","158aa74e02ecaf3758f928ed2cb78bdc8b265e60","hazelcast/src/main/java/com/hazelcast/map/impl/proxy/MapProxySupport.java","119","0","0","0","1012","1247","1"
"hazelcast","a65cac7cdaf9c4c2b8fe1a1eb42e1ee358d75265","hazelcast/src/main/java/com/hazelcast/map/impl/proxy/MapProxySupport.java","119","0","0","0","1028","1265","0"
"ceylon-ide-eclipse","d07fc67098fbbc0bc5bdc07fb518f75042d95444","plugins/com.redhat.ceylon.eclipse.ui/src/com/redhat/ceylon/eclipse/code/editor/TerminateStatementAction.java","119","0","0","0","552","651","1"
"ceylon-ide-eclipse","64a391fbabba6b9bc6b553abfa42466e0ca9673d","plugins/com.redhat.ceylon.eclipse.ui/src/com/redhat/ceylon/eclipse/code/editor/TerminateStatementAction.java","119","0","0","0","553","651","0"
"elasticsearch","6bdf591193745cce587ec9805a181eed81b696bf","client/rest-high-level/src/test/java/org/elasticsearch/client/RequestTests.java","119","0","0","18","799","907","2"
"ceylon-ide-eclipse","64a391fbabba6b9bc6b553abfa42466e0ca9673d","plugins/com.redhat.ceylon.eclipse.ui/src/com/redhat/ceylon/eclipse/code/refactor/ChangeParametersRefactoring.java","119","0","0","19","828","911","0"
"ceylon-ide-eclipse","5b4c3eac8a7c12c0125a77343e602b4e73083595","plugins/com.redhat.ceylon.eclipse.ui/src/com/redhat/ceylon/eclipse/code/refactor/ChangeParametersRefactoring.java","119","0","0","19","829","912","0"
"elasticsearch","ace83d9d2a97cfe8a8aa9bdd7b46ce71713fb494","core/src/test/java/org/elasticsearch/index/store/StoreTests.java","119","0","0","24","991","1130","0"
"elasticsearch","6941966b1654106ed9249cd01c32bfa2e06b452f","core/src/test/java/org/elasticsearch/index/store/StoreTests.java","119","0","0","24","999","1138","0"
"orientdb","4e1de17697f2030cee8bb58b16556727f48827ed","core/src/main/java/com/orientechnologies/orient/core/index/OClassIndexManager.java","119","0","1","16","499","644","1"
"orientdb","f64fd86486d43e3667a3a53fa815e23c0a8270b4","core/src/main/java/com/orientechnologies/orient/core/index/OClassIndexManager.java","119","0","1","16","499","645","1"
"BroadleafCommerce","a9195d4ac4004123352a33490d7885e7a7a8a19e","admin/broadleaf-open-admin-platform/src/main/java/org/broadleafcommerce/openadmin/web/service/FormBuilderServiceImpl.java","119","0","1","19","690","874","1"
"elasticsearch","598370b6c722f8b1f40b20b7fa5f21e3c0c0a85a","modules/elasticsearch/src/main/java/org/elasticsearch/indices/cluster/IndicesClusterStateService.java","119","0","1","2","589","726","0"
"elasticsearch","a60b8948ba1d836a6eac7cff095519e618939ed8","core/src/main/java/org/elasticsearch/indices/cluster/IndicesClusterStateService.java","119","0","1","2","632","793","0"
"orientdb","eda978aeda4e2d46618285fcb1d73642a30164c2","core/src/main/java/com/orientechnologies/orient/core/tx/OTransactionOptimistic.java","119","0","1","22","494","660","1"
"BroadleafCommerce","73ece9d935a1e52d98129e7b974eb044234d1363","admin/broadleaf-open-admin-platform/src/main/java/org/broadleafcommerce/openadmin/server/dao/provider/metadata/CollectionFieldMetadataProvider.java","119","0","1","4","480","542","0"
"elasticsearch","8e07b4fba4e200e5fecfc5bf7d34b9086f356ef2","core/src/main/java/org/elasticsearch/cluster/metadata/MetaData.java","119","0","11","74","870","1126","2"
"elasticsearch","776e5d8096c7ddea8996d8c70165f6971aadd776","core/src/main/java/org/elasticsearch/cluster/metadata/MetaData.java","119","0","11","76","903","1175","1"
"elasticsearch","044b3d59cda609b6e3101bc24951f6c564b157f0","core/src/main/java/org/elasticsearch/cluster/routing/allocation/allocator/BalancedShardsAllocator.java","119","0","12","10","704","1056","2"
"elasticsearch","17913c56fb6b0bea9b8740e72f2c4caf93ebdb60","core/src/main/java/org/elasticsearch/cluster/routing/allocation/allocator/BalancedShardsAllocator.java","119","0","12","10","706","1058","2"
"elasticsearch","6941966b1654106ed9249cd01c32bfa2e06b452f","core/src/main/java/org/elasticsearch/cluster/metadata/MetaData.java","119","0","12","72","921","1190","1"
"elasticsearch","2f6405ee277ec64269dd13fdfbd8445f96b4516d","core/src/main/java/org/elasticsearch/cluster/metadata/MetaData.java","119","0","12","72","923","1192","1"
"mcMMO","69a2a5cfff9be33b4a3df0f08e7a40ce489f5b4e","src/main/java/com/gmail/nossr50/listeners/PlayerListener.java","119","0","15","3","460","714","1"
"elasticsearch","21ffd931ec9f6a1fd2e4c93550d3d6ff40b39cf0","core/src/main/java/org/elasticsearch/search/SearchService.java","119","0","2","13","963","1125","3"
"elasticsearch","18b73ce8296382f8e5d0b5874e9e8318f084030a","core/src/main/java/org/elasticsearch/search/SearchService.java","119","0","2","13","966","1128","2"
"netty","bace371ca5c84760f0f644ba77212ec7aa9a9cc7","codec-http2/src/main/java/io/netty/handler/codec/http2/DefaultHttp2Connection.java","119","0","2","15","862","1197","1"
"netty","11bcb8790cb2471a50a857fcae44fb42d410aa83","codec-http2/src/main/java/io/netty/handler/codec/http2/DefaultHttp2Connection.java","119","0","2","15","877","1225","1"
"elasticsearch","cb5c25ab4fb78c0da392726566ee3d74924454c5","core/src/main/java/org/elasticsearch/common/io/stream/StreamInput.java","119","0","24","35","681","903","0"
"elasticsearch","becaff30a893e9ec8bf4e841e6c1df2a22f0979a","core/src/test/java/org/elasticsearch/index/translog/TranslogTests.java","119","0","3","28","1055","1254","1"
"elasticsearch","4040f194f528c76c88be70b119cf9d7d6fcea99b","core/src/main/java/org/elasticsearch/discovery/zen/ZenDiscovery.java","119","0","4","9","976","1313","0"
"hazelcast","f46b12b008e3c5aaceef46dd3181e48476cb7afd","hazelcast/src/test/java/com/hazelcast/map/QueryTest.java","119","0","5","49","1329","1457","0"
"hazelcast","56d8d5d5b838b7643b609430b834745a139fb79b","hazelcast/src/test/java/com/hazelcast/map/QueryTest.java","119","0","5","49","1331","1460","0"
"hazelcast","180e363502099ecf28a586bf5b9887e10fc65fab","hazelcast/src/main/java/com/hazelcast/internal/partition/impl/InternalPartitionServiceImpl.java","119","0","6","57","941","1166","0"
"elasticsearch","40a13345d785c9db6bc3dcd78e61e6df5971b894","core/src/main/java/org/elasticsearch/common/settings/Settings.java","119","0","60","11","849","1329","2"
"elasticsearch","01f083ca839606ed475a61be185081f2642ddea1","core/src/main/java/org/elasticsearch/index/mapper/RangeFieldMapper.java","119","0","7","39","861","977","2"
"hazelcast","39b2d3ecb7e590b7949df9cca039783fee4d4cc5","hazelcast/src/main/java/com/hazelcast/spi/impl/operationservice/impl/InvokeOnPartitions.java","12","0","0","0","103","144","1"
"hazelcast","316096c5ebab16bc7e0485e6562eea36f6ac2aac","hazelcast/src/main/java/com/hazelcast/partition/impl/InternalPartitionImpl.java","12","0","0","0","105","134","1"
"hazelcast","cdc9b78260740d11f4a477658abb7b680c47f851","hazelcast/src/main/java/com/hazelcast/partition/impl/InternalPartitionImpl.java","12","0","0","0","105","134","2"
"hazelcast","991c061d964a44728dd418dca6c65ae9d76860c9","hazelcast/src/main/java/com/hazelcast/partition/impl/InternalPartitionImpl.java","12","0","0","0","105","134","0"
"hazelcast","59c4822d4ad5dfac4cecd11231280baa33d4aa35","hazelcast/src/main/java/com/hazelcast/map/client/AbstractMapQueryRequest.java","12","0","0","0","105","138","1"
"hazelcast","da85875a90f55daba93fc5e45ba3dc69fd0199af","hazelcast/src/main/java/com/hazelcast/spi/impl/operationservice/impl/InvokeOnPartitions.java","12","0","0","0","105","147","0"
"hazelcast","ed8ebd1d1ccb7cff9c3a80431b38529db26cdf75","hazelcast/src/main/java/com/hazelcast/spi/impl/operationservice/impl/InvokeOnPartitions.java","12","0","0","0","105","147","0"
"hazelcast","ee426879c93629b6631207f2ebd08dbd3dff71e3","hazelcast/src/main/java/com/hazelcast/spi/impl/operationservice/impl/InvokeOnPartitions.java","12","0","0","0","105","147","1"
"hazelcast","b8562acc26e5d6ed319ac5e19466995dd2d664f9","hazelcast/src/main/java/com/hazelcast/spi/impl/operationservice/impl/InvokeOnPartitions.java","12","0","0","0","106","148","0"
"hazelcast","267657223110ee9fc436f5496e078547d29c6e4c","hazelcast/src/main/java/com/hazelcast/nio/serialization/FieldDefinitionImpl.java","12","0","0","0","106","149","1"
"hazelcast","39091ff574efe84ae6a3d772a1b7cfce80f4f2e0","hazelcast/src/main/java/com/hazelcast/map/client/AbstractMapQueryRequest.java","12","0","0","0","110","144","0"
"hazelcast","f5cb1bc05582dde9b0f920aceaf3295c58a2d42e","hazelcast/src/main/java/com/hazelcast/partition/impl/InternalPartitionImpl.java","12","0","0","0","111","141","1"
"elasticsearch","4bf12a7dca9fddc9544f7698938a9ca35ca1bca4","modules/ingest-grok/src/main/java/org/elasticsearch/ingest/grok/Grok.java","12","0","0","0","114","159","0"
"neo4j","737bbf8d7a2c473b0df517235b3822c3b4110231","community/bolt/src/main/java/org/neo4j/bolt/v1/runtime/concurrent/RunnableBoltWorker.java","12","0","0","0","114","160","0"
"elasticsearch","371c73e14023917f3892090d2d3d7ff9ac1216b9","core/src/main/java/org/elasticsearch/common/util/AbstractBigArray.java","12","0","0","0","117","162","3"
"elasticsearch","3cb307462dba82409bd549b3c25f581b03d69244","core/src/main/java/org/elasticsearch/common/util/AbstractBigArray.java","12","0","0","0","117","162","2"
"elasticsearch","78574d248cf10dad1c5a566fda79e1e0c94afe43","core/src/main/java/org/elasticsearch/common/util/AbstractBigArray.java","12","0","0","0","117","162","2"
"elasticsearch","9ad49faa8689581c6eaadd0813baf53abda7ff3d","modules/ingest-common/src/main/java/org/elasticsearch/ingest/common/Grok.java","12","0","0","0","117","162","1"
"elasticsearch","e6aaaf11ed4a1b8f595f920de1840938eddb7a97","core/src/main/java/org/elasticsearch/common/util/AbstractBigArray.java","12","0","0","0","117","162","2"
"elasticsearch","a60b8948ba1d836a6eac7cff095519e618939ed8","core/src/main/java/org/elasticsearch/common/util/AbstractBigArray.java","12","0","0","0","117","162","0"
"hazelcast","4a488992e08798ae42140d1bfbe29ade0b957d40","hazelcast/src/main/java/com/hazelcast/map/impl/mapstore/writebehind/CoalescedWriteBehindQueue.java","12","0","0","0","117","171","1"
"hazelcast","0fd41c008d747b13c9eb8897eab8e2ba6808d759","hazelcast/src/main/java/com/hazelcast/map/impl/mapstore/writebehind/CoalescedWriteBehindQueue.java","12","0","0","0","118","173","2"
"hazelcast","a1729211e956cd6fcfb4eb7a5cf9d47fd4fa1250","hazelcast/src/main/java/com/hazelcast/map/impl/mapstore/writebehind/CoalescedWriteBehindQueue.java","12","0","0","0","118","173","2"
"hazelcast","c5ff00b2b65c60069e7e807e20c9357f43cc6df4","hazelcast/src/main/java/com/hazelcast/map/impl/mapstore/writebehind/CoalescedWriteBehindQueue.java","12","0","0","0","118","173","2"
"hazelcast","287ce2a807b5697e12a97529d63fa3387e06aace","hazelcast/src/main/java/com/hazelcast/map/impl/mapstore/writebehind/CoalescedWriteBehindQueue.java","12","0","0","0","118","173","0"
"hazelcast","8fa74b927a750158890672090efe753bbb9097fe","hazelcast/src/main/java/com/hazelcast/map/impl/mapstore/writebehind/CoalescedWriteBehindQueue.java","12","0","0","0","118","173","0"
"hazelcast","07ea12285e916a923872356565b6f97d188fce8f","hazelcast/src/main/java/com/hazelcast/map/impl/mapstore/writebehind/CoalescedWriteBehindQueue.java","12","0","0","0","118","174","1"
"elasticsearch","952feb58e41bd0220784c44136b840ea4a740e26","core/src/main/java/org/elasticsearch/search/aggregations/bucket/histogram/HistogramAggregator.java","12","0","0","0","119","163","1"
"elasticsearch","e024c67561c547b5194d00ea5e5f518a1a96fe63","core/src/main/java/org/elasticsearch/common/util/AbstractBigArray.java","12","0","0","0","120","167","0"
"elasticsearch","e7d352b489272a87b05019869857656de7fb82fc","core/src/main/java/org/elasticsearch/search/aggregations/bucket/histogram/HistogramAggregator.java","12","0","0","0","121","165","0"
"hazelcast","80375b48e398ab48a9390e5c7de3a7b08a01bab2","hazelcast-client/src/main/java/com/hazelcast/client/proxy/txn/TransactionProxy.java","12","0","0","0","122","156","2"
"hazelcast","e4518e52203318e93af0522080e425a114be70cc","hazelcast-client/src/main/java/com/hazelcast/client/proxy/txn/TransactionProxy.java","12","0","0","0","122","156","1"
"hazelcast","6d705f2552e2184cccfa8118823106b3a7088758","hazelcast-client/src/main/java/com/hazelcast/client/proxy/txn/TransactionProxy.java","12","0","0","0","122","156","0"
"hazelcast","605da53365f35d8dbf2842c020b6cf96ce4bb034","hazelcast/src/main/java/com/hazelcast/transaction/impl/TransactionContextImpl.java","12","0","0","0","123","171","1"
"netty","9939c00541193977b599b4837bc28045f1326f69","transport-native-epoll/src/main/java/io/netty/channel/epoll/EpollChannelOutboundBuffer.java","12","0","0","0","123","202","0"
"netty","702ebbc19b6c1c7a95e06ba1abd8a62cc48e6907","transport-native-epoll/src/main/java/io/netty/channel/epoll/EpollChannelOutboundBuffer.java","12","0","0","0","125","202","0"
"hazelcast","4a488992e08798ae42140d1bfbe29ade0b957d40","hazelcast/src/main/java/com/hazelcast/map/impl/mapstore/writebehind/CyclicWriteBehindQueue.java","12","0","0","0","127","222","1"
"hazelcast","287ce2a807b5697e12a97529d63fa3387e06aace","hazelcast/src/main/java/com/hazelcast/map/impl/mapstore/writebehind/CyclicWriteBehindQueue.java","12","0","0","0","128","223","0"
"neo4j","f8312acd0366ce0443db2e896541313ac6ae8bac","enterprise/causal-clustering/src/main/java/org/neo4j/causalclustering/catchup/storecopy/FileSender.java","12","0","0","0","133","170","0"
"hazelcast","bb3ea0e107980d769862cdbda748cc91529d67b5","hazelcast/src/main/java/com/hazelcast/map/impl/client/AbstractMapQueryRequest.java","12","0","0","0","146","191","1"
"hazelcast","cb8160735d5c6fe75b44747d20c57a71f94171a7","hazelcast/src/main/java/com/hazelcast/map/impl/client/AbstractMapQueryRequest.java","12","0","0","0","147","191","0"
"hazelcast","59c4822d4ad5dfac4cecd11231280baa33d4aa35","hazelcast/src/main/java/com/hazelcast/queue/proxy/QueueProxySupport.java","12","0","0","0","149","197","1"
"hazelcast","175512d34ec2fecf0c222c1f2ad5de55b0bc629e","hazelcast/src/main/java/com/hazelcast/transaction/impl/TransactionContextImpl.java","12","0","0","0","152","196","1"
"hazelcast","39091ff574efe84ae6a3d772a1b7cfce80f4f2e0","hazelcast/src/main/java/com/hazelcast/queue/proxy/QueueProxySupport.java","12","0","0","0","152","201","0"
"elasticsearch","1ff2c134720811cb2e54358f321157f17ce50bf0","plugins/repository-s3/src/test/java/org/elasticsearch/repositories/s3/MockAmazonS3.java","12","0","0","0","153","229","0"
"neo4j","a401243f8aff453cb8af8e412ea8510f9be786d6","community/kernel/src/main/java/org/neo4j/kernel/impl/traversal/BidirectionalTraverserIterator.java","12","0","0","0","154","197","1"
"neo4j","d792f87317f952c8de3d1eff2982eaab0fc13d0f","community/kernel/src/main/java/org/neo4j/kernel/impl/traversal/BidirectionalTraverserIterator.java","12","0","0","0","154","198","0"
"neo4j","415c5a0af6f6e9d16725ee294402397500f3aacd","enterprise/causal-clustering/src/main/java/org/neo4j/causalclustering/core/consensus/log/segmented/RecoveryProtocol.java","12","0","0","0","155","210","0"
"elasticsearch","19843b50e9f35b7391b7f2842dcb264f55c1dee9","core/src/main/java/org/elasticsearch/index/shard/IndexShardOperationPermits.java","12","0","0","0","160","273","0"
"elasticsearch","74473c1c3da1c4c26c03b7cb0a2b6e12ca4e04d1","core/src/main/java/org/elasticsearch/search/query/QueryCollectorContext.java","12","0","0","0","161","250","0"
"hazelcast","6d3367f4f483c762f0f00f98bc4151ad321a87cb","hazelcast-client/src/main/java/com/hazelcast/client/cache/impl/HazelcastClientCacheManager.java","12","0","0","0","162","208","3"
"neo4j","4b36fc43018ac57cf566691f7d85457fb1c225f0","enterprise/causal-clustering/src/main/java/org/neo4j/causalclustering/readreplica/ReadReplicaStartupProcess.java","12","0","0","0","168","208","0"
"hazelcast","9f51eeb7f83a09ba7be118b63bbb7c0068469a3e","hazelcast/src/main/java/com/hazelcast/queue/impl/proxy/QueueProxySupport.java","12","0","0","0","176","220","1"
"neo4j","84ba2501e70a3ead624f7d30b268987a61873126","enterprise/core-edge/src/main/java/org/neo4j/coreedge/raft/log/segmented/SegmentFile.java","12","0","0","0","199","275","0"
"elasticsearch","620536f85038d68522103d9cd91e4f3377773feb","core/src/main/java/org/elasticsearch/index/shard/IndexShardOperationPermits.java","12","0","0","0","199","328","0"
"ceylon-ide-eclipse","5b4c3eac8a7c12c0125a77343e602b4e73083595","plugins/com.redhat.ceylon.eclipse.ui/src/com/redhat/ceylon/eclipse/code/refactor/SelectExpressionPopup.java","12","0","0","0","205","222","0"
"hazelcast","419aebd0de414ca4896be239fbb1c45a4c147056","hazelcast-client/src/main/java/com/hazelcast/client/connection/nio/ClientConnection.java","12","0","0","0","205","266","2"
"ceylon-ide-eclipse","64a391fbabba6b9bc6b553abfa42466e0ca9673d","plugins/com.redhat.ceylon.eclipse.ui/src/com/redhat/ceylon/eclipse/code/refactor/SelectExpressionPopup.java","12","0","0","0","207","224","0"
"hazelcast","c2a7459a4d32314ac44789ad71cba56032048e8a","hazelcast-client/src/main/java/com/hazelcast/client/proxy/ClientReplicatedMapProxy.java","12","0","0","0","214","272","2"
"hazelcast","22ba15013db95101f4bfddf01eb6172fca2f70ee","hazelcast-client/src/main/java/com/hazelcast/client/connection/nio/ClientConnection.java","12","0","0","0","215","277","0"
"hazelcast","4c66d17c8b22ec8a5d3b153ef1167127e2bd83ae","hazelcast-client/src/main/java/com/hazelcast/client/connection/nio/ClientConnection.java","12","0","0","0","215","277","0"
"hazelcast","98f3206e11791992bdd9a27344bee4c0ba9bfc0a","hazelcast-client/src/main/java/com/hazelcast/client/connection/nio/ClientConnection.java","12","0","0","0","215","277","0"
"hazelcast","565257f977407eb3a0199d082860209c2958f5f9","hazelcast-client/src/main/java/com/hazelcast/client/connection/nio/ClientConnection.java","12","0","0","0","215","277","1"
"hazelcast","8e7e88aef0fb6559e3b6176ded3aa3264e429e06","hazelcast-client/src/main/java/com/hazelcast/client/connection/nio/ClientConnection.java","12","0","0","0","215","277","1"
"hazelcast","564167c1f93b32ce742411106e9ae67eae88a801","hazelcast-client/src/main/java/com/hazelcast/client/connection/nio/ClientConnection.java","12","0","0","0","216","277","0"
"hazelcast","71768d3b6d5aed37f0211853a15e10dc87c776c9","hazelcast-client/src/main/java/com/hazelcast/client/connection/nio/ClientConnection.java","12","0","0","0","222","286","0"
"hazelcast","edac6c9db2af0f8d6c2b2b81407ddac6668b3775","hazelcast/src/main/java/com/hazelcast/map/impl/mapstore/BasicMapStoreContext.java","12","0","0","0","222","318","2"
"hazelcast","79ca749ae9093b89ca12d0d2ca4fef11a7e63e89","hazelcast-client/src/main/java/com/hazelcast/client/connection/nio/ClientConnection.java","12","0","0","0","223","287","0"
"hazelcast","464ceb2bc27dbe2e0b5d67438073afbd3c75b06b","hazelcast-client/src/main/java/com/hazelcast/client/connection/nio/ClientConnection.java","12","0","0","0","223","288","1"
"hazelcast","7ff7078a956747abfb4d9470e78bb85bb1d181fa","hazelcast-client/src/main/java/com/hazelcast/client/connection/nio/ClientConnection.java","12","0","0","0","223","288","2"
"hazelcast","be3f80e6a3056f8f42d2a644ca3feaae69403114","hazelcast-client/src/main/java/com/hazelcast/client/connection/nio/ClientConnection.java","12","0","0","0","223","288","3"
"hazelcast","4c8b9d227c68cf736e726d5a4b6ef1c529ec9f29","hazelcast-client/src/main/java/com/hazelcast/client/connection/nio/ClientConnection.java","12","0","0","0","223","288","0"
"hazelcast","7bee24db3e8907bf4bacd9723a3269b74c33728b","hazelcast-client/src/main/java/com/hazelcast/client/connection/nio/ClientConnection.java","12","0","0","0","224","289","2"
"netty","88df53ec1a53912c2e34892247c8218c2fa01838","buffer/src/main/java/io/netty/buffer/PooledDirectByteBuf.java","12","0","0","0","227","281","0"
"hazelcast","22bbc7e99d13c8c369e79c69fc354aef865f1706","hazelcast-client/src/main/java/com/hazelcast/client/proxy/ClientQueueProxy.java","12","0","0","0","243","313","2"
"netty","51a536fd3068ecff95dd27adf047299122ade8ea","buffer/src/main/java/io/netty/buffer/PooledDirectByteBuf.java","12","0","0","0","244","302","0"
"netty","5416f2315e222acf8d9a36a51bcd4142a0f1c022","buffer/src/main/java/io/netty/buffer/PooledDirectByteBuf.java","12","0","0","0","250","309","0"
"hazelcast","8e7e88aef0fb6559e3b6176ded3aa3264e429e06","hazelcast-client/src/test/java/com/hazelcast/client/ClientServiceTest.java","12","0","0","0","317","420","1"
"hazelcast","4c8b9d227c68cf736e726d5a4b6ef1c529ec9f29","hazelcast-client/src/test/java/com/hazelcast/client/ClientServiceTest.java","12","0","0","0","318","421","0"
"elasticsearch","f24ca5188a39a9d8bd48f76bb7cbae2f7897e83d","modules/lang-painless/src/main/java/org/elasticsearch/painless/antlr/EnhancedPainlessLexer.java","12","0","0","0","66","106","0"
"hazelcast","51394bc1bdb7ac6fa02b80d6855b6520bf2ea9c3","hazelcast/src/main/java/com/hazelcast/nio/tcp/AbstractSelectionHandler.java","12","0","0","0","66","96","0"
"hazelcast","525c34cddd7f4e08d674611e177bab103e4d1881","hazelcast/src/main/java/com/hazelcast/nio/ReadHandler.java","12","0","0","0","73","100","1"
"hazelcast","82fcc4c7c87097d1719bb56112aec0fafdb6bc0e","hazelcast/src/main/java/com/hazelcast/nio/ReadHandler.java","12","0","0","0","74","101","0"
"elasticsearch","dd86db3347950f7a0a897556d85ec1bb70ea344a","src/main/java/org/elasticsearch/index/search/child/ParentIdsFilter.java","12","0","0","0","77","115","0"
"elasticsearch","952feb58e41bd0220784c44136b840ea4a740e26","core/src/main/java/org/elasticsearch/search/aggregations/bucket/histogram/InternalOrder.java","12","0","0","0","84","136","1"
"elasticsearch","a0818d3b876216c7882b3f6b14c613173409c06c","core/src/main/java/org/elasticsearch/search/aggregations/bucket/histogram/InternalOrder.java","12","0","0","0","84","136","2"
"elasticsearch","e74d02138f02a66331b2611b5e70a908bb49cb97","core/src/main/java/org/elasticsearch/search/aggregations/bucket/histogram/InternalOrder.java","12","0","0","0","84","136","0"
"elasticsearch","9ae421a8b2094009023ba7d0717c6d91d7c47035","src/main/java/org/elasticsearch/search/suggest/phrase/CandidateScorer.java","12","0","0","0","86","115","0"
"elasticsearch","0a69f1e283e26e5d9e6a000b68b9f4778de557a1","core/src/main/java/org/elasticsearch/action/admin/cluster/settings/SettingsUpdater.java","12","0","0","0","87","128","2"
"hazelcast","8def7802f1fbad3ee573323b4b7381892d0994c1","hazelcast/src/main/java/com/hazelcast/internal/partition/operation/FinalizePromotionOperation.java","12","0","0","0","89","131","0"
"hazelcast","bd4c23a7e473d52a5f54745e6255a0cfbba0048d","hazelcast/src/main/java/com/hazelcast/internal/partition/operation/FinalizePromotionOperation.java","12","0","0","0","90","136","1"
"hazelcast","d71eba94f722bf68abf6fe492b4d4f635b3c07c3","hazelcast/src/main/java/com/hazelcast/nio/SocketPacketWriter.java","12","0","0","0","95","127","1"
"hazelcast","cdb79123049c210b290c83e5b03553ed1b29c05f","hazelcast/src/main/java/com/hazelcast/internal/partition/operation/FinalizePromotionOperation.java","12","0","0","0","95","141","2"
"netty","ba6c0321808b5b8da0b795c7a66ee303ef636c94","transport/src/main/java/io/netty/channel/socket/aio/AioServerSocketChannelConfig.java","12","0","0","0","97","134","1"
"netty","cd9a36d4e76057f94d50e03a0c53b9d30d00be8a","transport/src/main/java/io/netty/channel/socket/aio/AioServerSocketChannelConfig.java","12","0","0","0","98","135","0"
"netty","ba6ce5449ee852b782dde9a11933f6a09b123e22","codec-http/src/test/java/io/netty/handler/codec/http/HttpHeadersTestUtils.java","12","0","0","0","99","131","0"
"hazelcast","937106d611fe527814572ae6ae783010aa8d1b79","hazelcast-client/src/main/java/com/hazelcast/client/spi/impl/listener/ClientNonSmartListenerService.java","12","0","0","1","144","179","0"
"hazelcast","1b24dfd09e973a0a5ac02b1fd118a1acdf5987ba","hazelcast-wm/src/test/java/com/hazelcast/wm/test/TestServlet.java","12","0","0","1","48","77","2"
"hazelcast","21c679e8a1c8226ecb3d7597b48a6bbd2d011a52","hazelcast-wm/src/test/java/com/hazelcast/wm/test/TestServlet.java","12","0","0","1","48","78","3"
"elasticsearch","30bcb06606e19d91ddc5785d39d8879ab27dc769","core/src/test/java/org/elasticsearch/search/aggregations/bucket/IpRangeTests.java","12","0","0","1","65","91","2"
"mct","c51c585e19c0ee09920cb84aebf4039dd9691380","fastPlotViews/src/main/java/gov/nasa/arc/mct/fastplot/view/PlotViewFactory.java","12","0","0","1","70","120","0"
"mcMMO","93548317293e2c6c5195544b99d4ce7d900abea1","src/main/java/com/gmail/nossr50/skills/taming/CallOfTheWildEventHandler.java","12","0","0","1","82","104","0"
"elasticsearch","31fa4dc58b659295aaa48930277dddbbabb271ae","src/test/java/org/elasticsearch/index/search/child/AbstractChildTests.java","12","0","0","1","90","128","1"
"elasticsearch","284491d87473878574be81d912b9548eb57cc673","src/test/java/org/elasticsearch/index/search/child/AbstractChildTests.java","12","0","0","1","93","132","0"
"elasticsearch","164efaecbe42195f08ada58b5fde927ab21fc6e7","core/src/test/java/org/elasticsearch/test/discovery/ClusterDiscoveryConfiguration.java","12","0","0","10","121","168","0"
"BroadleafCommerce","931e382b9f7558e05792166f3a0d5199731ad72f","core/broadleaf-framework/src/main/java/org/broadleafcommerce/core/rating/service/RatingServiceImpl.java","12","0","0","10","130","188","0"
"netty","1cb706ac932bab732257e02fc095d91ff7ed3788","codec-http2/src/test/java/io/netty/handler/codec/http2/DefaultHttp2HeadersTest.java","12","0","0","10","131","181","0"
"elasticsearch","0a5323f4f7e2a12a16f4dc95f5b85edd52299571","core/src/main/java/org/elasticsearch/search/aggregations/bucket/histogram/HistogramAggregator.java","12","0","0","10","151","201","1"
"hazelcast","bfc4d5349a0582151fbb9be1d7b03cb55e0451ca","hazelcast/src/main/java/com/hazelcast/executor/DistributedExecutorService.java","12","0","0","10","158","205","1"
"elasticsearch","5a64f08f048461a63a0ca1354a5050c954e63d52","test/framework/src/main/java/org/elasticsearch/test/store/MockFSDirectoryService.java","12","0","0","10","181","231","0"
"elasticsearch","2e2e345dcb90e1ec1c48c6bb5348469fc514aea1","src/test/java/org/elasticsearch/action/admin/indices/get/GetIndexTests.java","12","0","0","10","259","306","5"
"hazelcast","99fae76bc99e0074096750e1ee87859299d4cd8f","hazelcast/src/main/java/com/hazelcast/internal/partition/impl/InternalPartitionImpl.java","12","0","0","11","146","197","0"
"elasticsearch","db541d6fbe3daecec91bb7701aacfcd284662c2a","core/src/main/java/org/elasticsearch/search/aggregations/pipeline/derivative/DerivativePipelineAggregator.java","12","0","0","11","148","192","1"
"hazelcast","f256296d39020e8a85f8b0e2a76b646501e84e7b","hazelcast/src/main/java/com/hazelcast/executor/impl/DistributedExecutorService.java","12","0","0","11","169","218","1"
"BroadleafCommerce","2f9b07c02068e537453caf19387c86881174dd4a","core/broadleaf-framework/src/main/java/org/broadleafcommerce/core/catalog/dao/ProductOptionDaoImpl.java","12","0","0","11","207","278","0"
"hazelcast","2df063d441d3830ee797541830899e3248a8590e","hazelcast/src/test/java/com/hazelcast/spi/MigrationAwareServiceTest.java","12","0","0","11","285","365","0"
"hazelcast","a72fb0002f823c5bf885736fc9c783b4b1da51e5","hazelcast/src/test/java/com/hazelcast/spi/MigrationAwareServiceTest.java","12","0","0","11","285","365","0"
"hazelcast","b1556cb737bd13095ea68036af59c6a61c350931","hazelcast/src/test/java/com/hazelcast/spi/MigrationAwareServiceTest.java","12","0","0","11","285","365","0"
"hazelcast","1c52b3168b2cb32e5b01cf28812512ae01cf5b94","hazelcast/src/test/java/com/hazelcast/spi/MigrationAwareServiceTest.java","12","0","0","11","285","365","1"
"hazelcast","70141681c3ecee84bbc3e81986f4e329c220c12d","hazelcast/src/test/java/com/hazelcast/spi/MigrationAwareServiceTest.java","12","0","0","11","285","365","1"
"hazelcast","da460dce9851d459447566dfff17a8dce5913d81","hazelcast/src/main/java/com/hazelcast/query/impl/IndexImpl.java","12","0","0","11","92","131","0"
"hazelcast","081a9a82ef841f2d91af579f204931cf550e0bbc","hazelcast/src/main/java/com/hazelcast/query/impl/IndexImpl.java","12","0","0","11","94","133","1"
"titan","5030ddbd044b915588512ef74029ca9ac3095392","src/main/java/com/thinkaurelius/titan/diskstorage/util/KeyValueStoreAdapter.java","12","0","0","12","133","166","1"
"neo4j","524187c7c736da98dcd99a069cc76f02927b6774","community/kernel/src/main/java/org/neo4j/kernel/impl/nioneo/store/labels/DynamicNodeLabels.java","12","0","0","12","151","193","0"
"neo4j","934072a0187279d79b381ad46f6270622ead3175","community/kernel/src/main/java/org/neo4j/kernel/impl/nioneo/store/labels/DynamicNodeLabels.java","12","0","0","12","156","199","0"
"hazelcast","10dd17ee35ef6222d4820ab81fb2d64eae29ccea","hazelcast/src/test/java/com/hazelcast/spi/MigrationAwareServiceTest.java","12","0","0","12","294","378","1"
"hazelcast","69a23b36927ba641fc54f9e9c664dbddd18351fc","hazelcast/src/test/java/com/hazelcast/spi/MigrationAwareServiceTest.java","12","0","0","12","294","378","1"
"hazelcast","eb280337bfa76ba862dfc8978863d2d483b2b8af","hazelcast/src/test/java/com/hazelcast/spi/MigrationAwareServiceTest.java","12","0","0","12","294","378","2"
"hazelcast","525304be9f95232f46b016f11971399c038be181","hazelcast/src/test/java/com/hazelcast/spi/MigrationAwareServiceTest.java","12","0","0","12","294","378","0"
"hazelcast","90756ae001a986aec8f214f26387ca3d823557d2","hazelcast/src/main/java/com/hazelcast/query/impl/IndexImpl.java","12","0","0","12","98","138","0"
"neo4j","15e18cdb688a2ec6e0e1897051f1c3afa538bacf","integrationtests/src/test/java/org/neo4j/procedure/ProcedureIT.java","12","0","0","123","1118","1502","1"
"neo4j","4263fd5698c9e2d79652895105a3bfee3c71d105","integrationtests/src/test/java/org/neo4j/procedure/ProcedureIT.java","12","0","0","125","1137","1524","0"
"orientdb","3d43411c15b05f07af35bfddd8641011bdd4766e","core/src/main/java/com/orientechnologies/orient/core/command/traverse/OTraverseContext.java","12","0","0","13","143","234","1"
"hazelcast","99f2dd5d8710f0276d0b105ba5c0f19674b6ccdf","hazelcast-client/src/main/java/com/hazelcast/client/txn/ClientTransactionManager.java","12","0","0","14","140","179","1"
"elasticsearch","3f18487afa4156c8418922256ed5583dfeafb716","core/src/test/java/org/elasticsearch/index/mapper/FieldTypeLookupTests.java","12","0","0","14","259","311","2"
"elasticsearch","b326f0bc513f5a0c4d13e51387b2b580dd8accf3","core/src/test/java/org/elasticsearch/common/util/concurrent/ThreadContextTests.java","12","0","0","14","292","373","1"
"hazelcast","31690aee267ceaa9838e4a284b72ebd06ab35839","hazelcast/src/main/java/com/hazelcast/query/impl/IndexImpl.java","12","0","0","14","98","138","0"
"neo4j","9361a926d041066711aeb23e6373b8b699ed82f1","integrationtests/src/test/java/org/neo4j/procedure/ProcedureIT.java","12","0","0","149","1378","1836","0"
"elasticsearch","3ce7b119d28e7d1be7284bd804606a65c2d1a383","core/src/main/java/org/elasticsearch/index/mapper/RoutingFieldMapper.java","12","0","0","15","134","193","1"
"elasticsearch","96f1739c0dafc067a289574296642219faca4673","core/src/main/java/org/elasticsearch/index/mapper/RoutingFieldMapper.java","12","0","0","15","141","200","0"
"hazelcast","8e7e88aef0fb6559e3b6176ded3aa3264e429e06","hazelcast-client-new/src/test/java/com/hazelcast/client/ClientServiceTest.java","12","0","0","15","317","420","0"
"hazelcast","1f042b8c4a4245594691bb6d85a66ceed9b43068","hazelcast-client/src/test/java/com/hazelcast/client/ClientServiceTest.java","12","0","0","15","318","420","1"
"hazelcast","27d49efcee88ee428254cf38353e8698ea127c45","hazelcast-client/src/test/java/com/hazelcast/client/ClientServiceTest.java","12","0","0","15","318","420","2"
"hazelcast","2921cff694583b8638dae2991f427e61d5440a9d","hazelcast-client/src/test/java/com/hazelcast/client/ClientServiceTest.java","12","0","0","15","318","420","0"
"hazelcast","4c8b9d227c68cf736e726d5a4b6ef1c529ec9f29","hazelcast-client-legacy/src/test/java/com/hazelcast/client/ClientServiceTest.java","12","0","0","15","318","421","0"
"hazelcast","12830cf4db72fc7d71edd8a20ee15fba533ab6a8","hazelcast-client/src/test/java/com/hazelcast/client/ClientServiceTest.java","12","0","0","15","319","421","1"
"elasticsearch","101ea31fdffda1d6245dde29e86f8e6ede694a04","src/test/java/org/elasticsearch/search/aggregations/metrics/ScriptedMetricTests.java","12","0","0","15","518","599","1"
"elasticsearch","41fd4d87223a2be57524d3df55639d8df118ce85","src/test/java/org/elasticsearch/nested/SimpleNestedTests.java","12","0","0","16","1022","1238","1"
"netty","67da6e4bf945f771607454dff40334990396ce7b","buffer/src/main/java/io/netty/buffer/AbstractByteBufAllocator.java","12","0","0","16","107","145","0"
"hazelcast","53d96a2042e1c7fa0fe1ccb1ae1a0c152ce97c34","hazelcast/src/main/java/com/hazelcast/collection/CollectionService.java","12","0","0","16","136","175","1"
"hazelcast","6474545aa5329fefb6b8aca3d96457f3fd89c46c","hazelcast/src/main/java/com/hazelcast/collection/CollectionService.java","12","0","0","16","136","175","1"
"hazelcast","b0ce34b9ecddab5119836b79b2cecb428664b121","hazelcast/src/main/java/com/hazelcast/collection/CollectionService.java","12","0","0","16","136","175","1"
"hazelcast","ea1c884a2094d673643c44a0e98c44f3b44527b1","hazelcast/src/main/java/com/hazelcast/collection/CollectionService.java","12","0","0","16","136","175","2"
"hazelcast","a476ebc118a4c2591a6901e9d093456450e8c205","hazelcast/src/main/java/com/hazelcast/collection/CollectionService.java","12","0","0","16","136","175","0"
"hazelcast","0d5f32b92330eb1b4d0a8f2e0c97d32341ec8970","hazelcast/src/main/java/com/hazelcast/collection/CollectionService.java","12","0","0","16","136","176","0"
"elasticsearch","371c73e14023917f3892090d2d3d7ff9ac1216b9","core/src/main/java/org/elasticsearch/cluster/health/ClusterIndexHealth.java","12","0","0","16","166","219","3"
"elasticsearch","78574d248cf10dad1c5a566fda79e1e0c94afe43","core/src/main/java/org/elasticsearch/cluster/health/ClusterIndexHealth.java","12","0","0","16","166","219","2"
"elasticsearch","e6aaaf11ed4a1b8f595f920de1840938eddb7a97","core/src/main/java/org/elasticsearch/cluster/health/ClusterIndexHealth.java","12","0","0","16","166","219","2"
"elasticsearch","a60b8948ba1d836a6eac7cff095519e618939ed8","core/src/main/java/org/elasticsearch/cluster/health/ClusterIndexHealth.java","12","0","0","16","166","219","0"
"elasticsearch","63090f5d4bb77840d01e938960cf609ec0c6639e","core/src/test/java/org/elasticsearch/search/simple/SimpleSearchIT.java","12","0","0","16","273","358","5"
"elasticsearch","321606d3aa009f92a8f4248fe27b6b1650befe01","core/src/test/java/org/elasticsearch/search/simple/SimpleSearchIT.java","12","0","0","16","277","363","4"
"elasticsearch","0a69f1e283e26e5d9e6a000b68b9f4778de557a1","core/src/test/java/org/elasticsearch/search/simple/SimpleSearchIT.java","12","0","0","16","282","369","3"
"elasticsearch","5a64f08f048461a63a0ca1354a5050c954e63d52","core/src/test/java/org/elasticsearch/search/simple/SimpleSearchIT.java","12","0","0","16","283","370","1"
"elasticsearch","d84c643f5880a88d2e5c38b487123161f3e01fe0","core/src/test/java/org/elasticsearch/search/simple/SimpleSearchIT.java","12","0","0","16","295","385","0"
"elasticsearch","add433944676594b5696bc949e3e8eea38cf037d","src/test/java/org/elasticsearch/nested/SimpleNestedTests.java","12","0","0","17","1153","1374","0"
"hazelcast","bef9eaaee45912483a17edfa9bf8c70c0d515419","hazelcast/src/main/java/com/hazelcast/concurrent/semaphore/SemaphoreService.java","12","0","0","18","145","196","0"
"hazelcast","362ce44e73e61c0a55d1b2cef8314c1adc241ec9","hazelcast/src/main/java/com/hazelcast/concurrent/semaphore/SemaphoreService.java","12","0","0","18","148","195","1"
"elasticsearch","0a69f1e283e26e5d9e6a000b68b9f4778de557a1","core/src/test/java/org/elasticsearch/index/IndexModuleTests.java","12","0","0","18","325","401","2"
"elasticsearch","6174e21f47244b6d5153d7d0cc1fe28fe863399d","core/src/test/java/org/elasticsearch/search/aggregations/metrics/HDRPercentilesIT.java","12","0","0","18","433","524","1"
"hazelcast","72f10e937c2941afb29b702c9a5cf815893d5602","hazelcast/src/main/java/com/hazelcast/concurrent/semaphore/SemaphoreService.java","12","0","0","19","152","200","0"
"neo4j","3a78f5f817ec4cdbb54065cbcfd0e3de100ff931","enterprise/security/src/main/java/org/neo4j/server/security/enterprise/auth/ShiroAuthManager.java","12","0","0","19","222","291","0"
"elasticsearch","6174e21f47244b6d5153d7d0cc1fe28fe863399d","core/src/test/java/org/elasticsearch/search/aggregations/metrics/HDRPercentileRanksIT.java","12","0","0","19","441","534","1"
"netty","559f1b110aeb0d586308d9ad8fb01f78170dd6e2","transport-native-epoll/src/main/java/io/netty/channel/epoll/AbstractEpollServerChannel.java","12","0","0","2","105","154","1"
"netty","d93f9062554d07eec6d376d85d886e40b6a907f7","buffer/src/test/java/io/netty/buffer/PooledByteBufAllocatorTest.java","12","0","0","2","106","141","0"
"elasticsearch","1510cd6923e905012213cccfe33fee4ba7617ea4","src/main/java/org/elasticsearch/action/termvector/TransportMultiTermVectorsAction.java","12","0","0","2","126","170","0"
"elasticsearch","20ff703e07c692c5e68e6b30a6e6413a34dd10a7","core/src/main/java/org/elasticsearch/action/search/TransportSearchAction.java","12","0","0","2","137","182","1"
"neo4j","3970fbec529fe86b946a265b893c85cb93ca9cd1","community/cypher/spec-suite-tools/src/test/java/cypher/SpecSuiteResources.java","12","0","0","2","144","179","0"
"neo4j","4f021ca29bae1d5264461a88c40fae307328598f","community/consistency-check/src/main/java/org/neo4j/consistency/ConsistencyCheckTool.java","12","0","0","2","160","199","1"
"hazelcast","3d3b0732131691b2f1a256a041cf8eb3055a2f04","hazelcast-client/src/test/java/com/hazelcast/client/cache/impl/nearcache/invalidation/InvalidationMemberAddRemoveTest.java","12","0","0","2","180","239","1"
"hazelcast","1bdcce6ff27e11c5d3d12f1e91cd24012201b002","hazelcast-client/src/test/java/com/hazelcast/client/cache/impl/nearcache/invalidation/InvalidationMemberAddRemoveTest.java","12","0","0","2","183","240","0"
"neo4j","65a7ca99e28d12d274a84ca1008be13611ca44ab","community/consistency-check/src/main/java/org/neo4j/consistency/ConsistencyCheckTool.java","12","0","0","2","185","229","0"
"hazelcast","d2ef43dd54976080a85a49cbcab11fe058ff2aa4","hazelcast/src/test/java/com/hazelcast/map/mapstore/writebehind/WriteBehindWithEntryProcessorTest.java","12","0","0","2","195","242","2"
"ceylon-ide-eclipse","ff1a0aaaa30fbc17dd990487660acfb95098fe71","plugins/com.redhat.ceylon.eclipse.ui/src/com/redhat/ceylon/eclipse/code/navigator/NonEssentialEmptyInnerPackageFilter.java","12","0","0","2","34","40","0"
"elasticsearch","ace83d9d2a97cfe8a8aa9bdd7b46ce71713fb494","core/src/main/java/org/elasticsearch/common/MacAddressProvider.java","12","0","0","2","54","91","0"
"elasticsearch","6941966b1654106ed9249cd01c32bfa2e06b452f","core/src/main/java/org/elasticsearch/common/MacAddressProvider.java","12","0","0","2","59","99","0"
"mcMMO","9730cdb880ba45ebd96c1cffab6c242310a18743","src/main/java/com/gmail/nossr50/commands/party/PartyJoinCommand.java","12","0","0","2","67","91","1"
"mcMMO","93548317293e2c6c5195544b99d4ce7d900abea1","src/main/java/com/gmail/nossr50/commands/general/InspectCommand.java","12","0","0","2","70","88","3"
"mcMMO","6518d192ec8dec02b303d2bafb2b9276c1310aec","src/main/java/com/gmail/nossr50/commands/party/PartyJoinCommand.java","12","0","0","2","71","96","0"
"orientdb","e6897e844505bfdfff46cfc91d9e122002f3e6a5","core/src/main/java/com/orientechnologies/orient/core/serialization/serializer/record/binary/ORecordSerializerBinaryDebug.java","12","0","0","2","83","94","0"
"elasticsearch","05adc142317dbc7a46fde0d83e4ff730843363e4","core/src/main/java/org/elasticsearch/action/get/TransportMultiGetAction.java","12","0","0","2","90","127","4"
"elasticsearch","776e5d8096c7ddea8996d8c70165f6971aadd776","core/src/main/java/org/elasticsearch/action/get/TransportMultiGetAction.java","12","0","0","2","91","128","1"
"elasticsearch","3046055bd0f2bc3d334667b9d8cad2f6b7396cba","core/src/main/java/org/elasticsearch/action/termvectors/TransportMultiTermVectorsAction.java","12","0","0","2","95","131","0"
"elasticsearch","578853f264e8ddae5c919b1b7ca35524cb292d62","core/src/main/java/org/elasticsearch/action/termvectors/TransportMultiTermVectorsAction.java","12","0","0","2","95","131","0"
"elasticsearch","a60b8948ba1d836a6eac7cff095519e618939ed8","core/src/main/java/org/elasticsearch/action/termvectors/TransportMultiTermVectorsAction.java","12","0","0","2","95","131","0"
"elasticsearch","78574d248cf10dad1c5a566fda79e1e0c94afe43","core/src/main/java/org/elasticsearch/action/termvectors/TransportMultiTermVectorsAction.java","12","0","0","2","95","131","1"
"elasticsearch","e6aaaf11ed4a1b8f595f920de1840938eddb7a97","core/src/main/java/org/elasticsearch/action/termvectors/TransportMultiTermVectorsAction.java","12","0","0","2","95","131","1"
"elasticsearch","2539d94bc95f651971b1c23db395caa603ce4b0f","core/src/main/java/org/elasticsearch/action/termvectors/TransportMultiTermVectorsAction.java","12","0","0","2","96","132","1"
"elasticsearch","578853f264e8ddae5c919b1b7ca35524cb292d62","core/src/main/java/org/elasticsearch/action/get/TransportMultiGetAction.java","12","0","0","2","96","137","0"
"elasticsearch","6125f535aed6a4d1680668fd585feeb01c267ab3","core/src/main/java/org/elasticsearch/action/get/TransportMultiGetAction.java","12","0","0","2","96","137","0"
"elasticsearch","7ef4076160fe61c3d9aba212f412eca540886489","core/src/main/java/org/elasticsearch/action/get/TransportMultiGetAction.java","12","0","0","2","96","137","0"
"elasticsearch","95b6f85c87d301f2038711d094752c1c5dac443f","core/src/main/java/org/elasticsearch/action/get/TransportMultiGetAction.java","12","0","0","2","96","137","0"
"elasticsearch","d3417fb02291f26964d77767020ef345d18c148f","core/src/main/java/org/elasticsearch/action/get/TransportMultiGetAction.java","12","0","0","2","96","137","0"
"elasticsearch","0e5d324c36b66668e7d5b5bdf679cf5640dd8253","core/src/main/java/org/elasticsearch/action/get/TransportMultiGetAction.java","12","0","0","2","96","137","2"
"elasticsearch","4b94eb5cb8cc4294ed0e932a5f22c16bd90d4dd7","core/src/main/java/org/elasticsearch/action/get/TransportMultiGetAction.java","12","0","0","2","96","137","2"
"elasticsearch","860efb2ad28db09189c8423e05d0dba53010259c","core/src/main/java/org/elasticsearch/action/get/TransportMultiGetAction.java","12","0","0","2","96","137","2"
"elasticsearch","182e11969952fcc157d306e991214462d1a47ba2","core/src/test/java/org/elasticsearch/search/aggregations/bucket/IpRangeTests.java","12","0","0","2","97","128","0"
"elasticsearch","776e5d8096c7ddea8996d8c70165f6971aadd776","core/src/main/java/org/elasticsearch/action/termvectors/TransportMultiTermVectorsAction.java","12","0","0","2","97","133","1"
"ceylon-ide-eclipse","05c1e9a8b25443c80f99811d73f9323ad2b50406","plugins/com.redhat.ceylon.eclipse.ui/src/com/redhat/ceylon/eclipse/code/resolve/JavaToCeylonHyperlinkDetector.java","12","0","0","2","98","115","0"
"ceylon-ide-eclipse","86f26fa537e183c4a48c2adbef4b49cf726e931d","plugins/com.redhat.ceylon.eclipse.ui/src/com/redhat/ceylon/eclipse/code/complete/CompletionProposal.java","12","0","0","20","175","208","1"
"neo4j","056e8053b1ce92893d58c76f5f510fced0c7284c","community/bolt/src/main/java/org/neo4j/bolt/v1/messaging/infrastructure/ValueRelationship.java","12","0","0","21","178","231","0"
"ceylon-ide-eclipse","0d38532ee118e04d37ee7d71c9199357b9afe3e5","plugins/com.redhat.ceylon.eclipse.ui/src/com/redhat/ceylon/eclipse/code/complete/CompletionProposal.java","12","0","0","21","182","216","2"
"ceylon-ide-eclipse","c5c15a0b33245f13d9fc7d44db226c0458005f73","plugins/com.redhat.ceylon.eclipse.ui/src/com/redhat/ceylon/eclipse/code/complete/CompletionProposal.java","12","0","0","21","183","217","0"
"orientdb","bf684724948a42700600f83324ee6c04db7adc2c","lucene/src/main/java/com/orientechnologies/lucene/index/OLuceneIndexNotUnique.java","12","0","0","21","222","320","2"
"elasticsearch","99f9bd7cfe0191214dc95a02d817874e1ecafa5b","core/src/test/java/org/elasticsearch/common/xcontent/builder/XContentBuilderTests.java","12","0","0","21","305","380","0"
"elasticsearch","38bee27b112b62cfd227a86eb330a0349958f190","core/src/test/java/org/elasticsearch/index/mapper/DynamicMappingTests.java","12","0","0","21","510","649","2"
"elasticsearch","e98b68a665c6c236dc5721c13b4df85f1da34f47","src/test/java/org/elasticsearch/indices/IndicesOptionsIntegrationTests.java","12","0","0","21","767","916","0"
"elasticsearch","adc0807c686b37bf1d96bd3eb9d26face380fe44","src/test/java/org/elasticsearch/indices/IndicesOptionsIntegrationTests.java","12","0","0","21","788","938","1"
"elasticsearch","a01475a20b8a5b14da67c9979cdd953aefcc7598","core/src/test/java/org/elasticsearch/common/xcontent/builder/XContentBuilderTests.java","12","0","0","22","305","390","1"
"elasticsearch","841d5a210e12bc629336396893e18872d2b1f46f","core/src/test/java/org/elasticsearch/common/xcontent/builder/XContentBuilderTests.java","12","0","0","22","306","391","0"
"elasticsearch","74473c1c3da1c4c26c03b7cb0a2b6e12ca4e04d1","core/src/test/java/org/elasticsearch/search/simple/SimpleSearchIT.java","12","0","0","22","381","484","0"
"elasticsearch","3f805d68cb9047e8cd77654561dd0f5e5bba5379","core/src/test/java/org/elasticsearch/index/mapper/DynamicMappingTests.java","12","0","0","22","533","675","2"
"elasticsearch","9570feaf8de61c737d48272b60dc1c7788d2d656","core/src/test/java/org/elasticsearch/index/mapper/DynamicMappingTests.java","12","0","0","22","536","678","1"
"elasticsearch","2e2e345dcb90e1ec1c48c6bb5348469fc514aea1","src/test/java/org/elasticsearch/indices/IndicesOptionsIntegrationTests.java","12","0","0","22","803","957","6"
"elasticsearch","f89bb18a5de6b7cfd6bc2dd589eb771efe3aec5c","core/src/test/java/org/elasticsearch/index/mapper/DynamicMappingTests.java","12","0","0","23","578","728","0"
"elasticsearch","3e30fa2089d5454df717431f5d3d7397cf8b90e9","src/test/java/org/elasticsearch/indices/IndicesOptionsIntegrationTests.java","12","0","0","23","708","867","3"
"elasticsearch","7678ab52644ebeedf8a3428382cadb065fd24f51","src/test/java/org/elasticsearch/indices/IndicesOptionsIntegrationTests.java","12","0","0","23","712","871","6"
"neo4j","70e2351e3ccf15dc3675c778e2456cb8f6b1a34a","community/kernel/src/test/java/org/neo4j/graphdb/SchemaAcceptanceTest.java","12","0","0","24","453","594","1"
"neo4j","9bd62e18d5eed126fd3b3e8393a09f5a57fad514","community/kernel/src/test/java/org/neo4j/graphdb/SchemaAcceptanceTest.java","12","0","0","24","456","597","0"
"BroadleafCommerce","4dad4cc55d1c140556a33d3c35f353be6fc3294a","core/broadleaf-framework/src/main/java/org/broadleafcommerce/core/offer/domain/OfferCodeImpl.java","12","0","0","25","252","316","3"
"elasticsearch","a345e98575c92fef64023026581eb6b37b7720a5","src/test/java/org/elasticsearch/indices/IndicesOptionsIntegrationTests.java","12","0","0","25","854","1023","4"
"elasticsearch","23022227d4c82c691ce03130de659d50f758cbe2","src/test/java/org/elasticsearch/indices/IndicesOptionsIntegrationTests.java","12","0","0","25","854","1026","5"
"hazelcast","db4fb00ba52360f0ec10bf3e6a6d7bc92767daf6","hazelcast/src/main/java/com/hazelcast/internal/partition/MigrationInfo.java","12","0","0","26","187","249","1"
"hazelcast","e349d2fd609c0104f6550327550de4112553c942","hazelcast/src/main/java/com/hazelcast/internal/partition/MigrationInfo.java","12","0","0","28","204","268","0"
"hazelcast","261c95f51ce90908f9806daaa83e2cd97e6f50a5","hazelcast/src/test/java/com/hazelcast/util/ServiceLoaderTest.java","12","0","0","28","375","500","0"
"hazelcast","419aebd0de414ca4896be239fbb1c45a4c147056","hazelcast-client-new/src/main/java/com/hazelcast/client/connection/nio/ClientConnection.java","12","0","0","29","205","266","0"
"elasticsearch","8989d062cd9c90956a3c8a3c03445491f2c57453","src/main/java/org/elasticsearch/action/termvector/TransportMultiTermVectorsAction.java","12","0","0","3","100","138","0"
"elasticsearch","5795e4fbd7bbd02a5f8905b8c756c1c22d89a03a","src/main/java/org/elasticsearch/action/termvector/TransportMultiTermVectorsAction.java","12","0","0","3","103","141","1"
"netty","256f55b2e9155caf2104e5dd3118e0d7277187a3","transport/src/test/java/io/netty/channel/local/LocalTransportThreadModelTest2.java","12","0","0","3","105","153","0"
"elasticsearch","f5542ed47fede3d086477995afbc6b330ff71d3e","core/src/test/java/org/elasticsearch/cluster/allocation/FilteringAllocationIT.java","12","0","0","3","108","149","1"
"elasticsearch","51d53791fe71c9cb62bc992588a57cdfb500383f","core/src/main/java/org/elasticsearch/rest/action/cat/RestAllocationAction.java","12","0","0","3","111","167","0"
"neo4j","81481c168395fedb2e4d81a279e99442518b4db0","community/server/src/main/java/org/neo4j/server/rest/transactional/Neo4jJsonCodec.java","12","0","0","3","123","154","0"
"elasticsearch","2b3760f78b26817b5a2030aa27b1ddf2f17462f6","core/src/main/java/org/elasticsearch/rest/action/cat/RestAllocationAction.java","12","0","0","3","124","168","1"
"elasticsearch","b7bc79042812ffd253b3da470b2955c7647e449a","core/src/test/java/org/elasticsearch/routing/PartitionedRoutingIT.java","12","0","0","3","136","199","1"
"elasticsearch","fd98f7abc21e2b298eaef530a28aa03fba5ca438","core/src/test/java/org/elasticsearch/routing/PartitionedRoutingIT.java","12","0","0","3","138","201","0"
"elasticsearch","b0ce09087666b2c66663a8ff8c28fa45eef10542","src/main/java/org/elasticsearch/search/aggregations/metrics/cardinality/CardinalityParser.java","12","0","0","3","54","89","1"
"elasticsearch","2b3760f78b26817b5a2030aa27b1ddf2f17462f6","core/src/main/java/org/elasticsearch/rest/action/admin/indices/RestGetFieldMappingAction.java","12","0","0","3","76","110","1"
"neo4j","29343ac03b8053536d018125a044cd92a4984ccc","enterprise/core-edge/src/main/java/org/neo4j/coreedge/raft/roles/Appending.java","12","0","0","3","82","120","1"
"elasticsearch","8989d062cd9c90956a3c8a3c03445491f2c57453","src/main/java/org/elasticsearch/action/get/TransportMultiGetAction.java","12","0","0","3","95","135","0"
"mcMMO","70231b6ae0c1807324ad9bd9ccdea88c1b2357ab","src/main/java/com/gmail/nossr50/config/mods/CustomBlocksConfig.java","12","0","0","3","96","116","1"
"elasticsearch","a3cefd919e81fd7c2c171426b64aa3357bfa6db4","src/main/java/org/elasticsearch/action/get/TransportMultiGetAction.java","12","0","0","3","96","136","2"
"hazelcast","22ba15013db95101f4bfddf01eb6172fca2f70ee","hazelcast-client-new/src/main/java/com/hazelcast/client/connection/nio/ClientConnection.java","12","0","0","30","215","277","0"
"hazelcast","4c66d17c8b22ec8a5d3b153ef1167127e2bd83ae","hazelcast-client-new/src/main/java/com/hazelcast/client/connection/nio/ClientConnection.java","12","0","0","30","215","277","0"
"hazelcast","8e7e88aef0fb6559e3b6176ded3aa3264e429e06","hazelcast-client-new/src/main/java/com/hazelcast/client/connection/nio/ClientConnection.java","12","0","0","30","215","277","0"
"hazelcast","98f3206e11791992bdd9a27344bee4c0ba9bfc0a","hazelcast-client-new/src/main/java/com/hazelcast/client/connection/nio/ClientConnection.java","12","0","0","30","215","277","0"
"hazelcast","565257f977407eb3a0199d082860209c2958f5f9","hazelcast-client-new/src/main/java/com/hazelcast/client/connection/nio/ClientConnection.java","12","0","0","30","215","277","1"
"hazelcast","564167c1f93b32ce742411106e9ae67eae88a801","hazelcast-client-new/src/main/java/com/hazelcast/client/connection/nio/ClientConnection.java","12","0","0","30","216","277","0"
"hazelcast","79ca749ae9093b89ca12d0d2ca4fef11a7e63e89","hazelcast-client-new/src/main/java/com/hazelcast/client/connection/nio/ClientConnection.java","12","0","0","31","223","288","0"
"ceylon-ide-eclipse","f8f523d866e80dda8275be6d18e3cbc6d34fa743","plugins/com.redhat.ceylon.eclipse.ui/src/com/redhat/ceylon/eclipse/code/complete/CompletionProposal.java","12","0","0","32","218","256","0"
"hazelcast","71768d3b6d5aed37f0211853a15e10dc87c776c9","hazelcast-client-new/src/main/java/com/hazelcast/client/connection/nio/ClientConnection.java","12","0","0","32","222","287","0"
"hazelcast","464ceb2bc27dbe2e0b5d67438073afbd3c75b06b","hazelcast-client-legacy/src/main/java/com/hazelcast/client/connection/nio/ClientConnection.java","12","0","0","33","225","290","0"
"hazelcast","4c8b9d227c68cf736e726d5a4b6ef1c529ec9f29","hazelcast-client-legacy/src/main/java/com/hazelcast/client/connection/nio/ClientConnection.java","12","0","0","33","225","290","0"
"hazelcast","7ff7078a956747abfb4d9470e78bb85bb1d181fa","hazelcast-client-legacy/src/main/java/com/hazelcast/client/connection/nio/ClientConnection.java","12","0","0","33","225","290","1"
"hazelcast","a1304b28474affba4112e799770a0b9dae6c71b6","hazelcast-client/src/main/java/com/hazelcast/client/connection/nio/ClientConnection.java","12","0","0","33","227","292","2"
"hazelcast","99c2fd47c8afaea689af5a320aa2daf86ddb381e","hazelcast/src/test/java/com/hazelcast/scheduledexecutor/ScheduledExecutorServiceBasicTest.java","12","0","0","38","636","863","1"
"elasticsearch","a5406e1ffa28a76942bffdeba232d3652e4aff72","core/src/main/java/org/elasticsearch/index/similarity/SimilarityService.java","12","0","0","4","102","138","0"
"neo4j","2e27f92cd55a1b84efcb0d4b6bc95b16450304a2","community/server/src/main/java/org/neo4j/server/rest/dbms/UserService.java","12","0","0","4","107","140","1"
"neo4j","660d2553ac4e5d2024cee6c770149ae313abe0e1","community/server/src/main/java/org/neo4j/server/rest/dbms/UserService.java","12","0","0","4","107","140","1"
"neo4j","1f22cd0deabcf1e618e4053524cdbfea4940c059","community/server/src/main/java/org/neo4j/server/rest/dbms/UserService.java","12","0","0","4","107","140","0"
"elasticsearch","bfcffa2a006f19509cc3b9aa66d0da923f1d26cd","core/src/test/java/org/elasticsearch/common/lucene/ShardCoreKeyMapTests.java","12","0","0","4","115","159","0"
"elasticsearch","e2977889b80fcaa02f5c7d5814117e796f2580e2","core/src/test/java/org/elasticsearch/cluster/allocation/FilteringAllocationIT.java","12","0","0","4","118","161","0"
"neo4j","934072a0187279d79b381ad46f6270622ead3175","community/consistency-check/src/main/java/org/neo4j/consistency/checking/full/NodeCorrectlyIndexedCheck.java","12","0","0","4","122","158","1"
"neo4j","d0a6eabc82fb23b31fa2a5b27f0ccfd3abafff90","community/io/src/test/java/org/neo4j/graphdb/mockfs/EphemeralFileSystemAbstractionCrashTest.java","12","0","0","4","148","229","1"
"ceylon-ide-eclipse","5b4c3eac8a7c12c0125a77343e602b4e73083595","plugins/com.redhat.ceylon.eclipse.ui/src/com/redhat/ceylon/eclipse/code/refactor/ChangeVersionLinkedMode.java","12","0","0","4","180","219","0"
"hazelcast","3820f5a173908321309c273e381ce6e9db5d7508","hazelcast-client/src/test/java/com/hazelcast/client/ClientBackpressureBouncingTest.java","12","0","0","4","189","240","1"
"elasticsearch","d2f25416e4a14812d0961ddce0da73bee0b68b27","core/src/test/java/org/elasticsearch/indices/recovery/RecoverySourceHandlerTests.java","12","0","0","4","202","264","2"
"elasticsearch","977712f9773c3eecea3958a5b8ddf934207775a6","core/src/test/java/org/elasticsearch/action/search/TransportSearchActionTests.java","12","0","0","4","206","242","2"
"elasticsearch","634ce90dc06f20888a4ff655985a6baccf25a7db","core/src/test/java/org/elasticsearch/action/search/TransportSearchActionTests.java","12","0","0","4","209","245","0"
"elasticsearch","7fda12316a31f777e01453a43456f6005f94ad4e","src/test/java/org/elasticsearch/test/integration/search/suggest/CompletionPostingsFormatTest.java","12","0","0","4","210","253","0"
"MapDB","efa7f27d6c6ae795abb99a0aca1de0a6d30733ea","src/test/java/org/mapdb/elsa/Bean1.java","12","0","0","4","40","56","1"
"hazelcast","14cd049f230a8c5c201817964e7bcda15158e01c","hazelcast/src/main/java/com/hazelcast/scheduledexecutor/impl/ScheduledExecutorPartition.java","12","0","0","4","80","115","0"
"mcMMO","de42063171b93a56e79911c82504b9bc54cde72b","src/main/java/com/gmail/nossr50/runnables/skills/KrakenAttackTask.java","12","0","0","4","82","103","0"
"hazelcast","15ad63e930e2d564e6911025f5d234fd4144e345","hazelcast/src/main/java/com/hazelcast/cluster/FinalizeJoinOperation.java","12","0","0","4","91","127","1"
"hazelcast","44dd4c0ef632613153d2932c170a0490dcd30270","hazelcast/src/main/java/com/hazelcast/cluster/FinalizeJoinOperation.java","12","0","0","4","92","129","0"
"hazelcast","c7b2ba8a69a41cdee116d1894e107944c7a8cdcc","hazelcast/src/main/java/com/hazelcast/instance/HazelcastInstanceImpl.java","12","0","0","48","345","437","0"
"hazelcast","6679cc974a2863427fb9a0571f689c1557f30202","hazelcast/src/main/java/com/hazelcast/instance/HazelcastInstanceImpl.java","12","0","0","48","350","442","1"
"oryx","7f8f3cdde532d5bd1f8f41ab31e10719ed4ab984","oryx-app-serving/src/main/java/com/cloudera/oryx/app/serving/als/model/ALSServingModelManager.java","12","0","0","5","100","140","0"
"oryx","eb08674e77479787fa9288f2c824e48af8539ff2","oryx-app-serving/src/main/java/com/cloudera/oryx/app/serving/als/model/ALSServingModelManager.java","12","0","0","5","102","142","0"
"MapDB","d345d70626a6fc3cfe8940903528cfe6291c0be6","src/test/java/org/mapdb/BindTest.java","12","0","0","5","149","200","0"
"netty","dbb21988395f49ec9257a72b1044360c71fe5ad6","common/src/test/java/io/netty/util/concurrent/DefaultPromiseTest.java","12","0","0","5","157","200","0"
"hazelcast","d299be2b26d3fe43ecd8d7a4f5230614af902a5e","hazelcast-client/src/test/java/com/hazelcast/client/ClientBackpressureBouncingTest.java","12","0","0","5","191","243","0"
"neo4j","35a95081e67bf49b62cb45bc522541ee09635951","enterprise/ha/src/test/java/org/neo4j/ha/TestPullUpdates.java","12","0","0","5","203","255","1"
"neo4j","6f1ada5aaa5bb07edf94f944d05b0548602956f2","enterprise/ha/src/test/java/org/neo4j/ha/TestPullUpdates.java","12","0","0","5","204","259","0"
"elasticsearch","fc3133d0878a426a6d2098cb75f567be00c59635","src/test/java/org/elasticsearch/test/integration/search/suggest/CompletionPostingsFormatTest.java","12","0","0","5","229","274","0"
"elasticsearch","1d02212b1c87a1e296157a526f02be8afd02dd3a","core/src/test/java/org/elasticsearch/cluster/MinimumMasterNodesTests.java","12","0","0","5","244","335","1"
"elasticsearch","41d8fbe8f51abd499c9b497238bc5f2141b7926b","core/src/test/java/org/elasticsearch/cluster/MinimumMasterNodesIT.java","12","0","0","5","244","335","1"
"elasticsearch","df8a3006fc8bcdfa2e443bb10d06edf0725b30c1","core/src/test/java/org/elasticsearch/cluster/MinimumMasterNodesTests.java","12","0","0","5","244","335","0"
"elasticsearch","164efaecbe42195f08ada58b5fde927ab21fc6e7","core/src/test/java/org/elasticsearch/cluster/MinimumMasterNodesIT.java","12","0","0","5","245","336","0"
"elasticsearch","7adf9929bae22049d157676756b49597bca98426","core/src/test/java/org/elasticsearch/cluster/MinimumMasterNodesTests.java","12","0","0","5","246","337","1"
"elasticsearch","598854dd72d7fb01a7e26a9dad065de3deaa5eb7","src/test/java/org/elasticsearch/recovery/RecoveryWhileUnderLoadTests.java","12","0","0","5","260","342","0"
"elasticsearch","889db1c824d8c573835e8cbadd0c6f3ba25f8fcd","src/test/java/org/elasticsearch/recovery/RecoveryWhileUnderLoadTests.java","12","0","0","5","261","343","1"
"netty","f97866dbc6e7edc987de9bf7d31f563ce726833e","handler/src/test/java/io/netty/handler/ssl/SniHandlerTest.java","12","0","0","5","287","388","0"
"netty","7d60699a4951b4dcaba4cb06029d4432a863b171","transport-native-epoll/src/test/java/io/netty/channel/epoll/EpollSocketChannelTest.java","12","0","0","5","331","412","1"
"elasticsearch","edaa65dba2cab40aa5f7631438c5a2b2609e5d15","src/main/java/org/elasticsearch/index/search/MultiMatchQuery.java","12","0","0","5","62","91","0"
"elasticsearch","0e9c049da1231968a56a9abbd5178f07bc49b320","src/main/java/org/elasticsearch/index/search/MultiMatchQuery.java","12","0","0","5","62","92","0"
"elasticsearch","3ab56e16b7506e84f44c1fe313c3555ff53c84da","src/main/java/org/elasticsearch/index/search/MultiMatchQuery.java","12","0","0","5","63","92","0"
"elasticsearch","51d53791fe71c9cb62bc992588a57cdfb500383f","core/src/main/java/org/elasticsearch/rest/action/search/RestClearScrollAction.java","12","0","0","5","77","109","0"
"elasticsearch","2b3760f78b26817b5a2030aa27b1ddf2f17462f6","core/src/main/java/org/elasticsearch/rest/action/search/RestClearScrollAction.java","12","0","0","5","78","110","1"
"hazelcast","8e43bb8235773fac1a41d81fb95a67f7e7d89697","hazelcast/src/main/java/com/hazelcast/spi/impl/eventservice/impl/EventPacketProcessor.java","12","0","0","5","85","119","1"
"hazelcast","92bcf0fec5fd9a2f6f130b0bbf7a75b175dec349","hazelcast/src/main/java/com/hazelcast/spi/impl/eventservice/impl/EventPacketProcessor.java","12","0","0","5","85","119","1"
"hazelcast","01627b80e7630dd37a145264d9745b573625f379","hazelcast/src/main/java/com/hazelcast/spi/impl/eventservice/impl/EventPacketProcessor.java","12","0","0","5","85","119","0"
"elasticsearch","fc3133d0878a426a6d2098cb75f567be00c59635","src/main/java/org/elasticsearch/search/suggest/completion/CompletionSuggester.java","12","0","0","5","85","121","0"
"hazelcast","7b68ab30ec0da7a4de5274fdc7af7aab81d58af4","hazelcast/src/main/java/com/hazelcast/wan/WanReplicationService.java","12","0","0","5","91","119","1"
"hazelcast","eafda3d79f96cfc9ce80e1631a5f2996e650b9ee","hazelcast-client/src/main/java/com/hazelcast/client/util/ClientCancellableDelegatingFuture.java","12","0","0","5","95","131","0"
"hazelcast","4b8ce231f608cf162ee02f456cb7e38afb31cc11","hazelcast/src/main/java/com/hazelcast/cluster/FinalizeJoinOperation.java","12","0","0","5","96","133","0"
"hazelcast","0033fe9fda6e4bf1101cc8d7bd83a43d9be54c75","hazelcast/src/main/java/com/hazelcast/spi/impl/AbstractCompletableFuture.java","12","0","0","6","120","157","0"
"hazelcast","0287d390022e68e3c252acac8db8e0dfc15ecbea","hazelcast/src/main/java/com/hazelcast/collection/impl/txncollection/AbstractTransactionalCollectionProxy.java","12","0","0","6","129","162","1"
"hazelcast","1c090ad87906d51892a32c2aa0a32d34002298ec","hazelcast/src/main/java/com/hazelcast/collection/impl/txncollection/AbstractTransactionalCollectionProxy.java","12","0","0","6","129","162","1"
"hazelcast","8fac2ea6e17e60e7e680a7e692bac64ccb51f850","hazelcast/src/main/java/com/hazelcast/collection/impl/txncollection/AbstractTransactionalCollectionProxy.java","12","0","0","6","129","162","0"
"elasticsearch","9080f51340b1b26f8bd171b4c82de8d87ad42b55","core/src/test/java/org/elasticsearch/index/query/FuzzyQueryBuilderTests.java","12","0","0","6","129","168","1"
"hazelcast","81fe86abd4deed08faf6e617c5d73c2b7d4b5391","hazelcast/src/main/java/com/hazelcast/collection/impl/txncollection/AbstractTransactionalCollectionProxy.java","12","0","0","6","131","164","2"
"hazelcast","6b3399bf78dd15f4771132dba99cbea940e1db2c","hazelcast/src/test/java/com/hazelcast/ringbuffer/impl/RingbufferAsyncAddWithBackoffStressTest.java","12","0","0","6","145","183","0"
"neo4j","24551acf5eba050158684a993470adaeb5bdd960","community/server/src/main/java/org/neo4j/server/ServerBootstrapper.java","12","0","0","6","147","191","1"
"neo4j","ea0c055d8764baf8f17fd75d397b05ff957064f6","community/server/src/main/java/org/neo4j/server/ServerBootstrapper.java","12","0","0","6","147","191","1"
"neo4j","b863b894e728c6ceccb66da8e0dcdaa53d7039c3","community/server/src/main/java/org/neo4j/server/ServerBootstrapper.java","12","0","0","6","147","191","0"
"hazelcast","6a047d13568f5eff8144a9158f04ab017b121835","hazelcast/src/main/java/com/hazelcast/internal/cluster/impl/operations/FinalizeJoinOperation.java","12","0","0","6","147","199","1"
"hazelcast","56320e88e687e5353bf7bdcdffde3c499bbdcd0f","hazelcast/src/main/java/com/hazelcast/cluster/impl/operations/FinalizeJoinOperation.java","12","0","0","6","149","200","0"
"elasticsearch","0d2ccf098934e9f3f968a842e6a41fc0510dd317","core/src/test/java/org/elasticsearch/action/admin/indices/rollover/TransportRolloverActionTests.java","12","0","0","6","152","186","1"
"hazelcast","645003c209d937476bdfe89ff1cf4a31a98496e3","hazelcast/src/main/java/com/hazelcast/internal/cluster/impl/operations/FinalizeJoinOperation.java","12","0","0","6","153","205","0"
"netty","f3c940d20810635cda3e6c0f19ec3a9f621fe1ed","transport/src/main/java/io/netty/channel/socket/aio/AioServerSocketChannel.java","12","0","0","6","154","206","1"
"elasticsearch","01d7c217f64e27c3b46c843f19317b08a0c3cce3","core/src/test/java/org/elasticsearch/action/admin/indices/rollover/TransportRolloverActionTests.java","12","0","0","6","160","194","2"
"mct","2cd37a48b601707b2b195b90dd184eab335564d9","canvas/src/main/java/gov/nasa/arc/mct/canvas/view/PanelInspector.java","12","0","0","6","239","303","2"
"elasticsearch","a44655763e150522d58cbd8113fb1b30a475b8c7","core/src/test/java/org/elasticsearch/indices/recovery/RecoverySourceHandlerTests.java","12","0","0","6","279","368","0"
"elasticsearch","046abdc281c321cd2128ee7684c0edfcaca07203","core/src/test/java/org/elasticsearch/indices/recovery/RecoverySourceHandlerTests.java","12","0","0","6","283","371","3"
"elasticsearch","e74d02138f02a66331b2611b5e70a908bb49cb97","core/src/test/java/org/elasticsearch/indices/recovery/RecoverySourceHandlerTests.java","12","0","0","6","284","373","0"
"MapDB","3d1ddbf186607d1a5022b699de57dcf5275a3dd0","src/test/java/org/mapdb/elsa/Bean1.java","12","0","0","6","40","56","0"
"BroadleafCommerce","2958e6ba93799ca6858a34889a2668cd1ce9fb81","core/broadleaf-framework/src/main/java/org/broadleafcommerce/core/order/domain/GiftWrapOrderItemImpl.java","12","0","0","6","69","100","1"
"BroadleafCommerce","beb23ce063b9f0f91520b023d0eee1fd1a2113ba","core/broadleaf-framework/src/main/java/org/broadleafcommerce/core/order/domain/GiftWrapOrderItemImpl.java","12","0","0","6","69","103","2"
"BroadleafCommerce","0c21b421c1d9c38444c820eea84cad34979e3b37","core/broadleaf-framework/src/main/java/org/broadleafcommerce/core/order/domain/GiftWrapOrderItemImpl.java","12","0","0","6","69","104","1"
"hazelcast","ef3dd454a5c104c7f9af773499806efb6b7b5e75","hazelcast-client/src/main/java/com/hazelcast/client/spi/impl/ClientSmartInvocationServiceImpl.java","12","0","0","7","101","135","1"
"elasticsearch","467a459f95d8709379bf3e7f415644b246a89dba","core/src/main/java/org/elasticsearch/search/aggregations/bucket/significant/heuristics/NXYSignificanceHeuristic.java","12","0","0","7","113","181","1"
"elasticsearch","821021f0e478ca44d828e62c139ea19f0fd7290a","core/src/main/java/org/elasticsearch/search/aggregations/bucket/significant/heuristics/NXYSignificanceHeuristic.java","12","0","0","7","115","183","0"
"elasticsearch","cb0824e957dcb7a20e8450f97283874eb61b9abe","core/src/test/java/org/elasticsearch/common/io/stream/StreamTests.java","12","0","0","7","134","183","0"
"MapDB","ca23853943f5f36b4ed8c1df12913000f0d9c060","src/test/java/org/mapdb/BindTest.java","12","0","0","7","164","220","1"
"hazelcast","59276e782f60c123b7ae4e047195372aa5c956d2","hazelcast/src/test/java/com/hazelcast/ringbuffer/impl/RingbufferAddAllReadManyStressTest.java","12","0","0","7","176","217","1"
"elasticsearch","1c95cbc4e8a50f4077aa4f4a7ab8c0b80aeb133c","core/src/test/java/org/elasticsearch/action/admin/indices/rollover/TransportRolloverActionTests.java","12","0","0","7","203","247","0"
"hazelcast","a6dcc7bdd92cf62a84d3faa2002b220176db5ee4","hazelcast/src/test/java/com/hazelcast/map/EvictionMaxSizePolicyTest.java","12","0","0","7","223","276","0"
"mct","8258a874558fb0fab19d7d3c0f101545bdb26038","canvas/src/main/java/gov/nasa/arc/mct/canvas/view/PanelInspector.java","12","0","0","7","243","307","1"
"mcMMO","dd64c4008bfaa3ad7cda8e7e0f01b6fbe4c795f8","src/main/java/com/gmail/nossr50/util/skills/ParticleEffectUtils.java","12","0","0","7","93","118","1"
"mcMMO","741f629ab8b0bf04eb60c2f946ce8f60ced02b0a","src/main/java/com/gmail/nossr50/util/skills/ParticleEffectUtils.java","12","0","0","7","96","121","0"
"MapDB","e1994b499082f7540359cbd10b761df8a87a7c5f","src/test/java/org/mapdb/issues/IssuesTest.java","12","0","0","8","117","138","1"
"MapDB","4304bce91b03ce18dba583413ac5cc9a6f97a0f3","src/test/java/org/mapdb/issues/IssuesTest.java","12","0","0","8","117","139","0"
"MapDB","3edd04f8985ca5af0a18f93b6bf4a48971982c13","src/test/java/org/mapdb/issues/IssuesTest.java","12","0","0","8","118","140","1"
"neo4j","4f021ca29bae1d5264461a88c40fae307328598f","community/kernel/src/test/java/org/neo4j/qa/tooling/DumpProcessInformation.java","12","0","0","8","120","160","1"
"neo4j","65a7ca99e28d12d274a84ca1008be13611ca44ab","community/kernel/src/test/java/org/neo4j/qa/tooling/DumpProcessInformation.java","12","0","0","8","122","163","0"
"netty","a517cce92fee24f2967bba7c84eea835b79fcab1","codec-http2/src/test/java/io/netty/handler/codec/http2/DefaultHttp2HeadersTest.java","12","0","0","8","122","170","1"
"neo4j","442bd8a8fb16142fe62b2e76a0b95526c2342a8b","enterprise/core-edge/src/main/java/org/neo4j/coreedge/raft/replication/shipping/RaftLogShippingManager.java","12","0","0","8","127","172","1"
"elasticsearch","25fd9e26c4fb042d6f6dea14efcd239577bdbbc4","client/rest/src/test/java/org/elasticsearch/client/SyncResponseListenerTests.java","12","0","0","8","136","173","0"
"neo4j","6b75a9235ea38e0c47caacd25cc919023c0c958b","community/lucene-index/src/main/java/org/neo4j/kernel/api/impl/schema/LuceneSchemaIndexProvider.java","12","0","0","8","161","199","0"
"neo4j","7723d89e6d1d951e8923fb102da0228db2e4e8f9","community/kernel/src/test/java/org/neo4j/kernel/impl/api/store/StoreNodeRelationshipCursorTest.java","12","0","0","8","218","275","2"
"neo4j","4f04ee08438d4e1c99095d9d8a9f2ec223af89a9","community/kernel/src/test/java/org/neo4j/kernel/impl/api/store/StoreNodeRelationshipCursorTest.java","12","0","0","8","219","276","1"
"neo4j","64ab9ff486bd71662d6046e99167afebaa2cda43","enterprise/core-edge/src/test/java/org/neo4j/coreedge/scenarios/EdgeServerReplicationIT.java","12","0","0","8","264","372","1"
"neo4j","84ba2501e70a3ead624f7d30b268987a61873126","enterprise/core-edge/src/test/java/org/neo4j/coreedge/scenarios/EdgeServerReplicationIT.java","12","0","0","8","267","377","0"
"neo4j","c565fd94f62826af7e334282f0975a6f3d0e7f01","community/kernel/src/test/java/org/neo4j/graphdb/GraphDatabaseServiceTest.java","12","0","0","8","280","363","1"
"elasticsearch","61849a1150ae298fe38667341bc640fecb952a50","core/src/test/java/org/elasticsearch/search/aggregations/bucket/nested/NestedAggregatorTests.java","12","0","0","8","461","562","0"
"elasticsearch","4b94eb5cb8cc4294ed0e932a5f22c16bd90d4dd7","core/src/main/java/org/elasticsearch/action/bulk/BulkShardRequest.java","12","0","0","8","79","114","2"
"elasticsearch","860efb2ad28db09189c8423e05d0dba53010259c","core/src/main/java/org/elasticsearch/action/bulk/BulkShardRequest.java","12","0","0","8","79","114","2"
"elasticsearch","d3417fb02291f26964d77767020ef345d18c148f","core/src/main/java/org/elasticsearch/action/bulk/BulkShardRequest.java","12","0","0","8","79","114","0"
"hazelcast","1ce47d7ee0c006ba8890a4689a77b928f03eaebb","hazelcast-client/src/main/java/com/hazelcast/client/impl/QueueItemListenerManager.java","12","0","0","8","81","111","0"
"hazelcast","253a1f3e5ca802d97fdd1f5fdd5971e90244641c","hazelcast/src/test/java/com/hazelcast/test/TestHazelcastInstanceFactory.java","12","0","0","9","116","150","2"
"netty","e6ca9882a107c34cf6358c8d7a68561025f06016","microbench/src/main/java/io/netty/microbench/headers/HeadersBenchmark.java","12","0","0","9","127","160","1"
"netty","af625f2274a401c7fc1f5acca7a1bb8e69513b16","testsuite/src/test/java/io/netty/testsuite/transport/socket/SocketFileRegionTest.java","12","0","0","9","142","192","0"
"orientdb","c9dec226d8d0a05ce3c58c48613f3248250ff4f9","graphdb/src/test/java/com/orientechnologies/orient/graph/blueprints/GraphTests.java","12","0","0","9","219","308","1"
"hazelcast","80602397d3b2563cf6ab555b801a82875384976f","hazelcast/src/test/java/com/hazelcast/map/EvictionMaxSizePolicyTest.java","12","0","0","9","231","288","1"
"hazelcast","5a84641d6ca0ba61f6bc3db3f4d51994ee307736","hazelcast/src/main/java/com/hazelcast/multimap/impl/txn/TxnRemoveAllOperation.java","12","0","0","9","99","130","2"
"hazelcast","cdac811975c69456ff44782af5b54716b74edb65","hazelcast/src/main/java/com/hazelcast/multimap/impl/txn/TxnRemoveAllOperation.java","12","0","0","9","99","130","2"
"hazelcast","e5cc462c1684fa9b06b8a13d7fb5bd4cac539949","hazelcast/src/main/java/com/hazelcast/multimap/impl/txn/TxnRemoveAllOperation.java","12","0","0","9","99","130","1"
"hazelcast","d86080935c0ade00a64fd45af8c2fa1c0cd03dd3","hazelcast/src/main/java/com/hazelcast/multimap/impl/txn/TxnRemoveAllOperation.java","12","0","0","9","99","130","0"
"oryx","49c1ead1c67cc8b980a4be36cff731a14ba4f3fb","app/oryx-app-mllib/src/test/java/com/cloudera/oryx/app/batch/mllib/AbstractAppMLlibIT.java","12","0","1","0","108","138","0"
"oryx","d6687d2eb4391d042aa1d5e80653326e501b0fed","app/oryx-app-mllib/src/test/java/com/cloudera/oryx/app/batch/mllib/AbstractAppMLlibIT.java","12","0","1","0","109","139","1"
"elasticsearch","0d755472d363de6a96f74edcfb8b4040afd98553","modules/elasticsearch/src/main/java/org/elasticsearch/action/support/single/shard/TransportShardSingleOperationAction.java","12","0","1","0","194","275","0"
"netty","91b378005461b85f965aa296daa087bc009b9da0","transport/src/main/java/io/netty/channel/oio/AbstractOioMessageChannel.java","12","0","1","0","56","91","0"
"elasticsearch","db541d6fbe3daecec91bb7701aacfcd284662c2a","core/src/main/java/org/elasticsearch/search/aggregations/bucket/histogram/ExtendedBounds.java","12","0","1","0","59","93","1"
"hazelcast","4d8bee1b7a2ed9fa47c15c53e979a6a26691b7fd","hazelcast/src/main/java/com/hazelcast/logging/Log4j2Factory.java","12","0","1","0","72","108","1"
"elasticsearch","0a07ce8916ad6c51be8c19cfa2cf7202382fbd93","src/test/java/org/elasticsearch/index/store/ExceptionRetryTests.java","12","0","1","1","100","137","0"
"elasticsearch","13a347239a48d71486692a72c066e940dec8921b","core/src/test/java/org/elasticsearch/index/store/ExceptionRetryIT.java","12","0","1","1","100","140","2"
"elasticsearch","40f119d85a4eaa39d0a6e594e46f70de725557f0","core/src/test/java/org/elasticsearch/index/store/ExceptionRetryIT.java","12","0","1","1","100","140","1"
"elasticsearch","bbf42d379dc5fac7cddf768b244aa1649efdb10d","core/src/test/java/org/elasticsearch/index/store/ExceptionRetryIT.java","12","0","1","1","100","140","0"
"elasticsearch","e412dab63ac3057e152a6cfd4f3dda97e643a035","src/test/java/org/elasticsearch/index/store/ExceptionRetryTests.java","12","0","1","1","101","138","2"
"BroadleafCommerce","9920206628d5ffefc34e849cba7117d261d3b495","common/src/main/java/org/broadleafcommerce/common/resource/service/ResourceMinificationServiceImpl.java","12","0","1","1","101","148","1"
"BroadleafCommerce","20b9326f672cf1b59e9ce22bb4f920a5ced97fca","common/src/main/java/org/broadleafcommerce/common/resource/service/ResourceMinificationServiceImpl.java","12","0","1","1","102","149","0"
"elasticsearch","7a84b94e29d345132e69b13200bb58306a22f9d9","src/test/java/org/elasticsearch/indices/analysis/PreBuiltAnalyzerIntegrationTests.java","12","0","1","1","102","161","1"
"hazelcast","5032b0529d0c0900e5bea5b2fb5008b7b5df776a","hazelcast/src/main/java/com/hazelcast/client/ClientEndpointManager.java","12","0","1","1","103","127","0"
"hazelcast","62d6d6048f8db82bcba99ded8d33d5b98f23b77d","hazelcast/src/main/java/com/hazelcast/client/ClientEndpointManager.java","12","0","1","1","103","127","0"
"hazelcast","8d14f34eae4cd9efdd00e7db91785935779087b0","hazelcast/src/main/java/com/hazelcast/client/ClientEndpointManager.java","12","0","1","1","103","127","1"
"elasticsearch","25f0bba30cd7aef08f60455ecb749271164e4585","src/test/java/org/elasticsearch/action/admin/HotThreadsTest.java","12","0","1","1","103","135","0"
"elasticsearch","13a347239a48d71486692a72c066e940dec8921b","core/src/test/java/org/elasticsearch/recovery/TruncatedRecoveryIT.java","12","0","1","1","104","151","2"
"elasticsearch","40f119d85a4eaa39d0a6e594e46f70de725557f0","core/src/test/java/org/elasticsearch/recovery/TruncatedRecoveryIT.java","12","0","1","1","104","151","1"
"elasticsearch","bbf42d379dc5fac7cddf768b244aa1649efdb10d","core/src/test/java/org/elasticsearch/recovery/TruncatedRecoveryIT.java","12","0","1","1","104","151","0"
"BroadleafCommerce","a4c6b8b0615cd9afce9835833bf6ea281879e52a","common/src/main/java/org/broadleafcommerce/common/resource/service/ResourceMinificationServiceImpl.java","12","0","1","1","104","153","0"
"elasticsearch","caf11ff2fbd9195cc780edb375f6a74302d906df","src/main/java/org/elasticsearch/action/admin/indices/mapping/get/TransportGetFieldMappingsAction.java","12","0","1","1","105","143","1"
"elasticsearch","caf11ff2fbd9195cc780edb375f6a74302d906df","src/main/java/org/elasticsearch/action/support/replication/TransportIndicesReplicationOperationAction.java","12","0","1","1","123","176","1"
"elasticsearch","2e2e345dcb90e1ec1c48c6bb5348469fc514aea1","src/main/java/org/elasticsearch/action/admin/indices/warmer/put/TransportPutWarmerAction.java","12","0","1","1","124","170","5"
"elasticsearch","39f362326e46b0e0df075288e1b5521f825d2b7b","src/main/java/org/elasticsearch/action/support/replication/TransportIndicesReplicationOperationAction.java","12","0","1","1","124","177","0"
"elasticsearch","e70a8d4ee986d0d80457aa7c65eb6f40e28c2805","src/main/java/org/elasticsearch/action/delete/TransportDeleteAction.java","12","0","1","1","126","174","1"
"elasticsearch","19a6cb246ee059e9545e49c7943ddd991feb4677","src/main/java/org/elasticsearch/action/delete/TransportDeleteAction.java","12","0","1","1","129","177","0"
"elasticsearch","abdbfe768b52fe46d14864c35008fcf6c8dc5902","src/main/java/org/elasticsearch/action/admin/cluster/stats/TransportClusterStatsAction.java","12","0","1","1","136","187","1"
"elasticsearch","0d3895533c004cf40d75226efd62ec833981741a","src/main/java/org/elasticsearch/action/explain/TransportExplainAction.java","12","0","1","1","137","184","1"
"elasticsearch","52e9e753e6db00fc56e0ee5e73bb6ff7b7e85e5f","src/main/java/org/elasticsearch/action/explain/TransportExplainAction.java","12","0","1","1","144","192","0"
"elasticsearch","06bfe0550d66e16a26f0dec044f1bd1e3ca83425","src/main/java/org/elasticsearch/action/admin/indices/validate/query/TransportValidateQueryAction.java","12","0","1","1","152","197","1"
"elasticsearch","0d3895533c004cf40d75226efd62ec833981741a","src/main/java/org/elasticsearch/action/admin/indices/validate/query/TransportValidateQueryAction.java","12","0","1","1","158","204","0"
"elasticsearch","513f25ae97b4895019c5afb81286f5bee93fc522","src/main/java/org/elasticsearch/action/admin/indices/validate/query/TransportValidateQueryAction.java","12","0","1","1","164","212","4"
"elasticsearch","118913b553c970b21f93c441d81e5d4b409b73d0","core/src/main/java/org/elasticsearch/action/admin/indices/rollover/TransportRolloverAction.java","12","0","1","1","171","232","0"
"elasticsearch","7a7d6ea8e67b3ec6f74ff73a75fa876245ebd546","core/src/main/java/org/elasticsearch/action/admin/indices/rollover/TransportRolloverAction.java","12","0","1","1","171","232","0"
"elasticsearch","ed2865863cfd8f763c0098527c849a1812005970","core/src/main/java/org/elasticsearch/action/admin/indices/rollover/TransportRolloverAction.java","12","0","1","1","171","232","2"
"elasticsearch","01d7c217f64e27c3b46c843f19317b08a0c3cce3","core/src/main/java/org/elasticsearch/action/admin/indices/rollover/TransportRolloverAction.java","12","0","1","1","172","234","2"
"elasticsearch","1c95cbc4e8a50f4077aa4f4a7ab8c0b80aeb133c","core/src/main/java/org/elasticsearch/action/admin/indices/rollover/TransportRolloverAction.java","12","0","1","1","176","239","0"
"elasticsearch","b49635539d929d6cb5ee56153e2f95872fe4bb16","modules/lang-painless/src/main/java/org/elasticsearch/painless/node/LCall.java","12","0","1","1","71","115","1"
"elasticsearch","3f06d9f3b8516bb30a2890a36c2973f08f9c6076","modules/lang-painless/src/main/java/org/elasticsearch/painless/node/LCall.java","12","0","1","1","73","117","0"
"netty","396a81c811d6ae79e2edcca35adb0725472609ea","codec-memcache/src/main/java/io/netty/handler/codec/memcache/binary/BinaryMemcacheObjectAggregator.java","12","0","1","1","79","115","1"
"BroadleafCommerce","f0a43a10b18a55908684479d3eadcb3822d3cd60","core/broadleaf-framework/src/main/java/org/broadleafcommerce/core/pricing/service/workflow/ConsolidateFulfillmentFeesActivity.java","12","0","1","1","79","125","0"
"BroadleafCommerce","4ffedd5759b771ac46662f9479cdcfe574448c43","core/broadleaf-framework/src/main/java/org/broadleafcommerce/core/pricing/service/workflow/ConsolidateFulfillmentFeesActivity.java","12","0","1","1","80","129","2"
"elasticsearch","a2d07058e8557539e843fc3c2cace23b56512344","src/main/java/org/elasticsearch/action/admin/cluster/state/TransportClusterStateAction.java","12","0","1","1","81","115","1"
"elasticsearch","b75d1d885a4f56edf8d1b8cd393298588fbd0123","src/main/java/org/elasticsearch/action/admin/cluster/state/TransportClusterStateAction.java","12","0","1","1","87","126","0"
"elasticsearch","25fd9e26c4fb042d6f6dea14efcd239577bdbbc4","core/src/main/java/org/elasticsearch/action/admin/indices/alias/TransportIndicesAliasesAction.java","12","0","1","1","98","138","0"
"hazelcast","315a9c3783de45a3b9a77ec6b08fd9395afca178","hazelcast/src/main/java/com/hazelcast/client/impl/ClientEndpointManagerImpl.java","12","0","1","10","113","135","1"
"MapDB","700d81239a72f70492a2ad9ce41d528d441747ac","src/test/java/org/mapdb/Issue148Test.java","12","0","1","10","120","174","0"
"hazelcast","6679cc974a2863427fb9a0571f689c1557f30202","hazelcast/src/main/java/com/hazelcast/client/impl/ClientEndpointManagerImpl.java","12","0","1","10","131","176","1"
"hazelcast","068025a55b706e119d7ecce10dfdb8756e217c04","hazelcast/src/main/java/com/hazelcast/map/impl/operation/PutFromLoadAllOperation.java","12","0","1","10","132","181","3"
"elasticsearch","b6ae7fbadb0669d015ec6070adca9469be88d29d","src/main/java/org/elasticsearch/indices/recovery/RecoverySettings.java","12","0","1","10","137","195","1"
"hazelcast","08d0c3e5e6660b994f419c871556a5522d0025f7","hazelcast/src/main/java/com/hazelcast/scheduledexecutor/impl/ScheduledTaskDescriptor.java","12","0","1","10","147","230","0"
"ceylon-ide-eclipse","bd3ee3c8a906f50b50e041545c19d63e346a9f59","plugins/com.redhat.ceylon.eclipse.ui/src/com/redhat/ceylon/eclipse/core/builder/CeylonCompilationError.java","12","0","1","10","170","207","0"
"ceylon-ide-eclipse","12bc9ac019bde6257ad14f2561576aace5ba67e8","tests/com.redhat.ceylon.eclipse.ui.test/src/com/redhat/ceylon/eclipse/ui/test/headless/JDTModelLoaderTests.java","12","0","1","10","180","235","1"
"hazelcast","1f042b8c4a4245594691bb6d85a66ceed9b43068","hazelcast/src/test/java/com/hazelcast/internal/ascii/RestTest.java","12","0","1","10","180","243","1"
"hazelcast","70d4de16ff0ac4518d09aad8c9f2ad9e782fb337","hazelcast/src/test/java/com/hazelcast/internal/ascii/RestTest.java","12","0","1","10","180","243","2"
"hazelcast","2921cff694583b8638dae2991f427e61d5440a9d","hazelcast/src/test/java/com/hazelcast/internal/ascii/RestTest.java","12","0","1","10","180","243","0"
"elasticsearch","149ef74b26bb33d3a1d3c1c45c481a01345cd764","core/src/main/java/org/elasticsearch/search/aggregations/bucket/geogrid/GeoGridAggregationBuilder.java","12","0","1","10","188","249","0"
"neo4j","3ba4c3eb9ac99cd80673b361aec957e934853e90","community/kernel/src/test/java/org/neo4j/kernel/impl/api/state/StubCursors.java","12","0","1","10","339","415","0"
"neo4j","c4b73f41c621dadf3c18b9f1bb9785f69932d05f","community/kernel/src/test/java/org/neo4j/kernel/impl/api/state/StubCursors.java","12","0","1","10","364","446","1"
"elasticsearch","c9722c4b0804f5278c94f337e1e54c329be7a772","core/src/main/java/org/elasticsearch/search/internal/ContextIndexSearcher.java","12","0","1","11","116","175","0"
"hazelcast","1b48e275ad2d52d7d01740ca5ca23ef554a4ea4f","hazelcast/src/test/java/com/hazelcast/test/HazelcastTestSupport.java","12","0","1","11","117","161","0"
"hazelcast","6c207cf36d121d04dce3e75c0ad894b87a8472fc","hazelcast/src/test/java/com/hazelcast/test/HazelcastTestSupport.java","12","0","1","11","120","165","0"
"elasticsearch","7ba65950ae003db6ebb922883fd8342853fc49e0","src/main/java/org/elasticsearch/cloud/azure/storage/AzureStorageServiceImpl.java","12","0","1","11","152","218","0"
"elasticsearch","be3e31524841d8bf4c480ebb9eee08b9dabeb874","plugins/cloud-azure/src/main/java/org/elasticsearch/cloud/azure/storage/AzureStorageServiceImpl.java","12","0","1","11","153","219","1"
"hazelcast","c37f1bc6a7ba37a6e7d27927eb812336b250521d","hazelcast/src/main/java/com/hazelcast/replicatedmap/impl/client/ClientReplicatedMapAddEntryListenerRequest.java","12","0","1","11","156","205","0"
"ceylon-ide-eclipse","93b8265c00db30f73e6aae181ad15598937e802a","tests/com.redhat.ceylon.eclipse.ui.test/src/com/redhat/ceylon/eclipse/ui/test/headless/JDTModelLoaderTests.java","12","0","1","11","185","242","0"
"elasticsearch","8c3500a6760847578245f5c34ea224b036d70d81","src/test/java/org/elasticsearch/search/aggregations/bucket/SamplerTests.java","12","0","1","11","235","300","0"
"elasticsearch","ed62f906202fd8e1040a601f84c2d203b1910e36","src/test/java/org/elasticsearch/search/aggregations/bucket/SignificantTermsTests.java","12","0","1","11","250","304","1"
"elasticsearch","616d0c044fbc886c8ba3d4ddb5e055b4a5127af6","src/main/java/org/elasticsearch/common/rounding/TimeZoneRounding.java","12","0","1","11","341","456","1"
"orientdb","46bbcabde62c2b9e61ebaf45dc23f16d9dee7f02","core/src/main/java/com/orientechnologies/orient/core/db/record/ORecordOperation.java","12","0","1","11","77","121","1"
"hazelcast","70d4de16ff0ac4518d09aad8c9f2ad9e782fb337","hazelcast/src/main/java/com/hazelcast/map/impl/LazyMapEntry.java","12","0","1","12","107","168","1"
"hazelcast","363540d31819b6adb59f8fd5752c625b893aec72","hazelcast/src/main/java/com/hazelcast/map/operation/EntryOperation.java","12","0","1","12","113","157","0"
"hazelcast","73dd88db9e90e59c94434b085acfd944bd161028","hazelcast/src/main/java/com/hazelcast/map/operation/EntryOperation.java","12","0","1","12","113","158","1"
"BroadleafCommerce","15e70fe6b89d008dd88b5e98dbfc66a720db68bb","common/src/main/java/org/broadleafcommerce/common/locale/domain/LocaleImpl.java","12","0","1","12","118","165","0"
"hazelcast","6642ac7690afec0a1b3d4b29f76fe045cd52c1e4","hazelcast/src/main/java/com/hazelcast/map/operation/EntryOperation.java","12","0","1","12","129","174","1"
"hazelcast","c7fd539c43b8e027a74d0f9118e9f3d48bc930d1","hazelcast-client/src/main/java/com/hazelcast/client/spi/impl/ClientInvocationServiceImpl.java","12","0","1","12","179","233","1"
"orientdb","f0530dff33ff85748e0835e4e39c87901e559faa","graphdb/src/test/java/com/orientechnologies/orient/graph/TestGraphTransactionOnBatch.java","12","0","1","12","214","252","0"
"netty","e5386b05e61da1d1791b40af3f50155b58470a4b","common/src/test/java/io/netty/util/AsciiStringCharacterTest.java","12","0","1","12","222","276","0"
"orientdb","136db63960bbf53514691bf5a0bb8361a5ea5361","core/src/main/java/com/orientechnologies/orient/core/db/record/ORecordOperation.java","12","0","1","12","81","127","0"
"titan","4d4700f2228f768450954df98aa8af68df125e2f","titan-core/src/main/java/com/thinkaurelius/titan/graphdb/query/vertex/VertexLongList.java","12","0","1","13","107","142","0"
"titan","996dd26106e7310f2a8681591e7b86596f690532","titan-core/src/main/java/com/thinkaurelius/titan/diskstorage/keycolumnvalue/CachedKeyColumnValueStore.java","12","0","1","13","114","144","0"
"hazelcast","139accb8e85eca305e57b2dd8b7e2340cbc75d50","hazelcast-client/src/main/java/com/hazelcast/client/txn/ClientTransactionManager.java","12","0","1","13","134","175","1"
"hazelcast","0ff1363160e0b5d17009abb0cd79bce091df7dd1","hazelcast-ra/hazelcast-jca/src/main/java/com/hazelcast/jca/ManagedConnectionImpl.java","12","0","1","13","135","196","0"
"hazelcast","d079541e8fdda1dbd4d390201c616d6f2d9be7d0","hazelcast-client/src/main/java/com/hazelcast/client/txn/ClientTransactionManager.java","12","0","1","13","136","177","0"
"orientdb","7a678522a2d83448543bc75d7360ac0857529727","server/src/main/java/com/orientechnologies/orient/server/distributed/task/ODeployDatabaseTask.java","12","0","1","13","163","236","0"
"orientdb","a56ae91e7d9f772da4288542cee900793c24e5e1","server/src/main/java/com/orientechnologies/orient/server/distributed/task/ODeployDatabaseTask.java","12","0","1","13","168","241","0"
"netty","ff11fe894d9cca5a52e8381606764935e8b54c4c","common/src/test/java/io/netty/util/AsciiStringCharacterTest.java","12","0","1","13","235","294","0"
"orientdb","26197951d37d00f6af9802cf3875f23b16b876fb","core/src/main/java/com/orientechnologies/common/util/OPair.java","12","0","1","13","86","136","0"
"antlr4","78155af499f821f91328ef68f7d6151bc43fd168","runtime/Java/src/org/antlr/v4/runtime/atn/ATNState.java","12","0","1","14","107","232","0"
"elasticsearch","90a339ad5e4a61e750d0342be6326de46f45bedc","modules/elasticsearch/src/main/java/org/elasticsearch/search/facet/range/InternalRangeFacet.java","12","0","1","14","137","183","0"
"elasticsearch","79939222e465543f128fd6b1d46c06eefee7c1ef","modules/elasticsearch/src/main/java/org/elasticsearch/search/facet/range/InternalRangeFacet.java","12","0","1","14","149","195","0"
"elasticsearch","ddbfda2c68e6be7067bc8d9f779c3e75289eb99c","core/src/main/java/org/elasticsearch/search/aggregations/bucket/significant/InternalSignificantTerms.java","12","0","1","14","154","209","2"
"elasticsearch","61b1f4ad0b88323a238c3f6a1d6d539c4479675a","core/src/main/java/org/elasticsearch/search/aggregations/bucket/significant/InternalSignificantTerms.java","12","0","1","14","162","218","1"
"elasticsearch","0a69f1e283e26e5d9e6a000b68b9f4778de557a1","core/src/test/java/org/elasticsearch/index/mapper/update/UpdateMappingTests.java","12","0","1","14","229","300","3"
"elasticsearch","5a64f08f048461a63a0ca1354a5050c954e63d52","core/src/test/java/org/elasticsearch/index/mapper/update/UpdateMappingTests.java","12","0","1","14","236","308","1"
"hazelcast","c9d117501d9d7e1014b9006bc4b711baa42e0c57","hazelcast-client/src/main/java/com/hazelcast/client/impl/ClientDynamicClusterConfig.java","12","0","1","143","788","967","1"
"elasticsearch","e516051ea536ee633eae17e0af70e2e6084b92a5","modules/elasticsearch/src/main/java/org/elasticsearch/index/mapper/xcontent/ParentFieldMapper.java","12","0","1","15","108","161","0"
"elasticsearch","278e5d3a430289b82a6c8a4ed560f3ec96691939","src/main/java/org/elasticsearch/http/netty/NettyHttpRequest.java","12","0","1","15","112","168","0"
"elasticsearch","a135c9bd8b4c29c7f147d125762a9a6456cbc35d","src/main/java/org/elasticsearch/http/netty/NettyHttpRequest.java","12","0","1","15","112","171","0"
"hazelcast","99c2fd47c8afaea689af5a320aa2daf86ddb381e","hazelcast/src/main/java/com/hazelcast/scheduledexecutor/impl/DistributedScheduledExecutorService.java","12","0","1","15","124","176","1"
"elasticsearch","c40099d4efbf14e5bee8b4207fca7ae39d2d2d25","core/src/test/java/org/elasticsearch/index/mapper/update/UpdateMappingTests.java","12","0","1","15","249","321","2"
"elasticsearch","57059f1410933896cebb4a3e4bae0a85f47da7c4","core/src/test/java/org/elasticsearch/index/mapper/update/UpdateMappingTests.java","12","0","1","15","267","342","1"
"elasticsearch","d84c643f5880a88d2e5c38b487123161f3e01fe0","core/src/test/java/org/elasticsearch/index/mapper/update/UpdateMappingTests.java","12","0","1","15","270","345","0"
"BroadleafCommerce","1483d703ef54771b546489312d66e7112e4a951a","core/broadleaf-framework/src/main/java/org/broadleafcommerce/core/catalog/dao/SkuDaoImpl.java","12","0","1","16","225","320","1"
"elasticsearch","5f24581de31ddcfb1228f93261b78e48515e25b0","modules/lang-groovy/src/test/java/org/elasticsearch/messy/tests/TDigestPercentilesTests.java","12","0","1","16","331","410","1"
"elasticsearch","a92300c5b5ca64ce690ea37efcba15514d8076e6","src/test/java/org/elasticsearch/index/query/SimpleIndexQueryParserTests.java","12","0","1","160","1996","2294","2"
"elasticsearch","57108c8575b39e7b6c0e7c2ca4bf20f03e6d0912","modules/elasticsearch/src/main/java/org/elasticsearch/http/netty/NettyHttpRequest.java","12","0","1","17","107","163","0"
"elasticsearch","41d8fbe8f51abd499c9b497238bc5f2141b7926b","core/src/main/java/org/elasticsearch/common/transport/InetSocketTransportAddress.java","12","0","1","17","110","157","1"
"hazelcast","faa135e2cd24023e9b7a48d5924e7ac6f484cc4d","hazelcast/src/main/java/com/hazelcast/spi/impl/ExecutionServiceImpl.java","12","0","1","17","229","305","0"
"hazelcast","a15c73c3b557982d3d61b01d695917b1aaae38ab","hazelcast/src/main/java/com/hazelcast/spi/impl/ExecutionServiceImpl.java","12","0","1","17","230","306","3"
"elasticsearch","5f24581de31ddcfb1228f93261b78e48515e25b0","modules/lang-groovy/src/test/java/org/elasticsearch/messy/tests/TDigestPercentileRanksTests.java","12","0","1","17","343","428","1"
"elasticsearch","ff3fd99074e4a616d172ab4cb0580872f6cecbbe","modules/lang-groovy/src/test/java/org/elasticsearch/messy/tests/HDRPercentilesTests.java","12","0","1","17","398","484","0"
"elasticsearch","371c73e14023917f3892090d2d3d7ff9ac1216b9","core/src/main/java/org/elasticsearch/action/admin/cluster/snapshots/status/TransportNodesSnapshotsStatus.java","12","0","1","18","194","259","3"
"elasticsearch","78574d248cf10dad1c5a566fda79e1e0c94afe43","core/src/main/java/org/elasticsearch/action/admin/cluster/snapshots/status/TransportNodesSnapshotsStatus.java","12","0","1","18","194","259","2"
"elasticsearch","e6aaaf11ed4a1b8f595f920de1840938eddb7a97","core/src/main/java/org/elasticsearch/action/admin/cluster/snapshots/status/TransportNodesSnapshotsStatus.java","12","0","1","18","194","259","2"
"elasticsearch","a60b8948ba1d836a6eac7cff095519e618939ed8","core/src/main/java/org/elasticsearch/action/admin/cluster/snapshots/status/TransportNodesSnapshotsStatus.java","12","0","1","18","194","259","0"
"elasticsearch","ff3fd99074e4a616d172ab4cb0580872f6cecbbe","modules/lang-groovy/src/test/java/org/elasticsearch/messy/tests/HDRPercentileRanksTests.java","12","0","1","18","413","503","0"
"elasticsearch","3aed047bdedde1bda189cbfc2f81e65af42e57c5","core/src/test/java/org/elasticsearch/search/aggregations/metrics/HDRPercentilesIT.java","12","0","1","18","463","568","0"
"elasticsearch","634ce90dc06f20888a4ff655985a6baccf25a7db","core/src/main/java/org/elasticsearch/search/internal/ShardSearchLocalRequest.java","12","0","1","19","201","279","0"
"elasticsearch","3aed047bdedde1bda189cbfc2f81e65af42e57c5","core/src/test/java/org/elasticsearch/search/aggregations/metrics/HDRPercentileRanksIT.java","12","0","1","19","471","578","0"
"elasticsearch","952feb58e41bd0220784c44136b840ea4a740e26","core/src/test/java/org/elasticsearch/search/aggregations/metrics/HDRPercentileRanksIT.java","12","0","1","19","472","579","1"
"elasticsearch","a9169e536baff048b50700c6b1daefa6986b6153","core/src/test/java/org/elasticsearch/search/aggregations/metrics/HDRPercentileRanksIT.java","12","0","1","19","472","579","1"
"elasticsearch","e7d352b489272a87b05019869857656de7fb82fc","core/src/test/java/org/elasticsearch/search/aggregations/metrics/HDRPercentileRanksIT.java","12","0","1","19","472","579","0"
"elasticsearch","ffaac5a08a116157c6e939dee3ea792450ef1c1e","core/src/test/java/org/elasticsearch/tasks/TaskResultTests.java","12","0","1","2","100","137","1"
"elasticsearch","046abdc281c321cd2128ee7684c0edfcaca07203","core/src/test/java/org/elasticsearch/tasks/PersistedTaskInfoTests.java","12","0","1","2","101","138","2"
"elasticsearch","e74d02138f02a66331b2611b5e70a908bb49cb97","core/src/test/java/org/elasticsearch/tasks/PersistedTaskInfoTests.java","12","0","1","2","102","139","0"
"BroadleafCommerce","37c6e24580e8e72bf55b1f58ffd481052eb3c3ee","common/src/main/java/org/broadleafcommerce/common/web/processor/ResourceBundleProcessor.java","12","0","1","2","106","242","0"
"elasticsearch","2b3760f78b26817b5a2030aa27b1ddf2f17462f6","core/src/main/java/org/elasticsearch/rest/action/admin/indices/RestValidateQueryAction.java","12","0","1","2","107","140","1"
"neo4j","cdda46d2875877b744ca96417f56dd749aec1500","community/server/src/main/java/org/neo4j/server/configuration/BaseServerConfigLoader.java","12","0","1","2","107","167","0"
"BroadleafCommerce","7467f1200927011c61223df68edb5cfddfc107e7","core/broadleaf-framework-web/src/main/java/org/broadleafcommerce/core/web/controller/catalog/BroadleafSearchController.java","12","0","1","2","111","172","0"
"BroadleafCommerce","9b556e9914c84a41ae10f07813ea46a5d2023f27","common/src/main/java/org/broadleafcommerce/common/web/BroadleafRequestProcessor.java","12","0","1","2","133","201","0"
"elasticsearch","8bdfd21b70568a39ebf5232e8c395f5206a7a63f","src/main/java/org/elasticsearch/action/percolate/TransportPercolateAction.java","12","0","1","2","140","185","0"
"elasticsearch","39ecda1dadabbdeba7a306b4e7661b7cb95ff0ea","core/src/test/java/org/elasticsearch/indices/analysis/PreBuiltAnalyzerIntegrationIT.java","12","0","1","2","140","205","2"
"elasticsearch","1b15333f341100eb4f4098ddce2e236e2f1c0b7b","src/main/java/org/elasticsearch/action/percolate/TransportPercolateAction.java","12","0","1","2","141","186","1"
"elasticsearch","e8e684c6c48d3289f154cbb230f6bcd38fa2bc79","src/main/java/org/elasticsearch/action/percolate/TransportPercolateAction.java","12","0","1","2","155","203","0"
"elasticsearch","f38296da61ed21544ad45609c52d950adf913dca","src/main/java/org/elasticsearch/action/percolate/TransportPercolateAction.java","12","0","1","2","155","203","0"
"elasticsearch","16e5cdf8d092842b7e4eb25de681f217d9cb48d0","src/main/java/org/elasticsearch/action/percolate/TransportPercolateAction.java","12","0","1","2","155","203","2"
"elasticsearch","2436552840b582e82bb27ac35c61b340d4ada6a6","src/main/java/org/elasticsearch/index/query/functionscore/fieldvaluefactor/FieldValueFactorFunctionParser.java","12","0","1","2","55","96","0"
"elasticsearch","0c9431499671d214d2c64931779a00b50cf7e9c4","src/main/java/org/elasticsearch/search/aggregations/bucket/filters/FiltersParser.java","12","0","1","2","60","92","0"
"hazelcast","059e863eb7de6e9f9d4c5a747bdb4690a6c95257","hazelcast-client/src/main/java/com/hazelcast/client/util/AddressHelper.java","12","0","1","2","61","92","1"
"elasticsearch","80bd69811d45383f9305550855b0024bc74dca0e","src/main/java/org/elasticsearch/rest/action/admin/indices/mapping/get/RestGetFieldMappingAction.java","12","0","1","2","73","111","0"
"elasticsearch","084d25cdbd216b11c4f1c45003db016fd04b8dd7","src/main/java/org/elasticsearch/rest/action/admin/indices/mapping/get/RestGetFieldMappingAction.java","12","0","1","2","74","112","1"
"netty","9a183ec38f27ccc1dc541d9a5e6a6cc541a6b0b0","codec-dns/src/main/java/io/netty/handler/codec/dns/DefaultDnsRecordDecoder.java","12","0","1","2","81","144","1"
"elasticsearch","d84c643f5880a88d2e5c38b487123161f3e01fe0","core/src/test/java/org/elasticsearch/indices/IndicesOptionsIntegrationIT.java","12","0","1","20","668","805","0"
"elasticsearch","9080f51340b1b26f8bd171b4c82de8d87ad42b55","core/src/test/java/org/elasticsearch/indices/IndicesOptionsIntegrationIT.java","12","0","1","20","670","807","1"
"elasticsearch","be4074e13d188d71e1bf2c4b1a4da97118713c03","modules/lang-mustache/src/main/java/org/elasticsearch/script/mustache/SearchTemplateRequest.java","12","0","1","21","129","179","2"
"netty","c735b3e14762bdc45716371c11e65366ac1782f5","codec-http/src/main/java/io/netty/handler/codec/http/multipart/MemoryFileUpload.java","12","0","1","21","146","194","0"
"hazelcast","8d97f57c9aa15d7db806a3e67580d80f360b8ec5","hazelcast-client/src/main/java/com/hazelcast/client/proxy/ClientReplicatedMapProxy.java","12","0","1","21","203","256","0"
"hazelcast","13ee2009ce877b5f5755244f773c9b4aa6925c1d","hazelcast-client/src/main/java/com/hazelcast/client/proxy/ClientReplicatedMapProxy.java","12","0","1","21","206","259","1"
"hazelcast","429f2efd2aae8db7f5328ddf09996a9ed6ff0139","hazelcast-client/src/main/java/com/hazelcast/client/proxy/ClientReplicatedMapProxy.java","12","0","1","21","206","259","1"
"hazelcast","102cc4ef8d2e7bf4eca5451494ef6bf09deb6e43","hazelcast-client/src/main/java/com/hazelcast/client/proxy/ClientReplicatedMapProxy.java","12","0","1","21","206","259","0"
"hazelcast","f68ca8d3fc0960f5faace25206e7157a10616bbe","hazelcast-client/src/main/java/com/hazelcast/client/proxy/ClientReplicatedMapProxy.java","12","0","1","21","214","272","0"
"elasticsearch","7f9ffea97c3f86fb26578ff2d0d0e48694c7df0e","src/test/java/org/elasticsearch/index/mapper/timestamp/TimestampMappingTests.java","12","0","1","21","474","581","4"
"elasticsearch","d26becc040036b625dde751704d7537742c97e09","core/src/test/java/org/elasticsearch/search/aggregations/metrics/HDRPercentileRanksIT.java","12","0","1","21","484","607","0"
"elasticsearch","e40b2d5dd7e59dc3011a2a7f652ca3554d31cd19","core/src/test/java/org/elasticsearch/index/shard/IndexShardTests.java","12","0","1","21","485","589","3"
"orientdb","de410aa8d3455b55f3c39e49780136c0b6c5e64b","core/src/main/java/com/orientechnologies/orient/core/storage/OStorageAbstract.java","12","0","1","23","153","222","0"
"elasticsearch","4a8759ef4c0ec3ca1c3e2b5fcdf6f258152820e3","core/src/test/java/org/elasticsearch/aliases/IndexAliasesIT.java","12","0","1","24","733","913","1"
"hazelcast","29fff7aa4ffefb7fe0ab6ab2d48bbf46a5d3ad95","hazelcast/src/main/java/com/hazelcast/queue/proxy/QueueProxyImpl.java","12","0","1","25","184","236","2"
"hazelcast","c138edcd9d26288c954bfa4bc698d27107951304","hazelcast/src/main/java/com/hazelcast/queue/proxy/QueueProxyImpl.java","12","0","1","25","184","236","1"
"hazelcast","7fae9643d3b482f2712d1e7218c7256fc27463b7","hazelcast/src/main/java/com/hazelcast/queue/proxy/QueueProxyImpl.java","12","0","1","25","184","236","0"
"orientdb","a1eed89dcfdc303c846b0d6159189f720c1bade8","core/src/main/java/com/orientechnologies/orient/core/index/engine/OSBTreeIndexEngine.java","12","0","1","25","208","286","1"
"orientdb","eb87fd13a08a35e51b139724421fa7adb04049f3","core/src/main/java/com/orientechnologies/orient/core/index/engine/OSBTreeIndexEngine.java","12","0","1","25","209","287","2"
"hazelcast","01e94c74c111c319673233e6015bea2cbec73d80","hazelcast/src/main/java/com/hazelcast/queue/proxy/QueueProxyImpl.java","12","0","1","26","158","212","2"
"elasticsearch","46088b9f8acc057414ba222809b1b6bc3e1a435e","modules/elasticsearch/src/main/java/org/elasticsearch/search/facet/terms/doubles/InternalDoubleTermsFacet.java","12","0","1","26","189","255","0"
"elasticsearch","46088b9f8acc057414ba222809b1b6bc3e1a435e","modules/elasticsearch/src/main/java/org/elasticsearch/search/facet/terms/floats/InternalFloatTermsFacet.java","12","0","1","26","189","256","0"
"elasticsearch","58c606d6d988cd14f50ab7390704babfaf905b83","modules/elasticsearch/src/main/java/org/elasticsearch/search/facet/terms/doubles/InternalDoubleTermsFacet.java","12","0","1","26","190","256","0"
"elasticsearch","46088b9f8acc057414ba222809b1b6bc3e1a435e","modules/elasticsearch/src/main/java/org/elasticsearch/search/facet/terms/ip/InternalIpTermsFacet.java","12","0","1","26","190","257","0"
"elasticsearch","58c606d6d988cd14f50ab7390704babfaf905b83","modules/elasticsearch/src/main/java/org/elasticsearch/search/facet/terms/ip/InternalIpTermsFacet.java","12","0","1","26","191","258","0"
"orientdb","2767a54ee6308493e6a69b4b2951d8d2252bfd6b","core/src/main/java/com/orientechnologies/orient/core/index/engine/OSBTreeIndexEngine.java","12","0","1","26","215","294","0"
"orientdb","eda978aeda4e2d46618285fcb1d73642a30164c2","tests/src/test/java/com/orientechnologies/orient/test/database/auto/DbListenerTest.java","12","0","1","26","248","343","1"
"orientdb","2767a54ee6308493e6a69b4b2951d8d2252bfd6b","tests/src/test/java/com/orientechnologies/orient/test/database/auto/DbListenerTest.java","12","0","1","26","251","347","0"
"orientdb","6d8d349e2271a156b13b4ad5fb39bcacceda0310","core/src/main/java/com/orientechnologies/orient/core/index/engine/OSBTreeIndexEngine.java","12","0","1","27","218","298","1"
"hazelcast","fcb85d5ce8c3887b875376ea1f986c03201d9f7c","hazelcast-client-new/src/main/java/com/hazelcast/client/proxy/ClientListProxy.java","12","0","1","27","299","363","0"
"neo4j","673a2d43f0183ad12d9365940576638dafbd75bc","community/server/src/main/java/org/neo4j/server/configuration/ServerConfigFactory.java","12","0","1","3","107","167","0"
"neo4j","1cd3ff962ddbc71fd698b0d85b14b9ca079b0f57","community/server/src/main/java/org/neo4j/server/configuration/ServerConfigFactory.java","12","0","1","3","108","168","1"
"BroadleafCommerce","7983f44305a80ff9941b54e703d149902741ae0d","common/src/main/java/org/broadleafcommerce/common/resource/service/ResourceMinificationServiceImpl.java","12","0","1","3","109","159","0"
"netty","17e37fdfe6ccd397cee3e41e12975a527f722f6b","transport/src/main/java/io/netty/channel/ChannelOutboundMessageHandlerAdapter.java","12","0","1","3","112","180","0"
"hazelcast","8d05ff1e6f630192c635d5a4c55321082c92dc59","hazelcast-client/src/main/java/com/hazelcast/client/proxy/txn/xa/XATransactionProxy.java","12","0","1","3","113","149","3"
"hazelcast","80375b48e398ab48a9390e5c7de3a7b08a01bab2","hazelcast-client/src/main/java/com/hazelcast/client/proxy/txn/xa/XATransactionProxy.java","12","0","1","3","117","153","2"
"hazelcast","e4518e52203318e93af0522080e425a114be70cc","hazelcast-client/src/main/java/com/hazelcast/client/proxy/txn/xa/XATransactionProxy.java","12","0","1","3","117","153","1"
"hazelcast","6d705f2552e2184cccfa8118823106b3a7088758","hazelcast-client/src/main/java/com/hazelcast/client/proxy/txn/xa/XATransactionProxy.java","12","0","1","3","117","153","0"
"elasticsearch","4a49f4d928d4dedbff0183890d23fa0e9b71b1dc","core/src/main/java/org/elasticsearch/search/suggest/phrase/PhraseSuggester.java","12","0","1","3","117","159","1"
"elasticsearch","5278cf0d5e1afa6cf6d0959e839c0ed2408908f8","core/src/main/java/org/elasticsearch/search/suggest/phrase/PhraseSuggester.java","12","0","1","3","119","160","0"
"hazelcast","5fd1113dd73c6e59d8b0e6f2dd6a562ed7efad54","hazelcast/src/main/java/com/hazelcast/util/executor/LoggingScheduledExecutor.java","12","0","1","3","131","194","0"
"hazelcast","f962b7efb7267fd61cb6020676f2f1a9dddc3131","hazelcast/src/main/java/com/hazelcast/util/executor/LoggingScheduledExecutor.java","12","0","1","3","131","194","0"
"hazelcast","5b8632553391543693d7a87c5d29cdea51293447","hazelcast/src/main/java/com/hazelcast/util/executor/LoggingScheduledExecutor.java","12","0","1","3","131","194","1"
"orientdb","9ea2187c75135a55a1ed79cdec9cf4a6919663b0","core/src/main/java/com/orientechnologies/orient/core/sql/functions/text/OSQLMethodToJSON.java","12","0","1","3","44","81","1"
"orientdb","482b16b4ca5e168a88d9f9736936f2a9ae3586e0","etl/src/main/java/com/orientechnologies/orient/etl/transformer/OMergeTransformer.java","12","0","1","3","60","92","0"
"orientdb","a2eaf6636bb600c7e6d311b0bb7d112bbaafb4a0","etl/src/main/java/com/orientechnologies/orient/etl/transformer/OETLMergeTransformer.java","12","0","1","3","60","93","0"
"orientdb","f34f03d28049a0981ca7e2decc93f544313d2c8e","core/src/main/java/com/orientechnologies/orient/core/sql/functions/misc/OSQLMethodInclude.java","12","0","1","3","61","121","0"
"elasticsearch","811f14465ae3cc15bc41a056c447985196e0b03f","modules/elasticsearch/src/main/java/org/elasticsearch/common/lucene/docset/NotDocIdSet.java","12","0","1","3","63","111","0"
"orientdb","aa635ac759e34e56fcaeac2fd1e14791009699ae","core/src/main/java/com/orientechnologies/orient/core/sql/functions/misc/OSQLMethodExclude.java","12","0","1","3","63","123","0"
"orientdb","fa39e130744473b38fd2ac3c128c7a2dd1ff8de9","core/src/main/java/com/orientechnologies/orient/core/sql/functions/misc/OSQLMethodExclude.java","12","0","1","3","66","125","1"
"elasticsearch","03c02143dd52f03ad0f15f064a999119b3066919","src/main/java/org/elasticsearch/rest/action/support/RestActions.java","12","0","1","3","75","105","5"
"hazelcast","99f2dd5d8710f0276d0b105ba5c0f19674b6ccdf","hazelcast-client/src/main/java/com/hazelcast/client/util/ClientCancellableDelegatingFuture.java","12","0","1","3","88","130","1"
"elasticsearch","9b5c74d43e652a46deaaa66721de89c606dcbcf7","src/main/java/org/elasticsearch/search/facet/terms/strings/FieldsTermsStringFacetExecutor.java","12","0","1","3","90","130","0"
"hazelcast","b4f94a00cf1628aa0437ded2c556bae9608f74c6","hazelcast-client/src/main/java/com/hazelcast/client/util/ClientCancellableDelegatingFuture.java","12","0","1","3","92","135","0"
"oryx","2d0eeee34e704629f0096b1756a94ed34e5271b3","framework/oryx-lambda-serving/src/main/java/com/cloudera/oryx/lambda/serving/ErrorResource.java","12","0","1","3","93","129","0"
"neo4j","bdb8a549f55d285edc2f622f7590e63bd280e8ff","enterprise/security/src/main/java/org/neo4j/server/security/enterprise/auth/RoleSerialization.java","12","0","1","3","95","134","1"
"titan","1c0f0f651f910b8d982d09baf9a3dc355be2319b","titan-es/src/test/java/com/thinkaurelius/titan/diskstorage/es/ElasticsearchRunner.java","12","0","1","3","96","133","0"
"elasticsearch","c69c66bb7ae69e2e0629c1b7182269443b3b8135","src/test/java/org/elasticsearch/cluster/metadata/MetaDataTests.java","12","0","1","31","389","494","0"
"hazelcast","70d4de16ff0ac4518d09aad8c9f2ad9e782fb337","hazelcast-client/src/main/java/com/hazelcast/client/connection/nio/ClientConnection.java","12","0","1","32","227","296","4"
"hazelcast","e12e80c38b2743941e992d9f75d895231cd35c81","hazelcast/src/main/java/com/hazelcast/jmx/MapMBean.java","12","0","1","35","266","337","0"
"hazelcast","54ba8426b1c8672315886e7d605eeefcc14c7c5a","hazelcast-client/src/main/java/com/hazelcast/client/connection/nio/ClientConnection.java","12","0","1","35","271","352","4"
"netty","2adebc4c54ae98565db8e2a3c02b2ffaa0c101fe","buffer/src/main/java/io/netty/buffer/SlicedByteBuf.java","12","0","1","36","267","342","1"
"hazelcast","27d49efcee88ee428254cf38353e8698ea127c45","hazelcast-client/src/main/java/com/hazelcast/client/connection/nio/ClientConnection.java","12","0","1","38","285","369","3"
"hazelcast","da8888f97af74b4590dfc1dce3d0bdeb44654000","hazelcast-client/src/main/java/com/hazelcast/client/connection/nio/ClientConnection.java","12","0","1","38","285","371","0"
"hazelcast","a788fd24f29ee1ddc51612e5e3d9612de2fccfef","hazelcast/src/main/java/com/hazelcast/wan/impl/WanReplicationServiceImpl.java","12","0","1","4","106","137","1"
"netty","e78ccd6d52450f30e648abca22b8f2afec62f45d","handler/src/main/java/io/netty/handler/ipfilter/IpSubnetFilterRule.java","12","0","1","4","118","178","0"
"hazelcast","5c81c5eb7a8d5f74d7a34ab0eebca018287f2105","hazelcast/src/main/java/com/hazelcast/wan/impl/WanReplicationServiceImpl.java","12","0","1","4","121","152","0"
"elasticsearch","ce7195d81abafd0a880ebbc2d1514ab608e56b79","core/src/main/java/org/elasticsearch/search/aggregations/bucket/significant/GlobalOrdinalsSignificantTermsAggregator.java","12","0","1","4","121","166","0"
"oryx","df27388cd4a3029d67283e23ecdd70b83fa4bd9b","app/oryx-app/src/main/java/com/cloudera/oryx/app/speed/kmeans/KMeansSpeedModelManager.java","12","0","1","4","122","169","0"
"elasticsearch","65541e6912380d39d978c714a29578a538f2d4c0","src/main/java/org/elasticsearch/common/lucene/all/AllTermQuery.java","12","0","1","4","129","200","0"
"BroadleafCommerce","7467f1200927011c61223df68edb5cfddfc107e7","core/broadleaf-framework-web/src/main/java/org/broadleafcommerce/core/web/controller/catalog/BroadleafCategoryController.java","12","0","1","4","134","198","0"
"neo4j","2c53d38d8973733dc91743481322988a392fc5b6","community/lucene-index/src/main/java/org/neo4j/kernel/api/impl/schema/verification/PartitionedUniquenessVerifier.java","12","0","1","4","143","215","0"
"oryx","3b0fc229b3818b52dda4b6b863f9bca5dcfc4d86","app/oryx-app/src/main/java/com/cloudera/oryx/app/speed/rdf/RDFSpeedModelManager.java","12","0","1","4","144","190","0"
"neo4j","c4f478d13eb6daee59bdee054591cec26f5a7b4d","community/lucene-index/src/main/java/org/neo4j/kernel/api/impl/schema/verification/PartitionedUniquenessVerifier.java","12","0","1","4","144","217","1"
"oryx","fddb336ac30ea3fb0bde91c61ef043f523d7d9fe","app/oryx-app/src/main/java/com/cloudera/oryx/app/speed/rdf/RDFSpeedModelManager.java","12","0","1","4","147","194","0"
"hazelcast","d2e1f4fce157cacb6842cb7a62b265d6ffd1532a","hazelcast-client/src/main/java/com/hazelcast/client/cache/impl/HazelcastClientCacheManager.java","12","0","1","4","151","198","1"
"hazelcast","6d3367f4f483c762f0f00f98bc4151ad321a87cb","hazelcast-client-new/src/main/java/com/hazelcast/client/cache/impl/HazelcastClientCacheManager.java","12","0","1","4","162","208","1"
"BroadleafCommerce","92da893577ed005d3f422142164bcbd88b85bd61","admin/broadleaf-admin-module/src/main/java/org/broadleafcommerce/admin/web/controller/entity/AdminProductController.java","12","0","1","4","163","239","3"
"netty","9125060752f5124949e55a6868647c75f88cdb01","testsuite/src/test/java/io/netty/testsuite/transport/socket/SocketSslGreetingTest.java","12","0","1","4","164","216","0"
"BroadleafCommerce","f0643953b7e521cef4f4deb574f64fcb61d0748f","admin/broadleaf-admin-module/src/main/java/org/broadleafcommerce/admin/web/controller/entity/AdminProductController.java","12","0","1","4","164","241","2"
"neo4j","e7b3407f3dfe22e4029042512fbf88c2d60aa94d","enterprise/cluster/src/test/java/org/neo4j/cluster/protocol/atomicbroadcast/multipaxos/MultiPaxosServer.java","12","0","1","4","217","265","2"
"neo4j","a2206e2451ffe226128a69a43f7f1f59409a0217","enterprise/cluster/src/test/java/org/neo4j/cluster/protocol/atomicbroadcast/multipaxos/MultiPaxosServer.java","12","0","1","4","221","269","1"
"elasticsearch","0a5917d18259314dda5eb0b6c463f1d286f5d8d0","core/src/main/java/org/elasticsearch/action/ActionModule.java","12","0","1","4","587","666","0"
"elasticsearch","a6158398dd301b8a424509996ce7c87624ff8f30","core/src/main/java/org/elasticsearch/action/ActionModule.java","12","0","1","4","592","671","0"
"elasticsearch","709cc9ba657af390afe2e30f41e8785d0e4f238d","core/src/main/java/org/elasticsearch/action/ActionModule.java","12","0","1","4","596","675","1"
"elasticsearch","725f6b6983d0393b4622c2665b3e0c9e65f1cf9d","core/src/main/java/org/elasticsearch/action/ActionModule.java","12","0","1","4","609","688","0"
"elasticsearch","9b8754e4c2650a026c5fe3c0dd88f1f469f3b826","core/src/main/java/org/elasticsearch/action/ActionModule.java","12","0","1","4","611","690","1"
"BroadleafCommerce","50738ae16e9e873912b5a85d4c928734cdd685f2","core/broadleaf-profile-web/src/main/java/org/broadleafcommerce/profile/web/core/security/RestApiCustomerStateFilter.java","12","0","1","4","63","125","0"
"elasticsearch","81965d0ea94170e06de225c8cc9b822084daf63c","modules/elasticsearch/src/main/java/org/elasticsearch/index/search/UidFilter.java","12","0","1","4","67","98","0"
"elasticsearch","f0efb8cdea549964cdcdbf0bd817d04dba0fe968","modules/elasticsearch/src/main/java/org/elasticsearch/index/search/UidFilter.java","12","0","1","4","68","99","0"
"elasticsearch","d3dc158458640242f5a583199bba2fbfb622ce9c","src/main/java/org/elasticsearch/index/fielddata/ShardFieldData.java","12","0","1","4","71","106","1"
"elasticsearch","b7451533c893214caf754737036330d3dea892cd","src/main/java/org/elasticsearch/index/fielddata/ShardFieldData.java","12","0","1","4","73","110","0"
"orientdb","bae4ca56ff063ca253a15b54ae4c670742faf11b","core/src/main/java/com/orientechnologies/orient/core/sql/executor/CheckClassTypeStep.java","12","0","1","4","76","91","0"
"elasticsearch","42b20d601fe2bcece29332a116031616b90d1323","src/main/java/org/elasticsearch/index/fielddata/ShardFieldData.java","12","0","1","4","77","118","1"
"orientdb","1c8491508147150a28b6a3837830928990aba4f8","core/src/main/java/com/orientechnologies/orient/core/sql/parser/OInputParameter.java","12","0","1","4","88","107","0"
"elasticsearch","e3480a1c0ad9a9d6236af90e34fb60e553a8df46","src/main/java/org/elasticsearch/search/facet/query/QueryFacetExecutor.java","12","0","1","4","92","136","0"
"hazelcast","67d2b8f08b8841194f740f80375c8e9919fb4284","hazelcast-client/src/main/java/com/hazelcast/client/util/ClientCancellableDelegatingFuture.java","12","0","1","4","95","136","1"
"elasticsearch","94bc489275d4462a8b2520f6d3ef4f70dc1d6e99","core/src/main/java/org/elasticsearch/search/aggregations/bucket/nested/NestedAggregator.java","12","0","1","4","97","147","2"
"hazelcast","324c12ca123c52820e6a271c2095649a57a9844f","hazelcast-client/src/main/java/com/hazelcast/client/connection/nio/ClientConnection.java","12","0","1","40","294","385","2"
"netty","81e2db10faaf0389f4e1af8c7132210946203157","buffer/src/main/java/io/netty/buffer/SlicedByteBuf.java","12","0","1","41","258","330","0"
"hazelcast","c9d117501d9d7e1014b9006bc4b711baa42e0c57","hazelcast/src/main/java/com/hazelcast/internal/util/iterator/RestartingMemberIterator.java","12","0","1","5","101","145","0"
"hazelcast","c286b98b7d97e53a5254b362ad6d2fbb26411362","hazelcast/src/main/java/com/hazelcast/map/operation/MapReplicationOperation.java","12","0","1","5","103","141","0"
"antlr4","29c2712ae1eee9575324db48c2f72c7cb0d28308","tool/test/org/antlr/v4/test/tool/TestCodeGeneration.java","12","0","1","5","111","163","0"
"elasticsearch","41d8fbe8f51abd499c9b497238bc5f2141b7926b","core/src/main/java/org/elasticsearch/discovery/zen/ping/ZenPingService.java","12","0","1","5","114","157","1"
"hazelcast","07cd42d5481bc8e9bdc882070746ca7ad10d015b","hazelcast/src/main/java/com/hazelcast/cache/impl/HazelcastServerCacheManager.java","12","0","1","5","153","223","1"
"hazelcast","eca7cec5e3af5e7098dc27a62dea257e072f417d","hazelcast/src/main/java/com/hazelcast/cache/impl/HazelcastServerCacheManager.java","12","0","1","5","154","224","0"
"hazelcast","6607ff39b1f31c14a8b2dd8fdd79147907c0ab7a","hazelcast/src/main/java/com/hazelcast/cache/impl/HazelcastServerCacheManager.java","12","0","1","5","158","229","1"
"hazelcast","5b10680e77491d29c776d815fa4264ba3c265112","hazelcast-client-new/src/main/java/com/hazelcast/client/cache/impl/HazelcastClientCacheManager.java","12","0","1","5","167","214","0"
"hazelcast","820f4b2d5e993cbc48c7f14e06f7588591085461","hazelcast-client-new/src/main/java/com/hazelcast/client/cache/impl/HazelcastClientCacheManager.java","12","0","1","5","168","215","1"
"elasticsearch","075cb970c068aafb158ed8977c2dba93d8e6c85a","core/src/test/java/org/elasticsearch/index/query/NestedQueryBuilderTests.java","12","0","1","5","179","233","0"
"neo4j","c82beffff5c25bf973370a9c12bea14888531341","community/graph-algo/src/test/java/org/neo4j/graphalgo/path/GeoDataGenerator.java","12","0","1","5","187","245","0"
"elasticsearch","95ea6153a76c48b617de6f8a8667eb14f825c333","modules/test/integration/src/test/java/org/elasticsearch/test/integration/search/sort/SimpleSortTests.java","12","0","1","5","245","327","0"
"elasticsearch","f7d68e825295fe36b5a58d11cae56385ffc0f9c7","src/test/java/org/elasticsearch/test/integration/search/geo/GeoDistanceTests.java","12","0","1","5","315","413","0"
"orientdb","f665c6c66be2ddce02d4b1fd2c876f9f43a1a8e0","core/src/main/java/com/orientechnologies/orient/core/sql/parser/OBaseExpression.java","12","0","1","5","57","78","0"
"BroadleafCommerce","a600ac52945a7ee2f172cbdfdf466a6e37d63fc2","admin/broadleaf-open-admin-platform/src/main/java/org/broadleafcommerce/openadmin/server/service/persistence/module/provider/FieldPersistenceProviderAdapter.java","12","0","1","5","74","107","0"
"elasticsearch","90a339ad5e4a61e750d0342be6326de46f45bedc","modules/elasticsearch/src/main/java/org/elasticsearch/search/facet/range/KeyValueRangeFacetCollector.java","12","0","1","5","84","132","0"
"elasticsearch","beb7e16a433d0ac8371e8131250fc31bfa6444de","core/src/test/java/org/elasticsearch/test/rest/section/DoSection.java","12","0","1","5","85","137","1"
"elasticsearch","638dbcc98237f5c0390a2d27fe449061d7fe0f77","core/src/test/java/org/elasticsearch/test/rest/section/DoSection.java","12","0","1","5","86","138","0"
"elasticsearch","cea8c5fefa1429e44963ea51dde4ef18dc8024d9","modules/elasticsearch/src/main/java/org/elasticsearch/search/facet/geodistance/GeoDistanceFacetCollector.java","12","0","1","5","92","143","0"
"elasticsearch","15ea07f8c004f8fc07da1c8f215f3fcb5fa2abab","core/src/main/java/org/elasticsearch/common/lucene/all/AllTermQuery.java","12","0","1","5","95","144","1"
"hazelcast","6089fd2a02f5a274f0bd303d51105069b1bb7e3c","hazelcast/src/main/java/com/hazelcast/queue/tx/TransactionalQueueProxySupport.java","12","0","1","6","101","134","1"
"mct","8258a874558fb0fab19d7d3c0f101545bdb26038","canvas/src/test/java/gov/nasa/arc/mct/canvas/view/PanelInspectorTest.java","12","0","1","6","114","200","1"
"hazelcast","565257f977407eb3a0199d082860209c2958f5f9","hazelcast/src/main/java/com/hazelcast/spi/impl/operationexecutor/classic/OperationThread.java","12","0","1","6","120","173","1"
"hazelcast","fc6ab479ed9fab4939bf5f91fe3773e46310610d","hazelcast/src/main/java/com/hazelcast/spi/impl/operationexecutor/classic/OperationThread.java","12","0","1","6","120","173","2"
"hazelcast","18a030c6fa71ce1824dcabaf0a81fb76d3a5e69c","hazelcast/src/main/java/com/hazelcast/spi/impl/operationexecutor/classic/OperationThread.java","12","0","1","6","120","173","0"
"hazelcast","564167c1f93b32ce742411106e9ae67eae88a801","hazelcast/src/main/java/com/hazelcast/spi/impl/operationexecutor/classic/OperationThread.java","12","0","1","6","121","174","0"
"hazelcast","38e80b1996d8e72811825846a61a591529ab33cf","hazelcast/src/main/java/com/hazelcast/internal/networking/nio/iobalancer/IOBalancer.java","12","0","1","6","129","199","1"
"hazelcast","86b064ba3f1e467e74e95d6da24b03122065ce36","hazelcast/src/main/java/com/hazelcast/internal/networking/nonblocking/iobalancer/IOBalancer.java","12","0","1","6","130","202","2"
"hazelcast","3f34f9a7925344ddf70b22f1eb736b0a8f28b260","hazelcast/src/main/java/com/hazelcast/nio/tcp/nonblocking/iobalancer/IOBalancer.java","12","0","1","6","130","203","1"
"hazelcast","1f042b8c4a4245594691bb6d85a66ceed9b43068","hazelcast/src/main/java/com/hazelcast/nio/tcp/nonblocking/iobalancer/IOBalancer.java","12","0","1","6","134","206","1"
"hazelcast","923b2bba193c3f510cd4cb13186f749d23f3ed35","hazelcast/src/main/java/com/hazelcast/nio/tcp/nonblocking/iobalancer/IOBalancer.java","12","0","1","6","134","206","2"
"hazelcast","2921cff694583b8638dae2991f427e61d5440a9d","hazelcast/src/main/java/com/hazelcast/nio/tcp/nonblocking/iobalancer/IOBalancer.java","12","0","1","6","134","206","0"
"hazelcast","6b9715b30910755cda41e8349960635d9c914a10","hazelcast/src/main/java/com/hazelcast/nio/tcp/nonblocking/iobalancer/IOBalancer.java","12","0","1","6","134","207","1"
"hazelcast","0926b9fe813387d1963745632eb3161531178452","hazelcast/src/main/java/com/hazelcast/spi/impl/operationexecutor/classic/OperationThread.java","12","0","1","6","140","199","1"
"hazelcast","8f8a00625dd31eb3915d3251d2f10edbe2a7e0b9","hazelcast/src/main/java/com/hazelcast/spi/impl/operationexecutor/classic/OperationThread.java","12","0","1","6","140","199","1"
"hazelcast","a6c7499cbfd37b3b3d740d9fefaf68b71482fd06","hazelcast/src/main/java/com/hazelcast/spi/impl/operationexecutor/classic/OperationThread.java","12","0","1","6","140","199","1"
"hazelcast","4d1782d784867d91fee22cb6083685903ddc2f06","hazelcast/src/main/java/com/hazelcast/spi/impl/operationexecutor/classic/OperationThread.java","12","0","1","6","140","199","0"
"neo4j","35a95081e67bf49b62cb45bc522541ee09635951","enterprise/cluster/src/test/java/org/neo4j/cluster/protocol/atomicbroadcast/multipaxos/MultiPaxosServer.java","12","0","1","6","227","277","1"
"neo4j","6f1ada5aaa5bb07edf94f944d05b0548602956f2","enterprise/cluster/src/test/java/org/neo4j/cluster/protocol/atomicbroadcast/multipaxos/MultiPaxosServer.java","12","0","1","6","231","282","0"
"elasticsearch","0a89c80554b08a7f0777bf2426f2c7b23eaf2fd5","src/test/java/org/elasticsearch/test/integration/search/geo/GeoDistanceTests.java","12","0","1","6","356","469","0"
"elasticsearch","25fd9e26c4fb042d6f6dea14efcd239577bdbbc4","core/src/main/java/org/elasticsearch/action/bulk/BulkShardRequest.java","12","0","1","6","79","117","0"
"orientdb","a07a540cbf0795364e5fdd680cde9eba1b2b6ffd","core/src/main/java/com/orientechnologies/orient/core/sql/functions/stat/OSQLFunctionMode.java","12","0","1","6","81","122","1"
"orientdb","d5de1f43a68d18cac57c872237e61e2da12355c5","client/src/main/java/com/orientechnologies/orient/client/remote/ORemoteConnectionPool.java","12","0","1","6","86","118","0"
"hazelcast","91623113623055f184207f53a0344bbc82ad227f","hazelcast/src/main/java/com/hazelcast/multimap/txn/TxnRemoveAllOperation.java","12","0","1","6","87","120","3"
"hazelcast","dc3c91a78a7f39ca33d277a66346a5f9b3bf0ab2","hazelcast/src/main/java/com/hazelcast/multimap/txn/TxnRemoveAllOperation.java","12","0","1","6","87","120","2"
"hazelcast","987927623458f51f4fca6f83400d8a9cbf2c7b81","hazelcast/src/main/java/com/hazelcast/multimap/txn/TxnRemoveAllOperation.java","12","0","1","6","87","120","0"
"elasticsearch","105d60ac9c28b1be4ab1e8d04a39c13cf9641c18","modules/elasticsearch/src/main/java/org/elasticsearch/search/facet/range/KeyValueRangeFacetCollector.java","12","0","1","6","88","138","0"
"BroadleafCommerce","4b899b0b30679392365b1286b26fd502eee6594c","admin/broadleaf-open-admin-platform/src/main/java/org/broadleafcommerce/openadmin/server/security/dao/AdminPermissionDaoImpl.java","12","0","1","7","105","151","1"
"hazelcast","7a0a1fd85af3b0571b72b72243a18983e8a3805d","hazelcast/src/test/java/com/hazelcast/internal/ascii/RestTest.java","12","0","1","7","132","186","0"
"BroadleafCommerce","9bd6ab6eff07f98bbb5e107e689aac706b33a2aa","common/src/main/java/org/broadleafcommerce/common/config/dao/SystemPropertiesDaoImpl.java","12","0","1","7","135","181","2"
"hazelcast","93fd800d6c6f6781ef95536bba7e2b200fe9678d","hazelcast-client/src/main/java/com/hazelcast/client/spi/impl/listener/ClientNonSmartListenerService.java","12","0","1","7","143","177","2"
"hazelcast","9cbd0e9c0b3bc3a27e035b092f921bc84ddf0098","hazelcast-client/src/main/java/com/hazelcast/client/spi/impl/listener/ClientNonSmartListenerService.java","12","0","1","7","143","177","1"
"hazelcast","b0a815f459c18eed67fcd6e4bf122bad043ef8a5","hazelcast-client/src/main/java/com/hazelcast/client/spi/impl/listener/ClientNonSmartListenerService.java","12","0","1","7","143","177","1"
"hazelcast","da8888f97af74b4590dfc1dce3d0bdeb44654000","hazelcast-client/src/main/java/com/hazelcast/client/spi/impl/listener/ClientNonSmartListenerService.java","12","0","1","7","143","177","0"
"hazelcast","27d49efcee88ee428254cf38353e8698ea127c45","hazelcast-client/src/main/java/com/hazelcast/client/spi/impl/listener/ClientNonSmartListenerService.java","12","0","1","7","144","179","2"
"hazelcast","70d4de16ff0ac4518d09aad8c9f2ad9e782fb337","hazelcast-client/src/main/java/com/hazelcast/client/spi/ClientProxy.java","12","0","1","7","144","210","1"
"hazelcast","3fcd083e9dbaf97bfe0c447d5baa1cb29bbe7d98","hazelcast-client/src/main/java/com/hazelcast/client/spi/impl/listener/ClientNonSmartListenerService.java","12","0","1","7","148","182","1"
"hazelcast","60674f57f9519fe124386031c56754a942113d26","hazelcast-client/src/main/java/com/hazelcast/client/spi/impl/listener/ClientNonSmartListenerService.java","12","0","1","7","148","182","1"
"hazelcast","d5da980f3103bddfff3a7d1a667fed1327b59cbd","hazelcast-client/src/main/java/com/hazelcast/client/spi/impl/listener/ClientNonSmartListenerService.java","12","0","1","7","148","182","0"
"hazelcast","3a38b2f67ed4c5c81da997eebf9ea11617722e6c","hazelcast-client/src/main/java/com/hazelcast/client/spi/impl/listener/ClientNonSmartListenerService.java","12","0","1","7","154","200","0"
"hazelcast","484dc1f5f3d7e10f75169b1a1348ab21f71a4ff2","hazelcast-client/src/main/java/com/hazelcast/client/spi/impl/listener/ClientNonSmartListenerService.java","12","0","1","7","154","200","0"
"hazelcast","de969d0a0ff8ba074b7e2341151b75956b0560e3","hazelcast-client/src/main/java/com/hazelcast/client/spi/impl/listener/ClientNonSmartListenerService.java","12","0","1","7","154","200","1"
"elasticsearch","0cf1d16187fcf10e9d0e64402bb6d0ebba5d7b80","core/src/test/java/org/elasticsearch/index/query/HasParentQueryBuilderTests.java","12","0","1","7","192","242","1"
"elasticsearch","31231531e117e257d7a2dcdccf89b5f179cde8a6","modules/test/integration/src/test/java/org/elasticsearch/test/integration/search/highlight/HighlighterSearchTests.java","12","0","1","7","218","294","0"
"BroadleafCommerce","9a2399ccabc71c63572c786cacfa9d17404bf0db","core/broadleaf-framework/src/main/java/org/broadleafcommerce/core/catalog/domain/Weight.java","12","0","1","7","68","109","0"
"BroadleafCommerce","e949b136c500559ba4612d339d5abac7febc5819","core/broadleaf-framework/src/main/java/org/broadleafcommerce/core/catalog/domain/Weight.java","12","0","1","7","68","109","0"
"BroadleafCommerce","65e73bebcc311646d9d62110b258a16f37da5ac4","core/broadleaf-framework/src/main/java/org/broadleafcommerce/core/catalog/domain/Weight.java","12","0","1","7","68","109","1"
"orientdb","a2eaf6636bb600c7e6d311b0bb7d112bbaafb4a0","etl/src/main/java/com/orientechnologies/orient/etl/source/OETLHttpSource.java","12","0","1","7","79","118","0"
"hazelcast","244e62e6ef032bf73f1bd1f088eeedf397c62e91","hazelcast/src/main/java/com/hazelcast/util/executor/DelegatingFuture.java","12","0","1","7","87","123","1"
"hazelcast","a138f413bfacf65e913a5ad035355b63bbabf793","hazelcast/src/main/java/com/hazelcast/mapreduce/impl/task/ReducerTask.java","12","0","1","7","94","139","2"
"elasticsearch","65bda6238839b43c89644bd38cc8dab6c5d8a6e0","src/main/java/org/elasticsearch/cloud/aws/blobstore/S3BlobContainer.java","12","0","1","7","99","137","1"
"BroadleafCommerce","d2254cf438ab766ee82e5a464c83c8d618cb170e","admin/broadleaf-contentmanagement-module/src/main/java/org/broadleafcommerce/cms/page/domain/PageRuleImpl.java","12","0","1","8","104","147","0"
"BroadleafCommerce","d2254cf438ab766ee82e5a464c83c8d618cb170e","admin/broadleaf-contentmanagement-module/src/main/java/org/broadleafcommerce/cms/structure/domain/StructuredContentRuleImpl.java","12","0","1","8","106","149","0"
"elasticsearch","8db27cc5bcaf38067c6bd1f6abf93b023bffe78b","src/main/java/org/elasticsearch/index/cache/field/data/support/AbstractConcurrentMapFieldDataCache.java","12","0","1","8","108","147","1"
"elasticsearch","cbdd11777f2677920a9f88feb99f23c831a7a59e","src/main/java/org/elasticsearch/search/aggregations/bucket/nested/ReverseNestedAggregator.java","12","0","1","8","110","157","1"
"hazelcast","83504ab6376beba2d569ea38dc59529a2f97fb4f","hazelcast-client/src/main/java/com/hazelcast/client/impl/LifecycleServiceImpl.java","12","0","1","8","125","167","1"
"elasticsearch","55e9f169c3c5179591f758fb99b6450daabefc19","src/main/java/org/elasticsearch/discovery/zen/publish/PublishClusterStateAction.java","12","0","1","8","147","202","3"
"elasticsearch","852a1103f38ea96d83f7cbae7cd8b8ce5705a53a","src/main/java/org/elasticsearch/discovery/zen/publish/PublishClusterStateAction.java","12","0","1","8","150","205","1"
"hazelcast","2c9f047c50d17d673fc19ecabccf2239611417b6","hazelcast/src/test/java/com/hazelcast/spi/impl/operationservice/impl/Invocation_RetryTest.java","12","0","1","8","207","265","0"
"hazelcast","f5b5e658ea42c43530cc3fd5e132e2fe503ab8b4","subscriber/ClientQueryCacheEventService.java","12","0","1","8","227","290","1"
"hazelcast","d568e4d926d925d57d4e79e34614390416749301","subscriber/ClientQueryCacheEventService.java","12","0","1","8","229","292","0"
"hazelcast","1ec9b79a96f8c74881d2912c4d7b3c40f62a8b64","hazelcast-client/src/main/java/com/hazelcast/client/impl/querycache/subscriber/ClientQueryCacheEventService.java","12","0","1","8","229","308","1"
"elasticsearch","046abdc281c321cd2128ee7684c0edfcaca07203","core/src/test/java/org/elasticsearch/search/aggregations/AggregatorParsingTests.java","12","0","1","8","287","346","3"
"elasticsearch","e74d02138f02a66331b2611b5e70a908bb49cb97","core/src/test/java/org/elasticsearch/search/aggregations/AggregatorParsingTests.java","12","0","1","8","296","355","1"
"neo4j","99abe5c4afa2f26034fa586114f10589e685e985","community/kernel/src/test/java/org/neo4j/graphdb/GraphDatabaseServiceTest.java","12","0","1","8","302","392","0"
"elasticsearch","a872c88f03b50b34036617dcc9ed36a0110bc84e","src/test/java/org/elasticsearch/test/integration/gateway/local/LocalGatewayIndexStateTests.java","12","0","1","8","324","440","0"
"hazelcast","91dae557abda66d7276f5fe369566b54292a4514","hazelcast/src/main/java/com/hazelcast/collection/operations/CompareAndRemoveOperation.java","12","0","1","8","79","112","1"
"elasticsearch","523a8b4c3e8003316f3e7c6a74bdd5e4e1818dd6","modules/elasticsearch/src/main/java/org/elasticsearch/common/lucene/geo/GeoPolygonFilter.java","12","0","1","8","83","126","0"
"hazelcast","23dc01609c7220e3e9784fb94eef7520d17b763b","hazelcast/src/main/java/com/hazelcast/monitor/impl/LocalOperationStatsImpl.java","12","0","1","8","91","125","0"
"BroadleafCommerce","890b0bcc50d07d82acdf5ae687d2abfbffa34597","admin/broadleaf-open-admin-platform/src/main/java/org/broadleafcommerce/openadmin/server/security/service/RowLevelSecurityServiceImpl.java","12","0","1","8","92","134","1"
"hazelcast","4eef0f6f0630c47a4baca6875343ccd506948bb5","hazelcast/src/main/java/com/hazelcast/multimap/txn/TxnRemoveAllOperation.java","12","0","1","8","95","130","1"
"hazelcast","74d6f72756601ada8fcd5b952384223dac5d5b25","hazelcast/src/main/java/com/hazelcast/multimap/txn/TxnRemoveAllOperation.java","12","0","1","8","95","130","2"
"hazelcast","f5d0f6d0c65c355122aa1fd5b9fc9949e7e6258b","hazelcast/src/main/java/com/hazelcast/multimap/txn/TxnRemoveAllOperation.java","12","0","1","8","95","130","3"
"hazelcast","08a1bcde262eb98081e2cafb5818ad9f65f852a4","hazelcast/src/main/java/com/hazelcast/multimap/txn/TxnRemoveAllOperation.java","12","0","1","8","95","130","0"
"elasticsearch","53b1b6e4bb94e1db1bbca764100f2e0206b43f4d","src/main/java/org/elasticsearch/search/facet/datehistogram/ValueScriptDateHistogramFacetCollector.java","12","0","1","9","123","181","0"
"hazelcast","7db53c0a19c56ae9c88038c5bf9e46075c9213e0","hazelcast/src/main/java/com/hazelcast/map/impl/operation/PutFromLoadAllOperation.java","12","0","1","9","132","180","0"
"hazelcast","8753522c80beedc5ac1220d0fc1caeeb3a732d9c","hazelcast/src/main/java/com/hazelcast/map/impl/operation/PutFromLoadAllOperation.java","12","0","1","9","132","180","0"
"elasticsearch","e3d5cb903bac739b47e8d726369313af36eb6824","src/main/java/org/elasticsearch/common/logging/slf4j/Slf4jESLogger.java","12","0","1","9","132","180","0"
"hazelcast","1414548ac07cba60b368a62a99c88257300fd691","hazelcast/src/main/java/com/hazelcast/map/impl/operation/PutFromLoadAllOperation.java","12","0","1","9","132","180","1"
"hazelcast","d9173aa8d1e548b218470462551e76d92f4d2576","hazelcast/src/main/java/com/hazelcast/map/impl/operation/PutFromLoadAllOperation.java","12","0","1","9","132","180","1"
"neo4j","116d3b9655a8e4ecba5160344877ab340a701960","community/lucene-index/src/main/java/org/neo4j/index/impl/lucene/LuceneCommandApplier.java","12","0","1","9","150","205","0"
"elasticsearch","7b431ecc1645cc420e759567a6d1f531360db990","core/src/test/java/org/elasticsearch/index/query/GeoShapeQueryBuilderTests.java","12","0","1","9","153","204","0"
"elasticsearch","3f6e470810f558d1bf70894c35c81b42957d933f","core/src/main/java/org/elasticsearch/search/aggregations/metrics/tophits/TopHitsAggregator.java","12","0","1","9","158","207","0"
"elasticsearch","2dfcc3c74028bcd0d8e5444f7d851e68e91a6d83","src/main/java/org/elasticsearch/index/fielddata/ordinals/SparseMultiArrayOrdinals.java","12","0","1","9","172","230","0"
"elasticsearch","b1cef5fdf8e1f8e9982a4724986b2731ca4d522b","core/src/main/java/org/elasticsearch/search/aggregations/bucket/geogrid/GeoGridAggregationBuilder.java","12","0","1","9","172","231","1"
"elasticsearch","dabbefd311c8ba7e8ec6e88efa94d07bad255b44","src/main/java/org/elasticsearch/gateway/local/state/meta/LocalAllocateDangledIndices.java","12","0","1","9","184","244","0"
"elasticsearch","c97833596869141f747110d0046dd9de325a7f3c","core/src/test/java/org/elasticsearch/action/admin/cluster/node/tasks/TaskManagerTestCase.java","12","0","1","9","190","246","1"
"elasticsearch","5a91ad11152fb54724083b696339b78829c8b905","core/src/test/java/org/elasticsearch/action/admin/cluster/node/tasks/TaskManagerTestCase.java","12","0","1","9","191","247","0"
"hazelcast","a7693e73119b42a3f46bee85e07a7a3cb723c531","hazelcast-client/src/main/java/com/hazelcast/client/impl/querycache/subscriber/ClientQueryCacheEventService.java","12","0","1","9","233","313","0"
"neo4j","b4307adcf4a7484cddf81b70c7aa03bc811ee966","enterprise/com/src/test/java/org/neo4j/com/storecopy/TransactionCommittingResponseUnpackerTest.java","12","0","1","9","539","684","0"
"BroadleafCommerce","beb23ce063b9f0f91520b023d0eee1fd1a2113ba","admin/broadleaf-contentmanagement-module/src/main/java/org/broadleafcommerce/cms/structure/domain/CriteriaStructuredContentXref.java","12","0","1","9","73","121","1"
"BroadleafCommerce","0c21b421c1d9c38444c820eea84cad34979e3b37","core/broadleaf-framework/src/main/java/org/broadleafcommerce/core/offer/domain/CriteriaOfferXref.java","12","0","1","9","73","122","0"
"hazelcast","ac1d2a73fab21693161d44e07c9d7308cb713b58","hazelcast-spring/src/main/java/com/hazelcast/spring/cache/HazelcastCache.java","12","0","1","9","78","118","0"
"hazelcast","665e413e870d37da6763626ff65f9ea2cd32348e","hazelcast-ra/src/main/java/com/hazelcast/jca/ResourceAdapterImpl.java","12","0","10","3","92","168","0"
"hazelcast","5bd0f1b5d3fb7225fbb9ba525531e912511ff351","hazelcast/src/test/java/com/hazelcast/concurrent/lock/LockTest.java","12","0","10","31","628","809","1"
"hazelcast","c13c39a89cc3f63b1fab4793e8e8c5a21afdc924","hazelcast/src/test/java/com/hazelcast/concurrent/lock/LockTest.java","12","0","10","31","628","809","2"
"hazelcast","b3d120949bee11e74d37cb694f8ebc1bca251cfb","hazelcast/src/test/java/com/hazelcast/concurrent/lock/LockTest.java","12","0","10","31","628","809","0"
"BroadleafCommerce","e8a5990711b18ac599e32682db231deb7556d551","admin/broadleaf-open-admin-platform/src/main/java/org/broadleafcommerce/openadmin/server/domain/PersistencePackageRequest.java","12","0","10","61","359","517","3"
"BroadleafCommerce","6d0bcb2414cc6cc3c7f0477dc197ef425dac623d","admin/broadleaf-open-admin-platform/src/main/java/org/broadleafcommerce/openadmin/server/domain/PersistencePackageRequest.java","12","0","10","64","367","528","1"
"elasticsearch","3d7daa1a5a747f0d5f947eac2914bec861239c4f","core/src/main/java/org/elasticsearch/search/internal/SearchContext.java","12","0","10","92","234","403","2"
"elasticsearch","37e20c6f340fcfa745e3605cc1ed0b89070c8f45","core/src/main/java/org/elasticsearch/indices/recovery/RecoveriesCollection.java","12","0","11","3","135","228","3"
"elasticsearch","58e68db1488f969755efc70269bfa5100e52b9c0","src/main/java/org/elasticsearch/common/io/Streams.java","12","0","11","3","137","277","1"
"elasticsearch","97cc426a890fa220a926d50faee463cf2cecb3a3","core/src/main/java/org/elasticsearch/monitor/os/OsStats.java","12","0","11","42","346","494","0"
"elasticsearch","32f141223dbc61f80092da6a3cfd872f28630f09","core/src/test/java/org/elasticsearch/common/rounding/TimeZoneRoundingTests.java","12","0","11","6","359","548","3"
"elasticsearch","29336b231bf67eaf39b179a6c8f041762e1699b6","core/src/main/java/org/elasticsearch/search/internal/SearchContext.java","12","0","11","91","247","429","1"
"netty","0065006824005f711136467b211b06abf17e8562","codec-http/src/main/java/io/netty/handler/codec/http/websocketx/WebSocketClientHandshaker.java","12","0","12","0","135","270","0"
"elasticsearch","072748cd672233925e791c408f05fec8fc5a586a","core/src/main/java/org/elasticsearch/action/DocWriteResponse.java","12","0","12","10","203","300","1"
"netty","747533408dbf3fa04fe0753e0f20cf80b8ac66ed","codec-http2/src/test/java/io/netty/handler/codec/http2/DefaultHttp2RemoteFlowControllerTest.java","12","0","12","27","1066","1550","1"
"elasticsearch","dbf1f61c5b9c568960e59a8f3087a793ae8f8978","core/src/test/java/org/elasticsearch/common/rounding/TimeZoneRoundingTests.java","12","0","12","6","365","555","4"
"elasticsearch","40b80ae10460567144bbb0d8dcb606d4a10418ac","core/src/main/java/org/elasticsearch/action/DocWriteResponse.java","12","0","12","9","171","259","1"
"elasticsearch","0ab3cbe3a3b15a154c79138c6d0e6f8dfa888876","core/src/main/java/org/elasticsearch/action/DocWriteResponse.java","12","0","12","9","174","264","0"
"elasticsearch","3aed047bdedde1bda189cbfc2f81e65af42e57c5","core/src/main/java/org/elasticsearch/search/internal/SearchContext.java","12","0","12","90","234","418","1"
"elasticsearch","6174e21f47244b6d5153d7d0cc1fe28fe863399d","core/src/main/java/org/elasticsearch/search/internal/SearchContext.java","12","0","12","94","248","438","2"
"elasticsearch","96724e198adc829da8032a55c6cc04811226a261","test-framework/src/main/java/org/elasticsearch/test/CompositeTestCluster.java","12","0","13","14","174","289","0"
"elasticsearch","78574d248cf10dad1c5a566fda79e1e0c94afe43","core/src/main/java/org/elasticsearch/action/admin/cluster/stats/ClusterStatsIndices.java","12","0","13","16","227","335","1"
"elasticsearch","e6aaaf11ed4a1b8f595f920de1840938eddb7a97","core/src/main/java/org/elasticsearch/action/admin/cluster/stats/ClusterStatsIndices.java","12","0","13","16","227","335","1"
"elasticsearch","a60b8948ba1d836a6eac7cff095519e618939ed8","core/src/main/java/org/elasticsearch/action/admin/cluster/stats/ClusterStatsIndices.java","12","0","13","16","227","335","0"
"netty","93011dd3159e2371d583e84ffae3fa6eac4ed723","codec-http2/src/test/java/io/netty/handler/codec/http2/DefaultHttp2RemoteFlowControllerTest.java","12","0","13","27","1091","1604","0"
"neo4j","2b1b5bf235d155f54f4e277702f1c8687cf0ef70","enterprise/security/src/test/java/org/neo4j/server/security/enterprise/auth/integration/bolt/LdapAuthIT.java","12","0","13","38","817","1276","0"
"elasticsearch","f23274523a4d957156fa48923cbf651bdeb2813f","src/main/java/org/elasticsearch/action/bench/BenchmarkResponse.java","12","0","13","8","148","254","0"
"elasticsearch","06ae2e2176c6b774172060b0379f25e5b378bc5e","core/src/main/java/org/elasticsearch/common/util/ExtensionPoint.java","12","0","15","1","112","241","1"
"elasticsearch","04dec8470a0e2ee9f5b42cbfe87ce94911928fc1","core/src/main/java/org/elasticsearch/common/util/ExtensionPoint.java","12","0","15","1","113","242","0"
"elasticsearch","a331405aff20d6f8b42e646bd38f114cd1edd34a","core/src/main/java/org/elasticsearch/action/admin/cluster/allocation/ClusterAllocationExplainRequest.java","12","0","15","5","159","264","1"
"BroadleafCommerce","e216da5ebb303680f5c60ffcd75979f5876ab5a6","admin/broadleaf-open-admin-platform/src/main/java/org/broadleafcommerce/openadmin/server/domain/PersistencePackageRequest.java","12","0","16","76","434","644","0"
"elasticsearch","f424319f9a6629bbd9730171e8597e3d31a0f355","src/main/java/org/elasticsearch/search/suggest/SuggestBuilder.java","12","0","17","6","153","295","1"
"elasticsearch","0ff30ade69404af2830c343f3b7052aeb6f77c8f","src/main/java/org/elasticsearch/search/suggest/SuggestBuilder.java","12","0","18","6","156","306","0"
"elasticsearch","3338750f14e654d801d0c876947a70987a12a24e","src/main/java/org/elasticsearch/index/mapper/FieldMapper.java","12","0","19","29","145","285","0"
"elasticsearch","d2ca694200122559bd5390421f8a9a85731ac145","core/src/main/java/org/elasticsearch/common/logging/log4j/LogConfigurator.java","12","0","2","0","118","170","0"
"BroadleafCommerce","66355f234265e6a0d2f7a4ba31b8ab48720e3213","common/src/main/java/org/broadleafcommerce/common/rule/SelectizeCollectionUtils.java","12","0","2","0","49","98","0"
"netty","11bcb8790cb2471a50a857fcae44fb42d410aa83","codec-http2/src/main/java/io/netty/handler/codec/http2/HttpToHttp2ConnectionHandler.java","12","0","2","0","68","119","0"
"netty","b39380ad83cda7ebe79d692216e204b8b6b67568","codec-http2/src/main/java/io/netty/handler/codec/http2/HttpToHttp2ConnectionHandler.java","12","0","2","0","68","119","0"
"netty","8ba4b63cb639e1cf4786d7c8229b3f04b6a7d649","codec-http2/src/main/java/io/netty/handler/codec/http2/HttpToHttp2ConnectionHandler.java","12","0","2","0","68","119","1"
"netty","01af0baaf7ab2da23ffbf46b2a35cbe11fdbf494","codec-http2/src/main/java/io/netty/handler/codec/http2/HttpToHttp2ConnectionHandler.java","12","0","2","0","70","120","1"
"netty","2fd42cfc6b32dacb812c6f2ecef8522cd94718d4","codec-http2/src/main/java/io/netty/handler/codec/http2/HttpToHttp2ConnectionHandler.java","12","0","2","0","85","136","0"
"elasticsearch","3a0dd59a15c49f5be0483658f44bd411f62e1ac5","core/src/test/java/org/elasticsearch/network/DirectBufferNetworkIT.java","12","0","2","0","94","147","0"
"elasticsearch","ce4af4be424fd180e4af835fc5419f67202af9c4","core/src/main/java/org/elasticsearch/gateway/DanglingIndicesState.java","12","0","2","1","107","170","2"
"netty","cd0b5ec2db593d45c96bd6b55b0024042534af04","codec-http/src/main/java/io/netty/handler/codec/http/websocketx/WebSocket00FrameDecoder.java","12","0","2","1","77","129","1"
"netty","af4b71a00e30faf86ef1c2365e965e8f04f65bee","codec-http/src/main/java/io/netty/handler/codec/http/websocketx/WebSocket00FrameDecoder.java","12","0","2","1","78","130","0"
"orientdb","7a678522a2d83448543bc75d7360ac0857529727","server/src/main/java/com/orientechnologies/orient/server/distributed/task/OCreateRecordTask.java","12","0","2","10","124","181","0"
"orientdb","c871bcbc93f785701cc81e159699c0d2229569b3","server/src/main/java/com/orientechnologies/orient/server/distributed/task/OCreateRecordTask.java","12","0","2","10","128","186","0"
"netty","91b378005461b85f965aa296daa087bc009b9da0","transport-sctp/src/main/java/io/netty/channel/sctp/nio/NioSctpServerChannel.java","12","0","2","10","170","224","0"
"netty","869687bd711e1358367203526128d9a2ad90663a","transport-sctp/src/main/java/io/netty/channel/sctp/nio/NioSctpServerChannel.java","12","0","2","10","183","240","0"
"elasticsearch","671e3ef0742ac97ef39aa954a0821958544709e1","src/test/java/org/elasticsearch/search/aggregations/metrics/GeoBoundsTests.java","12","0","2","10","347","441","0"
"hazelcast","798cdcb7995ba1e5f635103a6069a2a875f914a6","hazelcast/src/main/java/com/hazelcast/internal/serialization/impl/FieldDefinitionImpl.java","12","0","2","10","93","128","0"
"elasticsearch","477489ac82e548aa30a6524e763c8329c37938bf","src/test/java/org/elasticsearch/test/unit/index/fielddata/LongFieldDataTests.java","12","0","2","11","305","382","1"
"elasticsearch","40cd549c375848729c6ffd381a906c403b31ba4a","src/test/java/org/elasticsearch/test/unit/index/fielddata/LongFieldDataTests.java","12","0","2","11","318","399","0"
"elasticsearch","5fc6f171210ab5ace1aaf13edf8e9d33862bc070","core/src/main/java/org/elasticsearch/action/fieldcaps/FieldCapabilitiesRequest.java","12","0","2","12","112","170","1"
"elasticsearch","cf846af0e508e4626fde3b9b870118f64cc33cb9","core/src/main/java/org/elasticsearch/action/fieldcaps/FieldCapabilitiesRequest.java","12","0","2","12","117","175","0"
"netty","0b3122d8ff632e409524b6f3d54435156e70ffa2","codec-http2/src/test/java/io/netty/handler/codec/http2/LastInboundHandler.java","12","0","2","14","121","165","1"
"hazelcast","2cfbd79e1e84f5987e07cedc09f582d5715c815d","hazelcast/src/main/java/com/hazelcast/config/EvictionConfig.java","12","0","2","15","118","210","0"
"hazelcast","c9145735e1b77145651752c833ce474b9e542791","hazelcast/src/main/java/com/hazelcast/config/EvictionConfig.java","12","0","2","15","118","210","0"
"hazelcast","5ce068887fea87587207a86de8baa062cf8514ac","hazelcast/src/main/java/com/hazelcast/config/EvictionConfig.java","12","0","2","15","118","210","2"
"neo4j","b4307adcf4a7484cddf81b70c7aa03bc811ee966","enterprise/com/src/main/java/org/neo4j/com/storecopy/TransactionCommittingResponseUnpacker.java","12","0","2","15","252","339","0"
"elasticsearch","445be98e4cd36689af396ca0da8a1531ddbfe99b","core/src/test/java/org/elasticsearch/indices/analyze/AnalyzeActionIT.java","12","0","2","15","389","507","1"
"netty","253cd694ef6317d52d41b220f4dcf5fd69f44ec3","codec-http2/src/test/java/io/netty/handler/codec/http2/StreamBufferingEncoderTest.java","12","0","2","17","403","532","1"
"netty","3a4d64bb8404f59861acddec954b4ed3aa02f97b","codec-http/src/main/java/io/netty/handler/codec/http/multipart/DiskAttribute.java","12","0","2","18","156","209","1"
"elasticsearch","51d53791fe71c9cb62bc992588a57cdfb500383f","core/src/main/java/org/elasticsearch/rest/action/cat/RestRecoveryAction.java","12","0","2","2","125","179","0"
"elasticsearch","2b3760f78b26817b5a2030aa27b1ddf2f17462f6","core/src/main/java/org/elasticsearch/rest/action/cat/RestRecoveryAction.java","12","0","2","2","130","180","1"
"elasticsearch","4b94eb5cb8cc4294ed0e932a5f22c16bd90d4dd7","core/src/main/java/org/elasticsearch/action/index/TransportIndexAction.java","12","0","2","2","171","229","2"
"elasticsearch","d3417fb02291f26964d77767020ef345d18c148f","core/src/main/java/org/elasticsearch/action/index/TransportIndexAction.java","12","0","2","2","172","232","0"
"titan","ed88d7286080492045efafb45a69fa4cb6eeb94d","src/main/java/com/thinkaurelius/titan/graphdb/query/QueryUtil.java","12","0","2","2","43","69","0"
"orientdb","7a678522a2d83448543bc75d7360ac0857529727","core/src/main/java/com/orientechnologies/orient/core/sql/OCommandExecutorSQLRebuildIndex.java","12","0","2","2","57","104","0"
"hazelcast","898bb117f200cc48a15bfc0d8b27418ebe2df752","hazelcast/src/main/java/com/hazelcast/map/impl/mapstore/AbstractMapDataStore.java","12","0","2","2","59","85","0"
"mcMMO","93548317293e2c6c5195544b99d4ce7d900abea1","src/main/java/com/gmail/nossr50/skills/acrobatics/AcrobaticsManager.java","12","0","2","2","64","94","0"
"netty","91b378005461b85f965aa296daa087bc009b9da0","transport-native-epoll/src/main/java/io/netty/channel/epoll/EpollServerSocketChannelConfig.java","12","0","2","20","144","201","0"
"netty","20ef4690e74a7a5007468815f070a6c1f5074d0d","transport-native-epoll/src/main/java/io/netty/channel/epoll/EpollServerSocketChannelConfig.java","12","0","2","20","148","205","0"
"netty","caa15050204c9757f2a3e34511cf1d9d8447cd9c","codec-http/src/main/java/io/netty/handler/codec/http/multipart/DiskAttribute.java","12","0","2","20","162","217","0"
"orientdb","46bbcabde62c2b9e61ebaf45dc23f16d9dee7f02","graphdb/src/test/java/com/tinkerpop/blueprints/impls/orient/OrientGraphTest.java","12","0","2","21","176","225","1"
"orientdb","136db63960bbf53514691bf5a0bb8361a5ea5361","graphdb/src/test/java/com/tinkerpop/blueprints/impls/orient/OrientGraphTest.java","12","0","2","21","177","226","0"
"elasticsearch","15d46988dc74d29a3c4567e83de60717b4683561","src/test/java/org/elasticsearch/index/mapper/timestamp/TimestampMappingTests.java","12","0","2","21","539","663","4"
"elasticsearch","7d5a15e461eccf82342dfa7aca7700ee304794ce","src/test/java/org/elasticsearch/index/mapper/timestamp/TimestampMappingTests.java","12","0","2","21","547","671","3"
"elasticsearch","48bc132927d5af54c82a7ea754526ed9e94cbfe6","src/test/java/org/elasticsearch/index/mapper/timestamp/TimestampMappingTests.java","12","0","2","21","548","672","2"
"BroadleafCommerce","66ae8f00a336acfd1569bda8752f26ebae85a7dc","core/broadleaf-framework/src/main/java/org/broadleafcommerce/core/offer/service/discount/domain/PromotableCandidateItemOfferImpl.java","12","0","2","26","172","244","0"
"elasticsearch","46088b9f8acc057414ba222809b1b6bc3e1a435e","modules/elasticsearch/src/main/java/org/elasticsearch/search/facet/histogram/InternalFullHistogramFacet.java","12","0","2","26","189","261","0"
"hazelcast","65df300ddcacf2cee04f1eee8f75731e147decbf","hazelcast-client-legacy/src/main/java/com/hazelcast/client/proxy/ClientQueueProxy.java","12","0","2","29","244","313","1"
"hazelcast","bc601ff794160f270974eb720eb8f6a857998995","hazelcast-client-legacy/src/main/java/com/hazelcast/client/proxy/ClientQueueProxy.java","12","0","2","29","246","316","1"
"hazelcast","c715b8ce5b8cd44fadb45df811c3862a7a53c58b","hazelcast-client-legacy/src/main/java/com/hazelcast/client/proxy/ClientQueueProxy.java","12","0","2","29","246","316","1"
"hazelcast","623ff1855aa985aa276e8395aabf0b534c7a36c3","hazelcast-client-legacy/src/main/java/com/hazelcast/client/proxy/ClientQueueProxy.java","12","0","2","29","246","316","0"
"hazelcast","1bf486cacd7da2401e188bdebae8dd772055207d","hazelcast-client-legacy/src/main/java/com/hazelcast/client/proxy/ClientQueueProxy.java","12","0","2","29","248","320","0"
"hazelcast","70d4de16ff0ac4518d09aad8c9f2ad9e782fb337","hazelcast-client/src/main/java/com/hazelcast/client/proxy/ClientQueueProxy.java","12","0","2","29","303","383","1"
"hazelcast","d568e4d926d925d57d4e79e34614390416749301","hazelcast-client/src/main/java/com/hazelcast/client/proxy/ClientQueueProxy.java","12","0","2","29","330","410","0"
"hazelcast","565257f977407eb3a0199d082860209c2958f5f9","hazelcast/src/main/java/com/hazelcast/spi/impl/transceiver/impl/PacketTransceiverImpl.java","12","0","2","3","100","140","1"
"hazelcast","564167c1f93b32ce742411106e9ae67eae88a801","hazelcast/src/main/java/com/hazelcast/spi/impl/transceiver/impl/PacketTransceiverImpl.java","12","0","2","3","101","140","0"
"netty","c22f1aa4acad4234623c31121f33b2b2f3afffc5","codec-http2/src/main/java/io/netty/handler/codec/http2/UniformStreamByteDistributor.java","12","0","2","3","110","188","3"
"neo4j","69729fae020c1253f8bab4bb3c4c2f8d087741fb","community/kernel/src/main/java/org/neo4j/kernel/impl/transaction/state/PropertyDeleter.java","12","0","2","3","135","194","0"
"elasticsearch","9d873141059064bb25c200de258d8bacd85eb52e","core/src/main/java/org/elasticsearch/action/support/replication/TransportWriteAction.java","12","0","2","3","148","228","0"
"elasticsearch","56ee49255be15a2ea4aef17e19c792f9ff49365d","core/src/main/java/org/elasticsearch/action/support/replication/TransportWriteAction.java","12","0","2","3","148","230","0"
"orientdb","a56ae91e7d9f772da4288542cee900793c24e5e1","core/src/main/java/com/orientechnologies/orient/core/sql/OCommandExecutorSQLRebuildIndex.java","12","0","2","3","61","109","0"
"hazelcast","70d4de16ff0ac4518d09aad8c9f2ad9e782fb337","hazelcast/src/main/java/com/hazelcast/map/impl/mapstore/AbstractMapDataStore.java","12","0","2","3","63","104","1"
"hazelcast","d041266118126d445f010f961e936ce8f540a573","hazelcast/src/main/java/com/hazelcast/map/impl/mapstore/AbstractMapDataStore.java","12","0","2","3","63","104","1"
"hazelcast","d568e4d926d925d57d4e79e34614390416749301","hazelcast/src/main/java/com/hazelcast/map/impl/mapstore/AbstractMapDataStore.java","12","0","2","3","63","104","0"
"hazelcast","d01c81687873113df54af8a42338e1cc307e3269","hazelcast/src/main/java/com/hazelcast/map/impl/mapstore/AbstractMapDataStore.java","12","0","2","3","64","105","0"
"hazelcast","bd4c23a7e473d52a5f54745e6255a0cfbba0048d","hazelcast/src/main/java/com/hazelcast/util/ConcurrencyUtil.java","12","0","2","3","66","102","1"
"orientdb","acd8d11e683f36a33cd0d0ad9c79b315e5816ca5","core/src/main/java/com/orientechnologies/orient/core/sql/OCommandExecutorSQLAlterClass.java","12","0","2","3","73","127","1"
"elasticsearch","185dff73461ae384f44fda5c7883fa6ba5e8c466","modules/transport-netty4/src/main/java/org/elasticsearch/transport/netty4/Netty4Utils.java","12","0","2","3","77","122","0"
"elasticsearch","38663351dcf76955e8ef6f4bc959d777825ec425","modules/transport-netty4/src/main/java/org/elasticsearch/transport/netty4/Netty4Utils.java","12","0","2","3","77","122","0"
"elasticsearch","c79371fd5b1313414dad6d7d7109f070466ca7eb","modules/transport-netty4/src/main/java/org/elasticsearch/transport/netty4/Netty4Utils.java","12","0","2","3","77","122","1"
"orientdb","39e8da7e0b94b5ff1c0e74cdb087f75dfa070ea7","core/src/main/java/com/orientechnologies/orient/core/index/hashindex/local/OHashIndexFactory.java","12","0","2","3","79","129","1"
"orientdb","3080c6df0ffb3a3d5b9127ae2a66741b9a53b54d","core/src/main/java/com/orientechnologies/orient/core/index/hashindex/local/OHashIndexFactory.java","12","0","2","3","81","131","1"
"hazelcast","0dcac2107149f1a24af61788b11b53bd49eb4a73","hazelcast/src/main/java/com/hazelcast/spi/impl/packettransceiver/impl/PacketTransceiverImpl.java","12","0","2","3","99","139","0"
"elasticsearch","046abdc281c321cd2128ee7684c0edfcaca07203","core/src/test/java/org/elasticsearch/search/suggest/SuggestBuilderTests.java","12","0","2","4","112","155","2"
"elasticsearch","e74d02138f02a66331b2611b5e70a908bb49cb97","core/src/test/java/org/elasticsearch/search/suggest/SuggestBuilderTests.java","12","0","2","4","113","156","0"
"elasticsearch","4dc060527cd7d35817085a3926e65d071e3b1321","src/test/java/org/elasticsearch/indexing/IndexActionTests.java","12","0","2","5","130","181","1"
"elasticsearch","5396d8e1498dca2904764f75f04c6977a6adb9bf","src/test/java/org/elasticsearch/search/geo/GeoDistanceTests.java","12","0","2","5","510","653","0"
"neo4j","128c1e47ce3f69ef3da6489e27a95f4ff19bab47","enterprise/core-edge/src/main/java/org/neo4j/coreedge/raft/replication/shipping/RaftLogShippingManager.java","12","0","2","6","127","178","0"
"mct","05f1a5bde8b837c289f84409f3c5189938aaf581","canvas/src/test/java/gov/nasa/arc/mct/canvas/view/PanelInspectorTest.java","12","0","2","6","137","233","0"
"elasticsearch","fed6b7246047cdbfd376c179b6b15c62d9cdf2a1","core/src/test/java/org/elasticsearch/index/query/HasParentQueryBuilderTests.java","12","0","2","6","212","268","1"
"netty","3f82b53bae4120eaf452269f204595b78353ec2b","transport/src/main/java/io/netty/channel/DefaultChannelId.java","12","0","2","6","219","299","2"
"elasticsearch","0220e45e2f67d4eeeb86376ba88432761eed415e","core/src/test/java/org/elasticsearch/cluster/routing/RoutingServiceTests.java","12","0","2","6","252","355","4"
"BroadleafCommerce","0f104a24236003d8329561c299dbc795f83a5caf","common/src/main/java/org/broadleafcommerce/common/util/StringUtil.java","12","0","2","6","89","144","1"
"elasticsearch","2bd09c4625898d77aa6c015c6f82cf973ed18cb7","core/src/main/java/org/elasticsearch/common/ParseField.java","12","0","2","8","79","119","0"
"elasticsearch","3d13c27fa0df12018f35f1b20987c90277e9b6f9","core/src/main/java/org/elasticsearch/common/ParseField.java","12","0","2","8","80","120","1"
"hazelcast","7001ec8c5b1305c796de75c2e3f170c562db8c03","hazelcast/src/main/java/com/hazelcast/map/impl/operation/MapOperation.java","12","0","2","9","113","168","0"
"elasticsearch","af6d890ad5b7d5f76eb7f66e2c6e3bf0a2c3b64e","src/test/java/org/elasticsearch/search/aggregations/metrics/GeoBoundsTests.java","12","0","2","9","324","414","1"
"netty","81fa70c98d7334a1abb50109279ab6567517530c","common/src/main/java/io/netty/util/internal/AppendableCharSequence.java","12","0","2","9","92","138","0"
"mcMMO","6f1ee88b786a4881b69e4ab9dc24ec019704867c","src/main/java/com/gmail/nossr50/config/Config.java","12","0","27","214","317","418","0"
"netty","253cd694ef6317d52d41b220f4dcf5fd69f44ec3","codec-http2/src/main/java/io/netty/handler/codec/http2/HttpToHttp2ConnectionHandler.java","12","0","3","1","75","130","1"
"elasticsearch","634ce90dc06f20888a4ff655985a6baccf25a7db","core/src/main/java/org/elasticsearch/transport/RemoteClusterAware.java","12","0","3","1","96","167","0"
"elasticsearch","0cf1d16187fcf10e9d0e64402bb6d0ebba5d7b80","core/src/test/java/org/elasticsearch/index/query/HasChildQueryBuilderTests.java","12","0","3","12","301","371","1"
"MapDB","39b4ea3b1f720aa1cdbf2eb2880a749b06cfbf13","src/test/java/org/mapdb/issues/Issue571Test.java","12","0","3","14","144","182","0"
"hazelcast","331bc0f4304600231209ea613c6ccc84c2641cca","hazelcast/src/test/java/com/hazelcast/concurrent/lock/LockAdvancedTest.java","12","0","3","14","435","520","0"
"hazelcast","af0295ff200ede3c6d2bea21a518924879134076","hazelcast/src/test/java/com/hazelcast/concurrent/lock/LockAdvancedTest.java","12","0","3","14","435","520","0"
"hazelcast","d568e4d926d925d57d4e79e34614390416749301","hazelcast/src/test/java/com/hazelcast/concurrent/lock/LockAdvancedTest.java","12","0","3","14","435","520","0"
"hazelcast","bba8ac082b5f2377770d9d497a9b83fd38ceaf43","hazelcast/src/test/java/com/hazelcast/concurrent/lock/LockAdvancedTest.java","12","0","3","14","435","520","1"
"titan","8e76984347ad0cc94af1cde0ecb9b018e79d526c","titan-cassandra/src/main/java/com/thinkaurelius/titan/diskstorage/cassandra/thrift/thriftpool/CTConnectionFactory.java","12","0","3","16","152","211","0"
"titan","ee1d562528178614735f8e5526856dc1e407c97e","titan-cassandra/src/main/java/com/thinkaurelius/titan/diskstorage/cassandra/thrift/thriftpool/CTConnectionFactory.java","12","0","3","16","156","216","0"
"elasticsearch","fdf2bb93716c2a6f2b0d0785df386ecd414994c4","src/test/java/org/elasticsearch/search/aggregations/bucket/SignificantTermsSignificanceScoreTests.java","12","0","3","16","324","402","0"
"elasticsearch","d8cd75544536a211fa5c66e190aa4313213f0308","src/test/java/org/elasticsearch/search/aggregations/bucket/SignificantTermsSignificanceScoreTests.java","12","0","3","16","327","405","1"
"hazelcast","1eae67881eecaa9f0ee6073a4d1a6739712d47b2","hazelcast/src/main/java/com/hazelcast/replicatedmap/record/ReplicatedRecord.java","12","0","3","17","139","197","1"
"hazelcast","d067a8e4edffbf148370e6a19f429f5c7ac6a8a1","hazelcast/src/main/java/com/hazelcast/map/impl/mapstore/writebehind/WriteBehindStore.java","12","0","3","18","173","276","2"
"elasticsearch","f2be8d83dcdfc0787ccc7dfd4cd02f4a983b90e6","src/test/java/org/elasticsearch/search/aggregations/bucket/SignificantTermsSignificanceScoreTests.java","12","0","3","18","333","415","1"
"orientdb","39e36a186d26ef3ef5340a4b2aaa756d48206bd7","core/src/main/java/com/orientechnologies/orient/core/db/record/ridbag/sbtree/OIndexRIDContainer.java","12","0","3","19","175","245","0"
"elasticsearch","82fa531ab4c1fb087d357ff15288c070d7393378","modules/percolator/src/test/java/org/elasticsearch/percolator/PercolatorFieldMapperTests.java","12","0","3","19","628","759","0"
"neo4j","a7f45f5f10c903b49edc8c0a81405f620b8e2956","community/kernel/src/main/java/org/neo4j/kernel/impl/proc/FieldInjections.java","12","0","3","2","112","161","0"
"elasticsearch","be1610ba63ac93fe999f3375cbecd8f0bd1ccc1a","src/test/java/org/elasticsearch/index/mapper/timestamp/TimestampMappingTests.java","12","0","3","21","559","688","1"
"elasticsearch","7adf9929bae22049d157676756b49597bca98426","core/src/test/java/org/elasticsearch/test/cluster/TestClusterService.java","12","0","3","27","213","281","2"
"elasticsearch","4040f194f528c76c88be70b119cf9d7d6fcea99b","core/src/test/java/org/elasticsearch/test/cluster/TestClusterService.java","12","0","3","27","214","282","1"
"elasticsearch","0220e45e2f67d4eeeb86376ba88432761eed415e","test-framework/src/main/java/org/elasticsearch/test/cluster/TestClusterService.java","12","0","3","27","215","283","1"
"elasticsearch","7e6008f0b9a84c16ba3cd6aeb8a6395e8fbfe88e","test-framework/src/main/java/org/elasticsearch/test/cluster/TestClusterService.java","12","0","3","27","215","283","2"
"elasticsearch","47293863476fd91f6f3302b4fd36d2d9f9442099","test-framework/src/main/java/org/elasticsearch/test/cluster/TestClusterService.java","12","0","3","27","215","283","0"
"elasticsearch","41a2375c9e609395e21522ee79202645ed2a0af4","core/src/test/java/org/elasticsearch/test/cluster/TestClusterService.java","12","0","3","27","216","284","0"
"hazelcast","145990d6d9ab612af67b4e603815ca23ad518d03","hazelcast/src/main/java/com/hazelcast/map/impl/MapContainer.java","12","0","3","29","232","312","0"
"elasticsearch","fb10e595787d5bb0761878bb6a7bd0617a4e65ef","core/src/main/java/org/elasticsearch/cluster/routing/RoutingService.java","12","0","3","3","133","208","0"
"elasticsearch","ea41ee9243dd3ec643117af1ff5a9684daf805c6","src/main/java/org/elasticsearch/common/util/concurrent/BaseFuture.java","12","0","3","3","135","371","2"
"MapDB","717b008da75918aae78156e9cb999af987f1e326","src/main/java/org/mapdb/TxMaker.java","12","0","3","3","44","79","1"
"elasticsearch","cc65a94fd4daaac1a6586350bda309a29a511f7e","core/src/main/java/org/elasticsearch/index/query/ExistsQueryBuilder.java","12","0","3","4","116","170","1"
"elasticsearch","371c73e14023917f3892090d2d3d7ff9ac1216b9","core/src/main/java/org/elasticsearch/index/query/ExistsQueryBuilder.java","12","0","3","4","118","173","3"
"elasticsearch","78574d248cf10dad1c5a566fda79e1e0c94afe43","core/src/main/java/org/elasticsearch/index/query/ExistsQueryBuilder.java","12","0","3","4","118","173","2"
"elasticsearch","e6aaaf11ed4a1b8f595f920de1840938eddb7a97","core/src/main/java/org/elasticsearch/index/query/ExistsQueryBuilder.java","12","0","3","4","118","173","2"
"elasticsearch","a60b8948ba1d836a6eac7cff095519e618939ed8","core/src/main/java/org/elasticsearch/index/query/ExistsQueryBuilder.java","12","0","3","4","118","173","0"
"elasticsearch","a530399ae5f78cc335c704f1a5583a3d861bfcc6","core/src/test/java/org/elasticsearch/index/shard/RefreshListenersTests.java","12","0","3","4","215","314","2"
"elasticsearch","de243493c9a31354d742c34a66817e8a06798026","src/main/java/org/elasticsearch/discovery/zen/elect/ElectMasterService.java","12","0","3","4","79","125","1"
"elasticsearch","889db1c824d8c573835e8cbadd0c6f3ba25f8fcd","src/main/java/org/elasticsearch/discovery/zen/elect/ElectMasterService.java","12","0","3","4","81","127","1"
"elasticsearch","bd75b731c654f4c845f0781306b8055704706585","src/main/java/org/elasticsearch/discovery/zen/elect/ElectMasterService.java","12","0","3","4","82","128","2"
"BroadleafCommerce","4761791d4323cfc6e6d0949d12939c36070d4364","core/broadleaf-framework-web/src/main/java/org/broadleafcommerce/core/web/controller/account/BroadleafRegisterController.java","12","0","3","5","90","162","2"
"elasticsearch","3d3dd7185d7638e572309b2e630d22234fc2659c","core/src/main/java/org/elasticsearch/index/fielddata/ScriptDocValues.java","12","0","3","50","234","329","0"
"netty","9fb86a380d0b3d2082a0d97a217d221392177625","transport-native-epoll/src/main/java/io/netty/channel/epoll/EpollDomainSocketChannel.java","12","0","3","6","139","195","0"
"netty","e33f12f5b8a37b3f2a7291a10a61c8bce6ce73e0","transport/src/main/java/io/netty/channel/socket/oio/OioServerSocketChannel.java","12","0","3","6","142","198","1"
"netty","869687bd711e1358367203526128d9a2ad90663a","transport/src/main/java/io/netty/channel/socket/oio/OioServerSocketChannel.java","12","0","3","6","146","203","0"
"elasticsearch","d6d0c13bd63f28347ebdb0f9364e44921c248b8b","core/src/test/java/org/elasticsearch/index/shard/RefreshListenersTests.java","12","0","3","6","265","368","1"
"elasticsearch","8e151862935d38403c3c7ca4705468830a2bf6be","core/src/test/java/org/elasticsearch/index/shard/RefreshListenersTests.java","12","0","3","6","266","369","0"
"elasticsearch","371c73e14023917f3892090d2d3d7ff9ac1216b9","core/src/main/java/org/elasticsearch/search/aggregations/pipeline/AbstractPipelineAggregatorBuilder.java","12","0","3","7","106","175","3"
"elasticsearch","78574d248cf10dad1c5a566fda79e1e0c94afe43","core/src/main/java/org/elasticsearch/search/aggregations/pipeline/AbstractPipelineAggregatorBuilder.java","12","0","3","7","106","175","2"
"elasticsearch","e6aaaf11ed4a1b8f595f920de1840938eddb7a97","core/src/main/java/org/elasticsearch/search/aggregations/pipeline/AbstractPipelineAggregatorBuilder.java","12","0","3","7","106","175","2"
"elasticsearch","a60b8948ba1d836a6eac7cff095519e618939ed8","core/src/main/java/org/elasticsearch/search/aggregations/pipeline/AbstractPipelineAggregatorBuilder.java","12","0","3","7","106","175","0"
"elasticsearch","c32de1f72b8f1131daf710a2144be31c55cb4f93","core/src/test/java/org/elasticsearch/indices/store/IndicesStoreIntegrationIT.java","12","0","3","7","382","507","1"
"elasticsearch","fac472f90c521241a56f90c708eafe8bcbc4f939","core/src/test/java/org/elasticsearch/indices/store/IndicesStoreIntegrationIT.java","12","0","3","7","383","508","2"
"elasticsearch","6b23ee80404ea8cb143abd776968854e263275b9","core/src/main/java/org/elasticsearch/search/aggregations/pipeline/AbstractPipelineAggregationBuilder.java","12","0","3","8","110","179","2"
"elasticsearch","c8ca015c0bd28caf4fd84862679afc63a9e7d2ac","core/src/main/java/org/elasticsearch/search/aggregations/pipeline/AbstractPipelineAggregationBuilder.java","12","0","3","8","111","180","0"
"elasticsearch","e2f87b0c5295935d5f0b6c4c9350f30a01650b80","core/src/test/java/org/elasticsearch/index/mapper/multifield/MultiFieldTests.java","12","0","3","9","437","546","1"
"elasticsearch","ba755a554f98e724810c0be5a2bbf6d45ab3e623","core/src/test/java/org/elasticsearch/index/mapper/multifield/MultiFieldTests.java","12","0","3","9","448","557","2"
"mcMMO","857e12b96edf68bc2e2fdbdf72659ce82612bda1","src/main/java/com/gmail/nossr50/util/Misc.java","12","0","3","9","82","130","0"
"Android-Universal-Image-Loader","d810a95ef04e128ba234c8c99a51fc07290f371a","library/src/com/nostra13/universalimageloader/utils/StorageUtils.java","12","0","4","0","56","111","1"
"BroadleafCommerce","4c0a8b2c4bddabc4e97467c8022161826c630c8c","admin/broadleaf-open-admin-platform/src/main/java/org/broadleafcommerce/openadmin/web/form/entity/EntityFormValidator.java","12","0","4","0","56","137","0"
"BroadleafCommerce","a0b4fcff57a8213f875366ebbdebe2fcba6ed2e7","admin/broadleaf-open-admin-platform/src/main/java/org/broadleafcommerce/openadmin/web/form/entity/EntityFormValidator.java","12","0","4","0","56","137","0"
"BroadleafCommerce","f00d993011d65c4824f0a58364a8e2c55ed60cd9","admin/broadleaf-open-admin-platform/src/main/java/org/broadleafcommerce/openadmin/web/form/entity/EntityFormValidator.java","12","0","4","0","56","137","0"
"BroadleafCommerce","dbd58b9d1efd79a6183c776a8532b06177e8d529","admin/broadleaf-open-admin-platform/src/main/java/org/broadleafcommerce/openadmin/web/form/entity/EntityFormValidator.java","12","0","4","0","56","137","1"
"Android-Universal-Image-Loader","06f7fd069983eb75be78fc2eaa91335964e58b88","UniversalImageLoader/src/com/nostra13/universalimageloader/utils/StorageUtils.java","12","0","4","0","58","102","0"
"elasticsearch","78574d248cf10dad1c5a566fda79e1e0c94afe43","core/src/main/java/org/apache/lucene/search/suggest/analyzing/XFuzzySuggester.java","12","0","4","1","109","268","1"
"elasticsearch","e6aaaf11ed4a1b8f595f920de1840938eddb7a97","core/src/main/java/org/apache/lucene/search/suggest/analyzing/XFuzzySuggester.java","12","0","4","1","109","268","1"
"elasticsearch","a60b8948ba1d836a6eac7cff095519e618939ed8","core/src/main/java/org/apache/lucene/search/suggest/analyzing/XFuzzySuggester.java","12","0","4","1","109","268","0"
"oryx","481ec44fd6a5d511ef42eddf47334a725d3a540c","app/oryx-app-mllib/src/main/java/com/cloudera/oryx/app/batch/mllib/kmeans/KMeansUpdate.java","12","0","4","1","182","257","0"
"oryx","eff199ff1f6cad1b4ff13829dfb29ff4884d4c31","app/oryx-app-mllib/src/main/java/com/cloudera/oryx/app/batch/mllib/kmeans/KMeansUpdate.java","12","0","4","1","183","258","0"
"antlr4","9ef75603ce1edf335c198a6299fd86cdd8f48fcb","runtime/Java/src/org/antlr/v4/runtime/CommonTokenStream.java","12","0","4","1","52","121","1"
"BroadleafCommerce","5b09b4a967e09ddd0514b81ef8c1c8993c65a4d1","common/src/main/java/org/broadleafcommerce/common/web/resource/BroadleafContextUtil.java","12","0","4","1","87","162","0"
"elasticsearch","fed6b7246047cdbfd376c179b6b15c62d9cdf2a1","core/src/test/java/org/elasticsearch/index/query/HasChildQueryBuilderTests.java","12","0","4","11","313","388","1"
"elasticsearch","876caba615d2fad5218fe6ef7026fb9239fe9d11","src/main/java/org/elasticsearch/action/admin/indices/analyze/AnalyzeRequest.java","12","0","4","14","130","199","0"
"elasticsearch","238efe505b6a511e324073d4ecfd7c6ec675a618","src/test/java/org/elasticsearch/index/query/SimpleIndexQueryParserTests.java","12","0","4","160","2035","2337","0"
"hazelcast","86b064ba3f1e467e74e95d6da24b03122065ce36","hazelcast/src/main/java/com/hazelcast/internal/diagnostics/Diagnostics.java","12","0","4","3","136","257","2"
"elasticsearch","046abdc281c321cd2128ee7684c0edfcaca07203","core/src/test/java/org/elasticsearch/search/suggest/AbstractSuggestionBuilderTestCase.java","12","0","4","3","161","232","2"
"elasticsearch","22e63b478306fb3cab6ba8967db6e1f2b73cdfd8","core/src/test/java/org/elasticsearch/search/suggest/AbstractSuggestionBuilderTestCase.java","12","0","4","3","161","232","1"
"elasticsearch","e74d02138f02a66331b2611b5e70a908bb49cb97","core/src/test/java/org/elasticsearch/search/suggest/AbstractSuggestionBuilderTestCase.java","12","0","4","3","161","232","0"
"netty","530750d60669156d508041e3c99ce95111b7e81d","codec-dns/src/main/java/io/netty/handler/codec/dns/DnsEntry.java","12","0","4","3","98","378","1"
"netty","e6ca9882a107c34cf6358c8d7a68561025f06016","codec-http/src/main/java/io/netty/handler/codec/http/HttpMethod.java","12","0","4","4","100","206","1"
"netty","9125060752f5124949e55a6868647c75f88cdb01","handler/src/main/java/io/netty/handler/ssl/JdkSslServerContext.java","12","0","4","4","101","177","0"
"elasticsearch","94087b3274c1f4c98c100886e4ad9aefd32c4582","core/src/main/java/org/elasticsearch/search/SearchModule.java","12","0","4","5","678","774","0"
"elasticsearch","cdd13253deee8c4f0cafe5a048161e4efb9ffce7","core/src/main/java/org/elasticsearch/index/query/FuzzyQueryBuilder.java","12","0","4","6","81","138","0"
"elasticsearch","d2765a2e26ba2c3d783632b055a636cdfbb35b5c","src/main/java/org/elasticsearch/index/query/FuzzyQueryBuilder.java","12","0","4","6","81","140","0"
"elasticsearch","f39d4e1f8985726446958f2ac62a10da0defc0c8","src/main/java/org/elasticsearch/common/util/UnsafeUtils.java","12","0","5","0","95","146","1"
"hazelcast","2b1ac3a1e5f6e8de60a0e99a7330280a59e76a8a","hazelcast/src/test/java/com/hazelcast/multimap/MultiMapTest.java","12","0","5","16","408","540","1"
"titan","7181d969d170523ab94e96f8b9c53713a76ef0ad","titan-test/src/main/java/com/thinkaurelius/titan/graphdb/TitanEventualGraphTest.java","12","0","5","3","263","353","1"
"BroadleafCommerce","d2254cf438ab766ee82e5a464c83c8d618cb170e","core/broadleaf-framework/src/main/java/org/broadleafcommerce/core/offer/domain/OfferRuleImpl.java","12","0","5","3","99","151","0"
"elasticsearch","e1efd5f6baf8dec1c23c79b346b8a29f234a98bb","core/src/main/java/org/elasticsearch/monitor/os/OsProbe.java","12","0","5","4","107","167","0"
"elasticsearch","1f04182b8164ffb19f3805c48d67f0375262b317","core/src/main/java/org/elasticsearch/monitor/os/OsProbe.java","12","0","5","4","109","169","0"
"elasticsearch","2a844fc457a38650de3aa13ec07e4e8904646e6b","src/main/java/org/elasticsearch/search/aggregations/bucket/DeferringBucketCollector.java","12","0","5","4","171","237","0"
"BroadleafCommerce","4ffedd5759b771ac46662f9479cdcfe574448c43","common/src/main/java/org/broadleafcommerce/common/currency/util/BroadleafCurrencyUtils.java","12","0","5","4","74","143","1"
"BroadleafCommerce","844767fcd4198a37cd5f1415a465ef9d8c32995e","common/src/main/java/org/broadleafcommerce/common/currency/util/BroadleafCurrencyUtils.java","12","0","5","4","75","144","0"
"elasticsearch","5a64f08f048461a63a0ca1354a5050c954e63d52","core/src/main/java/org/elasticsearch/indices/IndicesWarmer.java","12","0","5","6","88","132","0"
"elasticsearch","0a69f1e283e26e5d9e6a000b68b9f4778de557a1","core/src/main/java/org/elasticsearch/indices/IndicesWarmer.java","12","0","5","6","90","135","2"
"elasticsearch","887fbb63872989e3c6bde7f67770a23a90b15247","core/src/main/java/org/elasticsearch/common/transport/TransportAddress.java","12","0","5","6","90","149","2"
"elasticsearch","718257790435cb31d110010b72b750821b9e0df8","core/src/main/java/org/elasticsearch/rest/BytesRestResponse.java","12","0","5","7","124","187","0"
"elasticsearch","149ef74b26bb33d3a1d3c1c45c481a01345cd764","core/src/main/java/org/elasticsearch/search/SearchModule.java","12","0","5","8","679","778","0"
"elasticsearch","b1cef5fdf8e1f8e9982a4724986b2731ca4d522b","core/src/main/java/org/elasticsearch/search/SearchModule.java","12","0","5","8","701","800","1"
"hazelcast","4e5ee0b7ce47bc6549852d65f60e4f72da388509","hazelcast-client/src/main/java/com/hazelcast/client/config/ClientConfig.java","12","0","53","10","323","728","0"
"hazelcast","07c225fdc9369c9e20abb2e86eab2f11b6482bef","hazelcast-client/src/main/java/com/hazelcast/client/config/ClientConfig.java","12","0","55","12","339","763","2"
"elasticsearch","6b23ee80404ea8cb143abd776968854e263275b9","core/src/main/java/org/elasticsearch/search/aggregations/bucket/adjacency/AdjacencyMatrixAggregationBuilder.java","12","0","6","3","149","235","2"
"elasticsearch","c8ca015c0bd28caf4fd84862679afc63a9e7d2ac","core/src/main/java/org/elasticsearch/search/aggregations/bucket/adjacency/AdjacencyMatrixAggregationBuilder.java","12","0","6","3","151","237","0"
"titan","56e64ff140b2219f9dd637d6241763c8c43aa45f","titan-test/src/main/java/com/thinkaurelius/titan/graphdb/TitanEventualGraphTest.java","12","0","6","3","293","391","0"
"netty","47a3783d6cb0c09ee6c78c2e461bcb58fe879387","src/main/java/org/jboss/netty/channel/local/LocalAddress.java","12","0","6","3","80","145","0"
"titan","ed88d7286080492045efafb45a69fa4cb6eeb94d","src/main/java/com/thinkaurelius/titan/graphdb/vertices/AbstractTitanVertex.java","12","0","6","38","218","319","0"
"titan","a1e70246868f0fc9e3e6e1bd454f2b0b13170c3b","src/main/java/com/thinkaurelius/titan/graphdb/vertices/AbstractTitanVertex.java","12","0","6","38","219","320","1"
"hazelcast","230e4c01bded87190d3a2600c4716b02aa169088","hazelcast/src/main/java/com/hazelcast/spi/impl/operationservice/impl/InvocationRegistry.java","12","0","6","5","115","199","0"
"BroadleafCommerce","d21d91854344e31754b66069933acf0b0de9c0c2","admin/broadleaf-open-admin-platform/src/main/java/org/broadleafcommerce/openadmin/web/form/entity/Field.java","12","0","6","58","243","353","0"
"antlr4","8d9c7d280151916826db9f953d6b49e0c4eb1f00","runtime/Java/src/org/antlr/v4/runtime/dfa/DFA.java","12","0","6","6","104","231","0"
"elasticsearch","2ccc223ff761043807683f34b29c693af6c94d95","core/src/main/java/org/elasticsearch/common/transport/TransportAddress.java","12","0","6","6","94","159","0"
"elasticsearch","429e517476d95e50ecb9d73d58e5013bd2158e7d","core/src/main/java/org/elasticsearch/common/transport/TransportAddress.java","12","0","6","6","94","159","0"
"elasticsearch","0189a65e6bfc623813c6c088d19a0509fbeb64da","core/src/main/java/org/elasticsearch/common/transport/TransportAddress.java","12","0","6","6","94","159","1"
"elasticsearch","0ee889fd8b263cd4117708491c2687dff8d8b743","src/main/java/org/elasticsearch/index/fielddata/plain/ParentChildIndexFieldData.java","12","0","6","8","173","252","1"
"elasticsearch","a48254a04b879ed4a200d9d76dafe9dd85004f06","src/main/java/org/elasticsearch/index/fielddata/plain/ParentChildIndexFieldData.java","12","0","6","8","178","257","0"
"oryx","6024e00dd45bf69a5dddbb1243fe0518e7e41efe","framework/oryx-common/src/main/java/com/cloudera/oryx/common/math/VectorMath.java","12","0","7","0","65","120","0"
"oryx","fc360fa3282bc438b5a71d6d7c6e2f585e824614","oryx-common/src/main/java/com/cloudera/oryx/common/math/VectorMath.java","12","0","7","0","65","123","0"
"elasticsearch","4a6f3c78408c316d9f6f212d2664adda13c54a44","core/src/test/java/org/elasticsearch/cluster/routing/UnassignedInfoTests.java","12","0","7","11","283","366","1"
"elasticsearch","6e566cdf6cab837bdbdb5300ca85038fba1488c1","core/src/test/java/org/elasticsearch/cluster/routing/UnassignedInfoTests.java","12","0","7","11","295","378","1"
"ceylon-ide-eclipse","30b484af1265b5a74a73e0e4a43b2068c02e71cb","plugins/com.redhat.ceylon.eclipse.ui/src/com/redhat/ceylon/eclipse/core/debug/preferences/CeylonDebugOptionsManager.java","12","0","7","2","103","183","1"
"netty","bc1379d19dcf59626ef8d5b431830a189957e3bd","handler/src/main/java/io/netty/handler/traffic/GlobalTrafficShapingHandler.java","12","0","7","2","116","240","0"
"netty","58c14418a093c60cbe37533538f5079687d77267","handler/src/main/java/io/netty/handler/traffic/GlobalTrafficShapingHandler.java","12","0","7","2","118","242","2"
"elasticsearch","3136ed1490e41b4c82b8ee05ff2d224e113ef1b8","core/src/main/java/org/elasticsearch/common/io/Streams.java","12","0","7","6","141","240","1"
"oryx","7c58de5127a8e8de7310b610e3fbdc486234e6ed","framework/kafka-util/src/main/java/com/cloudera/oryx/kafka/util/KafkaUtils.java","12","0","8","0","218","346","0"
"netty","62446827df079c8fc57d5c5dea915bca476eeb61","src/main/java/io/netty/bootstrap/ConnectionlessBootstrap.java","12","0","8","0","96","319","0"
"elasticsearch","db04649271ecc1c81e33d3a0d5fb039644acf687","modules/test/integration/src/test/java/org/elasticsearch/test/stress/search1/ParentChildStressTest.java","12","0","8","2","132","237","0"
"BroadleafCommerce","9ec69e93fc7dd021d7b46854fae9cba2851b3f6e","common/src/main/java/org/broadleafcommerce/common/util/dao/TypedQueryBuilder.java","12","0","8","3","100","204","0"
"BroadleafCommerce","f04d236c59506e51e247f7fcc69cd9586e2c3c8e","common/src/main/java/org/broadleafcommerce/common/util/dao/TypedQueryBuilder.java","12","0","8","3","100","204","0"
"BroadleafCommerce","db025684a739bf823040368df958fbd433642a5e","common/src/main/java/org/broadleafcommerce/common/util/dao/TypedQueryBuilder.java","12","0","8","3","100","204","1"
"elasticsearch","30ab8739a6e11ea7d5f25a62e290932d5f2d740f","core/src/main/java/org/elasticsearch/common/io/Streams.java","12","0","8","6","177","295","0"
"netty","ef13d19b8b5d876463d4365b76d3046410a7811a","codec-http/src/test/java/io/netty/handler/codec/http/multipart/HttpPostRequestDecoderTest.java","12","0","8","6","381","496","0"
"elasticsearch","4ebbb657d853895b543a42451ee84975ddf8e925","src/main/java/org/elasticsearch/indices/recovery/RecoveryStatus.java","12","0","9","12","191","294","1"
"netty","fc1429c00c6a365e37363091a3ee14291bb8f010","handler/src/main/java/io/netty/handler/stream/ChunkedNioFile.java","12","0","9","3","100","176","1"
"netty","ca29be5e77ef7999b2707cf5d4f32d5e306d568b","handler/src/main/java/io/netty/handler/stream/ChunkedNioFile.java","12","0","9","5","108","186","0"
"netty","2d7e957a2388e660af8350342437e29271636a23","transport-sctp/src/main/java/io/netty/channel/sctp/SctpMessage.java","12","0","9","9","126","206","1"
"hazelcast","1c52b3168b2cb32e5b01cf28812512ae01cf5b94","hazelcast/src/main/java/com/hazelcast/spi/impl/BasicOperationService.java","120","0","0","0","884","1128","2"
"elasticsearch","b3819e7f308f7cc6017d4473c2b0817f2efc2b7c","client/rest-high-level/src/test/java/org/elasticsearch/client/RequestTests.java","120","0","0","21","830","946","0"
"elasticsearch","046abdc281c321cd2128ee7684c0edfcaca07203","core/src/test/java/org/elasticsearch/index/store/StoreTests.java","120","0","0","25","1000","1141","3"
"elasticsearch","1863ab95f862294db7d105717656bd6452eef9d9","core/src/test/java/org/elasticsearch/index/store/StoreTests.java","120","0","0","25","1000","1141","1"
"elasticsearch","22e63b478306fb3cab6ba8967db6e1f2b73cdfd8","core/src/test/java/org/elasticsearch/index/store/StoreTests.java","120","0","0","25","1000","1141","2"
"elasticsearch","d2f25416e4a14812d0961ddce0da73bee0b68b27","core/src/test/java/org/elasticsearch/index/store/StoreTests.java","120","0","0","25","1000","1141","1"
"elasticsearch","cb0824e957dcb7a20e8450f97283874eb61b9abe","core/src/test/java/org/elasticsearch/index/store/StoreTests.java","120","0","0","25","1000","1141","0"
"elasticsearch","e74d02138f02a66331b2611b5e70a908bb49cb97","core/src/test/java/org/elasticsearch/index/store/StoreTests.java","120","0","0","25","989","1133","0"
"hazelcast","26c32bb80eb7d8a961a3fe97350b6cd647b68c05","hazelcast/src/main/java/com/hazelcast/partition/impl/PartitionStateGeneratorImpl.java","120","0","0","3","630","748","0"
"hazelcast","d167e488dc2c7fb399cf36028aa8ef314a983dd4","hazelcast/src/main/java/com/hazelcast/partition/impl/PartitionStateGeneratorImpl.java","120","0","0","3","641","768","0"
"netty","5bd3648b3d84343c7c58e3400a82e4dd0ddf6445","codec-http/src/main/java/io/netty/handler/codec/http/HttpMessageDecoder.java","120","0","1","1","552","769","0"
"elasticsearch","785436818027bf7451b9d2a9905472a3ecb14de5","core/src/main/java/org/elasticsearch/indices/cluster/IndicesClusterStateService.java","120","0","1","2","612","799","1"
"BroadleafCommerce","7a0a7c403c946be4bbd8ee1abdaa6699931ef834","core/broadleaf-framework/src/main/java/org/broadleafcommerce/core/order/service/OrderServiceImpl.java","120","0","1","50","784","968","1"
"elasticsearch","49439a09e2c1a69da0fdf034fe9dabf1cc83bf30","modules/elasticsearch/src/main/java/org/elasticsearch/index/gateway/blobstore/BlobStoreIndexShardGateway.java","120","0","1","8","662","839","0"
"elasticsearch","2bd09c4625898d77aa6c015c6f82cf973ed18cb7","core/src/main/java/org/elasticsearch/cluster/routing/allocation/allocator/BalancedShardsAllocator.java","120","0","10","12","704","1051","2"
"elasticsearch","17906ca7d615dc4c72cb5cc403f2d561dc1f2ff3","core/src/main/java/org/elasticsearch/cluster/metadata/MetaData.java","120","0","11","74","870","1126","1"
"mcMMO","a2cac82cba84f92e62c91207639c3c64b58f8738","src/main/java/com/gmail/nossr50/listeners/EntityListener.java","120","0","13","4","436","628","1"
"mcMMO","7b3869e385ed0bff576132482ea4eb926fc723fc","src/main/java/com/gmail/nossr50/listeners/EntityListener.java","120","0","13","4","439","630","1"
"mcMMO","30f7521a3ade7f1ded893e5e7819980c93297b33","src/main/java/com/gmail/nossr50/listeners/EntityListener.java","120","0","13","4","440","631","0"
"orientdb","0ac61215d1cea03bf29bb7affff516ae49e80888","distributed/src/main/java/com/orientechnologies/orient/server/hazelcast/OHazelcastPlugin.java","120","0","2","22","623","882","1"
"elasticsearch","31bf279ec7bdc96eced2b2509a75285ecd586314","core/src/main/java/org/elasticsearch/index/mapper/NumberFieldMapper.java","120","0","2","23","871","993","2"
"orientdb","f2c3273e9f37bffc0c99099735b1a09364360430","core/src/main/java/com/orientechnologies/orient/core/storage/impl/local/paginated/OPaginatedCluster.java","120","0","2","44","1451","1767","0"
"elasticsearch","13c5881f3ec697f53ec44449c66df8f39323d513","core/src/main/java/org/elasticsearch/common/io/stream/StreamInput.java","120","0","24","35","690","913","1"
"elasticsearch","addf3bb52d4360456762adb899f77aaf46db041c","core/src/main/java/org/elasticsearch/index/query/MoreLikeThisQueryBuilder.java","120","0","24","43","787","1045","1"
"elasticsearch","d8f16178d3f21b4f9d17da12e7aa61613fc2c27a","src/main/java/org/elasticsearch/index/store/Store.java","120","0","30","31","892","1308","1"
"elasticsearch","a6510f924520d8cdda2636ac85a1a1e43f6dfb8c","src/main/java/org/elasticsearch/index/store/Store.java","120","0","30","31","893","1309","0"
"antlr4","b4a53d56d4324739e823344237c4d7fdf6cac90c","tool/src/org/antlr/v4/tool/Grammar.java","120","0","33","38","731","1142","1"
"antlr4","bb389782da9fe9a9a1c56c31a5af4f61c39c31fb","tool/src/org/antlr/v4/tool/Grammar.java","120","0","33","38","732","1143","0"
"hazelcast","b0ae186774c86c05b8b598b8386daefb11a58e9d","hazelcast/src/test/java/com/hazelcast/map/QueryTest.java","120","0","5","53","1395","1543","0"
"elasticsearch","e8519084c98bc91897445bb0a188dc0e1cbaabcd","src/main/java/org/elasticsearch/index/shard/service/InternalIndexShard.java","120","0","5","63","873","1050","1"
"elasticsearch","32b2caad421cbd7f54b615f832c15b7575ad51d9","core/src/main/java/org/elasticsearch/common/settings/Settings.java","120","0","59","11","845","1323","0"
"elasticsearch","46f1e30fa9397763fa22dd11c59d198e94ac37c2","src/main/java/org/elasticsearch/index/shard/service/InternalIndexShard.java","120","0","6","62","879","1060","1"
"elasticsearch","9ca5e6e3e12cf4f13eb6ed0140d9073ba89c61c9","src/main/java/org/elasticsearch/index/shard/service/InternalIndexShard.java","120","0","6","62","880","1061","2"
"mcMMO","7b5372a985ffd88cff25b30ff6f33dc28f77df16","src/main/java/com/gmail/nossr50/util/skills/CombatUtils.java","120","0","7","3","409","631","1"
"mcMMO","1647ef4fae54177ed24f2dc4c4bae9d1a266fc97","src/main/java/com/gmail/nossr50/util/skills/CombatUtils.java","120","0","7","3","421","601","2"
"titan","8c51ee9c15b656fa51de53de4f4cc29444132a4a","titan-core/src/main/java/com/thinkaurelius/titan/graphdb/transaction/StandardTitanTx.java","120","0","7","30","704","844","3"
"mcMMO","73d0b377ae26650b10200edb351985cb4203398f","src/main/java/com/gmail/nossr50/util/skills/CombatUtils.java","120","0","9","3","401","622","2"
"mcMMO","df29306a1f9b6c31cae2c827412a97042a491f29","src/main/java/com/gmail/nossr50/util/skills/CombatUtils.java","120","0","9","3","406","629","2"
"netty","36c6a61d33c480798511723486459f4eea04cb47","resolver-dns/src/main/java/io/netty/resolver/dns/DnsNameResolverContext.java","121","0","0","0","648","858","1"
"mcMMO","2c7730b47876c476b3c0c8feefb5b75e958aa2c9","src/main/java/com/gmail/nossr50/listeners/mcBlockListener.java","121","0","0","6","343","463","1"
"netty","af4b71a00e30faf86ef1c2365e965e8f04f65bee","codec-http/src/main/java/io/netty/handler/codec/http/HttpObjectDecoder.java","121","0","1","0","576","788","0"
"netty","b4fb6a49ee4b30f78a066fd3d5ff33fbffb9c9df","codec-http/src/main/java/io/netty/handler/codec/http/HttpMessageDecoder.java","121","0","1","1","564","790","1"
"elasticsearch","1a67793a4b47eff3671d305383aa22099676909a","src/main/java/org/elasticsearch/index/gateway/blobstore/BlobStoreIndexShardGateway.java","121","0","1","10","697","882","0"
"orientdb","0eb6da9f8ce4b53844c8adb7f87c5cb31d66939b","core/src/main/java/com/orientechnologies/orient/core/tx/OTransactionOptimistic.java","121","0","1","19","486","651","0"
"hazelcast","2c81092eb6e16c06a424d7f692cb8b5bacc736d2","hazelcast/src/main/java/com/hazelcast/map/DefaultRecordStore.java","121","0","1","50","837","966","0"
"elasticsearch","3240cc81452ac855f0a960e5d34b3a96e7fb23b9","src/main/java/org/elasticsearch/cluster/routing/allocation/allocator/BalancedShardsAllocator.java","121","0","14","10","729","1084","1"
"elasticsearch","3158776438f6e77641b1a10ae5e275b19219c546","src/main/java/org/elasticsearch/cluster/routing/allocation/allocator/BalancedShardsAllocator.java","121","0","14","10","735","1094","0"
"elasticsearch","2e445d3ede953c90e4e1ce69e5f53192115b9dd7","core/src/main/java/org/elasticsearch/search/SearchService.java","121","0","2","11","958","1130","5"
"elasticsearch","7e53123f1f5539b2466bb9e3666114cb5a613441","core/src/test/java/org/elasticsearch/index/translog/TranslogTests.java","121","0","3","28","1083","1286","0"
"elasticsearch","b987615f5e96cb6f568e025a449d1f4d7e5402df","src/main/java/org/elasticsearch/snapshots/SnapshotsService.java","121","0","30","5","836","1281","0"
"elasticsearch","6941966b1654106ed9249cd01c32bfa2e06b452f","core/src/main/java/org/elasticsearch/index/store/Store.java","121","0","31","24","990","1431","0"
"elasticsearch","34703a838d71c32e3bf944e95c09120dd443b075","core/src/main/java/org/elasticsearch/index/translog/Translog.java","121","0","31","63","1086","1451","0"
"elasticsearch","371c73e14023917f3892090d2d3d7ff9ac1216b9","core/src/main/java/org/elasticsearch/index/store/Store.java","121","0","32","22","984","1425","4"
"elasticsearch","82278bb7bceedd6ce3c9804161ac9a737b9479b4","src/main/java/org/elasticsearch/discovery/zen/ZenDiscovery.java","121","0","4","9","1020","1367","1"
"orientdb","dc025634bd8133bb14ce499efe6078c88ed5ad7c","core/src/main/java/com/orientechnologies/orient/core/index/OIndexAbstract.java","121","0","6","51","900","1166","0"
"orientdb","8ef80aad48427dc14125f486b8e25c083f6afed5","core/src/main/java/com/orientechnologies/orient/core/index/OIndexAbstract.java","121","0","6","51","901","1162","1"
"elasticsearch","01ca81e2a37c9cd38c6dc44ae567d427c059dbe0","src/main/java/org/elasticsearch/index/shard/service/InternalIndexShard.java","121","0","6","62","884","1065","1"
"elasticsearch","1557c34f2cafa3233b085f814d0e445b083a9644","src/main/java/org/elasticsearch/index/shard/service/InternalIndexShard.java","121","0","6","64","899","1088","2"
"elasticsearch","517caa0c6fab28a0a3fe23f1e12974a6b5435f68","src/main/java/org/elasticsearch/index/shard/service/InternalIndexShard.java","121","0","6","64","900","1083","2"
"elasticsearch","24bc8d331eb28a686233573bdcaf9cadd9a6dc5b","src/main/java/org/elasticsearch/index/shard/service/InternalIndexShard.java","121","0","6","64","900","1089","1"
"titan","e871add0cbdfdc52cf5475b2f62019fb3a35016a","titan-core/src/main/java/com/thinkaurelius/titan/graphdb/transaction/StandardTitanTx.java","121","0","7","31","708","849","2"
"elasticsearch","262ea9534f23761c05570996674932a506259890","core/src/main/java/org/elasticsearch/index/mapper/RangeFieldMapper.java","121","0","7","39","874","990","0"
"mcMMO","14daee3b1bd105a998a4c15b737661e4278705e0","src/main/java/com/gmail/nossr50/util/skills/CombatUtils.java","121","0","9","3","402","623","2"
"mcMMO","58c7dcb70501cb7b9f379c7434ecb83b593a4dd6","src/main/java/com/gmail/nossr50/util/skills/CombatUtils.java","121","0","9","5","420","647","1"
"netty","2adebc4c54ae98565db8e2a3c02b2ffaa0c101fe","transport/src/main/java/io/netty/channel/DefaultChannelHandlerContext.java","122","0","0","0","874","1089","1"
"hazelcast","23dc01609c7220e3e9784fb94eef7520d17b763b","hazelcast/src/main/java/com/hazelcast/spi/impl/BasicOperationService.java","122","0","0","0","876","1132","2"
"hazelcast","3d9a33cb61311dab49fe5d9aeb7bf379976ccf7d","hazelcast/src/main/java/com/hazelcast/spi/impl/BasicOperationService.java","122","0","0","0","895","1140","1"
"elasticsearch","371c73e14023917f3892090d2d3d7ff9ac1216b9","core/src/main/java/org/elasticsearch/rest/action/cat/RestIndicesAction.java","122","0","0","3","347","513","3"
"elasticsearch","78574d248cf10dad1c5a566fda79e1e0c94afe43","core/src/main/java/org/elasticsearch/rest/action/cat/RestIndicesAction.java","122","0","0","3","347","513","2"
"elasticsearch","e6aaaf11ed4a1b8f595f920de1840938eddb7a97","core/src/main/java/org/elasticsearch/rest/action/cat/RestIndicesAction.java","122","0","0","3","347","513","2"
"elasticsearch","a60b8948ba1d836a6eac7cff095519e618939ed8","core/src/main/java/org/elasticsearch/rest/action/cat/RestIndicesAction.java","122","0","0","3","347","513","0"
"netty","c3034c896489f76b95ae4517b8f3d86e75e46215","buffer/src/main/java/io/netty/buffer/DefaultCompositeByteBuf.java","122","0","1","103","1211","1465","0"
"MapDB","603a43707eb87f825c9d3ba5e13444a014783b85","src/main/java/org/mapdb/StoreDirect.java","122","0","1","25","721","1085","0"
"orientdb","b97c50204858b46f2af98c48a331a456120008b9","core/src/main/java/com/orientechnologies/orient/core/storage/impl/local/paginated/OPaginatedCluster.java","122","0","1","42","1421","1731","0"
"orientdb","8baec26b49efeffdba1d1c5d07b841612e6253c2","core/src/main/java/com/orientechnologies/orient/core/storage/impl/local/paginated/OPaginatedCluster.java","122","0","1","42","1422","1730","0"
"orientdb","d32e56c226987897e3d464c862290d1e8360c977","core/src/main/java/com/orientechnologies/orient/core/storage/impl/local/paginated/OPaginatedCluster.java","122","0","1","43","1427","1736","0"
"elasticsearch","4ff1b429f1351c17ae5f3a4338a7ac33db49ef70","modules/elasticsearch/src/main/java/org/elasticsearch/index/gateway/blobstore/BlobStoreIndexShardGateway.java","122","0","1","8","667","847","0"
"netty","88a52f73671dd91630b2bc0da0ae8fbc910d763b","codec-http2/src/main/java/io/netty/handler/codec/http2/DefaultHttp2Connection.java","122","0","2","16","892","1220","0"
"orientdb","6c332f89b82cb8a446f742cafa793559b2eaade9","distributed/src/main/java/com/orientechnologies/orient/server/hazelcast/OHazelcastPlugin.java","122","0","2","22","630","897","0"
"orientdb","e3722c93acb0043484134008246d39da32bd92a0","core/src/main/java/com/orientechnologies/orient/core/storage/impl/local/paginated/OPaginatedCluster.java","122","0","2","44","1456","1782","0"
"orientdb","2ee3b61558840a5368bca7909740f1b6b1cce1b3","core/src/main/java/com/orientechnologies/orient/core/storage/impl/local/paginated/OPaginatedCluster.java","122","0","2","44","1459","1778","2"
"elasticsearch","79f676e45ec7205dbfc06d50814672bb3fd40d8c","src/main/java/org/elasticsearch/index/mapper/core/AbstractFieldMapper.java","122","0","2","62","628","767","1"
"elasticsearch","68046b64c26384a53e65a4afae5987ebb3e87c9d","src/test/java/org/elasticsearch/test/ElasticsearchIntegrationTest.java","122","0","25","12","974","1513","6"
"elasticsearch","eecbf8a559b8bece2e2477d93e35649b5f87b9ee","src/test/java/org/elasticsearch/test/InternalTestCluster.java","122","0","48","20","1114","1528","3"
"elasticsearch","fcf4d5a38de733eade12c4af4388aa946bbe5235","src/test/java/org/elasticsearch/test/InternalTestCluster.java","122","0","48","21","1114","1528","2"
"elasticsearch","b865047125648cd571e40b165357fbb0b2f7a51f","src/main/java/org/elasticsearch/index/shard/service/InternalIndexShard.java","122","0","5","61","865","1040","0"
"orientdb","9044dd0caf9bcc3f63a7ba028c7d8ddef92ddb2f","core/src/main/java/com/orientechnologies/orient/core/index/OIndexAbstract.java","122","0","6","51","903","1164","0"
"mcMMO","71ab6789450528b70a2cbb51ce7fa0cae8c65565","src/main/java/com/gmail/nossr50/util/skills/CombatUtils.java","122","0","9","3","405","627","1"
"mcMMO","44626c36a9fa09e074d9795ec71f8fb99d9be31c","src/main/java/com/gmail/nossr50/util/skills/CombatUtils.java","122","0","9","3","410","634","2"
"hazelcast","843fc3142b52bceab0097295f526b70d0bf647e1","hazelcast/src/main/java/com/hazelcast/map/impl/proxy/MapProxySupport.java","123","0","0","0","1081","1248","0"
"hazelcast","931b9fb601ee425dffc36907ec4747307a5b89ba","hazelcast/src/main/java/com/hazelcast/map/impl/proxy/MapProxySupport.java","123","0","0","0","1086","1256","3"
"hazelcast","56026b9c99ece2ca2746ed3c8c5df1da88a050a8","hazelcast/src/main/java/com/hazelcast/map/impl/proxy/MapProxySupport.java","123","0","0","0","1086","1258","2"
"netty","08646afc1ef078407cd97d2d0e86c08a7b179277","resolver-dns/src/main/java/io/netty/resolver/dns/DnsNameResolverContext.java","123","0","0","0","653","862","0"
"netty","6cd086050f0af1c81f8155472cd4160e7a185718","resolver-dns/src/main/java/io/netty/resolver/dns/DnsNameResolverContext.java","123","0","0","0","712","924","0"
"netty","5934ae8fd28b2a7b2b9eb892c2192428c2a113d1","resolver-dns/src/main/java/io/netty/resolver/dns/DnsNameResolverContext.java","123","0","0","0","716","926","1"
"BroadleafCommerce","bd64f57e1f7497a3a77f52a402613d4ed6849b02","admin/broadleaf-open-admin-platform/src/main/java/org/broadleafcommerce/openadmin/server/service/persistence/PersistenceManagerImpl.java","123","0","0","29","649","801","1"
"netty","78d8f05c218cab107255c4dc1a1344aef138d379","codec-http/src/main/java/io/netty/handler/codec/http/HttpObjectDecoder.java","123","0","1","0","596","824","0"
"BroadleafCommerce","4e8a1666203251ee7deb9d5d375e43fc06a0dfd2","admin/broadleaf-open-admin-platform/src/main/java/org/broadleafcommerce/openadmin/web/rulebuilder/DataDTOToMVELTranslator.java","123","0","1","2","572","624","1"
"elasticsearch","4a0b010d02557076c3f818be5e0e5cc3f32b7001","modules/elasticsearch/src/main/java/org/elasticsearch/indices/cluster/IndicesClusterStateService.java","123","0","1","2","596","734","0"
"elasticsearch","d25c939b9795a5a857eef4f41a3a59bb268ce6e4","modules/elasticsearch/src/main/java/org/elasticsearch/indices/cluster/IndicesClusterStateService.java","123","0","1","2","596","736","0"
"antlr4","815a1ad02570de6f567dbb3ac40ad9968d3d88b4","runtime/Java/src/org/antlr/v4/runtime/atn/ATNDeserializer.java","123","0","1","3","504","729","0"
"mcMMO","a9488bc18b653daf29e0e7538cc6c6c5e6621f1a","src/main/java/com/gmail/nossr50/listeners/EntityListener.java","123","0","13","4","453","646","1"
"elasticsearch","2602439a51f109e059123b232ec60c9d816c60dd","core/src/test/java/org/elasticsearch/index/translog/TranslogTests.java","123","0","2","30","1084","1283","1"
"elasticsearch","7742c1e181104207c2adc3f7dc40276113698350","core/src/test/java/org/elasticsearch/index/translog/TranslogTests.java","123","0","2","30","1084","1283","1"
"elasticsearch","e363e0c2aafa7e45f32e27e2f47b9dda3aa7e2bb","core/src/test/java/org/elasticsearch/index/translog/TranslogTests.java","123","0","2","30","1084","1283","0"
"elasticsearch","55099df1cb7f09e878a39f15592201c0f02cae4d","core/src/main/java/org/elasticsearch/common/io/stream/StreamInput.java","123","0","24","35","698","920","0"
"elasticsearch","2bd09c4625898d77aa6c015c6f82cf973ed18cb7","core/src/main/java/org/elasticsearch/index/query/MoreLikeThisQueryBuilder.java","123","0","24","43","800","1060","1"
"netty","5b46cf25c1c8db7c7e4d31c4b39a68a90217e86e","buffer/src/main/java/io/netty/buffer/ByteBufUtil.java","123","0","34","0","786","1202","1"
"elasticsearch","9192219f13a38ec8b9ec67192ba0b8797c45cf82","src/main/java/org/elasticsearch/discovery/zen/ZenDiscovery.java","123","0","4","9","1024","1371","0"
"elasticsearch","4598c36027e883a8ace95a357d9863f96340d00d","core/src/main/java/org/elasticsearch/transport/TcpTransport.java","123","0","6","33","1002","1352","1"
"elasticsearch","bd574d92aed0566f0809b78321cd24add59fba59","core/src/main/java/org/elasticsearch/transport/TcpTransport.java","123","0","6","33","1002","1360","0"
"elasticsearch","70100821123f53653417f7752f26d442b4fdafb3","core/src/main/java/org/elasticsearch/transport/TcpTransport.java","123","0","6","33","1003","1361","2"
"elasticsearch","087a931cb2ecbae34c4fc87924400c9b6bbd8a41","core/src/main/java/org/elasticsearch/transport/TcpTransport.java","123","0","6","33","1018","1372","2"
"mcMMO","976c3b84949c7f4b5f7c79691fd575afbcde4000","src/main/java/com/gmail/nossr50/util/skills/CombatUtils.java","123","0","7","4","432","616","2"
"hazelcast","3ee4647695cf740a6f01e39a9831c212eb363199","hazelcast/src/main/java/com/hazelcast/map/impl/proxy/MapProxySupport.java","124","0","0","0","1086","1254","3"
"hazelcast","7bf1edb5333c66ddaeed4a826dacd5ad6e694f16","hazelcast/src/main/java/com/hazelcast/map/impl/proxy/MapProxySupport.java","124","0","0","0","1086","1254","3"
"hazelcast","f504910a303080a39506d1f87e200c13ce4992e2","hazelcast/src/main/java/com/hazelcast/map/impl/proxy/MapProxySupport.java","124","0","0","0","1086","1254","4"
"hazelcast","dea17150577b61e26b66f3099ac9418ba91587f1","hazelcast/src/main/java/com/hazelcast/map/impl/proxy/MapProxySupport.java","124","0","0","0","1086","1254","0"
"hazelcast","217c507d7725e99aad3a544ca43bd57110eb4f17","hazelcast/src/main/java/com/hazelcast/map/impl/proxy/MapProxySupport.java","124","0","0","0","1091","1259","3"
"hazelcast","67c1acc62d93620bb3b37aea088192d2b45256cb","hazelcast/src/main/java/com/hazelcast/spi/impl/BasicOperationService.java","124","0","0","0","817","992","1"
"hazelcast","08c4c8d9c86d4c97a545f3f4a2d0486f078b344c","hazelcast/src/main/java/com/hazelcast/spi/impl/BasicOperationService.java","124","0","0","0","887","1144","1"
"hazelcast","ecaaec40f356936a3252c08a2bf6f4180fd3c81b","hazelcast-spring/src/main/java/com/hazelcast/spring/HazelcastConfigBeanDefinitionParser.java","124","0","0","1","569","651","0"
"ceylon-ide-eclipse","11ddfff434209f38e4b8e7499841853d93c947f2","plugins/com.redhat.ceylon.eclipse.ui/src/com/redhat/ceylon/eclipse/code/refactor/ChangeParametersRefactoring.java","124","0","0","19","799","883","0"
"elasticsearch","bf41ac8bf2590564c6f8f45226b7760ece75fbae","core/src/main/java/org/elasticsearch/rest/action/cat/RestIndicesAction.java","124","0","0","3","350","505","3"
"elasticsearch","dee34c916ca6b281df2b70b15052500dfa6710bf","core/src/main/java/org/elasticsearch/rest/action/cat/RestIndicesAction.java","124","0","0","3","351","519","0"
"ceylon-ide-eclipse","64a391fbabba6b9bc6b553abfa42466e0ca9673d","plugins/com.redhat.ceylon.eclipse.ui/src/com/redhat/ceylon/eclipse/code/correct/AddAnnotionProposal.java","124","0","0","6","743","791","0"
"hazelcast","5da39756a924fc9e2ed46c61fcadede40bb5efc7","hazelcast/src/main/java/com/hazelcast/impl/FactoryImpl.java","124","0","1","102","842","996","0"
"netty","bf046492fb41899a715b9b8e79bee1b6854e40ac","buffer/src/main/java/io/netty/buffer/DefaultCompositeByteBuf.java","124","0","1","103","1220","1474","0"
"netty","e8ea98017f1c1dd5c892e2580e7635608afce83a","buffer/src/main/java/io/netty/buffer/DefaultCompositeByteBuf.java","124","0","1","103","1221","1476","1"
"orientdb","c902353d86924562826c9114fd6a1242a65ada6d","core/src/main/java/com/orientechnologies/orient/core/storage/impl/local/paginated/wal/ODiskWriteAheadLog.java","124","0","1","34","836","1143","0"
"orientdb","202ca5e408bdf2c426b446e8369a915997e6b503","core/src/main/java/com/orientechnologies/orient/core/storage/impl/local/paginated/wal/ODiskWriteAheadLog.java","124","0","1","35","813","1087","1"
"hazelcast","6fae1989293aadf8cc25530e29ff3b243a52944d","hazelcast/src/main/java/com/hazelcast/map/DefaultRecordStore.java","124","0","1","50","848","978","0"
"orientdb","524730c27f3ffe74c80b433e579cb466f160c658","tests/src/test/java/com/orientechnologies/orient/test/database/auto/SQLSelectTest.java","124","0","1","86","1237","1686","1"
"orientdb","840037a8a38f0e2ab6a36fd56169dda235bdb3b3","tests/src/test/java/com/orientechnologies/orient/test/database/auto/SQLSelectTest.java","124","0","1","86","1240","1689","3"
"mcMMO","af64bdf7420aa6c95629e41a24c6bad6229b3709","src/main/java/com/gmail/nossr50/listeners/EntityListener.java","124","0","13","4","455","649","0"
"elasticsearch","2cc0382cf0160f8ef179b62cb4418853382a6901","core/src/main/java/org/elasticsearch/search/SearchService.java","124","0","2","13","983","1146","3"
"netty","3c5e677964f3bc1bc8588a60116b4c35b6225e72","codec-http2/src/main/java/io/netty/handler/codec/http2/DefaultHttp2Connection.java","124","0","2","16","926","1259","1"
"orientdb","15be73e05f08ea6e8fbbfb50e934cd5081197a42","core/src/main/java/com/orientechnologies/orient/core/storage/impl/local/paginated/OPaginatedCluster.java","124","0","2","44","1458","1784","0"
"orientdb","731545a32e96d61ede50300ab6b8dd1166de7431","core/src/main/java/com/orientechnologies/orient/core/storage/cache/local/twoq/O2QCache.java","124","0","3","25","967","1285","1"
"orientdb","3e8de448de3e38bf97017f99a20fd7d911a0d4a4","core/src/main/java/com/orientechnologies/orient/core/sql/parser/OExpression.java","124","0","4","37","442","564","0"
"elasticsearch","154e9d90cdc0e21c62bc1895529ca1605947c972","src/main/java/org/elasticsearch/discovery/zen/ZenDiscovery.java","124","0","4","9","1028","1375","1"
"elasticsearch","6cdde31e649689e0cb23e635f24ed31dbe90b16b","src/main/java/org/elasticsearch/discovery/zen/ZenDiscovery.java","124","0","4","9","1028","1375","1"
"elasticsearch","8f146f9ab0e15c3074b1dc0064f4115cc700aaa9","src/main/java/org/elasticsearch/discovery/zen/ZenDiscovery.java","124","0","4","9","1028","1375","0"
"elasticsearch","b49635539d929d6cb5ee56153e2f95872fe4bb16","modules/lang-painless/src/main/java/org/elasticsearch/painless/Definition.java","124","0","5","18","769","986","1"
"elasticsearch","19e7b1c737052cca62c684f3ed8e4936f08666be","core/src/main/java/org/elasticsearch/transport/TcpTransport.java","124","0","6","33","1001","1355","1"
"elasticsearch","4fd1276542a641cd59309bc7ea3f928321243afe","core/src/main/java/org/elasticsearch/transport/TcpTransport.java","124","0","6","33","1031","1392","1"
"hazelcast","b950c11443f9e95ef94f99b432b6aef3ba616756","hazelcast/src/main/java/com/hazelcast/internal/partition/impl/InternalPartitionServiceImpl.java","124","0","6","58","958","1184","1"
"hazelcast","99fae76bc99e0074096750e1ee87859299d4cd8f","hazelcast/src/main/java/com/hazelcast/internal/partition/impl/InternalPartitionServiceImpl.java","124","0","6","58","960","1186","0"
"hazelcast","4e979b8a74c0c3143aa09a274a1954af03820ffc","hazelcast/src/main/java/com/hazelcast/internal/partition/impl/InternalPartitionServiceImpl.java","124","0","6","58","967","1205","0"
"hazelcast","e641541f77808713a214b6d1b4ef4d58497824f1","hazelcast/src/main/java/com/hazelcast/internal/partition/impl/InternalPartitionServiceImpl.java","124","0","6","60","988","1226","0"
"elasticsearch","f735baf306571ec9949514a14828f18058972044","src/main/java/org/elasticsearch/index/shard/IndexShard.java","124","0","8","64","946","1155","5"
"elasticsearch","faae98c5d8a27bada65691fe7c48a6f9316eb467","src/main/java/org/elasticsearch/index/shard/IndexShard.java","124","0","8","64","947","1156","6"
"hazelcast","207971c3a2926488d1af69023c81ed389b7eee2a","hazelcast/src/main/java/com/hazelcast/queue/QueueContainer.java","124","0","9","42","617","735","0"
"hazelcast","f8775064d4ce9f1e642cfba487953a8b23d078fe","hazelcast/src/main/java/com/hazelcast/queue/QueueContainer.java","124","0","9","42","617","735","0"
"hazelcast","3e149e8ac8e2699da58d7fcbb034c0873f8effc1","hazelcast/src/main/java/com/hazelcast/queue/QueueContainer.java","124","0","9","42","617","735","1"
"hazelcast","28db823a8c080eef0e31424f75ab268718677405","hazelcast/src/main/java/com/hazelcast/map/impl/proxy/MapProxySupport.java","125","0","0","0","1100","1275","2"
"hazelcast","0a00c1a6ac6c6b71c59b23615ab208abcbca6fe5","hazelcast-client/src/main/java/com/hazelcast/client/cache/impl/AbstractClientInternalCacheProxy.java","125","0","0","0","962","1151","1"
"hazelcast","e5e53e202cc7d357b787d2e3e4f6b538bdc7c98e","hazelcast-client/src/main/java/com/hazelcast/client/cache/impl/AbstractClientInternalCacheProxy.java","125","0","0","0","962","1151","1"
"hazelcast","601a67715c677e36907648eeb31b52993381146d","hazelcast-client/src/main/java/com/hazelcast/client/cache/impl/AbstractClientInternalCacheProxy.java","125","0","0","0","962","1151","0"
"hazelcast","329a740c89d6ab7d6b82e49fae812f8ae978fcfe","hazelcast-client/src/main/java/com/hazelcast/client/cache/impl/AbstractClientInternalCacheProxy.java","125","0","0","0","967","1157","0"
"BroadleafCommerce","1c1207650f20f502eb97fcc72152b1aeaaea215c","admin/broadleaf-open-admin-platform/src/main/java/org/broadleafcommerce/openadmin/server/service/persistence/PersistenceManagerImpl.java","125","0","0","29","657","809","2"
"BroadleafCommerce","e216da5ebb303680f5c60ffcd75979f5876ab5a6","admin/broadleaf-open-admin-platform/src/main/java/org/broadleafcommerce/openadmin/server/service/persistence/PersistenceManagerImpl.java","125","0","0","30","690","843","0"
"mcMMO","50af20037a85b136896b4636584db7aaadbf59d4","src/main/java/com/gmail/nossr50/listeners/mcBlockListener.java","125","0","0","6","342","462","2"
"ceylon-ide-eclipse","8eea58ac91fc04c14fb768e0d0e27f86f9af638d","plugins/com.redhat.ceylon.eclipse.ui/src/com/redhat/ceylon/eclipse/code/correct/AddAnnotionProposal.java","125","0","0","6","717","765","1"
"ceylon-ide-eclipse","3c1b847ed7f15a1b094982f5626821ac2b70a3d9","plugins/com.redhat.ceylon.eclipse.ui/src/com/redhat/ceylon/eclipse/code/correct/AddAnnotionProposal.java","125","0","0","6","719","767","0"
"netty","58b968b6036dc194dce5a3e70d05d493b2fb6b58","buffer/src/main/java/io/netty/buffer/DefaultCompositeByteBuf.java","125","0","1","103","1224","1480","0"
"antlr4","8d9cae93ec5e52e084d0a09d9b807b4f814aa846","runtime/Java/src/org/antlr/v4/runtime/atn/ATNDeserializer.java","125","0","1","3","510","737","0"
"orientdb","f34f03d28049a0981ca7e2decc93f544313d2c8e","tests/src/test/java/com/orientechnologies/orient/test/database/auto/SQLSelectTest.java","125","0","1","87","1254","1709","2"
"orientdb","a3ca34afb8afb8ef21c6153fd87bd1c91b4154c6","tests/src/test/java/com/orientechnologies/orient/test/database/auto/SQLSelectTest.java","125","0","1","88","1272","1733","3"
"orientdb","086606000a2da9409a2ca89221e6db840c08ef33","tests/src/test/java/com/orientechnologies/orient/test/database/auto/SQLSelectTest.java","125","0","1","89","1299","1768","2"
"orientdb","045349144c1a79c6b6372c5b90a7dd9a864efd3a","tests/src/test/java/com/orientechnologies/orient/test/database/auto/SQLSelectTest.java","125","0","1","90","1318","1794","3"
"orientdb","1e3f5b4ab9e1ddfeb362d83852db78ad95585fbb","tests/src/test/java/com/orientechnologies/orient/test/database/auto/SQLSelectTest.java","125","0","1","91","1330","1809","2"
"orientdb","3f3dfb87d84f71c88d78a06c46fe587dd79a0c33","tests/src/test/java/com/orientechnologies/orient/test/database/auto/SQLSelectTest.java","125","0","1","92","1355","1836","1"
"orientdb","136db63960bbf53514691bf5a0bb8361a5ea5361","tests/src/test/java/com/orientechnologies/orient/test/database/auto/SQLSelectTest.java","125","0","1","94","1385","1876","0"
"orientdb","765a542a345734bb2c203bed4a97ca0936ffceee","tests/src/test/java/com/orientechnologies/orient/test/database/auto/SQLSelectTest.java","125","0","1","94","1385","1876","0"
"orientdb","46bbcabde62c2b9e61ebaf45dc23f16d9dee7f02","tests/src/test/java/com/orientechnologies/orient/test/database/auto/SQLSelectTest.java","125","0","1","94","1385","1876","1"
"elasticsearch","47f92d7c621eb0b0e4cf350ae21c8553592a324f","core/src/main/java/org/elasticsearch/index/search/QueryStringQueryParser.java","125","0","15","3","627","794","1"
"netty","2fd42cfc6b32dacb812c6f2ecef8522cd94718d4","codec-http2/src/main/java/io/netty/handler/codec/http2/DefaultHttp2Connection.java","125","0","2","16","953","1293","1"
"elasticsearch","d8f16178d3f21b4f9d17da12e7aa61613fc2c27a","src/main/java/org/elasticsearch/common/settings/ImmutableSettings.java","125","0","29","51","793","1080","2"
"neo4j","a9cd199b1086cf1d996764b54caba53b95d3727c","community/kernel/src/main/java/org/neo4j/kernel/impl/nioneo/xa/Command.java","125","0","3","6","1070","1304","0"
"orientdb","cda93b19cf4a2e4b9f7653145d5d6d0feeeedf98","core/src/main/java/com/orientechnologies/orient/core/sql/parser/OExpression.java","125","0","4","37","446","568","0"
"elasticsearch","896e8657ea498c074e9b7661d71f698b5cd23e94","src/main/java/org/elasticsearch/discovery/zen/ZenDiscovery.java","125","0","4","9","1029","1377","0"
"elasticsearch","a841a422f6de2e176cfe43ace327adfac85bdf95","src/main/java/org/elasticsearch/index/shard/service/InternalIndexShard.java","125","0","5","61","875","1043","1"
"ceylon-ide-eclipse","f8f523d866e80dda8275be6d18e3cbc6d34fa743","plugins/com.redhat.ceylon.eclipse.ui/src/com/redhat/ceylon/eclipse/code/parse/CeylonParseController.java","125","0","6","18","1002","1233","0"
"elasticsearch","1424f09c02927d9caada7f6ea45285b411d88d12","modules/lang-painless/src/main/java/org/elasticsearch/painless/Definition.java","125","0","7","18","780","1004","0"
"hazelcast","8934589035acc7388d93bba2e74b99b37a1f3731","hazelcast/src/main/java/com/hazelcast/queue/QueueContainer.java","125","0","9","42","616","734","1"
"hazelcast","03ac2943c46d0ef88b4e5d137f78aa553602f998","hazelcast/src/main/java/com/hazelcast/queue/QueueContainer.java","125","0","9","43","619","738","1"
"hazelcast","cac7e5eb3919bd055100cb0bbb228bef318a83f6","hazelcast/src/main/java/com/hazelcast/queue/QueueContainer.java","125","0","9","45","641","768","3"
"elasticsearch","1441fec0687d9af1b3eb17a6cc7286bab495d01f","src/main/java/org/apache/lucene/analysis/miscellaneous/XASCIIFoldingFilter.java","1251","0","5","3","1999","2097","2"
"hazelcast","669af4d95acce86fc25b96a8aaf5ee89a8b29610","hazelcast/src/main/java/com/hazelcast/map/impl/proxy/MapProxySupport.java","126","0","0","0","1049","1200","0"
"hazelcast","3084a2b6c7f8d928cb38abde92766db1f17520f9","hazelcast/src/main/java/com/hazelcast/map/impl/proxy/MapProxySupport.java","126","0","0","0","1050","1201","1"
"hazelcast","b3b38fc5570cccb8aa93dd3573d69cfc155c9304","hazelcast/src/main/java/com/hazelcast/spi/impl/BasicOperationService.java","126","0","0","0","906","1150","1"
"hazelcast","660bbd97d28d2282bc4ac0bc66a5405e89cd0813","hazelcast-client/src/main/java/com/hazelcast/client/cache/impl/AbstractClientInternalCacheProxy.java","126","0","0","0","977","1170","0"
"hazelcast","6adb137d7e8b6abd4405ab26337072a54017cabc","hazelcast-client/src/main/java/com/hazelcast/client/cache/impl/AbstractClientInternalCacheProxy.java","126","0","0","0","981","1174","1"
"orientdb","7ff23bbcec27f8835065ff7f3cd3d8841f36b5a4","server/src/main/java/com/orientechnologies/orient/server/network/protocol/http/ONetworkProtocolHttpAbstract.java","126","0","0","15","613","776","1"
"elasticsearch","3764b3ff800c94293aba0bb0fa18c7df80a764f7","core/src/main/java/org/elasticsearch/rest/action/cat/RestIndicesAction.java","126","0","0","3","354","511","1"
"ceylon-ide-eclipse","5b4c3eac8a7c12c0125a77343e602b4e73083595","plugins/com.redhat.ceylon.eclipse.ui/src/com/redhat/ceylon/eclipse/code/correct/AddAnnotionProposal.java","126","0","0","6","725","773","1"
"ceylon-ide-eclipse","5356a58d6abe8d768a5fc20bd289407ec9444303","plugins/com.redhat.ceylon.eclipse.ui/src/com/redhat/ceylon/eclipse/code/correct/AddAnnotionProposal.java","126","0","0","6","747","795","0"
"netty","f92cfba388bf97909236c0fcdf098c93f89aecde","buffer/src/main/java/io/netty/buffer/DefaultCompositeByteBuf.java","126","0","1","105","1239","1497","0"
"BroadleafCommerce","bf8361802f51d8d2fa7fefd8010b7cb1cbd0451d","admin/broadleaf-open-admin-platform/src/main/java/org/broadleafcommerce/openadmin/web/rulebuilder/DataDTOToMVELTranslator.java","126","0","1","2","599","653","0"
"elasticsearch","d8a3096a1af0609da9c2e122a1ffb4915f10d8dd","src/main/java/org/apache/lucene/queryParser/MapperQueryParser.java","126","0","1","4","633","721","0"
"elasticsearch","f9fc9bdb20f70f29be37ce1b23d903062bc17dae","src/main/java/org/apache/lucene/queryParser/MapperQueryParser.java","126","0","1","4","634","722","0"
"elasticsearch","ea9a4d70cf7140d6cf5c3c12e59fca0718164f4a","src/main/java/org/apache/lucene/queryparser/classic/MapperQueryParser.java","126","0","1","4","636","726","1"
"BroadleafCommerce","082ec1011974dff9892bc33f90607bc7f2fa7aca","core/broadleaf-framework/src/main/java/org/broadleafcommerce/core/order/service/OrderServiceImpl.java","126","0","1","56","825","1016","1"
"BroadleafCommerce","0b3668a2fe2f19dc068e5363f88eb21a4920fbce","core/broadleaf-framework/src/main/java/org/broadleafcommerce/core/order/service/OrderServiceImpl.java","126","0","1","56","832","1024","0"
"elasticsearch","f694b9dfd852af4916864a69cf5db79819e0cb45","modules/elasticsearch/src/main/java/org/apache/lucene/index/memory/CustomMemoryIndex.java","126","0","10","0","770","1313","0"
"elasticsearch","2e2bb2520558a50a93468a3bf92d12e14a466b19","core/src/main/java/org/elasticsearch/search/SearchService.java","126","0","2","13","990","1158","2"
"elasticsearch","84edf36f11da2d9c416a14ae2420c56a32823a38","core/src/main/java/org/elasticsearch/index/mapper/NumberFieldMapper.java","126","0","2","23","913","1065","0"
"netty","5e4169802f407114aa18d1b4265bf5231673b20b","buffer/src/main/java/io/netty/buffer/CompositeByteBuf.java","126","0","20","86","1213","1581","1"
"neo4j","53a98b0736387e9e71640b7ae062697ceee7d966","community/kernel/src/main/java/org/neo4j/kernel/impl/nioneo/xa/Command.java","126","0","3","6","1071","1305","0"
"elasticsearch","a5127d2ffd44253275d785424ab1bed31ae2f623","src/main/java/org/elasticsearch/common/settings/ImmutableSettings.java","126","0","30","51","802","1094","1"
"elasticsearch","608c7eb9fa9ac763ca4e3e994c9efc63b00de42f","core/src/main/java/org/elasticsearch/transport/TcpTransport.java","126","0","6","33","1041","1402","1"
"elasticsearch","f96ea58db8d7b47c3ac9e81ead887b608b71cf77","core/src/main/java/org/elasticsearch/transport/TcpTransport.java","126","0","6","33","1043","1409","1"
"mcMMO","c6ea32f0b09e3b6c1dbd6c302ae409061e937cba","src/main/java/com/gmail/nossr50/util/skills/CombatUtils.java","126","0","7","4","435","619","1"
"hazelcast","12a0770d42130064f5a63ee306ebee1dfb45349f","hazelcast/src/main/java/com/hazelcast/queue/QueueContainer.java","126","0","9","44","623","741","1"
"hazelcast","d5eadf040619baba0502d2280f46f33963ab7660","hazelcast/src/main/java/com/hazelcast/queue/QueueContainer.java","126","0","9","44","623","741","2"
"hazelcast","e8a91a32e1a9e4c50d7fdb5f87df6018fc1f7aa0","hazelcast/src/main/java/com/hazelcast/queue/QueueContainer.java","126","0","9","44","623","741","0"
"hazelcast","15ad53c4af52bfbbcd79809712ff178529b30ab6","hazelcast/src/main/java/com/hazelcast/queue/impl/QueueContainer.java","126","0","9","46","645","772","1"
"hazelcast","7cf7be39c757b4d2db790e462ded529ab7cce900","hazelcast/src/main/java/com/hazelcast/queue/QueueContainer.java","126","0","9","46","645","772","1"
"hazelcast","d472a8a10ccf0d07ff731bc1e80cc0bd3a58b660","hazelcast/src/main/java/com/hazelcast/queue/impl/QueueContainer.java","126","0","9","46","645","772","2"
"hazelcast","f9e887588cfe646adc3ae3ec707de95cc5303706","hazelcast/src/main/java/com/hazelcast/queue/impl/QueueContainer.java","126","0","9","46","645","772","0"
"hazelcast","f880b11ab26dc5e108b04f46815b2762d0192c6d","hazelcast/src/main/java/com/hazelcast/queue/impl/QueueContainer.java","126","0","9","46","646","773","2"
"hazelcast","f436d03a937cc25bf4ea9b4df41e1f85b1c344cc","hazelcast/src/main/java/com/hazelcast/queue/impl/QueueContainer.java","126","0","9","46","647","775","1"
"hazelcast","f4b14f2bcba1756a6bcc9dc764673599455eeb0f","hazelcast/src/main/java/com/hazelcast/queue/impl/QueueContainer.java","126","0","9","46","647","775","1"
"hazelcast","0ac05fbba9ebc830c86fb2cfcf0abce6ee0310f1","hazelcast/src/main/java/com/hazelcast/queue/impl/QueueContainer.java","126","0","9","46","647","775","0"
"hazelcast","1357e3347a592e06b16b004874b669ec6e8618bd","hazelcast/src/main/java/com/hazelcast/collection/impl/queue/QueueContainer.java","126","0","9","46","649","777","3"
"hazelcast","5c81c5eb7a8d5f74d7a34ab0eebca018287f2105","hazelcast/src/main/java/com/hazelcast/map/proxy/MapProxySupport.java","127","0","0","0","1013","1159","2"
"hazelcast","b155302204cd113137f63b2f1418d73eb861d817","hazelcast/src/main/java/com/hazelcast/map/proxy/MapProxySupport.java","127","0","0","0","1027","1173","0"
"hazelcast","8e20fd580ec4e7de4938dc403d1a547e0b9a4001","hazelcast/src/main/java/com/hazelcast/map/impl/proxy/MapProxySupport.java","127","0","0","0","1030","1176","0"
"hazelcast","f8bb1394b8dc398a03896f855ae676f50090b794","hazelcast/src/main/java/com/hazelcast/map/impl/proxy/MapProxySupport.java","127","0","0","0","1030","1176","0"
"hazelcast","305ecd0cab00c33d16d84c0f7b2e830a77412712","hazelcast/src/main/java/com/hazelcast/map/impl/proxy/MapProxySupport.java","127","0","0","0","1030","1176","1"
"hazelcast","0880710f355f33d03b8d928ec9d22a0ff4f1ca52","hazelcast-client/src/main/java/com/hazelcast/client/cache/impl/AbstractClientInternalCacheProxy.java","127","0","0","0","978","1169","2"
"orientdb","6f9f40419cadc4a96f8760031921135499d4332d","server/src/main/java/com/orientechnologies/orient/server/network/protocol/http/ONetworkProtocolHttpAbstract.java","127","0","0","15","618","781","0"
"MapDB","5c363e4e996421959f3b33ad3f9554db06ca34db","src/main/java/org/mapdb/StoreWAL.java","127","0","1","13","820","1083","1"
"MapDB","4a2ba3b29e8fd2da2e72318c94efbddebc7ac01a","src/main/java/org/mapdb/StoreWAL.java","127","0","1","13","854","1130","0"
"orientdb","2767a54ee6308493e6a69b4b2951d8d2252bfd6b","core/src/main/java/com/orientechnologies/orient/core/tx/OTransactionOptimistic.java","127","0","1","23","521","695","0"
"orientdb","40eeb1f2dd529f467d5854913f0df623963a7038","core/src/main/java/com/orientechnologies/orient/core/tx/OTransactionOptimistic.java","127","0","1","23","521","695","0"
"orientdb","c3943915a7ca022d85b4aea72942208d7cf621c4","core/src/main/java/com/orientechnologies/orient/core/tx/OTransactionOptimistic.java","127","0","1","23","521","695","1"
"hazelcast","047f1b1478178fdfea8259c38006ad7b17254397","hazelcast/src/main/java/com/hazelcast/impl/ClientHandlerService.java","127","0","1","37","1482","1686","0"
"hazelcast","98b249af9499f13c482d9ffa4ce6f1367ddb4586","hazelcast/src/main/java/com/hazelcast/impl/ClientHandlerService.java","127","0","1","37","1489","1695","0"
"hazelcast","9fbcf29872e44317ab94739e42fb72d2845b2f34","hazelcast/src/main/java/com/hazelcast/impl/ClientHandlerService.java","127","0","1","37","1490","1695","1"
"hazelcast","7501f614a3b0f9c9018a439a1517b1d84f1c15fb","hazelcast/src/main/java/com/hazelcast/map/DefaultRecordStore.java","127","0","1","50","816","944","0"
"mcMMO","b4a3ddba3cc936c385bc309ac97012ef2b108211","src/main/java/com/gmail/nossr50/skills/Mining.java","127","0","1","6","449","536","0"
"elasticsearch","14010750704a897b26237892227b12df6ee3600d","src/main/java/org/elasticsearch/index/mapper/MapperService.java","127","0","21","28","752","994","2"
"elasticsearch","45469a5570156fa866610d3508285097fd5f61db","core/src/main/java/org/elasticsearch/cluster/routing/RoutingNodes.java","127","0","27","27","810","1154","1"
"elasticsearch","d55bd707a3603e787ad34e08917705f2424335c1","core/src/main/java/org/elasticsearch/cluster/routing/RoutingNodes.java","127","0","27","27","811","1155","0"
"elasticsearch","13e1a6fd40da65890b68dda5b78e2e5ae9cd7355","core/src/main/java/org/elasticsearch/cluster/routing/RoutingNodes.java","127","0","27","27","812","1156","0"
"antlr4","7f577d92090ccfd7e945040ef96da8d09d2211c7","tool/src/org/antlr/v4/tool/Grammar.java","127","0","38","38","779","1261","1"
"elasticsearch","889db1c824d8c573835e8cbadd0c6f3ba25f8fcd","src/test/java/org/elasticsearch/test/InternalTestCluster.java","127","0","48","20","1130","1560","2"
"orientdb","b97c50204858b46f2af98c48a331a456120008b9","core/src/main/java/com/orientechnologies/orient/core/index/sbtreebonsai/local/OSBTreeBonsaiLocal.java","127","0","6","25","1247","1554","0"
"orientdb","8baec26b49efeffdba1d1c5d07b841612e6253c2","core/src/main/java/com/orientechnologies/orient/core/index/sbtreebonsai/local/OSBTreeBonsaiLocal.java","127","0","6","25","1249","1556","0"
"elasticsearch","155de53fe394d18216b72a1947c20d35788564e8","core/src/main/java/org/elasticsearch/transport/TcpTransport.java","127","0","6","30","1022","1377","0"
"elasticsearch","fe01c0f83b8a383bbe2f879a317150705eb9966f","core/src/main/java/org/elasticsearch/transport/TcpTransport.java","127","0","6","30","1023","1380","1"
"titan","9b9d0857f6a2d36c4b9dc91d58bee6d5ae0d1bb1","titan-core/src/main/java/com/thinkaurelius/titan/graphdb/transaction/StandardTitanTx.java","127","0","6","32","739","883","1"
"titan","6eec0ad79102e9d0d93c7753410965aec85c296a","titan-core/src/main/java/com/thinkaurelius/titan/graphdb/transaction/StandardTitanTx.java","127","0","6","32","743","887","0"
"titan","f77a4f7d95c07a0f54fc714dc97ddbb6a19ab431","titan-core/src/main/java/com/thinkaurelius/titan/graphdb/transaction/StandardTitanTx.java","127","0","6","35","750","942","0"
"hazelcast","19f1ef6bdc8e3e32e1e17f78a8220b53b494ac4f","hazelcast/src/test/java/com/hazelcast/map/QueryTest.java","127","0","6","53","1464","1631","0"
"hazelcast","205c024fa76e667f18068dba06eb6584d18cf6ab","hazelcast/src/main/java/com/hazelcast/internal/partition/impl/InternalPartitionServiceImpl.java","127","0","6","60","995","1236","1"
"elasticsearch","4ee7ed987e653c7bf4e5b54092b04665fed7bb80","src/main/java/org/elasticsearch/index/shard/IndexShard.java","127","0","8","65","962","1178","6"
"hazelcast","1451b18a2114fd1d2c7448aaa28f49d5e1da007c","hazelcast/src/main/java/com/hazelcast/map/proxy/MapProxySupport.java","128","0","0","0","1024","1172","2"
"hazelcast","4855250f4b64d469d4ce0675d7da45b1fb441b1d","hazelcast/src/main/java/com/hazelcast/map/impl/proxy/MapProxySupport.java","128","0","0","0","1025","1173","2"
"hazelcast","ef34031de196f40a796710c1c252a697f4596693","hazelcast/src/main/java/com/hazelcast/map/proxy/MapProxySupport.java","128","0","0","0","1025","1173","1"
"hazelcast","1045aa381a9d6da2c10a59e478988146633d9d34","hazelcast/src/main/java/com/hazelcast/map/proxy/MapProxySupport.java","128","0","0","0","1025","1173","0"
"hazelcast","22bdfcfa23a11ee774cc8c5b6308c0925c660aab","hazelcast/src/main/java/com/hazelcast/map/impl/proxy/MapProxySupport.java","128","0","0","0","1038","1186","1"
"hazelcast","22bdfcfa23a11ee774cc8c5b6308c0925c660aab","hazelcast/src/main/java/com/hazelcast/map/impl/proxy/MapProxySupport.java","128","0","0","0","1038","1186","1"
"hazelcast","32f165cbc33d96609efab90bc4967278c975d0ef","hazelcast/src/main/java/com/hazelcast/map/proxy/MapProxySupport.java","128","0","0","0","1038","1186","1"
"hazelcast","b96d74ba9cec4630d8114eec9570e9dccbd2dabf","hazelcast/src/main/java/com/hazelcast/map/proxy/MapProxySupport.java","128","0","0","0","1038","1186","1"
"hazelcast","d831651dd5814c8074c8b4727184701986f16039","hazelcast/src/main/java/com/hazelcast/map/impl/proxy/MapProxySupport.java","128","0","0","0","1038","1186","2"
"hazelcast","21c4616ffe56ddedf10378c93bbe765ad1e43a86","hazelcast/src/main/java/com/hazelcast/map/proxy/MapProxySupport.java","128","0","0","0","1038","1186","0"
"hazelcast","c8aa9156ed936d9562fcd30ad4aca851fb3089cd","hazelcast/src/main/java/com/hazelcast/map/proxy/MapProxySupport.java","128","0","0","0","1038","1186","0"
"hazelcast","ff8a9a229bf9c093f0181e2dbb9bed0112077439","hazelcast/src/main/java/com/hazelcast/map/impl/proxy/MapProxySupport.java","128","0","0","0","1040","1188","1"
"hazelcast","10773b4cd855bdfd84ea80d22b8ed3c977459444","hazelcast/src/main/java/com/hazelcast/map/impl/proxy/MapProxySupport.java","128","0","0","0","1041","1189","1"
"hazelcast","978a048b578f8b64513fc7923ed9dbfc4be0b965","hazelcast/src/main/java/com/hazelcast/map/impl/proxy/MapProxySupport.java","128","0","0","0","1041","1189","1"
"hazelcast","d9839eeccd571c45877ad12ef58174194758b0d5","hazelcast/src/main/java/com/hazelcast/map/impl/proxy/MapProxySupport.java","128","0","0","0","1041","1189","1"
"hazelcast","76ab3be482308f07c64b95f066eaccc72a19f809","hazelcast/src/main/java/com/hazelcast/map/impl/proxy/MapProxySupport.java","128","0","0","0","1041","1189","0"
"hazelcast","00e8eabfdd70dfb70d91312f05495f917e2d27ab","hazelcast/src/main/java/com/hazelcast/map/impl/proxy/MapProxySupport.java","128","0","0","0","1131","1313","3"
"hazelcast","9f4683d5a85f43e66b325518ea73bb172f5fd565","hazelcast/src/main/java/com/hazelcast/map/impl/proxy/MapProxySupport.java","128","0","0","0","1133","1319","0"
"hazelcast","bb145ca7f5db144e21063646b1f2a610bbb05eb5","hazelcast/src/main/java/com/hazelcast/spi/impl/BasicOperationService.java","128","0","0","0","898","1153","3"
"hazelcast","37da3959df4151b304b211df87a6b900c0169cc5","hazelcast/src/main/java/com/hazelcast/spi/impl/BasicOperationService.java","128","0","0","0","906","1162","0"
"elasticsearch","51d53791fe71c9cb62bc992588a57cdfb500383f","core/src/main/java/org/elasticsearch/rest/action/cat/RestIndicesAction.java","128","0","0","3","354","550","0"
"elasticsearch","2b3760f78b26817b5a2030aa27b1ddf2f17462f6","core/src/main/java/org/elasticsearch/rest/action/cat/RestIndicesAction.java","128","0","0","3","365","534","1"
"MapDB","5c363e4e996421959f3b33ad3f9554db06ca34db","src/main/java/org/mapdb/StoreDirect.java","128","0","1","25","773","1148","1"
"MapDB","7b803345bed27933c1f0e5b493e7c70d9343419b","src/main/java/org/mapdb/StoreDirect.java","128","0","1","25","773","1149","2"
"MapDB","f240461445c439b2258960fb4a0e05fe89e12618","src/main/java/org/mapdb/StoreDirect.java","128","0","1","25","773","1149","2"
"MapDB","970b748e50b939d1bede6ee9c670cf2896911bb8","src/main/java/org/mapdb/StoreDirect.java","128","0","1","25","773","1149","3"
"MapDB","7b803345bed27933c1f0e5b493e7c70d9343419b","src/main/java/org/mapdb/StoreDirect.java","128","0","1","25","773","1149","2"
"MapDB","519f779a3ae6f0ae5f6c8a4feb4d26602f1b0456","src/main/java/org/mapdb/StoreDirect.java","128","0","1","25","773","1149","0"
"elasticsearch","f1e23067cd641e27efcc0523161a3904b7d06ae3","modules/elasticsearch/src/main/java/org/elasticsearch/index/mapper/object/ObjectMapper.java","128","0","1","34","671","845","0"
"hazelcast","5da39756a924fc9e2ed46c61fcadede40bb5efc7","hazelcast/src/main/java/com/hazelcast/impl/ClientHandlerService.java","128","0","1","37","1496","1702","0"
"mcMMO","123e96e39d1d2f1a4d2dca4c9f887bd10f8396e2","src/main/java/com/gmail/nossr50/skills/Mining.java","128","0","1","6","450","537","0"
"netty","67919841467360415308ceb64e0b6d88ed5168bc","handler/src/main/java/io/netty/handler/ssl/SslHandler.java","128","0","12","18","735","1105","0"
"elasticsearch","a596459ed6580883e83922abffd6651705ff0c1e","src/main/java/org/elasticsearch/index/shard/IndexShard.java","128","0","12","62","979","1210","4"
"elasticsearch","2e762f078daf28aede16d8f7646c7c7c2e3c2010","core/src/main/java/org/elasticsearch/common/xcontent/XContentBuilder.java","128","0","13","135","1072","1320","2"
"mcMMO","0aa67727f54ef079d925f2d9c7977aff935fa1bd","src/main/java/com/gmail/nossr50/listeners/EntityListener.java","128","0","13","4","459","653","0"
"elasticsearch","821021f0e478ca44d828e62c139ea19f0fd7290a","core/src/main/java/org/elasticsearch/search/SearchService.java","128","0","2","13","1010","1185","5"
"elasticsearch","467a459f95d8709379bf3e7f415644b246a89dba","core/src/main/java/org/elasticsearch/search/SearchService.java","128","0","2","13","996","1170","6"
"elasticsearch","08f7caa56b3519f4569e82cdceb57dee14e19420","src/main/java/org/elasticsearch/index/store/Store.java","128","0","25","29","947","1383","0"
"netty","583a59abb1c1b2cd99aeac5cbbd2e58c4b087880","buffer/src/main/java/io/netty/buffer/ByteBufUtil.java","128","0","34","0","810","1231","0"
"netty","a01519e4f86690323647b5db45d9ffcb184b1a84","buffer/src/main/java/io/netty/buffer/ByteBufUtil.java","128","0","34","0","810","1231","0"
"netty","2368f238ad75935f68221f35330934c4ee734ee8","buffer/src/main/java/io/netty/buffer/ByteBufUtil.java","128","0","34","0","810","1231","1"
"elasticsearch","d8f16178d3f21b4f9d17da12e7aa61613fc2c27a","src/main/java/org/elasticsearch/common/Base64.java","128","0","37","0","950","2107","1"
"elasticsearch","7f77214cedbc927347241670be140b54185752c6","core/src/test/java/org/elasticsearch/index/engine/InternalEngineTests.java","128","0","4","67","2367","2853","1"
"elasticsearch","48b85421ecb963d33c2d8eae93340e9e1c57c6ff","core/src/main/java/org/elasticsearch/discovery/zen/ZenDiscovery.java","128","0","4","9","1037","1389","2"
"elasticsearch","1e7c42447999421ea789d51279496017d34b15d0","core/src/test/java/org/elasticsearch/index/engine/InternalEngineTests.java","128","0","5","66","2362","2851","0"
"hazelcast","f4c33973f2e5f804f6743683b11c8a43922bfc7e","hazelcast/src/main/java/com/hazelcast/internal/partition/impl/InternalPartitionServiceImpl.java","128","0","6","61","1000","1236","1"
"hazelcast","dd710b431238cb45633bd2788748e28a2f43f33a","hazelcast/src/main/java/com/hazelcast/internal/partition/impl/InternalPartitionServiceImpl.java","128","0","6","61","1003","1245","0"
"mcMMO","7b3869e385ed0bff576132482ea4eb926fc723fc","src/main/java/com/gmail/nossr50/util/skills/CombatUtils.java","128","0","7","4","434","618","1"
"mcMMO","30f7521a3ade7f1ded893e5e7819980c93297b33","src/main/java/com/gmail/nossr50/util/skills/CombatUtils.java","128","0","7","5","437","623","0"
"mcMMO","f0ee70871000c51e067cf9f19cc34d0076bfd0c8","src/main/java/com/gmail/nossr50/util/skills/CombatUtils.java","128","0","7","5","438","624","1"
"hazelcast","26c1a07e88a98d6cbf2d7fcd7bc63107d18b18ba","hazelcast/src/main/java/com/hazelcast/collection/impl/queue/QueueContainer.java","128","0","9","46","661","785","3"
"mcMMO","3fef87923a9d3a3ea6c5e33584aad8ecd1a20d13","src/main/java/com/gmail/nossr50/skills/Skills.java","129","0","0","20","373","438","0"
"ceylon-ide-eclipse","19348339b0484c476b6934f72fba4bb83fb44da3","plugins/com.redhat.ceylon.eclipse.ui/src/com/redhat/ceylon/eclipse/code/navigator/CeylonNavigatorContentProvider.java","129","0","1","18","578","665","1"
"elasticsearch","085f9e032b536c02efb225625313326f2f382286","core/src/main/java/org/elasticsearch/indices/cluster/IndicesClusterStateService.java","129","0","1","2","630","827","3"
"elasticsearch","148dc3c0137c9437ed74bcedb8610b3760fce870","src/main/java/org/apache/lucene/queryparser/classic/MapperQueryParser.java","129","0","1","4","646","737","0"
"elasticsearch","6ad6cf6b8d3c0e0104b33e9379697cb375edd702","core/src/main/java/org/elasticsearch/common/xcontent/XContentBuilder.java","129","0","13","136","1080","1329","2"
"mcMMO","037022b175407ef7373ed0172adf0f8aba2d7ce3","src/main/java/com/gmail/nossr50/listeners/EntityListener.java","129","0","13","4","459","655","0"
"elasticsearch","69f864156829d5cf844ccd8c72fe5041f4fcf27b","core/src/main/java/org/elasticsearch/index/search/QueryStringQueryParser.java","129","0","16","5","689","886","3"
"BroadleafCommerce","72576fdfe516d7fcad266362c0160430c3ff2a75","core/broadleaf-framework/src/main/java/org/broadleafcommerce/core/catalog/domain/SkuImpl.java","129","0","2","87","1018","1248","0"
"elasticsearch","cc3f02c0a03686b915b846d1aff04cd90cf29914","src/main/java/org/elasticsearch/index/store/Store.java","129","0","25","29","950","1385","1"
"elasticsearch","6abcd42a05a0e2bc4eaf1add6a41ae7d48f840c2","core/src/main/java/org/elasticsearch/cluster/routing/RoutingNodes.java","129","0","27","27","805","1149","0"
"elasticsearch","9ca5e6e3e12cf4f13eb6ed0140d9073ba89c61c9","src/test/java/org/elasticsearch/test/ElasticsearchIntegrationTest.java","129","0","29","12","1054","1607","8"
"netty","3b94154893bba3989673d4eae11228479aa2a3c3","buffer/src/test/java/io/netty/buffer/AbstractByteBufTest.java","129","0","3","95","1445","1723","0"
"netty","51a536fd3068ecff95dd27adf047299122ade8ea","buffer/src/test/java/io/netty/buffer/AbstractByteBufTest.java","129","0","3","95","1446","1724","0"
"hazelcast","204f4b9d7cd02069b258f98c14c4fc3621c5e94f","hazelcast/src/main/java/com/hazelcast/config/ConfigXmlGenerator.java","129","0","4","0","926","1085","0"
"hazelcast","205f602bb18d7aa8379fd69bc6de7040e6124849","hazelcast/src/main/java/com/hazelcast/config/ConfigXmlGenerator.java","129","0","4","0","927","1086","1"
"hazelcast","88ad8dafc7e1f8dbc8ed9cd2e8a708933046dc50","hazelcast/src/main/java/com/hazelcast/config/ConfigXmlGenerator.java","129","0","4","0","929","1088","0"
"hazelcast","db147c73b8a6c64aa6b337496dc9bf646719ff5b","hazelcast/src/main/java/com/hazelcast/config/ConfigXmlGenerator.java","129","0","4","0","929","1088","0"
"hazelcast","01ebbde6d05b1d317dc618e5cbb42bb93fc626bd","hazelcast/src/main/java/com/hazelcast/config/ConfigXmlGenerator.java","129","0","4","0","929","1088","1"
"netty","076d4ed5147f186b5e5a25945b77bce63c0d0165","transport-native-epoll/src/main/java/io/netty/channel/epoll/AbstractEpollStreamChannel.java","129","0","4","1","741","1022","1"
"elasticsearch","775638c281e36657bcd3990b15592b1ef6486142","core/src/test/java/org/elasticsearch/index/engine/InternalEngineTests.java","129","0","4","69","2405","2894","0"
"elasticsearch","410704fd18acde70a0e7b149ce6e1b9aaa7560dd","core/src/main/java/org/elasticsearch/discovery/zen/ZenDiscovery.java","129","0","4","9","1040","1395","3"
"hazelcast","1e9b8255b176f5473430d51c88d8a51167aaaa59","hazelcast/src/test/java/com/hazelcast/map/QueryTest.java","129","0","6","54","1490","1661","1"
"hazelcast","45cc40f2a76ef043e475da904d811a210063e2c1","hazelcast/src/test/java/com/hazelcast/map/QueryTest.java","129","0","6","54","1507","1680","1"
"elasticsearch","9ee08dbb0b247afb881431df0c313024eb768747","core/src/main/java/org/elasticsearch/common/settings/Settings.java","129","0","65","11","764","1223","2"
"elasticsearch","5337686d8d39568f94b0b976bd9098af69214302","core/src/main/java/org/elasticsearch/common/settings/Settings.java","129","0","65","11","765","1224","1"
"elasticsearch","d2507c4ac0477f28b441f83eeac07786fb8f42b4","core/src/main/java/org/elasticsearch/common/settings/Settings.java","129","0","65","11","765","1232","1"
"elasticsearch","d0835715c2704aeb9600f1c203bd591a8b77ee68","core/src/main/java/org/elasticsearch/common/settings/Settings.java","129","0","65","11","766","1233","2"
"elasticsearch","0a69f1e283e26e5d9e6a000b68b9f4778de557a1","core/src/main/java/org/elasticsearch/common/settings/Settings.java","129","0","66","11","769","1230","2"
"mcMMO","a9488bc18b653daf29e0e7538cc6c6c5e6621f1a","src/main/java/com/gmail/nossr50/util/skills/CombatUtils.java","129","0","7","5","441","629","0"
"netty","3edef63fa851317bd1920bfe7c733320f8365b43","transport/src/main/java/io/netty/channel/socket/nio/NioClientSocketPipelineSink.java","13","0","0","0","102","128","1"
"hazelcast","d568e4d926d925d57d4e79e34614390416749301","hazelcast/src/main/java/com/hazelcast/map/impl/MapMigrationAwareService.java","13","0","0","0","102","148","0"
"elasticsearch","fdf2bb93716c2a6f2b0d0785df386ecd414994c4","src/main/java/org/elasticsearch/search/aggregations/metrics/percentiles/AbstractInternalPercentiles.java","13","0","0","0","103","136","0"
"elasticsearch","22720a1abd4e88cd0c3c860bc0774d1286e2e4d4","src/main/java/org/elasticsearch/search/aggregations/metrics/percentiles/AbstractInternalPercentiles.java","13","0","0","0","105","138","1"
"hazelcast","9144e8128c3d271554f7230ee32e4d2e102fe811","hazelcast/src/main/java/com/hazelcast/nio/serialization/PortableSerializer.java","13","0","0","0","106","146","0"
"elasticsearch","12d9268db256b728e8d334801739fb46167902b6","src/main/java/org/apache/lucene/util/packed/XAbstractPagedMutable.java","13","0","0","0","114","172","0"
"hazelcast","78ae1a75208f6777bfb81fd68b2d62b446f83759","hazelcast-hibernate/hazelcast-hibernate4/src/main/java/com/hazelcast/hibernate/distributed/IMapRegionCache.java","13","0","0","0","116","175","0"
"hazelcast","8d05ff1e6f630192c635d5a4c55321082c92dc59","hazelcast-client/src/main/java/com/hazelcast/client/proxy/txn/TransactionProxy.java","13","0","0","0","122","156","3"
"hazelcast","ce5a1eb96ddfddf3bed31160c5f7b2bfe186ab65","hazelcast-client/src/main/java/com/hazelcast/client/proxy/txn/TransactionProxy.java","13","0","0","0","122","156","3"
"hazelcast","a4035afdfc67b757940a15578bc51b4e7b6b0b13","hazelcast-client-new/src/main/java/com/hazelcast/client/proxy/txn/TransactionProxy.java","13","0","0","0","122","156","0"
"hazelcast","bb3ea0e107980d769862cdbda748cc91529d67b5","hazelcast-client-new/src/main/java/com/hazelcast/client/txn/TransactionProxy.java","13","0","0","0","123","157","0"
"netty","2903b91e66c6e6615b7ba67c8c6ff286e392ad95","transport/src/main/java/io/netty/channel/socket/aio/AbstractAioChannel.java","13","0","0","0","124","168","0"
"neo4j","3748c5cb4024236c879697decc82e45fbe2f58c7","enterprise/core-edge/src/main/java/org/neo4j/coreedge/core/server/BatchingMessageHandler.java","13","0","0","0","126","164","0"
"netty","3e783e1b5e9d067271bc8e398230e056379baa75","transport/src/main/java/io/netty/channel/socket/aio/AbstractAioChannel.java","13","0","0","0","126","170","0"
"netty","61cfdd767197dafcc4f201c5ec7577601b20ce25","handler/src/main/java/io/netty/handler/ssl/PemReader.java","13","0","0","0","130","172","1"
"netty","f0f014d0c755b7b2e11853aa822ba0b88d7a48cc","handler/src/main/java/io/netty/handler/ssl/PemReader.java","13","0","0","0","131","173","0"
"hazelcast","267657223110ee9fc436f5496e078547d29c6e4c","hazelcast/src/main/java/com/hazelcast/nio/serialization/ClassDefinitionImpl.java","13","0","0","0","133","175","1"
"neo4j","c53aab6d4de8c83eda42c64474ec13aa7ecb25f3","enterprise/security/src/main/java/org/neo4j/server/security/enterprise/auth/StandardEnterpriseAuthSubject.java","13","0","0","0","139","182","1"
"elasticsearch","39e59b49b16a8f82b174ba8066c4769b06a37eb0","core/src/main/java/org/elasticsearch/action/search/SearchScrollAsyncAction.java","13","0","0","0","153","227","0"
"hazelcast","6a96ff2593db59bc55c3783b4420a915caa1f77b","hazelcast-client-legacy/src/main/java/com/hazelcast/client/cache/impl/AbstractClientCacheProxyBase.java","13","0","0","0","154","209","1"
"neo4j","3cad6b427058f7ea008e0f31ea88a5fdd61b9a82","community/server/src/main/java/org/neo4j/server/rest/transactional/GraphExtractionWriter.java","13","0","0","0","159","190","1"
"elasticsearch","6189c54c848d1cd1422e08a72d0bb9cab37f487c","core/src/main/java/org/elasticsearch/search/query/QueryCollectorContext.java","13","0","0","0","166","255","2"
"neo4j","debd60404ad96ed7b0ff92fcfa8651174788fbc6","enterprise/security/src/main/java/org/neo4j/server/security/enterprise/auth/StandardEnterpriseSecurityContext.java","13","0","0","0","187","239","1"
"neo4j","4f021ca29bae1d5264461a88c40fae307328598f","enterprise/backup/src/main/java/org/neo4j/backup/RebuildFromLogs.java","13","0","0","0","190","227","1"
"neo4j","65a7ca99e28d12d274a84ca1008be13611ca44ab","enterprise/backup/src/main/java/org/neo4j/backup/RebuildFromLogs.java","13","0","0","0","191","229","0"
"neo4j","8ab0685a4620653b3c1764d5bd04598a2e954bb2","enterprise/security/src/main/java/org/neo4j/server/security/enterprise/auth/StandardEnterpriseSecurityContext.java","13","0","0","0","194","247","0"
"ceylon-ide-eclipse","63d9bec060b71a0de75e7534d2bd61dda4744857","plugins/com.redhat.ceylon.eclipse.ui/src/com/redhat/ceylon/eclipse/code/correct/ValueFunctionDefinitionGenerator.java","13","0","0","0","196","225","1"
"hazelcast","cb1c7d376de36ac63c7e4a720bd1af59cb2d9ace","hazelcast-client/src/test/java/com/hazelcast/client/mapreduce/aggregation/SumAggregationTest.java","13","0","0","0","209","278","0"
"hazelcast","14a2a1fd1423d7012ae411f79719af1a59c3fa33","hazelcast-client/src/test/java/com/hazelcast/client/mapreduce/aggregation/SumAggregationTest.java","13","0","0","0","211","280","1"
"hazelcast","864fa20c841a4eb0bcf07d695a06846922ee686f","hazelcast-client/src/test/java/com/hazelcast/client/mapreduce/aggregation/SumAggregationTest.java","13","0","0","0","211","280","1"
"hazelcast","5ec4f40614d7e8a0cb526bc2ae604d4d5958ffa6","hazelcast-client/src/test/java/com/hazelcast/client/mapreduce/aggregation/SumAggregationTest.java","13","0","0","0","211","280","0"
"hazelcast","67879e626055a191c7dbbda97c18ba044f556118","hazelcast-client/src/test/java/com/hazelcast/client/mapreduce/aggregation/SumAggregationTest.java","13","0","0","0","212","281","0"
"hazelcast","cb1c7d376de36ac63c7e4a720bd1af59cb2d9ace","hazelcast-client/src/test/java/com/hazelcast/client/mapreduce/aggregation/AvgAggregationTest.java","13","0","0","0","219","288","0"
"hazelcast","67879e626055a191c7dbbda97c18ba044f556118","hazelcast-client/src/test/java/com/hazelcast/client/mapreduce/aggregation/AvgAggregationTest.java","13","0","0","0","222","291","0"
"hazelcast","bc74c4689d8d16cf8e7f23ea69585ad6ed6bbc50","hazelcast-client/src/test/java/com/hazelcast/client/mapreduce/aggregation/AvgAggregationTest.java","13","0","0","0","222","291","0"
"hazelcast","14a2a1fd1423d7012ae411f79719af1a59c3fa33","hazelcast-client/src/test/java/com/hazelcast/client/mapreduce/aggregation/AvgAggregationTest.java","13","0","0","0","222","291","1"
"hazelcast","a69a99feb399aa5855f2cc876a0626ab7dd20d84","hazelcast/src/main/java/com/hazelcast/map/impl/mapstore/BasicMapStoreContext.java","13","0","0","0","222","323","0"
"neo4j","5e2a0db616767e9364819efa0ca8152955d3a90a","community/lucene-index/src/main/java/org/neo4j/kernel/api/impl/index/LuceneIndexAccessor.java","13","0","0","0","236","295","1"
"netty","c71dc9d4b67bb8486caeb2fb4fbfcf8f094c7291","buffer/src/main/java/io/netty/buffer/ReadOnlyByteBufferBuf.java","13","0","0","0","256","329","0"
"netty","9a5f45a0c1fdeea3b277addccbb73657f38293c5","buffer/src/main/java/io/netty/buffer/ReadOnlyByteBufferBuf.java","13","0","0","0","257","330","0"
"neo4j","14da9bd533353adfe9550e62977d19904f504bcc","community/lucene-index/src/main/java/org/neo4j/kernel/api/impl/index/LuceneIndexAccessor.java","13","0","0","0","283","354","0"
"neo4j","a93c570faa774c1a40b635b6a3e6d8ccb61a99e8","community/lucene-index/src/main/java/org/neo4j/kernel/api/impl/index/LuceneIndexAccessor.java","13","0","0","0","285","357","1"
"elasticsearch","00d8a84475926315ccc7ad4d3933c571ee5ffdd1","core/src/main/java/org/elasticsearch/bootstrap/StartupError.java","13","0","0","0","58","116","1"
"neo4j","1d4303c5a0a8bc80b115dfb5e44526506dd95fc6","enterprise/causal-clustering/src/main/java/org/neo4j/causalclustering/core/consensus/roles/Follower.java","13","0","0","0","85","129","1"
"elasticsearch","046abdc281c321cd2128ee7684c0edfcaca07203","core/src/main/java/org/elasticsearch/search/aggregations/bucket/histogram/InternalOrder.java","13","0","0","0","87","140","3"
"elasticsearch","4f7792e64b4ce29197e21486afd090f7187a23c4","src/main/java/org/elasticsearch/search/suggest/phrase/CandidateScorer.java","13","0","0","0","90","119","0"
"hazelcast","6af640f357ea25ec81171b99e4cd8f05ae95b6d8","hazelcast/src/main/java/com/hazelcast/map/MapEventPublishingService.java","13","0","0","0","97","118","1"
"netty","202df0618c5ba7c58a0e4ef8e4f9ac76c8a32a46","transport/src/main/java/io/netty/channel/socket/nio/NioClientSocketPipelineSink.java","13","0","0","0","99","125","0"
"hazelcast","267657223110ee9fc436f5496e078547d29c6e4c","hazelcast/src/main/java/com/hazelcast/nio/serialization/PortableSerializer.java","13","0","0","0","99","137","1"
"Android-Universal-Image-Loader","861ddfe6fc1e8db349bc90fa10a94370daf8076d","library/src/com/nostra13/universalimageloader/core/ImageLoaderEngine.java","13","0","0","0","99","143","0"
"orientdb","10819e795652509873433f763b217749650d6adb","distributed/src/test/java/com/orientechnologies/orient/server/distributed/asynch/TestAsyncReplMode2Servers.java","13","0","0","1","100","120","0"
"orientdb","8f9869e9aa008fe88b0e42acd1b9033a777768bd","distributed/src/test/java/com/orientechnologies/orient/server/distributed/asynch/TestAsyncReplMode2Servers.java","13","0","0","1","100","120","0"
"orientdb","06f3af5cecd0ddea01cca7806d0fed63e1e900ad","distributed/src/test/java/com/orientechnologies/orient/server/distributed/asynch/TestAsyncReplMode2Servers.java","13","0","0","1","100","120","1"
"hazelcast","d9fbfe6ec81fa1a87710c923e0c98a2ef759933d","hazelcast-client/src/test/java/com/hazelcast/client/map/ClientMapIssueTest.java","13","0","0","1","275","376","0"
"hazelcast","dcdf838c95407da279237d92588a7a4f691c6fce","hazelcast-spring/src/main/java/com/hazelcast/spring/HazelcastClientBeanDefinitionParser.java","13","0","0","1","74","103","1"
"orientdb","9fafc831eb34b52e74e1d8e1caf9678667f4ec26","distributed/src/test/java/com/orientechnologies/orient/server/distributed/asynch/TestAsyncReplMode2Servers.java","13","0","0","1","96","115","2"
"hazelcast","67d2b8f08b8841194f740f80375c8e9919fb4284","hazelcast/src/main/java/com/hazelcast/util/executor/DelegatingFuture.java","13","0","0","10","109","146","1"
"ceylon-ide-eclipse","6090129128533def792ee16da4567750c05fea9c","plugins/com.redhat.ceylon.eclipse.ui/src/com/redhat/ceylon/eclipse/core/typechecker/ProjectPhasedUnit.java","13","0","0","10","117","147","0"
"orientdb","39a8884d03c0bc49b8ecf655a22fe80646afa1e6","spatial/src/main/java/com/orientechnologies/spatial/operator/OLuceneNearOperator.java","13","0","0","10","132","174","0"
"BroadleafCommerce","649424c1cee064be18f22d407d2de964b12c618b","core/broadleaf-framework/src/main/java/org/broadleafcommerce/core/rating/service/RatingServiceImpl.java","13","0","0","10","134","187","0"
"BroadleafCommerce","b50e90e07e155e3cf9ef8dc61fdffd669b9589be","core/broadleaf-framework/src/main/java/org/broadleafcommerce/core/rating/service/RatingServiceImpl.java","13","0","0","10","134","190","1"
"BroadleafCommerce","d2bc3d4368145755003da7d4f7bd3956fcdc598e","core/broadleaf-framework/src/main/java/org/broadleafcommerce/core/rating/service/RatingServiceImpl.java","13","0","0","10","134","192","0"
"orientdb","99be7200509211d42be9e3bf6b9e003d6d2216dd","graphdb/src/test/java/com/orientechnologies/orient/graph/sql/SQLMoveVertexCommandTest.java","13","0","0","10","213","322","0"
"hazelcast","5c44b6e979be354adce716bc55e3cb12cf4a2d75","hazelcast/src/test/java/com/hazelcast/map/LocalMapStatsTest.java","13","0","0","10","216","265","1"
"hazelcast","936c878f45afc4fbdd0748f6c51a158d3b5f00ff","hazelcast/src/test/java/com/hazelcast/map/LocalMapStatsTest.java","13","0","0","10","222","269","2"
"hazelcast","bb70f6bc6049022399a2cb4463fc01e145c36155","hazelcast/src/test/java/com/hazelcast/map/LocalMapStatsTest.java","13","0","0","10","222","269","1"
"hazelcast","e7d3d25abaaedda22678676783d2011dbb173d7f","hazelcast/src/test/java/com/hazelcast/map/LocalMapStatsTest.java","13","0","0","10","222","269","0"
"elasticsearch","ee0e9216435ad73d91207b6ae5a3870ad9e139e7","core/src/test/java/org/elasticsearch/action/admin/indices/get/GetIndexIT.java","13","0","0","10","244","287","1"
"orientdb","446d7452d7d3d2d7c436d46ccaa987292dc58ff4","graphdb/src/test/java/com/orientechnologies/orient/graph/blueprints/GraphTests.java","13","0","0","10","247","340","0"
"hazelcast","7cdb88bd32909c88d5673758a383e0d35dfd39e6","hazelcast-client/src/test/java/com/hazelcast/client/map/ClientMapIssueTest.java","13","0","0","10","278","379","0"
"hazelcast","f07be79936fa09cf0e59ea672efe9b58afd65b83","hazelcast/src/main/java/com/hazelcast/spi/AbstractDistributedObject.java","13","0","0","10","79","118","0"
"hazelcast","bfa3e3bbf518e6d03b297d172dac2073cd19367b","hazelcast/src/main/java/com/hazelcast/spi/AbstractDistributedObject.java","13","0","0","10","88","126","1"
"hazelcast","b1d50054ab3d722fbaad2846ebb94fb52b4b1f42","hazelcast/src/test/java/com/hazelcast/test/TestHazelcastInstanceFactory.java","13","0","0","11","128","164","2"
"elasticsearch","7fbd86aa97fabf6535f9b1ea3d79035ea4927f42","src/main/java/org/elasticsearch/search/aggregations/pipeline/movavg/MovAvgPipelineAggregator.java","13","0","0","11","176","233","0"
"elasticsearch","fc224a0de8153652ed2d0e409bc2dbd8746068e8","src/main/java/org/elasticsearch/search/aggregations/pipeline/movavg/MovAvgPipelineAggregator.java","13","0","0","11","177","235","1"
"hazelcast","525c34cddd7f4e08d674611e177bab103e4d1881","hazelcast/src/test/java/com/hazelcast/impl/MapOperationsCounterTest.java","13","0","0","11","182","213","1"
"hazelcast","82fcc4c7c87097d1719bb56112aec0fafdb6bc0e","hazelcast/src/test/java/com/hazelcast/impl/MapOperationsCounterTest.java","13","0","0","11","183","214","0"
"BroadleafCommerce","a8d8a1a8bd955c5660c8046fdbcf97925f0e7e16","core/broadleaf-framework/src/main/java/org/broadleafcommerce/core/catalog/dao/ProductOptionDaoImpl.java","13","0","0","11","209","278","0"
"hazelcast","14a2a1fd1423d7012ae411f79719af1a59c3fa33","hazelcast-client-new/src/test/java/com/hazelcast/client/mapreduce/aggregation/SumAggregationTest.java","13","0","0","11","211","280","1"
"hazelcast","864fa20c841a4eb0bcf07d695a06846922ee686f","hazelcast-client-legacy/src/test/java/com/hazelcast/client/mapreduce/aggregation/SumAggregationTest.java","13","0","0","11","211","280","1"
"hazelcast","e4a5a9d2d0d01d60d810c15d0d5bf63ffe6f902d","hazelcast-client-new/src/test/java/com/hazelcast/client/mapreduce/aggregation/SumAggregationTest.java","13","0","0","11","211","280","1"
"hazelcast","5ec4f40614d7e8a0cb526bc2ae604d4d5958ffa6","hazelcast-client-new/src/test/java/com/hazelcast/client/mapreduce/aggregation/SumAggregationTest.java","13","0","0","11","211","280","0"
"BroadleafCommerce","39be91a930c54d20bce6ff81c5a0437426c748f2","core/broadleaf-framework/src/main/java/org/broadleafcommerce/core/catalog/dao/ProductOptionDaoImpl.java","13","0","0","11","211","282","0"
"hazelcast","67879e626055a191c7dbbda97c18ba044f556118","hazelcast-client-new/src/test/java/com/hazelcast/client/mapreduce/aggregation/SumAggregationTest.java","13","0","0","11","212","281","0"
"hazelcast","bc74c4689d8d16cf8e7f23ea69585ad6ed6bbc50","hazelcast-client-legacy/src/test/java/com/hazelcast/client/mapreduce/aggregation/SumAggregationTest.java","13","0","0","11","212","281","0"
"hazelcast","f28dd07b144444e0f633d0b7db5144497ab9e9db","hazelcast-client/src/test/java/com/hazelcast/client/mapreduce/aggregation/SumAggregationMultiMapTest.java","13","0","0","11","212","281","0"
"hazelcast","12ab006d948a2cf6a8d147be1e667ab1f93d55cd","hazelcast-client/src/test/java/com/hazelcast/client/mapreduce/aggregation/SumAggregationMultiMapTest.java","13","0","0","11","212","281","1"
"hazelcast","82914ab681f7a556333505b597bf2ed1e7da9f30","hazelcast-client-new/src/test/java/com/hazelcast/client/mapreduce/aggregation/AvgAggregationTest.java","13","0","0","11","219","288","0"
"hazelcast","14a2a1fd1423d7012ae411f79719af1a59c3fa33","hazelcast-client-new/src/test/java/com/hazelcast/client/mapreduce/aggregation/AvgAggregationTest.java","13","0","0","11","221","290","1"
"hazelcast","864fa20c841a4eb0bcf07d695a06846922ee686f","hazelcast-client-legacy/src/test/java/com/hazelcast/client/mapreduce/aggregation/AvgAggregationTest.java","13","0","0","11","221","290","1"
"hazelcast","e4a5a9d2d0d01d60d810c15d0d5bf63ffe6f902d","hazelcast-client-new/src/test/java/com/hazelcast/client/mapreduce/aggregation/AvgAggregationTest.java","13","0","0","11","221","290","1"
"hazelcast","5ec4f40614d7e8a0cb526bc2ae604d4d5958ffa6","hazelcast-client-new/src/test/java/com/hazelcast/client/mapreduce/aggregation/AvgAggregationTest.java","13","0","0","11","221","290","0"
"hazelcast","67879e626055a191c7dbbda97c18ba044f556118","hazelcast-client-new/src/test/java/com/hazelcast/client/mapreduce/aggregation/AvgAggregationTest.java","13","0","0","11","222","291","0"
"hazelcast","bc74c4689d8d16cf8e7f23ea69585ad6ed6bbc50","hazelcast-client-legacy/src/test/java/com/hazelcast/client/mapreduce/aggregation/AvgAggregationTest.java","13","0","0","11","222","291","0"
"hazelcast","f28dd07b144444e0f633d0b7db5144497ab9e9db","hazelcast-client/src/test/java/com/hazelcast/client/mapreduce/aggregation/AvgAggregationMultiMapTest.java","13","0","0","11","222","291","0"
"hazelcast","12ab006d948a2cf6a8d147be1e667ab1f93d55cd","hazelcast-client/src/test/java/com/hazelcast/client/mapreduce/aggregation/AvgAggregationMultiMapTest.java","13","0","0","11","222","291","1"
"elasticsearch","adc0807c686b37bf1d96bd3eb9d26face380fe44","src/test/java/org/elasticsearch/action/admin/indices/get/GetIndexTests.java","13","0","0","11","284","332","0"
"hazelcast","2e6eaab1264598f3bbabe3789cf442ae437ccd7c","hazelcast/src/main/java/com/hazelcast/executor/impl/DistributedExecutorService.java","13","0","0","12","182","232","3"
"hazelcast","3d8ce7ed94ef327469e9647d5fb1c17d9eb54bf9","hazelcast/src/main/java/com/hazelcast/executor/impl/DistributedExecutorService.java","13","0","0","12","182","232","2"
"hazelcast","8a4364b60b5a4274ab87081d259cd1fdbd424c16","hazelcast/src/main/java/com/hazelcast/executor/impl/DistributedExecutorService.java","13","0","0","12","182","232","0"
"hazelcast","44da73e20295eb48277cec8dc61e382a54772b56","hazelcast/src/main/java/com/hazelcast/executor/impl/DistributedExecutorService.java","13","0","0","12","183","233","2"
"hazelcast","4c7b5b71f984f4d27ab8ebc1fbead42ddb971d40","hazelcast/src/test/java/com/hazelcast/scheduledexecutor/ScheduledExecutorServiceSlowTest.java","13","0","0","12","244","372","0"
"hazelcast","abf89399ccbe79d1705a22f14e2cd589cf10d212","hazelcast/src/test/java/com/hazelcast/scheduledexecutor/ScheduledExecutorServiceSlowTest.java","13","0","0","12","246","374","1"
"elasticsearch","1e2919b03d067036cb2fceeff7b39b9fb278c86e","core/src/test/java/org/elasticsearch/index/query/functionscore/FunctionScoreTests.java","13","0","0","12","452","563","1"
"elasticsearch","9b5c74d43e652a46deaaa66721de89c606dcbcf7","src/main/java/org/elasticsearch/search/facet/terms/strings/HashedAggregator.java","13","0","0","13","116","156","0"
"orientdb","82d10e87817c67f61236b5bc22992ab60883861e","core/src/main/java/com/orientechnologies/orient/core/command/traverse/OTraverseContext.java","13","0","0","13","133","225","0"
"elasticsearch","a5406e1ffa28a76942bffdeba232d3652e4aff72","core/src/test/java/org/elasticsearch/common/settings/ScopedSettingsTests.java","13","0","0","13","249","303","0"
"elasticsearch","89ac6a83f134365dcc3b7bdff5a3f14ddab6c2c5","core/src/test/java/org/elasticsearch/action/support/replication/BroadcastReplicationTests.java","13","0","0","13","261","318","1"
"orientdb","34588f3fa6ddf5e6d8f76f1ddfee1f76452a5a4e","core/src/test/java/com/orientechnologies/orient/core/record/impl/ODocumentValidationTest.java","13","0","0","13","644","754","1"
"orientdb","e26ad695c9d8163f06765ee242fedfc5bf039f90","core/src/test/java/com/orientechnologies/orient/core/record/impl/ODocumentValidationTest.java","13","0","0","13","652","762","0"
"elasticsearch","062abf813b16d94a0485e28286c2d8040cfc4990","core/src/main/java/org/elasticsearch/action/fieldstats/IndexConstraint.java","13","0","0","14","108","155","1"
"hazelcast","9ed6a43d53fe7c39c9012278c24df730ac55d109","hazelcast/src/test/java/com/hazelcast/map/mapstore/PostProcessingMapStoreTest.java","13","0","0","14","155","189","0"
"neo4j","6602c5aea5b783fa9438717cc8f71b5c4dcd03b9","enterprise/security/src/main/java/org/neo4j/server/security/enterprise/auth/AuthProcedures.java","13","0","0","14","157","194","1"
"netty","2ca7eae136d5a3bf2a8bef4eb4a8204648e85268","codec-http/src/test/java/io/netty/handler/codec/http/HttpResponseDecoderTest.java","13","0","0","14","325","455","1"
"elasticsearch","35ddc749b18f90d4ba4b71175069d057b282b130","core/src/test/java/org/elasticsearch/index/mapper/date/SimpleDateMappingTests.java","13","0","0","14","392","486","1"
"elasticsearch","7e5058037b8a5830080da488f067914d24a5f477","core/src/main/java/org/elasticsearch/search/aggregations/support/ValueType.java","13","0","0","15","137","178","2"
"elasticsearch","9ee08dbb0b247afb881431df0c313024eb768747","core/src/test/java/org/elasticsearch/node/internal/InternalSettingsPreparerTests.java","13","0","0","15","253","313","1"
"netty","d343a258e201796f010bcf5926df1a77bc04637e","codec-http/src/test/java/io/netty/handler/codec/http/HttpResponseDecoderTest.java","13","0","0","15","347","486","1"
"netty","b24494abeb3515fac9c5392a14f7a92b1f9550f2","codec-http/src/test/java/io/netty/handler/codec/http/HttpResponseDecoderTest.java","13","0","0","15","347","487","0"
"hazelcast","1f042b8c4a4245594691bb6d85a66ceed9b43068","hazelcast/src/test/java/com/hazelcast/map/impl/mapstore/writebehind/TestMapUsingMapStoreBuilder.java","13","0","0","16","130","168","1"
"hazelcast","464ceb2bc27dbe2e0b5d67438073afbd3c75b06b","hazelcast/src/test/java/com/hazelcast/map/impl/mapstore/writebehind/TestMapUsingMapStoreBuilder.java","13","0","0","16","130","168","1"
"hazelcast","6b9715b30910755cda41e8349960635d9c914a10","hazelcast/src/test/java/com/hazelcast/map/impl/mapstore/writebehind/TestMapUsingMapStoreBuilder.java","13","0","0","16","130","168","3"
"hazelcast","a11ab1fbf0a9b8aebfed4404415725cb51327fa7","hazelcast/src/test/java/com/hazelcast/map/impl/mapstore/writebehind/TestMapUsingMapStoreBuilder.java","13","0","0","16","130","168","3"
"hazelcast","e73264b05e9bb0bd0fc066ced6a31be5dfe9be6f","hazelcast/src/test/java/com/hazelcast/map/impl/mapstore/writebehind/TestMapUsingMapStoreBuilder.java","13","0","0","16","130","168","1"
"hazelcast","f3f750f1b47f0460d68c5518d2059da0b8df14bf","hazelcast/src/test/java/com/hazelcast/map/impl/mapstore/writebehind/TestMapUsingMapStoreBuilder.java","13","0","0","16","130","168","2"
"hazelcast","2921cff694583b8638dae2991f427e61d5440a9d","hazelcast/src/test/java/com/hazelcast/map/impl/mapstore/writebehind/TestMapUsingMapStoreBuilder.java","13","0","0","16","130","168","0"
"hazelcast","03564de05b7285e401381ac0f32e120c59bb694a","hazelcast/src/test/java/com/hazelcast/map/mapstore/writebehind/TestMapUsingMapStoreBuilder.java","13","0","0","16","132","174","1"
"hazelcast","d2ef43dd54976080a85a49cbcab11fe058ff2aa4","hazelcast/src/test/java/com/hazelcast/map/mapstore/writebehind/TestMapUsingMapStoreBuilder.java","13","0","0","16","132","174","1"
"hazelcast","f4ebd3d2bec957e87da6fe2f87b5ce1137d4905c","hazelcast/src/test/java/com/hazelcast/map/mapstore/writebehind/TestMapUsingMapStoreBuilder.java","13","0","0","16","132","174","1"
"hazelcast","409ebdef7b6eea5270e425454dc05d0301072780","hazelcast/src/test/java/com/hazelcast/map/mapstore/writebehind/TestMapUsingMapStoreBuilder.java","13","0","0","16","132","174","0"
"elasticsearch","887f3ed8dcb52348edec9d682c74434a2deab47e","core/src/main/java/org/elasticsearch/search/fetch/subphase/InnerHitsContext.java","13","0","0","16","169","220","0"
"hazelcast","324c12ca123c52820e6a271c2095649a57a9844f","hazelcast-client/src/test/java/com/hazelcast/client/ClientServiceTest.java","13","0","0","16","335","440","2"
"hazelcast","93fd800d6c6f6781ef95536bba7e2b200fe9678d","hazelcast-client/src/test/java/com/hazelcast/client/ClientServiceTest.java","13","0","0","16","335","440","2"
"hazelcast","b949940524e885bddfdd6391e0330ab00b56f34a","hazelcast-client/src/test/java/com/hazelcast/client/ClientServiceTest.java","13","0","0","16","335","440","2"
"hazelcast","e7b3c0e3c16c8b43b36d15ecb122fee2e2bdcf0d","hazelcast-client/src/test/java/com/hazelcast/client/ClientServiceTest.java","13","0","0","16","335","440","1"
"hazelcast","d9fb430ab0f78ed947e75675c4f4799b732a2c99","hazelcast-client/src/test/java/com/hazelcast/client/ClientServiceTest.java","13","0","0","16","335","440","0"
"hazelcast","085c410cb8631f483937836619741d867e055f0c","hazelcast-client/src/test/java/com/hazelcast/client/ClientServiceTest.java","13","0","0","16","337","442","1"
"hazelcast","11e77aa8ef9f1ba50a9ba8cc015da897bca676f4","hazelcast-client/src/test/java/com/hazelcast/client/ClientServiceTest.java","13","0","0","16","337","442","1"
"hazelcast","5d08e7b9836f7226dcafc0d70b48f4d1067ed962","hazelcast-client/src/test/java/com/hazelcast/client/ClientServiceTest.java","13","0","0","16","337","442","2"
"hazelcast","64b28543011e49f5668297febc0433662ba75659","hazelcast-client/src/test/java/com/hazelcast/client/ClientServiceTest.java","13","0","0","16","337","442","2"
"hazelcast","ad1790f7ac618c7a5bf8f548c3650937b7ee3a89","hazelcast-client/src/test/java/com/hazelcast/client/ClientServiceTest.java","13","0","0","16","337","442","0"
"elasticsearch","e9f05eed802b4e99f7004bfb5413dacee3e2001a","src/test/java/org/elasticsearch/search/aggregations/metrics/ScriptedMetricTests.java","13","0","0","16","575","658","0"
"netty","35c01660da784a5ae12829589ad86ea15b56cedb","buffer/src/main/java/io/netty/buffer/AbstractByteBufAllocator.java","13","0","0","17","117","156","1"
"hazelcast","517051da0c9618d83d8dea226ce1d7a94a9c000e","hazelcast/src/test/java/com/hazelcast/map/impl/mapstore/writebehind/TestMapUsingMapStoreBuilder.java","13","0","0","17","135","175","0"
"neo4j","ca6ff07a6e1174ec730d827abd37e10d123bfae8","packaging/neo4j-desktop/src/main/java/org/neo4j/desktop/model/DesktopModel.java","13","0","0","17","159","210","0"
"neo4j","0fe98aeff3fe869ddc7312e0465e7a18d0902d70","packaging/neo4j-desktop/src/main/java/org/neo4j/desktop/model/DesktopModel.java","13","0","0","17","160","211","0"
"hazelcast","d46eb99c3ca8b2e30c4f6a8025c4ae6d4a012036","hazelcast/src/main/java/com/hazelcast/collection/AbstractCollectionProxyImpl.java","13","0","0","18","181","225","1"
"hazelcast","31e2147efa959e79bfc70bac06b138b20f14929d","hazelcast/src/main/java/com/hazelcast/collection/AbstractCollectionProxyImpl.java","13","0","0","18","182","226","0"
"elasticsearch","3015eb3088c93b6833e2ec19a866fc1904b04eaf","core/src/test/java/org/elasticsearch/index/mapper/DynamicMappingTests.java","13","0","0","18","373","486","2"
"elasticsearch","6174e21f47244b6d5153d7d0cc1fe28fe863399d","core/src/test/java/org/elasticsearch/search/aggregations/metrics/TDigestPercentilesIT.java","13","0","0","18","382","469","1"
"neo4j","8a31284a00600fe653939a9b2206e0382deded40","enterprise/security/src/main/java/org/neo4j/server/security/enterprise/auth/StandardEnterpriseAuthSubject.java","13","0","0","19","143","187","0"
"neo4j","3a78f5f817ec4cdbb54065cbcfd0e3de100ff931","enterprise/security/src/main/java/org/neo4j/server/security/enterprise/auth/AuthProcedures.java","13","0","0","19","190","232","0"
"elasticsearch","0ad231546d70cd45ac5d7a32311c1cebb9b42293","core/src/test/java/org/elasticsearch/index/mapper/NumberFieldMapperTests.java","13","0","0","19","322","425","1"
"elasticsearch","450f47d5b59f19f4d2056042db69732ac5c21bbf","core/src/test/java/org/elasticsearch/index/mapper/NumberFieldMapperTests.java","13","0","0","19","322","425","1"
"elasticsearch","2a00c9dc46fe7ac5da04ea3e735985d3f02bc7bf","core/src/test/java/org/elasticsearch/index/mapper/NumberFieldMapperTests.java","13","0","0","19","322","425","0"
"elasticsearch","6174e21f47244b6d5153d7d0cc1fe28fe863399d","core/src/test/java/org/elasticsearch/search/aggregations/metrics/TDigestPercentileRanksIT.java","13","0","0","19","397","488","1"
"hazelcast","bab7f1c1ba3f3d6d5cbd04e858e99a3955bfe7b9","hazelcast-client/src/test/java/com/hazelcast/client/ClientServiceTest.java","13","0","0","19","416","540","0"
"hazelcast","da8888f97af74b4590dfc1dce3d0bdeb44654000","hazelcast-client/src/test/java/com/hazelcast/client/ClientServiceTest.java","13","0","0","19","416","540","0"
"hazelcast","b0a815f459c18eed67fcd6e4bf122bad043ef8a5","hazelcast-client/src/test/java/com/hazelcast/client/ClientServiceTest.java","13","0","0","19","416","540","1"
"hazelcast","059e863eb7de6e9f9d4c5a747bdb4690a6c95257","hazelcast-client/src/test/java/com/hazelcast/client/ClientServiceTest.java","13","0","0","19","417","541","1"
"elasticsearch","3b578db3657d4f92f9f49bbc34774a9b8b95ae24","core/src/main/java/org/elasticsearch/action/get/TransportMultiGetAction.java","13","0","0","2","100","142","2"
"elasticsearch","25fd9e26c4fb042d6f6dea14efcd239577bdbbc4","core/src/main/java/org/elasticsearch/action/search/TransportClearScrollAction.java","13","0","0","2","119","157","0"
"elasticsearch","4b94eb5cb8cc4294ed0e932a5f22c16bd90d4dd7","core/src/main/java/org/elasticsearch/action/admin/indices/validate/query/TransportValidateQueryAction.java","13","0","0","2","143","180","2"
"elasticsearch","860efb2ad28db09189c8423e05d0dba53010259c","core/src/main/java/org/elasticsearch/action/admin/indices/validate/query/TransportValidateQueryAction.java","13","0","0","2","143","180","2"
"elasticsearch","d3417fb02291f26964d77767020ef345d18c148f","core/src/main/java/org/elasticsearch/action/admin/indices/validate/query/TransportValidateQueryAction.java","13","0","0","2","143","180","0"
"oryx","0c6bf96eb475361ed45c4d7e54a970819e33802a","app/oryx-app-mllib/src/test/java/com/cloudera/oryx/app/batch/mllib/als/ALSUpdateIT.java","13","0","0","2","146","202","0"
"ceylon-ide-eclipse","50f31d71e7701d4a3a4463a6a44f924dae6ef90d","plugins/com.redhat.ceylon.eclipse.ui/src/com/redhat/ceylon/eclipse/ui/CeylonStartup.java","13","0","0","2","168","187","1"
"ceylon-ide-eclipse","c1a55892393594a23c63c20d8cea0006e2407c19","plugins/com.redhat.ceylon.eclipse.ui/src/com/redhat/ceylon/eclipse/ui/CeylonStartup.java","13","0","0","2","169","188","0"
"mcMMO","70231b6ae0c1807324ad9bd9ccdea88c1b2357ab","src/main/java/com/gmail/nossr50/commands/general/InspectCommand.java","13","0","0","2","74","93","0"
"neo4j","ba9c54d5091b67263bd7299711daac5a7ee26e14","community/server/src/main/java/org/neo4j/server/rest/repr/MapRepresentation.java","13","0","0","2","79","111","0"
"mcMMO","93548317293e2c6c5195544b99d4ce7d900abea1","src/main/java/com/gmail/nossr50/commands/general/MmoeditCommand.java","13","0","0","2","94","114","3"
"hazelcast","f4c4f6884c633287e7632d62481e06c9f0b762f5","hazelcast/src/test/java/com/hazelcast/internal/partition/impl/InternalPartitionImplTest.java","13","0","0","20","198","256","1"
"hazelcast","565257f977407eb3a0199d082860209c2958f5f9","hazelcast/src/main/java/com/hazelcast/util/executor/CachedExecutorServiceDelegate.java","13","0","0","21","185","235","1"
"hazelcast","564167c1f93b32ce742411106e9ae67eae88a801","hazelcast/src/main/java/com/hazelcast/util/executor/CachedExecutorServiceDelegate.java","13","0","0","21","186","236","0"
"hazelcast","ffa9efd30efef1a93d2bd26fba44e7960bac7674","hazelcast/src/main/java/com/hazelcast/util/executor/CachedExecutorServiceDelegate.java","13","0","0","21","187","238","1"
"BroadleafCommerce","8c80b9f435c7cdad58b8d6bf10f471aeb01a2111","core/broadleaf-framework/src/main/java/org/broadleafcommerce/core/search/domain/SearchFacetImpl.java","13","0","0","22","204","262","4"
"orientdb","7693b300e66eae50190fc100cf3ffc489f85d2cf","tests/src/test/java/com/orientechnologies/orient/test/database/auto/TraverseTest.java","13","0","0","22","243","298","0"
"elasticsearch","6189c54c848d1cd1422e08a72d0bb9cab37f487c","core/src/test/java/org/elasticsearch/search/simple/SimpleSearchIT.java","13","0","0","22","387","490","2"
"elasticsearch","77762fcbb0eba283f0b904175865630b3253ea2b","core/src/test/java/org/elasticsearch/common/settings/ScopedSettingsTests.java","13","0","0","24","544","645","1"
"BroadleafCommerce","83fb11ed58644108db5d65f28772c299943478f5","core/broadleaf-framework/src/main/java/org/broadleafcommerce/core/offer/domain/OfferCodeImpl.java","13","0","0","25","263","329","1"
"orientdb","39e36a186d26ef3ef5340a4b2aaa756d48206bd7","core/src/test/java/com/orientechnologies/orient/core/sql/OCommandExecutorSQLSelectTest.java","13","0","0","25","343","435","2"
"elasticsearch","65218fea6d8f690754975928856a379add40abad","core/src/test/java/org/elasticsearch/common/settings/ScopedSettingsTests.java","13","0","0","25","566","669","0"
"elasticsearch","fc3133d0878a426a6d2098cb75f567be00c59635","src/test/java/org/elasticsearch/test/integration/search/suggest/CompletionSuggestSearchTests.java","13","0","0","25","572","721","0"
"BroadleafCommerce","acda1ef499fea2c0f3fa7526c37e4aac9e8bd9b5","common/src/main/java/org/broadleafcommerce/common/sandbox/domain/SandBoxImpl.java","13","0","0","26","243","313","0"
"orientdb","51cd09b34b1aa2e5eaf2cc29ef4b01ffb2cec131","core/src/test/java/com/orientechnologies/orient/core/sql/OCommandExecutorSQLSelectTest.java","13","0","0","26","348","441","2"
"orientdb","a4061b9e2de1e57c3e6592b07360885e3b7107d7","core/src/test/java/com/orientechnologies/orient/core/sql/OCommandExecutorSQLSelectTest.java","13","0","0","27","353","447","2"
"hazelcast","7812e4cfb5307427c8041eaaed72fb543f28dd47","hazelcast/src/test/java/com/hazelcast/internal/cluster/impl/MemberMapTest.java","13","0","0","28","311","408","0"
"hazelcast","e1b69c53ca4923affcd7722f012a80e32517e988","hazelcast/src/test/java/com/hazelcast/internal/cluster/impl/MemberMapTest.java","13","0","0","28","311","408","0"
"hazelcast","5758dedd1bcd1583eb238e314a12eee83980b607","hazelcast/src/test/java/com/hazelcast/internal/cluster/impl/MemberMapTest.java","13","0","0","28","311","408","1"
"orientdb","a85db553566ed76fbf5485967ecba91c11825df1","core/src/test/java/com/orientechnologies/orient/core/sql/OCommandExecutorSQLSelectTest.java","13","0","0","28","359","456","4"
"elasticsearch","2ca1d795307854c294e42c0ec948048ea9963267","src/main/java/org/elasticsearch/rest/action/cat/RestIndicesAction.java","13","0","0","3","116","151","0"
"elasticsearch","6a18d053930c8560204aca51e5d8b36a8ed3f44e","src/main/java/org/elasticsearch/rest/action/cat/RestIndicesAction.java","13","0","0","3","117","152","0"
"elasticsearch","aa4dc092da38b2e5b747f74e81699494333d7bca","src/main/java/org/elasticsearch/rest/action/cat/RestAllocationAction.java","13","0","0","3","123","167","0"
"hazelcast","1adccc7a5bdc515f01ae6bd644097ab85336bd84","hazelcast/src/main/java/com/hazelcast/client/impl/protocol/task/map/AbstractMapQueryMessageTask.java","13","0","0","3","136","178","1"
"hazelcast","451aea05db39ac84da8604b7f0b9168325a99fb9","hazelcast/src/main/java/com/hazelcast/client/impl/protocol/task/map/AbstractMapQueryMessageTask.java","13","0","0","3","136","178","1"
"hazelcast","7055202cc7af449ba100132a7820aa265e438df0","hazelcast/src/main/java/com/hazelcast/client/impl/protocol/task/map/AbstractMapQueryMessageTask.java","13","0","0","3","136","178","1"
"hazelcast","aa69abc6301e7c21df5d5ffc9d4c073f3abb2a7a","hazelcast/src/main/java/com/hazelcast/client/impl/protocol/task/map/AbstractMapQueryMessageTask.java","13","0","0","3","136","178","1"
"hazelcast","bef9eaaee45912483a17edfa9bf8c70c0d515419","hazelcast/src/main/java/com/hazelcast/client/impl/protocol/task/map/AbstractMapQueryMessageTask.java","13","0","0","3","136","178","1"
"hazelcast","c25bc6804c939ae198dfd7bc3206dad8efb32d21","hazelcast/src/main/java/com/hazelcast/client/impl/protocol/task/map/AbstractMapQueryMessageTask.java","13","0","0","3","136","178","1"
"hazelcast","0715bd0ab14d5f03808c0983fb362ba7ae5ff513","hazelcast/src/main/java/com/hazelcast/client/impl/protocol/task/map/AbstractMapQueryMessageTask.java","13","0","0","3","136","178","0"
"hazelcast","4a1593fa6ba5c277c4ad2fc320d803b0e63b9339","hazelcast/src/test/java/com/hazelcast/replicatedmap/ReplicatedMapReorderedReplicationTest.java","13","0","0","3","145","188","0"
"neo4j","e7b3407f3dfe22e4029042512fbf88c2d60aa94d","enterprise/ha/src/main/java/org/neo4j/kernel/ha/backup/HaBackupProvider.java","13","0","0","3","166","214","1"
"neo4j","a2206e2451ffe226128a69a43f7f1f59409a0217","enterprise/ha/src/main/java/org/neo4j/kernel/ha/backup/HaBackupProvider.java","13","0","0","3","172","220","0"
"elasticsearch","5af6deb5b5d9d876f8975e587d121808ac402193","modules/reindex/src/main/java/org/elasticsearch/index/reindex/remote/RemoteScrollableHitSource.java","13","0","0","3","179","228","1"
"elasticsearch","fc2060ba7e27d013e943c1a1036c178f2402307b","modules/reindex/src/main/java/org/elasticsearch/index/reindex/remote/RemoteScrollableHitSource.java","13","0","0","3","181","238","0"
"mcMMO","973279ed40d7d21aa5eaacb55a70d9c086f226a8","src/main/java/com/gmail/nossr50/util/Hardcore.java","13","0","0","3","60","83","0"
"netty","06cbac922ada558e9b0ebeb9e58eb19d683ab451","codec-http/src/main/java/io/netty/handler/codec/spdy/SpdyHeaderBlockRawEncoder.java","13","0","0","3","78","104","0"
"BroadleafCommerce","2329fd97ddf2e72f443f8be7e7e6baf49987f511","admin/broadleaf-open-admin-platform/src/main/java/org/broadleafcommerce/openadmin/audit/AdminAuditableListener.java","13","0","0","3","78","110","1"
"netty","5cb9ab0fc0bba3891c3133e8b842f661ac6aaa5c","codec-http/src/main/java/io/netty/handler/codec/spdy/SpdyHeaderBlockRawEncoder.java","13","0","0","3","79","105","1"
"ceylon-ide-eclipse","5b4c3eac8a7c12c0125a77343e602b4e73083595","plugins/com.redhat.ceylon.eclipse.ui/src/com/redhat/ceylon/eclipse/code/hover/SourceInfoHover.java","13","0","0","3","79","97","0"
"mcMMO","3fe9cfee74b1313c6f88b46a92a6e947ec101f60","src/main/java/com/gmail/nossr50/commands/player/McrankCommand.java","13","0","0","3","80","96","1"
"mcMMO","6518d192ec8dec02b303d2bafb2b9276c1310aec","src/main/java/com/gmail/nossr50/commands/player/McrankCommand.java","13","0","0","3","81","97","0"
"hazelcast","0880710f355f33d03b8d928ec9d22a0ff4f1ca52","hazelcast/src/main/java/com/hazelcast/internal/nearcache/impl/store/NearCacheDataRecordStore.java","13","0","0","3","86","125","2"
"neo4j","94e08b495e36fe37b7de582be7dcc53aa9357e71","enterprise/core-edge/src/main/java/org/neo4j/coreedge/raft/roles/Appending.java","13","0","0","3","86","129","0"
"BroadleafCommerce","cd93d4999483686c6e9663d158dbb4bb2449edf1","common/src/main/java/org/broadleafcommerce/common/audit/AuditableListener.java","13","0","0","3","87","116","0"
"BroadleafCommerce","9b782f7d32f4d90aa15364f589e8b5627b11e6f0","common/src/main/java/org/broadleafcommerce/common/audit/AuditableListener.java","13","0","0","3","88","118","1"
"hazelcast","ed3c53bd4c5ab27e27893324c59d9e6acf8931a2","hazelcast/src/main/java/com/hazelcast/client/impl/protocol/task/dynamicconfig/AddMapConfigMessageTask.java","13","0","0","3","92","118","1"
"hazelcast","5f2fb4e1ecbd74ef1bc8282a61aa8d53be34d480","hazelcast/src/main/java/com/hazelcast/client/impl/protocol/task/dynamicconfig/AddMapConfigMessageTask.java","13","0","0","3","93","119","0"
"mcMMO","93548317293e2c6c5195544b99d4ce7d900abea1","src/main/java/com/gmail/nossr50/commands/general/AddlevelsCommand.java","13","0","0","3","97","119","3"
"mcMMO","6964f7adfcc76a91b4cbf091261c447df3fa6bc6","src/main/java/com/gmail/nossr50/config/mods/CustomBlocksConfig.java","13","0","0","3","98","120","0"
"hazelcast","4b896c6ac0e824a60dd63f23a7d1bbed1049faae","hazelcast/src/main/java/com/hazelcast/nio/serialization/DefaultSerializers.java","13","0","0","31","206","271","0"
"hazelcast","ea6df5b26c649fe055f90ebd8edfb6395649a658","hazelcast/src/main/java/com/hazelcast/internal/serialization/impl/JavaDefaultSerializers.java","13","0","0","31","231","294","1"
"hazelcast","237ded5a5370be91f04df1fc1208e3a4d8727ba1","hazelcast/src/main/java/com/hazelcast/internal/serialization/impl/JavaDefaultSerializers.java","13","0","0","31","234","297","0"
"orientdb","330416b3db551d1aa8106e36d9aa133804a0be52","core/src/test/java/com/orientechnologies/orient/core/sql/OCommandExecutorSQLSelectTest.java","13","0","0","31","385","492","5"
"orientdb","32bcab3904ae06f31e694dacebdb04af0e807381","core/src/test/java/com/orientechnologies/orient/core/sql/OCommandExecutorSQLSelectTest.java","13","0","0","32","392","500","4"
"orientdb","7d6926491a6802ab4f15473e73d3b1c7a176d958","core/src/test/java/com/orientechnologies/orient/core/sql/OCommandExecutorSQLSelectTest.java","13","0","0","33","404","519","3"
"hazelcast","4e007a3426015aebfb4a640a624d2e2e9dc90817","hazelcast-client-new/src/test/java/com/hazelcast/client/multimap/ClientMultiMapTest.java","13","0","0","34","279","369","0"
"hazelcast","58e4782c607905ce452f830bd68a2412a9e1961e","hazelcast-client-new/src/test/java/com/hazelcast/client/multimap/ClientMultiMapTest.java","13","0","0","34","282","372","1"
"orientdb","1c7b2a2d27182c354b402b3f61663d8fa73c91eb","core/src/test/java/com/orientechnologies/orient/core/sql/OCommandExecutorSQLSelectTest.java","13","0","0","34","411","530","3"
"orientdb","f665c6c66be2ddce02d4b1fd2c876f9f43a1a8e0","core/src/test/java/com/orientechnologies/orient/core/sql/OCommandExecutorSQLSelectTest.java","13","0","0","35","426","552","2"
"neo4j","2d5df12df068bc0fa086cac162c7a768314db0bf","enterprise/core-edge/src/main/java/org/neo4j/coreedge/core/server/BatchingMessageHandler.java","13","0","0","4","123","160","1"
"elasticsearch","380fcd1d02abb68493ddc7fe6c8ce3467f96a1aa","src/main/java/org/elasticsearch/index/merge/policy/TieredMergePolicyProvider.java","13","0","0","4","125","167","0"
"neo4j","691e0ace0344f1b545616bb278d4ea2a30f13308","community/bolt/src/test/java/org/neo4j/bolt/v1/docs/BoltFullExchangesDocTest.java","13","0","0","4","128","176","0"
"elasticsearch","577dcb32374cf2528a5deadf0a57f1ea1d5a9cbd","core/src/test/java/org/elasticsearch/discovery/zen/NodeRemovalClusterStateTaskExecutorTests.java","13","0","0","4","132","185","0"
"elasticsearch","0556c93920af457c0dfb41dc2f52013ebc3e136e","core/src/test/java/org/elasticsearch/discovery/zen/NodeRemovalClusterStateTaskExecutorTests.java","13","0","0","4","133","186","1"
"elasticsearch","3f6a3c01dadb1951b597ffdbd068359a2fbc84c8","core/src/test/java/org/elasticsearch/discovery/zen/NodeRemovalClusterStateTaskExecutorTests.java","13","0","0","4","133","186","1"
"elasticsearch","6abcd42a05a0e2bc4eaf1add6a41ae7d48f840c2","core/src/test/java/org/elasticsearch/discovery/zen/NodeRemovalClusterStateTaskExecutorTests.java","13","0","0","4","133","186","0"
"elasticsearch","d96388205303fdb93607ea845501379c1dad2b0d","core/src/test/java/org/elasticsearch/index/shard/StoreRecoveryTests.java","13","0","0","4","134","162","1"
"elasticsearch","8dcb1f5c7c1b5b55bb47e04353456382f9842206","core/src/test/java/org/elasticsearch/index/shard/StoreRecoveryTests.java","13","0","0","4","135","163","0"
"elasticsearch","6ba30b7294f235fc6b7dc312431ca9bee883659b","plugins/lang-javascript/src/test/java/org/elasticsearch/script/javascript/JavaScriptScriptMultiThreadedTests.java","13","0","0","4","135","164","0"
"neo4j","96b75bb344012a256b80b3e34629e9c7ad045396","community/consistency-check/src/main/java/org/neo4j/consistency/checking/full/NodeCorrectlyIndexedCheck.java","13","0","0","4","135","177","0"
"elasticsearch","51d53791fe71c9cb62bc992588a57cdfb500383f","core/src/main/java/org/elasticsearch/rest/action/search/RestSearchScrollAction.java","13","0","0","4","77","107","0"
"elasticsearch","2b3760f78b26817b5a2030aa27b1ddf2f17462f6","core/src/main/java/org/elasticsearch/rest/action/search/RestSearchScrollAction.java","13","0","0","4","79","109","1"
"hazelcast","07cd42d5481bc8e9bdc882070746ca7ad10d015b","hazelcast/src/main/java/com/hazelcast/instance/HazelcastInstanceImpl.java","13","0","0","46","342","431","1"
"hazelcast","21586825d367940e1c79cf289e97310daab1200d","hazelcast/src/test/java/com/hazelcast/query/PredicateBuilderTest.java","13","0","0","5","110","172","1"
"hazelcast","772b5217030e0fb94bf07a00d9b5e7b275a82030","hazelcast/src/test/java/com/hazelcast/query/PredicateBuilderTest.java","13","0","0","5","121","179","0"
"neo4j","e0cfe374091c540113f50bd70c3863d081ae9f11","community/bolt/src/main/java/org/neo4j/bolt/v1/runtime/internal/CypherAdapterStream.java","13","0","0","5","147","195","1"
"neo4j","28783f201196c8e95862b4cdee9bf7f2f794c12c","community/bolt/src/main/java/org/neo4j/bolt/v1/runtime/internal/CypherAdapterStream.java","13","0","0","5","148","196","0"
"netty","c0936fc8e70ec17f9248b139947cd2e85c793b6f","transport/src/test/java/io/netty/channel/ChannelOutboundBufferTest.java","13","0","0","5","166","213","0"
"ceylon-ide-eclipse","266a61d10bb4124ee958ceea9075ca5a106137b6","plugins/com.redhat.ceylon.eclipse.ui/src/com/redhat/ceylon/eclipse/code/refactor/AliasLinkedMode.java","13","0","0","5","210","307","0"
"mcMMO","f3fd48d0c0754d8096800780d70636d1fd0a3d98","src/main/java/com/gmail/nossr50/runnables/skills/AlchemyBrewTask.java","13","0","0","5","79","104","1"
"hazelcast","d32b58c8344e3ee868d1a84efc3e15aa77ae82f3","hazelcast/src/main/java/com/hazelcast/spi/impl/eventservice/impl/EventProcessor.java","13","0","0","5","85","119","1"
"hazelcast","4b9cef83c2c99af4df9d1d0338f29a7dc1c9eda8","hazelcast/src/main/java/com/hazelcast/spi/impl/eventservice/impl/EventPacketProcessor.java","13","0","0","5","88","122","1"
"hazelcast","5aa58b497cf248596c24b6e8ce3e05c35a87d498","hazelcast-client/src/main/java/com/hazelcast/client/impl/HazelcastClientInstanceImpl.java","13","0","0","51","391","456","1"
"hazelcast","69975a8df84795d2fbd45e45b1d169e13fcbf0b1","hazelcast-client/src/main/java/com/hazelcast/client/impl/HazelcastClientInstanceImpl.java","13","0","0","51","392","457","0"
"netty","e6ca9882a107c34cf6358c8d7a68561025f06016","codec/src/main/java/io/netty/handler/codec/DefaultTextHeaders.java","13","0","0","59","473","617","1"
"orientdb","c65031e4a5cae04be6faeaeccb01fb18d3e5fb85","graphdb/src/test/java/com/tinkerpop/blueprints/impls/orient/OrientGraphMultithreadRemoteTest.java","13","0","0","6","128","161","1"
"hazelcast","67db7c70adf6604568aa7e831f0373cf4b411bd0","hazelcast/src/main/java/com/hazelcast/spi/impl/AbstractCompletableFuture.java","13","0","0","6","128","189","1"
"hazelcast","b13177055f1d59e2658dad940a812bc04a7bf5f6","hazelcast/src/main/java/com/hazelcast/internal/cluster/impl/operations/MemberInfoUpdateOperation.java","13","0","0","6","132","177","2"
"elasticsearch","d84c643f5880a88d2e5c38b487123161f3e01fe0","core/src/test/java/org/elasticsearch/index/query/FuzzyQueryBuilderTests.java","13","0","0","6","136","175","0"
"elasticsearch","de243493c9a31354d742c34a66817e8a06798026","src/main/java/org/elasticsearch/indices/cache/filter/IndicesFilterCache.java","13","0","0","6","144","197","0"
"MapDB","967d502ba59a1550d6f810c6ba63772c4eeeabec","src/test/java/org/mapdb/StoreWALTest.java","13","0","0","6","146","202","0"
"neo4j","3d17a685dd4a90897f208f3948aa870f3b2f27f7","community/server/src/main/java/org/neo4j/server/ServerBootstrapper.java","13","0","0","6","154","202","0"
"neo4j","2162f57a395476c1b2e263b1e055c6baea8aa276","community/server/src/main/java/org/neo4j/server/ServerBootstrapper.java","13","0","0","6","156","203","0"
"neo4j","f62546c107cb36ef81fac35fa804e80c9b4c5282","community/server/src/main/java/org/neo4j/server/ServerBootstrapper.java","13","0","0","6","160","207","1"
"neo4j","04804ce9598aa12b8f9407495d0b8f5c35483ea9","community/server/src/main/java/org/neo4j/server/ServerBootstrapper.java","13","0","0","6","170","222","0"
"neo4j","1f093fa1a35c7d128934ed8fbd50b730b201345b","community/io/src/test/java/org/neo4j/graphdb/mockfs/EphemeralFileSystemAbstractionCrashTest.java","13","0","0","6","170","255","0"
"elasticsearch","d5d0f140d6a362a3b069dd55597506f91c97805e","core/src/test/java/org/elasticsearch/search/aggregations/bucket/filters/FiltersAggregatorTests.java","13","0","0","6","191","229","0"
"hazelcast","7dd4ce26e5127137eb7116b7084eb6c659218b43","hazelcast/src/test/java/com/hazelcast/quorum/QuorumListenerTest.java","13","0","0","6","201","233","1"
"hazelcast","0d9c5f01b0c284485f9e0a3eae99c67fff380791","hazelcast/src/test/java/com/hazelcast/quorum/map/QuorumListenerTest.java","13","0","0","6","207","239","1"
"hazelcast","4c17c585b5a00157138cce6595252eaca6adb2dd","hazelcast/src/test/java/com/hazelcast/quorum/cache/CacheQuorumListenerTest.java","13","0","0","6","219","258","1"
"hazelcast","38b2c580dfaed82068f5137d2d84929eae461780","hazelcast/src/test/java/com/hazelcast/quorum/cache/CacheQuorumListenerTest.java","13","0","0","6","220","259","0"
"neo4j","21dc057a8a68245281a22d7bdb8da5ae2103f057","enterprise/core-edge/src/test/java/org/neo4j/coreedge/raft/state/DurableStateStorageIT.java","13","0","0","6","234","310","0"
"elasticsearch","d8808210f14c8f340e79bc3426bb7ed34f65ef10","core/src/test/java/org/elasticsearch/client/transport/TransportClientNodesServiceTests.java","13","0","0","6","242","325","0"
"elasticsearch","04e08f5e491477f573b9e3ac19ee4b57cf7886db","core/src/test/java/org/elasticsearch/client/transport/TransportClientNodesServiceTests.java","13","0","0","6","248","333","2"
"BroadleafCommerce","15e70fe6b89d008dd88b5e98dbfc66a720db68bb","core/broadleaf-framework/src/main/java/org/broadleafcommerce/core/order/domain/GiftWrapOrderItemImpl.java","13","0","0","6","71","106","1"
"orientdb","8c11feaaa8038bcbd58fddd594b8a88e99d62380","core/src/main/java/com/orientechnologies/orient/core/sql/parser/OTraverseStatement.java","13","0","0","6","71","94","0"
"netty","2bb114bcb72f467cfa3ac730493ef2270193dffa","transport/src/main/java/io/netty/channel/ChannelFlushFutureNotifier.java","13","0","0","6","92","130","1"
"hazelcast","4ed50dff65bc355d89442c5dbe9b2ab89d786f56","hazelcast/src/main/java/com/hazelcast/scheduledexecutor/impl/ScheduledExecutorPartition.java","13","0","0","6","99","140","1"
"hazelcast","bab7f1c1ba3f3d6d5cbd04e858e99a3955bfe7b9","hazelcast-client/src/test/java/com/hazelcast/client/test/TestHazelcastFactory.java","13","0","0","7","109","148","0"
"hazelcast","0880710f355f33d03b8d928ec9d22a0ff4f1ca52","hazelcast/src/test/java/com/hazelcast/map/impl/nearcache/invalidation/MapInvalidationMetaDataMigrationTest.java","13","0","0","7","191","263","2"
"hazelcast","70d4de16ff0ac4518d09aad8c9f2ad9e782fb337","hazelcast/src/test/java/com/hazelcast/cluster/MemberAttributeTest.java","13","0","0","7","195","275","1"
"hazelcast","d568e4d926d925d57d4e79e34614390416749301","hazelcast/src/test/java/com/hazelcast/cluster/MemberAttributeTest.java","13","0","0","7","200","280","0"
"mct","05f1a5bde8b837c289f84409f3c5189938aaf581","canvas/src/main/java/gov/nasa/arc/mct/canvas/view/PanelInspector.java","13","0","0","7","242","306","0"
"elasticsearch","e1c11209496173874c2f632028e7d028e730b7e2","src/test/java/org/elasticsearch/cache/recycler/MockPageCacheRecycler.java","13","0","0","8","103","143","0"
"elasticsearch","598854dd72d7fb01a7e26a9dad065de3deaa5eb7","src/test/java/org/elasticsearch/test/disruption/SlowClusterStateProcessing.java","13","0","0","8","112","154","0"
"neo4j","3ec0e927cb481a29815bc3237d2e53fd7cadd271","community/lucene-index/src/main/java/org/neo4j/kernel/api/impl/index/LuceneSchemaIndexProvider.java","13","0","0","8","146","179","0"
"hazelcast","490031a220076fe6cf002b209e986e2edbad57b9","hazelcast-client/src/main/java/com/hazelcast/client/spi/ClientProxy.java","13","0","0","8","148","200","1"
"neo4j","7b2448cc0e0458ff28042a7b4980d28d6cb19758","community/kernel/src/main/java/org/neo4j/kernel/impl/transaction/state/PropertyCreator.java","13","0","0","8","164","217","0"
"mct","8258a874558fb0fab19d7d3c0f101545bdb26038","platform/src/test/java/gov/nasa/arc/mct/gui/housing/TestInspector.java","13","0","0","8","168","247","1"
"hazelcast","86aac0a44658303ed5ea3eb494ebf8ea64b9a461","hazelcast/src/test/java/com/hazelcast/impl/CMapTest.java","13","0","0","8","353","388","1"
"hazelcast","525c34cddd7f4e08d674611e177bab103e4d1881","hazelcast/src/test/java/com/hazelcast/impl/CMapTest.java","13","0","0","8","354","389","1"
"hazelcast","82fcc4c7c87097d1719bb56112aec0fafdb6bc0e","hazelcast/src/test/java/com/hazelcast/impl/CMapTest.java","13","0","0","8","355","390","0"
"elasticsearch","b40c1deebe410eb5279579030493e5c63c02075d","core/src/test/java/org/elasticsearch/action/admin/indices/create/CreateIndexIT.java","13","0","0","9","225","265","2"
"elasticsearch","a963385deedca02a6d0000281ecb1ae96130155e","core/src/test/java/org/elasticsearch/action/admin/indices/create/CreateIndexIT.java","13","0","0","9","225","269","2"
"neo4j","2d797dc6d7d210dc1e693e00e2515f53f3c80ccf","community/io/src/test/java/org/neo4j/graphdb/mockfs/EphemeralFileSystemAbstractionTest.java","13","0","0","9","232","327","1"
"neo4j","68aaaadcde195ca43c9aa6373de935aace3d87e8","community/io/src/test/java/org/neo4j/graphdb/mockfs/EphemeralFileSystemAbstractionTest.java","13","0","0","9","233","328","0"
"hazelcast","6437712f7741046955fc4afa5d6f48565655155e","hazelcast/src/test/java/com/hazelcast/map/EvictionMaxSizePolicyTest.java","13","0","0","9","272","350","0"
"hazelcast","198c94068e72f9ff18176b2be6c431d35588d5fa","hazelcast/src/test/java/com/hazelcast/map/EvictionMaxSizePolicyTest.java","13","0","0","9","294","380","2"
"hazelcast","55ff6e20d537de521f02406b1cb4000c784f27ec","hazelcast/src/test/java/com/hazelcast/impl/CMapTest.java","13","0","0","9","374","413","0"
"elasticsearch","bb3a59fa705f5276143f7e9b8e1f06ef519987e6","core/src/test/java/org/elasticsearch/search/aggregations/bucket/GeoDistanceIT.java","13","0","0","9","407","494","1"
"hazelcast","d9bfe1e524e1364c2570a6ee0eaffd02993ca90f","hazelcast/src/main/java/com/hazelcast/spi/AbstractDistributedObject.java","13","0","0","9","79","118","2"
"hazelcast","48b943c291519a83b8422246b24003b0591511cc","hazelcast/src/main/java/com/hazelcast/spi/AbstractDistributedObject.java","13","0","0","9","88","126","2"
"netty","b39380ad83cda7ebe79d692216e204b8b6b67568","codec-http2/src/main/java/io/netty/handler/codec/http2/AbstractHttp2ConnectionHandlerBuilder.java","13","0","1","0","178","395","0"
"elasticsearch","a2d07058e8557539e843fc3c2cace23b56512344","src/main/java/org/elasticsearch/action/support/master/TransportMasterNodeOperationAction.java","13","0","1","0","212","275","1"
"netty","530750d60669156d508041e3c99ce95111b7e81d","codec-dns/src/main/java/io/netty/handler/codec/dns/DnsResponseDecoder.java","13","0","1","0","94","152","1"
"netty","ae9963a40cbf7714f3f30e0093ff41f2f200b6e8","codec-dns/src/main/java/io/netty/handler/codec/dns/DnsResponseDecoder.java","13","0","1","0","94","153","0"
"hazelcast","44653e7fe7c831a396d45f445033d24b4b6f9379","hazelcast/src/main/java/com/hazelcast/cache/impl/CacheEventHandler.java","13","0","1","1","100","134","1"
"elasticsearch","0d5a2f25d3e31dda79589d967541b810cd3e692a","core/src/main/java/org/elasticsearch/action/admin/indices/cache/clear/TransportClearIndicesCacheAction.java","13","0","1","1","100","141","0"
"elasticsearch","2bd09c4625898d77aa6c015c6f82cf973ed18cb7","core/src/main/java/org/elasticsearch/action/admin/indices/cache/clear/TransportClearIndicesCacheAction.java","13","0","1","1","100","141","0"
"elasticsearch","a60b8948ba1d836a6eac7cff095519e618939ed8","core/src/main/java/org/elasticsearch/action/admin/indices/cache/clear/TransportClearIndicesCacheAction.java","13","0","1","1","100","141","0"
"elasticsearch","c13df3b6c5020c185c232c590132151896d48d03","core/src/main/java/org/elasticsearch/action/admin/indices/cache/clear/TransportClearIndicesCacheAction.java","13","0","1","1","100","141","0"
"elasticsearch","3d13c27fa0df12018f35f1b20987c90277e9b6f9","core/src/main/java/org/elasticsearch/action/admin/indices/cache/clear/TransportClearIndicesCacheAction.java","13","0","1","1","100","141","1"
"elasticsearch","78574d248cf10dad1c5a566fda79e1e0c94afe43","core/src/main/java/org/elasticsearch/action/admin/indices/cache/clear/TransportClearIndicesCacheAction.java","13","0","1","1","100","141","1"
"elasticsearch","e6aaaf11ed4a1b8f595f920de1840938eddb7a97","core/src/main/java/org/elasticsearch/action/admin/indices/cache/clear/TransportClearIndicesCacheAction.java","13","0","1","1","100","141","1"
"hazelcast","b04a2bf45dc85bc1d0513f3ac65ea899616c9c39","hazelcast/src/main/java/com/hazelcast/cache/impl/CacheEventHandler.java","13","0","1","1","103","138","0"
"elasticsearch","b3866689fa1fe9ad85dbd17b287d53757a2d7764","src/main/java/org/elasticsearch/action/admin/indices/delete/TransportDeleteIndexAction.java","13","0","1","1","112","156","0"
"netty","8fb80e91796e8567aca5e2b8244f853f8631217b","transport/src/main/java/io/netty/channel/aio/AbstractAioChannel.java","13","0","1","1","115","178","0"
"hazelcast","7e27a183fbacbff6b90d6061b5fef54568b33460","hazelcast/src/main/java/com/hazelcast/cache/impl/CacheRecordStore.java","13","0","1","1","118","179","0"
"elasticsearch","9738ef3a90bec148abbe55dec6f6183190fa4713","core/src/main/java/org/elasticsearch/action/search/TransportClearScrollAction.java","13","0","1","1","120","162","0"
"elasticsearch","c5a290550ff69ba228095fa5d5ccae8c2325c33b","core/src/main/java/org/elasticsearch/action/search/TransportClearScrollAction.java","13","0","1","1","121","163","1"
"elasticsearch","89ac6a83f134365dcc3b7bdff5a3f14ddab6c2c5","core/src/main/java/org/elasticsearch/action/support/replication/TransportBroadcastReplicationAction.java","13","0","1","1","122","163","1"
"elasticsearch","17906ca7d615dc4c72cb5cc403f2d561dc1f2ff3","core/src/main/java/org/elasticsearch/action/admin/cluster/stats/TransportClusterStatsAction.java","13","0","1","1","126","173","1"
"elasticsearch","1f04182b8164ffb19f3805c48d67f0375262b317","core/src/main/java/org/elasticsearch/action/admin/cluster/stats/TransportClusterStatsAction.java","13","0","1","1","127","174","1"
"elasticsearch","adc0807c686b37bf1d96bd3eb9d26face380fe44","src/main/java/org/elasticsearch/action/admin/indices/warmer/put/TransportPutWarmerAction.java","13","0","1","1","128","176","0"
"elasticsearch","2f3a04107090dfcdcf917c571fdab350034f1faf","src/main/java/org/elasticsearch/action/admin/cluster/stats/TransportClusterStatsAction.java","13","0","1","1","136","186","0"
"elasticsearch","25fd9e26c4fb042d6f6dea14efcd239577bdbbc4","core/src/main/java/org/elasticsearch/action/admin/indices/validate/query/TransportValidateQueryAction.java","13","0","1","1","143","184","0"
"elasticsearch","16e5cdf8d092842b7e4eb25de681f217d9cb48d0","src/main/java/org/elasticsearch/action/admin/indices/validate/query/TransportValidateQueryAction.java","13","0","1","1","165","216","2"
"elasticsearch","3d63bac51d768f5accb59829868c9b401ec82dc5","src/main/java/org/elasticsearch/action/admin/indices/validate/query/TransportValidateQueryAction.java","13","0","1","1","165","216","2"
"elasticsearch","e8e684c6c48d3289f154cbb230f6bcd38fa2bc79","src/main/java/org/elasticsearch/action/admin/indices/validate/query/TransportValidateQueryAction.java","13","0","1","1","165","216","0"
"neo4j","5648f49ce188a816a5d19a98e9118caeb8ff60b3","enterprise/security/src/main/java/org/neo4j/server/security/enterprise/auth/FileUserRealm.java","13","0","1","1","191","264","1"
"neo4j","491723dc8ecc83b0208371a245709c8a190008f6","enterprise/security/src/main/java/org/neo4j/server/security/enterprise/auth/FileUserRealm.java","13","0","1","1","194","270","0"
"hazelcast","c7fd539c43b8e027a74d0f9118e9f3d48bc930d1","hazelcast/src/main/java/com/hazelcast/client/impl/client/ClientPortableFactory.java","13","0","1","1","53","76","1"
"elasticsearch","3f06d9f3b8516bb30a2890a36c2973f08f9c6076","modules/lang-painless/src/main/java/org/elasticsearch/painless/node/SDeclaration.java","13","0","1","1","55","90","0"
"BroadleafCommerce","0b82dddef8d8a719cf608eae326d394cb23b6218","core/broadleaf-framework/src/main/java/org/broadleafcommerce/core/offer/service/workflow/RecordOfferUsageActivity.java","13","0","1","1","67","102","3"
"elasticsearch","3f06d9f3b8516bb30a2890a36c2973f08f9c6076","modules/lang-painless/src/main/java/org/elasticsearch/painless/node/SWhile.java","13","0","1","1","72","121","0"
"elasticsearch","b49635539d929d6cb5ee56153e2f95872fe4bb16","modules/lang-painless/src/main/java/org/elasticsearch/painless/node/SWhile.java","13","0","1","1","73","123","1"
"elasticsearch","e3322836b57e7419892555e7ab58ab9b74622950","modules/elasticsearch/src/main/java/org/elasticsearch/action/admin/cluster/state/TransportClusterStateAction.java","13","0","1","1","75","110","0"
"BroadleafCommerce","f0a43a10b18a55908684479d3eadcb3822d3cd60","core/broadleaf-framework/src/main/java/org/broadleafcommerce/core/pricing/service/workflow/TotalActivity.java","13","0","1","1","80","134","0"
"elasticsearch","3120457bfefdca48744ea6a385bc80e573316e21","src/main/java/org/elasticsearch/action/admin/cluster/state/TransportClusterStateAction.java","13","0","1","1","84","121","0"
"hazelcast","2d61a67c44972c7c71b5c93be51bbb0154a73f45","hazelcast/src/main/java/com/hazelcast/mapreduce/impl/task/TrackableJobFuture.java","13","0","1","10","124","174","1"
"hazelcast","b753aeeb27f1b35ef0e8043027a09001e02abf62","hazelcast/src/main/java/com/hazelcast/map/impl/operation/PutFromLoadAllOperation.java","13","0","1","10","137","189","4"
"elasticsearch","e0fbd5df52449d7caeb7eeb7392a595d35b10ef3","src/main/java/org/elasticsearch/index/merge/policy/LogByteSizeMergePolicyProvider.java","13","0","1","10","139","192","1"
"elasticsearch","5f188d29fac19f26959eeae17d4ed901cd3b7d6f","src/main/java/org/elasticsearch/action/deletebyquery/ShardDeleteByQueryRequest.java","13","0","1","10","141","186","1"
"elasticsearch","9809760eb0658d9918c6f4aa5b15606c6e857fb3","plugins/repository-azure/src/main/java/org/elasticsearch/cloud/azure/storage/AzureStorageSettings.java","13","0","1","10","142","190","0"
"elasticsearch","72ef6fa0d76984de2a860fb112f10b1ed65c241b","plugins/repository-azure/src/main/java/org/elasticsearch/cloud/azure/storage/AzureStorageSettings.java","13","0","1","10","146","195","1"
"elasticsearch","6b23ee80404ea8cb143abd776968854e263275b9","core/src/main/java/org/elasticsearch/search/aggregations/bucket/geogrid/GeoGridAggregationBuilder.java","13","0","1","10","194","276","2"
"elasticsearch","c8ca015c0bd28caf4fd84862679afc63a9e7d2ac","core/src/main/java/org/elasticsearch/search/aggregations/bucket/geogrid/GeoGridAggregationBuilder.java","13","0","1","10","196","278","0"
"neo4j","e6404087822a6b648cb58a156f12f0f7ca248daf","community/kernel/src/main/java/org/neo4j/kernel/impl/store/kvstore/AbstractKeyValueStore.java","13","0","1","10","342","433","1"
"BroadleafCommerce","7da760ada0cf3c3164075c970c90d47e36b4bef4","admin/broadleaf-open-admin-platform/src/main/java/org/broadleafcommerce/openadmin/dto/CollectionMetadata.java","13","0","1","10","64","104","0"
"elasticsearch","d3065acf14a76c1c6ef597f8d6acf9a9c3da24c8","src/main/java/org/elasticsearch/cluster/routing/PlainShardsIterator.java","13","0","1","10","94","139","2"
"elasticsearch","65bda6238839b43c89644bd38cc8dab6c5d8a6e0","src/main/java/org/elasticsearch/cloud/aws/blobstore/S3BlobStore.java","13","0","1","11","108","159","1"
"hazelcast","f20e3dadabc7cb95afcf791a2c9872699868bdb6","hazelcast/src/main/java/com/hazelcast/map/operation/PutFromLoadAllOperation.java","13","0","1","11","129","156","1"
"elasticsearch","0fdfa5a58153611eb26f8cb61447a379f7d69a27","src/main/java/org/elasticsearch/index/translog/fs/BufferingFsTranslogFile.java","13","0","1","11","150","176","0"
"elasticsearch","cd79f03977bb136be76104464f539f0a209c3457","src/main/java/org/elasticsearch/index/translog/fs/BufferingFsTranslogFile.java","13","0","1","11","150","180","0"
"elasticsearch","96c245c19033092f6b3d4b60f42b6850b2fbe2fb","plugins/cloud-azure/src/main/java/org/elasticsearch/cloud/azure/storage/AzureStorageServiceImpl.java","13","0","1","11","155","229","0"
"elasticsearch","add433944676594b5696bc949e3e8eea38cf037d","src/main/java/org/elasticsearch/index/query/support/NestedInnerQueryParseSupport.java","13","0","1","11","157","206","0"
"elasticsearch","43aabe88e85ead55ca14ca01b40137013e7c51ab","src/main/java/org/elasticsearch/index/search/child/ParentQuery.java","13","0","1","11","217","288","0"
"hazelcast","c48d6ac3a23c3aa48005bade999e52f7ed2d9204","hazelcast/src/main/java/com/hazelcast/map/operation/EntryOperation.java","13","0","1","12","112","155","0"
"hazelcast","42e5849f7ebce11fa76d0780610fba85b1818987","hazelcast-client/src/main/java/com/hazelcast/client/spi/impl/ClientInvocationServiceImpl.java","13","0","1","12","172","227","0"
"orientdb","30ff9985cfca4f3e9a7af445fe2d2c525bdac532","core/src/test/java/com/orientechnologies/orient/core/metadata/sequence/OSequenceTest.java","13","0","1","12","226","288","0"
"elasticsearch","4eddaec8ba0f2f8c3806a6eaf1702c509fb4c915","modules/benchmark/micro/src/main/java/org/elasticsearch/benchmark/index/engine/SimpleEngineBenchmark.java","13","0","1","12","245","330","0"
"elasticsearch","0f4ca09e54902f4402af4bc23e85c7bb2afa22d4","src/main/java/org/elasticsearch/common/rounding/TimeZoneRounding.java","13","0","1","12","346","462","0"
"elasticsearch","d33f1d4bd8d0876e7186d9674c0018e110190e0e","src/main/java/org/elasticsearch/common/rounding/TimeZoneRounding.java","13","0","1","12","346","463","1"
"BroadleafCommerce","7da760ada0cf3c3164075c970c90d47e36b4bef4","admin/broadleaf-open-admin-platform/src/main/java/org/broadleafcommerce/openadmin/dto/AdornedTargetCollectionMetadata.java","13","0","1","12","72","116","0"
"hazelcast","78ae1a75208f6777bfb81fd68b2d62b446f83759","hazelcast-hibernate/hazelcast-hibernate3/src/main/java/com/hazelcast/hibernate/distributed/IMapRegionCache.java","13","0","1","13","116","169","0"
"BroadleafCommerce","fc96cd617dc6f16a02dfe01f95486da731a6cd13","core/broadleaf-framework/src/main/java/org/broadleafcommerce/core/catalog/domain/CategoryProductXrefImpl.java","13","0","1","13","132","197","0"
"elasticsearch","20279a255674d826d07ecbb1f729d913b06cd7b3","src/main/java/org/elasticsearch/search/aggregations/bucket/sampler/SamplerAggregator.java","13","0","1","13","191","277","1"
"orientdb","e9506470481ca6be46db5a1c37e2c7b02fc613d7","core/src/main/java/com/orientechnologies/orient/core/index/OIndexOneValue.java","13","0","1","13","195","264","1"
"elasticsearch","fdf2bb93716c2a6f2b0d0785df386ecd414994c4","src/main/java/org/elasticsearch/search/aggregations/metrics/stats/InternalStats.java","13","0","1","14","148","197","0"
"elasticsearch","d8cd75544536a211fa5c66e190aa4313213f0308","src/main/java/org/elasticsearch/search/aggregations/metrics/stats/InternalStats.java","13","0","1","14","150","199","1"
"orientdb","adddd500f5b684336e6d81b081c449dabe52977d","server/src/main/java/com/orientechnologies/orient/server/distributed/task/OSyncDatabaseTask.java","13","0","1","14","162","237","1"
"hazelcast","b35fc8b41b2a3d8aaa779330b394467579b97778","hazelcast/src/main/java/com/hazelcast/spi/impl/operationservice/impl/operations/PartitionIteratingOperation.java","13","0","1","14","170","229","1"
"neo4j","8ab0685a4620653b3c1764d5bd04598a2e954bb2","community/security/src/main/java/org/neo4j/server/security/auth/BasicAuthManager.java","13","0","1","15","173","232","1"
"neo4j","e9de62e7befeeb8b49cf594775b843b963d6ef6d","community/kernel/src/main/java/org/neo4j/kernel/impl/nioneo/store/NodeStore.java","13","0","1","15","204","265","1"
"neo4j","1a261f85215c39039a8e8d12b1363ec328e56bf7","community/kernel/src/main/java/org/neo4j/kernel/impl/nioneo/store/NodeStore.java","13","0","1","15","206","267","0"
"netty","dddfb149a5f7c043ff4d20c36a132a6f2dedd4f8","codec-http/src/test/java/io/netty/handler/codec/http/HttpResponseDecoderTest.java","13","0","1","15","368","513","0"
"elasticsearch","01a6b7c4085efcaa314c01b6d22c5b59771d776c","core/src/test/java/org/elasticsearch/fieldstats/FieldStatsTests.java","13","0","1","15","441","517","1"
"elasticsearch","22720a1abd4e88cd0c3c860bc0774d1286e2e4d4","src/main/java/org/elasticsearch/search/aggregations/metrics/stats/InternalStats.java","13","0","1","17","172","226","1"
"elasticsearch","ff3fd99074e4a616d172ab4cb0580872f6cecbbe","modules/lang-groovy/src/test/java/org/elasticsearch/messy/tests/TDigestPercentilesTests.java","13","0","1","17","364","449","0"
"hazelcast","1bdd7b1dfedb13853314bb2abdd57ab496f33be2","hazelcast/src/main/java/com/hazelcast/concurrent/semaphore/SemaphoreService.java","13","0","1","18","155","204","1"
"BroadleafCommerce","92da893577ed005d3f422142164bcbd88b85bd61","core/broadleaf-framework/src/main/java/org/broadleafcommerce/core/search/service/solr/SolrHelperServiceImpl.java","13","0","1","18","165","229","8"
"BroadleafCommerce","181f1dd1e7867c179a923fc323ba9293812fff9d","core/broadleaf-framework/src/main/java/org/broadleafcommerce/core/search/service/solr/SolrHelperServiceImpl.java","13","0","1","18","166","230","7"
"elasticsearch","ff3fd99074e4a616d172ab4cb0580872f6cecbbe","modules/lang-groovy/src/test/java/org/elasticsearch/messy/tests/TDigestPercentileRanksTests.java","13","0","1","18","375","465","0"
"elasticsearch","3aed047bdedde1bda189cbfc2f81e65af42e57c5","core/src/test/java/org/elasticsearch/search/aggregations/metrics/TDigestPercentilesIT.java","13","0","1","18","410","511","0"
"elasticsearch","0a69f1e283e26e5d9e6a000b68b9f4778de557a1","core/src/test/java/org/elasticsearch/indices/template/SimpleIndexTemplateIT.java","13","0","1","18","510","665","2"
"elasticsearch","3aed047bdedde1bda189cbfc2f81e65af42e57c5","core/src/test/java/org/elasticsearch/search/aggregations/metrics/TDigestPercentileRanksIT.java","13","0","1","19","421","525","0"
"elasticsearch","952feb58e41bd0220784c44136b840ea4a740e26","core/src/test/java/org/elasticsearch/search/aggregations/metrics/TDigestPercentileRanksIT.java","13","0","1","19","422","527","1"
"elasticsearch","a9169e536baff048b50700c6b1daefa6986b6153","core/src/test/java/org/elasticsearch/search/aggregations/metrics/TDigestPercentileRanksIT.java","13","0","1","19","422","527","1"
"elasticsearch","e7d352b489272a87b05019869857656de7fb82fc","core/src/test/java/org/elasticsearch/search/aggregations/metrics/TDigestPercentileRanksIT.java","13","0","1","19","422","527","0"
"hazelcast","127d983822bf447a32033f2b4956b7b746b7e002","hazelcast/src/main/java/com/hazelcast/nio/tcp/AbstractSelectionHandler.java","13","0","1","2","107","149","0"
"titan","af0cb5e914ec2a77b4dcceae3eea5ebfef3a52ad","titan-test/src/main/java/com/thinkaurelius/titan/graphdb/TitanIndexTest.java","13","0","1","2","124","162","1"
"BroadleafCommerce","c47428fb0783c065f81dbdf641f1155879791b33","common/src/main/java/org/broadleafcommerce/common/web/BroadleafRequestProcessor.java","13","0","1","2","136","204","0"
"elasticsearch","685f7c7d84dc62e1ce8f067e5bb1d8a13860ad3b","modules/elasticsearch/src/main/java/org/elasticsearch/index/analysis/phonetic/PhoneticTokenFilterFactory.java","13","0","1","2","52","80","1"
"elasticsearch","de243493c9a31354d742c34a66817e8a06798026","src/main/java/org/elasticsearch/cluster/routing/allocation/decider/DisableAllocationDecider.java","13","0","1","2","56","113","0"
"elasticsearch","04086985f415896c245a3ea2fc853042f022822c","modules/elasticsearch/src/main/java/org/elasticsearch/index/analysis/phonetic/PhoneticTokenFilterFactory.java","13","0","1","2","58","86","0"
"orientdb","e5553e3a3ab0829114fbeda57d98f530cdfd0e29","core/src/main/java/com/orientechnologies/orient/core/sql/method/misc/OSQLMethodFormat.java","13","0","1","2","60","93","0"
"elasticsearch","bd75b731c654f4c845f0781306b8055704706585","src/main/java/org/elasticsearch/cluster/routing/allocation/decider/DisableAllocationDecider.java","13","0","1","2","61","118","1"
"hazelcast","bab7f1c1ba3f3d6d5cbd04e858e99a3955bfe7b9","hazelcast-client/src/main/java/com/hazelcast/client/util/AddressHelper.java","13","0","1","2","65","97","0"
"elasticsearch","0b9b9d7983c4fc6bc5a33ec75cec22e048528ff6","core/src/test/java/org/elasticsearch/index/store/IndexStoreTests.java","13","0","1","2","67","93","1"
"elasticsearch","41aa1a7a7138a15fa58d09a3cc641596dbd89647","core/src/main/java/org/elasticsearch/search/aggregations/pipeline/bucketmetrics/BucketMetricsParser.java","13","0","1","2","77","113","1"
"elasticsearch","a345e98575c92fef64023026581eb6b37b7720a5","src/main/java/org/elasticsearch/action/search/TransportSearchAction.java","13","0","1","2","79","117","0"
"elasticsearch","7678ab52644ebeedf8a3428382cadb065fd24f51","src/main/java/org/elasticsearch/action/search/TransportSearchAction.java","13","0","1","2","81","120","2"
"netty","6bf7e2438916bc666d49940af1ff18c68e9d79da","codec-dns/src/main/java/io/netty/handler/codec/dns/DefaultDnsRecordDecoder.java","13","0","1","2","85","156","0"
"hazelcast","bafe862864f461d786cba3cb62cd6742af62f8e8","hazelcast/src/main/java/com/hazelcast/internal/nearcache/impl/store/NearCacheDataRecordStore.java","13","0","1","2","86","131","0"
"hazelcast","9af6389d7a3ab6bd5e3cb3ded4a094034874133a","hazelcast/src/main/java/com/hazelcast/internal/nearcache/impl/store/NearCacheDataRecordStore.java","13","0","1","2","87","132","0"
"elasticsearch","c9aca9c6ded5c955c67ef26fc2e1f8297d4fba97","modules/elasticsearch/src/main/java/org/elasticsearch/cluster/routing/RoutingService.java","13","0","1","2","89","139","1"
"elasticsearch","d9d452a1ef15f8b37677544ae6f1c4672462cef5","modules/elasticsearch/src/main/java/org/elasticsearch/rest/action/admin/indices/create/RestCreateIndexAction.java","13","0","1","2","92","126","0"
"elasticsearch","518488b0b299ba26d3ad9503c5ef88ff287709a2","modules/elasticsearch/src/main/java/org/elasticsearch/cluster/routing/RoutingService.java","13","0","1","2","92","143","0"
"elasticsearch","d954a93d9ddd53d2e7fccb1caa543975caad9be7","modules/elasticsearch/src/main/java/org/elasticsearch/rest/action/admin/indices/create/RestCreateIndexAction.java","13","0","1","2","97","131","0"
"neo4j","9f994ced2bab83328473745bd4952e4304805a5c","community/bolt/src/main/java/org/neo4j/bolt/security/auth/BasicAuthentication.java","13","0","1","2","98","132","1"
"elasticsearch","9bc50ea60945a470ba8bd432407ebe98af996f77","src/test/java/org/elasticsearch/test/unit/index/store/distributor/DistributorTests.java","13","0","1","20","149","212","0"
"netty","afafadd3d7caf1e4b346da049baab0afeae0a4bc","codec-http/src/main/java/io/netty/handler/codec/http/multipart/MemoryFileUpload.java","13","0","1","21","155","204","1"
"elasticsearch","90b547cf2c82b03fe42b9cce4ea878d81734228a","src/main/java/org/elasticsearch/index/mapper/internal/TypeFieldMapper.java","13","0","1","21","157","216","0"
"BroadleafCommerce","67428294bf8ec538287aa7a1948e464873e3fdf7","common/src/main/java/org/broadleafcommerce/common/site/domain/SiteImpl.java","13","0","1","21","209","267","1"
"hazelcast","207971c3a2926488d1af69023c81ed389b7eee2a","hazelcast/src/test/java/com/hazelcast/queue/QueueStoreTest.java","13","0","1","21","253","329","0"
"elasticsearch","d26becc040036b625dde751704d7537742c97e09","core/src/test/java/org/elasticsearch/search/aggregations/metrics/TDigestPercentileRanksIT.java","13","0","1","21","421","536","0"
"elasticsearch","589360c8b1a46c1509c7e589f06124b91cb3dbaf","src/main/java/org/elasticsearch/index/mapper/internal/TypeFieldMapper.java","13","0","1","22","160","220","1"
"BroadleafCommerce","4b899b0b30679392365b1286b26fd502eee6594c","common/src/main/java/org/broadleafcommerce/common/site/domain/SiteImpl.java","13","0","1","22","213","272","2"
"BroadleafCommerce","25cc6d04543ce2d153d288e181a712fa6a0086f4","common/src/main/java/org/broadleafcommerce/common/site/domain/SiteImpl.java","13","0","1","22","215","285","2"
"BroadleafCommerce","27d1d3f1bb71de25bcdce0eeb55b4a44b5b2dade","common/src/main/java/org/broadleafcommerce/common/site/domain/SiteImpl.java","13","0","1","22","218","288","2"
"hazelcast","b301f7b32cc1288abeae8e5affe5ca71088a93c9","hazelcast-spring/src/test/java/com/hazelcast/spring/TestFullApplicationContext.java","13","0","1","23","545","648","1"
"hazelcast","b160352ca4a1035afbf9def0c927ec2570b95466","hazelcast-spring/src/test/java/com/hazelcast/spring/TestFullApplicationContext.java","13","0","1","23","548","654","1"
"hazelcast","3b7c89cf9094cda64cf7f3e71c0db710c808c403","hazelcast-spring/src/test/java/com/hazelcast/spring/TestFullApplicationContext.java","13","0","1","24","561","668","0"
"elasticsearch","d10f80aea074d8e4094abfcdcdae6256fc7eacee","core/src/test/java/org/elasticsearch/index/shard/IndexShardTests.java","13","0","1","24","572","691","2"
"elasticsearch","050b7cd0f97c9a7835b837f2f64626f2acc39871","core/src/test/java/org/elasticsearch/aliases/IndexAliasesIT.java","13","0","1","26","787","979","0"
"hazelcast","0782ae070ed4bcf6034b0988c50f31d181d06979","hazelcast/src/main/java/com/hazelcast/map/DefaultMapServiceContext.java","13","0","1","27","189","230","0"
"hazelcast","25ee75460b380345650d2710508c7af9576e850f","hazelcast/src/main/java/com/hazelcast/map/DefaultMapServiceContext.java","13","0","1","27","190","231","3"
"hazelcast","e5a7f3fd45925c7d9178df2fcfbdf3d65f636c1f","hazelcast-client/src/test/java/com/hazelcast/client/map/ClientSortLimitTest.java","13","0","1","27","314","426","2"
"neo4j","673a2d43f0183ad12d9365940576638dafbd75bc","community/server/src/main/java/org/neo4j/server/configuration/PropertyFileConfigurator.java","13","0","1","3","100","140","0"
"neo4j","cdda46d2875877b744ca96417f56dd749aec1500","community/server/src/main/java/org/neo4j/server/configuration/PropertyFileConfigurator.java","13","0","1","3","100","140","0"
"neo4j","269c1c2fa4ded11eb10584c2c5fa55b710cdb1b7","community/server/src/main/java/org/neo4j/server/configuration/PropertyFileConfigurator.java","13","0","1","3","100","140","1"
"elasticsearch","f7d0f4d4e27c5e8a460c664fe87571ba07de2150","src/test/java/org/elasticsearch/test/ElasticsearchBackwardsCompatIntegrationTest.java","13","0","1","3","100","172","1"
"elasticsearch","2c1c5c163f24183ce4275c0190f11f85f6ee8311","src/test/java/org/elasticsearch/test/junit/listeners/ReproduceInfoPrinter.java","13","0","1","3","105","160","0"
"elasticsearch","e47de1f8094eae3721432ebdd12e7db446433a35","src/test/java/org/elasticsearch/test/junit/listeners/ReproduceInfoPrinter.java","13","0","1","3","107","162","0"
"elasticsearch","a0a714e6a5e806638372ed2e963c09028c8ab0df","modules/elasticsearch/src/main/java/org/elasticsearch/gateway/shared/SharedStorageGateway.java","13","0","1","3","134","185","1"
"titan","00aa8b9b5ef06997c0f455d7028235f520100fa9","titan-test/src/main/java/com/thinkaurelius/titan/graphdb/TitanIndexTest.java","13","0","1","3","140","180","0"
"elasticsearch","7ab0e2c5321c802068d85c0fa3a0f44e0b02c5a4","core/src/main/java/org/elasticsearch/index/query/FilteredQueryParser.java","13","0","1","3","62","100","1"
"elasticsearch","3ab85bacdd4b6f6e637e23be19de3a86001026df","src/main/java/org/elasticsearch/ExceptionsHelper.java","13","0","1","3","62","92","1"
"elasticsearch","37c90b1047c4f22af12ef9f29d48517a1a13ec37","core/src/main/java/org/elasticsearch/index/query/SpanWithinQueryParser.java","13","0","1","3","67","101","1"
"elasticsearch","7dfe48c33b9d1bb926a7f6fff0aab9de3076cf03","modules/elasticsearch/src/main/java/org/elasticsearch/index/query/HasChildQueryParser.java","13","0","1","3","67","104","0"
"elasticsearch","71d5148b1c454cd4749a90e8b4d6224e90e0dc39","src/main/java/org/elasticsearch/search/suggest/SuggestParseElement.java","13","0","1","3","69","102","1"
"elasticsearch","64f981fc32c823dfad880b6dccb872589f96fa84","core/src/main/java/org/elasticsearch/index/query/WildcardQueryParser.java","13","0","1","3","78","112","0"
"elasticsearch","9faa3c6756bedecaec04fcabf8d1aca77e727770","core/src/main/java/org/elasticsearch/index/query/WildcardQueryParser.java","13","0","1","3","79","113","0"
"BroadleafCommerce","4668ccc6de84817bb25442ffa3e7e2033477d008","core/broadleaf-framework-web/src/main/java/org/broadleafcommerce/core/web/catalog/ProductHandlerMapping.java","13","0","1","3","79","138","0"
"hazelcast","4e7ff47186f2745b07ed2501acc0f5add899d5b8","hazelcast/src/main/java/com/hazelcast/map/impl/operation/LoadAllOperation.java","13","0","1","3","87","121","1"
"hazelcast","10efc4f564876813e0cb3468ed6d425394a56aeb","hazelcast/src/main/java/com/hazelcast/map/impl/operation/LoadAllOperation.java","13","0","1","3","93","128","0"
"neo4j","9045c43e0e43b4d243228904e8c6cbc127f4aa3b","enterprise/security/src/main/java/org/neo4j/server/security/enterprise/auth/RoleSerialization.java","13","0","1","3","98","137","0"
"oryx","518dc444be616e55a8aeb1bd047aaa411ae3281a","app/oryx-app-serving/src/main/java/com/cloudera/oryx/app/serving/als/model/ALSServingModelManager.java","13","0","1","3","99","137","0"
"netty","ead87b7df8d923417475ead2d7680747b1a72f07","codec-http2/src/test/java/io/netty/handler/codec/http2/Http2FrameRoundtripTest.java","13","0","1","30","402","493","1"
"netty","2fd42cfc6b32dacb812c6f2ecef8522cd94718d4","codec-http2/src/test/java/io/netty/handler/codec/http2/Http2FrameRoundtripTest.java","13","0","1","30","403","494","0"
"BroadleafCommerce","933dff7d7442ba97f3f7dbaad3cbfb274c3921c3","admin/broadleaf-contentmanagement-module/src/main/java/org/broadleafcommerce/cms/structure/domain/StructuredContentImpl.java","13","0","1","34","335","409","0"
"BroadleafCommerce","0caa4242c49ec1f64ea991bf6ba6a9b4dfc9a626","admin/broadleaf-contentmanagement-module/src/main/java/org/broadleafcommerce/cms/structure/domain/StructuredContentImpl.java","13","0","1","34","386","460","1"
"orientdb","527d45bb551f10351ecbd295abd46f84c7349784","core/src/main/java/com/orientechnologies/orient/core/metadata/schema/OImmutableSchema.java","13","0","1","37","209","268","0"
"orientdb","c143ec653bd43c119ce79712eb3302775b077113","core/src/main/java/com/orientechnologies/orient/core/metadata/schema/OImmutableSchema.java","13","0","1","37","216","275","1"
"neo4j","1cd3ff962ddbc71fd698b0d85b14b9ca079b0f57","community/server/src/main/java/org/neo4j/server/configuration/PropertyFileConfigurator.java","13","0","1","4","108","149","1"
"elasticsearch","d390f5250b869bf0e89e97f448ba160321a0c674","src/main/java/org/elasticsearch/river/cluster/RiverClusterService.java","13","0","1","4","113","165","0"
"orientdb","3433386bdebedb3bb11532397f9475d990132692","core/src/main/java/com/orientechnologies/orient/core/sql/OCommandExecutorSQLCreateUser.java","13","0","1","4","114","153","1"
"elasticsearch","1af38cf3f3b50cef27044e5e173995c2403befb1","src/main/java/org/elasticsearch/indices/cache/filter/terms/IndicesTermsFilterCache.java","13","0","1","4","118","162","0"
"elasticsearch","579a79d1ac91e1829ab70ce293f16c9fd7b91ae8","src/main/java/org/elasticsearch/common/lucene/docset/MatchDocIdSet.java","13","0","1","4","118","171","0"
"elasticsearch","67eba23b2da1a562594e766cbff5ea61195c6a63","src/main/java/org/elasticsearch/indices/cache/filter/terms/IndicesTermsFilterCache.java","13","0","1","4","119","163","0"
"elasticsearch","24591b3c70d42314f17ee38a3a267f2c80544705","src/main/java/org/elasticsearch/indices/cache/filter/terms/IndicesTermsFilterCache.java","13","0","1","4","119","164","0"
"hazelcast","0e104a9f57ef6df4b44520699baf61a093a95a16","hazelcast/src/main/java/com/hazelcast/internal/nearcache/impl/invalidation/BatchInvalidator.java","13","0","1","4","150","225","0"
"elasticsearch","43aabe88e85ead55ca14ca01b40137013e7c51ab","src/main/java/org/elasticsearch/index/search/child/HasParentFilter.java","13","0","1","4","196","273","0"
"oryx","4bda59507a37d222f61f663eaddd241f834fb7ef","oryx-lambda/src/main/java/com/cloudera/oryx/lambda/speed/SpeedLayer.java","13","0","1","4","244","310","0"
"oryx","83ebf95d0abaa09f8a1d741b48385257d2dc242b","oryx-lambda/src/main/java/com/cloudera/oryx/lambda/speed/SpeedLayer.java","13","0","1","4","245","310","1"
"elasticsearch","33b8d7a19d6ddd6ad06a5a0cb5ca90175458e036","test/framework/src/main/java/org/elasticsearch/AnalysisFactoryTestCase.java","13","0","1","4","261","329","1"
"BroadleafCommerce","30307d8a394bb6e772626ac4bb3f97141e850953","core/broadleaf-profile-web/src/main/java/org/broadleafcommerce/profile/web/core/security/RestApiCustomerStateFilter.java","13","0","1","4","68","130","0"
"orientdb","dc025634bd8133bb14ce499efe6078c88ed5ad7c","core/src/main/java/com/orientechnologies/orient/core/index/OIndexUnique.java","13","0","1","4","77","116","0"
"elasticsearch","cea8c5fefa1429e44963ea51dde4ef18dc8024d9","modules/elasticsearch/src/main/java/org/elasticsearch/search/facet/geodistance/ValueGeoDistanceFacetCollector.java","13","0","1","4","80","120","0"
"hazelcast","d070f1256c8c7fa823e6463487462826384ee1df","hazelcast/src/main/java/com/hazelcast/map/impl/operation/LoadAllOperation.java","13","0","1","4","92","127","0"
"BroadleafCommerce","49d12cffdc9aca461330ec8110c850319cf49ec0","admin/broadleaf-admin-module/src/main/java/org/broadleafcommerce/admin/server/service/handler/ProductCustomPersistenceHandler.java","13","0","1","4","97","150","2"
"BroadleafCommerce","c60b27b5e87385a5ef951c93e5a55ad41755e45b","admin/broadleaf-admin-module/src/main/java/org/broadleafcommerce/admin/server/service/handler/ProductCustomPersistenceHandler.java","13","0","1","4","99","152","3"
"hazelcast","2f8415e6d24a08b2f413f91fb6ee366e68cbb199","hazelcast-client/src/main/java/com/hazelcast/client/HazelcastClient.java","13","0","1","40","289","360","0"
"netty","3a4d64bb8404f59861acddec954b4ed3aa02f97b","codec-http/src/main/java/io/netty/handler/codec/http/multipart/MixedFileUpload.java","13","0","1","43","254","335","1"
"netty","caa15050204c9757f2a3e34511cf1d9d8447cd9c","codec-http/src/main/java/io/netty/handler/codec/http/multipart/MixedFileUpload.java","13","0","1","44","258","340","0"
"oryx","92bff167832b0389e135a60e46f1284c34744e3c","app/oryx-app-serving/src/main/java/com/cloudera/oryx/app/serving/als/model/ALSServingModelManager.java","13","0","1","5","107","148","0"
"elasticsearch","a6510f924520d8cdda2636ac85a1a1e43f6dfb8c","src/main/java/org/elasticsearch/index/store/support/AbstractIndexStore.java","13","0","1","5","117","162","0"
"hazelcast","9b11ae33e4d9354c27af31c3206476188bbf81f0","hazelcast/src/main/java/com/hazelcast/replicatedmap/impl/operation/ReplicationOperation.java","13","0","1","5","120","155","1"
"elasticsearch","aae60e5b6e0c250fcafbbaa65ba7e96c234ac903","core/src/main/java/org/elasticsearch/action/admin/cluster/stats/TransportClusterStatsAction.java","13","0","1","5","127","174","2"
"hazelcast","22c782cf4670330503dee123b73fa483726328a2","hazelcast/src/main/java/com/hazelcast/internal/cluster/impl/operations/FinalizeJoinOp.java","13","0","1","5","137","194","0"
"neo4j","7723d89e6d1d951e8923fb102da0228db2e4e8f9","community/kernel/src/test/java/org/neo4j/kernel/impl/api/store/DiskLayerPropertyTest.java","13","0","1","5","159","219","1"
"neo4j","4f04ee08438d4e1c99095d9d8a9f2ec223af89a9","community/kernel/src/test/java/org/neo4j/kernel/impl/api/store/DiskLayerPropertyTest.java","13","0","1","5","160","220","0"
"hazelcast","b2439e588d728dadfb4c2f65dac779d100b2a2fb","hazelcast/src/test/java/com/hazelcast/internal/ascii/RestTest.java","13","0","1","5","213","290","1"
"netty","31b319a5dc531d8c02c400d312ab9e85e90e614b","src/main/java/org/jboss/netty/channel/socket/http/HttpTunnelClientChannel.java","13","0","1","5","287","396","1"
"netty","220d95fe0d396821f08329fffd96edc1b47c37c1","src/main/java/org/jboss/netty/channel/socket/http/HttpTunnelClientChannel.java","13","0","1","5","295","405","0"
"elasticsearch","b92371a4dcbfa193f5acf698c8f9237037498065","core/src/test/java/org/elasticsearch/action/update/UpdateRequestTests.java","13","0","1","5","337","404","1"
"elasticsearch","6abcd42a05a0e2bc4eaf1add6a41ae7d48f840c2","core/src/test/java/org/elasticsearch/cluster/routing/allocation/AllocationCommandsTests.java","13","0","1","5","423","512","0"
"elasticsearch","3f6a3c01dadb1951b597ffdbd068359a2fbc84c8","core/src/test/java/org/elasticsearch/cluster/routing/allocation/AllocationCommandsTests.java","13","0","1","5","425","515","1"
"elasticsearch","046abdc281c321cd2128ee7684c0edfcaca07203","core/src/test/java/org/elasticsearch/cluster/routing/allocation/AllocationCommandsTests.java","13","0","1","5","426","516","3"
"hazelcast","3b44574be6e9ed6f5c3d5644edbac79bedcb9c15","hazelcast/src/main/java/com/hazelcast/security/permission/InstancePermission.java","13","0","1","5","70","109","1"
"hazelcast","b47ab1da22729b148333ab384168a35466d1aba5","hazelcast/src/main/java/com/hazelcast/security/permission/InstancePermission.java","13","0","1","5","70","109","1"
"hazelcast","ef10c3ecf03e639f5e18b1aca847cdc3a17c881b","hazelcast/src/main/java/com/hazelcast/security/permission/InstancePermission.java","13","0","1","5","70","109","0"
"BroadleafCommerce","9a2399ccabc71c63572c786cacfa9d17404bf0db","admin/broadleaf-open-admin-platform/src/main/java/org/broadleafcommerce/openadmin/server/service/persistence/module/provider/FieldPersistenceProviderAdapter.java","13","0","1","5","76","110","0"
"orientdb","f7f8c716bc3c9c94e4b757d8fae95b072d756db2","core/src/main/java/com/orientechnologies/orient/core/sql/functions/coll/OSQLFunctionSymmetricDifference.java","13","0","1","5","87","133","0"
"orientdb","f7748791c90eb1a6cb4d90deabc1f92601fff5f5","core/src/main/java/com/orientechnologies/orient/core/sql/functions/coll/OSQLFunctionDifference.java","13","0","1","5","93","139","2"
"hazelcast","7001ec8c5b1305c796de75c2e3f170c562db8c03","hazelcast/src/main/java/com/hazelcast/map/impl/operation/LoadAllOperation.java","13","0","1","5","97","134","0"
"elasticsearch","348ed11450b0689be39f0fb3e8a06da5df96ee2e","src/main/java/org/elasticsearch/monitor/os/OsStats.java","13","0","1","50","315","419","0"
"hazelcast","b583f88f8f80ac2de344ace2aa3423f128cd037a","hazelcast/src/main/java/com/hazelcast/queue/tx/TransactionalQueueProxySupport.java","13","0","1","6","109","143","0"
"hazelcast","e92dcb6824f242ac8bcb72623ccd13f982955632","hazelcast/src/main/java/com/hazelcast/queue/tx/TransactionalQueueProxySupport.java","13","0","1","6","109","143","0"
"hazelcast","e56ed623e2f90ba7444669e38f971c3206d1c4a0","hazelcast/src/main/java/com/hazelcast/queue/tx/TransactionalQueueProxySupport.java","13","0","1","6","109","143","1"
"BroadleafCommerce","34b565de25bc57c47b485d19cd700106579fd460","admin/broadleaf-admin-module/src/main/java/org/broadleafcommerce/admin/server/service/handler/CustomerCustomPersistenceHandler.java","13","0","1","6","120","184","0"
"neo4j","769dbdbf463a23dc760d655a5a7ecefac80ca7e5","community/kernel/src/main/java/org/neo4j/kernel/impl/api/index/ContractCheckingIndexProxy.java","13","0","1","6","130","197","0"
"hazelcast","4a1593fa6ba5c277c4ad2fc320d803b0e63b9339","hazelcast/src/main/java/com/hazelcast/replicatedmap/impl/operation/ReplicationOperation.java","13","0","1","6","133","169","0"
"neo4j","5d50389ef46096f3d9e029248673be3d3ec1907e","community/kernel/src/main/java/org/neo4j/kernel/impl/api/index/ContractCheckingIndexProxy.java","13","0","1","6","134","200","0"
"neo4j","2a2d88f38f69fee0b48e7795be92c1c99d269dcb","community/kernel/src/test/java/org/neo4j/kernel/impl/transaction/xaframework/LogMatchers.java","13","0","1","6","143","202","1"
"elasticsearch","f208aaa47c277d323d52b79241cfb8eef64b5e90","core/src/main/java/org/elasticsearch/gateway/GatewayAllocator.java","13","0","1","6","144","195","0"
"elasticsearch","065275443d9954220a004d4dcc5138a5f91444f5","core/src/main/java/org/elasticsearch/gateway/GatewayAllocator.java","13","0","1","6","148","198","2"
"orientdb","0ffed5d6003d65af5018a5e037d973f6c8773e13","graphdb/src/test/java/com/orientechnologies/orient/graph/console/OConsoleDatabaseAppTest.java","13","0","1","6","264","341","0"
"oryx","a0cb47169e7c448225f956d45fea5466e6c2a1ae","app/oryx-app-mllib/src/main/java/com/cloudera/oryx/app/batch/mllib/als/ALSUpdate.java","13","0","1","6","315","506","0"
"oryx","6168157dff2bc3dc210abe2f731785f2ad07960e","app/oryx-app-mllib/src/main/java/com/cloudera/oryx/app/batch/mllib/als/ALSUpdate.java","13","0","1","6","318","509","0"
"elasticsearch","668dbe498aeff129704a4bb965c8014a8f165773","src/main/java/org/elasticsearch/search/aggregations/bucket/terms/AbstractTermsParametersParser.java","13","0","1","6","70","111","1"
"orientdb","2d1ae0228d8a0dcc1aa1b3239980ab80684f78cc","core/src/main/java/com/orientechnologies/orient/core/sql/functions/stat/OSQLFunctionMode.java","13","0","1","6","83","125","0"
"hazelcast","ed4f4d10e194b049930f677d61d7c08a2bfa15ad","hazelcast-client/src/main/java/com/hazelcast/client/spi/ClientProxy.java","13","0","1","7","118","191","0"
"hazelcast","3308c3cd7456b47a3a1f40971c5fbee62f37868b","hazelcast-client/src/main/java/com/hazelcast/client/spi/ClientProxy.java","13","0","1","7","121","172","6"
"hazelcast","349a79965257981b885c8f2cca3725918963433c","hazelcast-client/src/main/java/com/hazelcast/client/spi/ClientProxy.java","13","0","1","7","121","172","5"
"hazelcast","386b578a5437daf9b40eb86f31eb12fcd188d25d","hazelcast-client/src/main/java/com/hazelcast/client/spi/ClientProxy.java","13","0","1","7","121","172","4"
"hazelcast","443be1108861688c930e5788c9e6d3c7f3e70558","hazelcast-client/src/main/java/com/hazelcast/client/spi/ClientProxy.java","13","0","1","7","121","172","5"
"hazelcast","6aa65b99d282c65bc558b242857cd3cda6d140f4","hazelcast-client/src/main/java/com/hazelcast/client/spi/ClientProxy.java","13","0","1","7","121","172","2"
"hazelcast","91c71471a27df97f43aa9f699d8da7fb52fac3dc","hazelcast-client/src/main/java/com/hazelcast/client/spi/ClientProxy.java","13","0","1","7","121","172","2"
"hazelcast","68d0476abb060e2652601b941176864d94e1d1d8","hazelcast-client/src/main/java/com/hazelcast/client/spi/ClientProxy.java","13","0","1","7","121","172","0"
"orientdb","14525789a539adda2b27ea09354da307166612f9","client/src/main/java/com/orientechnologies/orient/client/remote/message/OFetchTransactionResponse.java","13","0","1","7","126","156","0"
"BroadleafCommerce","97933cf10f8a4a022c1ea45b42778f43aaa0a91b","common/src/main/java/org/broadleafcommerce/common/config/dao/SystemPropertiesDaoImpl.java","13","0","1","7","138","184","0"
"elasticsearch","0806190d1a00e7aee913a88d04318b1f5e734adc","core/src/main/java/org/elasticsearch/search/aggregations/bucket/filters/FiltersAggregator.java","13","0","1","7","138","185","0"
"hazelcast","437aeba769462640e8cc2ce15a2f2b022e3a2db8","hazelcast-client/src/main/java/com/hazelcast/client/spi/impl/listener/ClientNonSmartListenerService.java","13","0","1","7","150","197","0"
"hazelcast","1bfc71314ed00effe6c212f20af4d0092a27f5cc","hazelcast-client/src/main/java/com/hazelcast/client/spi/ClientProxy.java","13","0","1","7","153","220","1"
"hazelcast","819029a9600a1af6d82dec2e65ace0e5054aee9b","hazelcast-client/src/main/java/com/hazelcast/client/spi/ClientProxy.java","13","0","1","7","156","232","0"
"hazelcast","d568e4d926d925d57d4e79e34614390416749301","hazelcast-client/src/main/java/com/hazelcast/client/spi/ClientProxy.java","13","0","1","7","156","233","0"
"hazelcast","3da850bf11f1ca129bd489c040336e867c40997b","hazelcast/src/test/java/com/hazelcast/spi/impl/DelegatingMigrationAwareServiceTest.java","13","0","1","7","186","245","0"
"elasticsearch","6c3beaa2ebe4921474addf07ce3aa02a3cb7f915","core/src/test/java/org/elasticsearch/index/query/HasParentQueryBuilderTests.java","13","0","1","7","197","247","0"
"elasticsearch","9a536b2c2b62999d2639e0de49e27dd9d2f980a5","modules/elasticsearch/src/main/java/org/elasticsearch/common/lucene/docset/NotDocIdSet.java","13","0","1","7","66","112","0"
"elasticsearch","ed996c3e850b047d52e36e7e865e3f39ccfd7ab6","modules/elasticsearch/src/main/java/org/elasticsearch/env/NodeEnvironment.java","13","0","1","7","81","121","0"
"hazelcast","9885c3d746999ec9b346aee6b83463c12ad24e3a","hazelcast/src/main/java/com/hazelcast/util/executor/DelegatingFuture.java","13","0","1","7","87","123","0"
"neo4j","d66fd4d04b1497de9e5fc594f062c088dd043f93","community/shell/src/test/java/org/neo4j/shell/TestApps.java","13","0","1","79","996","1245","1"
"elasticsearch","aeae38025803eead4424a7abd90d16b62021fadc","src/main/java/org/elasticsearch/index/cache/field/data/support/AbstractConcurrentMapFieldDataCache.java","13","0","1","8","110","149","0"
"elasticsearch","598854dd72d7fb01a7e26a9dad065de3deaa5eb7","src/main/java/org/elasticsearch/discovery/zen/publish/PublishClusterStateAction.java","13","0","1","8","155","211","0"
"mct","05f1a5bde8b837c289f84409f3c5189938aaf581","platform/src/test/java/gov/nasa/arc/mct/gui/housing/TestInspector.java","13","0","1","8","183","269","0"
"elasticsearch","81965d0ea94170e06de225c8cc9b822084daf63c","modules/test/integration/src/test/java/org/elasticsearch/test/integration/search/child/SimpleChildQuerySearchTests.java","13","0","1","8","377","500","0"
"elasticsearch","f0efb8cdea549964cdcdbf0bd817d04dba0fe968","modules/test/integration/src/test/java/org/elasticsearch/test/integration/search/child/SimpleChildQuerySearchTests.java","13","0","1","8","399","524","0"
"elasticsearch","0a69f1e283e26e5d9e6a000b68b9f4778de557a1","core/src/test/java/org/elasticsearch/search/aggregations/bucket/GeoDistanceIT.java","13","0","1","8","402","490","2"
"elasticsearch","1f6f81d840420b32a1cfb22ff9002b39316e2f1b","src/test/java/org/elasticsearch/test/integration/search/child/SimpleChildQuerySearchTests.java","13","0","1","8","407","532","0"
"elasticsearch","5a64f08f048461a63a0ca1354a5050c954e63d52","core/src/test/java/org/elasticsearch/search/aggregations/bucket/GeoDistanceIT.java","13","0","1","8","409","499","0"
"elasticsearch","d4d227ba6b0d9598438cb793ef19295f16e20fc2","modules/elasticsearch/src/main/java/org/elasticsearch/env/NodeEnvironment.java","13","0","1","8","90","130","0"
"elasticsearch","a7190ea8a3bd7fbf774a8431e88b46c79daf7a4c","modules/elasticsearch/src/main/java/org/elasticsearch/env/NodeEnvironment.java","13","0","1","8","91","131","0"
"BroadleafCommerce","f738bd0e44b790fb8aa6ba0b4935952682728f60","core/broadleaf-framework/src/main/java/org/broadleafcommerce/core/payment/service/module/NullCreditCardPaymentModule.java","13","0","1","9","118","168","0"
"BroadleafCommerce","3fcccc564d435591c344e775757fbc04e6f86e2f","core/broadleaf-framework/src/main/java/org/broadleafcommerce/core/payment/service/module/NullCreditCardPaymentModule.java","13","0","1","9","119","169","0"
"hazelcast","5eda2222dbb2eb5a41b649eeb0e3293798b737aa","hazelcast/src/main/java/com/hazelcast/map/impl/operation/PutFromLoadAllOperation.java","13","0","1","9","130","172","2"
"elasticsearch","de243493c9a31354d742c34a66817e8a06798026","src/main/java/org/elasticsearch/index/merge/policy/LogByteSizeMergePolicyProvider.java","13","0","1","9","138","188","0"
"elasticsearch","bd75b731c654f4c845f0781306b8055704706585","src/main/java/org/elasticsearch/index/merge/policy/LogByteSizeMergePolicyProvider.java","13","0","1","9","143","193","1"
"elasticsearch","84b748cae3946986b0d99ee88fdfd33215276bf5","core/src/test/java/org/elasticsearch/index/query/GeoShapeQueryBuilderTests.java","13","0","1","9","153","204","0"
"elasticsearch","2bd09c4625898d77aa6c015c6f82cf973ed18cb7","core/src/main/java/org/elasticsearch/common/rounding/TimeZoneRounding.java","13","0","1","9","195","259","1"
"hazelcast","dad5438f479c8781d8c673cbb6a08f85e7ab9c63","hazelcast/src/test/java/com/hazelcast/map/EvictionMaxSizePolicyTest.java","13","0","1","9","306","400","2"
"hazelcast","ff68abd9657b87566d8bd8ac5e0e76083f9a78f1","hazelcast/src/test/java/com/hazelcast/map/EvictionMaxSizePolicyTest.java","13","0","1","9","306","400","1"
"hazelcast","b45ba89c02ead8830dbeba4fabca54cebaa6b7a8","hazelcast/src/test/java/com/hazelcast/map/EvictionMaxSizePolicyTest.java","13","0","1","9","306","400","0"
"elasticsearch","feaccee24660191e0d85ae0be80afb5a183ce769","src/test/java/org/elasticsearch/test/integration/search/child/SimpleChildQuerySearchTests.java","13","0","1","9","428","558","0"
"hazelcast","0636e7956d5cb082ea6cfbd58ae2cbf110e7a92b","hazelcast/src/test/java/com/hazelcast/instance/TestUtil.java","13","0","1","9","89","126","0"
"hazelcast","8b6e4403969a786368bfb92b2da2802eebf42704","hazelcast/src/test/java/com/hazelcast/instance/TestUtil.java","13","0","1","9","90","127","1"
"elasticsearch","3e9daa10401e1935218616d1d04db405d69294e0","core/src/test/java/org/elasticsearch/common/network/NetworkServiceTests.java","13","0","10","0","102","171","0"
"elasticsearch","58c606d6d988cd14f50ab7390704babfaf905b83","modules/elasticsearch/src/main/java/org/elasticsearch/search/facet/histogram/InternalCountHistogramFacet.java","13","0","10","16","178","270","0"
"elasticsearch","0e9186e1373b99e261d80317c836477b7cc31d66","core/src/main/java/org/elasticsearch/transport/ConnectionProfile.java","13","0","11","0","120","216","0"
"netty","869687bd711e1358367203526128d9a2ad90663a","common/src/main/java/io/netty/util/ReferenceCountUtil.java","13","0","11","0","97","187","0"
"elasticsearch","635ae29bf1eb3aa83597bc296ff58a5b95ca648a","src/main/java/org/elasticsearch/indices/recovery/RecoveriesCollection.java","13","0","11","3","100","185","1"
"elasticsearch","24bc8d331eb28a686233573bdcaf9cadd9a6dc5b","src/main/java/org/elasticsearch/indices/recovery/RecoveriesCollection.java","13","0","11","3","102","185","1"
"elasticsearch","7f14674ff5d49d27c458ce3e7fa455457add6191","src/main/java/org/elasticsearch/indices/recovery/RecoveriesCollection.java","13","0","11","3","105","190","1"
"BroadleafCommerce","7da760ada0cf3c3164075c970c90d47e36b4bef4","admin/broadleaf-open-admin-platform/src/main/java/org/broadleafcommerce/openadmin/dto/OperationTypes.java","13","0","11","5","80","236","0"
"elasticsearch","58c606d6d988cd14f50ab7390704babfaf905b83","modules/elasticsearch/src/main/java/org/elasticsearch/search/facet/histogram/HistogramFacet.java","13","0","11","7","74","159","0"
"elasticsearch","25fd9e26c4fb042d6f6dea14efcd239577bdbbc4","client/rest/src/main/java/org/elasticsearch/client/RestClientBuilder.java","13","0","12","0","113","232","0"
"netty","36c8ac5e5c2a37af9d0a3df3d66194c3c5087742","codec-http/src/main/java/io/netty/handler/codec/http/websocketx/WebSocketClientHandshaker.java","13","0","12","0","140","278","0"
"elasticsearch","5b07f81fcf253f20ba002fe4df0340540426d662","core/src/main/java/org/elasticsearch/indices/recovery/RecoveriesCollection.java","13","0","12","3","147","251","1"
"elasticsearch","c4fe8e7bf23f62c25f3d1ebd35de3fe716c45e9a","core/src/main/java/org/elasticsearch/indices/recovery/RecoveriesCollection.java","13","0","12","3","149","252","0"
"elasticsearch","ca90d9ea82c3ec2162a669b199c63ef5103b2fe9","core/src/main/java/org/elasticsearch/indices/recovery/RecoveriesCollection.java","13","0","12","3","151","254","1"
"elasticsearch","4a6f3c78408c316d9f6f212d2664adda13c54a44","core/src/test/java/org/elasticsearch/gateway/ReplicaShardAllocatorTests.java","13","0","12","5","269","367","1"
"elasticsearch","28109a18a2dc1f30207d09bdfb2148e8d7906337","core/src/test/java/org/elasticsearch/gateway/ReplicaShardAllocatorTests.java","13","0","12","5","274","373","2"
"elasticsearch","d0835715c2704aeb9600f1c203bd591a8b77ee68","core/src/test/java/org/elasticsearch/gateway/ReplicaShardAllocatorTests.java","13","0","12","5","279","378","2"
"elasticsearch","d2507c4ac0477f28b441f83eeac07786fb8f42b4","core/src/test/java/org/elasticsearch/gateway/ReplicaShardAllocatorTests.java","13","0","12","5","280","379","1"
"elasticsearch","6e566cdf6cab837bdbdb5300ca85038fba1488c1","core/src/test/java/org/elasticsearch/gateway/ReplicaShardAllocatorTests.java","13","0","12","5","284","382","1"
"hazelcast","e4b8f5199015f03f9bdc06632073d8ea0b298aba","hazelcast/src/main/java/com/hazelcast/config/EventJournalConfig.java","13","0","12","8","162","308","1"
"hazelcast","a4e3633cdf6a29e4bfbc78455cf6d36872e8d205","hazelcast/src/main/java/com/hazelcast/config/EventJournalConfig.java","13","0","12","8","162","324","0"
"elasticsearch","d6a756fbe2475db5ee00975a5a563077a4300ecf","test-framework/src/main/java/org/elasticsearch/test/CompositeTestCluster.java","13","0","13","14","179","294","0"
"elasticsearch","3df2a086d4bf3c5608aabf06c1766e10c901af35","core/src/main/java/org/elasticsearch/search/internal/SearchContext.java","13","0","13","89","234","423","0"
"elasticsearch","20ff703e07c692c5e68e6b30a6e6413a34dd10a7","core/src/main/java/org/elasticsearch/search/internal/SearchContext.java","13","0","13","90","235","425","1"
"netty","0fffc844d6d4c8e196a8448a45e7ff542446f708","handler/src/main/java/io/netty/handler/ssl/OpenSsl.java","13","0","14","0","299","433","0"
"orientdb","56f9bf3a10535e331c512f9852b1779bbc1d38b0","core/src/main/java/com/orientechnologies/orient/core/index/OIndexInternal.java","13","0","14","19","101","291","0"
"orientdb","eda36859b9b033e1c3c6c69dce74c4959ac3439e","core/src/main/java/com/orientechnologies/orient/core/index/OIndexInternal.java","13","0","14","19","103","293","2"
"orientdb","4e1de17697f2030cee8bb58b16556727f48827ed","core/src/main/java/com/orientechnologies/orient/core/index/OIndexInternal.java","13","0","14","19","104","294","1"
"orientdb","040b05508933cf63ab4302ba24753d268640088c","core/src/main/java/com/orientechnologies/orient/core/index/OIndexInternal.java","13","0","14","20","105","296","2"
"elasticsearch","2f8def11b5109eb80b47422a200bf7b7e07c8467","core/src/main/java/org/elasticsearch/search/internal/SearchContext.java","13","0","15","90","233","429","2"
"elasticsearch","977712f9773c3eecea3958a5b8ddf934207775a6","core/src/main/java/org/elasticsearch/search/internal/SearchContext.java","13","0","15","90","233","429","1"
"elasticsearch","82fa531ab4c1fb087d357ff15288c070d7393378","core/src/main/java/org/elasticsearch/search/internal/SearchContext.java","13","0","15","90","233","429","0"
"elasticsearch","634ce90dc06f20888a4ff655985a6baccf25a7db","core/src/main/java/org/elasticsearch/search/internal/SearchContext.java","13","0","15","90","234","430","0"
"elasticsearch","4b94eb5cb8cc4294ed0e932a5f22c16bd90d4dd7","core/src/main/java/org/elasticsearch/action/DocWriteRequest.java","13","0","16","4","94","204","2"
"elasticsearch","860efb2ad28db09189c8423e05d0dba53010259c","core/src/main/java/org/elasticsearch/action/DocWriteRequest.java","13","0","16","4","94","204","2"
"elasticsearch","d3417fb02291f26964d77767020ef345d18c148f","core/src/main/java/org/elasticsearch/action/DocWriteRequest.java","13","0","16","4","94","204","0"
"BroadleafCommerce","9b556e9914c84a41ae10f07813ea46a5d2023f27","core/broadleaf-framework-web/src/main/java/org/broadleafcommerce/core/web/controller/account/BroadleafLoginController.java","13","0","17","3","150","324","0"
"BroadleafCommerce","69210a32ed73de6f9cc002c897cc8c24c840fb1b","core/broadleaf-framework-web/src/main/java/org/broadleafcommerce/core/web/controller/account/BroadleafLoginController.java","13","0","17","3","155","327","1"
"BroadleafCommerce","9a1ae1678f43cd4b706fd2a302879c0f42dc4637","core/broadleaf-framework-web/src/main/java/org/broadleafcommerce/core/web/controller/account/BroadleafLoginController.java","13","0","17","3","155","327","2"
"BroadleafCommerce","c567e8e3e9d7e60560bca4f471055ce228096fa8","core/broadleaf-framework-web/src/main/java/org/broadleafcommerce/core/web/controller/account/BroadleafLoginController.java","13","0","17","3","155","327","1"
"BroadleafCommerce","4fb0cb0d56c6127bc9c41d4814f59f9041a7d338","core/broadleaf-framework-web/src/main/java/org/broadleafcommerce/core/web/controller/account/BroadleafLoginController.java","13","0","17","3","155","327","0"
"elasticsearch","fea93b7fea385810eec918f57d338099d82ee2b0","modules/elasticsearch/src/main/java/org/elasticsearch/action/deletebyquery/DeleteByQueryRequest.java","13","0","18","7","200","336","0"
"elasticsearch","3c9c9f33e2869d801026a966e22cb39ff380db8d","src/main/java/org/elasticsearch/index/mapper/FieldMapper.java","13","0","19","29","153","294","3"
"elasticsearch","c4f127fb6f1f2beb329ae83ce714ecf7cfe3a809","src/main/java/org/elasticsearch/index/mapper/FieldMapper.java","13","0","19","29","154","294","1"
"elasticsearch","c49276cda71e2282ec8204e485556965f5541bdb","src/main/java/org/elasticsearch/index/mapper/FieldMapper.java","13","0","19","29","154","295","0"
"elasticsearch","a3cefd919e81fd7c2c171426b64aa3357bfa6db4","src/main/java/org/elasticsearch/index/mapper/FieldMapper.java","13","0","19","30","154","296","2"
"netty","f398f2f7b5bd40a78ca8ddf71cdbc5114c6b13a0","codec-http/src/main/java/io/netty/handler/codec/http/HttpObjectAggregator.java","13","0","2","0","316","434","1"
"netty","20d818ccec9670bea362273be44e1a4c486bcdbe","codec-http/src/main/java/io/netty/handler/codec/http/HttpObjectAggregator.java","13","0","2","0","324","444","0"
"BroadleafCommerce","33e1c4cc66339886fdf057b69f6e079d7b46bbde","common/src/main/java/org/broadleafcommerce/common/rule/SelectizeCollectionUtils.java","13","0","2","0","42","90","0"
"elasticsearch","5189eb41c7a3a862316849f4571d4e5b21ae41fe","core/src/main/java/org/elasticsearch/gateway/DanglingIndicesState.java","13","0","2","1","115","178","0"
"oryx","0c6bf96eb475361ed45c4d7e54a970819e33802a","framework/oryx-lambda/src/main/java/com/cloudera/oryx/lambda/AbstractSparkLayer.java","13","0","2","1","197","279","0"
"BroadleafCommerce","f2e2ca5db03d4386f59c5fd129fe65acae3d90dd","core/broadleaf-framework-web/src/main/java/org/broadleafcommerce/core/web/service/i18nUpdateCartServiceExtensionHandler.java","13","0","2","1","88","136","0"
"BroadleafCommerce","7c043fa0b84d41f9806285a5bf0b9c2af7840e80","core/broadleaf-framework-web/src/main/java/org/broadleafcommerce/core/web/service/i18nUpdateCartServiceExtensionHandler.java","13","0","2","1","89","136","0"
"BroadleafCommerce","7587ea8280fd056c32965696e03a22f015ccd9f5","core/broadleaf-framework-web/src/main/java/org/broadleafcommerce/core/web/service/i18nUpdateCartServiceExtensionHandler.java","13","0","2","1","89","137","1"
"neo4j","5515f38aa3fbea663116cb3349f01d67c7242cca","community/bolt/src/main/java/org/neo4j/bolt/v1/transport/ChunkedOutput.java","13","0","2","10","169","242","0"
"elasticsearch","adc0807c686b37bf1d96bd3eb9d26face380fe44","src/test/java/org/elasticsearch/indices/mapping/UpdateMappingTests.java","13","0","2","10","355","469","0"
"ceylon-ide-eclipse","c5c15a0b33245f13d9fc7d44db226c0458005f73","plugins/com.redhat.ceylon.eclipse.ui/src/com/redhat/ceylon/eclipse/core/model/CeylonBinaryUnit.java","13","0","2","11","106","136","0"
"hazelcast","99019454c8efb1f60e1ab3de692cbcd9940e07a3","hazelcast/src/main/java/com/hazelcast/ringbuffer/impl/RingbufferService.java","13","0","2","12","143","195","0"
"hazelcast","4ab01d3de56f9ea7777c8b3dff22f8cddabc6ac7","hazelcast/src/main/java/com/hazelcast/ringbuffer/impl/RingbufferService.java","13","0","2","12","147","197","1"
"orientdb","46bbcabde62c2b9e61ebaf45dc23f16d9dee7f02","graphdb/src/test/java/com/tinkerpop/blueprints/impls/orient/OrientGraphNoTxRemoteTest.java","13","0","2","12","172","218","1"
"orientdb","136db63960bbf53514691bf5a0bb8361a5ea5361","graphdb/src/test/java/com/tinkerpop/blueprints/impls/orient/OrientGraphNoTxRemoteTest.java","13","0","2","12","173","219","0"
"titan","f794ac462ae55bb86e6b05c6e23921dbadad9b23","src/main/java/com/thinkaurelius/titan/graphdb/blueprints/TitanBlueprintsTransaction.java","13","0","2","14","104","136","1"
"netty","c85319213a7d3fb35729ce4e75448a3c10f91b71","common/src/test/java/io/netty/util/collection/IntObjectHashMapTest.java","13","0","2","15","214","283","1"
"elasticsearch","267cd65506ab22ceb7606243ef58979bde5dbfe5","core/src/test/java/org/elasticsearch/indices/analyze/AnalyzeActionIT.java","13","0","2","16","401","522","0"
"netty","4500adb6e03baedce9b9d937dd3c137b11a83f10","codec-http/src/test/java/io/netty/handler/codec/http/HttpResponseDecoderTest.java","13","0","2","16","403","566","1"
"netty","58b968b6036dc194dce5a3e70d05d493b2fb6b58","transport/src/main/java/io/netty/channel/socket/DefaultServerSocketChannelConfig.java","13","0","2","17","135","183","0"
"netty","2fd42cfc6b32dacb812c6f2ecef8522cd94718d4","codec-http2/src/test/java/io/netty/handler/codec/http2/StreamBufferingEncoderTest.java","13","0","2","17","408","537","1"
"netty","1f27c3b39060e544b4d3aaf05b700dd5c433a0cd","transport/src/main/java/io/netty/channel/socket/DefaultServerSocketChannelConfig.java","13","0","2","18","146","195","0"
"netty","9d4fae308c09a2c759dc67db765d311154c8d977","transport/src/main/java/io/netty/channel/socket/DefaultServerSocketChannelConfig.java","13","0","2","19","155","205","1"
"neo4j","0bae728ac320e46116668b932543517837fe21d0","community/kernel/src/main/java/org/neo4j/kernel/impl/api/index/BatchingMultipleIndexPopulator.java","13","0","2","2","271","425","1"
"neo4j","18d770da01ef94362a856a706ef8a09e7113f8ae","community/kernel/src/main/java/org/neo4j/kernel/impl/api/index/BatchingMultipleIndexPopulator.java","13","0","2","2","274","428","0"
"netty","3e5dcb5f3efbb26d5e6cf4cd229b03c285d62462","transport/src/main/java/io/netty/channel/socket/DefaultServerSocketChannelConfig.java","13","0","2","20","163","214","0"
"elasticsearch","8d1e9dbd3cd9007356abaaf363a9b04019b9d2a8","modules/elasticsearch/src/main/java/org/elasticsearch/search/facet/datehistogram/InternalCountDateHistogramFacet.java","13","0","2","24","179","246","0"
"elasticsearch","46088b9f8acc057414ba222809b1b6bc3e1a435e","modules/elasticsearch/src/main/java/org/elasticsearch/search/facet/histogram/InternalCountHistogramFacet.java","13","0","2","26","184","254","0"
"hazelcast","91c71471a27df97f43aa9f699d8da7fb52fac3dc","hazelcast-client/src/main/java/com/hazelcast/client/proxy/ClientQueueProxy.java","13","0","2","29","211","280","3"
"hazelcast","4fd9515551932a374a67b01c6c00e0dd8611ebab","hazelcast-client/src/main/java/com/hazelcast/client/proxy/ClientQueueProxy.java","13","0","2","29","214","284","3"
"hazelcast","01e94c74c111c319673233e6015bea2cbec73d80","hazelcast-client/src/main/java/com/hazelcast/client/proxy/ClientQueueProxy.java","13","0","2","29","236","305","2"
"hazelcast","cfb0b95ecb4fbce016be038f5e9f7c8e0fe9eb8e","hazelcast-client/src/main/java/com/hazelcast/client/proxy/ClientQueueProxy.java","13","0","2","29","236","305","1"
"hazelcast","337ada6c765ca1ff34f8d059805cbeb9b1999053","hazelcast-client/src/main/java/com/hazelcast/client/proxy/ClientQueueProxy.java","13","0","2","29","236","305","0"
"hazelcast","29fff7aa4ffefb7fe0ab6ab2d48bbf46a5d3ad95","hazelcast-client/src/main/java/com/hazelcast/client/proxy/ClientQueueProxy.java","13","0","2","29","237","307","2"
"hazelcast","f68ca8d3fc0960f5faace25206e7157a10616bbe","hazelcast-client/src/main/java/com/hazelcast/client/proxy/ClientQueueProxy.java","13","0","2","29","240","309","0"
"hazelcast","d38202141395360399c9cf97d4453adf5b1581e1","hazelcast-client-new/src/main/java/com/hazelcast/client/proxy/ClientQueueProxy.java","13","0","2","29","274","346","1"
"hazelcast","22bbc7e99d13c8c369e79c69fc354aef865f1706","hazelcast-client-new/src/main/java/com/hazelcast/client/proxy/ClientQueueProxy.java","13","0","2","29","305","384","1"
"hazelcast","023c234ec54c59c22c0475ec77a2eb60aca3277c","hazelcast-client-new/src/main/java/com/hazelcast/client/proxy/ClientQueueProxy.java","13","0","2","29","307","388","0"
"hazelcast","47b48594cce33ec1cec54b6fa89af2acf2da2fed","hazelcast/src/main/java/com/hazelcast/spi/impl/packettransceiver/impl/PacketTransceiverImpl.java","13","0","2","3","104","144","1"
"orientdb","693119e3f1dab4ea8b67a35575ba1f7d1c0a970b","core/src/main/java/com/orientechnologies/orient/core/index/hashindex/local/OHashIndexFactory.java","13","0","2","3","80","132","0"
"orientdb","c44bbca080721b05af1db86562a16b199916fd3c","core/src/main/java/com/orientechnologies/orient/core/index/hashindex/local/OHashIndexFactory.java","13","0","2","3","80","132","0"
"orientdb","bbbb777e4073e4214e47e2134379d96dcb54486a","core/src/main/java/com/orientechnologies/orient/core/index/hashindex/local/OHashIndexFactory.java","13","0","2","3","80","132","1"
"elasticsearch","8d1e9dbd3cd9007356abaaf363a9b04019b9d2a8","modules/elasticsearch/src/main/java/org/elasticsearch/search/facet/histogram/InternalCountHistogramFacet.java","13","0","2","30","196","270","0"
"elasticsearch","90a339ad5e4a61e750d0342be6326de46f45bedc","modules/elasticsearch/src/main/java/org/elasticsearch/search/facet/datehistogram/InternalCountDateHistogramFacet.java","13","0","2","30","197","270","0"
"elasticsearch","b7cc378aeb85dbb5d31f2fe5ae5c4d06414de6c9","src/main/java/org/elasticsearch/river/cluster/RiverClusterService.java","13","0","2","4","116","172","0"
"orientdb","c94c65abfdb28d01bbf1d2d9da8d35b455e79397","core/src/main/java/com/orientechnologies/orient/core/sql/OCommandExecutorSQLCreateCluster.java","13","0","2","4","86","136","0"
"BroadleafCommerce","1e4f716492b56ce3b323df05fb715ed232d3ee70","common/src/main/java/org/broadleafcommerce/common/extensibility/jpa/convert/EntityMarkerClassTransformer.java","13","0","2","4","86","137","1"
"orientdb","3b63af13f43ae6d3e501080e9f95ff2808ff07b3","core/src/main/java/com/orientechnologies/orient/core/sql/OCommandExecutorSQLCreateCluster.java","13","0","2","4","87","137","0"
"orientdb","eda36859b9b033e1c3c6c69dce74c4959ac3439e","core/src/main/java/com/orientechnologies/orient/core/index/ODefaultIndexFactory.java","13","0","2","4","88","145","1"
"elasticsearch","446037ccb815b4e193e91109b8e8715b6080d056","modules/transport-netty4/src/main/java/org/elasticsearch/transport/netty4/Netty4Utils.java","13","0","2","4","98","153","0"
"hazelcast","c9d117501d9d7e1014b9006bc4b711baa42e0c57","hazelcast/src/test/java/com/hazelcast/internal/dynamicconfig/DynamicConfigTest.java","13","0","2","42","446","575","2"
"elasticsearch","49439a09e2c1a69da0fdf034fe9dabf1cc83bf30","modules/elasticsearch/src/main/java/org/elasticsearch/index/store/support/AbstractStore.java","13","0","2","5","209","296","0"
"netty","06e29e0d1b4ebf16b47969d5fbc71bdaf19fe3e8","codec-http2/src/test/java/io/netty/handler/codec/http2/DefaultHttp2ConnectionTest.java","13","0","2","54","1097","1381","0"
"netty","9ce84dcb21168c45fe6714d3673c9253f35e5cd2","codec-http2/src/test/java/io/netty/handler/codec/http2/DefaultHttp2ConnectionTest.java","13","0","2","55","1126","1411","1"
"netty","88a52f73671dd91630b2bc0da0ae8fbc910d763b","codec-http2/src/test/java/io/netty/handler/codec/http2/DefaultHttp2ConnectionTest.java","13","0","2","56","1019","1287","0"
"netty","3c5e677964f3bc1bc8588a60116b4c35b6225e72","codec-http2/src/test/java/io/netty/handler/codec/http2/DefaultHttp2ConnectionTest.java","13","0","2","59","1036","1307","1"
"netty","06e7627b5f39b96c05042d7bd85218560293fc19","transport/src/main/java/io/netty/channel/DefaultChannelId.java","13","0","2","6","220","302","3"
"elasticsearch","e458d4fd93136cfc42708d9311d05bee36f69321","src/main/java/org/elasticsearch/search/aggregations/AggregatorFactories.java","13","0","2","7","136","201","0"
"elasticsearch","032e215f257becb9220355fcfcca31b59cd547f1","modules/elasticsearch/src/main/java/org/elasticsearch/Version.java","13","0","2","7","97","143","0"
"elasticsearch","b379bf5668c5bf3a6edffbc2cd9ae97f29a8b7d6","src/test/java/org/elasticsearch/snapshots/AbstractSnapshotTests.java","13","0","2","9","102","143","1"
"elasticsearch","9080f51340b1b26f8bd171b4c82de8d87ad42b55","core/src/main/java/org/elasticsearch/index/mapper/core/TokenCountFieldMapper.java","13","0","2","9","138","199","1"
"netty","8afc2cd3787b72ea141b137f25a1aab4128cd8ff","common/src/main/java/io/netty/util/internal/AppendableCharSequence.java","13","0","2","9","96","142","0"
"elasticsearch","5706858722452b13465b15930e4f4cb2e8286449","src/main/java/org/elasticsearch/index/mapper/FieldMapper.java","13","0","20","30","155","304","0"
"elasticsearch","5ba06b648778375887d7a526f021f2fe56cdf647","core/src/main/java/org/elasticsearch/action/search/SearchRequest.java","13","0","22","8","186","343","1"
"elasticsearch","78574d248cf10dad1c5a566fda79e1e0c94afe43","core/src/main/java/org/elasticsearch/action/search/SearchRequest.java","13","0","24","8","196","363","1"
"elasticsearch","e6aaaf11ed4a1b8f595f920de1840938eddb7a97","core/src/main/java/org/elasticsearch/action/search/SearchRequest.java","13","0","24","8","196","363","1"
"elasticsearch","a60b8948ba1d836a6eac7cff095519e618939ed8","core/src/main/java/org/elasticsearch/action/search/SearchRequest.java","13","0","24","8","196","363","0"
"elasticsearch","9080f51340b1b26f8bd171b4c82de8d87ad42b55","core/src/test/java/org/elasticsearch/index/query/RandomQueryBuilder.java","13","0","3","0","57","99","1"
"elasticsearch","d65a9d63a2488ca70605f51a25e3f0ae0ed30ddc","src/main/java/org/elasticsearch/index/snapshots/IndexShardSnapshotAndRestoreService.java","13","0","3","1","82","131","1"
"elasticsearch","f2eae5b6057d562f47768eebade3adcc93326f6a","modules/elasticsearch/src/main/java/org/apache/lucene/store/bytebuffer/ByteBufferDirectory.java","13","0","3","10","107","178","0"
"elasticsearch","1f04182b8164ffb19f3805c48d67f0375262b317","plugins/cloud-azure/src/test/java/org/elasticsearch/cloud/azure/storage/AzureStorageServiceMock.java","13","0","3","10","113","172","0"
"elasticsearch","e1efd5f6baf8dec1c23c79b346b8a29f234a98bb","plugins/cloud-azure/src/test/java/org/elasticsearch/cloud/azure/storage/AzureStorageServiceMock.java","13","0","3","11","113","172","0"
"netty","2fefb2f79c30bcda5b43815d64174aac900e740c","codec-http2/src/main/java/io/netty/handler/codec/http2/DefaultHttp2Headers.java","13","0","3","12","146","207","1"
"elasticsearch","6c3beaa2ebe4921474addf07ce3aa02a3cb7f915","core/src/test/java/org/elasticsearch/index/query/HasChildQueryBuilderTests.java","13","0","3","12","296","366","0"
"elasticsearch","371c73e14023917f3892090d2d3d7ff9ac1216b9","core/src/main/java/org/elasticsearch/cluster/health/ClusterStateHealth.java","13","0","3","14","154","219","3"
"elasticsearch","78574d248cf10dad1c5a566fda79e1e0c94afe43","core/src/main/java/org/elasticsearch/cluster/health/ClusterStateHealth.java","13","0","3","14","154","219","2"
"elasticsearch","e6aaaf11ed4a1b8f595f920de1840938eddb7a97","core/src/main/java/org/elasticsearch/cluster/health/ClusterStateHealth.java","13","0","3","14","154","219","2"
"elasticsearch","a60b8948ba1d836a6eac7cff095519e618939ed8","core/src/main/java/org/elasticsearch/cluster/health/ClusterStateHealth.java","13","0","3","14","154","219","0"
"hazelcast","70d4de16ff0ac4518d09aad8c9f2ad9e782fb337","hazelcast/src/test/java/com/hazelcast/collection/impl/queue/QueueTestsFrom2X.java","13","0","3","14","399","498","1"
"hazelcast","f4ebd3d2bec957e87da6fe2f87b5ce1137d4905c","hazelcast/src/main/java/com/hazelcast/map/impl/mapstore/writebehind/WriteBehindStore.java","13","0","3","16","153","255","1"
"hazelcast","287ce2a807b5697e12a97529d63fa3387e06aace","hazelcast/src/main/java/com/hazelcast/map/impl/mapstore/writebehind/WriteBehindStore.java","13","0","3","16","153","257","1"
"elasticsearch","db7f0d36af6692b1648cbea6e1e7147e7cfa70dc","src/test/java/org/elasticsearch/plugin/PluginManagerTests.java","13","0","3","17","267","389","1"
"hazelcast","4a488992e08798ae42140d1bfbe29ade0b957d40","hazelcast/src/main/java/com/hazelcast/map/impl/mapstore/writebehind/WriteBehindStore.java","13","0","3","18","182","294","2"
"orientdb","2ee3b61558840a5368bca7909740f1b6b1cce1b3","core/src/main/java/com/orientechnologies/orient/core/db/record/ridbag/sbtree/OIndexRIDContainer.java","13","0","3","19","184","256","2"
"orientdb","567dc93cca1056c9b2aa72636e7e671ced994a8e","core/src/main/java/com/orientechnologies/orient/core/db/record/ridbag/sbtree/OIndexRIDContainer.java","13","0","3","19","184","256","1"
"orientdb","8fb63ddaef6dae34deacb49f4131b08b5a088e31","core/src/main/java/com/orientechnologies/orient/core/db/record/ridbag/sbtree/OIndexRIDContainer.java","13","0","3","19","184","256","1"
"orientdb","f2c3273e9f37bffc0c99099735b1a09364360430","core/src/main/java/com/orientechnologies/orient/core/db/record/ridbag/sbtree/OIndexRIDContainer.java","13","0","3","19","184","256","0"
"mcMMO","8dfa8c20f32e391c3d299abc51514a6601ed6e80","src/main/java/com/gmail/nossr50/skills/unarmed/UnarmedManager.java","13","0","3","2","83","131","4"
"netty","77e112a6d57430702fdb3a38cee4671464d7bb02","codec-http/src/main/java/io/netty/handler/codec/spdy/SpdyFrameCodec.java","13","0","3","23","274","355","2"
"hazelcast","2cfcc5e576b15ff0cec6baf0628089fe7f814729","hazelcast/src/main/java/com/hazelcast/map/impl/MapContainer.java","13","0","3","28","214","291","0"
"hazelcast","2d4fa2eca3ca69e76861d3b3710a9d20653e0641","hazelcast/src/main/java/com/hazelcast/map/impl/MapContainer.java","13","0","3","28","217","295","1"
"orientdb","76ffdc9fe1e541460329297a955e8494c36be8f5","core/src/main/java/com/orientechnologies/orient/core/tx/OTransactionNoTx.java","13","0","3","29","149","227","1"
"elasticsearch","5f4c6b04c855a7e56f5308cd8072aefcb0c19373","src/main/java/org/elasticsearch/common/util/concurrent/BaseFuture.java","13","0","3","3","135","370","0"
"elasticsearch","0821fa23ffa00d449e9deacf15db0c3331bed360","core/src/main/java/org/elasticsearch/index/query/ExistsQueryBuilder.java","13","0","3","4","120","175","0"
"MapDB","30e17d451a5d942b722be7e04f340a8a3f2ba9b1","src/main/java/org/mapdb/TxMaker.java","13","0","3","4","56","91","0"
"BroadleafCommerce","3152b46a63eef8c208baa1747f928aa31665ae4c","core/broadleaf-framework/src/main/java/org/broadleafcommerce/core/catalog/service/dynamic/DefaultDynamicSkuPricingInvocationHandler.java","13","0","3","4","72","122","1"
"BroadleafCommerce","bacbd5b89dc45dbb6163a918cae026212e5d6698","core/broadleaf-framework/src/main/java/org/broadleafcommerce/core/catalog/service/dynamic/DefaultDynamicSkuPricingInvocationHandler.java","13","0","3","4","74","131","0"
"mcMMO","a2cac82cba84f92e62c91207639c3c64b58f8738","src/main/java/com/gmail/nossr50/skills/swords/SwordsManager.java","13","0","3","6","69","104","0"
"BroadleafCommerce","e8000372ab1e60004e2c029498091ef1b298cba6","common/src/main/java/org/broadleafcommerce/common/util/StringUtil.java","13","0","3","6","88","149","1"
"elasticsearch","eaffa975e540a939b69c99b8db7b9d4a9f45522d","core/src/test/java/org/elasticsearch/test/rest/spec/RestApi.java","13","0","3","8","108","172","0"
"Android-Universal-Image-Loader","012f7df5768cd2dcbf689625e6abe5bcc7b1004b","library/src/com/nostra13/universalimageloader/utils/StorageUtils.java","13","0","4","0","60","115","0"
"antlr4","0a7e90fe8e5edd548432677f8fbf3e6d1888961d","runtime/Java/src/org/antlr/v4/runtime/CommonTokenStream.java","13","0","4","1","52","121","0"
"netty","082b5f0dff8de1c1e5e830a7c2346f6794ca239a","transport/src/main/java/io/netty/channel/socket/oio/OioSocketChannel.java","13","0","4","10","158","220","0"
"netty","6d5c38897ee42da732f082252aa7f1579719354f","codec-http/src/test/java/io/netty/handler/codec/http/HttpResponseDecoderTest.java","13","0","4","16","447","631","0"
"hazelcast","d568e4d926d925d57d4e79e34614390416749301","hazelcast/src/main/java/com/hazelcast/spi/impl/operationservice/impl/OperationServiceImpl.java","13","0","4","38","372","510","0"
"elasticsearch","78574d248cf10dad1c5a566fda79e1e0c94afe43","core/src/main/java/org/elasticsearch/action/admin/indices/flush/SyncedFlushResponse.java","13","0","4","6","164","226","1"
"elasticsearch","e6aaaf11ed4a1b8f595f920de1840938eddb7a97","core/src/main/java/org/elasticsearch/action/admin/indices/flush/SyncedFlushResponse.java","13","0","4","6","164","226","1"
"elasticsearch","a60b8948ba1d836a6eac7cff095519e618939ed8","core/src/main/java/org/elasticsearch/action/admin/indices/flush/SyncedFlushResponse.java","13","0","4","6","164","226","0"
"elasticsearch","084d25cdbd216b11c4f1c45003db016fd04b8dd7","src/main/java/org/elasticsearch/action/admin/indices/mapping/get/GetFieldMappingsResponse.java","13","0","4","8","119","166","1"
"elasticsearch","1d44db7d87ff0d101b0d9cb7ee777b1a57a3724e","core/src/test/java/org/elasticsearch/index/mapper/numeric/SimpleNumericTests.java","13","0","4","8","472","576","1"
"elasticsearch","0a69f1e283e26e5d9e6a000b68b9f4778de557a1","core/src/test/java/org/elasticsearch/index/mapper/numeric/SimpleNumericTests.java","13","0","4","8","475","579","2"
"elasticsearch","5a64f08f048461a63a0ca1354a5050c954e63d52","core/src/test/java/org/elasticsearch/index/mapper/numeric/SimpleNumericTests.java","13","0","4","8","482","588","0"
"hazelcast","2cfbd79e1e84f5987e07cedc09f582d5715c815d","hazelcast/src/main/java/com/hazelcast/config/CacheEvictionConfig.java","13","0","4","8","80","155","0"
"elasticsearch","4bce7271659889d839388d7df5c61a6d2a5c3c7a","core/src/main/java/org/elasticsearch/index/search/QueryParserHelper.java","13","0","5","1","88","166","0"
"neo4j","a04c0ff1606865897edea265bfc46e445b3ff481","community/shell/src/main/java/org/neo4j/shell/kernel/GraphDatabaseShellServer.java","13","0","5","11","220","287","1"
"neo4j","e3cce44754a86a232bdb6dc3666c86d30edd3bfb","community/shell/src/main/java/org/neo4j/shell/kernel/GraphDatabaseShellServer.java","13","0","5","11","221","288","0"
"hazelcast","237ded5a5370be91f04df1fc1208e3a4d8727ba1","hazelcast/src/test/java/com/hazelcast/nio/serialization/SerializationTest.java","13","0","5","14","385","503","0"
"hazelcast","4239763e8de74d0caf04eda4d9cafc2a182ab7cb","hazelcast/src/test/java/com/hazelcast/nio/serialization/SerializationTest.java","13","0","5","14","386","504","2"
"BroadleafCommerce","68dd47f378bbb678a5faf7993b406fe175659b0a","common/src/main/java/org/broadleafcommerce/common/util/NodeUtil.java","13","0","5","2","68","146","1"
"BroadleafCommerce","d36f8a8d52f37f821c9308b2e4574c6c2ce558a9","common/src/main/java/org/broadleafcommerce/common/util/NodeUtil.java","13","0","5","2","68","146","1"
"BroadleafCommerce","f7d3c72566f3c712d74d0a8dfb0a1c02897d2d86","common/src/main/java/org/broadleafcommerce/common/util/NodeUtil.java","13","0","5","2","68","146","0"
"hazelcast","36b35da77f64da0982327ab57ad5824883a33afc","hazelcast/src/main/java/com/hazelcast/map/impl/MapContainer.java","13","0","5","29","230","311","0"
"hazelcast","0dc65895e880eb4cbdd6996e355913992bf987d9","hazelcast/src/main/java/com/hazelcast/map/impl/MapContainer.java","13","0","5","29","231","312","0"
"hazelcast","ada1715782d1bc416fc363475952aa88def0cfc2","hazelcast/src/main/java/com/hazelcast/map/impl/MapContainer.java","13","0","5","29","232","313","1"
"elasticsearch","6174e21f47244b6d5153d7d0cc1fe28fe863399d","core/src/main/java/org/elasticsearch/index/query/functionscore/RandomScoreFunctionBuilder.java","13","0","5","5","116","179","1"
"elasticsearch","30ab8739a6e11ea7d5f25a62e290932d5f2d740f","core/src/main/java/org/elasticsearch/rest/BytesRestResponse.java","13","0","5","7","129","192","0"
"elasticsearch","3136ed1490e41b4c82b8ee05ff2d224e113ef1b8","core/src/main/java/org/elasticsearch/rest/BytesRestResponse.java","13","0","5","7","130","193","1"
"netty","e8eda1b99fa0a1765e590357e2b0b4d859d4aebc","transport-native-epoll/src/main/java/io/netty/channel/epoll/EpollSocketChannel.java","13","0","5","9","185","270","1"
"netty","89ff831a670d4303881db17a91a9c54e9f41987e","transport-native-epoll/src/main/java/io/netty/channel/epoll/EpollSocketChannel.java","13","0","5","9","186","275","0"
"mcMMO","c10525ada9ed2c0b77c518089a300e3b4e32e7c1","src/main/java/com/gmail/nossr50/api/ExperienceAPI.java","13","0","51","2","284","984","1"
"mcMMO","c10525ada9ed2c0b77c518089a300e3b4e32e7c1","src/main/java/com/gmail/nossr50/api/ExperienceAPI.java","13","0","51","2","284","984","1"
"mcMMO","857e12b96edf68bc2e2fdbdf72659ce82612bda1","src/main/java/com/gmail/nossr50/api/ExperienceAPI.java","13","0","51","2","284","984","0"
"hazelcast","0ec7a854c3a503467512e9ee38504818732066e5","hazelcast/src/main/java/com/hazelcast/config/CacheSimpleConfig.java","13","0","55","12","324","791","0"
"hazelcast","9140af8f31e20033d1b5b97d6127ba4ae143043c","hazelcast/src/main/java/com/hazelcast/config/CacheSimpleConfig.java","13","0","55","12","324","792","0"
"hazelcast","bf7881205f592d3fb770f17c0b69cfcf68494165","hazelcast/src/test/java/com/hazelcast/multimap/MultiMapTest.java","13","0","6","14","343","470","0"
"ceylon-ide-eclipse","705c39801a8ed43a46c19101c51391b4f42fa4b8","plugins/com.redhat.ceylon.eclipse.ui/src/com/redhat/ceylon/eclipse/core/classpath/CeylonLanguageModuleContainer.java","13","0","6","3","125","178","2"
"elasticsearch","5828796848674b656807406947f050626035845a","core/src/main/java/org/elasticsearch/search/aggregations/support/ValuesSource.java","13","0","6","58","397","532","0"
"elasticsearch","2e445d3ede953c90e4e1ce69e5f53192115b9dd7","core/src/main/java/org/elasticsearch/search/aggregations/support/ValuesSource.java","13","0","6","58","402","537","1"
"antlr4","e8c6dc4e394f895fb5b29b3cb1ce7da6066d4231","runtime/Java/src/org/antlr/v4/runtime/dfa/DFA.java","13","0","6","6","107","228","0"
"elasticsearch","2ebb44d56f2c61cb14afca1caea21a0ecd4130fb","core/src/main/java/org/elasticsearch/search/aggregations/pipeline/movavg/models/MovAvgModel.java","13","0","7","1","78","221","0"
"ceylon-ide-eclipse","bc7e36b599ddb26e3fa56e733201615c3b8b34f0","plugins/com.redhat.ceylon.eclipse.ui/src/com/redhat/ceylon/eclipse/core/debug/preferences/CeylonDebugOptionsManager.java","13","0","7","2","106","186","0"
"elasticsearch","4c21db0dcadb2c2bc9df4aed4576586a4b0e1a2b","src/main/java/org/elasticsearch/common/rounding/Rounding.java","13","0","7","28","172","273","0"
"netty","f779a4415cedcfa445777b186c8fe1d6341278df","src/main/java/io/netty/bootstrap/ServerBootstrap.java","13","0","8","0","141","364","1"
"neo4j","62fc9ea98290c169ca6c7edd64779786e8d365a5","community/kernel/src/main/java/org/neo4j/kernel/impl/index/labelscan/NativeLabelScanStore.java","13","0","8","7","261","462","1"
"neo4j","79f734ee16280d98683cdaf45328c1ad3f14b74a","community/kernel/src/main/java/org/neo4j/kernel/impl/index/labelscan/NativeLabelScanStore.java","13","0","8","7","263","468","0"
"elasticsearch","34703a838d71c32e3bf944e95c09120dd443b075","core/src/main/java/org/elasticsearch/index/translog/TranslogWriter.java","13","0","8","8","226","325","0"
"elasticsearch","c63626b537955d0309c6613642e990b54efd3cbf","src/main/java/org/elasticsearch/index/store/StoreFileMetaData.java","13","0","8","8","95","170","0"
"BroadleafCommerce","c648eca7d16c18a9cd5d5ef40971942a691bf230","core/broadleaf-framework-web/src/main/java/org/broadleafcommerce/core/web/controller/cart/BroadleafCartController.java","13","0","9","2","127","294","1"
"netty","a980638190c055a596145ec2a6963fa8cd30126a","transport/src/main/java/io/netty/bootstrap/Bootstrap.java","13","0","9","4","139","222","1"
"elasticsearch","93a8e80affc855f156d9295568409aab3972ffa1","src/main/java/org/elasticsearch/search/aggregations/InternalAggregations.java","13","0","9","5","134","215","1"
"mcMMO","fded7cad96b6ee04e3b027f66c8750e72d08fa88","src/main/java/com/gmail/nossr50/skills/Skills.java","130","0","0","20","378","443","1"
"titan","6c3914ad754ddd53d8118a6350dc6587ec1f6639","titan-lucene/src/main/java/com/thinkaurelius/titan/diskstorage/lucene/LuceneIndex.java","130","0","1","12","529","615","1"
"titan","5f562761e6d8d9dcb35d8c0eeacef91f0bfe74da","titan-lucene/src/main/java/com/thinkaurelius/titan/diskstorage/lucene/LuceneIndex.java","130","0","1","12","538","625","0"
"ceylon-ide-eclipse","3cb61fd56d8c36a17ce04e0ce01bf96c3c7583b9","plugins/com.redhat.ceylon.eclipse.ui/src/com/redhat/ceylon/eclipse/code/navigator/CeylonNavigatorContentProvider.java","130","0","1","18","580","667","0"
"BroadleafCommerce","e7a7f050b964881b3194c19339ce6ddd3c704088","admin/broadleaf-open-admin-platform/src/main/java/org/broadleafcommerce/openadmin/web/rulebuilder/DataDTOToMVELTranslator.java","130","0","1","2","586","640","1"
"elasticsearch","3eed2625e258c3ee988c41c319dbc7ab11047226","src/main/java/org/elasticsearch/indices/cluster/IndicesClusterStateService.java","130","0","1","2","628","768","1"
"elasticsearch","3ac3c7d12c0cb845a8c28cec5b890705b13dc659","src/main/java/org/elasticsearch/indices/cluster/IndicesClusterStateService.java","130","0","1","2","632","772","0"
"elasticsearch","5380322947552f8b73cd8eab3e645b001abd8ba1","core/src/main/java/org/elasticsearch/indices/cluster/IndicesClusterStateService.java","130","0","1","2","643","841","1"
"elasticsearch","b7f497627f4f943d2a38ff24dc1453e7f17d8cf6","core/src/main/java/org/elasticsearch/indices/cluster/IndicesClusterStateService.java","130","0","1","2","650","848","2"
"MapDB","4a2ba3b29e8fd2da2e72318c94efbddebc7ac01a","src/main/java/org/mapdb/StoreDirect.java","130","0","1","25","783","1162","1"
"MapDB","7f72ff0132a8572a4daf50364f2b98d60afd6c05","src/main/java/org/mapdb/StoreDirect.java","130","0","1","25","783","1165","0"
"MapDB","e877f64dc30037c4604f61237439449325fdd529","src/main/java/org/mapdb/StoreDirect.java","130","0","1","25","787","1169","0"
"ceylon-ide-eclipse","e89324305b6be078e574b3c554a7cc2cdb57e73c","plugins/com.redhat.ceylon.eclipse.ui/src/com/redhat/ceylon/eclipse/code/style/FormatterPreferences.java","130","0","1","4","508","531","0"
"ceylon-ide-eclipse","3cb33660de43deb63a0b187966d5d9dd99672eba","plugins/com.redhat.ceylon.eclipse.ui/src/com/redhat/ceylon/eclipse/code/style/FormatterPreferences.java","130","0","1","4","510","533","0"
"elasticsearch","31fd521fd1d0b55bab4b94cb6bbe688b772ba7ea","src/main/java/org/apache/lucene/queryparser/classic/MapperQueryParser.java","130","0","1","4","646","737","0"
"hazelcast","73dd88db9e90e59c94434b085acfd944bd161028","hazelcast/src/main/java/com/hazelcast/map/DefaultRecordStore.java","130","0","1","50","872","1003","1"
"hazelcast","67c1acc62d93620bb3b37aea088192d2b45256cb","hazelcast/src/main/java/com/hazelcast/map/DefaultRecordStore.java","130","0","1","51","867","998","1"
"hazelcast","df0d7fd83bf0ba427592c2727a417af3136f8d5f","hazelcast/src/main/java/com/hazelcast/map/DefaultRecordStore.java","130","0","1","51","868","998","2"
"hazelcast","1b48e275ad2d52d7d01740ca5ca23ef554a4ea4f","hazelcast/src/main/java/com/hazelcast/map/DefaultRecordStore.java","130","0","1","53","885","1017","1"
"hazelcast","d08eebeb7b868a205d8832a199bebe02552e8b4d","hazelcast/src/main/java/com/hazelcast/collection/impl/queue/QueueContainer.java","130","0","10","46","673","818","1"
"elasticsearch","99f9bd7cfe0191214dc95a02d817874e1ecafa5b","core/src/main/java/org/elasticsearch/common/xcontent/XContentBuilder.java","130","0","12","134","1078","1326","0"
"netty","ad73dce7a1bc8927ac1e46bc320dfdae68e5c1b0","handler/src/main/java/io/netty/handler/ssl/SslHandler.java","130","0","12","17","742","1113","0"
"elasticsearch","97559c0614d900a682d01afc241615cf5627fb4c","src/main/java/org/elasticsearch/index/shard/IndexShard.java","130","0","12","62","985","1218","2"
"elasticsearch","dccaa49aa0487e0d87963bcfa8a560c35f083e72","src/main/java/org/elasticsearch/index/shard/IndexShard.java","130","0","12","62","991","1223","3"
"elasticsearch","38ceeb5c30f49767c6656b57a7bbb4e202d38b2e","core/src/main/java/org/elasticsearch/common/xcontent/XContentBuilder.java","130","0","13","135","1080","1328","1"
"mcMMO","eddadcc179c548bd0f34c68bb8c0a8df9b2bff23","src/main/java/com/gmail/nossr50/listeners/EntityListener.java","130","0","13","4","455","648","0"
"elasticsearch","58feb5efa0ed66df3ab1c32ad4d613a6964d004e","core/src/main/java/org/elasticsearch/index/search/QueryStringQueryParser.java","130","0","16","5","691","888","1"
"elasticsearch","9a3216dfee351e3dca63d4d0c9845575f1d6ad1f","core/src/main/java/org/elasticsearch/index/search/QueryStringQueryParser.java","130","0","16","6","695","893","2"
"hazelcast","c685942d8b9d51f4c76dffc4812fb7cfc7e93952","hazelcast/src/main/java/com/hazelcast/collection/impl/queue/QueueContainer.java","130","0","17","39","675","896","0"
"orientdb","a3ca34afb8afb8ef21c6153fd87bd1c91b4154c6","core/src/main/java/com/orientechnologies/orient/core/db/record/ridbag/sbtree/OSBTreeRidBag.java","130","0","2","46","875","1122","1"
"BroadleafCommerce","6581bb4bda7da43fd221c6d4bbbb2e3110928e56","core/broadleaf-framework/src/main/java/org/broadleafcommerce/core/catalog/domain/SkuImpl.java","130","0","2","86","1016","1245","2"
"hazelcast","c3c447fb7f641f0615f7245f9c5e6a9d84d6677b","hazelcast/src/main/java/com/hazelcast/collection/impl/queue/QueueContainer.java","130","0","25","33","683","1000","1"
"hazelcast","d568e4d926d925d57d4e79e34614390416749301","hazelcast/src/main/java/com/hazelcast/collection/impl/queue/QueueContainer.java","130","0","25","33","683","996","0"
"elasticsearch","9630b1a6e7dbed72ec5eaf8ea91c0c91e48a541c","core/src/main/java/org/elasticsearch/cluster/routing/RoutingNodes.java","130","0","27","27","829","1175","0"
"netty","01eb428b39156e61624dae303ae9772ba3424b36","buffer/src/main/java/io/netty/buffer/ByteBufUtil.java","130","0","38","0","830","1268","0"
"elasticsearch","8e07b4fba4e200e5fecfc5bf7d34b9086f356ef2","core/src/main/java/org/elasticsearch/discovery/zen/ZenDiscovery.java","130","0","4","9","1047","1408","1"
"elasticsearch","d74eac94f228a1b9f819cff79660d86d9faf1fb3","core/src/main/java/org/elasticsearch/discovery/zen/ZenDiscovery.java","130","0","4","9","1047","1408","1"
"elasticsearch","17906ca7d615dc4c72cb5cc403f2d561dc1f2ff3","core/src/main/java/org/elasticsearch/discovery/zen/ZenDiscovery.java","130","0","4","9","1047","1408","0"
"elasticsearch","9495816cb7d7720d96a6c38887b13388fe4a274c","core/src/main/java/org/elasticsearch/discovery/zen/ZenDiscovery.java","130","0","4","9","1048","1406","3"
"hazelcast","287d3bfcd02581c7429fc7b65e7142512990d976","hazelcast/src/main/java/com/hazelcast/collection/impl/queue/QueueContainer.java","130","0","9","47","670","795","1"
"hazelcast","0287d390022e68e3c252acac8db8e0dfc15ecbea","hazelcast/src/main/java/com/hazelcast/collection/impl/queue/QueueContainer.java","130","0","9","47","672","798","1"
"hazelcast","70d4de16ff0ac4518d09aad8c9f2ad9e782fb337","hazelcast/src/main/java/com/hazelcast/collection/impl/queue/QueueContainer.java","130","0","9","47","672","798","1"
"hazelcast","e88f652a32c2499f399a2eeb22ef365eeed0daa1","hazelcast/src/main/java/com/hazelcast/collection/impl/queue/QueueContainer.java","130","0","9","47","672","798","1"
"hazelcast","5009d4a90be3c901942a0a89cf29a92c074231f1","hazelcast/src/main/java/com/hazelcast/collection/impl/queue/QueueContainer.java","130","0","9","47","672","798","0"
"hazelcast","99f1a7c7f82b3c33a66bdc4b06ab5569c4ecf8d3","hazelcast/src/main/java/com/hazelcast/collection/impl/queue/QueueContainer.java","130","0","9","47","672","798","0"
"hazelcast","e1b69c53ca4923affcd7722f012a80e32517e988","hazelcast/src/main/java/com/hazelcast/internal/partition/impl/InternalPartitionServiceImpl.java","130","0","9","58","1008","1327","0"
"BroadleafCommerce","a600ac52945a7ee2f172cbdfdf466a6e37d63fc2","admin/broadleaf-open-admin-platform/src/main/java/org/broadleafcommerce/openadmin/server/service/persistence/PersistenceManagerImpl.java","131","0","0","31","739","901","0"
"orientdb","934043fd762eb74dcecdbac5c11480573daecf50","core/src/main/java/com/orientechnologies/orient/core/sql/filter/OSQLFilterCondition.java","131","0","1","13","359","479","1"
"titan","304f14e44f986e806ac8e86437ff7b8e46a68045","titan-es/src/main/java/com/thinkaurelius/titan/diskstorage/es/ElasticSearchIndex.java","131","0","1","14","598","762","1"
"BroadleafCommerce","f412e20c35b9bd424b3e8c77c23982bf439dfe1d","admin/broadleaf-open-admin-platform/src/main/java/org/broadleafcommerce/openadmin/web/service/FormBuilderServiceImpl.java","131","0","1","18","723","921","2"
"BroadleafCommerce","27c9843ad5392681b4694942038b284393b01300","admin/broadleaf-open-admin-platform/src/main/java/org/broadleafcommerce/openadmin/web/service/FormBuilderServiceImpl.java","131","0","1","18","723","922","2"
"elasticsearch","db2caa54cd92b8ca31332c31a3f8ddac793dc5c4","src/main/java/org/elasticsearch/transport/netty/NettyTransport.java","131","0","1","21","926","1118","1"
"elasticsearch","794a284093d43c9cfba6b75905e1b294c2a12988","modules/elasticsearch/src/main/java/org/elasticsearch/index/mapper/object/ObjectMapper.java","131","0","1","34","671","845","0"
"BroadleafCommerce","ed6a63e4bf74b8b8876dc0f94d9d692b5645e5f9","admin/broadleaf-open-admin-platform/src/main/java/org/broadleafcommerce/openadmin/server/service/persistence/module/provider/BasicFieldPersistenceProvider.java","131","0","1","4","580","646","1"
"hazelcast","c48d6ac3a23c3aa48005bade999e52f7ed2d9204","hazelcast/src/main/java/com/hazelcast/map/DefaultRecordStore.java","131","0","1","50","879","1009","0"
"hazelcast","55c67a3743f877f9363f2b04329877c8c59f897e","hazelcast/src/main/java/com/hazelcast/map/DefaultRecordStore.java","131","0","1","53","885","1018","2"
"hazelcast","ebc6f8c79327f0bbdda4f8338e37d9d74f75ff64","hazelcast/src/main/java/com/hazelcast/map/DefaultRecordStore.java","131","0","1","53","885","1019","0"
"MapDB","3edd04f8985ca5af0a18f93b6bf4a48971982c13","src/main/java/org/mapdb/StoreWAL.java","131","0","1","8","653","888","1"
"MapDB","d256c480c229acb87ae0a6e2a7b36473a19c901d","src/main/java/org/mapdb/StoreWAL.java","131","0","1","8","653","889","0"
"BroadleafCommerce","11b9bbc3f26a276b1394b183501971f50b0bc40a","core/broadleaf-framework/src/main/java/org/broadleafcommerce/core/catalog/domain/CategoryImpl.java","131","0","1","95","1097","1324","0"
"elasticsearch","3e32dd985aabfa5ee653b26bcb6ff97c74a426a2","src/main/java/org/elasticsearch/index/shard/IndexShard.java","131","0","10","64","996","1224","3"
"netty","086ae3536cfd10411a36f4aba475e2e348f868b8","handler/src/main/java/io/netty/handler/ssl/SslHandler.java","131","0","12","17","750","1124","0"
"netty","030d9fd22789b3c15ee8ef13210b823c0714974f","handler/src/main/java/io/netty/handler/ssl/SslHandler.java","131","0","12","18","757","1131","0"
"elasticsearch","7c3ea748e2754316d74182fab920c6f3c2b3fa26","core/src/main/java/org/elasticsearch/common/xcontent/XContentBuilder.java","131","0","13","136","1088","1337","1"
"mcMMO","385fe1bb053cbaf2e2d74e0ebc9fc104efb35012","src/main/java/com/gmail/nossr50/listeners/EntityListener.java","131","0","13","4","458","653","0"
"orientdb","632d3bf6f60abcb95c16be642f4392eb620a0caf","core/src/main/java/com/orientechnologies/orient/core/db/record/ridbag/sbtree/OSBTreeRidBag.java","131","0","2","46","862","1109","0"
"BroadleafCommerce","34682289a3be1f350cf132998f1a4315a3c62b91","admin/broadleaf-open-admin-platform/src/main/java/org/broadleafcommerce/openadmin/dto/BasicFieldMetadata.java","131","0","2","99","612","753","2"
"BroadleafCommerce","90907102eb902a0de48b8bd33d8688620c3c265d","admin/broadleaf-open-admin-platform/src/main/java/org/broadleafcommerce/openadmin/dto/BasicFieldMetadata.java","131","0","2","99","612","753","1"
"BroadleafCommerce","7dccc8c69dbdb0edb83f85e6c1f8b819e420a815","admin/broadleaf-open-admin-platform/src/main/java/org/broadleafcommerce/openadmin/dto/BasicFieldMetadata.java","131","0","2","99","612","753","0"
"elasticsearch","f1a902865f558e2774317270ec64f545f9595da8","core/src/main/java/org/elasticsearch/index/query/QueryStringQueryBuilder.java","131","0","27","31","785","1056","1"
"netty","5416f2315e222acf8d9a36a51bcd4142a0f1c022","buffer/src/test/java/io/netty/buffer/AbstractByteBufTest.java","131","0","3","96","1481","1766","0"
"elasticsearch","b00b2b9baaf7d22ba63a2cb6c55ba0218de55324","src/main/java/org/elasticsearch/common/settings/ImmutableSettings.java","131","0","30","49","827","1131","0"
"netty","9fb86a380d0b3d2082a0d97a217d221392177625","transport-native-epoll/src/main/java/io/netty/channel/epoll/AbstractEpollStreamChannel.java","131","0","4","5","817","1125","0"
"netty","379ac890f4dbec15d19714711f85455a12112c3f","common/src/main/java/io/netty/util/internal/PlatformDependent.java","131","0","40","30","859","1273","1"
"elasticsearch","5a64f08f048461a63a0ca1354a5050c954e63d52","core/src/main/java/org/elasticsearch/common/settings/Settings.java","131","0","67","11","779","1244","0"
"hazelcast","13a1c2c58b49d2c99275166fbaa935739a024a64","hazelcast/src/test/java/com/hazelcast/map/QueryTest.java","131","0","7","54","1541","1717","0"
"elasticsearch","ff8fd677ccbd30180295aebc78913512353a9bd2","src/main/java/org/elasticsearch/index/shard/IndexShard.java","131","0","8","65","984","1200","4"
"elasticsearch","99714ee1bd991fed204620c32e9f59a323018d2f","src/main/java/org/elasticsearch/index/shard/IndexShard.java","131","0","9","65","990","1212","5"
"hazelcast","db4fb00ba52360f0ec10bf3e6a6d7bc92767daf6","hazelcast/src/main/java/com/hazelcast/internal/partition/impl/MigrationManager.java","132","0","1","1","906","1131","1"
"orientdb","29da058c3bc239cf1911da86b63d76a2071dcd28","core/src/main/java/com/orientechnologies/orient/core/sql/filter/OSQLFilterCondition.java","132","0","1","13","370","491","1"
"titan","2dc20d0abb5b6bd1fa67c4ee5fd0361345a9b2e7","titan-es/src/main/java/com/thinkaurelius/titan/diskstorage/es/ElasticSearchIndex.java","132","0","1","14","611","779","0"
"BroadleafCommerce","00554f66a115324275a4f4f4176ea7c5adedd633","admin/broadleaf-open-admin-platform/src/main/java/org/broadleafcommerce/openadmin/web/service/FormBuilderServiceImpl.java","132","0","1","18","724","923","1"
"BroadleafCommerce","6180c1c8e0d1eddd5d010a04ef4e9695eca39ea0","admin/broadleaf-open-admin-platform/src/main/java/org/broadleafcommerce/openadmin/web/rulebuilder/DataDTOToMVELTranslator.java","132","0","1","2","586","643","0"
"elasticsearch","4a9faac470f57d8803fed4d29e15177766437734","src/main/java/org/elasticsearch/indices/cluster/IndicesClusterStateService.java","132","0","1","2","617","764","0"
"elasticsearch","a8e43578a256f7ab87e3c210349ba15d4f778d20","src/main/java/org/elasticsearch/indices/cluster/IndicesClusterStateService.java","132","0","1","2","617","766","0"
"elasticsearch","ed7f6526b99f3e3b243cf44181e45a3962085822","src/main/java/org/elasticsearch/transport/netty/NettyTransport.java","132","0","1","21","933","1123","0"
"orientdb","01aa9d1932d4b43327899b3d5e0219caf6fdfb1d","server/src/main/java/com/orientechnologies/orient/server/OServer.java","132","0","1","42","678","896","1"
"netty","cfb3b977a1d65e8e0805b37ca243681a9d93a4b7","handler/src/main/java/io/netty/handler/ssl/SslHandler.java","132","0","12","17","738","1110","0"
"netty","d7d4ea8c6ded087b3dfe8fd768ebbdce319719ee","handler/src/main/java/io/netty/handler/ssl/SslHandler.java","132","0","12","19","762","1144","2"
"netty","36c8ac5e5c2a37af9d0a3df3d66194c3c5087742","buffer/src/main/java/io/netty/buffer/CompositeByteBuf.java","132","0","20","87","1225","1594","0"
"netty","451e91d1429c08ce8f92bb8ce0b9ad8c28afb904","buffer/src/main/java/io/netty/buffer/CompositeByteBuf.java","132","0","20","87","1226","1595","0"
"hazelcast","7167c10b3f49d6952ccd3671ecde41c8fca10114","hazelcast/src/main/java/com/hazelcast/collection/impl/queue/QueueContainer.java","132","0","25","33","690","1000","1"
"hazelcast","be4b268b9d19178068280a38ddcec1461009aa24","hazelcast/src/main/java/com/hazelcast/collection/impl/queue/QueueContainer.java","132","0","25","33","690","1000","1"
"hazelcast","ddd3c8beff04b04dc146b44e47ec2bd9350ac5e4","hazelcast/src/main/java/com/hazelcast/collection/impl/queue/QueueContainer.java","132","0","25","33","690","1000","0"
"elasticsearch","82c678b5c72396c82ad81798f235cfd04e056a7b","core/src/main/java/org/elasticsearch/index/query/QueryStringQueryBuilder.java","132","0","27","31","786","1057","1"
"elasticsearch","bbf44394a8b95c7c82668339348fe8f7d09c8766","core/src/main/java/org/elasticsearch/index/query/QueryStringQueryBuilder.java","132","0","27","31","786","1057","1"
"elasticsearch","ee264c69573dd5b68f5e8f4649f6964c6582aed6","core/src/main/java/org/elasticsearch/index/query/QueryStringQueryBuilder.java","132","0","27","31","786","1057","1"
"elasticsearch","2e399e5505797cf5916208eefb13338a5d6f66c9","core/src/main/java/org/elasticsearch/index/query/QueryStringQueryBuilder.java","132","0","27","31","786","1057","0"
"elasticsearch","70e3cce904e106e94e4b258b8f88eb191ea0c0d9","core/src/main/java/org/elasticsearch/index/query/QueryStringQueryBuilder.java","132","0","27","31","786","1057","0"
"elasticsearch","01ca81e2a37c9cd38c6dc44ae567d427c059dbe0","src/test/java/org/elasticsearch/test/ElasticsearchIntegrationTest.java","132","0","29","12","1060","1614","7"
"elasticsearch","521f804c7dcb3173efca2abbeabedb901b2bd2d7","src/main/java/org/elasticsearch/index/mapper/core/AbstractFieldMapper.java","132","0","4","74","816","1001","0"
"elasticsearch","b612cab96a025d9d28e3c9f6fde7bac1719e5be1","core/src/main/java/org/joda/time/format/StrictISODateTimeFormat.java","132","0","53","0","1062","2029","0"
"mcMMO","e7e62b8d4000835a3f3d802e51ff2ea8516cdb15","src/main/java/com/gmail/nossr50/util/skills/CombatUtils.java","132","0","8","10","486","695","1"
"orientdb","6ea7a314d355c6a751a849d1a8f14772fd70d920","core/src/main/java/com/orientechnologies/orient/core/sql/filter/OSQLFilterCondition.java","133","0","1","13","366","490","0"
"orientdb","efc7d4cb6fdd46d0402376cff10f61061fb29a49","core/src/main/java/com/orientechnologies/orient/core/sql/filter/OSQLFilterCondition.java","133","0","1","14","369","489","0"
"BroadleafCommerce","df1d13c99109dd815c7ebb991cb12010a2688fab","admin/broadleaf-open-admin-platform/src/main/java/org/broadleafcommerce/openadmin/web/service/FormBuilderServiceImpl.java","133","0","1","18","735","939","10"
"elasticsearch","75cedca0dab933bb6d1679fbddea2d09122d13c9","core/src/main/java/org/elasticsearch/indices/cluster/IndicesClusterStateService.java","133","0","1","2","645","845","3"
"elasticsearch","4fea56ceadbbd042774a89dbdf94c16a4a33df4c","core/src/main/java/org/elasticsearch/indices/cluster/IndicesClusterStateService.java","133","0","1","2","647","847","2"
"elasticsearch","75ced057ed17c5b3473795b24338815ab49f3336","core/src/main/java/org/elasticsearch/transport/netty/NettyTransport.java","133","0","1","22","978","1175","3"
"BroadleafCommerce","c8e97392a5f5bcdf3517f0c555f934f418e2ddf4","admin/broadleaf-open-admin-platform/src/main/java/org/broadleafcommerce/openadmin/server/service/persistence/module/provider/BasicFieldPersistenceProvider.java","133","0","1","4","587","652","1"
"netty","0bbc3facec1fa6c83b0bec04bdfbefc424230a3f","handler/src/main/java/io/netty/handler/ssl/SslHandler.java","133","0","12","19","767","1150","2"
"netty","fb52b8a3b2e3940a0bcf6e9167b157d59a811691","handler/src/main/java/io/netty/handler/ssl/SslHandler.java","133","0","18","7","784","1213","3"
"netty","51a536fd3068ecff95dd27adf047299122ade8ea","buffer/src/main/java/io/netty/buffer/CompositeByteBuf.java","133","0","20","86","1234","1604","0"
"elasticsearch","a3cefd919e81fd7c2c171426b64aa3357bfa6db4","src/test/java/org/elasticsearch/test/ElasticsearchIntegrationTest.java","133","0","29","12","1064","1621","8"
"elasticsearch","5706858722452b13465b15930e4f4cb2e8286449","src/test/java/org/elasticsearch/test/ElasticsearchIntegrationTest.java","133","0","29","12","1067","1634","6"
"elasticsearch","8626c18ad9374a96f6afd332d05d0e56e452edf8","src/main/java/org/elasticsearch/common/settings/ImmutableSettings.java","133","0","30","51","842","1150","0"
"elasticsearch","96f4c06f46fbf993357c2ff9c90c6d5ad7d80238","src/main/java/org/elasticsearch/common/settings/ImmutableSettings.java","133","0","31","49","840","1150","0"
"hazelcast","82f1a5c6da6b8a3f431fe81b18e4866c0c5e2c9f","hazelcast/src/main/java/com/hazelcast/collection/impl/queue/QueueContainer.java","133","0","32","26","697","1084","0"
"elasticsearch","2ca3433beac19584f2170789d09937d50de077d7","core/src/main/java/org/elasticsearch/index/shard/IndexShard.java","133","0","33","64","1155","1527","2"
"netty","7d60699a4951b4dcaba4cb06029d4432a863b171","transport-native-epoll/src/main/java/io/netty/channel/epoll/AbstractEpollStreamChannel.java","133","0","4","5","815","1125","1"
"netty","84bbbf7e09513e761496fe1faf3407fc06a32228","transport-native-epoll/src/main/java/io/netty/channel/epoll/AbstractEpollStreamChannel.java","133","0","4","5","819","1117","1"
"netty","8dbf5d02e53a72c42467b8dc0a5e1482d5f49af4","transport-native-epoll/src/main/java/io/netty/channel/epoll/AbstractEpollStreamChannel.java","133","0","4","5","820","1118","0"
"hazelcast","f962b7efb7267fd61cb6020676f2f1a9dddc3131","hazelcast/src/main/java/com/hazelcast/internal/partition/impl/InternalPartitionServiceImpl.java","133","0","6","60","1023","1337","1"
"hazelcast","de648aee4f10deb7e3de9baacf89e31e226dbcaa","hazelcast/src/main/java/com/hazelcast/map/proxy/MapProxySupport.java","134","0","0","0","872","974","1"
"orientdb","dbec85be43113b76ed1f3840b995a4d14e838337","core/src/main/java/com/orientechnologies/common/console/OConsoleApplication.java","134","0","0","12","549","726","3"
"elasticsearch","551d2552951dc093d59348e0dbb438238946b975","core/src/main/java/org/elasticsearch/rest/action/cat/RestIndicesAction.java","134","0","0","3","364","529","1"
"elasticsearch","017af34971f7fc5d5e8a8a9d9e824751de9408be","core/src/main/java/org/elasticsearch/rest/action/cat/RestIndicesAction.java","134","0","0","3","367","532","0"
"elasticsearch","51ac97000b0c433433d926f2179322043f965ec3","core/src/main/java/org/elasticsearch/rest/action/cat/RestIndicesAction.java","134","0","0","3","370","535","1"
"netty","7140e4e63bee37617466408e63e9c4ec9fb8d686","buffer/src/main/java/io/netty/buffer/DefaultCompositeByteBuf.java","134","0","1","105","1271","1536","1"
"netty","32fa4c07f328d99522cdce8b35aa77bb49cbf6be","buffer/src/main/java/io/netty/buffer/DefaultCompositeByteBuf.java","134","0","1","105","1271","1537","0"
"MapDB","b84df1ab7522f9d0e6161dee0cb0261cf8e07297","src/main/java/org/mapdb/StoreDirect.java","134","0","1","25","793","1177","0"
"MapDB","d9b73c45511ef0b8c33beb61fc4aee5d635a6d32","src/main/java/org/mapdb/StoreDirect.java","134","0","1","25","795","1179","2"
"hazelcast","c7f30f825c75064301f3ed9afbd4ad8ee7cba6f8","hazelcast/src/main/java/com/hazelcast/map/DefaultRecordStore.java","134","0","1","53","909","1047","0"
"netty","81ad99bc396e37e3dce857b5841953a9abc58064","handler/src/main/java/io/netty/handler/ssl/SslHandler.java","134","0","18","7","784","1213","3"
"netty","06e29e0d1b4ebf16b47969d5fbc71bdaf19fe3e8","codec-http2/src/main/java/io/netty/handler/codec/http2/DefaultHttp2Connection.java","134","0","2","16","925","1288","0"
"netty","9ce84dcb21168c45fe6714d3673c9253f35e5cd2","codec-http2/src/main/java/io/netty/handler/codec/http2/DefaultHttp2Connection.java","134","0","2","16","925","1294","1"
"elasticsearch","2ccc223ff761043807683f34b29c693af6c94d95","core/src/main/java/org/elasticsearch/index/query/QueryStringQueryBuilder.java","134","0","27","31","788","1061","0"
"elasticsearch","525101b64d9a22ffff9a29c0309444f721ebb763","core/src/main/java/org/elasticsearch/index/query/QueryStringQueryBuilder.java","134","0","27","31","788","1061","0"
"elasticsearch","0189a65e6bfc623813c6c088d19a0509fbeb64da","core/src/main/java/org/elasticsearch/index/query/QueryStringQueryBuilder.java","134","0","27","31","788","1061","1"
"elasticsearch","9a3216dfee351e3dca63d4d0c9845575f1d6ad1f","core/src/main/java/org/elasticsearch/index/query/QueryStringQueryBuilder.java","134","0","31","29","765","1026","2"
"elasticsearch","0a69f1e283e26e5d9e6a000b68b9f4778de557a1","core/src/main/java/org/elasticsearch/index/shard/IndexShard.java","134","0","32","64","1154","1518","3"
"netty","4950a523a77f920134a47175322578895a48e918","transport-native-epoll/src/main/java/io/netty/channel/epoll/AbstractEpollStreamChannel.java","134","0","4","5","822","1132","0"
"hazelcast","9abc09deef57b7a93ec036e127516790a924e69d","hazelcast/src/main/java/com/hazelcast/internal/partition/impl/InternalPartitionServiceImpl.java","134","0","6","59","1014","1327","0"
"hazelcast","4842092a8defa8d765b951d178ab293d986f3546","hazelcast-spring/src/main/java/com/hazelcast/spring/HazelcastConfigBeanDefinitionParser.java","135","0","0","1","686","771","1"
"orientdb","a1f41c6021d22762e02f27810946f1db84d74d5e","core/src/main/java/com/orientechnologies/common/console/OConsoleApplication.java","135","0","0","12","542","719","3"
"orientdb","09bb268236d600ac63c6af3ff663da34d87e5a8a","core/src/main/java/com/orientechnologies/common/console/OConsoleApplication.java","135","0","0","12","543","720","2"
"orientdb","3593fe73e43eac7695924493cd733c16858d9218","core/src/main/java/com/orientechnologies/common/console/OConsoleApplication.java","135","0","0","12","544","721","2"
"orientdb","979eb20c8c3e0419f862cfec9129b61aa1fd8786","core/src/main/java/com/orientechnologies/common/console/OConsoleApplication.java","135","0","0","12","552","729","2"
"ceylon-ide-eclipse","f8f523d866e80dda8275be6d18e3cbc6d34fa743","plugins/com.redhat.ceylon.eclipse.ui/src/com/redhat/ceylon/eclipse/code/editor/CeylonSourceViewer.java","135","0","0","12","748","899","0"
"ceylon-ide-eclipse","f2e75f337febd75c4385a98f3d9fe5b9ca6fecc7","plugins/com.redhat.ceylon.eclipse.ui/src/com/redhat/ceylon/eclipse/code/editor/CeylonSourceViewer.java","135","0","0","12","749","900","1"
"orientdb","7e6d055e47b83730ea6afea09b9001e7a784ac0f","core/src/main/java/com/orientechnologies/orient/core/sql/filter/OSQLFilterCondition.java","135","0","1","14","369","489","0"
"elasticsearch","ba2d772668a4cd424cb36e4e7947eda71e0f38b4","modules/lang-painless/src/main/java/org/elasticsearch/painless/node/EComp.java","135","0","1","2","452","567","0"
"elasticsearch","3354a816fca4b8ce5af622c848bcd5fd1161e3b7","core/src/main/java/org/elasticsearch/indices/cluster/IndicesClusterStateService.java","135","0","1","2","675","845","1"
"BroadleafCommerce","dd8d2b537b1e04aab4f2f66a478d00460450e557","admin/broadleaf-open-admin-platform/src/main/java/org/broadleafcommerce/openadmin/server/service/persistence/module/BasicPersistenceModule.java","135","0","1","40","899","1010","1"
"hazelcast","6d369d242883cbaf2f6a79d17081745c7d45b51a","hazelcast/src/main/java/com/hazelcast/map/DefaultRecordStore.java","135","0","1","53","911","1050","2"
"hazelcast","6d369d242883cbaf2f6a79d17081745c7d45b51a","hazelcast/src/main/java/com/hazelcast/map/DefaultRecordStore.java","135","0","1","53","911","1050","2"
"hazelcast","be6b614bceae0babd1ba43561e48d726dfe2e744","hazelcast/src/main/java/com/hazelcast/map/DefaultRecordStore.java","135","0","1","53","911","1050","4"
"hazelcast","16c8f2ccd1c8c0487b2de0eaee0b1eea72f575a0","hazelcast/src/main/java/com/hazelcast/map/DefaultRecordStore.java","135","0","1","53","911","1050","0"
"hazelcast","3b2a17cb17d716902f3a2df64aa360b25de80a6d","hazelcast/src/main/java/com/hazelcast/map/DefaultRecordStore.java","135","0","1","53","913","1052","5"
"hazelcast","3f962325e45b39478bde681d9bd3aa3679ba99a2","hazelcast/src/main/java/com/hazelcast/map/DefaultRecordStore.java","135","0","1","54","917","1057","4"
"hazelcast","610b9253a8c3af42549dee6e123cc491b6f87098","hazelcast/src/main/java/com/hazelcast/map/DefaultRecordStore.java","135","0","1","54","920","1060","0"
"elasticsearch","89c960b00aa8dcdbeb94866ea6a426092c8c7fd9","core/src/main/java/org/elasticsearch/common/xcontent/XContentBuilder.java","135","0","12","134","1094","1342","1"
"elasticsearch","2c453820e45792c7d6ba600b445d6477ea8e4775","core/src/main/java/org/elasticsearch/common/xcontent/XContentBuilder.java","135","0","13","136","1105","1359","0"
"netty","d1e63281021033714e742ba0bbce3d563ee1264c","handler/src/main/java/io/netty/handler/ssl/SslHandler.java","135","0","19","7","816","1263","7"
"elasticsearch","2d03a6b8085cefeaeb8bf11aba2ac18c6992296d","core/src/test/java/org/elasticsearch/index/translog/TranslogTests.java","135","0","2","31","1183","1391","0"
"orientdb","7ac9dadbe1b8512a204a416b23a1d6acb6dc21b0","server/src/main/java/com/orientechnologies/orient/server/OServer.java","135","0","2","42","690","921","0"
"elasticsearch","4bce7271659889d839388d7df5c61a6d2a5c3c7a","core/src/main/java/org/elasticsearch/index/query/QueryStringQueryBuilder.java","135","0","31","29","771","1027","0"
"elasticsearch","0cc94168dc7665ba3154ddad522885d4aad213a4","core/src/main/java/org/elasticsearch/index/shard/IndexShard.java","135","0","33","65","1166","1549","1"
"netty","559f1b110aeb0d586308d9ad8fb01f78170dd6e2","transport-native-epoll/src/main/java/io/netty/channel/epoll/AbstractEpollStreamChannel.java","135","0","4","1","769","1049","1"
"MapDB","d618dfbd73032469c072981c498d4063c45e3834","src/main/java/org/mapdb/Serializer.java","135","0","6","58","1585","2137","2"
"mcMMO","dd8984314f0e9081cb18fbf24714a7f4ca19161b","src/main/java/com/gmail/nossr50/util/skills/CombatUtils.java","135","0","7","2","485","683","1"
"MapDB","e4992d529dfcc34c84d39a0c55abd3fa880e6ff9","src/main/java/org/mapdb/Serializer.java","135","0","7","57","1584","2154","1"
"orientdb","80c07242863c9d32bf2c292482df6a260dbb3e66","core/src/main/java/com/orientechnologies/orient/core/metadata/schema/OPropertyImpl.java","135","0","9","48","1042","1353","1"
"hazelcast","8da36d4f4fbb4aa12aef30d69d56db9e78d8ec6f","hazelcast/src/main/java/com/hazelcast/map/proxy/MapProxySupport.java","136","0","0","0","872","978","0"
"BroadleafCommerce","035a68d4f608f9164602b462a176ff3c63ca4e8b","admin/broadleaf-open-admin-platform/src/main/java/org/broadleafcommerce/openadmin/web/service/FormBuilderServiceImpl.java","136","0","1","18","736","937","5"
"BroadleafCommerce","34682289a3be1f350cf132998f1a4315a3c62b91","admin/broadleaf-open-admin-platform/src/main/java/org/broadleafcommerce/openadmin/web/service/FormBuilderServiceImpl.java","136","0","1","18","738","939","8"
"elasticsearch","68307aa9f3636bdccd1f1ca90f1d0fd640a019a5","core/src/main/java/org/elasticsearch/transport/netty/NettyTransport.java","136","0","1","22","994","1193","1"
"elasticsearch","d6b613ac8c6e3ddee6d8e1604db208721f03cb75","src/main/java/org/apache/lucene/queryparser/classic/MapperQueryParser.java","136","0","1","4","659","750","0"
"hazelcast","7268607e6463c10dafb6f822ca6acd2144edb597","hazelcast/src/main/java/com/hazelcast/map/DefaultRecordStore.java","136","0","1","54","922","1063","1"
"hazelcast","c286b98b7d97e53a5254b362ad6d2fbb26411362","hazelcast/src/main/java/com/hazelcast/map/DefaultRecordStore.java","136","0","1","54","926","1065","0"
"hazelcast","cd7d0fa0be12a677132a01f2c83f10432abc1972","hazelcast/src/main/java/com/hazelcast/map/DefaultRecordStore.java","136","0","1","54","928","1067","4"
"orientdb","ce940531ecad94935f2cc89047072466789396ed","server/src/main/java/com/orientechnologies/orient/server/network/protocol/binary/ONetworkProtocolBinary.java","136","0","2","17","688","847","1"
"orientdb","49646436cee4497bc6b13ed638598cac2c4ae6e6","core/src/main/java/com/orientechnologies/orient/core/storage/impl/local/paginated/OPaginatedCluster.java","136","0","2","42","1454","1793","0"
"elasticsearch","02c9c8998e0e48a5855e81646514e3d4cf60dfa7","core/src/main/java/org/elasticsearch/index/store/Store.java","136","0","29","30","1027","1489","1"
"elasticsearch","1d02212b1c87a1e296157a526f02be8afd02dd3a","core/src/main/java/org/elasticsearch/index/store/Store.java","136","0","30","30","1030","1497","0"
"elasticsearch","7bfb1dfcc136ec2d0290d006b63e112df9c90d7e","core/src/main/java/org/elasticsearch/index/shard/IndexShard.java","136","0","33","64","1150","1537","1"
"elasticsearch","14d37baa4bcbae00896d8aa69f6b52aab7ba5e14","core/src/main/java/org/elasticsearch/index/shard/IndexShard.java","136","0","34","57","1132","1539","1"
"orientdb","ce940531ecad94935f2cc89047072466789396ed","server/src/main/java/com/orientechnologies/orient/server/OServer.java","136","0","4","61","845","1164","1"
"orientdb","b10e928ecf2350b88c9661ab8c40f3e54a901a7b","server/src/main/java/com/orientechnologies/orient/server/OServer.java","136","0","4","62","851","1171","0"
"antlr4","4f0f361d93a6913f58e1169baa9cef249b7aee6d","tool/src/org/antlr/v4/tool/Grammar.java","136","0","41","38","819","1328","0"
"MapDB","4cec7a9b483682c6a902ea6fb46775f65e90c41f","src/main/java/org/mapdb/DB.java","136","0","59","43","1065","1572","0"
"mcMMO","f3c6346b957ed7934faf783b444be6074b24b947","src/main/java/com/gmail/nossr50/util/skills/CombatUtils.java","136","0","7","2","490","689","0"
"mcMMO","2b9b5df1ee87b7f1a5f5527c6242b87ed8d601f1","src/main/java/com/gmail/nossr50/util/skills/CombatUtils.java","136","0","8","9","503","718","0"
"orientdb","78a5ce254a3f2a44a152ab07d3d93602a5ffe1f4","core/src/main/java/com/orientechnologies/orient/core/metadata/schema/OPropertyImpl.java","136","0","9","48","1044","1355","0"
"orientdb","186e27dfaa222737c1d1c5498ead971f949401a3","core/src/main/java/com/orientechnologies/common/console/OConsoleApplication.java","137","0","0","12","550","727","1"
"netty","88df53ec1a53912c2e34892247c8218c2fa01838","buffer/src/main/java/io/netty/buffer/DefaultCompositeByteBuf.java","137","0","1","105","1282","1548","0"
"BroadleafCommerce","487bcf043cb12f9dc30eda0064e00026ffc017ee","admin/broadleaf-open-admin-platform/src/main/java/org/broadleafcommerce/openadmin/web/service/FormBuilderServiceImpl.java","137","0","1","18","740","941","11"
"BroadleafCommerce","97b8f96f99dd8de36ef964a31703e5615c5b55bc","admin/broadleaf-open-admin-platform/src/main/java/org/broadleafcommerce/openadmin/web/service/FormBuilderServiceImpl.java","137","0","1","18","741","942","11"
"BroadleafCommerce","e7a7f050b964881b3194c19339ce6ddd3c704088","admin/broadleaf-open-admin-platform/src/main/java/org/broadleafcommerce/openadmin/web/service/FormBuilderServiceImpl.java","137","0","1","18","742","943","10"
"BroadleafCommerce","481115a3a7c7d2e329c840d48b79c157dedec369","admin/broadleaf-open-admin-platform/src/main/java/org/broadleafcommerce/openadmin/web/service/FormBuilderServiceImpl.java","137","0","1","18","748","950","11"
"elasticsearch","6a16a60c7e2a4d0eb9aba6b6d5d72d43dab1d7fc","modules/lang-painless/src/main/java/org/elasticsearch/painless/node/EComp.java","137","0","1","2","462","577","0"
"elasticsearch","41d8fbe8f51abd499c9b497238bc5f2141b7926b","core/src/main/java/org/elasticsearch/transport/netty/NettyTransport.java","137","0","1","22","997","1195","2"
"BroadleafCommerce","a825461af896647704a7eed2fc978c6d451a3abf","core/broadleaf-framework/src/main/java/org/broadleafcommerce/core/catalog/domain/CategoryImpl.java","137","0","1","94","1146","1330","6"
"netty","4d94f1d1e1aef8c0cbb745e8f4e876e0e96c3474","handler/src/main/java/io/netty/handler/ssl/SslHandler.java","137","0","12","18","778","1158","0"
"elasticsearch","0f2d2d0495509953b75f5f799c50d60eb76f4a5f","src/main/java/org/elasticsearch/index/shard/IndexShard.java","137","0","14","61","1031","1274","2"
"elasticsearch","0ea58cacfd87b37cd70b360cdb0e6c3c603fe8df","src/main/java/org/elasticsearch/index/mapper/MapperService.java","137","0","18","26","694","904","1"
"elasticsearch","aa078788f9eeb1c87d83805a5865e8424b2ef252","src/main/java/org/elasticsearch/index/mapper/MapperService.java","137","0","18","27","697","908","0"
"BroadleafCommerce","7da760ada0cf3c3164075c970c90d47e36b4bef4","admin/broadleaf-open-admin-platform/src/main/java/org/broadleafcommerce/openadmin/dto/BasicFieldMetadata.java","137","0","2","103","636","783","3"
"netty","9594a81b958cb22bc51d9e766477faa12e7a2d0d","buffer/src/main/java/io/netty/buffer/CompositeByteBuf.java","137","0","20","89","1248","1618","0"
"netty","461d3c876f27c32eaa673f0d2073de0922ca4277","buffer/src/main/java/io/netty/buffer/CompositeByteBuf.java","137","0","20","89","1250","1620","0"
"elasticsearch","4cb21d02a467582fbb9abb51f6720404d1f920c1","src/main/java/org/elasticsearch/index/store/Store.java","137","0","29","30","1032","1494","0"
"orientdb","b99ef4dc718c6843428505e90b75ec47566fedae","server/src/main/java/com/orientechnologies/orient/server/distributed/ODistributedConfiguration.java","137","0","33","4","600","1015","1"
"elasticsearch","4decc72da6abc426b97789ad149b31eef9aad583","core/src/main/java/org/elasticsearch/index/shard/IndexShard.java","137","0","33","64","1163","1552","0"
"elasticsearch","16c4c251f5d94a34957d735647fdd665b97f4406","core/src/main/java/org/elasticsearch/index/shard/IndexShard.java","137","0","34","57","1156","1573","0"
"elasticsearch","15f33e61b74d4c65291f0ad157f89bd898f3ab96","core/src/main/java/org/elasticsearch/index/shard/IndexShard.java","137","0","34","57","1159","1576","0"
"netty","2c1f17faa268b9a1b8ef8f1ddaf832d1397719a3","transport-native-epoll/src/main/java/io/netty/channel/epoll/AbstractEpollStreamChannel.java","137","0","4","11","898","1210","1"
"netty","5e148d56705d0770e124216fde2790f5e220ca5e","transport-native-epoll/src/main/java/io/netty/channel/epoll/AbstractEpollStreamChannel.java","137","0","4","11","899","1214","0"
"netty","c57d4bed91eff61515f25713618101cc4072ade5","transport-native-epoll/src/main/java/io/netty/channel/epoll/AbstractEpollStreamChannel.java","137","0","4","11","900","1215","1"
"elasticsearch","b1cef5fdf8e1f8e9982a4724986b2731ca4d522b","core/src/main/java/org/elasticsearch/search/aggregations/bucket/terms/support/IncludeExclude.java","137","0","6","26","637","792","1"
"mcMMO","7e67505dfbc714b85abe4b7b762e245f2b173c75","src/main/java/com/gmail/nossr50/util/skills/CombatUtils.java","137","0","7","2","490","689","1"
"orientdb","daa89846a07faf0215b5d99ec4121ebd7395c41e","core/src/main/java/com/orientechnologies/orient/core/storage/impl/local/paginated/wal/OWALChangesTree.java","138","0","0","23","587","796","0"
"orientdb","67b44e38d6982f4b915b71290548d72dbd5aaa00","core/src/main/java/com/orientechnologies/orient/core/storage/impl/local/paginated/wal/OWALChangesTree.java","138","0","0","23","588","797","1"
"elasticsearch","1280512097b38b29f6525eb469fd47db833621ee","modules/elasticsearch/src/main/java/org/elasticsearch/index/engine/robin/RobinEngine.java","138","0","1","19","807","998","0"
"elasticsearch","db1dcaded33fd7cb716afbd562d425602b6f2c90","modules/elasticsearch/src/main/java/org/elasticsearch/index/engine/robin/RobinEngine.java","138","0","1","19","810","1004","0"
"elasticsearch","8fe1e5cdb89fb531e3d9f9f452f692b7bfebe143","modules/elasticsearch/src/main/java/org/elasticsearch/index/mapper/object/ObjectMapper.java","138","0","1","34","695","871","0"
"BroadleafCommerce","a9195d4ac4004123352a33490d7885e7a7a8a19e","admin/broadleaf-open-admin-platform/src/main/java/org/broadleafcommerce/openadmin/server/service/persistence/module/BasicPersistenceModule.java","138","0","1","40","910","1029","1"
"BroadleafCommerce","8d92cff0b396406b5bff293af96b37cd9b6c0291","admin/broadleaf-open-admin-platform/src/main/java/org/broadleafcommerce/openadmin/server/service/persistence/module/BasicPersistenceModule.java","138","0","1","40","915","1034","1"
"BroadleafCommerce","8cd4935e7db104bcc4e99f859c4289d29aef191f","admin/broadleaf-open-admin-platform/src/main/java/org/broadleafcommerce/openadmin/server/dao/provider/metadata/AdornedTargetCollectionFieldMetadataProvider.java","138","0","1","5","558","621","3"
"hazelcast","075b463a6568b73d46c93c6210d2d75184555dc3","hazelcast/src/main/java/com/hazelcast/map/DefaultRecordStore.java","138","0","1","55","947","1088","1"
"hazelcast","a6dcc7bdd92cf62a84d3faa2002b220176db5ee4","hazelcast/src/main/java/com/hazelcast/map/DefaultRecordStore.java","138","0","1","56","950","1092","1"
"BroadleafCommerce","25cc6d04543ce2d153d288e181a712fa6a0086f4","core/broadleaf-framework/src/main/java/org/broadleafcommerce/core/catalog/domain/CategoryImpl.java","138","0","1","94","1165","1354","6"
"BroadleafCommerce","b6e42cdebbd222a6b42b2ac6bf5a9ead8e558fa2","core/broadleaf-framework/src/main/java/org/broadleafcommerce/core/catalog/domain/CategoryImpl.java","138","0","1","94","1168","1357","7"
"BroadleafCommerce","cab33510774183acc9351cd659e3281b7495f466","core/broadleaf-framework/src/main/java/org/broadleafcommerce/core/catalog/domain/CategoryImpl.java","138","0","1","94","1177","1369","6"
"mcMMO","50e727d5912f3aa13225b4cf64fdb00a476cc89e","src/main/java/com/gmail/nossr50/listeners/EntityListener.java","138","0","13","4","469","705","1"
"elasticsearch","e1cca9000603b164cc70ff25534381e5df2a8220","src/main/java/org/elasticsearch/index/mapper/MapperService.java","138","0","18","28","701","913","0"
"BroadleafCommerce","15e70fe6b89d008dd88b5e98dbfc66a720db68bb","admin/broadleaf-open-admin-platform/src/main/java/org/broadleafcommerce/openadmin/dto/BasicFieldMetadata.java","138","0","2","103","639","786","3"
"orientdb","731545a32e96d61ede50300ab6b8dd1166de7431","core/src/main/java/com/orientechnologies/orient/core/storage/impl/local/paginated/OPaginatedCluster.java","138","0","2","42","1476","1824","0"
"BroadleafCommerce","4c0a8b2c4bddabc4e97467c8022161826c630c8c","core/broadleaf-framework/src/main/java/org/broadleafcommerce/core/catalog/domain/SkuImpl.java","138","0","2","90","1043","1283","1"
"BroadleafCommerce","21650c0b84d1c30c7c4958d3d956e670db5451ce","core/broadleaf-framework/src/main/java/org/broadleafcommerce/core/catalog/domain/SkuImpl.java","138","0","2","90","1055","1295","2"
"elasticsearch","47f92d7c621eb0b0e4cf350ae21c8553592a324f","core/src/main/java/org/elasticsearch/index/query/QueryStringQueryBuilder.java","138","0","31","28","792","1065","1"
"orientdb","7714495a75dd494934a6cfa3c422763d92a19239","server/src/main/java/com/orientechnologies/orient/server/distributed/ODistributedConfiguration.java","138","0","33","4","601","1016","0"
"elasticsearch","baa2d51e599bdb901e472d15cc0251e6712c1d25","core/src/main/java/org/elasticsearch/index/shard/IndexShard.java","138","0","34","57","1146","1563","0"
"neo4j","d94daacb45225945a8ab3285f791f8ef58f943b0","community/kernel/src/main/java/org/neo4j/kernel/InternalAbstractGraphDatabase.java","138","0","4","36","1411","1660","0"
"neo4j","0da6dae6f2ecbbab9a278f3757ef793cbe8d921f","community/kernel/src/main/java/org/neo4j/kernel/InternalAbstractGraphDatabase.java","138","0","4","36","1412","1661","1"
"antlr4","39ddd0da3a503fe96e94f1a01558384b14c7a36e","tool/src/org/antlr/v4/tool/Grammar.java","138","0","41","40","836","1345","1"
"orientdb","ca587e2ff4d3eb79f5d137b04091ae1ba3995c5d","core/src/main/java/com/orientechnologies/orient/core/serialization/serializer/record/binary/ORecordSerializerNetworkV0.java","139","0","0","10","712","840","0"
"orientdb","e1a26bce426cc521e34d18e8994ec87673af8a38","core/src/main/java/com/orientechnologies/orient/core/serialization/serializer/record/binary/ORecordSerializerNetworkV0.java","139","0","0","10","717","846","1"
"orientdb","c1f0f046093d166b58193818b359c73d4a50c228","core/src/main/java/com/orientechnologies/orient/core/db/tool/ODatabaseCompare.java","139","0","0","8","696","843","0"
"orientdb","76ffdc9fe1e541460329297a955e8494c36be8f5","core/src/main/java/com/orientechnologies/orient/core/db/tool/ODatabaseCompare.java","139","0","0","8","699","846","1"
"netty","9e890f0ab8e1bb17b9cfd7426aa6c51351212111","buffer/src/main/java/io/netty/buffer/DefaultCompositeByteBuf.java","139","0","1","105","1296","1563","2"
"mcMMO","fb8592495d54013325bf73a1bee771ec242d9315","src/main/java/com/gmail/nossr50/database/SQLDatabaseManager.java","139","0","1","12","1012","1293","2"
"BroadleafCommerce","6038ee36618e649a2eef328968bf294929171e1f","admin/broadleaf-open-admin-platform/src/main/java/org/broadleafcommerce/openadmin/server/service/persistence/module/BasicPersistenceModule.java","139","0","1","40","918","1040","1"
"BroadleafCommerce","0aa224ccf0f5db1c7ba1f2e31bd91aa917b59ee6","admin/broadleaf-open-admin-platform/src/main/java/org/broadleafcommerce/openadmin/server/dao/provider/metadata/AdornedTargetCollectionFieldMetadataProvider.java","139","0","1","5","560","624","2"
"MapDB","41e3e8059121314a64ef32611bad68ab176b8a8f","src/main/java/org/mapdb/StoreWAL.java","139","0","1","7","656","882","2"
"MapDB","5e2cb5ecf8bae2e996aac82ed81ca4c73468c1d1","src/main/java/org/mapdb/StoreWAL.java","139","0","1","7","657","883","1"
"mcMMO","dd0150411181cf3f18e24bc8502694308e61f491","src/main/java/com/gmail/nossr50/listeners/EntityListener.java","139","0","13","4","470","706","0"
"ceylon-ide-eclipse","df9e13919cdfb29d74fe80740096edf7b07ea693","plugins/com.redhat.ceylon.eclipse.ui/src/com/redhat/ceylon/eclipse/code/wizard/NewCeylonProjectWizardPageOne.java","139","0","15","6","1106","1576","0"
"ceylon-ide-eclipse","9b75d5cf045a56714c33169723f778657fdffb9f","plugins/com.redhat.ceylon.eclipse.ui/src/com/redhat/ceylon/eclipse/code/wizard/NewCeylonProjectWizardPageOne.java","139","0","15","6","1107","1578","1"
"elasticsearch","7264fd4eb810c514e80ee7b5e5dfd1c8f95e5d26","src/main/java/org/elasticsearch/index/shard/IndexShard.java","139","0","22","61","1108","1411","3"
"elasticsearch","77c2f151d274a09ea8bc4a8c02ad32eb2804695f","core/src/main/java/org/elasticsearch/index/store/Store.java","139","0","31","30","1054","1526","2"
"antlr4","c7a68514b571bbf49440972e4841817c749cdf52","tool/src/org/antlr/v4/tool/Grammar.java","139","0","41","40","841","1350","0"
"mcMMO","2ca7d139fe2d73d9b0c88bee1cdd4a652e199ae1","src/main/java/com/gmail/nossr50/util/skills/CombatUtils.java","139","0","7","2","493","694","0"
"titan","5f904d746f517fc714368c0258df4fd545e3829f","titan-core/src/main/java/com/thinkaurelius/titan/graphdb/transaction/StandardTitanTx.java","139","0","7","38","815","1035","0"
"hazelcast","2921cff694583b8638dae2991f427e61d5440a9d","hazelcast/src/main/java/com/hazelcast/internal/cluster/impl/ClusterMergeTask.java","14","0","0","0","101","157","0"
"hazelcast","9b3abb7d613ec5721929b036c072fbd122e1db47","hazelcast/src/main/java/com/hazelcast/internal/cluster/impl/ClusterMergeTask.java","14","0","0","0","101","157","0"
"hazelcast","b480e3dd6ac3303ffb5c0939ae62fad94f585b05","hazelcast/src/main/java/com/hazelcast/internal/cluster/impl/ClusterMergeTask.java","14","0","0","0","101","157","0"
"hazelcast","bb6d5281edf8d582e44a2e3f18a41df14ef5aa29","hazelcast/src/main/java/com/hazelcast/internal/cluster/impl/ClusterMergeTask.java","14","0","0","0","101","157","1"
"hazelcast","c8518584dd572eed18552720fc656a387c922389","hazelcast/src/main/java/com/hazelcast/cluster/impl/ClusterMergeTask.java","14","0","0","0","101","158","0"
"hazelcast","edc866a0ae1cdc48c425a110075c077c79b74b42","hazelcast/src/main/java/com/hazelcast/cluster/impl/ClusterMergeTask.java","14","0","0","0","101","158","0"
"hazelcast","1f042b8c4a4245594691bb6d85a66ceed9b43068","hazelcast/src/main/java/com/hazelcast/internal/cluster/impl/ClusterMergeTask.java","14","0","0","0","101","158","1"
"netty","4158152b24c1e20cc9d024486a6bc6a0ee336a92","transport/src/main/java/io/netty/channel/socket/oio/OioWorker.java","14","0","0","0","102","140","0"
"hazelcast","dfc86394c9b83c3be089e86e23bf7cf28bc27239","hazelcast/src/main/java/com/hazelcast/internal/cluster/impl/ClusterMergeTask.java","14","0","0","0","102","159","1"
"netty","120ffaf880b81c260141c9e46cec239ac235aeb9","resolver-dns/src/main/java/io/netty/resolver/dns/DnsQueryContextManager.java","14","0","0","0","106","149","0"
"hazelcast","8d97f57c9aa15d7db806a3e67580d80f360b8ec5","hazelcast/src/main/java/com/hazelcast/replicatedmap/record/InternalReplicatedMapStorage.java","14","0","0","0","108","158","1"
"elasticsearch","3cb307462dba82409bd549b3c25f581b03d69244","core/src/main/java/org/elasticsearch/common/util/BigByteArray.java","14","0","0","0","111","151","2"
"elasticsearch","3d13c27fa0df12018f35f1b20987c90277e9b6f9","core/src/main/java/org/elasticsearch/common/util/BigByteArray.java","14","0","0","0","111","151","1"
"elasticsearch","2bd09c4625898d77aa6c015c6f82cf973ed18cb7","core/src/main/java/org/elasticsearch/common/util/BigByteArray.java","14","0","0","0","111","151","0"
"hazelcast","a46aa8502977bde24649cec3b52fbb065d6f480f","hazelcast/src/test/java/com/hazelcast/test/mocknetwork/MockJoiner.java","14","0","0","0","111","156","1"
"hazelcast","1bdcce6ff27e11c5d3d12f1e91cd24012201b002","hazelcast/src/main/java/com/hazelcast/map/impl/MapMigrationAwareService.java","14","0","0","0","114","162","0"
"hazelcast","7001ec8c5b1305c796de75c2e3f170c562db8c03","hazelcast/src/main/java/com/hazelcast/map/impl/MapMigrationAwareService.java","14","0","0","0","114","162","0"
"hazelcast","3d3b0732131691b2f1a256a041cf8eb3055a2f04","hazelcast/src/main/java/com/hazelcast/map/impl/MapMigrationAwareService.java","14","0","0","0","114","162","1"
"elasticsearch","e024c67561c547b5194d00ea5e5f518a1a96fe63","core/src/main/java/org/elasticsearch/common/util/BigByteArray.java","14","0","0","0","115","158","0"
"ceylon-ide-eclipse","5b4c3eac8a7c12c0125a77343e602b4e73083595","plugins/com.redhat.ceylon.eclipse.ui/src/com/redhat/ceylon/eclipse/code/hover/CeylonLocationListener.java","14","0","0","0","116","161","0"
"hazelcast","2df063d441d3830ee797541830899e3248a8590e","hazelcast/src/main/java/com/hazelcast/partition/impl/InternalPartitionImpl.java","14","0","0","0","119","150","0"
"hazelcast","565257f977407eb3a0199d082860209c2958f5f9","hazelcast/src/main/java/com/hazelcast/partition/impl/InternalPartitionImpl.java","14","0","0","0","121","168","1"
"elasticsearch","d6d0c13bd63f28347ebdb0f9364e44921c248b8b","modules/ingest-common/src/main/java/org/elasticsearch/ingest/common/Grok.java","14","0","0","0","121","181","0"
"hazelcast","bb3ea0e107980d769862cdbda748cc91529d67b5","hazelcast-client/src/main/java/com/hazelcast/client/txn/TransactionProxy.java","14","0","0","0","123","157","0"
"hazelcast","564167c1f93b32ce742411106e9ae67eae88a801","hazelcast/src/main/java/com/hazelcast/partition/impl/InternalPartitionImpl.java","14","0","0","0","125","169","0"
"netty","35c01660da784a5ae12829589ad86ea15b56cedb","buffer/src/main/java/io/netty/buffer/PooledByteBuf.java","14","0","0","0","137","182","1"
"hazelcast","e5e19464e30ba34bb66ca5a7a34cb489afc4c1f3","hazelcast/src/main/java/com/hazelcast/spi/impl/Backup.java","14","0","0","0","141","180","2"
"hazelcast","e9cd1ee363fed9ee3118f28f074016df1761f6c0","hazelcast/src/main/java/com/hazelcast/spi/impl/Backup.java","14","0","0","0","142","181","2"
"hazelcast","9d8dcc2a1755aec6419b50698c80c1d109c89523","hazelcast/src/main/java/com/hazelcast/replicatedmap/impl/record/AbstractBaseReplicatedRecordStore.java","14","0","0","0","142","194","1"
"ceylon-ide-eclipse","65c4e729050764a2a48fa921d809ad9324757eb0","plugins/com.redhat.ceylon.eclipse.ui/src/com/redhat/ceylon/eclipse/code/correct/DestructureProposal.java","14","0","0","0","150","170","1"
"neo4j","317cd647561a0fc04808364cc543fc73edc39976","stresstests/src/test/java/org/neo4j/causalclustering/stresstests/CatchUpLoad.java","14","0","0","0","150","195","1"
"ceylon-ide-eclipse","765624413a8fc99091a14d8ff74f1ff5e3184e7b","plugins/com.redhat.ceylon.eclipse.ui/src/com/redhat/ceylon/eclipse/code/correct/DestructureProposal.java","14","0","0","0","151","171","0"
"elasticsearch","0e8d7582ec3ceb13213e39678f8640ff13f24403","plugins/repository-s3/src/main/java/org/elasticsearch/repositories/s3/DefaultS3OutputStream.java","14","0","0","0","152","217","2"
"elasticsearch","1ff2c134720811cb2e54358f321157f17ce50bf0","plugins/repository-s3/src/main/java/org/elasticsearch/repositories/s3/DefaultS3OutputStream.java","14","0","0","0","156","224","0"
"hazelcast","6a96ff2593db59bc55c3783b4420a915caa1f77b","hazelcast-client/src/main/java/com/hazelcast/client/cache/impl/AbstractClientCacheProxyBase.java","14","0","0","0","163","226","1"
"hazelcast","eed2a8c40d592a8e99645faac48f99069eaeaab2","hazelcast-client/src/main/java/com/hazelcast/client/cache/impl/HazelcastClientCacheManager.java","14","0","0","0","176","223","1"
"hazelcast","5917446b9901b1bc4ab314eb8c106e22ca50f3e3","hazelcast-client/src/main/java/com/hazelcast/client/cache/impl/HazelcastClientCacheManager.java","14","0","0","0","177","224","2"
"elasticsearch","9738ef3a90bec148abbe55dec6f6183190fa4713","core/src/main/java/org/elasticsearch/action/search/SearchDfsQueryThenFetchAsyncAction.java","14","0","0","0","177","224","1"
"hazelcast","c283f04cab711308ed3018d4e448e35b9061e0d2","hazelcast-client/src/main/java/com/hazelcast/client/cache/impl/HazelcastClientCacheManager.java","14","0","0","0","177","224","0"
"elasticsearch","2bd09c4625898d77aa6c015c6f82cf973ed18cb7","core/src/main/java/org/elasticsearch/action/search/SearchDfsQueryThenFetchAsyncAction.java","14","0","0","0","178","225","1"
"neo4j","9c79c33600e5511ac1320496d1bdd614808a973c","enterprise/core-edge/src/main/java/org/neo4j/coreedge/raft/log/segmented/SegmentFile.java","14","0","0","0","201","292","1"
"hazelcast","8e20fd580ec4e7de4938dc403d1a547e0b9a4001","hazelcast/src/main/java/com/hazelcast/map/impl/mapstore/BasicMapStoreContext.java","14","0","0","0","228","328","1"
"hazelcast","bee8b238a83b9c0237d927b4c367a7cb258b953f","hazelcast/src/main/java/com/hazelcast/map/impl/mapstore/BasicMapStoreContext.java","14","0","0","0","228","329","1"
"netty","51a536fd3068ecff95dd27adf047299122ade8ea","buffer/src/main/java/io/netty/buffer/ReadOnlyByteBufferBuf.java","14","0","0","0","263","337","0"
"netty","f478fcd3b0ced600abb3b5163f12cd10bc91979e","buffer/src/main/java/io/netty/buffer/ReadOnlyByteBufferBuf.java","14","0","0","0","264","337","0"
"netty","5416f2315e222acf8d9a36a51bcd4142a0f1c022","buffer/src/main/java/io/netty/buffer/ReadOnlyByteBufferBuf.java","14","0","0","0","267","342","0"
"neo4j","def169ceb18c87752809473362b1d15141b9ca0a","enterprise/causal-clustering/src/main/java/org/neo4j/causalclustering/discovery/HazelcastCoreTopologyService.java","14","0","0","0","281","384","0"
"hazelcast","bc601ff794160f270974eb720eb8f6a857998995","hazelcast-client/src/main/java/com/hazelcast/client/proxy/ClientQueueProxy.java","14","0","0","0","307","382","2"
"hazelcast","e666030522dea80b51b0c1e30b288c5559c80f58","hazelcast-client/src/test/java/com/hazelcast/client/map/ClientMapStoreTest.java","14","0","0","0","309","386","0"
"hazelcast","1bf486cacd7da2401e188bdebae8dd772055207d","hazelcast-client/src/main/java/com/hazelcast/client/proxy/ClientQueueProxy.java","14","0","0","0","310","387","1"
"netty","3d6d9f394d763aaed47fdd0c86023afebe3c5a9f","buffer/src/main/java/io/netty/buffer/UnpooledHeapByteBuf.java","14","0","0","0","330","419","1"
"netty","bbcab32874711f856040a47ee8e45cfbf4b29846","buffer/src/main/java/io/netty/buffer/ReadOnlyByteBufferBuf.java","14","0","0","0","372","472","1"
"elasticsearch","aa8d1740e40eb29cf7bbca80e68a2b896b5df452","core/src/main/java/org/elasticsearch/bootstrap/StartupError.java","14","0","0","0","60","120","0"
"elasticsearch","720ebe347d1410bce178e4f244237b9870403b84","core/src/main/java/org/elasticsearch/bootstrap/ESPolicy.java","14","0","0","0","74","138","0"
"hazelcast","3e9f0a4fe67f397b79d6244ff49cfc7cec656c1d","hazelcast/src/test/java/com/hazelcast/test/mocknetwork/MockJoiner.java","14","0","0","0","82","113","0"
"neo4j","cca9e04725e7ae20ba97e57506c0a33d2bdf691c","enterprise/causal-clustering/src/main/java/org/neo4j/causalclustering/core/consensus/roles/Follower.java","14","0","0","0","90","135","0"
"hazelcast","600809025746721ed0e1ea530c6a1f7af53d3514","hazelcast-client/src/test/java/com/hazelcast/client/map/ClientMapBasicTest.java","14","0","0","0","932","1161","1"
"hazelcast","c4098c8fb1c24c0e181fce2b2f53258fb3c1ca69","hazelcast-client/src/test/java/com/hazelcast/client/map/ClientMapBasicTest.java","14","0","0","0","933","1162","0"
"neo4j","1d4303c5a0a8bc80b115dfb5e44526506dd95fc6","enterprise/causal-clustering/src/main/java/org/neo4j/causalclustering/core/consensus/roles/Appending.java","14","0","0","0","96","142","1"
"hazelcast","70f8cd351dfb1ac7b06d2f7842deee87dd4539c9","hazelcast/src/main/java/com/hazelcast/nio/SocketPacketWriter.java","14","0","0","0","97","128","0"
"neo4j","cca9e04725e7ae20ba97e57506c0a33d2bdf691c","enterprise/causal-clustering/src/main/java/org/neo4j/causalclustering/core/consensus/roles/Appending.java","14","0","0","0","98","145","0"
"elasticsearch","180eff14ddd022fbb3c92392ec54156ac62b64e1","core/src/test/java/org/elasticsearch/search/aggregations/bucket/HistogramTests.java","14","0","0","1","54","78","1"
"elasticsearch","a0818d3b876216c7882b3f6b14c613173409c06c","core/src/test/java/org/elasticsearch/search/aggregations/bucket/HistogramTests.java","14","0","0","1","54","78","2"
"elasticsearch","e74d02138f02a66331b2611b5e70a908bb49cb97","core/src/test/java/org/elasticsearch/search/aggregations/bucket/HistogramTests.java","14","0","0","1","54","78","0"
"elasticsearch","046abdc281c321cd2128ee7684c0edfcaca07203","core/src/test/java/org/elasticsearch/search/aggregations/bucket/HistogramTests.java","14","0","0","1","56","80","3"
"hazelcast","22bb2013bb94f5178228794d5a173b1cf9dc38d7","hazelcast-wm/src/test/java/com/hazelcast/wm/test/TestServlet.java","14","0","0","1","58","91","3"
"elasticsearch","78d2311c5fd502088bd00625956326834538c785","core/src/test/java/org/elasticsearch/search/aggregations/pipeline/moving/avg/MovAvgTests.java","14","0","0","1","72","96","1"
"elasticsearch","c9bb686927c01e868d6f4e59a07aee455a5cdfa6","core/src/test/java/org/elasticsearch/snapshots/SnapshotsInProgressSerializationTests.java","14","0","0","1","97","131","0"
"hazelcast","820f4b2d5e993cbc48c7f14e06f7588591085461","hazelcast/src/main/java/com/hazelcast/util/executor/DelegatingFuture.java","14","0","0","10","117","155","1"
"hazelcast","aa32125d917a5f9c7e3caf2e677472535657f1a6","hazelcast/src/main/java/com/hazelcast/impl/TopicManager.java","14","0","0","10","124","166","0"
"hazelcast","2df857bf2cc6c4c8874aef410c4e9b65ef24b297","hazelcast/src/main/java/com/hazelcast/impl/TopicManager.java","14","0","0","10","127","169","0"
"elasticsearch","050b7cd0f97c9a7835b837f2f64626f2acc39871","core/src/test/java/org/elasticsearch/action/admin/indices/get/GetIndexIT.java","14","0","0","10","247","290","0"
"neo4j","222cc20feb0c344dc2cbd8f1da693b1898c77e88","enterprise/core-edge/src/test/java/org/neo4j/coreedge/scenarios/EdgeServerReplicationIT.java","14","0","0","10","337","490","1"
"elasticsearch","8a4d8909a1e6020a8007097eb3d38f27067201f5","core/src/test/java/org/elasticsearch/search/aggregations/bucket/GeoDistanceIT.java","14","0","0","10","421","509","0"
"ceylon-ide-eclipse","4d5b97fe6f981e0af751c6fb3117b6e473a39bf6","plugins/com.redhat.ceylon.eclipse.ui/src/com/redhat/ceylon/eclipse/core/typechecker/EditedPhasedUnit.java","14","0","0","10","89","107","0"
"hazelcast","05f9e6021e6859216b8c564cec3c51f83a0f7ebb","hazelcast-client/src/test/java/com/hazelcast/client/map/ClientMapBasicTest.java","14","0","0","104","932","1161","1"
"hazelcast","600809025746721ed0e1ea530c6a1f7af53d3514","hazelcast-client-new/src/test/java/com/hazelcast/client/map/ClientMapBasicTest.java","14","0","0","104","932","1161","1"
"hazelcast","69a23b36927ba641fc54f9e9c664dbddd18351fc","hazelcast-client/src/test/java/com/hazelcast/client/map/ClientMapBasicTest.java","14","0","0","104","932","1161","1"
"hazelcast","5c44b6e979be354adce716bc55e3cb12cf4a2d75","hazelcast-client/src/test/java/com/hazelcast/client/map/ClientMapBasicTest.java","14","0","0","104","932","1161","0"
"hazelcast","c4098c8fb1c24c0e181fce2b2f53258fb3c1ca69","hazelcast-client-new/src/test/java/com/hazelcast/client/map/ClientMapBasicTest.java","14","0","0","104","933","1162","0"
"hazelcast","12830cf4db72fc7d71edd8a20ee15fba533ab6a8","hazelcast/src/test/java/com/hazelcast/nio/tcp/FirewallingMockConnectionManager.java","14","0","0","11","133","173","1"
"hazelcast","dfde0ce89c3c11629fe62b7eba3a8e6b2bbe6e6c","hazelcast/src/test/java/com/hazelcast/nio/tcp/FirewallingMockConnectionManager.java","14","0","0","11","133","173","1"
"hazelcast","2af0e3527b78f6dfd8819995fa103791450de66c","hazelcast/src/test/java/com/hazelcast/nio/tcp/FirewallingMockConnectionManager.java","14","0","0","11","133","173","0"
"hazelcast","c7b962eded1db7b4735b713d950eb548f009331f","hazelcast/src/test/java/com/hazelcast/nio/tcp/FirewallingMockConnectionManager.java","14","0","0","11","135","175","0"
"netty","ba6ce5449ee852b782dde9a11933f6a09b123e22","microbench/src/main/java/io/netty/microbench/headers/HeadersBenchmark.java","14","0","0","11","141","176","0"
"hazelcast","ac2dda4566638398a14318604f960e2afce7d3ca","hazelcast/src/main/java/com/hazelcast/partition/impl/ReplicaSyncResponse.java","14","0","0","11","145","185","1"
"elasticsearch","6812ed0bb69dedc16dd3b8acb9f97b264f9b50af","src/main/java/org/elasticsearch/search/aggregations/pipeline/movavg/MovAvgPipelineAggregator.java","14","0","0","11","177","238","1"
"hazelcast","ebc20f503b5494875786c149722b52cfb7e0e7cc","hazelcast/src/test/java/com/hazelcast/map/LocalMapStatsTest.java","14","0","0","11","238","287","2"
"hazelcast","b458b7f05170b0556bce207d777a93ca3ec0360d","hazelcast/src/main/java/com/hazelcast/executor/impl/DistributedExecutorService.java","14","0","0","12","186","237","1"
"hazelcast","c991be3c9ff02926b07a163b8337a36225ffc88f","hazelcast/src/main/java/com/hazelcast/executor/impl/DistributedExecutorService.java","14","0","0","12","186","237","1"
"hazelcast","31820d92e469159b8152a223f32a3981d4724469","hazelcast/src/main/java/com/hazelcast/executor/impl/DistributedExecutorService.java","14","0","0","12","186","237","0"
"ceylon-ide-eclipse","142affd9309b6c998662ff091c36afbdc286ffe0","plugins/com.redhat.ceylon.eclipse.ui/src/com/redhat/ceylon/eclipse/core/typechecker/EditedPhasedUnit.java","14","0","0","12","94","114","0"
"elasticsearch","3ce7b119d28e7d1be7284bd804606a65c2d1a383","plugins/mapper-size/src/main/java/org/elasticsearch/index/mapper/size/SizeFieldMapper.java","14","0","0","13","142","193","1"
"elasticsearch","96f1739c0dafc067a289574296642219faca4673","plugins/mapper-size/src/main/java/org/elasticsearch/index/mapper/size/SizeFieldMapper.java","14","0","0","13","143","194","0"
"hazelcast","8f9b2e2e867575acbd16071100cb886aca3439a5","hazelcast/src/test/java/com/hazelcast/test/TestHazelcastInstanceFactory.java","14","0","0","13","145","187","1"
"ceylon-ide-eclipse","64a391fbabba6b9bc6b553abfa42466e0ca9673d","plugins/com.redhat.ceylon.eclipse.ui/src/com/redhat/ceylon/eclipse/code/refactor/MoveToUnitRefactoring.java","14","0","0","13","201","229","0"
"ceylon-ide-eclipse","5b4c3eac8a7c12c0125a77343e602b4e73083595","plugins/com.redhat.ceylon.eclipse.ui/src/com/redhat/ceylon/eclipse/code/refactor/MoveToUnitRefactoring.java","14","0","0","13","203","231","0"
"hazelcast","a18d0e135dc14ea3265896e288923cd1e61a4760","hazelcast/src/test/java/com/hazelcast/cache/CacheDestroyTest.java","14","0","0","13","227","298","0"
"elasticsearch","41a2375c9e609395e21522ee79202645ed2a0af4","core/src/test/java/org/elasticsearch/action/support/replication/BroadcastReplicationTests.java","14","0","0","13","265","322","1"
"elasticsearch","9080f51340b1b26f8bd171b4c82de8d87ad42b55","plugins/mapper-size/src/main/java/org/elasticsearch/index/mapper/size/SizeFieldMapper.java","14","0","0","14","127","178","1"
"elasticsearch","149ef74b26bb33d3a1d3c1c45c481a01345cd764","core/src/main/java/org/elasticsearch/search/aggregations/support/ValueType.java","14","0","0","15","144","187","0"
"elasticsearch","562c3744cab91aa083cb645c67ef57ebb20c8661","core/src/test/java/org/elasticsearch/search/functionscore/DecayFunctionScoreIT.java","14","0","0","15","710","831","0"
"elasticsearch","9f12f3c33892380e4cb0fa48b860c23c6d225b5d","core/src/test/java/org/elasticsearch/search/functionscore/DecayFunctionScoreIT.java","14","0","0","15","711","832","2"
"hazelcast","3a1d456848dcafbe8a777d7d33434d63a8db1f0d","hazelcast/src/main/java/com/hazelcast/concurrent/lock/LockStoreProxy.java","14","0","0","15","93","129","1"
"hazelcast","3ee4647695cf740a6f01e39a9831c212eb363199","hazelcast/src/main/java/com/hazelcast/concurrent/lock/LockStoreProxy.java","14","0","0","15","93","129","1"
"hazelcast","5186e0869fd957fd048d838064815d9922b133ec","hazelcast/src/main/java/com/hazelcast/concurrent/lock/LockStoreProxy.java","14","0","0","15","93","129","2"
"hazelcast","5c695f915d3d5ec0116cccdbde70b3551f5dcb5a","hazelcast/src/main/java/com/hazelcast/concurrent/lock/LockStoreProxy.java","14","0","0","15","93","129","1"
"hazelcast","e5523c33cbd00e3470f8d5e944864956d83ed5ad","hazelcast/src/main/java/com/hazelcast/concurrent/lock/LockStoreProxy.java","14","0","0","15","93","129","1"
"hazelcast","217c507d7725e99aad3a544ca43bd57110eb4f17","hazelcast/src/main/java/com/hazelcast/concurrent/lock/LockStoreProxy.java","14","0","0","15","93","129","0"
"hazelcast","7135af8a09ce704ed35cc2b84bb5e03d90e86e4d","hazelcast/src/main/java/com/hazelcast/concurrent/lock/LockStoreProxy.java","14","0","0","15","93","129","0"
"elasticsearch","adb30ac091b0503456d0846f8fb4ef40543ec5d4","core/src/main/java/org/elasticsearch/search/rescore/QueryRescorer.java","14","0","0","16","146","224","0"
"elasticsearch","d0bbe89c16db4acd4a644fbe5cc2c9e8fe4016d7","core/src/main/java/org/elasticsearch/search/rescore/QueryRescorer.java","14","0","0","16","149","226","1"
"MapDB","9c827618d17a0284836cb6b035fbd11d9535b540","src/test/java/org/mapdb/BTreeMapTest.java","14","0","0","16","192","248","1"
"neo4j","57507674d4362c2dc02dd58fb5161e4da78db57a","enterprise/backup/src/test/java/org/neo4j/backup/BackupServiceIT.java","14","0","0","16","520","698","1"
"hazelcast","e0aa3e19f21231917783bb6e8a562ce9f4f59241","hazelcast/src/main/java/com/hazelcast/cache/impl/operation/CacheGetInvalidationMetaDataOperation.java","14","0","0","17","170","230","0"
"hazelcast","e0aa3e19f21231917783bb6e8a562ce9f4f59241","hazelcast/src/main/java/com/hazelcast/map/impl/operation/MapGetInvalidationMetaDataOperation.java","14","0","0","17","174","234","0"
"elasticsearch","b612cab96a025d9d28e3c9f6fde7bac1719e5be1","core/src/test/java/org/elasticsearch/index/mapper/date/SimpleDateMappingTests.java","14","0","0","17","466","578","0"
"elasticsearch","32a097382c8d7cb55b8fae9e6a6c1c57a533689b","core/src/test/java/org/elasticsearch/index/mapper/date/SimpleDateMappingTests.java","14","0","0","17","468","580","1"
"elasticsearch","4c9327d983e348bc4f0de0c1581458c8cad953ab","core/src/test/java/org/elasticsearch/index/mapper/date/SimpleDateMappingTests.java","14","0","0","17","471","583","0"
"elasticsearch","2f97ff09256429b585252d26724aa0c21ec8c27a","modules/lang-groovy/src/test/java/org/elasticsearch/messy/tests/ScriptedMetricTests.java","14","0","0","17","650","745","1"
"elasticsearch","15588a499104c73b95df831c74cab79db3f3257b","modules/lang-groovy/src/test/java/org/elasticsearch/messy/tests/ScriptedMetricTests.java","14","0","0","17","653","748","0"
"elasticsearch","b4e80999a7ea9b2ecde0f17ae35634893aa7251a","src/test/java/org/elasticsearch/search/functionscore/DecayFunctionScoreTests.java","14","0","0","17","710","847","2"
"MapDB","e51139cae50bb5897d181c77fce4345d3aa76d64","src/test/java/org/mapdb/SerializerTest.java","14","0","0","18","183","247","0"
"BroadleafCommerce","0b82dddef8d8a719cf608eae326d394cb23b6218","core/broadleaf-framework/src/main/java/org/broadleafcommerce/core/offer/domain/OfferCodeImpl.java","14","0","0","19","171","223","2"
"BroadleafCommerce","d654e0650e1bddcfee892fdc69da9511f8dbb520","core/broadleaf-framework/src/main/java/org/broadleafcommerce/core/offer/domain/OfferCodeImpl.java","14","0","0","19","175","227","3"
"hazelcast","e666030522dea80b51b0c1e30b288c5559c80f58","hazelcast-client-new/src/test/java/com/hazelcast/client/map/ClientMapStoreTest.java","14","0","0","19","309","386","0"
"hazelcast","baf42d6be2a1e6fa0a9532d61cc2b4e56c48f110","hazelcast/src/test/java/com/hazelcast/cache/BasicCacheTest.java","14","0","0","19","350","439","4"
"hazelcast","59ca7b99475abfe77953a65f5bee08c809821fa4","hazelcast/src/test/java/com/hazelcast/cache/BasicCacheTest.java","14","0","0","19","351","440","5"
"elasticsearch","9080f51340b1b26f8bd171b4c82de8d87ad42b55","core/src/test/java/org/elasticsearch/index/mapper/DynamicMappingTests.java","14","0","0","19","477","593","2"
"elasticsearch","5badf68bd9c26578723f2b63c18ff7624cba7810","core/src/test/java/org/elasticsearch/common/util/concurrent/ThreadContextTests.java","14","0","0","19","502","636","0"
"elasticsearch","c5ce78ed44ec3b96574b22c9bd4bb0ea50631779","core/src/test/java/org/elasticsearch/search/aggregations/pipeline/moving/avg/MovAvgTests.java","14","0","0","2","107","131","0"
"oryx","3b0fc229b3818b52dda4b6b863f9bca5dcfc4d86","app/oryx-app-mllib/src/test/java/com/cloudera/oryx/app/batch/mllib/als/ALSUpdateIT.java","14","0","0","2","148","204","0"
"oryx","fddb336ac30ea3fb0bde91c61ef043f523d7d9fe","app/oryx-app-mllib/src/test/java/com/cloudera/oryx/app/batch/mllib/als/ALSUpdateIT.java","14","0","0","2","149","206","0"
"oryx","d6687d2eb4391d042aa1d5e80653326e501b0fed","app/oryx-app-mllib/src/test/java/com/cloudera/oryx/app/batch/mllib/als/ALSUpdateIT.java","14","0","0","2","150","207","1"
"elasticsearch","78bb56671e7b8d690a04a3b4b752b53a66109ab6","modules/reindex/src/main/java/org/elasticsearch/index/reindex/remote/RemoteScrollableHitSource.java","14","0","0","2","191","248","0"
"netty","7ef6db3ffd2f10cce835685359dec642bd3c874c","codec-http/src/main/java/io/netty/handler/codec/http/websocketx/extensions/WebSocketExtensionUtil.java","14","0","0","2","76","103","0"
"mcMMO","340c47eebdd5a7e0cf627b967fea7cca7f9d424f","src/main/java/com/gmail/nossr50/party/commands/PartyJoinCommand.java","14","0","0","2","77","102","0"
"mcMMO","9c0518f25155d79971b34c829aa8b2e0d0ed3958","src/main/java/com/gmail/nossr50/party/commands/PartyJoinCommand.java","14","0","0","2","78","104","0"
"neo4j","ec0a4490c9fe1e83e37d940b9c1fb896a2521a38","community/server/src/main/java/org/neo4j/server/rest/repr/MapRepresentation.java","14","0","0","2","80","112","0"
"mcMMO","87df536a1f09da85c98252e3d22938ac2e15f6ca","src/main/java/com/gmail/nossr50/commands/experience/SkillresetCommand.java","14","0","0","2","89","117","1"
"elasticsearch","4b94eb5cb8cc4294ed0e932a5f22c16bd90d4dd7","core/src/main/java/org/elasticsearch/action/admin/indices/analyze/AnalyzeResponse.java","14","0","0","20","165","212","2"
"elasticsearch","860efb2ad28db09189c8423e05d0dba53010259c","core/src/main/java/org/elasticsearch/action/admin/indices/analyze/AnalyzeResponse.java","14","0","0","20","165","212","2"
"elasticsearch","d3417fb02291f26964d77767020ef345d18c148f","core/src/main/java/org/elasticsearch/action/admin/indices/analyze/AnalyzeResponse.java","14","0","0","20","165","212","0"
"MapDB","ecf6de30d1386656cec9de62a77cd341bab15dce","src/test/java/org/mapdb/VolumeTest.java","14","0","0","20","194","245","3"
"orientdb","be2d4e0441f2baad46d40cf3621d5be0a648cea4","lucene/src/main/java/com/orientechnologies/lucene/index/OLuceneIndexNotUnique.java","14","0","0","21","227","324","1"
"orientdb","87154d21d3773b56833010727fdc7e1c88c9aee3","lucene/src/main/java/com/orientechnologies/lucene/index/OLuceneIndexNotUnique.java","14","0","0","21","229","324","1"
"hazelcast","e4a5a9d2d0d01d60d810c15d0d5bf63ffe6f902d","hazelcast-client-new/src/test/java/com/hazelcast/client/mapreduce/DistributedMapperClientMapReduceTest.java","14","0","0","21","246","326","1"
"elasticsearch","d84c643f5880a88d2e5c38b487123161f3e01fe0","core/src/test/java/org/elasticsearch/index/mapper/DynamicMappingTests.java","14","0","0","21","516","643","1"
"BroadleafCommerce","e216da5ebb303680f5c60ffcd75979f5876ab5a6","common/src/main/java/org/broadleafcommerce/common/dao/GenericEntityDaoImpl.java","14","0","0","22","208","271","0"
"orientdb","7714495a75dd494934a6cfa3c422763d92a19239","tests/src/test/java/com/orientechnologies/orient/test/database/auto/TraverseTest.java","14","0","0","23","255","312","1"
"hazelcast","d472a8a10ccf0d07ff731bc1e80cc0bd3a58b660","hazelcast/src/test/java/com/hazelcast/queue/QueueStoreTest.java","14","0","0","23","301","387","2"
"elasticsearch","698eb7de9b3b0da7ce8ee8f6ac8efcb38947bbdb","src/test/java/org/elasticsearch/indices/IndicesOptionsIntegrationTests.java","14","0","0","23","714","870","4"
"elasticsearch","b0beb3c8e1e3fbe726e6284032f9c2d8c4f492de","src/test/java/org/elasticsearch/indices/IndicesOptionsTests.java","14","0","0","23","740","896","1"
"netty","4a5dc3222488db44b0174297f20b83195601cb8d","transport/src/test/java/io/netty/channel/DefaultChannelPipelineTest.java","14","0","0","23","767","941","1"
"netty","ca5554dfe7707d2cce712d1165a648129e0a9c84","transport/src/test/java/io/netty/channel/DefaultChannelPipelineTest.java","14","0","0","23","769","939","0"
"BroadleafCommerce","dbcdf4946af5063ae942909c65ff630f49b626a5","core/broadleaf-framework/src/main/java/org/broadleafcommerce/core/offer/domain/OfferCodeImpl.java","14","0","0","25","261","327","0"
"MapDB","47c4f06186a05fdc9c66523857e7c54a87719ff5","src/test/java/org/mapdb/StorageDirectTest.java","14","0","0","25","263","348","1"
"hazelcast","26556bcb103a2c71d58cec8e3885e7f80ea51635","hazelcast/src/test/java/com/hazelcast/queue/QueueStoreTest.java","14","0","0","25","356","455","2"
"hazelcast","316096c5ebab16bc7e0485e6562eea36f6ac2aac","hazelcast/src/test/java/com/hazelcast/queue/QueueStoreTest.java","14","0","0","25","356","456","2"
"mcMMO","70231b6ae0c1807324ad9bd9ccdea88c1b2357ab","src/main/java/com/gmail/nossr50/commands/general/AddlevelsCommand.java","14","0","0","3","101","124","0"
"elasticsearch","d84c643f5880a88d2e5c38b487123161f3e01fe0","core/src/test/java/org/elasticsearch/index/query/TermQueryBuilderTests.java","14","0","0","3","106","143","0"
"elasticsearch","e7d352b489272a87b05019869857656de7fb82fc","core/src/test/java/org/elasticsearch/search/aggregations/InternalOrderTests.java","14","0","0","3","123","159","0"
"elasticsearch","04c16b7ba5658c928b9bdd7201ef41ab151540ae","src/main/java/org/elasticsearch/rest/action/cat/RestAllocationAction.java","14","0","0","3","139","186","0"
"elasticsearch","29f63c78cc2c57fe1b804a81424bdb37a2f73d55","core/src/test/java/org/elasticsearch/index/replication/RecoveryDuringReplicationTests.java","14","0","0","3","147","196","1"
"neo4j","40225cdc40a645d34112abf8df384a4e31371082","community/cypher/spec-suite-tools/src/test/java/cypher/SpecSuiteResources.java","14","0","0","3","161","197","1"
"elasticsearch","71bd40517df0c21f860224a2cfb432bb1a77c96a","src/test/java/org/elasticsearch/indices/IndicesLifecycleListenerTests.java","14","0","0","3","172","243","1"
"elasticsearch","28273e0a52c443d5a5d304767fd21373e5a81b0b","modules/reindex/src/main/java/org/elasticsearch/index/reindex/remote/RemoteScrollableHitSource.java","14","0","0","3","190","248","2"
"elasticsearch","5ef78fd0159384f08a4d6f87a01f9fe6be21afc9","modules/reindex/src/main/java/org/elasticsearch/index/reindex/remote/RemoteScrollableHitSource.java","14","0","0","3","190","248","2"
"elasticsearch","75d5b3d9eb3931161b34decdf536bed59be4aa52","modules/reindex/src/main/java/org/elasticsearch/index/reindex/remote/RemoteScrollableHitSource.java","14","0","0","3","190","248","2"
"elasticsearch","fc1f7c2147627f148a87f26c3d1698a88b7bf2f2","modules/reindex/src/main/java/org/elasticsearch/index/reindex/remote/RemoteScrollableHitSource.java","14","0","0","3","190","248","0"
"hazelcast","0fd41c008d747b13c9eb8897eab8e2ba6808d759","hazelcast/src/test/java/com/hazelcast/map/mapstore/writebehind/WriteBehindWithEntryProcessorTest.java","14","0","0","3","251","306","2"
"hazelcast","c5ff00b2b65c60069e7e807e20c9357f43cc6df4","hazelcast/src/test/java/com/hazelcast/map/mapstore/writebehind/WriteBehindWithEntryProcessorTest.java","14","0","0","3","251","306","2"
"hazelcast","b19df9dffe91a81be480a3ed2e01ec80721e3905","hazelcast/src/test/java/com/hazelcast/map/mapstore/writebehind/WriteBehindWithEntryProcessorTest.java","14","0","0","3","251","306","0"
"elasticsearch","598854dd72d7fb01a7e26a9dad065de3deaa5eb7","src/test/java/org/elasticsearch/discovery/zen/ElectMasterServiceTest.java","14","0","0","3","73","106","0"
"elasticsearch","a4b99e629132abafa21403003bf6a667a10315bb","core/src/test/java/org/elasticsearch/discovery/zen/ElectMasterServiceTest.java","14","0","0","3","73","106","0"
"elasticsearch","410704fd18acde70a0e7b149ce6e1b9aaa7560dd","core/src/test/java/org/elasticsearch/discovery/zen/ElectMasterServiceTest.java","14","0","0","3","73","106","1"
"elasticsearch","0556c93920af457c0dfb41dc2f52013ebc3e136e","core/src/test/java/org/elasticsearch/discovery/zen/ElectMasterServiceTests.java","14","0","0","3","75","106","1"
"BroadleafCommerce","68373d1c3f7f8064cea341110ba17b6ac147df7a","admin/broadleaf-open-admin-platform/src/main/java/org/broadleafcommerce/openadmin/audit/AdminAuditableListener.java","14","0","0","3","80","113","0"
"mcMMO","4aef4c63fcb09fa92ee86b1f0da68c4e86f3fced","src/main/java/com/gmail/nossr50/commands/skills/SkillGuideCommand.java","14","0","0","3","85","115","0"
"BroadleafCommerce","1430b47438deda9d5566fe0d88ea6d90f2178eac","common/src/main/java/org/broadleafcommerce/common/audit/AuditableListener.java","14","0","0","3","87","120","0"
"mcMMO","3fe9cfee74b1313c6f88b46a92a6e947ec101f60","src/main/java/com/gmail/nossr50/commands/player/InspectCommand.java","14","0","0","3","92","113","1"
"mcMMO","6518d192ec8dec02b303d2bafb2b9276c1310aec","src/main/java/com/gmail/nossr50/commands/player/InspectCommand.java","14","0","0","3","94","115","0"
"hazelcast","317fabec0c90b274c686ba018cc1b465fee244f2","hazelcast-client-new/src/test/java/com/hazelcast/client/executor/ClientExecutorServiceSubmitTest.java","14","0","0","33","542","706","0"
"hazelcast","b777381e2f8cfc3d8bcde3a87c5cc9993e31d4a2","hazelcast-client-new/src/test/java/com/hazelcast/client/executor/ClientExecutorServiceSubmitTest.java","14","0","0","33","543","707","1"
"neo4j","7723d89e6d1d951e8923fb102da0228db2e4e8f9","community/kernel/src/test/java/org/neo4j/kernel/impl/api/store/StorePropertyCursorTest.java","14","0","0","33","724","900","2"
"neo4j","4f04ee08438d4e1c99095d9d8a9f2ec223af89a9","community/kernel/src/test/java/org/neo4j/kernel/impl/api/store/StorePropertyCursorTest.java","14","0","0","34","741","922","1"
"hazelcast","83504ab6376beba2d569ea38dc59529a2f97fb4f","hazelcast/src/test/java/com/hazelcast/map/impl/nearcache/NearCacheLiteMemberTest.java","14","0","0","37","376","514","0"
"hazelcast","810540661cf0b9662e3e1bc9b5dabc53a3c052f1","hazelcast/src/test/java/com/hazelcast/map/impl/nearcache/NearCacheLiteMemberTest.java","14","0","0","39","388","515","0"
"hazelcast","330efef1f7194aaae5093af2ed205961dacf9e36","hazelcast/src/test/java/com/hazelcast/map/impl/nearcache/NearCacheLiteMemberTest.java","14","0","0","39","388","531","1"
"hazelcast","d7bef66459e1a797600ce7460bd4d04a91eb1350","hazelcast/src/test/java/com/hazelcast/scheduledexecutor/ScheduledExecutorServiceBasicTest.java","14","0","0","39","653","890","0"
"elasticsearch","495bf21b461ee15834a81b8f6a1b2311e4058bf6","core/src/test/java/org/elasticsearch/action/support/ContextPreservingActionListenerTests.java","14","0","0","4","115","157","0"
"elasticsearch","9e05b3260bf2ad234d903ae6be3b58b6cd451492","core/src/main/java/org/elasticsearch/index/similarity/SimilarityService.java","14","0","0","4","118","153","0"
"elasticsearch","d2cfad6187330f98185f277efcefef06781eea48","core/src/main/java/org/elasticsearch/index/similarity/SimilarityService.java","14","0","0","4","122","156","1"
"neo4j","8a31284a00600fe653939a9b2206e0382deded40","community/server/src/main/java/org/neo4j/server/rest/dbms/UserService.java","14","0","0","4","128","162","0"
"hazelcast","09bd1799af89fd08fca90af7badcfb4587b22aa2","hazelcast/src/main/java/com/hazelcast/nio/tcp/nonblocking/AbstractHandler.java","14","0","0","4","135","186","1"
"elasticsearch","5feaa484b5e86187c7b6b45486e3815fe9559767","src/test/java/org/elasticsearch/bwcompat/OldIndexBackwardsCompatibilityTests.java","14","0","0","4","145","193","0"
"elasticsearch","3e69c38dbd2aa319b5b199d2931125b93f59514a","plugins/repository-s3/src/main/java/org/elasticsearch/cloud/aws/InternalAwsS3Service.java","14","0","0","4","147","215","2"
"elasticsearch","a4afc22df6350f72fb427d4630e3e57f5b14335a","plugins/repository-s3/src/main/java/org/elasticsearch/cloud/aws/InternalAwsS3Service.java","14","0","0","4","157","225","1"
"elasticsearch","0e802961f16c0ae408f63d81da29c087b669dccc","plugins/repository-s3/src/main/java/org/elasticsearch/cloud/aws/InternalAwsS3Service.java","14","0","0","4","161","232","0"
"hazelcast","bd4c23a7e473d52a5f54745e6255a0cfbba0048d","hazelcast/src/test/java/com/hazelcast/internal/partition/MigrationAwareServiceEventTest.java","14","0","0","4","202","267","1"
"hazelcast","8def7802f1fbad3ee573323b4b7381892d0994c1","hazelcast/src/test/java/com/hazelcast/internal/partition/MigrationAwareServiceEventTest.java","14","0","0","4","206","272","0"
"elasticsearch","2b3760f78b26817b5a2030aa27b1ddf2f17462f6","core/src/main/java/org/elasticsearch/rest/action/admin/indices/RestIndicesStatsAction.java","14","0","0","4","91","126","1"
"hazelcast","d568e4d926d925d57d4e79e34614390416749301","hazelcast/src/main/java/com/hazelcast/internal/serialization/impl/SerializationUtil.java","14","0","0","4","92","124","0"
"hazelcast","ed777f64e4d046bb45ae4ee062b463e33526e3ad","hazelcast/src/main/java/com/hazelcast/instance/HazelcastInstanceImpl.java","14","0","0","44","346","432","1"
"hazelcast","bb3ea0e107980d769862cdbda748cc91529d67b5","hazelcast/src/main/java/com/hazelcast/instance/HazelcastInstanceImpl.java","14","0","0","45","352","439","0"
"hazelcast","9c138bc1488f6a398b05389829776717f93b838a","hazelcast/src/test/java/com/hazelcast/scheduledexecutor/ScheduledExecutorServiceBasicTest.java","14","0","0","47","752","1024","0"
"hazelcast","62b3bb7746b744b0aa2c40ea73782991dcd78fb5","hazelcast/src/test/java/com/hazelcast/scheduledexecutor/ScheduledExecutorServiceBasicTest.java","14","0","0","47","753","1024","2"
"hazelcast","9bd1ce5444c1cb1358f3782d4e05fc3fc503f69a","hazelcast/src/test/java/com/hazelcast/scheduledexecutor/ScheduledExecutorServiceBasicTest.java","14","0","0","47","753","1026","1"
"elasticsearch","bdb2241892c65eea7e56849f691ad7b1b4b66baf","src/test/java/org/elasticsearch/test/integration/indices/IgnoreIndicesTests.java","14","0","0","5","162","204","1"
"elasticsearch","4fea56ceadbbd042774a89dbdf94c16a4a33df4c","core/src/test/java/org/elasticsearch/action/admin/indices/shards/IndicesShardStoreRequestIT.java","14","0","0","5","188","232","1"
"elasticsearch","0a69f1e283e26e5d9e6a000b68b9f4778de557a1","core/src/test/java/org/elasticsearch/action/admin/indices/shards/IndicesShardStoreRequestIT.java","14","0","0","5","189","232","2"
"elasticsearch","5a64f08f048461a63a0ca1354a5050c954e63d52","core/src/test/java/org/elasticsearch/action/admin/indices/shards/IndicesShardStoreRequestIT.java","14","0","0","5","198","243","0"
"ceylon-ide-eclipse","940ef0e97a67ce4cae2d28e5df8dfa8c8c39ed99","plugins/com.redhat.ceylon.eclipse.ui/src/com/redhat/ceylon/eclipse/code/refactor/RenameLinkedMode.java","14","0","0","5","258","331","2"
"mcMMO","6264bfa15faaeda7141aba6048310532249e01c1","src/main/java/com/gmail/nossr50/runnables/skills/AlchemyBrewTask.java","14","0","0","5","82","107","0"
"mcMMO","d1fcd6958faac88d3da65211e826ba50116f2a9d","src/main/java/com/gmail/nossr50/runnables/skills/AlchemyBrewTask.java","14","0","0","5","82","107","0"
"mcMMO","b50ba9c02edbf8418b4c065589dd242438333838","src/main/java/com/gmail/nossr50/runnables/skills/AlchemyBrewTask.java","14","0","0","5","82","107","1"
"BroadleafCommerce","024e2cd7532a2662f5a6bf6f21876f03bcbccb0a","core/broadleaf-framework/src/main/java/org/broadleafcommerce/core/payment/domain/PaymentResponseItemImpl.java","14","0","0","52","374","475","2"
"BroadleafCommerce","31d47cb2fa8e903eb75078e6da36b7c2d2ec9a12","core/broadleaf-framework/src/main/java/org/broadleafcommerce/core/payment/domain/PaymentResponseItemImpl.java","14","0","0","52","374","475","1"
"BroadleafCommerce","8f5ba210f06aebdc1db085d9094cdf5e4ab0a156","core/broadleaf-framework/src/main/java/org/broadleafcommerce/core/payment/domain/PaymentResponseItemImpl.java","14","0","0","52","374","475","0"
"BroadleafCommerce","7b3f99dc97f9ecac6ce8e3accc3f6848a05ec96d","core/broadleaf-framework/src/main/java/org/broadleafcommerce/core/payment/domain/PaymentResponseItemImpl.java","14","0","0","54","386","490","1"
"BroadleafCommerce","a6b6aa3f000934c1ab6c1d123b940cb4ebf58355","core/broadleaf-framework/src/main/java/org/broadleafcommerce/core/payment/domain/PaymentResponseItemImpl.java","14","0","0","54","386","490","3"
"BroadleafCommerce","a3b56d046071ae04bde3a0799d053408cbcf621d","core/broadleaf-framework/src/main/java/org/broadleafcommerce/core/payment/domain/PaymentResponseItemImpl.java","14","0","0","54","386","490","0"
"hazelcast","1f231b04eb6c1f8be9ff637ba3c60b7a2e90d994","hazelcast/src/main/java/com/hazelcast/cluster/impl/operations/JoinCheckOperation.java","14","0","0","6","107","147","0"
"elasticsearch","9d10ffd54763675f1147f6a3024388d202185bdd","core/src/test/java/org/elasticsearch/index/shard/PrimaryReplicaSyncerTests.java","14","0","0","6","133","187","0"
"hazelcast","5009d4a90be3c901942a0a89cf29a92c074231f1","hazelcast/src/main/java/com/hazelcast/collection/impl/txncollection/AbstractTransactionalCollectionProxy.java","14","0","0","6","136","171","0"
"hazelcast","7e07ef2b7dcefe2f791c4b6d2050a9c44e6bf931","hazelcast/src/test/java/com/hazelcast/partition/impl/FrozenPartitionTableTest.java","14","0","0","6","139","170","1"
"hazelcast","dd8c45abcaff36085e5214a58bf15f508bb39588","hazelcast/src/test/java/com/hazelcast/partition/impl/FrozenPartitionTableTest.java","14","0","0","6","139","170","1"
"hazelcast","84e0a9b9d444f633dbd2bced60d95bc478086fea","hazelcast/src/test/java/com/hazelcast/partition/impl/FrozenPartitionTableTest.java","14","0","0","6","139","170","0"
"hazelcast","e70df64870e70ff5fd0c1825d4feca7392d0102c","hazelcast/src/test/java/com/hazelcast/partition/impl/FrozenPartitionTableTest.java","14","0","0","6","147","178","0"
"elasticsearch","8dedbd01df14c76fc8f1ac9060facc053fa2be9b","src/test/java/org/elasticsearch/action/bulk/BulkProcessorTests.java","14","0","0","6","238","332","0"
"neo4j","9a371bafe80ceb4e6cdc8502fbd22f9f8ec3d59d","enterprise/core-edge/src/test/java/org/neo4j/coreedge/raft/state/DurableStateStorageIT.java","14","0","0","6","242","318","1"
"neo4j","cca9e04725e7ae20ba97e57506c0a33d2bdf691c","enterprise/causal-clustering/src/main/java/org/neo4j/causalclustering/core/state/CommandApplicationProcess.java","14","0","0","6","246","351","0"
"BroadleafCommerce","92da893577ed005d3f422142164bcbd88b85bd61","core/broadleaf-framework-web/src/main/java/org/broadleafcommerce/core/web/service/SearchFacetDTOServiceImpl.java","14","0","0","6","82","115","1"
"hazelcast","7e07ef2b7dcefe2f791c4b6d2050a9c44e6bf931","hazelcast/src/main/java/com/hazelcast/cluster/impl/operations/PostJoinOperation.java","14","0","0","6","95","130","1"
"hazelcast","b6cc9a554087963df1f4d1ac5166239c0c46049f","hazelcast-client/src/main/java/com/hazelcast/client/connection/nio/ClientWriteHandler.java","14","0","0","6","97","138","0"
"hazelcast","ed953305db1f36ead329e04d9d889400667801be","hazelcast-client/src/main/java/com/hazelcast/client/connection/nio/ClientWriteHandler.java","14","0","0","6","98","139","1"
"BroadleafCommerce","1e8b29ba6d27d72811406cce7db53ed3fa903475","core/broadleaf-framework-web/src/main/java/org/broadleafcommerce/core/web/checkout/service/CheckoutFormServiceImpl.java","14","0","0","6","99","141","0"
"netty","35c01660da784a5ae12829589ad86ea15b56cedb","buffer/src/main/java/io/netty/buffer/PooledByteBufAllocator.java","14","0","0","7","115","158","1"
"elasticsearch","f56097b57a4d9d6fb5e7f1d988fb84e36ee2cf9f","modules/ingest-common/src/main/java/org/elasticsearch/ingest/common/GrokProcessor.java","14","0","0","7","120","167","0"
"elasticsearch","6796464f167ce293192c43efd1cf28e4434fd5da","modules/ingest-common/src/main/java/org/elasticsearch/ingest/common/GrokProcessor.java","14","0","0","7","120","172","4"
"elasticsearch","9ad49faa8689581c6eaadd0813baf53abda7ff3d","modules/ingest-common/src/main/java/org/elasticsearch/ingest/common/GrokProcessor.java","14","0","0","7","120","172","1"
"elasticsearch","d06a8903fdccf5985bb1b9cbfcb92580d08a544c","modules/ingest-common/src/main/java/org/elasticsearch/ingest/common/GrokProcessor.java","14","0","0","7","120","172","0"
"hazelcast","0a00c1a6ac6c6b71c59b23615ab208abcbca6fe5","hazelcast/src/test/java/com/hazelcast/map/impl/nearcache/invalidation/MapInvalidationMetaDataMigrationTest.java","14","0","0","7","205","279","1"
"hazelcast","3d3b0732131691b2f1a256a041cf8eb3055a2f04","hazelcast/src/test/java/com/hazelcast/map/impl/nearcache/invalidation/MapInvalidationMetaDataMigrationTest.java","14","0","0","7","205","279","1"
"hazelcast","601a67715c677e36907648eeb31b52993381146d","hazelcast/src/test/java/com/hazelcast/map/impl/nearcache/invalidation/MapInvalidationMetaDataMigrationTest.java","14","0","0","7","205","279","0"
"hazelcast","1bdcce6ff27e11c5d3d12f1e91cd24012201b002","hazelcast/src/test/java/com/hazelcast/map/impl/nearcache/invalidation/MapInvalidationMetaDataMigrationTest.java","14","0","0","7","214","291","0"
"neo4j","d693165ae77cf119824aaa7a53ac45b466b15c24","enterprise/core-edge/src/main/java/org/neo4j/coreedge/core/state/CommandApplicationProcess.java","14","0","0","7","243","347","1"
"neo4j","dffaacf551b9213f1b818976724f11748a16a674","enterprise/core-edge/src/main/java/org/neo4j/coreedge/core/state/CommandApplicationProcess.java","14","0","0","7","245","350","0"
"neo4j","1d4303c5a0a8bc80b115dfb5e44526506dd95fc6","enterprise/causal-clustering/src/main/java/org/neo4j/causalclustering/core/state/CommandApplicationProcess.java","14","0","0","7","246","351","1"
"orientdb","b3f9b66d8baf26afa8a2c306dbb24375f3d290c5","core/src/test/java/com/orientechnologies/orient/core/sql/OCommandExecutorSQLCreateSequenceTest.java","14","0","0","7","98","135","0"
"elasticsearch","d64d0d6a97ae8dd70ba6018f97dd3c5fc10acd53","src/test/java/org/elasticsearch/test/cache/recycler/MockPageCacheRecycler.java","14","0","0","8","118","159","1"
"hazelcast","0b99990c091b2e5235b2c7a72b4550327db4260c","hazelcast-client-new/src/main/java/com/hazelcast/client/spi/ClientProxy.java","14","0","0","8","154","219","2"
"hazelcast","2e237d2c442305f51cdbea3740548e8bfb4401ac","hazelcast-client-new/src/main/java/com/hazelcast/client/spi/ClientProxy.java","14","0","0","8","154","219","2"
"hazelcast","d38202141395360399c9cf97d4453adf5b1581e1","hazelcast-client-new/src/main/java/com/hazelcast/client/spi/ClientProxy.java","14","0","0","8","154","219","1"
"hazelcast","a4035afdfc67b757940a15578bc51b4e7b6b0b13","hazelcast-client-new/src/main/java/com/hazelcast/client/spi/ClientProxy.java","14","0","0","8","154","219","0"
"hazelcast","102cc4ef8d2e7bf4eca5451494ef6bf09deb6e43","hazelcast-client/src/main/java/com/hazelcast/client/spi/ClientProxy.java","14","0","0","8","156","208","0"
"hazelcast","99f2dd5d8710f0276d0b105ba5c0f19674b6ccdf","hazelcast-client/src/main/java/com/hazelcast/client/spi/ClientProxy.java","14","0","0","8","158","225","1"
"hazelcast","b4f94a00cf1628aa0437ded2c556bae9608f74c6","hazelcast-client/src/main/java/com/hazelcast/client/spi/ClientProxy.java","14","0","0","8","159","225","0"
"netty","e55a1f11b54333697d0bf72047695bcb914c2333","transport/src/main/java/io/netty/channel/socket/oio/OioSocketChannel.java","14","0","0","8","161","209","0"
"elasticsearch","a2b87e28f6cf9644a6b1ecdf4046b5ffedf490a9","src/main/java/org/elasticsearch/indices/cache/filter/IndicesFilterCache.java","14","0","0","8","163","219","1"
"neo4j","31e72727f11b170442df6d1f0f060411ed644dce","community/shell/src/test/java/org/neo4j/shell/TestApps.java","14","0","0","80","1003","1252","1"
"neo4j","b6ef5a5ba8682db41c6f99c9684e0d559070bce6","community/shell/src/test/java/org/neo4j/shell/TestApps.java","14","0","0","80","1003","1252","1"
"neo4j","dc4c2d96ee965fb6411950e6a767a3527872d698","community/shell/src/test/java/org/neo4j/shell/TestApps.java","14","0","0","80","1003","1252","0"
"elasticsearch","c8712e9531f55e84899be0f65fe435ae09f6a6a5","core/src/main/java/org/elasticsearch/action/admin/cluster/shards/ClusterSearchShardsResponse.java","14","0","0","9","105","138","1"
"netty","f3a2c22738c53af5770183ff8a60a49ae21f62eb","testsuite/src/test/java/io/netty/testsuite/transport/socket/SocketFileRegionTest.java","14","0","0","9","160","226","0"
"neo4j","4f021ca29bae1d5264461a88c40fae307328598f","community/kernel/src/main/java/org/neo4j/kernel/impl/util/DumpLogicalLog.java","14","0","0","9","202","250","1"
"neo4j","65a7ca99e28d12d274a84ca1008be13611ca44ab","community/kernel/src/main/java/org/neo4j/kernel/impl/util/DumpLogicalLog.java","14","0","0","9","203","252","0"
"hazelcast","db141663dff4e4d36fc35b7fdf84283b710d2591","hazelcast/src/test/java/com/hazelcast/impl/SplitBrainHandlerTest.java","14","0","0","9","261","331","1"
"netty","1ef6f147349c145542d77c987f57e1dfbd405406","transport/src/test/java/io/netty/channel/ChannelOutboundBufferTest.java","14","0","0","9","262","357","0"
"netty","298e7af6473f359cf7b608e7f9dcbe6526f792dd","transport/src/test/java/io/netty/channel/ChannelOutboundBufferTest.java","14","0","0","9","270","365","0"
"elasticsearch","046abdc281c321cd2128ee7684c0edfcaca07203","core/src/test/java/org/elasticsearch/search/aggregations/pipeline/SumBucketIT.java","14","0","0","9","296","375","3"
"elasticsearch","db541d6fbe3daecec91bb7701aacfcd284662c2a","core/src/test/java/org/elasticsearch/search/aggregations/pipeline/SumBucketIT.java","14","0","0","9","300","380","1"
"elasticsearch","b2ced13f3d4920d9278518c5ee472cc3a78bc5e1","core/src/main/java/org/elasticsearch/action/support/nodes/TransportNodesAction.java","14","0","1","0","147","202","1"
"elasticsearch","df8a3006fc8bcdfa2e443bb10d06edf0725b30c1","core/src/main/java/org/elasticsearch/action/support/nodes/TransportNodesAction.java","14","0","1","0","150","207","0"
"elasticsearch","60bddc28ebd690446c88a454cc24de984fdf0fc5","src/main/java/org/elasticsearch/action/support/single/shard/TransportShardSingleOperationAction.java","14","0","1","0","219","297","0"
"netty","3dbca4a9e2d2343e9c8af3bac085fd5b3a44da3b","transport/src/main/java/io/netty/channel/oio/AbstractOioMessageChannel.java","14","0","1","0","61","107","0"
"hazelcast","744c1e4f63f0af99d736812cc078c2e7ae4348ae","hazelcast/src/main/java/com/hazelcast/logging/Log4j2Factory.java","14","0","1","0","76","112","0"
"netty","1f27c3b39060e544b4d3aaf05b700dd5c433a0cd","transport/src/main/java/io/netty/channel/nio/AbstractNioMessageChannel.java","14","0","1","0","84","132","0"
"netty","89d4c50c300c8786af254173d307070cdd15a844","example/src/main/java/io/netty/example/http/websocketx/client/WebSocketClient.java","14","0","1","1","100","143","0"
"hazelcast","0a9f47f7d7562e29d40a75d051d751c402bb0c33","hazelcast/src/main/java/com/hazelcast/config/XmlConfigPreProcessor.java","14","0","1","1","115","147","3"
"hazelcast","5d39916669624ec4f7aed7253deb03dafa123760","hazelcast/src/main/java/com/hazelcast/config/XmlConfigPreProcessor.java","14","0","1","1","115","149","0"
"BroadleafCommerce","1c1207650f20f502eb97fcc72152b1aeaaea215c","admin/broadleaf-open-admin-platform/src/main/java/org/broadleafcommerce/openadmin/server/factory/PersistencePackageFactoryImpl.java","14","0","1","1","118","165","1"
"hazelcast","78ae1a75208f6777bfb81fd68b2d62b446f83759","hazelcast/src/main/java/com/hazelcast/config/AbstractConfigBuilder.java","14","0","1","1","124","175","1"
"hazelcast","f766bf9e897d8cabcdd8e354bcdc97cfc4eadc0a","hazelcast/src/main/java/com/hazelcast/config/AbstractConfigBuilder.java","14","0","1","1","125","176","0"
"elasticsearch","bd75b731c654f4c845f0781306b8055704706585","src/main/java/org/elasticsearch/action/admin/cluster/settings/TransportClusterUpdateSettingsAction.java","14","0","1","1","126","173","2"
"elasticsearch","de243493c9a31354d742c34a66817e8a06798026","src/main/java/org/elasticsearch/action/admin/cluster/settings/TransportClusterUpdateSettingsAction.java","14","0","1","1","130","178","1"
"neo4j","e7b3407f3dfe22e4029042512fbf88c2d60aa94d","enterprise/server-enterprise/src/main/java/org/neo4j/server/enterprise/StandaloneClusterClient.java","14","0","1","1","136","188","1"
"elasticsearch","3e9dff8b7e7672eece3593ea3bc6e920ebd95f89","modules/elasticsearch/src/main/java/org/elasticsearch/action/delete/TransportDeleteAction.java","14","0","1","1","140","194","0"
"elasticsearch","5540fbf7abbb89f09615a02c82eff5294e3925de","modules/elasticsearch/src/main/java/org/elasticsearch/action/delete/TransportDeleteAction.java","14","0","1","1","140","195","0"
"elasticsearch","fc3133d0878a426a6d2098cb75f567be00c59635","src/main/java/org/elasticsearch/action/admin/cluster/settings/TransportClusterUpdateSettingsAction.java","14","0","1","1","141","190","2"
"elasticsearch","848638d53c6feafecedeb65d3d0000a023898121","modules/elasticsearch/src/main/java/org/elasticsearch/action/delete/TransportDeleteAction.java","14","0","1","1","141","196","0"
"elasticsearch","109e2944f2e0cfea948ee77aabb7a022e0146ada","src/main/java/org/elasticsearch/action/admin/cluster/settings/TransportClusterUpdateSettingsAction.java","14","0","1","1","142","191","2"
"elasticsearch","51de01bae568cb12d39fa30bb7797e1717b15354","src/main/java/org/elasticsearch/action/search/TransportClearScrollAction.java","14","0","1","1","146","194","1"
"elasticsearch","496f50bfc305bb83b7e8d30212225a8026a9d0a9","core/src/main/java/org/elasticsearch/index/IndexingSlowLog.java","14","0","1","1","148","221","0"
"elasticsearch","5a64f08f048461a63a0ca1354a5050c954e63d52","core/src/main/java/org/elasticsearch/index/IndexingSlowLog.java","14","0","1","1","148","221","0"
"elasticsearch","6bee2b9b13100cb9de38703f4600705d3c2de7b4","core/src/main/java/org/elasticsearch/index/IndexingSlowLog.java","14","0","1","1","148","221","1"
"neo4j","65a7ca99e28d12d274a84ca1008be13611ca44ab","enterprise/server-enterprise/src/main/java/org/neo4j/server/enterprise/StandaloneClusterClient.java","14","0","1","1","150","202","0"
"neo4j","a2206e2451ffe226128a69a43f7f1f59409a0217","enterprise/server-enterprise/src/main/java/org/neo4j/server/enterprise/StandaloneClusterClient.java","14","0","1","1","150","202","0"
"neo4j","4f021ca29bae1d5264461a88c40fae307328598f","enterprise/server-enterprise/src/main/java/org/neo4j/server/enterprise/StandaloneClusterClient.java","14","0","1","1","150","202","1"
"elasticsearch","19a6cb246ee059e9545e49c7943ddd991feb4677","src/main/java/org/elasticsearch/action/index/TransportIndexAction.java","14","0","1","1","153","210","0"
"elasticsearch","91308d74c618dc947454eb9a491564bf3defadec","core/src/main/java/org/elasticsearch/index/IndexingSlowLog.java","14","0","1","1","153","226","0"
"elasticsearch","3dc21e780b397304a2ce7bf587cbfddf1c736c08","core/src/main/java/org/elasticsearch/index/IndexingSlowLog.java","14","0","1","1","159","228","0"
"elasticsearch","371c73e14023917f3892090d2d3d7ff9ac1216b9","core/src/main/java/org/elasticsearch/action/admin/indices/validate/query/TransportValidateQueryAction.java","14","0","1","1","164","210","3"
"elasticsearch","78574d248cf10dad1c5a566fda79e1e0c94afe43","core/src/main/java/org/elasticsearch/action/admin/indices/validate/query/TransportValidateQueryAction.java","14","0","1","1","164","210","2"
"elasticsearch","e6aaaf11ed4a1b8f595f920de1840938eddb7a97","core/src/main/java/org/elasticsearch/action/admin/indices/validate/query/TransportValidateQueryAction.java","14","0","1","1","164","210","2"
"elasticsearch","a60b8948ba1d836a6eac7cff095519e618939ed8","core/src/main/java/org/elasticsearch/action/admin/indices/validate/query/TransportValidateQueryAction.java","14","0","1","1","164","210","0"
"elasticsearch","3cee291bc2d9af7177f51804e82fca0663c8341a","src/main/java/org/elasticsearch/action/delete/TransportDeleteAction.java","14","0","1","1","167","223","0"
"elasticsearch","664d67d41d972fd732251fc891f2b1d75e39cb5d","core/src/main/java/org/elasticsearch/action/admin/indices/validate/query/TransportValidateQueryAction.java","14","0","1","1","168","214","1"
"elasticsearch","d99b5dfdb4bdfa42e92f68663628134ad0b8d89d","src/main/java/org/elasticsearch/action/search/type/TransportSearchDfsQueryThenFetchAction.java","14","0","1","1","178","225","1"
"elasticsearch","b5ad1c257e3b5458f58c6906e013599c98648bb6","src/main/java/org/elasticsearch/action/search/type/TransportSearchDfsQueryThenFetchAction.java","14","0","1","1","180","234","0"
"elasticsearch","d4536996432cf34de3c8e20908e7906637876858","src/main/java/org/elasticsearch/action/search/type/TransportSearchDfsQueryThenFetchAction.java","14","0","1","1","183","237","0"
"elasticsearch","467a459f95d8709379bf3e7f415644b246a89dba","core/src/main/java/org/elasticsearch/action/search/type/TransportSearchDfsQueryThenFetchAction.java","14","0","1","1","185","239","2"
"elasticsearch","c5a290550ff69ba228095fa5d5ccae8c2325c33b","core/src/main/java/org/elasticsearch/action/search/type/TransportSearchDfsQueryThenFetchAction.java","14","0","1","1","186","240","1"
"elasticsearch","821021f0e478ca44d828e62c139ea19f0fd7290a","core/src/main/java/org/elasticsearch/action/search/type/TransportSearchDfsQueryThenFetchAction.java","14","0","1","1","186","241","1"
"elasticsearch","046abdc281c321cd2128ee7684c0edfcaca07203","core/src/main/java/org/elasticsearch/search/aggregations/bucket/histogram/DateHistogramParser.java","14","0","1","1","64","95","3"
"elasticsearch","b49635539d929d6cb5ee56153e2f95872fe4bb16","modules/lang-painless/src/main/java/org/elasticsearch/painless/node/LField.java","14","0","1","1","77","123","1"
"elasticsearch","5a08e36f9cec26c0b9cbc67c8b8f0a07a6c16b17","modules/lang-painless/src/main/java/org/elasticsearch/painless/node/SWhile.java","14","0","1","1","80","132","1"
"elasticsearch","a2d07058e8557539e843fc3c2cace23b56512344","src/main/java/org/elasticsearch/action/admin/indices/get/TransportGetIndexAction.java","14","0","1","1","84","114","4"
"elasticsearch","2ffdd4468d8a2671a160278a3a94714e72347786","test/fixtures/old-elasticsearch/src/main/java/oldes/OldElasticsearch.java","14","0","1","1","92","132","0"
"elasticsearch","b75d1d885a4f56edf8d1b8cd393298588fbd0123","src/main/java/org/elasticsearch/action/admin/indices/get/TransportGetIndexAction.java","14","0","1","1","94","127","3"
"netty","c024dc92d0ef40d13c72871315fc2bc9c0065f58","common/src/main/java/io/netty/util/concurrent/DefaultThreadFactory.java","14","0","1","10","106","152","0"
"hazelcast","fe5fe72b500ec87086cc396cfea16d1fa6abf951","hazelcast/src/main/java/com/hazelcast/monitor/impl/LocalOperationStatsImpl.java","14","0","1","10","115","152","0"
"hazelcast","208d4693db9c7802115c813ece286dfaa88272c5","hazelcast/src/main/java/com/hazelcast/cache/impl/operation/CacheLoadAllOperation.java","14","0","1","10","124","168","1"
"hazelcast","31820d92e469159b8152a223f32a3981d4724469","hazelcast/src/main/java/com/hazelcast/map/impl/operation/PutFromLoadAllOperation.java","14","0","1","10","136","177","2"
"elasticsearch","a3cefd919e81fd7c2c171426b64aa3357bfa6db4","src/main/java/org/elasticsearch/action/get/MultiGetShardRequest.java","14","0","1","10","150","198","2"
"elasticsearch","e1efd5f6baf8dec1c23c79b346b8a29f234a98bb","core/src/main/java/org/elasticsearch/cluster/action/shard/ShardStateAction.java","14","0","1","10","213","290","0"
"hazelcast","6ca18366e874af84dbb23b82fc47e98d60ee5323","hazelcast/src/test/java/com/hazelcast/map/EvictionMaxSizePolicyTest.java","14","0","1","10","326","425","0"
"BroadleafCommerce","15e70fe6b89d008dd88b5e98dbfc66a720db68bb","admin/broadleaf-open-admin-platform/src/main/java/org/broadleafcommerce/openadmin/dto/CollectionMetadata.java","14","0","1","10","65","105","0"
"orientdb","46bbcabde62c2b9e61ebaf45dc23f16d9dee7f02","core/src/main/java/com/orientechnologies/orient/core/metadata/sequence/OSequenceLibraryImpl.java","14","0","1","11","115","180","1"
"hazelcast","c48d6ac3a23c3aa48005bade999e52f7ed2d9204","hazelcast/src/main/java/com/hazelcast/map/operation/PartitionWideEntryOperation.java","14","0","1","11","116","158","0"
"orientdb","136db63960bbf53514691bf5a0bb8361a5ea5361","core/src/main/java/com/orientechnologies/orient/core/metadata/sequence/OSequenceLibraryImpl.java","14","0","1","11","116","181","0"
"hazelcast","87d0edf233cf8ec5f58cb37675db51b6f833cb6c","hazelcast/src/main/java/com/hazelcast/map/operation/PutFromLoadAllOperation.java","14","0","1","11","132","159","0"
"BroadleafCommerce","a03eaf9a3e901bdde9c4c66ecc3fe8e03b75bd42","common/src/main/java/org/broadleafcommerce/common/security/service/ExploitProtectionServiceImpl.java","14","0","1","11","133","175","2"
"BroadleafCommerce","6470eb171f5e24333604cf4c6b5d407052d8fa43","common/src/main/java/org/broadleafcommerce/common/security/service/ExploitProtectionServiceImpl.java","14","0","1","11","133","176","0"
"BroadleafCommerce","9b556e9914c84a41ae10f07813ea46a5d2023f27","common/src/main/java/org/broadleafcommerce/common/security/service/ExploitProtectionServiceImpl.java","14","0","1","11","133","179","0"
"hazelcast","324c12ca123c52820e6a271c2095649a57a9844f","hazelcast/src/main/java/com/hazelcast/client/impl/ClientEndpointManagerImpl.java","14","0","1","11","143","189","2"
"hazelcast","a1494c9e81153be0f5030c30ce2673c1acdeb3b5","hazelcast/src/main/java/com/hazelcast/client/impl/client/AuthenticationRequest.java","14","0","1","11","174","223","0"
"neo4j","9c79c33600e5511ac1320496d1bdd614808a973c","enterprise/core-edge/src/main/java/org/neo4j/coreedge/raft/log/segmented/SegmentedRaftLog.java","14","0","1","11","187","258","1"
"elasticsearch","1ce10dfb06fe5e90330619b881ce416e8bdf6d9a","src/main/java/org/elasticsearch/index/search/child/ParentQuery.java","14","0","1","11","220","292","0"
"elasticsearch","084cb382076b4af01436508189eaa551d0390770","core/src/test/java/org/elasticsearch/indices/settings/UpdateSettingsIT.java","14","0","1","11","336","450","1"
"hazelcast","8b2795d438634112ccaa13d8ff9ed60469d21482","hazelcast/src/main/java/com/hazelcast/cardinality/impl/hyperloglog/impl/SparseHyperLogLogEncoder.java","14","0","1","12","214","313","0"
"hazelcast","8e9847dc69afe328731c5c790e444e18153a388a","hazelcast/src/main/java/com/hazelcast/cardinality/impl/hyperloglog/impl/SparseHyperLogLogEncoder.java","14","0","1","12","215","310","1"
"elasticsearch","4cb21d02a467582fbb9abb51f6720404d1f920c1","src/main/java/org/elasticsearch/gateway/TransportNodesListGatewayStartedShards.java","14","0","1","12","218","288","0"
"elasticsearch","b2ced13f3d4920d9278518c5ee472cc3a78bc5e1","core/src/main/java/org/elasticsearch/gateway/TransportNodesListGatewayStartedShards.java","14","0","1","12","218","290","1"
"elasticsearch","df8a3006fc8bcdfa2e443bb10d06edf0725b30c1","core/src/main/java/org/elasticsearch/gateway/TransportNodesListGatewayStartedShards.java","14","0","1","12","223","298","0"
"BroadleafCommerce","15e70fe6b89d008dd88b5e98dbfc66a720db68bb","admin/broadleaf-open-admin-platform/src/main/java/org/broadleafcommerce/openadmin/dto/AdornedTargetCollectionMetadata.java","14","0","1","12","73","117","0"
"elasticsearch","2ed1f7a3390420835f9b270d20c5d512ba197827","core/src/main/java/org/elasticsearch/search/SearchShardTarget.java","14","0","1","12","82","122","1"
"hazelcast","59c4822d4ad5dfac4cecd11231280baa33d4aa35","hazelcast/src/main/java/com/hazelcast/map/client/TxnMapRequest.java","14","0","1","13","120","161","1"
"elasticsearch","567a50c29b48951af244d19d03faf4392e41c5ab","src/main/java/org/elasticsearch/common/lucene/search/function/FunctionScoreQuery.java","14","0","1","13","141","194","0"
"elasticsearch","5341404f014fbfd0c0b67c61546df38625d9b4ad","core/src/main/java/org/elasticsearch/index/engine/ShadowEngine.java","14","0","1","13","158","235","0"
"elasticsearch","e1efd5f6baf8dec1c23c79b346b8a29f234a98bb","core/src/main/java/org/elasticsearch/gateway/LocalAllocateDangledIndices.java","14","0","1","13","191","253","0"
"hazelcast","39091ff574efe84ae6a3d772a1b7cfce80f4f2e0","hazelcast/src/main/java/com/hazelcast/map/client/TxnMapRequest.java","14","0","1","14","125","167","0"
"neo4j","2fb8aea71a2d50c63f1407b9e975c5e8cbf325dc","community/security/src/main/java/org/neo4j/server/security/auth/BasicAuthManager.java","14","0","1","14","171","229","2"
"elasticsearch","768e1c20120b921090a7e9bc439aa42c49999bbb","src/main/java/org/elasticsearch/index/translog/fs/BufferingFsTranslogFile.java","14","0","1","14","200","257","1"
"elasticsearch","371c73e14023917f3892090d2d3d7ff9ac1216b9","core/src/main/java/org/elasticsearch/index/mapper/internal/TypeFieldMapper.java","14","0","1","14","210","279","3"
"elasticsearch","78574d248cf10dad1c5a566fda79e1e0c94afe43","core/src/main/java/org/elasticsearch/index/mapper/internal/TypeFieldMapper.java","14","0","1","14","210","279","2"
"elasticsearch","e6aaaf11ed4a1b8f595f920de1840938eddb7a97","core/src/main/java/org/elasticsearch/index/mapper/internal/TypeFieldMapper.java","14","0","1","14","210","279","2"
"elasticsearch","a60b8948ba1d836a6eac7cff095519e618939ed8","core/src/main/java/org/elasticsearch/index/mapper/internal/TypeFieldMapper.java","14","0","1","14","210","279","0"
"elasticsearch","e96b1e8974a11cb1ad13af9a3bdf079b886ec871","core/src/main/java/org/elasticsearch/index/mapper/internal/TypeFieldMapper.java","14","0","1","14","210","279","0"
"neo4j","c1cc6dedba2f5d439027a37c603756de10bba3ea","community/graph-algo/src/test/java/org/neo4j/graphalgo/impl/path/TestShortestPath.java","14","0","1","14","348","510","0"
"hazelcast","fea40322d0c618ef203977987e1a28ef55721b77","hazelcast-client/src/main/java/com/hazelcast/client/impl/ClientDynamicClusterConfig.java","14","0","1","143","791","970","0"
"neo4j","337e9e71cdb388affbfb096c490876405ebdf03b","community/kernel/src/main/java/org/neo4j/kernel/impl/index/IndexDefineCommand.java","14","0","1","15","146","204","1"
"neo4j","1b3aad3b619bd72c2c9f79bb7edf642c5dc56a6f","community/security/src/main/java/org/neo4j/server/security/auth/BasicAuthManager.java","14","0","1","15","176","235","1"
"neo4j","069d4fa96fad00d182daeb9570e124ae87f68f5f","community/security/src/main/java/org/neo4j/server/security/auth/BasicAuthManager.java","14","0","1","15","182","243","0"
"elasticsearch","2c510f0689b34e71db91f14fba3f03463c379e24","src/main/java/org/elasticsearch/index/translog/fs/BufferingFsTranslogFile.java","14","0","1","15","204","262","0"
"neo4j","e7323ee9b0ad1a9a3cf89fe6f9e73bdf9b1b6ecd","community/graph-algo/src/test/java/org/neo4j/graphalgo/impl/path/TestShortestPath.java","14","0","1","15","372","551","0"
"orientdb","ea1339b2d74756f4efec13f3bb59c93a0a409b47","core/src/main/java/com/orientechnologies/orient/core/metadata/sequence/OSequenceLibraryImpl.java","14","0","1","16","144","214","0"
"elasticsearch","14d37baa4bcbae00896d8aa69f6b52aab7ba5e14","core/src/main/java/org/elasticsearch/index/engine/ShadowEngine.java","14","0","1","16","170","251","1"
"neo4j","8a31284a00600fe653939a9b2206e0382deded40","community/security/src/main/java/org/neo4j/server/security/auth/BasicAuthManager.java","14","0","1","16","181","241","0"
"BroadleafCommerce","363e0843abea47db8e0b2b44e6c0767364289e18","core/broadleaf-framework/src/test/java/org/broadleafcommerce/core/offer/service/processor/FulfillmentGroupOfferProcessorTest.java","14","0","1","16","329","465","1"
"BroadleafCommerce","66355f234265e6a0d2f7a4ba31b8ab48720e3213","core/broadleaf-framework/src/test/java/org/broadleafcommerce/core/offer/service/processor/FulfillmentGroupOfferProcessorTest.java","14","0","1","16","341","477","0"
"hazelcast","baa368522ed3c920f4eee5e07815c8d3292589c8","hazelcast/src/main/java/com/hazelcast/concurrent/semaphore/Permit.java","14","0","1","17","145","192","0"
"elasticsearch","82df50a039551cf6c469f06c3db0f1d6896eadb3","src/main/java/org/elasticsearch/search/aggregations/metrics/stats/InternalStats.java","14","0","1","17","172","226","0"
"elasticsearch","baa2d51e599bdb901e472d15cc0251e6712c1d25","core/src/main/java/org/elasticsearch/index/engine/ShadowEngine.java","14","0","1","17","175","257","0"
"hazelcast","dd5a7bb416c89790335220688a21d5e83cc284b9","hazelcast-client/src/test/java/com/hazelcast/client/map/ClientMapStoreTest.java","14","0","1","17","258","335","0"
"elasticsearch","620536f85038d68522103d9cd91e4f3377773feb","core/src/test/java/org/elasticsearch/index/shard/IndexShardOperationPermitsTests.java","14","0","1","17","372","653","0"
"neo4j","353af6b311bab520e7306387dc1ad1f75f841f41","community/kernel/src/main/java/org/neo4j/kernel/impl/storageengine/impl/recordstorage/RecordStorageEngine.java","14","0","1","18","459","551","2"
"neo4j","530cd9dd6f2874f7121a6905d6d7ad1a6b42f376","community/kernel/src/main/java/org/neo4j/kernel/impl/storageengine/impl/recordstorage/RecordStorageEngine.java","14","0","1","18","462","554","1"
"neo4j","13e3d20860f871d1c13c10429f2d4d31d6180c8b","community/kernel/src/main/java/org/neo4j/kernel/impl/storageengine/impl/recordstorage/RecordStorageEngine.java","14","0","1","18","463","555","0"
"elasticsearch","15d58d91f1abb75764428fdb5e436edbe0f4181d","src/test/java/org/elasticsearch/indices/template/SimpleIndexTemplateTests.java","14","0","1","18","495","642","1"
"elasticsearch","5a64f08f048461a63a0ca1354a5050c954e63d52","core/src/test/java/org/elasticsearch/indices/template/SimpleIndexTemplateIT.java","14","0","1","18","513","667","0"
"elasticsearch","dd4a22bfedf4a3c0c34ea598dfd97903d09b6396","src/test/java/org/elasticsearch/indices/template/SimpleIndexTemplateTests.java","14","0","1","18","522","672","0"
"elasticsearch","78574d248cf10dad1c5a566fda79e1e0c94afe43","core/src/main/java/org/elasticsearch/action/admin/indices/analyze/AnalyzeResponse.java","14","0","1","19","165","215","1"
"elasticsearch","e6aaaf11ed4a1b8f595f920de1840938eddb7a97","core/src/main/java/org/elasticsearch/action/admin/indices/analyze/AnalyzeResponse.java","14","0","1","19","165","215","1"
"elasticsearch","a60b8948ba1d836a6eac7cff095519e618939ed8","core/src/main/java/org/elasticsearch/action/admin/indices/analyze/AnalyzeResponse.java","14","0","1","19","165","215","0"
"elasticsearch","fab44398d9d48f12319bc018d4b436f723b6508e","core/src/main/java/org/elasticsearch/action/admin/indices/analyze/AnalyzeResponse.java","14","0","1","19","166","216","0"
"neo4j","9af30da086d5f06bb89d34a9f0c7da244d033cbf","community/bolt/src/main/java/org/neo4j/bolt/security/auth/BasicAuthentication.java","14","0","1","2","104","139","0"
"mcMMO","93548317293e2c6c5195544b99d4ce7d900abea1","src/main/java/com/gmail/nossr50/commands/general/AddxpCommand.java","14","0","1","2","111","136","3"
"elasticsearch","889db1c824d8c573835e8cbadd0c6f3ba25f8fcd","src/main/java/org/elasticsearch/cluster/routing/RoutingService.java","14","0","1","2","111","173","1"
"elasticsearch","598854dd72d7fb01a7e26a9dad065de3deaa5eb7","src/main/java/org/elasticsearch/cluster/routing/RoutingService.java","14","0","1","2","114","178","0"
"elasticsearch","31b793591ea4dd4c60088d9185fb66a3f7ae293e","src/main/java/org/elasticsearch/index/translog/TranslogService.java","14","0","1","2","133","191","0"
"elasticsearch","75cedca0dab933bb6d1679fbddea2d09122d13c9","core/src/main/java/org/elasticsearch/indices/recovery/RecoverySource.java","14","0","1","2","141","188","1"
"elasticsearch","724611f2491bfa02b1878eb9410f5515f9152d12","modules/elasticsearch/src/main/java/org/elasticsearch/search/sort/ScriptSortParser.java","14","0","1","2","59","89","1"
"elasticsearch","336ac33eed0593141f4fabb643b9f0582a281ade","core/src/test/java/org/elasticsearch/index/store/IndexStoreTests.java","14","0","1","2","69","95","1"
"elasticsearch","fc90c2affdcf7d8303444bf06ad6c70a9a761c00","core/src/test/java/org/elasticsearch/test/XContentTestUtils.java","14","0","1","2","71","105","1"
"elasticsearch","5d6e84f206c85476d25e4b26e7998db2067e3bac","modules/elasticsearch/src/main/java/org/elasticsearch/search/facet/geodistance/GeoDistanceFacetCollector.java","14","0","1","2","76","119","1"
"BroadleafCommerce","a600ac52945a7ee2f172cbdfdf466a6e37d63fc2","admin/broadleaf-open-admin-platform/src/main/java/org/broadleafcommerce/openadmin/web/rulebuilder/DataDTODeserializer.java","14","0","1","2","77","115","0"
"elasticsearch","9077bb6528f843ca8042ff95f8fac47140ef5aa1","modules/elasticsearch/src/main/java/org/elasticsearch/search/facets/geodistance/GeoDistanceFacetCollector.java","14","0","1","2","79","123","0"
"elasticsearch","319ca8251013be5e2dbec987a716b8e5ea80e4ed","core/src/main/java/org/elasticsearch/search/aggregations/pipeline/bucketmetrics/BucketMetricsParser.java","14","0","1","2","83","120","0"
"elasticsearch","ab2f295c1671167bc3dfbada22e94fa614bd09f0","core/src/main/java/org/elasticsearch/search/aggregations/pipeline/bucketmetrics/BucketMetricsParser.java","14","0","1","2","84","120","0"
"elasticsearch","cdfa87827ac79d02abe2060af30d81806630e6c0","src/main/java/org/elasticsearch/rest/action/admin/indices/mapping/get/RestGetMappingAction.java","14","0","1","2","96","135","1"
"hazelcast","fa1c7b6b500525ad71674b38354c7da76290f7cc","hazelcast/src/main/java/com/hazelcast/queue/QueueService.java","14","0","1","20","155","203","1"
"BroadleafCommerce","8eab5e85852450205ee185cc484bebf480ca8a7c","core/broadleaf-framework/src/main/java/org/broadleafcommerce/core/search/service/solr/SolrHelperServiceImpl.java","14","0","1","20","182","251","8"
"orientdb","acbf2b4862985a154884df8442819e48c3eed517","lucene/src/main/java/com/orientechnologies/lucene/index/OLuceneIndexNotUnique.java","14","0","1","20","268","429","1"
"orientdb","74039254b1ebb8a5d96f93f3a56cf4a38f0c0e20","lucene/src/main/java/com/orientechnologies/lucene/index/OLuceneIndexNotUnique.java","14","0","1","20","269","409","0"
"hazelcast","d568e4d926d925d57d4e79e34614390416749301","hazelcast/src/test/java/com/hazelcast/internal/ascii/RestTest.java","14","0","1","20","279","359","0"
"hazelcast","7c1baa91dc4cb5d9c03b04a955a9c3e3824dde65","hazelcast-client/src/main/java/com/hazelcast/client/proxy/ClientScheduledExecutorProxy.java","14","0","1","20","307","395","1"
"hazelcast","8959aa0857797fe82461f8cabc292a4966d2e5fb","hazelcast-client/src/main/java/com/hazelcast/client/proxy/ClientScheduledExecutorProxy.java","14","0","1","20","315","404","0"
"orientdb","a6558ca8350bdccb1a216596c1414424abd776e8","tests/src/test/java/com/orientechnologies/orient/test/database/auto/SQLInsertTest.java","14","0","1","20","376","506","2"
"elasticsearch","81965d0ea94170e06de225c8cc9b822084daf63c","modules/elasticsearch/src/main/java/org/elasticsearch/index/mapper/internal/ParentFieldMapper.java","14","0","1","21","141","200","0"
"netty","c735b3e14762bdc45716371c11e65366ac1782f5","codec-http/src/main/java/io/netty/handler/codec/http/multipart/DiskFileUpload.java","14","0","1","21","178","234","0"
"orientdb","dca6885c95f754e9a03f1366b7f1ed83a9d92ed4","tests/src/test/java/com/orientechnologies/orient/test/database/auto/SQLUpdateTest.java","14","0","1","21","383","548","2"
"hazelcast","285ea2f37f81be480b27c4d255050be62a2af56f","hazelcast/src/main/java/com/hazelcast/queue/QueueService.java","14","0","1","22","166","216","0"
"orientdb","02ac677170df8ac7ea44599b30aba0788cf53d00","tests/src/test/java/com/orientechnologies/orient/test/database/auto/SQLUpdateTest.java","14","0","1","22","393","563","1"
"orientdb","2ee3b61558840a5368bca7909740f1b6b1cce1b3","core/src/main/java/com/orientechnologies/orient/core/storage/fs/OFileClassic.java","14","0","1","23","335","416","1"
"netty","08748344d852a07011be6e74bb5ddc6dcf221c45","transport/src/test/java/io/netty/channel/embedded/EmbeddedChannelTest.java","14","0","1","23","472","575","2"
"orientdb","69ad5ecc3824911ac8d1bfbeab0d379043546afb","core/src/main/java/com/orientechnologies/orient/core/storage/OStorageAbstract.java","14","0","1","24","168","235","0"
"orientdb","eda978aeda4e2d46618285fcb1d73642a30164c2","core/src/main/java/com/orientechnologies/orient/core/storage/OStorageAbstract.java","14","0","1","24","174","240","1"
"neo4j","3a8d8c551d0fa2126525b8ac23eebc7ed9d6efb5","community/kernel/src/test/java/org/neo4j/kernel/impl/api/index/IndexingServiceTest.java","14","0","1","25","1017","1334","1"
"hazelcast","59c4822d4ad5dfac4cecd11231280baa33d4aa35","hazelcast/src/main/java/com/hazelcast/collection/multimap/ObjectMultiMapProxy.java","14","0","1","25","187","238","1"
"hazelcast","39091ff574efe84ae6a3d772a1b7cfce80f4f2e0","hazelcast/src/main/java/com/hazelcast/collection/multimap/ObjectMultiMapProxy.java","14","0","1","25","190","242","0"
"neo4j","c5b5d78669dac8e798d3b7239c93623c6b72e2ea","community/kernel/src/test/java/org/neo4j/kernel/impl/api/index/IndexingServiceTest.java","14","0","1","25","981","1291","0"
"neo4j","ed50a5b2e1bc6bb50e5d4d59c681673ad75d5808","community/kernel/src/test/java/org/neo4j/kernel/impl/api/index/IndexingServiceTest.java","14","0","1","27","1036","1361","0"
"neo4j","9189a1e1ba59d1a1dfce77507e322f766d4991ff","community/kernel/src/test/java/org/neo4j/kernel/impl/api/index/IndexingServiceTest.java","14","0","1","27","1079","1413","0"
"orientdb","b483b7c3b51b4309cac3aea1fc014ac932f889ee","core/src/main/java/com/orientechnologies/orient/core/index/engine/OSBTreeIndexEngine.java","14","0","1","27","224","305","0"
"hazelcast","8af89d261e006b0bef31465c2991c3cdb2d81f78","hazelcast/src/main/java/com/hazelcast/multimap/ObjectMultiMapProxy.java","14","0","1","28","199","252","0"
"hazelcast","3c8fa06ab9436dba9d757ca218364772fd57241a","hazelcast/src/main/java/com/hazelcast/multimap/ObjectMultiMapProxy.java","14","0","1","28","206","260","0"
"hazelcast","8af89d261e006b0bef31465c2991c3cdb2d81f78","hazelcast-client/src/main/java/com/hazelcast/client/proxy/ClientMultiMapProxy.java","14","0","1","28","226","282","0"
"hazelcast","3c8fa06ab9436dba9d757ca218364772fd57241a","hazelcast-client/src/main/java/com/hazelcast/client/proxy/ClientMultiMapProxy.java","14","0","1","28","249","306","0"
"elasticsearch","16cb0dc7a6ba0cff753886227767a2dfc69ef94c","src/test/java/org/elasticsearch/test/ElasticsearchBackwardsCompatIntegrationTest.java","14","0","1","3","107","181","0"
"BroadleafCommerce","cc8e21c597f3d5e106374e50acf5a230956b1ff2","common/src/main/java/org/broadleafcommerce/common/resource/service/ResourceMinificationServiceImpl.java","14","0","1","3","115","165","0"
"elasticsearch","f5a9f2d94817f83156f46c67020f880c462824ed","modules/elasticsearch/src/main/java/org/elasticsearch/gateway/shared/SharedStorageGateway.java","14","0","1","3","138","189","0"
"elasticsearch","4fea56ceadbbd042774a89dbdf94c16a4a33df4c","core/src/main/java/org/elasticsearch/indices/recovery/RecoverySource.java","14","0","1","3","139","185","0"
"hazelcast","936c878f45afc4fbdd0748f6c51a158d3b5f00ff","hazelcast/src/main/java/com/hazelcast/client/impl/protocol/task/AuthenticationBaseMessageTask.java","14","0","1","3","152","198","0"
"hazelcast","a1494c9e81153be0f5030c30ce2673c1acdeb3b5","hazelcast/src/main/java/com/hazelcast/client/impl/protocol/task/AuthenticationBaseMessageTask.java","14","0","1","3","152","198","0"
"hazelcast","b17c30e3ef5f3abc80892e09be43290657567985","hazelcast/src/main/java/com/hazelcast/client/impl/protocol/task/AuthenticationBaseMessageTask.java","14","0","1","3","152","198","0"
"hazelcast","b4e980883900ab35ae79d36b5891e6619772cc97","hazelcast/src/main/java/com/hazelcast/client/impl/protocol/task/AuthenticationBaseMessageTask.java","14","0","1","3","152","198","2"
"elasticsearch","7d8726a5e81ba5c3d42182ffdb6b1d413a025b9f","modules/elasticsearch/src/main/java/org/elasticsearch/cluster/action/shard/ShardStateAction.java","14","0","1","3","163","224","0"
"elasticsearch","8eab5ec5286475b5c0602d8c230947c781db6596","modules/elasticsearch/src/main/java/org/elasticsearch/cluster/action/shard/ShardStateAction.java","14","0","1","3","165","228","0"
"elasticsearch","429e517476d95e50ecb9d73d58e5013bd2158e7d","modules/reindex/src/main/java/org/elasticsearch/index/reindex/ClientScrollableHitSource.java","14","0","1","3","174","244","1"
"elasticsearch","28273e0a52c443d5a5d304767fd21373e5a81b0b","modules/reindex/src/main/java/org/elasticsearch/index/reindex/ClientScrollableHitSource.java","14","0","1","3","176","253","1"
"elasticsearch","75d5b3d9eb3931161b34decdf536bed59be4aa52","modules/reindex/src/main/java/org/elasticsearch/index/reindex/ClientScrollableHitSource.java","14","0","1","3","176","253","2"
"elasticsearch","0c724b1878335c68b118db1ebd116bcb532282a2","modules/reindex/src/main/java/org/elasticsearch/index/reindex/ClientScrollableHitSource.java","14","0","1","3","176","253","0"
"elasticsearch","78bb56671e7b8d690a04a3b4b752b53a66109ab6","modules/reindex/src/main/java/org/elasticsearch/index/reindex/ClientScrollableHitSource.java","14","0","1","3","181","256","0"
"elasticsearch","bd23921a3afbe2287b1ec272d46bc140807041ce","modules/reindex/src/main/java/org/elasticsearch/index/reindex/ClientScrollableHitSource.java","14","0","1","3","184","256","0"
"elasticsearch","d3417fb02291f26964d77767020ef345d18c148f","modules/reindex/src/main/java/org/elasticsearch/index/reindex/ClientScrollableHitSource.java","14","0","1","3","184","256","0"
"elasticsearch","860efb2ad28db09189c8423e05d0dba53010259c","modules/reindex/src/main/java/org/elasticsearch/index/reindex/ClientScrollableHitSource.java","14","0","1","3","184","256","2"
"elasticsearch","f8453aca57a8151c586d0e14e87932ba7bc82d52","core/src/main/java/org/elasticsearch/action/bulk/byscroll/ClientScrollableHitSource.java","14","0","1","3","187","262","1"
"elasticsearch","bc65be2a656f7406e820ba69c9878124bd725016","core/src/main/java/org/elasticsearch/action/bulk/byscroll/ClientScrollableHitSource.java","14","0","1","3","188","262","0"
"elasticsearch","fd3b01d81079840f1c0ddef50d1d726624f8e55b","src/test/java/org/elasticsearch/indices/IndicesLifecycleListenerTests.java","14","0","1","3","197","273","0"
"elasticsearch","91144fc92f80d02282c7b741787200539566d713","src/main/java/org/elasticsearch/index/query/FQueryFilterParser.java","14","0","1","3","65","98","0"
"elasticsearch","3c8f8cc09054a6c62c5d8eef529d3f662b887344","src/main/java/org/elasticsearch/index/query/FQueryFilterParser.java","14","0","1","3","66","99","1"
"elasticsearch","7dfe48c33b9d1bb926a7f6fff0aab9de3076cf03","modules/elasticsearch/src/main/java/org/elasticsearch/index/query/HasChildFilterParser.java","14","0","1","3","67","105","0"
"elasticsearch","22fa91efa041ec5ec36e6d768e240357d4834590","modules/elasticsearch/src/main/java/org/elasticsearch/index/store/fs/FsStore.java","14","0","1","3","67","117","0"
"elasticsearch","873d69f1576aeab4138e5fafcbafc20357a9998f","core/src/main/java/org/elasticsearch/index/query/SpanWithinQueryParser.java","14","0","1","3","69","103","0"
"elasticsearch","72d2fd0da079cee9f6e9b7e2dd9fe5733b539d8a","modules/elasticsearch/src/main/java/org/elasticsearch/index/query/HasChildQueryParser.java","14","0","1","3","69","107","0"
"elasticsearch","6855e360a05ff362c3866b9c2235333740d52cd3","core/src/main/java/org/elasticsearch/cluster/routing/allocation/decider/ThrottlingAllocationDecider.java","14","0","1","3","77","136","2"
"elasticsearch","57cbce2824dba219792a5b7080f0f09c66c5c186","core/src/main/java/org/elasticsearch/cluster/routing/allocation/decider/ThrottlingAllocationDecider.java","14","0","1","3","77","138","0"
"elasticsearch","a336886464b3571c7ac37db0801f32cef457d72c","src/main/java/org/elasticsearch/index/query/HasChildQueryParser.java","14","0","1","3","79","117","1"
"elasticsearch","94d64c0be430057e93565e4a36515a38858d35c0","src/main/java/org/elasticsearch/index/query/HasChildQueryParser.java","14","0","1","3","79","118","0"
"BroadleafCommerce","07287d3f6f5f368b9b6a815f3926257e42845f71","admin/broadleaf-open-admin-platform/src/main/java/org/broadleafcommerce/openadmin/security/BroadleafAdminAuthenticationSuccessHandler.java","14","0","1","3","79","130","0"
"elasticsearch","413cbf17132d759a675b9a9c48b2136e6e44df8d","modules/elasticsearch/src/main/java/org/elasticsearch/common/lucene/docset/AndDocIdSet.java","14","0","1","3","89","136","0"
"BroadleafCommerce","024e2cd7532a2662f5a6bf6f21876f03bcbccb0a","admin/broadleaf-open-admin-platform/src/main/java/org/broadleafcommerce/openadmin/server/service/persistence/module/criteria/FieldPathBuilder.java","14","0","1","3","90","125","2"
"BroadleafCommerce","31d47cb2fa8e903eb75078e6da36b7c2d2ec9a12","admin/broadleaf-open-admin-platform/src/main/java/org/broadleafcommerce/openadmin/server/service/persistence/module/criteria/FieldPathBuilder.java","14","0","1","3","90","125","1"
"BroadleafCommerce","8f5ba210f06aebdc1db085d9094cdf5e4ab0a156","admin/broadleaf-open-admin-platform/src/main/java/org/broadleafcommerce/openadmin/server/service/persistence/module/criteria/FieldPathBuilder.java","14","0","1","3","90","125","0"
"hazelcast","58e4782c607905ce452f830bd68a2412a9e1961e","hazelcast-client-new/src/main/java/com/hazelcast/client/proxy/ClientMultiMapProxy.java","14","0","1","30","374","466","1"
"hazelcast","f5b5e658ea42c43530cc3fd5e132e2fe503ab8b4","hazelcast-client/src/main/java/com/hazelcast/client/proxy/ClientMultiMapProxy.java","14","0","1","31","433","538","0"
"orientdb","6291aad36ffcf5634db0e0f102f12d545dc4aa94","client/src/main/java/com/orientechnologies/orient/core/db/OrientDBRemote.java","14","0","1","32","237","327","0"
"orientdb","8eb993b603e4850d756d7a5f665afa01f0778231","client/src/main/java/com/orientechnologies/orient/core/db/OrientDBRemote.java","14","0","1","33","237","328","1"
"BroadleafCommerce","4b899b0b30679392365b1286b26fd502eee6594c","admin/broadleaf-admin-module/src/main/java/org/broadleafcommerce/admin/server/service/handler/ProductCustomPersistenceHandler.java","14","0","1","4","101","154","5"
"BroadleafCommerce","b320547ff2b3a191986654db1309e43c0c709578","admin/broadleaf-admin-module/src/main/java/org/broadleafcommerce/admin/server/service/handler/ProductCustomPersistenceHandler.java","14","0","1","4","101","157","7"
"hazelcast","ca54b5e9e38f231e3520143d007a3e1ca227e8cf","hazelcast/src/main/java/com/hazelcast/internal/nearcache/impl/invalidation/MetaDataFetcher.java","14","0","1","4","106","153","0"
"antlr4","bb389782da9fe9a9a1c56c31a5af4f61c39c31fb","tool/src/org/antlr/v4/codegen/model/ElementFrequenciesVisitor.java","14","0","1","4","107","167","0"
"hazelcast","f7dcfaa1c2c8ea6e17860cfcf862f0f141bf3a74","hazelcast/src/main/java/com/hazelcast/replicatedmap/impl/ReplicatedMapEventPublishingService.java","14","0","1","4","111","144","1"
"BroadleafCommerce","030f8d7b4e8ed22cd62d84d51cd28cfe0ad83412","common/src/main/java/org/broadleafcommerce/common/file/service/FileSystemFileServiceProvider.java","14","0","1","4","115","210","0"
"hazelcast","b04a2bf45dc85bc1d0513f3ac65ea899616c9c39","hazelcast/src/main/java/com/hazelcast/internal/nearcache/impl/invalidation/BatchInvalidator.java","14","0","1","4","159","235","0"
"elasticsearch","3b967040da249ce58e848e7c00dad11b42eb3c9f","modules/elasticsearch/src/main/java/org/elasticsearch/index/percolator/PercolatorService.java","14","0","1","4","163","229","0"
"elasticsearch","0189a65e6bfc623813c6c088d19a0509fbeb64da","modules/reindex/src/test/java/org/elasticsearch/index/reindex/RoundTripTests.java","14","0","1","4","176","227","2"
"elasticsearch","43efcffcc217f5e49ed15593bc3156c2b4db1c73","modules/reindex/src/test/java/org/elasticsearch/index/reindex/RoundTripTests.java","14","0","1","4","178","229","0"
"elasticsearch","2df6b4b0ead790a0968d8726d2d2133496385448","src/main/java/org/elasticsearch/index/search/child/HasParentFilter.java","14","0","1","4","184","261","0"
"elasticsearch","5828796848674b656807406947f050626035845a","core/src/test/java/org/elasticsearch/index/shard/IndexSearcherWrapperTests.java","14","0","1","4","227","278","0"
"elasticsearch","4a15106d6a76d7e506c4966b6b5bafceca3853c9","src/main/java/org/elasticsearch/ExceptionsHelper.java","14","0","1","4","69","100","0"
"hazelcast","7055202cc7af449ba100132a7820aa265e438df0","hazelcast/src/main/java/com/hazelcast/map/impl/operation/LoadAllOperation.java","14","0","1","4","94","130","0"
"hazelcast","ac703759a1cede64d1b718cc8e7be84f6b7916d9","hazelcast/src/main/java/com/hazelcast/map/impl/operation/LoadAllOperation.java","14","0","1","4","94","130","0"
"hazelcast","dcde89bc0b97ab0e39eb414a65730066e6ac0237","hazelcast/src/main/java/com/hazelcast/map/impl/operation/LoadAllOperation.java","14","0","1","4","94","130","2"
"hazelcast","9edfab7f3f59aa6703b54c44ea249fa6da524874","hazelcast/src/main/java/com/hazelcast/map/impl/operation/LoadAllOperation.java","14","0","1","4","98","137","0"
"BroadleafCommerce","2b10415fa9765a63a8994afd4156ef082fa9def2","admin/broadleaf-admin-module/src/main/java/org/broadleafcommerce/admin/server/service/handler/ProductCustomPersistenceHandler.java","14","0","1","4","99","152","4"
"hazelcast","ef58df1d406b2b74468fa6db361b6001862b8657","hazelcast-client/src/main/java/com/hazelcast/client/HazelcastClient.java","14","0","1","40","295","369","0"
"hazelcast","f963f01955d48c55538ee86b08004a22232a050b","hazelcast-client/src/main/java/com/hazelcast/client/HazelcastClient.java","14","0","1","40","298","373","1"
"hazelcast","92e1cae092eea0fbfc0a6b9b008b6c785dfba109","hazelcast-client/src/main/java/com/hazelcast/client/connection/nio/ClientConnection.java","14","0","1","43","313","409","3"
"hazelcast","d568e4d926d925d57d4e79e34614390416749301","hazelcast-client/src/main/java/com/hazelcast/client/connection/nio/ClientConnection.java","14","0","1","44","318","416","2"
"elasticsearch","8df5d4c37e225d079e7893111fd927fb0ea4f82d","src/main/java/org/elasticsearch/action/search/type/TransportSearchHelper.java","14","0","1","5","100","135","1"
"elasticsearch","d7491515b21fb4b3c94956c75bcb74b8a5c863ae","core/src/main/java/org/elasticsearch/common/lucene/all/AllTermQuery.java","14","0","1","5","103","152","0"
"hazelcast","7df686c91c1063bde42dbb25980fb462349f941c","hazelcast/src/main/java/com/hazelcast/replicatedmap/impl/operation/ReplicationOperation.java","14","0","1","5","132","167","0"
"hazelcast","70d4de16ff0ac4518d09aad8c9f2ad9e782fb337","hazelcast/src/main/java/com/hazelcast/replicatedmap/impl/operation/ReplicationOperation.java","14","0","1","5","132","168","1"
"hazelcast","707932eed4859d26c9c896f844d9433f2795b290","hazelcast/src/main/java/com/hazelcast/replicatedmap/impl/operation/ReplicationOperation.java","14","0","1","5","132","169","0"
"elasticsearch","bac09e292697be62581f521015cbaebf3ce68104","src/test/java/org/apache/lucene/queries/BlendedTermQueryTest.java","14","0","1","5","170","205","0"
"hazelcast","d38202141395360399c9cf97d4453adf5b1581e1","hazelcast-client-new/src/main/java/com/hazelcast/client/cache/impl/HazelcastClientCacheManager.java","14","0","1","5","175","222","1"
"orientdb","49646436cee4497bc6b13ed638598cac2c4ae6e6","core/src/test/java/com/orientechnologies/orient/core/index/hashindex/local/cache/ConcurrentLRUListConcurrentTest.java","14","0","1","5","179","218","0"
"hazelcast","f745f9d46756c8cc57388c8172c0eafbd70c9c46","hazelcast-client-new/src/main/java/com/hazelcast/client/cache/impl/HazelcastClientCacheManager.java","14","0","1","5","179","229","2"
"elasticsearch","1f04182b8164ffb19f3805c48d67f0375262b317","core/src/main/java/org/elasticsearch/cluster/action/shard/ShardStateAction.java","14","0","1","5","213","290","0"
"elasticsearch","871b38afcb373d128b8061ffe13ae740304da282","core/src/test/java/org/elasticsearch/percolator/MultiPercolatorIT.java","14","0","1","5","329","402","1"
"elasticsearch","b9feaa999969e0c81ce4a84e10db110c37a97535","src/test/java/org/elasticsearch/test/integration/search/geo/GeoDistanceTests.java","14","0","1","5","550","692","1"
"hazelcast","0f81beb7a6ca58904d4b84947d3563d17e06eb43","hazelcast/src/main/java/com/hazelcast/security/permission/InstancePermission.java","14","0","1","5","72","111","1"
"hazelcast","255869a10f2faab04b401b71520057ff649ef234","hazelcast/src/main/java/com/hazelcast/security/permission/InstancePermission.java","14","0","1","5","72","111","1"
"hazelcast","9c9c050102e4b969bfb554b853dc1dc3277f158b","hazelcast/src/main/java/com/hazelcast/security/permission/InstancePermission.java","14","0","1","5","72","111","0"
"hazelcast","2d4fa2eca3ca69e76861d3b3710a9d20653e0641","hazelcast/src/main/java/com/hazelcast/security/permission/InstancePermission.java","14","0","1","5","73","113","1"
"hazelcast","4510f17588637aae6ee791e40c00eb8ddd5e61c2","hazelcast/src/main/java/com/hazelcast/security/permission/InstancePermission.java","14","0","1","5","73","113","1"
"hazelcast","e646f4f95dcbfcc5ffa6ef64b31202f34cb56a4b","hazelcast/src/main/java/com/hazelcast/security/permission/InstancePermission.java","14","0","1","5","73","113","2"
"hazelcast","04c204fcf1f1d07695eb4355106ffdc8e6bc9365","hazelcast/src/main/java/com/hazelcast/security/permission/InstancePermission.java","14","0","1","5","73","113","0"
"elasticsearch","31de1fa914998f21ecbcbeb5bd84c679379c32c9","modules/ingest-common/src/main/java/org/elasticsearch/ingest/common/ScriptProcessor.java","14","0","1","5","77","119","1"
"elasticsearch","38c650f3763c694472db18915289203d8161254d","modules/ingest-common/src/main/java/org/elasticsearch/ingest/common/ScriptProcessor.java","14","0","1","5","80","123","0"
"orientdb","bbbb777e4073e4214e47e2134379d96dcb54486a","core/src/main/java/com/orientechnologies/common/concur/resource/OReentrantResourcePool.java","14","0","1","5","83","134","1"
"BroadleafCommerce","13078afb2f9c49e07331d972b5f24307f3823eac","core/broadleaf-framework-web/src/main/java/org/broadleafcommerce/core/web/catalog/ProductHandlerMapping.java","14","0","1","5","90","146","0"
"titan","7720850da32092290f6ee0e375eb22cb367a3310","src/main/java/com/thinkaurelius/faunus/mapreduce/filter/IntervalFilterMap.java","14","0","1","5","91","106","0"
"titan","63cd447da2fac871c2528fcec575e19b10e7330b","src/main/java/com/thinkaurelius/faunus/mapreduce/filter/IntervalFilterMap.java","14","0","1","5","94","109","1"
"orientdb","a07a540cbf0795364e5fdd680cde9eba1b2b6ffd","core/src/main/java/com/orientechnologies/orient/core/sql/functions/coll/OSQLFunctionSymmetricDifference.java","14","0","1","5","96","143","1"
"orientdb","d22bd7bfe128498715df9463f60491478140e6f6","core/src/main/java/com/orientechnologies/orient/core/sql/functions/coll/OSQLFunctionSymmetricDifference.java","14","0","1","5","96","143","1"
"orientdb","3ab49af15d2e787f5dcb7d8ba002c90b04ebe302","core/src/main/java/com/orientechnologies/orient/core/sql/functions/coll/OSQLFunctionSymmetricDifference.java","14","0","1","5","96","143","0"
"elasticsearch","620536f85038d68522103d9cd91e4f3377773feb","core/src/main/java/org/elasticsearch/index/translog/TranslogDeletionPolicy.java","14","0","1","5","96","162","1"
"elasticsearch","64358948eff4e3b75134dc9e2776e9dc5a39e156","src/main/java/org/elasticsearch/action/search/type/TransportSearchHelper.java","14","0","1","5","99","134","0"
"elasticsearch","9ae421a8b2094009023ba7d0717c6d91d7c47035","src/main/java/org/elasticsearch/search/suggest/phrase/NoisyChannelSpellChecker.java","14","0","1","6","101","139","0"
"hazelcast","bb1d17f0994af412631b960bc0c96c29a565b0d7","hazelcast/src/main/java/com/hazelcast/internal/nearcache/impl/store/BaseHeapNearCacheRecordStore.java","14","0","1","6","119","166","0"
"hazelcast","b1f86ebb558d143eea1e626a8212bfec73bd0605","hazelcast/src/main/java/com/hazelcast/internal/nearcache/impl/store/BaseHeapNearCacheRecordStore.java","14","0","1","6","120","167","1"
"BroadleafCommerce","e7723073f78a1480cdc77c9c515c554d7f9abc34","admin/broadleaf-open-admin-platform/src/main/java/org/broadleafcommerce/openadmin/server/security/handler/AdminPermissionCustomPersistenceHandler.java","14","0","1","6","121","167","0"
"BroadleafCommerce","01d47431828fa3e79dc5494ebca6d57494c68002","admin/broadleaf-open-admin-platform/src/main/java/org/broadleafcommerce/openadmin/server/security/handler/AdminPermissionCustomPersistenceHandler.java","14","0","1","6","122","168","0"
"BroadleafCommerce","b59692373bd2e17a0ce87ea0127e54b35e0d24d8","admin/broadleaf-open-admin-platform/src/main/java/org/broadleafcommerce/openadmin/server/security/handler/AdminPermissionCustomPersistenceHandler.java","14","0","1","6","122","169","0"
"hazelcast","632f73959eff502f6b0a75aeb14bdb34ff2b23c2","hazelcast/src/main/java/com/hazelcast/internal/nearcache/impl/store/BaseHeapNearCacheRecordStore.java","14","0","1","6","123","169","1"
"hazelcast","8a2785d3905127521f828732bb879db96148394a","hazelcast/src/main/java/com/hazelcast/nio/tcp/nonblocking/iobalancer/IOBalancer.java","14","0","1","6","140","215","3"
"elasticsearch","0da5cecc3c628c7cdcf76d12c418ed78ae808e34","src/main/java/org/elasticsearch/search/aggregations/bucket/terms/DoubleTerms.java","14","0","1","6","152","198","1"
"elasticsearch","0da5cecc3c628c7cdcf76d12c418ed78ae808e34","src/main/java/org/elasticsearch/search/aggregations/bucket/terms/LongTerms.java","14","0","1","6","152","199","1"
"hazelcast","89e869b74bc1ca35354cd2da111524cc10f9c141","hazelcast/src/main/java/com/hazelcast/spi/impl/operationexecutor/classic/OperationThread.java","14","0","1","6","155","217","1"
"neo4j","990fe648c6b49f319a515dd6b0757553c483ab11","enterprise/com/src/main/java/org/neo4j/com/Client.java","14","0","1","6","291","382","0"
"neo4j","88eaac89e4736cb65955327e7f588ec105ad88b5","community/kernel/src/main/java/org/neo4j/kernel/impl/transaction/log/BatchingTransactionAppender.java","14","0","1","6","306","419","1"
"neo4j","b4307adcf4a7484cddf81b70c7aa03bc811ee966","community/kernel/src/main/java/org/neo4j/kernel/impl/transaction/log/BatchingTransactionAppender.java","14","0","1","6","307","420","0"
"elasticsearch","4f131dfffbdadf5c5f9c9b7a03f9660233e04f72","src/test/java/org/elasticsearch/cluster/routing/allocation/FailedShardsRoutingTests.java","14","0","1","6","380","486","1"
"elasticsearch","9ca5e6e3e12cf4f13eb6ed0140d9073ba89c61c9","src/test/java/org/elasticsearch/cluster/routing/allocation/FailedShardsRoutingTests.java","14","0","1","6","380","486","1"
"elasticsearch","e8467f0978154f3419e479d3030348e6bb1c7e1b","src/test/java/org/elasticsearch/cluster/routing/allocation/FailedShardsRoutingTests.java","14","0","1","6","380","486","0"
"elasticsearch","c4e2f63b17246a3c4dc2c7ed76450ce433ddc007","src/main/java/org/elasticsearch/search/aggregations/bucket/terms/AbstractTermsParametersParser.java","14","0","1","6","72","113","0"
"orientdb","a07a540cbf0795364e5fdd680cde9eba1b2b6ffd","core/src/main/java/com/orientechnologies/orient/core/sql/functions/coll/OSQLFunctionMap.java","14","0","1","6","76","124","1"
"orientdb","a07a540cbf0795364e5fdd680cde9eba1b2b6ffd","core/src/main/java/com/orientechnologies/orient/core/sql/functions/coll/OSQLFunctionDocument.java","14","0","1","6","78","124","1"
"hazelcast","bcf9ee598f194761dddbc03362c365bdbe1f96ab","hazelcast/src/main/java/com/hazelcast/query/impl/MultiResultSet.java","14","0","1","6","93","128","1"
"hazelcast","df854a031b2fa3d314e6764d1aaa76c84eeb877f","hazelcast/src/main/java/com/hazelcast/query/impl/MultiResultSet.java","14","0","1","6","93","129","0"
"hazelcast","5f2fb4e1ecbd74ef1bc8282a61aa8d53be34d480","hazelcast/src/test/java/com/hazelcast/internal/dynamicconfig/DynamicConfigTest.java","14","0","1","67","678","839","0"
"orientdb","984c71715a77135a3a3b46473e9b6f816f78fb60","etl/src/main/java/com/orientechnologies/orient/etl/OETLPipeline.java","14","0","1","7","108","157","0"
"hazelcast","337ada6c765ca1ff34f8d059805cbeb9b1999053","hazelcast-client/src/main/java/com/hazelcast/client/spi/ClientProxy.java","14","0","1","7","137","190","0"
"hazelcast","77f9c8611f0d38c157163a4f72fec9805f41f6f9","hazelcast-client/src/main/java/com/hazelcast/client/spi/ClientProxy.java","14","0","1","7","137","190","0"
"hazelcast","7ddb267ac7bdddededfea041486a4437cd62ea76","hazelcast-client/src/main/java/com/hazelcast/client/spi/ClientProxy.java","14","0","1","7","137","190","1"
"hazelcast","5b296167dee65b2fee152c72edecacc609996015","hazelcast-client/src/main/java/com/hazelcast/client/spi/ClientProxy.java","14","0","1","7","146","199","3"
"hazelcast","1846ccdf51710299b209a0abe97ce7e80b266514","hazelcast/src/main/java/com/hazelcast/spi/impl/operationexecutor/classic/OperationThread.java","14","0","1","7","158","221","2"
"hazelcast","59c5defd95ebf4fec3c7664014c65e4612269447","hazelcast/src/main/java/com/hazelcast/spi/impl/operationexecutor/classic/OperationThread.java","14","0","1","7","158","221","1"
"hazelcast","a9525037283b683e9cc4c494078091eca10daf62","hazelcast/src/main/java/com/hazelcast/spi/impl/operationexecutor/classic/OperationThread.java","14","0","1","7","158","221","0"
"neo4j","1979941d5b606491b74308f43943f8e110249e5d","community/kernel/src/test/java/org/neo4j/kernel/impl/transaction/xaframework/LogMatchers.java","14","0","1","7","159","220","0"
"orientdb","9b12a3a13dd510af87cd280313523c509bb60cca","server/src/main/java/com/orientechnologies/orient/server/network/protocol/binary/OLiveCommandResultListener.java","14","0","1","7","164","216","1"
"elasticsearch","292e53fe77cae17362029d79e6afb937e75eec89","src/main/java/org/elasticsearch/index/search/child/ParentConstantScoreQuery.java","14","0","1","7","183","248","0"
"hazelcast","7055202cc7af449ba100132a7820aa265e438df0","hazelcast/src/main/java/com/hazelcast/map/impl/nearcache/NonStopInvalidator.java","14","0","1","7","89","138","0"
"neo4j","85871b2f387039ce432fc9587980b08d2598fcc6","community/shell/src/test/java/org/neo4j/shell/TestApps.java","14","0","1","71","961","1184","1"
"neo4j","a74bb16ec9a12f437da2892d606c42605c3b49a7","community/shell/src/test/java/org/neo4j/shell/TestApps.java","14","0","1","75","982","1209","0"
"neo4j","c48261121c0a573da91dc08aeb791ec39532a5e6","community/shell/src/test/java/org/neo4j/shell/TestApps.java","14","0","1","75","982","1209","0"
"neo4j","6071538f9c37fd7af909ccb3d12fbdc80cb74260","community/shell/src/test/java/org/neo4j/shell/TestApps.java","14","0","1","75","982","1209","1"
"elasticsearch","c4a49c24885e1ef26ed01be905da6ee7b0f5e0e2","src/main/java/org/elasticsearch/search/aggregations/bucket/nested/NestedAggregator.java","14","0","1","8","105","153","0"
"orientdb","abf6ba2fb52da0ed0fbf5148ca6eaef77f2e0b53","etl/src/main/java/com/orientechnologies/orient/etl/OETLPipeline.java","14","0","1","8","106","156","1"
"orientdb","21dce961ef7c05042005bc5e56ff656c03ef0e4a","etl/src/main/java/com/orientechnologies/orient/etl/OETLPipeline.java","14","0","1","8","107","159","0"
"elasticsearch","be3e31524841d8bf4c480ebb9eee08b9dabeb874","plugins/cloud-azure/src/main/java/org/elasticsearch/cloud/azure/blobstore/AzureBlobContainer.java","14","0","1","8","109","149","1"
"elasticsearch","0fa67e1538e189ff1b6b46c602ccf0cc6ff22bd1","core/src/main/java/org/elasticsearch/ingest/core/CompoundProcessor.java","14","0","1","8","111","156","0"
"elasticsearch","c0b71d26cfd31641966e597dc3a78c1494d1382d","plugins/repository-azure/src/main/java/org/elasticsearch/cloud/azure/blobstore/AzureBlobContainer.java","14","0","1","8","118","162","1"
"orientdb","c4c9bf9309d8f81e631c0df065283058c717dfdb","graphdb/src/test/java/com/tinkerpop/blueprints/impls/orient/OrientGraphRemoteTest.java","14","0","1","8","130","171","1"
"hazelcast","5758dedd1bcd1583eb238e314a12eee83980b607","hazelcast-client/src/main/java/com/hazelcast/client/impl/LifecycleServiceImpl.java","14","0","1","8","136","179","1"
"hazelcast","73673199472b3fb25cf6c72de378a1d2bab18605","hazelcast-client/src/main/java/com/hazelcast/client/impl/LifecycleServiceImpl.java","14","0","1","8","136","179","1"
"hazelcast","86b064ba3f1e467e74e95d6da24b03122065ce36","hazelcast-client/src/main/java/com/hazelcast/client/impl/LifecycleServiceImpl.java","14","0","1","8","136","179","2"
"hazelcast","9948976cea0dd05d47e24f303a0b309b4155d329","hazelcast-client/src/main/java/com/hazelcast/client/impl/LifecycleServiceImpl.java","14","0","1","8","136","179","2"
"hazelcast","7812e4cfb5307427c8041eaaed72fb543f28dd47","hazelcast-client/src/main/java/com/hazelcast/client/impl/LifecycleServiceImpl.java","14","0","1","8","136","179","0"
"hazelcast","82683a8423a0a3209f3dd70ca23835ee63f0d0b8","hazelcast-client/src/main/java/com/hazelcast/client/impl/LifecycleServiceImpl.java","14","0","1","8","136","179","0"
"hazelcast","dcfdc5d7842f3a769acd3f4023c27434c17da3d6","hazelcast-client/src/main/java/com/hazelcast/client/impl/LifecycleServiceImpl.java","14","0","1","8","136","179","0"
"hazelcast","dc70890ef045a5d59e029a354825cfac91b0de52","hazelcast-client/src/main/java/com/hazelcast/client/impl/LifecycleServiceImpl.java","14","0","1","8","137","180","0"
"hazelcast","3ffe77f22282c1ecbad3ce98484b65f0d1f26f38","hazelcast/src/main/java/com/hazelcast/wan/impl/WanReplicationServiceImpl.java","14","0","1","8","147","184","0"
"hazelcast","f9d8bfee9afcd1c787bb35a2a176e97373f87751","hazelcast/src/main/java/com/hazelcast/wan/impl/WanReplicationServiceImpl.java","14","0","1","8","147","184","0"
"hazelcast","6e2e158581b6d96dc8a27baa2d27cb37d337aed2","hazelcast/src/main/java/com/hazelcast/wan/impl/WanReplicationServiceImpl.java","14","0","1","8","147","184","1"
"hazelcast","70d4de16ff0ac4518d09aad8c9f2ad9e782fb337","hazelcast/src/test/java/com/hazelcast/client/protocol/RawProtocolAuthenticationTest.java","14","0","1","8","203","255","1"
"hazelcast","c253c4bbc79d4ef029004a12f3b07def89b52b88","hazelcast/src/test/java/com/hazelcast/client/protocol/RawProtocolAuthenticationTest.java","14","0","1","8","203","255","1"
"hazelcast","3c94770632ce0e807aced6fdb92a2f9207a6583a","hazelcast/src/test/java/com/hazelcast/client/protocol/RawProtocolAuthenticationTest.java","14","0","1","8","203","255","0"
"hazelcast","9a98cd8ff5b10aaa7334cf46153d8912ab903275","hazelcast/src/test/java/com/hazelcast/map/EvictionMaxSizePolicyTest.java","14","0","1","8","315","410","2"
"orientdb","c05d5e757abcfd480b6daf476680f5eb0ebb9a1b","core/src/main/java/com/orientechnologies/orient/core/sql/parser/OExpression.java","14","0","1","8","62","97","1"
"netty","2adebc4c54ae98565db8e2a3c02b2ffaa0c101fe","transport/src/main/java/io/netty/channel/DefaultChannelConfig.java","14","0","1","8","95","136","1"
"orientdb","76ffdc9fe1e541460329297a955e8494c36be8f5","core/src/main/java/com/orientechnologies/orient/core/db/ODatabaseRecordWrapperAbstract.java","14","0","1","84","397","529","1"
"orientdb","c1f0f046093d166b58193818b359c73d4a50c228","core/src/main/java/com/orientechnologies/orient/core/db/ODatabaseRecordWrapperAbstract.java","14","0","1","84","400","532","0"
"netty","88b093c4811b9ec26d7cd1710173d6a0c64c91e0","common/src/main/java/io/netty/util/concurrent/DefaultThreadFactory.java","14","0","1","9","100","144","1"
"orientdb","36fe694c8f3e92babf28edcd4aeda4d4ec08e667","etl/src/main/java/com/orientechnologies/orient/etl/OETLPipeline.java","14","0","1","9","106","158","1"
"hazelcast","5faf364de0508ab69091eaf53beddf235c8f8361","hazelcast/src/main/java/com/hazelcast/cache/impl/operation/CacheRemoveAllOperation.java","14","0","1","9","107","146","1"
"hazelcast","d41a6f71624ebbbac808cd9f52624d0a19adede3","hazelcast/src/main/java/com/hazelcast/cache/impl/operation/CacheRemoveAllOperation.java","14","0","1","9","108","147","1"
"elasticsearch","b3274bd770c01c6166bc2ad52e327e879c331c95","src/main/java/org/elasticsearch/search/aggregations/bucket/nested/NestedAggregator.java","14","0","1","9","110","159","0"
"hazelcast","789fec3a6e311f2b7e0375c14c84bee28393ab89","hazelcast/src/main/java/com/hazelcast/map/impl/operation/PutFromLoadAllOperation.java","14","0","1","9","131","173","1"
"hazelcast","b499b1588bd702a8ca12e6514696fa5e1497ad24","hazelcast-client/src/main/java/com/hazelcast/client/spi/impl/ClientPartitionServiceImpl.java","14","0","1","9","144","191","2"
"elasticsearch","1f04182b8164ffb19f3805c48d67f0375262b317","core/src/main/java/org/elasticsearch/gateway/LocalAllocateDangledIndices.java","14","0","1","9","191","253","0"
"elasticsearch","48357e43d3521e92aef23f8100000cd3ab5589c3","core/src/test/java/org/elasticsearch/action/update/UpdateRequestTests.java","14","0","1","9","411","488","0"
"hazelcast","2bef62be28d894899873f49f08fa180d0908634d","hazelcast/src/main/java/com/hazelcast/collection/operations/CompareAndRemoveOperation.java","14","0","1","9","88","122","0"
"elasticsearch","04c3095f5ea3e0d01a5910638437708a7c56de94","core/src/main/java/org/elasticsearch/index/query/CommonTermsQueryBuilder.java","14","0","10","2","104","204","2"
"elasticsearch","e26b1763e0f3987f1cd384f87e16f18e3e200360","core/src/main/java/org/elasticsearch/index/query/CommonTermsQueryBuilder.java","14","0","10","3","108","209","0"
"elasticsearch","e508c277e1ab52ba7cf53a702e38ad2a09225fde","core/src/main/java/org/elasticsearch/snapshots/SnapshotShardFailure.java","14","0","10","5","137","234","2"
"elasticsearch","da953700f47924f4948ec3775eb1f42f3109aac7","src/main/java/org/elasticsearch/search/aggregations/InternalAggregations.java","14","0","10","5","140","226","0"
"netty","8271c8afccf7eb21bf6f994b5f3565f6d55bdee4","codec-dns/src/main/java/io/netty/handler/codec/dns/DnsMessage.java","14","0","10","6","147","240","0"
"BroadleafCommerce","15e70fe6b89d008dd88b5e98dbfc66a720db68bb","admin/broadleaf-open-admin-platform/src/main/java/org/broadleafcommerce/openadmin/dto/OperationTypes.java","14","0","11","5","81","237","0"
"elasticsearch","9dff5e2af7555886c4f8309cdc724b871db24120","core/src/main/java/org/elasticsearch/action/DocWriteResponse.java","14","0","12","10","217","315","0"
"hazelcast","a659332f75af63da1b89962057e75103c7684900","hazelcast/src/main/java/com/hazelcast/cache/impl/CacheProxyUtil.java","14","0","12","2","104","245","0"
"elasticsearch","31b0777c911a87b7ebae0efd7d5b14d1e06f3879","core/src/test/java/org/elasticsearch/gateway/ReplicaShardAllocatorTests.java","14","0","12","5","285","384","0"
"elasticsearch","046abdc281c321cd2128ee7684c0edfcaca07203","core/src/main/java/org/elasticsearch/search/SearchModule.java","14","0","12","6","745","887","3"
"elasticsearch","a0818d3b876216c7882b3f6b14c613173409c06c","core/src/main/java/org/elasticsearch/search/SearchModule.java","14","0","12","6","746","888","2"
"elasticsearch","e74d02138f02a66331b2611b5e70a908bb49cb97","core/src/main/java/org/elasticsearch/search/SearchModule.java","14","0","12","7","747","890","0"
"elasticsearch","23d5293f827fe521f892a1b76a65b58751cc84c5","core/src/main/java/org/elasticsearch/common/Numbers.java","14","0","16","5","116","237","0"
"elasticsearch","776e5d8096c7ddea8996d8c70165f6971aadd776","core/src/main/java/org/elasticsearch/action/get/GetRequest.java","14","0","17","17","221","362","1"
"BroadleafCommerce","4236f9f91a123cded7d4a6cc714fed8847b45d27","core/broadleaf-framework-web/src/main/java/org/broadleafcommerce/core/web/controller/account/BroadleafLoginController.java","14","0","17","3","149","323","0"
"netty","804e058e27e16e346b565ce4490f6177574e267d","resolver-dns/src/main/java/io/netty/resolver/dns/DnsNameResolverBuilder.java","14","0","18","0","143","320","0"
"netty","5e649850898889a8d2f1e526db610a8fca19c1ff","resolver-dns/src/main/java/io/netty/resolver/dns/DnsNameResolverBuilder.java","14","0","19","0","150","334","1"
"hazelcast","7812e4cfb5307427c8041eaaed72fb543f28dd47","hazelcast/src/main/java/com/hazelcast/instance/BuildInfoProvider.java","14","0","2","0","123","185","0"
"elasticsearch","6d8fff65dcfde1b2d0b235707c189f07ac64ae34","src/main/java/org/elasticsearch/index/query/functionscore/FunctionScoreQueryBuilder.java","14","0","2","10","116","172","0"
"elasticsearch","01b18ad219933679256753fa8639c37d11cac1ff","src/main/java/org/elasticsearch/search/aggregations/bucket/terms/StringTermsAggregator.java","14","0","2","10","145","195","0"
"elasticsearch","1584c73e4a85037ce83744a384805f234b288548","src/main/java/org/elasticsearch/search/aggregations/bucket/terms/StringTermsAggregator.java","14","0","2","10","148","203","1"
"hazelcast","0c89672210a77fd412d5b2cdcf82e1ff22788f06","hazelcast/src/test/java/com/hazelcast/impl/ClusterLockTest.java","14","0","2","10","342","386","0"
"elasticsearch","7ab0e2c5321c802068d85c0fa3a0f44e0b02c5a4","core/src/test/java/org/elasticsearch/search/aggregations/bucket/FiltersIT.java","14","0","2","10","357","449","1"
"elasticsearch","79093e166316b4b891c3db07b1c2e7785f55b939","core/src/test/java/org/elasticsearch/action/admin/indices/create/CreateIndexIT.java","14","0","2","11","250","311","0"
"hazelcast","7163c3d0c9923842fe8722860544cb7fab6fbb85","hazelcast-client/src/test/java/com/hazelcast/client/map/ClientSortLimitTest.java","14","0","2","12","231","308","2"
"elasticsearch","149629fec657e9948488195087f30583cd561f11","core/src/main/java/org/elasticsearch/search/SearchShardTarget.java","14","0","2","12","89","133","0"
"elasticsearch","7e53123f1f5539b2466bb9e3666114cb5a613441","core/src/main/java/org/elasticsearch/index/engine/ShadowEngine.java","14","0","2","13","163","244","1"
"elasticsearch","977712f9773c3eecea3958a5b8ddf934207775a6","core/src/main/java/org/elasticsearch/search/SearchShardTarget.java","14","0","2","13","95","140","2"
"titan","6e5ccd4a2dcd59a5cf400e9e43892d3fea4847d4","src/main/java/com/thinkaurelius/titan/graphdb/blueprints/TitanBlueprintsTransaction.java","14","0","2","14","104","136","0"
"netty","e5070b726613cc6c1297ce2cc2dd5ab377cf0fbc","codec-http2/src/test/java/io/netty/handler/codec/http2/LastInboundHandler.java","14","0","2","14","130","176","0"
"elasticsearch","0a69f1e283e26e5d9e6a000b68b9f4778de557a1","core/src/main/java/org/elasticsearch/index/percolator/PercolatorQueriesRegistry.java","14","0","2","14","155","236","2"
"elasticsearch","5a64f08f048461a63a0ca1354a5050c954e63d52","core/src/main/java/org/elasticsearch/index/percolator/PercolatorQueriesRegistry.java","14","0","2","14","156","237","0"
"elasticsearch","2f2b95a6b874361dfc315100ab160ef09a26c897","src/test/java/org/elasticsearch/search/suggest/SuggestSearchTests.java","14","0","2","15","729","878","1"
"hazelcast","48bab4b5970b033ed803da04d92aafd299d3a10a","hazelcast-client/src/test/java/com/hazelcast/client/map/ClientMapStoreTest.java","14","0","2","16","259","340","0"
"neo4j","e7b3407f3dfe22e4029042512fbf88c2d60aa94d","enterprise/cluster/src/main/java/org/neo4j/cluster/com/NetworkReceiver.java","14","0","2","16","271","355","1"
"hazelcast","d568e4d926d925d57d4e79e34614390416749301","hazelcast/src/test/java/com/hazelcast/collection/impl/queue/QueueTestsFrom2X.java","14","0","2","16","428","529","0"
"hazelcast","03564de05b7285e401381ac0f32e120c59bb694a","hazelcast/src/main/java/com/hazelcast/map/impl/mapstore/writebehind/WriteBehindStore.java","14","0","2","17","159","265","1"
"netty","58b968b6036dc194dce5a3e70d05d493b2fb6b58","transport-sctp/src/main/java/io/netty/channel/sctp/DefaultSctpServerChannelConfig.java","14","0","2","18","146","194","0"
"netty","1f27c3b39060e544b4d3aaf05b700dd5c433a0cd","transport-sctp/src/main/java/io/netty/channel/sctp/DefaultSctpServerChannelConfig.java","14","0","2","19","157","206","0"
"neo4j","a2206e2451ffe226128a69a43f7f1f59409a0217","enterprise/cluster/src/main/java/org/neo4j/cluster/com/NetworkReceiver.java","14","0","2","19","280","366","0"
"elasticsearch","371c73e14023917f3892090d2d3d7ff9ac1216b9","core/src/main/java/org/elasticsearch/repositories/uri/URLRepository.java","14","0","2","2","117","184","3"
"elasticsearch","78574d248cf10dad1c5a566fda79e1e0c94afe43","core/src/main/java/org/elasticsearch/repositories/uri/URLRepository.java","14","0","2","2","117","184","2"
"elasticsearch","e6aaaf11ed4a1b8f595f920de1840938eddb7a97","core/src/main/java/org/elasticsearch/repositories/uri/URLRepository.java","14","0","2","2","117","184","2"
"elasticsearch","a60b8948ba1d836a6eac7cff095519e618939ed8","core/src/main/java/org/elasticsearch/repositories/uri/URLRepository.java","14","0","2","2","117","184","0"
"orientdb","7a678522a2d83448543bc75d7360ac0857529727","core/src/main/java/com/orientechnologies/orient/core/sql/OCommandExecutorSQLDropCluster.java","14","0","2","2","61","109","0"
"netty","77b4ec7e1bc0b8c6111728cc074226dd9cfe1b73","transport-sctp/src/main/java/io/netty/channel/sctp/DefaultSctpServerChannelConfig.java","14","0","2","20","163","213","2"
"elasticsearch","be239b86b6c006460131987b1090c19eb3b3a940","core/src/test/java/org/elasticsearch/common/settings/SettingTests.java","14","0","2","20","375","479","1"
"netty","573b54a93d45553e1726bcab54f0e325ae9f0bde","transport-sctp/src/main/java/io/netty/channel/sctp/DefaultSctpServerChannelConfig.java","14","0","2","21","168","219","1"
"netty","b533a1361bbbc457c974ca365f8293ec27ffda1c","transport-sctp/src/main/java/io/netty/channel/sctp/DefaultSctpServerChannelConfig.java","14","0","2","21","169","219","0"
"netty","9d4fae308c09a2c759dc67db765d311154c8d977","transport-sctp/src/main/java/io/netty/channel/sctp/DefaultSctpServerChannelConfig.java","14","0","2","21","170","220","2"
"hazelcast","e56ed623e2f90ba7444669e38f971c3206d1c4a0","hazelcast/src/main/java/com/hazelcast/queue/QueueService.java","14","0","2","22","170","222","1"
"netty","3e5dcb5f3efbb26d5e6cf4cd229b03c285d62462","transport-sctp/src/main/java/io/netty/channel/sctp/DefaultSctpServerChannelConfig.java","14","0","2","22","178","229","1"
"elasticsearch","9809760eb0658d9918c6f4aa5b15606c6e857fb3","core/src/test/java/org/elasticsearch/common/settings/SettingTests.java","14","0","2","22","418","534","0"
"hazelcast","0b99990c091b2e5235b2c7a72b4550327db4260c","hazelcast-client-new/src/main/java/com/hazelcast/client/proxy/ClientQueueProxy.java","14","0","2","29","287","365","2"
"hazelcast","2e237d2c442305f51cdbea3740548e8bfb4401ac","hazelcast-client-new/src/main/java/com/hazelcast/client/proxy/ClientQueueProxy.java","14","0","2","29","287","365","2"
"hazelcast","8aad5200f5667461d3959dacaa6d5d179d7b2add","hazelcast-client-new/src/main/java/com/hazelcast/client/proxy/ClientQueueProxy.java","14","0","2","29","287","365","0"
"hazelcast","a9da50b15f2d567b31e675013a016c06ebd2eba0","hazelcast-client-new/src/main/java/com/hazelcast/client/proxy/ClientQueueProxy.java","14","0","2","29","304","383","1"
"neo4j","4f021ca29bae1d5264461a88c40fae307328598f","community/kernel/src/main/java/org/neo4j/kernel/NeoStoreDataSource.java","14","0","2","29","665","798","2"
"BroadleafCommerce","9b556e9914c84a41ae10f07813ea46a5d2023f27","core/broadleaf-framework-web/src/main/java/org/broadleafcommerce/core/web/order/security/CartStateFilter.java","14","0","2","3","103","194","0"
"netty","9ac430f16fec1d3b0d0e433b953c0197d70dff10","codec-http2/src/main/java/io/netty/handler/codec/http2/UniformStreamByteDistributor.java","14","0","2","3","117","201","1"
"neo4j","4d9575d67b87b0835afc39fa62a8f5497caf378e","community/server/src/main/java/org/neo4j/server/rest/domain/PropertySettingStrategy.java","14","0","2","3","129","181","1"
"orientdb","a56ae91e7d9f772da4288542cee900793c24e5e1","core/src/main/java/com/orientechnologies/orient/core/sql/OCommandExecutorSQLDropCluster.java","14","0","2","3","65","114","0"
"netty","61a7c78a530af183dcf67e6d4507f4f240aee241","codec-http/src/main/java/io/netty/handler/codec/http/ClientCookieEncoder.java","14","0","2","3","69","120","1"
"netty","ae2906de1ed504a4170a2194a9a7ce51a8e2b0d7","codec-http/src/main/java/io/netty/handler/codec/http/ClientCookieEncoder.java","14","0","2","3","70","121","0"
"elasticsearch","d621ab9958aa3fd313f2a5e03ad89a8268b33f6f","src/main/java/org/elasticsearch/rest/action/support/RestActions.java","14","0","2","3","88","126","0"
"netty","afb46b926f9df6f1da91cbd011fa8f43d1566bb8","codec-http2/src/main/java/io/netty/handler/codec/http2/Http2OrHttpChooser.java","14","0","2","3","90","171","0"
"elasticsearch","90a339ad5e4a61e750d0342be6326de46f45bedc","modules/elasticsearch/src/main/java/org/elasticsearch/search/facet/histogram/InternalFullHistogramFacet.java","14","0","2","30","217","292","0"
"elasticsearch","8d1e9dbd3cd9007356abaaf363a9b04019b9d2a8","modules/elasticsearch/src/main/java/org/elasticsearch/search/facet/histogram/InternalFullHistogramFacet.java","14","0","2","30","217","293","0"
"elasticsearch","90a339ad5e4a61e750d0342be6326de46f45bedc","modules/elasticsearch/src/main/java/org/elasticsearch/search/facet/datehistogram/InternalFullDateHistogramFacet.java","14","0","2","30","222","298","0"
"elasticsearch","30df0d8324494bcdfcb82b6a82f5a99332059845","modules/elasticsearch/src/main/java/org/elasticsearch/search/facet/datehistogram/InternalFullDateHistogramFacet.java","14","0","2","30","232","309","0"
"elasticsearch","c8233550145086a5eaaf65e05670599b65057705","modules/elasticsearch/src/main/java/org/elasticsearch/search/facet/datehistogram/InternalFullDateHistogramFacet.java","14","0","2","30","233","310","0"
"elasticsearch","1863ab95f862294db7d105717656bd6452eef9d9","core/src/main/java/org/elasticsearch/indices/store/TransportNodesListShardStoreMetaData.java","14","0","2","30","291","378","1"
"hazelcast","b1b71398a1860e5187c3aaa1e4b641f8b09d1254","hazelcast-client/src/main/java/com/hazelcast/client/connection/nio/ClientConnection.java","14","0","2","33","255","341","0"
"hazelcast","93fd800d6c6f6781ef95536bba7e2b200fe9678d","hazelcast-client/src/main/java/com/hazelcast/client/connection/nio/ClientConnection.java","14","0","2","37","293","384","2"
"hazelcast","00cb4cd5f8f59d49dfb5376e2ce013ff0918dd8f","hazelcast-client/src/main/java/com/hazelcast/client/connection/nio/ClientConnection.java","14","0","2","39","302","400","1"
"orientdb","cb2277a57d1cdf28dde1631fb9bec3a7eac0572c","core/src/main/java/com/orientechnologies/orient/core/sql/OCommandExecutorSQLTruncateCluster.java","14","0","2","4","101","152","1"
"orientdb","4ff84b859e3d13248b65486721dda2a5fd268722","core/src/main/java/com/orientechnologies/orient/core/sql/OCommandExecutorSQLTruncateCluster.java","14","0","2","4","102","153","0"
"hazelcast","70d4de16ff0ac4518d09aad8c9f2ad9e782fb337","hazelcast-client/src/main/java/com/hazelcast/client/cache/impl/HazelcastClientCacheManager.java","14","0","2","4","179","234","1"
"orientdb","c94c65abfdb28d01bbf1d2d9da8d35b455e79397","core/src/main/java/com/orientechnologies/orient/core/sql/OCommandExecutorSQLDropCluster.java","14","0","2","4","80","134","0"
"orientdb","3b63af13f43ae6d3e501080e9f95ff2808ff07b3","core/src/main/java/com/orientechnologies/orient/core/sql/OCommandExecutorSQLDropCluster.java","14","0","2","4","81","135","0"
"BroadleafCommerce","67d64d2a7aec86b110e66276589cdfdeeb4ff057","core/broadleaf-framework/src/main/java/org/broadleafcommerce/core/search/service/solr/index/SolrIndexStatusServiceImpl.java","14","0","2","4","90","150","0"
"orientdb","693119e3f1dab4ea8b67a35575ba1f7d1c0a970b","core/src/main/java/com/orientechnologies/orient/core/index/ODefaultIndexFactory.java","14","0","2","4","92","149","0"
"orientdb","58a69086d40df6f8f824b069d343eda7852df1be","core/src/main/java/com/orientechnologies/orient/core/sql/OCommandExecutorSQLTruncateCluster.java","14","0","2","4","98","148","0"
"hazelcast","c079ef58b967039c9aff13690b4ed490c66e43c4","hazelcast-client/src/main/java/com/hazelcast/client/connection/nio/ClientConnection.java","14","0","2","40","305","404","2"
"BroadleafCommerce","71c7c88f846f20cea4f3fbc2d867f5b04c33cc6b","admin/broadleaf-contentmanagement-module/src/main/java/org/broadleafcommerce/cms/url/service/URLHandlerServiceImpl.java","14","0","2","5","128","187","0"
"elasticsearch","a9e0f4d29dc1fd06d218665e4e568487514f2f28","src/test/java/org/elasticsearch/search/geo/GeoDistanceTests.java","14","0","2","5","520","673","0"
"elasticsearch","f64f7c0c089d886080f0a7cdbeec33b63cb499df","src/test/java/org/elasticsearch/test/integration/search/geo/GeoDistanceTests.java","14","0","2","5","591","744","0"
"hazelcast","ed3c53bd4c5ab27e27893324c59d9e6acf8931a2","hazelcast/src/test/java/com/hazelcast/internal/dynamicconfig/DynamicConfigTest.java","14","0","2","55","577","723","1"
"hazelcast","42292bb00b2d462ca37103ea2d32b9e94fd02046","hazelcast-hibernate/src/main/java/com/hazelcast/hibernate/access/ReadWriteAccessDelegate.java","14","0","2","6","97","137","0"
"hazelcast","317fabec0c90b274c686ba018cc1b465fee244f2","hazelcast-client-new/src/test/java/com/hazelcast/client/stress/MapUpdateStressTest.java","14","0","2","7","117","148","0"
"hazelcast","0c5e74a5a81c92b85e8c1396554c94fa4c747508","hazelcast-client/src/test/java/com/hazelcast/client/stress/MapUpdateStressTest.java","14","0","2","7","117","149","1"
"hazelcast","b777381e2f8cfc3d8bcde3a87c5cc9993e31d4a2","hazelcast-client-new/src/test/java/com/hazelcast/client/stress/MapUpdateStressTest.java","14","0","2","7","119","150","1"
"elasticsearch","34f7bd1ca4627ade5968e508ac978612e45b61f1","src/main/java/org/elasticsearch/search/aggregations/AggregatorFactories.java","14","0","2","7","143","208","0"
"orientdb","2e9a3b26964469982ca5e0d9e0a57ba887d08db4","server/src/test/java/com/orientechnologies/orient/server/handler/AutomaticBackupTest.java","14","0","2","7","185","288","0"
"elasticsearch","075cb970c068aafb158ed8977c2dba93d8e6c85a","core/src/test/java/org/elasticsearch/index/query/HasParentQueryBuilderTests.java","14","0","2","7","224","285","0"
"elasticsearch","3ed0da5a586e8a3d12016aa517ab46032353d179","core/src/main/java/org/elasticsearch/index/mapper/LegacyTokenCountFieldMapper.java","14","0","2","8","131","191","0"
"elasticsearch","6fe9ae29ea3b66d38dfde4ae1394106b725475e9","core/src/main/java/org/elasticsearch/index/mapper/LegacyTokenCountFieldMapper.java","14","0","2","9","135","196","1"
"elasticsearch","d84c643f5880a88d2e5c38b487123161f3e01fe0","core/src/main/java/org/elasticsearch/index/mapper/core/LegacyTokenCountFieldMapper.java","14","0","2","9","142","203","0"
"hazelcast","7b43e093cafa4f994bafb11d9f489bcace288fd1","hazelcast/src/main/java/com/hazelcast/cache/impl/CacheStatisticsImpl.java","14","0","29","1","195","377","0"
"netty","f585806a746cf78c4d07b9efd1ba45e761215384","common/src/main/java/io/netty/util/concurrent/PromiseNotifier.java","14","0","3","1","48","89","0"
"elasticsearch","e730c76be702df42954bd3a92fb34d10c44bb127","src/main/java/org/elasticsearch/index/snapshots/IndexShardSnapshotAndRestoreService.java","14","0","3","1","86","135","0"
"elasticsearch","8250aa42678e086f2c0f3aeb35860051858826a7","core/src/main/java/org/elasticsearch/index/mapper/TokenCountFieldMapper.java","14","0","3","10","151","217","2"
"netty","6257091d121903f0ad83ae43ecb6697b861727a8","codec-http2/src/main/java/io/netty/handler/codec/http2/DefaultHttp2Headers.java","14","0","3","14","157","220","0"
"netty","a517cce92fee24f2967bba7c84eea835b79fcab1","codec-http2/src/main/java/io/netty/handler/codec/http2/DefaultHttp2Headers.java","14","0","3","14","159","222","1"
"netty","63a02fc04e6ce45aee38b0437ae0279880e5fe40","codec-dns/src/main/java/io/netty/handler/codec/dns/DatagramDnsQuery.java","14","0","3","18","126","191","0"
"elasticsearch","26bac39e0ed0b35908b85513bf778d3c7a3a7631","src/test/java/org/elasticsearch/plugin/PluginManagerTests.java","14","0","3","18","288","414","0"
"netty","afb46b926f9df6f1da91cbd011fa8f43d1566bb8","codec-http/src/main/java/io/netty/handler/codec/spdy/SpdyOrHttpChooser.java","14","0","3","2","89","178","0"
"elasticsearch","f878f40ae59c686ed772bddc2404d45f62ebfbc7","src/test/java/org/elasticsearch/search/aggregations/bucket/SignificantTermsSignificanceScoreTests.java","14","0","3","20","372","462","0"
"hazelcast","39bfa1f120af0614b975225a9440ef21d6c07abd","hazelcast/src/test/java/com/hazelcast/nio/serialization/PortableTest.java","14","0","3","36","469","620","1"
"elasticsearch","c7c0faa54ddda8134aa23d54d07bed43b24a1817","core/src/main/java/org/elasticsearch/search/aggregations/bucket/nested/ReverseNestedAggregationBuilder.java","14","0","3","4","131","183","0"
"neo4j","0bcaf3798232de098570364734f6391b4ec73761","community/kernel/src/main/java/org/neo4j/kernel/impl/proc/OutputMappers.java","14","0","3","5","160","224","1"
"elasticsearch","13a347239a48d71486692a72c066e940dec8921b","core/src/main/java/org/elasticsearch/common/Classes.java","14","0","3","5","80","146","2"
"netty","7d60699a4951b4dcaba4cb06029d4432a863b171","transport-native-epoll/src/main/java/io/netty/channel/epoll/EpollDomainSocketChannel.java","14","0","3","6","138","195","1"
"elasticsearch","371c73e14023917f3892090d2d3d7ff9ac1216b9","core/src/main/java/org/elasticsearch/index/query/ParentIdQueryBuilder.java","14","0","3","6","139","199","3"
"elasticsearch","78574d248cf10dad1c5a566fda79e1e0c94afe43","core/src/main/java/org/elasticsearch/index/query/ParentIdQueryBuilder.java","14","0","3","6","139","199","2"
"elasticsearch","e6aaaf11ed4a1b8f595f920de1840938eddb7a97","core/src/main/java/org/elasticsearch/index/query/ParentIdQueryBuilder.java","14","0","3","6","139","199","2"
"elasticsearch","a60b8948ba1d836a6eac7cff095519e618939ed8","core/src/main/java/org/elasticsearch/index/query/ParentIdQueryBuilder.java","14","0","3","6","139","199","0"
"netty","91b378005461b85f965aa296daa087bc009b9da0","transport/src/main/java/io/netty/channel/socket/oio/OioServerSocketChannel.java","14","0","3","6","142","197","0"
"netty","20ef4690e74a7a5007468815f070a6c1f5074d0d","transport/src/main/java/io/netty/channel/socket/oio/OioServerSocketChannel.java","14","0","3","6","146","202","0"
"mcMMO","3ea845cfd9dc9220152ac0aaba2fde00cfb52755","src/main/java/com/gmail/nossr50/skills/smelting/SmeltingManager.java","14","0","3","8","108","158","1"
"hazelcast","96d2da68ad978e12b54a44bff7c351ada8a01ea7","hazelcast-client/src/test/java/com/hazelcast/client/map/ClientQueryDuringMigrationsStressTest.java","14","0","3","8","205","281","2"
"elasticsearch","fe0c68ec8f39fe36c78ffc701dc93ec26551eb83","core/src/test/java/org/elasticsearch/gateway/GatewayIndexStateIT.java","14","0","3","8","390","523","2"
"elasticsearch","0127528d97cc1f66530aa84f08086126a969b903","core/src/test/java/org/elasticsearch/gateway/GatewayIndexStateIT.java","14","0","3","8","392","525","0"
"netty","01eb428b39156e61624dae303ae9772ba3424b36","handler/src/main/java/io/netty/handler/ssl/util/FingerprintTrustManagerFactory.java","14","0","4","0","122","214","0"
"elasticsearch","eb23530e066f9239238f8ecd47d80ed00b92b7be","core/src/test/java/org/elasticsearch/search/aggregations/pipeline/PipelineAggregationHelperTests.java","14","0","4","0","69","132","1"
"netty","cd69bd4e2cc2be18b4aaa91cf7fe024c3a6a3135","codec-http/src/main/java/io/netty/handler/codec/http/HttpContentCompressor.java","14","0","4","0","70","137","1"
"elasticsearch","bd7ff6946ed9d188bd72108a8fb42e3a673cacdf","src/main/java/org/apache/lucene/analysis/ngram/XNGramTokenFilter.java","14","0","4","1","126","188","0"
"oryx","df27388cd4a3029d67283e23ecdd70b83fa4bd9b","app/oryx-app-mllib/src/main/java/com/cloudera/oryx/app/batch/mllib/kmeans/KMeansUpdate.java","14","0","4","1","189","264","0"
"elasticsearch","075cb970c068aafb158ed8977c2dba93d8e6c85a","core/src/test/java/org/elasticsearch/index/query/HasChildQueryBuilderTests.java","14","0","4","12","323","404","0"
"orientdb","040b05508933cf63ab4302ba24753d268640088c","core/src/main/java/com/orientechnologies/orient/core/index/OPropertyIndexDefinition.java","14","0","4","13","142","217","2"
"orientdb","c44bbca080721b05af1db86562a16b199916fd3c","core/src/main/java/com/orientechnologies/orient/core/index/OPropertyIndexDefinition.java","14","0","4","13","142","218","1"
"elasticsearch","ab168996b6b5ec4b9567242664bd9f4d9b23e8f1","core/src/test/java/org/elasticsearch/search/morelikethis/MoreLikeThisIT.java","14","0","4","13","494","610","1"
"elasticsearch","e14ba81ac1bf4c576f96e62fbe1c6f6024b10f5b","core/src/test/java/org/elasticsearch/search/morelikethis/MoreLikeThisIT.java","14","0","4","14","508","627","2"
"elasticsearch","563e7ddc830c991dea210f5ed936b06f5f613ac7","core/src/test/java/org/elasticsearch/search/morelikethis/MoreLikeThisIT.java","14","0","4","15","520","641","0"
"elasticsearch","03402c7ed8356241ac2407ad691709ee585b0bee","src/main/java/org/elasticsearch/index/fielddata/IndexFieldDataCache.java","14","0","4","18","156","222","1"
"elasticsearch","0cf1d16187fcf10e9d0e64402bb6d0ebba5d7b80","core/src/main/java/org/elasticsearch/index/query/ConstantScoreQueryBuilder.java","14","0","4","2","115","173","1"
"elasticsearch","797a9b07efde2c4f740daea9e310614e92fe3194","src/main/java/org/apache/lucene/store/XNativeFSLockFactory.java","14","0","4","2","118","247","0"
"elasticsearch","6c3beaa2ebe4921474addf07ce3aa02a3cb7f915","core/src/main/java/org/elasticsearch/index/query/ConstantScoreQueryBuilder.java","14","0","4","2","120","179","0"
"elasticsearch","371c73e14023917f3892090d2d3d7ff9ac1216b9","core/src/main/java/org/elasticsearch/index/query/ConstantScoreQueryBuilder.java","14","0","4","2","121","181","3"
"elasticsearch","78574d248cf10dad1c5a566fda79e1e0c94afe43","core/src/main/java/org/elasticsearch/index/query/ConstantScoreQueryBuilder.java","14","0","4","2","121","181","2"
"elasticsearch","e6aaaf11ed4a1b8f595f920de1840938eddb7a97","core/src/main/java/org/elasticsearch/index/query/ConstantScoreQueryBuilder.java","14","0","4","2","121","181","2"
"elasticsearch","a60b8948ba1d836a6eac7cff095519e618939ed8","core/src/main/java/org/elasticsearch/index/query/ConstantScoreQueryBuilder.java","14","0","4","2","121","181","0"
"hazelcast","c860b575262274d75b83edd2b4d61e86752461ed","hazelcast/src/test/java/com/hazelcast/cluster/MemberListTest.java","14","0","4","2","234","328","0"
"hazelcast","70d4de16ff0ac4518d09aad8c9f2ad9e782fb337","hazelcast/src/test/java/com/hazelcast/cluster/MemberListTest.java","14","0","4","2","235","329","2"
"hazelcast","2921cff694583b8638dae2991f427e61d5440a9d","hazelcast/src/test/java/com/hazelcast/cluster/MemberListTest.java","14","0","4","2","239","333","0"
"hazelcast","584996c0c9a11facf995848e53a5a2ef79a3889a","hazelcast/src/test/java/com/hazelcast/cluster/MemberListTest.java","14","0","4","2","239","333","0"
"hazelcast","eae5aabe2df5d86740f725387d4b9c32fb6d5495","hazelcast/src/test/java/com/hazelcast/cluster/MemberListTest.java","14","0","4","2","239","333","1"
"hazelcast","1f042b8c4a4245594691bb6d85a66ceed9b43068","hazelcast/src/test/java/com/hazelcast/cluster/MemberListTest.java","14","0","4","2","240","334","1"
"netty","63a02fc04e6ce45aee38b0437ae0279880e5fe40","codec-dns/src/main/java/io/netty/handler/codec/dns/DatagramDnsResponse.java","14","0","4","22","145","225","0"
"hazelcast","b35fc8b41b2a3d8aaa779330b394467579b97778","hazelcast/src/main/java/com/hazelcast/map/impl/MapContainer.java","14","0","4","28","223","299","1"
"hazelcast","2b6f18456c37d310e7679071b8c91c7df48c679d","hazelcast/src/main/java/com/hazelcast/map/impl/MapContainer.java","14","0","4","29","223","299","1"
"elasticsearch","371c73e14023917f3892090d2d3d7ff9ac1216b9","core/src/main/java/org/elasticsearch/cluster/routing/allocation/command/AbstractAllocateAllocationCommand.java","14","0","4","4","151","251","3"
"elasticsearch","78574d248cf10dad1c5a566fda79e1e0c94afe43","core/src/main/java/org/elasticsearch/cluster/routing/allocation/command/AbstractAllocateAllocationCommand.java","14","0","4","4","151","251","2"
"elasticsearch","e6aaaf11ed4a1b8f595f920de1840938eddb7a97","core/src/main/java/org/elasticsearch/cluster/routing/allocation/command/AbstractAllocateAllocationCommand.java","14","0","4","4","151","251","2"
"elasticsearch","a60b8948ba1d836a6eac7cff095519e618939ed8","core/src/main/java/org/elasticsearch/cluster/routing/allocation/command/AbstractAllocateAllocationCommand.java","14","0","4","4","151","251","0"
"orientdb","67a525ee2667907cb7ad9b16a4421e07dc8600b2","jdbc/src/main/java/com/orientechnologies/orient/jdbc/OrientJdbcStatement.java","14","0","4","45","213","358","2"
"BroadleafCommerce","12a3225d8ee50f5cb59c1dd177e3ae63c54c85b4","admin/broadleaf-open-admin-platform/src/main/java/org/broadleafcommerce/openadmin/web/form/component/ListGrid.java","14","0","4","49","235","347","0"
"elasticsearch","95ea6153a76c48b617de6f8a8667eb14f825c333","modules/elasticsearch/src/test/java/org/elasticsearch/deps/lucene/SimpleLuceneTests.java","14","0","4","6","274","383","0"
"hazelcast","0111bd9d508bfdef8b6fc33deac41e4e587030ae","hazelcast/src/main/java/com/hazelcast/spi/AbstractDistributedObject.java","14","0","4","7","148","226","0"
"elasticsearch","371c73e14023917f3892090d2d3d7ff9ac1216b9","core/src/main/java/org/elasticsearch/search/aggregations/AbstractAggregationBuilder.java","14","0","4","8","114","183","3"
"elasticsearch","78574d248cf10dad1c5a566fda79e1e0c94afe43","core/src/main/java/org/elasticsearch/search/aggregations/AbstractAggregationBuilder.java","14","0","4","8","114","183","2"
"elasticsearch","e6aaaf11ed4a1b8f595f920de1840938eddb7a97","core/src/main/java/org/elasticsearch/search/aggregations/AbstractAggregationBuilder.java","14","0","4","8","114","183","2"
"elasticsearch","a60b8948ba1d836a6eac7cff095519e618939ed8","core/src/main/java/org/elasticsearch/search/aggregations/AbstractAggregationBuilder.java","14","0","4","8","114","183","0"
"elasticsearch","80bd69811d45383f9305550855b0024bc74dca0e","src/main/java/org/elasticsearch/action/admin/indices/mapping/get/GetFieldMappingsResponse.java","14","0","4","8","123","170","0"
"elasticsearch","78574d248cf10dad1c5a566fda79e1e0c94afe43","core/src/main/java/org/elasticsearch/action/admin/indices/mapping/get/GetFieldMappingsResponse.java","14","0","4","8","125","173","1"
"elasticsearch","e6aaaf11ed4a1b8f595f920de1840938eddb7a97","core/src/main/java/org/elasticsearch/action/admin/indices/mapping/get/GetFieldMappingsResponse.java","14","0","4","8","125","173","1"
"elasticsearch","a60b8948ba1d836a6eac7cff095519e618939ed8","core/src/main/java/org/elasticsearch/action/admin/indices/mapping/get/GetFieldMappingsResponse.java","14","0","4","8","125","173","0"
"elasticsearch","1e7c42447999421ea789d51279496017d34b15d0","core/src/main/java/org/elasticsearch/index/seqno/GlobalCheckpointService.java","14","0","5","0","101","206","0"
"elasticsearch","026bf2e3ee1ee5c188e57839d9e902962158138b","modules/lang-painless/src/main/java/org/elasticsearch/painless/FunctionRef.java","14","0","5","0","106","204","1"
"elasticsearch","8a454dae331e607457e9ee2d031cfd2459b88f1b","core/src/main/java/org/elasticsearch/action/fieldstats/IndexConstraint.java","14","0","5","11","123","188","0"
"elasticsearch","78574d248cf10dad1c5a566fda79e1e0c94afe43","core/src/main/java/org/elasticsearch/action/fieldstats/IndexConstraint.java","14","0","5","11","124","189","1"
"elasticsearch","e6aaaf11ed4a1b8f595f920de1840938eddb7a97","core/src/main/java/org/elasticsearch/action/fieldstats/IndexConstraint.java","14","0","5","11","124","189","1"
"elasticsearch","a60b8948ba1d836a6eac7cff095519e618939ed8","core/src/main/java/org/elasticsearch/action/fieldstats/IndexConstraint.java","14","0","5","11","124","189","0"
"elasticsearch","31b0777c911a87b7ebae0efd7d5b14d1e06f3879","core/src/test/java/org/elasticsearch/cluster/routing/UnassignedInfoTests.java","14","0","5","11","268","342","0"
"elasticsearch","2e445d3ede953c90e4e1ce69e5f53192115b9dd7","core/src/main/java/org/elasticsearch/indices/IndicesWarmer.java","14","0","5","13","134","189","2"
"elasticsearch","5828796848674b656807406947f050626035845a","core/src/main/java/org/elasticsearch/indices/IndicesWarmer.java","14","0","5","14","138","194","1"
"elasticsearch","2b97f5d9ebf1b07fcf61be5cdb1c4bc1250c537d","core/src/test/java/org/elasticsearch/plugins/PluginManagerIT.java","14","0","5","17","508","667","3"
"elasticsearch","a91b3fcbb9e493c3aac9b46723c8dcad2c23a3ae","core/src/test/java/org/elasticsearch/plugins/PluginManagerIT.java","14","0","5","17","509","668","2"
"elasticsearch","6ea687683904926b651e5f1666e3b934d0265605","core/src/test/java/org/elasticsearch/plugins/PluginManagerIT.java","14","0","5","17","515","676","1"
"elasticsearch","41d8fbe8f51abd499c9b497238bc5f2141b7926b","core/src/test/java/org/elasticsearch/plugins/PluginManagerIT.java","14","0","5","17","518","677","2"
"elasticsearch","164efaecbe42195f08ada58b5fde927ab21fc6e7","core/src/test/java/org/elasticsearch/plugins/PluginManagerIT.java","14","0","5","17","518","679","1"
"elasticsearch","713009df37ec1fc8c2ef4b9da00d2e179ffaa5f7","core/src/test/java/org/elasticsearch/plugins/PluginManagerIT.java","14","0","5","19","549","714","0"
"elasticsearch","ae73979e4bfbbf114b6675c63b38955d912cda7e","core/src/test/java/org/elasticsearch/plugins/PluginManagerIT.java","14","0","5","19","552","715","1"
"elasticsearch","7adf9929bae22049d157676756b49597bca98426","core/src/test/java/org/elasticsearch/plugins/PluginManagerTests.java","14","0","5","20","376","542","1"
"elasticsearch","bbd63f0ffef611842315044f4275a341ce7110cf","modules/elasticsearch/src/main/java/org/apache/lucene/search/DeletionAwareConstantScoreQuery.java","14","0","5","4","147","218","0"
"elasticsearch","bec07a7eb50c9f122c7b764a9c470362ad515882","core/src/test/java/org/elasticsearch/bootstrap/SecurityTests.java","14","0","5","6","192","283","1"
"elasticsearch","3a0dd59a15c49f5be0483658f44bd411f62e1ac5","core/src/test/java/org/elasticsearch/bootstrap/SecurityTests.java","14","0","5","6","194","285","0"
"hazelcast","0eb5a90ed468b6aa285f1711a5d699c9ffb33960","hazelcast/src/main/java/com/hazelcast/map/impl/proxy/MapProxyImpl.java","14","0","5","85","743","1007","0"
"hazelcast","fea40322d0c618ef203977987e1a28ef55721b77","hazelcast/src/main/java/com/hazelcast/config/CacheSimpleEntryListenerConfig.java","14","0","6","13","115","191","0"
"ceylon-ide-eclipse","8c4819c0f9d4bdd5370f8fa284deea1da8e0b9f8","plugins/com.redhat.ceylon.eclipse.ui/src/com/redhat/ceylon/eclipse/core/classpath/CeylonLanguageModuleContainer.java","14","0","6","3","125","178","1"
"BroadleafCommerce","437e20b1d559e63ad5edceb8f4e0ae7680895d95","admin/broadleaf-open-admin-platform/src/main/java/org/broadleafcommerce/openadmin/web/form/component/ListGrid.java","14","0","6","49","255","379","0"
"hazelcast","c9d117501d9d7e1014b9006bc4b711baa42e0c57","hazelcast/src/main/java/com/hazelcast/config/CacheSimpleEntryListenerConfig.java","14","0","6","8","78","147","1"
"oryx","ceb8f91d84d2bc2e6ad109938f110e96381cf3db","oryx-common/src/main/java/com/cloudera/oryx/common/math/VectorMath.java","14","0","7","0","69","127","0"
"neo4j","9b3b0aabf83ed7c8a09a65074c8093f18ef194fb","enterprise/kernel/src/main/java/org/neo4j/kernel/enterprise/builtinprocs/EnterpriseBuiltInDbmsProcedures.java","14","0","7","19","449","547","0"
"neo4j","2af6d6d39b6fc99d460c39199563ad2b2998b3cf","enterprise/kernel/src/main/java/org/neo4j/kernel/enterprise/builtinprocs/EnterpriseBuiltInDbmsProcedures.java","14","0","7","19","455","553","1"
"hazelcast","6d633b852337a43a023ca98d67de952e1810b34a","hazelcast/src/test/java/com/hazelcast/collection/impl/set/SetAbstractTest.java","14","0","7","20","238","315","0"
"BroadleafCommerce","4668ccc6de84817bb25442ffa3e7e2033477d008","common/src/main/java/org/broadleafcommerce/common/util/BLCRequestUtils.java","14","0","7","3","77","151","0"
"elasticsearch","1c741f56b94ae7b00fbf7e59c18d429b6e959a8b","core/src/main/java/org/elasticsearch/action/admin/indices/alias/IndicesAliasesRequest.java","14","0","7","31","235","348","2"
"elasticsearch","2d03a6b8085cefeaeb8bf11aba2ac18c6992296d","core/src/main/java/org/elasticsearch/index/translog/TranslogWriter.java","14","0","7","8","225","320","0"
"netty","62446827df079c8fc57d5c5dea915bca476eeb61","src/main/java/io/netty/bootstrap/ServerBootstrap.java","14","0","8","0","145","368","0"
"netty","8fb80e91796e8567aca5e2b8244f853f8631217b","transport/src/main/java/io/netty/bootstrap/Bootstrap.java","14","0","9","4","151","234","0"
"ceylon-ide-eclipse","8677992704194b8b47304226704b6f7eed4a85e8","plugins/com.redhat.ceylon.eclipse.ui/src/com/redhat/ceylon/eclipse/code/refactor/InlineRefactoring.java","140","0","0","11","728","786","0"
"ceylon-ide-eclipse","8d91a4053e9edeb9c6c5be531e40730c9118061f","plugins/com.redhat.ceylon.eclipse.ui/src/com/redhat/ceylon/eclipse/code/refactor/InlineRefactoring.java","140","0","0","11","735","793","0"
"elasticsearch","e58900145bdb2394ac684091d61aedef371c2c24","src/main/java/org/elasticsearch/indices/cluster/IndicesClusterStateService.java","140","0","1","2","684","835","0"
"BroadleafCommerce","4f4240542cd5ef16563fbc1ad13d9895d84cb290","admin/broadleaf-open-admin-platform/src/main/java/org/broadleafcommerce/openadmin/server/dao/provider/metadata/AdornedTargetCollectionFieldMetadataProvider.java","140","0","1","5","565","632","1"
"BroadleafCommerce","27d1d3f1bb71de25bcdce0eeb55b4a44b5b2dade","core/broadleaf-framework/src/main/java/org/broadleafcommerce/core/catalog/domain/CategoryImpl.java","140","0","1","98","1194","1389","6"
"elasticsearch","93fedcbb88f0d1b682d72d4d8c502011796a5767","src/main/java/org/elasticsearch/index/shard/IndexShard.java","140","0","15","61","1046","1294","1"
"orientdb","b10e928ecf2350b88c9661ab8c40f3e54a901a7b","server/src/main/java/com/orientechnologies/orient/server/network/protocol/binary/ONetworkProtocolBinary.java","140","0","2","17","698","860","0"
"elasticsearch","15598f2174453fb65f23e18ecf77eee8e802459d","core/src/main/java/org/elasticsearch/index/mapper/NumberFieldMapper.java","140","0","2","22","854","1011","1"
"neo4j","e5ea526b14ce752e94a5460b1c85bf4567d8f97d","community/io/src/test/java/org/neo4j/io/pagecache/PageCacheTest.java","140","0","2","242","4812","5755","1"
"neo4j","c3a5cbf00866abb108bf34ce2e0680026fdd2025","community/io/src/test/java/org/neo4j/io/pagecache/PageCacheTest.java","140","0","2","242","4818","5756","0"
"elasticsearch","21ffd931ec9f6a1fd2e4c93550d3d6ff40b39cf0","core/src/main/java/org/elasticsearch/index/shard/IndexShard.java","140","0","22","60","1110","1416","3"
"elasticsearch","028acdd06f2e8aec6c0fbc94e81825c040fb3866","core/src/main/java/org/elasticsearch/index/shard/IndexShard.java","140","0","22","61","1126","1441","2"
"elasticsearch","17906ca7d615dc4c72cb5cc403f2d561dc1f2ff3","core/src/main/java/org/elasticsearch/index/shard/IndexShard.java","140","0","23","60","1116","1427","1"
"elasticsearch","fc90c2affdcf7d8303444bf06ad6c70a9a761c00","core/src/main/java/org/elasticsearch/index/shard/IndexShard.java","140","0","23","60","1119","1430","2"
"mcMMO","be4e62fe9dbb77ddb3ff0f5a658fd775dd496a11","src/main/java/com/gmail/nossr50/datatypes/PlayerProfile.java","140","0","26","33","736","1183","0"
"elasticsearch","ace83d9d2a97cfe8a8aa9bdd7b46ce71713fb494","core/src/main/java/org/elasticsearch/common/Strings.java","140","0","39","18","639","1124","0"
"netty","5f5cdd10895f6ee4800104d1b95e2960e2b2325e","transport-native-epoll/src/main/java/io/netty/channel/epoll/AbstractEpollStreamChannel.java","140","0","4","1","791","1088","1"
"elasticsearch","1f5bd495edb9ec9cd2a8c4ec55b05a58ce14b278","core/src/main/java/org/elasticsearch/common/Strings.java","140","0","42","18","637","1131","1"
"elasticsearch","eaffa975e540a939b69c99b8db7b9d4a9f45522d","core/src/main/java/org/elasticsearch/common/Strings.java","140","0","42","18","650","1144","0"
"elasticsearch","6941966b1654106ed9249cd01c32bfa2e06b452f","core/src/main/java/org/elasticsearch/common/Strings.java","140","0","42","18","650","1145","0"
"elasticsearch","598854dd72d7fb01a7e26a9dad065de3deaa5eb7","src/test/java/org/elasticsearch/test/InternalTestCluster.java","140","0","49","23","1200","1639","1"
"BroadleafCommerce","9a2399ccabc71c63572c786cacfa9d17404bf0db","admin/broadleaf-open-admin-platform/src/main/java/org/broadleafcommerce/openadmin/server/service/persistence/PersistenceManagerImpl.java","141","0","0","31","780","950","0"
"netty","8884e311f1829ddacbad5bbc2b9930b9a8fbf422","buffer/src/main/java/io/netty/buffer/DefaultCompositeByteBuf.java","141","0","1","105","1304","1572","1"
"netty","94aad586270abbb95569d3d45fad8db810bfc098","buffer/src/main/java/io/netty/buffer/DefaultCompositeByteBuf.java","141","0","1","105","1307","1575","1"
"titan","15132b905deeab35d12be7213e6046ee5039c489","titan-es/src/main/java/com/thinkaurelius/titan/diskstorage/es/ElasticSearchIndex.java","141","0","1","15","654","810","1"
"elasticsearch","14d37baa4bcbae00896d8aa69f6b52aab7ba5e14","core/src/main/java/org/elasticsearch/index/engine/InternalEngine.java","141","0","1","19","887","1106","1"
"elasticsearch","fc90c2affdcf7d8303444bf06ad6c70a9a761c00","core/src/main/java/org/elasticsearch/indices/cluster/IndicesClusterStateService.java","141","0","1","2","678","848","2"
"elasticsearch","e8467f0978154f3419e479d3030348e6bb1c7e1b","src/main/java/org/elasticsearch/indices/cluster/IndicesClusterStateService.java","141","0","1","2","685","842","1"
"elasticsearch","6469f6ef0686496df69332ebd4354be291baa30f","src/main/java/org/elasticsearch/indices/cluster/IndicesClusterStateService.java","141","0","1","2","686","843","1"
"elasticsearch","c58b823e9f076b52e796919346c3cd95eed43ef0","src/main/java/org/elasticsearch/indices/cluster/IndicesClusterStateService.java","141","0","1","2","689","846","2"
"BroadleafCommerce","f9519f5ac9832d1274034596cbcca326328a3406","admin/broadleaf-open-admin-platform/src/main/java/org/broadleafcommerce/openadmin/server/dao/provider/metadata/AdornedTargetCollectionFieldMetadataProvider.java","141","0","1","5","568","637","0"
"netty","3eec26b0a24e07601cb222a4d2b17442bd338fc2","handler/src/main/java/io/netty/handler/ssl/SslHandler.java","141","0","12","19","810","1192","2"
"elasticsearch","0a69f1e283e26e5d9e6a000b68b9f4778de557a1","core/src/main/java/org/elasticsearch/search/SearchService.java","141","0","2","13","1021","1181","4"
"elasticsearch","18b73ce8296382f8e5d0b5874e9e8318f084030a","core/src/main/java/org/elasticsearch/index/shard/IndexShard.java","141","0","22","60","1119","1427","2"
"elasticsearch","10adb71445859a942403c8fbed587175952ca3bf","core/src/main/java/org/elasticsearch/index/shard/IndexShard.java","141","0","22","61","1103","1406","1"
"elasticsearch","129d8ec29aa22b941003b250e0f6ad4849585b41","src/main/java/org/elasticsearch/index/shard/IndexShard.java","141","0","22","61","1103","1406","2"
"elasticsearch","16d9480d785e498092e2d8c57b1ec2ee82ca5150","core/src/main/java/org/elasticsearch/index/shard/IndexShard.java","141","0","22","61","1103","1406","1"
"elasticsearch","60c7e0eb91d70a866bbd4e5d5ed56efbc09cb78a","core/src/main/java/org/elasticsearch/index/shard/IndexShard.java","141","0","22","61","1103","1406","2"
"elasticsearch","d621b160e9b940add546a6234bc2d17381334f33","src/main/java/org/elasticsearch/index/shard/IndexShard.java","141","0","22","61","1103","1406","2"
"elasticsearch","ea41ee9243dd3ec643117af1ff5a9684daf805c6","src/main/java/org/elasticsearch/index/shard/IndexShard.java","141","0","22","61","1103","1406","0"
"hazelcast","565257f977407eb3a0199d082860209c2958f5f9","hazelcast/src/main/java/com/hazelcast/util/ConcurrentReferenceHashMap.java","141","0","31","1","927","1804","1"
"hazelcast","564167c1f93b32ce742411106e9ae67eae88a801","hazelcast/src/main/java/com/hazelcast/util/ConcurrentReferenceHashMap.java","141","0","31","1","930","1807","0"
"netty","d711eb827dbdf75ec2ffada8c409ca629828abd4","transport-native-epoll/src/main/java/io/netty/channel/epoll/AbstractEpollStreamChannel.java","141","0","4","1","795","1091","0"
"elasticsearch","e56d85439c242dee8ce1f8fec9fd59872dd2efb9","src/test/java/org/elasticsearch/test/InternalTestCluster.java","141","0","49","24","1220","1665","1"
"elasticsearch","5eeac2fdf6c108e2f9b6305b6577a77e5290ad9e","src/test/java/org/elasticsearch/test/InternalTestCluster.java","141","0","49","24","1222","1667","0"
"titan","61a915a6afd480c126ad2e5747f3d4c310b2299b","titan-core/src/main/java/com/thinkaurelius/titan/graphdb/transaction/StandardTitanTx.java","141","0","7","37","821","1041","0"
"elasticsearch","13a347239a48d71486692a72c066e940dec8921b","core/src/main/java/org/elasticsearch/common/settings/Settings.java","141","0","71","11","833","1347","3"
"orientdb","b32a3c05a5a22aac25cd5a18fca260ff2addce82","core/src/main/java/com/orientechnologies/orient/core/metadata/schema/OPropertyImpl.java","141","0","9","50","1097","1418","1"
"orientdb","ff95edf2adf836fc17f8f593e8fd1295f40d5464","core/src/main/java/com/orientechnologies/orient/core/metadata/schema/OPropertyImpl.java","141","0","9","50","1099","1424","0"
"orientdb","6f9f40419cadc4a96f8760031921135499d4332d","core/src/main/java/com/orientechnologies/common/console/OConsoleApplication.java","142","0","0","12","562","739","0"
"titan","91e762bccc8de3a1b2ef2dea53d22bc3f56c7905","titan-es/src/main/java/com/thinkaurelius/titan/diskstorage/es/ElasticSearchIndex.java","142","0","1","15","658","820","0"
"elasticsearch","2e445d3ede953c90e4e1ce69e5f53192115b9dd7","core/src/main/java/org/elasticsearch/index/engine/InternalEngine.java","142","0","1","18","895","1111","1"
"elasticsearch","17906ca7d615dc4c72cb5cc403f2d561dc1f2ff3","core/src/main/java/org/elasticsearch/indices/cluster/IndicesClusterStateService.java","142","0","1","2","684","855","1"
"elasticsearch","b55d8ed2e3bdbb5a0907df7394a959ab7794cf9c","src/main/java/org/elasticsearch/indices/cluster/IndicesClusterStateService.java","142","0","1","2","689","847","1"
"elasticsearch","baa2d51e599bdb901e472d15cc0251e6712c1d25","core/src/main/java/org/elasticsearch/index/engine/InternalEngine.java","142","0","1","20","915","1138","0"
"BroadleafCommerce","01d47431828fa3e79dc5494ebca6d57494c68002","admin/broadleaf-open-admin-platform/src/main/java/org/broadleafcommerce/openadmin/server/service/persistence/module/provider/BasicFieldPersistenceProvider.java","142","0","1","4","641","706","0"
"BroadleafCommerce","1a5ce59c9c0fe861718300cd2ff7efb08a437dc9","admin/broadleaf-open-admin-platform/src/main/java/org/broadleafcommerce/openadmin/server/service/persistence/module/provider/BasicFieldPersistenceProvider.java","142","0","1","4","641","708","0"
"BroadleafCommerce","c8bcd99e2ed402846cc6ff5053b46d591768fed6","admin/broadleaf-open-admin-platform/src/main/java/org/broadleafcommerce/openadmin/server/service/persistence/module/provider/BasicFieldPersistenceProvider.java","142","0","1","4","642","709","0"
"netty","772a9d261094463d35df86f2c9e1548e4ba96ff0","handler/src/main/java/io/netty/handler/ssl/SslHandler.java","142","0","12","19","812","1192","2"
"elasticsearch","d8f18dd812f48c67b84ee6c8aaff3e9d84afc100","src/main/java/org/elasticsearch/index/mapper/MapperService.java","142","0","18","28","707","919","0"
"elasticsearch","a1a16276da4e11de6dbdd4ab3e68af5e3802dc4a","src/test/java/org/elasticsearch/index/store/StoreTest.java","142","0","2","18","947","1090","0"
"netty","bc6948c3979503404adec190f46ae2bd55006379","handler/src/main/java/io/netty/handler/ssl/SslHandler.java","142","0","20","7","846","1305","5"
"elasticsearch","5098dcaf96744fbc9f1ae5179e530453e9654de0","core/src/main/java/org/elasticsearch/index/shard/IndexShard.java","142","0","23","60","1122","1431","3"
"elasticsearch","2833ad4d6fc65a0104d6311394a01f27e0aac579","core/src/main/java/org/elasticsearch/index/shard/IndexShard.java","142","0","23","60","1123","1432","3"
"elasticsearch","3de8cbb54c091d2f39722cc45827510328824e2c","core/src/main/java/org/elasticsearch/index/shard/IndexShard.java","142","0","23","60","1126","1435","2"
"netty","ba6ce5449ee852b782dde9a11933f6a09b123e22","common/src/main/java/io/netty/util/AsciiString.java","142","0","31","16","605","963","1"
"netty","1767814a466f9fc6a51c87a84bd73d93eb0ca1d7","buffer/src/main/java/io/netty/buffer/ByteBufUtil.java","142","0","38","0","865","1318","1"
"ceylon-ide-eclipse","50cdafa0946ffeefd82a500baf39f2c5d304eab1","plugins/com.redhat.ceylon.eclipse.ui/src/com/redhat/ceylon/eclipse/code/editor/CeylonSourceViewer.java","143","0","0","11","815","969","0"
"hazelcast","f3d355511f73aa791718e4e83607e4b52fcf4924","hazelcast/src/main/java/com/hazelcast/impl/BlockingQueueManager.java","143","0","0","30","1032","1162","0"
"orientdb","d32e56c226987897e3d464c862290d1e8360c977","core/src/main/java/com/orientechnologies/orient/core/serialization/serializer/record/binary/ORecordSerializerBinaryV0.java","143","0","0","5","695","802","0"
"BroadleafCommerce","1a992c859f0abc500c89700fd014609a7e55b92d","admin/broadleaf-open-admin-platform/src/main/java/org/broadleafcommerce/openadmin/web/service/FormBuilderServiceImpl.java","143","0","1","18","793","1015","9"
"elasticsearch","1644444a4f99d10ee0865161e588eec8c093b381","src/main/java/org/elasticsearch/indices/cluster/IndicesClusterStateService.java","143","0","1","2","707","860","0"
"elasticsearch","1d7e20b7121537fb32cc3f1e3300e85bad3a014e","src/main/java/org/elasticsearch/indices/cluster/IndicesClusterStateService.java","143","0","1","2","708","861","0"
"elasticsearch","8f087e802dcb8a6dfcd49213502efdfc36b4681b","src/main/java/org/elasticsearch/indices/cluster/IndicesClusterStateService.java","143","0","1","2","709","862","1"
"elasticsearch","f0020caf7c0c8a6df600aa076dfced81d88bbcf2","core/src/main/java/org/elasticsearch/index/engine/InternalEngine.java","143","0","1","21","918","1144","1"
"elasticsearch","371c73e14023917f3892090d2d3d7ff9ac1216b9","core/src/main/java/org/elasticsearch/index/engine/InternalEngine.java","143","0","1","21","921","1155","3"
"elasticsearch","df7b3c6e82a77608851019f0236fb7769751e367","core/src/main/java/org/elasticsearch/index/engine/InternalEngine.java","143","0","1","21","922","1156","0"
"elasticsearch","164efaecbe42195f08ada58b5fde927ab21fc6e7","core/src/main/java/org/elasticsearch/transport/netty/NettyTransport.java","143","0","1","23","1027","1244","1"
"elasticsearch","3a0dd59a15c49f5be0483658f44bd411f62e1ac5","core/src/main/java/org/elasticsearch/transport/netty/NettyTransport.java","143","0","1","23","1079","1295","1"
"elasticsearch","7789dfa0c90819a18c33007ac7981fabebbfd73d","core/src/main/java/org/elasticsearch/transport/netty/NettyTransport.java","143","0","1","23","1079","1296","1"
"elasticsearch","3da6e0a5b043760c6a5b3ce62a89f1b6a0f86048","modules/elasticsearch/src/main/java/org/elasticsearch/index/mapper/object/ObjectMapper.java","143","0","1","34","709","891","0"
"netty","e9161147a5b18fde5631cee5ae8b79d2550cd125","handler/src/main/java/io/netty/handler/ssl/SslHandler.java","143","0","12","19","823","1214","1"
"elasticsearch","3354a816fca4b8ce5af622c848bcd5fd1161e3b7","core/src/main/java/org/elasticsearch/index/shard/IndexShard.java","143","0","23","60","1125","1433","1"
"elasticsearch","188aa684ac3828054d013c9917634db3cdb95fac","core/src/main/java/org/elasticsearch/index/store/Store.java","143","0","31","30","1071","1543","1"
"elasticsearch","0a69f1e283e26e5d9e6a000b68b9f4778de557a1","core/src/main/java/org/elasticsearch/index/store/Store.java","143","0","31","30","1106","1579","2"
"elasticsearch","5a64f08f048461a63a0ca1354a5050c954e63d52","core/src/main/java/org/elasticsearch/index/store/Store.java","143","0","31","30","1108","1581","0"
"MapDB","e51139cae50bb5897d181c77fce4345d3aa76d64","src/main/java/org/mapdb/Serializer.java","143","0","7","57","1628","2213","0"
"elasticsearch","40f119d85a4eaa39d0a6e594e46f70de725557f0","core/src/main/java/org/elasticsearch/common/settings/Settings.java","143","0","71","11","828","1332","2"
"elasticsearch","be01e8fe19c822fe30ba1cff4d9e96c3f567e4c7","src/main/java/org/elasticsearch/cluster/metadata/MetaData.java","143","0","9","64","762","978","0"
"hazelcast","e7a7fbc3bed33f2afb3316ab0723b3c68897ee00","hazelcast/src/main/java/com/hazelcast/query/Predicates.java","144","0","0","111","910","1067","0"
"hazelcast","ecc1cad32340c22fd1a3a3027d5498130142047b","hazelcast/src/main/java/com/hazelcast/query/Predicates.java","144","0","0","111","932","1093","1"
"hazelcast","8fedca61a470cc84c5f9aaad2775615579967cc9","hazelcast/src/main/java/com/hazelcast/impl/BlockingQueueManager.java","144","0","0","30","1034","1166","0"
"hazelcast","525c34cddd7f4e08d674611e177bab103e4d1881","hazelcast/src/main/java/com/hazelcast/cluster/ClusterManager.java","144","0","0","37","793","895","1"
"hazelcast","82fcc4c7c87097d1719bb56112aec0fafdb6bc0e","hazelcast/src/main/java/com/hazelcast/cluster/ClusterManager.java","144","0","0","37","794","896","0"
"BroadleafCommerce","6f54f85be68b77d4f53ba8c86ff39f7172ecb058","admin/broadleaf-open-admin-platform/src/main/java/org/broadleafcommerce/openadmin/web/service/FormBuilderServiceImpl.java","144","0","1","18","793","1015","9"
"elasticsearch","5828796848674b656807406947f050626035845a","core/src/main/java/org/elasticsearch/index/engine/InternalEngine.java","144","0","1","18","901","1120","0"
"elasticsearch","542f021d6f2e9ff2d537be9b33e0d860c2f86eca","src/main/java/org/elasticsearch/indices/cluster/IndicesClusterStateService.java","144","0","1","2","708","862","0"
"elasticsearch","3b03bc65b9846fb233b35af133608565523a0f63","src/main/java/org/apache/lucene/queryparser/classic/MapperQueryParser.java","144","0","1","4","680","775","1"
"elasticsearch","57c0d29114b60f74e43ceb0914c26d490b61a265","src/main/java/org/apache/lucene/queryparser/classic/MapperQueryParser.java","144","0","1","4","680","775","1"
"elasticsearch","b11f81d744a5c23bf7c20d696939e226905c60e7","src/main/java/org/apache/lucene/queryparser/classic/MapperQueryParser.java","144","0","1","4","680","775","0"
"BroadleafCommerce","34682289a3be1f350cf132998f1a4315a3c62b91","admin/broadleaf-open-admin-platform/src/main/java/org/broadleafcommerce/openadmin/server/service/persistence/module/BasicPersistenceModule.java","144","0","1","42","939","1062","1"
"BroadleafCommerce","854b43917ca9c48eb47e129833add3a92f413ff6","admin/broadleaf-open-admin-platform/src/main/java/org/broadleafcommerce/openadmin/server/service/persistence/module/BasicPersistenceModule.java","144","0","1","42","939","1063","1"
"elasticsearch","78d86bcf411ebd940e10539f039282b3d115c5a0","src/main/java/org/elasticsearch/index/shard/IndexShard.java","144","0","15","61","1047","1295","0"
"mcMMO","2466270b22d84b09724761e186a79981c7d89478","src/main/java/com/gmail/nossr50/config/AdvancedConfig.java","144","0","15","77","538","763","1"
"elasticsearch","faee825fea6245b7ffda4715e1676b62f1f73da0","core/src/main/java/org/elasticsearch/index/mapper/NumberFieldMapper.java","144","0","2","22","860","997","4"
"elasticsearch","34703a838d71c32e3bf944e95c09120dd443b075","core/src/test/java/org/elasticsearch/index/translog/TranslogTests.java","144","0","2","38","1289","1515","0"
"mcMMO","973279ed40d7d21aa5eaacb55a70d9c086f226a8","src/main/java/com/gmail/nossr50/datatypes/PlayerProfile.java","144","0","27","36","768","1226","0"
"elasticsearch","889db1c824d8c573835e8cbadd0c6f3ba25f8fcd","src/test/java/org/elasticsearch/test/ElasticsearchIntegrationTest.java","144","0","29","12","1138","1720","7"
"elasticsearch","6e29facd0a162cc031818ffcf57e46fc2372db5e","core/src/main/java/org/elasticsearch/index/store/Store.java","144","0","31","30","1079","1552","2"
"elasticsearch","2cf66c4115646f8398d979bf2af5d9c0b06aca03","src/main/java/org/elasticsearch/snapshots/SnapshotsService.java","144","0","33","5","923","1404","2"
"elasticsearch","bef1c8511d3f99aa681c49396bf9c707f2e7d8a9","core/src/main/java/org/elasticsearch/index/shard/IndexShard.java","144","0","33","58","1195","1632","0"
"elasticsearch","abb7d7841f0138024477d53f47fc175b5bdf8b08","core/src/main/java/org/elasticsearch/transport/TcpTransport.java","144","0","6","32","1179","1573","1"
"elasticsearch","bf5152278882b74b1a156e90d87adb954eead4e6","core/src/main/java/org/elasticsearch/transport/TcpTransport.java","144","0","6","32","1179","1573","1"
"elasticsearch","a5daa5d3a2f58dda0ab6133ccc5ead4d4a701c3a","core/src/main/java/org/elasticsearch/transport/TcpTransport.java","144","0","6","32","1179","1573","0"
"elasticsearch","93ad6969669e65db6ba7f35c375109e3f186675b","core/src/main/java/org/elasticsearch/cluster/metadata/IndexNameExpressionResolver.java","144","0","8","2","602","801","4"
"elasticsearch","589fb9674f67b0f2bd8f42199189b22e02d0de7c","core/src/main/java/org/elasticsearch/cluster/metadata/IndexNameExpressionResolver.java","144","0","8","2","602","802","5"
"elasticsearch","04cfbe361beb084d24240f95fb4936414e79f386","core/src/main/java/org/elasticsearch/cluster/metadata/IndexNameExpressionResolver.java","144","0","9","2","605","810","3"
"elasticsearch","d031662da34412839680af41648734a2e86a0d96","src/main/java/org/elasticsearch/cluster/metadata/MetaData.java","144","0","9","64","768","984","0"
"netty","81e2db10faaf0389f4e1af8c7132210946203157","transport/src/main/java/io/netty/channel/DefaultChannelHandlerContext.java","145","0","0","0","1002","1249","0"
"mcMMO","857e12b96edf68bc2e2fdbdf72659ce82612bda1","src/main/java/com/gmail/nossr50/database/FlatfileDatabaseManager.java","145","0","0","17","932","1162","0"
"BroadleafCommerce","1c1207650f20f502eb97fcc72152b1aeaaea215c","admin/broadleaf-open-admin-platform/src/main/java/org/broadleafcommerce/openadmin/web/service/FormBuilderServiceImpl.java","145","0","1","18","796","1018","10"
"elasticsearch","eb1b0b150ffdaade3b19fbcf0afdce68b372fa76","modules/elasticsearch/src/main/java/org/elasticsearch/index/mapper/object/ObjectMapper.java","145","0","1","34","713","896","0"
"elasticsearch","7dab7ab585106389f88c6e2e8fb864b2b34c8176","src/main/java/org/apache/lucene/queryparser/classic/MapperQueryParser.java","145","0","1","4","679","781","0"
"elasticsearch","2bd09c4625898d77aa6c015c6f82cf973ed18cb7","core/src/main/java/org/elasticsearch/cluster/metadata/IndexNameExpressionResolver.java","145","0","10","2","654","880","1"
"elasticsearch","9bb8bd05780d657ead3ce9335f6b66903b759bb5","core/src/main/java/org/elasticsearch/cluster/metadata/IndexNameExpressionResolver.java","145","0","12","2","661","907","2"
"elasticsearch","201217945fdcb667ad7b0f9b54f926485ccab3b7","core/src/main/java/org/elasticsearch/cluster/metadata/IndexNameExpressionResolver.java","145","0","12","2","667","913","1"
"elasticsearch","d8ff6e9831ede9782d913b67fa04102c2d1182d1","core/src/main/java/org/elasticsearch/index/mapper/NumberFieldMapper.java","145","0","2","22","891","1053","0"
"elasticsearch","598854dd72d7fb01a7e26a9dad065de3deaa5eb7","src/test/java/org/elasticsearch/test/ElasticsearchIntegrationTest.java","145","0","29","15","1152","1738","6"
"elasticsearch","7f5befd95e19badf8b911df5c28a08613b0a9cd0","src/main/java/org/elasticsearch/snapshots/SnapshotsService.java","145","0","33","5","923","1404","2"
"ceylon-ide-eclipse","e82ba3737495cae8f78802a01c33bc2428322bfb","plugins/com.redhat.ceylon.eclipse.ui/src/com/redhat/ceylon/eclipse/util/Nodes.java","145","0","4","34","700","799","1"
"elasticsearch","2713549533bdeb944c436e1d0f2f199a2ef8b2b6","core/src/test/java/org/elasticsearch/index/engine/InternalEngineTests.java","145","0","5","71","2629","3164","0"
"elasticsearch","824beea89d8c51c7037041b3c843e1511d825d96","core/src/test/java/org/elasticsearch/index/engine/InternalEngineTests.java","145","0","5","71","2678","3276","0"
"elasticsearch","f01784205f4512a989ed85382d02cd645bf2f667","core/src/test/java/org/elasticsearch/index/engine/InternalEngineTests.java","145","0","5","72","2687","3266","1"
"elasticsearch","2db01b61274d8487b8519933a9771e25f2a7c043","core/src/main/java/org/elasticsearch/transport/TcpTransport.java","145","0","6","32","1187","1581","2"
"hazelcast","2df857bf2cc6c4c8874aef410c4e9b65ef24b297","hazelcast-spring/src/main/java/com/hazelcast/spring/HazelcastConfigBeanDefinitionParser.java","146","0","0","1","701","773","0"
"hazelcast","0822805ab10a02d456bfa090033c0b2d462a3577","hazelcast/src/main/java/com/hazelcast/query/Predicates.java","146","0","0","111","919","1076","0"
"hazelcast","496d21753155a0e45fc15c4c413bdc1cdcc8170c","hazelcast/src/main/java/com/hazelcast/impl/BlockingQueueManager.java","146","0","0","30","1038","1167","1"
"hazelcast","82fcc4c7c87097d1719bb56112aec0fafdb6bc0e","hazelcast/src/main/java/com/hazelcast/impl/BlockingQueueManager.java","146","0","0","30","1039","1168","1"
"orientdb","eda36859b9b033e1c3c6c69dce74c4959ac3439e","tests/src/test/java/com/orientechnologies/orient/test/database/auto/IndexTest.java","146","0","0","59","1353","1775","1"
"hazelcast","c60031f2e34fedd83ec0d3001a4ce76c47100867","hazelcast/src/main/java/com/hazelcast/internal/partition/impl/MigrationManager.java","146","0","1","1","995","1229","0"
"hazelcast","7852995d46c82d37bf930eea7c7ec5308657e67e","hazelcast/src/main/java/com/hazelcast/internal/partition/impl/MigrationManager.java","146","0","1","1","996","1230","0"
"elasticsearch","694bf287d682d1bd7dcafe7289e4a5f2bb5830da","src/main/java/org/elasticsearch/indices/cluster/IndicesClusterStateService.java","146","0","1","2","698","864","1"
"elasticsearch","5b8b15e729d022ac816098c40f401ba25ce7e2e0","core/src/main/java/org/elasticsearch/transport/netty/NettyTransport.java","146","0","1","23","1096","1322","0"
"elasticsearch","420b3396f4b9b7908ea0ab80d792754aff345da4","src/main/java/org/apache/lucene/queryparser/classic/MapperQueryParser.java","146","0","1","4","682","784","1"
"elasticsearch","39bc001e33489c5033da2bb7520cb907d2dd16ff","core/src/main/java/org/elasticsearch/cluster/metadata/IndexNameExpressionResolver.java","146","0","10","2","614","823","2"
"elasticsearch","066afcf3c36910210d50850f8880d38cd40e5dbe","core/src/main/java/org/elasticsearch/cluster/metadata/IndexNameExpressionResolver.java","146","0","12","2","669","915","2"
"elasticsearch","6b67e0bf2fb3e27279dff90ba76fa7c93bb4c828","core/src/main/java/org/elasticsearch/cluster/metadata/IndexNameExpressionResolver.java","146","0","13","2","668","921","1"
"elasticsearch","7e53123f1f5539b2466bb9e3666114cb5a613441","core/src/main/java/org/elasticsearch/index/engine/InternalEngine.java","146","0","2","17","926","1150","1"
"neo4j","dcbb465000b9c59af68ef91161efdd653c92fc57","community/cypher/cypher/src/main/java/org/neo4j/cypher/internal/codegen/CompiledConversionUtils.java","146","0","2","19","688","760","0"
"hazelcast","0880710f355f33d03b8d928ec9d22a0ff4f1ca52","hazelcast/src/main/java/com/hazelcast/util/ConcurrentReferenceHashMap.java","146","0","33","0","985","1887","2"
"ceylon-ide-eclipse","66f5c6830770ae056a7d22c19c61f99dc1100dde","plugins/com.redhat.ceylon.eclipse.ui/src/com/redhat/ceylon/eclipse/code/editor/CeylonEditor.java","146","0","4","31","1667","2131","0"
"elasticsearch","1243abfeccd5424aced7e8c0612484d131160362","core/src/test/java/org/elasticsearch/index/engine/InternalEngineTests.java","146","0","5","72","2654","3191","1"
"orientdb","40455dd43666f7fed43a38af8997209893e8c9eb","core/src/main/java/com/orientechnologies/orient/core/storage/cache/local/twoq/O2QCache.java","146","0","6","14","1111","1587","1"
"orientdb","aea1363fe7b25d401a015eb9b41f525138f9e103","core/src/main/java/com/orientechnologies/orient/core/storage/cache/local/twoq/O2QCache.java","146","0","6","14","1113","1589","1"
"elasticsearch","acf2d2f86fea71f66ed7d004614fd7af33bf7a3d","core/src/main/java/org/elasticsearch/transport/TcpTransport.java","146","0","6","32","1199","1597","0"
"hazelcast","fc2b4b3ec49a9a7bc81cfbc491491c758f6e4cc3","hazelcast/src/main/java/com/hazelcast/cluster/ClusterManager.java","147","0","0","38","810","911","1"
"hazelcast","26a5ffa04ff9028ca6f20c05654b2dad584648fd","hazelcast/src/main/java/com/hazelcast/internal/partition/impl/MigrationManager.java","147","0","1","1","983","1218","0"
"ceylon-ide-eclipse","30b484af1265b5a74a73e0e4a43b2068c02e71cb","plugins/com.redhat.ceylon.eclipse.ui/src/com/redhat/ceylon/eclipse/util/JavaSearch.java","147","0","1","15","612","673","1"
"elasticsearch","a60b8948ba1d836a6eac7cff095519e618939ed8","core/src/main/java/org/elasticsearch/index/engine/InternalEngine.java","147","0","1","22","942","1177","0"
"netty","9125060752f5124949e55a6868647c75f88cdb01","handler/src/main/java/io/netty/handler/ssl/SslHandler.java","147","0","12","19","832","1242","0"
"elasticsearch","4a8759ef4c0ec3ca1c3e2b5fcdf6f258152820e3","core/src/main/java/org/elasticsearch/cluster/metadata/IndexNameExpressionResolver.java","147","0","13","2","677","929","1"
"hazelcast","009c94edf8859b6a869d34b8d0322873929766b2","hazelcast/src/main/java/com/hazelcast/map/DefaultRecordStore.java","147","0","2","53","1078","1290","3"
"BroadleafCommerce","4f670c78165e80b0419bf26933dfc2dfcfd1974a","core/broadleaf-framework/src/main/java/org/broadleafcommerce/core/catalog/domain/SkuImpl.java","147","0","2","94","1079","1320","1"
"ceylon-ide-eclipse","ca01aaf64c65fb5cf72d8f0c0b6824386823f21a","plugins/com.redhat.ceylon.eclipse.ui/src/com/redhat/ceylon/eclipse/code/editor/CeylonEditor.java","147","0","4","32","1676","2141","1"
"ceylon-ide-eclipse","07e7e29d3756504dc4417eeb0515a88669548b78","plugins/com.redhat.ceylon.eclipse.ui/src/com/redhat/ceylon/eclipse/code/editor/CeylonEditor.java","147","0","4","32","1682","2148","0"
"mcMMO","e9425625e269cf234c276ccd06e6082db5b5e3f8","src/main/java/com/gmail/nossr50/skills/utilities/CombatTools.java","147","0","5","1","430","590","0"
"mcMMO","a16d5b62cf7a8b095c8a0a94158985d27daba6e7","src/main/java/com/gmail/nossr50/skills/utilities/CombatTools.java","147","0","5","1","432","593","0"
"elasticsearch","749039ad4f4ff311dcaa17463dafc82d42174db1","core/src/main/java/org/elasticsearch/transport/TcpTransport.java","147","0","6","32","1170","1559","1"
"elasticsearch","3136ed1490e41b4c82b8ee05ff2d224e113ef1b8","core/src/main/java/org/elasticsearch/transport/TcpTransport.java","147","0","6","32","1237","1638","1"
"mcMMO","eddadcc179c548bd0f34c68bb8c0a8df9b2bff23","src/main/java/com/gmail/nossr50/util/skills/CombatUtils.java","147","0","8","9","536","755","0"
"ceylon-ide-eclipse","d07fc67098fbbc0bc5bdc07fb518f75042d95444","plugins/com.redhat.ceylon.eclipse.ui/src/com/redhat/ceylon/eclipse/code/refactor/ExtractFunctionRefactoring.java","148","0","0","20","952","1014","1"
"hazelcast","047f1b1478178fdfea8259c38006ad7b17254397","hazelcast/src/main/java/com/hazelcast/impl/BlockingQueueManager.java","148","0","0","30","1048","1180","0"
"hazelcast","db141663dff4e4d36fc35b7fdf84283b710d2591","hazelcast/src/main/java/com/hazelcast/cluster/ClusterManager.java","148","0","0","40","817","926","1"
"hazelcast","dfde0ce89c3c11629fe62b7eba3a8e6b2bbe6e6c","hazelcast/src/main/java/com/hazelcast/internal/partition/impl/MigrationManager.java","148","0","1","1","1041","1279","2"
"orientdb","382b22a30059690ce8457fc66d1a8aefa971d9c1","core/src/main/java/com/orientechnologies/orient/core/storage/impl/local/paginated/wal/ODiskWriteAheadLog.java","148","0","1","26","953","1226","1"
"orientdb","23f6a2c86c66e900c15160869fe44f4dbb081a19","core/src/main/java/com/orientechnologies/orient/core/storage/impl/local/paginated/wal/ODiskWriteAheadLog.java","148","0","1","26","955","1228","0"
"netty","02e7e53cbb845e7b7ce0a377cba59ca3a7d09d2b","handler/src/main/java/io/netty/handler/ssl/SslHandler.java","148","0","12","19","845","1294","0"
"hazelcast","7dc9471bab1f332cbf07c3c360fa2c489e120dae","hazelcast/src/main/java/com/hazelcast/map/DefaultRecordStore.java","148","0","2","53","1083","1295","2"
"BroadleafCommerce","af55c91c49f91f468b78e96fcc77f37b88bd8c1a","core/broadleaf-framework/src/main/java/org/broadleafcommerce/core/catalog/domain/SkuImpl.java","148","0","2","94","1079","1320","0"
"elasticsearch","89ac6a83f134365dcc3b7bdff5a3f14ddab6c2c5","core/src/main/java/org/elasticsearch/index/shard/IndexShard.java","148","0","23","60","1153","1470","3"
"elasticsearch","538c44b6bf36a1cb8f80781a3a5bb1634f2b7822","src/test/java/org/elasticsearch/test/ElasticsearchIntegrationTest.java","148","0","33","16","1164","1777","6"
"hazelcast","32c992e54122e294d32f424a32ec50f2893d0c10","hazelcast/src/main/java/com/hazelcast/map/MapService.java","148","0","4","64","916","1057","0"
"hazelcast","96aabf3361ceca9decf3ebdec94a8411b0dfa839","hazelcast/src/main/java/com/hazelcast/map/MapService.java","148","0","4","64","916","1058","2"
"mcMMO","385fe1bb053cbaf2e2d74e0ebc9fc104efb35012","src/main/java/com/gmail/nossr50/util/skills/CombatUtils.java","148","0","8","9","537","758","0"
"ceylon-ide-eclipse","428a7316575fae13e877ed889ec9e7d4260bef05","plugins/com.redhat.ceylon.eclipse.ui/src/com/redhat/ceylon/eclipse/code/refactor/ExtractFunctionRefactoring.java","149","0","0","20","954","1016","0"
"ceylon-ide-eclipse","7bc5f0e9c8f40b7c7831d9c9b313c8eea7ab4da4","plugins/com.redhat.ceylon.eclipse.ui/src/com/redhat/ceylon/eclipse/code/refactor/ExtractFunctionRefactoring.java","149","0","0","21","960","1025","1"
"hazelcast","c7df9d6ba5b6e60a13fc8afef10f5357281ffc1b","hazelcast/src/main/java/com/hazelcast/cluster/ClusterManager.java","149","0","0","38","810","917","0"
"hazelcast","97c89f45d5c012ffb41915e095688f1f7b010a7f","hazelcast/src/main/java/com/hazelcast/internal/partition/impl/MigrationManager.java","149","0","1","1","1041","1279","0"
"hazelcast","b2df21c79a156ed5b81d91a242ba9d3ed2345b1b","hazelcast/src/main/java/com/hazelcast/internal/partition/impl/MigrationManager.java","149","0","1","1","1043","1281","1"
"hazelcast","dfc86394c9b83c3be089e86e23bf7cf28bc27239","hazelcast/src/main/java/com/hazelcast/internal/partition/impl/MigrationManager.java","149","0","1","1","1043","1282","1"
"hazelcast","4c22ed73b6dabb441b0c601143aa115c705d0bb5","hazelcast/src/main/java/com/hazelcast/internal/partition/impl/MigrationManager.java","149","0","1","2","1041","1279","0"
"hazelcast","2db57b1347715b9dbdcf5501adea7bd823bf5b7f","hazelcast/src/main/java/com/hazelcast/internal/partition/impl/MigrationManager.java","149","0","1","2","1043","1281","1"
"elasticsearch","223550bf3c04769074ca381e6b0d774ef0bf5a3e","src/main/java/org/elasticsearch/indices/cluster/IndicesClusterStateService.java","149","0","1","2","713","879","2"
"elasticsearch","db111174ec9899edc32b62b038207fce20f7e10b","core/src/main/java/org/elasticsearch/index/engine/InternalEngine.java","149","0","1","21","977","1218","0"
"elasticsearch","55b0eced04ea98b9af47a41ce639fa66b1fa59bd","core/src/main/java/org/elasticsearch/cluster/metadata/IndexNameExpressionResolver.java","149","0","10","2","630","846","1"
"hazelcast","9dbefa90a577836ee39554b13f3e3b1c99bab377","hazelcast/src/main/java/com/hazelcast/map/DefaultRecordStore.java","149","0","2","53","1089","1301","5"
"hazelcast","1de7f634be3ca5890962fd19ccff6447b3f91c80","hazelcast/src/main/java/com/hazelcast/map/DefaultRecordStore.java","149","0","2","53","1090","1302","5"
"hazelcast","76ce9ca72f97c2e449b6366ae0824966aed977a0","hazelcast/src/main/java/com/hazelcast/map/DefaultRecordStore.java","149","0","2","53","1092","1304","2"
"netty","ed357181c01716181b1825901f9fe8b9d95d72f4","handler/src/main/java/io/netty/handler/ssl/SslHandler.java","149","0","21","6","862","1342","4"
"netty","5852d82ad6d756da9ef53ea570b4afe4e153df63","handler/src/main/java/io/netty/handler/ssl/SslHandler.java","149","0","21","6","864","1339","2"
"netty","1226cdacfb076b38d5fdf206b483d8864c1a461a","handler/src/main/java/io/netty/handler/ssl/SslHandler.java","149","0","21","6","866","1343","3"
"netty","7b434e225f1baae5b6f7b36a2b2b276bf19c6d5d","handler/src/main/java/io/netty/handler/ssl/SslHandler.java","149","0","21","6","870","1337","5"
"netty","a99f2589842ef2c010df2d304a084dd40c9c36d3","handler/src/main/java/io/netty/handler/ssl/SslHandler.java","149","0","21","6","871","1353","7"
"netty","bd4358b3add80a2d3e9085006c65c6f298b522e7","handler/src/main/java/io/netty/handler/ssl/SslHandler.java","149","0","21","6","871","1354","7"
"elasticsearch","2a129f186874689f7c16b8ab77eba508d9ae7250","core/src/main/java/org/elasticsearch/index/shard/IndexShard.java","149","0","23","60","1151","1467","5"
"elasticsearch","d99b5c8bc6abf962d06e141120399106bd4cb510","core/src/main/java/org/elasticsearch/index/shard/IndexShard.java","149","0","23","60","1158","1475","2"
"elasticsearch","7e53123f1f5539b2466bb9e3666114cb5a613441","core/src/main/java/org/elasticsearch/index/shard/IndexShard.java","149","0","24","62","1166","1511","3"
"elasticsearch","becaff30a893e9ec8bf4e841e6c1df2a22f0979a","core/src/main/java/org/elasticsearch/index/shard/IndexShard.java","149","0","24","62","1167","1512","4"
"mcMMO","b7bb3f4487cb449ce4fd73530e1060d520da39f2","src/main/java/com/gmail/nossr50/datatypes/PlayerProfile.java","149","0","27","36","780","1242","0"
"netty","cd0b5ec2db593d45c96bd6b55b0024042534af04","codec-http/src/main/java/io/netty/handler/codec/spdy/SpdyFrameDecoder.java","149","0","3","1","609","802","1"
"netty","af4b71a00e30faf86ef1c2365e965e8f04f65bee","codec-http/src/main/java/io/netty/handler/codec/spdy/SpdyFrameDecoder.java","149","0","3","1","617","810","0"
"netty","3d3ec4753d5191b74125d5a7f065b818d052d84e","buffer/src/test/java/io/netty/buffer/AbstractByteBufTest.java","149","0","3","104","1684","2001","1"
"elasticsearch","f0bce08c30fe61ad3f77fce2bc54f9d28af55fbe","src/main/java/org/elasticsearch/index/mapper/core/AbstractFieldMapper.java","149","0","3","77","798","970","2"
"elasticsearch","28a7d639515a64bad6a9ae6302142604e5ffc965","src/test/java/org/elasticsearch/test/ElasticsearchIntegrationTest.java","149","0","33","16","1171","1785","7"
"elasticsearch","c20713530d2429346536354f297c96dea4353329","src/main/java/org/elasticsearch/snapshots/SnapshotsService.java","149","0","33","5","955","1445","1"
"netty","461d3c876f27c32eaa673f0d2073de0922ca4277","buffer/src/test/java/io/netty/buffer/AbstractByteBufTest.java","149","0","4","104","1690","2011","0"
"netty","371f8066d2502f6c6d75c5d0f80cd25e19b5e58b","buffer/src/test/java/io/netty/buffer/AbstractByteBufTest.java","149","0","4","104","1692","2013","0"
"netty","9594a81b958cb22bc51d9e766477faa12e7a2d0d","buffer/src/test/java/io/netty/buffer/AbstractByteBufTest.java","149","0","4","198","2122","2549","0"
"ceylon-ide-eclipse","c81436cc69561c1b7a1dcdee49cb5c54fb9b52c5","plugins/com.redhat.ceylon.eclipse.ui/src/com/redhat/ceylon/eclipse/code/editor/CeylonEditor.java","149","0","4","39","1729","2206","0"
"MapDB","d256c480c229acb87ae0a6e2a7b36473a19c901d","src/main/java/org/mapdb/WriteAheadLog.java","149","0","6","24","733","1035","0"
"elasticsearch","be2a6ce80b2282779159bc017352aa6f216349e2","core/src/main/java/org/elasticsearch/transport/TcpTransport.java","149","0","6","32","1251","1648","0"
"orientdb","8f342aa477f136d71128e669c97d22e7e917ee18","core/src/main/java/com/orientechnologies/orient/core/metadata/schema/OSchemaShared.java","149","0","9","40","910","1212","0"
"netty","2304913341ef3f239e5509a46921a5c65bbbe360","transport/src/main/java/io/netty/channel/socket/oio/OioClientSocketPipelineSink.java","15","0","0","0","100","134","2"
"elasticsearch","64880ca4ed3cace87b28ad85e815b6d84b7fc7d8","client/rest/src/main/java/org/elasticsearch/client/RequestLogger.java","15","0","0","0","100","147","1"
"netty","3edef63fa851317bd1920bfe7c733320f8365b43","transport/src/main/java/io/netty/channel/socket/oio/OioClientSocketPipelineSink.java","15","0","0","0","102","137","1"
"elasticsearch","82df50a039551cf6c469f06c3db0f1d6896eadb3","src/main/java/org/elasticsearch/search/aggregations/metrics/percentiles/AbstractInternalPercentiles.java","15","0","0","0","105","138","0"
"hazelcast","d8c3a1ba9ed031a98696ea72b8a0494d1f2e69d2","hazelcast/src/main/java/com/hazelcast/nio/serialization/DataSerializer.java","15","0","0","0","106","137","2"
"hazelcast","895c167beb733f0d881ef57bf1238f7c25e19276","hazelcast/src/main/java/com/hazelcast/nio/serialization/DataSerializer.java","15","0","0","0","106","147","0"
"neo4j","1d4303c5a0a8bc80b115dfb5e44526506dd95fc6","enterprise/causal-clustering/src/main/java/org/neo4j/causalclustering/core/consensus/roles/Candidate.java","15","0","0","0","113","155","1"
"hazelcast","9144e8128c3d271554f7230ee32e4d2e102fe811","hazelcast/src/main/java/com/hazelcast/nio/serialization/FieldDefinitionImpl.java","15","0","0","0","113","157","0"
"netty","220d95fe0d396821f08329fffd96edc1b47c37c1","src/main/java/org/jboss/netty/channel/local/LocalClientChannelSink.java","15","0","0","0","115","155","0"
"netty","31b319a5dc531d8c02c400d312ab9e85e90e614b","src/main/java/org/jboss/netty/channel/local/LocalClientChannelSink.java","15","0","0","0","116","156","1"
"elasticsearch","3f06d9f3b8516bb30a2890a36c2973f08f9c6076","modules/lang-painless/src/main/java/org/elasticsearch/painless/ScriptImpl.java","15","0","0","0","117","228","1"
"hazelcast","61844df5bad348db96da6fe1d96e889d5e4a2542","hazelcast-client/src/main/java/com/hazelcast/client/txn/proxy/xa/XATransactionProxy.java","15","0","0","0","118","154","0"
"hazelcast","bb3ea0e107980d769862cdbda748cc91529d67b5","hazelcast-client/src/main/java/com/hazelcast/client/txn/proxy/xa/XATransactionProxy.java","15","0","0","0","118","154","0"
"hazelcast","39af1b08a7ad20506405dfc7dcba4f43ff8d724b","hazelcast-client/src/main/java/com/hazelcast/client/txn/proxy/xa/XATransactionProxy.java","15","0","0","0","118","154","1"
"hazelcast","70d4de16ff0ac4518d09aad8c9f2ad9e782fb337","hazelcast/src/main/java/com/hazelcast/internal/serialization/impl/DataSerializableSerializer.java","15","0","0","0","120","169","1"
"oryx","eff199ff1f6cad1b4ff13829dfb29ff4884d4c31","app/oryx-app-mllib/src/main/java/com/cloudera/oryx/app/batch/mllib/kmeans/SilhouetteCoefficient.java","15","0","0","0","125","181","0"
"ceylon-ide-eclipse","8ac72e61b5d1d52fe7c350f205f667a031f6ac2c","plugins/com.redhat.ceylon.eclipse.ui/src/com/redhat/ceylon/eclipse/code/search/AbstractFindAction.java","15","0","0","0","130","147","0"
"hazelcast","8a6dbca56175087a5af52d5742022d02e79a8560","hazelcast-client/src/test/java/com/hazelcast/client/cache/SimpleCacheTestFromClient.java","15","0","0","0","133","167","2"
"hazelcast","5e03a378d74c5a44baf2a2af6289e7ddd236e961","hazelcast/src/main/java/com/hazelcast/spi/impl/Backup.java","15","0","0","0","146","186","1"
"hazelcast","fe0da673fa85f02168e184647e03333d73018a19","hazelcast/src/main/java/com/hazelcast/spi/impl/Backup.java","15","0","0","0","147","187","0"
"hazelcast","022e75c0c2c16388e0b26f871c622d3d476125a4","hazelcast/src/main/java/com/hazelcast/nio/serialization/SerializationContextImpl.java","15","0","0","0","149","193","1"
"neo4j","b070962e9b00726d50df951106225fa252b7efeb","enterprise/security/src/main/java/org/neo4j/server/security/enterprise/auth/StandardEnterpriseAuthSubject.java","15","0","0","0","149","195","0"
"netty","f4d3f81d6ccd0f6ec3081462fca5f9ab5702fad6","resolver-dns/src/main/java/io/netty/resolver/dns/DnsQueryContext.java","15","0","0","0","150","202","1"
"hazelcast","2534b95d1b9d26ff221548d74c8f6c001882c35d","hazelcast/src/main/java/com/hazelcast/nio/serialization/SerializationContextImpl.java","15","0","0","0","152","178","0"
"neo4j","e54ec510544e63dbbb3901755f8d9aa4944192fa","community/lucene-index/src/main/java/org/neo4j/kernel/api/impl/index/LuceneIndexAccessorReader.java","15","0","0","0","152","189","1"
"hazelcast","bee2ce2b54d10073c26d181aa7aa2013b1ba0490","hazelcast/src/main/java/com/hazelcast/nio/serialization/SerializationContextImpl.java","15","0","0","0","152","193","0"
"hazelcast","05f9e6021e6859216b8c564cec3c51f83a0f7ebb","hazelcast-client/src/main/java/com/hazelcast/client/cache/impl/AbstractClientCacheProxyBase.java","15","0","0","0","152","211","3"
"hazelcast","8a2785d3905127521f828732bb879db96148394a","hazelcast/src/main/java/com/hazelcast/nio/tcp/nonblocking/iobalancer/LoadTracker.java","15","0","0","0","152","221","2"
"neo4j","2d56d9104cc300bd4ffd7b025701b56f9233fc0c","community/lucene-index/src/main/java/org/neo4j/kernel/api/impl/index/LuceneIndexAccessorReader.java","15","0","0","0","154","195","0"
"hazelcast","17681042a785eb0d99c3cdb4c1ce3d18f87bd0b0","hazelcast-client/src/main/java/com/hazelcast/client/cache/impl/AbstractClientCacheProxyBase.java","15","0","0","0","156","217","1"
"netty","120ffaf880b81c260141c9e46cec239ac235aeb9","resolver-dns/src/main/java/io/netty/resolver/dns/DnsQueryContext.java","15","0","0","0","158","206","0"
"hazelcast","23dc01609c7220e3e9784fb94eef7520d17b763b","hazelcast-client/src/main/java/com/hazelcast/client/cache/impl/AbstractClientCacheProxyBase.java","15","0","0","0","160","220","3"
"hazelcast","755eae29ec59b3ea173de825f40b90a768cfd989","hazelcast-client/src/main/java/com/hazelcast/client/cache/impl/AbstractClientCacheProxyBase.java","15","0","0","0","160","220","3"
"hazelcast","755eae29ec59b3ea173de825f40b90a768cfd989","hazelcast-client-new/src/main/java/com/hazelcast/client/cache/impl/AbstractClientCacheProxyBase.java","15","0","0","0","160","220","2"
"hazelcast","81eb7217984566705825a5df4d33ec0c2641f972","hazelcast-client/src/main/java/com/hazelcast/client/cache/impl/AbstractClientCacheProxyBase.java","15","0","0","0","160","220","1"
"hazelcast","86b80adb102d46ad1bfdbac4859cf32d6af27669","hazelcast-client/src/main/java/com/hazelcast/client/cache/impl/AbstractClientCacheProxyBase.java","15","0","0","0","160","220","3"
"hazelcast","e7b1a0a805348da2bc4758a089f61e704ab055de","hazelcast-client/src/main/java/com/hazelcast/client/cache/impl/AbstractClientCacheProxyBase.java","15","0","0","0","160","220","4"
"hazelcast","b4f94a00cf1628aa0437ded2c556bae9608f74c6","hazelcast-client/src/main/java/com/hazelcast/client/cache/impl/AbstractClientCacheProxyBase.java","15","0","0","0","160","220","0"
"elasticsearch","2ed1f7a3390420835f9b270d20c5d512ba197827","core/src/main/java/org/elasticsearch/action/search/FetchSearchPhase.java","15","0","0","0","162","217","1"
"ceylon-ide-eclipse","64a391fbabba6b9bc6b553abfa42466e0ca9673d","plugins/com.redhat.ceylon.eclipse.ui/src/com/redhat/ceylon/eclipse/code/search/AbstractFindAction.java","15","0","0","0","163","180","0"
"hazelcast","ed777f64e4d046bb45ae4ee062b463e33526e3ad","hazelcast-client/src/main/java/com/hazelcast/client/txn/TransactionContextProxy.java","15","0","0","0","165","211","1"
"elasticsearch","149629fec657e9948488195087f30583cd561f11","core/src/main/java/org/elasticsearch/action/search/FetchSearchPhase.java","15","0","0","0","165","219","0"
"hazelcast","d10553a0edb7f7ba2ba2a23e5c8f97ce1ea14cb9","hazelcast-client-new/src/main/java/com/hazelcast/client/cache/impl/AbstractClientCacheProxyBase.java","15","0","0","0","165","227","2"
"elasticsearch","25fd9e26c4fb042d6f6dea14efcd239577bdbbc4","core/src/main/java/org/elasticsearch/action/search/SearchDfsQueryThenFetchAsyncAction.java","15","0","0","0","175","222","1"
"neo4j","1c6e22fad95ec037f0b9c6fd7a9fadb18e8384d1","community/server/src/main/java/org/neo4j/server/rest/transactional/GraphExtractionWriter.java","15","0","0","0","179","211","0"
"netty","869687bd711e1358367203526128d9a2ad90663a","transport-native-epoll/src/main/java/io/netty/channel/epoll/AbstractEpollChannel.java","15","0","0","0","180","263","0"
"netty","f008ac8d4774574630a88fbc04c0c96c114e0457","transport/src/main/java/io/netty/channel/group/DefaultChannelGroupFuture.java","15","0","0","0","193","259","1"
"hazelcast","1cb75df061479377db7a716f236b127b37233410","hazelcast-hibernate/hazelcast-hibernate4/src/test/java/com/hazelcast/hibernate/HibernateStatisticsTestSupport.java","15","0","0","0","196","243","0"
"ceylon-ide-eclipse","ae5d99e4207875067f60b5c2c6c46dcb361dd031","plugins/com.redhat.ceylon.eclipse.ui/src/com/redhat/ceylon/eclipse/code/correct/ValueFunctionDefinitionGenerator.java","15","0","0","0","211","243","0"
"netty","d9af92f354776d54ecd6d392b7343543bc4b7181","common/src/main/java/io/netty/util/internal/PlatformDependent0.java","15","0","0","0","238","304","0"
"netty","12fe7b52b633b787b1f38336e89965ed396e4a05","common/src/main/java/io/netty/util/internal/PlatformDependent0.java","15","0","0","0","241","307","0"
"netty","e487db783673c9c153a011c8156083bbd86bf8e6","buffer/src/main/java/io/netty/buffer/ReadOnlyByteBufferBuf.java","15","0","0","0","370","470","0"
"netty","f3c940d20810635cda3e6c0f19ec3a9f621fe1ed","transport/src/main/java/io/netty/channel/socket/nio/AbstractNioMessageChannel.java","15","0","0","0","72","98","1"
"netty","e55a1f11b54333697d0bf72047695bcb914c2333","transport/src/main/java/io/netty/channel/socket/nio/AbstractNioMessageChannel.java","15","0","0","0","74","100","0"
"hazelcast","f4c4f6884c633287e7632d62481e06c9f0b762f5","hazelcast/src/main/java/com/hazelcast/internal/partition/impl/MigrationThread.java","15","0","0","0","82","119","1"
"hazelcast","8a0ac7ed3fb417ee2b530233386b1321924c52e2","hazelcast-client/src/main/java/com/hazelcast/client/cache/impl/HazelcastClientCachingProvider.java","15","0","0","0","85","130","0"
"hazelcast","9275e0e368a551933587f8cab78041f3f35bca35","hazelcast/src/main/java/com/hazelcast/map/impl/ExpirationTimeSetter.java","15","0","0","0","85","152","2"
"hazelcast","fcc919dc159c0de93088abba799c5239f53cb849","hazelcast/src/main/java/com/hazelcast/map/impl/ExpirationTimeSetter.java","15","0","0","0","85","152","2"
"hazelcast","fcdd8f3a408d4c699a9dbd7bf7c114d40377e0c7","hazelcast/src/main/java/com/hazelcast/map/impl/ExpirationTimeSetter.java","15","0","0","0","85","152","1"
"hazelcast","183b9b48f02963ab3b67538bf24d26f3ca482a0e","hazelcast/src/main/java/com/hazelcast/map/impl/ExpirationTimeSetter.java","15","0","0","0","85","152","0"
"hazelcast","e5970c5ed00316bb7c6eb36cb02d835fe603e994","hazelcast/src/main/java/com/hazelcast/map/impl/ExpirationTimeSetter.java","15","0","0","0","85","152","0"
"hazelcast","99fae76bc99e0074096750e1ee87859299d4cd8f","hazelcast/src/main/java/com/hazelcast/internal/partition/impl/MigrationThread.java","15","0","0","0","88","127","0"
"netty","06cbac922ada558e9b0ebeb9e58eb19d683ab451","codec-http/src/main/java/io/netty/handler/codec/spdy/SpdyHeaderBlockJZlibEncoder.java","15","0","0","0","91","127","0"
"netty","5cb9ab0fc0bba3891c3133e8b842f661ac6aaa5c","codec-http/src/main/java/io/netty/handler/codec/spdy/SpdyHeaderBlockJZlibEncoder.java","15","0","0","0","92","128","1"
"elasticsearch","2bd09c4625898d77aa6c015c6f82cf973ed18cb7","core/src/main/java/org/elasticsearch/action/search/TransportSearchHelper.java","15","0","0","0","96","132","0"
"elasticsearch","9738ef3a90bec148abbe55dec6f6183190fa4713","core/src/main/java/org/elasticsearch/action/search/TransportSearchHelper.java","15","0","0","0","96","132","0"
"elasticsearch","3d13c27fa0df12018f35f1b20987c90277e9b6f9","core/src/main/java/org/elasticsearch/action/search/TransportSearchHelper.java","15","0","0","0","96","132","1"
"netty","7d7b676eebc74bf8e4768448c8dda9456c3e765c","buffer/src/main/java/io/netty/buffer/ReadOnlyUnsafeDirectByteBuf.java","15","0","0","0","96","135","0"
"netty","202df0618c5ba7c58a0e4ef8e4f9ac76c8a32a46","transport/src/main/java/io/netty/channel/socket/oio/OioClientSocketPipelineSink.java","15","0","0","0","99","133","0"
"mct","00a1a4e44d41db0509178e7acb449101cb47231f","fastPlotViews/src/main/java/gov/nasa/arc/mct/fastplot/view/PlotViewFactory.java","15","0","0","1","77","127","0"
"hazelcast","18b320216a2af0109458bdad8f25ab57ca6246e1","hazelcast/src/test/java/com/hazelcast/test/TestHazelcastInstanceFactory.java","15","0","0","10","142","182","0"
"elasticsearch","7feb742a9b3e8a5bceaaf77e2767d116a858d07d","src/test/java/org/elasticsearch/search/functionscore/FunctionScoreTests.java","15","0","0","10","368","434","0"
"elasticsearch","d435fae06787c0e9b648004275a2d8d808ba318e","src/main/java/org/elasticsearch/search/aggregations/pipeline/movavg/MovAvgPipelineAggregator.java","15","0","0","11","187","259","1"
"elasticsearch","eb23530e066f9239238f8ecd47d80ed00b92b7be","core/src/main/java/org/elasticsearch/search/aggregations/pipeline/movavg/MovAvgPipelineAggregator.java","15","0","0","11","187","259","2"
"elasticsearch","2dfcefb02c704bac01819e3889f97ddd6c4d033a","src/main/java/org/elasticsearch/search/aggregations/pipeline/movavg/MovAvgPipelineAggregator.java","15","0","0","11","187","259","0"
"elasticsearch","2ebb44d56f2c61cb14afca1caea21a0ecd4130fb","core/src/main/java/org/elasticsearch/search/aggregations/pipeline/movavg/MovAvgPipelineAggregator.java","15","0","0","11","187","260","1"
"MapDB","0f50921e0ef3d536569b31c370ba8d66c744bde7","src/test/java/org/mapdb/StoreWALTest.java","15","0","0","11","210","280","2"
"MapDB","46a2e9543526d5010559fb4d951465ecc2289873","src/test/java/org/mapdb/StoreWALTest.java","15","0","0","11","215","285","0"
"hazelcast","142b0dd74a08e2d703db6ea0bbf82ba5be18ceb1","hazelcast/src/test/java/com/hazelcast/internal/monitors/PerformanceMonitorTest.java","15","0","0","11","221","261","0"
"hazelcast","cd66a09812f63404b4e934e9591e45ce9472a35c","hazelcast/src/test/java/com/hazelcast/map/EvictionMaxSizePolicyTest.java","15","0","0","11","345","447","0"
"neo4j","99aff5416eec27b7ed42457d4841cc448ad28c93","enterprise/core-edge/src/test/java/org/neo4j/coreedge/scenarios/EdgeServerReplicationIT.java","15","0","0","11","365","540","0"
"BroadleafCommerce","7da760ada0cf3c3164075c970c90d47e36b4bef4","admin/broadleaf-open-admin-platform/src/main/java/org/broadleafcommerce/openadmin/audit/AdminAuditable.java","15","0","0","11","76","118","0"
"hazelcast","e3230e94a46c6ea0a006ae53742cac4745d1a37d","hazelcast/src/main/java/com/hazelcast/impl/DefaultRecord.java","15","0","0","11","98","144","0"
"elasticsearch","9ca5e6e3e12cf4f13eb6ed0140d9073ba89c61c9","src/test/java/org/elasticsearch/test/store/MockDirectoryHelper.java","15","0","0","12","123","162","1"
"hazelcast","142f48debf262bbcc8ebf3fb30e729d9da0d1684","hazelcast-client/src/test/java/com/hazelcast/client/txn/ClientXaTest.java","15","0","0","12","193","248","3"
"hazelcast","d38202141395360399c9cf97d4453adf5b1581e1","hazelcast-code-generator/src/main/java/com/hazelcast/client/protocol/generator/ParameterClassModel.java","15","0","0","12","88","122","1"
"hazelcast","e4f7959a373b0263506a00fa6941d0020407e6fd","hazelcast-code-generator/src/main/java/com/hazelcast/client/protocol/generator/ParameterClassModel.java","15","0","0","12","88","122","1"
"hazelcast","4c1b1b779a2a777ec65393b7af9a0dc4e31d82f5","hazelcast-code-generator/src/main/java/com/hazelcast/client/protocol/generator/ParameterClassModel.java","15","0","0","12","88","122","0"
"hazelcast","249d38d6395955656e7d6329e723863b4d9b06a3","hazelcast/src/main/java/com/hazelcast/client/AuthenticationRequest.java","15","0","0","13","132","178","0"
"elasticsearch","c9bb686927c01e868d6f4e59a07aee455a5cdfa6","core/src/test/java/org/elasticsearch/snapshots/AbstractSnapshotIntegTestCase.java","15","0","0","13","138","185","0"
"hazelcast","506ab9eecae33fff7cefd395a9b682cb8b4e96c6","hazelcast/src/test/java/com/hazelcast/test/TestHazelcastInstanceFactory.java","15","0","0","13","146","188","0"
"titan","0a02b5352020cdf5518610bd54c004399c5308f3","src/main/java/com/thinkaurelius/titan/diskstorage/util/KeyValueStoreAdapter.java","15","0","0","13","147","185","0"
"neo4j","c2a95db0bf471e36e256ba6c9933dfd9b7ae333f","community/lucene-index/src/main/java/org/neo4j/index/impl/lucene/legacy/LuceneIndexImplementation.java","15","0","0","13","148","191","0"
"neo4j","5fac37423d3ffeea7973d7dbb3c494ef9376d2a9","community/lucene-index/src/main/java/org/neo4j/index/impl/lucene/legacy/LuceneIndexImplementation.java","15","0","0","13","151","194","0"
"hazelcast","565257f977407eb3a0199d082860209c2958f5f9","hazelcast/src/main/java/com/hazelcast/spi/impl/operationservice/impl/operations/Backup.java","15","0","0","13","154","197","1"
"hazelcast","358e12c864a51acfb36b17e7672b67707b41307c","hazelcast/src/main/java/com/hazelcast/client/AuthenticationRequest.java","15","0","0","13","161","206","0"
"hazelcast","26c32bb80eb7d8a961a3fe97350b6cd647b68c05","hazelcast/src/main/java/com/hazelcast/client/AuthenticationRequest.java","15","0","0","13","162","207","0"
"hazelcast","139accb8e85eca305e57b2dd8b7e2340cbc75d50","hazelcast-client/src/test/java/com/hazelcast/client/txn/ClientXaTest.java","15","0","0","13","207","262","2"
"hazelcast","605da53365f35d8dbf2842c020b6cf96ce4bb034","hazelcast-client/src/test/java/com/hazelcast/client/txn/ClientXaTest.java","15","0","0","14","221","278","1"
"hazelcast","9df10b21d04cc76f7afb6a562d5b8b5a158410d5","hazelcast-client/src/test/java/com/hazelcast/client/impl/client/txn/ClientXaTest.java","15","0","0","14","221","278","1"
"hazelcast","1f1a21f9e2c3f13d1f10dfae6e077e72da7edaf4","hazelcast-client/src/test/java/com/hazelcast/client/txn/ClientXaTest.java","15","0","0","14","221","278","0"
"hazelcast","05551b8c04798b35ceef5e06cb3b418577e042d6","hazelcast-client/src/test/java/com/hazelcast/client/impl/client/txn/ClientXaTest.java","15","0","0","14","223","281","0"
"elasticsearch","c97833596869141f747110d0046dd9de325a7f3c","core/src/test/java/org/elasticsearch/action/support/master/TransportMasterNodeActionTests.java","15","0","0","14","278","349","1"
"elasticsearch","fc4e8fd93767c3a4da78d89c499a32c8143441e0","core/src/test/java/org/elasticsearch/action/support/master/TransportMasterNodeActionTests.java","15","0","0","14","278","349","1"
"elasticsearch","296ab3ec16c285bfc37fba40b2ddbde1e56bfc7c","core/src/test/java/org/elasticsearch/action/support/master/TransportMasterNodeActionTests.java","15","0","0","14","278","349","0"
"elasticsearch","5a91ad11152fb54724083b696339b78829c8b905","core/src/test/java/org/elasticsearch/action/support/master/TransportMasterNodeActionTests.java","15","0","0","14","279","350","0"
"elasticsearch","baaeb0f578c76816fd9d1ad119867a4261f2f8fc","core/src/test/java/org/elasticsearch/index/query/functionscore/FunctionScoreTests.java","15","0","0","14","495","614","1"
"elasticsearch","b771daa3c72b2c42297b93377dc644b7a48d7e42","core/src/test/java/org/elasticsearch/index/query/functionscore/FunctionScoreTests.java","15","0","0","14","496","615","0"
"elasticsearch","f8e802c0285154c0cc9fc3956dc7e9adbdf1f355","core/src/main/java/org/elasticsearch/cluster/action/shard/ShardStateAction.java","15","0","0","15","282","340","2"
"elasticsearch","bef1c8511d3f99aa681c49396bf9c707f2e7d8a9","core/src/test/java/org/elasticsearch/action/support/master/TransportMasterNodeActionTests.java","15","0","0","15","290","362","0"
"elasticsearch","b4064ce43fc43fecc2b63c63c0d27d52f4656f16","core/src/test/java/org/elasticsearch/action/support/master/TransportMasterNodeActionTests.java","15","0","0","15","291","363","0"
"elasticsearch","0a69f1e283e26e5d9e6a000b68b9f4778de557a1","core/src/test/java/org/elasticsearch/search/functionscore/DecayFunctionScoreIT.java","15","0","0","15","676","797","2"
"elasticsearch","5a64f08f048461a63a0ca1354a5050c954e63d52","core/src/test/java/org/elasticsearch/search/functionscore/DecayFunctionScoreIT.java","15","0","0","15","683","805","0"
"elasticsearch","a3cefd919e81fd7c2c171426b64aa3357bfa6db4","src/test/java/org/elasticsearch/get/GetActionTests.java","15","0","0","15","732","913","2"
"hazelcast","2ff7087d159396ee23fb35adb9b8a835220da980","hazelcast/src/main/java/com/hazelcast/query/impl/IndexImpl.java","15","0","0","16","116","156","0"
"hazelcast","139accb8e85eca305e57b2dd8b7e2340cbc75d50","hazelcast/src/main/java/com/hazelcast/query/impl/IndexImpl.java","15","0","0","16","117","158","2"
"hazelcast","fba9d837682c52f27fb3f81a059e55b77a2fa4b0","hazelcast/src/main/java/com/hazelcast/query/impl/IndexImpl.java","15","0","0","16","125","165","1"
"hazelcast","175512d34ec2fecf0c222c1f2ad5de55b0bc629e","hazelcast/src/main/java/com/hazelcast/query/impl/IndexImpl.java","15","0","0","16","126","167","2"
"elasticsearch","3b192cfc7488a02387501a598fe177234d4149ae","core/src/main/java/org/elasticsearch/cluster/action/shard/ShardStateAction.java","15","0","0","16","285","344","0"
"hazelcast","cf709cac522a7b877da0c3bf3e373b0089a55b46","hazelcast/src/main/java/com/hazelcast/concurrent/lock/LockStoreProxy.java","15","0","0","16","98","135","0"
"MapDB","97d73671867b262f477802d46084e8bff59063bf","src/test/java/org/mapdb/BTreeMapTest.java","15","0","0","17","200","261","0"
"BroadleafCommerce","7da760ada0cf3c3164075c970c90d47e36b4bef4","common/src/main/java/org/broadleafcommerce/common/audit/Auditable.java","15","0","0","18","101","149","0"
"hazelcast","99f2dd5d8710f0276d0b105ba5c0f19674b6ccdf","hazelcast-client/src/main/java/com/hazelcast/client/txn/TransactionContextProxy.java","15","0","0","18","165","211","1"
"hazelcast","ed777f64e4d046bb45ae4ee062b463e33526e3ad","hazelcast-client-new/src/main/java/com/hazelcast/client/txn/TransactionContextProxy.java","15","0","0","18","165","211","1"
"hazelcast","b4f94a00cf1628aa0437ded2c556bae9608f74c6","hazelcast-client/src/main/java/com/hazelcast/client/txn/TransactionContextProxy.java","15","0","0","18","165","211","0"
"hazelcast","f0e00791da5904b9ad80c5ad3960ccce3ea14155","hazelcast/src/main/java/com/hazelcast/spi/impl/proxyservice/impl/ProxyServiceImpl.java","15","0","0","18","213","271","2"
"hazelcast","ff8a52baceb0d31ffd72394258eccd3a7fa02801","hazelcast/src/main/java/com/hazelcast/spi/impl/proxyservice/impl/ProxyServiceImpl.java","15","0","0","18","213","271","1"
"hazelcast","cfad2dfeb9af5d142191abddb0a3af020c23835c","hazelcast/src/main/java/com/hazelcast/spi/impl/proxyservice/impl/ProxyServiceImpl.java","15","0","0","18","213","271","0"
"elasticsearch","6174e21f47244b6d5153d7d0cc1fe28fe863399d","core/src/test/java/org/elasticsearch/search/aggregations/metrics/ScriptedMetricIT.java","15","0","0","18","716","937","1"
"hazelcast","e9373f307a94ad4e306bb8ee2c8161cbe4fefa0d","hazelcast/src/main/java/com/hazelcast/scheduledexecutor/impl/ScheduledTaskHandlerImpl.java","15","0","0","19","153","206","1"
"hazelcast","e4b10eb1bd1583bbfca340d4cde3ad3111ed215c","hazelcast/src/main/java/com/hazelcast/scheduledexecutor/impl/ScheduledTaskHandlerImpl.java","15","0","0","19","155","208","0"
"neo4j","1b3aad3b619bd72c2c9f79bb7edf642c5dc56a6f","enterprise/security/src/main/java/org/neo4j/server/security/enterprise/auth/StandardEnterpriseAuthSubject.java","15","0","0","19","156","201","1"
"neo4j","2dce9b701631b41aa14f4d8ff186c708b57abd1e","enterprise/security/src/main/java/org/neo4j/server/security/enterprise/auth/StandardEnterpriseAuthSubject.java","15","0","0","19","156","201","1"
"neo4j","2fb8aea71a2d50c63f1407b9e975c5e8cbf325dc","enterprise/security/src/main/java/org/neo4j/server/security/enterprise/auth/StandardEnterpriseAuthSubject.java","15","0","0","19","156","201","2"
"neo4j","7e353eb373c1368391d8a6cbff32a76104a582d9","enterprise/security/src/main/java/org/neo4j/server/security/enterprise/auth/StandardEnterpriseAuthSubject.java","15","0","0","19","156","201","0"
"BroadleafCommerce","05f567a745e7da89043a214bba5495fded1517a2","common/src/main/java/org/broadleafcommerce/common/sandbox/dao/SandBoxDaoImpl.java","15","0","0","19","337","402","0"
"mcMMO","70231b6ae0c1807324ad9bd9ccdea88c1b2357ab","src/main/java/com/gmail/nossr50/commands/general/MmoeditCommand.java","15","0","0","2","102","124","1"
"elasticsearch","3e32dd985aabfa5ee653b26bcb6ff97c74a426a2","src/test/java/org/elasticsearch/indices/recovery/RecoveryStateTest.java","15","0","0","2","142","186","0"
"hazelcast","cdb8b0e0e259c0992856d553f2aa04499043c84d","hazelcast/src/test/java/com/hazelcast/aggregation/MapWordCountAggregationPerformanceTest.java","15","0","0","2","159","199","0"
"hazelcast","810540661cf0b9662e3e1bc9b5dabc53a3c052f1","hazelcast/src/test/java/com/hazelcast/aggregation/MapWordCountAggregationPerformanceTest.java","15","0","0","2","160","200","1"
"elasticsearch","8a0a1140a9b816de826235c10ce59cf72d48797b","modules/reindex/src/main/java/org/elasticsearch/index/reindex/remote/RemoteScrollableHitSource.java","15","0","0","2","194","253","1"
"elasticsearch","24e2847af277cca729760ac910f684fdcafe5f0c","modules/reindex/src/main/java/org/elasticsearch/index/reindex/remote/RemoteScrollableHitSource.java","15","0","0","2","199","258","0"
"elasticsearch","9a0b216c36e3debb9d48374ced1e58d6568429bd","modules/reindex/src/main/java/org/elasticsearch/index/reindex/remote/RemoteScrollableHitSource.java","15","0","0","2","202","261","2"
"mcMMO","2c8bfd6573a0d87c99752d8f879460a19745fe46","src/main/java/com/gmail/nossr50/commands/skills/AcrobaticsCommand.java","15","0","0","2","77","99","0"
"netty","a0758e7e60e326b13ca8eeccf1a078d413793b41","codec-http/src/main/java/io/netty/handler/codec/http/websocketx/extensions/WebSocketExtensionUtil.java","15","0","0","2","79","106","1"
"mcMMO","2c8bfd6573a0d87c99752d8f879460a19745fe46","src/main/java/com/gmail/nossr50/commands/skills/ArcheryCommand.java","15","0","0","2","79","107","0"
"mcMMO","458f7f5f5b1a31f8e08f21b1413b379845efc280","src/main/java/com/gmail/nossr50/commands/admin/XprateCommand.java","15","0","0","2","79","94","0"
"mcMMO","d0c0b9a089d3b99e7fe68740860fef2d0275613f","src/main/java/com/gmail/nossr50/commands/general/SkillResetCommand.java","15","0","0","2","79","99","0"
"mcMMO","794071efb8f0bb4871d1457fcd039a0b6ca1aafc","src/main/java/com/gmail/nossr50/party/commands/PartyJoinCommand.java","15","0","0","2","80","106","0"
"mcMMO","284bab397a98cfe5489c32aa8222776ebec84823","src/main/java/com/gmail/nossr50/commands/admin/XprateCommand.java","15","0","0","2","80","96","1"
"mcMMO","2c8bfd6573a0d87c99752d8f879460a19745fe46","src/main/java/com/gmail/nossr50/commands/skills/SwordsCommand.java","15","0","0","2","85","109","0"
"elasticsearch","9080f51340b1b26f8bd171b4c82de8d87ad42b55","core/src/test/java/org/elasticsearch/index/query/AbstractTermQueryTestCase.java","15","0","0","2","86","117","1"
"elasticsearch","4b94eb5cb8cc4294ed0e932a5f22c16bd90d4dd7","core/src/main/java/org/elasticsearch/action/admin/cluster/state/TransportClusterStateAction.java","15","0","0","2","91","130","2"
"elasticsearch","860efb2ad28db09189c8423e05d0dba53010259c","core/src/main/java/org/elasticsearch/action/admin/cluster/state/TransportClusterStateAction.java","15","0","0","2","91","130","2"
"elasticsearch","d3417fb02291f26964d77767020ef345d18c148f","core/src/main/java/org/elasticsearch/action/admin/cluster/state/TransportClusterStateAction.java","15","0","0","2","91","130","0"
"mcMMO","a2f80569e30fdd181a811b1c17d4b221b49bda00","src/main/java/com/gmail/nossr50/commands/experience/SkillresetCommand.java","15","0","0","2","94","121","0"
"hazelcast","cdb8b0e0e259c0992856d553f2aa04499043c84d","hazelcast/src/main/java/com/hazelcast/scheduledexecutor/impl/ScheduledExecutorServiceProxy.java","15","0","0","21","311","405","1"
"elasticsearch","ab168996b6b5ec4b9567242664bd9f4d9b23e8f1","core/src/test/java/org/elasticsearch/index/mapper/DynamicMappingTests.java","15","0","0","21","527","655","1"
"hazelcast","349a79965257981b885c8f2cca3725918963433c","hazelcast/src/main/java/com/hazelcast/nio/Address.java","15","0","0","22","126","174","2"
"hazelcast","c878e5246856bac42b2a8e2c7ccf2f05178f6a68","hazelcast/src/main/java/com/hazelcast/nio/Address.java","15","0","0","22","130","178","2"
"ceylon-ide-eclipse","56e5fc87623ad40957346045ebcfbf8567b970a8","plugins/com.redhat.ceylon.eclipse.ui/src/com/redhat/ceylon/eclipse/util/SingleSourceUnitPackage.java","15","0","0","22","147","175","1"
"hazelcast","443be1108861688c930e5788c9e6d3c7f3e70558","hazelcast/src/main/java/com/hazelcast/nio/Address.java","15","0","0","23","126","173","1"
"ceylon-ide-eclipse","142affd9309b6c998662ff091c36afbdc286ffe0","plugins/com.redhat.ceylon.eclipse.ui/src/com/redhat/ceylon/eclipse/util/SingleSourceUnitPackage.java","15","0","0","23","152","181","0"
"ceylon-ide-eclipse","c0ca60e54457a47d851d8f11f7bbca2304ddb865","plugins/com.redhat.ceylon.eclipse.ui/src/com/redhat/ceylon/eclipse/util/SingleSourceUnitPackage.java","15","0","0","23","152","181","0"
"ceylon-ide-eclipse","e82ba3737495cae8f78802a01c33bc2428322bfb","plugins/com.redhat.ceylon.eclipse.ui/src/com/redhat/ceylon/eclipse/util/SingleSourceUnitPackage.java","15","0","0","23","152","181","1"
"orientdb","d9b9a54c8954b00704c7f42aa665db4fc6b5937d","tests/src/test/java/com/orientechnologies/orient/test/database/auto/TraverseTest.java","15","0","0","24","270","331","0"
"BroadleafCommerce","24004f866e3668fc17b11bdc891ff9c8b5cc79eb","core/broadleaf-framework/src/main/java/org/broadleafcommerce/core/offer/domain/OfferCodeImpl.java","15","0","0","25","259","325","2"
"mcMMO","213b4763e7beaffab428e5f38bdd58f85c22d0a2","src/main/java/com/gmail/nossr50/commands/CommandRegistrationHelper.java","15","0","0","27","321","369","0"
"mcMMO","886515400dc845c996075c9f6e6240dd4c8c8c31","src/main/java/com/gmail/nossr50/commands/CommandRegistrationHelper.java","15","0","0","27","324","372","1"
"neo4j","3cad6b427058f7ea008e0f31ea88a5fdd61b9a82","community/server/src/test/java/org/neo4j/server/rest/transactional/ExecutionResultSerializerTest.java","15","0","0","27","727","964","1"
"neo4j","92deabf9001437b79c438cdf3364395074aac621","community/server/src/test/java/org/neo4j/server/rest/transactional/ExecutionResultSerializerTest.java","15","0","0","27","729","968","0"
"ceylon-ide-eclipse","e2be4da0ab8ded83f49127710961210d6579ba14","plugins/com.redhat.ceylon.eclipse.ui/src/com/redhat/ceylon/eclipse/core/classpath/InitDependenciesJob.java","15","0","0","3","101","133","1"
"neo4j","21dc057a8a68245281a22d7bdb8da5ae2103f057","enterprise/core-edge/src/main/java/org/neo4j/coreedge/raft/net/CoreReplicatedContentMarshal.java","15","0","0","3","103","128","0"
"elasticsearch","109e2944f2e0cfea948ee77aabb7a022e0146ada","src/test/java/org/elasticsearch/test/integration/search/functionscore/RandomScoreFunctionTests.java","15","0","0","3","109","149","1"
"elasticsearch","4b3a883111ce4fac57547750aa54cddcb5248be7","src/test/java/org/elasticsearch/test/integration/search/functionscore/RandomScoreFunctionTests.java","15","0","0","3","112","153","0"
"ceylon-ide-eclipse","e82ba3737495cae8f78802a01c33bc2428322bfb","plugins/com.redhat.ceylon.eclipse.ui/src/com/redhat/ceylon/eclipse/code/resolve/JavaHyperlinkDetector.java","15","0","0","3","143","158","1"
"elasticsearch","be0c461b5073393d9e18bdadc11c13b19caa01f9","modules/reindex/src/main/java/org/elasticsearch/index/reindex/remote/RemoteScrollableHitSource.java","15","0","0","3","194","253","1"
"titan","ac746d5753151c1904efda645429fca6a9086231","titan-core/src/main/java/com/thinkaurelius/titan/graphdb/relations/factory/RelationFactoryUtil.java","15","0","0","3","47","63","0"
"mcMMO","b7bb3f4487cb449ce4fd73530e1060d520da39f2","src/main/java/com/gmail/nossr50/util/Hardcore.java","15","0","0","3","60","83","0"
"orientdb","3dc14e6a0028c128508068ce388255b2bc105741","server/src/main/java/com/orientechnologies/orient/server/network/protocol/http/command/put/OServerCommandPutDocument.java","15","0","0","3","69","114","0"
"orientdb","683f2a0bba9b64868a8bd1e9a522f4c1924dcb30","server/src/main/java/com/orientechnologies/orient/server/network/protocol/http/command/put/OServerCommandPutDocument.java","15","0","0","3","69","114","0"
"orientdb","43ae00fc1f3c6b2bec995f0379a6ef7253de1e5b","server/src/main/java/com/orientechnologies/orient/server/network/protocol/http/command/put/OServerCommandPutDocument.java","15","0","0","3","69","114","1"
"orientdb","87c13be343ca37d9c3b4443911330226ad1f4289","server/src/main/java/com/orientechnologies/orient/server/network/protocol/http/command/put/OServerCommandPutDocument.java","15","0","0","3","70","115","1"
"elasticsearch","b1cef5fdf8e1f8e9982a4724986b2731ca4d522b","core/src/main/java/org/elasticsearch/search/aggregations/support/GeoPointParser.java","15","0","0","3","70","98","1"
"elasticsearch","f208aaa47c277d323d52b79241cfb8eef64b5e90","core/src/test/java/org/elasticsearch/gateway/PriorityComparatorTests.java","15","0","0","4","131","160","0"
"elasticsearch","7ab0e2c5321c802068d85c0fa3a0f44e0b02c5a4","core/src/test/java/org/elasticsearch/action/admin/HotThreadsIT.java","15","0","0","4","133","177","1"
"elasticsearch","3f6a3c01dadb1951b597ffdbd068359a2fbc84c8","core/src/test/java/org/elasticsearch/gateway/PriorityComparatorTests.java","15","0","0","4","141","170","1"
"elasticsearch","6abcd42a05a0e2bc4eaf1add6a41ae7d48f840c2","core/src/test/java/org/elasticsearch/gateway/PriorityComparatorTests.java","15","0","0","4","142","172","0"
"elasticsearch","07fe08f004269e37ca63da8c03dfb2de7b4a11e0","core/src/main/java/org/elasticsearch/plugins/PluginManagerCliParser.java","15","0","0","4","159","231","1"
"elasticsearch","d2ca694200122559bd5390421f8a9a85731ac145","core/src/main/java/org/elasticsearch/plugins/PluginManagerCliParser.java","15","0","0","4","162","242","0"
"hazelcast","28c49d0c83af12bb83f0a5ce4ae86916d4f5f26c","hazelcast/src/main/java/com/hazelcast/cluster/FinalizeJoinOperation.java","15","0","0","4","87","120","1"
"ceylon-ide-eclipse","30b484af1265b5a74a73e0e4a43b2068c02e71cb","plugins/com.redhat.ceylon.eclipse.ui/src/com/redhat/ceylon/eclipse/core/debug/model/CeylonJDIThread.java","15","0","0","5","126","144","1"
"orientdb","abf6ba2fb52da0ed0fbf5148ca6eaef77f2e0b53","etl/src/main/java/com/orientechnologies/orient/etl/transformer/OFieldTransformer.java","15","0","0","5","85","125","1"
"orientdb","21dce961ef7c05042005bc5e56ff656c03ef0e4a","etl/src/main/java/com/orientechnologies/orient/etl/transformer/OFieldTransformer.java","15","0","0","5","85","126","0"
"orientdb","a2eaf6636bb600c7e6d311b0bb7d112bbaafb4a0","etl/src/main/java/com/orientechnologies/orient/etl/transformer/OETLFieldTransformer.java","15","0","0","5","86","126","0"
"BroadleafCommerce","bbb3fd3e78fa70167615c3670b6036ed332db569","core/broadleaf-profile/src/main/java/org/broadleafcommerce/profile/core/domain/CustomerImpl.java","15","0","0","56","408","513","1"
"netty","3aaf7cf82bb9443e4a5a60f5cea8dc7da0f49762","transport/src/main/java/io/netty/channel/ChannelFlushFutureNotifier.java","15","0","0","6","102","141","0"
"elasticsearch","577dcb32374cf2528a5deadf0a57f1ea1d5a9cbd","core/src/test/java/org/elasticsearch/discovery/zen/ElectMasterServiceTests.java","15","0","0","6","107","143","0"
"hazelcast","09dca6ec53964a7d7265912f1fd5faf46c60135b","hazelcast-client/src/test/java/com/hazelcast/client/cache/SimpleCacheTestFromClient.java","15","0","0","6","133","167","3"
"hazelcast","8a6dbca56175087a5af52d5742022d02e79a8560","hazelcast-client-new/src/test/java/com/hazelcast/client/cache/SimpleCacheTestFromClient.java","15","0","0","6","133","167","1"
"hazelcast","03206d98a4287ade342ec386397851a54d849b0f","hazelcast-client/src/test/java/com/hazelcast/client/cache/SimpleCacheTestFromClient.java","15","0","0","6","133","167","0"
"elasticsearch","b49853a6199f586e47d44fbf1eae0dbda17c872d","src/main/java/org/elasticsearch/indices/cache/filter/IndicesFilterCache.java","15","0","0","6","150","206","0"
"elasticsearch","a836496e57fa08ef80b0a858ffe52f58c892923b","src/main/java/org/elasticsearch/indices/cache/filter/IndicesFilterCache.java","15","0","0","6","156","209","1"
"netty","8fef51139063c49d452118053c2109ea298d507c","buffer/src/main/java/io/netty/buffer/PooledByteBufAllocator.java","15","0","0","6","160","208","1"
"netty","baf9ecfe7baae6acb5c022484c19af2426dac85c","buffer/src/main/java/io/netty/buffer/PooledByteBufAllocator.java","15","0","0","6","162","210","0"
"elasticsearch","fec1802e2f622c1a126c9adda28fa53f1b55529a","core/src/main/java/org/elasticsearch/ingest/PipelineExecutionService.java","15","0","0","6","164","220","2"
"elasticsearch","423b0f5e3d30430c00f18f621c88fe2fcd44e1aa","core/src/main/java/org/elasticsearch/ingest/PipelineExecutionService.java","15","0","0","6","165","221","0"
"elasticsearch","93567a2f1b3c93f7ede97da6fa6fb6a2657aaa5e","core/src/main/java/org/elasticsearch/ingest/PipelineExecutionService.java","15","0","0","6","166","220","2"
"elasticsearch","b12a42351ebe6f5b90d4a22110e4c6e2d8608378","core/src/main/java/org/elasticsearch/ingest/PipelineExecutionService.java","15","0","0","6","169","223","0"
"hazelcast","1cb75df061479377db7a716f236b127b37233410","hazelcast-hibernate/hazelcast-hibernate3/src/test/java/com/hazelcast/hibernate/HibernateStatisticsTestSupport.java","15","0","0","6","196","243","0"
"neo4j","c82beffff5c25bf973370a9c12bea14888531341","community/graph-algo/src/main/java/org/neo4j/graphalgo/impl/path/AStar.java","15","0","0","6","249","307","0"
"neo4j","470fac32e68ed79318ddfe1e711d6880359bc06d","community/graph-algo/src/main/java/org/neo4j/graphalgo/impl/path/AStar.java","15","0","0","6","250","308","1"
"netty","9fb86a380d0b3d2082a0d97a217d221392177625","transport-native-epoll/src/test/java/io/netty/channel/epoll/EpollSocketChannelTest.java","15","0","0","6","476","591","0"
"BroadleafCommerce","7467f1200927011c61223df68edb5cfddfc107e7","core/broadleaf-framework-web/src/main/java/org/broadleafcommerce/core/web/service/SearchFacetDTOServiceImpl.java","15","0","0","7","101","138","0"
"elasticsearch","2e445d3ede953c90e4e1ce69e5f53192115b9dd7","core/src/test/java/org/elasticsearch/index/fielddata/AbstractFieldDataTestCase.java","15","0","0","7","120","155","3"
"netty","67da6e4bf945f771607454dff40334990396ce7b","buffer/src/main/java/io/netty/buffer/PooledByteBufAllocator.java","15","0","0","7","121","166","0"
"elasticsearch","5828796848674b656807406947f050626035845a","core/src/test/java/org/elasticsearch/index/fielddata/AbstractFieldDataTestCase.java","15","0","0","7","122","157","2"
"netty","e55a1f11b54333697d0bf72047695bcb914c2333","transport/src/main/java/io/netty/channel/socket/nio/NioSocketChannel.java","15","0","0","7","137","195","0"
"netty","f3c940d20810635cda3e6c0f19ec3a9f621fe1ed","transport/src/main/java/io/netty/channel/socket/nio/NioSocketChannel.java","15","0","0","7","151","213","1"
"hazelcast","10773b4cd855bdfd84ea80d22b8ed3c977459444","hazelcast/src/test/java/com/hazelcast/multimap/MultiMapTransactionStressTest.java","15","0","0","7","188","219","0"
"hazelcast","6d369d242883cbaf2f6a79d17081745c7d45b51a","hazelcast/src/test/java/com/hazelcast/map/SizeEstimatorTest.java","15","0","0","7","193","264","0"
"elasticsearch","149629fec657e9948488195087f30583cd561f11","core/src/test/java/org/elasticsearch/cluster/action/shard/ShardFailedClusterStateTaskExecutorTests.java","15","0","0","7","225","280","0"
"elasticsearch","2ed1f7a3390420835f9b270d20c5d512ba197827","core/src/test/java/org/elasticsearch/cluster/action/shard/ShardFailedClusterStateTaskExecutorTests.java","15","0","0","7","226","281","1"
"BroadleafCommerce","7a0a7c403c946be4bbd8ee1abdaa6699931ef834","core/broadleaf-framework/src/main/java/org/broadleafcommerce/core/order/domain/GiftWrapOrderItemImpl.java","15","0","0","7","81","116","0"
"hazelcast","3c07de7f63d7c76e480a1a29712bd36951298c97","hazelcast/src/main/java/com/hazelcast/internal/cluster/impl/operations/PostJoinOp.java","15","0","0","8","100","135","1"
"orientdb","028818e249414663886f3d3fc4020356983fd776","client/src/main/java/com/orientechnologies/orient/client/remote/OStorageRemoteAsynchEventListener.java","15","0","0","8","113","157","1"
"hazelcast","65df300ddcacf2cee04f1eee8f75731e147decbf","hazelcast-client-legacy/src/main/java/com/hazelcast/client/spi/ClientProxy.java","15","0","0","8","166","231","1"
"hazelcast","623ff1855aa985aa276e8395aabf0b534c7a36c3","hazelcast-client-legacy/src/main/java/com/hazelcast/client/spi/ClientProxy.java","15","0","0","8","167","232","0"
"netty","81e2db10faaf0389f4e1af8c7132210946203157","transport/src/main/java/io/netty/channel/embedded/AbstractEmbeddedChannel.java","15","0","0","8","190","255","0"
"elasticsearch","9c9cd01854d4343b11314d58b82c00f1de335f8a","src/test/java/org/elasticsearch/search/functionscore/FunctionScoreTests.java","15","0","0","8","329","392","2"
"neo4j","136885fdc8d90dee11ce57034b2db343eaadccce","community/shell/src/test/java/org/neo4j/shell/TestApps.java","15","0","0","82","1067","1333","0"
"elasticsearch","2ccc223ff761043807683f34b29c693af6c94d95","core/src/main/java/org/elasticsearch/action/admin/cluster/shards/ClusterSearchShardsResponse.java","15","0","0","9","110","143","0"
"elasticsearch","6b67e0bf2fb3e27279dff90ba76fa7c93bb4c828","core/src/main/java/org/elasticsearch/action/admin/cluster/shards/ClusterSearchShardsResponse.java","15","0","0","9","110","143","0"
"elasticsearch","0189a65e6bfc623813c6c088d19a0509fbeb64da","core/src/main/java/org/elasticsearch/action/admin/cluster/shards/ClusterSearchShardsResponse.java","15","0","0","9","110","143","1"
"elasticsearch","0a2aa0a8c4578ddee5c1e92cb67b1ad302c110d3","plugins/repository-azure/src/main/java/org/elasticsearch/cloud/azure/blobstore/AzureBlobContainer.java","15","0","0","9","122","163","0"
"MapDB","d256c480c229acb87ae0a6e2a7b36473a19c901d","src/test/java/org/mapdb/issues/IssuesTest.java","15","0","0","9","136","166","0"
"hazelcast","e191e60debcb3d9dbbe80de51f9870946c441e64","hazelcast/src/test/java/com/hazelcast/queue/QueueStatisticsTest.java","15","0","0","9","137","163","1"
"hazelcast","91dc8370ee2482cbf6a7f5cbaa6c92214d81dc6c","hazelcast/src/test/java/com/hazelcast/queue/QueueStatisticsTest.java","15","0","0","9","150","178","0"
"hazelcast","372fa24526f48fc12f62962873b017a193bc589d","hazelcast/src/test/java/com/hazelcast/queue/QueueStatisticsTest.java","15","0","0","9","156","184","1"
"netty","c57d4bed91eff61515f25713618101cc4072ade5","testsuite/src/main/java/io/netty/testsuite/transport/socket/SocketFileRegionTest.java","15","0","0","9","166","233","1"
"hazelcast","68159ea14554bca444f21b1b835711e9f2be2930","hazelcast/src/test/java/com/hazelcast/queue/QueueStatisticsTest.java","15","0","0","9","168","197","0"
"elasticsearch","1500beafc7baad4e8cbce0682ed76e429498ea13","core/src/test/java/org/elasticsearch/node/NodeTests.java","15","0","0","9","213","256","0"
"hazelcast","7c90854e0b1fc5ed24b2e465092d3ce4e0f50af3","hazelcast/src/test/java/com/hazelcast/map/EntryProcessorTest.java","15","0","0","9","268","324","0"
"hazelcast","86f6e106a1152a2f5d110436d07b41ff8a06a1f9","hazelcast/src/test/java/com/hazelcast/cluster/SplitBrainHandlerTest.java","15","0","0","9","298","391","0"
"hazelcast","3187877a380d3982ed060399adb1a86b68e7c46c","hazelcast/src/test/java/com/hazelcast/cluster/SplitBrainHandlerTest.java","15","0","0","9","299","392","2"
"hazelcast","545d77374f383f61170ce2b72524d45e085b7d0e","hazelcast/src/test/java/com/hazelcast/cluster/SplitBrainHandlerTest.java","15","0","0","9","299","392","2"
"hazelcast","46ed7f576f342ec825a6d1b632182fa80103359c","hazelcast/src/test/java/com/hazelcast/cluster/SplitBrainHandlerTest.java","15","0","0","9","299","392","0"
"hazelcast","2a3443e1f0e3148882a9cb386e4e2d51ccd768e7","hazelcast/src/test/java/com/hazelcast/map/EvictionMaxSizePolicyTest.java","15","0","0","9","323","413","1"
"hazelcast","4510f17588637aae6ee791e40c00eb8ddd5e61c2","hazelcast/src/test/java/com/hazelcast/map/EvictionMaxSizePolicyTest.java","15","0","0","9","327","423","2"
"hazelcast","2d4fa2eca3ca69e76861d3b3710a9d20653e0641","hazelcast/src/test/java/com/hazelcast/map/EvictionMaxSizePolicyTest.java","15","0","0","9","338","434","2"
"hazelcast","5ca2eb7270cb2ae320c78e06be394586b0f1e902","hazelcast/src/test/java/com/hazelcast/map/EvictionMaxSizePolicyTest.java","15","0","0","9","345","447","1"
"hazelcast","1f042b8c4a4245594691bb6d85a66ceed9b43068","hazelcast/src/test/java/com/hazelcast/map/EvictionMaxSizePolicyTest.java","15","0","0","9","346","449","1"
"hazelcast","c17e8f909ac598d6898f2c226d32b52167fd611a","hazelcast/src/test/java/com/hazelcast/map/EvictionMaxSizePolicyTest.java","15","0","0","9","346","449","1"
"hazelcast","2921cff694583b8638dae2991f427e61d5440a9d","hazelcast/src/test/java/com/hazelcast/map/EvictionMaxSizePolicyTest.java","15","0","0","9","346","449","0"
"netty","ff11fe894d9cca5a52e8381606764935e8b54c4c","handler/src/test/java/io/netty/handler/ssl/SSLEngineTest.java","15","0","0","9","406","475","1"
"netty","8271c8afccf7eb21bf6f994b5f3565f6d55bdee4","codec-dns/src/main/java/io/netty/handler/codec/dns/DnsResponseDecoder.java","15","0","1","0","112","173","0"
"hazelcast","3626d7a8e00782254fb9e09b9eea57b384dff31a","hazelcast/src/main/java/com/hazelcast/nio/UnsafeHelper.java","15","0","1","0","147","203","0"
"hazelcast","7cd6418091ec0ee1c0eb347943385b1a1da71828","hazelcast/src/main/java/com/hazelcast/nio/UnsafeHelper.java","15","0","1","0","147","203","0"
"hazelcast","340017a5619a8bc2e7cf8905809b696fb3aeb5ba","hazelcast/src/main/java/com/hazelcast/nio/UnsafeHelper.java","15","0","1","0","147","203","1"
"hazelcast","1762467554730e712d3e27dde9bd12b8bfa8929d","hazelcast/src/main/java/com/hazelcast/nio/UnsafeHelper.java","15","0","1","0","153","230","0"
"hazelcast","22f447d68679e47111eae7fe9fd2db15956fdf0e","hazelcast/src/main/java/com/hazelcast/nio/UnsafeHelper.java","15","0","1","0","158","236","0"
"netty","ead87b7df8d923417475ead2d7680747b1a72f07","codec-http2/src/main/java/io/netty/handler/codec/http2/AbstractHttp2ConnectionHandlerBuilder.java","15","0","1","0","190","416","2"
"netty","58b968b6036dc194dce5a3e70d05d493b2fb6b58","transport/src/main/java/io/netty/channel/nio/AbstractNioMessageChannel.java","15","0","1","0","81","128","0"
"netty","57eb531eb893bdb9351d07b5df50b7f88728040a","transport/src/main/java/io/netty/channel/nio/AbstractNioMessageChannel.java","15","0","1","0","85","133","1"
"netty","dcf78961724abf97fea9e768cca02ba65146b324","transport/src/main/java/io/netty/channel/nio/AbstractNioMessageChannel.java","15","0","1","0","86","136","0"
"netty","b9bae2b5e4bf32f6db783664a02e1d22ba4159db","codec-http/src/main/java/io/netty/handler/codec/http/HttpObjectEncoder.java","15","0","1","0","93","141","0"
"elasticsearch","fdbcec8a84945626cc1db76e7c52c4bdb4c95b6a","modules/elasticsearch/src/main/java/org/elasticsearch/monitor/jvm/JvmMonitorService.java","15","0","1","1","102","151","0"
"elasticsearch","1033249f0c971ea099ccbce6d9fe3cd720c7c800","modules/elasticsearch/src/main/java/org/elasticsearch/monitor/jvm/JvmMonitorService.java","15","0","1","1","103","153","0"
"netty","a980638190c055a596145ec2a6963fa8cd30126a","transport/src/main/java/io/netty/channel/aio/AbstractAioChannel.java","15","0","1","1","118","181","1"
"elasticsearch","d8c02c2599e2cd30ea973e8f9bf12281e3473ebd","src/main/java/org/elasticsearch/action/search/TransportClearScrollAction.java","15","0","1","1","151","199","0"
"netty","be8c16cd0c54f9013b539741bf2a1db13ddc0126","handler/src/main/java/io/netty/handler/ssl/ReferenceCountedOpenSslServerContext.java","15","0","1","1","152","211","0"
"elasticsearch","dc900a08a6c6f346656105fa0e2484ed186f8461","core/src/test/java/org/elasticsearch/benchmark/search/child/ChildSearchAndIndexingBenchmark.java","15","0","1","1","168","217","0"
"elasticsearch","7ab0e2c5321c802068d85c0fa3a0f44e0b02c5a4","core/src/test/java/org/elasticsearch/benchmark/search/child/ChildSearchAndIndexingBenchmark.java","15","0","1","1","169","218","1"
"elasticsearch","10ec2e948a2f1426a5058ca3b2c2e39952f141d8","src/main/java/org/elasticsearch/action/admin/cluster/settings/TransportClusterUpdateSettingsAction.java","15","0","1","1","183","249","3"
"netty","a974fff07d9c3c5ff08d3f120f629abe618e2ab6","codec-memcache/src/main/java/io/netty/handler/codec/memcache/AbstractMemcacheObjectEncoder.java","15","0","1","1","60","115","0"
"netty","cf07f984b16d95719a9ece8c39ed6c11d8c57829","codec-memcache/src/main/java/io/netty/handler/codec/memcache/AbstractMemcacheObjectEncoder.java","15","0","1","1","61","116","0"
"elasticsearch","3f06d9f3b8516bb30a2890a36c2973f08f9c6076","modules/lang-painless/src/main/java/org/elasticsearch/painless/node/LField.java","15","0","1","1","81","126","0"
"elasticsearch","2a588dc1f109022331ae43959ac8e2e46ee69168","src/main/java/org/elasticsearch/action/admin/cluster/state/TransportClusterStateAction.java","15","0","1","1","86","123","0"
"elasticsearch","25fd9e26c4fb042d6f6dea14efcd239577bdbbc4","core/src/main/java/org/elasticsearch/action/admin/cluster/state/TransportClusterStateAction.java","15","0","1","1","91","133","0"
"elasticsearch","93beea1f670f1e0d53bc3fd3ee671bc235d5f1aa","core/src/main/java/org/elasticsearch/action/admin/cluster/state/TransportClusterStateAction.java","15","0","1","1","92","134","0"
"elasticsearch","78574d248cf10dad1c5a566fda79e1e0c94afe43","core/src/main/java/org/elasticsearch/action/admin/cluster/state/TransportClusterStateAction.java","15","0","1","1","93","135","1"
"elasticsearch","8e07b4fba4e200e5fecfc5bf7d34b9086f356ef2","core/src/main/java/org/elasticsearch/action/admin/cluster/state/TransportClusterStateAction.java","15","0","1","1","93","135","1"
"elasticsearch","e6aaaf11ed4a1b8f595f920de1840938eddb7a97","core/src/main/java/org/elasticsearch/action/admin/cluster/state/TransportClusterStateAction.java","15","0","1","1","93","135","1"
"elasticsearch","17906ca7d615dc4c72cb5cc403f2d561dc1f2ff3","core/src/main/java/org/elasticsearch/action/admin/cluster/state/TransportClusterStateAction.java","15","0","1","1","93","135","0"
"elasticsearch","a60b8948ba1d836a6eac7cff095519e618939ed8","core/src/main/java/org/elasticsearch/action/admin/cluster/state/TransportClusterStateAction.java","15","0","1","1","93","135","0"
"netty","cd6b5def8d5d25d4215bb12654bdd2fcbec0be6f","codec-memcache/src/main/java/io/netty/handler/codec/memcache/binary/BinaryMemcacheObjectAggregator.java","15","0","1","1","97","148","0"
"hazelcast","4b37b0ebf8a268dba38bcdd279b2ad087568b60a","hazelcast/src/main/java/com/hazelcast/query/impl/CachedQueryEntry.java","15","0","1","10","105","142","0"
"hazelcast","6a96ff2593db59bc55c3783b4420a915caa1f77b","hazelcast/src/main/java/com/hazelcast/query/impl/CachedQueryEntry.java","15","0","1","10","105","142","0"
"hazelcast","70d4de16ff0ac4518d09aad8c9f2ad9e782fb337","hazelcast/src/main/java/com/hazelcast/query/impl/CachedQueryEntry.java","15","0","1","10","105","142","1"
"hazelcast","0bee47cd69e8d1f8640ad2dfcda322fe0e7ed148","hazelcast-spring/src/main/java/com/hazelcast/spring/cache/HazelcastCache.java","15","0","1","10","119","162","1"
"hazelcast","19182d022301bc30d2c9c04918af16dd2d15c67f","hazelcast/src/main/java/com/hazelcast/cache/impl/operation/CacheRemoveAllOperation.java","15","0","1","10","122","164","0"
"hazelcast","37ba79c4a8d35617c5f6a770eec3705f2852f938","hazelcast-spring/src/main/java/com/hazelcast/spring/cache/HazelcastCache.java","15","0","1","10","125","171","0"
"hazelcast","a92b56e97628a7b666383cd8ecce17cbb21fe783","hazelcast-spring/src/main/java/com/hazelcast/spring/cache/HazelcastCache.java","15","0","1","10","125","171","0"
"hazelcast","27a2775cb04f186af03499fca73cf4079df89493","hazelcast-spring/src/main/java/com/hazelcast/spring/cache/HazelcastCache.java","15","0","1","10","125","171","1"
"hazelcast","8d811dda1eefbe42286c607ffb03daf1e1d4d88c","hazelcast/src/main/java/com/hazelcast/cache/impl/operation/CacheLoadAllOperation.java","15","0","1","10","127","173","0"
"hazelcast","2c5a20e99039142cf4293982bbd5b53f958e6fb9","hazelcast/src/main/java/com/hazelcast/map/impl/operation/PutFromLoadAllOperation.java","15","0","1","10","137","178","0"
"hazelcast","e56ed623e2f90ba7444669e38f971c3206d1c4a0","hazelcast/src/main/java/com/hazelcast/transaction/impl/TransactionManagerServiceImpl.java","15","0","1","10","141","187","1"
"elasticsearch","371c73e14023917f3892090d2d3d7ff9ac1216b9","core/src/main/java/org/elasticsearch/index/mapper/core/BinaryFieldMapper.java","15","0","1","10","167","224","3"
"elasticsearch","78574d248cf10dad1c5a566fda79e1e0c94afe43","core/src/main/java/org/elasticsearch/index/mapper/core/BinaryFieldMapper.java","15","0","1","10","167","224","2"
"elasticsearch","e6aaaf11ed4a1b8f595f920de1840938eddb7a97","core/src/main/java/org/elasticsearch/index/mapper/core/BinaryFieldMapper.java","15","0","1","10","167","224","2"
"elasticsearch","a60b8948ba1d836a6eac7cff095519e618939ed8","core/src/main/java/org/elasticsearch/index/mapper/core/BinaryFieldMapper.java","15","0","1","10","167","224","0"
"neo4j","6eabd27b55177dfd0f40b5c796235b9ec0c7aae6","enterprise/ha/src/main/java/org/neo4j/kernel/ha/SlaveUpdatePuller.java","15","0","1","10","225","363","0"
"neo4j","fd58f78ee7e63b03b71e392f12c42f3b13d95a47","enterprise/ha/src/main/java/org/neo4j/kernel/ha/SlaveUpdatePuller.java","15","0","1","10","233","371","1"
"elasticsearch","0a69f1e283e26e5d9e6a000b68b9f4778de557a1","core/src/test/java/org/elasticsearch/action/admin/indices/create/CreateIndexIT.java","15","0","1","10","250","297","2"
"hazelcast","9ca61a7f33b7f9ba97d4091f5a051d8611b7d4c8","hazelcast/src/main/java/com/hazelcast/impl/DefaultRecord.java","15","0","1","10","94","132","0"
"BroadleafCommerce","793ba6f34b97b01cf4d776b90c06ae3629558475","admin/broadleaf-contentmanagement-module/src/main/java/org/broadleafcommerce/cms/page/domain/PageItemCriteriaImpl.java","15","0","1","11","121","166","1"
"hazelcast","73dd88db9e90e59c94434b085acfd944bd161028","hazelcast/src/main/java/com/hazelcast/map/operation/PartitionWideEntryOperation.java","15","0","1","11","127","169","1"
"BroadleafCommerce","0c21b421c1d9c38444c820eea84cad34979e3b37","admin/broadleaf-contentmanagement-module/src/main/java/org/broadleafcommerce/cms/page/domain/PageItemCriteriaImpl.java","15","0","1","11","127","175","0"
"BroadleafCommerce","beb23ce063b9f0f91520b023d0eee1fd1a2113ba","admin/broadleaf-contentmanagement-module/src/main/java/org/broadleafcommerce/cms/page/domain/PageItemCriteriaImpl.java","15","0","1","11","129","177","1"
"hazelcast","982f30be7ff80ef6316a99f8bfd82fce5321d280","hazelcast/src/main/java/com/hazelcast/map/operation/PartitionWideEntryOperation.java","15","0","1","11","137","179","0"
"BroadleafCommerce","c47428fb0783c065f81dbdf641f1155879791b33","common/src/main/java/org/broadleafcommerce/common/security/service/ExploitProtectionServiceImpl.java","15","0","1","11","138","184","0"
"neo4j","1d091f26f2a97068a7349cd6911070ed409bfcab","community/security/src/main/java/org/neo4j/server/security/auth/BasicAuthManager.java","15","0","1","11","139","185","1"
"neo4j","9af30da086d5f06bb89d34a9f0c7da244d033cbf","community/security/src/main/java/org/neo4j/server/security/auth/BasicAuthManager.java","15","0","1","11","140","186","0"
"elasticsearch","598370b6c722f8b1f40b20b7fa5f21e3c0c0a85a","modules/elasticsearch/src/main/java/org/elasticsearch/cluster/metadata/MetaDataDeleteIndexService.java","15","0","1","11","151","216","0"
"hazelcast","cd3feee000a902c92572be92c3f16c710b10cd4e","hazelcast/src/main/java/com/hazelcast/map/operation/PartitionWideEntryOperation.java","15","0","1","11","162","206","4"
"hazelcast","317fabec0c90b274c686ba018cc1b465fee244f2","hazelcast/src/main/java/com/hazelcast/client/impl/client/AuthenticationRequest.java","15","0","1","11","166","213","1"
"neo4j","886dbb454deaae6adcb4ff26e76f6e225eedca55","enterprise/core-edge/src/main/java/org/neo4j/coreedge/raft/log/segmented/SegmentedRaftLog.java","15","0","1","11","193","265","0"
"elasticsearch","5a64f08f048461a63a0ca1354a5050c954e63d52","core/src/test/java/org/elasticsearch/action/admin/indices/create/CreateIndexIT.java","15","0","1","11","229","276","0"
"hazelcast","cdb8b0e0e259c0992856d553f2aa04499043c84d","hazelcast/src/test/java/com/hazelcast/map/impl/mapstore/MapStoreDataLoadingContinuesWhenNodeJoins.java","15","0","1","11","252","351","0"
"hazelcast","810540661cf0b9662e3e1bc9b5dabc53a3c052f1","hazelcast/src/test/java/com/hazelcast/map/impl/mapstore/MapStoreDataLoadingContinuesWhenNodeJoins.java","15","0","1","11","254","353","1"
"elasticsearch","5ea6c77dad00b90ed73779a4d936cc61c6fa0a3f","src/main/java/org/elasticsearch/index/fieldvisitor/FieldsVisitor.java","15","0","1","12","110","153","0"
"hazelcast","7b68ab30ec0da7a4de5274fdc7af7aab81d58af4","hazelcast/src/main/java/com/hazelcast/map/operation/EntryOperation.java","15","0","1","12","131","177","0"
"hazelcast","f20e3dadabc7cb95afcf791a2c9872699868bdb6","hazelcast/src/main/java/com/hazelcast/map/operation/EntryOperation.java","15","0","1","12","139","183","1"
"elasticsearch","5da8ce8318efda1fdcc367d97dc294feaf6285cc","core/src/main/java/org/elasticsearch/index/search/stats/ShardSearchStats.java","15","0","1","12","144","211","0"
"elasticsearch","3448028af7bd026059088052d57663fe4d00005b","core/src/main/java/org/elasticsearch/index/search/stats/ShardSearchStats.java","15","0","1","12","145","217","0"
"hazelcast","62d6d6048f8db82bcba99ded8d33d5b98f23b77d","hazelcast/src/main/java/com/hazelcast/client/AuthenticationRequest.java","15","0","1","12","157","203","0"
"hazelcast","315a9c3783de45a3b9a77ec6b08fd9395afca178","hazelcast/src/main/java/com/hazelcast/client/impl/client/AuthenticationRequest.java","15","0","1","12","161","207","1"
"hazelcast","d0b978ac681dd63e8d14a0c4925cba57f5cb8bf5","hazelcast/src/main/java/com/hazelcast/client/impl/client/AuthenticationRequest.java","15","0","1","12","167","215","0"
"titan","c7ac478437665f6989f9925b4198f0effcba94a3","titan-test/src/main/java/com/thinkaurelius/titan/diskstorage/indexing/IndexProviderTest.java","15","0","1","12","171","235","1"
"titan","65361de5ecc2f63e0a69dbcd1370847c800b5cc7","titan-test/src/main/java/com/thinkaurelius/titan/diskstorage/indexing/IndexProviderTest.java","15","0","1","12","177","243","0"
"elasticsearch","5668b1cfc579e5e05f2bb50d78bcdebd75da1ecb","src/main/java/org/elasticsearch/index/translog/fs/BufferingFsTranslogFile.java","15","0","1","12","179","231","1"
"neo4j","e7b3407f3dfe22e4029042512fbf88c2d60aa94d","enterprise/cluster/src/main/java/org/neo4j/cluster/StateMachines.java","15","0","1","12","204","267","1"
"elasticsearch","1cbeaf6c4579bcab3310e4bacb543622d1859f0e","src/test/java/org/elasticsearch/search/aggregations/bucket/SignificantTermsTests.java","15","0","1","12","312","369","0"
"elasticsearch","2f1af552a94e1b04fa9b75e40a78bb95518c22c3","core/src/main/java/org/elasticsearch/search/aggregations/bucket/filters/FiltersAggregator.java","15","0","1","13","159","205","1"
"hazelcast","b2536dfefb390684ac4380e7d70bfef75f600f26","hazelcast/src/main/java/com/hazelcast/query/impl/CachedQueryEntry.java","15","0","1","14","128","170","1"
"elasticsearch","0e52e3420e7222e46dfb15b79f0c4615a14ca0d3","core/src/test/java/org/elasticsearch/cluster/routing/RoutingTableTests.java","15","0","1","14","286","365","0"
"elasticsearch","b8fa68f97a9795024d691291f6ea716906cccafb","modules/elasticsearch/src/main/java/org/elasticsearch/index/translog/fs/FsTranslog.java","15","0","1","15","167","220","0"
"hazelcast","08731ce7b4c5c90e270a6ec44a9be9cbf98a5245","hazelcast/src/main/java/com/hazelcast/spi/impl/operationservice/impl/operations/PartitionIteratingOperation.java","15","0","1","15","177","226","0"
"neo4j","a2206e2451ffe226128a69a43f7f1f59409a0217","enterprise/cluster/src/main/java/org/neo4j/cluster/StateMachines.java","15","0","1","15","215","282","0"
"elasticsearch","c3332db7d016b348fbb6c364427aae56123e6fc0","src/main/java/org/elasticsearch/common/lucene/docset/NotDocIdSet.java","15","0","1","16","114","172","1"
"elasticsearch","b995abfa805189e7aa45e4d5a2afe088254155b4","src/main/java/org/elasticsearch/common/lucene/docset/NotDocIdSet.java","15","0","1","16","118","176","0"
"hazelcast","d568e4d926d925d57d4e79e34614390416749301","hazelcast/src/main/java/com/hazelcast/map/impl/recordstore/LazyEntryViewFromRecord.java","15","0","1","16","130","182","0"
"junit","669bb577583f2edd8cd65008a7c9ac19ebc350ea","src/test/java/junit/tests/framework/AssertTest.java","15","0","1","16","138","171","0"
"junit","d3de6079892fa89aa46386c0369a29b4ef9e9e3c","src/test/java/junit/tests/framework/AssertTest.java","15","0","1","16","139","172","1"
"hazelcast","175512d34ec2fecf0c222c1f2ad5de55b0bc629e","hazelcast-client/src/main/java/com/hazelcast/client/txn/TransactionContextProxy.java","15","0","1","16","147","197","1"
"elasticsearch","31fd521fd1d0b55bab4b94cb6bbe688b772ba7ea","src/test/java/org/elasticsearch/test/integration/search/query/SimpleQueryTests.java","15","0","1","16","387","532","0"
"hazelcast","605da53365f35d8dbf2842c020b6cf96ce4bb034","hazelcast-client/src/main/java/com/hazelcast/client/txn/TransactionContextProxy.java","15","0","1","17","129","179","1"
"hazelcast","6d6be19d74551a0d70fb340f6209348837463bd8","hazelcast/src/main/java/com/hazelcast/concurrent/semaphore/Permit.java","15","0","1","17","149","197","0"
"hazelcast","1f1a21f9e2c3f13d1f10dfae6e077e72da7edaf4","hazelcast-client/src/main/java/com/hazelcast/client/txn/TransactionContextProxy.java","15","0","1","17","151","202","0"
"elasticsearch","467a459f95d8709379bf3e7f415644b246a89dba","core/src/main/java/org/elasticsearch/search/aggregations/bucket/significant/heuristics/ScriptHeuristic.java","15","0","1","17","167","231","1"
"elasticsearch","821021f0e478ca44d828e62c139ea19f0fd7290a","core/src/main/java/org/elasticsearch/search/aggregations/bucket/significant/heuristics/ScriptHeuristic.java","15","0","1","17","175","239","0"
"hazelcast","78dd601399e9eaeb5227cfd66f807504fa5d5d69","hazelcast/src/main/java/com/hazelcast/internal/nearcache/impl/invalidation/BatchInvalidator.java","15","0","1","17","208","294","1"
"hazelcast","157db1056dcda6304087974374f7da88aceb2153","hazelcast/src/main/java/com/hazelcast/internal/nearcache/impl/invalidation/BatchInvalidator.java","15","0","1","17","211","300","0"
"hazelcast","adb9c3af7f236cda63c8eed889f117bc5499f84e","hazelcast/src/main/java/com/hazelcast/internal/nearcache/impl/invalidation/BatchInvalidator.java","15","0","1","17","213","302","1"
"orientdb","49646436cee4497bc6b13ed638598cac2c4ae6e6","core/src/test/java/com/orientechnologies/orient/core/index/sbtreebonsai/local/OSBTreeBonsaiWAL.java","15","0","1","17","286","381","0"
"orientdb","a6366e3af3a3ac8bcc2c055cc837d28536384916","core/src/test/java/com/orientechnologies/orient/core/index/sbtreebonsai/local/OSBTreeBonsaiWAL.java","15","0","1","17","290","385","1"
"hazelcast","81fe86abd4deed08faf6e617c5d73c2b7d4b5391","hazelcast/src/main/java/com/hazelcast/transaction/impl/xa/XATransaction.java","15","0","1","18","205","267","2"
"ceylon-ide-eclipse","e82ba3737495cae8f78802a01c33bc2428322bfb","plugins/com.redhat.ceylon.eclipse.ui/src/com/redhat/ceylon/eclipse/code/editor/CeylonSourceViewerConfiguration.java","15","0","1","18","319","376","1"
"ceylon-ide-eclipse","142affd9309b6c998662ff091c36afbdc286ffe0","plugins/com.redhat.ceylon.eclipse.ui/src/com/redhat/ceylon/eclipse/code/editor/CeylonSourceViewerConfiguration.java","15","0","1","18","328","385","0"
"neo4j","653b75d2a834f7faad0eabdee0fb05b3fa2d3650","community/kernel/src/main/java/org/neo4j/kernel/impl/storageengine/impl/recordstorage/RecordStorageEngine.java","15","0","1","18","431","525","1"
"elasticsearch","3aed047bdedde1bda189cbfc2f81e65af42e57c5","core/src/test/java/org/elasticsearch/search/aggregations/metrics/ScriptedMetricIT.java","15","0","1","18","735","966","0"
"elasticsearch","e2da2114e7b8a3ed18493117657eef7b545c90d3","src/main/java/org/elasticsearch/index/mapper/internal/VersionFieldMapper.java","15","0","1","19","150","208","0"
"orientdb","8baec26b49efeffdba1d1c5d07b841612e6253c2","core/src/main/java/com/orientechnologies/orient/core/storage/impl/local/paginated/base/ODurableComponent.java","15","0","1","2","114","193","0"
"mcMMO","70231b6ae0c1807324ad9bd9ccdea88c1b2357ab","src/main/java/com/gmail/nossr50/commands/general/AddxpCommand.java","15","0","1","2","115","141","0"
"BroadleafCommerce","4c0a8b2c4bddabc4e97467c8022161826c630c8c","admin/broadleaf-open-admin-platform/src/main/java/org/broadleafcommerce/openadmin/web/processor/ErrorsProcessor.java","15","0","1","2","117","177","0"
"BroadleafCommerce","cda1ce3dcc6fc3875e5464931dfb05433e9032b4","core/broadleaf-framework-web/src/main/java/org/broadleafcommerce/core/web/controller/catalog/BroadleafSearchController.java","15","0","1","2","120","180","1"
"Android-Universal-Image-Loader","51704142d0b6889850e1073e76d176bc7a4fdf9d","library/src/com/nostra13/universalimageloader/core/display/RoundedBitmapDisplayer.java","15","0","1","2","124","148","0"
"elasticsearch","79ab6d19affbbb9d907dbc7a5f70985c27f61c25","core/src/main/java/org/elasticsearch/cluster/routing/allocation/decider/ThrottlingAllocationDecider.java","15","0","1","2","128","201","0"
"BroadleafCommerce","9b556e9914c84a41ae10f07813ea46a5d2023f27","admin/broadleaf-open-admin-platform/src/main/java/org/broadleafcommerce/openadmin/web/filter/BroadleafAdminRequestProcessor.java","15","0","1","2","137","200","0"
"hazelcast","6ac727db661eb934e5608e28e8a3603e7300d710","hazelcast/src/main/java/com/hazelcast/map/impl/mapstore/writebehind/StoreWorker.java","15","0","1","2","138","201","0"
"elasticsearch","7bbd2a151337670e62a458569bc5b07d0ae81f9c","core/src/main/java/org/elasticsearch/search/aggregations/bucket/geogrid/GeoHashGridParser.java","15","0","1","2","150","208","1"
"elasticsearch","57f962d620b4011be545994dfef6690603e9683b","src/main/java/org/elasticsearch/rest/action/admin/cluster/node/stats/RestNodesStatsAction.java","15","0","1","2","214","268","0"
"elasticsearch","93967359253384ebcc866d0c358b05473b045fd1","modules/elasticsearch/src/main/java/org/elasticsearch/search/sort/ScriptSortParser.java","15","0","1","2","61","91","0"
"elasticsearch","583f14833482cf1e8ce2adbcdb2b3fb3cb17c70e","src/main/java/org/elasticsearch/search/aggregations/metrics/valuecount/ValueCountParser.java","15","0","1","2","74","109","1"
"elasticsearch","e3d4d73242d215389280b1d7b9facb7b1bd9bd7d","src/main/java/org/elasticsearch/cluster/routing/allocation/decider/ThrottlingAllocationDecider.java","15","0","1","2","75","135","0"
"elasticsearch","de243493c9a31354d742c34a66817e8a06798026","src/main/java/org/elasticsearch/cluster/routing/allocation/decider/ThrottlingAllocationDecider.java","15","0","1","2","78","136","0"
"elasticsearch","557fc8b43720d222fdee9219ad71f9b08ca7b90e","core/src/main/java/org/elasticsearch/search/aggregations/pipeline/bucketmetrics/BucketMetricsParser.java","15","0","1","2","83","119","1"
"elasticsearch","523a8b4c3e8003316f3e7c6a74bdd5e4e1818dd6","modules/elasticsearch/src/main/java/org/elasticsearch/search/facets/geodistance/GeoDistanceFacetCollector.java","15","0","1","2","87","135","0"
"BroadleafCommerce","2e43d1b4b2a7cae14ea6299418a9659a139de3b9","admin/broadleaf-admin-module/src/main/java/org/broadleafcommerce/admin/server/service/persistence/module/provider/SkuPricingPersistenceProvider.java","15","0","1","2","96","142","1"
"BroadleafCommerce","46d66f8cd58af3693e041a38fd820808c7ea7ea2","admin/broadleaf-admin-module/src/main/java/org/broadleafcommerce/admin/server/service/persistence/module/provider/SkuPricingPersistenceProvider.java","15","0","1","2","97","143","0"
"BroadleafCommerce","c8bcd99e2ed402846cc6ff5053b46d591768fed6","admin/broadleaf-admin-module/src/main/java/org/broadleafcommerce/admin/server/service/persistence/module/provider/SkuPricingPersistenceProvider.java","15","0","1","2","97","146","0"
"hazelcast","3d0ba46e44d89fcef3fd3225825bb2f401cfdbd5","hazelcast/src/main/java/com/hazelcast/query/PagingPredicate.java","15","0","1","20","146","199","1"
"elasticsearch","589360c8b1a46c1509c7e589f06124b91cb3dbaf","src/main/java/org/elasticsearch/index/mapper/internal/VersionFieldMapper.java","15","0","1","20","157","217","1"
"elasticsearch","7694f0b7a09c85dd28bd9553dcd6000a782d09db","src/main/java/org/elasticsearch/index/mapper/internal/VersionFieldMapper.java","15","0","1","20","157","217","1"
"elasticsearch","1654ae89379aeea586cbdff45a0b1d0cf4d00ebd","src/main/java/org/elasticsearch/index/mapper/internal/VersionFieldMapper.java","15","0","1","20","157","217","0"
"netty","afafadd3d7caf1e4b346da049baab0afeae0a4bc","codec-http/src/main/java/io/netty/handler/codec/http/multipart/DiskFileUpload.java","15","0","1","21","187","244","1"
"orientdb","d7ba6eb3cfe91751301ebdef2ce3e04fe112100f","tests/src/test/java/com/orientechnologies/orient/test/database/auto/SQLInsertTest.java","15","0","1","21","396","532","1"
"hazelcast","fc398f2f92a505456f91bf9d5f478c5cba7629f8","hazelcast/src/test/java/com/hazelcast/map/ListenerTest.java","15","0","1","23","366","460","1"
"hazelcast","068025a55b706e119d7ecce10dfdb8756e217c04","hazelcast/src/test/java/com/hazelcast/map/impl/mapstore/MapLoaderTest.java","15","0","1","24","387","491","3"
"netty","d9d3d65716dfe8f5a8d83e5fa83286185bcf0657","transport/src/test/java/io/netty/channel/embedded/EmbeddedChannelTest.java","15","0","1","25","491","597","1"
"netty","8adb30bbe2785094c92d085757cb1fdc2c1edec9","transport/src/test/java/io/netty/channel/embedded/EmbeddedChannelTest.java","15","0","1","26","508","617","0"
"hazelcast","80602397d3b2563cf6ab555b801a82875384976f","hazelcast/src/main/java/com/hazelcast/map/impl/DefaultMapServiceContext.java","15","0","1","27","203","244","1"
"hazelcast","951ffdc2e22a155ef94f1bfaaea080af2efc64d6","hazelcast/src/test/java/com/hazelcast/test/starter/HazelcastAPIDelegatingClassloader.java","15","0","1","3","105","158","1"
"hazelcast","a4035afdfc67b757940a15578bc51b4e7b6b0b13","hazelcast-client-new/src/main/java/com/hazelcast/client/proxy/txn/xa/XATransactionProxy.java","15","0","1","3","118","154","0"
"hazelcast","61844df5bad348db96da6fe1d96e889d5e4a2542","hazelcast-client-new/src/main/java/com/hazelcast/client/txn/proxy/xa/XATransactionProxy.java","15","0","1","3","120","156","0"
"hazelcast","bb3ea0e107980d769862cdbda748cc91529d67b5","hazelcast-client-new/src/main/java/com/hazelcast/client/txn/proxy/xa/XATransactionProxy.java","15","0","1","3","120","156","0"
"hazelcast","39af1b08a7ad20506405dfc7dcba4f43ff8d724b","hazelcast-client-new/src/main/java/com/hazelcast/client/txn/proxy/xa/XATransactionProxy.java","15","0","1","3","120","156","1"
"orientdb","46bbcabde62c2b9e61ebaf45dc23f16d9dee7f02","distributed/src/main/java/com/orientechnologies/orient/server/distributed/impl/OLocalClusterWrapperStrategy.java","15","0","1","3","120","183","1"
"orientdb","136db63960bbf53514691bf5a0bb8361a5ea5361","distributed/src/main/java/com/orientechnologies/orient/server/distributed/impl/OLocalClusterWrapperStrategy.java","15","0","1","3","121","184","0"
"elasticsearch","59153099395de7fafcf3c749dd415c4f69be7e9f","core/src/test/java/org/elasticsearch/index/snapshots/blobstore/FileInfoTests.java","15","0","1","3","132","168","0"
"elasticsearch","cce321a560fbaec77e1cc1c2fc94c8fa129a5a07","core/src/test/java/org/elasticsearch/tasks/TaskResultTests.java","15","0","1","3","135","174","0"
"elasticsearch","60550e4cc27bd11488540d911081794d69434478","src/test/java/org/elasticsearch/cluster/allocation/AwarenessAllocationTests.java","15","0","1","3","136","184","1"
"hazelcast","ff22f93d3b2b9b6a49960db3f57f0c1590969034","hazelcast/src/main/java/com/hazelcast/spi/impl/operationservice/impl/InboundResponseHandler.java","15","0","1","3","137","180","1"
"hazelcast","d38202141395360399c9cf97d4453adf5b1581e1","hazelcast-code-generator/src/main/java/com/hazelcast/client/protocol/generator/CodeGenerator.java","15","0","1","3","145","194","1"
"elasticsearch","65f90b25e0e2306ed53cad6c01e07875a0000a6c","core/src/main/java/org/elasticsearch/indices/recovery/PeerRecoverySourceService.java","15","0","1","3","164","226","1"
"elasticsearch","25accbcd50b70ebb4d6f66ae5f0e6d3727f0e07d","src/test/java/org/elasticsearch/search/aggregations/bucket/ChildrenTests.java","15","0","1","3","178","231","1"
"elasticsearch","35990f572b23ed3bfc9e810354d4b83bd69bb3d7","src/main/java/org/elasticsearch/cluster/action/shard/ShardStateAction.java","15","0","1","3","200","275","1"
"elasticsearch","25fd9e26c4fb042d6f6dea14efcd239577bdbbc4","core/src/main/java/org/elasticsearch/action/ActionModule.java","15","0","1","3","593","673","0"
"orientdb","1e3f5b4ab9e1ddfeb362d83852db78ad95585fbb","core/src/main/java/com/orientechnologies/orient/core/sql/method/misc/OSQLMethodField.java","15","0","1","3","63","96","1"
"elasticsearch","72d2fd0da079cee9f6e9b7e2dd9fe5733b539d8a","modules/elasticsearch/src/main/java/org/elasticsearch/index/query/HasChildFilterParser.java","15","0","1","3","69","108","0"
"BroadleafCommerce","72116c407a0998852b5ff9ca293c2ecd3d4c99bd","core/broadleaf-framework-web/src/main/java/org/broadleafcommerce/core/web/order/DatabaseOrderLockManager.java","15","0","1","3","75","119","0"
"BroadleafCommerce","bc0c700a71ec7d2dcb7e0a55969c1f9588ba2b34","core/broadleaf-framework-web/src/main/java/org/broadleafcommerce/core/web/order/DatabaseOrderLockManager.java","15","0","1","3","76","120","0"
"elasticsearch","9ca5e6e3e12cf4f13eb6ed0140d9073ba89c61c9","src/main/java/org/elasticsearch/cluster/routing/allocation/decider/ThrottlingAllocationDecider.java","15","0","1","3","76","136","1"
"elasticsearch","a336886464b3571c7ac37db0801f32cef457d72c","src/main/java/org/elasticsearch/index/query/HasChildFilterParser.java","15","0","1","3","79","118","1"
"elasticsearch","94d64c0be430057e93565e4a36515a38858d35c0","src/main/java/org/elasticsearch/index/query/HasChildFilterParser.java","15","0","1","3","79","119","0"
"elasticsearch","821021f0e478ca44d828e62c139ea19f0fd7290a","core/src/main/java/org/elasticsearch/search/suggest/SuggestParseElement.java","15","0","1","3","82","118","0"
"elasticsearch","f47d62cc304b1174dea30ce09b468a97907738ab","src/main/java/org/elasticsearch/index/query/PrefixQueryParser.java","15","0","1","3","83","118","0"
"orientdb","3645e7be59bfc55e160de868a1b4fc3a2c93bef0","lucene/src/main/java/com/orientechnologies/lucene/analyzer/OLuceneAnalyzerFactory.java","15","0","1","3","84","118","0"
"orientdb","136db63960bbf53514691bf5a0bb8361a5ea5361","lucene/src/main/java/com/orientechnologies/lucene/analyzer/OLuceneAnalyzerFactory.java","15","0","1","3","86","120","0"
"elasticsearch","ea2732a9676d560cfe611cd56987ac33f97258d7","src/main/java/org/elasticsearch/cluster/routing/allocation/decider/FilterAllocationDecider.java","15","0","1","3","87","120","1"
"hazelcast","13ee2009ce877b5f5755244f773c9b4aa6925c1d","hazelcast-client/src/main/java/com/hazelcast/client/proxy/ClientMultiMapProxy.java","15","0","1","30","326","408","2"
"hazelcast","429f2efd2aae8db7f5328ddf09996a9ed6ff0139","hazelcast-client/src/main/java/com/hazelcast/client/proxy/ClientMultiMapProxy.java","15","0","1","30","326","408","1"
"hazelcast","102cc4ef8d2e7bf4eca5451494ef6bf09deb6e43","hazelcast-client/src/main/java/com/hazelcast/client/proxy/ClientMultiMapProxy.java","15","0","1","30","326","408","0"
"hazelcast","f68ca8d3fc0960f5faace25206e7157a10616bbe","hazelcast-client/src/main/java/com/hazelcast/client/proxy/ClientMultiMapProxy.java","15","0","1","30","329","412","0"
"elasticsearch","17c06f06ba4e86504bd3b24a47198bc30536572c","src/main/java/org/elasticsearch/search/aggregations/AggregationPhase.java","15","0","1","4","104","146","1"
"elasticsearch","2a844fc457a38650de3aa13ec07e4e8904646e6b","src/main/java/org/elasticsearch/search/aggregations/AggregationPhase.java","15","0","1","4","107","149","0"
"elasticsearch","b9558edeff254ab3d553526e6e0928f67753499d","src/test/java/org/elasticsearch/test/integration/cluster/allocation/AwarenessAllocationTests.java","15","0","1","4","138","188","0"
"elasticsearch","82397c05542a794c8629fe611cbca58a3d831780","src/test/java/org/elasticsearch/test/integration/cluster/allocation/AwarenessAllocationTests.java","15","0","1","4","139","187","1"
"hazelcast","44653e7fe7c831a396d45f445033d24b4b6f9379","hazelcast/src/main/java/com/hazelcast/internal/nearcache/impl/invalidation/BatchInvalidator.java","15","0","1","4","162","239","1"
"elasticsearch","046abdc281c321cd2128ee7684c0edfcaca07203","core/src/test/java/org/elasticsearch/action/admin/cluster/reroute/ClusterRerouteRequestTests.java","15","0","1","4","172","220","2"
"elasticsearch","e74d02138f02a66331b2611b5e70a908bb49cb97","core/src/test/java/org/elasticsearch/action/admin/cluster/reroute/ClusterRerouteRequestTests.java","15","0","1","4","173","221","0"
"elasticsearch","9dfc9397d464d1334a9c4569d904908fcbcab150","core/src/main/java/org/elasticsearch/common/lucene/all/AllTermQuery.java","15","0","1","4","180","233","1"
"elasticsearch","51e69e1a9ed74a8a45bb2388ba0ddbd1432ee898","src/main/java/org/elasticsearch/index/search/child/HasParentFilter.java","15","0","1","4","188","265","0"
"elasticsearch","82613198fe3b899eb39971469a63862ac2997def","modules/transport-netty4/src/test/java/org/elasticsearch/http/netty4/Netty4HttpServerPipeliningTests.java","15","0","1","4","202","267","1"
"elasticsearch","1ce10dfb06fe5e90330619b881ce416e8bdf6d9a","src/main/java/org/elasticsearch/index/search/child/HasParentFilter.java","15","0","1","4","203","281","0"
"elasticsearch","3e69c38dbd2aa319b5b199d2931125b93f59514a","modules/transport-netty4/src/test/java/org/elasticsearch/http/netty4/Netty4HttpServerPipeliningTests.java","15","0","1","4","207","272","0"
"neo4j","7a78ace08198c766f6c56bb85cde48e2e4bc14e4","community/kernel/src/main/java/org/neo4j/kernel/impl/transaction/log/BatchingTransactionAppender.java","15","0","1","4","240","354","1"
"neo4j","1c54fc12680ad7d3de243d1ff3c9eaf2ed52b77c","community/kernel/src/main/java/org/neo4j/kernel/impl/transaction/log/BatchingTransactionAppender.java","15","0","1","4","242","356","0"
"hazelcast","600651bb0ee2f11e89605b9ee71e1b7293e51415","hazelcast/src/main/java/com/hazelcast/cache/impl/AbstractClusterWideIterator.java","15","0","1","4","86","174","0"
"elasticsearch","f02c3ec39a99dcd2a112884a464970f066898320","src/main/java/org/elasticsearch/common/settings/loader/XContentSettingsLoader.java","15","0","1","4","87","128","1"
"hazelcast","dcdf838c95407da279237d92588a7a4f691c6fce","hazelcast-client/src/main/java/com/hazelcast/client/HazelcastClient.java","15","0","1","40","306","380","1"
"hazelcast","a9371ade38c76a08c26e29996f8a29c80e5b063f","hazelcast-client/src/main/java/com/hazelcast/client/HazelcastClient.java","15","0","1","40","308","382","2"
"hazelcast","ecaaec40f356936a3252c08a2bf6f4180fd3c81b","hazelcast-client/src/main/java/com/hazelcast/client/HazelcastClient.java","15","0","1","40","310","390","0"
"hazelcast","3f7fe149b46863191307baa8ab504a6eaf77b0cc","hazelcast-client/src/main/java/com/hazelcast/client/HazelcastClient.java","15","0","1","41","312","387","1"
"BroadleafCommerce","0b82dddef8d8a719cf608eae326d394cb23b6218","common/src/main/java/org/broadleafcommerce/common/extensibility/jpa/copy/AnnotationsCopyClassTransformer.java","15","0","1","5","106","168","1"
"elasticsearch","d8f16178d3f21b4f9d17da12e7aa61613fc2c27a","src/main/java/org/elasticsearch/index/store/support/AbstractIndexStore.java","15","0","1","5","123","168","1"
"orientdb","b97c50204858b46f2af98c48a331a456120008b9","core/src/main/java/com/orientechnologies/orient/core/storage/impl/local/paginated/base/ODurableComponent.java","15","0","1","5","128","212","0"
"orientdb","2ee3b61558840a5368bca7909740f1b6b1cce1b3","core/src/main/java/com/orientechnologies/orient/core/storage/impl/local/paginated/base/ODurableComponent.java","15","0","1","5","129","213","2"
"orientdb","567dc93cca1056c9b2aa72636e7e671ced994a8e","core/src/main/java/com/orientechnologies/orient/core/storage/impl/local/paginated/base/ODurableComponent.java","15","0","1","5","129","213","1"
"orientdb","8fb63ddaef6dae34deacb49f4131b08b5a088e31","core/src/main/java/com/orientechnologies/orient/core/storage/impl/local/paginated/base/ODurableComponent.java","15","0","1","5","129","213","1"
"orientdb","f2c3273e9f37bffc0c99099735b1a09364360430","core/src/main/java/com/orientechnologies/orient/core/storage/impl/local/paginated/base/ODurableComponent.java","15","0","1","5","129","213","0"
"orientdb","49646436cee4497bc6b13ed638598cac2c4ae6e6","core/src/main/java/com/orientechnologies/orient/core/storage/impl/local/paginated/base/ODurableComponent.java","15","0","1","5","133","218","0"
"elasticsearch","85ce81c34e7749c4f42f5f663c0d4a98aa746f9c","core/src/main/java/org/elasticsearch/action/admin/cluster/stats/TransportClusterStatsAction.java","15","0","1","5","135","184","0"
"elasticsearch","1914df7b5f61e987bb7b4e82293155bb34a2daf3","core/src/main/java/org/elasticsearch/index/query/ScriptQueryBuilder.java","15","0","1","5","159","226","0"
"hazelcast","032a5c08b1f497bedc9a79cb83b7e94e3e9f4b07","hazelcast-cloud/src/main/java/com/hazelcast/aws/security/EC2RequestSigner.java","15","0","1","5","164","235","2"
"elasticsearch","6c34452409d2cc468daced1811db60cd81c6fe95","core/src/test/java/org/elasticsearch/index/query/HasChildQueryBuilderTests.java","15","0","1","5","246","303","1"
"elasticsearch","b039360d2ea974b9827df90ee7d425ca15c638d6","core/src/test/java/org/elasticsearch/index/query/HasChildQueryBuilderTests.java","15","0","1","5","255","315","2"
"orientdb","2d1ae0228d8a0dcc1aa1b3239980ab80684f78cc","core/src/main/java/com/orientechnologies/orient/core/sql/functions/coll/OSQLFunctionSymmetricDifference.java","15","0","1","5","98","146","0"
"elasticsearch","17f83f33bbcd81f883bf97da7d65f87a006a9df9","src/main/java/org/elasticsearch/search/suggest/phrase/NoisyChannelSpellChecker.java","15","0","1","6","104","143","0"
"hazelcast","3d6bcba501e62df97fb0d222eb966362c2951a5c","hazelcast/src/main/java/com/hazelcast/internal/cluster/impl/operations/SplitBrainMergeValidationOp.java","15","0","1","6","120","178","0"
"BroadleafCommerce","a6b1fff4500c5659117282cc4a427e5f0a2afac4","admin/broadleaf-open-admin-platform/src/main/java/org/broadleafcommerce/openadmin/server/security/handler/AdminPermissionCustomPersistenceHandler.java","15","0","1","6","124","170","0"
"hazelcast","602047876a37ee652e66998ed446e96e7160e3ed","hazelcast/src/main/java/com/hazelcast/internal/nearcache/impl/store/BaseHeapNearCacheRecordStore.java","15","0","1","6","124","171","0"
"orientdb","f67daf45b4566b23618ed59a69edbdac7019253a","core/src/main/java/com/orientechnologies/orient/core/sql/parser/OInputParameter.java","15","0","1","6","125","148","1"
"titan","310af27dbd22377fa2bd9597d3a61227977918d2","titan-test/src/test/java/com/thinkaurelius/titan/graphdb/idmanagement/IDPoolTest.java","15","0","1","6","128","153","1"
"elasticsearch","9c89fcf5a21e0ba8ad6f26c0fa10da3344d73808","src/main/java/org/elasticsearch/search/aggregations/bucket/terms/DoubleTerms.java","15","0","1","6","152","198","0"
"elasticsearch","9c89fcf5a21e0ba8ad6f26c0fa10da3344d73808","src/main/java/org/elasticsearch/search/aggregations/bucket/terms/LongTerms.java","15","0","1","6","152","199","0"
"hazelcast","04b3d5f84e122e135f4d61f6aac629d0f6312bc5","hazelcast-cloud/src/main/java/com/hazelcast/aws/security/EC2RequestSigner.java","15","0","1","6","169","239","0"
"hazelcast","1ccde32632706e318a920a611ffb1a7685c831eb","hazelcast-cloud/src/main/java/com/hazelcast/aws/security/EC2RequestSigner.java","15","0","1","6","169","239","0"
"hazelcast","b4a1367fad8f544769783aa6426f4b7e868c711f","hazelcast-cloud/src/main/java/com/hazelcast/aws/security/EC2RequestSigner.java","15","0","1","6","169","239","0"
"hazelcast","b58c511f44ec01d8ebdcbe3ffda0ff9f3a137784","hazelcast-cloud/src/main/java/com/hazelcast/aws/security/EC2RequestSigner.java","15","0","1","6","169","239","0"
"hazelcast","cfa111938e58b54c07e0a8262493bf92ae489b37","hazelcast-cloud/src/main/java/com/hazelcast/aws/security/EC2RequestSigner.java","15","0","1","6","169","239","2"
"hazelcast","2e237d2c442305f51cdbea3740548e8bfb4401ac","hazelcast-cloud/src/main/java/com/hazelcast/aws/security/EC2RequestSigner.java","15","0","1","6","171","241","0"
"neo4j","cc0ba94bf17cf529234b73be115bf369e7de0c55","enterprise/com/src/main/java/org/neo4j/com/Client.java","15","0","1","6","299","391","0"
"neo4j","f6305f3bb34dc2823dbaece19c7f1050c20d095e","enterprise/com/src/main/java/org/neo4j/com/Client.java","15","0","1","6","299","391","0"
"neo4j","2283d0e79e40574ebe869f59adb0c4107ccbf13e","enterprise/com/src/main/java/org/neo4j/com/Client.java","15","0","1","6","299","391","1"
"elasticsearch","a05ea535ad68de3ffa876c2c7c78d9d203d499be","core/src/test/java/org/elasticsearch/percolator/MultiPercolatorIT.java","15","0","1","6","354","431","0"
"orientdb","2d1ae0228d8a0dcc1aa1b3239980ab80684f78cc","core/src/main/java/com/orientechnologies/orient/core/sql/functions/coll/OSQLFunctionMap.java","15","0","1","6","78","127","0"
"orientdb","2d1ae0228d8a0dcc1aa1b3239980ab80684f78cc","core/src/main/java/com/orientechnologies/orient/core/sql/functions/coll/OSQLFunctionDocument.java","15","0","1","6","80","127","0"
"orientdb","a07a540cbf0795364e5fdd680cde9eba1b2b6ffd","core/src/main/java/com/orientechnologies/orient/core/sql/functions/stat/OSQLFunctionPercentile.java","15","0","1","7","108","157","1"
"netty","fd9ca8bbb3bb5478aee79e633374abfbc9b6d6c3","resolver/src/main/java/io/netty/resolver/SimpleNameResolver.java","15","0","1","7","108","180","1"
"hazelcast","cfb0b95ecb4fbce016be038f5e9f7c8e0fe9eb8e","hazelcast-client/src/main/java/com/hazelcast/client/spi/ClientProxy.java","15","0","1","7","152","205","1"
"elasticsearch","2a6e6866bd6a25f469c07ba0766edec6272e93ac","core/src/main/java/org/elasticsearch/search/aggregations/bucket/significant/GlobalOrdinalsSignificantTermsAggregator.java","15","0","1","7","157","211","1"
"elasticsearch","5d2c334bbd4b1396550c871d4d7b7c2c9a95cd63","src/main/java/org/elasticsearch/index/search/child/ParentConstantScoreQuery.java","15","0","1","7","190","257","1"
"elasticsearch","e74d02138f02a66331b2611b5e70a908bb49cb97","core/src/test/java/org/elasticsearch/search/slice/SliceBuilderTests.java","15","0","1","7","279","336","0"
"elasticsearch","046abdc281c321cd2128ee7684c0edfcaca07203","core/src/test/java/org/elasticsearch/search/slice/SliceBuilderTests.java","15","0","1","7","283","340","2"
"elasticsearch","e3322836b57e7419892555e7ab58ab9b74622950","modules/elasticsearch/src/main/java/org/elasticsearch/env/NodeEnvironment.java","15","0","1","7","81","121","0"
"hazelcast","4e7ff47186f2745b07ed2501acc0f5add899d5b8","hazelcast/src/main/java/com/hazelcast/map/impl/nearcache/NonStopInvalidator.java","15","0","1","7","92","143","1"
"hazelcast","93e632d218ab941646a42cfba0d56c60d5d1257d","hazelcast/src/main/java/com/hazelcast/map/impl/nearcache/NonStopInvalidator.java","15","0","1","7","92","143","1"
"hazelcast","62a2d7a2993e205acd37a462f8c7f9fe10f29dee","hazelcast/src/main/java/com/hazelcast/map/impl/nearcache/NonStopInvalidator.java","15","0","1","7","92","143","0"
"orientdb","693119e3f1dab4ea8b67a35575ba1f7d1c0a970b","core/src/main/java/com/orientechnologies/common/concur/resource/OReentrantResourcePool.java","15","0","1","7","97","151","0"
"neo4j","9361a926d041066711aeb23e6373b8b699ed82f1","integrationtests/src/test/java/org/neo4j/procedure/UserFunctionIT.java","15","0","1","73","899","1177","0"
"BroadleafCommerce","793ba6f34b97b01cf4d776b90c06ae3629558475","core/broadleaf-framework/src/main/java/org/broadleafcommerce/core/offer/domain/OfferItemCriteriaImpl.java","15","0","1","8","103","143","1"
"elasticsearch","96c245c19033092f6b3d4b60f42b6850b2fbe2fb","plugins/cloud-azure/src/main/java/org/elasticsearch/cloud/azure/blobstore/AzureBlobContainer.java","15","0","1","8","109","149","0"
"hazelcast","a4d8c77c49156021a3f38af6250e61b7bdc7db6c","hazelcast/src/main/java/com/hazelcast/mapreduce/impl/task/TrackableJobFuture.java","15","0","1","8","112","161","1"
"elasticsearch","c4ae23f5d8d54ed45155be5690d0a1d50e7d52f8","plugins/repository-azure/src/main/java/org/elasticsearch/cloud/azure/blobstore/AzureBlobContainer.java","15","0","1","8","122","166","0"
"elasticsearch","2e9ee5c937e16515f2e4838912ab287d6b563dce","src/main/java/org/elasticsearch/search/aggregations/bucket/nested/ReverseNestedAggregator.java","15","0","1","8","125","172","0"
"elasticsearch","a6459940862ad450677193344c03eb55d2392e65","src/main/java/org/elasticsearch/search/aggregations/bucket/nested/ReverseNestedAggregator.java","15","0","1","8","127","176","0"
"hazelcast","0cac2e039a382283c4005c5273794027e3bf655d","hazelcast/src/main/java/com/hazelcast/quorum/impl/QuorumServiceImpl.java","15","0","1","8","132","180","0"
"hazelcast","ff2f586ef89e121d6a2c31dd69988513a1c498b1","hazelcast/src/main/java/com/hazelcast/quorum/impl/QuorumServiceImpl.java","15","0","1","8","132","180","0"
"hazelcast","ca827485ee045dd013af1e7e5e1c592cd9f37086","hazelcast/src/main/java/com/hazelcast/quorum/impl/QuorumServiceImpl.java","15","0","1","8","132","180","1"
"hazelcast","d32b58c8344e3ee868d1a84efc3e15aa77ae82f3","hazelcast/src/main/java/com/hazelcast/quorum/impl/QuorumServiceImpl.java","15","0","1","8","133","178","2"
"hazelcast","2bc0eb541f31f2bceca8883a717789881221fc2f","hazelcast/src/main/java/com/hazelcast/wan/impl/WanReplicationServiceImpl.java","15","0","1","8","151","188","1"
"hazelcast","2c1225b03b083e24d80caeb26fd39e5df0ee7fac","hazelcast/src/main/java/com/hazelcast/wan/impl/WanReplicationServiceImpl.java","15","0","1","8","151","188","1"
"hazelcast","a453ed2233f97f26407e92b9e64ae987070c2bb6","hazelcast/src/main/java/com/hazelcast/wan/impl/WanReplicationServiceImpl.java","15","0","1","8","151","188","0"
"neo4j","0f09f0c1b2d301e5f762783efb315ef7f09217a9","enterprise/core-edge/src/main/java/org/neo4j/coreedge/server/core/EnterpriseCoreEditionModule.java","15","0","1","8","592","771","0"
"neo4j","33551c86c7a88b7906f21cf3759a4de5b8cae92f","enterprise/core-edge/src/main/java/org/neo4j/coreedge/server/core/EnterpriseCoreEditionModule.java","15","0","1","8","593","773","0"
"neo4j","4befe29458cb112c787fc218f1473a3344a4fe0d","enterprise/core-edge/src/main/java/org/neo4j/coreedge/server/core/EnterpriseCoreEditionModule.java","15","0","1","8","594","775","1"
"elasticsearch","2e9ee5c937e16515f2e4838912ab287d6b563dce","src/main/java/org/elasticsearch/search/aggregations/bucket/nested/NestedAggregator.java","15","0","1","9","111","159","0"
"orientdb","0eebccb7757031b5dbb801c7e1c5cd70c504dda1","core/src/main/java/com/orientechnologies/orient/core/db/OPartitionedDatabasePoolFactory.java","15","0","1","9","118","185","1"
"elasticsearch","371c73e14023917f3892090d2d3d7ff9ac1216b9","core/src/main/java/org/elasticsearch/ingest/core/CompoundProcessor.java","15","0","1","9","119","166","3"
"elasticsearch","78574d248cf10dad1c5a566fda79e1e0c94afe43","core/src/main/java/org/elasticsearch/ingest/core/CompoundProcessor.java","15","0","1","9","119","166","2"
"elasticsearch","e6aaaf11ed4a1b8f595f920de1840938eddb7a97","core/src/main/java/org/elasticsearch/ingest/core/CompoundProcessor.java","15","0","1","9","119","166","2"
"elasticsearch","a60b8948ba1d836a6eac7cff095519e618939ed8","core/src/main/java/org/elasticsearch/ingest/core/CompoundProcessor.java","15","0","1","9","119","166","0"
"elasticsearch","9765b4a6ff9c368d2bfbeb7959b077fff4933011","core/src/main/java/org/elasticsearch/ingest/CompoundProcessor.java","15","0","1","9","120","167","0"
"elasticsearch","19e7b1c737052cca62c684f3ed8e4936f08666be","core/src/main/java/org/elasticsearch/ingest/CompoundProcessor.java","15","0","1","9","121","168","0"
"elasticsearch","24d7fa6d54339b2ab9459558e507ec958f980ca8","core/src/main/java/org/elasticsearch/ingest/CompoundProcessor.java","15","0","1","9","121","168","0"
"elasticsearch","21ff90fed33fc4ce9b1d16e678fc6a2f82dabcc2","core/src/main/java/org/elasticsearch/ingest/CompoundProcessor.java","15","0","1","9","121","168","1"
"BroadleafCommerce","724778a1c3603427f90155f2ffa77641366fe089","admin/broadleaf-open-admin-platform/src/main/java/org/broadleafcommerce/openadmin/server/security/dao/AdminNavigationDaoImpl.java","15","0","1","9","146","200","0"
"titan","5f904d746f517fc714368c0258df4fd545e3829f","titan-core/src/main/java/com/thinkaurelius/titan/graphdb/query/SimpleVertexQueryProcessor.java","15","0","1","9","156","193","0"
"hazelcast","23dc01609c7220e3e9784fb94eef7520d17b763b","hazelcast-client/src/main/java/com/hazelcast/client/spi/impl/ClientPartitionServiceImpl.java","15","0","1","9","156","205","2"
"hazelcast","e7b1a0a805348da2bc4758a089f61e704ab055de","hazelcast-client/src/main/java/com/hazelcast/client/spi/impl/ClientPartitionServiceImpl.java","15","0","1","9","156","205","3"
"hazelcast","b4f94a00cf1628aa0437ded2c556bae9608f74c6","hazelcast-client/src/main/java/com/hazelcast/client/spi/impl/ClientPartitionServiceImpl.java","15","0","1","9","156","205","0"
"hazelcast","81eb7217984566705825a5df4d33ec0c2641f972","hazelcast-client/src/main/java/com/hazelcast/client/spi/impl/ClientPartitionServiceImpl.java","15","0","1","9","157","206","1"
"elasticsearch","7c665a010b12152fef387fac5c1ad710dc467f39","core/src/main/java/org/elasticsearch/common/rounding/TimeZoneRounding.java","15","0","1","9","200","264","1"
"hazelcast","9edbd691f39c17c7f27c61d98fecac0690969b47","hazelcast-client/src/main/java/com/hazelcast/client/spi/ProxyManager.java","15","0","1","9","215","254","1"
"hazelcast","ed4f4d10e194b049930f677d61d7c08a2bfa15ad","hazelcast-client/src/main/java/com/hazelcast/client/spi/ProxyManager.java","15","0","1","9","216","255","0"
"elasticsearch","1cb3068737d2516a614382c1e80def36c60cd194","core/src/test/java/org/elasticsearch/action/admin/indices/create/CreateIndexIT.java","15","0","1","9","243","289","1"
"elasticsearch","3f18487afa4156c8418922256ed5583dfeafb716","core/src/test/java/org/elasticsearch/indices/mapping/UpdateMappingIntegrationIT.java","15","0","1","9","254","332","2"
"elasticsearch","e5ed5b908f87f724150334c7ca2b277c85599372","core/src/test/java/org/elasticsearch/indices/mapping/UpdateMappingIntegrationIT.java","15","0","1","9","254","332","1"
"elasticsearch","f2832c491b050bdf6b73529f9fc2b1cdb113efcb","core/src/test/java/org/elasticsearch/indices/mapping/UpdateMappingIntegrationIT.java","15","0","1","9","254","332","0"
"elasticsearch","c2e50b010b35d17a4bd42ca629da7aa4b6445e14","core/src/test/java/org/elasticsearch/indices/mapping/UpdateMappingIntegrationIT.java","15","0","1","9","255","333","1"
"elasticsearch","fb79d064d70b6205630834478df5385d915a932f","core/src/test/java/org/elasticsearch/indices/mapping/UpdateMappingIntegrationIT.java","15","0","1","9","256","334","3"
"elasticsearch","99a7d8e41f4a0dfa14f64d9b9d080626c558c5e3","core/src/test/java/org/elasticsearch/indices/mapping/UpdateMappingIntegrationIT.java","15","0","1","9","263","341","2"
"elasticsearch","b548eb284b8357e75c9eec5fcb02ae325e5a7d8d","core/src/test/java/org/elasticsearch/indices/mapping/UpdateMappingIntegrationIT.java","15","0","1","9","264","341","1"
"elasticsearch","72d2ac13280cc8c9d52361aad9e2193cbf004708","src/test/java/org/elasticsearch/index/translog/AbstractSimpleTranslogTests.java","15","0","1","9","316","405","0"
"elasticsearch","6d9576c217fabef81bc77e5f91da3b4163502d4e","modules/elasticsearch/src/main/java/org/elasticsearch/search/internal/ContextIndexSearcher.java","15","0","1","9","94","135","1"
"titan","7181d969d170523ab94e96f8b9c53713a76ef0ad","titan-core/src/main/java/com/thinkaurelius/titan/graphdb/relations/CacheVertexProperty.java","15","0","1","9","96","126","1"
"titan","4bc081be419e372fa611b672481294033f98f4aa","titan-core/src/main/java/com/thinkaurelius/titan/graphdb/relations/CacheProperty.java","15","0","1","9","97","126","1"
"titan","376bad20b40a842876fbda80efd2583266c88cfe","titan-core/src/main/java/com/thinkaurelius/titan/graphdb/relations/CacheProperty.java","15","0","1","9","97","127","0"
"titan","7d69240e324cb5c2bef71a25dc88fbead1697308","titan-core/src/main/java/com/thinkaurelius/titan/graphdb/relations/CacheProperty.java","15","0","1","9","99","126","1"
"elasticsearch","c9bb686927c01e868d6f4e59a07aee455a5cdfa6","core/src/main/java/org/elasticsearch/snapshots/SnapshotShardFailure.java","15","0","10","5","141","242","0"
"elasticsearch","747fd38411532b6bd7c8d1ffe648e0f57a1faafd","src/test/java/org/elasticsearch/test/BackgroundIndexer.java","15","0","10","5","149","247","1"
"elasticsearch","889db1c824d8c573835e8cbadd0c6f3ba25f8fcd","src/test/java/org/elasticsearch/test/BackgroundIndexer.java","15","0","10","5","149","247","1"
"elasticsearch","598854dd72d7fb01a7e26a9dad065de3deaa5eb7","src/test/java/org/elasticsearch/test/BackgroundIndexer.java","15","0","10","5","149","247","0"
"elasticsearch","1cca0071eb94ec40060d24a0ab8bfa73ccdcc55c","src/test/java/org/elasticsearch/test/BackgroundIndexer.java","15","0","10","5","150","248","2"
"elasticsearch","6174e21f47244b6d5153d7d0cc1fe28fe863399d","core/src/main/java/org/elasticsearch/search/aggregations/bucket/significant/SignificantTermsAggregationBuilder.java","15","0","10","8","178","263","2"
"elasticsearch","3aed047bdedde1bda189cbfc2f81e65af42e57c5","core/src/main/java/org/elasticsearch/search/aggregations/bucket/significant/SignificantTermsAggregationBuilder.java","15","0","10","8","179","264","1"
"elasticsearch","1441fec0687d9af1b3eb17a6cc7286bab495d01f","src/main/java/org/apache/lucene/search/XReferenceManager.java","15","0","11","0","138","327","2"
"elasticsearch","00d54fabb259a21e98441f58c04b86b7f13a3a71","src/main/java/org/elasticsearch/indices/recovery/RecoveriesCollection.java","15","0","11","3","143","234","2"
"elasticsearch","99714ee1bd991fed204620c32e9f59a323018d2f","src/main/java/org/elasticsearch/indices/recovery/RecoveriesCollection.java","15","0","11","3","144","235","2"
"hazelcast","3a22f63d551457ef86e8450c431ceb5b65149adc","hazelcast-wm/src/main/java/com/hazelcast/web/LocalCacheEntry.java","15","0","11","3","66","156","0"
"elasticsearch","f9b7fe136a18367cc7607a3ebbd58742fc935af8","src/main/java/org/elasticsearch/search/sort/GeoDistanceSortBuilder.java","15","0","12","1","108","193","1"
"hazelcast","65563ab5f024efe0698b34df7b7f51ab3254ce3e","hazelcast/src/main/java/com/hazelcast/cache/impl/CacheProxyUtil.java","15","0","12","1","99","239","1"
"orientdb","0116aaa66d3a08a84453aa1fdfa84a932dd50b6b","graphdb/src/main/java/com/tinkerpop/blueprints/impls/orient/OrientGraphFactory.java","15","0","12","2","105","213","0"
"orientdb","06d94ae5982c3b34985ef2c39af1da2855e1da18","graphdb/src/main/java/com/tinkerpop/blueprints/impls/orient/OrientGraphFactory.java","15","0","12","2","107","209","1"
"orientdb","b2d2a8092faec38eb3a9f2a2d60f1ffeb2b9b6a9","graphdb/src/main/java/com/tinkerpop/blueprints/impls/orient/OrientGraphFactory.java","15","0","12","2","107","218","1"
"orientdb","ccba2dfa72386253046d84b3ad94e17fff54319e","graphdb/src/main/java/com/tinkerpop/blueprints/impls/orient/OrientGraphFactory.java","15","0","12","2","110","219","1"
"elasticsearch","3e32dd985aabfa5ee653b26bcb6ff97c74a426a2","src/main/java/org/elasticsearch/indices/recovery/RecoveriesCollection.java","15","0","12","3","147","239","0"
"elasticsearch","1863ab95f862294db7d105717656bd6452eef9d9","core/src/test/java/org/elasticsearch/gateway/ReplicaShardAllocatorTests.java","15","0","12","5","287","386","1"
"elasticsearch","6abcd42a05a0e2bc4eaf1add6a41ae7d48f840c2","core/src/test/java/org/elasticsearch/gateway/ReplicaShardAllocatorTests.java","15","0","12","5","288","387","0"
"elasticsearch","cb0824e957dcb7a20e8450f97283874eb61b9abe","core/src/test/java/org/elasticsearch/gateway/ReplicaShardAllocatorTests.java","15","0","12","5","288","387","0"
"elasticsearch","3f6a3c01dadb1951b597ffdbd068359a2fbc84c8","core/src/test/java/org/elasticsearch/gateway/ReplicaShardAllocatorTests.java","15","0","12","5","288","387","1"
"elasticsearch","10a4288a4c3135d987a2cdee259f081a45f8467b","core/src/test/java/org/elasticsearch/common/rounding/TimeZoneRoundingTests.java","15","0","12","7","383","582","5"
"hazelcast","7163c3d0c9923842fe8722860544cb7fab6fbb85","hazelcast/src/main/java/com/hazelcast/query/PagingPredicate.java","15","0","12","9","148","304","2"
"elasticsearch","1bc8f82d0a8a9750b9dae8534b4104cbf00b5c34","src/main/java/org/elasticsearch/index/query/MoreLikeThisFieldQueryBuilder.java","15","0","13","1","117","208","1"
"elasticsearch","a0818d3b876216c7882b3f6b14c613173409c06c","core/src/test/java/org/elasticsearch/common/rounding/TimeZoneRoundingTests.java","15","0","13","6","386","585","4"
"elasticsearch","046abdc281c321cd2128ee7684c0edfcaca07203","core/src/test/java/org/elasticsearch/common/rounding/TimeZoneRoundingTests.java","15","0","13","6","401","600","5"
"elasticsearch","2e531902ffb776e6ea9d15e99ab904aa4cb256dc","core/src/test/java/org/elasticsearch/common/rounding/TimeZoneRoundingTests.java","15","0","13","7","394","604","2"
"hazelcast","296c01beac518aa8523ca3cfadd810515a803a59","hazelcast/src/main/java/com/hazelcast/query/PagingPredicate.java","15","0","13","8","161","326","1"
"elasticsearch","a3cefd919e81fd7c2c171426b64aa3357bfa6db4","src/main/java/org/elasticsearch/action/get/GetRequest.java","15","0","14","14","185","311","2"
"elasticsearch","b379bf5668c5bf3a6edffbc2cd9ae97f29a8b7d6","src/main/java/org/elasticsearch/snapshots/SnapshotInfo.java","15","0","14","3","174","296","1"
"elasticsearch","00de8e07fc3df9c763bbc0b6890217dc5b6bee3e","core/src/test/java/org/elasticsearch/common/rounding/TimeZoneRoundingTests.java","15","0","14","7","410","642","3"
"elasticsearch","17a2fffc9be50102fa5a9da72053c82df23b1a64","core/src/test/java/org/elasticsearch/common/rounding/TimeZoneRoundingTests.java","15","0","14","7","410","642","2"
"elasticsearch","6796464f167ce293192c43efd1cf28e4434fd5da","core/src/test/java/org/elasticsearch/common/rounding/TimeZoneRoundingTests.java","15","0","14","7","410","642","4"
"elasticsearch","6baded8e7fb920e920a288bf53764a1da3d617da","core/src/test/java/org/elasticsearch/common/rounding/TimeZoneRoundingTests.java","15","0","14","7","410","642","3"
"elasticsearch","cd4634bdc653fcb4e9bb10aeee9307ecdcee50db","core/src/test/java/org/elasticsearch/common/rounding/TimeZoneRoundingTests.java","15","0","14","7","410","642","2"
"elasticsearch","d06a8903fdccf5985bb1b9cbfcb92580d08a544c","core/src/test/java/org/elasticsearch/common/rounding/TimeZoneRoundingTests.java","15","0","14","7","410","642","0"
"elasticsearch","1f04182b8164ffb19f3805c48d67f0375262b317","core/src/main/java/org/elasticsearch/action/get/GetRequest.java","15","0","16","16","216","354","1"
"elasticsearch","a518599e27047549347ac58d66d66b7bfd27f988","core/src/main/java/org/elasticsearch/action/get/GetRequest.java","15","0","16","17","216","354","2"
"elasticsearch","f739abe89e89e999225b6e478ba530c344e8e946","src/main/java/org/elasticsearch/action/bench/CompetitionResult.java","15","0","16","4","131","247","1"
"mct","adc63ec9e390456a520b41dcb5c56241939ea687","mctcore/src/main/java/gov/nasa/arc/mct/services/component/ViewInfo.java","15","0","17","3","137","313","0"
"BroadleafCommerce","6804b3f50ded9b4d2abcb5e26099e580ed8b33fe","core/broadleaf-framework-web/src/main/java/org/broadleafcommerce/core/web/controller/account/BroadleafLoginController.java","15","0","17","3","157","331","0"
"neo4j","6949fd23a50ae139201fbb9f0b243e85a00851f0","enterprise/security/src/test/java/org/neo4j/server/security/enterprise/auth/AuthProceduresTest.java","15","0","18","23","617","848","1"
"neo4j","a5f53ba08bebabec04eca3b0dff8223f5f7b2d6d","enterprise/security/src/test/java/org/neo4j/server/security/enterprise/auth/AuthProceduresTest.java","15","0","18","23","621","853","0"
"hazelcast","e4f7959a373b0263506a00fa6941d0020407e6fd","hazelcast/src/main/java/com/hazelcast/client/impl/protocol/ClientMessage.java","15","0","19","16","230","453","1"
"hazelcast","fbd3e1238608c3819d5f34d87d3a3a7b28a10f50","hazelcast/src/main/java/com/hazelcast/client/impl/protocol/ClientMessage.java","15","0","19","16","230","453","1"
"hazelcast","cc3d0fe4536065dc80b0102f7198bccdeb1b5a1d","hazelcast/src/main/java/com/hazelcast/client/impl/protocol/ClientMessage.java","15","0","19","16","230","453","0"
"neo4j","ba35fd13db9c3e2f6dff33644467f50f85999490","community/collections/src/main/java/org/neo4j/helpers/collection/MapUtil.java","15","0","19","9","234","437","1"
"neo4j","ebaf8617fdfdd21fdac69e479d938a8966fb5156","community/collections/src/main/java/org/neo4j/helpers/collection/MapUtil.java","15","0","19","9","234","437","1"
"neo4j","666d5571786a4b9afde7c6fe8bbcb5b9053de8c5","community/collections/src/main/java/org/neo4j/helpers/collection/MapUtil.java","15","0","19","9","234","437","0"
"netty","16be36a55fded330a92a4869e127b6b7249c6d13","codec-http/src/main/java/io/netty/handler/codec/http/websocketx/WebSocketClientHandshaker00.java","15","0","2","0","131","250","0"
"hazelcast","8a0ac7ed3fb417ee2b530233386b1321924c52e2","hazelcast/src/main/java/com/hazelcast/cache/impl/HazelcastServerCachingProvider.java","15","0","2","1","85","135","0"
"hazelcast","b35fc8b41b2a3d8aaa779330b394467579b97778","hazelcast/src/main/java/com/hazelcast/util/collection/InflatableSet.java","15","0","2","10","167","269","1"
"hazelcast","4b37b0ebf8a268dba38bcdd279b2ad087568b60a","hazelcast/src/main/java/com/hazelcast/util/collection/InflatableSet.java","15","0","2","11","174","279","0"
"elasticsearch","2f1af552a94e1b04fa9b75e40a78bb95518c22c3","core/src/test/java/org/elasticsearch/search/aggregations/bucket/FiltersIT.java","15","0","2","11","343","439","1"
"elasticsearch","0806190d1a00e7aee913a88d04318b1f5e734adc","core/src/test/java/org/elasticsearch/search/aggregations/bucket/FiltersIT.java","15","0","2","11","365","461","0"
"elasticsearch","b8ac05149d30a7d56c581ca5bdad38dd9a03c690","core/src/test/java/org/elasticsearch/search/aggregations/bucket/FiltersIT.java","15","0","2","12","361","461","0"
"elasticsearch","7037670aeb3625a26ac76c4737012a04dee16aeb","core/src/test/java/org/elasticsearch/search/aggregations/bucket/FiltersIT.java","15","0","2","12","362","462","1"
"BroadleafCommerce","73b572fb130796355d80fdc8d5007c0d5f3a84cd","common/src/main/java/org/broadleafcommerce/common/web/payment/controller/PaymentGatewayAbstractController.java","15","0","2","13","132","226","0"
"hazelcast","267657223110ee9fc436f5496e078547d29c6e4c","hazelcast/src/main/java/com/hazelcast/query/impl/IndexImpl.java","15","0","2","14","125","174","1"
"hazelcast","6145f09503713562a33899b578bea2bd96952922","hazelcast/src/main/java/com/hazelcast/query/impl/IndexImpl.java","15","0","2","14","126","176","3"
"hazelcast","7b80bf474c63253b71aade7ea9ecb7e76019bc14","hazelcast/src/main/java/com/hazelcast/query/impl/IndexImpl.java","15","0","2","14","126","176","3"
"hazelcast","8c8fc7ec51a485a1b6a208b87065f60da652d48c","hazelcast/src/main/java/com/hazelcast/query/impl/IndexImpl.java","15","0","2","14","126","176","3"
"hazelcast","9144e8128c3d271554f7230ee32e4d2e102fe811","hazelcast/src/main/java/com/hazelcast/query/impl/IndexImpl.java","15","0","2","14","126","176","0"
"elasticsearch","3ce7b119d28e7d1be7284bd804606a65c2d1a383","core/src/main/java/org/elasticsearch/index/mapper/SeqNoFieldMapper.java","15","0","2","14","217","299","1"
"elasticsearch","96f1739c0dafc067a289574296642219faca4673","core/src/main/java/org/elasticsearch/index/mapper/SeqNoFieldMapper.java","15","0","2","14","219","301","0"
"elasticsearch","65a5366cba354c908e1f3da351692cd298ddb1c7","core/src/test/java/org/elasticsearch/search/aggregations/bucket/FiltersIT.java","15","0","2","14","383","489","0"
"hazelcast","81bc4a0f5b40ee7fb094876de46b18cdb4d31749","hazelcast/src/test/java/com/hazelcast/map/impl/mapstore/MapLoaderTest.java","15","0","2","15","358","438","3"
"elasticsearch","eace0659314b76ab0d457d02fc34010f0fb85ae1","core/src/test/java/org/elasticsearch/bootstrap/JarHellTests.java","15","0","2","16","229","279","1"
"hazelcast","8fa74b927a750158890672090efe753bbb9097fe","hazelcast/src/main/java/com/hazelcast/map/impl/mapstore/writebehind/WriteBehindStore.java","15","0","2","17","160","276","0"
"elasticsearch","889db1c824d8c573835e8cbadd0c6f3ba25f8fcd","src/test/java/org/elasticsearch/cluster/ClusterServiceTests.java","15","0","2","17","616","771","1"
"hazelcast","7dbbb160510905f34bf9e4b450e7fee75d892702","hazelcast/src/test/java/com/hazelcast/executor/SingleNodeTest.java","15","0","2","18","264","346","2"
"hazelcast","563cd8b09d44e3bc84a4782c4d1bfeca3de13451","hazelcast/src/main/java/com/hazelcast/nio/tcp/AbstractSelectionHandler.java","15","0","2","2","113","161","1"
"hazelcast","126e14b751c60a2bc5522ebb6d487b0d64277821","hazelcast/src/main/java/com/hazelcast/nio/tcp/AbstractSelectionHandler.java","15","0","2","2","115","163","2"
"Android-Universal-Image-Loader","dcb5e7982e71f76bf5aac5830e18c713839ff478","library/src/com/nostra13/universalimageloader/core/display/RoundedBitmapDisplayer.java","15","0","2","2","123","173","2"
"orientdb","7a678522a2d83448543bc75d7360ac0857529727","core/src/main/java/com/orientechnologies/orient/core/sql/OCommandExecutorSQLAlterProperty.java","15","0","2","2","77","130","0"
"hazelcast","8a0ac7ed3fb417ee2b530233386b1321924c52e2","hazelcast-client-new/src/main/java/com/hazelcast/client/cache/impl/HazelcastClientCachingProvider.java","15","0","2","2","85","130","0"
"netty","30a293c74baec21c1f5688ba0a8e8cb34bf00869","transport-sctp/src/main/java/io/netty/channel/sctp/DefaultSctpServerChannelConfig.java","15","0","2","22","180","231","0"
"hazelcast","8f5ec57b6c8aceecb8210b5dd7ea1de2664f209f","hazelcast/src/test/java/com/hazelcast/map/impl/mapstore/MapLoaderTest.java","15","0","2","22","381","470","1"
"hazelcast","954be24d41e72fd6c83fc07b21a9cd7be696aeee","hazelcast/src/test/java/com/hazelcast/map/impl/mapstore/MapLoaderTest.java","15","0","2","22","382","471","0"
"hazelcast","b583f88f8f80ac2de344ace2aa3423f128cd037a","hazelcast/src/main/java/com/hazelcast/queue/QueueService.java","15","0","2","23","181","234","0"
"hazelcast","a699ad5c47f3cb379b7170bbd48d93cbc6fd7f21","hazelcast/src/test/java/com/hazelcast/map/ListenerTest.java","15","0","2","24","418","516","3"
"hazelcast","6437712f7741046955fc4afa5d6f48565655155e","hazelcast/src/main/java/com/hazelcast/map/impl/DefaultMapServiceContext.java","15","0","2","28","213","259","0"
"hazelcast","305ecd0cab00c33d16d84c0f7b2e830a77412712","hazelcast/src/main/java/com/hazelcast/map/impl/DefaultMapServiceContext.java","15","0","2","28","215","261","1"
"hazelcast","8e20fd580ec4e7de4938dc403d1a547e0b9a4001","hazelcast/src/main/java/com/hazelcast/map/impl/DefaultMapServiceContext.java","15","0","2","28","218","264","0"
"hazelcast","d1d95f0bff6758a328defba275d8f0472daef975","hazelcast-client-new/src/main/java/com/hazelcast/client/proxy/ClientQueueProxy.java","15","0","2","29","313","393","0"
"neo4j","65a7ca99e28d12d274a84ca1008be13611ca44ab","community/kernel/src/main/java/org/neo4j/kernel/NeoStoreDataSource.java","15","0","2","29","669","802","1"
"orientdb","a56ae91e7d9f772da4288542cee900793c24e5e1","core/src/main/java/com/orientechnologies/orient/core/sql/OCommandExecutorSQLAlterProperty.java","15","0","2","3","81","135","0"
"mcMMO","07cafd48663f25cf00939a8f97601ef298ceea45","src/main/java/com/gmail/nossr50/util/HardcoreManager.java","15","0","2","3","91","133","1"
"elasticsearch","371c73e14023917f3892090d2d3d7ff9ac1216b9","core/src/main/java/org/elasticsearch/index/query/SpanMultiTermQueryBuilder.java","15","0","2","4","118","163","3"
"elasticsearch","78574d248cf10dad1c5a566fda79e1e0c94afe43","core/src/main/java/org/elasticsearch/index/query/SpanMultiTermQueryBuilder.java","15","0","2","4","118","163","2"
"elasticsearch","e6aaaf11ed4a1b8f595f920de1840938eddb7a97","core/src/main/java/org/elasticsearch/index/query/SpanMultiTermQueryBuilder.java","15","0","2","4","118","163","2"
"elasticsearch","a60b8948ba1d836a6eac7cff095519e618939ed8","core/src/main/java/org/elasticsearch/index/query/SpanMultiTermQueryBuilder.java","15","0","2","4","118","163","0"
"BroadleafCommerce","da2519945a75e0d1ce1ebec8cda232073f474fc5","core/broadleaf-framework-web/src/main/java/org/broadleafcommerce/core/web/processor/GoogleAnalyticsProcessor.java","15","0","2","4","129","219","0"
"hazelcast","200b42ddac0f3e0c2a8225044985e7b3fd387718","hazelcast/src/main/java/com/hazelcast/util/ConcurrencyUtil.java","15","0","2","4","78","115","0"
"hazelcast","d9fb430ab0f78ed947e75675c4f4799b732a2c99","hazelcast/src/main/java/com/hazelcast/util/ConcurrencyUtil.java","15","0","2","4","79","114","0"
"BroadleafCommerce","082ec1011974dff9892bc33f90607bc7f2fa7aca","core/broadleaf-framework-web/src/main/java/org/broadleafcommerce/core/web/order/SessionOrderLockManager.java","15","0","2","4","94","142","0"
"BroadleafCommerce","c47428fb0783c065f81dbdf641f1155879791b33","core/broadleaf-framework-web/src/main/java/org/broadleafcommerce/core/web/order/SessionOrderLockManager.java","15","0","2","4","97","148","0"
"elasticsearch","534f487de3edd7b6a4ca6d6aed7bdbc5b0ae2b7a","src/main/java/org/elasticsearch/action/search/type/TransportSearchHelper.java","15","0","2","5","110","149","1"
"neo4j","b14f438bd8198fc3970a4332e7819af1cf65a7cb","community/kernel/src/main/java/org/neo4j/kernel/impl/api/index/IndexPopulationJob.java","15","0","2","5","227","300","0"
"neo4j","ccdd0e1dcb4122c0d9f8677122dd401f56b6b704","community/kernel/src/main/java/org/neo4j/kernel/impl/api/index/IndexPopulationJob.java","15","0","2","5","228","301","1"
"elasticsearch","6abcd42a05a0e2bc4eaf1add6a41ae7d48f840c2","core/src/test/java/org/elasticsearch/cluster/routing/DelayedAllocationServiceTests.java","15","0","2","5","381","510","0"
"elasticsearch","31b0777c911a87b7ebae0efd7d5b14d1e06f3879","core/src/test/java/org/elasticsearch/cluster/routing/DelayedAllocationServiceTests.java","15","0","2","5","382","511","0"
"elasticsearch","3f6a3c01dadb1951b597ffdbd068359a2fbc84c8","core/src/test/java/org/elasticsearch/cluster/routing/DelayedAllocationServiceTests.java","15","0","2","5","383","512","1"
"elasticsearch","c5a9427293e4bfca16c3dc7eb9af07e12eff7160","core/src/main/java/org/elasticsearch/index/query/QueryParseContext.java","15","0","2","5","88","130","0"
"elasticsearch","473be0137398f18d40660622fcfaf77756dd93eb","core/src/main/java/org/elasticsearch/search/highlight/HighlightPhase.java","15","0","2","5","97","142","1"
"elasticsearch","c306d8c5f5dc06614aa73cfdc75dcf953863f690","src/test/java/org/elasticsearch/search/geo/GeoDistanceTests.java","15","0","2","6","541","681","0"
"elasticsearch","7ab0e2c5321c802068d85c0fa3a0f44e0b02c5a4","core/src/test/java/org/elasticsearch/search/geo/GeoDistanceIT.java","15","0","2","6","590","732","1"
"elasticsearch","51d3fbf2960dfc37c09a1efd981b3189e0da20cf","core/src/main/java/org/elasticsearch/index/analysis/CharMatcher.java","15","0","2","7","104","138","2"
"titan","ee1d562528178614735f8e5526856dc1e407c97e","titan-core/src/main/java/com/thinkaurelius/titan/graphdb/database/serialize/kryo/KryoSerializer.java","15","0","2","7","142","189","0"
"elasticsearch","4b94eb5cb8cc4294ed0e932a5f22c16bd90d4dd7","core/src/main/java/org/elasticsearch/action/ThreadingModel.java","15","0","2","7","69","111","2"
"elasticsearch","860efb2ad28db09189c8423e05d0dba53010259c","core/src/main/java/org/elasticsearch/action/ThreadingModel.java","15","0","2","7","69","111","2"
"elasticsearch","d3417fb02291f26964d77767020ef345d18c148f","core/src/main/java/org/elasticsearch/action/ThreadingModel.java","15","0","2","7","69","111","0"
"orientdb","15dc8473b9b17f73e80f8ccef061559cff344379","server/src/test/java/com/orientechnologies/orient/server/handler/AutomaticBackupTest.java","15","0","2","8","204","323","0"
"neo4j","21dc057a8a68245281a22d7bdb8da5ae2103f057","enterprise/core-edge/src/main/java/org/neo4j/coreedge/raft/replication/session/GlobalSessionTrackerState.java","15","0","2","9","179","247","0"
"elasticsearch","b9c0d4447c92360d136761d34a50d9aa90caaed8","core/src/main/java/org/elasticsearch/action/bulk/BulkProcessor.java","15","0","21","2","197","361","1"
"elasticsearch","c47f24d4061f51c8e831d030443afa90d73f681c","core/src/main/java/org/elasticsearch/action/bulk/BulkProcessor.java","15","0","21","2","198","362","0"
"neo4j","ba802146bfb948f8ca4bc29d51b2626b9864a1a9","community/collections/src/main/java/org/neo4j/helpers/collection/MapUtil.java","15","0","22","9","257","481","0"
"elasticsearch","e88d54bf0aa467d718688eafc5252c1f2021347d","modules/lang-painless/src/main/java/org/elasticsearch/painless/LambdaBootstrap.java","15","0","3","0","244","489","0"
"netty","cd0b5ec2db593d45c96bd6b55b0024042534af04","codec/src/main/java/io/netty/handler/codec/LineBasedFrameDecoder.java","15","0","3","0","75","135","1"
"netty","6765e9f99db352a7f814e10d77338760432db155","transport/src/main/java/io/netty/channel/AdaptiveRecvByteBufAllocator.java","15","0","3","1","118","183","1"
"netty","f3dd4101425165496490f9c975ca2e556773c663","transport/src/main/java/io/netty/channel/AdaptiveRecvByteBufAllocator.java","15","0","3","1","119","184","0"
"hazelcast","8fb478edd7f05c3874592dfd54abd9bd62b8e5d3","hazelcast/src/main/java/com/hazelcast/spi/impl/operationservice/impl/CallIdSequence.java","15","0","3","1","142","267","1"
"elasticsearch","4986817c6d9401585b6931a84044b0815c60be3a","core/src/main/java/org/elasticsearch/action/support/AutoCreateIndex.java","15","0","3","1","74","111","2"
"elasticsearch","d094042b08bb99bffa1744bac1dd2df1da6a37ff","src/main/java/org/elasticsearch/index/query/GeohashFilter.java","15","0","3","10","128","205","1"
"titan","ed88d7286080492045efafb45a69fa4cb6eeb94d","src/main/java/com/thinkaurelius/titan/graphdb/transaction/StandardPersistTitanTx.java","15","0","3","12","137","189","0"
"titan","a1e70246868f0fc9e3e6e1bd454f2b0b13170c3b","src/main/java/com/thinkaurelius/titan/graphdb/transaction/StandardPersistTitanTx.java","15","0","3","12","138","190","1"
"titan","bc1e73742882df152df3fc4e41ab3a90754e1292","src/main/java/com/thinkaurelius/titan/graphdb/transaction/StandardPersistTitanTx.java","15","0","3","13","142","212","0"
"titan","dfa482899dc5f4461457b5999de97afb7c285895","src/main/java/com/thinkaurelius/titan/graphdb/transaction/StandardPersistTitanTx.java","15","0","3","13","146","216","0"
"hazelcast","43679fed253265f0556893aeb26fd392f7fb21e9","hazelcast/src/main/java/com/hazelcast/map/impl/mapstore/writebehind/WriteBehindStore.java","15","0","3","18","189","279","2"
"hazelcast","e17f18a539c0e66466edf9e2f862155c9ed0c86a","hazelcast/src/main/java/com/hazelcast/map/impl/mapstore/writebehind/WriteBehindStore.java","15","0","3","18","189","279","1"
"hazelcast","2287a062c4ef9424f265f1cdecc1bc0432454a42","hazelcast/src/main/java/com/hazelcast/map/impl/mapstore/writebehind/WriteBehindStore.java","15","0","3","18","189","279","0"
"elasticsearch","dc900a08a6c6f346656105fa0e2484ed186f8461","core/src/main/java/org/elasticsearch/index/query/IndexQueryParserService.java","15","0","3","18","229","297","0"
"hazelcast","98f19b737c7d3fd4a8ea33d30477012b0d164641","hazelcast/src/test/java/com/hazelcast/concurrent/lock/ConditionTest.java","15","0","3","19","297","364","0"
"netty","f90032933df8b27e8542fdeb40fb6381f2062563","handler/src/main/java/io/netty/handler/timeout/WriteTimeoutHandler.java","15","0","3","2","121","225","0"
"hazelcast","5aa3d889f7a030f75575ff8b4d874fe75a6df845","hazelcast-spring/src/main/java/com/hazelcast/spring/transaction/HazelcastTransactionManager.java","15","0","3","2","130","197","2"
"hazelcast","a23961641da88700aa81802d84a4388b155f8753","hazelcast-spring/src/main/java/com/hazelcast/spring/transaction/HazelcastTransactionManager.java","15","0","3","2","147","219","0"
"hazelcast","ac5f56d4b4ea497fab357f97d6245ebf043b52d2","hazelcast-spring/src/main/java/com/hazelcast/spring/transaction/HazelcastTransactionManager.java","15","0","3","2","147","219","0"
"hazelcast","ccbfb3fe4f981f5a73b2b381cfe404b417c74caa","hazelcast-spring/src/main/java/com/hazelcast/spring/transaction/HazelcastTransactionManager.java","15","0","3","2","147","219","1"
"hazelcast","337ada6c765ca1ff34f8d059805cbeb9b1999053","hazelcast/src/test/java/com/hazelcast/concurrent/lock/ConditionTest.java","15","0","3","20","318","389","0"
"hazelcast","c677863d432461a241ce041fb042b3a5bcb395c8","hazelcast/src/test/java/com/hazelcast/map/ListenerTest.java","15","0","3","25","450","561","2"
"hazelcast","9cbd981e8a86fc70d083f98c3eb2390d0bbdc369","hazelcast/src/test/java/com/hazelcast/map/ListenerTest.java","15","0","3","25","460","567","0"
"hazelcast","32f165cbc33d96609efab90bc4967278c975d0ef","hazelcast/src/test/java/com/hazelcast/map/ListenerTest.java","15","0","3","25","460","568","2"
"elasticsearch","c8ca015c0bd28caf4fd84862679afc63a9e7d2ac","core/src/main/java/org/elasticsearch/search/aggregations/pipeline/bucketmetrics/percentile/PercentilesBucketPipelineAggregationBuilder.java","15","0","3","4","113","167","0"
"elasticsearch","216c814a7f68a6d06003ffd428b863281bcba833","src/test/java/org/elasticsearch/test/rest/spec/RestApi.java","15","0","3","4","132","213","0"
"elasticsearch","254fb81708ee783f051e2777c80b4997aa77a2e0","src/test/java/org/elasticsearch/repositories/s3/S3SnapshotRestoreTest.java","15","0","3","4","160","217","1"
"netty","3843cfd7024691e84f2468c20e84bdf605e7558f","codec/src/main/java/io/netty/handler/codec/ByteToMessageDecoder.java","15","0","3","4","93","174","1"
"hazelcast","22c782cf4670330503dee123b73fa483726328a2","hazelcast/src/main/java/com/hazelcast/spi/impl/NodeEngineImpl.java","15","0","3","45","414","528","0"
"elasticsearch","371c73e14023917f3892090d2d3d7ff9ac1216b9","core/src/main/java/org/elasticsearch/index/fielddata/ScriptDocValues.java","15","0","3","56","277","377","3"
"elasticsearch","78574d248cf10dad1c5a566fda79e1e0c94afe43","core/src/main/java/org/elasticsearch/index/fielddata/ScriptDocValues.java","15","0","3","56","277","377","2"
"elasticsearch","e6aaaf11ed4a1b8f595f920de1840938eddb7a97","core/src/main/java/org/elasticsearch/index/fielddata/ScriptDocValues.java","15","0","3","56","277","377","2"
"elasticsearch","a60b8948ba1d836a6eac7cff095519e618939ed8","core/src/main/java/org/elasticsearch/index/fielddata/ScriptDocValues.java","15","0","3","56","277","377","0"
"elasticsearch","16ed2fb423fd387faa513cbed991a9fcb64bc572","core/src/main/java/org/elasticsearch/index/query/QueryParseContext.java","15","0","3","6","102","149","1"
"mcMMO","e1f6366a005fd37d1f443b72f79fda364fe0e037","src/main/java/com/gmail/nossr50/skills/smelting/SmeltingManager.java","15","0","3","6","83","126","0"
"mcMMO","df53e2fd4f5f92e3c8752f71a4a2eab16c28e2ff","src/main/java/com/gmail/nossr50/skills/smelting/SmeltingManager.java","15","0","3","6","83","126","0"
"mcMMO","4210920c5f30dec16b7b5e4e1ee2d07c2b352993","src/main/java/com/gmail/nossr50/skills/smelting/SmeltingManager.java","15","0","3","6","83","126","1"
"mcMMO","e99599c377e489b0216f66f8ac765f646bb85fdc","src/main/java/com/gmail/nossr50/skills/smelting/SmeltingManager.java","15","0","3","6","84","128","0"
"BroadleafCommerce","940346020ff2460526225ea12450666cb059b70b","common/src/main/java/org/broadleafcommerce/common/util/StringUtil.java","15","0","3","6","95","157","0"
"mcMMO","f4b6d7845e3c84e3c5c1378ca74583dd205a89d2","src/main/java/com/gmail/nossr50/skills/smelting/SmeltingManager.java","15","0","3","8","114","167","1"
"titan","ee1d562528178614735f8e5526856dc1e407c97e","titan-core/src/main/java/com/thinkaurelius/titan/diskstorage/configuration/backend/KCVSConfiguration.java","15","0","3","9","202","257","0"
"titan","8e76984347ad0cc94af1cde0ecb9b018e79d526c","titan-core/src/main/java/com/thinkaurelius/titan/diskstorage/configuration/backend/KCVSConfiguration.java","15","0","3","9","204","259","0"
"mcMMO","4fb4d6fc0ca3bec316bba16c0ac3d8af7be5df79","src/main/java/com/gmail/nossr50/util/Misc.java","15","0","3","9","82","130","1"
"elasticsearch","0a69f1e283e26e5d9e6a000b68b9f4778de557a1","core/src/main/java/org/elasticsearch/index/IndexSettings.java","15","0","31","0","248","454","2"
"netty","105f952f5de0d276e5b7c69057fbe16f369e3dc7","codec-http/src/main/java/io/netty/handler/codec/http/websocketx/WebSocketClientHandshaker08.java","15","0","4","0","110","222","0"
"netty","9125060752f5124949e55a6868647c75f88cdb01","handler/src/main/java/io/netty/handler/ssl/util/FingerprintTrustManagerFactory.java","15","0","4","0","124","208","0"
"netty","1767814a466f9fc6a51c87a84bd73d93eb0ca1d7","handler/src/main/java/io/netty/handler/ssl/util/FingerprintTrustManagerFactory.java","15","0","4","0","126","218","1"
"Android-Universal-Image-Loader","9df7c425ff1c75c7cf57e6f9ca585f60887e4c51","library/src/com/nostra13/universalimageloader/utils/StorageUtils.java","15","0","4","0","66","123","1"
"Android-Universal-Image-Loader","dcb5e7982e71f76bf5aac5830e18c713839ff478","library/src/com/nostra13/universalimageloader/utils/StorageUtils.java","15","0","4","0","66","123","2"
"Android-Universal-Image-Loader","56f4df896682733c9979b348e46ba77494851304","library/src/com/nostra13/universalimageloader/utils/StorageUtils.java","15","0","4","0","66","123","1"
"Android-Universal-Image-Loader","d4184857c88ef8db7d36393084853ee6af661065","library/src/com/nostra13/universalimageloader/utils/StorageUtils.java","15","0","4","0","66","123","0"
"Android-Universal-Image-Loader","e509d54325b6bd5e6492006d2b287dd19d16a379","library/src/com/nostra13/universalimageloader/utils/StorageUtils.java","15","0","4","0","67","124","1"
"Android-Universal-Image-Loader","38df1bf182a3f6e51b73a7e0135b23b870bc2086","library/src/com/nostra13/universalimageloader/utils/StorageUtils.java","15","0","4","0","68","127","0"
"netty","c44f365ee7784dd3af2ecec73ed18b8f6239f674","codec-http/src/main/java/io/netty/handler/codec/http/websocketx/WebSocketClientHandshaker08.java","15","0","4","0","90","195","0"
"netty","af4b71a00e30faf86ef1c2365e965e8f04f65bee","codec-http/src/main/java/io/netty/handler/codec/http/HttpObjectAggregator.java","15","0","4","1","117","210","0"
"netty","ca5554dfe7707d2cce712d1165a648129e0a9c84","codec-http/src/main/java/io/netty/handler/codec/http/HttpObjectAggregator.java","15","0","4","1","117","210","0"
"netty","4a5dc3222488db44b0174297f20b83195601cb8d","codec-http/src/main/java/io/netty/handler/codec/http/HttpObjectAggregator.java","15","0","4","1","117","210","1"
"netty","6a9d055f578bc85eb7780dcc5484aa11e9da50f6","codec-http/src/main/java/io/netty/handler/codec/http/HttpObjectAggregator.java","15","0","4","1","119","213","1"
"netty","cd0b5ec2db593d45c96bd6b55b0024042534af04","codec-http/src/main/java/io/netty/handler/codec/http/HttpObjectAggregator.java","15","0","4","1","119","213","1"
"netty","d9ac6638f4853180a2e46cd504b6483b7381ea87","codec-http/src/main/java/io/netty/handler/codec/http/HttpObjectAggregator.java","15","0","4","1","119","213","0"
"hazelcast","baf42d6be2a1e6fa0a9532d61cc2b4e56c48f110","hazelcast/src/main/java/com/hazelcast/spi/impl/operationservice/impl/CallIdSequence.java","15","0","4","11","136","245","1"
"hazelcast","b160352ca4a1035afbf9def0c927ec2570b95466","hazelcast/src/main/java/com/hazelcast/spi/impl/operationservice/impl/CallIdSequence.java","15","0","4","11","138","246","0"
"hazelcast","c4456524a55b9ea1f9d41d4dd8b14495d6419970","hazelcast-client/src/test/java/com/hazelcast/client/ClientIssueTest.java","15","0","4","12","319","452","1"
"orientdb","56f9bf3a10535e331c512f9852b1779bbc1d38b0","core/src/main/java/com/orientechnologies/orient/core/index/OPropertyIndexDefinition.java","15","0","4","13","145","220","0"
"hazelcast","4ff41d5e88129371b07487f98f6e0678de97ce05","hazelcast-client/src/test/java/com/hazelcast/client/ClientIssueTest.java","15","0","4","13","362","506","0"
"hazelcast","31820d92e469159b8152a223f32a3981d4724469","hazelcast/src/test/java/com/hazelcast/map/ListenerTest.java","15","0","4","27","509","636","2"
"hazelcast","931b9fb601ee425dffc36907ec4747307a5b89ba","hazelcast/src/test/java/com/hazelcast/map/ListenerTest.java","15","0","4","27","510","637","1"
"hazelcast","0da2a04eaab1daf7ee512f8b079a4eef0c81751a","hazelcast/src/test/java/com/hazelcast/map/ListenerTest.java","15","0","4","28","543","673","1"
"hazelcast","56026b9c99ece2ca2746ed3c8c5df1da88a050a8","hazelcast/src/test/java/com/hazelcast/map/ListenerTest.java","15","0","4","28","545","681","0"
"hazelcast","2c5a20e99039142cf4293982bbd5b53f958e6fb9","hazelcast/src/test/java/com/hazelcast/map/ListenerTest.java","15","0","4","28","560","696","0"
"elasticsearch","371c73e14023917f3892090d2d3d7ff9ac1216b9","core/src/main/java/org/elasticsearch/index/query/SpanFirstQueryBuilder.java","15","0","4","3","118","175","3"
"elasticsearch","78574d248cf10dad1c5a566fda79e1e0c94afe43","core/src/main/java/org/elasticsearch/index/query/SpanFirstQueryBuilder.java","15","0","4","3","118","175","2"
"elasticsearch","e6aaaf11ed4a1b8f595f920de1840938eddb7a97","core/src/main/java/org/elasticsearch/index/query/SpanFirstQueryBuilder.java","15","0","4","3","118","175","2"
"elasticsearch","a60b8948ba1d836a6eac7cff095519e618939ed8","core/src/main/java/org/elasticsearch/index/query/SpanFirstQueryBuilder.java","15","0","4","3","118","175","0"
"mcMMO","939344816e71e6f68d2f4b2d8396168df4087d51","src/main/java/com/gmail/nossr50/Database.java","15","0","4","3","176","212","1"
"mcMMO","b5e4bebd75eed917e58338bd5cf9d7af826cc802","src/main/java/com/gmail/nossr50/Database.java","15","0","4","3","176","213","0"
"titan","ed88d7286080492045efafb45a69fa4cb6eeb94d","src/main/java/com/thinkaurelius/titan/graphdb/relations/LabeledTitanEdge.java","15","0","4","31","199","281","0"
"titan","a1e70246868f0fc9e3e6e1bd454f2b0b13170c3b","src/main/java/com/thinkaurelius/titan/graphdb/relations/LabeledTitanEdge.java","15","0","4","31","200","282","1"
"netty","075a54af3e607c20eeaf7809a2a08602abd5d735","transport-native-epoll/src/main/java/io/netty/channel/epoll/Native.java","15","0","4","35","190","254","0"
"netty","eb1d9da76c3938dba74c01dd18ccffca8a778931","transport-native-epoll/src/main/java/io/netty/channel/epoll/Native.java","15","0","4","36","187","258","1"
"hazelcast","789fec3a6e311f2b7e0375c14c84bee28393ab89","hazelcast/src/test/java/com/hazelcast/map/ListenerTest.java","15","0","4","39","644","803","1"
"elasticsearch","8bd54dbf5a7e9b87ed874a0f4f699eb7e1419d36","core/src/main/java/org/elasticsearch/index/shard/TranslogRecoveryPerformer.java","15","0","4","4","128","191","0"
"elasticsearch","768bfb7d1dbcffb4ddcc9bc029dfd7c2e0a59932","core/src/test/java/org/elasticsearch/index/mapper/FieldTypeTestCase.java","15","0","4","6","290","355","0"
"netty","8271c8afccf7eb21bf6f994b5f3565f6d55bdee4","codec-dns/src/main/java/io/netty/handler/codec/dns/DnsClass.java","15","0","4","6","90","147","0"
"elasticsearch","dc900a08a6c6f346656105fa0e2484ed186f8461","core/src/main/java/org/elasticsearch/rest/action/support/RestActions.java","15","0","4","7","117","169","0"
"hazelcast","57535284ee668e1e195cbd884184b6bb8d3641ff","hazelcast-client/src/test/java/com/hazelcast/client/ClientIssueTest.java","15","0","4","8","251","365","0"
"hazelcast","324c12ca123c52820e6a271c2095649a57a9844f","hazelcast-client/src/test/java/com/hazelcast/client/listeners/AbstractListenersOnReconnectTest.java","15","0","5","12","346","469","2"
"hazelcast","11e77aa8ef9f1ba50a9ba8cc015da897bca676f4","hazelcast-client/src/test/java/com/hazelcast/client/listeners/AbstractListenersOnReconnectTest.java","15","0","5","12","349","475","2"
"elasticsearch","371c73e14023917f3892090d2d3d7ff9ac1216b9","core/src/main/java/org/elasticsearch/index/query/SpanContainingQueryBuilder.java","15","0","5","2","120","175","3"
"elasticsearch","78574d248cf10dad1c5a566fda79e1e0c94afe43","core/src/main/java/org/elasticsearch/index/query/SpanContainingQueryBuilder.java","15","0","5","2","120","175","2"
"elasticsearch","e6aaaf11ed4a1b8f595f920de1840938eddb7a97","core/src/main/java/org/elasticsearch/index/query/SpanContainingQueryBuilder.java","15","0","5","2","120","175","2"
"elasticsearch","a60b8948ba1d836a6eac7cff095519e618939ed8","core/src/main/java/org/elasticsearch/index/query/SpanContainingQueryBuilder.java","15","0","5","2","120","175","0"
"netty","7049d8debb74c05a542233f5b28b1655b07da306","codec-http/src/main/java/io/netty/handler/codec/spdy/SpdyFrameCodec.java","15","0","5","24","305","411","0"
"Android-Universal-Image-Loader","7f105dc6725d3156a1d9b712f00a5b32b3915beb","library/src/com/nostra13/universalimageloader/cache/memory/impl/LruMemoryCache.java","15","0","5","3","92","145","0"
"Android-Universal-Image-Loader","8f36a417b17224753bc47581e80ddaab04bfece1","library/src/com/nostra13/universalimageloader/cache/memory/impl/LruMemoryCache.java","15","0","5","3","94","147","0"
"elasticsearch","1f04182b8164ffb19f3805c48d67f0375262b317","core/src/main/java/org/elasticsearch/monitor/process/ProcessProbe.java","15","0","5","4","114","175","0"
"elasticsearch","3aed047bdedde1bda189cbfc2f81e65af42e57c5","core/src/main/java/org/elasticsearch/index/query/functionscore/RandomScoreFunctionBuilder.java","15","0","5","5","123","186","0"
"BroadleafCommerce","793ba6f34b97b01cf4d776b90c06ae3629558475","admin/broadleaf-contentmanagement-module/src/main/java/org/broadleafcommerce/cms/structure/domain/StructuredContentItemCriteriaImpl.java","15","0","5","7","121","178","1"
"BroadleafCommerce","0c21b421c1d9c38444c820eea84cad34979e3b37","admin/broadleaf-contentmanagement-module/src/main/java/org/broadleafcommerce/cms/structure/domain/StructuredContentItemCriteriaImpl.java","15","0","5","7","127","187","0"
"BroadleafCommerce","beb23ce063b9f0f91520b023d0eee1fd1a2113ba","admin/broadleaf-contentmanagement-module/src/main/java/org/broadleafcommerce/cms/structure/domain/StructuredContentItemCriteriaImpl.java","15","0","5","7","129","189","1"
"elasticsearch","26bc940101437885cf6ae14590f5d8e777edb1d7","src/main/java/org/elasticsearch/index/query/SimpleQueryParser.java","15","0","5","9","112","170","0"
"elasticsearch","82eb5d299a37754eef8623e7e759cbbf32d029f1","core/src/test/java/org/elasticsearch/plugins/PluginManagerIT.java","15","0","6","19","584","756","0"
"elasticsearch","0e52e3420e7222e46dfb15b79f0c4615a14ca0d3","core/src/main/java/org/elasticsearch/cluster/routing/RecoverySource.java","15","0","6","21","162","251","0"
"hazelcast","6877ba723a85d969dc6b200777f3cca5c2e8b73b","hazelcast/src/test/java/com/hazelcast/map/ListenerTest.java","15","0","6","37","645","800","1"
"hazelcast","eceed1624d45c027c7067fe5d98bdd24be221fe0","hazelcast/src/test/java/com/hazelcast/map/ListenerTest.java","15","0","6","38","660","817","0"
"BroadleafCommerce","481115a3a7c7d2e329c840d48b79c157dedec369","admin/broadleaf-open-admin-platform/src/main/java/org/broadleafcommerce/openadmin/web/form/entity/Field.java","15","0","6","67","277","395","1"
"hazelcast","d1abf041261dea8bb0dbb4a3541ef479f384b5a8","hazelcast/src/main/java/com/hazelcast/nio/Packet.java","15","0","6","9","120","191","1"
"hazelcast","dd4e704e34aa84246e65037fca5bc0cca4797bdf","hazelcast/src/main/java/com/hazelcast/nio/Packet.java","15","0","6","9","121","192","0"
"BroadleafCommerce","6297222359c8c4729ac01faaf7a4d0fcad0d33d5","common/src/main/java/org/broadleafcommerce/common/web/BroadleafThymeleafViewResolver.java","15","0","7","0","105","220","1"
"BroadleafCommerce","487bcf043cb12f9dc30eda0064e00026ffc017ee","common/src/main/java/org/broadleafcommerce/common/web/BroadleafThymeleafViewResolver.java","15","0","7","0","109","225","2"
"neo4j","9d9bb3a75547d4dbfb5fa45920c13b58b72559a8","enterprise/kernel/src/main/java/org/neo4j/kernel/enterprise/builtinprocs/EnterpriseBuiltInDbmsProcedures.java","15","0","7","19","393","488","2"
"BroadleafCommerce","7587ea8280fd056c32965696e03a22f015ccd9f5","common/src/main/java/org/broadleafcommerce/common/extension/ExtensionManager.java","15","0","7","3","96","189","1"
"elasticsearch","046abdc281c321cd2128ee7684c0edfcaca07203","core/src/main/java/org/elasticsearch/common/rounding/Rounding.java","15","0","7","36","209","321","3"
"elasticsearch","e7f9d685f1133710e7ec52eea064ea690823472b","core/src/main/java/org/elasticsearch/index/translog/TranslogWriter.java","15","0","7","5","235","338","0"
"elasticsearch","72d2ac13280cc8c9d52361aad9e2193cbf004708","src/main/java/org/elasticsearch/common/io/Channels.java","15","0","8","1","111","229","0"
"mcMMO","fb8592495d54013325bf73a1bee771ec242d9315","src/main/java/com/gmail/nossr50/datatypes/player/PlayerProfile.java","15","0","8","12","152","265","1"
"mcMMO","c10525ada9ed2c0b77c518089a300e3b4e32e7c1","src/main/java/com/gmail/nossr50/datatypes/player/PlayerProfile.java","15","0","8","16","172","290","0"
"elasticsearch","a6510f924520d8cdda2636ac85a1a1e43f6dfb8c","src/main/java/org/elasticsearch/env/Environment.java","15","0","8","6","131","217","0"
"BroadleafCommerce","750e5272c9fffbcc732a93bddc9d14eb036fd3ac","core/broadleaf-framework-web/src/main/java/org/broadleafcommerce/core/web/controller/cart/BroadleafCartController.java","15","0","9","2","131","297","2"
"elasticsearch","b1cef5fdf8e1f8e9982a4724986b2731ca4d522b","core/src/main/java/org/elasticsearch/search/aggregations/bucket/significant/SignificantTermsAggregationBuilder.java","15","0","9","9","179","261","1"
"elasticsearch","f3e578f9428ba91dd44aedc86e1fe23510fb7446","core/src/main/java/org/elasticsearch/search/aggregations/bucket/significant/SignificantTermsAggregationBuilder.java","15","0","9","9","179","261","1"
"elasticsearch","9944a594b10d5cfa34fcf2fa8ed45ca6d52345fe","core/src/main/java/org/elasticsearch/search/aggregations/bucket/significant/SignificantTermsAggregationBuilder.java","15","0","9","9","179","261","0"
"orientdb","e59621253ba0a7dd56137306db74a7a1ef5a2fd4","tests/src/test/java/com/orientechnologies/orient/test/database/auto/IndexTest.java","150","0","0","61","1419","1861","1"
"hazelcast","066cc1398d7272310e3cca9dabc0167ef4b85bc6","hazelcast-spring/src/main/java/com/hazelcast/spring/HazelcastConfigBeanDefinitionParser.java","150","0","1","0","788","904","0"
"BroadleafCommerce","487bcf043cb12f9dc30eda0064e00026ffc017ee","admin/broadleaf-open-admin-platform/src/main/java/org/broadleafcommerce/openadmin/server/service/persistence/module/BasicPersistenceModule.java","150","0","1","42","957","1083","3"
"netty","2a6ed67efc4ffb15647313b82e450a3951a6a3bd","handler/src/main/java/io/netty/handler/ssl/SslHandler.java","150","0","12","19","852","1264","1"
"hazelcast","e1b69c53ca4923affcd7722f012a80e32517e988","hazelcast/src/main/java/com/hazelcast/internal/partition/impl/MigrationManager.java","150","0","2","0","1050","1487","0"
"hazelcast","86b064ba3f1e467e74e95d6da24b03122065ce36","hazelcast/src/main/java/com/hazelcast/internal/partition/impl/MigrationManager.java","150","0","2","0","1051","1489","2"
"elasticsearch","75cedca0dab933bb6d1679fbddea2d09122d13c9","core/src/main/java/org/elasticsearch/search/SearchService.java","150","0","2","11","1089","1262","4"
"elasticsearch","4fea56ceadbbd042774a89dbdf94c16a4a33df4c","core/src/main/java/org/elasticsearch/search/SearchService.java","150","0","2","13","1087","1261","3"
"elasticsearch","6469f6ef0686496df69332ebd4354be291baa30f","src/main/java/org/elasticsearch/index/mapper/core/AbstractFieldMapper.java","150","0","3","77","801","973","1"
"elasticsearch","526b46402530817f63c4c70ed382fee34b8b7cf3","src/test/java/org/elasticsearch/test/ElasticsearchIntegrationTest.java","150","0","33","16","1174","1787","6"
"hazelcast","2f06638454ebfd6e5e4611e797d17309344d91a6","hazelcast/src/main/java/com/hazelcast/map/MapService.java","150","0","4","64","923","1064","0"
"hazelcast","c8b4bf0b31e09fb2c832fd6c2f63b99b30cbcdb2","hazelcast/src/main/java/com/hazelcast/map/MapService.java","150","0","4","64","923","1065","1"
"MapDB","3edd04f8985ca5af0a18f93b6bf4a48971982c13","src/main/java/org/mapdb/WriteAheadLog.java","150","0","6","24","734","1035","1"
"elasticsearch","80d6539e9c810f0ac7b73b0df26916e8fa6366fc","core/src/main/java/org/elasticsearch/transport/TcpTransport.java","150","0","6","32","1194","1591","0"
"elasticsearch","2ccc223ff761043807683f34b29c693af6c94d95","core/src/main/java/org/elasticsearch/transport/TcpTransport.java","150","0","6","32","1256","1657","0"
"orientdb","2ad391a42cfcf22c4cbb4739f65e88524a67c891","core/src/main/java/com/orientechnologies/orient/core/metadata/schema/OPropertyImpl.java","150","0","9","53","1128","1457","2"
"netty","39250873ae7c3d8c1017db11b1f715838f2688f3","transport/src/main/java/io/netty/channel/DefaultChannelHandlerContext.java","151","0","0","0","1040","1288","0"
"netty","9d42acbc2af596da834d84b75a0a9aef73f2ff0d","transport/src/main/java/io/netty/channel/DefaultChannelHandlerContext.java","151","0","0","0","1041","1289","0"
"ceylon-ide-eclipse","97d420e6d5ada27ad152faed1087eea555e7396c","plugins/com.redhat.ceylon.eclipse.ui/src/com/redhat/ceylon/eclipse/code/refactor/ExtractFunctionRefactoring.java","151","0","0","21","968","1031","0"
"hazelcast","bb93d685076a16d3cc1a8bc2a3336fe4ccf01a22","hazelcast/src/main/java/com/hazelcast/cluster/ClusterManager.java","151","0","0","40","827","936","1"
"orientdb","6d8d349e2271a156b13b4ad5fb39bcacceda0310","tests/src/test/java/com/orientechnologies/orient/test/database/auto/IndexTest.java","151","0","0","63","1592","2104","1"
"orientdb","6fe392e930815a53ad37d887149b79cd5aaa9d10","tests/src/test/java/com/orientechnologies/orient/test/database/auto/IndexTest.java","151","0","0","70","1696","2242","0"
"BroadleafCommerce","35fc9949359b047d4c18fbc6045f42d4143184a3","admin/broadleaf-open-admin-platform/src/main/java/org/broadleafcommerce/openadmin/server/service/persistence/module/BasicPersistenceModule.java","151","0","1","42","961","1088","2"
"BroadleafCommerce","46d66f8cd58af3693e041a38fd820808c7ea7ea2","admin/broadleaf-open-admin-platform/src/main/java/org/broadleafcommerce/openadmin/server/service/persistence/module/BasicPersistenceModule.java","151","0","1","43","972","1100","1"
"BroadleafCommerce","a29c634a477834d35509138de4acb2d5b3ddccdd","admin/broadleaf-open-admin-platform/src/main/java/org/broadleafcommerce/openadmin/server/service/persistence/module/BasicPersistenceModule.java","151","0","1","43","973","1101","3"
"BroadleafCommerce","13e1633525853b787be9d24c7efe4fbff2522817","admin/broadleaf-open-admin-platform/src/main/java/org/broadleafcommerce/openadmin/server/service/persistence/module/BasicPersistenceModule.java","151","0","1","44","972","1101","1"
"BroadleafCommerce","b432bff0906548997886f1884d0909e1e0b6e434","admin/broadleaf-open-admin-platform/src/main/java/org/broadleafcommerce/openadmin/server/service/persistence/module/BasicPersistenceModule.java","151","0","1","45","965","1105","3"
"BroadleafCommerce","ed6a63e4bf74b8b8876dc0f94d9d692b5645e5f9","admin/broadleaf-open-admin-platform/src/main/java/org/broadleafcommerce/openadmin/server/service/persistence/module/BasicPersistenceModule.java","151","0","1","45","966","1106","2"
"orientdb","6061b2a2b5d37ba6f30f9dfa91225ef3b3d718cc","core/src/main/java/com/orientechnologies/orient/core/fetch/OFetchHelper.java","151","0","1","6","459","570","1"
"orientdb","6fdc17421dd682b30aef282fdda3d7f0db88d754","core/src/main/java/com/orientechnologies/orient/core/fetch/OFetchHelper.java","151","0","1","6","461","572","0"
"orientdb","07efe87e25832b8bfd27f17c50619fd3821718fe","core/src/main/java/com/orientechnologies/orient/core/fetch/OFetchHelper.java","151","0","1","6","468","576","1"
"elasticsearch","0d5f3958e7d142a7e06437f6095cd55b98d830f3","core/src/main/java/org/elasticsearch/cluster/metadata/IndexNameExpressionResolver.java","151","0","13","2","691","943","0"
"netty","a74149e9848fef73d909dd56843e0fbab23f877d","buffer/src/test/java/io/netty/buffer/AbstractByteBufTest.java","151","0","3","102","1677","1993","0"
"netty","53fcff2eab7836bcf2be262e1fd12712117c4797","buffer/src/test/java/io/netty/buffer/AbstractByteBufTest.java","151","0","3","103","1684","2000","0"
"ceylon-ide-eclipse","5aa6b9dc623008cb05d536957f60339403dd0f4c","plugins/com.redhat.ceylon.eclipse.ui/src/com/redhat/ceylon/eclipse/code/editor/CeylonEditor.java","151","0","4","39","1736","2214","0"
"orientdb","a2f1c9220aaa0be07af6ef9d27ba4a1df70aae15","server/src/main/java/com/orientechnologies/orient/server/OServer.java","151","0","4","51","822","1111","1"
"orientdb","0e868f07cc1b57e059f5c0b6eb9f32f5475fce81","server/src/main/java/com/orientechnologies/orient/server/OServer.java","151","0","4","52","833","1123","0"
"orientdb","013e0c79c0b54feb82c91243b011bb623913e44b","core/src/main/java/com/orientechnologies/orient/core/storage/cache/local/twoq/O2QCache.java","151","0","6","14","1118","1606","0"
"mcMMO","b779258d695c19c416af8c4b27387d4fba165277","src/main/java/com/gmail/nossr50/util/skills/CombatUtils.java","151","0","7","1","425","603","0"
"elasticsearch","14010750704a897b26237892227b12df6ee3600d","src/main/java/org/elasticsearch/index/mapper/core/AbstractFieldMapper.java","151","0","7","78","918","1147","3"
"elasticsearch","2fc2c8284a88598d369c9e0ea8f84a609ecacd29","src/main/java/org/elasticsearch/index/mapper/core/AbstractFieldMapper.java","151","0","7","78","922","1151","1"
"netty","0c5fd38eb625482e99f57558987703d4a67260d7","transport/src/main/java/io/netty/channel/DefaultChannelHandlerContext.java","152","0","0","0","1043","1289","1"
"elasticsearch","4eddaec8ba0f2f8c3806a6eaf1702c509fb4c915","modules/elasticsearch/src/main/java/org/elasticsearch/index/engine/robin/RobinEngine.java","152","0","1","19","863","1064","0"
"elasticsearch","046abdc281c321cd2128ee7684c0edfcaca07203","core/src/main/java/org/elasticsearch/index/engine/InternalEngine.java","152","0","1","21","989","1232","3"
"elasticsearch","22e63b478306fb3cab6ba8967db6e1f2b73cdfd8","core/src/main/java/org/elasticsearch/index/engine/InternalEngine.java","152","0","1","21","989","1232","2"
"elasticsearch","1d03a1409cea5fa0d133fb36eb7f7d88abb733d1","core/src/main/java/org/elasticsearch/index/engine/InternalEngine.java","152","0","1","21","989","1232","0"
"elasticsearch","2172e604197a2740150b2db9f5139486f4d0a9fd","core/src/main/java/org/elasticsearch/transport/netty/NettyTransport.java","152","0","1","23","1112","1340","1"
"elasticsearch","9ee08dbb0b247afb881431df0c313024eb768747","core/src/main/java/org/elasticsearch/transport/netty/NettyTransport.java","152","0","1","23","1112","1340","1"
"elasticsearch","c09103c35bfe512f8dd83752451dda2893ed7e8e","core/src/main/java/org/elasticsearch/transport/netty/NettyTransport.java","152","0","1","23","1112","1340","0"
"elasticsearch","5337686d8d39568f94b0b976bd9098af69214302","core/src/main/java/org/elasticsearch/transport/netty/NettyTransport.java","152","0","1","23","1114","1343","0"
"BroadleafCommerce","796baebbf2b86e221c6ff6ee3ceb7537b4a17ed0","admin/broadleaf-open-admin-platform/src/main/java/org/broadleafcommerce/openadmin/server/service/persistence/module/BasicPersistenceModule.java","152","0","1","45","967","1107","1"
"orientdb","325aa148a9081e5d2997170b4b5e16d815a5fbad","core/src/main/java/com/orientechnologies/orient/core/fetch/OFetchHelper.java","152","0","1","6","471","580","0"
"orientdb","76ffdc9fe1e541460329297a955e8494c36be8f5","server/src/main/java/com/orientechnologies/orient/server/distributed/ODistributedStorage.java","152","0","1","81","1005","1362","1"
"mcMMO","cdfb0da5c9b19120520070912f005c586a1b4d7b","src/main/java/com/gmail/nossr50/config/AdvancedConfig.java","152","0","16","81","568","805","1"
"mcMMO","f65adea2f9e3d84c3451affe8ee58a64044b5482","src/main/java/com/gmail/nossr50/config/AdvancedConfig.java","152","0","16","82","569","806","0"
"hazelcast","6d6ea45a37214e4c4050a9960e72834a9b00df07","hazelcast/src/main/java/com/hazelcast/internal/partition/impl/MigrationManager.java","152","0","2","0","1062","1501","0"
"BroadleafCommerce","ddfd299b3bb401101f1e7be2df799835f6a4964d","admin/broadleaf-open-admin-platform/src/main/java/org/broadleafcommerce/openadmin/dto/BasicFieldMetadata.java","152","0","2","113","706","864","1"
"elasticsearch","da122905285e433b65bc6b0d3e00320a54160586","core/src/main/java/org/elasticsearch/index/shard/IndexShard.java","152","0","28","60","1192","1564","3"
"netty","68b616728a08b78f3af77f288f103c1cb0ba2c9c","buffer/src/test/java/io/netty/buffer/AbstractByteBufTest.java","152","0","3","104","1697","2017","0"
"netty","f3dd4101425165496490f9c975ca2e556773c663","transport-native-epoll/src/main/java/io/netty/channel/epoll/AbstractEpollStreamChannel.java","152","0","4","11","985","1312","0"
"elasticsearch","99262e26a08f39f7ae98b407fc2934c9fec4fc91","core/src/main/java/org/elasticsearch/transport/TcpTransport.java","152","0","6","32","1254","1659","1"
"elasticsearch","1325681a03e2b10f564660181012036fb3ffeeb5","core/src/main/java/org/elasticsearch/transport/TcpTransport.java","152","0","6","32","1260","1662","0"
"mcMMO","d3ec976f44305e36d59ff14ae38adaf1c0c31856","src/main/java/com/gmail/nossr50/util/skills/CombatUtils.java","152","0","7","1","422","601","1"
"elasticsearch","3daf460acb3ac91b1d558477afbde397d01be576","src/main/java/org/elasticsearch/index/mapper/core/AbstractFieldMapper.java","152","0","7","79","909","1124","1"
"elasticsearch","f6d8b12796a1724cb3c323ccaf17e964af880ee5","src/main/java/org/elasticsearch/index/mapper/core/AbstractFieldMapper.java","152","0","7","79","911","1125","0"
"orientdb","1b0f490c28a9778a74703a4adde48f7066667140","core/src/main/java/com/orientechnologies/orient/core/metadata/schema/OPropertyImpl.java","152","0","9","53","1133","1461","1"
"elasticsearch","668dac722a4f80911dfb02f6cb6ef73f1b0f42e1","core/src/main/java/org/elasticsearch/index/engine/InternalEngine.java","153","0","1","21","1000","1251","1"
"BroadleafCommerce","7a805f944c63c6d87dff5e8d0c36ef9fcd1c9cd2","admin/broadleaf-open-admin-platform/src/main/java/org/broadleafcommerce/openadmin/server/service/persistence/module/BasicPersistenceModule.java","153","0","1","45","970","1110","1"
"netty","3aaf7cf82bb9443e4a5a60f5cea8dc7da0f49762","buffer/src/main/java/io/netty/buffer/DefaultCompositeByteBuf.java","153","0","1","57","1062","1267","1"
"elasticsearch","4cb21d02a467582fbb9abb51f6720404d1f920c1","src/test/java/org/elasticsearch/index/store/StoreTest.java","153","0","2","23","1109","1271","0"
"elasticsearch","461ce98ff5849be5ac436b06bc8f00aace365e78","core/src/main/java/org/elasticsearch/index/shard/IndexShard.java","153","0","28","60","1203","1575","2"
"elasticsearch","75cedca0dab933bb6d1679fbddea2d09122d13c9","core/src/main/java/org/elasticsearch/index/shard/IndexShard.java","153","0","29","61","1217","1595","3"
"elasticsearch","4fea56ceadbbd042774a89dbdf94c16a4a33df4c","core/src/main/java/org/elasticsearch/index/shard/IndexShard.java","153","0","29","62","1219","1598","2"
"elasticsearch","5341404f014fbfd0c0b67c61546df38625d9b4ad","core/src/main/java/org/elasticsearch/index/shard/IndexShard.java","153","0","29","64","1238","1622","1"
"orientdb","4ff84b859e3d13248b65486721dda2a5fd268722","core/src/main/java/com/orientechnologies/orient/core/storage/impl/local/paginated/OPaginatedCluster.java","153","0","3","46","1778","2172","0"
"orientdb","cb2277a57d1cdf28dde1631fb9bec3a7eac0572c","core/src/main/java/com/orientechnologies/orient/core/storage/impl/local/paginated/OPaginatedCluster.java","153","0","3","46","1779","2173","1"
"elasticsearch","b05f5ebee8df6e2cf83f7646253976867a0ff7ca","src/test/java/org/elasticsearch/test/ElasticsearchIntegrationTest.java","153","0","39","15","1246","1895","4"
"elasticsearch","186c16ea41406b284bce896ab23771a93e93e7ec","core/src/main/java/org/elasticsearch/transport/TcpTransport.java","153","0","6","32","1272","1705","0"
"orientdb","4412e3667cfb04b079945523373ee4ab3f34b524","core/src/main/java/com/orientechnologies/orient/core/metadata/schema/OPropertyImpl.java","153","0","9","53","1138","1466","0"
"elasticsearch","3f805d68cb9047e8cd77654561dd0f5e5bba5379","core/src/main/java/org/elasticsearch/index/mapper/DocumentParser.java","154","0","0","0","722","910","2"
"elasticsearch","c3a5e4fa4849171080fc6e5a093ee65263088e03","core/src/main/java/org/elasticsearch/index/mapper/DocumentParser.java","154","0","0","0","742","922","1"
"elasticsearch","97559c0614d900a682d01afc241615cf5627fb4c","src/main/java/org/elasticsearch/index/engine/InternalEngine.java","154","0","1","15","898","1141","0"
"elasticsearch","a596459ed6580883e83922abffd6651705ff0c1e","src/main/java/org/elasticsearch/index/engine/InternalEngine.java","154","0","1","15","898","1142","2"
"elasticsearch","4decc72da6abc426b97789ad149b31eef9aad583","core/src/main/java/org/elasticsearch/index/engine/InternalEngine.java","154","0","1","19","939","1172","0"
"elasticsearch","3d13c27fa0df12018f35f1b20987c90277e9b6f9","core/src/main/java/org/elasticsearch/index/engine/InternalEngine.java","154","0","1","19","948","1179","1"
"elasticsearch","52c283cdeed8c7cc1974d010348f1b240e069131","core/src/main/java/org/elasticsearch/index/engine/InternalEngine.java","154","0","1","19","948","1179","1"
"elasticsearch","2bd09c4625898d77aa6c015c6f82cf973ed18cb7","core/src/main/java/org/elasticsearch/index/engine/InternalEngine.java","154","0","1","19","948","1179","0"
"elasticsearch","dc25939b7c72b81bbfb7cc51700cadde32380ba6","src/main/java/org/elasticsearch/index/mapper/object/ObjectMapper.java","154","0","1","35","724","916","1"
"elasticsearch","4b94eb5cb8cc4294ed0e932a5f22c16bd90d4dd7","core/src/main/java/org/apache/lucene/queryparser/classic/MapperQueryParser.java","154","0","1","4","700","789","2"
"elasticsearch","860efb2ad28db09189c8423e05d0dba53010259c","core/src/main/java/org/apache/lucene/queryparser/classic/MapperQueryParser.java","154","0","1","4","700","789","2"
"elasticsearch","d3417fb02291f26964d77767020ef345d18c148f","core/src/main/java/org/apache/lucene/queryparser/classic/MapperQueryParser.java","154","0","1","4","700","789","0"
"elasticsearch","203f8433c20ff8a383557ed9a7f801cb26bb3aa1","core/src/main/java/org/apache/lucene/queryparser/classic/MapperQueryParser.java","154","0","1","4","714","809","3"
"netty","5dbb799a92de7f5f7dc3814aafd4778bea8b1214","buffer/src/main/java/io/netty/buffer/DefaultCompositeByteBuf.java","154","0","1","57","1066","1272","1"
"orientdb","11dfa2968d648a5f1d092e60392c240655ea8a42","core/src/main/java/com/orientechnologies/orient/core/fetch/OFetchHelper.java","154","0","1","6","476","589","1"
"orientdb","50bb0365603295268745639338630da96d9c93fc","server/src/main/java/com/orientechnologies/orient/server/distributed/ODistributedStorage.java","154","0","1","81","1006","1365","1"
"elasticsearch","085f9e032b536c02efb225625313326f2f382286","core/src/main/java/org/elasticsearch/index/shard/IndexShard.java","154","0","28","63","1219","1598","3"
"elasticsearch","5380322947552f8b73cd8eab3e645b001abd8ba1","core/src/main/java/org/elasticsearch/index/shard/IndexShard.java","154","0","28","63","1223","1602","1"
"elasticsearch","b4064ce43fc43fecc2b63c63c0d27d52f4656f16","core/src/main/java/org/elasticsearch/index/shard/IndexShard.java","154","0","35","58","1258","1736","0"
"elasticsearch","046abdc281c321cd2128ee7684c0edfcaca07203","core/src/main/java/org/elasticsearch/index/shard/IndexShard.java","154","0","35","58","1259","1737","3"
"elasticsearch","261e21a386975063a7838df5acbce4cb464ed58a","src/test/java/org/elasticsearch/test/ElasticsearchIntegrationTest.java","154","0","39","15","1249","1898","4"
"mcMMO","7110e6ec3dfd4ff7dab4c89bc162b11bdc56c7e8","src/main/java/com/gmail/nossr50/skills/utilities/CombatTools.java","154","0","5","1","450","617","1"
"netty","e59ac8e79b14aaf5ac9899234d0aa8b82a4e00ce","transport/src/main/java/io/netty/channel/DefaultChannelHandlerContext.java","155","0","0","0","1043","1292","0"
"elasticsearch","2bd09c4625898d77aa6c015c6f82cf973ed18cb7","core/src/main/java/org/elasticsearch/index/mapper/DocumentParser.java","155","0","0","0","659","801","2"
"elasticsearch","6f95261632d1c7a8d028073904d29186d086c90a","core/src/main/java/org/elasticsearch/index/mapper/DocumentParser.java","155","0","0","0","734","916","3"
"elasticsearch","371c73e14023917f3892090d2d3d7ff9ac1216b9","core/src/main/java/org/elasticsearch/index/mapper/DocumentParser.java","155","0","0","0","742","923","4"
"elasticsearch","a60b8948ba1d836a6eac7cff095519e618939ed8","core/src/main/java/org/elasticsearch/index/mapper/DocumentParser.java","155","0","0","0","743","924","1"
"ceylon-ide-eclipse","eee38435a3b6296ee5ee63a52549becafa23b7fc","plugins/com.redhat.ceylon.eclipse.ui/src/com/redhat/ceylon/eclipse/code/editor/CeylonSourceViewer.java","155","0","0","12","861","1017","0"
"mcMMO","939344816e71e6f68d2f4b2d8396168df4087d51","src/main/java/com/gmail/nossr50/skills/Skills.java","155","0","0","21","410","477","1"
"mcMMO","b5e4bebd75eed917e58338bd5cf9d7af826cc802","src/main/java/com/gmail/nossr50/skills/Skills.java","155","0","0","21","411","478","0"
"orientdb","cb0b1a14f33d0d5dd904373261cf81529834207a","tests/src/test/java/com/orientechnologies/orient/test/database/auto/IndexTest.java","155","0","0","60","1407","1840","0"
"ceylon-ide-eclipse","bc7e36b599ddb26e3fa56e733201615c3b8b34f0","plugins/com.redhat.ceylon.eclipse.ui/src/com/redhat/ceylon/eclipse/util/JavaSearch.java","155","0","1","15","638","699","0"
"elasticsearch","0f1c779d2c2aa3ddc482cb813f82f8e230729822","src/main/java/org/elasticsearch/index/engine/InternalEngine.java","155","0","1","15","888","1123","2"
"elasticsearch","702b2abd1ba59f8541c9209405f15f679d65f401","src/main/java/org/elasticsearch/index/engine/InternalEngine.java","155","0","1","15","889","1124","3"
"elasticsearch","b4300da8165694ca9dcfb35fa7c2b9d34793326a","core/src/main/java/org/elasticsearch/index/engine/InternalEngine.java","155","0","1","19","950","1181","0"
"elasticsearch","01ca81e2a37c9cd38c6dc44ae567d427c059dbe0","src/main/java/org/elasticsearch/indices/cluster/IndicesClusterStateService.java","155","0","1","2","744","915","2"
"orientdb","67b44e38d6982f4b915b71290548d72dbd5aaa00","core/src/main/java/com/orientechnologies/orient/core/storage/impl/local/paginated/wal/ODiskWriteAheadLog.java","155","0","1","27","1010","1302","1"
"orientdb","2b3921001bb678f6a552275f3232e7c5db1f72c4","core/src/main/java/com/orientechnologies/orient/core/fetch/OFetchHelper.java","155","0","1","6","479","592","0"
"netty","486de44680c6b266e013183226976c6081f41535","handler/src/main/java/io/netty/handler/ssl/SslHandler.java","155","0","12","19","871","1318","1"
"orientdb","87b48cd3ce88fba7ca0ad843421460e00b2c4405","core/src/main/java/com/orientechnologies/common/collection/OMultiValue.java","155","0","12","8","482","713","2"
"netty","1dc1831abfb4a8f818e34f5c6781b1a96a60456f","handler/src/main/java/io/netty/handler/ssl/SslHandler.java","155","0","14","19","897","1378","1"
"BroadleafCommerce","4c0a8b2c4bddabc4e97467c8022161826c630c8c","admin/broadleaf-open-admin-platform/src/main/java/org/broadleafcommerce/openadmin/dto/BasicFieldMetadata.java","155","0","2","115","718","878","0"
"ceylon-ide-eclipse","7cbebf39ce2227b0f3163d0b4b37ca527fdc2543","plugins/com.redhat.ceylon.eclipse.ui/src/com/redhat/ceylon/eclipse/core/debug/hover/CeylonDebugHover.java","155","0","2","9","750","919","1"
"orientdb","2228c1302483104febb0712814a9865ae5b48cb4","core/src/main/java/com/orientechnologies/orient/core/storage/impl/local/paginated/OPaginatedCluster.java","155","0","3","46","1738","2135","1"
"elasticsearch","371c73e14023917f3892090d2d3d7ff9ac1216b9","core/src/main/java/org/elasticsearch/index/shard/IndexShard.java","155","0","33","59","1247","1696","4"
"elasticsearch","b82e2c7083c7aae6b22d9103bb7133d63be3a39e","src/test/java/org/elasticsearch/test/ElasticsearchIntegrationTest.java","155","0","35","16","1208","1836","6"
"elasticsearch","41d8fbe8f51abd499c9b497238bc5f2141b7926b","core/src/test/java/org/elasticsearch/test/ESIntegTestCase.java","155","0","42","15","1297","1977","1"
"MapDB","6896a1242a44daea82469998288de452a3c34934","src/main/java/org/mapdb/DB.java","155","0","63","54","1252","1903","2"
"MapDB","b71e79ee91e9afca37167ebb60dc0b064612b7f8","src/main/java/org/mapdb/DB.java","155","0","63","54","1260","1911","1"
"MapDB","b71e79ee91e9afca37167ebb60dc0b064612b7f8","src/main/java/org/mapdb/DB.java","155","0","63","54","1260","1911","1"
"MapDB","74434e7989604ecb9b7d129d34d1fe626af012d5","src/main/java/org/mapdb/DB.java","155","0","63","54","1260","1911","0"
"elasticsearch","6952f7b5606504666ccac3edb68f43d04d3ebd44","core/src/main/java/org/elasticsearch/transport/TcpTransport.java","155","0","8","33","1334","1770","1"
"elasticsearch","af06231d4cb00d730b2689f628255634ef42fc83","core/src/main/java/org/elasticsearch/transport/TcpTransport.java","155","0","8","33","1334","1771","0"
"orientdb","4c53f0667f84eb6d3babd7f88c1f982fbd5c32e4","core/src/main/java/com/orientechnologies/orient/core/metadata/schema/OSchemaShared.java","155","0","9","46","964","1289","0"
"elasticsearch","009fa6465744c2f7026fac851fbee6e53d5000be","core/src/main/java/org/elasticsearch/index/mapper/DocumentParser.java","156","0","0","0","651","776","4"
"elasticsearch","80cca9e7ad562a547ab899ede4ca8921e81346ca","core/src/main/java/org/elasticsearch/index/mapper/DocumentParser.java","156","0","0","0","653","778","3"
"elasticsearch","cb2ed50aeba7bced8666880e6bd6825d94a742f1","core/src/main/java/org/elasticsearch/index/mapper/DocumentParser.java","156","0","0","0","691","849","3"
"elasticsearch","ab168996b6b5ec4b9567242664bd9f4d9b23e8f1","core/src/main/java/org/elasticsearch/index/mapper/DocumentParser.java","156","0","0","0","728","915","1"
"elasticsearch","243a788289ab552b1c881109f30372eddba41738","core/src/main/java/org/elasticsearch/index/mapper/DocumentParser.java","156","0","0","0","740","922","1"
"elasticsearch","38bee27b112b62cfd227a86eb330a0349958f190","core/src/main/java/org/elasticsearch/index/mapper/DocumentParser.java","156","0","0","0","748","933","2"
"hazelcast","2570c8d0a3f044a52db63e4aa607ed58fbb2e915","hazelcast/src/main/java/com/hazelcast/map/proxy/MapProxySupport.java","156","0","0","0","958","1070","3"
"orientdb","63031a7bca10be3fecd487a71c360d1ab0a57888","tests/src/test/java/com/orientechnologies/orient/test/database/auto/IndexTest.java","156","0","0","60","1409","1844","1"
"orientdb","fe908a5f0ac2bbe16a32f7b73a05b6471afc7ee4","tests/src/test/java/com/orientechnologies/orient/test/database/auto/IndexTest.java","156","0","0","61","1428","1871","0"
"ceylon-ide-eclipse","5dac9b1152c3033fe4463aa849aa916c86925804","plugins/com.redhat.ceylon.eclipse.ui/src/com/redhat/ceylon/eclipse/util/JavaSearch.java","156","0","1","15","646","707","1"
"elasticsearch","24d8c74a527379faba8070fc160ebc1450e947f6","src/main/java/org/elasticsearch/index/engine/InternalEngine.java","156","0","1","15","899","1137","2"
"elasticsearch","fd3b01d81079840f1c0ddef50d1d726624f8e55b","src/main/java/org/elasticsearch/indices/cluster/IndicesClusterStateService.java","156","0","1","2","737","915","0"
"elasticsearch","cc65a94fd4daaac1a6586350bda309a29a511f7e","core/src/main/java/org/apache/lucene/queryparser/classic/MapperQueryParser.java","156","0","1","4","716","811","1"
"elasticsearch","4a49f4d928d4dedbff0183890d23fa0e9b71b1dc","core/src/main/java/org/apache/lucene/queryparser/classic/MapperQueryParser.java","156","0","1","4","718","805","3"
"elasticsearch","5278cf0d5e1afa6cf6d0959e839c0ed2408908f8","core/src/main/java/org/apache/lucene/queryparser/classic/MapperQueryParser.java","156","0","1","4","720","805","2"
"hazelcast","3c4b5bff6e2c990f79804b534cdf95b633e70b53","hazelcast/src/main/java/com/hazelcast/map/MapService.java","156","0","1","57","860","985","0"
"hazelcast","c494719e00328b0351cf8b8b6a504d4148a0e49e","hazelcast/src/main/java/com/hazelcast/map/MapService.java","156","0","1","57","860","985","0"
"hazelcast","e92dcb6824f242ac8bcb72623ccd13f982955632","hazelcast/src/main/java/com/hazelcast/map/MapService.java","156","0","1","57","860","985","0"
"hazelcast","6089fd2a02f5a274f0bd303d51105069b1bb7e3c","hazelcast/src/main/java/com/hazelcast/map/MapService.java","156","0","1","57","860","985","1"
"hazelcast","39091ff574efe84ae6a3d772a1b7cfce80f4f2e0","hazelcast/src/main/java/com/hazelcast/map/MapService.java","156","0","1","57","864","989","0"
"hazelcast","59c4822d4ad5dfac4cecd11231280baa33d4aa35","hazelcast/src/main/java/com/hazelcast/map/MapService.java","156","0","1","57","869","996","1"
"orientdb","d33ac73135bf14707a593d188497c23c05e6dcc7","core/src/main/java/com/orientechnologies/common/collection/OMultiValue.java","156","0","12","8","484","716","2"
"netty","82b617dfe9d28b6361006e6e9943fc83248aa7dd","handler/src/main/java/io/netty/handler/ssl/SslHandler.java","156","0","15","19","932","1500","1"
"netty","f585806a746cf78c4d07b9efd1ba45e761215384","handler/src/main/java/io/netty/handler/ssl/SslHandler.java","156","0","15","19","935","1501","0"
"elasticsearch","25a9a7ee3a3a2ff2b1ba72bd480ef34869520354","core/src/main/java/org/elasticsearch/repositories/blobstore/BlobStoreRepository.java","156","0","2","17","1132","1593","1"
"elasticsearch","06851b7224a32db122d58529fd2a111d8f5507e1","core/src/test/java/org/elasticsearch/index/translog/TranslogTests.java","156","0","2","39","1362","1594","1"
"hazelcast","628a219cc0428ad068cb76a43b781c7773d85db9","hazelcast/src/main/java/com/hazelcast/map/MapService.java","156","0","2","56","861","988","0"
"BroadleafCommerce","dbd58b9d1efd79a6183c776a8532b06177e8d529","admin/broadleaf-open-admin-platform/src/main/java/org/broadleafcommerce/openadmin/dto/BasicFieldMetadata.java","156","0","3","112","708","871","2"
"elasticsearch","10dcfa33049890c42f79e38a241597dfba429808","core/src/main/java/org/elasticsearch/index/shard/IndexShard.java","156","0","35","59","1299","1813","1"
"elasticsearch","817d55cf938f028823a330d3291df845894ec126","core/src/main/java/org/elasticsearch/index/shard/IndexShard.java","156","0","35","59","1303","1817","0"
"elasticsearch","6dc03ecb10328353e682f5991537af46e80b1fe2","core/src/main/java/org/elasticsearch/index/shard/IndexShard.java","156","0","35","59","1304","1818","2"
"elasticsearch","1ae8d6123fac354a2f43926bee10cd23c9718aa8","core/src/main/java/org/elasticsearch/index/shard/IndexShard.java","156","0","35","59","1309","1819","1"
"orientdb","65f086eb452cac1fc83cfac710303c5b020d0697","core/src/main/java/com/orientechnologies/orient/core/storage/cache/local/twoq/O2QCache.java","156","0","6","15","1147","1657","1"
"orientdb","deb33febd5c1e0b590bcbfaaf4de44cc86b278f8","core/src/main/java/com/orientechnologies/orient/core/storage/cache/local/twoq/O2QCache.java","156","0","6","15","1149","1659","2"
"elasticsearch","74751759572b5609ff26084e2de098325d5ca64f","modules/lang-painless/src/main/java/org/elasticsearch/painless/Definition.java","156","0","9","21","933","1197","1"
"elasticsearch","fac2d954e343fd413415e3ead75b93813b2908fc","modules/lang-painless/src/main/java/org/elasticsearch/painless/Definition.java","156","0","9","21","934","1198","0"
"orientdb","0b70de64058bac1e0690405fc03dec6de888ec0f","core/src/main/java/com/orientechnologies/orient/core/metadata/schema/OSchemaShared.java","156","0","9","40","914","1220","0"
"elasticsearch","8a587ead8972a7d68e1e3cab93e0b154913fe113","core/src/main/java/org/elasticsearch/index/mapper/DocumentParser.java","157","0","0","0","656","784","4"
"elasticsearch","efd59f531d20a23b21a9ef8fb9ef62553931094b","core/src/main/java/org/elasticsearch/index/mapper/DocumentParser.java","157","0","0","0","704","887","2"
"elasticsearch","9080f51340b1b26f8bd171b4c82de8d87ad42b55","core/src/main/java/org/elasticsearch/index/mapper/DocumentParser.java","157","0","0","0","707","890","2"
"netty","2adebc4c54ae98565db8e2a3c02b2ffaa0c101fe","buffer/src/main/java/io/netty/buffer/DefaultCompositeByteBuf.java","157","0","1","101","1270","1526","1"
"ceylon-ide-eclipse","0c44558b61a27bb2fc26821b5c005e3d88045feb","plugins/com.redhat.ceylon.eclipse.ui/src/com/redhat/ceylon/eclipse/util/JavaSearch.java","157","0","1","15","647","708","1"
"elasticsearch","34703a838d71c32e3bf944e95c09120dd443b075","core/src/main/java/org/elasticsearch/index/engine/InternalEngine.java","157","0","1","17","936","1166","0"
"BroadleafCommerce","2bf8781af0a4b27eec763c69552ab7b6e952af17","admin/broadleaf-open-admin-platform/src/main/java/org/broadleafcommerce/openadmin/web/service/FormBuilderServiceImpl.java","157","0","1","18","850","1132","12"
"elasticsearch","7bfb1dfcc136ec2d0290d006b63e112df9c90d7e","core/src/main/java/org/elasticsearch/index/engine/InternalEngine.java","157","0","1","19","953","1187","1"
"elasticsearch","87f6d6bc40fc6540c2aafba2b7119cb57b1c669f","src/main/java/org/elasticsearch/indices/cluster/IndicesClusterStateService.java","157","0","1","2","734","902","3"
"elasticsearch","59117125b4312f2534656d2510742227249366a5","src/main/java/org/elasticsearch/indices/cluster/IndicesClusterStateService.java","157","0","1","2","735","903","1"
"elasticsearch","24bc8d331eb28a686233573bdcaf9cadd9a6dc5b","src/main/java/org/elasticsearch/indices/cluster/IndicesClusterStateService.java","157","0","1","2","737","906","3"
"elasticsearch","c0aef4adc4ffaf791ed9a42864cc578b7dc50ffc","src/main/java/org/elasticsearch/indices/cluster/IndicesClusterStateService.java","157","0","1","2","761","932","3"
"elasticsearch","9b68e98ea24f08e2a21575750bd0240374512a13","src/main/java/org/elasticsearch/index/mapper/object/ObjectMapper.java","157","0","1","35","735","928","0"
"elasticsearch","d73a6663b7e773032b207f16fc9dd27883b9eadd","src/main/java/org/elasticsearch/index/mapper/object/ObjectMapper.java","157","0","1","35","735","928","0"
"elasticsearch","d16efbe47fb0fb48f7d266ba0a1bcf8590fd556e","src/main/java/org/elasticsearch/index/mapper/object/ObjectMapper.java","157","0","1","35","735","928","1"
"elasticsearch","82c678b5c72396c82ad81798f235cfd04e056a7b","core/src/main/java/org/apache/lucene/queryparser/classic/MapperQueryParser.java","157","0","1","4","718","825","1"
"elasticsearch","38009efedd9f75cc78cbb925a5dc0d10efb8713b","core/src/main/java/org/apache/lucene/queryparser/classic/MapperQueryParser.java","157","0","1","4","729","836","1"
"orientdb","aaa663966eba301666fc590160d168bbec1b7aeb","core/src/main/java/com/orientechnologies/common/collection/OMultiValue.java","157","0","13","8","491","733","1"
"netty","86020a2858de8c8cf31892a3bf1010d6f9defa4a","handler/src/main/java/io/netty/handler/ssl/SslHandler.java","157","0","15","19","989","1575","2"
"netty","9a4aa617f42578c87c6d500a627d90d844b6ef49","handler/src/main/java/io/netty/handler/ssl/SslHandler.java","157","0","15","19","991","1576","0"
"elasticsearch","0b4834f7da2486848cbdc3b1319954c4700aea89","core/src/main/java/org/elasticsearch/repositories/blobstore/BlobStoreRepository.java","157","0","2","17","1136","1595","2"
"elasticsearch","2fa1c9fff14adbdbbd373c5b39b553c55e3738f7","core/src/main/java/org/elasticsearch/repositories/blobstore/BlobStoreRepository.java","157","0","2","17","1136","1597","2"
"hazelcast","ffe9301db5174bd688cf5f986f7078484fa6cef7","hazelcast/src/main/java/com/hazelcast/map/MapService.java","157","0","2","55","860","986","0"
"hazelcast","ebc6f8c79327f0bbdda4f8338e37d9d74f75ff64","hazelcast/src/main/java/com/hazelcast/map/MapService.java","157","0","2","70","908","1061","1"
"ceylon-ide-eclipse","d7f1bbe6cfbbca82e03b6b9836de559d56f2b091","plugins/com.redhat.ceylon.eclipse.ui/src/com/redhat/ceylon/eclipse/core/debug/hover/CeylonDebugHover.java","157","0","2","9","754","923","0"
"ceylon-ide-eclipse","88d5fb0c61f4ed2015858c107369fe128bc04c15","plugins/com.redhat.ceylon.eclipse.ui/src/com/redhat/ceylon/eclipse/core/debug/hover/CeylonDebugHover.java","157","0","2","9","778","947","1"
"elasticsearch","a6510f924520d8cdda2636ac85a1a1e43f6dfb8c","src/main/java/org/elasticsearch/index/mapper/MapperService.java","157","0","23","32","882","1147","0"
"elasticsearch","d4de8dbcfed322aa37c7392a2da061c6d286894f","core/src/test/java/org/elasticsearch/index/translog/TranslogTests.java","157","0","3","39","1381","1617","0"
"elasticsearch","f6020a6ff29824757855348157933e5cd90b49ba","core/src/test/java/org/elasticsearch/index/translog/TranslogTests.java","157","0","3","39","1381","1617","0"
"elasticsearch","2f3de1719f3279f3a701258efd215e82f900fecc","core/src/test/java/org/elasticsearch/index/translog/TranslogTests.java","157","0","3","39","1381","1617","1"
"netty","0fffc844d6d4c8e196a8448a45e7ff542446f708","common/src/main/java/io/netty/util/internal/PlatformDependent.java","157","0","40","32","946","1368","0"
"elasticsearch","3354a816fca4b8ce5af622c848bcd5fd1161e3b7","core/src/test/java/org/elasticsearch/test/ESIntegTestCase.java","157","0","44","15","1314","2010","1"
"mcMMO","0a68b82078fd36bd6fc5d1251d22fc6f69db2970","src/main/java/com/gmail/nossr50/skills/utilities/CombatTools.java","157","0","7","1","438","615","0"
"hazelcast","cc17d0813373920e536bfb7e8e2d4fd4fec5f9f0","hazelcast/src/main/java/com/hazelcast/map/proxy/MapProxySupport.java","158","0","0","0","1003","1119","0"
"hazelcast","13489e8ddc13c6e409ab7606e86292a84561edcc","hazelcast/src/main/java/com/hazelcast/map/proxy/MapProxySupport.java","158","0","0","0","1005","1121","2"
"elasticsearch","8d83edc4a52e6643620630cf7a20175d88747771","core/src/main/java/org/elasticsearch/index/mapper/DocumentParser.java","158","0","0","0","739","928","0"
"hazelcast","60bfdcc3970902ca0db0a92df110fdcd6bb4ec99","hazelcast/src/main/java/com/hazelcast/map/proxy/MapProxySupport.java","158","0","0","0","998","1114","1"
"hazelcast","525c34cddd7f4e08d674611e177bab103e4d1881","hazelcast/src/main/java/com/hazelcast/impl/BaseManager.java","158","0","0","63","1190","1430","1"
"hazelcast","82fcc4c7c87097d1719bb56112aec0fafdb6bc0e","hazelcast/src/main/java/com/hazelcast/impl/BaseManager.java","158","0","0","63","1191","1431","0"
"BroadleafCommerce","f8414c2d77af3ce4f640100661aa1a4d150ba7c3","admin/broadleaf-open-admin-platform/src/main/java/org/broadleafcommerce/openadmin/web/service/FormBuilderServiceImpl.java","158","0","1","18","856","1138","11"
"elasticsearch","1bb0677df7a7d5d65e3e1a6b77bc4ef72580f7ac","src/main/java/org/elasticsearch/indices/cluster/IndicesClusterStateService.java","158","0","1","2","765","936","3"
"elasticsearch","0821fa23ffa00d449e9deacf15db0c3331bed360","core/src/main/java/org/apache/lucene/queryparser/classic/MapperQueryParser.java","158","0","1","4","730","841","0"
"netty","7494e84208d10c2ec8e940754d857215fb1cdbe8","handler/src/main/java/io/netty/handler/ssl/SslHandler.java","158","0","15","19","929","1493","1"
"netty","ae4e9ddc2d66f23c3cad6f8adeed72392aae67da","handler/src/main/java/io/netty/handler/ssl/SslHandler.java","158","0","15","19","937","1509","0"
"netty","be8b6c6f24e21eb8704720200b84a4a9c8b0ce9f","handler/src/main/java/io/netty/handler/ssl/SslHandler.java","158","0","15","19","943","1504","1"
"netty","39997814bfa3ea70d5f63a7c9bacdf34c962d823","handler/src/main/java/io/netty/handler/ssl/SslHandler.java","158","0","15","19","944","1515","0"
"elasticsearch","3cb307462dba82409bd549b3c25f581b03d69244","core/src/main/java/org/elasticsearch/repositories/blobstore/BlobStoreRepository.java","158","0","2","17","1135","1599","0"
"elasticsearch","fec1802e2f622c1a126c9adda28fa53f1b55529a","core/src/main/java/org/elasticsearch/repositories/blobstore/BlobStoreRepository.java","158","0","2","17","1138","1598","0"
"hazelcast","e56ed623e2f90ba7444669e38f971c3206d1c4a0","hazelcast/src/main/java/com/hazelcast/map/MapService.java","158","0","2","56","878","1004","1"
"hazelcast","6fa8fa0639e5b44d288480f8991b18a2b31c1c8f","hazelcast/src/main/java/com/hazelcast/map/MapService.java","158","0","2","57","882","1013","1"
"hazelcast","f37c562ba960a9badc4dcae6fa0ee3e4e98d82a6","hazelcast/src/main/java/com/hazelcast/map/MapService.java","158","0","2","57","884","1015","0"
"elasticsearch","d8f16178d3f21b4f9d17da12e7aa61613fc2c27a","src/main/java/org/elasticsearch/index/mapper/MapperService.java","158","0","23","32","882","1146","1"
"elasticsearch","a60b8948ba1d836a6eac7cff095519e618939ed8","core/src/main/java/org/elasticsearch/index/shard/IndexShard.java","158","0","39","61","1295","1785","1"
"elasticsearch","ff5ad39c7a5f8ea21d3ff86d3ce50668602d7a74","core/src/test/java/org/elasticsearch/test/ESIntegTestCase.java","158","0","44","15","1322","2010","0"
"mcMMO","8312570825311e5291da8e0bdd8c84f07278cd6d","src/main/java/com/gmail/nossr50/skills/utilities/CombatTools.java","158","0","5","1","451","618","0"
"orientdb","31025b47a1a2fd4a94b08cd2a82af0ab1187e0c9","core/src/main/java/com/orientechnologies/orient/core/storage/cache/local/twoq/O2QCache.java","158","0","6","22","1198","1682","2"
"elasticsearch","cf00acf5b048608e3d184cc5cc6876ef0af356fb","src/main/java/org/elasticsearch/cluster/metadata/MetaData.java","158","0","9","65","825","1047","1"
"hazelcast","1e5c8a91174e1f59f5005535e5cec680c24dc221","hazelcast/src/main/java/com/hazelcast/map/proxy/MapProxySupport.java","159","0","0","0","1013","1127","0"
"hazelcast","611c259e9ebda78599e133b576a4aeabbc4591a5","hazelcast/src/main/java/com/hazelcast/map/proxy/MapProxySupport.java","159","0","0","0","1098","1234","2"
"hazelcast","ec32ec387df87aa1b7b36daefbe87eebe38caba7","hazelcast/src/main/java/com/hazelcast/map/proxy/MapProxySupport.java","159","0","0","0","1104","1242","1"
"hazelcast","8f706352ccb43698b7a679ee9dd8e03d56d0540c","hazelcast/src/main/java/com/hazelcast/map/proxy/MapProxySupport.java","159","0","0","0","1105","1240","2"
"elasticsearch","327ceec12de6ccd11ea8fecb6369db15141e5099","core/src/main/java/org/elasticsearch/index/mapper/DocumentParser.java","159","0","0","0","660","789","5"
"elasticsearch","994dbf75783e1ff8d8023f6509dea0031a8a39c1","core/src/main/java/org/elasticsearch/index/mapper/DocumentParser.java","159","0","0","0","738","923","2"
"elasticsearch","b391425da17fe9af20ee7022e89877b3fe388048","core/src/main/java/org/elasticsearch/index/mapper/DocumentParser.java","159","0","0","0","747","942","1"
"hazelcast","cf0869f63f9dce2da4a009df2225fa00c5ea306d","hazelcast/src/main/java/com/hazelcast/impl/BaseManager.java","159","0","0","61","1200","1439","0"
"hazelcast","42c9a61addb6c6748816a69618d662f43f579189","hazelcast-spring/src/main/java/com/hazelcast/spring/HazelcastConfigBeanDefinitionParser.java","159","0","1","0","836","953","1"
"hazelcast","16b978ac4b9160247824f12b4a1a03bb4327ba20","hazelcast-spring/src/main/java/com/hazelcast/spring/HazelcastConfigBeanDefinitionParser.java","159","0","1","0","838","956","0"
"hazelcast","44660b284c2c5bb70babc10bc656819986acc21a","hazelcast-spring/src/main/java/com/hazelcast/spring/HazelcastConfigBeanDefinitionParser.java","159","0","1","0","838","956","0"
"hazelcast","3ae84d3ccc5773409c22068dce38cc5e5b6b37a6","hazelcast-spring/src/main/java/com/hazelcast/spring/HazelcastConfigBeanDefinitionParser.java","159","0","1","0","838","956","1"
"elasticsearch","012797a82c7ee448c12ae45b63e349b610494d6d","src/main/java/org/elasticsearch/index/mapper/object/ObjectMapper.java","159","0","1","35","732","925","1"
"elasticsearch","bbce6e85883ef812a80f5713e001f4ad1de47f22","src/main/java/org/elasticsearch/index/mapper/object/ObjectMapper.java","159","0","1","35","752","953","0"
"elasticsearch","2bd09c4625898d77aa6c015c6f82cf973ed18cb7","core/src/main/java/org/apache/lucene/queryparser/classic/MapperQueryParser.java","159","0","1","4","727","818","2"
"elasticsearch","edc09a7ac581976452ec2025940d9edfc5519940","core/src/main/java/org/apache/lucene/queryparser/classic/MapperQueryParser.java","159","0","1","4","728","820","3"
"elasticsearch","bd3717a0f85226818f85cf7c157f0a2b5807a404","core/src/main/java/org/elasticsearch/repositories/blobstore/BlobStoreRepository.java","159","0","2","17","1144","1607","2"
"elasticsearch","77c2f151d274a09ea8bc4a8c02ad32eb2804695f","core/src/test/java/org/elasticsearch/index/store/StoreTests.java","159","0","2","25","1206","1382","2"
"hazelcast","4cebc06bc18af1e9b77f230a14b661be819d68fb","hazelcast/src/main/java/com/hazelcast/map/MapService.java","159","0","2","57","882","1020","2"
"hazelcast","588e49abb6b223faf1757b146e6731c3289a9475","hazelcast/src/main/java/com/hazelcast/map/MapService.java","159","0","2","70","905","1056","0"
"elasticsearch","526b46402530817f63c4c70ed382fee34b8b7cf3","src/main/java/org/elasticsearch/index/mapper/MapperService.java","159","0","23","33","889","1155","0"
"orientdb","6a3b53733871af25028c4c5f4fb0baa8412b8139","core/src/main/java/com/orientechnologies/orient/core/storage/impl/local/paginated/OPaginatedCluster.java","159","0","3","46","1751","2150","0"
"orientdb","9bdd162585b56e86b180227805d33351ec66fcfa","core/src/main/java/com/orientechnologies/orient/core/storage/impl/local/paginated/OPaginatedCluster.java","159","0","3","46","1755","2154","1"
"netty","e6ca9882a107c34cf6358c8d7a68561025f06016","common/src/main/java/io/netty/util/AsciiString.java","159","0","30","16","679","1046","2"
"elasticsearch","164efaecbe42195f08ada58b5fde927ab21fc6e7","core/src/test/java/org/elasticsearch/test/ESIntegTestCase.java","159","0","44","15","1311","2003","0"
"MapDB","fdd3a9c868ae1dc9a90f83ccd3d7d7e36b337682","src/main/java/org/mapdb/DB.java","159","0","59","43","1127","1636","0"
"orientdb","91675adf3edc69606e1c7c570694b25b53e6d7bc","core/src/main/java/com/orientechnologies/orient/core/storage/cache/local/twoq/O2QCache.java","159","0","6","14","1143","1641","0"
"orientdb","3d720c30754dee873a0ea4e0fa6d430c96fa33b7","core/src/main/java/com/orientechnologies/orient/core/storage/cache/local/twoq/O2QCache.java","159","0","6","22","1205","1691","1"
"orientdb","f1b98e1a3f5006526194c8f3a118fd0ff628a800","core/src/main/java/com/orientechnologies/orient/core/sql/parser/OrientSqlTokenManager.java","1597","0","8","0","3560","3591","0"
"hazelcast","58439dcfa60165cca74369e88a0bdef376125c08","hazelcast-wm/src/main/java/com/hazelcast/web/HazelcastInstanceLoader.java","16","0","0","0","103","132","3"
"hazelcast","21c679e8a1c8226ecb3d7597b48a6bbd2d011a52","hazelcast-wm/src/main/java/com/hazelcast/web/HazelcastInstanceLoader.java","16","0","0","0","104","139","1"
"hazelcast","5aa58b497cf248596c24b6e8ce3e05c35a87d498","hazelcast-wm/src/main/java/com/hazelcast/web/HazelcastInstanceLoader.java","16","0","0","0","104","139","2"
"hazelcast","a36ac6ede30616fc2b702bdd7d0d164df0888372","hazelcast-wm/src/main/java/com/hazelcast/web/HazelcastInstanceLoader.java","16","0","0","0","104","139","0"
"hazelcast","1b24dfd09e973a0a5ac02b1fd118a1acdf5987ba","hazelcast-wm/src/main/java/com/hazelcast/web/HazelcastInstanceLoader.java","16","0","0","0","104","140","0"
"ceylon-ide-eclipse","f8f523d866e80dda8275be6d18e3cbc6d34fa743","plugins/com.redhat.ceylon.eclipse.ui/src/com/redhat/ceylon/eclipse/code/complete/ParameterContextInformation.java","16","0","0","0","106","123","0"
"elasticsearch","02c98b11ab6f688d3095ae4ffcbad01179c60812","client/rest/src/main/java/org/elasticsearch/client/RequestLogger.java","16","0","0","0","107","155","0"
"netty","9d555b0b97618c8bdee03a7fa20b3c0f1e8321dc","transport/src/main/java/io/netty/channel/socket/oio/OioWorker.java","16","0","0","0","110","153","0"
"hazelcast","94adcc7514abab71a4ead864748a50df7437db76","hazelcast/src/main/java/com/hazelcast/spi/impl/operationservice/impl/InvocationFuture.java","16","0","0","0","110","161","1"
"oryx","481ec44fd6a5d511ef42eddf47334a725d3a540c","app/oryx-app-mllib/src/main/java/com/cloudera/oryx/app/batch/mllib/kmeans/SilhouetteCoefficient.java","16","0","0","0","111","162","0"
"elasticsearch","4040f194f528c76c88be70b119cf9d7d6fcea99b","core/src/main/java/org/elasticsearch/bootstrap/Security.java","16","0","0","0","113","191","0"
"elasticsearch","7adf9929bae22049d157676756b49597bca98426","core/src/main/java/org/elasticsearch/bootstrap/Security.java","16","0","0","0","114","192","1"
"hazelcast","d71eba94f722bf68abf6fe492b4d4f635b3c07c3","hazelcast/src/main/java/com/hazelcast/nio/SocketPacketReader.java","16","0","0","0","115","147","1"
"netty","2304913341ef3f239e5509a46921a5c65bbbe360","transport/src/main/java/io/netty/channel/local/LocalClientChannelSink.java","16","0","0","0","115","151","2"
"netty","ccf01d133a031f69346d1479e5eb29547d09afeb","transport/src/main/java/io/netty/channel/local/LocalClientChannelSink.java","16","0","0","0","115","151","1"
"netty","8579f09c594f69870115c019655c98cba5ad47ee","transport/src/main/java/io/netty/channel/local/LocalClientChannelSink.java","16","0","0","0","115","151","0"
"elasticsearch","bec07a7eb50c9f122c7b764a9c470362ad515882","core/src/main/java/org/elasticsearch/bootstrap/Security.java","16","0","0","0","115","194","1"
"neo4j","cca9e04725e7ae20ba97e57506c0a33d2bdf691c","enterprise/causal-clustering/src/main/java/org/neo4j/causalclustering/core/consensus/roles/Candidate.java","16","0","0","0","118","161","0"
"ceylon-ide-eclipse","c458c80fd1b0c8b927e1f653bbd3721454459db3","plugins/com.redhat.ceylon.eclipse.ui/src/com/redhat/ceylon/eclipse/core/builder/RootFolderScanner.java","16","0","0","0","119","142","1"
"hazelcast","b2e1658a6fe363d5776a145b00f564f7d6333343","hazelcast/src/main/java/com/hazelcast/spi/impl/operationservice/impl/BackpressureRegulator.java","16","0","0","0","121","218","1"
"hazelcast","e73e5bfd1f14d7899e364d20f14baa2171c29ee5","hazelcast/src/main/java/com/hazelcast/spi/impl/operationservice/impl/BackpressureRegulator.java","16","0","0","0","121","218","1"
"hazelcast","1b19f48fd94c4d1d735c16799001e1937fed4d54","hazelcast/src/main/java/com/hazelcast/spi/impl/operationservice/impl/BackpressureRegulator.java","16","0","0","0","121","218","0"
"hazelcast","e7c312280062991ae79e7194e151e12ea3aa2897","hazelcast/src/test/java/com/hazelcast/test/mocknetwork/MockJoiner.java","16","0","0","0","122","167","0"
"elasticsearch","371c73e14023917f3892090d2d3d7ff9ac1216b9","core/src/main/java/org/elasticsearch/index/shard/InternalIndexingStats.java","16","0","0","0","122","168","3"
"elasticsearch","78574d248cf10dad1c5a566fda79e1e0c94afe43","core/src/main/java/org/elasticsearch/index/shard/InternalIndexingStats.java","16","0","0","0","122","168","2"
"elasticsearch","e6aaaf11ed4a1b8f595f920de1840938eddb7a97","core/src/main/java/org/elasticsearch/index/shard/InternalIndexingStats.java","16","0","0","0","122","168","2"
"elasticsearch","a60b8948ba1d836a6eac7cff095519e618939ed8","core/src/main/java/org/elasticsearch/index/shard/InternalIndexingStats.java","16","0","0","0","122","168","0"
"elasticsearch","af119dfdd95667ea9d92de8e644448fbdc285b4f","src/main/java/org/elasticsearch/index/engine/internal/LiveVersionMap.java","16","0","0","0","131","247","0"
"ceylon-ide-eclipse","aa41d558346103e03516b1b4b743c6cf2fe27f64","plugins/com.redhat.ceylon.eclipse.ui/src/com/redhat/ceylon/eclipse/code/correct/CreateInNewUnitProposal.java","16","0","0","0","136","154","1"
"elasticsearch","5e6eb987bc08ff8c9bac427924e8611425a97aa7","core/src/main/java/org/elasticsearch/index/engine/LiveVersionMap.java","16","0","0","0","136","260","1"
"elasticsearch","5d6c9b0745aeb19695bf575601de0f79bbf02ec5","core/src/main/java/org/elasticsearch/index/engine/LiveVersionMap.java","16","0","0","0","141","271","0"
"netty","31b319a5dc531d8c02c400d312ab9e85e90e614b","src/main/java/org/jboss/netty/channel/socket/oio/OioDatagramChannel.java","16","0","0","0","144","193","1"
"hazelcast","c1bd7cec56c01177eaaa9a9c81c411e70652dd6b","hazelcast/src/main/java/com/hazelcast/spi/impl/operationservice/impl/OperationBackupHandler.java","16","0","0","0","147","214","1"
"netty","220d95fe0d396821f08329fffd96edc1b47c37c1","src/main/java/org/jboss/netty/channel/socket/oio/OioDatagramChannel.java","16","0","0","0","150","199","0"
"netty","f979c17b67aaf2d7b1184edd60b5bffe8093d9cd","buffer/src/main/java/io/netty/buffer/PooledByteBuf.java","16","0","0","0","151","199","0"
"netty","9a5f45a0c1fdeea3b277addccbb73657f38293c5","buffer/src/main/java/io/netty/buffer/PooledByteBuf.java","16","0","0","0","152","200","0"
"netty","67da6e4bf945f771607454dff40334990396ce7b","buffer/src/main/java/io/netty/buffer/PooledByteBuf.java","16","0","0","0","153","200","0"
"hazelcast","d2e4d8ac7c9f39474600d20b25c787d5157331e8","hazelcast/src/main/java/com/hazelcast/nio/serialization/SerializationContextImpl.java","16","0","0","0","154","195","2"
"hazelcast","a174b1733ce8bd5ce179650287fe0b9da5d7cc0c","hazelcast-client/src/main/java/com/hazelcast/client/cache/impl/AbstractClientCacheProxyBase.java","16","0","0","0","156","213","0"
"neo4j","f0b03e0d48342f7b76608313e94292a530d373e0","stresstests/src/test/java/org/neo4j/causalclustering/stresstests/CatchUpLoad.java","16","0","0","0","159","204","0"
"netty","fdfe3149ba3f68678fa7f73c574c7c61aa33fa2f","resolver-dns/src/main/java/io/netty/resolver/dns/DnsQueryContext.java","16","0","0","0","159","208","1"
"netty","5e649850898889a8d2f1e526db610a8fca19c1ff","resolver-dns/src/main/java/io/netty/resolver/dns/DnsQueryContext.java","16","0","0","0","165","217","1"
"netty","bf5960e9eb08396b7fdf17aad963f5e0c4dd1557","transport-rxtx/src/main/java/io/netty/channel/rxtx/DefaultRxtxChannelConfig.java","16","0","0","0","166","216","1"
"netty","804e058e27e16e346b565ce4490f6177574e267d","resolver-dns/src/main/java/io/netty/resolver/dns/DnsQueryContext.java","16","0","0","0","168","220","0"
"elasticsearch","cc67d027dea786516c3029c572421b2f6083a9e3","plugins/repository-s3/src/main/java/org/elasticsearch/repositories/s3/DefaultS3OutputStream.java","16","0","0","0","168","236","3"
"neo4j","7723d89e6d1d951e8923fb102da0228db2e4e8f9","enterprise/kernel/src/main/java/org/neo4j/kernel/impl/enterprise/PropertyExistenceEnforcer.java","16","0","0","0","173","220","2"
"neo4j","4f04ee08438d4e1c99095d9d8a9f2ec223af89a9","enterprise/kernel/src/main/java/org/neo4j/kernel/impl/enterprise/PropertyExistenceEnforcer.java","16","0","0","0","174","221","1"
"hazelcast","bb3ea0e107980d769862cdbda748cc91529d67b5","hazelcast-client-new/src/test/java/com/hazelcast/client/map/ClientMapUnboundReturnValuesTestSupport.java","16","0","0","0","190","338","1"
"hazelcast","00674fe8446b9bdfef4e7ff7fcf4816e21c177ac","hazelcast-hibernate/hazelcast-hibernate4/src/test/java/com/hazelcast/hibernate/HibernateStatisticsTestSupport.java","16","0","0","0","231","283","1"
"hazelcast","67da348c4284c0dfeb548ad8c3b83f64d745f710","hazelcast-hibernate/hazelcast-hibernate4/src/test/java/com/hazelcast/hibernate/HibernateStatisticsTestSupport.java","16","0","0","0","234","286","0"
"netty","19422972e3f6515bfc45b3a9950d627256fcabee","common/src/main/java/io/netty/util/internal/PlatformDependent0.java","16","0","0","0","259","335","0"
"netty","0d78c0508da9babeb6825a9d6335535e15cf716d","src/main/java/org/jboss/netty/channel/socket/nio/SocketSendBufferPool.java","16","0","0","0","262","351","0"
"netty","956a757d37c52d550aebdbfaf3d68863baa2a765","buffer/src/main/java/io/netty/buffer/PooledDirectByteBuf.java","16","0","0","0","306","372","0"
"netty","115d3576be47804aa985d1749e0cfa427d3714f9","buffer/src/main/java/io/netty/buffer/PooledDirectByteBuf.java","16","0","0","0","307","373","1"
"netty","53fcff2eab7836bcf2be262e1fd12712117c4797","buffer/src/main/java/io/netty/buffer/PooledDirectByteBuf.java","16","0","0","0","311","378","0"
"hazelcast","571ad15da23eaee59824f1b2f78bec5c2c506688","hazelcast-client/src/test/java/com/hazelcast/client/map/ClientMapStoreTest.java","16","0","0","0","322","400","0"
"hazelcast","22ed79c3aec621258c1fef4c5892ccdffe84be7f","hazelcast-client/src/test/java/com/hazelcast/client/map/ClientMapStoreTest.java","16","0","0","0","323","400","1"
"netty","88df53ec1a53912c2e34892247c8218c2fa01838","buffer/src/main/java/io/netty/buffer/UnpooledHeapByteBuf.java","16","0","0","0","343","435","0"
"netty","220e4e886f0e82f06140a225b5fe162998b9a44d","codec/src/main/java/io/netty/handler/codec/ReplayingDecoderBuffer.java","16","0","0","0","660","816","0"
"netty","2adebc4c54ae98565db8e2a3c02b2ffaa0c101fe","codec/src/main/java/io/netty/handler/codec/ReplayingDecoderBuffer.java","16","0","0","0","694","856","1"
"netty","81e2db10faaf0389f4e1af8c7132210946203157","codec/src/main/java/io/netty/handler/codec/ReplayingDecoderBuffer.java","16","0","0","0","712","878","0"
"hazelcast","147659349c401e075ac6683084de59c278877df6","hazelcast-client/src/main/java/com/hazelcast/client/cache/impl/HazelcastClientCachingProvider.java","16","0","0","0","87","124","1"
"hazelcast","8fb478edd7f05c3874592dfd54abd9bd62b8e5d3","hazelcast/src/main/java/com/hazelcast/internal/partition/impl/MigrationThread.java","16","0","0","0","88","127","1"
"hazelcast","70d4de16ff0ac4518d09aad8c9f2ad9e782fb337","hazelcast/src/test/java/com/hazelcast/cache/nearcache/NearCacheTestSupport.java","16","0","0","1","305","402","1"
"hazelcast","18f66f19746d93e016ddeea0d0f3028407017aef","hazelcast-wm/src/test/java/com/hazelcast/wm/test/TestServlet.java","16","0","0","1","59","92","1"
"hazelcast","723fd4c4de7a5b6814ce2a5bc7ee7eb387b9630b","hazelcast-wm/src/test/java/com/hazelcast/wm/test/TestServlet.java","16","0","0","1","61","92","2"
"hazelcast","e191e60debcb3d9dbbe80de51f9870946c441e64","hazelcast-wm/src/test/java/com/hazelcast/wm/test/TestServlet.java","16","0","0","1","61","92","1"
"hazelcast","b97e91fdb1ae20f2064c7fc49f2b24a6ac67f945","hazelcast-wm/src/test/java/com/hazelcast/wm/test/TestServlet.java","16","0","0","1","61","92","0"
"hazelcast","8c8fc7ec51a485a1b6a208b87065f60da652d48c","hazelcast-wm/src/test/java/com/hazelcast/wm/test/TestServlet.java","16","0","0","1","62","95","2"
"hazelcast","4d8bee1b7a2ed9fa47c15c53e979a6a26691b7fd","hazelcast/src/main/java/com/hazelcast/logging/Slf4jFactory.java","16","0","0","1","80","108","1"
"neo4j","ebaf8617fdfdd21fdac69e479d938a8966fb5156","community/security/src/main/java/org/neo4j/server/security/auth/AbstractUserRepository.java","16","0","0","10","150","212","1"
"neo4j","ba802146bfb948f8ca4bc29d51b2626b9864a1a9","community/security/src/main/java/org/neo4j/server/security/auth/AbstractUserRepository.java","16","0","0","10","152","216","0"
"hazelcast","2f70f48888d89c73b883a5c9bfb6aa1430727dcf","hazelcast-client/src/test/java/com/hazelcast/client/txn/ClientXATest.java","16","0","0","10","210","258","1"
"hazelcast","3c8fa06ab9436dba9d757ca218364772fd57241a","hazelcast/src/test/java/com/hazelcast/map/MapLockTest.java","16","0","0","10","224","272","0"
"hazelcast","6d369d242883cbaf2f6a79d17081745c7d45b51a","hazelcast/src/test/java/com/hazelcast/map/MapLockTest.java","16","0","0","10","224","272","0"
"hazelcast","d524ca54fc04c225160d4a4e4daf8f45bd3e8a3b","hazelcast/src/test/java/com/hazelcast/map/MapLockTest.java","16","0","0","10","224","272","0"
"hazelcast","cfd0e5e936b78a5621a16e43ffef9baeff1c94c7","hazelcast/src/test/java/com/hazelcast/map/MapLockTest.java","16","0","0","10","224","272","3"
"hazelcast","f4c4f6884c633287e7632d62481e06c9f0b762f5","hazelcast/src/main/java/com/hazelcast/internal/partition/impl/InternalPartitionImpl.java","16","0","0","11","165","221","1"
"hazelcast","cdc9b78260740d11f4a477658abb7b680c47f851","hazelcast/src/main/java/com/hazelcast/partition/impl/ReplicaSyncRequest.java","16","0","0","11","184","233","2"
"netty","2c4a7a253912458908d45dc653b52ff3a3aaab99","testsuite/src/main/java/io/netty/testsuite/transport/socket/SocketFileRegionTest.java","16","0","0","11","238","321","0"
"neo4j","e6404087822a6b648cb58a156f12f0f7ca248daf","community/kernel/src/test/java/org/neo4j/kernel/impl/store/kvstore/AbstractKeyValueStoreTest.java","16","0","0","11","511","640","1"
"BroadleafCommerce","15e70fe6b89d008dd88b5e98dbfc66a720db68bb","admin/broadleaf-open-admin-platform/src/main/java/org/broadleafcommerce/openadmin/audit/AdminAuditable.java","16","0","0","11","77","119","0"
"mcMMO","27ff545d465101e0e3815e26e203fa7bd5253ee2","src/main/java/com/gmail/nossr50/skills/alchemy/AlchemyManager.java","16","0","0","11","82","99","0"
"BroadleafCommerce","11b9bbc3f26a276b1394b183501971f50b0bc40a","core/broadleaf-framework/src/main/java/org/broadleafcommerce/core/search/domain/CategoryExcludedSearchFacetImpl.java","16","0","0","12","116","161","0"
"hazelcast","0a60df25f530116add78d3109773f0bf90f335ea","hazelcast/src/test/java/com/hazelcast/test/TestHazelcastInstanceFactory.java","16","0","0","12","154","196","1"
"hazelcast","5b8632553391543693d7a87c5d29cdea51293447","hazelcast/src/main/java/com/hazelcast/scheduledexecutor/impl/ScheduledFutureProxy.java","16","0","0","12","189","253","0"
"MapDB","a86151e6a26c06b7c00ec9d42a181cf0506b3eb3","src/test/java/org/mapdb/StoreWALTest.java","16","0","0","12","222","292","1"
"MapDB","0db6f55c4fd015a1b3a54c7163664d582a8a87d8","src/test/java/org/mapdb/StoreWALTest.java","16","0","0","12","226","294","1"
"MapDB","0ddada1d67318d1e9f1909def232521f06359891","src/test/java/org/mapdb/StoreWALTest.java","16","0","0","12","227","296","0"
"elasticsearch","01ca81e2a37c9cd38c6dc44ae567d427c059dbe0","src/test/java/org/elasticsearch/test/store/MockDirectoryHelper.java","16","0","0","13","135","176","0"
"hazelcast","bc850fbc95cd07c7f899f34997efd8af861bce66","hazelcast/src/main/java/com/hazelcast/client/AuthenticationRequest.java","16","0","0","13","135","177","0"
"elasticsearch","d84c643f5880a88d2e5c38b487123161f3e01fe0","plugins/mapper-size/src/main/java/org/elasticsearch/index/mapper/size/SizeFieldMapper.java","16","0","0","13","146","198","0"
"titan","e715670b304da165feafdf2a991772ae8ff46f25","titan-test/src/test/java/com/thinkaurelius/titan/graphdb/serializer/SerializerTest.java","16","0","0","13","173","205","1"
"elasticsearch","046abdc281c321cd2128ee7684c0edfcaca07203","core/src/main/java/org/elasticsearch/search/aggregations/bucket/histogram/AbstractHistogramBuilder.java","16","0","0","14","151","204","3"
"hazelcast","25b01fcf77453e86aae1ab547d991e4897112a1e","hazelcast/src/main/java/com/hazelcast/client/AuthenticationRequest.java","16","0","0","14","161","205","1"
"hazelcast","2604627e26a5a66c185ae6f7bc0518fefa14d0e1","hazelcast/src/main/java/com/hazelcast/client/AuthenticationRequest.java","16","0","0","14","161","205","1"
"hazelcast","5bfd121bd5e1b83c3ec4569582a05d7b72df26f3","hazelcast/src/main/java/com/hazelcast/client/AuthenticationRequest.java","16","0","0","14","161","205","1"
"hazelcast","843e12f8df4a5e6604acd3cff75c6cdd6280acc8","hazelcast/src/main/java/com/hazelcast/client/AuthenticationRequest.java","16","0","0","14","161","205","1"
"hazelcast","a3f7a66d43150739db3f44e4b76d77f11f960da7","hazelcast/src/main/java/com/hazelcast/client/AuthenticationRequest.java","16","0","0","14","161","205","2"
"hazelcast","d4b9ed8097a1308b48d24fa911314129e4e5e4b5","hazelcast/src/main/java/com/hazelcast/client/AuthenticationRequest.java","16","0","0","14","161","205","1"
"hazelcast","704d591b1123a99103cef3052012406491835bb1","hazelcast/src/main/java/com/hazelcast/client/AuthenticationRequest.java","16","0","0","14","161","205","0"
"elasticsearch","1441fec0687d9af1b3eb17a6cc7286bab495d01f","src/test/java/org/elasticsearch/test/engine/MockInternalEngine.java","16","0","0","14","170","223","2"
"elasticsearch","30d7b8de2fa043bdca3ca55026aa74f06d404a76","src/test/java/org/elasticsearch/test/engine/MockInternalEngine.java","16","0","0","14","173","226","0"
"hazelcast","2b9bb4fc17af10b2e6c19753155c0c0aeff8ce05","hazelcast-client-new/src/main/java/com/hazelcast/client/txn/ClientTransactionManager.java","16","0","0","14","181","224","0"
"hazelcast","b4f94a00cf1628aa0437ded2c556bae9608f74c6","hazelcast-client/src/main/java/com/hazelcast/client/txn/ClientTransactionManager.java","16","0","0","14","181","224","0"
"hazelcast","5fe534734d912f88bed5098f3b36f3e2872c8319","hazelcast-client-new/src/main/java/com/hazelcast/client/txn/ClientTransactionManager.java","16","0","0","14","181","224","1"
"hazelcast","ecaf2f2030c1f8fdeb99c5760cee0c12f54d42d3","hazelcast/src/test/java/com/hazelcast/cluster/AdvancedClusterStateTest.java","16","0","0","14","492","614","1"
"hazelcast","65baf9c896fb3d059cd62bd4d8ee2ce96771d43e","hazelcast/src/main/java/com/hazelcast/map/impl/MapStoreWrapper.java","16","0","0","14","98","138","2"
"hazelcast","3bd41d4e77467b40751fdee0f08207566c25b0cc","hazelcast/src/main/java/com/hazelcast/map/impl/MapStoreWrapper.java","16","0","0","14","99","139","2"
"netty","3d6d9f394d763aaed47fdd0c86023afebe3c5a9f","buffer/src/main/java/io/netty/buffer/EmptyByteBuf.java","16","0","0","149","681","858","1"
"orientdb","f0af5e5b2ec37ca3af558241002f038faff6c4e6","tests/src/test/java/com/orientechnologies/orient/test/database/auto/SecurityTest.java","16","0","0","15","223","298","1"
"hazelcast","f4c33973f2e5f804f6743683b11c8a43922bfc7e","hazelcast/src/test/java/com/hazelcast/internal/cluster/impl/MemberMapTest.java","16","0","0","15","225","293","1"
"titan","33a560db97bf3187ac45d1fe4fdf2e6b817bec40","titan-test/src/test/java/com/thinkaurelius/titan/graphdb/serializer/SerializerTest.java","16","0","0","15","232","269","0"
"MapDB","4f2fc75ae2e3b4a9324acf0a823d7cbd5a689e08","src/test/java/org/mapdb/StoreWALTest.java","16","0","0","15","237","308","0"
"neo4j","470fac32e68ed79318ddfe1e711d6880359bc06d","community/graph-algo/src/test/java/org/neo4j/graphalgo/path/DijkstraTest.java","16","0","0","15","369","545","1"
"hazelcast","adcaf359f849184e5b0f81a048c5ab6a4d3a08ab","hazelcast/src/test/java/com/hazelcast/cluster/SplitBrainHandlerTest.java","16","0","0","15","642","828","1"
"elasticsearch","17c06f06ba4e86504bd3b24a47198bc30536572c","src/main/java/org/elasticsearch/search/aggregations/bucket/terms/TermsAggregator.java","16","0","0","16","116","164","1"
"hazelcast","d583528efa081945bf56b5c4e8843197d09abd37","hazelcast/src/test/java/com/hazelcast/executor/SmallClusterTest.java","16","0","0","16","243","311","0"
"hazelcast","277bb82a7d7c833f177c533b1d61cf5a0ae7cc29","hazelcast/src/test/java/com/hazelcast/executor/SmallClusterTest.java","16","0","0","16","244","312","0"
"elasticsearch","952feb58e41bd0220784c44136b840ea4a740e26","core/src/test/java/org/elasticsearch/search/aggregations/bucket/ShardSizeTermsIT.java","16","0","0","16","297","382","1"
"elasticsearch","e7d352b489272a87b05019869857656de7fb82fc","core/src/test/java/org/elasticsearch/search/aggregations/bucket/ShardSizeTermsIT.java","16","0","0","16","298","383","0"
"hazelcast","4b9cef83c2c99af4df9d1d0338f29a7dc1c9eda8","hazelcast/src/main/java/com/hazelcast/spi/impl/proxyservice/impl/ProxyServiceImpl.java","16","0","0","17","197","253","1"
"hazelcast","800834ed3d81cb213aaaa52dcd8aa125c10f7bdc","hazelcast/src/main/java/com/hazelcast/spi/impl/proxyservice/impl/ProxyServiceImpl.java","16","0","0","17","197","253","1"
"hazelcast","bb874ec7c86bec4bacca6c36a85bac7e53735778","hazelcast/src/main/java/com/hazelcast/spi/impl/proxyservice/impl/ProxyServiceImpl.java","16","0","0","17","197","253","2"
"hazelcast","bbbdd771f2b15320d7ff1002961ef8202303dcb7","hazelcast/src/main/java/com/hazelcast/spi/impl/proxyservice/impl/ProxyServiceImpl.java","16","0","0","17","197","253","0"
"hazelcast","565257f977407eb3a0199d082860209c2958f5f9","hazelcast/src/test/java/com/hazelcast/util/collection/Long2ObjectHashMapTest.java","16","0","0","17","200","286","1"
"hazelcast","d32b58c8344e3ee868d1a84efc3e15aa77ae82f3","hazelcast/src/main/java/com/hazelcast/spi/impl/proxyservice/impl/ProxyServiceImpl.java","16","0","0","17","209","266","2"
"hazelcast","b34e4323899872cfa581b72219c4516e905457e8","hazelcast/src/test/java/com/hazelcast/cluster/SplitBrainHandlerTest.java","16","0","0","17","685","897","1"
"hazelcast","1f231b04eb6c1f8be9ff637ba3c60b7a2e90d994","hazelcast/src/test/java/com/hazelcast/cluster/SplitBrainHandlerTest.java","16","0","0","17","696","904","0"
"hazelcast","2921cff694583b8638dae2991f427e61d5440a9d","hazelcast/src/test/java/com/hazelcast/cluster/SplitBrainHandlerTest.java","16","0","0","17","700","910","0"
"hazelcast","584996c0c9a11facf995848e53a5a2ef79a3889a","hazelcast/src/test/java/com/hazelcast/cluster/SplitBrainHandlerTest.java","16","0","0","17","700","910","0"
"hazelcast","eae5aabe2df5d86740f725387d4b9c32fb6d5495","hazelcast/src/test/java/com/hazelcast/cluster/SplitBrainHandlerTest.java","16","0","0","17","700","910","1"
"hazelcast","1f042b8c4a4245594691bb6d85a66ceed9b43068","hazelcast/src/test/java/com/hazelcast/cluster/SplitBrainHandlerTest.java","16","0","0","17","702","912","1"
"BroadleafCommerce","15e70fe6b89d008dd88b5e98dbfc66a720db68bb","common/src/main/java/org/broadleafcommerce/common/audit/Auditable.java","16","0","0","18","102","150","0"
"hazelcast","8a58f1d797cace1c351fcb95b819c86a74d54445","hazelcast/src/main/java/com/hazelcast/spi/impl/proxyservice/impl/ProxyServiceImpl.java","16","0","0","18","222","280","0"
"hazelcast","8b1c46fc9fee750d3ece6d5464017c3932683734","hazelcast/src/main/java/com/hazelcast/spi/impl/proxyservice/impl/ProxyServiceImpl.java","16","0","0","18","222","280","0"
"hazelcast","f2749c97dbcb4c2c1f91f8786215301a294ac68f","hazelcast/src/main/java/com/hazelcast/spi/impl/proxyservice/impl/ProxyServiceImpl.java","16","0","0","18","222","280","1"
"hazelcast","571ad15da23eaee59824f1b2f78bec5c2c506688","hazelcast-client-new/src/test/java/com/hazelcast/client/map/ClientMapStoreTest.java","16","0","0","19","322","400","0"
"hazelcast","22ed79c3aec621258c1fef4c5892ccdffe84be7f","hazelcast-client-legacy/src/test/java/com/hazelcast/client/map/ClientMapStoreTest.java","16","0","0","19","323","401","0"
"elasticsearch","635ae29bf1eb3aa83597bc296ff58a5b95ca648a","src/test/java/org/elasticsearch/common/util/CancellableThreadsTest.java","16","0","0","2","109","142","0"
"elasticsearch","3df2a086d4bf3c5608aabf06c1766e10c901af35","core/src/main/java/org/elasticsearch/action/search/TransportSearchAction.java","16","0","0","2","158","208","0"
"hazelcast","d070f1256c8c7fa823e6463487462826384ee1df","hazelcast/src/test/java/com/hazelcast/internal/nearcache/NearCacheTestSupport.java","16","0","0","2","282","371","0"
"hazelcast","7001ec8c5b1305c796de75c2e3f170c562db8c03","hazelcast/src/test/java/com/hazelcast/internal/nearcache/NearCacheTestSupport.java","16","0","0","2","290","383","1"
"hazelcast","0880710f355f33d03b8d928ec9d22a0ff4f1ca52","hazelcast/src/test/java/com/hazelcast/internal/nearcache/NearCacheTestSupport.java","16","0","0","2","292","383","2"
"hazelcast","7e297f3b5612139a0a43e0fb99ba3c6c16779ca7","hazelcast/src/main/java/com/hazelcast/spi/impl/proxyservice/impl/DistributedObjectFuture.java","16","0","0","2","82","114","0"
"mcMMO","78109eb499e026df4c1d0d067d995e9b6fcb446a","src/main/java/com/gmail/nossr50/commands/player/McrankCommand.java","16","0","0","2","88","110","1"
"mcMMO","3ae9956df9b0fa55955ce890724d544214a6777c","src/main/java/com/gmail/nossr50/commands/player/McrankCommand.java","16","0","0","2","89","113","0"
"elasticsearch","e7d352b489272a87b05019869857656de7fb82fc","core/src/test/java/org/elasticsearch/search/aggregations/bucket/HistogramTests.java","16","0","0","2","90","121","0"
"mcMMO","7814fa8d46b5e364065b3dfbdeb9948dd2812eba","src/main/java/com/gmail/nossr50/commands/player/MctopCommand.java","16","0","0","2","93","116","0"
"orientdb","cc3ae564eabbe699ee5523808e7a1e84e9f0ff49","core/src/main/java/com/orientechnologies/orient/core/serialization/serializer/stream/OStreamSerializerSBTreeIndexRIDContainer.java","16","0","0","20","224","290","1"
"orientdb","9d33377d066531efea7120d2fda7a8daa5376fd1","core/src/main/java/com/orientechnologies/orient/core/serialization/serializer/stream/OStreamSerializerSBTreeIndexRIDContainer.java","16","0","0","20","227","293","0"
"ceylon-ide-eclipse","358b2db8d1b8fcdd2646e561b975835927b2213d","plugins/com.redhat.ceylon.test.eclipse.plugin/src/com/redhat/ceylon/test/eclipse/plugin/launch/CeylonTestSelectionDialog.java","16","0","0","20","233","285","1"
"hazelcast","3d6bcba501e62df97fb0d222eb966362c2951a5c","hazelcast/src/test/java/com/hazelcast/cluster/SplitBrainHandlerTest.java","16","0","0","20","685","897","0"
"hazelcast","e1b69c53ca4923affcd7722f012a80e32517e988","hazelcast/src/test/java/com/hazelcast/cluster/SplitBrainHandlerTest.java","16","0","0","20","685","897","0"
"hazelcast","e5259c9d3150574abe68659f6782c7a3e3d5b15a","hazelcast/src/test/java/com/hazelcast/cluster/SplitBrainHandlerTest.java","16","0","0","20","685","897","0"
"hazelcast","ba37274b98bec73967e5bb3dc5ee687387fb79d6","hazelcast/src/test/java/com/hazelcast/cluster/SplitBrainHandlerTest.java","16","0","0","20","685","897","1"
"MapDB","ae28170d07376d7465fd7006f7829325d24dfd98","src/test/java/org/mapdb/VolumeTest.java","16","0","0","21","207","260","2"
"BroadleafCommerce","e216da5ebb303680f5c60ffcd75979f5876ab5a6","common/src/main/java/org/broadleafcommerce/common/site/service/SiteServiceImpl.java","16","0","0","21","212","288","0"
"hazelcast","525c34cddd7f4e08d674611e177bab103e4d1881","hazelcast/src/main/java/com/hazelcast/impl/ascii/TextCommandServiceImpl.java","16","0","0","21","213","263","1"
"hazelcast","82fcc4c7c87097d1719bb56112aec0fafdb6bc0e","hazelcast/src/main/java/com/hazelcast/impl/ascii/TextCommandServiceImpl.java","16","0","0","21","214","264","0"
"hazelcast","7af8bdc79fe21ff2beda241499150feaa08bd8ea","hazelcast/src/test/java/com/hazelcast/cache/BasicCacheTest.java","16","0","0","21","388","486","5"
"hazelcast","5faf364de0508ab69091eaf53beddf235c8f8361","hazelcast/src/test/java/com/hazelcast/cache/BasicCacheTest.java","16","0","0","21","389","487","1"
"hazelcast","20b21c92537f993205ae16843747412efc000407","hazelcast/src/test/java/com/hazelcast/cache/BasicCacheTest.java","16","0","0","21","390","488","0"
"elasticsearch","6dc03ecb10328353e682f5991537af46e80b1fe2","core/src/test/java/org/elasticsearch/indices/state/OpenCloseIndexIT.java","16","0","0","22","334","416","2"
"elasticsearch","01519745007b2d093cdf602783c27a26de82c69b","core/src/test/java/org/elasticsearch/indices/state/OpenCloseIndexIT.java","16","0","0","22","334","417","0"
"hazelcast","525c34cddd7f4e08d674611e177bab103e4d1881","hazelcast/src/main/java/com/hazelcast/impl/MemberImpl.java","16","0","0","25","166","214","1"
"hazelcast","82fcc4c7c87097d1719bb56112aec0fafdb6bc0e","hazelcast/src/main/java/com/hazelcast/impl/MemberImpl.java","16","0","0","25","167","215","0"
"MapDB","151f856bdfd4d74e464459994ceb84e1daa61aba","src/test/java/org/mapdb/StorageDirectTest.java","16","0","0","26","277","367","0"
"neo4j","ec656d57e9b47b2c7d4da80daf6109ca500455e1","community/server/src/test/java/org/neo4j/server/rest/transactional/ExecutionResultSerializerTest.java","16","0","0","28","757","1003","0"
"neo4j","e53f7c80d98a2e35ea6a339e7f7fd44c3d2bde74","community/server/src/test/java/org/neo4j/server/rest/transactional/ExecutionResultSerializerTest.java","16","0","0","28","773","1021","0"
"elasticsearch","374b633a4b46c8e121e70a563282d4138a3bdba4","src/test/java/org/elasticsearch/common/bytes/PagedBytesReferenceTest.java","16","0","0","29","354","468","0"
"hazelcast","02272ec6ab3a8dd499bd65b44b6da03615976c8a","hazelcast/src/main/java/com/hazelcast/nio/SocketConnector.java","16","0","0","3","104","136","0"
"neo4j","9a371bafe80ceb4e6cdc8502fbd22f9f8ec3d59d","enterprise/core-edge/src/main/java/org/neo4j/coreedge/raft/net/CoreReplicatedContentMarshal.java","16","0","0","3","110","135","1"
"hazelcast","0b08ef830b8b0c4b3425d1b96b6ed1e574f43383","hazelcast/src/main/java/com/hazelcast/nio/SocketConnector.java","16","0","0","3","114","147","0"
"hazelcast","865e2c98056f088462bba55c352b38a05abfd5d7","hazelcast/src/main/java/com/hazelcast/nio/SocketConnector.java","16","0","0","3","114","147","0"
"hazelcast","b8145da910628e86c05f3feddff50048bd23e908","hazelcast/src/main/java/com/hazelcast/nio/SocketConnector.java","16","0","0","3","114","147","1"
"hazelcast","d38202141395360399c9cf97d4453adf5b1581e1","hazelcast-code-generator/src/main/java/com/hazelcast/client/protocol/generator/CodeGeneratorMessageTaskFactory.java","16","0","0","3","122","155","1"
"oryx","c601aca50aac8213cfe5c082eaaba51a7b577d0c","oryx-app/src/test/java/com/cloudera/oryx/app/speed/rdf/RDFSpeedIT.java","16","0","0","3","139","187","1"
"elasticsearch","68f30cae0c64f073456c69bcfb5d6d6112e1861b","core/src/test/java/org/elasticsearch/bwcompat/RestoreBackwardsCompatIT.java","16","0","0","3","172","216","0"
"elasticsearch","d733fb689b1a7182a5f62d482ee1080b1779eae5","core/src/test/java/org/elasticsearch/bwcompat/RestoreBackwardsCompatIT.java","16","0","0","3","172","217","1"
"elasticsearch","4831632a6f247ae6c6c928708b4f36de4adf34eb","core/src/test/java/org/elasticsearch/bwcompat/RestoreBackwardsCompatIT.java","16","0","0","3","173","217","0"
"hazelcast","d568e4d926d925d57d4e79e34614390416749301","hazelcast/src/test/java/com/hazelcast/cache/CacheClearTest.java","16","0","0","3","176","233","0"
"netty","5a467b69bf58c4c92d0af9a5f12eed6ac68efddb","codec-http/src/test/java/io/netty/handler/codec/spdy/SpdySessionHandlerTest.java","16","0","0","3","240","343","1"
"hazelcast","03564de05b7285e401381ac0f32e120c59bb694a","hazelcast/src/test/java/com/hazelcast/map/mapstore/writebehind/WriteBehindWithEntryProcessorTest.java","16","0","0","3","274","338","2"
"titan","bd1445809192f13ed0674e0a81c8117fe263b0a0","titan-core/src/main/java/com/thinkaurelius/titan/graphdb/relations/factory/RelationFactoryUtil.java","16","0","0","3","47","63","1"
"mcMMO","272e99d41f1dc3588b5053468fadd08380ac8839","src/main/java/com/gmail/nossr50/config/AutoUpdateConfigLoader.java","16","0","0","3","88","119","1"
"hazelcast","3b3da99e1440f0c92acdf48fcf37d6a4f2062db1","hazelcast/src/main/java/com/hazelcast/nio/Connection.java","16","0","0","30","169","233","1"
"elasticsearch","196e3c360261cc4cf25a4d859b41bca3b189c57d","src/test/java/org/elasticsearch/common/bytes/PagedBytesReferenceTest.java","16","0","0","30","361","476","0"
"neo4j","e9de62e7befeeb8b49cf594775b843b963d6ef6d","community/kernel/src/main/java/org/neo4j/kernel/impl/persistence/PersistenceManager.java","16","0","0","32","316","414","1"
"neo4j","1a261f85215c39039a8e8d12b1363ec328e56bf7","community/kernel/src/main/java/org/neo4j/kernel/impl/persistence/PersistenceManager.java","16","0","0","33","320","419","0"
"elasticsearch","8685818ad391fe3a6b0751e5028d361dff227e77","src/test/java/org/elasticsearch/search/aggregations/bucket/MinDocCountTests.java","16","0","0","35","247","323","1"
"hazelcast","10773b4cd855bdfd84ea80d22b8ed3c977459444","hazelcast/src/test/java/com/hazelcast/map/MapTransactionStressTest.java","16","0","0","35","359","414","0"
"hazelcast","fe87884b8576b4bb0d8994935b8795d4bcb3d3c4","hazelcast/src/main/java/com/hazelcast/nio/NodeIOService.java","16","0","0","39","234","301","1"
"hazelcast","a1eb32e4a02240540cbb54539fc5e039954b3fd3","hazelcast/src/main/java/com/hazelcast/nio/NodeIOService.java","16","0","0","39","235","302","3"
"elasticsearch","d8d03f45c29f277a6f29776c56e8f6fae9075508","core/src/main/java/org/elasticsearch/monitor/fs/FsProbe.java","16","0","0","4","116","155","1"
"elasticsearch","43f71015a8d117265a54e01658302f9ad7903821","core/src/main/java/org/elasticsearch/rest/action/admin/indices/RestIndicesStatsAction.java","16","0","0","4","117","167","0"
"ceylon-ide-eclipse","42006c7bd17cbdf73fa999e1b9245b544f9eb90e","plugins/com.redhat.ceylon.eclipse.ui/src/com/redhat/ceylon/eclipse/code/refactor/RefactorMenuItems.java","16","0","0","4","122","133","0"
"netty","505e767a09bc5d55cd0df35b8e0f8c59e9f7c507","transport/src/main/java/io/netty/channel/socket/aio/AioEventLoopGroup.java","16","0","0","4","141","187","1"
"netty","421eabe666f5eb3c760c757e991e4f37213f7333","transport/src/main/java/io/netty/channel/socket/aio/AioEventLoopGroup.java","16","0","0","4","143","189","0"
"elasticsearch","43e07c0c886223c65d26a4e3bdb7815ff15abe7d","core/src/test/java/org/elasticsearch/bwcompat/RestoreBackwardsCompatIT.java","16","0","0","4","206","255","0"
"ceylon-ide-eclipse","64a391fbabba6b9bc6b553abfa42466e0ca9673d","plugins/com.redhat.ceylon.eclipse.ui/src/com/redhat/ceylon/eclipse/code/refactor/EnterAliasLinkedMode.java","16","0","0","4","222","268","0"
"elasticsearch","37e20c6f340fcfa745e3605cc1ed0b89070c8f45","core/src/test/java/org/elasticsearch/index/replication/ESIndexLevelReplicationTestCase.java","16","0","0","4","397","477","4"
"orientdb","3fd79f333e2a5c17bcac9d2ddfe74044e2dfecdd","core/src/main/java/com/orientechnologies/orient/core/sql/parser/OUpdateStatement.java","16","0","0","4","78","100","0"
"hazelcast","73673199472b3fb25cf6c72de378a1d2bab18605","hazelcast/src/main/java/com/hazelcast/internal/networking/spinning/SpinningOutputThread.java","16","0","0","4","96","140","1"
"hazelcast","86b064ba3f1e467e74e95d6da24b03122065ce36","hazelcast/src/main/java/com/hazelcast/internal/networking/spinning/SpinningOutputThread.java","16","0","0","4","96","140","2"
"hazelcast","9948976cea0dd05d47e24f303a0b309b4155d329","hazelcast/src/main/java/com/hazelcast/internal/networking/spinning/SpinningOutputThread.java","16","0","0","4","96","140","2"
"hazelcast","82683a8423a0a3209f3dd70ca23835ee63f0d0b8","hazelcast/src/main/java/com/hazelcast/internal/networking/spinning/SpinningOutputThread.java","16","0","0","4","96","140","0"
"hazelcast","490031a220076fe6cf002b209e986e2edbad57b9","hazelcast/src/main/java/com/hazelcast/nio/NodeIOService.java","16","0","0","40","240","308","1"
"hazelcast","4ca2889e9b466af9d0cb2f754b689c282072f790","hazelcast/src/main/java/com/hazelcast/nio/NodeIOService.java","16","0","0","40","240","308","2"
"hazelcast","42e5849f7ebce11fa76d0780610fba85b1818987","hazelcast/src/main/java/com/hazelcast/nio/NodeIOService.java","16","0","0","40","240","308","0"
"hazelcast","e4a098c04e698118ff5f68b05e32bdc6d813e579","hazelcast/src/main/java/com/hazelcast/nio/NodeIOService.java","16","0","0","42","197","261","3"
"hazelcast","b499b1588bd702a8ca12e6514696fa5e1497ad24","hazelcast/src/main/java/com/hazelcast/nio/NodeIOService.java","16","0","0","43","203","268","1"
"hazelcast","7b0ce9c6c73a465306996b98aebe1c5f7f37cf75","hazelcast/src/main/java/com/hazelcast/nio/NodeIOService.java","16","0","0","44","258","330","2"
"hazelcast","5b8632553391543693d7a87c5d29cdea51293447","hazelcast/src/test/java/com/hazelcast/scheduledexecutor/ScheduledExecutorServiceBasicTest.java","16","0","0","49","793","1076","0"
"elasticsearch","4b94eb5cb8cc4294ed0e932a5f22c16bd90d4dd7","core/src/main/java/org/elasticsearch/action/admin/cluster/node/info/NodesInfoResponse.java","16","0","0","5","102","138","2"
"elasticsearch","860efb2ad28db09189c8423e05d0dba53010259c","core/src/main/java/org/elasticsearch/action/admin/cluster/node/info/NodesInfoResponse.java","16","0","0","5","102","138","2"
"elasticsearch","d3417fb02291f26964d77767020ef345d18c148f","core/src/main/java/org/elasticsearch/action/admin/cluster/node/info/NodesInfoResponse.java","16","0","0","5","102","138","0"
"orientdb","1065069eee37adf72602588ef4c3eb960604d55a","tests/src/test/java/com/orientechnologies/orient/test/internal/index/IndexUniqueTest.java","16","0","0","5","107","139","0"
"orientdb","eda978aeda4e2d46618285fcb1d73642a30164c2","tests/src/test/java/com/orientechnologies/orient/test/internal/index/IndexUniqueTest.java","16","0","0","5","107","140","1"
"orientdb","4e1de17697f2030cee8bb58b16556727f48827ed","tests/src/test/java/com/orientechnologies/orient/test/internal/index/IndexUniqueTest.java","16","0","0","5","109","140","1"
"hazelcast","628a219cc0428ad068cb76a43b781c7773d85db9","hazelcast/src/main/java/com/hazelcast/map/operation/QueryOperation.java","16","0","0","5","120","149","0"
"ceylon-ide-eclipse","bc7e36b599ddb26e3fa56e733201615c3b8b34f0","plugins/com.redhat.ceylon.eclipse.ui/src/com/redhat/ceylon/eclipse/core/debug/model/CeylonJDIThread.java","16","0","0","5","151","171","0"
"hazelcast","d38202141395360399c9cf97d4453adf5b1581e1","hazelcast-client-new/src/main/java/com/hazelcast/client/proxy/ClientMapReduceProxy.java","16","0","0","5","254","323","1"
"hazelcast","820f4b2d5e993cbc48c7f14e06f7588591085461","hazelcast-client-new/src/main/java/com/hazelcast/client/proxy/ClientMapReduceProxy.java","16","0","0","5","257","326","1"
"hazelcast","5b10680e77491d29c776d815fa4264ba3c265112","hazelcast-client-new/src/main/java/com/hazelcast/client/proxy/ClientMapReduceProxy.java","16","0","0","5","259","329","0"
"orientdb","80e2550436da767ebf8944339a885037569a8271","graphdb/src/main/java/com/tinkerpop/blueprints/impls/orient/OrientVertexIterator.java","16","0","0","5","69","110","0"
"ceylon-ide-eclipse","3a7c898c62617ac724363b342f08ccd63b9d0cbb","plugins/com.redhat.ceylon.eclipse.ui/src/com/redhat/ceylon/eclipse/core/model/mirror/JDTAnnotation.java","16","0","0","5","86","118","0"
"hazelcast","ac2dda4566638398a14318604f960e2afce7d3ca","hazelcast/src/main/java/com/hazelcast/partition/impl/MigrationOperation.java","16","0","0","6","163","205","1"
"hazelcast","2c84640858569786577afc9fb091d5b1e7e73b8b","hazelcast/src/main/java/com/hazelcast/partition/impl/MigrationOperation.java","16","0","0","6","164","206","0"
"hazelcast","36a7915fffea2ddee616959876e26728a436f7e9","hazelcast/src/test/java/com/hazelcast/map/MapLockTest.java","16","0","0","6","167","202","1"
"junit","3aca014a2c39723febbe7def2fd132da80c3f4a9","src/main/java/org/junit/experimental/theories/Theories.java","16","0","0","6","180","213","2"
"elasticsearch","cf00acf5b048608e3d184cc5cc6876ef0af356fb","src/test/java/org/elasticsearch/test/integration/indices/IgnoreIndicesTests.java","16","0","0","6","180","226","0"
"neo4j","fb575d4ca416c9d2730f19ca3da11efc309d6348","community/server/src/main/java/org/neo4j/server/ServerBootstrapper.java","16","0","0","6","189","243","1"
"neo4j","def169ceb18c87752809473362b1d15141b9ca0a","community/server/src/main/java/org/neo4j/server/ServerBootstrapper.java","16","0","0","6","192","253","0"
"neo4j","b270d9e0e71e8fa4e4dbce0e79c9a3e8eed6e3bc","community/graph-algo/src/main/java/org/neo4j/graphalgo/impl/path/AStar.java","16","0","0","6","259","318","0"
"ceylon-ide-eclipse","2254ee6c1d95043ca6eef106218ca4d4dd7ed6e6","plugins/com.redhat.ceylon.eclipse.ui/src/com/redhat/ceylon/eclipse/code/wizard/CreateBootstrapFilesHandler.java","16","0","0","6","92","104","1"
"ceylon-ide-eclipse","3a42c3b0b0cd7353e921e8925b443dc28f95a1d4","plugins/com.redhat.ceylon.eclipse.ui/src/com/redhat/ceylon/eclipse/code/wizard/CreateBootstrapFilesHandler.java","16","0","0","6","95","107","0"
"hazelcast","73673199472b3fb25cf6c72de378a1d2bab18605","hazelcast/src/main/java/com/hazelcast/internal/networking/spinning/SpinningInputThread.java","16","0","0","6","96","139","1"
"hazelcast","86b064ba3f1e467e74e95d6da24b03122065ce36","hazelcast/src/main/java/com/hazelcast/internal/networking/spinning/SpinningInputThread.java","16","0","0","6","96","139","2"
"hazelcast","9948976cea0dd05d47e24f303a0b309b4155d329","hazelcast/src/main/java/com/hazelcast/internal/networking/spinning/SpinningInputThread.java","16","0","0","6","96","139","2"
"hazelcast","82683a8423a0a3209f3dd70ca23835ee63f0d0b8","hazelcast/src/main/java/com/hazelcast/internal/networking/spinning/SpinningInputThread.java","16","0","0","6","96","139","0"
"elasticsearch","d865910c137d27031d133e78b0d86d4d0e5c9f8c","core/src/main/java/org/elasticsearch/common/util/iterable/Iterables.java","16","0","0","7","108","146","1"
"elasticsearch","00de8e07fc3df9c763bbc0b6890217dc5b6bee3e","modules/ingest-common/src/main/java/org/elasticsearch/ingest/common/GrokProcessor.java","16","0","0","7","119","171","4"
"elasticsearch","0a69f1e283e26e5d9e6a000b68b9f4778de557a1","core/src/test/java/org/elasticsearch/index/fielddata/AbstractFieldDataTestCase.java","16","0","0","7","141","177","3"
"elasticsearch","5a64f08f048461a63a0ca1354a5050c954e63d52","core/src/test/java/org/elasticsearch/index/fielddata/AbstractFieldDataTestCase.java","16","0","0","7","148","185","1"
"hazelcast","233b697b70339f68d1b8c962f8a6a40730dd4b2b","hazelcast/src/test/java/com/hazelcast/ringbuffer/impl/RingbufferAddAllReadManyStressTest.java","16","0","0","7","189","232","0"
"hazelcast","798cdcb7995ba1e5f635103a6069a2a875f914a6","hazelcast/src/test/java/com/hazelcast/query/impl/predicates/NestedPredicateVersionedPortablesTest.java","16","0","0","7","193","251","0"
"hazelcast","00674fe8446b9bdfef4e7ff7fcf4816e21c177ac","hazelcast-hibernate/hazelcast-hibernate3/src/test/java/com/hazelcast/hibernate/HibernateStatisticsTestSupport.java","16","0","0","7","231","282","1"
"hazelcast","67da348c4284c0dfeb548ad8c3b83f64d745f710","hazelcast-hibernate/hazelcast-hibernate3/src/test/java/com/hazelcast/hibernate/HibernateStatisticsTestSupport.java","16","0","0","7","234","285","0"
"elasticsearch","b75d1d885a4f56edf8d1b8cd393298588fbd0123","src/test/java/org/elasticsearch/action/bulk/BulkProcessorTests.java","16","0","0","7","262","361","0"
"elasticsearch","a2d07058e8557539e843fc3c2cace23b56512344","src/test/java/org/elasticsearch/action/bulk/BulkProcessorTests.java","16","0","0","7","266","365","1"
"netty","f3dd4101425165496490f9c975ca2e556773c663","testsuite/src/main/java/io/netty/testsuite/transport/socket/SocketHalfClosedTest.java","16","0","0","7","280","340","0"
"hazelcast","22c782cf4670330503dee123b73fa483726328a2","hazelcast/src/main/java/com/hazelcast/internal/cluster/impl/operations/OnJoinOp.java","16","0","0","8","103","139","0"
"orientdb","1c3d74ebdae32d3aeed0d787c9e78ee3b9a3b116","client/src/main/java/com/orientechnologies/orient/client/remote/OStorageRemoteAsynchEventListener.java","16","0","0","8","116","162","0"
"elasticsearch","e458d4fd93136cfc42708d9311d05bee36f69321","src/test/java/org/elasticsearch/test/cache/recycler/MockPageCacheRecycler.java","16","0","0","8","121","162","0"
"hazelcast","5761278217ecc188118a812af46908ed3d531d4d","hazelcast-client/src/main/java/com/hazelcast/client/spi/ClientProxy.java","16","0","0","8","160","215","2"
"netty","f3c940d20810635cda3e6c0f19ec3a9f621fe1ed","transport/src/main/java/io/netty/channel/socket/oio/OioSocketChannel.java","16","0","0","8","166","215","1"
"netty","8271c8afccf7eb21bf6f994b5f3565f6d55bdee4","resolver-dns/src/test/java/io/netty/resolver/dns/DnsNameResolverTest.java","16","0","0","8","337","423","0"
"netty","63a02fc04e6ce45aee38b0437ae0279880e5fe40","resolver-dns/src/test/java/io/netty/resolver/dns/DnsNameResolverTest.java","16","0","0","8","348","435","0"
"netty","ac8ac591488b976aba5ebe7a1bbfb24f5e1ecc09","testsuite/src/test/java/io/netty/testsuite/transport/socket/SocketGatheringWriteTest.java","16","0","0","9","138","181","0"
"hazelcast","525c34cddd7f4e08d674611e177bab103e4d1881","hazelcast/src/main/java/com/hazelcast/impl/partition/ClusterRuntimeState.java","16","0","0","9","142","177","1"
"hazelcast","82fcc4c7c87097d1719bb56112aec0fafdb6bc0e","hazelcast/src/main/java/com/hazelcast/impl/partition/ClusterRuntimeState.java","16","0","0","9","143","178","0"
"netty","e55a1f11b54333697d0bf72047695bcb914c2333","transport/src/main/java/io/netty/channel/socket/oio/OioServerSocketChannel.java","16","0","0","9","163","214","0"
"elasticsearch","d8cd75544536a211fa5c66e190aa4313213f0308","src/main/java/org/elasticsearch/search/aggregations/metrics/geobounds/InternalGeoBounds.java","16","0","0","9","168","211","1"
"elasticsearch","fdf2bb93716c2a6f2b0d0785df386ecd414994c4","src/main/java/org/elasticsearch/search/aggregations/metrics/geobounds/InternalGeoBounds.java","16","0","0","9","169","212","0"
"hazelcast","8af89d261e006b0bef31465c2991c3cdb2d81f78","hazelcast/src/test/java/com/hazelcast/map/MapLockTest.java","16","0","0","9","217","264","0"
"hazelcast","c47ddcda0b09b2fbac7fdcdc3f1bfec8cea04094","hazelcast/src/test/java/com/hazelcast/map/MapLockTest.java","16","0","0","9","231","291","0"
"netty","fd9ca8bbb3bb5478aee79e633374abfbc9b6d6c3","resolver-dns/src/test/java/io/netty/resolver/dns/DnsNameResolverTest.java","16","0","0","9","355","445","2"
"netty","7090d1331c327f9093ef260f9d0e3eef1a3d6715","handler/src/test/java/io/netty/handler/ssl/SSLEngineTest.java","16","0","0","9","432","512","0"
"hazelcast","f2822427f5d349784b7b746e5183419e9e7c6f08","hazelcast/src/main/java/com/hazelcast/query/UnsortedIndexStore.java","16","0","0","9","75","102","1"
"netty","66c4c07ec08b568923b60752a89146f279140f64","codec-http/src/main/java/io/netty/handler/codec/http/HttpObjectEncoder.java","16","0","1","0","100","152","0"
"neo4j","cca9e04725e7ae20ba97e57506c0a33d2bdf691c","enterprise/causal-clustering/src/main/java/org/neo4j/causalclustering/core/consensus/log/segmented/Terms.java","16","0","1","0","107","173","1"
"orientdb","39a8884d03c0bc49b8ecf655a22fe80646afa1e6","spatial/src/main/java/com/orientechnologies/spatial/shape/OComplexShapeBuilder.java","16","0","1","0","113","174","0"
"netty","2fd42cfc6b32dacb812c6f2ecef8522cd94718d4","codec-http2/src/main/java/io/netty/handler/codec/http2/AbstractHttp2ConnectionHandlerBuilder.java","16","0","1","0","194","420","1"
"elasticsearch","0aba19f4fa5c4fa2ac76ee96996d463a838248ac","core/src/main/java/org/elasticsearch/action/support/single/instance/TransportInstanceSingleOperationAction.java","16","0","1","0","199","270","0"
"elasticsearch","2bd09c4625898d77aa6c015c6f82cf973ed18cb7","core/src/main/java/org/elasticsearch/action/support/single/instance/TransportInstanceSingleOperationAction.java","16","0","1","0","199","270","0"
"elasticsearch","3d13c27fa0df12018f35f1b20987c90277e9b6f9","core/src/main/java/org/elasticsearch/action/support/single/instance/TransportInstanceSingleOperationAction.java","16","0","1","0","199","270","1"
"elasticsearch","25fd9e26c4fb042d6f6dea14efcd239577bdbbc4","core/src/main/java/org/elasticsearch/action/support/single/instance/TransportInstanceSingleOperationAction.java","16","0","1","0","200","271","0"
"elasticsearch","b31f68a0ebdbaa61ff92293dc1914ba7bbad1765","modules/elasticsearch/src/main/java/org/elasticsearch/action/support/single/shard/TransportShardSingleOperationAction.java","16","0","1","0","207","293","0"
"elasticsearch","a8dcfa5deb65d57ae4814f97c7f5231ed45507c2","src/main/java/org/elasticsearch/action/support/single/shard/TransportShardSingleOperationAction.java","16","0","1","0","226","301","0"
"BroadleafCommerce","88b3ca211cb7f2bde186c45ce754544f15e77566","core/broadleaf-framework-web/src/main/java/org/broadleafcommerce/core/web/api/wrapper/ProductWrapper.java","16","0","1","1","100","147","0"
"BroadleafCommerce","18138f278ea8ca94b820cf5a935886d34ce9d081","core/broadleaf-framework/src/main/java/org/broadleafcommerce/core/checkout/service/workflow/ConfirmPaymentsRollbackHandler.java","16","0","1","1","120","172","2"
"BroadleafCommerce","db025684a739bf823040368df958fbd433642a5e","core/broadleaf-framework/src/main/java/org/broadleafcommerce/core/checkout/service/workflow/ConfirmPaymentsRollbackHandler.java","16","0","1","1","121","174","1"
"elasticsearch","60bddc28ebd690446c88a454cc24de984fdf0fc5","src/main/java/org/elasticsearch/action/search/type/TransportSearchDfsQueryAndFetchAction.java","16","0","1","1","141","181","0"
"elasticsearch","a8dcfa5deb65d57ae4814f97c7f5231ed45507c2","src/main/java/org/elasticsearch/action/search/type/TransportSearchDfsQueryAndFetchAction.java","16","0","1","1","144","184","0"
"elasticsearch","d2507c4ac0477f28b441f83eeac07786fb8f42b4","core/src/test/java/org/elasticsearch/cluster/routing/allocation/RebalanceAfterActiveTests.java","16","0","1","1","149","201","0"
"elasticsearch","7ab0e2c5321c802068d85c0fa3a0f44e0b02c5a4","core/src/main/java/org/elasticsearch/action/admin/indices/validate/query/TransportValidateQueryAction.java","16","0","1","1","169","215","1"
"elasticsearch","dc900a08a6c6f346656105fa0e2484ed186f8461","core/src/main/java/org/elasticsearch/action/admin/indices/validate/query/TransportValidateQueryAction.java","16","0","1","1","170","216","0"
"elasticsearch","a6e0f022207a2898f84a1ecf5bd973ab2f7e0330","src/main/java/org/elasticsearch/action/search/type/TransportSearchDfsQueryThenFetchAction.java","16","0","1","1","172","218","1"
"elasticsearch","4ee7ed987e653c7bf4e5b54092b04665fed7bb80","src/main/java/org/elasticsearch/action/index/TransportIndexAction.java","16","0","1","1","184","246","2"
"elasticsearch","b6a9bd9a31862bf4f73efd0009727134b91c4f27","src/main/java/org/elasticsearch/action/support/nodes/TransportNodesOperationAction.java","16","0","1","1","216","290","0"
"hazelcast","abbdadf01d674217dfa43245c5c18f457fe8e69c","hazelcast/src/main/java/com/hazelcast/client/impl/client/ClientPortableFactory.java","16","0","1","1","63","86","0"
"elasticsearch","99e2bb270c2e870d45611865f334cfdf595d9bd0","modules/elasticsearch/src/main/java/org/elasticsearch/node/internal/InternalSettingsPerparer.java","16","0","1","1","71","117","0"
"elasticsearch","583f14833482cf1e8ce2adbcdb2b3fb3cb17c70e","src/main/java/org/elasticsearch/search/aggregations/metrics/ValuesSourceMetricsAggregatorParser.java","16","0","1","1","76","112","1"
"elasticsearch","f35cd0e30ad5463f774a310680fae2c3e7055b86","modules/lang-painless/src/main/java/org/elasticsearch/painless/node/SWhile.java","16","0","1","1","84","136","0"
"BroadleafCommerce","a343e56c87e4fe2ebf6240e6c8beac61787baabe","common/src/main/java/org/broadleafcommerce/common/web/BroadleafRequestFilter.java","16","0","1","1","86","163","1"
"BroadleafCommerce","bd7a5b556a8832d9eb09ed747b172766c6aae4c4","common/src/main/java/org/broadleafcommerce/common/web/BroadleafRequestFilter.java","16","0","1","1","90","168","0"
"hazelcast","70d4de16ff0ac4518d09aad8c9f2ad9e782fb337","hazelcast/src/test/java/com/hazelcast/instance/TestUtil.java","16","0","1","10","100","137","1"
"orientdb","d9ed338fc29957575767db7b55d094d676a77a25","core/src/main/java/com/orientechnologies/common/concur/resource/OResourcePool.java","16","0","1","10","107","161","0"
"elasticsearch","ea91adf6a1ed28c1a93a6c5d38a6e02ed295ed07","src/main/java/org/elasticsearch/cloud/aws/blobstore/S3BlobStore.java","16","0","1","10","117","167","0"
"elasticsearch","49439a09e2c1a69da0fdf034fe9dabf1cc83bf30","modules/elasticsearch/src/main/java/org/elasticsearch/index/gateway/local/LocalIndexShardGateway.java","16","0","1","10","128","184","0"
"hazelcast","67db7c70adf6604568aa7e831f0373cf4b411bd0","hazelcast/src/main/java/com/hazelcast/mapreduce/impl/task/TrackableJobFuture.java","16","0","1","10","135","187","1"
"hazelcast","6d05ed2b03448161752d3f5811d6151017b523a1","hazelcast/src/main/java/com/hazelcast/mapreduce/impl/task/TrackableJobFuture.java","16","0","1","10","136","187","2"
"netty","4db6c655349df5581332dac5059a67f087756158","testsuite/src/test/java/io/netty/testsuite/transport/socket/SocketGatheringWriteTest.java","16","0","1","10","147","193","0"
"hazelcast","7dd4ce26e5127137eb7116b7084eb6c659218b43","hazelcast/src/main/java/com/hazelcast/quorum/impl/QuorumImpl.java","16","0","1","10","150","197","2"
"hazelcast","0d9c5f01b0c284485f9e0a3eae99c67fff380791","hazelcast/src/main/java/com/hazelcast/quorum/impl/QuorumImpl.java","16","0","1","10","151","200","2"
"hazelcast","fe0a82dcb2740ae16c4e43ed58aa6ad7334c2096","hazelcast/src/main/java/com/hazelcast/quorum/impl/QuorumImpl.java","16","0","1","10","152","199","0"
"hazelcast","872394f9ec2546eebdff73976139e621359d8ab1","hazelcast/src/main/java/com/hazelcast/quorum/impl/QuorumImpl.java","16","0","1","10","153","202","1"
"elasticsearch","9080f51340b1b26f8bd171b4c82de8d87ad42b55","core/src/main/java/org/elasticsearch/index/mapper/core/BinaryFieldMapper.java","16","0","1","10","164","220","1"
"elasticsearch","d84c643f5880a88d2e5c38b487123161f3e01fe0","core/src/main/java/org/elasticsearch/index/mapper/core/BinaryFieldMapper.java","16","0","1","10","165","221","0"
"elasticsearch","7f5befd95e19badf8b911df5c28a08613b0a9cd0","src/main/java/org/elasticsearch/node/internal/InternalNode.java","16","0","1","10","314","405","1"
"elasticsearch","c20713530d2429346536354f297c96dea4353329","src/main/java/org/elasticsearch/node/internal/InternalNode.java","16","0","1","10","319","410","0"
"elasticsearch","d82a434d1033421fd9dd47072d7820bc9b1e58f7","src/main/java/org/elasticsearch/node/internal/InternalNode.java","16","0","1","10","325","416","1"
"neo4j","e57fe32738bb9d91c1b9a10f75c524bf2b421cdd","community/kernel/src/main/java/org/neo4j/kernel/impl/store/kvstore/AbstractKeyValueStore.java","16","0","1","10","356","447","0"
"hazelcast","e1b69c53ca4923affcd7722f012a80e32517e988","hazelcast/src/test/java/com/hazelcast/instance/TestUtil.java","16","0","1","10","97","135","0"
"orientdb","93ffa8ef31f575e656701e8a8074cbc19653f2f8","core/src/main/java/com/orientechnologies/common/concur/resource/OResourcePool.java","16","0","1","11","110","165","0"
"elasticsearch","22fa91efa041ec5ec36e6d768e240357d4834590","modules/elasticsearch/src/main/java/org/elasticsearch/cache/memory/ByteBufferCache.java","16","0","1","11","128","182","0"
"hazelcast","99d7a4e25e2067139fbdeaff2ebcad03ed38ffdf","hazelcast/src/main/java/com/hazelcast/map/operation/PartitionWideEntryOperation.java","16","0","1","11","130","173","1"
"elasticsearch","e458d4fd93136cfc42708d9311d05bee36f69321","src/main/java/org/elasticsearch/search/aggregations/AggregationPhase.java","16","0","1","11","134","181","0"
"elasticsearch","d64d0d6a97ae8dd70ba6018f97dd3c5fc10acd53","src/main/java/org/elasticsearch/search/aggregations/AggregationPhase.java","16","0","1","11","139","187","1"
"netty","fdfe3149ba3f68678fa7f73c574c7c61aa33fa2f","resolver/src/main/java/io/netty/resolver/SimpleNameResolver.java","16","0","1","11","148","236","0"
"hazelcast","982f30be7ff80ef6316a99f8bfd82fce5321d280","hazelcast/src/main/java/com/hazelcast/map/operation/MultipleEntryOperation.java","16","0","1","11","152","187","0"
"elasticsearch","7c38f20056df758b8768f31d10aff36a87949cdc","modules/elasticsearch/src/main/java/org/elasticsearch/cluster/metadata/MetaDataDeleteIndexService.java","16","0","1","11","155","219","0"
"hazelcast","3c18acfbce2711db3154bde853b2ea518fe480db","hazelcast/src/main/java/com/hazelcast/map/operation/PartitionWideEntryOperation.java","16","0","1","11","164","208","1"
"hazelcast","f20e3dadabc7cb95afcf791a2c9872699868bdb6","hazelcast/src/main/java/com/hazelcast/map/operation/MultipleEntryOperation.java","16","0","1","11","172","204","2"
"orientdb","9bdd162585b56e86b180227805d33351ec66fcfa","distributed/src/main/java/com/orientechnologies/orient/server/distributed/impl/task/OSyncClusterTask.java","16","0","1","11","172","245","1"
"hazelcast","19b6f87638947390eac6a604d8c2e73a8d7025f8","hazelcast/src/main/java/com/hazelcast/client/impl/client/AuthenticationRequest.java","16","0","1","11","175","223","2"
"hazelcast","59cb2e8ff78643aed3594a8f5ba7b41d8eeb5759","hazelcast/src/main/java/com/hazelcast/map/impl/operation/EntryOperation.java","16","0","1","11","199","273","2"
"elasticsearch","c597d8d56b67dc5c898f383b75ea9bc96b944b30","src/main/java/org/elasticsearch/common/rounding/TimeZoneRounding.java","16","0","1","11","350","465","0"
"elasticsearch","03a86604a4c9f837058e0db8a12dcd66817e1d87","src/main/java/org/elasticsearch/index/fieldvisitor/FieldsVisitor.java","16","0","1","12","110","153","1"
"BroadleafCommerce","d2254cf438ab766ee82e5a464c83c8d618cb170e","admin/broadleaf-contentmanagement-module/src/main/java/org/broadleafcommerce/cms/page/domain/PageItemCriteriaImpl.java","16","0","1","12","143","191","0"
"elasticsearch","5706858722452b13465b15930e4f4cb2e8286449","src/main/java/org/elasticsearch/action/get/MultiGetShardRequest.java","16","0","1","12","165","214","0"
"elasticsearch","e74d02138f02a66331b2611b5e70a908bb49cb97","test/framework/src/main/java/org/elasticsearch/test/OldIndexUtils.java","16","0","1","12","171","223","0"
"elasticsearch","72d2ac13280cc8c9d52361aad9e2193cbf004708","src/main/java/org/elasticsearch/index/translog/fs/BufferingFsTranslogFile.java","16","0","1","12","186","241","0"
"hazelcast","277642fd456affe2fecfdb851782ed162bd81261","hazelcast-client/src/main/java/com/hazelcast/client/spi/impl/ClientInvocationServiceImpl.java","16","0","1","12","193","250","0"
"neo4j","e7b3407f3dfe22e4029042512fbf88c2d60aa94d","enterprise/cluster/src/test/java/org/neo4j/cluster/NetworkMock.java","16","0","1","12","237","309","1"
"hazelcast","86b064ba3f1e467e74e95d6da24b03122065ce36","hazelcast/src/main/java/com/hazelcast/internal/networking/nonblocking/NonBlockingIOThreadingModel.java","16","0","1","12","238","312","2"
"neo4j","a2206e2451ffe226128a69a43f7f1f59409a0217","enterprise/cluster/src/test/java/org/neo4j/cluster/NetworkMock.java","16","0","1","12","240","313","0"
"elasticsearch","636af40da1ae22d5b7c8a81435987768e9cc3ac9","src/main/java/org/elasticsearch/common/compress/lzf/LZFCompressor.java","16","0","1","12","90","131","0"
"elasticsearch","1804f864d526f19f9a0dae4869f6c5114c5b8459","src/main/java/org/elasticsearch/common/compress/lzf/LZFCompressor.java","16","0","1","12","93","134","0"
"elasticsearch","c94c13fa2612989da1537ed219da182c0eb57ab0","src/main/java/org/elasticsearch/common/compress/lzf/LZFCompressor.java","16","0","1","12","96","138","0"
"hazelcast","c7eef29985d101a17b61f793ebfcef045403b28e","hazelcast/src/main/java/com/hazelcast/client/AuthenticationRequest.java","16","0","1","13","162","209","1"
"hazelcast","99f2dd5d8710f0276d0b105ba5c0f19674b6ccdf","hazelcast-client/src/main/java/com/hazelcast/client/spi/impl/ClientInvocationServiceImpl.java","16","0","1","13","197","254","1"
"elasticsearch","296ab3ec16c285bfc37fba40b2ddbde1e56bfc7c","core/src/main/java/org/elasticsearch/cluster/action/shard/ShardStateAction.java","16","0","1","13","320","402","0"
"elasticsearch","fc4e8fd93767c3a4da78d89c499a32c8143441e0","core/src/main/java/org/elasticsearch/cluster/action/shard/ShardStateAction.java","16","0","1","13","323","403","1"
"elasticsearch","d1cfe0e7cd3562a26461f5137d11396ae979d683","core/src/main/java/org/elasticsearch/search/aggregations/metrics/stats/extended/InternalExtendedStats.java","16","0","1","14","155","209","2"
"elasticsearch","1f04182b8164ffb19f3805c48d67f0375262b317","core/src/main/java/org/elasticsearch/gateway/TransportNodesListGatewayStartedShards.java","16","0","1","14","246","321","1"
"elasticsearch","3187ed73fc4fd8527c695e18b7186abbd6d29453","core/src/test/java/org/elasticsearch/cluster/routing/RoutingTableTests.java","16","0","1","14","287","366","2"
"elasticsearch","a34378f85239538b1e7f396a7508ecc39786737e","src/main/java/org/elasticsearch/search/action/SearchServiceTransportAction.java","16","0","1","14","648","822","0"
"neo4j","994db753bce91090d802d093a70bd1fa6a941471","community/kernel/src/main/java/org/neo4j/kernel/impl/index/IndexDefineCommand.java","16","0","1","15","158","214","0"
"hazelcast","d30fc8556abae7840c1c1ef1b83d606d79fe5c7d","hazelcast/src/main/java/com/hazelcast/spi/impl/operationservice/impl/operations/PartitionIteratingOperation.java","16","0","1","15","183","236","0"
"elasticsearch","0d07d5b91f910f9b4e36a1c1cb27b74ac66c1d74","plugins/transport/thrift/src/main/java/org/elasticsearch/thrift/ThriftRestRequest.java","16","0","1","15","98","143","0"
"netty","9ccc1f31551784075f7115bd8245fa8f23dd8e71","codec-http2/src/main/java/io/netty/handler/codec/http2/Http2FrameLogger.java","16","0","1","16","124","168","1"
"elasticsearch","5e78f14f044fe0e0d875bb942d36610b27edf6b6","modules/elasticsearch/src/main/java/org/elasticsearch/cluster/routing/PlainShardsIterator.java","16","0","1","16","131","178","0"
"hazelcast","dd0e661f64ff3f6c9e0704e5a93d1cb5527a33f2","hazelcast/src/main/java/com/hazelcast/map/impl/query/QueryResult.java","16","0","1","16","145","200","1"
"elasticsearch","284a35131cd6a96baba14b31c827e5f6dab7b4ad","modules/elasticsearch/src/main/java/org/elasticsearch/search/builder/SearchSourceBuilder.java","16","0","1","16","151","215","0"
"elasticsearch","d7338ffdbc5e636d777cf6d726663012170d1031","src/test/java/org/elasticsearch/mlt/MoreLikeThisActionTests.java","16","0","1","16","540","669","0"
"netty","0fe67cfba5f655ab545f5ee103bf71bc4df9d5ba","codec-http2/src/main/java/io/netty/handler/codec/http2/Http2FrameLogger.java","16","0","1","17","131","178","0"
"hazelcast","324c12ca123c52820e6a271c2095649a57a9844f","hazelcast/src/main/java/com/hazelcast/query/impl/IndexImpl.java","16","0","1","17","136","199","0"
"elasticsearch","046abdc281c321cd2128ee7684c0edfcaca07203","core/src/main/java/org/elasticsearch/index/engine/ShadowEngine.java","16","0","1","17","181","263","3"
"elasticsearch","22e63b478306fb3cab6ba8967db6e1f2b73cdfd8","core/src/main/java/org/elasticsearch/index/engine/ShadowEngine.java","16","0","1","17","181","263","2"
"elasticsearch","d2f25416e4a14812d0961ddce0da73bee0b68b27","core/src/main/java/org/elasticsearch/index/engine/ShadowEngine.java","16","0","1","17","181","263","1"
"elasticsearch","f3cddef61e735be96aa0623f457641473c90504f","core/src/main/java/org/elasticsearch/index/engine/ShadowEngine.java","16","0","1","17","181","263","2"
"elasticsearch","e74d02138f02a66331b2611b5e70a908bb49cb97","core/src/main/java/org/elasticsearch/index/engine/ShadowEngine.java","16","0","1","17","181","263","0"
"elasticsearch","00de8e07fc3df9c763bbc0b6890217dc5b6bee3e","core/src/main/java/org/elasticsearch/index/engine/ShadowEngine.java","16","0","1","17","181","264","3"
"elasticsearch","17a2fffc9be50102fa5a9da72053c82df23b1a64","core/src/main/java/org/elasticsearch/index/engine/ShadowEngine.java","16","0","1","17","181","264","2"
"elasticsearch","668dac722a4f80911dfb02f6cb6ef73f1b0f42e1","core/src/main/java/org/elasticsearch/index/engine/ShadowEngine.java","16","0","1","17","181","264","0"
"elasticsearch","d6b613ac8c6e3ddee6d8e1604db208721f03cb75","src/test/java/org/elasticsearch/test/integration/search/query/SimpleQueryTests.java","16","0","1","17","409","560","0"
"hazelcast","5458ddbd165b5781f5842d0d5d30b30036b4bb0d","hazelcast/src/main/java/com/hazelcast/query/impl/IndexImpl.java","16","0","1","19","145","210","1"
"hazelcast","93d3b9b0343fc15f8292c26dbc1aba53ba9e8bc2","hazelcast/src/main/java/com/hazelcast/query/impl/IndexImpl.java","16","0","1","19","145","210","1"
"hazelcast","0880710f355f33d03b8d928ec9d22a0ff4f1ca52","hazelcast/src/main/java/com/hazelcast/query/impl/IndexImpl.java","16","0","1","19","145","210","0"
"ceylon-ide-eclipse","0d38532ee118e04d37ee7d71c9199357b9afe3e5","plugins/com.redhat.ceylon.eclipse.ui/src/com/redhat/ceylon/eclipse/code/editor/CeylonSourceViewerConfiguration.java","16","0","1","19","449","513","2"
"elasticsearch","009731c9e741f8977f5a1eb3c9539c4acb60b92b","src/main/java/org/elasticsearch/rest/action/admin/indices/mapping/get/RestGetMappingAction.java","16","0","1","2","100","141","0"
"elasticsearch","0a69f1e283e26e5d9e6a000b68b9f4778de557a1","core/src/main/java/org/elasticsearch/rest/action/admin/indices/get/RestGetIndicesAction.java","16","0","1","2","112","152","2"
"netty","5787e2eac9c151f63055b9dd9d5b03dbaa38c3d2","codec-http/src/main/java/io/netty/handler/codec/http/HttpMessageEncoder.java","16","0","1","2","115","163","1"
"BroadleafCommerce","dad966b6824d161a81f9b2f5ade996d223ec3b49","common/src/main/java/org/broadleafcommerce/common/extensibility/jpa/convert/inheritance/SingleTableInheritanceClassTransformer.java","16","0","1","2","133","168","0"
"BroadleafCommerce","7380bc2cc48fd73ec717a648dfb51ca5c76ff035","common/src/main/java/org/broadleafcommerce/common/extensibility/jpa/convert/inheritance/SingleTableInheritanceClassTransformer.java","16","0","1","2","134","171","0"
"elasticsearch","7b62267008b31c809f30258756045535e44b4bfc","core/src/main/java/org/elasticsearch/search/aggregations/bucket/geogrid/GeoHashGridParser.java","16","0","1","2","154","211","0"
"elasticsearch","131e370a16bb34ac2d7a51918a8d7b613defaa6d","core/src/main/java/org/elasticsearch/cluster/routing/allocation/decider/SameShardAllocationDecider.java","16","0","1","2","53","97","1"
"elasticsearch","371c73e14023917f3892090d2d3d7ff9ac1216b9","core/src/main/java/org/elasticsearch/cluster/routing/allocation/decider/SameShardAllocationDecider.java","16","0","1","2","55","99","3"
"elasticsearch","78574d248cf10dad1c5a566fda79e1e0c94afe43","core/src/main/java/org/elasticsearch/cluster/routing/allocation/decider/SameShardAllocationDecider.java","16","0","1","2","55","99","2"
"elasticsearch","a60b8948ba1d836a6eac7cff095519e618939ed8","core/src/main/java/org/elasticsearch/cluster/routing/allocation/decider/SameShardAllocationDecider.java","16","0","1","2","55","99","0"
"netty","174f4ea005e448785725034223dc757cfe146976","codec-http/src/main/java/io/netty/handler/codec/http/HttpServerKeepAliveHandler.java","16","0","1","2","61","129","0"
"netty","b041f1a7a92f200cf02cd9a208a5033e143b1e39","codec-http/src/main/java/io/netty/handler/codec/http/HttpServerKeepAliveHandler.java","16","0","1","2","61","129","0"
"netty","464ae9fb7a1710c63646467fd0ca34c78bd1747a","codec-http/src/main/java/io/netty/handler/codec/http/HttpServerKeepAliveHandler.java","16","0","1","2","61","129","1"
"elasticsearch","728e0e2a2eb4cbb93b87fc22a3e84fddea2a0635","src/main/java/org/elasticsearch/search/aggregations/metrics/valuecount/ValueCountParser.java","16","0","1","2","74","109","0"
"elasticsearch","d14e06ce515862ba941308ff80711c98e0fd4be0","core/src/main/java/org/apache/lucene/search/vectorhighlight/CustomFieldQuery.java","16","0","1","2","78","116","1"
"elasticsearch","af222dc75c2736d9de79ea7f376f0606f8a02305","modules/elasticsearch/src/main/java/org/elasticsearch/index/analysis/CustomAnalyzerProvider.java","16","0","1","2","85","121","0"
"netty","aa8f7b395b3808dfd19d3371ad5d9a59a788e8ed","codec-dns/src/main/java/io/netty/handler/codec/dns/DefaultDnsRecordDecoder.java","16","0","1","2","99","176","1"
"hazelcast","3845f3a3400be23715370142b60c0a2ee0e0c5c2","hazelcast/src/main/java/com/hazelcast/query/impl/IndexImpl.java","16","0","1","20","148","214","1"
"elasticsearch","a44655763e150522d58cbd8113fb1b30a475b8c7","core/src/main/java/org/elasticsearch/index/engine/ShadowEngine.java","16","0","1","20","194","281","0"
"hazelcast","a7ec759936b5ee731affea3d124296616924c2d4","hazelcast-client/src/main/java/com/hazelcast/client/proxy/ClientScheduledExecutorProxy.java","16","0","1","20","302","386","0"
"hazelcast","6fa5ee1ea9925bb0601d3c883aea79514fae4cf8","hazelcast/src/main/java/com/hazelcast/query/impl/IndexImpl.java","16","0","1","21","151","219","0"
"BroadleafCommerce","9391972b70e1796e934f55c53390adf0e0447d33","core/broadleaf-framework/src/main/java/org/broadleafcommerce/core/search/service/solr/SolrHelperServiceImpl.java","16","0","1","21","199","269","8"
"hazelcast","c2a7459a4d32314ac44789ad71cba56032048e8a","hazelcast-client-new/src/main/java/com/hazelcast/client/proxy/ClientReplicatedMapProxy.java","16","0","1","21","289","353","4"
"hazelcast","dc17443670da541578f177d36f6b24c57a7f31b4","hazelcast-client-new/src/main/java/com/hazelcast/client/proxy/ClientReplicatedMapProxy.java","16","0","1","21","289","353","4"
"hazelcast","8aad5200f5667461d3959dacaa6d5d179d7b2add","hazelcast-client-new/src/main/java/com/hazelcast/client/proxy/ClientReplicatedMapProxy.java","16","0","1","21","289","353","0"
"hazelcast","d38202141395360399c9cf97d4453adf5b1581e1","hazelcast-client-new/src/main/java/com/hazelcast/client/proxy/ClientReplicatedMapProxy.java","16","0","1","21","295","359","1"
"hazelcast","2475bbf60216363d3022a2ace31d1d24a39a2183","hazelcast/src/test/java/com/hazelcast/cache/BasicCacheTest.java","16","0","1","21","434","543","1"
"hazelcast","d3cbff0d7e617a66083ec64627708734262e3757","hazelcast/src/test/java/com/hazelcast/cache/BasicCacheTest.java","16","0","1","21","434","543","1"
"hazelcast","f745f9d46756c8cc57388c8172c0eafbd70c9c46","hazelcast/src/test/java/com/hazelcast/cache/BasicCacheTest.java","16","0","1","21","434","543","1"
"hazelcast","0397d6e2c44ad20946cf32ae695b8bead6819d21","hazelcast/src/test/java/com/hazelcast/cache/BasicCacheTest.java","16","0","1","21","434","543","0"
"BroadleafCommerce","f7697b8e37d1a55de51133c3084af055c3eebf10","core/broadleaf-framework/src/main/java/org/broadleafcommerce/core/search/service/solr/SolrHelperServiceImpl.java","16","0","1","23","207","279","9"
"orientdb","d29612b2f916e601d35317725979f2535c8a02c4","tests/src/test/java/com/orientechnologies/orient/test/database/auto/SQLUpdateTest.java","16","0","1","23","422","601","0"
"hazelcast","96aabf3361ceca9decf3ebdec94a8411b0dfa839","hazelcast/src/main/java/com/hazelcast/queue/QueueService.java","16","0","1","24","227","279","2"
"elasticsearch","c9ff9a6930e83ac14a7160c149e16683c7d178cc","src/main/java/org/elasticsearch/script/groovy/GroovyScriptEngineService.java","16","0","1","24","256","344","1"
"neo4j","4d3b5cd40762b26828c47787e6547cc1ea90238b","community/kernel/src/test/java/org/neo4j/kernel/impl/transaction/state/NodeLabelsFieldTest.java","16","0","1","24","425","604","0"
"neo4j","e5ea526b14ce752e94a5460b1c85bf4567d8f97d","community/common/src/test/java/org/neo4j/kernel/lifecycle/LifeSupportTest.java","16","0","1","24","470","583","1"
"neo4j","b3fe6de9253014a4e84eb42f64e80e236e1b9f43","enterprise/cluster/src/main/java/org/neo4j/cluster/protocol/cluster/ClusterConfiguration.java","16","0","1","25","230","291","0"
"elasticsearch","e1efd5f6baf8dec1c23c79b346b8a29f234a98bb","core/src/main/java/org/elasticsearch/gateway/TransportNodesListGatewayStartedShards.java","16","0","1","28","246","321","1"
"orientdb","7e6d055e47b83730ea6afea09b9001e7a784ac0f","server/src/main/java/com/orientechnologies/orient/server/network/protocol/http/command/post/OServerCommandPostImportDatabase.java","16","0","1","3","101","134","0"
"hazelcast","ab53c851056eb80d6704dd98afcd079ef440bb20","hazelcast/src/test/java/com/hazelcast/test/starter/HazelcastAPIDelegatingClassloader.java","16","0","1","3","108","163","0"
"orientdb","202ca5e408bdf2c426b446e8369a915997e6b503","core/src/test/java/com/orientechnologies/orient/core/storage/impl/local/paginated/wal/WriteAheadLogConcurrencyTest.java","16","0","1","3","111","145","1"
"orientdb","c902353d86924562826c9114fd6a1242a65ada6d","core/src/test/java/com/orientechnologies/orient/core/storage/impl/local/paginated/wal/WriteAheadLogConcurrencyTest.java","16","0","1","3","112","146","0"
"BroadleafCommerce","53b1eafe914c9767c0942a5b5c2e070c858478d6","core/broadleaf-framework-web/src/main/java/org/broadleafcommerce/core/web/api/wrapper/OrderPaymentWrapper.java","16","0","1","3","114","168","1"
"elasticsearch","9b5c74d43e652a46deaaa66721de89c606dcbcf7","src/main/java/org/elasticsearch/search/facet/terms/strings/TermsStringFacetExecutor.java","16","0","1","3","115","163","0"
"BroadleafCommerce","3c781f03c369f38991038db7b7e5107b290aa80e","core/broadleaf-framework-web/src/main/java/org/broadleafcommerce/core/web/api/wrapper/OrderPaymentWrapper.java","16","0","1","3","115","170","0"
"elasticsearch","d05b4ef7692e3cee6df740b640de5e6e817e8014","src/test/java/org/elasticsearch/tribe/TribeTests.java","16","0","1","3","133","184","2"
"elasticsearch","965620c3ffc6e10b1e5598609f511d0716c0ea0e","src/test/java/org/elasticsearch/tribe/TribeTests.java","16","0","1","3","135","186","1"
"hazelcast","a0250a7f6ea4ad197a9c74b6be4fc550cdbf5c13","hazelcast/src/main/java/com/hazelcast/spi/impl/operationservice/impl/InboundResponseHandler.java","16","0","1","3","137","180","0"
"netty","5fb18e3415377fd022ac46d3a898b905617cf232","codec-http2/src/main/java/io/netty/handler/codec/http2/InboundHttp2ToHttpPriorityAdapter.java","16","0","1","3","137","212","0"
"netty","6e5b25733f49d2ea843a89b4d547b856142212ec","codec-http2/src/main/java/io/netty/handler/codec/http2/InboundHttp2ToHttpPriorityAdapter.java","16","0","1","3","139","214","1"
"elasticsearch","c4fe8e7bf23f62c25f3d1ebd35de3fe716c45e9a","core/src/main/java/org/elasticsearch/indices/recovery/RecoverySource.java","16","0","1","3","169","231","0"
"elasticsearch","eb36b82de48750777172ecdc3b019de32535e3f4","core/src/main/java/org/elasticsearch/indices/recovery/PeerRecoverySourceService.java","16","0","1","3","169","231","0"
"elasticsearch","29f63c78cc2c57fe1b804a81424bdb37a2f73d55","core/src/main/java/org/elasticsearch/indices/recovery/PeerRecoverySourceService.java","16","0","1","3","169","231","1"
"elasticsearch","2fa1c9fff14adbdbbd373c5b39b553c55e3738f7","core/src/main/java/org/elasticsearch/indices/recovery/PeerRecoverySourceService.java","16","0","1","3","169","232","0"
"elasticsearch","71849668e9d05fa72efabb83654aa5a3293c309b","src/test/java/org/elasticsearch/test/integration/document/BulkTests.java","16","0","1","3","251","292","1"
"neo4j","9a371bafe80ceb4e6cdc8502fbd22f9f8ec3d59d","enterprise/core-edge/src/main/java/org/neo4j/coreedge/server/core/EnterpriseCoreEditionModule.java","16","0","1","3","610","755","1"
"titan","a1e70246868f0fc9e3e6e1bd454f2b0b13170c3b","src/main/java/com/thinkaurelius/titan/graphdb/query/DisjunctiveQueryIterator.java","16","0","1","3","62","80","1"
"titan","ed88d7286080492045efafb45a69fa4cb6eeb94d","src/main/java/com/thinkaurelius/titan/graphdb/query/DisjunctiveQueryIterator.java","16","0","1","3","63","81","0"
"elasticsearch","1af38cf3f3b50cef27044e5e173995c2403befb1","src/main/java/org/elasticsearch/index/query/ExistsFilterParser.java","16","0","1","3","76","118","0"
"elasticsearch","3616ed6dddf69787bdc673652a643455b7cbffac","src/main/java/org/elasticsearch/gateway/s3/S3Gateway.java","16","0","1","3","80","116","1"
"elasticsearch","120560bd0acc6d2502836c1f96fd14db7bc491b9","src/main/java/org/elasticsearch/index/query/PrefixQueryParser.java","16","0","1","3","85","120","0"
"elasticsearch","89ac4d108abab7d6c14bf3b53f266e18aa6deed9","modules/elasticsearch/src/main/java/org/elasticsearch/rest/RestController.java","16","0","1","3","87","122","0"
"elasticsearch","57108c8575b39e7b6c0e7c2ca4bf20f03e6d0912","modules/elasticsearch/src/main/java/org/elasticsearch/rest/RestController.java","16","0","1","3","88","126","0"
"elasticsearch","fcdd2ba11c5f2ef68144086806c372127e176fb0","modules/elasticsearch/src/main/java/org/elasticsearch/common/lucene/docset/AndDocIdSet.java","16","0","1","3","98","145","0"
"elasticsearch","0be5c60bcec582991c2964cb9c545e3d8a3ab6cf","src/test/java/org/elasticsearch/aliases/IndexAliasesTests.java","16","0","1","33","786","981","5"
"netty","cf4d25823c5ec8328e4b7e156330eabe20071084","buffer/src/main/java/io/netty/buffer/UnpooledHeapByteBuf.java","16","0","1","36","339","430","2"
"orientdb","9b12a3a13dd510af87cd280313523c509bb60cca","core/src/main/java/com/orientechnologies/orient/core/sql/OCommandExecutorSQLCreateUser.java","16","0","1","4","120","158","0"
"elasticsearch","90c2b3a384c036e7f9345b2586e69fda056387fd","core/src/test/java/org/elasticsearch/index/mapper/FieldTypeTestCase.java","16","0","1","4","125","168","1"
"elasticsearch","086ea53a3e965bbebe33dfb899182838e91109ca","core/src/main/java/org/elasticsearch/common/lucene/all/AllTermQuery.java","16","0","1","4","183","237","0"
"elasticsearch","ec86d2cd3e3ef34f66bb4e50db38cff66aff89ac","src/test/java/org/elasticsearch/search/aggregations/bucket/ChildrenTests.java","16","0","1","4","215","274","0"
"hazelcast","660bbd97d28d2282bc4ac0bc66a5405e89cd0813","hazelcast-client/src/main/java/com/hazelcast/client/proxy/ClientMapReduceProxy.java","16","0","1","4","256","320","0"
"hazelcast","d568e4d926d925d57d4e79e34614390416749301","hazelcast-client/src/main/java/com/hazelcast/client/proxy/ClientMapReduceProxy.java","16","0","1","4","256","320","0"
"hazelcast","f5b5e658ea42c43530cc3fd5e132e2fe503ab8b4","hazelcast-client/src/main/java/com/hazelcast/client/proxy/ClientMapReduceProxy.java","16","0","1","4","256","320","0"
"hazelcast","6adb137d7e8b6abd4405ab26337072a54017cabc","hazelcast-client/src/main/java/com/hazelcast/client/proxy/ClientMapReduceProxy.java","16","0","1","4","256","320","1"
"hazelcast","70d4de16ff0ac4518d09aad8c9f2ad9e782fb337","hazelcast-client/src/main/java/com/hazelcast/client/proxy/ClientMapReduceProxy.java","16","0","1","4","256","320","1"
"neo4j","9c79c33600e5511ac1320496d1bdd614808a973c","enterprise/core-edge/src/main/java/org/neo4j/coreedge/server/core/EnterpriseCoreEditionModule.java","16","0","1","4","618","762","1"
"neo4j","886dbb454deaae6adcb4ff26e76f6e225eedca55","enterprise/core-edge/src/main/java/org/neo4j/coreedge/server/core/EnterpriseCoreEditionModule.java","16","0","1","4","621","768","0"
"orientdb","46bbcabde62c2b9e61ebaf45dc23f16d9dee7f02","core/src/main/java/com/orientechnologies/orient/core/sql/filter/OSQLFilter.java","16","0","1","4","75","118","1"
"orientdb","136db63960bbf53514691bf5a0bb8361a5ea5361","core/src/main/java/com/orientechnologies/orient/core/sql/filter/OSQLFilter.java","16","0","1","4","76","120","0"
"mcMMO","93548317293e2c6c5195544b99d4ce7d900abea1","src/main/java/com/gmail/nossr50/skills/swords/SwordsManager.java","16","0","1","4","78","110","0"
"elasticsearch","f5b3c08df27813a6f0de09a4d93bc0a71ed855ac","src/main/java/org/elasticsearch/index/query/ExistsFilterParser.java","16","0","1","4","80","125","0"
"elasticsearch","af222dc75c2736d9de79ea7f376f0606f8a02305","modules/elasticsearch/src/main/java/org/elasticsearch/search/facet/FacetPhase.java","16","0","1","4","85","125","0"
"elasticsearch","3e0532a0c549c1ffb52f34307e24b2662819b75d","core/src/main/java/org/elasticsearch/common/settings/loader/XContentSettingsLoader.java","16","0","1","4","85","126","1"
"elasticsearch","3b2d4032923c0708a09ed7a32b2d316f2432f91d","src/main/java/org/elasticsearch/common/settings/loader/XContentSettingsLoader.java","16","0","1","4","91","132","0"
"hazelcast","811586187f0af08cfb2c1585e76a14f72b01effc","hazelcast/src/main/java/com/hazelcast/util/SortingUtil.java","16","0","1","4","97","141","1"
"netty","3a4d64bb8404f59861acddec954b4ed3aa02f97b","codec-http/src/main/java/io/netty/handler/codec/http/multipart/MixedAttribute.java","16","0","1","42","235","304","1"
"hazelcast","e78b610375a31d161665d2990bb6baa41933e0ee","hazelcast-client/src/main/java/com/hazelcast/client/HazelcastClient.java","16","0","1","43","319","397","0"
"orientdb","c05d5e757abcfd480b6daf476680f5eb0ebb9a1b","core/src/test/java/com/orientechnologies/orient/core/sql/OCommandExecutorSQLSelectTest.java","16","0","1","43","513","660","3"
"antlr4","29c2712ae1eee9575324db48c2f72c7cb0d28308","tool/test/org/antlr/v4/test/tool/TestGraphNodes.java","16","0","1","43","803","907","0"
"orientdb","24809d2aae442de50d75bfe65409eae12021ad78","core/src/test/java/com/orientechnologies/orient/core/sql/OCommandExecutorSQLSelectTest.java","16","0","1","44","520","670","2"
"netty","caa15050204c9757f2a3e34511cf1d9d8447cd9c","codec-http/src/main/java/io/netty/handler/codec/http/multipart/MixedAttribute.java","16","0","1","45","246","318","0"
"hazelcast","490031a220076fe6cf002b209e986e2edbad57b9","hazelcast-client/src/main/java/com/hazelcast/client/HazelcastClient.java","16","0","1","48","414","501","1"
"hazelcast","42e5849f7ebce11fa76d0780610fba85b1818987","hazelcast-client/src/main/java/com/hazelcast/client/HazelcastClient.java","16","0","1","49","431","521","0"
"hazelcast","54b6def84288703e393bd992a81cb89a2d49579f","hazelcast-client/src/main/java/com/hazelcast/client/HazelcastClient.java","16","0","1","49","433","523","2"
"hazelcast","9921a397c74ee52fe47749f487779b4a01a4fcff","hazelcast-client/src/main/java/com/hazelcast/client/HazelcastClient.java","16","0","1","49","433","523","1"
"hazelcast","c585a85875747b4abb775aa326c26bcf546a7e44","hazelcast-client/src/main/java/com/hazelcast/client/HazelcastClient.java","16","0","1","49","433","523","1"
"hazelcast","cc523f840cbdc923b877ed2973125e3b46dce793","hazelcast-client/src/main/java/com/hazelcast/client/HazelcastClient.java","16","0","1","49","433","523","2"
"hazelcast","fb7193109a7b7ad79fb0bdbded7a7283f217273b","hazelcast-client/src/main/java/com/hazelcast/client/HazelcastClient.java","16","0","1","49","433","523","1"
"hazelcast","86a23c8d6f1b06ab1829e133535a6891e6ed00dc","hazelcast-client/src/main/java/com/hazelcast/client/HazelcastClient.java","16","0","1","49","433","523","0"
"hazelcast","8abd442f52604f881a8f707a91f3ca9688d79c0d","hazelcast-client/src/main/java/com/hazelcast/client/HazelcastClient.java","16","0","1","49","433","523","0"
"hazelcast","c3c3c0dca59fc9142077f60fd4f9b1212ece4c0d","hazelcast-client/src/main/java/com/hazelcast/client/HazelcastClient.java","16","0","1","49","433","523","0"
"elasticsearch","98deb5537f3fabaff8b184e1bb79e85b2a27d01a","src/main/java/org/elasticsearch/action/search/type/TransportSearchHelper.java","16","0","1","5","106","143","0"
"BroadleafCommerce","ffdf8a2a26b7a2600dd1c944ee76688255a89237","admin/broadleaf-admin-module/src/main/java/org/broadleafcommerce/admin/server/service/handler/SkuRestrictionFactoryImpl.java","16","0","1","5","132","168","0"
"BroadleafCommerce","7a1e00c6d07d286a6ff5b354caeb3f3396dbdab6","admin/broadleaf-admin-module/src/main/java/org/broadleafcommerce/admin/server/service/handler/SkuRestrictionFactoryImpl.java","16","0","1","5","132","171","0"
"elasticsearch","c20d4bb69ed29cf11a747f0fdc40ce4237f79ce4","src/main/java/org/elasticsearch/common/lucene/all/AllTermQuery.java","16","0","1","5","138","213","1"
"neo4j","d42831f6bb447e7d96ec7c5f0945ba683ba57a97","community/kernel/src/main/java/org/neo4j/unsafe/impl/batchimport/input/csv/InputEntityDeserializer.java","16","0","1","5","154","203","1"
"elasticsearch","12a2e761c59121b21f12ae93f7eeace83b42e314","src/test/java/org/elasticsearch/search/aggregations/bucket/ChildrenTests.java","16","0","1","5","224","285","1"
"elasticsearch","79939222e465543f128fd6b1d46c06eefee7c1ef","modules/elasticsearch/src/main/java/org/elasticsearch/search/facet/range/KeyValueRangeFacetCollector.java","16","0","1","5","97","145","0"
"elasticsearch","0d570352ddd07478c5744856e3b33b23d00cdff5","core/src/main/java/org/elasticsearch/common/util/iterable/Iterables.java","16","0","1","6","108","148","0"
"netty","ce6931e0e51096c5b6f1fc23ac939fb95ee70bc1","transport-native-epoll/src/main/java/io/netty/channel/epoll/EpollDomainSocketChannel.java","16","0","1","6","133","184","0"
"hazelcast","38b2c580dfaed82068f5137d2d84929eae461780","hazelcast/src/main/java/com/hazelcast/quorum/impl/QuorumImpl.java","16","0","1","6","145","213","0"
"elasticsearch","4a48b93cf5e35017b635256720e5f767c9583715","src/test/java/org/apache/lucene/queries/BlendedTermQueryTest.java","16","0","1","6","188","226","0"
"elasticsearch","6c34452409d2cc468daced1811db60cd81c6fe95","core/src/test/java/org/elasticsearch/index/query/HasParentQueryBuilderTests.java","16","0","1","6","202","255","1"
"elasticsearch","f35bad808c29932b566ec26cab34f32d1129730a","core/src/test/java/org/elasticsearch/index/query/HasParentQueryBuilderTests.java","16","0","1","6","203","256","2"
"elasticsearch","fdef88debb84af1ac82562ee60bc353dccd24027","modules/test/integration/src/test/java/org/elasticsearch/test/integration/percolator/SimplePercolatorTests.java","16","0","1","6","206","273","0"
"elasticsearch","b039360d2ea974b9827df90ee7d425ca15c638d6","core/src/test/java/org/elasticsearch/index/query/HasParentQueryBuilderTests.java","16","0","1","6","211","267","2"
"elasticsearch","3b967040da249ce58e848e7c00dad11b42eb3c9f","modules/test/integration/src/test/java/org/elasticsearch/test/integration/percolator/SimplePercolatorTests.java","16","0","1","6","212","280","0"
"elasticsearch","fcbba930a4643f830d8150b76dc15d573d5659d8","src/test/java/org/elasticsearch/search/aggregations/bucket/ChildrenTests.java","16","0","1","6","279","347","0"
"elasticsearch","3df3259a747c6db2d778bba78a485e584ecafbaa","src/test/java/org/elasticsearch/search/aggregations/bucket/ChildrenTests.java","16","0","1","6","282","351","1"
"antlr4","507f331bd08bc01c213822508d18bbc4ba769db4","runtime/Java/src/org/antlr/v4/runtime/misc/Utils.java","16","0","1","6","78","121","1"
"elasticsearch","10ec2e948a2f1426a5058ca3b2c2e39952f141d8","src/main/java/org/elasticsearch/ExceptionsHelper.java","16","0","1","6","81","114","0"
"elasticsearch","28ae4d63937f64d4d70c3646191b06f8f303f0a5","src/main/java/org/elasticsearch/ExceptionsHelper.java","16","0","1","6","81","114","0"
"elasticsearch","fa16969360ea43667ad11f827bbf86718c18fcc6","src/main/java/org/elasticsearch/ExceptionsHelper.java","16","0","1","6","81","114","1"
"netty","985fa97c9be85270a304d385774593f6ee20fa31","codec/src/main/java/io/netty/handler/codec/ByteToMessageDecoder.java","16","0","1","7","105","149","1"
"elasticsearch","ea91adf6a1ed28c1a93a6c5d38a6e02ed295ed07","src/main/java/org/elasticsearch/cloud/aws/blobstore/S3BlobContainer.java","16","0","1","7","109","147","0"
"orientdb","2d1ae0228d8a0dcc1aa1b3239980ab80684f78cc","core/src/main/java/com/orientechnologies/orient/core/sql/functions/stat/OSQLFunctionPercentile.java","16","0","1","7","110","159","0"
"hazelcast","9edbd691f39c17c7f27c61d98fecac0690969b47","hazelcast-client/src/main/java/com/hazelcast/client/spi/ClientProxy.java","16","0","1","7","116","166","1"
"elasticsearch","eb956e7c091a02924c9a640d5a17d389f0e5ff3b","src/main/java/org/elasticsearch/index/search/child/ParentQuery.java","16","0","1","7","216","285","0"
"elasticsearch","cc6c07365c89e1608b78a46af7744a67ff5277a1","src/main/java/org/elasticsearch/index/search/child/ParentQuery.java","16","0","1","7","216","286","0"
"neo4j","e5db6293c3260f28a9a9ecdd0970352162530f13","integrationtests/src/test/java/org/neo4j/bolt/SessionResetIT.java","16","0","1","7","276","362","0"
"elasticsearch","16d8f3ce813192181299fe193c27f2de8459d21e","src/test/java/org/elasticsearch/search/aggregations/bucket/ChildrenTests.java","16","0","1","7","327","400","0"
"elasticsearch","d094042b08bb99bffa1744bac1dd2df1da6a37ff","src/test/java/org/elasticsearch/test/integration/search/geo/GeoFilterTests.java","16","0","1","7","383","569","1"
"elasticsearch","84fa9ead4d19aceed4540ccd44c06c37fd629da2","src/test/java/org/elasticsearch/test/integration/search/geo/GeoFilterTests.java","16","0","1","7","398","590","0"
"elasticsearch","9ca5e6e3e12cf4f13eb6ed0140d9073ba89c61c9","src/main/java/org/elasticsearch/ExceptionsHelper.java","16","0","1","7","89","124","1"
"netty","81e2db10faaf0389f4e1af8c7132210946203157","codec/src/main/java/io/netty/handler/codec/ByteToMessageDecoder.java","16","0","1","8","109","154","0"
"elasticsearch","c3f1982f21150336f87b7b4def74e019e8bdac18","src/main/java/org/elasticsearch/search/aggregations/bucket/nested/NestedAggregator.java","16","0","1","8","128","180","5"
"elasticsearch","f8294352f7f25a8439e0275be793f01468a3081a","src/main/java/org/elasticsearch/search/aggregations/bucket/nested/NestedAggregator.java","16","0","1","8","131","190","3"
"elasticsearch","385c43c14104ad07a5c5cbafcef7c89b5789a39f","src/main/java/org/elasticsearch/search/aggregations/bucket/nested/ReverseNestedAggregator.java","16","0","1","8","132","181","1"
"hazelcast","e1b69c53ca4923affcd7722f012a80e32517e988","hazelcast/src/test/java/com/hazelcast/cluster/JoinStressTest.java","16","0","1","8","211","276","0"
"elasticsearch","dedbedbb77511d470b1ceddb8ce6e58489599d26","modules/test/integration/src/test/java/org/elasticsearch/test/integration/search/highlight/HighlighterSearchTests.java","16","0","1","8","260","355","1"
"elasticsearch","5eeac2fdf6c108e2f9b6305b6577a77e5290ad9e","src/test/java/org/elasticsearch/tribe/TribeTests.java","16","0","1","8","282","365","1"
"orientdb","24809d2aae442de50d75bfe65409eae12021ad78","core/src/main/java/com/orientechnologies/orient/core/sql/parser/OExpression.java","16","0","1","8","66","101","0"
"titan","d39591ed87e4e2f0c854e1e9942af37cd070e2e5","titan-core/src/main/java/com/thinkaurelius/titan/graphdb/relations/CacheProperty.java","16","0","1","9","101","128","0"
"titan","7181d969d170523ab94e96f8b9c53713a76ef0ad","titan-core/src/main/java/com/thinkaurelius/titan/graphdb/relations/CacheEdge.java","16","0","1","9","103","135","1"
"titan","7d69240e324cb5c2bef71a25dc88fbead1697308","titan-core/src/main/java/com/thinkaurelius/titan/graphdb/relations/CacheEdge.java","16","0","1","9","104","131","1"
"elasticsearch","284491d87473878574be81d912b9548eb57cc673","src/main/java/org/elasticsearch/search/aggregations/bucket/nested/NestedAggregator.java","16","0","1","9","117","164","1"
"BroadleafCommerce","d2254cf438ab766ee82e5a464c83c8d618cb170e","core/broadleaf-framework/src/main/java/org/broadleafcommerce/core/offer/domain/OfferItemCriteriaImpl.java","16","0","1","9","123","166","0"
"BroadleafCommerce","7396a00597659af0f9db6b1d6a82656aada4d876","admin/broadleaf-open-admin-platform/src/main/java/org/broadleafcommerce/openadmin/server/security/dao/AdminNavigationDaoImpl.java","16","0","1","9","148","202","0"
"orientdb","b2591aeb503daa734eb311180aad6dba1faa2bd1","graphdb/src/test/java/com/tinkerpop/blueprints/impls/orient/OrientGraphRemoteTest.java","16","0","1","9","153","204","0"
"orientdb","2228c1302483104febb0712814a9865ae5b48cb4","graphdb/src/test/java/com/tinkerpop/blueprints/impls/orient/OrientGraphRemoteTest.java","16","0","1","9","157","222","1"
"orientdb","de410aa8d3455b55f3c39e49780136c0b6c5e64b","graphdb/src/test/java/com/tinkerpop/blueprints/impls/orient/OrientGraphRemoteTest.java","16","0","1","9","157","223","0"
"elasticsearch","49c09f1527ff0560c432b07c2e8c3ca72a21adc9","core/src/main/java/org/elasticsearch/common/rounding/TimeZoneRounding.java","16","0","1","9","198","269","2"
"elasticsearch","371c73e14023917f3892090d2d3d7ff9ac1216b9","core/src/main/java/org/elasticsearch/common/rounding/TimeZoneRounding.java","16","0","1","9","199","270","4"
"titan","56e64ff140b2219f9dd637d6241763c8c43aa45f","titan-core/src/main/java/com/thinkaurelius/titan/graphdb/relations/CacheVertexProperty.java","16","0","1","9","99","129","0"
"netty","0065006824005f711136467b211b06abf17e8562","codec-http/src/main/java/io/netty/handler/codec/http/websocketx/WebSocketServerHandshaker.java","16","0","10","0","135","281","0"
"netty","9c1b31d20a2a6f913802f4200e6910f32990634e","codec-http/src/main/java/io/netty/handler/codec/http/websocketx/WebSocketServerHandshaker.java","16","0","10","0","135","281","0"
"netty","39b57b889cf77f38b25f45bd38fad58d22a4bb73","codec-http/src/main/java/io/netty/handler/codec/http/websocketx/WebSocketServerHandshaker.java","16","0","10","0","135","281","1"
"netty","824bb3419a4f44980374b4f73bbf5063ac567f1e","codec-http/src/main/java/io/netty/handler/codec/http/websocketx/WebSocketServerHandshaker.java","16","0","10","0","137","276","1"
"netty","328969485cf164b0c646c990c12a74479864745b","codec-http/src/main/java/io/netty/handler/codec/http/websocketx/WebSocketServerHandshaker.java","16","0","10","0","137","283","0"
"BroadleafCommerce","11b9bbc3f26a276b1394b183501971f50b0bc40a","admin/broadleaf-open-admin-platform/src/main/java/org/broadleafcommerce/openadmin/server/domain/PersistencePackageRequest.java","16","0","10","71","397","567","1"
"titan","37491a904e67614fbac185f651adbc0e9d405b4b","titan-core/src/main/java/com/thinkaurelius/titan/core/TitanFactory.java","16","0","11","0","148","289","1"
"titan","3b4dd304515746e895b4ea7cd1728c0bcfd5d460","titan-core/src/main/java/com/thinkaurelius/titan/core/TitanFactory.java","16","0","11","0","151","293","0"
"elasticsearch","d356881664dc7ce60f46aaed4d910f87be3cfea9","src/main/java/org/elasticsearch/action/search/SearchResponse.java","16","0","11","10","179","272","0"
"elasticsearch","fad5e2d0e10e6c0ffb03a18bc38019e35bf05c6c","src/main/java/org/elasticsearch/action/search/SearchResponse.java","16","0","11","10","182","275","1"
"elasticsearch","24bc8d331eb28a686233573bdcaf9cadd9a6dc5b","src/main/java/org/elasticsearch/indices/recovery/RecoveryStatus.java","16","0","11","12","209","329","1"
"elasticsearch","0a69f1e283e26e5d9e6a000b68b9f4778de557a1","core/src/main/java/org/elasticsearch/common/settings/Setting.java","16","0","11","18","302","474","2"
"elasticsearch","13a347239a48d71486692a72c066e940dec8921b","core/src/test/java/org/elasticsearch/test/transport/MockTransportService.java","16","0","11","28","344","498","2"
"elasticsearch","41d8fbe8f51abd499c9b497238bc5f2141b7926b","core/src/test/java/org/elasticsearch/test/transport/MockTransportService.java","16","0","11","33","374","529","1"
"elasticsearch","432628086fcbd09275013600ac0a112323c109ac","src/main/java/org/elasticsearch/common/io/Streams.java","16","0","11","7","164","307","0"
"orientdb","934043fd762eb74dcecdbac5c11480573daecf50","jdbc/src/main/java/com/orientechnologies/orient/jdbc/OrientBlob.java","16","0","12","0","136","273","1"
"orientdb","934043fd762eb74dcecdbac5c11480573daecf50","jdbc/src/main/java/com/orientechnologies/orient/jdbc/OrientBlob.java","16","0","12","0","136","273","1"
"orientdb","d3585efaa5485c48a4230a6af76baa2d6e210afa","jdbc/src/main/java/com/orientechnologies/orient/jdbc/OrientBlob.java","16","0","12","0","136","273","2"
"orientdb","5977ae591f2a31b464d8f1cb1d63bdfe49741c2c","jdbc/src/main/java/com/orientechnologies/orient/jdbc/OrientBlob.java","16","0","12","0","136","273","0"
"elasticsearch","977712f9773c3eecea3958a5b8ddf934207775a6","core/src/main/java/org/elasticsearch/index/query/QueryShardContext.java","16","0","12","29","261","394","1"
"elasticsearch","cfc106d7213fbdfa78d2c74387586ce2c02d3842","core/src/main/java/org/elasticsearch/indices/recovery/RecoveriesCollection.java","16","0","12","4","192","301","0"
"elasticsearch","74cd32942aa4b023a47079edc794ff8efb6d0a9e","core/src/test/java/org/elasticsearch/search/query/SearchQueryIT.java","16","0","12","41","1525","1915","0"
"orientdb","e7acd768a0bf7e1493375b81bfc0cd5e0d3d5d77","graphdb/src/main/java/com/tinkerpop/blueprints/impls/orient/OrientGraphFactory.java","16","0","13","2","117","235","0"
"orientdb","136db63960bbf53514691bf5a0bb8361a5ea5361","object/src/main/java/com/orientechnologies/orient/object/jpa/OJPAPersistenceUnitInfo.java","16","0","13","23","190","366","0"
"orientdb","46bbcabde62c2b9e61ebaf45dc23f16d9dee7f02","object/src/main/java/com/orientechnologies/orient/object/jpa/OJPAPersistenceUnitInfo.java","16","0","13","23","194","370","1"
"elasticsearch","7f32e8c70772e582f0dcec8495c5bfd9591fa95a","src/main/java/org/elasticsearch/action/admin/indices/mapping/put/PutMappingRequest.java","16","0","13","6","170","279","1"
"elasticsearch","e0e6a58357e7b8c7552fecd3786826b3a6142497","src/main/java/org/elasticsearch/index/query/MoreLikeThisFieldQueryBuilder.java","16","0","14","1","125","218","0"
"elasticsearch","b85bcde640da53f95e6fcc174e0a32333ecd91cf","src/main/java/org/elasticsearch/index/query/MoreLikeThisFieldQueryBuilder.java","16","0","14","1","125","220","0"
"elasticsearch","ffcc710e4eca73e2d15a51c697720dcd76423743","src/main/java/org/elasticsearch/index/query/MoreLikeThisFieldQueryBuilder.java","16","0","14","1","125","220","0"
"elasticsearch","7fd54acd6627b627fdb9caac59dcfb286fc91c4e","src/main/java/org/elasticsearch/index/query/MoreLikeThisFieldQueryBuilder.java","16","0","14","1","125","220","1"
"elasticsearch","9a73a2efb302e008bbff1ba172c7f99e414dc146","core/src/main/java/org/elasticsearch/index/query/QueryShardContext.java","16","0","14","28","275","420","1"
"elasticsearch","726f5dccc06bf1813790b6cc39207a5e30db43a0","core/src/main/java/org/elasticsearch/index/query/QueryShardContext.java","16","0","14","28","278","423","1"
"elasticsearch","b9a90eca20b2406ee7af8033ff6a2a445603520d","core/src/main/java/org/elasticsearch/index/query/QueryShardContext.java","16","0","15","28","279","429","0"
"elasticsearch","2f8def11b5109eb80b47422a200bf7b7e07c8467","core/src/main/java/org/elasticsearch/index/query/QueryShardContext.java","16","0","15","30","277","424","2"
"elasticsearch","82fa531ab4c1fb087d357ff15288c070d7393378","core/src/main/java/org/elasticsearch/index/query/QueryShardContext.java","16","0","16","30","290","439","0"
"hazelcast","5a47cb9e423b8b8ed95d6282d2e7b23e951147fd","hazelcast/src/main/java/com/hazelcast/client/impl/protocol/ClientMessage.java","16","0","17","12","227","441","2"
"hazelcast","c253c4bbc79d4ef029004a12f3b07def89b52b88","hazelcast/src/main/java/com/hazelcast/client/impl/protocol/ClientMessage.java","16","0","17","12","227","441","1"
"hazelcast","de7eeadb70552d48e609f83978b0dbe04dc89c65","hazelcast/src/main/java/com/hazelcast/client/impl/protocol/ClientMessage.java","16","0","17","12","227","441","1"
"hazelcast","3c94770632ce0e807aced6fdb92a2f9207a6583a","hazelcast/src/main/java/com/hazelcast/client/impl/protocol/ClientMessage.java","16","0","17","12","227","441","0"
"mct","9c0bcefc5d92305651ce3e463cd49c952d6d9220","mctcore/src/main/java/gov/nasa/arc/mct/services/component/ViewInfo.java","16","0","17","3","139","315","0"
"neo4j","63a07e800e0ca6fe3078dabe9326554aa8c3f5d6","community/collections/src/main/java/org/neo4j/helpers/collection/MapUtil.java","16","0","19","9","239","445","0"
"netty","08c1f55d3aa572f60a7b2960ebd286a2709faacb","common/src/main/java/io/netty/util/ThreadDeathWatcher.java","16","0","2","0","97","169","1"
"elasticsearch","371c73e14023917f3892090d2d3d7ff9ac1216b9","core/src/main/java/org/elasticsearch/indices/analysis/HunspellService.java","16","0","2","1","125","228","3"
"elasticsearch","78574d248cf10dad1c5a566fda79e1e0c94afe43","core/src/main/java/org/elasticsearch/indices/analysis/HunspellService.java","16","0","2","1","125","228","2"
"elasticsearch","e6aaaf11ed4a1b8f595f920de1840938eddb7a97","core/src/main/java/org/elasticsearch/indices/analysis/HunspellService.java","16","0","2","1","125","228","2"
"elasticsearch","a60b8948ba1d836a6eac7cff095519e618939ed8","core/src/main/java/org/elasticsearch/indices/analysis/HunspellService.java","16","0","2","1","125","228","0"
"hazelcast","e3bcad88a48d45f99979e5ac55d6ef21ebb6a2d2","hazelcast-build-utils/src/main/java/com/hazelcast/buildutils/ElementParser.java","16","0","2","1","51","100","0"
"elasticsearch","5278cf0d5e1afa6cf6d0959e839c0ed2408908f8","core/src/main/java/org/elasticsearch/index/mapper/core/TokenCountFieldMapper.java","16","0","2","10","155","217","1"
"elasticsearch","4a49f4d928d4dedbff0183890d23fa0e9b71b1dc","core/src/main/java/org/elasticsearch/index/mapper/core/TokenCountFieldMapper.java","16","0","2","10","156","216","2"
"elasticsearch","371c73e14023917f3892090d2d3d7ff9ac1216b9","core/src/main/java/org/elasticsearch/search/aggregations/bucket/filters/FiltersAggregator.java","16","0","2","12","160","210","3"
"elasticsearch","78574d248cf10dad1c5a566fda79e1e0c94afe43","core/src/main/java/org/elasticsearch/search/aggregations/bucket/filters/FiltersAggregator.java","16","0","2","12","160","210","2"
"elasticsearch","e6aaaf11ed4a1b8f595f920de1840938eddb7a97","core/src/main/java/org/elasticsearch/search/aggregations/bucket/filters/FiltersAggregator.java","16","0","2","12","160","210","2"
"elasticsearch","a60b8948ba1d836a6eac7cff095519e618939ed8","core/src/main/java/org/elasticsearch/search/aggregations/bucket/filters/FiltersAggregator.java","16","0","2","12","160","210","0"
"hazelcast","2f1f45ee55dd7f2cc96f589e9f61307e5f33c4f4","hazelcast/src/test/java/com/hazelcast/test/TestHazelcastInstanceFactory.java","16","0","2","13","157","210","0"
"elasticsearch","becaff30a893e9ec8bf4e841e6c1df2a22f0979a","core/src/test/java/org/elasticsearch/index/engine/ShadowEngineTests.java","16","0","2","13","731","969","2"
"elasticsearch","2833ad4d6fc65a0104d6311394a01f27e0aac579","core/src/test/java/org/elasticsearch/index/engine/ShadowEngineTests.java","16","0","2","13","734","973","2"
"elasticsearch","028acdd06f2e8aec6c0fbc94e81825c040fb3866","core/src/test/java/org/elasticsearch/index/engine/ShadowEngineTests.java","16","0","2","13","736","976","1"
"netty","ca5554dfe7707d2cce712d1165a648129e0a9c84","transport/src/main/java/io/netty/channel/CombinedChannelDuplexHandler.java","16","0","2","17","159","226","0"
"hazelcast","409ebdef7b6eea5270e425454dc05d0301072780","hazelcast/src/main/java/com/hazelcast/map/impl/mapstore/writebehind/WriteBehindStore.java","16","0","2","17","173","283","0"
"neo4j","02db00065c45019d44b85fc53c820b7de6fddaff","community/kernel/src/main/java/org/neo4j/kernel/impl/transaction/log/PhysicalLogFile.java","16","0","2","18","234","374","1"
"netty","4a5dc3222488db44b0174297f20b83195601cb8d","transport/src/main/java/io/netty/channel/CombinedChannelDuplexHandler.java","16","0","2","19","175","245","1"
"ceylon-ide-eclipse","e2be4da0ab8ded83f49127710961210d6579ba14","plugins/com.redhat.ceylon.eclipse.ui/src/com/redhat/ceylon/eclipse/core/classpath/CeylonProjectModulesInitializer.java","16","0","2","2","101","151","1"
"netty","8cf90f05127e3eda77a8749342709ab5776f7129","codec-dns/src/main/java/io/netty/handler/codec/dns/DefaultDnsRecordDecoder.java","16","0","2","2","101","187","0"
"elasticsearch","7c27d53ee15b4fd411b71a049a204d826960c910","src/main/java/org/elasticsearch/discovery/azure/AzureUnicastHostsProvider.java","16","0","2","2","107","159","2"
"hazelcast","b160352ca4a1035afbf9def0c927ec2570b95466","hazelcast/src/main/java/com/hazelcast/spi/impl/operationservice/impl/BackpressureRegulator.java","16","0","2","2","126","212","0"
"hazelcast","147659349c401e075ac6683084de59c278877df6","hazelcast-client-new/src/main/java/com/hazelcast/client/cache/impl/HazelcastClientCachingProvider.java","16","0","2","2","87","124","1"
"hazelcast","eb27be82590b03ceea87f54d7438710a46c323f0","hazelcast-client/src/main/java/com/hazelcast/client/cache/impl/HazelcastClientCachingProvider.java","16","0","2","2","90","135","1"
"netty","9d4fae308c09a2c759dc67db765d311154c8d977","transport-native-epoll/src/main/java/io/netty/channel/epoll/EpollServerChannelConfig.java","16","0","2","20","159","217","1"
"elasticsearch","41d8fbe8f51abd499c9b497238bc5f2141b7926b","core/src/test/java/org/elasticsearch/cluster/ClusterServiceIT.java","16","0","2","20","875","1072","1"
"elasticsearch","164efaecbe42195f08ada58b5fde927ab21fc6e7","core/src/test/java/org/elasticsearch/cluster/ClusterServiceIT.java","16","0","2","20","876","1073","0"
"netty","3e5dcb5f3efbb26d5e6cf4cd229b03c285d62462","transport-native-epoll/src/main/java/io/netty/channel/epoll/EpollServerChannelConfig.java","16","0","2","21","167","226","0"
"hazelcast","32c992e54122e294d32f424a32ec50f2893d0c10","hazelcast/src/main/java/com/hazelcast/queue/QueueService.java","16","0","2","23","182","239","0"
"elasticsearch","9d6fac809c2f9daf94d9c20a8a206f03e6cbac58","core/src/test/java/org/elasticsearch/common/io/stream/BytesStreamsTests.java","16","0","2","26","481","655","1"
"BroadleafCommerce","bd7a5b556a8832d9eb09ed747b172766c6aae4c4","core/broadleaf-framework-web/src/main/java/org/broadleafcommerce/core/web/order/security/CartStateFilter.java","16","0","2","3","111","204","0"
"BroadleafCommerce","082ec1011974dff9892bc33f90607bc7f2fa7aca","core/broadleaf-framework-web/src/main/java/org/broadleafcommerce/core/web/order/security/CartStateFilter.java","16","0","2","3","119","208","0"
"netty","80cff236e461191d2fd9acf850be728c0415c9e4","codec-http2/src/main/java/io/netty/handler/codec/http2/UniformStreamByteDistributor.java","16","0","2","3","122","208","0"
"netty","6e5b25733f49d2ea843a89b4d547b856142212ec","codec-http2/src/main/java/io/netty/handler/codec/http2/UniformStreamByteDistributor.java","16","0","2","3","125","212","1"
"elasticsearch","4cb21d02a467582fbb9abb51f6720404d1f920c1","src/main/java/org/elasticsearch/index/gateway/IndexShardGateway.java","16","0","2","3","150","194","0"
"hazelcast","1ad8fb64ec2cb71b59aa2fc048d32d5ff28eff81","hazelcast/src/main/java/com/hazelcast/internal/monitors/HealthMonitor.java","16","0","2","3","244","319","1"
"orientdb","34381efb703cf53e336dfd3605533e5ce33e452c","core/src/main/java/com/orientechnologies/orient/core/sql/OCommandExecutorSQLAlterClass.java","16","0","2","3","79","135","2"
"netty","3482651e0c29edfa02f189751c704ebe4fe8f54c","codec-http2/src/main/java/io/netty/handler/codec/http2/UniformStreamByteDistributor.java","16","0","2","4","127","214","0"
"neo4j","1c7b97993abf222aa93945484a0d821619a87119","community/server/src/main/java/org/neo4j/server/rest/domain/PropertySettingStrategy.java","16","0","2","4","145","200","0"
"BroadleafCommerce","844767fcd4198a37cd5f1415a465ef9d8c32995e","admin/broadleaf-contentmanagement-module/src/main/java/org/broadleafcommerce/cms/url/service/URLHandlerServiceImpl.java","16","0","2","5","138","198","0"
"netty","e6ca9882a107c34cf6358c8d7a68561025f06016","codec-http2/src/main/java/io/netty/handler/codec/http2/InboundHttp2ToHttpPriorityAdapter.java","16","0","2","5","144","225","1"
"elasticsearch","636c35d0d41b4c9fd5c8454483fbaaee45ac1d25","src/test/java/org/elasticsearch/test/integration/document/BulkTests.java","16","0","2","5","350","421","0"
"hazelcast","945b0868442af7300617f31669f6adbde0b471e9","hazelcast-hibernate/src/main/java/com/hazelcast/hibernate/access/ReadWriteAccessDelegate.java","16","0","2","6","103","143","1"
"neo4j","f51bd417ccd6051edf8da498f9c5ca7bdf6316e8","community/kernel/src/main/java/org/neo4j/kernel/impl/util/collection/TimedRepository.java","16","0","2","6","142","218","0"
"elasticsearch","371c73e14023917f3892090d2d3d7ff9ac1216b9","core/src/main/java/org/elasticsearch/gateway/GatewayAllocator.java","16","0","2","6","155","208","3"
"elasticsearch","78574d248cf10dad1c5a566fda79e1e0c94afe43","core/src/main/java/org/elasticsearch/gateway/GatewayAllocator.java","16","0","2","6","155","208","2"
"elasticsearch","e6aaaf11ed4a1b8f595f920de1840938eddb7a97","core/src/main/java/org/elasticsearch/gateway/GatewayAllocator.java","16","0","2","6","155","208","2"
"elasticsearch","a60b8948ba1d836a6eac7cff095519e618939ed8","core/src/main/java/org/elasticsearch/gateway/GatewayAllocator.java","16","0","2","6","155","208","0"
"elasticsearch","371c73e14023917f3892090d2d3d7ff9ac1216b9","core/src/main/java/org/elasticsearch/index/analysis/CharMatcher.java","16","0","2","7","105","139","3"
"elasticsearch","78574d248cf10dad1c5a566fda79e1e0c94afe43","core/src/main/java/org/elasticsearch/index/analysis/CharMatcher.java","16","0","2","7","105","139","2"
"elasticsearch","e6aaaf11ed4a1b8f595f920de1840938eddb7a97","core/src/main/java/org/elasticsearch/index/analysis/CharMatcher.java","16","0","2","7","105","139","2"
"elasticsearch","a60b8948ba1d836a6eac7cff095519e618939ed8","core/src/main/java/org/elasticsearch/index/analysis/CharMatcher.java","16","0","2","7","105","139","0"
"elasticsearch","c5a9edf1c7707359d90e29504ef6ff7f86ad548f","core/src/main/java/org/elasticsearch/index/analysis/CharMatcher.java","16","0","2","7","105","139","0"
"elasticsearch","1954f770a1415c4ac2cc2f679ab3b68a3c4778d7","src/main/java/org/elasticsearch/index/merge/policy/IndexUpgraderMergePolicy.java","16","0","2","8","156","222","1"
"elasticsearch","5828796848674b656807406947f050626035845a","core/src/test/java/org/elasticsearch/test/engine/MockEngineSupport.java","16","0","2","8","166","221","0"
"elasticsearch","f0bce08c30fe61ad3f77fce2bc54f9d28af55fbe","src/test/java/org/elasticsearch/indices/mapping/UpdateMappingTests.java","16","0","2","8","356","468","3"
"hazelcast","a68dc474a8182b26c53a5acee17495b7cb19124e","hazelcast/src/main/java/com/hazelcast/internal/networking/nio/NioChannelReader.java","16","0","2","9","158","230","1"
"hazelcast","bd87d7282d11a17e22da684a6fd34f084cbba3d2","hazelcast/src/main/java/com/hazelcast/internal/networking/nio/NioChannelReader.java","16","0","2","9","158","230","1"
"hazelcast","5f62510ee40ba78f3d5a35549e204841e0a0a1c1","hazelcast/src/main/java/com/hazelcast/internal/networking/nio/NioChannelReader.java","16","0","2","9","158","230","0"
"hazelcast","e4601b21245c41ac78d469f2aa8afc10a291448f","hazelcast/src/main/java/com/hazelcast/internal/networking/nio/NioChannelReader.java","16","0","2","9","159","231","0"
"elasticsearch","2e445d3ede953c90e4e1ce69e5f53192115b9dd7","core/src/test/java/org/elasticsearch/test/engine/MockEngineSupport.java","16","0","2","9","170","226","1"
"elasticsearch","13a347239a48d71486692a72c066e940dec8921b","core/src/test/java/org/elasticsearch/test/engine/MockEngineSupport.java","16","0","2","9","172","228","2"
"neo4j","9a371bafe80ceb4e6cdc8502fbd22f9f8ec3d59d","enterprise/core-edge/src/main/java/org/neo4j/coreedge/raft/replication/session/GlobalSessionTrackerState.java","16","0","2","9","186","254","1"
"neo4j","0f09f0c1b2d301e5f762783efb315ef7f09217a9","enterprise/core-edge/src/main/java/org/neo4j/coreedge/raft/state/CoreState.java","16","0","2","9","217","306","0"
"neo4j","51a8b8b5fe4f5a532513a5b11dca330b630108d3","enterprise/core-edge/src/main/java/org/neo4j/coreedge/raft/state/CoreState.java","16","0","2","9","217","306","0"
"neo4j","4bfc15fa4677c16ff97d1a070ea1be7d1661ecf2","enterprise/core-edge/src/main/java/org/neo4j/coreedge/raft/state/CoreState.java","16","0","2","9","217","306","1"
"neo4j","769c4c6b9a0cb5af55c3fbb21842914a7758c1d9","enterprise/core-edge/src/main/java/org/neo4j/coreedge/raft/state/CoreState.java","16","0","2","9","218","308","0"
"elasticsearch","6469f6ef0686496df69332ebd4354be291baa30f","src/test/java/org/elasticsearch/indices/mapping/UpdateMappingTests.java","16","0","2","9","365","478","2"
"elasticsearch","2f6405ee277ec64269dd13fdfbd8445f96b4516d","core/src/test/java/org/elasticsearch/gateway/GatewayIndexStateIT.java","16","0","2","9","405","544","1"
"netty","c6d43667d491cdc8327db000dfe261bea0ad4bbb","codec-http/src/main/java/io/netty/handler/codec/http/websocketx/WebSocketClientHandshaker07.java","16","0","3","0","105","235","1"
"netty","e6ca9882a107c34cf6358c8d7a68561025f06016","codec-http/src/main/java/io/netty/handler/codec/http/websocketx/WebSocketClientHandshaker07.java","16","0","3","0","105","235","1"
"netty","ba6ce5449ee852b782dde9a11933f6a09b123e22","codec-http/src/main/java/io/netty/handler/codec/http/websocketx/WebSocketClientHandshaker07.java","16","0","3","0","105","235","0"
"netty","c6d43667d491cdc8327db000dfe261bea0ad4bbb","codec-http/src/main/java/io/netty/handler/codec/http/websocketx/WebSocketClientHandshaker08.java","16","0","3","0","105","236","1"
"netty","e6ca9882a107c34cf6358c8d7a68561025f06016","codec-http/src/main/java/io/netty/handler/codec/http/websocketx/WebSocketClientHandshaker08.java","16","0","3","0","105","236","1"
"netty","ba6ce5449ee852b782dde9a11933f6a09b123e22","codec-http/src/main/java/io/netty/handler/codec/http/websocketx/WebSocketClientHandshaker08.java","16","0","3","0","105","236","0"
"netty","af4b71a00e30faf86ef1c2365e965e8f04f65bee","codec/src/main/java/io/netty/handler/codec/LineBasedFrameDecoder.java","16","0","3","0","82","143","0"
"elasticsearch","25fd9e26c4fb042d6f6dea14efcd239577bdbbc4","core/src/main/java/org/elasticsearch/action/support/AutoCreateIndex.java","16","0","3","1","106","152","0"
"elasticsearch","72ef6fa0d76984de2a860fb112f10b1ed65c241b","core/src/main/java/org/elasticsearch/action/support/AutoCreateIndex.java","16","0","3","1","107","153","0"
"elasticsearch","0a69f1e283e26e5d9e6a000b68b9f4778de557a1","core/src/main/java/org/elasticsearch/action/support/AutoCreateIndex.java","16","0","3","1","77","114","2"
"elasticsearch","3f9c0fbb58ad2120cbc800d424f4365be287e349","core/src/main/java/org/elasticsearch/action/support/AutoCreateIndex.java","16","0","3","1","77","114","1"
"elasticsearch","5a64f08f048461a63a0ca1354a5050c954e63d52","core/src/main/java/org/elasticsearch/action/support/AutoCreateIndex.java","16","0","3","1","77","114","0"
"elasticsearch","dc5aa993e0cc5d32c683fa86793d103f60b40950","core/src/main/java/org/elasticsearch/index/mapper/TokenCountFieldMapper.java","16","0","3","10","154","221","0"
"hazelcast","c286b98b7d97e53a5254b362ad6d2fbb26411362","hazelcast/src/test/java/com/hazelcast/map/mapstore/MapStoreDataLoadingContinuesWhenNodeJoins.java","16","0","3","12","259","385","0"
"hazelcast","0782ae070ed4bcf6034b0988c50f31d181d06979","hazelcast/src/test/java/com/hazelcast/map/mapstore/MapStoreDataLoadingContinuesWhenNodeJoins.java","16","0","3","12","259","386","3"
"netty","1cb706ac932bab732257e02fc095d91ff7ed3788","codec-http2/src/main/java/io/netty/handler/codec/http2/DefaultHttp2Headers.java","16","0","3","14","163","226","0"
"elasticsearch","0ec7aa449211a956da5f4560c12b925a1edf64b9","src/test/java/org/elasticsearch/plugin/PluginManagerTests.java","16","0","3","18","293","420","1"
"hazelcast","d568e4d926d925d57d4e79e34614390416749301","hazelcast/src/main/java/com/hazelcast/map/impl/record/Records.java","16","0","3","2","105","204","0"
"hazelcast","a9d0ba2e1a38c66174a7d36bd939fd191eea044e","hazelcast/src/test/java/com/hazelcast/map/EntryProcessorBouncingNodesTest.java","16","0","3","2","210","290","0"
"mcMMO","93548317293e2c6c5195544b99d4ce7d900abea1","src/main/java/com/gmail/nossr50/skills/archery/ArcheryManager.java","16","0","3","2","77","122","0"
"BroadleafCommerce","ba1e7371b94b43e849d627741cee556197f57b2d","admin/broadleaf-open-admin-platform/src/main/java/org/broadleafcommerce/openadmin/server/service/persistence/module/provider/HTMLFieldPersistenceProvider.java","16","0","3","2","92","145","0"
"BroadleafCommerce","f9519f5ac9832d1274034596cbcca326328a3406","admin/broadleaf-contentmanagement-module/src/main/java/org/broadleafcommerce/cms/admin/server/persistence/provider/HTMLFieldPersistenceProvider.java","16","0","3","2","93","146","1"
"orientdb","eefe33973dbf95af2f11a44f56ef4d94e9a82bf0","core/src/main/java/com/orientechnologies/orient/core/command/OCommandRequestAbstract.java","16","0","3","24","160","236","1"
"orientdb","e43642ac7d51dbda02d91a16b7024d9f80c6d272","core/src/main/java/com/orientechnologies/orient/core/command/OCommandRequestAbstract.java","16","0","3","26","168","247","0"
"antlr4","8e32d7b695fc26b81833c18a4d70e73a1da1f5e3","tool/src/org/antlr/v4/analysis/LeftRecursiveRuleTransformer.java","16","0","3","3","151","242","1"
"BroadleafCommerce","4331a9afbe546c3a252cafc550444ca0879182b4","admin/broadleaf-contentmanagement-module/src/main/java/org/broadleafcommerce/cms/admin/server/persistence/provider/HTMLFieldPersistenceProvider.java","16","0","3","3","98","152","0"
"elasticsearch","31ecf1db98ba9822ca5eccd23dc3a09a06e91818","src/main/java/org/elasticsearch/common/geo/GeoDistance.java","16","0","3","33","249","371","1"
"elasticsearch","6feeac98c82627a1cdeca91de09148f9c96db51d","src/main/java/org/elasticsearch/common/geo/GeoDistance.java","16","0","3","33","249","371","1"
"elasticsearch","04c16b7ba5658c928b9bdd7201ef41ab151540ae","src/main/java/org/elasticsearch/common/geo/GeoDistance.java","16","0","3","33","249","371","0"
"elasticsearch","c306d8c5f5dc06614aa73cfdc75dcf953863f690","src/main/java/org/elasticsearch/common/geo/GeoDistance.java","16","0","3","33","249","372","0"
"BroadleafCommerce","dad966b6824d161a81f9b2f5ade996d223ec3b49","common/src/main/java/org/broadleafcommerce/common/extensibility/jpa/convert/EntityMarkerClassTransformer.java","16","0","3","4","103","175","0"
"BroadleafCommerce","7380bc2cc48fd73ec717a648dfb51ca5c76ff035","common/src/main/java/org/broadleafcommerce/common/extensibility/jpa/convert/EntityMarkerClassTransformer.java","16","0","3","4","104","176","0"
"elasticsearch","6b23ee80404ea8cb143abd776968854e263275b9","core/src/main/java/org/elasticsearch/search/aggregations/pipeline/bucketmetrics/percentile/PercentilesBucketPipelineAggregationBuilder.java","16","0","3","4","115","169","2"
"elasticsearch","371c73e14023917f3892090d2d3d7ff9ac1216b9","core/src/main/java/org/elasticsearch/search/aggregations/pipeline/bucketmetrics/percentile/PercentilesBucketPipelineAggregatorBuilder.java","16","0","3","4","117","170","3"
"elasticsearch","78574d248cf10dad1c5a566fda79e1e0c94afe43","core/src/main/java/org/elasticsearch/search/aggregations/pipeline/bucketmetrics/percentile/PercentilesBucketPipelineAggregatorBuilder.java","16","0","3","4","117","170","2"
"elasticsearch","e6aaaf11ed4a1b8f595f920de1840938eddb7a97","core/src/main/java/org/elasticsearch/search/aggregations/pipeline/bucketmetrics/percentile/PercentilesBucketPipelineAggregatorBuilder.java","16","0","3","4","117","170","2"
"elasticsearch","a60b8948ba1d836a6eac7cff095519e618939ed8","core/src/main/java/org/elasticsearch/search/aggregations/pipeline/bucketmetrics/percentile/PercentilesBucketPipelineAggregatorBuilder.java","16","0","3","4","117","170","0"
"elasticsearch","319ca8251013be5e2dbec987a716b8e5ea80e4ed","core/src/main/java/org/elasticsearch/search/aggregations/pipeline/bucketmetrics/percentile/PercentilesBucketPipelineAggregatorBuilder.java","16","0","3","4","118","171","0"
"elasticsearch","6941966b1654106ed9249cd01c32bfa2e06b452f","core/src/test/java/org/elasticsearch/common/util/IndexFolderUpgraderTests.java","16","0","3","4","289","346","0"
"elasticsearch","ace83d9d2a97cfe8a8aa9bdd7b46ce71713fb494","core/src/test/java/org/elasticsearch/common/util/IndexFolderUpgraderTests.java","16","0","3","4","289","346","0"
"elasticsearch","e74d02138f02a66331b2611b5e70a908bb49cb97","core/src/test/java/org/elasticsearch/common/util/IndexFolderUpgraderTests.java","16","0","3","4","289","346","0"
"elasticsearch","046abdc281c321cd2128ee7684c0edfcaca07203","core/src/test/java/org/elasticsearch/common/util/IndexFolderUpgraderTests.java","16","0","3","4","289","346","2"
"elasticsearch","22e63b478306fb3cab6ba8967db6e1f2b73cdfd8","core/src/test/java/org/elasticsearch/common/util/IndexFolderUpgraderTests.java","16","0","3","4","289","346","1"
"elasticsearch","178629382cae497aaa5b4842208cd570b189bd52","src/main/java/org/elasticsearch/index/VersionType.java","16","0","3","4","63","117","0"
"hazelcast","f66b7db6c960617f61737ff6e7fcfc2e59a5b4f6","hazelcast/src/test/java/com/hazelcast/nio/serialization/PortableTest.java","16","0","3","46","603","785","0"
"hazelcast","efffe92e8068d71a50749a1f577ec86377fcee0e","hazelcast/src/test/java/com/hazelcast/nio/serialization/PortableTest.java","16","0","3","46","604","786","2"
"elasticsearch","bdad62a2f8fe1c1455656471e769df11c067cbf6","core/src/main/java/org/elasticsearch/index/query/QueryParseContext.java","16","0","3","6","106","153","0"
"elasticsearch","629e2b2aff99f9d534edd8a17c30f12716a1725f","core/src/main/java/org/elasticsearch/index/query/QueryParseContext.java","16","0","3","6","99","147","0"
"titan","8e76984347ad0cc94af1cde0ecb9b018e79d526c","titan-core/src/main/java/com/thinkaurelius/titan/graphdb/database/serialize/kryo/KryoSerializer.java","16","0","3","7","153","233","0"
"mcMMO","420559efecdfc2de00cd028eab1ac8e96f0e40fb","src/main/java/com/gmail/nossr50/skills/smelting/SmeltingManager.java","16","0","3","8","114","167","0"
"elasticsearch","d39eb2d69131d7a6a8bda29dcac31342bb1a712e","core/src/test/java/org/elasticsearch/gateway/GatewayIndexStateIT.java","16","0","3","8","433","580","0"
"hazelcast","2708371d9d1d47b150339dbb194b9d7599a6e8b2","hazelcast/src/main/java/com/hazelcast/map/impl/proxy/MapProxyImpl.java","16","0","3","84","739","949","2"
"hazelcast","c18cac8e268562e1da2079eaf6b23b5a6c60c0f1","hazelcast/src/main/java/com/hazelcast/map/impl/proxy/MapProxyImpl.java","16","0","3","84","742","954","1"
"hazelcast","0880710f355f33d03b8d928ec9d22a0ff4f1ca52","hazelcast/src/main/java/com/hazelcast/map/impl/proxy/MapProxyImpl.java","16","0","3","84","745","957","2"
"hazelcast","0a00c1a6ac6c6b71c59b23615ab208abcbca6fe5","hazelcast/src/main/java/com/hazelcast/map/impl/proxy/MapProxyImpl.java","16","0","3","84","745","957","1"
"hazelcast","a97645f3f9b1abe24778838215d5756666e2d7e5","hazelcast/src/main/java/com/hazelcast/map/impl/proxy/MapProxyImpl.java","16","0","3","84","745","957","2"
"hazelcast","601a67715c677e36907648eeb31b52993381146d","hazelcast/src/main/java/com/hazelcast/map/impl/proxy/MapProxyImpl.java","16","0","3","84","745","957","0"
"elasticsearch","29f63c78cc2c57fe1b804a81424bdb37a2f73d55","core/src/main/java/org/elasticsearch/index/seqno/LocalCheckpointTracker.java","16","0","4","0","101","223","1"
"elasticsearch","eb36b82de48750777172ecdc3b019de32535e3f4","core/src/main/java/org/elasticsearch/index/seqno/LocalCheckpointTracker.java","16","0","4","0","104","233","0"
"elasticsearch","2ebb44d56f2c61cb14afca1caea21a0ecd4130fb","core/src/test/java/org/elasticsearch/search/aggregations/pipeline/PipelineAggregationHelperTests.java","16","0","4","0","81","145","0"
"netty","91b378005461b85f965aa296daa087bc009b9da0","transport/src/main/java/io/netty/channel/socket/oio/OioSocketChannel.java","16","0","4","10","173","236","0"
"netty","20ef4690e74a7a5007468815f070a6c1f5074d0d","transport/src/main/java/io/netty/channel/socket/oio/OioSocketChannel.java","16","0","4","10","177","241","0"
"hazelcast","c7eef29985d101a17b61f793ebfcef045403b28e","hazelcast-client/src/test/java/com/hazelcast/client/ClientIssueTest.java","16","0","4","15","414","569","1"
"neo4j","530cd9dd6f2874f7121a6905d6d7ad1a6b42f376","community/kernel/src/main/java/org/neo4j/kernel/NeoStoreDataSource.java","16","0","4","16","765","960","1"
"neo4j","13e3d20860f871d1c13c10429f2d4d31d6180c8b","community/kernel/src/main/java/org/neo4j/kernel/NeoStoreDataSource.java","16","0","4","16","771","967","0"
"hazelcast","d81bf31c8a1b7795a17e3911a4d9c38ead8c24d5","hazelcast/src/test/java/com/hazelcast/concurrent/lock/ConditionBasicTest.java","16","0","4","20","425","535","1"
"hazelcast","618948653075dce6c3fc23e0a9b67f2da2dda73f","hazelcast/src/test/java/com/hazelcast/concurrent/lock/ConditionBasicTest.java","16","0","4","21","436","548","0"
"netty","74dd295e5964401ce7d281e1aa9a66cafdaf19fc","handler/src/main/java/io/netty/handler/ssl/JdkSslServerContext.java","16","0","4","3","117","194","1"
"elasticsearch","371c73e14023917f3892090d2d3d7ff9ac1216b9","core/src/main/java/org/elasticsearch/index/query/FieldMaskingSpanQueryBuilder.java","16","0","4","3","129","186","3"
"elasticsearch","78574d248cf10dad1c5a566fda79e1e0c94afe43","core/src/main/java/org/elasticsearch/index/query/FieldMaskingSpanQueryBuilder.java","16","0","4","3","129","186","2"
"elasticsearch","e6aaaf11ed4a1b8f595f920de1840938eddb7a97","core/src/main/java/org/elasticsearch/index/query/FieldMaskingSpanQueryBuilder.java","16","0","4","3","129","186","2"
"elasticsearch","a60b8948ba1d836a6eac7cff095519e618939ed8","core/src/main/java/org/elasticsearch/index/query/FieldMaskingSpanQueryBuilder.java","16","0","4","3","129","186","0"
"elasticsearch","7ab0e2c5321c802068d85c0fa3a0f44e0b02c5a4","core/src/main/java/org/elasticsearch/rest/action/support/RestActions.java","16","0","4","5","100","150","1"
"hazelcast","a7bc6b735f8f4a00f6054a0a842137689cec54d8","hazelcast/src/main/java/com/hazelcast/quorum/impl/QuorumImpl.java","16","0","4","7","153","227","2"
"elasticsearch","904bee12bc3a3ea4891fe40e8c894f8a52d174a7","modules/elasticsearch/src/test/java/org/elasticsearch/deps/lucene/SimpleLuceneTests.java","16","0","4","7","288","398","0"
"Android-Universal-Image-Loader","7637abf7df1394f71dbc04644be86791959d1313","library/src/com/nostra13/universalimageloader/cache/disc/impl/BaseDiscCache.java","16","0","4","9","125","186","0"
"elasticsearch","d84c643f5880a88d2e5c38b487123161f3e01fe0","core/src/test/java/org/elasticsearch/index/mapper/numeric/LegacyNumericTests.java","16","0","4","9","520","624","0"
"netty","ba6ce5449ee852b782dde9a11933f6a09b123e22","codec/src/main/java/io/netty/handler/codec/HeadersUtils.java","16","0","5","0","203","283","0"
"Android-Universal-Image-Loader","e56bc0de9ea8d76b25e45a1d23d6bf370a58d735","library/src/com/nostra13/universalimageloader/utils/StorageUtils.java","16","0","5","0","72","143","0"
"netty","8632d9011e03ed1280ca20defeb4711aa327bc28","handler/src/main/java/io/netty/handler/traffic/AbstractTrafficShapingHandler.java","16","0","5","11","189","362","1"
"hazelcast","565257f977407eb3a0199d082860209c2958f5f9","hazelcast/src/main/java/com/hazelcast/client/impl/protocol/util/UnsafeBuffer.java","16","0","5","15","153","233","1"
"hazelcast","564167c1f93b32ce742411106e9ae67eae88a801","hazelcast/src/main/java/com/hazelcast/client/impl/protocol/util/UnsafeBuffer.java","16","0","5","15","154","234","0"
"elasticsearch","a6510f924520d8cdda2636ac85a1a1e43f6dfb8c","src/test/java/org/elasticsearch/plugins/PluginManagerTests.java","16","0","5","18","366","533","0"
"elasticsearch","e1efd5f6baf8dec1c23c79b346b8a29f234a98bb","core/src/main/java/org/elasticsearch/monitor/process/ProcessProbe.java","16","0","5","4","119","186","0"
"elasticsearch","3f350f33f14ab9ec44a537bb9fe48537943cea52","core/src/main/java/org/elasticsearch/search/aggregations/bucket/BestBucketsDeferringCollector.java","16","0","5","4","149","211","0"
"elasticsearch","b521638f52b359de7a25f5d7719e0ec9e87d3cad","core/src/main/java/org/elasticsearch/search/aggregations/bucket/BestBucketsDeferringCollector.java","16","0","5","4","151","213","1"
"elasticsearch","770ccf421b468f518fffbd7671632569f49d59cb","modules/elasticsearch/src/main/java/org/apache/lucene/search/DeletionAwareConstantScoreQuery.java","16","0","5","5","159","231","0"
"netty","4a5dc3222488db44b0174297f20b83195601cb8d","handler/src/main/java/io/netty/handler/traffic/AbstractTrafficShapingHandler.java","16","0","5","5","166","329","1"
"netty","b36e815026d2e9a345ade3997ff45e8f2f3b57de","handler/src/main/java/io/netty/handler/traffic/AbstractTrafficShapingHandler.java","16","0","5","5","166","329","1"
"netty","ca5554dfe7707d2cce712d1165a648129e0a9c84","handler/src/main/java/io/netty/handler/traffic/AbstractTrafficShapingHandler.java","16","0","5","5","166","329","0"
"hazelcast","43132f12e9e7407ca9f68898ebd0e759c8f9b679","hazelcast/src/main/java/com/hazelcast/map/impl/proxy/MapProxyImpl.java","16","0","5","83","716","977","1"
"hazelcast","98fafb85b6cf2ead1ba6e0bc3847e97df983cf1c","hazelcast/src/main/java/com/hazelcast/map/impl/proxy/MapProxyImpl.java","16","0","5","83","717","978","0"
"hazelcast","65563ab5f024efe0698b34df7b7f51ab3254ce3e","hazelcast/src/main/java/com/hazelcast/map/impl/proxy/MapProxyImpl.java","16","0","5","85","742","1005","1"
"hazelcast","951ffdc2e22a155ef94f1bfaaea080af2efc64d6","hazelcast-client/src/main/java/com/hazelcast/client/config/ClientConfig.java","16","0","57","12","364","807","0"
"elasticsearch","41a2375c9e609395e21522ee79202645ed2a0af4","core/src/test/java/org/elasticsearch/action/support/replication/ClusterStateCreationUtils.java","16","0","6","0","156","231","0"
"netty","1cc104e1c02f5ee54979d8dfcba5aa4fb20d3503","transport/src/main/java/io/netty/bootstrap/Bootstrap.java","16","0","7","1","116","181","0"
"elasticsearch","1ac728d22bf6375a78daa171095e918a54932f7c","core/src/main/java/org/elasticsearch/search/aggregations/pipeline/movavg/models/MovAvgModel.java","16","0","7","1","89","231","2"
"elasticsearch","ae742c4a038b5a1f7cbfdf1697845cd8ea4d71ac","core/src/main/java/org/elasticsearch/search/aggregations/pipeline/movavg/models/MovAvgModel.java","16","0","7","1","90","228","1"
"antlr4","f143495ab2efb743c4c719546d8f3cc70b22df9d","runtime/Java/src/org/antlr/v4/runtime/ANTLRInputStream.java","16","0","7","16","144","247","1"
"neo4j","c366586f4fdcdaed34ad9c6c75c1d22cc13aa771","enterprise/kernel/src/main/java/org/neo4j/kernel/enterprise/builtinprocs/EnterpriseBuiltInDbmsProcedures.java","16","0","7","19","405","501","2"
"neo4j","e4d97694e57e327fafd50a2f547866654b13335b","enterprise/kernel/src/main/java/org/neo4j/kernel/enterprise/builtinprocs/EnterpriseBuiltInDbmsProcedures.java","16","0","7","19","473","574","1"
"elasticsearch","8c6ba59b83ec750fe118174c4d5b255c4b7f2170","src/main/java/org/elasticsearch/index/mapper/core/NumberFieldMapper.java","16","0","7","21","200","292","2"
"elasticsearch","773ea0306b296d148ad09408032d40aa58733cf9","src/main/java/org/elasticsearch/index/mapper/core/NumberFieldMapper.java","16","0","7","22","204","297","0"
"BroadleafCommerce","58d8258a56593bc913efa9aa60d0ca5f8f173bd8","common/src/main/java/org/broadleafcommerce/common/extension/ExtensionManager.java","16","0","7","3","101","195","1"
"BroadleafCommerce","894c483e33acdbb41d8e6522a4c7c738282dcab8","common/src/main/java/org/broadleafcommerce/common/extension/ExtensionManager.java","16","0","7","3","98","191","2"
"elasticsearch","2f3de1719f3279f3a701258efd215e82f900fecc","core/src/main/java/org/elasticsearch/index/translog/TranslogWriter.java","16","0","7","5","239","338","1"
"BroadleafCommerce","9a2399ccabc71c63572c786cacfa9d17404bf0db","integration/src/test/java/org/broadleafcommerce/test/helper/AdminTestHelper.java","16","0","8","0","160","254","0"
"netty","ead87b7df8d923417475ead2d7680747b1a72f07","codec-http2/src/main/java/io/netty/handler/codec/http2/Http2FrameCodec.java","16","0","8","0","213","367","2"
"hazelcast","11be05660a096922893c51683a25e11fba923193","hazelcast/src/test/java/com/hazelcast/partition/impl/InternalPartitionServiceLiteMemberTest.java","16","0","8","26","364","503","1"
"elasticsearch","d8f16178d3f21b4f9d17da12e7aa61613fc2c27a","src/main/java/org/elasticsearch/env/Environment.java","16","0","8","6","130","216","1"
"netty","b0ddfb9b65344109c55e75ced8a33af4aaea7050","common/src/main/java/io/netty/util/ReferenceCountUtil.java","16","0","9","0","122","208","1"
"elasticsearch","10ec2e948a2f1426a5058ca3b2c2e39952f141d8","src/main/java/org/elasticsearch/ElasticsearchException.java","16","0","9","0","78","156","0"
"elasticsearch","258244ef37dd0db6fb6b0dda92487d1b5de6d5de","src/main/java/org/elasticsearch/ElasticSearchException.java","16","0","9","0","78","156","0"
"elasticsearch","fa16969360ea43667ad11f827bbf86718c18fcc6","src/main/java/org/elasticsearch/ElasticsearchException.java","16","0","9","0","78","156","1"
"elasticsearch","149ef74b26bb33d3a1d3c1c45c481a01345cd764","core/src/main/java/org/elasticsearch/search/aggregations/bucket/significant/SignificantTermsAggregationBuilder.java","16","0","9","10","215","310","0"
"elasticsearch","6b23ee80404ea8cb143abd776968854e263275b9","core/src/main/java/org/elasticsearch/search/aggregations/bucket/significant/SignificantTermsAggregationBuilder.java","16","0","9","10","215","311","2"
"elasticsearch","c8ca015c0bd28caf4fd84862679afc63a9e7d2ac","core/src/main/java/org/elasticsearch/search/aggregations/bucket/significant/SignificantTermsAggregationBuilder.java","16","0","9","10","217","313","0"
"elasticsearch","aa26b66e96e62ad43bc7d30fdd37c725a56e2354","core/src/main/java/org/elasticsearch/index/mapper/DocumentParser.java","160","0","0","0","662","791","4"
"hazelcast","126090ac67b051361e5512a5608c776f2987fc03","hazelcast/src/test/java/com/hazelcast/client/protocol/compatibility/ReferenceObjects.java","160","0","0","19","756","851","0"
"hazelcast","1e912c868f677d2d01116aba9cc94db63edaad4a","hazelcast/src/test/java/com/hazelcast/client/protocol/compatibility/ReferenceObjects.java","160","0","0","19","756","852","0"
"orientdb","64d1ee676696e33c489e1352c0d143945e292640","tests/src/test/java/com/orientechnologies/orient/test/database/auto/IndexTest.java","160","0","0","63","1587","2099","0"
"hazelcast","d7fdbd46394ba33673341e48e43bf4329845784f","hazelcast-spring/src/main/java/com/hazelcast/spring/HazelcastConfigBeanDefinitionParser.java","160","0","1","0","838","955","0"
"netty","81e2db10faaf0389f4e1af8c7132210946203157","buffer/src/main/java/io/netty/buffer/DefaultCompositeByteBuf.java","160","0","1","107","1298","1556","0"
"ceylon-ide-eclipse","7cbebf39ce2227b0f3163d0b4b37ca527fdc2543","plugins/com.redhat.ceylon.eclipse.ui/src/com/redhat/ceylon/eclipse/util/JavaSearch.java","160","0","1","15","658","719","1"
"elasticsearch","525101b64d9a22ffff9a29c0309444f721ebb763","core/src/main/java/org/apache/lucene/queryparser/classic/MapperQueryParser.java","160","0","1","4","722","832","0"
"netty","d5a24d4f6c5110fcd2c3185e3752c4537ad84b7c","handler/src/main/java/io/netty/handler/ssl/SslHandler.java","160","0","14","19","908","1394","0"
"hazelcast","156da2896a27d9d13ca986bec284a38970afa664","hazelcast/src/main/java/com/hazelcast/map/MapService.java","160","0","2","57","882","1020","0"
"hazelcast","889f45efe82510d2b18d541ee94dec7727c73724","hazelcast/src/main/java/com/hazelcast/map/MapService.java","160","0","2","57","883","1021","1"
"ceylon-ide-eclipse","e1185385f52c9db579a16f53844b6d294b3b5e4e","plugins/com.redhat.ceylon.eclipse.ui/src/com/redhat/ceylon/eclipse/core/debug/hover/CeylonDebugHover.java","160","0","2","9","786","955","0"
"elasticsearch","0d349854d34e1e8819ce3bdb74d3bb178371398e","core/src/main/java/org/elasticsearch/snapshots/SnapshotsService.java","160","0","33","6","887","1309","1"
"elasticsearch","7b5e6512608adcb9e32a29a2185afe7f6f412945","core/src/main/java/org/elasticsearch/index/shard/IndexShard.java","160","0","35","59","1319","1845","0"
"elasticsearch","17a2fffc9be50102fa5a9da72053c82df23b1a64","core/src/main/java/org/elasticsearch/index/shard/IndexShard.java","160","0","35","59","1321","1846","2"
"orientdb","44c7eba3ff0572ab82bf827257dd137d93819af0","graphdb/src/main/java/com/tinkerpop/blueprints/impls/orient/OrientBaseGraph.java","160","0","69","12","994","1847","1"
"mcMMO","3dc1afde7e792f72e81887b0d7e383a2a5708819","src/main/java/com/gmail/nossr50/skills/utilities/CombatTools.java","160","0","7","1","439","617","1"
"elasticsearch","da61ddee3c02a2c074780104236d783524f74c68","src/main/java/org/elasticsearch/cluster/metadata/MetaData.java","160","0","9","66","834","1055","0"
"elasticsearch","bd75b731c654f4c845f0781306b8055704706585","src/main/java/org/elasticsearch/cluster/metadata/MetaData.java","160","0","9","68","844","1069","1"
"orientdb","5e0a1ea20833b5b3ef193bc772dbd6d5e577e936","core/src/main/java/com/orientechnologies/orient/core/sql/parser/OrientSqlTokenManager.java","1600","0","8","0","3566","3597","1"
"elasticsearch","059a675aa5aab0a2993adbfe6456da38fc480b90","core/src/main/java/org/elasticsearch/index/mapper/DocumentParser.java","161","0","0","0","645","773","3"
"elasticsearch","ae69645e9f88a27111446ccb2487c9325b1c4d3a","core/src/main/java/org/elasticsearch/index/mapper/DocumentParser.java","161","0","0","0","661","791","4"
"elasticsearch","2539b779c80e2c7c29cc2e9fcf2e6a85b59edc52","core/src/main/java/org/elasticsearch/index/mapper/DocumentParser.java","161","0","0","0","662","793","3"
"elasticsearch","dd90cf1bbb86ae27c682298abde7020edd0fb44e","core/src/main/java/org/elasticsearch/index/mapper/DocumentParser.java","161","0","0","0","754","949","0"
"netty","3d6d9f394d763aaed47fdd0c86023afebe3c5a9f","buffer/src/main/java/io/netty/buffer/DefaultCompositeByteBuf.java","161","0","1","103","1342","1608","1"
"netty","4ed5b07e4e4cc91c2ba2ed266f92b3f7c176cd76","buffer/src/main/java/io/netty/buffer/DefaultCompositeByteBuf.java","161","0","1","107","1322","1582","0"
"ceylon-ide-eclipse","d7f1bbe6cfbbca82e03b6b9836de559d56f2b091","plugins/com.redhat.ceylon.eclipse.ui/src/com/redhat/ceylon/eclipse/util/JavaSearch.java","161","0","1","15","663","725","0"
"ceylon-ide-eclipse","e82ba3737495cae8f78802a01c33bc2428322bfb","plugins/com.redhat.ceylon.eclipse.ui/src/com/redhat/ceylon/eclipse/util/JavaSearch.java","161","0","1","15","704","766","1"
"elasticsearch","763f986a30b859d62d23c8cde9a748a6b75975e0","modules/elasticsearch/src/main/java/org/elasticsearch/index/engine/robin/RobinEngine.java","161","0","1","19","896","1101","0"
"orientdb","daa89846a07faf0215b5d99ec4121ebd7395c41e","core/src/main/java/com/orientechnologies/orient/core/storage/impl/local/paginated/wal/ODiskWriteAheadLog.java","161","0","1","31","1065","1371","0"
"elasticsearch","3c9c9f33e2869d801026a966e22cb39ff380db8d","src/main/java/org/elasticsearch/index/mapper/object/ObjectMapper.java","161","0","1","37","795","998","2"
"BroadleafCommerce","86c7c1f49cf8d819bf62c336775b16aeea5d2070","admin/broadleaf-open-admin-platform/src/main/java/org/broadleafcommerce/openadmin/server/dao/provider/metadata/MapFieldMetadataProvider.java","161","0","1","5","620","688","1"
"hazelcast","0f43bf010a854bc55e021af4bfb8521c4ec6a99f","hazelcast/src/main/java/com/hazelcast/map/MapService.java","161","0","2","58","895","1035","0"
"netty","81e2db10faaf0389f4e1af8c7132210946203157","transport/src/main/java/io/netty/channel/DefaultChannelPipeline.java","161","0","2","60","1236","1508","0"
"netty","7a7160f176597e97f451748a05c54d6b1518524c","buffer/src/main/java/io/netty/buffer/CompositeByteBuf.java","161","0","20","89","1403","1790","1"
"elasticsearch","d2f25416e4a14812d0961ddce0da73bee0b68b27","core/src/main/java/org/elasticsearch/repositories/blobstore/BlobStoreRepository.java","161","0","3","18","1128","1580","1"
"orientdb","cc0a317b054f936099eb2628cc720148b99d219a","core/src/main/java/com/orientechnologies/orient/core/storage/impl/local/paginated/OPaginatedCluster.java","161","0","3","47","1783","2182","0"
"hazelcast","c286b98b7d97e53a5254b362ad6d2fbb26411362","hazelcast/src/main/java/com/hazelcast/map/MapService.java","161","0","3","70","931","1087","0"
"hazelcast","12a0770d42130064f5a63ee306ebee1dfb45349f","hazelcast/src/main/java/com/hazelcast/map/MapService.java","161","0","3","70","932","1088","1"
"elasticsearch","74aed85c36595557655e83f03baeedad01b14b3e","core/src/main/java/org/elasticsearch/index/translog/Translog.java","161","0","31","98","1367","1785","1"
"elasticsearch","00de8e07fc3df9c763bbc0b6890217dc5b6bee3e","core/src/main/java/org/elasticsearch/index/shard/IndexShard.java","161","0","35","59","1325","1850","3"
"ceylon-ide-eclipse","5580df98e0edfb6a83379c64ecc2c21ea4d1197c","plugins/com.redhat.ceylon.eclipse.ui/src/com/redhat/ceylon/eclipse/util/Nodes.java","161","0","4","36","767","868","1"
"elasticsearch","2e2e345dcb90e1ec1c48c6bb5348469fc514aea1","src/test/java/org/elasticsearch/test/ElasticsearchIntegrationTest.java","161","0","40","15","1344","2002","5"
"elasticsearch","adc0807c686b37bf1d96bd3eb9d26face380fe44","src/test/java/org/elasticsearch/test/ElasticsearchIntegrationTest.java","161","0","43","15","1356","2020","0"
"orientdb","108eacd562d893156aa4661ee78a39564b280368","graphdb/src/main/java/com/tinkerpop/blueprints/impls/orient/OrientBaseGraph.java","161","0","68","12","1004","1860","3"
"orientdb","1b7171c450903f543d2cf0d3f0c805b58b4f701c","graphdb/src/main/java/com/tinkerpop/blueprints/impls/orient/OrientBaseGraph.java","161","0","69","12","1000","1853","1"
"orientdb","2447d8bec770b425abc6447fbf5abf288819a3de","graphdb/src/main/java/com/tinkerpop/blueprints/impls/orient/OrientBaseGraph.java","161","0","69","12","999","1852","0"
"hazelcast","3b2a17cb17d716902f3a2df64aa360b25de80a6d","hazelcast/src/main/java/com/hazelcast/map/proxy/MapProxySupport.java","162","0","0","0","1031","1148","2"
"hazelcast","0457a7946e222fa86bb9b7941b95dea173d2a46f","hazelcast/src/main/java/com/hazelcast/map/proxy/MapProxySupport.java","162","0","0","0","1034","1152","3"
"elasticsearch","54022774620dd1ec5789576a9985eb96f5493152","core/src/main/java/org/elasticsearch/index/mapper/DocumentParser.java","162","0","0","0","648","777","4"
"elasticsearch","d68318fb6c603262744c4bcd7e0261c7f7278214","core/src/main/java/org/elasticsearch/index/mapper/DocumentParser.java","162","0","0","0","750","939","1"
"ceylon-ide-eclipse","08c3e1e5763fb6e37162db5545d7c3db5bb628d5","plugins/com.redhat.ceylon.eclipse.ui/src/com/redhat/ceylon/eclipse/code/refactor/InlineRefactoring.java","162","0","0","13","1175","1241","1"
"elasticsearch","71bd40517df0c21f860224a2cfb432bb1a77c96a","src/main/java/org/elasticsearch/indices/cluster/IndicesClusterStateService.java","162","0","1","2","761","937","1"
"elasticsearch","1557c34f2cafa3233b085f814d0e445b083a9644","src/main/java/org/elasticsearch/indices/cluster/IndicesClusterStateService.java","162","0","1","2","772","943","3"
"elasticsearch","caacce942922f4dec957b718028f0965179d3e5f","src/main/java/org/elasticsearch/index/mapper/object/ObjectMapper.java","162","0","1","37","768","973","1"
"elasticsearch","125e0c16cddb7902ff3a04e6dd69d1998cbe648d","src/main/java/org/elasticsearch/index/mapper/object/ObjectMapper.java","162","0","1","37","783","986","0"
"orientdb","c1f0f046093d166b58193818b359c73d4a50c228","server/src/main/java/com/orientechnologies/orient/server/distributed/ODistributedStorage.java","162","0","1","82","1037","1411","0"
"hazelcast","025081dff5c8879373caa07a2a54511e978c2bc7","hazelcast/src/main/java/com/hazelcast/map/MapService.java","162","0","3","71","945","1103","2"
"hazelcast","daca12c30dc16e5d641490a0085541474eefb1f9","hazelcast/src/main/java/com/hazelcast/map/MapService.java","162","0","3","71","959","1118","0"
"elasticsearch","8e8526c7460a7bef3582277edad5d23c8211efcb","core/src/main/java/org/elasticsearch/index/translog/Translog.java","162","0","31","98","1368","1786","0"
"elasticsearch","0bbb84c19a0ff2ad974bb2bd8002871e4ee1ac73","core/src/main/java/org/elasticsearch/snapshots/SnapshotsService.java","162","0","33","6","895","1317","1"
"elasticsearch","a077f4a933b16b4b255ac46b1912eee9602b00c6","core/src/main/java/org/elasticsearch/snapshots/SnapshotsService.java","162","0","33","6","895","1318","0"
"elasticsearch","e56d85439c242dee8ce1f8fec9fd59872dd2efb9","src/test/java/org/elasticsearch/test/ElasticsearchIntegrationTest.java","162","0","35","15","1241","1874","6"
"elasticsearch","5eeac2fdf6c108e2f9b6305b6577a77e5290ad9e","src/test/java/org/elasticsearch/test/ElasticsearchIntegrationTest.java","162","0","35","15","1242","1875","5"
"elasticsearch","2713549533bdeb944c436e1d0f2f199a2ef8b2b6","core/src/main/java/org/elasticsearch/index/shard/IndexShard.java","162","0","41","61","1363","1925","0"
"elasticsearch","b20b160a5eca472623c0842eaab373b0bc3db464","core/src/main/java/org/elasticsearch/index/shard/IndexShard.java","162","0","41","61","1363","1925","0"
"elasticsearch","1243abfeccd5424aced7e8c0612484d131160362","core/src/main/java/org/elasticsearch/index/shard/IndexShard.java","162","0","41","61","1363","1925","1"
"elasticsearch","cf28d62fc41b607c81d2ca4a7d30642d322c9401","test/framework/src/main/java/org/elasticsearch/test/ESIntegTestCase.java","162","0","42","19","1412","2150","0"
"MapDB","39f9a54466d7626576efeba29d79f09bb69842f5","src/main/java/org/mapdb/DB.java","162","0","59","43","1130","1639","0"
"orientdb","979f0817ae00ac89b79001a27737a4428376c95c","core/src/main/java/com/orientechnologies/orient/core/storage/cache/local/twoq/O2QCache.java","162","0","6","14","1151","1654","0"
"elasticsearch","39d2377be68036da23a6e9b4c3233d0b63d7cf44","src/main/java/org/elasticsearch/index/mapper/core/AbstractFieldMapper.java","162","0","6","84","903","1110","1"
"elasticsearch","0ee889fd8b263cd4117708491c2687dff8d8b743","src/main/java/org/elasticsearch/index/mapper/core/AbstractFieldMapper.java","162","0","6","84","905","1114","2"
"elasticsearch","1764ec56b38ce87f516efdf93bb4ab56e9dd829b","core/src/main/java/org/elasticsearch/search/builder/SearchSourceBuilder.java","162","0","66","21","943","1383","1"
"orientdb","d0d2b87a67b4820d596ac2fbe2448b1f5fe08669","graphdb/src/main/java/com/tinkerpop/blueprints/impls/orient/OrientBaseGraph.java","162","0","68","12","997","1850","2"
"orientdb","fc8a99336dd78317bfb271a7b6a1b086cfa0abe9","graphdb/src/main/java/com/tinkerpop/blueprints/impls/orient/OrientBaseGraph.java","162","0","68","12","998","1851","1"
"orientdb","5efc3c9900df6c43804a41d2a6bb9b56de661286","graphdb/src/main/java/com/tinkerpop/blueprints/impls/orient/OrientBaseGraph.java","162","0","68","12","999","1854","1"
"orientdb","b42d488780f2bfdd6ce58bec2d3ab76676ca4f9f","core/src/main/java/com/orientechnologies/orient/core/metadata/schema/OSchemaShared.java","162","0","9","44","950","1267","1"
"elasticsearch","2e4f87d2ce7475742c668ff1d4069e14e7c47bfe","modules/lang-painless/src/main/java/org/elasticsearch/painless/WriterExternal.java","163","0","0","0","593","733","0"
"elasticsearch","3015eb3088c93b6833e2ec19a866fc1904b04eaf","core/src/main/java/org/elasticsearch/index/mapper/DocumentParser.java","163","0","0","0","612","745","2"
"elasticsearch","0b8be7f89434d371dd3488c69c1932c742b4bf29","core/src/main/java/org/elasticsearch/index/mapper/DocumentParser.java","163","0","0","0","740","925","2"
"elasticsearch","d84c643f5880a88d2e5c38b487123161f3e01fe0","core/src/main/java/org/elasticsearch/index/mapper/DocumentParser.java","163","0","0","0","753","941","1"
"ceylon-ide-eclipse","64a391fbabba6b9bc6b553abfa42466e0ca9673d","plugins/com.redhat.ceylon.eclipse.ui/src/com/redhat/ceylon/eclipse/code/refactor/InlineRefactoring.java","163","0","0","11","1084","1148","1"
"hazelcast","bc0025a09ce687e6d8cf5ae92cbd1e9da2651eb5","hazelcast-spring/src/main/java/com/hazelcast/spring/HazelcastConfigBeanDefinitionParser.java","163","0","1","0","849","967","3"
"elasticsearch","99714ee1bd991fed204620c32e9f59a323018d2f","src/main/java/org/elasticsearch/indices/cluster/IndicesClusterStateService.java","163","0","1","2","750","925","2"
"elasticsearch","3e32dd985aabfa5ee653b26bcb6ff97c74a426a2","src/main/java/org/elasticsearch/indices/cluster/IndicesClusterStateService.java","163","0","1","2","753","929","0"
"elasticsearch","1210b08ecbe85c40f6ab73bf8b2ef0d91e4b67a3","src/main/java/org/elasticsearch/index/mapper/object/ObjectMapper.java","163","0","1","37","800","1003","2"
"ceylon-ide-eclipse","92115e3f503443fbadaacf32f4b14d3fdb79a252","plugins/com.redhat.ceylon.eclipse.ui/src/com/redhat/ceylon/eclipse/core/debug/hover/CeylonDebugHover.java","163","0","2","9","797","966","0"
"hazelcast","7c65ff8ef158b668b04872904ece89f2e77f60c5","hazelcast/src/main/java/com/hazelcast/map/MapService.java","163","0","3","71","959","1118","2"
"elasticsearch","0a69f1e283e26e5d9e6a000b68b9f4778de557a1","test/framework/src/main/java/org/elasticsearch/test/ESIntegTestCase.java","163","0","42","15","1395","2125","3"
"elasticsearch","0a69f1e283e26e5d9e6a000b68b9f4778de557a1","test/framework/src/main/java/org/elasticsearch/test/InternalTestCluster.java","163","0","53","35","1379","1885","3"
"elasticsearch","04c16b7ba5658c928b9bdd7201ef41ab151540ae","src/main/java/org/elasticsearch/index/mapper/core/AbstractFieldMapper.java","163","0","6","84","908","1117","2"
"elasticsearch","20ff703e07c692c5e68e6b30a6e6413a34dd10a7","core/src/main/java/org/elasticsearch/search/builder/SearchSourceBuilder.java","163","0","67","21","947","1395","3"
"orientdb","693119e3f1dab4ea8b67a35575ba1f7d1c0a970b","core/src/main/java/com/orientechnologies/orient/core/metadata/schema/OSchemaShared.java","163","0","9","46","960","1281","1"
"orientdb","1c0141a5ecebfbefde34996e82ece0116c681d31","core/src/main/java/com/orientechnologies/orient/core/metadata/schema/OSchemaShared.java","163","0","9","46","962","1287","1"
"orientdb","c0fe15b7013fea9d178d8304c78ddc7b113d35e3","core/src/main/java/com/orientechnologies/orient/core/sql/parser/OrientSqlTokenManager.java","1632","0","8","0","3624","3655","2"
"hazelcast","a393c111fc0706fc3cbe2062c8df95baa1a86e80","hazelcast/src/main/java/com/hazelcast/map/proxy/MapProxySupport.java","164","0","0","0","1007","1123","2"
"hazelcast","7e30c17062710746a8fb6cbda25a009d7fd35813","hazelcast/src/main/java/com/hazelcast/map/proxy/MapProxySupport.java","164","0","0","0","1041","1160","2"
"elasticsearch","42718936d936bfd987b384e7a38054462b5e05cc","core/src/main/java/org/elasticsearch/index/mapper/DocumentParser.java","164","0","0","0","665","795","3"
"elasticsearch","c3f4eb36e3f5c137c816cc5d5e3e615b71a0d34a","core/src/main/java/org/elasticsearch/index/mapper/DocumentParser.java","164","0","0","0","745","930","1"
"hazelcast","96fd98e7c3cc5b97b45c7eb34d1389f5082c1c35","hazelcast-spring/src/main/java/com/hazelcast/spring/HazelcastConfigBeanDefinitionParser.java","164","0","0","1","787","863","0"
"hazelcast","ce2dbc391a74c2f7b7824a936afd55c5b2a8db49","hazelcast-spring/src/main/java/com/hazelcast/spring/HazelcastConfigBeanDefinitionParser.java","164","0","1","0","848","965","1"
"elasticsearch","32eb5ffa925211030f4e3dd200118297e0a151c5","src/main/java/org/apache/lucene/queryparser/classic/MapperQueryParser.java","164","0","1","4","765","869","2"
"elasticsearch","4421a3403a8e9dd36aca79e83a822859bd224531","src/main/java/org/apache/lucene/queryparser/classic/MapperQueryParser.java","164","0","1","4","765","869","1"
"elasticsearch","b99fca342fb9ba448876b671e26ba78ab2a2fb4e","src/main/java/org/apache/lucene/queryparser/classic/MapperQueryParser.java","164","0","1","4","765","869","1"
"elasticsearch","899189694f32edc808fd0e0ce3491587e9ae479e","src/main/java/org/apache/lucene/queryparser/classic/MapperQueryParser.java","164","0","1","4","765","869","0"
"elasticsearch","d4463602f68f039069d9fe8ceaf16a639fc52c9f","src/main/java/org/apache/lucene/queryparser/classic/MapperQueryParser.java","164","0","1","5","756","865","1"
"netty","b8ae8be96a24dc5c40ae01b184638a9d6f9a3fb9","buffer/src/main/java/io/netty/buffer/DefaultCompositeByteBuf.java","164","0","1","57","1092","1297","0"
"orientdb","b27bb99f64f5a211acd2f1639a5895ce09a1b883","server/src/main/java/com/orientechnologies/orient/server/distributed/ODistributedStorage.java","164","0","1","82","1044","1424","0"
"netty","37d04c26a82c35c33678ba9cc38a5554dccde726","transport/src/main/java/io/netty/channel/DefaultChannelPipeline.java","164","0","2","60","1247","1521","2"
"netty","39250873ae7c3d8c1017db11b1f715838f2688f3","transport/src/main/java/io/netty/channel/DefaultChannelPipeline.java","164","0","2","62","1276","1549","1"
"hazelcast","489f91db6a4b775ae20d6fea91d7e873e9783974","hazelcast/src/main/java/com/hazelcast/map/MapService.java","164","0","3","71","967","1126","0"
"ceylon-ide-eclipse","83ba61ecf426856026c87dc42d6656da2fb2cc3e","plugins/com.redhat.ceylon.eclipse.ui/src/com/redhat/ceylon/eclipse/code/editor/CeylonEditor.java","164","0","4","32","1349","1815","1"
"ceylon-ide-eclipse","0e4e4034dd946d42149ab22f313ccf5659a1ee1d","plugins/com.redhat.ceylon.eclipse.ui/src/com/redhat/ceylon/eclipse/util/Nodes.java","164","0","4","36","773","874","0"
"netty","cfa5b85075f9f3a74e7eb46e344f44775dbcea57","common/src/main/java/io/netty/util/internal/PlatformDependent.java","164","0","40","31","1011","1449","1"
"elasticsearch","bcef1e745261f481ffde43724dd0da468471a30e","core/src/main/java/org/elasticsearch/index/shard/IndexShard.java","164","0","41","61","1369","1932","1"
"elasticsearch","a44655763e150522d58cbd8113fb1b30a475b8c7","core/src/main/java/org/elasticsearch/index/shard/IndexShard.java","164","0","41","61","1371","1935","0"
"elasticsearch","5a64f08f048461a63a0ca1354a5050c954e63d52","test/framework/src/main/java/org/elasticsearch/test/ESIntegTestCase.java","164","0","42","19","1415","2148","1"
"MapDB","22ff10f8a168b7118063a9e9580035a8a34ca56a","src/main/java/org/mapdb/DB.java","164","0","59","43","1133","1643","0"
"elasticsearch","3338750f14e654d801d0c876947a70987a12a24e","src/main/java/org/elasticsearch/index/mapper/core/AbstractFieldMapper.java","164","0","6","84","911","1120","1"
"elasticsearch","c79e27180ea14bd536d39e50d310a0345369d7c3","core/src/main/java/org/elasticsearch/search/builder/SearchSourceBuilder.java","164","0","66","21","951","1391","1"
"elasticsearch","09c0285d9c1dc5d553939f8c85d6e5f98d760f2e","core/src/main/java/org/elasticsearch/search/builder/SearchSourceBuilder.java","164","0","66","21","951","1392","2"
"elasticsearch","a42bee5d60b1704c331024671159d799bcfc165f","core/src/main/java/org/elasticsearch/search/builder/SearchSourceBuilder.java","164","0","67","21","947","1395","0"
"elasticsearch","3df2a086d4bf3c5608aabf06c1766e10c901af35","core/src/main/java/org/elasticsearch/search/builder/SearchSourceBuilder.java","164","0","67","28","999","1456","2"
"elasticsearch","76fa9023b6378681de34672d2e94227e8b464cfd","core/src/main/java/org/elasticsearch/index/mapper/DocumentParser.java","165","0","0","0","630","763","3"
"hazelcast","01897c19aed43c1f865c67a3e589abacad6f0bb7","hazelcast-spring/src/main/java/com/hazelcast/spring/HazelcastConfigBeanDefinitionParser.java","165","0","1","0","855","972","1"
"elasticsearch","a530399ae5f78cc335c704f1a5583a3d861bfcc6","core/src/main/java/org/elasticsearch/index/engine/InternalEngine.java","165","0","1","21","1064","1357","2"
"elasticsearch","10ec2e948a2f1426a5058ca3b2c2e39952f141d8","src/main/java/org/apache/lucene/queryparser/classic/MapperQueryParser.java","165","0","1","4","769","873","1"
"elasticsearch","c8d661608c9b412866ac0a2de3d0ed30c68588d4","src/main/java/org/apache/lucene/queryparser/classic/MapperQueryParser.java","165","0","1","4","770","874","1"
"BroadleafCommerce","8cd4935e7db104bcc4e99f859c4289d29aef191f","admin/broadleaf-open-admin-platform/src/main/java/org/broadleafcommerce/openadmin/server/dao/provider/metadata/MapFieldMetadataProvider.java","165","0","1","5","633","703","2"
"elasticsearch","3c3e9b63a7ae59c276cdf098ae96f24a6faaba6f","src/main/java/org/apache/lucene/queryparser/classic/MapperQueryParser.java","165","0","1","5","761","870","0"
"netty","a0da613e86e2fc2fa2a8bf1179d4492bc9cad7d9","transport/src/main/java/io/netty/channel/DefaultChannelPipeline.java","165","0","2","60","1250","1525","1"
"netty","2adebc4c54ae98565db8e2a3c02b2ffaa0c101fe","transport/src/main/java/io/netty/channel/DefaultChannelPipeline.java","165","0","2","60","1251","1526","1"
"elasticsearch","046abdc281c321cd2128ee7684c0edfcaca07203","core/src/main/java/org/elasticsearch/repositories/blobstore/BlobStoreRepository.java","165","0","3","18","1164","1638","3"
"ceylon-ide-eclipse","97822afc1ab2d5dd03b278b3f862b1680c7eaca3","plugins/com.redhat.ceylon.eclipse.ui/src/com/redhat/ceylon/eclipse/code/editor/CeylonEditor.java","165","0","4","32","1351","1817","0"
"ceylon-ide-eclipse","3b36b4544957456871f541cd08030a387cf944ca","plugins/com.redhat.ceylon.eclipse.ui/src/com/redhat/ceylon/eclipse/util/Nodes.java","165","0","4","36","782","883","0"
"netty","9cfa4675548e368f3c905c0df31d18912d43cf08","common/src/main/java/io/netty/util/internal/PlatformDependent.java","165","0","40","31","1016","1454","0"
"elasticsearch","2f6405ee277ec64269dd13fdfbd8445f96b4516d","test/framework/src/main/java/org/elasticsearch/test/InternalTestCluster.java","165","0","53","35","1381","1897","1"
"elasticsearch","d39eb2d69131d7a6a8bda29dcac31342bb1a712e","test/framework/src/main/java/org/elasticsearch/test/InternalTestCluster.java","165","0","53","35","1384","1901","0"
"elasticsearch","dcc598c414184ffa6cf06b3a69eb15767e274330","core/src/main/java/org/elasticsearch/search/builder/SearchSourceBuilder.java","165","0","66","21","951","1391","2"
"ceylon-ide-eclipse","5b4c3eac8a7c12c0125a77343e602b4e73083595","plugins/com.redhat.ceylon.eclipse.ui/src/com/redhat/ceylon/eclipse/code/refactor/InlineRefactoring.java","166","0","0","11","1091","1155","1"
"elasticsearch","01519745007b2d093cdf602783c27a26de82c69b","core/src/main/java/org/elasticsearch/index/engine/InternalEngine.java","166","0","0","23","1068","1359","0"
"hazelcast","181ba22b1d2d0a74e731bc4eabbe9db5c9a5daae","hazelcast-spring/src/main/java/com/hazelcast/spring/HazelcastConfigBeanDefinitionParser.java","166","0","1","0","857","974","1"
"elasticsearch","b49635539d929d6cb5ee56153e2f95872fe4bb16","modules/lang-painless/src/main/java/org/elasticsearch/painless/node/EComp.java","166","0","1","1","421","533","1"
"elasticsearch","cde83e363aac2195c2dc0f81bbe348bcfe8b4152","modules/lang-painless/src/main/java/org/elasticsearch/painless/node/EComp.java","166","0","1","1","421","533","1"
"elasticsearch","1424f09c02927d9caada7f6ea45285b411d88d12","modules/lang-painless/src/main/java/org/elasticsearch/painless/node/EComp.java","166","0","1","1","421","533","0"
"elasticsearch","3f06d9f3b8516bb30a2890a36c2973f08f9c6076","modules/lang-painless/src/main/java/org/elasticsearch/painless/node/EComp.java","166","0","1","1","422","534","0"
"BroadleafCommerce","0aa224ccf0f5db1c7ba1f2e31bd91aa917b59ee6","admin/broadleaf-open-admin-platform/src/main/java/org/broadleafcommerce/openadmin/server/dao/provider/metadata/MapFieldMetadataProvider.java","166","0","1","5","635","705","1"
"elasticsearch","f0bce08c30fe61ad3f77fce2bc54f9d28af55fbe","src/main/java/org/apache/lucene/queryparser/classic/MapperQueryParser.java","166","0","1","5","777","885","0"
"elasticsearch","74aed85c36595557655e83f03baeedad01b14b3e","core/src/main/java/org/elasticsearch/index/engine/InternalEngine.java","166","0","2","18","987","1233","1"
"netty","5a467b69bf58c4c92d0af9a5f12eed6ac68efddb","transport/src/main/java/io/netty/channel/DefaultChannelPipeline.java","166","0","2","62","1286","1561","1"
"netty","6312c2f00b6c53fa4b84830b03126f7430bec4ed","buffer/src/main/java/io/netty/buffer/CompositeByteBuf.java","166","0","20","89","1433","1843","0"
"elasticsearch","e74d02138f02a66331b2611b5e70a908bb49cb97","core/src/main/java/org/elasticsearch/repositories/blobstore/BlobStoreRepository.java","166","0","3","18","1169","1644","0"
"elasticsearch","f7d0f4d4e27c5e8a460c664fe87571ba07de2150","src/test/java/org/elasticsearch/test/ElasticsearchIntegrationTest.java","166","0","36","15","1282","1929","5"
"netty","c2565d8dd224e8c3cfd6138d80fc8ef9dfac8725","common/src/main/java/io/netty/util/internal/PlatformDependent.java","166","0","40","31","1022","1461","0"
"netty","a043cf4a983465cd7c221cefc8915121a30f621e","common/src/main/java/io/netty/util/internal/PlatformDependent.java","166","0","40","31","1024","1463","0"
"elasticsearch","4040f194f528c76c88be70b119cf9d7d6fcea99b","core/src/test/java/org/elasticsearch/test/InternalTestCluster.java","166","0","51","24","1353","1825","1"
"elasticsearch","7adf9929bae22049d157676756b49597bca98426","core/src/test/java/org/elasticsearch/test/InternalTestCluster.java","166","0","51","24","1355","1827","2"
"elasticsearch","96724e198adc829da8032a55c6cc04811226a261","test-framework/src/main/java/org/elasticsearch/test/InternalTestCluster.java","166","0","53","35","1379","1884","0"
"elasticsearch","cd88b7724e9d098d9d1a1b83a6c9bb688a0fd9ae","core/src/main/java/org/elasticsearch/search/builder/SearchSourceBuilder.java","166","0","66","21","953","1393","1"
"orientdb","478cce509623a094936c4fbcb181c697e152b548","graphdb/src/main/java/com/tinkerpop/blueprints/impls/orient/OrientBaseGraph.java","166","0","69","12","1024","1884","1"
"orientdb","8277a0559c357df96a19b7792393d884a090e86c","core/src/main/java/com/orientechnologies/orient/core/metadata/schema/OSchemaShared.java","166","0","9","44","961","1281","2"
"elasticsearch","dfa67bf07166d99b674646860ade1a397010f600","src/main/java/org/elasticsearch/cluster/metadata/MetaData.java","166","0","9","66","844","1065","0"
"orientdb","140e82bfde96cb77317208169d89f8c6bba7d83f","core/src/main/java/com/orientechnologies/orient/core/sql/parser/OrientSqlTokenManager.java","1666","0","8","0","3690","3721","1"
"orientdb","330416b3db551d1aa8106e36d9aa133804a0be52","core/src/main/java/com/orientechnologies/orient/core/sql/parser/OrientSqlTokenManager.java","1667","0","8","0","3693","3724","0"
"elasticsearch","30b5b4fc837e77d8ba7096f4e56c218fae9a3687","modules/lang-painless/src/main/java/org/elasticsearch/painless/WriterExternal.java","167","0","0","0","587","725","0"
"BroadleafCommerce","73ece9d935a1e52d98129e7b974eb044234d1363","admin/broadleaf-open-admin-platform/src/main/java/org/broadleafcommerce/openadmin/server/dao/provider/metadata/MapFieldMetadataProvider.java","167","0","1","5","640","713","0"
"orientdb","02ac677170df8ac7ea44599b30aba0788cf53d00","core/src/main/java/com/orientechnologies/common/collection/OMultiValue.java","167","0","13","9","520","766","1"
"elasticsearch","ea41ee9243dd3ec643117af1ff5a9684daf805c6","src/main/java/org/elasticsearch/index/engine/InternalEngine.java","167","0","2","16","982","1224","0"
"elasticsearch","129d8ec29aa22b941003b250e0f6ad4849585b41","src/main/java/org/elasticsearch/index/engine/InternalEngine.java","167","0","2","16","986","1229","2"
"elasticsearch","371c73e14023917f3892090d2d3d7ff9ac1216b9","core/src/main/java/org/elasticsearch/index/query/MoreLikeThisQueryBuilder.java","167","0","25","42","931","1204","3"
"elasticsearch","78574d248cf10dad1c5a566fda79e1e0c94afe43","core/src/main/java/org/elasticsearch/index/query/MoreLikeThisQueryBuilder.java","167","0","25","42","931","1204","2"
"elasticsearch","e6aaaf11ed4a1b8f595f920de1840938eddb7a97","core/src/main/java/org/elasticsearch/index/query/MoreLikeThisQueryBuilder.java","167","0","25","42","931","1204","2"
"elasticsearch","a60b8948ba1d836a6eac7cff095519e618939ed8","core/src/main/java/org/elasticsearch/index/query/MoreLikeThisQueryBuilder.java","167","0","25","42","931","1204","0"
"elasticsearch","352dc19767bcaa298ca2d84baab7a5d9329209da","core/src/main/java/org/elasticsearch/index/query/MoreLikeThisQueryBuilder.java","167","0","25","42","932","1205","0"
"orientdb","0ac61215d1cea03bf29bb7affff516ae49e80888","core/src/main/java/com/orientechnologies/orient/core/storage/impl/local/paginated/OPaginatedCluster.java","167","0","3","45","1817","2217","1"
"elasticsearch","3b5fa9075ae242bd3d39fab244ffa75154fd2833","src/test/java/org/elasticsearch/test/ElasticsearchIntegrationTest.java","167","0","36","15","1284","1933","4"
"elasticsearch","13a347239a48d71486692a72c066e940dec8921b","core/src/test/java/org/elasticsearch/test/InternalTestCluster.java","167","0","52","34","1396","1882","3"
"elasticsearch","41d8fbe8f51abd499c9b497238bc5f2141b7926b","core/src/test/java/org/elasticsearch/test/InternalTestCluster.java","167","0","52","34","1406","1891","1"
"elasticsearch","75ced057ed17c5b3473795b24338815ab49f3336","core/src/test/java/org/elasticsearch/test/InternalTestCluster.java","167","0","52","34","1406","1891","2"
"elasticsearch","e424701819b87237e8270c434cf88df390e4c3c8","core/src/test/java/org/elasticsearch/test/InternalTestCluster.java","167","0","52","34","1406","1891","2"
"elasticsearch","68307aa9f3636bdccd1f1ca90f1d0fd640a019a5","core/src/test/java/org/elasticsearch/test/InternalTestCluster.java","167","0","52","34","1406","1891","0"
"elasticsearch","532806af1a8521b11ab60f1a52374c32c7e8b387","core/src/test/java/org/elasticsearch/test/InternalTestCluster.java","167","0","52","34","1407","1892","3"
"elasticsearch","bec07a7eb50c9f122c7b764a9c470362ad515882","core/src/test/java/org/elasticsearch/test/InternalTestCluster.java","167","0","52","34","1413","1898","1"
"elasticsearch","ff5ad39c7a5f8ea21d3ff86d3ce50668602d7a74","core/src/test/java/org/elasticsearch/test/InternalTestCluster.java","167","0","52","34","1414","1899","0"
"elasticsearch","40f119d85a4eaa39d0a6e594e46f70de725557f0","core/src/test/java/org/elasticsearch/test/InternalTestCluster.java","167","0","52","34","1415","1900","2"
"ceylon-ide-eclipse","d2c2c250b8c1e762b2f50d02cd087651f8278432","plugins/com.redhat.ceylon.eclipse.ui/src/com/redhat/ceylon/eclipse/code/refactor/InlineRefactoring.java","168","0","0","13","1211","1277","0"
"orientdb","9b0a6b5a0d74bce339faedfdf33a3918902c1a9e","server/src/main/java/com/orientechnologies/orient/server/distributed/ODistributedStorage.java","168","0","1","82","1057","1446","0"
"netty","c3ab557f852fab44eb25c1e180f5183a2c938091","handler/src/main/java/io/netty/handler/ssl/SslHandler.java","168","0","15","19","959","1528","2"
"netty","ecc01da9ddf18790ac96019710ccaed50133607c","handler/src/main/java/io/netty/handler/ssl/SslHandler.java","168","0","15","19","960","1528","1"
"BroadleafCommerce","ec848120d9c9e101acaf47642d34ff9846d09997","admin/broadleaf-open-admin-platform/src/main/java/org/broadleafcommerce/openadmin/server/dao/DynamicEntityDaoImpl.java","168","0","2","39","1172","1332","2"
"netty","310a87a51d1abfee9e1f2441adeae31748d61ed3","transport/src/main/java/io/netty/channel/DefaultChannelPipeline.java","168","0","2","62","1289","1566","0"
"elasticsearch","012797a82c7ee448c12ae45b63e349b610494d6d","src/main/java/org/elasticsearch/index/mapper/MapperService.java","168","0","20","34","881","1133","1"
"elasticsearch","bbce6e85883ef812a80f5713e001f4ad1de47f22","src/main/java/org/elasticsearch/index/mapper/MapperService.java","168","0","20","34","884","1136","0"
"netty","7f3b75a5091dcd6d882102fdb92daa6931e02c30","handler/src/main/java/io/netty/handler/ssl/SslHandler.java","168","0","24","16","1099","1750","0"
"orientdb","034ff7b1735b7cd12d511b4ff6833b6ab9d4421d","core/src/main/java/com/orientechnologies/orient/core/storage/impl/local/paginated/OPaginatedCluster.java","168","0","3","45","1823","2223","2"
"elasticsearch","16cb0dc7a6ba0cff753886227767a2dfc69ef94c","src/test/java/org/elasticsearch/test/ElasticsearchIntegrationTest.java","168","0","36","15","1288","1939","4"
"elasticsearch","48bfb142b97bc32542f73bece4bf19bce57554c8","test/framework/src/main/java/org/elasticsearch/test/ESIntegTestCase.java","168","0","39","18","1387","2158","2"
"orientdb","1766c82f5872316216f138067b26e2e60fc21e5f","core/src/main/java/com/orientechnologies/orient/core/storage/impl/local/paginated/OPaginatedCluster.java","168","0","4","46","1834","2242","1"
"orientdb","ad33b6f0fc39707d237a4e22823b1a0cd63f34c4","core/src/main/java/com/orientechnologies/orient/core/storage/impl/local/paginated/OPaginatedCluster.java","168","0","4","46","1834","2244","0"
"elasticsearch","1e7c42447999421ea789d51279496017d34b15d0","test/framework/src/main/java/org/elasticsearch/test/ESIntegTestCase.java","168","0","40","18","1390","2165","1"
"elasticsearch","164efaecbe42195f08ada58b5fde927ab21fc6e7","core/src/test/java/org/elasticsearch/test/InternalTestCluster.java","168","0","52","35","1412","1897","0"
"elasticsearch","3c9c9f33e2869d801026a966e22cb39ff380db8d","src/main/java/org/elasticsearch/index/mapper/core/AbstractFieldMapper.java","168","0","6","84","920","1132","4"
"elasticsearch","a3cefd919e81fd7c2c171426b64aa3357bfa6db4","src/main/java/org/elasticsearch/index/mapper/core/AbstractFieldMapper.java","168","0","6","85","924","1137","3"
"orientdb","1dbdb5dc38d034aa55ab72ad0d1c0a9c3174b800","graphdb/src/main/java/com/tinkerpop/blueprints/impls/orient/OrientBaseGraph.java","168","0","69","12","1000","1862","1"
"orientdb","bbbb777e4073e4214e47e2134379d96dcb54486a","graphdb/src/main/java/com/tinkerpop/blueprints/impls/orient/OrientBaseGraph.java","168","0","69","12","1004","1865","2"
"elasticsearch","565dd9086069ef26aa1121b05c60c56e667fe0d0","src/main/java/org/elasticsearch/index/mapper/core/AbstractFieldMapper.java","168","0","7","85","927","1144","2"
"elasticsearch","a40cb169b6a53d8855e9f1ed0e312ca347c76f8b","src/main/java/org/elasticsearch/index/mapper/core/AbstractFieldMapper.java","168","0","7","85","931","1149","1"
"elasticsearch","b5f86f6f0544a9ad9fa4ab88bf7397cf361d696a","core/src/main/java/org/elasticsearch/index/engine/InternalEngine.java","169","0","0","23","1075","1369","0"
"hazelcast","3b7c89cf9094cda64cf7f3e71c0db710c808c403","hazelcast-spring/src/main/java/com/hazelcast/spring/HazelcastConfigBeanDefinitionParser.java","169","0","1","0","883","1002","0"
"elasticsearch","9080f51340b1b26f8bd171b4c82de8d87ad42b55","core/src/main/java/org/apache/lucene/queryparser/classic/MapperQueryParser.java","169","0","1","4","764","859","2"
"elasticsearch","3c355b66fef6d4adff1c1871767f65454bf91497","core/src/main/java/org/apache/lucene/queryparser/classic/MapperQueryParser.java","169","0","1","4","770","865","2"
"orientdb","1ffb4a74231b07389afced95123a7ef989a442cc","server/src/main/java/com/orientechnologies/orient/server/distributed/ODistributedStorage.java","169","0","1","82","1056","1440","0"
"elasticsearch","3de8cbb54c091d2f39722cc45827510328824e2c","core/src/main/java/org/elasticsearch/index/engine/InternalEngine.java","169","0","2","18","1012","1255","1"
"elasticsearch","0ce66b4d70dce79b83c36f7048d93fc4c3ea61f9","core/src/main/java/org/elasticsearch/index/engine/InternalEngine.java","169","0","2","18","1012","1256","1"
"elasticsearch","2833ad4d6fc65a0104d6311394a01f27e0aac579","core/src/main/java/org/elasticsearch/index/engine/InternalEngine.java","169","0","2","18","1012","1256","1"
"elasticsearch","fa9696fb8c4597bd06e739d2d0059e929c72be0f","core/src/main/java/org/elasticsearch/index/engine/InternalEngine.java","169","0","2","18","1012","1256","0"
"elasticsearch","028acdd06f2e8aec6c0fbc94e81825c040fb3866","core/src/main/java/org/elasticsearch/index/engine/InternalEngine.java","169","0","2","18","1013","1254","0"
"elasticsearch","8e8526c7460a7bef3582277edad5d23c8211efcb","core/src/main/java/org/elasticsearch/index/engine/InternalEngine.java","169","0","2","18","991","1237","0"
"elasticsearch","188aa684ac3828054d013c9917634db3cdb95fac","core/src/test/java/org/elasticsearch/index/store/StoreTests.java","169","0","2","26","1274","1457","1"
"BroadleafCommerce","532e4fd36867bbe93bd2ca4550d2edd4be9d9067","admin/broadleaf-open-admin-platform/src/main/java/org/broadleafcommerce/openadmin/server/dao/DynamicEntityDaoImpl.java","169","0","2","38","1175","1331","1"
"hazelcast","5864af6c827f2cb1e2fbe4d5c6462a9a03efafd9","hazelcast/src/main/java/com/hazelcast/map/MapService.java","169","0","2","62","925","1077","2"
"hazelcast","a4f2426c3194dd683417bf10301c2bf36914666c","hazelcast/src/main/java/com/hazelcast/map/MapService.java","169","0","2","63","928","1081","1"
"hazelcast","da5cceee74e471e33f65f43f31d891c9741e31e3","hazelcast/src/main/java/com/hazelcast/map/MapService.java","169","0","2","63","935","1089","0"
"netty","53fc69390130f7a5a33d454a59ad214f6b4176f5","handler/src/main/java/io/netty/handler/ssl/SslHandler.java","169","0","24","16","1071","1723","0"
"netty","f343de8fb178103d6dd966a9e81e09f67c201aac","handler/src/main/java/io/netty/handler/ssl/SslHandler.java","169","0","24","16","1074","1726","1"
"elasticsearch","2ccc223ff761043807683f34b29c693af6c94d95","core/src/main/java/org/elasticsearch/index/query/MoreLikeThisQueryBuilder.java","169","0","24","42","939","1213","0"
"elasticsearch","563e7ddc830c991dea210f5ed936b06f5f613ac7","core/src/main/java/org/elasticsearch/index/query/MoreLikeThisQueryBuilder.java","169","0","24","42","939","1213","0"
"elasticsearch","0189a65e6bfc623813c6c088d19a0509fbeb64da","core/src/main/java/org/elasticsearch/index/query/MoreLikeThisQueryBuilder.java","169","0","24","42","939","1213","1"
"elasticsearch","e14ba81ac1bf4c576f96e62fbe1c6f6024b10f5b","core/src/main/java/org/elasticsearch/index/query/MoreLikeThisQueryBuilder.java","169","0","25","42","938","1212","2"
"elasticsearch","48bfb142b97bc32542f73bece4bf19bce57554c8","test/framework/src/main/java/org/elasticsearch/test/InternalTestCluster.java","169","0","52","34","1430","1997","2"
"elasticsearch","1e7c42447999421ea789d51279496017d34b15d0","test/framework/src/main/java/org/elasticsearch/test/InternalTestCluster.java","169","0","52","34","1430","2005","1"
"orientdb","03e30159b1d056b97e3e2b018ac2679817e60b8c","distributed/src/main/java/com/orientechnologies/orient/server/hazelcast/OHazelcastPlugin.java","169","0","6","47","1008","1395","1"
"orientdb","f5244a4115b695fc4deb5e13a95808de71bbc115","distributed/src/main/java/com/orientechnologies/orient/server/hazelcast/OHazelcastPlugin.java","169","0","6","47","1026","1413","0"
"netty","a517cce92fee24f2967bba7c84eea835b79fcab1","codec-http2/src/main/java/io/netty/handler/codec/http2/internal/hpack/HuffmanDecoder.java","17","0","0","0","100","177","1"
"hazelcast","51394bc1bdb7ac6fa02b80d6855b6520bf2ea9c3","hazelcast/src/main/java/com/hazelcast/nio/tcp/ReadHandler.java","17","0","0","0","102","138","0"
"elasticsearch","25fd9e26c4fb042d6f6dea14efcd239577bdbbc4","client/rest/src/main/java/org/elasticsearch/client/RequestLogger.java","17","0","0","0","109","157","0"
"hazelcast","a3507ca238034c2ea2fbb21034247eddd69117ef","hazelcast/src/main/java/com/hazelcast/spi/impl/operationservice/impl/InvocationFuture.java","17","0","0","0","113","164","0"
"hazelcast","42dd3075109d59f1b6847b7a6165b609299cc9d3","hazelcast-wm/src/main/java/com/hazelcast/web/HazelcastInstanceLoader.java","17","0","0","0","117","147","1"
"netty","5f6b419bb92ec2c98d4b149f2a8a3f2a056ef0c9","transport/src/main/java/io/netty/channel/local/LocalClientChannelSink.java","17","0","0","0","117","154","0"
"hazelcast","33e26506f4466fba25eefee59df80b654a60af62","hazelcast-wm/src/main/java/com/hazelcast/web/HazelcastInstanceLoader.java","17","0","0","0","118","147","2"
"elasticsearch","ff5ad39c7a5f8ea21d3ff86d3ce50668602d7a74","core/src/main/java/org/elasticsearch/bootstrap/Security.java","17","0","0","0","118","197","0"
"hazelcast","70f8cd351dfb1ac7b06d2f7842deee87dd4539c9","hazelcast/src/main/java/com/hazelcast/nio/SocketPacketReader.java","17","0","0","0","121","152","0"
"ceylon-ide-eclipse","a1dd0f7ba2017b7a19e0d275690b257a6fe19732","plugins/com.redhat.ceylon.eclipse.ui/src/com/redhat/ceylon/eclipse/core/builder/RootFolderScanner.java","17","0","0","0","123","145","0"
"hazelcast","36037326828853511ef4a98da2283178868880b8","hazelcast/src/main/java/com/hazelcast/spi/impl/operationservice/impl/BackpressureRegulator.java","17","0","0","0","123","207","0"
"hazelcast","ad1790f7ac618c7a5bf8f548c3650937b7ee3a89","hazelcast/src/test/java/com/hazelcast/test/mocknetwork/MockJoiner.java","17","0","0","0","125","171","0"
"elasticsearch","9ee08dbb0b247afb881431df0c313024eb768747","core/src/main/java/org/elasticsearch/bootstrap/BootstrapCLIParser.java","17","0","0","0","125","174","1"
"elasticsearch","5337686d8d39568f94b0b976bd9098af69214302","core/src/main/java/org/elasticsearch/bootstrap/BootstrapCLIParser.java","17","0","0","0","127","177","0"
"hazelcast","a174b1733ce8bd5ce179650287fe0b9da5d7cc0c","hazelcast-client-legacy/src/main/java/com/hazelcast/client/cache/impl/AbstractClientCacheProxyBase.java","17","0","0","0","144","193","0"
"neo4j","5c1751453b58d4a6d42f92cb00b73361474d014e","enterprise/causal-clustering/src/main/java/org/neo4j/causalclustering/messaging/NonBlockingChannel.java","17","0","0","0","145","198","1"
"neo4j","b2ef30318aa7859371dd8f25fda317332eb12d4a","enterprise/causal-clustering/src/main/java/org/neo4j/causalclustering/messaging/NonBlockingChannel.java","17","0","0","0","146","199","0"
"hazelcast","42c497fd2cd5fae3f6097086045dc581c227ac64","hazelcast/src/main/java/com/hazelcast/spi/impl/operationservice/impl/OperationBackupHandler.java","17","0","0","0","146","217","0"
"hazelcast","c4456524a55b9ea1f9d41d4dd8b14495d6419970","hazelcast/src/main/java/com/hazelcast/nio/serialization/SerializationContextImpl.java","17","0","0","0","152","195","1"
"hazelcast","08c4c8d9c86d4c97a545f3f4a2d0486f078b344c","hazelcast/src/main/java/com/hazelcast/spi/impl/SlowOperationDetector.java","17","0","0","0","159","225","0"
"hazelcast","bb145ca7f5db144e21063646b1f2a610bbb05eb5","hazelcast-client/src/main/java/com/hazelcast/client/spi/impl/ClientPartitionServiceImpl.java","17","0","0","0","163","213","1"
"hazelcast","05f9e6021e6859216b8c564cec3c51f83a0f7ebb","hazelcast/src/main/java/com/hazelcast/cache/impl/AbstractCacheProxyBase.java","17","0","0","0","166","231","3"
"netty","2769ad428a042e48e2d5a52dccb48c4cbcf14a03","resolver-dns/src/main/java/io/netty/resolver/dns/DnsQueryContext.java","17","0","0","0","167","220","0"
"hazelcast","00e52fa5320b0c1c2c40e7a39d7dcc3a34ba2e3a","hazelcast/src/main/java/com/hazelcast/map/impl/recordstore/AbstractRecordStore.java","17","0","0","0","167","238","0"
"hazelcast","dfde0ce89c3c11629fe62b7eba3a8e6b2bbe6e6c","hazelcast/src/main/java/com/hazelcast/internal/partition/operation/BaseMigrationOperation.java","17","0","0","0","168","216","2"
"hazelcast","74ace7dcdefdaf63de1dd47daca79c1dfb171fd9","hazelcast-client/src/main/java/com/hazelcast/client/cache/impl/AbstractClientCacheProxyBase.java","17","0","0","0","168","231","0"
"hazelcast","820f4b2d5e993cbc48c7f14e06f7588591085461","hazelcast-client-new/src/main/java/com/hazelcast/client/cache/impl/AbstractClientCacheProxyBase.java","17","0","0","0","168","232","1"
"hazelcast","17681042a785eb0d99c3cdb4c1ce3d18f87bd0b0","hazelcast/src/main/java/com/hazelcast/cache/impl/AbstractCacheProxyBase.java","17","0","0","0","169","235","1"
"hazelcast","6ba8d8351f45b37667613e6f2ac9b8f7ec325782","hazelcast/src/main/java/com/hazelcast/map/impl/recordstore/AbstractRecordStore.java","17","0","0","0","171","242","0"
"hazelcast","60a7c288e274f732a4d30dbf717b5ff8cdec4515","hazelcast-client-legacy/src/main/java/com/hazelcast/client/cache/impl/AbstractClientCacheProxyBase.java","17","0","0","0","180","234","1"
"hazelcast","ea8ff1c274ffffe189038236dcc2702e5e2ee13d","hazelcast-client-legacy/src/main/java/com/hazelcast/client/cache/impl/AbstractClientCacheProxyBase.java","17","0","0","0","186","242","0"
"hazelcast","ffe9301db5174bd688cf5f986f7078484fa6cef7","hazelcast/src/main/java/com/hazelcast/nio/serialization/PortableSerializer.java","17","0","0","0","189","247","0"
"hazelcast","f295320580a557b2609ec22ae2abe788b0110bb3","hazelcast/src/test/java/com/hazelcast/osgi/TestBundleContext.java","17","0","0","0","195","258","0"
"hazelcast","3f46545bdca45f33e9257a896121007a1569235f","hazelcast/src/test/java/com/hazelcast/osgi/TestBundleContext.java","17","0","0","0","196","259","1"
"hazelcast","0cf8d4e4b4bb67c11e3b136f5e719e6d498b7504","hazelcast-client/src/main/java/com/hazelcast/client/cache/impl/AbstractClientCacheProxyBase.java","17","0","0","0","219","289","0"
"hazelcast","d568e4d926d925d57d4e79e34614390416749301","hazelcast-client/src/main/java/com/hazelcast/client/cache/impl/AbstractClientCacheProxyBase.java","17","0","0","0","220","290","0"
"hazelcast","489cc81c4df8815a70ce55529ee3e0820c3dd27d","hazelcast-client/src/main/java/com/hazelcast/client/proxy/ClientMapReduceProxy.java","17","0","0","0","260","321","2"
"hazelcast","4653486efe9e76439d1f23021ab16bc287ac9bfa","hazelcast-client/src/main/java/com/hazelcast/client/proxy/ClientMapReduceProxy.java","17","0","0","0","261","322","1"
"neo4j","036e0742c9800ed47922595c97274b360cfbc9ef","enterprise/security/src/test/java/org/neo4j/server/security/enterprise/auth/BoltInteraction.java","17","0","0","0","289","349","1"
"hazelcast","d9d20943b88faf6aa25ddbdc19feab4571611431","hazelcast-client/src/main/java/com/hazelcast/client/proxy/ClientMultiMapProxy.java","17","0","0","0","413","511","1"
"netty","bf62add6c742737b493cf3913d04144f0cd4d710","codec/src/main/java/io/netty/handler/codec/ReplayingDecoderBuffer.java","17","0","0","0","665","822","1"
"netty","3d6d9f394d763aaed47fdd0c86023afebe3c5a9f","codec/src/main/java/io/netty/handler/codec/ReplayingDecoderBuffer.java","17","0","0","0","745","923","1"
"netty","88df53ec1a53912c2e34892247c8218c2fa01838","codec/src/main/java/io/netty/handler/codec/ReplayingDecoderBuffer.java","17","0","0","0","753","933","0"
"hazelcast","04fa46a79e0d2fe3edf6d7c65431712ec0eff46b","hazelcast-client/src/main/java/com/hazelcast/client/cache/impl/HazelcastClientCachingProvider.java","17","0","0","0","89","126","1"
"hazelcast","6d7d1640a68ef9d1433234d2a0ad8443ec25aa7d","hazelcast-client/src/main/java/com/hazelcast/client/cache/impl/HazelcastClientCachingProvider.java","17","0","0","0","90","127","0"
"hazelcast","564167c1f93b32ce742411106e9ae67eae88a801","hazelcast/src/main/java/com/hazelcast/util/executor/DelegatingFuture.java","17","0","0","10","141","184","0"
"neo4j","0d843f05ae6a0785ff68416331440d96b0ab20c3","enterprise/causal-clustering/src/test/java/org/neo4j/causalclustering/scenarios/ClusterOverviewIT.java","17","0","0","10","275","391","1"
"neo4j","eba75807921f179c3761681f289a1a6e4fbcfe75","enterprise/causal-clustering/src/test/java/org/neo4j/causalclustering/scenarios/ClusterOverviewIT.java","17","0","0","10","276","392","0"
"hazelcast","2df063d441d3830ee797541830899e3248a8590e","hazelcast/src/main/java/com/hazelcast/partition/impl/ReplicaSyncRequest.java","17","0","0","11","190","239","0"
"hazelcast","b1556cb737bd13095ea68036af59c6a61c350931","hazelcast/src/main/java/com/hazelcast/partition/impl/ReplicaSyncRequest.java","17","0","0","11","190","239","0"
"hazelcast","1c52b3168b2cb32e5b01cf28812512ae01cf5b94","hazelcast/src/main/java/com/hazelcast/partition/impl/ReplicaSyncRequest.java","17","0","0","11","190","239","1"
"hazelcast","80375b48e398ab48a9390e5c7de3a7b08a01bab2","hazelcast-client/src/test/java/com/hazelcast/client/txn/ClientXATest.java","17","0","0","11","237","290","2"
"hazelcast","3eeb1de0a2a25fd7b18a8fd2688ffc749bedad2e","hazelcast/src/test/java/com/hazelcast/util/FutureUtilTest.java","17","0","0","11","254","330","1"
"hazelcast","a2ca3ab776e04217602a3e86422fba5dd644ac41","hazelcast/src/test/java/com/hazelcast/util/FutureUtilTest.java","17","0","0","11","257","334","2"
"hazelcast","67db7c70adf6604568aa7e831f0373cf4b411bd0","hazelcast/src/test/java/com/hazelcast/util/FutureUtilTest.java","17","0","0","11","258","335","2"
"hazelcast","b58d0837a50d3bfe5cfef4101d2d6cc3d808435f","hazelcast/src/test/java/com/hazelcast/util/FutureUtilTest.java","17","0","0","12","262","342","0"
"hazelcast","4d0f4324005da329ce6260c598c430a098ea9046","hazelcast/src/test/java/com/hazelcast/util/FutureUtilTest.java","17","0","0","12","265","346","1"
"hazelcast","52964f3e130dc8d69cb0e5d436523fd9383006fb","hazelcast/src/test/java/com/hazelcast/ringbuffer/impl/RingbufferStoreTest.java","17","0","0","12","396","506","0"
"hazelcast","aade3fad25e1b222620893449c360ce4a0d1fa33","hazelcast/src/test/java/com/hazelcast/ringbuffer/impl/RingbufferStoreTest.java","17","0","0","12","398","508","0"
"elasticsearch","ee68e753323c194cf0bd6e9b4169848e43f75013","core/src/test/java/org/elasticsearch/action/search/RemoteClusterConnectionTests.java","17","0","0","12","417","512","0"
"elasticsearch","38b3fec885116b8e15edcdfbe466ac82fe315989","core/src/test/java/org/elasticsearch/action/search/RemoteClusterConnectionTests.java","17","0","0","13","427","523","0"
"neo4j","e57fe32738bb9d91c1b9a10f75c524bf2b421cdd","community/kernel/src/test/java/org/neo4j/kernel/impl/store/kvstore/AbstractKeyValueStoreTest.java","17","0","0","13","565","704","0"
"hazelcast","010a0da06277e239160b708d62f417a04e431bbe","hazelcast/src/main/java/com/hazelcast/map/impl/MapStoreWrapper.java","17","0","0","14","111","153","1"
"hazelcast","08aa22d4cbd64e4769b7c539b8275096fd74888c","hazelcast/src/main/java/com/hazelcast/spi/impl/operationservice/impl/operations/Backup.java","17","0","0","14","164","208","1"
"hazelcast","8fa8695ee7d89fb65b6349f7bea75d17f15713a7","hazelcast/src/main/java/com/hazelcast/spi/impl/operationservice/impl/operations/Backup.java","17","0","0","14","165","209","0"
"hazelcast","142f48debf262bbcc8ebf3fb30e729d9da0d1684","hazelcast/src/test/java/com/hazelcast/xa/HazelcastXaTest.java","17","0","0","14","229","294","3"
"hazelcast","00e8eabfdd70dfb70d91312f05495f917e2d27ab","hazelcast/src/test/java/com/hazelcast/map/LocalMapStatsTest.java","17","0","0","14","284","335","1"
"hazelcast","00cc50ec0d92d2bc1f7dfb8c1cfd4f569ad84cdc","hazelcast/src/test/java/com/hazelcast/map/LocalMapStatsTest.java","17","0","0","14","284","336","1"
"elasticsearch","15588a499104c73b95df831c74cab79db3f3257b","modules/lang-groovy/src/test/java/org/elasticsearch/messy/tests/BucketSelectorTests.java","17","0","0","14","451","533","0"
"hazelcast","1ffceca1e7cdee5212b4c4f4085a3a3b6bb66ebc","hazelcast/src/test/java/com/hazelcast/cluster/AdvancedClusterStateTest.java","17","0","0","14","505","628","0"
"hazelcast","a69a99feb399aa5855f2cc876a0626ab7dd20d84","hazelcast/src/main/java/com/hazelcast/map/impl/MapStoreWrapper.java","17","0","0","15","113","154","0"
"hazelcast","7852995d46c82d37bf930eea7c7ec5308657e67e","hazelcast/src/main/java/com/hazelcast/internal/cluster/MemberInfo.java","17","0","0","15","116","151","0"
"hazelcast","167361456fe0b8d77b57aae72dd415f8ade56f61","hazelcast/src/main/java/com/hazelcast/internal/cluster/MemberInfo.java","17","0","0","15","117","152","0"
"hazelcast","0c5e74a5a81c92b85e8c1396554c94fa4c747508","hazelcast-client/src/test/java/com/hazelcast/client/stress/StressTestSupport.java","17","0","0","15","152","190","1"
"hazelcast","139accb8e85eca305e57b2dd8b7e2340cbc75d50","hazelcast/src/test/java/com/hazelcast/xa/HazelcastXaTest.java","17","0","0","15","238","303","2"
"elasticsearch","d8203f19fdc7277495ae165b16b80cf424f1df56","core/src/test/java/org/elasticsearch/action/support/master/TransportMasterNodeActionTests.java","17","0","0","15","310","383","1"
"elasticsearch","046abdc281c321cd2128ee7684c0edfcaca07203","core/src/test/java/org/elasticsearch/search/aggregations/pipeline/BucketSelectorIT.java","17","0","0","15","468","599","3"
"elasticsearch","2a844fc457a38650de3aa13ec07e4e8904646e6b","src/main/java/org/elasticsearch/search/aggregations/bucket/terms/TermsAggregator.java","17","0","0","16","118","166","0"
"hazelcast","e1b69c53ca4923affcd7722f012a80e32517e988","hazelcast/src/main/java/com/hazelcast/instance/AbstractMember.java","17","0","0","16","177","220","0"
"hazelcast","c0979b955030bade1ea10c4a88593551e43e7916","hazelcast/src/test/java/com/hazelcast/xa/HazelcastXaTest.java","17","0","0","16","254","321","0"
"hazelcast","f4c33973f2e5f804f6743683b11c8a43922bfc7e","hazelcast/src/main/java/com/hazelcast/internal/cluster/MemberInfo.java","17","0","0","17","131","168","1"
"hazelcast","98b249af9499f13c482d9ffa4ce6f1367ddb4586","hazelcast-client/src/test/java/com/hazelcast/client/HazelcastClientListTest.java","17","0","0","17","233","272","0"
"neo4j","b270d9e0e71e8fa4e4dbce0e79c9a3e8eed6e3bc","community/graph-algo/src/test/java/org/neo4j/graphalgo/path/DijkstraTest.java","17","0","0","17","395","583","0"
"hazelcast","627f7397e73e69a8436f2e4e41327495c74d2ffc","hazelcast-client/src/test/java/com/hazelcast/client/listeners/AbstractListenersOnReconnectTest.java","17","0","0","17","397","534","3"
"hazelcast","1640254ad58a08ac6a5f59242b7bbdd78dd20240","hazelcast-client/src/test/java/com/hazelcast/client/listeners/AbstractListenersOnReconnectTest.java","17","0","0","17","400","540","3"
"neo4j","a93c570faa774c1a40b635b6a3e6d8ccb61a99e8","community/lucene-index/src/test/java/org/neo4j/kernel/api/impl/index/LuceneLabelScanStoreTest.java","17","0","0","17","432","566","1"
"hazelcast","e1b69c53ca4923affcd7722f012a80e32517e988","hazelcast/src/main/java/com/hazelcast/internal/cluster/MemberInfo.java","17","0","0","18","134","172","0"
"hazelcast","efffe92e8068d71a50749a1f577ec86377fcee0e","hazelcast/src/test/java/com/hazelcast/util/collection/Long2ObjectHashMapTest.java","17","0","0","18","209","298","0"
"hazelcast","5da39756a924fc9e2ed46c61fcadede40bb5efc7","hazelcast-client/src/test/java/com/hazelcast/client/HazelcastClientListTest.java","17","0","0","18","238","278","0"
"orientdb","252aa4c00e6048e5a77066dc5f770ef6e58dd1ea","core/src/main/java/com/orientechnologies/orient/core/sql/parser/ONotBlock.java","17","0","0","19","113","144","1"
"orientdb","c143ec653bd43c119ce79712eb3302775b077113","graphdb/src/main/java/com/tinkerpop/blueprints/impls/orient/asynch/OrientElementFuture.java","17","0","0","19","145","187","1"
"mcMMO","d0c0b9a089d3b99e7fe68740860fef2d0275613f","src/main/java/com/gmail/nossr50/commands/general/MmoeditCommand.java","17","0","0","2","102","125","0"
"hazelcast","6d705f2552e2184cccfa8118823106b3a7088758","hazelcast-client/src/test/java/com/hazelcast/client/txn/ClientXATest.java","17","0","0","2","237","290","0"
"hazelcast","0dcac2107149f1a24af61788b11b53bd49eb4a73","hazelcast-client-new/src/test/java/com/hazelcast/client/test/TestClientRegistry.java","17","0","0","2","237","307","0"
"ceylon-ide-eclipse","c0db6cfa2c444c7ce75e0586a6932019f8deaa86","plugins/com.redhat.ceylon.eclipse.ui/src/com/redhat/ceylon/eclipse/core/launch/CeylonSourcePathComputer.java","17","0","0","2","71","83","0"
"ceylon-ide-eclipse","5b4c3eac8a7c12c0125a77343e602b4e73083595","plugins/com.redhat.ceylon.eclipse.ui/src/com/redhat/ceylon/eclipse/code/complete/TypeArgumentListCompletions.java","17","0","0","2","81","89","0"
"hazelcast","10c1d716875f74726880b9c76d342698affe98c0","hazelcast/src/main/java/com/hazelcast/spi/impl/proxyservice/impl/DistributedObjectFuture.java","17","0","0","2","82","114","1"
"orientdb","0b098ecbb27731eae0d6bc55a5750b000a6b9777","core/src/main/java/com/orientechnologies/orient/core/sql/parser/ONotBlock.java","17","0","0","20","116","148","0"
"hazelcast","be65e61f8071098b49b54acb2f09c3cb3246176b","hazelcast/src/main/java/com/hazelcast/scheduledexecutor/impl/ScheduledExecutorServiceProxy.java","17","0","0","21","360","458","0"
"neo4j","6b75a9235ea38e0c47caacd25cc919023c0c958b","community/lucene-index/src/test/java/org/neo4j/kernel/api/impl/labelscan/LuceneLabelScanStoreTest.java","17","0","0","22","490","645","0"
"neo4j","868b4d731485023d2f7477e1133dcd5b263c851d","community/lucene-index/src/test/java/org/neo4j/kernel/api/impl/index/LuceneLabelScanStoreTest.java","17","0","0","23","515","659","0"
"netty","6246825fda9332a421272ec649bd6ec0b3dd405a","common/src/main/java/io/netty/util/internal/TypeParameterMatcher.java","17","0","0","3","108","151","1"
"hazelcast","9bbfd33ff7246db9118fa0590d78544d25513452","hazelcast/src/main/java/com/hazelcast/nio/SocketConnector.java","17","0","0","3","115","148","0"
"elasticsearch","2b3760f78b26817b5a2030aa27b1ddf2f17462f6","core/src/main/java/org/elasticsearch/rest/action/admin/indices/RestGetIndicesAction.java","17","0","0","3","125","162","1"
"elasticsearch","92d4cc13c064ffe2a289aa0e0cae049688aa8153","src/main/java/org/elasticsearch/rest/action/cat/RestAllocationAction.java","17","0","0","3","142","189","0"
"elasticsearch","d4f03239179cdc8f29cd81fe457236c60e21de07","src/main/java/org/elasticsearch/rest/action/cat/RestAllocationAction.java","17","0","0","3","142","189","0"
"elasticsearch","31ecf1db98ba9822ca5eccd23dc3a09a06e91818","src/main/java/org/elasticsearch/rest/action/cat/RestAllocationAction.java","17","0","0","3","142","189","1"
"elasticsearch","596d511466c279c8f5e808599c3aff19e029c477","src/test/java/org/elasticsearch/index/fielddata/FilterFieldDataTest.java","17","0","0","3","164","201","0"
"elasticsearch","fda6ca4869182a2dfc082490c183eadf8f4e3d05","src/test/java/org/elasticsearch/index/fielddata/FilterFieldDataTest.java","17","0","0","3","165","202","1"
"elasticsearch","c63626b537955d0309c6613642e990b54efd3cbf","src/test/java/org/elasticsearch/snapshots/SnapshotBackwardsCompatibilityTest.java","17","0","0","3","198","243","0"
"elasticsearch","538c44b6bf36a1cb8f80781a3a5bb1634f2b7822","src/test/java/org/elasticsearch/rest/action/admin/indices/upgrade/UpgradeTest.java","17","0","0","3","198","254","0"
"mcMMO","9278ca4d27c0211aa886f7f6c4cb206c3cfcc998","src/main/java/com/gmail/nossr50/commands/party/ACommand.java","17","0","0","3","65","89","0"
"elasticsearch","e82f96f1e5371ef6ef9d9907b557b6a855d1a5da","src/main/java/org/elasticsearch/index/analysis/MappingCharFilterFactory.java","17","0","0","3","87","123","1"
"elasticsearch","d97839b8a82b9aedf7ebba81905e6f6c9d57ebc7","src/main/java/org/elasticsearch/index/analysis/MappingCharFilterFactory.java","17","0","0","3","88","124","0"
"mcMMO","52f1e33052255369852b331fffde30f0dc495f59","src/main/java/com/gmail/nossr50/config/AutoUpdateConfigLoader.java","17","0","0","3","91","122","0"
"hazelcast","057970fe8e4719dee75fa0c273ca098eb0c35e82","hazelcast/src/main/java/com/hazelcast/nio/Connection.java","17","0","0","30","171","235","0"
"elasticsearch","ef83dbfbe68eff4b72575a2059a333469b274769","core/src/main/java/org/elasticsearch/index/fielddata/plain/AbstractIndexOrdinalsFieldData.java","17","0","0","4","113","151","2"
"elasticsearch","33b8d7a19d6ddd6ad06a5a0cb5ca90175458e036","core/src/main/java/org/elasticsearch/index/fielddata/plain/AbstractIndexOrdinalsFieldData.java","17","0","0","4","114","152","0"
"elasticsearch","0e9186e1373b99e261d80317c836477b7cc31d66","core/src/test/java/org/elasticsearch/search/aggregations/support/ScriptValuesTests.java","17","0","0","4","114","154","1"
"elasticsearch","00de8e07fc3df9c763bbc0b6890217dc5b6bee3e","core/src/main/java/org/elasticsearch/rest/action/admin/indices/RestIndicesStatsAction.java","17","0","0","4","118","168","3"
"elasticsearch","17a2fffc9be50102fa5a9da72053c82df23b1a64","core/src/main/java/org/elasticsearch/rest/action/admin/indices/RestIndicesStatsAction.java","17","0","0","4","118","168","2"
"elasticsearch","6796464f167ce293192c43efd1cf28e4434fd5da","core/src/main/java/org/elasticsearch/rest/action/admin/indices/RestIndicesStatsAction.java","17","0","0","4","118","168","4"
"elasticsearch","6baded8e7fb920e920a288bf53764a1da3d617da","core/src/main/java/org/elasticsearch/rest/action/admin/indices/RestIndicesStatsAction.java","17","0","0","4","118","168","3"
"elasticsearch","ef610636b6a2e4b39dfd422d5156f4876b43b48a","core/src/main/java/org/elasticsearch/rest/action/admin/indices/RestIndicesStatsAction.java","17","0","0","4","118","168","1"
"elasticsearch","f5ac0e507661ec127afa07ed8dd34da50b2e4d5d","core/src/main/java/org/elasticsearch/rest/action/admin/indices/RestIndicesStatsAction.java","17","0","0","4","118","168","2"
"elasticsearch","d06a8903fdccf5985bb1b9cbfcb92580d08a544c","core/src/main/java/org/elasticsearch/rest/action/admin/indices/RestIndicesStatsAction.java","17","0","0","4","118","168","0"
"elasticsearch","b7de1becf443a3a85f643ef12f5fe4b4d4b6e765","src/test/java/org/elasticsearch/search/aggregations/support/ScriptValuesTests.java","17","0","0","4","120","163","0"
"elasticsearch","23fb36cc879f17908445c8bd1415c2a4611c12ca","core/src/main/java/org/elasticsearch/monitor/fs/FsProbe.java","17","0","0","4","121","166","0"
"elasticsearch","482843e27b6b498e1c045cbae5ad250102e76bac","core/src/test/java/org/elasticsearch/action/admin/HotThreadsIT.java","17","0","0","4","136","180","0"
"ceylon-ide-eclipse","f1463e06d0eaee6d48514cd1c95ad7c40b180b50","plugins/com.redhat.ceylon.eclipse.ui/src/com/redhat/ceylon/eclipse/code/refactor/RefactorMenuItems.java","17","0","0","4","145","157","0"
"elasticsearch","3aa72f27382dc5a6180b390eaafcff96c3fd7f1f","src/test/java/org/elasticsearch/search/functionscore/RandomScoreFunctionTests.java","17","0","0","4","169","221","1"
"ceylon-ide-eclipse","5b4c3eac8a7c12c0125a77343e602b4e73083595","plugins/com.redhat.ceylon.eclipse.ui/src/com/redhat/ceylon/eclipse/code/refactor/EnterAliasLinkedMode.java","17","0","0","4","227","273","0"
"elasticsearch","5b07f81fcf253f20ba002fe4df0340540426d662","core/src/test/java/org/elasticsearch/index/replication/ESIndexLevelReplicationTestCase.java","17","0","0","4","414","495","2"
"elasticsearch","c4fe8e7bf23f62c25f3d1ebd35de3fe716c45e9a","core/src/test/java/org/elasticsearch/index/replication/ESIndexLevelReplicationTestCase.java","17","0","0","4","415","496","1"
"elasticsearch","046abdc281c321cd2128ee7684c0edfcaca07203","core/src/test/java/org/elasticsearch/index/replication/ESIndexLevelReplicationTestCase.java","17","0","0","4","416","497","3"
"elasticsearch","add433944676594b5696bc949e3e8eea38cf037d","src/main/java/org/elasticsearch/index/query/NestedFilterParser.java","17","0","0","4","78","108","0"
"hazelcast","5e5c8a40c0d029c5f0cc49a61b3f21d87f671dc3","hazelcast/src/main/java/com/hazelcast/nio/NodeIOService.java","17","0","0","40","240","308","0"
"hazelcast","f818232b566c635d33a9ced8b410e324dbfc8aa1","hazelcast-spring/src/test/java/com/hazelcast/spring/TestFullApplicationContext.java","17","0","0","40","869","1014","0"
"hazelcast","bcf8bd402ddffeeb9823791b2416b557a4ad418c","hazelcast-spring/src/test/java/com/hazelcast/spring/TestFullApplicationContext.java","17","0","0","42","886","1034","0"
"hazelcast","e344e0e8eec3cc858b39c8e8ac54407fd3216df8","hazelcast-spring/src/test/java/com/hazelcast/spring/TestFullApplicationContext.java","17","0","0","44","916","1072","1"
"hazelcast","e914277fc41124d8b178c218e3ff76938f695cb0","hazelcast/src/main/java/com/hazelcast/nio/NodeIOService.java","17","0","0","45","264","337","1"
"hazelcast","17bd5bcdf93ea2810c638dc6564a9c7ff9c3f231","hazelcast-spring/src/test/java/com/hazelcast/spring/TestFullApplicationContext.java","17","0","0","45","925","1082","0"
"hazelcast","91004ee4a40b4a4eebaef1fb02b3fc4756739d31","hazelcast/src/main/java/com/hazelcast/nio/NodeIOService.java","17","0","0","46","275","349","1"
"BroadleafCommerce","6c886ed901daf293f8c18f55563b0a728e6e18d2","core/broadleaf-framework-web/src/main/java/org/broadleafcommerce/core/web/catalog/taglib/GoogleAnalyticsTag.java","17","0","0","5","119","176","1"
"BroadleafCommerce","1b84c3d0744124d273246b931ad8313548bc7009","core/broadleaf-framework-web/src/main/java/org/broadleafcommerce/core/web/catalog/taglib/GoogleAnalyticsTag.java","17","0","0","5","119","177","0"
"hazelcast","ffe9301db5174bd688cf5f986f7078484fa6cef7","hazelcast/src/main/java/com/hazelcast/map/operation/QueryOperation.java","17","0","0","5","123","152","0"
"ceylon-ide-eclipse","c8a7d3f151dcf1c8a19c5a3dc0f0f0d86135c65f","plugins/com.redhat.ceylon.eclipse.ui/src/com/redhat/ceylon/eclipse/code/refactor/RenamePackageRefactoringParticipant.java","17","0","0","5","147","166","0"
"ceylon-ide-eclipse","da0aefc777cd8f1a00e293e94d277f9ff5468b43","plugins/com.redhat.ceylon.eclipse.ui/src/com/redhat/ceylon/eclipse/code/refactor/RenamePackageRefactoringParticipant.java","17","0","0","5","151","170","0"
"orientdb","2a004c4b73a8609cf941b54707f6e23ff7cbea22","graphdb/src/main/java/com/tinkerpop/blueprints/impls/orient/OrientVertexIterator.java","17","0","0","5","72","114","0"
"BroadleafCommerce","73b572fb130796355d80fdc8d5007c0d5f3a84cd","core/broadleaf-framework/src/main/java/org/broadleafcommerce/core/workflow/SequenceProcessor.java","17","0","0","5","95","145","0"
"elasticsearch","61849a1150ae298fe38667341bc640fecb952a50","core/src/main/java/org/elasticsearch/search/aggregations/metrics/tophits/TopHitsAggregator.java","17","0","0","6","159","203","0"
"hazelcast","a02dfded4689a8e2986e8ddde755881248231c54","hazelcast/src/main/java/com/hazelcast/internal/cluster/impl/operations/PostJoinOperation.java","17","0","0","7","111","148","0"
"hazelcast","66f79f6ef774b881ba5bed2c100688eb5ff25ff3","hazelcast-client/src/main/java/com/hazelcast/client/connection/nio/ClientAbstractIOSelector.java","17","0","0","7","122","161","1"
"elasticsearch","04b712bdc5d603786dcd3c3d254468aff7f23bb9","modules/ingest-common/src/main/java/org/elasticsearch/ingest/common/GrokProcessor.java","17","0","0","7","128","181","4"
"hazelcast","aca164603e7b273913597d0027b7ec791fe6f846","hazelcast-client/src/main/java/com/hazelcast/client/connection/nio/ClientAbstractIOSelector.java","17","0","0","7","129","168","0"
"hazelcast","0d4224c8a9c789e5a41351a6c0fab40bf1272fcd","hazelcast-client/src/main/java/com/hazelcast/client/connection/nio/ClientAbstractIOSelector.java","17","0","0","7","136","176","3"
"hazelcast","36b7b4a7cb93794ac8d374d0573e4f6b495f0394","hazelcast/src/main/java/com/hazelcast/logging/LoggingServiceImpl.java","17","0","0","7","197","255","0"
"elasticsearch","f8df2a22e9171e07125e17f8dd95da2eeb89fe3f","core/src/test/java/org/elasticsearch/client/transport/TransportClientNodesServiceTests.java","17","0","0","7","384","497","0"
"MapDB","0392d2fca4cf02f7013a84d7acd703c4b5a0f99c","src/test/java/org/mapdb/FunTest.java","17","0","0","7","71","99","2"
"orientdb","c44bbca080721b05af1db86562a16b199916fd3c","tests/src/test/java/com/orientechnologies/orient/test/database/auto/ClassIndexTest.java","17","0","0","79","1066","1325","0"
"orientdb","eda36859b9b033e1c3c6c69dce74c4959ac3439e","tests/src/test/java/com/orientechnologies/orient/test/database/auto/ClassIndexTest.java","17","0","0","79","1068","1327","1"
"mct","00a1a4e44d41db0509178e7acb449101cb47231f","fastPlotViews/src/main/java/gov/nasa/arc/mct/fastplot/scatter/ScatterPlotDataSeries.java","17","0","0","8","100","120","0"
"hazelcast","dcdf838c95407da279237d92588a7a4f691c6fce","hazelcast-client/src/main/java/com/hazelcast/client/connection/SmartClientConnectionManager.java","17","0","0","8","183","230","1"
"netty","a1e3c17eae63711538dde7969794180586e58727","codec/src/test/java/io/netty/handler/codec/compression/ZlibTest.java","17","0","0","8","185","235","1"
"neo4j","36d749e9be2011ad5d7cdb4de6dbac55583e3dda","community/bolt/src/main/java/org/neo4j/bolt/v1/runtime/TransactionStateMachine.java","17","0","0","8","280","353","1"
"MapDB","7041a7d4fb7ad6f41fc486628c4ba96c4dd2486a","src/test/java/org/mapdb/FunTest.java","17","0","0","8","81","109","1"
"elasticsearch","3dff0d0de209437d727a0f309111f5ed49ebfb2e","plugins/repository-azure/src/main/java/org/elasticsearch/cloud/azure/blobstore/AzureBlobContainer.java","17","0","0","9","126","174","0"
"netty","f3c940d20810635cda3e6c0f19ec3a9f621fe1ed","transport/src/main/java/io/netty/channel/socket/oio/OioServerSocketChannel.java","17","0","0","9","166","217","1"
"netty","e59ac8e79b14aaf5ac9899234d0aa8b82a4e00ce","transport/src/main/java/io/netty/channel/embedded/AbstractEmbeddedChannel.java","17","0","0","9","206","275","0"
"netty","fdfe3149ba3f68678fa7f73c574c7c61aa33fa2f","resolver-dns/src/test/java/io/netty/resolver/dns/DnsNameResolverTest.java","17","0","0","9","360","453","1"
"elasticsearch","ab74e68c5cca05a6004776a3f06dd4260c2098f1","core/src/main/java/org/elasticsearch/action/support/single/instance/TransportInstanceSingleOperationAction.java","17","0","1","0","200","273","0"
"elasticsearch","4ecbce1568a5aab96b57d916a2f72602c9accc51","core/src/main/java/org/elasticsearch/action/support/single/instance/TransportInstanceSingleOperationAction.java","17","0","1","0","204","276","1"
"netty","3482651e0c29edfa02f189751c704ebe4fe8f54c","codec-http2/src/main/java/io/netty/handler/codec/http2/AbstractHttp2ConnectionHandlerBuilder.java","17","0","1","0","209","448","0"
"elasticsearch","371c73e14023917f3892090d2d3d7ff9ac1216b9","core/src/main/java/org/elasticsearch/action/admin/cluster/snapshots/get/TransportGetSnapshotsAction.java","17","0","1","1","101","136","3"
"elasticsearch","78574d248cf10dad1c5a566fda79e1e0c94afe43","core/src/main/java/org/elasticsearch/action/admin/cluster/snapshots/get/TransportGetSnapshotsAction.java","17","0","1","1","101","136","2"
"elasticsearch","8067412983fa177b37a8eb76e6e86aa841d9c7a5","core/src/main/java/org/elasticsearch/action/admin/cluster/snapshots/get/TransportGetSnapshotsAction.java","17","0","1","1","101","136","2"
"elasticsearch","e6aaaf11ed4a1b8f595f920de1840938eddb7a97","core/src/main/java/org/elasticsearch/action/admin/cluster/snapshots/get/TransportGetSnapshotsAction.java","17","0","1","1","101","136","2"
"elasticsearch","a60b8948ba1d836a6eac7cff095519e618939ed8","core/src/main/java/org/elasticsearch/action/admin/cluster/snapshots/get/TransportGetSnapshotsAction.java","17","0","1","1","101","136","0"
"netty","3049f5ddc483de1afdaa52443fe946133e121808","codec/src/main/java/io/netty/handler/codec/ReplayingDecoder.java","17","0","1","1","104","401","1"
"netty","e33f12f5b8a37b3f2a7291a10a61c8bce6ce73e0","transport/src/main/java/io/netty/channel/oio/OioByteStreamChannel.java","17","0","1","1","115","161","1"
"BroadleafCommerce","27ef2467b7432e825811b791c96788f417fc8d4b","core/broadleaf-framework/src/main/java/org/broadleafcommerce/core/checkout/service/workflow/ConfirmPaymentsRollbackHandler.java","17","0","1","1","123","175","0"
"BroadleafCommerce","14f0cd0916a1a9c53296a720ecbd787246fab9c3","core/broadleaf-framework/src/main/java/org/broadleafcommerce/core/checkout/service/workflow/ConfirmPaymentsRollbackHandler.java","17","0","1","1","123","177","1"
"elasticsearch","60bddc28ebd690446c88a454cc24de984fdf0fc5","src/main/java/org/elasticsearch/action/search/type/TransportSearchQueryThenFetchAction.java","17","0","1","1","149","191","0"
"elasticsearch","a8dcfa5deb65d57ae4814f97c7f5231ed45507c2","src/main/java/org/elasticsearch/action/search/type/TransportSearchQueryThenFetchAction.java","17","0","1","1","152","194","0"
"elasticsearch","889db1c824d8c573835e8cbadd0c6f3ba25f8fcd","src/main/java/org/elasticsearch/action/admin/cluster/settings/TransportClusterUpdateSettingsAction.java","17","0","1","1","159","222","4"
"elasticsearch","984b94e8b75f4c7f5a5e878548509a36bdeeec37","core/src/main/java/org/elasticsearch/action/admin/indices/upgrade/post/TransportUpgradeAction.java","17","0","1","1","164","216","1"
"elasticsearch","598854dd72d7fb01a7e26a9dad065de3deaa5eb7","src/main/java/org/elasticsearch/action/admin/cluster/settings/TransportClusterUpdateSettingsAction.java","17","0","1","1","164","228","3"
"neo4j","abb44045452530bb0da7fb275c808b5cefd2dc33","community/cypher/cypher-compiler-3.2/src/test/java/org/neo4j/cypher/internal/compiler/v3_2/common/CypherOrderabilityTest.java","17","0","1","1","179","232","0"
"elasticsearch","aadbfa44b4b9ed2a544ca6766d387f66e9272f9a","src/main/java/org/elasticsearch/action/search/type/TransportSearchDfsQueryThenFetchAction.java","17","0","1","1","183","229","0"
"elasticsearch","e70a8d4ee986d0d80457aa7c65eb6f40e28c2805","src/main/java/org/elasticsearch/action/index/TransportIndexAction.java","17","0","1","1","188","254","1"
"neo4j","9ad53e0ff16e419240de60871e1fa939ff1e79c0","community/import-tool/src/main/java/org/neo4j/tooling/ImportTool.java","17","0","1","1","287","338","1"
"neo4j","65a7ca99e28d12d274a84ca1008be13611ca44ab","community/import-tool/src/main/java/org/neo4j/tooling/ImportTool.java","17","0","1","1","289","340","0"
"neo4j","a28486d3af309509b6a6a08f4bbdcea8c30fee4e","community/import-tool/src/main/java/org/neo4j/tooling/ImportTool.java","17","0","1","1","289","340","0"
"neo4j","4f021ca29bae1d5264461a88c40fae307328598f","community/import-tool/src/main/java/org/neo4j/tooling/ImportTool.java","17","0","1","1","289","340","1"
"elasticsearch","b49635539d929d6cb5ee56153e2f95872fe4bb16","modules/lang-painless/src/main/java/org/elasticsearch/painless/node/SDeclaration.java","17","0","1","1","50","86","1"
"BroadleafCommerce","0b82dddef8d8a719cf608eae326d394cb23b6218","core/broadleaf-framework/src/main/java/org/broadleafcommerce/core/offer/service/workflow/VerifyCustomerMaxOfferUsesActivity.java","17","0","1","1","67","102","2"
"elasticsearch","728e0e2a2eb4cbb93b87fc22a3e84fddea2a0635","src/main/java/org/elasticsearch/search/aggregations/metrics/ValuesSourceMetricsAggregatorParser.java","17","0","1","1","76","112","0"
"netty","eef2ad7cd2424da63f83052607a232eefc7c36e4","example/src/main/java/io/netty/example/http/upload/HttpUploadClient.java","17","0","1","1","763","895","0"
"netty","89d4c50c300c8786af254173d307070cdd15a844","example/src/main/java/io/netty/example/http/upload/HttpUploadClient.java","17","0","1","1","764","896","0"
"elasticsearch","49a97f6fcf4e4907304a4320b61923cabbee44e2","modules/elasticsearch/src/main/java/org/elasticsearch/node/internal/InternalSettingsPerparer.java","17","0","1","1","78","123","0"
"elasticsearch","3b2eff665e3418b2e055f236ed41adb188e34f65","core/src/main/java/org/elasticsearch/search/aggregations/bucket/range/ip/IpRangeParser.java","17","0","1","1","97","129","1"
"elasticsearch","b1cef5fdf8e1f8e9982a4724986b2731ca4d522b","core/src/main/java/org/elasticsearch/search/aggregations/bucket/range/ip/IpRangeParser.java","17","0","1","1","97","129","1"
"elasticsearch","d88239ba632a68d58143291a2eab85fb3fbdc9f6","core/src/main/java/org/elasticsearch/search/aggregations/bucket/range/ip/IpRangeParser.java","17","0","1","1","97","129","0"
"orientdb","0dded1e03ad963e106d30446e6ffbc42645e9b51","core/src/main/java/com/orientechnologies/orient/core/db/record/ORecordOperation.java","17","0","1","10","106","156","1"
"netty","81e2db10faaf0389f4e1af8c7132210946203157","transport/src/main/java/io/netty/channel/DefaultChannelConfig.java","17","0","1","10","117","160","0"
"hazelcast","0b7059f334d11471ccf84009e6f2deefad9a0e49","hazelcast/src/main/java/com/hazelcast/mapreduce/impl/task/TrackableJobFuture.java","17","0","1","10","136","187","1"
"hazelcast","dcd4c4d46297138835d4a2021272d3d0b0e3eb35","hazelcast/src/main/java/com/hazelcast/mapreduce/impl/task/TrackableJobFuture.java","17","0","1","10","136","187","2"
"hazelcast","db30aa1fffccf62d21e4e35d45c0b20172330d3c","hazelcast/src/main/java/com/hazelcast/mapreduce/impl/task/TrackableJobFuture.java","17","0","1","10","136","187","0"
"hazelcast","bd4c23a7e473d52a5f54745e6255a0cfbba0048d","hazelcast/src/main/java/com/hazelcast/internal/partition/operation/PromotionCommitOperation.java","17","0","1","10","177","239","1"
"titan","8e76984347ad0cc94af1cde0ecb9b018e79d526c","titan-core/src/main/java/com/thinkaurelius/titan/graphdb/database/serialize/StandardSerializer.java","17","0","1","10","200","246","0"
"hazelcast","5b8632553391543693d7a87c5d29cdea51293447","hazelcast-client/src/main/java/com/hazelcast/client/proxy/ClientScheduledFutureProxy.java","17","0","1","10","229","277","0"
"elasticsearch","36c3e896de86ced11a239e9b0ce66a896d472a8a","src/main/java/org/elasticsearch/node/internal/InternalNode.java","17","0","1","10","328","418","1"
"elasticsearch","263819c67421c6b80be408ec973c3e056a2cf67b","src/main/java/org/elasticsearch/node/internal/InternalNode.java","17","0","1","10","333","424","0"
"orientdb","409139b4dc5bf7bf797704716a27c45bc2e7883b","core/src/main/java/com/orientechnologies/orient/core/db/record/ORecordOperation.java","17","0","1","11","110","161","0"
"hazelcast","a7c193cf15e2a11225d8346a52ede10e9051b045","hazelcast/src/main/java/com/hazelcast/map/operation/MultipleEntryOperation.java","17","0","1","11","142","175","1"
"elasticsearch","897587f981bdf1f1f1d7843b3258f5a0d7adf017","modules/elasticsearch/src/main/java/org/elasticsearch/cluster/metadata/MetaDataDeleteIndexService.java","17","0","1","11","156","220","0"
"hazelcast","47a44ef83f429382b9b9033f81a8c7297e51ab03","hazelcast/src/main/java/com/hazelcast/cache/impl/record/CacheRecordHashMap.java","17","0","1","11","163","217","0"
"hazelcast","3c18acfbce2711db3154bde853b2ea518fe480db","hazelcast/src/main/java/com/hazelcast/map/operation/MultipleEntryOperation.java","17","0","1","11","174","206","1"
"hazelcast","70d4de16ff0ac4518d09aad8c9f2ad9e782fb337","hazelcast/src/main/java/com/hazelcast/map/impl/operation/EntryOperation.java","17","0","1","11","193","265","1"
"hazelcast","9bd1ce5444c1cb1358f3782d4e05fc3fc503f69a","hazelcast-client/src/main/java/com/hazelcast/client/proxy/ClientScheduledFutureProxy.java","17","0","1","11","229","277","1"
"hazelcast","8959aa0857797fe82461f8cabc292a4966d2e5fb","hazelcast-client/src/main/java/com/hazelcast/client/proxy/ClientScheduledFutureProxy.java","17","0","1","11","230","278","0"
"BroadleafCommerce","d2254cf438ab766ee82e5a464c83c8d618cb170e","admin/broadleaf-contentmanagement-module/src/main/java/org/broadleafcommerce/cms/structure/domain/StructuredContentItemCriteriaImpl.java","17","0","1","12","147","195","0"
"neo4j","2634dcf2b1658795dbaa2bface704f4a332c6e53","enterprise/core-edge/src/main/java/org/neo4j/coreedge/core/consensus/membership/RaftMembershipManager.java","17","0","1","12","214","312","0"
"neo4j","0d39b7a169a854d37bcbdab733de6ad68c2580ae","enterprise/core-edge/src/main/java/org/neo4j/coreedge/core/consensus/membership/RaftMembershipManager.java","17","0","1","12","218","317","1"
"elasticsearch","01f12fc8d56f4c15ada406123ccfd500b595bc31","core/src/main/java/org/elasticsearch/index/mapper/internal/TypeFieldMapper.java","17","0","1","13","160","217","1"
"elasticsearch","65a5366cba354c908e1f3da351692cd298ddb1c7","core/src/main/java/org/elasticsearch/search/aggregations/bucket/filters/FiltersAggregator.java","17","0","1","13","168","216","0"
"elasticsearch","976152b23e2fe0b658b5b7c3ed225ff76b0a798b","src/main/java/org/elasticsearch/cluster/metadata/MetaDataStateIndexService.java","17","0","1","13","169","236","1"
"orientdb","4e1de17697f2030cee8bb58b16556727f48827ed","core/src/main/java/com/orientechnologies/orient/core/index/OIndexOneValue.java","17","0","1","13","213","284","0"
"orientdb","693119e3f1dab4ea8b67a35575ba1f7d1c0a970b","core/src/main/java/com/orientechnologies/orient/core/index/OIndexOneValue.java","17","0","1","13","213","284","0"
"orientdb","bbbb777e4073e4214e47e2134379d96dcb54486a","core/src/main/java/com/orientechnologies/orient/core/index/OIndexOneValue.java","17","0","1","13","213","284","1"
"hazelcast","51678a21f014f83d682756ed6b48fa7cafc01d1c","hazelcast/src/test/java/com/hazelcast/map/MapLockTest.java","17","0","1","13","282","352","2"
"orientdb","252aa4c00e6048e5a77066dc5f770ef6e58dd1ea","core/src/main/java/com/orientechnologies/orient/core/sql/parser/OContainsTextCondition.java","17","0","1","13","94","123","1"
"hazelcast","de3d876c276b4727c66ed7d150b6685cb8b90eee","hazelcast/src/main/java/com/hazelcast/cache/impl/record/CacheRecordHashMap.java","17","0","1","14","118","165","0"
"hazelcast","ed00093e880e7f9ed79f308563b641fcb0d0d0d8","hazelcast/src/main/java/com/hazelcast/cache/impl/record/CacheRecordHashMap.java","17","0","1","14","120","167","0"
"orientdb","49646436cee4497bc6b13ed638598cac2c4ae6e6","core/src/main/java/com/orientechnologies/common/directmemory/ODirectMemoryPointerFactory.java","17","0","1","14","129","163","0"
"elasticsearch","e1bfe23c2225da825f3fd1cb205c13e53d5989eb","core/src/main/java/org/elasticsearch/search/aggregations/metrics/stats/extended/InternalExtendedStats.java","17","0","1","14","158","212","0"
"orientdb","eda978aeda4e2d46618285fcb1d73642a30164c2","core/src/main/java/com/orientechnologies/orient/core/index/OIndexOneValue.java","17","0","1","14","200","261","1"
"hazelcast","bcda5dc037407610aabf3ea3e4368d2aecf92fb2","hazelcast/src/main/java/com/hazelcast/spi/impl/operationservice/impl/operations/PartitionIteratingOperation.java","17","0","1","14","204","273","1"
"hazelcast","bfb4bac6208631dceaf8c2f3cde6ec69c25de80b","hazelcast/src/main/java/com/hazelcast/spi/impl/operationservice/impl/operations/PartitionIteratingOperation.java","17","0","1","14","205","277","1"
"hazelcast","ed8ebd1d1ccb7cff9c3a80431b38529db26cdf75","hazelcast/src/main/java/com/hazelcast/spi/impl/operationservice/impl/operations/PartitionIteratingOperation.java","17","0","1","14","206","278","0"
"neo4j","5b477991633ccddb51f206e827fed8ec3509e8c1","enterprise/core-edge/src/main/java/org/neo4j/coreedge/core/consensus/membership/RaftMembershipManager.java","17","0","1","14","224","325","1"
"elasticsearch","51de01bae568cb12d39fa30bb7797e1717b15354","src/main/java/org/elasticsearch/search/action/SearchServiceTransportAction.java","17","0","1","14","659","830","1"
"neo4j","3ec0e927cb481a29815bc3237d2e53fd7cadd271","community/kernel/src/main/java/org/neo4j/kernel/impl/store/record/IndexRule.java","17","0","1","15","175","233","0"
"neo4j","562320c0be4006685ed6f086c12ef4e1f1964f3c","community/kernel/src/main/java/org/neo4j/kernel/impl/store/record/IndexRule.java","17","0","1","15","176","234","0"
"neo4j","cca9e04725e7ae20ba97e57506c0a33d2bdf691c","enterprise/causal-clustering/src/main/java/org/neo4j/causalclustering/core/consensus/membership/RaftMembershipManager.java","17","0","1","15","229","332","0"
"hazelcast","70d4de16ff0ac4518d09aad8c9f2ad9e782fb337","hazelcast/src/main/java/com/hazelcast/map/impl/recordstore/LazyEntryViewFromRecord.java","17","0","1","16","133","185","1"
"hazelcast","b1ab638144ded722fac5bb9182c374e7d4f421d7","hazelcast/src/main/java/com/hazelcast/map/impl/query/QueryResult.java","17","0","1","16","149","204","0"
"hazelcast","564167c1f93b32ce742411106e9ae67eae88a801","hazelcast/src/test/java/com/hazelcast/map/MapLockTest.java","17","0","1","16","318","393","3"
"elasticsearch","fe762c0eb54eed11971a99398524168f70d36358","src/test/java/org/elasticsearch/mlt/MoreLikeThisActionTests.java","17","0","1","16","550","679","1"
"elasticsearch","57108c8575b39e7b6c0e7c2ca4bf20f03e6d0912","plugins/transport/thrift/src/main/java/org/elasticsearch/thrift/ThriftRestRequest.java","17","0","1","17","109","156","0"
"elasticsearch","b1cef5fdf8e1f8e9982a4724986b2731ca4d522b","core/src/main/java/org/elasticsearch/search/aggregations/bucket/terms/TermsAggregator.java","17","0","1","18","148","203","1"
"ceylon-ide-eclipse","89519750f096617996b145fcd5934d0406bac2c0","plugins/com.redhat.ceylon.eclipse.ui/src/com/redhat/ceylon/eclipse/code/editor/CeylonSourceViewerConfiguration.java","17","0","1","19","456","524","1"
"ceylon-ide-eclipse","f8f523d866e80dda8275be6d18e3cbc6d34fa743","plugins/com.redhat.ceylon.eclipse.ui/src/com/redhat/ceylon/eclipse/code/editor/CeylonSourceViewerConfiguration.java","17","0","1","19","457","523","0"
"elasticsearch","7b2e1b7b4f88c1270c10d6062401efc40b37d362","src/main/java/org/elasticsearch/rest/action/admin/indices/mapping/get/RestGetMappingAction.java","17","0","1","2","100","141","0"
"elasticsearch","4d05c9cfd5cc889be77ec16730517d5417438e92","src/test/java/org/elasticsearch/test/unit/index/fielddata/ordinals/SparseMultiOrdinalsTests.java","17","0","1","2","116","165","1"
"elasticsearch","5a64f08f048461a63a0ca1354a5050c954e63d52","core/src/main/java/org/elasticsearch/rest/action/admin/indices/get/RestGetIndicesAction.java","17","0","1","2","120","161","0"
"netty","00d60109163c5f90dd4bd38ef15bfd11e30d1fa5","codec-http/src/main/java/io/netty/handler/codec/http/HttpMessageEncoder.java","17","0","1","2","121","171","0"
"hazelcast","4bc70daa1a4ee13006874d617051076c198770df","hazelcast/src/main/java/com/hazelcast/internal/usercodedeployment/impl/ClassDataProvider.java","17","0","1","2","124","160","0"
"elasticsearch","51d53791fe71c9cb62bc992588a57cdfb500383f","modules/reindex/src/main/java/org/elasticsearch/index/reindex/RestReindexAction.java","17","0","1","2","177","243","0"
"elasticsearch","2b3760f78b26817b5a2030aa27b1ddf2f17462f6","modules/reindex/src/main/java/org/elasticsearch/index/reindex/RestReindexAction.java","17","0","1","2","178","244","1"
"elasticsearch","6c28235b03fdad898986f613e198c24ca3067e4d","core/src/test/java/org/elasticsearch/cluster/routing/RandomShardRoutingMutator.java","17","0","1","2","54","83","2"
"elasticsearch","e424701819b87237e8270c434cf88df390e4c3c8","core/src/main/java/org/elasticsearch/rest/action/admin/cluster/node/stats/RestNodesStatsAction.java","17","0","1","2","72","111","0"
"elasticsearch","532806af1a8521b11ab60f1a52374c32c7e8b387","core/src/main/java/org/elasticsearch/rest/action/admin/cluster/node/stats/RestNodesStatsAction.java","17","0","1","2","73","112","1"
"elasticsearch","e530f03b9445e98728b5fbf203c57ab774928ff3","src/main/java/org/elasticsearch/cluster/routing/allocation/command/CancelAllocationCommand.java","17","0","1","2","74","115","0"
"elasticsearch","b8c644cab5e2cd84ece362d26f91354608a51de1","plugins/cloud/aws/src/main/java/org/elasticsearch/cloud/aws/AwsS3Service.java","17","0","1","2","78","116","1"
"BroadleafCommerce","162b1d0b4d8b604acbad08df8a5d49813b1f3f6c","core/broadleaf-framework/src/main/java/org/broadleafcommerce/core/checkout/service/workflow/DecrementInventoryActivity.java","17","0","1","2","78","125","1"
"elasticsearch","3354a816fca4b8ce5af622c848bcd5fd1161e3b7","core/src/test/java/org/elasticsearch/test/XContentTestUtils.java","17","0","1","2","89","127","0"
"hazelcast","848fd914e8ef0483f59301258eb88b8f9a51d2de","hazelcast-client/src/main/java/com/hazelcast/client/proxy/ClientScheduledExecutorProxy.java","17","0","1","20","325","414","1"
"MapDB","f909e34d7551f81d0367cb05dfb6fe20faa4441f","src/test/java/org/mapdb/VolumeTest.java","17","0","1","21","216","275","0"
"hazelcast","e1b69c53ca4923affcd7722f012a80e32517e988","hazelcast/src/test/java/com/hazelcast/nio/tcp/FirewallingConnectionManager.java","17","0","1","23","187","246","0"
"elasticsearch","c298c19177936733821228e4b0d10f956e3e7473","src/test/java/org/elasticsearch/test/integration/search/query/SimpleQueryTests.java","17","0","1","24","703","927","0"
"neo4j","0096aa118a7bcf9db9468f625a911b615c3b2691","enterprise/cluster/src/main/java/org/neo4j/cluster/protocol/cluster/ClusterConfiguration.java","17","0","1","25","235","296","1"
"elasticsearch","eb956e7c091a02924c9a640d5a17d389f0e5ff3b","src/test/java/org/elasticsearch/test/integration/search/query/SimpleQueryTests.java","17","0","1","25","822","1056","0"
"elasticsearch","72d2fd0da079cee9f6e9b7e2dd9fe5733b539d8a","modules/elasticsearch/src/main/java/org/elasticsearch/index/query/QueryParseContext.java","17","0","1","27","175","248","0"
"elasticsearch","54f2eae4d89c74e01866c3e329c9f688892c5735","src/main/java/org/elasticsearch/index/search/stats/SearchStats.java","17","0","1","27","217","282","2"
"elasticsearch","dda33155d6beda8a7f04406d293084c5af68c0d4","src/main/java/org/elasticsearch/index/search/stats/SearchStats.java","17","0","1","28","220","286","0"
"hazelcast","b455a2476062222d6f90c146bfe368fc14bb7d53","hazelcast-spring/src/test/java/com/hazelcast/spring/TestFullApplicationContext.java","17","0","1","28","685","807","0"
"hazelcast","d918ddeea821c75cddd067ea365659ec72ebbde2","hazelcast-spring/src/test/java/com/hazelcast/spring/TestFullApplicationContext.java","17","0","1","28","687","809","0"
"elasticsearch","3d13c27fa0df12018f35f1b20987c90277e9b6f9","core/src/main/java/org/elasticsearch/cluster/metadata/MetaDataIndexStateService.java","17","0","1","3","128","183","3"
"oryx","aed5c73de7645c46f9fc3da32ea8c14fffe18e50","app/oryx-app/src/main/java/com/cloudera/oryx/app/speed/als/ALSSpeedModelManager.java","17","0","1","3","131","218","0"
"elasticsearch","266394c3ab5837ed0d2e30a4808a6d01e3e52193","core/src/main/java/org/elasticsearch/cluster/metadata/MetaDataIndexStateService.java","17","0","1","3","134","192","0"
"orientdb","c65031e4a5cae04be6faeaeccb01fb18d3e5fb85","distributed/src/test/java/com/orientechnologies/orient/server/distributed/AbstractServerClusterTest.java","17","0","1","3","139","211","1"
"orientdb","7d92a6b03b707e81490ef22a1fa23a1017918c3d","distributed/src/test/java/com/orientechnologies/orient/server/distributed/AbstractServerClusterTest.java","17","0","1","3","140","212","0"
"elasticsearch","f79fb4ada7995c11874346787db276b6edafaa8f","core/src/main/java/org/elasticsearch/indices/recovery/RecoverySource.java","17","0","1","3","147","193","1"
"elasticsearch","0386317abaa3f898b887bfedd44c12537b2a667f","modules/elasticsearch/src/main/java/org/elasticsearch/river/RiversService.java","17","0","1","3","166","235","0"
"neo4j","6b75a9235ea38e0c47caacd25cc919023c0c958b","community/lucene-index/src/main/java/org/neo4j/kernel/api/impl/labelscan/writer/PartitionedLuceneLabelScanWriter.java","17","0","1","3","170","228","0"
"neo4j","e6f84e88fecffdd2dd28e4ee978d77df94914908","community/lucene-index/src/main/java/org/neo4j/kernel/api/impl/labelscan/writer/PartitionedLuceneLabelScanWriter.java","17","0","1","3","171","229","1"
"orientdb","3f3dfb87d84f71c88d78a06c46fe587dd79a0c33","core/src/main/java/com/orientechnologies/orient/core/sql/method/misc/OSQLMethodField.java","17","0","1","3","66","99","0"
"elasticsearch","a336886464b3571c7ac37db0801f32cef457d72c","src/main/java/org/elasticsearch/index/query/TopChildrenQueryParser.java","17","0","1","3","80","116","1"
"hazelcast","6356f8fc115e85ddaaefc1a508246e30b6a616a0","hazelcast/src/main/java/com/hazelcast/query/impl/predicates/AbstractPredicate.java","17","0","1","3","97","148","1"
"hazelcast","8e67b65808e3f02a1c25adb36c88e055d17e390d","hazelcast/src/main/java/com/hazelcast/query/impl/predicates/AbstractPredicate.java","17","0","1","3","98","149","2"
"hazelcast","5d36c39e8f44cf919b8794ee1b6a3fd7a22e2b32","hazelcast-spring/src/test/java/com/hazelcast/spring/TestFullApplicationContext.java","17","0","1","31","705","838","1"
"hazelcast","2a6b3fa902c6b5b6660b88a4b90e809ce5c99143","hazelcast-spring/src/test/java/com/hazelcast/spring/TestFullApplicationContext.java","17","0","1","31","707","840","1"
"elasticsearch","20f0bebb8797ac427ed93e37e63b596f9ec8e387","core/src/main/java/org/elasticsearch/index/search/stats/SearchStats.java","17","0","1","32","262","338","2"
"elasticsearch","3b03bc65b9846fb233b35af133608565523a0f63","src/test/java/org/elasticsearch/test/integration/search/query/SimpleQueryTests.java","17","0","1","36","1299","1576","1"
"elasticsearch","b11f81d744a5c23bf7c20d696939e226905c60e7","src/test/java/org/elasticsearch/test/integration/search/query/SimpleQueryTests.java","17","0","1","36","1299","1577","0"
"netty","53fcff2eab7836bcf2be262e1fd12712117c4797","buffer/src/main/java/io/netty/buffer/UnpooledHeapByteBuf.java","17","0","1","37","356","449","2"
"netty","68b616728a08b78f3af77f288f103c1cb0ba2c9c","buffer/src/main/java/io/netty/buffer/UnpooledHeapByteBuf.java","17","0","1","37","356","449","2"
"netty","461d3c876f27c32eaa673f0d2073de0922ca4277","buffer/src/main/java/io/netty/buffer/UnpooledHeapByteBuf.java","17","0","1","37","356","449","0"
"netty","9594a81b958cb22bc51d9e766477faa12e7a2d0d","buffer/src/main/java/io/netty/buffer/UnpooledHeapByteBuf.java","17","0","1","37","357","450","0"
"hazelcast","e132a6c1f7eab35ac027f5a627603bdd1fd52c13","hazelcast-spring/src/test/java/com/hazelcast/spring/TestFullApplicationContext.java","17","0","1","37","848","999","2"
"hazelcast","b1029996477aa371bfa39152dd206715db37f39b","hazelcast-spring/src/test/java/com/hazelcast/spring/TestFullApplicationContext.java","17","0","1","39","867","1020","1"
"hazelcast","9ca0dc5838e379cf86603dbd870bc5b0a37986e2","hazelcast-spring/src/test/java/com/hazelcast/spring/TestFullApplicationContext.java","17","0","1","39","871","1024","0"
"elasticsearch","5a64f08f048461a63a0ca1354a5050c954e63d52","core/src/main/java/org/elasticsearch/cluster/routing/allocation/decider/FilterAllocationDecider.java","17","0","1","4","102","165","0"
"hazelcast","5f982e84958bb237bfbf4d248e48c3083df67bff","hazelcast/src/main/java/com/hazelcast/query/impl/predicates/AbstractPredicate.java","17","0","1","4","103","156","2"
"hazelcast","e906af88fbf97d3aaea43f1fd7f0fb069b1d7c17","hazelcast/src/main/java/com/hazelcast/query/impl/predicates/AbstractPredicate.java","17","0","1","4","103","156","1"
"hazelcast","c861dc91568954f00860400605e72df0f3086ac7","hazelcast/src/main/java/com/hazelcast/query/impl/predicates/AbstractPredicate.java","17","0","1","4","103","156","0"
"elasticsearch","78574d248cf10dad1c5a566fda79e1e0c94afe43","core/src/main/java/org/elasticsearch/action/admin/cluster/node/info/NodesInfoResponse.java","17","0","1","4","104","144","1"
"elasticsearch","e6aaaf11ed4a1b8f595f920de1840938eddb7a97","core/src/main/java/org/elasticsearch/action/admin/cluster/node/info/NodesInfoResponse.java","17","0","1","4","104","144","1"
"elasticsearch","a60b8948ba1d836a6eac7cff095519e618939ed8","core/src/main/java/org/elasticsearch/action/admin/cluster/node/info/NodesInfoResponse.java","17","0","1","4","104","144","0"
"elasticsearch","0a69f1e283e26e5d9e6a000b68b9f4778de557a1","core/src/main/java/org/elasticsearch/cluster/routing/allocation/decider/FilterAllocationDecider.java","17","0","1","4","105","169","2"
"mcMMO","4b402d9837580fd72103d58d89dba3482f5f5ca2","src/main/java/com/gmail/nossr50/util/ChimaeraWing.java","17","0","1","4","131","173","0"
"mcMMO","a345737b8b6f45dbd84ddbe20c8cdb7b43bb143a","src/main/java/com/gmail/nossr50/util/ChimaeraWing.java","17","0","1","4","132","171","1"
"mcMMO","d1bf48ad796d6ea00b1bec80c9c0173006712314","src/main/java/com/gmail/nossr50/util/ChimaeraWing.java","17","0","1","4","133","172","0"
"elasticsearch","00de8e07fc3df9c763bbc0b6890217dc5b6bee3e","modules/ingest-common/src/main/java/org/elasticsearch/ingest/common/ConvertProcessor.java","17","0","1","4","148","194","3"
"elasticsearch","cc0a6ed6901575ad7fad12cf834201b098b93712","modules/elasticsearch/src/main/java/org/elasticsearch/search/facet/FacetPhase.java","17","0","1","4","85","125","0"
"BroadleafCommerce","082ec1011974dff9892bc33f90607bc7f2fa7aca","core/broadleaf-framework-web/src/main/java/org/broadleafcommerce/core/web/order/DatabaseOrderLockManager.java","17","0","1","4","88","129","0"
"orientdb","ac6ba2add76a1f3d3aaa40429729ec87cfad1e1b","core/src/main/java/com/orientechnologies/common/concur/lock/ODistributedCounter.java","17","0","1","4","89","118","1"
"elasticsearch","413cbf17132d759a675b9a9c48b2136e6e44df8d","modules/elasticsearch/src/main/java/org/elasticsearch/common/lucene/docset/AndDocSet.java","17","0","1","5","102","151","0"
"BroadleafCommerce","90e4079b981d1ac986d9423fda3ac240f14ab316","common/src/main/java/org/broadleafcommerce/common/extensibility/jpa/copy/AnnotationsCopyClassTransformer.java","17","0","1","5","115","183","0"
"elasticsearch","90a339ad5e4a61e750d0342be6326de46f45bedc","modules/elasticsearch/src/main/java/org/elasticsearch/search/facet/datehistogram/ValueDateHistogramFacetCollector.java","17","0","1","5","122","173","0"
"hazelcast","9d55b722a89840755f5781ed8c665b1237ec2b92","hazelcast/src/main/java/com/hazelcast/nio/tcp/iobalancer/IOBalancer.java","17","0","1","5","133","198","2"
"hazelcast","a6fe18f81a88ae758543c581ea33fa511436a0a7","hazelcast/src/main/java/com/hazelcast/nio/tcp/iobalancer/IOBalancer.java","17","0","1","5","133","198","1"
"hazelcast","c8ef177f3e3b8d8245dc3fba6d56b1000d93e2eb","hazelcast/src/main/java/com/hazelcast/nio/tcp/iobalancer/IOBalancer.java","17","0","1","5","133","198","0"
"hazelcast","fc57b90d69ddf340538b16de42320c379bc1a829","hazelcast/src/main/java/com/hazelcast/nio/tcp/iobalancer/IOBalancer.java","17","0","1","5","134","201","0"
"BroadleafCommerce","efd0d832aabb9eac8311d1a61be1d4b2a2860a5d","common/src/main/java/org/broadleafcommerce/common/file/service/FileSystemFileServiceProvider.java","17","0","1","5","141","238","0"
"elasticsearch","5b9659585414cd3da7d199550ce283a14b70c3b3","src/main/java/org/elasticsearch/common/util/concurrent/PrioritizedEsThreadPoolExecutor.java","17","0","1","5","144","196","1"
"mct","c51c585e19c0ee09920cb84aebf4039dd9691380","fastPlotViews/src/main/java/gov/nasa/arc/mct/fastplot/settings/LineSetupPanel.java","17","0","1","5","153","224","0"
"neo4j","f458a0a788b87bbbe0849cf5e6e115e8fcd727fa","community/kernel/src/main/java/org/neo4j/unsafe/impl/batchimport/input/csv/InputEntityDeserializer.java","17","0","1","5","158","207","0"
"hazelcast","8f0b3b3d791f2f02f4456b70eb07b442fa820e57","hazelcast/src/main/java/com/hazelcast/util/PhoneHome.java","17","0","1","5","162","208","0"
"elasticsearch","3aed047bdedde1bda189cbfc2f81e65af42e57c5","core/src/main/java/org/elasticsearch/index/query/ScriptQueryBuilder.java","17","0","1","5","164","221","1"
"elasticsearch","6174e21f47244b6d5153d7d0cc1fe28fe863399d","core/src/main/java/org/elasticsearch/index/query/ScriptQueryBuilder.java","17","0","1","5","165","220","2"
"hazelcast","71fd872a7c7c921e27f17be7cce8ed7341f2352d","hazelcast/src/test/java/com/hazelcast/ascii/RestTest.java","17","0","1","5","224","303","1"
"hazelcast","87575d9f4344a220bd96680deb0a0f3c67fe8e05","hazelcast/src/test/java/com/hazelcast/ascii/RestTest.java","17","0","1","5","243","327","0"
"BroadleafCommerce","1e8b29ba6d27d72811406cce7db53ed3fa903475","core/broadleaf-framework-web/src/main/java/org/broadleafcommerce/core/web/order/service/CartStateServiceImpl.java","17","0","1","5","71","110","0"
"titan","63cd447da2fac871c2528fcec575e19b10e7330b","src/main/java/com/thinkaurelius/faunus/mapreduce/filter/PropertyFilterMap.java","17","0","1","5","99","117","1"
"elasticsearch","59e4e586838b9267ccb733ac7fa44db97319cfe3","src/main/java/org/elasticsearch/search/highlight/HighlightPhase.java","17","0","1","6","100","141","1"
"orientdb","a85808925fe2a86daf98eb3241f9abc019f26f25","core/src/main/java/com/orientechnologies/orient/core/storage/impl/local/paginated/atomicoperations/OAtomicOperationsManager.java","17","0","1","6","101","159","0"
"elasticsearch","b11f81d744a5c23bf7c20d696939e226905c60e7","src/main/java/org/elasticsearch/common/lucene/search/ApplyAcceptedDocsFilter.java","17","0","1","6","118","171","0"
"hazelcast","0e9329ffb97224ae57b509d4ecfce62647b62bf8","hazelcast/src/main/java/com/hazelcast/cache/impl/operation/CacheReplicationOperation.java","17","0","1","6","123","184","3"
"hazelcast","521f9e5ef48c7e06d058e7a8c3e9a7aae820fe80","hazelcast/src/main/java/com/hazelcast/cache/impl/operation/CacheReplicationOperation.java","17","0","1","6","123","184","2"
"hazelcast","5a16e5ad2333962484c360578bba777dd32ad20e","hazelcast/src/main/java/com/hazelcast/cache/impl/operation/CacheReplicationOperation.java","17","0","1","6","123","184","1"
"hazelcast","6b7f549245504bfd406ade5d4ee34b6c39c14e40","hazelcast/src/main/java/com/hazelcast/cache/impl/operation/CacheReplicationOperation.java","17","0","1","6","123","184","1"
"hazelcast","c9228490cc7281e74ebad67f302dba195240b495","hazelcast/src/main/java/com/hazelcast/cache/impl/operation/CacheReplicationOperation.java","17","0","1","6","123","184","3"
"hazelcast","5d50e8d537479cf5e4c00069df8323337d81d9e6","hazelcast/src/main/java/com/hazelcast/cache/impl/operation/CacheReplicationOperation.java","17","0","1","6","123","184","0"
"hazelcast","b2a8186bd3793d72b868a112512d6a9a087d18c3","hazelcast/src/main/java/com/hazelcast/cache/impl/operation/CacheReplicationOperation.java","17","0","1","6","123","184","0"
"BroadleafCommerce","f234d3a133dac87b5f63ad5c20a19a596a830dd6","admin/broadleaf-admin-module/src/main/java/org/broadleafcommerce/admin/server/service/handler/ProductCustomPersistenceHandler.java","17","0","1","6","126","191","6"
"elasticsearch","9d10ffd54763675f1147f6a3024388d202185bdd","core/src/main/java/org/elasticsearch/index/translog/TranslogDeletionPolicy.java","17","0","1","6","127","201","0"
"orientdb","765a542a345734bb2c203bed4a97ca0936ffceee","core/src/main/java/com/orientechnologies/orient/core/sql/parser/OInputParameter.java","17","0","1","6","128","151","0"
"hazelcast","f9e887588cfe646adc3ae3ec707de95cc5303706","hazelcast/src/main/java/com/hazelcast/queue/impl/tx/TransactionalQueueProxySupport.java","17","0","1","6","131","165","0"
"hazelcast","0287d390022e68e3c252acac8db8e0dfc15ecbea","hazelcast/src/main/java/com/hazelcast/collection/impl/txnqueue/TransactionalQueueProxySupport.java","17","0","1","6","136","170","1"
"hazelcast","1c090ad87906d51892a32c2aa0a32d34002298ec","hazelcast/src/main/java/com/hazelcast/collection/impl/txnqueue/TransactionalQueueProxySupport.java","17","0","1","6","136","170","1"
"hazelcast","c633fc59fe9ea675c736065d660fa8e46ea25794","hazelcast/src/main/java/com/hazelcast/collection/impl/txnqueue/TransactionalQueueProxySupport.java","17","0","1","6","136","170","2"
"hazelcast","8fac2ea6e17e60e7e680a7e692bac64ccb51f850","hazelcast/src/main/java/com/hazelcast/collection/impl/txnqueue/TransactionalQueueProxySupport.java","17","0","1","6","136","170","0"
"hazelcast","81fe86abd4deed08faf6e617c5d73c2b7d4b5391","hazelcast/src/main/java/com/hazelcast/collection/impl/txnqueue/TransactionalQueueProxySupport.java","17","0","1","6","138","172","2"
"hazelcast","96b3e74683151e521f9c40b0901f6fdf72e32ae3","hazelcast/src/main/java/com/hazelcast/collection/impl/txnqueue/TransactionalQueueProxySupport.java","17","0","1","6","138","172","2"
"hazelcast","c73061bee024aae26f9077c96e4acc2c492ec62d","hazelcast/src/main/java/com/hazelcast/collection/impl/txnqueue/TransactionalQueueProxySupport.java","17","0","1","6","138","172","0"
"BroadleafCommerce","c60b27b5e87385a5ef951c93e5a55ad41755e45b","admin/broadleaf-contentmanagement-module/src/main/java/org/broadleafcommerce/cms/admin/server/handler/StructuredContentItemCriteriaCustomPersistenceHandler.java","17","0","1","6","139","183","1"
"elasticsearch","4900f52619729cc6bfe9ddba2a2cee6ea0e6ee22","src/test/java/org/elasticsearch/cluster/routing/allocation/CatAllocationTestBase.java","17","0","1","6","142","192","0"
"elasticsearch","16d8f3ce813192181299fe193c27f2de8459d21e","src/main/java/org/elasticsearch/search/aggregations/bucket/children/ParentToChildrenAggregator.java","17","0","1","6","156","214","0"
"elasticsearch","ced433e9a83a6958b34e6216dcb92a1d873ee631","modules/lang-painless/src/main/java/org/elasticsearch/painless/node/SFunction.java","17","0","1","6","159","224","0"
"elasticsearch","3df3259a747c6db2d778bba78a485e584ecafbaa","src/main/java/org/elasticsearch/search/aggregations/bucket/children/ParentToChildrenAggregator.java","17","0","1","6","163","221","1"
"hazelcast","324c12ca123c52820e6a271c2095649a57a9844f","hazelcast-client/src/main/java/com/hazelcast/client/spi/impl/listener/ClientNonSmartListenerService.java","17","0","1","6","177","220","2"
"hazelcast","00cb4cd5f8f59d49dfb5376e2ce013ff0918dd8f","hazelcast-client/src/main/java/com/hazelcast/client/spi/impl/listener/ClientNonSmartListenerService.java","17","0","1","6","178","220","1"
"hazelcast","b583f88f8f80ac2de344ace2aa3423f128cd037a","hazelcast/src/test/java/com/hazelcast/queue/TransactionQueueTest.java","17","0","1","6","204","260","0"
"elasticsearch","f0e80e1a7acd80c128c6828771b7bedc11be607d","core/src/test/java/org/elasticsearch/index/query/HasParentQueryBuilderTests.java","17","0","1","6","212","264","1"
"orientdb","b43eac5ee4b92c9327f3596c5c1986a6c29e1dfb","core/src/main/java/com/orientechnologies/common/concur/lock/ODistributedCounter.java","17","0","1","6","95","126","0"
"orientdb","8e7c166f120cff8c3576519324b6939895080c26","server/src/main/java/com/orientechnologies/orient/server/network/protocol/binary/OLiveCommandResultListener.java","17","0","1","7","182","232","0"
"elasticsearch","da953700f47924f4948ec3775eb1f42f3109aac7","src/test/java/org/elasticsearch/search/aggregations/bucket/GeoHashGridTests.java","17","0","1","7","184","247","0"
"elasticsearch","93a8e80affc855f156d9295568409aab3972ffa1","src/test/java/org/elasticsearch/search/aggregations/bucket/GeoHashGridTests.java","17","0","1","7","185","247","1"
"titan","21d712306d38cb33488304cd356b0c812323557d","titan-test/src/test/java/com/thinkaurelius/titan/graphdb/idmanagement/IDPoolTest.java","17","0","1","7","195","236","0"
"titan","598e12b21c73c1eb837031f2bee0398c08ad9d09","titan-test/src/test/java/com/thinkaurelius/titan/graphdb/idmanagement/IDPoolTest.java","17","0","1","7","196","236","0"
"titan","8ed7a34830b0a78e03142c2f4be6ea9d63b30fa8","titan-test/src/test/java/com/thinkaurelius/titan/graphdb/idmanagement/IDPoolTest.java","17","0","1","7","200","242","0"
"hazelcast","c3843135dd418c37c2b6c6c9067d1cffa14f1923","hazelcast/src/test/java/com/hazelcast/map/SortLimitTest.java","17","0","1","7","215","289","0"
"hazelcast","5b8632553391543693d7a87c5d29cdea51293447","hazelcast/src/test/java/com/hazelcast/scheduledexecutor/ScheduledExecutorServiceTestSupport.java","17","0","1","7","302","415","0"
"orientdb","2ad391a42cfcf22c4cbb4739f65e88524a67c891","core/src/main/java/com/orientechnologies/orient/core/sql/parser/OSuffixIdentifier.java","17","0","1","7","78","96","1"
"elasticsearch","f6ebee3785f13ce170168371d0d3e8ddf3f3d219","modules/elasticsearch/src/main/java/org/elasticsearch/index/field/data/strings/MultiValueStringFieldData.java","17","0","1","7","92","128","1"
"elasticsearch","8b1765f5b89e79c318809790e5ba9debf07a88a1","modules/elasticsearch/src/main/java/org/elasticsearch/monitor/jvm/JvmStats.java","17","0","1","75","463","598","0"
"elasticsearch","13b64cc362772f378a2c87258c3ca8c9e71aa62c","src/main/java/org/elasticsearch/search/aggregations/bucket/nested/NestedAggregator.java","17","0","1","8","133","190","0"
"BroadleafCommerce","c60b27b5e87385a5ef951c93e5a55ad41755e45b","admin/broadleaf-open-admin-platform/src/main/java/org/broadleafcommerce/openadmin/server/service/DynamicEntityRemoteService.java","17","0","1","8","165","255","2"
"BroadleafCommerce","7a5901c787c5227a050874e541353d64ca1b0a64","admin/broadleaf-open-admin-platform/src/main/java/org/broadleafcommerce/openadmin/server/service/DynamicEntityRemoteService.java","17","0","1","8","168","262","0"
"BroadleafCommerce","c4536900bc571183c10a7fbe3266dd97530d06d7","admin/broadleaf-open-admin-platform/src/main/java/org/broadleafcommerce/openadmin/server/service/DynamicEntityRemoteService.java","17","0","1","8","170","265","0"
"hazelcast","a68dc474a8182b26c53a5acee17495b7cb19124e","hazelcast/src/main/java/com/hazelcast/internal/networking/nio/NioEventLoopGroup.java","17","0","1","8","244","337","1"
"hazelcast","5f62510ee40ba78f3d5a35549e204841e0a0a1c1","hazelcast/src/main/java/com/hazelcast/internal/networking/nio/NioEventLoopGroup.java","17","0","1","8","245","339","0"
"elasticsearch","0b1a7fc2b84854b5e4e6eef9833eb3000d286d58","core/src/test/java/org/elasticsearch/threadpool/UpdateThreadPoolSettingsTests.java","17","0","1","8","324","404","1"
"netty","9fe504817523888c72536ac63d4e41cacb84e207","codec-http/src/main/java/io/netty/handler/codec/http/multipart/AbstractHttpData.java","17","0","1","8","94","130","1"
"titan","56e64ff140b2219f9dd637d6241763c8c43aa45f","titan-core/src/main/java/com/thinkaurelius/titan/graphdb/relations/CacheEdge.java","17","0","1","9","105","137","0"
"titan","f77a4f7d95c07a0f54fc714dc97ddbb6a19ab431","titan-core/src/main/java/com/thinkaurelius/titan/graphdb/relations/CacheEdge.java","17","0","1","9","106","133","0"
"BroadleafCommerce","aacde9edcbeff636f03326493a9d244ce547d0f8","admin/broadleaf-open-admin-platform/src/main/java/org/broadleafcommerce/openadmin/server/security/service/RowLevelSecurityServiceImpl.java","17","0","1","9","111","154","0"
"elasticsearch","28273e0a52c443d5a5d304767fd21373e5a81b0b","modules/reindex/src/main/java/org/elasticsearch/index/reindex/ReindexRequest.java","17","0","1","9","112","164","2"
"BroadleafCommerce","68d19a5bb849b2dda2a13ad25924f2d76d973d79","core/broadleaf-framework/src/main/java/org/broadleafcommerce/core/workflow/state/ActivityStateManagerImpl.java","17","0","1","9","131","184","0"
"BroadleafCommerce","2c1ed4858fc374898d306a2fa44fbd12c77e6cb2","core/broadleaf-framework/src/main/java/org/broadleafcommerce/core/workflow/state/ActivityStateManagerImpl.java","17","0","1","9","139","189","1"
"hazelcast","8def7802f1fbad3ee573323b4b7381892d0994c1","hazelcast/src/main/java/com/hazelcast/internal/partition/operation/PromotionCommitOperation.java","17","0","1","9","173","234","0"
"netty","91b62da8c150b6202acd812772479856ab4c3dad","transport-udt/src/main/java/io/netty/channel/udt/nio/NioUdtMessageConnectorChannel.java","17","0","1","9","173","237","0"
"titan","ee1d562528178614735f8e5526856dc1e407c97e","titan-core/src/main/java/com/thinkaurelius/titan/graphdb/database/serialize/StandardSerializer.java","17","0","1","9","194","238","0"
"hazelcast","bb3ea0e107980d769862cdbda748cc91529d67b5","hazelcast/src/test/java/com/hazelcast/xa/HazelcastXATest.java","17","0","1","9","228","296","0"
"netty","93b34e385624afb786e008bf34c969226ac5e8ee","transport/src/main/java/io/netty/channel/local/LocalChannel.java","17","0","1","9","235","310","1"
"elasticsearch","3e30fa2089d5454df717431f5d3d7397cf8b90e9","src/test/java/org/elasticsearch/gateway/local/LocalGatewayIndexStateTests.java","17","0","1","9","373","510","0"
"elasticsearch","6a180d1803accc63b624b678dd7a37f43b5eed1a","src/test/java/org/elasticsearch/gateway/local/LocalGatewayIndexStateTests.java","17","0","1","9","376","513","1"
"elasticsearch","46f1e30fa9397763fa22dd11c59d198e94ac37c2","src/test/java/org/elasticsearch/gateway/local/LocalGatewayIndexStateTests.java","17","0","1","9","379","520","1"
"netty","36c8ac5e5c2a37af9d0a3df3d66194c3c5087742","codec-http/src/main/java/io/netty/handler/codec/http/websocketx/WebSocketServerHandshaker.java","17","0","10","0","139","285","0"
"elasticsearch","58c606d6d988cd14f50ab7390704babfaf905b83","modules/elasticsearch/src/main/java/org/elasticsearch/search/facet/histogram/InternalCountAndTotalHistogramFacet.java","17","0","10","16","208","302","0"
"netty","719d1dbad1078ea20ea385bd9f2c16847dcb81ae","resolver-dns/src/main/java/io/netty/resolver/dns/DnsServerAddresses.java","17","0","11","0","159","268","0"
"neo4j","85bd0034b8f4230b9b7b23a85801695a865cc236","community/kernel/src/main/java/org/neo4j/kernel/impl/api/OperationsFacade.java","17","0","11","134","1192","1418","2"
"neo4j","b5d40e3b9eaa74e7f71b30760b915a5b6d269193","community/kernel/src/main/java/org/neo4j/kernel/impl/api/OperationsFacade.java","17","0","11","134","1193","1419","1"
"neo4j","01b558051d5436aecea5f7f6477fabf686fa3c34","community/kernel/src/main/java/org/neo4j/kernel/impl/api/OperationsFacade.java","17","0","11","135","1219","1446","1"
"neo4j","c9b32fdae609ff120e0f3c296861ae442af3228b","community/kernel/src/main/java/org/neo4j/kernel/impl/api/OperationsFacade.java","17","0","11","135","1221","1448","2"
"netty","fac0ca83194252e3ea231e927972c1d2c74aa459","transport/src/main/java/io/netty/bootstrap/Bootstrap.java","17","0","11","4","203","319","0"
"elasticsearch","d8f16178d3f21b4f9d17da12e7aa61613fc2c27a","src/main/java/org/elasticsearch/common/io/Streams.java","17","0","11","9","179","324","1"
"netty","52bbfd3310aaa45996673749c66b3137893c5849","handler/src/main/java/io/netty/handler/ssl/OpenSslServerContext.java","17","0","12","1","218","457","1"
"netty","88dbd96376b7878bf4eec217da158419692fae17","handler/src/main/java/io/netty/handler/ssl/OpenSslServerContext.java","17","0","12","1","230","481","0"
"neo4j","8a2d3beff52bcf03814a519f4492e8667ba80f17","community/kernel/src/main/java/org/neo4j/kernel/impl/api/OperationsFacade.java","17","0","12","144","1302","1544","2"
"elasticsearch","ccc4e414ff2ff8f0e1a45c2144fafa6733fddc72","core/src/main/java/org/elasticsearch/indices/recovery/RecoveriesCollection.java","17","0","12","4","199","309","2"
"hazelcast","811586187f0af08cfb2c1585e76a14f72b01effc","hazelcast/src/main/java/com/hazelcast/query/PagingPredicate.java","17","0","12","9","158","313","1"
"elasticsearch","1bc8f82d0a8a9750b9dae8534b4104cbf00b5c34","src/main/java/org/elasticsearch/index/query/MoreLikeThisQueryBuilder.java","17","0","14","1","125","221","1"
"elasticsearch","e3322836b57e7419892555e7ab58ab9b74622950","modules/elasticsearch/src/main/java/org/elasticsearch/cluster/node/DiscoveryNode.java","17","0","14","10","158","257","0"
"elasticsearch","5706858722452b13465b15930e4f4cb2e8286449","src/main/java/org/elasticsearch/action/get/GetRequest.java","17","0","14","16","200","328","0"
"elasticsearch","b987615f5e96cb6f568e025a449d1f4d7e5402df","src/main/java/org/elasticsearch/snapshots/SnapshotInfo.java","17","0","15","3","187","316","0"
"netty","a1af35313cc8414109e7a411bb2401ae31046289","common/src/main/java/io/netty/util/internal/StringUtil.java","17","0","16","0","159","264","1"
"elasticsearch","b1cef5fdf8e1f8e9982a4724986b2731ca4d522b","core/src/main/java/org/elasticsearch/search/aggregations/bucket/terms/TermsAggregationBuilder.java","17","0","16","5","197","302","1"
"hazelcast","e69880e26ce2126464e63e83b4acb8a4da1fb844","hazelcast/src/main/java/com/hazelcast/client/impl/protocol/ClientMessage.java","17","0","17","12","227","440","1"
"hazelcast","b94365a388067dd9c5b727836a054f043f34f1f2","hazelcast/src/main/java/com/hazelcast/client/impl/protocol/ClientMessage.java","17","0","17","12","227","442","0"
"hazelcast","317fabec0c90b274c686ba018cc1b465fee244f2","hazelcast/src/main/java/com/hazelcast/client/impl/protocol/ClientMessage.java","17","0","17","12","230","443","0"
"elasticsearch","16ee74268240118c59b64ea3ee2ee854c7566505","src/main/java/org/elasticsearch/action/bulk/BulkProcessor.java","17","0","17","4","204","334","0"
"netty","b6038534cc432a27fb47ba8ec2a29b2a136217d8","codec-http/src/main/java/io/netty/handler/codec/spdy/SpdyHttpEncoder.java","17","0","2","0","137","290","1"
"netty","af4b71a00e30faf86ef1c2365e965e8f04f65bee","codec-http/src/main/java/io/netty/handler/codec/spdy/SpdyHttpEncoder.java","17","0","2","0","137","293","0"
"junit","2d13004b3fbba2fe6ed919bbc98f2e3f69bb4809","src/main/java/org/junit/runners/BlockJUnit4ClassRunner.java","17","0","2","0","198","398","1"
"junit","6a8215ab69317916807f246daef80a9d4cf5dc8e","src/main/java/org/junit/experimental/theories/internal/AllMembersSupplier.java","17","0","2","1","100","127","2"
"ceylon-ide-eclipse","f8f523d866e80dda8275be6d18e3cbc6d34fa743","plugins/com.redhat.ceylon.eclipse.ui/src/com/redhat/ceylon/eclipse/code/complete/InvocationCompletionProposal.java","17","0","2","1","151","1226","0"
"hazelcast","147659349c401e075ac6683084de59c278877df6","hazelcast/src/main/java/com/hazelcast/cache/impl/HazelcastServerCachingProvider.java","17","0","2","1","90","133","1"
"elasticsearch","a3cefd919e81fd7c2c171426b64aa3357bfa6db4","src/main/java/org/elasticsearch/index/mapper/core/TokenCountFieldMapper.java","17","0","2","10","144","201","2"
"elasticsearch","fdf2bb93716c2a6f2b0d0785df386ecd414994c4","src/main/java/org/elasticsearch/search/aggregations/bucket/geogrid/InternalGeoHashGrid.java","17","0","2","10","203","264","0"
"elasticsearch","d8cd75544536a211fa5c66e190aa4313213f0308","src/main/java/org/elasticsearch/search/aggregations/bucket/geogrid/InternalGeoHashGrid.java","17","0","2","10","205","266","1"
"elasticsearch","5706858722452b13465b15930e4f4cb2e8286449","src/main/java/org/elasticsearch/index/mapper/core/TokenCountFieldMapper.java","17","0","2","11","148","207","0"
"elasticsearch","41d8fbe8f51abd499c9b497238bc5f2141b7926b","core/src/main/java/org/elasticsearch/common/logging/Loggers.java","17","0","2","12","114","163","1"
"elasticsearch","164efaecbe42195f08ada58b5fde927ab21fc6e7","core/src/main/java/org/elasticsearch/common/logging/Loggers.java","17","0","2","12","115","164","0"
"elasticsearch","371c73e14023917f3892090d2d3d7ff9ac1216b9","core/src/main/java/org/elasticsearch/common/logging/Loggers.java","17","0","2","12","116","166","3"
"elasticsearch","3d13c27fa0df12018f35f1b20987c90277e9b6f9","core/src/main/java/org/elasticsearch/common/logging/Loggers.java","17","0","2","12","116","166","1"
"elasticsearch","2bd09c4625898d77aa6c015c6f82cf973ed18cb7","core/src/main/java/org/elasticsearch/common/logging/Loggers.java","17","0","2","12","116","166","0"
"BroadleafCommerce","ba18b7e6c18065670dd7b523a66ae23ae50b65dd","common/src/main/java/org/broadleafcommerce/common/web/payment/controller/PaymentGatewayAbstractController.java","17","0","2","13","135","230","1"
"neo4j","22cbf9efd398a63ea16eb4079a7cc340689be1ec","integrationtests/src/test/java/org/neo4j/causalclustering/scenarios/BoltCausalClusteringIT.java","17","0","2","13","411","703","1"
"elasticsearch","0a69f1e283e26e5d9e6a000b68b9f4778de557a1","core/src/test/java/org/elasticsearch/index/engine/ShadowEngineTests.java","17","0","2","14","734","973","2"
"elasticsearch","14d37baa4bcbae00896d8aa69f6b52aab7ba5e14","core/src/test/java/org/elasticsearch/index/engine/ShadowEngineTests.java","17","0","2","14","734","973","1"
"elasticsearch","5a64f08f048461a63a0ca1354a5050c954e63d52","core/src/test/java/org/elasticsearch/index/engine/ShadowEngineTests.java","17","0","2","14","734","973","0"
"elasticsearch","2e445d3ede953c90e4e1ce69e5f53192115b9dd7","core/src/test/java/org/elasticsearch/index/engine/ShadowEngineTests.java","17","0","2","14","738","978","2"
"hazelcast","04fa46a79e0d2fe3edf6d7c65431712ec0eff46b","hazelcast-client-new/src/main/java/com/hazelcast/client/cache/impl/HazelcastClientCachingProvider.java","17","0","2","2","90","127","1"
"hazelcast","6d7d1640a68ef9d1433234d2a0ad8443ec25aa7d","hazelcast-client-new/src/main/java/com/hazelcast/client/cache/impl/HazelcastClientCachingProvider.java","17","0","2","2","91","128","0"
"elasticsearch","3b2d4032923c0708a09ed7a32b2d316f2432f91d","src/main/java/org/elasticsearch/index/mapper/Uid.java","17","0","2","22","136","195","1"
"elasticsearch","5f05c2106fe2ea1531bf2187b0b908ba2e72af76","src/main/java/org/elasticsearch/index/mapper/Uid.java","17","0","2","22","138","197","0"
"elasticsearch","064d27291630e189632b8ef654b1759417e3f8ff","src/main/java/org/elasticsearch/index/mapper/Uid.java","17","0","2","22","140","199","0"
"elasticsearch","f0efb8cdea549964cdcdbf0bd817d04dba0fe968","modules/elasticsearch/src/main/java/org/elasticsearch/index/mapper/internal/ParentFieldMapper.java","17","0","2","23","166","232","0"
"elasticsearch","8d1e9dbd3cd9007356abaaf363a9b04019b9d2a8","modules/elasticsearch/src/main/java/org/elasticsearch/search/facet/datehistogram/InternalCountAndTotalDateHistogramFacet.java","17","0","2","24","209","279","0"
"hazelcast","1aa12b8d2a5e2e12327bfca7a30124305fee460f","hazelcast-client/src/test/java/com/hazelcast/client/map/ClientSortLimitTest.java","17","0","2","27","347","465","1"
"elasticsearch","35ddc749b18f90d4ba4b71175069d057b282b130","core/src/test/java/org/elasticsearch/index/mapper/timestamp/TimestampMappingTests.java","17","0","2","29","671","833","1"
"mcMMO","5d246d2701233604d9b7c4d386dc7e05ecb9831b","src/main/java/com/gmail/nossr50/util/HardcoreManager.java","17","0","2","3","100","142","1"
"mcMMO","0188629fe20e1ebbbcc73afe8f9c953d47558ab0","src/main/java/com/gmail/nossr50/util/HardcoreManager.java","17","0","2","3","104","146","0"
"hazelcast","56026b9c99ece2ca2746ed3c8c5df1da88a050a8","hazelcast/src/main/java/com/hazelcast/config/XmlConfigLocator.java","17","0","2","3","120","186","2"
"hazelcast","1a22837da15f024b539ecb3a5dbdc2f44d3233f2","hazelcast/src/main/java/com/hazelcast/internal/monitors/HealthMonitor.java","17","0","2","3","245","320","0"
"mcMMO","f99e5e015d8b1b8e9b66e5b8f9ced284a3bd65d4","src/main/java/com/gmail/nossr50/util/HardcoreManager.java","17","0","2","3","99","143","0"
"hazelcast","68ac54c009c70da7083927cafd75757f738ff4e1","hazelcast/src/main/java/com/hazelcast/spi/impl/operationservice/impl/OperationServiceImpl.java","17","0","2","38","379","507","1"
"BroadleafCommerce","c5cbdcd7633034f3d4c2aebf1392b4d8f0e54d9e","core/broadleaf-framework-web/src/main/java/org/broadleafcommerce/core/web/processor/GoogleAnalyticsProcessor.java","17","0","2","4","133","226","0"
"elasticsearch","044b3d59cda609b6e3101bc24951f6c564b157f0","core/src/main/java/org/elasticsearch/cluster/routing/allocation/decider/ClusterRebalanceAllocationDecider.java","17","0","2","4","88","166","0"
"elasticsearch","f322f537e41273fd33eb06752c5adcfa5850323f","core/src/main/java/org/elasticsearch/indices/IndicesQueryCache.java","17","0","2","5","236","321","1"
"elasticsearch","678730107c941255dbb01b951529b59d55529d05","core/src/main/java/org/elasticsearch/indices/IndicesQueryCache.java","17","0","2","5","242","328","0"
"elasticsearch","81b64ed587817f9f9398dc38d0db2c3fac7b5af7","core/src/main/java/org/elasticsearch/indices/IndicesQueryCache.java","17","0","2","5","242","328","0"
"elasticsearch","d1318e4d2386477444bfccbbe2232b0f805b6b27","core/src/main/java/org/elasticsearch/indices/IndicesQueryCache.java","17","0","2","5","242","328","1"
"netty","9128d4f16a8ccb102bbf863b88e6be8e5574333d","common/src/main/java/io/netty/util/concurrent/MultithreadEventExecutorGroup.java","17","0","2","6","101","158","1"
"elasticsearch","889db1c824d8c573835e8cbadd0c6f3ba25f8fcd","src/main/java/org/elasticsearch/discovery/zen/ping/ZenPingService.java","17","0","2","6","137","183","1"
"elasticsearch","598854dd72d7fb01a7e26a9dad065de3deaa5eb7","src/main/java/org/elasticsearch/discovery/zen/ping/ZenPingService.java","17","0","2","6","138","184","0"
"neo4j","d53a2bf71216aaef6c1f25705ca7bbf1b768b01e","community/kernel/src/main/java/org/neo4j/kernel/impl/util/collection/TimedRepository.java","17","0","2","6","147","225","1"
"BroadleafCommerce","5e083e58afcd4769f6cd1f5bbadc3edd709550d7","core/broadleaf-framework/src/main/java/org/broadleafcommerce/core/search/service/solr/I18nSolrSearchServiceExtensionHandler.java","17","0","2","7","163","234","1"
"hazelcast","55311d4ef9b24337f90283fc1328953969f98733","hazelcast-client/src/main/java/com/hazelcast/client/spi/ClientProxy.java","17","0","2","7","163","247","1"
"elasticsearch","62b821ccf4e2bf221382df85e2785016f74012bc","core/src/test/java/org/elasticsearch/indexing/IndexActionIT.java","17","0","2","7","172","231","1"
"elasticsearch","326fa33d4e805ad0b99a31af388e9ba1c05ed0cb","core/src/test/java/org/elasticsearch/index/replication/IndexLevelReplicationTests.java","17","0","2","7","264","344","1"
"elasticsearch","cd57395c9814663ded30b84e9706b1920eaf0ee5","core/src/test/java/org/elasticsearch/index/replication/IndexLevelReplicationTests.java","17","0","2","7","266","346","0"
"elasticsearch","cb34cccc1e58d6cd56efdf7e201ae91c9aaa9beb","src/main/java/org/elasticsearch/index/merge/policy/IndexUpgraderMergePolicy.java","17","0","2","8","160","227","0"
"elasticsearch","0ad231546d70cd45ac5d7a32311c1cebb9b42293","core/src/test/java/org/elasticsearch/indexing/IndexActionIT.java","17","0","2","9","203","266","1"
"elasticsearch","450f47d5b59f19f4d2056042db69732ac5c21bbf","core/src/test/java/org/elasticsearch/indexing/IndexActionIT.java","17","0","2","9","203","266","1"
"elasticsearch","2a00c9dc46fe7ac5da04ea3e735985d3f02bc7bf","core/src/test/java/org/elasticsearch/indexing/IndexActionIT.java","17","0","2","9","203","266","0"
"neo4j","80affa20f465cabd8a4871521ebf37091786ff20","enterprise/core-edge/src/main/java/org/neo4j/coreedge/raft/state/CoreState.java","17","0","2","9","230","320","0"
"elasticsearch","bac1da25f602c2afa938841826f8b1022b7b77b2","src/main/java/org/elasticsearch/node/internal/InternalNode.java","17","0","2","9","328","421","0"
"netty","f25f1f255d1ab49d21d27c6d44f5c24763fd5979","resolver-dns/src/main/java/io/netty/resolver/dns/DnsNameResolverBuilder.java","17","0","20","0","167","364","1"
"netty","8d4cfd90025cb54cdba4037f21e9b723e1e098ac","resolver-dns/src/main/java/io/netty/resolver/dns/DnsNameResolverBuilder.java","17","0","20","0","167","365","0"
"elasticsearch","bddea0917030021cd3224e5cb9150a251cae1bd1","src/main/java/org/elasticsearch/action/admin/indices/status/ShardStatus.java","17","0","23","5","222","366","0"
"elasticsearch","1f5a74a91af07bd37af6e424e8959967bc12e5ec","src/main/java/org/elasticsearch/action/admin/indices/status/ShardStatus.java","17","0","23","5","222","368","1"
"elasticsearch","aa248990bb4c54466a3dc16b6ea16f4cf0c6b81e","src/main/java/org/elasticsearch/index/shard/TranslogRecoveryPerformer.java","17","0","3","0","137","189","3"
"elasticsearch","233c63fc638ffb0d6f54d3e737dbd0cd68dfc182","core/src/main/java/org/apache/lucene/search/uhighlight/CustomUnifiedHighlighter.java","17","0","3","0","149","215","3"
"elasticsearch","371c73e14023917f3892090d2d3d7ff9ac1216b9","core/src/main/java/org/elasticsearch/action/support/TransportAction.java","17","0","3","2","211","287","3"
"elasticsearch","78574d248cf10dad1c5a566fda79e1e0c94afe43","core/src/main/java/org/elasticsearch/action/support/TransportAction.java","17","0","3","2","211","287","2"
"elasticsearch","e6aaaf11ed4a1b8f595f920de1840938eddb7a97","core/src/main/java/org/elasticsearch/action/support/TransportAction.java","17","0","3","2","211","287","2"
"elasticsearch","a60b8948ba1d836a6eac7cff095519e618939ed8","core/src/main/java/org/elasticsearch/action/support/TransportAction.java","17","0","3","2","211","287","0"
"antlr4","9ccdca49bb674ba324b09e74b40c0540147003aa","tool/src/org/antlr/v4/analysis/LeftRecursiveRuleTransformer.java","17","0","3","3","154","246","0"
"antlr4","7f577d92090ccfd7e945040ef96da8d09d2211c7","tool/src/org/antlr/v4/analysis/LeftRecursiveRuleTransformer.java","17","0","3","3","168","269","1"
"antlr4","b5907498de5766db27f4f3140c67d2784c945f00","tool/src/org/antlr/v4/analysis/LeftRecursiveRuleTransformer.java","17","0","3","3","172","277","0"
"hazelcast","14b50ee3d45383c42d2a818c1ffd5f13edd7dbed","hazelcast/src/main/java/com/hazelcast/spi/impl/operationservice/impl/OperationServiceImpl.java","17","0","3","38","382","517","0"
"BroadleafCommerce","777eec57dcf1c5bc97c70c119225ae4cd4e86927","common/src/main/java/org/broadleafcommerce/common/extensibility/jpa/convert/EntityMarkerClassTransformer.java","17","0","3","4","107","181","0"
"elasticsearch","557fc8b43720d222fdee9219ad71f9b08ca7b90e","core/src/main/java/org/elasticsearch/search/aggregations/pipeline/bucketmetrics/percentile/PercentilesBucketPipelineAggregatorBuilder.java","17","0","3","4","124","172","1"
"elasticsearch","e6f83248a2d0608b67baa6afa93ab4fd204eb101","src/test/java/org/elasticsearch/test/rest/spec/RestApi.java","17","0","3","4","136","215","1"
"orientdb","934043fd762eb74dcecdbac5c11480573daecf50","jdbc/src/main/java/com/orientechnologies/orient/jdbc/OrientJdbcStatement.java","17","0","3","45","226","354","1"
"orientdb","934043fd762eb74dcecdbac5c11480573daecf50","jdbc/src/main/java/com/orientechnologies/orient/jdbc/OrientJdbcStatement.java","17","0","3","45","226","354","1"
"orientdb","5977ae591f2a31b464d8f1cb1d63bdfe49741c2c","jdbc/src/main/java/com/orientechnologies/orient/jdbc/OrientJdbcStatement.java","17","0","3","45","226","354","0"
"elasticsearch","046abdc281c321cd2128ee7684c0edfcaca07203","core/src/main/java/org/elasticsearch/search/aggregations/pipeline/cumulativesum/CumulativeSumPipelineAggregationBuilder.java","17","0","3","5","144","193","3"
"neo4j","d0dee9472d92a24ccdb1606579980b0073ba03fa","community/kernel/src/main/java/org/neo4j/kernel/impl/proc/OutputMappers.java","17","0","3","5","181","246","0"
"elasticsearch","67df205b2361de9800b510ecd74d7a055463fc5b","src/main/java/org/elasticsearch/index/gateway/IndexShardGatewayService.java","17","0","3","6","119","175","0"
"elasticsearch","521ac7f35aebcb7fadc1572c3f1aa9661b195132","src/main/java/org/elasticsearch/index/gateway/IndexShardGatewayService.java","17","0","3","6","119","178","0"
"elasticsearch","371c73e14023917f3892090d2d3d7ff9ac1216b9","core/src/main/java/org/elasticsearch/index/query/WildcardQueryBuilder.java","17","0","3","6","152","219","3"
"elasticsearch","78574d248cf10dad1c5a566fda79e1e0c94afe43","core/src/main/java/org/elasticsearch/index/query/WildcardQueryBuilder.java","17","0","3","6","152","219","2"
"elasticsearch","e6aaaf11ed4a1b8f595f920de1840938eddb7a97","core/src/main/java/org/elasticsearch/index/query/WildcardQueryBuilder.java","17","0","3","6","152","219","2"
"elasticsearch","a60b8948ba1d836a6eac7cff095519e618939ed8","core/src/main/java/org/elasticsearch/index/query/WildcardQueryBuilder.java","17","0","3","6","152","219","0"
"elasticsearch","27b5c2ad545662621da1850b810daaf97ffbe6e5","core/src/main/java/org/elasticsearch/common/network/NetworkModule.java","17","0","3","6","182","256","0"
"neo4j","557655a6c3ec43bbbabb9636cb250192f9a1fbda","community/kernel/src/main/java/org/neo4j/kernel/impl/proc/ProcedureRegistry.java","17","0","3","9","194","252","1"
"neo4j","244ab0373d2757af67d205628197e06d0b7dbe53","community/kernel/src/main/java/org/neo4j/kernel/impl/proc/ProcedureRegistry.java","17","0","3","9","197","254","0"
"netty","b76c39318d8edf39759b25990edcc4ef26bb493a","codec-http/src/main/java/io/netty/handler/codec/http/websocketx/WebSocketClientHandshaker08.java","17","0","4","0","106","218","0"
"netty","a6c4f651a7772afb0410206908169901ff0bdc81","codec-http/src/main/java/io/netty/handler/codec/http/websocketx/WebSocketClientHandshaker13.java","17","0","4","0","110","222","0"
"netty","2d5028bfd6872f551bf33b9fba9b0dd416c0dd8f","codec-http/src/main/java/io/netty/handler/codec/http/websocketx/WebSocketClientHandshaker13.java","17","0","4","0","113","226","0"
"netty","f2d84f75d67cf2c1b89f5c6aebab999c29f26e73","codec-http/src/main/java/io/netty/handler/codec/http/websocketx/WebSocketClientHandshaker07.java","17","0","4","0","116","230","1"
"netty","f2d84f75d67cf2c1b89f5c6aebab999c29f26e73","codec-http/src/main/java/io/netty/handler/codec/http/websocketx/WebSocketClientHandshaker13.java","17","0","4","0","117","230","1"
"netty","f2d84f75d67cf2c1b89f5c6aebab999c29f26e73","codec-http/src/main/java/io/netty/handler/codec/http/websocketx/WebSocketClientHandshaker08.java","17","0","4","0","117","231","1"
"netty","3f72add89a41b3d94309bccb0d253515c0543b65","codec-http/src/main/java/io/netty/handler/codec/http/websocketx/WebSocketClientHandshaker07.java","17","0","4","0","117","232","0"
"netty","3f72add89a41b3d94309bccb0d253515c0543b65","codec-http/src/main/java/io/netty/handler/codec/http/websocketx/WebSocketClientHandshaker13.java","17","0","4","0","118","232","0"
"netty","3f72add89a41b3d94309bccb0d253515c0543b65","codec-http/src/main/java/io/netty/handler/codec/http/websocketx/WebSocketClientHandshaker08.java","17","0","4","0","118","233","0"
"netty","00e59da7ba9792fdcda082b52c948e80821ecef1","codec-http/src/main/java/io/netty/handler/codec/http/websocketx/WebSocketClientHandshaker13.java","17","0","4","0","95","204","1"
"netty","367895f660fd2267977b4a57e472064647f4379f","codec-http/src/main/java/io/netty/handler/codec/http/websocketx/WebSocketClientHandshaker08.java","17","0","4","0","95","204","2"
"netty","367895f660fd2267977b4a57e472064647f4379f","codec-http/src/main/java/io/netty/handler/codec/http/websocketx/WebSocketClientHandshaker13.java","17","0","4","0","95","204","2"
"netty","ec43aa121f1642c709310411a410460ba0f6fc78","codec-http/src/main/java/io/netty/handler/codec/http/websocketx/WebSocketClientHandshaker13.java","17","0","4","0","95","204","0"
"netty","00e59da7ba9792fdcda082b52c948e80821ecef1","codec-http/src/main/java/io/netty/handler/codec/http/websocketx/WebSocketClientHandshaker08.java","17","0","4","0","95","205","1"
"netty","980d96cf581493124028bb60cc4dc213c3f2737e","codec-http/src/main/java/io/netty/handler/codec/http/websocketx/WebSocketClientHandshaker08.java","17","0","4","0","95","207","2"
"netty","6cf2748dbb49485b7f0851054dd0ad1776f0c5bd","codec/src/main/java/io/netty/handler/codec/compression/JZlibDecoder.java","17","0","4","1","109","171","0"
"elasticsearch","25fd9e26c4fb042d6f6dea14efcd239577bdbbc4","core/src/main/java/org/elasticsearch/action/support/TransportAction.java","17","0","4","1","212","292","0"
"netty","3a4d64bb8404f59861acddec954b4ed3aa02f97b","codec-http/src/main/java/io/netty/handler/codec/http/multipart/DefaultHttpDataFactory.java","17","0","4","12","187","265","1"
"elasticsearch","6174e21f47244b6d5153d7d0cc1fe28fe863399d","core/src/test/java/org/elasticsearch/search/aggregations/bucket/RangeIT.java","17","0","4","14","713","911","1"
"hazelcast","2604627e26a5a66c185ae6f7bc0518fefa14d0e1","hazelcast-client/src/test/java/com/hazelcast/client/ClientIssueTest.java","17","0","4","15","423","583","1"
"hazelcast","b499b1588bd702a8ca12e6514696fa5e1497ad24","hazelcast-client/src/test/java/com/hazelcast/client/ClientIssueTest.java","17","0","4","15","425","585","2"
"elasticsearch","70303be50c47d277850b28c604e63723c2a2d752","src/test/java/org/elasticsearch/index/query/SimpleIndexQueryParserTests.java","17","0","4","163","2120","2425","1"
"elasticsearch","51bf3e6730761674b07d2aeb937d107669c48b9e","src/test/java/org/elasticsearch/index/query/SimpleIndexQueryParserTests.java","17","0","4","164","2141","2462","0"
"elasticsearch","17d34d5c9728c27e3b9117eb6e177c56a90c879b","src/main/java/org/elasticsearch/index/fielddata/IndexFieldDataCache.java","17","0","4","18","171","241","0"
"elasticsearch","25fd9e26c4fb042d6f6dea14efcd239577bdbbc4","client/sniffer/src/main/java/org/elasticsearch/client/sniff/ElasticsearchHostsSniffer.java","17","0","4","2","109","171","0"
"hazelcast","5131c13852eb960157e69bcd1ce2867d7ac44f31","hazelcast/src/main/java/com/hazelcast/util/executor/StripedExecutor.java","17","0","4","2","126","195","1"
"hazelcast","411f09e624923b552d2225bc4ffbce9af75854dd","hazelcast/src/main/java/com/hazelcast/util/executor/StripedExecutor.java","17","0","4","2","127","196","0"
"hazelcast","b688d4f9076d53864a940f4ef394682a44bb3d19","hazelcast/src/test/java/com/hazelcast/concurrent/lock/ConditionAbstractTest.java","17","0","4","22","432","521","1"
"hazelcast","554bdd4b8f510cf0d0262cd489d950e9f3cc4b1c","hazelcast/src/test/java/com/hazelcast/concurrent/lock/ConditionAbstractTest.java","17","0","4","23","439","532","0"
"hazelcast","768b06e52b35f4e20f04434b8154389877bc9713","hazelcast/src/test/java/com/hazelcast/concurrent/lock/ConditionAbstractTest.java","17","0","4","23","439","532","0"
"hazelcast","8bdfbc804657d746c0e5af9e0c9647b5d9826b51","hazelcast/src/test/java/com/hazelcast/concurrent/lock/ConditionAbstractTest.java","17","0","4","23","439","532","0"
"hazelcast","5a4c820c3dfa4e558ef218bf7670aa0ab2108802","hazelcast/src/test/java/com/hazelcast/concurrent/lock/ConditionAbstractTest.java","17","0","4","23","439","532","1"
"hazelcast","5ebc94ab9caf74c02fa0dff1b9fa5f448edb8140","hazelcast/src/test/java/com/hazelcast/concurrent/lock/ConditionAbstractTest.java","17","0","4","23","440","533","1"
"hazelcast","cb358d65ca7f0ac4e37d2b29eb73b11b435f5654","hazelcast/src/test/java/com/hazelcast/concurrent/lock/ConditionAbstractTest.java","17","0","4","23","440","533","1"
"hazelcast","489904bb06ac897638da57c1912e7c38c363c43c","hazelcast/src/test/java/com/hazelcast/concurrent/lock/ConditionAbstractTest.java","17","0","4","23","440","533","0"
"BroadleafCommerce","aacde9edcbeff636f03326493a9d244ce547d0f8","admin/broadleaf-open-admin-platform/src/main/java/org/broadleafcommerce/openadmin/web/form/component/ListGridRecord.java","17","0","4","29","171","265","1"
"elasticsearch","371c73e14023917f3892090d2d3d7ff9ac1216b9","core/src/main/java/org/elasticsearch/index/query/SpanOrQueryBuilder.java","17","0","4","3","124","178","3"
"elasticsearch","78574d248cf10dad1c5a566fda79e1e0c94afe43","core/src/main/java/org/elasticsearch/index/query/SpanOrQueryBuilder.java","17","0","4","3","124","178","2"
"elasticsearch","e6aaaf11ed4a1b8f595f920de1840938eddb7a97","core/src/main/java/org/elasticsearch/index/query/SpanOrQueryBuilder.java","17","0","4","3","124","178","2"
"elasticsearch","a60b8948ba1d836a6eac7cff095519e618939ed8","core/src/main/java/org/elasticsearch/index/query/SpanOrQueryBuilder.java","17","0","4","3","124","178","0"
"hazelcast","d8c3a1ba9ed031a98696ea72b8a0494d1f2e69d2","hazelcast/src/main/java/com/hazelcast/spi/Operation.java","17","0","4","33","226","310","2"
"hazelcast","895c167beb733f0d881ef57bf1238f7c25e19276","hazelcast/src/main/java/com/hazelcast/spi/Operation.java","17","0","4","33","227","317","0"
"elasticsearch","a4b99e629132abafa21403003bf6a667a10315bb","core/src/main/java/org/elasticsearch/discovery/zen/elect/ElectMasterService.java","17","0","4","4","100","156","0"
"netty","3f72add89a41b3d94309bccb0d253515c0543b65","codec/src/main/java/io/netty/handler/codec/ByteToMessageDecoder.java","17","0","4","5","115","208","0"
"netty","3fc3401c0865510c906f41d78a4651fe36656b5a","transport/src/main/java/io/netty/channel/socket/oio/OioSctpServerChannel.java","17","0","4","6","158","224","1"
"hazelcast","4c17c585b5a00157138cce6595252eaca6adb2dd","hazelcast/src/main/java/com/hazelcast/quorum/impl/QuorumImpl.java","17","0","4","7","158","232","1"
"hazelcast","7ccefcfb674b8e591da4aafbc42b4d1721f5b204","hazelcast/src/main/java/com/hazelcast/quorum/impl/QuorumImpl.java","17","0","4","7","158","232","1"
"hazelcast","52964f3e130dc8d69cb0e5d436523fd9383006fb","hazelcast/src/main/java/com/hazelcast/quorum/impl/QuorumImpl.java","17","0","4","7","158","232","0"
"elasticsearch","8fbb3686cd9097042c2292cdcb1dfabde1c34b01","core/src/main/java/org/elasticsearch/index/cache/bitset/BitsetFilterCache.java","17","0","4","8","182","290","2"
"netty","2304913341ef3f239e5509a46921a5c65bbbe360","transport/src/main/java/io/netty/channel/Channels.java","17","0","47","0","282","756","2"
"Android-Universal-Image-Loader","54a9038d7cc13fd46a922ce1c059610d0690115d","library/src/com/nostra13/universalimageloader/utils/StorageUtils.java","17","0","5","0","77","148","0"
"elasticsearch","3aed047bdedde1bda189cbfc2f81e65af42e57c5","core/src/test/java/org/elasticsearch/search/aggregations/bucket/RangeIT.java","17","0","5","14","747","959","0"
"elasticsearch","bb3a59fa705f5276143f7e9b8e1f06ef519987e6","core/src/test/java/org/elasticsearch/search/aggregations/bucket/RangeIT.java","17","0","5","14","748","960","1"
"hazelcast","4c1b1b779a2a777ec65393b7af9a0dc4e31d82f5","hazelcast/src/main/java/com/hazelcast/client/impl/protocol/util/UnsafeBuffer.java","17","0","5","15","157","241","0"
"elasticsearch","371c73e14023917f3892090d2d3d7ff9ac1216b9","core/src/main/java/org/elasticsearch/index/query/SpanWithinQueryBuilder.java","17","0","5","2","125","187","3"
"elasticsearch","78574d248cf10dad1c5a566fda79e1e0c94afe43","core/src/main/java/org/elasticsearch/index/query/SpanWithinQueryBuilder.java","17","0","5","2","125","187","2"
"elasticsearch","e6aaaf11ed4a1b8f595f920de1840938eddb7a97","core/src/main/java/org/elasticsearch/index/query/SpanWithinQueryBuilder.java","17","0","5","2","125","187","2"
"elasticsearch","a60b8948ba1d836a6eac7cff095519e618939ed8","core/src/main/java/org/elasticsearch/index/query/SpanWithinQueryBuilder.java","17","0","5","2","125","187","0"
"hazelcast","15a3ad94d2603f37d05342941d963f993b4cec2e","hazelcast/src/main/java/com/hazelcast/util/executor/StripedExecutor.java","17","0","5","2","135","209","1"
"hazelcast","86b064ba3f1e467e74e95d6da24b03122065ce36","hazelcast/src/main/java/com/hazelcast/util/executor/StripedExecutor.java","17","0","5","2","147","234","2"
"hazelcast","9948976cea0dd05d47e24f303a0b309b4155d329","hazelcast/src/main/java/com/hazelcast/util/executor/StripedExecutor.java","17","0","5","2","147","234","2"
"hazelcast","39a8097963ce54d19bff2ab9426fe0ab46da1e20","hazelcast/src/main/java/com/hazelcast/util/executor/StripedExecutor.java","17","0","5","2","147","234","0"
"netty","e71a521284359be8a55e7ece5910689f0cfe9ed4","handler/src/main/java/io/netty/handler/traffic/AbstractTrafficShapingHandler.java","17","0","5","5","168","330","1"
"netty","6ce8571df3eeae593fd71e53354c04edc023b66c","handler/src/main/java/io/netty/handler/traffic/AbstractTrafficShapingHandler.java","17","0","5","5","168","331","1"
"hazelcast","c0a4c7f0e327e2c4c4936b71b1a80b2bdfddd8cf","hazelcast/src/main/java/com/hazelcast/util/ExceptionUtil.java","17","0","5","6","112","187","0"
"netty","abccf184115129e7f4eb79af6c4fab0fc19ec1ea","codec-http2/src/main/java/io/netty/handler/codec/http2/DefaultHttp2LocalFlowController.java","17","0","5","8","235","415","2"
"titan","86bc51a0b9aa5d6d59ec1770f6fdafff8d0a5f7e","titan-core/src/main/java/com/thinkaurelius/titan/diskstorage/keycolumnvalue/SliceQuery.java","17","0","5","9","89","141","0"
"titan","996dd26106e7310f2a8681591e7b86596f690532","titan-core/src/main/java/com/thinkaurelius/titan/diskstorage/keycolumnvalue/SliceQuery.java","17","0","5","9","90","143","0"
"netty","8579f09c594f69870115c019655c98cba5ad47ee","transport/src/main/java/io/netty/channel/Channels.java","17","0","53","0","330","860","1"
"netty","4158152b24c1e20cc9d024486a6bc6a0ee336a92","transport/src/main/java/io/netty/channel/Channels.java","17","0","54","0","338","875","0"
"ceylon-ide-eclipse","de19fa2aa3eef384de608ed1686cfffa8b8d970b","plugins/com.redhat.ceylon.eclipse.ui/src/com/redhat/ceylon/eclipse/ui/CeylonPlugin.java","17","0","6","11","375","465","1"
"elasticsearch","8c4bc7d10b798ed4b1a5554f5308d4a4b9068190","core/src/test/java/org/elasticsearch/bootstrap/JarHellTests.java","17","0","6","16","265","339","0"
"elasticsearch","9ee08dbb0b247afb881431df0c313024eb768747","qa/evil-tests/src/test/java/org/elasticsearch/plugins/PluginManagerTests.java","17","0","6","19","591","763","1"
"elasticsearch","5337686d8d39568f94b0b976bd9098af69214302","qa/evil-tests/src/test/java/org/elasticsearch/plugins/PluginManagerTests.java","17","0","6","19","593","765","0"
"elasticsearch","73307a2144fbdf63c551eeccdc7e93dc30e59a92","test/framework/src/main/java/org/elasticsearch/test/rest/yaml/ClientYamlTestResponse.java","17","0","6","3","100","161","1"
"elasticsearch","b01070a3903fd9c1db01e2b15763df5c0761e935","core/src/main/java/org/elasticsearch/index/query/DisMaxQueryBuilder.java","17","0","6","3","138","210","1"
"elasticsearch","371c73e14023917f3892090d2d3d7ff9ac1216b9","core/src/main/java/org/elasticsearch/index/query/DisMaxQueryBuilder.java","17","0","6","3","140","213","3"
"elasticsearch","78574d248cf10dad1c5a566fda79e1e0c94afe43","core/src/main/java/org/elasticsearch/index/query/DisMaxQueryBuilder.java","17","0","6","3","140","213","2"
"elasticsearch","e6aaaf11ed4a1b8f595f920de1840938eddb7a97","core/src/main/java/org/elasticsearch/index/query/DisMaxQueryBuilder.java","17","0","6","3","140","213","2"
"elasticsearch","a60b8948ba1d836a6eac7cff095519e618939ed8","core/src/main/java/org/elasticsearch/index/query/DisMaxQueryBuilder.java","17","0","6","3","140","213","0"
"elasticsearch","14ba36977ed24fd670005800547541a4f2cdfa3a","test/framework/src/main/java/org/elasticsearch/test/rest/yaml/ClientYamlTestResponse.java","17","0","6","4","100","161","0"
"elasticsearch","9110f4f6541f7b2471e6efa9751cc93890a2d6ac","core/src/main/java/org/elasticsearch/index/translog/TranslogWriter.java","17","0","6","7","212","314","1"
"elasticsearch","800d4624c8ed06bcc7c864513f4c698b61a0b0e9","src/main/java/org/elasticsearch/common/util/CollectionUtils.java","17","0","6","9","177","256","0"
"elasticsearch","5337686d8d39568f94b0b976bd9098af69214302","core/src/test/java/org/elasticsearch/bootstrap/JarHellTests.java","17","0","7","13","237","312","0"
"elasticsearch","9ee08dbb0b247afb881431df0c313024eb768747","core/src/test/java/org/elasticsearch/bootstrap/JarHellTests.java","17","0","7","16","278","358","1"
"netty","9d4fae308c09a2c759dc67db765d311154c8d977","transport-native-epoll/src/main/java/io/netty/channel/epoll/EpollServerSocketChannelConfig.java","17","0","7","17","172","250","1"
"netty","3e5dcb5f3efbb26d5e6cf4cd229b03c285d62462","transport-native-epoll/src/main/java/io/netty/channel/epoll/EpollServerSocketChannelConfig.java","17","0","7","18","180","259","0"
"hazelcast","4f8baf629d95173c017dff426932eaa3919549c0","hazelcast/src/main/java/com/hazelcast/map/impl/ExpirationTimeSetter.java","17","0","7","2","93","173","0"
"hazelcast","e687d8a33c3787c2ef5e3ce068c2c7947ecf7c70","hazelcast/src/main/java/com/hazelcast/map/impl/ExpirationTimeSetter.java","17","0","7","2","93","173","0"
"hazelcast","4a56faa22775b5ae3c6d2d00da6dd7fd946028db","hazelcast/src/main/java/com/hazelcast/map/impl/ExpirationTimeSetter.java","17","0","7","2","93","173","1"
"hazelcast","d08eebeb7b868a205d8832a199bebe02552e8b4d","hazelcast/src/test/java/com/hazelcast/collection/impl/queue/QueueStoreTest.java","17","0","7","21","428","582","1"
"hazelcast","358bc0567ee888fc2b1167e21d964047cbf60013","hazelcast/src/main/java/com/hazelcast/map/impl/MapContainer.java","17","0","7","28","261","353","2"
"hazelcast","fb6700346872da3eac002c3d2157b9a7da728fa2","hazelcast/src/main/java/com/hazelcast/map/impl/MapContainer.java","17","0","7","28","262","354","1"
"hazelcast","c8effb7cfbcb5fc7bb5b4ab81a792c8894e980d4","hazelcast/src/main/java/com/hazelcast/map/impl/MapContainer.java","17","0","7","31","275","380","1"
"netty","fac0ca83194252e3ea231e927972c1d2c74aa459","transport/src/main/java/io/netty/bootstrap/ServerBootstrap.java","17","0","7","4","229","320","0"
"netty","6b5e3c5def2eddb347e36b029e7343417c3384a4","codec/src/main/java/io/netty/handler/codec/compression/JdkZlibEncoder.java","17","0","7","6","158","271","0"
"elasticsearch","a6510f924520d8cdda2636ac85a1a1e43f6dfb8c","src/main/java/org/elasticsearch/common/io/Streams.java","17","0","7","9","163","269","0"
"netty","2fd42cfc6b32dacb812c6f2ecef8522cd94718d4","codec-http2/src/main/java/io/netty/handler/codec/http2/Http2FrameCodec.java","17","0","8","0","216","370","1"
"netty","3482651e0c29edfa02f189751c704ebe4fe8f54c","codec-http2/src/main/java/io/netty/handler/codec/http2/Http2FrameCodec.java","17","0","8","0","216","371","0"
"junit","2d13004b3fbba2fe6ed919bbc98f2e3f69bb4809","src/main/java/org/junit/runners/model/TestClass.java","17","0","8","1","104","154","1"
"hazelcast","1bc2827e1f686e5480817389acd25d199938b37d","hazelcast/src/main/java/com/hazelcast/map/impl/MapContainer.java","17","0","8","30","276","386","0"
"BroadleafCommerce","77879457fa96cb9ce4384309d6bea14163b2de5b","core/broadleaf-framework/src/main/java/org/broadleafcommerce/core/search/service/solr/SolrContext.java","17","0","9","0","77","193","1"
"elasticsearch","46e1886975e3e13bc69588169c3f889c0afc57ef","src/main/java/org/elasticsearch/ElasticSearchException.java","17","0","9","0","84","164","0"
"BroadleafCommerce","d88e733a8dbc789503cd381fc455b08b323d49a9","core/broadleaf-framework-web/src/main/java/org/broadleafcommerce/core/web/controller/cart/BroadleafCartController.java","17","0","9","3","143","314","1"
"elasticsearch","0a2aa0a8c4578ddee5c1e92cb67b1ad302c110d3","plugins/repository-azure/src/test/java/org/elasticsearch/repositories/azure/AzureSnapshotRestoreTests.java","17","0","9","4","369","537","0"
"elasticsearch","b1cef5fdf8e1f8e9982a4724986b2731ca4d522b","core/src/main/java/org/elasticsearch/search/aggregations/metrics/percentiles/PercentilesAggregationBuilder.java","17","0","9","5","162","235","1"
"elasticsearch","3dff0d0de209437d727a0f309111f5ed49ebfb2e","plugins/repository-azure/src/test/java/org/elasticsearch/repositories/azure/AzureSnapshotRestoreTests.java","17","0","9","5","369","537","0"
"elasticsearch","95d40758c2984b2396164bfb5712331b588c6118","plugins/repository-azure/src/test/java/org/elasticsearch/repositories/azure/AzureSnapshotRestoreTests.java","17","0","9","5","371","539","2"
"elasticsearch","706067211ae880bbe4669286ee976552e8a60446","plugins/repository-azure/src/test/java/org/elasticsearch/repositories/azure/AzureSnapshotRestoreTests.java","17","0","9","5","386","560","0"
"elasticsearch","a9169e536baff048b50700c6b1daefa6986b6153","core/src/main/java/org/elasticsearch/search/aggregations/metrics/percentiles/PercentileRanksAggregationBuilder.java","17","0","9","6","199","291","1"
"elasticsearch","149ef74b26bb33d3a1d3c1c45c481a01345cd764","core/src/main/java/org/elasticsearch/search/aggregations/metrics/percentiles/PercentileRanksAggregationBuilder.java","17","0","9","6","201","293","0"
"elasticsearch","81c6b9e6f40bf665e880ae97eeb7aa9ced2aa346","core/src/main/java/org/elasticsearch/search/aggregations/metrics/percentiles/PercentilesAggregationBuilder.java","17","0","9","6","205","297","1"
"elasticsearch","149ef74b26bb33d3a1d3c1c45c481a01345cd764","core/src/main/java/org/elasticsearch/search/aggregations/metrics/percentiles/PercentilesAggregationBuilder.java","17","0","9","6","207","299","0"
"elasticsearch","8558a408943e77773f06619b0e98f1a59731ba6e","core/src/main/java/org/elasticsearch/index/mapper/DocumentParser.java","170","0","0","0","666","797","3"
"orientdb","99e561ee8b2645ca42fb8f21c4fa8fdfaa88316f","core/src/main/java/com/orientechnologies/orient/core/serialization/serializer/record/binary/ORecordSerializerBinaryV0.java","170","0","0","10","844","1016","1"
"elasticsearch","5349ecdb778842899d686741c4336b25add6e4bb","src/main/java/org/elasticsearch/index/mapper/object/ObjectMapper.java","170","0","1","37","834","1049","1"
"elasticsearch","2c69dc06d1bb3219892b44405b19a2e8f4c8da4e","src/main/java/org/elasticsearch/index/mapper/object/ObjectMapper.java","170","0","1","37","838","1056","2"
"orientdb","d29612b2f916e601d35317725979f2535c8a02c4","core/src/main/java/com/orientechnologies/common/collection/OMultiValue.java","170","0","13","9","520","766","0"
"netty","6b8ec6b781b3413c3aa98c3e79a562598be83d2d","handler/src/main/java/io/netty/handler/ssl/SslHandler.java","170","0","14","19","967","1493","1"
"netty","2e509f7bb7a365741bdf79948c51b5e91fa3ce0a","handler/src/main/java/io/netty/handler/ssl/SslHandler.java","170","0","14","19","967","1497","1"
"netty","77e112a6d57430702fdb3a38cee4671464d7bb02","handler/src/main/java/io/netty/handler/ssl/SslHandler.java","170","0","14","19","967","1497","2"
"netty","7f2ddb21626c7f0280aab2be0fd762169d3155aa","handler/src/main/java/io/netty/handler/ssl/SslHandler.java","170","0","14","19","967","1497","1"
"netty","200c6efc750615bc9610c88d16aee6ac9f44ba9c","handler/src/main/java/io/netty/handler/ssl/SslHandler.java","170","0","14","19","967","1497","0"
"elasticsearch","6e29facd0a162cc031818ffcf57e46fc2372db5e","core/src/test/java/org/elasticsearch/index/store/StoreTests.java","170","0","2","26","1279","1462","2"
"hazelcast","999424c8017b9c1bb6c80a815f1417a4bb4288b2","hazelcast/src/main/java/com/hazelcast/map/MapService.java","170","0","2","62","931","1082","0"
"orientdb","127ce10262f1c3de42f0e3c50d17e886d67c85e3","core/src/main/java/com/orientechnologies/orient/core/sql/OCommandExecutorSQLUpdate.java","170","0","2","9","591","763","2"
"elasticsearch","ab168996b6b5ec4b9567242664bd9f4d9b23e8f1","core/src/main/java/org/elasticsearch/index/query/MoreLikeThisQueryBuilder.java","170","0","25","42","945","1220","1"
"elasticsearch","48bfb142b97bc32542f73bece4bf19bce57554c8","core/src/main/java/org/elasticsearch/repositories/blobstore/BlobStoreRepository.java","170","0","3","18","1191","1678","2"
"orientdb","ebd292bbe0bb62a619e61d5d977ace13e95a40ab","core/src/main/java/com/orientechnologies/orient/core/storage/impl/local/paginated/OPaginatedCluster.java","170","0","3","45","1836","2236","1"
"orientdb","2767a54ee6308493e6a69b4b2951d8d2252bfd6b","core/src/main/java/com/orientechnologies/orient/core/storage/impl/local/paginated/OPaginatedCluster.java","170","0","3","46","1830","2231","0"
"elasticsearch","17a2fffc9be50102fa5a9da72053c82df23b1a64","test/framework/src/main/java/org/elasticsearch/test/ESIntegTestCase.java","170","0","39","18","1394","2171","2"
"ceylon-ide-eclipse","de19fa2aa3eef384de608ed1686cfffa8b8d970b","plugins/com.redhat.ceylon.eclipse.ui/src/com/redhat/ceylon/eclipse/code/editor/CeylonEditor.java","170","0","4","32","1384","1851","1"
"orientdb","885271d4aa9a0b8750cbcca14a8dc1ee2bb5bc0a","graphdb/src/main/java/com/tinkerpop/blueprints/impls/orient/OrientBaseGraph.java","170","0","69","12","1029","1893","0"
"orientdb","00de5503b0514dc5600d5630d30bc49b34df2fe4","core/src/main/java/com/orientechnologies/orient/core/sql/parser/OrientSqlTokenManager.java","1701","0","8","0","3703","3736","1"
"elasticsearch","da380af10bf834140ddd2f9f32260cec0cf364d1","core/src/main/java/org/elasticsearch/index/mapper/DocumentParser.java","171","0","0","0","669","801","2"
"orientdb","ff547b5e2f7c0b123c62ecb5240b5e359411fc06","core/src/main/java/com/orientechnologies/orient/core/serialization/serializer/record/binary/ORecordSerializerBinaryV0.java","171","0","0","10","844","1016","0"
"ceylon-ide-eclipse","220779e466f4c3edf28ba388eac37f0dcb435b2a","plugins/com.redhat.ceylon.eclipse.ui/src/com/redhat/ceylon/eclipse/core/model/JDTModule.java","171","0","0","40","925","1061","0"
"hazelcast","bdb9e7daa81c50d6242167b9fb115b73e3993a1f","hazelcast/src/main/java/com/hazelcast/impl/BaseManager.java","171","0","0","60","1257","1511","1"
"hazelcast","f76b0c0f1372a7b1f2d84c33f88ac7aed1f61684","hazelcast/src/main/java/com/hazelcast/impl/BaseManager.java","171","0","0","61","1251","1499","1"
"orientdb","f3608ba8ffbfc3ad3d60f844ff45b2aa3bb8b807","core/src/main/java/com/orientechnologies/orient/core/serialization/serializer/record/string/ORecordSerializerSchemaAware2CSV.java","171","0","0","8","433","578","1"
"elasticsearch","65803f8abdf00817746518677efaec3abe9fbc45","core/src/main/java/org/apache/lucene/queryparser/classic/MapperQueryParser.java","171","0","1","4","766","861","2"
"elasticsearch","371c73e14023917f3892090d2d3d7ff9ac1216b9","core/src/main/java/org/elasticsearch/common/joda/Joda.java","171","0","2","13","358","426","3"
"elasticsearch","57f413e85164600ca12c7f30c455b4c8bba7d63e","core/src/main/java/org/elasticsearch/common/joda/Joda.java","171","0","2","13","358","426","1"
"elasticsearch","78574d248cf10dad1c5a566fda79e1e0c94afe43","core/src/main/java/org/elasticsearch/common/joda/Joda.java","171","0","2","13","358","426","2"
"elasticsearch","e6aaaf11ed4a1b8f595f920de1840938eddb7a97","core/src/main/java/org/elasticsearch/common/joda/Joda.java","171","0","2","13","358","426","2"
"elasticsearch","a60b8948ba1d836a6eac7cff095519e618939ed8","core/src/main/java/org/elasticsearch/common/joda/Joda.java","171","0","2","13","358","426","0"
"netty","1c63cc8067c7cd40c3e58772b4222560e67e6092","handler/src/main/java/io/netty/handler/ssl/SslHandler.java","171","0","24","16","1105","1761","1"
"elasticsearch","00de8e07fc3df9c763bbc0b6890217dc5b6bee3e","test/framework/src/main/java/org/elasticsearch/test/ESIntegTestCase.java","171","0","39","18","1397","2174","3"
"elasticsearch","0d81dee0137ebd1c80b5713b44b5581037a2c84b","core/src/main/java/org/elasticsearch/common/joda/Joda.java","171","0","4","11","357","434","0"
"elasticsearch","d06a8903fdccf5985bb1b9cbfcb92580d08a544c","test/framework/src/main/java/org/elasticsearch/test/ESIntegTestCase.java","171","0","40","18","1400","2181","0"
"elasticsearch","0556c93920af457c0dfb41dc2f52013ebc3e136e","test/framework/src/main/java/org/elasticsearch/test/InternalTestCluster.java","171","0","52","33","1425","1959","1"
"elasticsearch","396b8b371cba3f5524334d55239e9ba8b3b7fa1c","core/src/main/java/org/elasticsearch/search/builder/SearchSourceBuilder.java","171","0","67","30","1016","1476","2"
"elasticsearch","4d68d3d0533977ae888c3f4140dfe96f2cd04251","src/main/java/org/elasticsearch/index/mapper/core/AbstractFieldMapper.java","171","0","7","85","947","1172","1"
"orientdb","079abdbd8a7ea9bfeb22ba59c580deed75db937e","core/src/main/java/com/orientechnologies/orient/core/sql/parser/OrientSqlTokenManager.java","1713","0","8","0","3739","3772","0"
"hazelcast","733fb0ce2546c2961d4c468423161554141d3171","hazelcast/src/main/java/com/hazelcast/cluster/ClusterManager.java","172","0","0","42","936","1065","1"
"orientdb","16749f800c390d701c2d41057f197ec262717cf2","core/src/main/java/com/orientechnologies/orient/core/serialization/serializer/record/string/ORecordSerializerSchemaAware2CSV.java","172","0","0","8","438","582","0"
"hazelcast","c9145735e1b77145651752c833ce474b9e542791","hazelcast-spring/src/main/java/com/hazelcast/spring/HazelcastConfigBeanDefinitionParser.java","172","0","1","0","896","1017","0"
"elasticsearch","25fd9e26c4fb042d6f6dea14efcd239577bdbbc4","core/src/main/java/org/apache/lucene/queryparser/classic/MapperQueryParser.java","172","0","1","4","767","863","0"
"elasticsearch","549ca3178bb6151b080a97eac6093bf8af459a99","core/src/main/java/org/apache/lucene/queryparser/classic/MapperQueryParser.java","172","0","1","4","768","864","1"
"elasticsearch","78574d248cf10dad1c5a566fda79e1e0c94afe43","core/src/main/java/org/apache/lucene/queryparser/classic/MapperQueryParser.java","172","0","1","4","768","864","1"
"elasticsearch","4575d79522e4dd64de4571f00bb7826e714a0958","core/src/main/java/org/apache/lucene/queryparser/classic/MapperQueryParser.java","172","0","1","4","768","864","0"
"netty","62057f73d6cda6294c44f562ba0ae8bde1923c96","handler/src/main/java/io/netty/handler/ssl/SslHandler.java","172","0","14","19","978","1522","0"
"netty","9bcfef0f10694260a0c066278858b1c528f09ee0","handler/src/main/java/io/netty/handler/ssl/SslHandler.java","172","0","14","19","979","1533","1"
"orientdb","7a678522a2d83448543bc75d7360ac0857529727","core/src/main/java/com/orientechnologies/orient/core/sql/OCommandExecutorSQLUpdate.java","172","0","2","6","583","753","3"
"orientdb","0190a833a8532918adf08aa2ffedd28a2ad1a193","core/src/main/java/com/orientechnologies/orient/core/sql/OCommandExecutorSQLUpdate.java","172","0","2","9","598","771","1"
"elasticsearch","db7362da674b53f1c7be14e6dae4a164c21729a0","core/src/main/java/org/elasticsearch/repositories/blobstore/BlobStoreRepository.java","172","0","3","18","1196","1683","0"
"hazelcast","8f706352ccb43698b7a679ee9dd8e03d56d0540c","hazelcast/src/main/java/com/hazelcast/map/DefaultRecordStore.java","172","0","5","54","1374","1713","2"
"elasticsearch","577dcb32374cf2528a5deadf0a57f1ea1d5a9cbd","test/framework/src/main/java/org/elasticsearch/test/InternalTestCluster.java","172","0","52","34","1432","1967","0"
"elasticsearch","0189a65e6bfc623813c6c088d19a0509fbeb64da","core/src/main/java/org/elasticsearch/search/builder/SearchSourceBuilder.java","172","0","67","30","1019","1479","2"
"orientdb","e1a26bce426cc521e34d18e8994ec87673af8a38","core/src/main/java/com/orientechnologies/orient/core/serialization/serializer/record/binary/ORecordSerializerBinaryV0.java","173","0","0","10","835","1009","1"
"elasticsearch","3274e7ea6fd74073c30e5194c3447b1707e8b708","src/main/java/org/elasticsearch/index/mapper/object/ObjectMapper.java","173","0","1","36","838","1041","1"
"elasticsearch","5763b2468669896ce69b7f728626a8c844f4aba4","src/main/java/org/elasticsearch/index/mapper/object/ObjectMapper.java","173","0","1","36","838","1042","0"
"elasticsearch","39c064ce8b5eb784942be3f8fa3461c33ea6a7a1","src/main/java/org/elasticsearch/index/mapper/object/ObjectMapper.java","173","0","1","36","880","1086","1"
"elasticsearch","ee46c3cd3fed07a81d50e0e3eeae29e686c7c074","src/main/java/org/elasticsearch/index/mapper/object/ObjectMapper.java","173","0","1","37","844","1063","1"
"orientdb","9fafc831eb34b52e74e1d8e1caf9678667f4ec26","server/src/main/java/com/orientechnologies/orient/server/distributed/ODistributedStorage.java","173","0","1","82","1073","1471","4"
"netty","afb46b926f9df6f1da91cbd011fa8f43d1566bb8","handler/src/main/java/io/netty/handler/ssl/SslHandler.java","173","0","15","19","987","1548","0"
"elasticsearch","4c9327d983e348bc4f0de0c1581458c8cad953ab","core/src/main/java/org/elasticsearch/common/joda/Joda.java","173","0","2","13","351","422","0"
"elasticsearch","66b0e7a6e18cb559e423660e893f04413a7b4cc1","core/src/main/java/org/elasticsearch/common/joda/Joda.java","173","0","2","13","351","422","0"
"elasticsearch","b612cab96a025d9d28e3c9f6fde7bac1719e5be1","core/src/main/java/org/elasticsearch/common/joda/Joda.java","173","0","2","13","351","422","0"
"elasticsearch","32a097382c8d7cb55b8fae9e6a6c1c57a533689b","core/src/main/java/org/elasticsearch/common/joda/Joda.java","173","0","2","13","351","422","1"
"elasticsearch","ddd6be1047ee198f7f60b557880cbc550e744580","core/src/main/java/org/elasticsearch/common/joda/Joda.java","173","0","2","13","351","422","1"
"hazelcast","ca9f4c4554382537be96142652567a1050e1df6d","hazelcast/src/main/java/com/hazelcast/partition/PartitionServiceImpl.java","173","0","2","31","1002","1170","1"
"hazelcast","3717f3879e270e3bca8e84c4a9740b78d98aed63","hazelcast/src/main/java/com/hazelcast/partition/PartitionServiceImpl.java","173","0","2","31","1006","1174","0"
"orientdb","76ffdc9fe1e541460329297a955e8494c36be8f5","core/src/main/java/com/orientechnologies/orient/core/sql/OCommandExecutorSQLUpdate.java","173","0","2","7","586","758","3"
"orientdb","9b0a6b5a0d74bce339faedfdf33a3918902c1a9e","core/src/main/java/com/orientechnologies/orient/core/sql/OCommandExecutorSQLUpdate.java","173","0","2","7","587","759","2"
"orientdb","d29612b2f916e601d35317725979f2535c8a02c4","core/src/main/java/com/orientechnologies/orient/core/sql/OCommandExecutorSQLUpdate.java","173","0","2","9","598","771","0"
"orientdb","ca587e2ff4d3eb79f5d137b04091ae1ba3995c5d","core/src/main/java/com/orientechnologies/orient/core/serialization/serializer/record/binary/ORecordSerializerBinaryV0.java","174","0","0","10","836","1009","0"
"elasticsearch","00de8e07fc3df9c763bbc0b6890217dc5b6bee3e","core/src/main/java/org/elasticsearch/index/engine/InternalEngine.java","174","0","0","23","1113","1423","3"
"ceylon-ide-eclipse","3b55859481b7bd6100c82a72289c9c04bf130775","plugins/com.redhat.ceylon.eclipse.ui/src/com/redhat/ceylon/eclipse/core/model/JDTModule.java","174","0","0","40","932","1070","0"
"hazelcast","7996c29dd2838061a8b256b6dc1e332197e1f582","hazelcast/src/main/java/com/hazelcast/cluster/ClusterManager.java","174","0","0","42","935","1062","0"
"elasticsearch","f3e1a661330d597211acc947d9f4edde3ca34638","src/main/java/org/elasticsearch/index/mapper/object/ObjectMapper.java","174","0","1","36","884","1090","0"
"orientdb","dca6885c95f754e9a03f1366b7f1ed83a9d92ed4","core/src/main/java/com/orientechnologies/orient/core/sql/OCommandExecutorSQLUpdate.java","174","0","2","8","595","768","2"
"orientdb","33a29ad7f0318e206a1cfbb4c3960d98b429e9db","core/src/main/java/com/orientechnologies/orient/core/sql/OCommandExecutorSQLUpdate.java","174","0","2","8","601","778","1"
"orientdb","e9e6148e7b6fe758168c042bbada8c352cb08759","core/src/main/java/com/orientechnologies/orient/core/sql/OCommandExecutorSQLUpdate.java","174","0","2","9","607","785","2"
"orientdb","50bb0365603295268745639338630da96d9c93fc","distributed/src/main/java/com/orientechnologies/orient/server/hazelcast/OHazelcastPlugin.java","174","0","6","49","1032","1431","1"
"elasticsearch","e77f9720d2fb74afb5ce82b3ad7d75d21a00e74f","src/main/java/org/elasticsearch/index/mapper/core/AbstractFieldMapper.java","174","0","7","85","947","1175","0"
"hazelcast","047f1b1478178fdfea8259c38006ad7b17254397","hazelcast/src/main/java/com/hazelcast/cluster/ClusterManager.java","175","0","0","42","940","1067","0"
"hazelcast","1e1f8e0050a31fb5896f6475634f26775fac5ec1","hazelcast/src/main/java/com/hazelcast/cluster/ClusterManager.java","175","0","0","42","940","1067","0"
"hazelcast","b67111d940e621dfb23d50553e45d45e65a959d2","hazelcast/src/main/java/com/hazelcast/cluster/ClusterManager.java","175","0","0","42","940","1067","0"
"hazelcast","efe1516e3d894017a3fc167596979c090726a2e7","hazelcast/src/main/java/com/hazelcast/cluster/ClusterManager.java","175","0","0","42","940","1067","1"
"orientdb","12f4f49b91b2c9209c506de67b3384f64e108ce4","server/src/main/java/com/orientechnologies/orient/server/distributed/ODistributedStorage.java","175","0","1","82","1089","1493","1"
"orientdb","1ffb4a74231b07389afced95123a7ef989a442cc","core/src/main/java/com/orientechnologies/orient/core/sql/OCommandExecutorSQLUpdate.java","175","0","2","8","595","768","2"
"orientdb","9cf416121d18f72a85f2135ddbd9a4fa47522967","core/src/main/java/com/orientechnologies/orient/core/sql/OCommandExecutorSQLUpdate.java","175","0","2","9","607","785","1"
"elasticsearch","266394c3ab5837ed0d2e30a4808a6d01e3e52193","core/src/main/java/org/elasticsearch/snapshots/SnapshotsService.java","175","0","36","6","944","1383","0"
"orientdb","b1158cc4f34bbcc7ddea2a8457304b2d0d7a7ea5","distributed/src/main/java/com/orientechnologies/orient/server/hazelcast/OHazelcastPlugin.java","175","0","4","31","886","1226","1"
"orientdb","b99ef4dc718c6843428505e90b75ec47566fedae","distributed/src/main/java/com/orientechnologies/orient/server/hazelcast/OHazelcastPlugin.java","175","0","4","31","886","1226","1"
"orientdb","d2781cc84ef83ebc7c177d3bb6c07d3ca8b1b478","distributed/src/main/java/com/orientechnologies/orient/server/hazelcast/OHazelcastPlugin.java","175","0","4","31","886","1226","0"
"orientdb","20c8553a3d57b13b9dadba8041ee0ba577866a96","distributed/src/main/java/com/orientechnologies/orient/server/hazelcast/OHazelcastPlugin.java","175","0","6","49","1034","1435","2"
"hazelcast","c7df9d6ba5b6e60a13fc8afef10f5357281ffc1b","hazelcast/src/main/java/com/hazelcast/impl/BaseManager.java","176","0","0","60","1263","1518","0"
"titan","a1e70246868f0fc9e3e6e1bd454f2b0b13170c3b","src/main/java/com/thinkaurelius/titan/graphdb/database/StandardTitanGraph.java","176","0","1","14","767","934","1"
"orientdb","69ad5ecc3824911ac8d1bfbeab0d379043546afb","server/src/main/java/com/orientechnologies/orient/server/distributed/ODistributedStorage.java","176","0","1","78","1075","1477","1"
"orientdb","919a36b316857011fc0a9b0b70180743e222dc0d","server/src/main/java/com/orientechnologies/orient/server/distributed/ODistributedStorage.java","176","0","1","80","1107","1532","1"
"orientdb","06f3af5cecd0ddea01cca7806d0fed63e1e900ad","server/src/main/java/com/orientechnologies/orient/server/distributed/ODistributedStorage.java","176","0","1","82","1091","1493","3"
"orientdb","4efad7d79eff8fefd7e2a361c364c193238871c5","server/src/main/java/com/orientechnologies/orient/server/distributed/ODistributedStorage.java","176","0","1","82","1091","1496","2"
"BroadleafCommerce","0938a45f5f276b783e2d415842c9e1379527db76","admin/broadleaf-open-admin-platform/src/main/java/org/broadleafcommerce/openadmin/server/dao/DynamicEntityDaoImpl.java","176","0","2","40","1201","1364","1"
"orientdb","7714495a75dd494934a6cfa3c422763d92a19239","distributed/src/main/java/com/orientechnologies/orient/server/hazelcast/OHazelcastPlugin.java","176","0","4","31","889","1231","0"
"elasticsearch","5e7a79636d2bbad0525e677531a173d5e865230f","core/src/main/java/org/elasticsearch/index/shard/IndexShard.java","176","0","45","60","1467","2124","1"
"elasticsearch","7ebba35c32858a4aa96b0781f8307562a87dab59","core/src/main/java/org/elasticsearch/index/shard/IndexShard.java","176","0","45","60","1467","2128","1"
"elasticsearch","b17d23dc99ec7bdb3e64acbc05eedffa7d46a4e4","core/src/main/java/org/elasticsearch/index/shard/IndexShard.java","176","0","46","60","1428","2069","0"
"elasticsearch","e71a3ea1bbcd080e268b4b667641cbee31b3bf23","core/src/main/java/org/elasticsearch/index/shard/IndexShard.java","176","0","46","60","1432","2073","1"
"elasticsearch","69f74d714f6071ec655b6777f4ffd318637c82a9","src/main/java/org/elasticsearch/index/mapper/core/AbstractFieldMapper.java","176","0","7","85","955","1188","0"
"elasticsearch","7d5a15e461eccf82342dfa7aca7700ee304794ce","src/main/java/org/elasticsearch/index/mapper/core/AbstractFieldMapper.java","176","0","7","85","955","1188","0"
"elasticsearch","15d46988dc74d29a3c4567e83de60717b4683561","src/main/java/org/elasticsearch/index/mapper/core/AbstractFieldMapper.java","176","0","7","85","955","1188","2"
"ceylon-ide-eclipse","c8298288d63b316cb817c7603e5cf29ce63f1128","plugins/com.redhat.ceylon.eclipse.ui/src/com/redhat/ceylon/eclipse/core/model/JDTModule.java","177","0","0","42","949","1092","0"
"ceylon-ide-eclipse","66a6170d9f5a02168da56c6f83a1b1e022950b8f","plugins/com.redhat.ceylon.eclipse.ui/src/com/redhat/ceylon/eclipse/code/open/OpenDeclarationDialog.java","177","0","0","9","1084","1250","1"
"titan","ed88d7286080492045efafb45a69fa4cb6eeb94d","src/main/java/com/thinkaurelius/titan/graphdb/database/StandardTitanGraph.java","177","0","1","14","766","933","0"
"BroadleafCommerce","214bc668a8362a963f5638d120a8cff8a173dfb4","admin/broadleaf-open-admin-platform/src/main/java/org/broadleafcommerce/openadmin/web/service/FormBuilderServiceImpl.java","177","0","1","19","944","1235","11"
"BroadleafCommerce","9ec69e93fc7dd021d7b46854fae9cba2851b3f6e","admin/broadleaf-open-admin-platform/src/main/java/org/broadleafcommerce/openadmin/server/service/persistence/module/BasicPersistenceModule.java","177","0","1","45","1062","1233","2"
"orientdb","d512fd87199482c7e38fd0d7994ba7592b8b3086","server/src/main/java/com/orientechnologies/orient/server/distributed/ODistributedStorage.java","177","0","1","80","1107","1531","2"
"orientdb","278810a05546861b359529b257890e90628369b2","server/src/main/java/com/orientechnologies/orient/server/distributed/ODistributedStorage.java","177","0","1","80","1109","1534","3"
"elasticsearch","a5fffa2988252ca0f5ad8befc98545ba5a74d9f7","core/src/main/java/org/elasticsearch/index/shard/IndexShard.java","177","0","46","60","1465","2116","1"
"orientdb","1ffb4a74231b07389afced95123a7ef989a442cc","distributed/src/main/java/com/orientechnologies/orient/server/hazelcast/OHazelcastPlugin.java","177","0","6","49","1044","1446","1"
"orientdb","9b0a6b5a0d74bce339faedfdf33a3918902c1a9e","distributed/src/main/java/com/orientechnologies/orient/server/hazelcast/OHazelcastPlugin.java","177","0","6","49","1044","1446","1"
"orientdb","96e6d02a4377124728ba4d38315d383ef0afeeb2","distributed/src/main/java/com/orientechnologies/orient/server/hazelcast/OHazelcastPlugin.java","177","0","6","49","1044","1446","0"
"elasticsearch","1c63c823b0e4c07d4ba0e4767840f68162b7b4b8","core/src/main/java/org/elasticsearch/search/builder/SearchSourceBuilder.java","177","0","68","30","1038","1504","2"
"orientdb","bf290e8b1058584d1c3ad3e40b51d6631d1f97cc","core/src/main/java/com/orientechnologies/orient/core/metadata/schema/OSchemaShared.java","177","0","9","42","1010","1358","1"
"orientdb","80e2b291f186dd1e98b1ee4352c37db1a0d86f02","core/src/main/java/com/orientechnologies/orient/core/metadata/schema/OSchemaShared.java","177","0","9","42","1012","1362","1"
"orientdb","a358c1888d178e6582b96f8743a0b7b34f1f5ca9","core/src/main/java/com/orientechnologies/orient/core/metadata/schema/OSchemaShared.java","177","0","9","46","1052","1421","0"
"orientdb","75851ad880131807215f4dda7f6c16e465b4a618","core/src/main/java/com/orientechnologies/orient/core/serialization/serializer/record/string/ORecordSerializerJSON.java","178","0","0","11","602","767","1"
"ceylon-ide-eclipse","e82ba3737495cae8f78802a01c33bc2428322bfb","plugins/com.redhat.ceylon.eclipse.ui/src/com/redhat/ceylon/eclipse/core/model/JDTModule.java","178","0","0","43","958","1101","1"
"ceylon-ide-eclipse","88d5fb0c61f4ed2015858c107369fe128bc04c15","plugins/com.redhat.ceylon.eclipse.ui/src/com/redhat/ceylon/eclipse/util/JavaSearch.java","178","0","1","15","773","837","2"
"BroadleafCommerce","0712af3b3b9d9c2dc056558ea24b261552ae3e95","admin/broadleaf-open-admin-platform/src/main/java/org/broadleafcommerce/openadmin/server/dao/DynamicEntityDaoImpl.java","178","0","2","41","1224","1389","1"
"netty","7cfe4161823dec6192543e916b927e7de40190be","handler/src/main/java/io/netty/handler/ssl/SslHandler.java","178","0","25","16","1190","1874","1"
"elasticsearch","8e151862935d38403c3c7ca4705468830a2bf6be","core/src/main/java/org/elasticsearch/index/shard/IndexShard.java","178","0","45","60","1493","2158","0"
"elasticsearch","d3c95b8d9d81fb3ee9727de59bd37665c72ddf88","core/src/main/java/org/elasticsearch/index/shard/IndexShard.java","178","0","46","60","1468","2118","2"
"elasticsearch","43efcffcc217f5e49ed15593bc3156c2b4db1c73","core/src/main/java/org/elasticsearch/search/builder/SearchSourceBuilder.java","178","0","68","30","1041","1507","0"
"orientdb","2767a54ee6308493e6a69b4b2951d8d2252bfd6b","core/src/main/java/com/orientechnologies/orient/core/metadata/schema/OSchemaShared.java","178","0","9","44","1049","1415","1"
"orientdb","fc62b9e2ad896783cae212f9ef0f23dd8a6cdb7f","core/src/main/java/com/orientechnologies/orient/core/serialization/serializer/record/string/ORecordSerializerJSON.java","179","0","0","11","594","759","0"
"orientdb","16749f800c390d701c2d41057f197ec262717cf2","core/src/main/java/com/orientechnologies/orient/core/serialization/serializer/record/string/ORecordSerializerJSON.java","179","0","0","11","603","768","0"
"BroadleafCommerce","0eec7d6ee2b530fbcaab225bcbfcd7ea47c493b9","admin/broadleaf-open-admin-platform/src/main/java/org/broadleafcommerce/openadmin/web/service/FormBuilderServiceImpl.java","179","0","1","19","956","1249","4"
"BroadleafCommerce","fcf24dee7c3f0aeaf18af14e19eb5a1df17a3f3b","admin/broadleaf-open-admin-platform/src/main/java/org/broadleafcommerce/openadmin/web/service/FormBuilderServiceImpl.java","179","0","1","19","957","1250","10"
"orientdb","f2c3273e9f37bffc0c99099735b1a09364360430","core/src/main/java/com/orientechnologies/orient/core/index/hashindex/local/OLocalHashTable.java","179","0","1","23","1433","1852","0"
"hazelcast","a9f3f619d6ef0ac7b765f6774d884002829449bd","hazelcast/src/main/java/com/hazelcast/cluster/ClusterServiceImpl.java","179","0","1","32","1031","1175","1"
"hazelcast","727cb1848c02481eee19e6d2693a7242b7c563c3","hazelcast/src/main/java/com/hazelcast/cluster/ClusterServiceImpl.java","179","0","1","32","1088","1256","0"
"elasticsearch","4a9faac470f57d8803fed4d29e15177766437734","src/main/java/org/elasticsearch/index/mapper/MapperService.java","179","0","17","30","844","1074","0"
"BroadleafCommerce","dbd58b9d1efd79a6183c776a8532b06177e8d529","admin/broadleaf-open-admin-platform/src/main/java/org/broadleafcommerce/openadmin/server/dao/DynamicEntityDaoImpl.java","179","0","2","41","1226","1391","0"
"netty","f585806a746cf78c4d07b9efd1ba45e761215384","buffer/src/main/java/io/netty/buffer/CompositeByteBuf.java","179","0","24","91","1515","1974","1"
"netty","e85d43739819e6408c3a4a4e2f9e71bcf6905a2e","buffer/src/main/java/io/netty/buffer/CompositeByteBuf.java","179","0","24","91","1519","1979","0"
"ceylon-ide-eclipse","90d07e8f93a00dcf0ea623d09ba7aea7fed00add","plugins/com.redhat.ceylon.eclipse.ui/src/com/redhat/ceylon/eclipse/code/editor/CeylonEditor.java","179","0","4","33","1439","1908","0"
"elasticsearch","68d708a75fc2d6ba7dd4f9ae0224c3d92a5739eb","core/src/main/java/org/elasticsearch/search/builder/SearchSourceBuilder.java","179","0","53","24","1016","1386","3"
"elasticsearch","1022123f59f2e165433da0ca2c6e1296cfed6a4d","core/src/main/java/org/elasticsearch/search/builder/SearchSourceBuilder.java","179","0","62","21","977","1393","1"
"elasticsearch","cf846af0e508e4626fde3b9b870118f64cc33cb9","core/src/main/java/org/elasticsearch/action/search/ExpandSearchPhase.java","18","0","0","0","101","150","1"
"netty","4158152b24c1e20cc9d024486a6bc6a0ee336a92","transport/src/main/java/io/netty/channel/socket/oio/OioDatagramPipelineSink.java","18","0","0","0","112","153","0"
"netty","2304913341ef3f239e5509a46921a5c65bbbe360","transport/src/main/java/io/netty/channel/socket/oio/OioDatagramPipelineSink.java","18","0","0","0","113","154","2"
"netty","2304913341ef3f239e5509a46921a5c65bbbe360","transport/src/main/java/io/netty/channel/socket/nio/NioDatagramWorker.java","18","0","0","0","126","197","2"
"hazelcast","bae6535651931084f31f10b3db73b95540540474","hazelcast/src/test/java/com/hazelcast/test/mocknetwork/MockJoiner.java","18","0","0","0","127","173","0"
"elasticsearch","61849a1150ae298fe38667341bc640fecb952a50","core/src/main/java/org/elasticsearch/search/aggregations/bucket/nested/NestedAggregator.java","18","0","0","0","135","185","0"
"ceylon-ide-eclipse","a6b79137ff7fcc83b4146dc27f2987a41df1d0f3","plugins/com.redhat.ceylon.eclipse.ui/src/com/redhat/ceylon/eclipse/code/correct/CreateInNewUnitProposal.java","18","0","0","0","144","163","0"
"elasticsearch","2ed1f7a3390420835f9b270d20c5d512ba197827","core/src/main/java/org/elasticsearch/action/search/InitialSearchPhase.java","18","0","0","0","145","266","1"
"elasticsearch","149629fec657e9948488195087f30583cd561f11","core/src/main/java/org/elasticsearch/action/search/InitialSearchPhase.java","18","0","0","0","146","267","0"
"elasticsearch","a301bbbe8b34e3de12a3e59ff82a70c6613e6e03","core/src/main/java/org/elasticsearch/action/search/SearchScrollQueryAndFetchAsyncAction.java","18","0","0","0","147","186","1"
"netty","a18416df60809d5ec9c703bfbc15658a8d4443fc","resolver-dns/src/main/java/io/netty/resolver/dns/DnsQueryContext.java","18","0","0","0","165","214","1"
"netty","2304913341ef3f239e5509a46921a5c65bbbe360","codec/src/main/java/io/netty/handler/codec/embedder/AbstractCodecEmbedder.java","18","0","0","0","169","247","2"
"hazelcast","2db57b1347715b9dbdcf5501adea7bd823bf5b7f","hazelcast/src/main/java/com/hazelcast/internal/partition/operation/BaseMigrationOperation.java","18","0","0","0","179","228","1"
"hazelcast","4c22ed73b6dabb441b0c601143aa115c705d0bb5","hazelcast/src/main/java/com/hazelcast/internal/partition/operation/BaseMigrationOperation.java","18","0","0","0","180","229","0"
"hazelcast","b2df21c79a156ed5b81d91a242ba9d3ed2345b1b","hazelcast/src/main/java/com/hazelcast/internal/partition/operation/BaseMigrationOperation.java","18","0","0","0","182","231","1"
"hazelcast","97c89f45d5c012ffb41915e095688f1f7b010a7f","hazelcast/src/main/java/com/hazelcast/internal/partition/operation/BaseMigrationOperation.java","18","0","0","0","183","232","0"
"hazelcast","a4035afdfc67b757940a15578bc51b4e7b6b0b13","hazelcast-client-new/src/main/java/com/hazelcast/client/cache/impl/AbstractClientCacheProxyBase.java","18","0","0","0","183","252","0"
"hazelcast","6a96ff2593db59bc55c3783b4420a915caa1f77b","hazelcast/src/main/java/com/hazelcast/cache/impl/AbstractCacheProxyBase.java","18","0","0","0","194","258","1"
"netty","9c1b31d20a2a6f913802f4200e6910f32990634e","transport/src/main/java/io/netty/channel/group/DefaultChannelGroupFuture.java","18","0","0","0","199","265","0"
"netty","23d017849429c18e1890b0a5799e5262df4f269f","transport/src/main/java/io/netty/channel/group/DefaultChannelGroupFuture.java","18","0","0","0","201","268","0"
"netty","2b014ce82a71cad586ce3919d31d160fe05366cd","transport/src/main/java/io/netty/channel/group/DefaultChannelGroupFuture.java","18","0","0","0","201","268","0"
"netty","9128d4f16a8ccb102bbf863b88e6be8e5574333d","transport/src/main/java/io/netty/channel/group/DefaultChannelGroupFuture.java","18","0","0","0","201","268","1"
"hazelcast","70d4de16ff0ac4518d09aad8c9f2ad9e782fb337","hazelcast-client/src/main/java/com/hazelcast/client/cache/impl/AbstractClientCacheProxyBase.java","18","0","0","0","203","263","1"
"hazelcast","60a7c288e274f732a4d30dbf717b5ff8cdec4515","hazelcast-client/src/main/java/com/hazelcast/client/cache/impl/AbstractClientCacheProxyBase.java","18","0","0","0","203","265","1"
"netty","39b57b889cf77f38b25f45bd38fad58d22a4bb73","transport/src/main/java/io/netty/channel/group/DefaultChannelGroupFuture.java","18","0","0","0","203","270","1"
"hazelcast","cb8160735d5c6fe75b44747d20c57a71f94171a7","hazelcast-client/src/test/java/com/hazelcast/client/map/ClientMapUnboundReturnValuesTestSupport.java","18","0","0","0","203","346","0"
"hazelcast","6b9715b30910755cda41e8349960635d9c914a10","hazelcast/src/main/java/com/hazelcast/nio/tcp/nonblocking/iobalancer/LoadTracker.java","18","0","0","0","206","294","0"
"hazelcast","923b2bba193c3f510cd4cb13186f749d23f3ed35","hazelcast/src/main/java/com/hazelcast/nio/tcp/nonblocking/iobalancer/LoadTracker.java","18","0","0","0","206","296","1"
"hazelcast","ea8ff1c274ffffe189038236dcc2702e5e2ee13d","hazelcast-client/src/main/java/com/hazelcast/client/cache/impl/AbstractClientCacheProxyBase.java","18","0","0","0","209","273","0"
"hazelcast","3f34f9a7925344ddf70b22f1eb736b0a8f28b260","hazelcast/src/main/java/com/hazelcast/nio/tcp/nonblocking/iobalancer/LoadTracker.java","18","0","0","0","215","302","0"
"hazelcast","d1c295969728d08d0963ba8eeceb0e80733304a3","hazelcast/src/main/java/com/hazelcast/nio/tcp/nonblocking/iobalancer/LoadTracker.java","18","0","0","0","215","305","1"
"hazelcast","07857e5f0efcf1b2d789910c35ea269a115e4249","hazelcast/src/main/java/com/hazelcast/map/impl/operation/AbstractMultipleEntryOperation.java","18","0","0","0","218","288","1"
"hazelcast","a18d0e135dc14ea3265896e288923cd1e61a4760","hazelcast-client/src/main/java/com/hazelcast/client/cache/impl/AbstractClientCacheProxyBase.java","18","0","0","0","220","290","1"
"hazelcast","59332cf2d8994755d2c4329152a47b6ebbeeecd6","hazelcast-client/src/test/java/com/hazelcast/client/test/TestClientRegistry.java","18","0","0","0","242","313","2"
"netty","3aa77f54f7f77688082f78d3d0ecfcc11affcb30","common/src/main/java/io/netty/util/internal/PlatformDependent0.java","18","0","0","0","257","325","0"
"netty","9fe9710315bb89b015a3de0fbf4c1019a10e5c85","common/src/main/java/io/netty/util/internal/PlatformDependent0.java","18","0","0","0","273","345","0"
"netty","90c65b7157c17816683910156e46cd8ffb186ef9","common/src/main/java/io/netty/util/internal/PlatformDependent0.java","18","0","0","0","287","372","0"
"neo4j","b070962e9b00726d50df951106225fa252b7efeb","enterprise/security/src/test/java/org/neo4j/server/security/enterprise/auth/BoltInteraction.java","18","0","0","0","299","360","0"
"hazelcast","ed777f64e4d046bb45ae4ee062b463e33526e3ad","hazelcast-client/src/main/java/com/hazelcast/client/impl/HazelcastClientInstanceImpl.java","18","0","0","0","449","521","1"
"hazelcast","bb3ea0e107980d769862cdbda748cc91529d67b5","hazelcast-client/src/main/java/com/hazelcast/client/impl/HazelcastClientInstanceImpl.java","18","0","0","0","459","533","0"
"elasticsearch","25fd9e26c4fb042d6f6dea14efcd239577bdbbc4","core/src/main/java/org/elasticsearch/action/support/nodes/TransportNodesAction.java","18","0","0","1","201","282","0"
"elasticsearch","824beea89d8c51c7037041b3c843e1511d825d96","core/src/test/java/org/elasticsearch/index/replication/ESIndexLevelReplicationTestCase.java","18","0","0","1","393","479","0"
"elasticsearch","a44655763e150522d58cbd8113fb1b30a475b8c7","core/src/test/java/org/elasticsearch/index/replication/ESIndexLevelReplicationTestCase.java","18","0","0","1","393","479","0"
"elasticsearch","f01784205f4512a989ed85382d02cd645bf2f667","core/src/test/java/org/elasticsearch/index/replication/ESIndexLevelReplicationTestCase.java","18","0","0","1","393","479","1"
"hazelcast","128f47cd989bfc1129d6352093c9e53a4a352ffb","hazelcast-wm/src/test/java/com/hazelcast/wm/test/TestServlet.java","18","0","0","1","70","101","0"
"orientdb","3e0c4380a047e216eb5b8bb8c451673bf8c5778f","lucene/src/main/java/com/orientechnologies/lucene/operator/OLuceneTextOperator.java","18","0","0","10","153","200","0"
"orientdb","ea1339b2d74756f4efec13f3bb59c93a0a409b47","lucene/src/main/java/com/orientechnologies/lucene/operator/OLuceneTextOperator.java","18","0","0","10","158","209","1"
"netty","5ffb495746e55c440273ec7cc4741ab28e1f9017","transport/src/main/java/io/netty/channel/socket/nio/NioSocketChannel.java","18","0","0","10","171","232","0"
"hazelcast","264b730b6e10ae9df6f5d8727209ca007160236f","hazelcast/src/test/java/com/hazelcast/collection/impl/txnqueue/TransactionQueueTest.java","18","0","0","10","262","322","2"
"hazelcast","1357e3347a592e06b16b004874b669ec6e8618bd","hazelcast/src/test/java/com/hazelcast/collection/impl/txnqueue/TransactionQueueTest.java","18","0","0","10","263","323","3"
"hazelcast","10773b4cd855bdfd84ea80d22b8ed3c977459444","hazelcast/src/main/java/com/hazelcast/multimap/impl/txn/MultiMapTransactionLog.java","18","0","0","11","132","164","0"
"hazelcast","d831651dd5814c8074c8b4727184701986f16039","hazelcast/src/main/java/com/hazelcast/multimap/impl/txn/MultiMapTransactionLog.java","18","0","0","11","136","168","1"
"orientdb","a242cd8fb39fd371e5dfd3ba2f972abc05ebfecb","lucene/src/main/java/com/orientechnologies/lucene/operator/OLuceneTextOperator.java","18","0","0","11","162","213","0"
"netty","eb23c9d27c84ab7cf2c33f28d2b761673a41b435","transport/src/main/java/io/netty/channel/socket/nio/NioSocketChannel.java","18","0","0","11","171","232","0"
"hazelcast","93158415952eda37e0db8b42fd829d3c5d1f5705","hazelcast/src/test/java/com/hazelcast/map/EntryProcessorTest.java","18","0","0","11","396","482","1"
"elasticsearch","db541d6fbe3daecec91bb7701aacfcd284662c2a","core/src/test/java/org/elasticsearch/search/aggregations/pipeline/BucketScriptIT.java","18","0","0","11","413","487","1"
"BroadleafCommerce","e216da5ebb303680f5c60ffcd75979f5876ab5a6","admin/broadleaf-open-admin-platform/src/main/java/org/broadleafcommerce/openadmin/server/security/domain/AdminUserAttributeImpl.java","18","0","0","12","120","161","0"
"BroadleafCommerce","86c7c1f49cf8d819bf62c336775b16aeea5d2070","core/broadleaf-profile/src/main/java/org/broadleafcommerce/profile/core/domain/CustomerAttributeImpl.java","18","0","0","12","125","169","0"
"BroadleafCommerce","a93b02213fc0e0d30021ca130b6bce5f8aa1e184","core/broadleaf-profile/src/main/java/org/broadleafcommerce/profile/core/domain/CustomerAttributeImpl.java","18","0","0","12","127","171","0"
"hazelcast","cdc9b78260740d11f4a477658abb7b680c47f851","hazelcast/src/main/java/com/hazelcast/partition/impl/ReplicaSyncResponse.java","18","0","0","12","173","216","2"
"hazelcast","f5cb1bc05582dde9b0f920aceaf3295c58a2d42e","hazelcast/src/main/java/com/hazelcast/partition/impl/ReplicaSyncResponse.java","18","0","0","12","173","216","1"
"hazelcast","f93b123f67ebe82499e163a3b0a5aee2ef27d7e4","hazelcast/src/main/java/com/hazelcast/partition/impl/ReplicaSyncResponse.java","18","0","0","12","173","216","1"
"hazelcast","2c84640858569786577afc9fb091d5b1e7e73b8b","hazelcast/src/main/java/com/hazelcast/partition/impl/ReplicaSyncResponse.java","18","0","0","12","173","216","0"
"hazelcast","363540d31819b6adb59f8fd5752c625b893aec72","hazelcast/src/test/java/com/hazelcast/map/EntryProcessorTest.java","18","0","0","12","423","516","0"
"elasticsearch","a0818d3b876216c7882b3f6b14c613173409c06c","core/src/test/java/org/elasticsearch/search/aggregations/pipeline/BucketScriptIT.java","18","0","0","12","444","544","3"
"elasticsearch","046abdc281c321cd2128ee7684c0edfcaca07203","core/src/test/java/org/elasticsearch/search/aggregations/pipeline/BucketScriptIT.java","18","0","0","12","446","546","4"
"hazelcast","525c34cddd7f4e08d674611e177bab103e4d1881","hazelcast/src/main/java/com/hazelcast/cluster/ClusterImpl.java","18","0","0","13","128","163","1"
"hazelcast","82fcc4c7c87097d1719bb56112aec0fafdb6bc0e","hazelcast/src/main/java/com/hazelcast/cluster/ClusterImpl.java","18","0","0","13","129","164","0"
"hazelcast","bb3ea0e107980d769862cdbda748cc91529d67b5","hazelcast/src/main/java/com/hazelcast/transaction/impl/TransactionManagerServiceImpl.java","18","0","0","13","215","267","0"
"hazelcast","4a1593fa6ba5c277c4ad2fc320d803b0e63b9339","hazelcast/src/test/java/com/hazelcast/replicatedmap/ReplicatedMapHitsAndLastAccessTimeTest.java","18","0","0","13","232","300","0"
"hazelcast","9d92e89e761fe6d4368df47311cf7902578295a3","hazelcast/src/test/java/com/hazelcast/replicatedmap/ReplicatedMapHitsAndLastAccessTimeTest.java","18","0","0","13","236","297","0"
"hazelcast","707932eed4859d26c9c896f844d9433f2795b290","hazelcast/src/test/java/com/hazelcast/replicatedmap/ReplicatedMapHitsAndLastAccessTimeTest.java","18","0","0","13","236","298","0"
"hazelcast","9d8dcc2a1755aec6419b50698c80c1d109c89523","hazelcast/src/test/java/com/hazelcast/replicatedmap/ReplicatedMapHitsAndLastAccessTimeTest.java","18","0","0","13","237","298","1"
"elasticsearch","636c35d0d41b4c9fd5c8454483fbaaee45ac1d25","src/test/java/org/elasticsearch/test/integration/update/UpdateTests.java","18","0","0","13","384","505","0"
"elasticsearch","43e374f793ead07f8dfcc0acd77c2722fcde6a64","src/test/java/org/elasticsearch/test/integration/update/UpdateTests.java","18","0","0","13","385","506","0"
"hazelcast","2c9f047c50d17d673fc19ecabccf2239611417b6","hazelcast/src/test/java/com/hazelcast/internal/partition/impl/MigrationCommitTest.java","18","0","0","13","653","855","0"
"hazelcast","2b9bb4fc17af10b2e6c19753155c0c0aeff8ce05","hazelcast/src/main/java/com/hazelcast/instance/AbstractMember.java","18","0","0","14","165","208","0"
"elasticsearch","474fd2607346308674f65ce336af8fc3c125b53c","core/src/test/java/org/elasticsearch/common/settings/ScopedSettingsTests.java","18","0","0","14","277","334","0"
"hazelcast","99e5a41b171150b7d83496ba2e88d33b7f1a4c78","hazelcast/src/test/java/com/hazelcast/cluster/AdvancedClusterStateTest.java","18","0","0","14","505","628","0"
"hazelcast","c22d56e19f665d89c2ab03857c9c9bd1617101e9","hazelcast/src/main/java/com/hazelcast/map/impl/MapStoreWrapper.java","18","0","0","15","120","162","1"
"hazelcast","c2d7536d1f61a04c526ea6d2cb4125cf10de7d6b","hazelcast/src/test/java/com/hazelcast/map/LocalMapStatsTest.java","18","0","0","15","296","349","3"
"hazelcast","38bccc612ff2b5faab1bd4593babd0e7f1f9652f","hazelcast/src/test/java/com/hazelcast/map/LocalMapStatsTest.java","18","0","0","15","297","351","2"
"hazelcast","02928f139660e2264ab264f2a802c813fa7e647f","hazelcast/src/test/java/com/hazelcast/map/LocalMapStatsTest.java","18","0","0","15","298","352","2"
"hazelcast","8b6096c43f14f01004981b67db015c39f1c9e037","hazelcast/src/test/java/com/hazelcast/map/LocalMapStatsTest.java","18","0","0","15","298","352","1"
"hazelcast","4f8baf629d95173c017dff426932eaa3919549c0","hazelcast/src/test/java/com/hazelcast/map/LocalMapStatsTest.java","18","0","0","15","298","352","0"
"hazelcast","4b9cef83c2c99af4df9d1d0338f29a7dc1c9eda8","hazelcast/src/test/java/com/hazelcast/map/LocalMapStatsTest.java","18","0","0","15","306","360","0"
"elasticsearch","3c8ff45917ac7cb5a154a4c8e4fd298490f466a4","core/src/test/java/org/elasticsearch/common/settings/ScopedSettingsTests.java","18","0","0","15","308","369","1"
"netty","88df53ec1a53912c2e34892247c8218c2fa01838","buffer/src/main/java/io/netty/buffer/EmptyByteBuf.java","18","0","0","151","700","881","0"
"hazelcast","8d373b62327a5c012a5b8f2bad456311df03bf61","hazelcast/src/main/java/com/hazelcast/spi/impl/executionservice/impl/ExecutionServiceImpl.java","18","0","0","16","227","281","1"
"elasticsearch","9a73a2efb302e008bbff1ba172c7f99e414dc146","core/src/test/java/org/elasticsearch/index/query/InnerHitBuilderTests.java","18","0","0","16","265","356","1"
"elasticsearch","9809760eb0658d9918c6f4aa5b15606c6e857fb3","core/src/test/java/org/elasticsearch/common/settings/ScopedSettingsTests.java","18","0","0","16","382","454","0"
"hazelcast","565257f977407eb3a0199d082860209c2958f5f9","hazelcast/src/test/java/com/hazelcast/util/collection/Int2ObjectHashMapTest.java","18","0","0","17","206","292","1"
"neo4j","e6f84e88fecffdd2dd28e4ee978d77df94914908","community/lucene-index/src/test/java/org/neo4j/kernel/api/impl/labelscan/LuceneLabelScanStoreTest.java","18","0","0","17","424","560","1"
"elasticsearch","90b547cf2c82b03fe42b9cce4ea878d81734228a","src/main/java/org/elasticsearch/index/mapper/internal/SizeFieldMapper.java","18","0","0","18","133","184","1"
"elasticsearch","d18fb8bfbd4562bd55890103d488c448729e450b","src/main/java/org/elasticsearch/index/mapper/internal/SizeFieldMapper.java","18","0","0","18","133","184","1"
"elasticsearch","9569166f9431cafe322de6d1f96b7bfd6f50b798","src/main/java/org/elasticsearch/index/mapper/internal/SizeFieldMapper.java","18","0","0","18","133","184","0"
"hazelcast","485f426abc042144ebf9fd213e724556ad967191","hazelcast/src/main/java/com/hazelcast/spi/impl/executionservice/impl/ExecutionServiceImpl.java","18","0","0","18","235","291","1"
"elasticsearch","b4d1d899d2d91cce8677deb0930ae622121d1ca1","src/main/java/org/elasticsearch/index/mapper/internal/SizeFieldMapper.java","18","0","0","19","134","185","0"
"elasticsearch","0554f8e875f18b30f1082ed864cdd58fc9c4d0b5","src/main/java/org/elasticsearch/index/mapper/internal/SizeFieldMapper.java","18","0","0","19","135","186","0"
"elasticsearch","1654ae89379aeea586cbdff45a0b1d0cf4d00ebd","src/main/java/org/elasticsearch/index/mapper/internal/SizeFieldMapper.java","18","0","0","19","135","186","0"
"elasticsearch","7694f0b7a09c85dd28bd9553dcd6000a782d09db","src/main/java/org/elasticsearch/index/mapper/internal/SizeFieldMapper.java","18","0","0","19","135","186","1"
"elasticsearch","589360c8b1a46c1509c7e589f06124b91cb3dbaf","src/main/java/org/elasticsearch/index/mapper/internal/SizeFieldMapper.java","18","0","0","19","136","188","2"
"elasticsearch","b28ef3063e149e7efa0132184f5739e409d83984","core/src/test/java/org/elasticsearch/index/query/InnerHitBuilderTests.java","18","0","0","19","313","414","1"
"elasticsearch","b9a90eca20b2406ee7af8033ff6a2a445603520d","core/src/test/java/org/elasticsearch/index/query/InnerHitBuilderTests.java","18","0","0","19","314","415","0"
"mcMMO","6c3820c747f1dca88757de4188ee6e0be144a0f2","src/main/java/com/gmail/nossr50/commands/player/MctopCommand.java","18","0","0","2","100","131","0"
"mcMMO","a87336b7ee1be024f6d61c382dc01c2ddde229bc","src/main/java/com/gmail/nossr50/commands/player/MctopCommand.java","18","0","0","2","103","130","0"
"elasticsearch","b1cef5fdf8e1f8e9982a4724986b2731ca4d522b","core/src/main/java/org/elasticsearch/search/aggregations/metrics/percentiles/AbstractPercentilesParser.java","18","0","0","2","107","138","1"
"hazelcast","cb8160735d5c6fe75b44747d20c57a71f94171a7","hazelcast-client-new/src/test/java/com/hazelcast/client/map/ClientMapUnboundReturnValuesTestSupport.java","18","0","0","2","203","346","0"
"elasticsearch","bc65be2a656f7406e820ba69c9878124bd725016","modules/reindex/src/main/java/org/elasticsearch/index/reindex/remote/RemoteScrollableHitSource.java","18","0","0","2","213","277","0"
"elasticsearch","f3a925fdbec7b336e0501118880630a619625cad","modules/reindex/src/main/java/org/elasticsearch/index/reindex/remote/RemoteScrollableHitSource.java","18","0","0","2","213","277","0"
"elasticsearch","9abb12541754813f1919a5f65d3bfbe8ce7f8d34","modules/reindex/src/main/java/org/elasticsearch/index/reindex/remote/RemoteScrollableHitSource.java","18","0","0","2","213","277","1"
"elasticsearch","8f798f1231cf2ee128c1701a4e435ec1d23d2fa9","modules/reindex/src/main/java/org/elasticsearch/index/reindex/remote/RemoteScrollableHitSource.java","18","0","0","2","214","278","1"
"elasticsearch","2ffdd4468d8a2671a160278a3a94714e72347786","modules/reindex/src/main/java/org/elasticsearch/index/reindex/remote/RemoteScrollableHitSource.java","18","0","0","2","216","280","0"
"ceylon-ide-eclipse","64a391fbabba6b9bc6b553abfa42466e0ca9673d","plugins/com.redhat.ceylon.eclipse.ui/src/com/redhat/ceylon/eclipse/code/complete/TypeArgumentListCompletions.java","18","0","0","2","84","92","0"
"mcMMO","d0c0b9a089d3b99e7fe68740860fef2d0275613f","src/main/java/com/gmail/nossr50/commands/general/AddlevelsCommand.java","18","0","0","2","94","115","0"
"orientdb","527d45bb551f10351ecbd295abd46f84c7349784","graphdb/src/main/java/com/tinkerpop/blueprints/impls/orient/asynch/OrientElementFuture.java","18","0","0","20","154","197","0"
"BroadleafCommerce","49d12cffdc9aca461330ec8110c850319cf49ec0","admin/broadleaf-open-admin-platform/src/main/java/org/broadleafcommerce/openadmin/dto/PersistencePackage.java","18","0","0","20","96","140","1"
"hazelcast","15b09b7de72d7e83ce7b5bb12cd5f24119f37caf","hazelcast/src/main/java/com/hazelcast/util/executor/CachedExecutorServiceDelegate.java","18","0","0","21","203","254","0"
"hazelcast","8b43849d1a850caa596ad0b0251ad166e6706e91","hazelcast/src/main/java/com/hazelcast/util/executor/CachedExecutorServiceDelegate.java","18","0","0","21","203","254","0"
"hazelcast","934a604d8485af4a9bffcecf5fe4baede22169fe","hazelcast/src/main/java/com/hazelcast/util/executor/CachedExecutorServiceDelegate.java","18","0","0","21","203","254","0"
"hazelcast","b2fcdf5ade74230911e80258adb2c4abe15cf123","hazelcast/src/main/java/com/hazelcast/util/executor/CachedExecutorServiceDelegate.java","18","0","0","21","203","254","1"
"hazelcast","c0e817fa17808e7f0726dd2f9040f45354a94e5a","hazelcast/src/main/java/com/hazelcast/util/executor/CachedExecutorServiceDelegate.java","18","0","0","21","203","254","1"
"hazelcast","5b8632553391543693d7a87c5d29cdea51293447","hazelcast/src/main/java/com/hazelcast/scheduledexecutor/impl/ScheduledExecutorServiceProxy.java","18","0","0","21","362","461","1"
"hazelcast","8959aa0857797fe82461f8cabc292a4966d2e5fb","hazelcast/src/main/java/com/hazelcast/scheduledexecutor/impl/ScheduledExecutorServiceProxy.java","18","0","0","21","363","462","0"
"hazelcast","a7ec759936b5ee731affea3d124296616924c2d4","hazelcast/src/main/java/com/hazelcast/scheduledexecutor/impl/ScheduledExecutorServiceProxy.java","18","0","0","21","363","462","0"
"hazelcast","9bd1ce5444c1cb1358f3782d4e05fc3fc503f69a","hazelcast/src/main/java/com/hazelcast/scheduledexecutor/impl/ScheduledExecutorServiceProxy.java","18","0","0","21","363","462","2"
"hazelcast","7c1baa91dc4cb5d9c03b04a955a9c3e3824dde65","hazelcast/src/main/java/com/hazelcast/scheduledexecutor/impl/ScheduledExecutorServiceProxy.java","18","0","0","21","382","485","1"
"BroadleafCommerce","35fc9949359b047d4c18fbc6045f42d4143184a3","admin/broadleaf-open-admin-platform/src/main/java/org/broadleafcommerce/openadmin/dto/PersistencePackage.java","18","0","0","22","105","151","1"
"hazelcast","2604627e26a5a66c185ae6f7bc0518fefa14d0e1","hazelcast/src/main/java/com/hazelcast/concurrent/lock/LockServiceImpl.java","18","0","0","22","230","288","2"
"hazelcast","1a44eaa6a1e0c7597f0d9335883b651aaeb097c5","hazelcast/src/main/java/com/hazelcast/concurrent/lock/LockServiceImpl.java","18","0","0","22","232","290","3"
"BroadleafCommerce","63fbd9cf0e68a367c947b8ca8fb30c0585b02366","admin/broadleaf-open-admin-platform/src/main/java/org/broadleafcommerce/openadmin/dto/PersistencePackage.java","18","0","0","24","112","160","0"
"BroadleafCommerce","11b9bbc3f26a276b1394b183501971f50b0bc40a","core/broadleaf-framework/src/main/java/org/broadleafcommerce/core/catalog/domain/CategoryMediaXrefImpl.java","18","0","0","24","188","247","0"
"hazelcast","508de395db2dd7baf93c9faa633334b2b79c07c6","hazelcast/src/test/java/com/hazelcast/replicatedmap/ReplicatedMapHitsAndLastAccessTimeTest.java","18","0","0","25","318","393","0"
"neo4j","c3a5cbf00866abb108bf34ce2e0680026fdd2025","community/common/src/test/java/org/neo4j/kernel/lifecycle/LifeSupportTest.java","18","0","0","25","468","579","0"
"elasticsearch","2b3760f78b26817b5a2030aa27b1ddf2f17462f6","modules/reindex/src/main/java/org/elasticsearch/index/reindex/RestUpdateByQueryAction.java","18","0","0","3","101","137","1"
"elasticsearch","64880ca4ed3cace87b28ad85e815b6d84b7fc7d8","client/rest/src/test/java/org/elasticsearch/client/RequestLoggerTests.java","18","0","0","3","115","146","1"
"ceylon-ide-eclipse","6543abbc46412285094909a7f50453f8de782b7a","plugins/com.redhat.ceylon.eclipse.ui/src/com/redhat/ceylon/eclipse/core/classpath/InitDependenciesJob.java","18","0","0","3","115","147","0"
"netty","4c072694be32bb40da04852dc02322cfc9ee1162","example/src/main/java/io/netty/example/http/snoop/HttpSnoopServerHandler.java","18","0","0","3","126","173","0"
"netty","1ef371b6255d672575f595fabd435130bcede273","example/src/main/java/io/netty/example/http/snoop/HttpSnoopServerHandler.java","18","0","0","3","132","180","0"
"hazelcast","4d8aae6dd931c55b38df88e7e066c3f862b36bac","hazelcast/src/test/java/com/hazelcast/partition/AbstractPartitionLostListenerTest.java","18","0","0","3","135","161","1"
"oryx","407e141b5e3da54262668d6902fd009fc3119f92","oryx-app/src/test/java/com/cloudera/oryx/app/speed/rdf/RDFSpeedIT.java","18","0","0","3","140","188","0"
"elasticsearch","4f442497bf90454de4dd9736953e347e90331108","src/main/java/org/elasticsearch/rest/action/cat/RestAllocationAction.java","18","0","0","3","142","189","1"
"elasticsearch","b34f25931343c2c2c69951e5ddfe984816c5a6ea","src/main/java/org/elasticsearch/rest/action/cat/RestAllocationAction.java","18","0","0","3","142","189","2"
"elasticsearch","b35ca1aa751efc551f2e33b9d21be27b5e8dd324","src/main/java/org/elasticsearch/rest/action/cat/RestAllocationAction.java","18","0","0","3","142","189","0"
"elasticsearch","175bda64a026b1a5a33f7e505cf4e17ce9d05c0f","core/src/main/java/org/elasticsearch/action/update/TransportUpdateAction.java","18","0","0","3","193","256","1"
"elasticsearch","578853f264e8ddae5c919b1b7ca35524cb292d62","core/src/main/java/org/elasticsearch/action/update/TransportUpdateAction.java","18","0","0","3","193","256","1"
"elasticsearch","18f57c05cf14a567e453df886a82fb77731da578","core/src/main/java/org/elasticsearch/action/update/TransportUpdateAction.java","18","0","0","3","193","256","0"
"ceylon-ide-eclipse","008f3e9132dcf83bee214182187438276373c8d0","plugins/com.redhat.ceylon.eclipse.ui/src/com/redhat/ceylon/eclipse/code/preferences/CeylonProjectPropertiesPage.java","18","0","0","3","322","364","0"
"hazelcast","fc2b4b3ec49a9a7bc81cfbc491491c758f6e4cc3","hazelcast/src/main/java/com/hazelcast/impl/NodeMulticastListener.java","18","0","0","3","51","73","1"
"mcMMO","9278ca4d27c0211aa886f7f6c4cb206c3cfcc998","src/main/java/com/gmail/nossr50/commands/general/MmoeditCommand.java","18","0","0","3","72","84","0"
"mcMMO","9278ca4d27c0211aa886f7f6c4cb206c3cfcc998","src/main/java/com/gmail/nossr50/commands/general/WhoisCommand.java","18","0","0","3","77","99","0"
"elasticsearch","51d53791fe71c9cb62bc992588a57cdfb500383f","modules/reindex/src/main/java/org/elasticsearch/index/reindex/RestUpdateByQueryAction.java","18","0","0","3","97","133","0"
"orientdb","5499f443102cace2dfa66d6bb93b5715bc0a6393","lucene/src/main/java/com/orientechnologies/lucene/engine/OLuceneFullTextIndexEngine.java","18","0","0","32","263","349","0"
"hazelcast","b7615d8d468561afbeee653b44697d033affd617","hazelcast/src/main/java/com/hazelcast/instance/DefaultNodeExtension.java","18","0","0","32","268","337","1"
"hazelcast","565257f977407eb3a0199d082860209c2958f5f9","hazelcast/src/main/java/com/hazelcast/internal/ascii/TextCommandServiceImpl.java","18","0","0","33","351","414","1"
"hazelcast","b048dce0170cb250971db16f7847e628592086d1","hazelcast/src/main/java/com/hazelcast/internal/ascii/TextCommandServiceImpl.java","18","0","0","33","352","415","1"
"hazelcast","f50f89568cc1ec0152ef2c0f221f8942080ac3b1","hazelcast/src/main/java/com/hazelcast/internal/ascii/TextCommandServiceImpl.java","18","0","0","33","352","415","1"
"hazelcast","564167c1f93b32ce742411106e9ae67eae88a801","hazelcast/src/main/java/com/hazelcast/internal/ascii/TextCommandServiceImpl.java","18","0","0","33","352","415","0"
"hazelcast","d568e4d926d925d57d4e79e34614390416749301","hazelcast/src/main/java/com/hazelcast/instance/DefaultNodeExtension.java","18","0","0","35","278","349","0"
"BroadleafCommerce","170f9cff115e40388b6176e43159c44490603ea1","core/broadleaf-framework/src/main/java/org/broadleafcommerce/core/payment/domain/OrderPaymentImpl.java","18","0","0","37","315","384","2"
"hazelcast","e29b970b16a1b9d36a1e0b9318719b52fffa32d6","hazelcast/src/test/java/com/hazelcast/internal/util/collection/Long2LongMapHsaTest.java","18","0","0","37","359","463","0"
"elasticsearch","952feb58e41bd0220784c44136b840ea4a740e26","core/src/test/java/org/elasticsearch/search/aggregations/bucket/MinDocCountIT.java","18","0","0","39","330","425","1"
"elasticsearch","e7d352b489272a87b05019869857656de7fb82fc","core/src/test/java/org/elasticsearch/search/aggregations/bucket/MinDocCountIT.java","18","0","0","39","331","426","0"
"elasticsearch","423291b6bcdafd736c749ff8eb14bc578d37b6d3","core/src/main/java/org/elasticsearch/index/similarity/SimilarityService.java","18","0","0","4","118","157","0"
"elasticsearch","b771daa3c72b2c42297b93377dc644b7a48d7e42","core/src/test/java/org/elasticsearch/common/lucene/search/function/MinScoreScorerTests.java","18","0","0","4","135","174","0"
"ceylon-ide-eclipse","142affd9309b6c998662ff091c36afbdc286ffe0","plugins/com.redhat.ceylon.eclipse.ui/src/com/redhat/ceylon/eclipse/code/resolve/CeylonHyperlinkDetector.java","18","0","0","4","139","156","0"
"elasticsearch","58bc21a2164e4b8a82df0f4d68f21ea8d209b568","src/test/java/org/elasticsearch/test/unit/cluster/routing/allocation/BalanceConfigurationTests.java","18","0","0","4","226","311","0"
"neo4j","7723d89e6d1d951e8923fb102da0228db2e4e8f9","enterprise/ha/src/test/java/org/neo4j/kernel/ha/cluster/TerminationOfSlavesDuringPullUpdatesTest.java","18","0","0","4","380","467","1"
"neo4j","4f04ee08438d4e1c99095d9d8a9f2ec223af89a9","enterprise/ha/src/test/java/org/neo4j/kernel/ha/cluster/TerminationOfSlavesDuringPullUpdatesTest.java","18","0","0","4","403","491","0"
"elasticsearch","70c334ec01afa90ee92ee8d8c6571aaf6757ff7b","src/main/java/org/elasticsearch/cluster/routing/allocation/decider/ClusterRebalanceAllocationDecider.java","18","0","0","4","67","95","0"
"elasticsearch","1753c49beb8865fbb4cc2683cf17d4bfb94dacf8","core/src/test/java/org/elasticsearch/common/xcontent/BaseXContentTestCase.java","18","0","0","42","673","904","3"
"hazelcast","e11600a8a909758ea6614352ca1848e71219b06f","hazelcast/src/main/java/com/hazelcast/nio/NodeIOService.java","18","0","0","46","278","352","0"
"hazelcast","1f042b8c4a4245594691bb6d85a66ceed9b43068","hazelcast/src/main/java/com/hazelcast/nio/NodeIOService.java","18","0","0","48","282","358","1"
"hazelcast","2921cff694583b8638dae2991f427e61d5440a9d","hazelcast/src/main/java/com/hazelcast/nio/NodeIOService.java","18","0","0","48","283","359","0"
"hazelcast","7852995d46c82d37bf930eea7c7ec5308657e67e","hazelcast/src/main/java/com/hazelcast/nio/NodeIOService.java","18","0","0","48","285","363","0"
"hazelcast","0dcac2107149f1a24af61788b11b53bd49eb4a73","hazelcast/src/main/java/com/hazelcast/nio/NodeIOService.java","18","0","0","49","285","362","0"
"BroadleafCommerce","27ef2467b7432e825811b791c96788f417fc8d4b","core/broadleaf-framework/src/main/java/org/broadleafcommerce/core/workflow/SequenceProcessor.java","18","0","0","5","103","157","0"
"orientdb","2767a54ee6308493e6a69b4b2951d8d2252bfd6b","tests/src/test/java/com/orientechnologies/orient/test/internal/index/IndexUniqueTest.java","18","0","0","5","113","167","0"
"orientdb","7ca7e12870002777c87129551a679bf455b62b68","graphdb/src/main/java/com/orientechnologies/orient/graph/server/command/OServerCommandGetGephi.java","18","0","0","5","122","177","1"
"ceylon-ide-eclipse","b194d5f8a70c06fdf5da27875f20f5a2a2db91ca","plugins/com.redhat.ceylon.eclipse.ui/src/com/redhat/ceylon/eclipse/code/refactor/RenamePackageRefactoringParticipant.java","18","0","0","5","168","192","1"
"elasticsearch","7140d184ab4b46a81459236f83ea86b2c64d1472","plugins/discovery-gce/src/main/java/org/elasticsearch/cloud/gce/GceComputeServiceImpl.java","18","0","0","5","171","254","1"
"hazelcast","2cfcc5e576b15ff0cec6baf0628089fe7f814729","hazelcast/src/main/java/com/hazelcast/map/impl/operation/PostJoinMapOperation.java","18","0","0","5","182","226","0"
"elasticsearch","72982d955aa7129527bb1f2bf6165674f7b4d6d7","src/test/java/org/elasticsearch/test/unit/cluster/routing/allocation/BalanceConfigurationTests.java","18","0","0","5","266","356","0"
"orientdb","8c11feaaa8038bcbd58fddd594b8a88e99d62380","core/src/main/java/com/orientechnologies/orient/core/sql/parser/OUpdateStatement.java","18","0","0","5","85","107","0"
"hazelcast","86b80adb102d46ad1bfdbac4859cf32d6af27669","hazelcast-client/src/main/java/com/hazelcast/client/impl/HazelcastClientInstanceImpl.java","18","0","0","52","432","502","0"
"hazelcast","b4f94a00cf1628aa0437ded2c556bae9608f74c6","hazelcast-client/src/main/java/com/hazelcast/client/impl/HazelcastClientInstanceImpl.java","18","0","0","52","432","502","0"
"hazelcast","23dc01609c7220e3e9784fb94eef7520d17b763b","hazelcast-client/src/main/java/com/hazelcast/client/impl/HazelcastClientInstanceImpl.java","18","0","0","52","432","502","1"
"hazelcast","ed777f64e4d046bb45ae4ee062b463e33526e3ad","hazelcast-client-new/src/main/java/com/hazelcast/client/impl/HazelcastClientInstanceImpl.java","18","0","0","56","455","529","1"
"hazelcast","bb3ea0e107980d769862cdbda748cc91529d67b5","hazelcast-client-new/src/main/java/com/hazelcast/client/impl/HazelcastClientInstanceImpl.java","18","0","0","58","465","541","0"
"hazelcast","a4035afdfc67b757940a15578bc51b4e7b6b0b13","hazelcast-client-new/src/main/java/com/hazelcast/client/impl/HazelcastClientInstanceImpl.java","18","0","0","59","470","547","0"
"hazelcast","d38202141395360399c9cf97d4453adf5b1581e1","hazelcast-client-new/src/main/java/com/hazelcast/client/impl/HazelcastClientInstanceImpl.java","18","0","0","59","471","548","1"
"netty","b701da8d1c79b4a2f02e3ff2d22a31f1bf084d00","microbench/src/main/java/io/netty/microbench/http2/internal/hpack/DecoderULE128Benchmark.java","18","0","0","6","113","157","0"
"hazelcast","47272dcf84997e899c65c6de1b3164f849b6ece3","hazelcast/src/main/java/com/hazelcast/spi/impl/eventservice/impl/EventServiceSegment.java","18","0","0","6","121","156","1"
"hazelcast","145990d6d9ab612af67b4e603815ca23ad518d03","hazelcast/src/main/java/com/hazelcast/spi/impl/eventservice/impl/EventServiceSegment.java","18","0","0","6","126","164","0"
"orientdb","7d92a6b03b707e81490ef22a1fa23a1017918c3d","graphdb/src/test/java/com/tinkerpop/blueprints/impls/orient/OrientGraphMultithreadRemoteTest.java","18","0","0","6","145","183","0"
"elasticsearch","a1c766c75cec4aedde226f6f9d0e0b60e6f40592","core/src/main/java/org/elasticsearch/search/aggregations/metrics/tophits/TopHitsAggregator.java","18","0","0","6","161","202","1"
"hazelcast","565257f977407eb3a0199d082860209c2958f5f9","hazelcast/src/main/java/com/hazelcast/partition/impl/MigrationOperation.java","18","0","0","6","166","208","1"
"elasticsearch","4ac7b02ce7d2c07e1f217788ac676cac1516fc32","src/main/java/org/elasticsearch/indices/cache/filter/IndicesFilterCache.java","18","0","0","6","166","222","1"
"ceylon-ide-eclipse","034391f15be8f6a64ba90641ecaf7581941ff85e","plugins/com.redhat.ceylon.eclipse.ui/src/com/redhat/ceylon/eclipse/core/debug/model/CeylonJDIThread.java","18","0","0","6","183","205","1"
"elasticsearch","6f1ed8a3d1f55b7c2be0ee6deb1aee281a1858f5","modules/transport-netty4/src/test/java/org/elasticsearch/http/netty4/pipelining/Netty4HttpPipeliningHandlerTests.java","18","0","0","6","183","263","1"
"hazelcast","4c22ed73b6dabb441b0c601143aa115c705d0bb5","hazelcast/src/main/java/com/hazelcast/internal/partition/operation/MigrationRequestOperation.java","18","0","0","6","186","242","0"
"elasticsearch","7ab3d5d04a7c6dfef084e49587a81f7334a85cb4","core/src/main/java/org/elasticsearch/search/aggregations/bucket/significant/SignificantTextAggregator.java","18","0","0","6","193","257","2"
"elasticsearch","518cda6637a4480fde5d7dde044dab5b2a0e2936","core/src/main/java/org/elasticsearch/search/aggregations/bucket/significant/SignificantTextAggregator.java","18","0","0","6","194","257","0"
"ceylon-ide-eclipse","ba6da0aea7d37b0995a73d72989a1a3b7d62bed3","plugins/com.redhat.ceylon.eclipse.ui/src/com/redhat/ceylon/eclipse/core/debug/model/CeylonJDIThread.java","18","0","0","6","195","219","0"
"elasticsearch","7fda12316a31f777e01453a43456f6005f94ad4e","src/main/java/org/elasticsearch/search/suggest/completion/AnalyzingCompletionLookupProvider.java","18","0","0","6","228","297","0"
"hazelcast","1d93f4203ba9330cbb98aecc67547cd6d89ebc26","hazelcast-client/src/main/java/com/hazelcast/client/connection/nio/ClientAbstractIOSelector.java","18","0","0","7","127","169","2"
"hazelcast","79ece1c04400d8e52bfd3b66b7ebe73f67be84a8","hazelcast-client/src/main/java/com/hazelcast/client/connection/nio/ClientAbstractIOSelector.java","18","0","0","7","144","196","0"
"neo4j","7723d89e6d1d951e8923fb102da0228db2e4e8f9","community/kernel/src/main/java/org/neo4j/kernel/api/txstate/TransactionCountingStateVisitor.java","18","0","0","7","171","213","2"
"neo4j","4f04ee08438d4e1c99095d9d8a9f2ec223af89a9","community/kernel/src/main/java/org/neo4j/kernel/api/txstate/TransactionCountingStateVisitor.java","18","0","0","7","172","214","1"
"hazelcast","2db57b1347715b9dbdcf5501adea7bd823bf5b7f","hazelcast/src/main/java/com/hazelcast/internal/partition/operation/MigrationRequestOperation.java","18","0","0","7","191","248","1"
"ceylon-ide-eclipse","83af6eee34951a586d4cf9b3d94eb61c1210c5d0","plugins/com.redhat.ceylon.eclipse.ui/src/com/redhat/ceylon/eclipse/core/typechecker/IdePhasedUnit.java","18","0","0","7","98","118","0"
"neo4j","28fdd0643eb2564d5ecbae597164acef798cc32b","community/kernel/src/main/java/org/neo4j/kernel/recovery/LatestCheckPointFinder.java","18","0","0","8","121","162","0"
"elasticsearch","78574d248cf10dad1c5a566fda79e1e0c94afe43","core/src/main/java/org/elasticsearch/action/admin/indices/upgrade/get/UpgradeStatusResponse.java","18","0","0","8","141","182","1"
"elasticsearch","e6aaaf11ed4a1b8f595f920de1840938eddb7a97","core/src/main/java/org/elasticsearch/action/admin/indices/upgrade/get/UpgradeStatusResponse.java","18","0","0","8","141","182","1"
"elasticsearch","a60b8948ba1d836a6eac7cff095519e618939ed8","core/src/main/java/org/elasticsearch/action/admin/indices/upgrade/get/UpgradeStatusResponse.java","18","0","0","8","141","182","0"
"neo4j","5cd87925774e37f1e65429cbda422e5e4f6ff0fb","enterprise/core-edge/src/test/java/org/neo4j/coreedge/scenarios/CoreServerReplicationIT.java","18","0","0","8","276","416","1"
"neo4j","3e2c2af5ca337bfd6f39f058033c183955e4b025","community/bolt/src/main/java/org/neo4j/bolt/v1/runtime/TransactionStateMachine.java","18","0","0","8","305","398","1"
"neo4j","fd06ce499b9b23c2b5e71977356de559be990c8d","community/bolt/src/main/java/org/neo4j/bolt/v1/runtime/TransactionStateMachine.java","18","0","0","8","318","408","0"
"ceylon-ide-eclipse","19348339b0484c476b6934f72fba4bb83fb44da3","plugins/com.redhat.ceylon.eclipse.ui/src/com/redhat/ceylon/eclipse/code/navigator/ExternalModuleNode.java","18","0","0","8","82","94","1"
"netty","1856ab3a3516435f5481ff9a3a06233b849b46e7","resolver-dns/src/test/java/io/netty/resolver/dns/DnsNameResolverTest.java","18","0","0","9","360","453","1"
"neo4j","e6f84e88fecffdd2dd28e4ee978d77df94914908","enterprise/ha/src/test/java/org/neo4j/kernel/api/SchemaIndexHaIT.java","18","0","0","9","463","609","1"
"neo4j","6b75a9235ea38e0c47caacd25cc919023c0c958b","enterprise/ha/src/test/java/org/neo4j/kernel/api/SchemaIndexHaIT.java","18","0","0","9","465","611","0"
"hazelcast","f2822427f5d349784b7b746e5183419e9e7c6f08","hazelcast/src/main/java/com/hazelcast/query/SortedIndexStore.java","18","0","0","9","82","114","1"
"hazelcast","f037df903225ed43b334b83fcc3a038db05b6124","hazelcast/src/main/java/com/hazelcast/query/UnsortedIndexStore.java","18","0","0","9","87","114","0"
"elasticsearch","cb0824e957dcb7a20e8450f97283874eb61b9abe","core/src/main/java/org/elasticsearch/action/support/nodes/TransportNodesAction.java","18","0","1","0","198","282","0"
"elasticsearch","1863ab95f862294db7d105717656bd6452eef9d9","core/src/main/java/org/elasticsearch/action/support/nodes/TransportNodesAction.java","18","0","1","0","207","289","1"
"elasticsearch","371c73e14023917f3892090d2d3d7ff9ac1216b9","core/src/main/java/org/elasticsearch/action/support/nodes/TransportNodesAction.java","18","0","1","0","211","293","3"
"elasticsearch","78574d248cf10dad1c5a566fda79e1e0c94afe43","core/src/main/java/org/elasticsearch/action/support/nodes/TransportNodesAction.java","18","0","1","0","211","293","2"
"elasticsearch","e6aaaf11ed4a1b8f595f920de1840938eddb7a97","core/src/main/java/org/elasticsearch/action/support/nodes/TransportNodesAction.java","18","0","1","0","211","293","2"
"elasticsearch","a60b8948ba1d836a6eac7cff095519e618939ed8","core/src/main/java/org/elasticsearch/action/support/nodes/TransportNodesAction.java","18","0","1","0","211","293","0"
"elasticsearch","fc1696822fa2444a89e8ddcff145a8ed4d8217a3","core/src/main/java/org/elasticsearch/action/support/nodes/TransportNodesAction.java","18","0","1","0","211","293","0"
"elasticsearch","148fd3f8912fc2ea9e51398aa1de485dc207497c","core/src/main/java/org/elasticsearch/action/support/nodes/TransportNodesAction.java","18","0","1","0","213","295","1"
"netty","83dcf829d6d46112f09097a3b81393b5c5805f97","transport/src/main/java/io/netty/channel/nio/AbstractNioMessageChannel.java","18","0","1","0","85","131","0"
"mcMMO","d0c0b9a089d3b99e7fe68740860fef2d0275613f","src/main/java/com/gmail/nossr50/commands/general/AddxpCommand.java","18","0","1","1","105","128","0"
"netty","869687bd711e1358367203526128d9a2ad90663a","transport/src/main/java/io/netty/channel/oio/OioByteStreamChannel.java","18","0","1","1","122","169","0"
"BroadleafCommerce","6d0bcb2414cc6cc3c7f0477dc197ef425dac623d","admin/broadleaf-open-admin-platform/src/main/java/org/broadleafcommerce/openadmin/server/factory/PersistencePackageFactoryImpl.java","18","0","1","1","132","180","0"
"elasticsearch","00c035f88c1a161ea831c6a7d28d421a5d50a38c","src/main/java/org/elasticsearch/action/admin/indices/cache/clear/TransportClearIndicesCacheAction.java","18","0","1","1","136","184","1"
"elasticsearch","5c90e5f9404dae9b5119586731582ad2c44b44c7","src/main/java/org/elasticsearch/action/admin/indices/cache/clear/TransportClearIndicesCacheAction.java","18","0","1","1","137","185","1"
"elasticsearch","e96e634d1005ec47660607f4f2b14f26f5283503","src/main/java/org/elasticsearch/action/search/type/TransportSearchQueryThenFetchAction.java","18","0","1","1","163","205","1"
"elasticsearch","d44bed5f483779d9b1d148d6637d943312d68c5a","src/main/java/org/elasticsearch/action/admin/cluster/settings/TransportClusterUpdateSettingsAction.java","18","0","1","1","164","227","4"
"elasticsearch","342a32fb165df369802bd35be3bf614af42ff6ff","src/main/java/org/elasticsearch/action/search/type/TransportSearchQueryThenFetchAction.java","18","0","1","1","165","208","0"
"elasticsearch","f71c9a25a182f05a7b54f3b773921b763981c2a5","core/src/main/java/org/elasticsearch/action/admin/indices/upgrade/post/TransportUpgradeAction.java","18","0","1","1","175","233","0"
"elasticsearch","13805c2a23763da08a15c5f1de618edb95d340dc","core/src/main/java/org/elasticsearch/action/admin/cluster/node/tasks/cancel/TransportCancelTasksAction.java","18","0","1","1","225","290","1"
"elasticsearch","2bd09c4625898d77aa6c015c6f82cf973ed18cb7","core/src/main/java/org/elasticsearch/action/admin/cluster/node/tasks/cancel/TransportCancelTasksAction.java","18","0","1","1","225","290","1"
"elasticsearch","3d13c27fa0df12018f35f1b20987c90277e9b6f9","core/src/main/java/org/elasticsearch/action/admin/cluster/node/tasks/cancel/TransportCancelTasksAction.java","18","0","1","1","225","290","2"
"elasticsearch","78574d248cf10dad1c5a566fda79e1e0c94afe43","core/src/main/java/org/elasticsearch/action/admin/cluster/node/tasks/cancel/TransportCancelTasksAction.java","18","0","1","1","225","290","1"
"elasticsearch","e6aaaf11ed4a1b8f595f920de1840938eddb7a97","core/src/main/java/org/elasticsearch/action/admin/cluster/node/tasks/cancel/TransportCancelTasksAction.java","18","0","1","1","225","290","1"
"elasticsearch","25fd9e26c4fb042d6f6dea14efcd239577bdbbc4","core/src/main/java/org/elasticsearch/action/admin/cluster/node/tasks/cancel/TransportCancelTasksAction.java","18","0","1","1","225","290","0"
"elasticsearch","56cc87b7ccd41040d8fafcaf2da3680d96d10839","core/src/main/java/org/elasticsearch/action/admin/cluster/node/tasks/cancel/TransportCancelTasksAction.java","18","0","1","1","225","290","0"
"elasticsearch","6d0efae7139401f497e6cd4ab329fba82dd922bf","core/src/main/java/org/elasticsearch/action/admin/cluster/node/tasks/cancel/TransportCancelTasksAction.java","18","0","1","1","225","290","0"
"elasticsearch","a60b8948ba1d836a6eac7cff095519e618939ed8","core/src/main/java/org/elasticsearch/action/admin/cluster/node/tasks/cancel/TransportCancelTasksAction.java","18","0","1","1","225","290","0"
"elasticsearch","06a50fa31ebb5e753010d863a1ca8d2066bf82c4","core/src/main/java/org/elasticsearch/action/admin/cluster/node/tasks/cancel/TransportCancelTasksAction.java","18","0","1","1","227","292","3"
"elasticsearch","4b94eb5cb8cc4294ed0e932a5f22c16bd90d4dd7","core/src/main/java/org/elasticsearch/action/admin/cluster/node/tasks/cancel/TransportCancelTasksAction.java","18","0","1","1","227","292","3"
"elasticsearch","860efb2ad28db09189c8423e05d0dba53010259c","core/src/main/java/org/elasticsearch/action/admin/cluster/node/tasks/cancel/TransportCancelTasksAction.java","18","0","1","1","227","292","3"
"elasticsearch","d3417fb02291f26964d77767020ef345d18c148f","core/src/main/java/org/elasticsearch/action/admin/cluster/node/tasks/cancel/TransportCancelTasksAction.java","18","0","1","1","227","292","0"
"titan","5f904d746f517fc714368c0258df4fd545e3829f","titan-core/src/main/java/com/thinkaurelius/titan/graphdb/relations/CacheEdge.java","18","0","1","10","108","143","0"
"hazelcast","789fec3a6e311f2b7e0375c14c84bee28393ab89","hazelcast/src/main/java/com/hazelcast/query/impl/CachedQueryEntry.java","18","0","1","10","116","152","1"
"elasticsearch","01b18ad219933679256753fa8639c37d11cac1ff","src/main/java/org/elasticsearch/search/aggregations/metrics/stats/StatsAggegator.java","18","0","1","10","121","164","0"
"elasticsearch","1e2919b03d067036cb2fceeff7b39b9fb278c86e","core/src/main/java/org/elasticsearch/common/lucene/search/function/FunctionScoreQuery.java","18","0","1","10","159","213","1"
"hazelcast","8400f6fd7b97afcbbe09b54db3ce2cb315945a3e","hazelcast-client/src/main/java/com/hazelcast/client/spi/impl/listener/ClientSmartListenerService.java","18","0","1","10","172","218","2"
"hazelcast","7656a31525a04c7cddd282262376092e48384854","hazelcast-client-legacy/src/main/java/com/hazelcast/client/spi/impl/listener/ClientSmartListenerService.java","18","0","1","10","175","221","0"
"hazelcast","dfde0ce89c3c11629fe62b7eba3a8e6b2bbe6e6c","hazelcast/src/main/java/com/hazelcast/internal/partition/operation/PromotionCommitOperation.java","18","0","1","10","193","255","2"
"hazelcast","cdb79123049c210b290c83e5b03553ed1b29c05f","hazelcast/src/main/java/com/hazelcast/internal/partition/operation/PromotionCommitOperation.java","18","0","1","10","197","259","2"
"hazelcast","2db57b1347715b9dbdcf5501adea7bd823bf5b7f","hazelcast/src/main/java/com/hazelcast/internal/partition/operation/PromotionCommitOperation.java","18","0","1","10","199","261","1"
"elasticsearch","dabbefd311c8ba7e8ec6e88efa94d07bad255b44","src/test/java/org/elasticsearch/gateway/local/LocalGatewayIndexStateTests.java","18","0","1","10","415","574","0"
"elasticsearch","7ca2ef9b93fc9421e860453de50961e90398f6f4","src/test/java/org/elasticsearch/search/aggregations/bucket/NestedTests.java","18","0","1","10","460","541","0"
"orientdb","7714495a75dd494934a6cfa3c422763d92a19239","distributed/src/main/java/com/orientechnologies/orient/server/distributed/impl/task/OSyncDatabaseTask.java","18","0","1","11","162","241","0"
"orientdb","b99ef4dc718c6843428505e90b75ec47566fedae","distributed/src/main/java/com/orientechnologies/orient/server/distributed/impl/task/OSyncDatabaseTask.java","18","0","1","11","162","242","1"
"hazelcast","b3a45d9908bab4174b09d59385a02ff3ed7eada1","hazelcast/src/main/java/com/hazelcast/cache/impl/record/CacheRecordHashMap.java","18","0","1","11","166","220","1"
"orientdb","cc0a317b054f936099eb2628cc720148b99d219a","distributed/src/main/java/com/orientechnologies/orient/server/distributed/impl/task/OSyncClusterTask.java","18","0","1","11","190","266","0"
"hazelcast","4b37b0ebf8a268dba38bcdd279b2ad087568b60a","hazelcast/src/main/java/com/hazelcast/map/impl/operation/EntryOperation.java","18","0","1","11","196","268","0"
"hazelcast","7238d253f0ff418297bd9fd4e8939c8a8a611ade","hazelcast/src/main/java/com/hazelcast/map/impl/operation/EntryOperation.java","18","0","1","11","196","268","0"
"hazelcast","5ca2eb7270cb2ae320c78e06be394586b0f1e902","hazelcast/src/main/java/com/hazelcast/map/impl/operation/EntryOperation.java","18","0","1","11","196","268","1"
"elasticsearch","d4d227ba6b0d9598438cb793ef19295f16e20fc2","modules/elasticsearch/src/main/java/org/elasticsearch/threadpool/ThreadPool.java","18","0","1","11","219","286","0"
"elasticsearch","c7c0faa54ddda8134aa23d54d07bed43b24a1817","core/src/test/java/org/elasticsearch/search/aggregations/bucket/NestedIT.java","18","0","1","11","586","669","0"
"hazelcast","02f9bd52035dad6991901e12673ec1caf776f8ed","hazelcast/src/main/java/com/hazelcast/query/impl/predicates/OrPredicate.java","18","0","1","12","129","167","1"
"elasticsearch","3c233347b88cfcca594924bbbe3ff1b724831196","modules/elasticsearch/src/main/java/org/elasticsearch/index/gateway/local/LocalIndexShardGateway.java","18","0","1","12","144","206","0"
"orientdb","7e6d055e47b83730ea6afea09b9001e7a784ac0f","distributed/src/main/java/com/orientechnologies/orient/server/distributed/impl/task/OSyncDatabaseTask.java","18","0","1","12","169","248","1"
"orientdb","29d37a5ee2ae1a5f254235d5b01b8925618ebdb8","distributed/src/main/java/com/orientechnologies/orient/server/distributed/impl/task/OSyncDatabaseTask.java","18","0","1","12","170","250","0"
"hazelcast","7ce2d102506fe8fb32f73d1de76828c68a7ddd17","hazelcast/src/main/java/com/hazelcast/map/impl/operation/EntryOperation.java","18","0","1","12","201","274","2"
"elasticsearch","95d40758c2984b2396164bfb5712331b588c6118","plugins/repository-azure/src/main/java/org/elasticsearch/cloud/azure/storage/AzureStorageServiceImpl.java","18","0","1","12","210","341","2"
"elasticsearch","706067211ae880bbe4669286ee976552e8a60446","plugins/repository-azure/src/main/java/org/elasticsearch/cloud/azure/storage/AzureStorageServiceImpl.java","18","0","1","12","213","336","0"
"elasticsearch","ba1042e7d19b2d197c7c9f449f97d2edf1b1ed91","src/test/java/org/elasticsearch/search/aggregations/bucket/TopHitsTests.java","18","0","1","12","422","497","0"
"elasticsearch","3274e7ea6fd74073c30e5194c3447b1707e8b708","src/test/java/org/elasticsearch/search/aggregations/bucket/TopHitsTests.java","18","0","1","12","430","507","1"
"elasticsearch","4975422a358cd72b63624f70bf117f7ca4d6e59d","core/src/main/java/org/elasticsearch/index/mapper/internal/TypeFieldMapper.java","18","0","1","13","170","228","0"
"elasticsearch","22720a1abd4e88cd0c3c860bc0774d1286e2e4d4","src/main/java/org/elasticsearch/search/aggregations/metrics/stats/extended/InternalExtendedStats.java","18","0","1","14","160","214","1"
"elasticsearch","1584c73e4a85037ce83744a384805f234b288548","src/main/java/org/elasticsearch/search/aggregations/metrics/stats/InternalStats.java","18","0","1","14","162","210","1"
"elasticsearch","01b18ad219933679256753fa8639c37d11cac1ff","src/main/java/org/elasticsearch/search/aggregations/metrics/stats/InternalStats.java","18","0","1","14","165","216","0"
"orientdb","ce730084aa5f7cde8321f5f9913349040d5b5425","server/src/main/java/com/orientechnologies/orient/server/distributed/task/OSyncDatabaseTask.java","18","0","1","14","184","263","0"
"orientdb","5cec9f425f08e9094575a870208daac4cf2bd327","server/src/main/java/com/orientechnologies/orient/server/distributed/task/OSyncDatabaseTask.java","18","0","1","14","186","267","1"
"orientdb","1204e550b5780279b713170a9fafe5f1932083cb","server/src/main/java/com/orientechnologies/orient/server/distributed/task/OSyncDatabaseTask.java","18","0","1","14","188","270","0"
"elasticsearch","7c27d53ee15b4fd411b71a049a204d826960c910","src/main/java/org/elasticsearch/cloud/azure/Instance.java","18","0","1","14","73","114","1"
"elasticsearch","68c1dd771cf103b947e18ba40e80defb8d2e736f","modules/elasticsearch/src/main/java/org/elasticsearch/common/lucene/all/AllEntries.java","18","0","1","16","147","198","0"
"neo4j","35d3cb44745adf7b5eddd36250fb71248143ded9","enterprise/backup/src/test/java/org/neo4j/backup/BackupServiceIT.java","18","0","1","16","607","813","0"
"elasticsearch","2713549533bdeb944c436e1d0f2f199a2ef8b2b6","core/src/test/java/org/elasticsearch/index/engine/ShadowEngineTests.java","18","0","1","16","758","994","0"
"hazelcast","8f419459821e2d7e744122b4b3a9482e6fc0ebb2","hazelcast/src/test/java/com/hazelcast/test/TestPartitionUtils.java","18","0","1","17","170","206","0"
"elasticsearch","d7dbb2b59587ba3b8d79755ed2d02ad019143df8","modules/lang-groovy/src/main/java/org/elasticsearch/script/groovy/GroovyScriptEngineService.java","18","0","1","17","238","361","1"
"BroadleafCommerce","854b43917ca9c48eb47e129833add3a92f413ff6","admin/broadleaf-open-admin-platform/src/main/java/org/broadleafcommerce/openadmin/server/service/persistence/module/criteria/CriteriaTranslatorImpl.java","18","0","1","2","106","145","0"
"BroadleafCommerce","c60b27b5e87385a5ef951c93e5a55ad41755e45b","admin/broadleaf-contentmanagement-module/src/main/java/org/broadleafcommerce/cms/admin/server/handler/PendingSandBoxItemCustomPersistenceHandler.java","18","0","1","2","108","144","1"
"orientdb","46bbcabde62c2b9e61ebaf45dc23f16d9dee7f02","server/src/main/java/com/orientechnologies/orient/server/network/protocol/http/command/post/OServerCommandPostAuthToken.java","18","0","1","2","120","160","1"
"netty","082b5f0dff8de1c1e5e830a7c2346f6794ca239a","codec-http/src/main/java/io/netty/handler/codec/http/HttpContentDecoder.java","18","0","1","2","120","209","0"
"orientdb","136db63960bbf53514691bf5a0bb8361a5ea5361","server/src/main/java/com/orientechnologies/orient/server/network/protocol/http/command/post/OServerCommandPostAuthToken.java","18","0","1","2","121","161","0"
"hazelcast","b0dd6a42ad98ddc9143e5ee580822bd8476f435c","hazelcast/src/main/java/com/hazelcast/map/eviction/ExpirationManager.java","18","0","1","2","139","187","2"
"elasticsearch","de243493c9a31354d742c34a66817e8a06798026","src/main/java/org/elasticsearch/index/translog/TranslogService.java","18","0","1","2","142","204","0"
"hazelcast","62636a2a007993d2b24d665033e0abaaeabf0108","hazelcast/src/main/java/com/hazelcast/map/impl/mapstore/writebehind/StoreWorker.java","18","0","1","2","145","210","2"
"hazelcast","287ce2a807b5697e12a97529d63fa3387e06aace","hazelcast/src/main/java/com/hazelcast/map/impl/mapstore/writebehind/StoreWorker.java","18","0","1","2","153","220","0"
"hazelcast","1c090ad87906d51892a32c2aa0a32d34002298ec","hazelcast/src/main/java/com/hazelcast/map/impl/mapstore/writebehind/StoreWorker.java","18","0","1","2","156","223","1"
"elasticsearch","459a05168c7577134ab4b4e5131ee81a0dc81fe0","src/test/java/org/elasticsearch/threadpool/SimpleThreadPoolTests.java","18","0","1","2","162","206","1"
"elasticsearch","68046b64c26384a53e65a4afae5987ebb3e87c9d","src/test/java/org/elasticsearch/recovery/RelocationTests.java","18","0","1","2","164","212","1"
"hazelcast","a11ab1fbf0a9b8aebfed4404415725cb51327fa7","hazelcast/src/main/java/com/hazelcast/map/impl/mapstore/writebehind/StoreWorker.java","18","0","1","2","169","243","3"
"hazelcast","e73264b05e9bb0bd0fc066ced6a31be5dfe9be6f","hazelcast/src/main/java/com/hazelcast/map/impl/mapstore/writebehind/StoreWorker.java","18","0","1","2","172","261","1"
"hazelcast","f3f750f1b47f0460d68c5518d2059da0b8df14bf","hazelcast/src/main/java/com/hazelcast/map/impl/mapstore/writebehind/StoreWorker.java","18","0","1","2","177","270","2"
"hazelcast","7133b2a84b4c97cf46f2584f1f608563a94b9e5b","hazelcast/src/test/java/com/hazelcast/ascii/RestTest.java","18","0","1","2","184","257","0"
"hazelcast","12830cf4db72fc7d71edd8a20ee15fba533ab6a8","hazelcast/src/test/java/com/hazelcast/test/SplitBrainTestSupport.java","18","0","1","2","221","328","1"
"elasticsearch","24a7b7224bd834eb57d1026ceb0c455b8c48a206","core/src/test/java/org/elasticsearch/cluster/routing/RandomShardRoutingMutator.java","18","0","1","2","54","83","0"
"elasticsearch","5d6e84f206c85476d25e4b26e7998db2067e3bac","modules/elasticsearch/src/main/java/org/elasticsearch/search/facet/geodistance/ValueGeoDistanceFacetCollector.java","18","0","1","2","74","109","1"
"elasticsearch","9077bb6528f843ca8042ff95f8fac47140ef5aa1","modules/elasticsearch/src/main/java/org/elasticsearch/search/facets/geodistance/ValueGeoDistanceFacetCollector.java","18","0","1","2","76","112","0"
"elasticsearch","05283c7f6dae821570e006e722614eb44a984547","plugins/cloud/aws/src/main/java/org/elasticsearch/cloud/aws/AwsEc2Service.java","18","0","1","2","80","118","0"
"elasticsearch","09bc3b90e7e6546d0950ff24cc38257e0f9126d3","modules/elasticsearch/src/main/java/org/elasticsearch/common/xcontent/json/JsonXContentParser.java","18","0","1","21","120","172","0"
"orientdb","e8a50f5feaa01b99a4fbf4f558dd0b6c8f16d3b6","tests/src/test/java/com/orientechnologies/orient/test/database/auto/SQLInsertTest.java","18","0","1","21","409","548","2"
"hazelcast","8934589035acc7388d93bba2e74b99b37a1f3731","hazelcast/src/main/java/com/hazelcast/nio/Address.java","18","0","1","22","139","196","1"
"hazelcast","aca164603e7b273913597d0027b7ec791fe6f846","hazelcast/src/main/java/com/hazelcast/nio/Address.java","18","0","1","22","145","202","0"
"BroadleafCommerce","e216da5ebb303680f5c60ffcd75979f5876ab5a6","common/src/main/java/org/broadleafcommerce/common/site/domain/SiteImpl.java","18","0","1","22","231","300","0"
"BroadleafCommerce","dcf4f5a34f5824533a90d2331f17861ab7853074","common/src/main/java/org/broadleafcommerce/common/site/domain/SiteImpl.java","18","0","1","22","233","303","1"
"elasticsearch","b612cab96a025d9d28e3c9f6fde7bac1719e5be1","core/src/test/java/org/elasticsearch/deps/joda/SimpleJodaTests.java","18","0","1","22","543","734","0"
"orientdb","02ac677170df8ac7ea44599b30aba0788cf53d00","tests/src/test/java/com/orientechnologies/orient/test/database/auto/SQLInsertTest.java","18","0","1","23","443","589","1"
"hazelcast","70d4de16ff0ac4518d09aad8c9f2ad9e782fb337","hazelcast/src/main/java/com/hazelcast/client/impl/ClientEndpointImpl.java","18","0","1","24","203","255","1"
"hazelcast","c8b4bf0b31e09fb2c832fd6c2f63b99b30cbcdb2","hazelcast/src/main/java/com/hazelcast/queue/QueueService.java","18","0","1","24","239","293","1"
"hazelcast","51394bc1bdb7ac6fa02b80d6855b6520bf2ea9c3","hazelcast/src/main/java/com/hazelcast/nio/tcp/TcpIpConnection.java","18","0","1","25","169","238","0"
"hazelcast","3187877a380d3982ed060399adb1a86b68e7c46c","hazelcast/src/main/java/com/hazelcast/nio/tcp/TcpIpConnection.java","18","0","1","25","169","239","2"
"hazelcast","545d77374f383f61170ce2b72524d45e085b7d0e","hazelcast/src/main/java/com/hazelcast/nio/tcp/TcpIpConnection.java","18","0","1","25","169","239","2"
"hazelcast","6fb03e855d1411dc84a4256ea2ba1c892c5aaa9a","hazelcast/src/main/java/com/hazelcast/nio/tcp/TcpIpConnection.java","18","0","1","25","169","239","1"
"hazelcast","e2d9fdddfd341f23547960712eca30d12e660600","hazelcast/src/main/java/com/hazelcast/nio/tcp/TcpIpConnection.java","18","0","1","25","169","239","0"
"hazelcast","6d83ecd6f1f6d1136d5e2ecf98052d33c68f49f8","hazelcast-client/src/test/java/com/hazelcast/client/map/ClientMapTest.java","18","0","1","27","386","483","0"
"elasticsearch","507b6a6e8c259535f82912211058467df3c68a8f","src/test/java/org/elasticsearch/search/suggest/CompletionSuggestSearchTests.java","18","0","1","27","652","812","1"
"elasticsearch","714aaa40eadf2c392b53efd11fc629adb5cf9014","src/test/java/org/elasticsearch/search/suggest/CompletionSuggestSearchTests.java","18","0","1","27","653","813","0"
"elasticsearch","999bec12431a51de67edc7745d8e0ce7d4cdaf79","src/main/java/org/elasticsearch/index/fielddata/fieldcomparator/BytesRefFieldComparatorSource.java","18","0","1","3","154","212","2"
"hazelcast","0880710f355f33d03b8d928ec9d22a0ff4f1ca52","hazelcast/src/test/java/com/hazelcast/map/impl/nearcache/NearCacheStaleReadTest.java","18","0","1","3","175","241","2"
"elasticsearch","164efaecbe42195f08ada58b5fde927ab21fc6e7","core/src/test/java/org/elasticsearch/threadpool/SimpleThreadPoolIT.java","18","0","1","3","176","224","0"
"titan","310af27dbd22377fa2bd9597d3a61227977918d2","titan-core/src/main/java/com/thinkaurelius/titan/graphdb/database/idassigner/StandardIDPool.java","18","0","1","3","187","244","1"
"hazelcast","6f750e941eb21ff33c45285b170151dd408b409d","hazelcast/src/test/java/com/hazelcast/ascii/RestTest.java","18","0","1","3","203","277","0"
"elasticsearch","5610d90c2d479fba03b3def2fc7357942d2be72d","modules/elasticsearch/src/main/java/org/elasticsearch/index/query/support/QueryParsers.java","18","0","1","3","72","102","0"
"elasticsearch","a7779d8e1d4af96b6c461e0e2341ac7699610067","src/main/java/org/elasticsearch/index/query/TermQueryParser.java","18","0","1","3","79","114","2"
"elasticsearch","7ab0e2c5321c802068d85c0fa3a0f44e0b02c5a4","core/src/main/java/org/elasticsearch/index/query/OrQueryParser.java","18","0","1","3","82","116","1"
"elasticsearch","94d64c0be430057e93565e4a36515a38858d35c0","src/main/java/org/elasticsearch/index/query/TopChildrenQueryParser.java","18","0","1","3","85","123","0"
"BroadleafCommerce","e216da5ebb303680f5c60ffcd75979f5876ab5a6","common/src/main/java/org/broadleafcommerce/common/persistence/transaction/LifecycleAwareJpaTransactionManager.java","18","0","1","3","93","135","0"
"hazelcast","fcb85d5ce8c3887b875376ea1f986c03201d9f7c","hazelcast-client-new/src/main/java/com/hazelcast/client/proxy/ClientMultiMapProxy.java","18","0","1","30","397","490","0"
"hazelcast","0b99990c091b2e5235b2c7a72b4550327db4260c","hazelcast-client-new/src/main/java/com/hazelcast/client/proxy/ClientMultiMapProxy.java","18","0","1","31","388","481","2"
"hazelcast","ccc4cf5c5afe3eadfdb39332f605f2157820ee89","hazelcast-client-new/src/main/java/com/hazelcast/client/proxy/ClientMultiMapProxy.java","18","0","1","31","397","491","1"
"hazelcast","08e659f992761d79cd0342e77ce17ddb62e33295","hazelcast-client-new/src/main/java/com/hazelcast/client/proxy/ClientMultiMapProxy.java","18","0","1","31","409","503","1"
"hazelcast","97bb74d78cd1e0af68a1390defa30fc956da8390","hazelcast-client-new/src/main/java/com/hazelcast/client/proxy/ClientMultiMapProxy.java","18","0","1","31","409","503","1"
"hazelcast","bc945190541c07a740026d0e1d81368a2d79d78e","hazelcast-client-new/src/main/java/com/hazelcast/client/proxy/ClientMultiMapProxy.java","18","0","1","31","409","503","1"
"hazelcast","fa455733da9772e9107eb60b3fe55a17601be38b","hazelcast-client-new/src/main/java/com/hazelcast/client/proxy/ClientMultiMapProxy.java","18","0","1","31","409","503","0"
"hazelcast","9fa8002b3687a624b7d7e98d33b273a679c9f50e","hazelcast/src/main/java/com/hazelcast/map/impl/SimpleEntryView.java","18","0","1","32","204","271","1"
"elasticsearch","06b1d956f80912aaad4d367398a21e7744e67410","core/src/main/java/org/elasticsearch/index/search/stats/SearchStats.java","18","0","1","33","268","345","0"
"elasticsearch","ee857bc07302b5bfcb327b3be9d07d9c6de28254","src/test/java/org/elasticsearch/aliases/IndexAliasesTests.java","18","0","1","34","804","1003","4"
"elasticsearch","a7b2bdca4c8779e1fca6d89db8967233e42136ec","src/test/java/org/elasticsearch/aliases/IndexAliasesTests.java","18","0","1","34","808","1007","6"
"elasticsearch","7dab7ab585106389f88c6e2e8fb864b2b34c8176","src/test/java/org/elasticsearch/test/integration/search/query/SimpleQueryTests.java","18","0","1","37","1319","1604","0"
"elasticsearch","c3ab79a10e64291361d2be6fc5e20002352c3aed","src/test/java/org/elasticsearch/search/query/SimpleQueryTests.java","18","0","1","37","1337","1621","5"
"BroadleafCommerce","35fc9949359b047d4c18fbc6045f42d4143184a3","admin/broadleaf-open-admin-platform/src/main/java/org/broadleafcommerce/openadmin/server/service/persistence/validation/EntityValidatorServiceImpl.java","18","0","1","4","113","170","2"
"BroadleafCommerce","90907102eb902a0de48b8bd33d8688620c3c265d","admin/broadleaf-open-admin-platform/src/main/java/org/broadleafcommerce/openadmin/server/service/persistence/module/provider/MapFieldPersistenceProvider.java","18","0","1","4","114","145","0"
"elasticsearch","7d8726a5e81ba5c3d42182ffdb6b1d413a025b9f","modules/elasticsearch/src/test/java/org/elasticsearch/cluster/routing/allocation/SingleShardNoReplicasRoutingTests.java","18","0","1","4","325","412","0"
"hazelcast","672424ae3e81b7dff16a562e99f25ca8745ac130","hazelcast-client/src/main/java/com/hazelcast/client/HazelcastClient.java","18","0","1","43","330","408","0"
"hazelcast","afc28992186abaa24b0eca905d475364029eea86","hazelcast-client/src/main/java/com/hazelcast/client/HazelcastClient.java","18","0","1","43","331","410","1"
"hazelcast","f2a828174cc36ed790c0e5897176cbe30a7711af","hazelcast-client/src/main/java/com/hazelcast/client/HazelcastClient.java","18","0","1","43","337","416","0"
"hazelcast","eccd88a1cc7582afef1872575ab14896461794ac","hazelcast-client/src/main/java/com/hazelcast/client/HazelcastClient.java","18","0","1","43","337","417","0"
"elasticsearch","49bdd29f91eb3568a8bac28e043f422a208104d1","core/src/test/java/org/elasticsearch/common/xcontent/BaseXContentTestCase.java","18","0","1","49","769","1041","1"
"hazelcast","50bebee545427d3b6d15fed40d5d89bdc90b7bbe","hazelcast/src/main/java/com/hazelcast/map/operation/MapReplicationOperation.java","18","0","1","5","120","157","1"
"hazelcast","be6b614bceae0babd1ba43561e48d726dfe2e744","hazelcast/src/main/java/com/hazelcast/map/operation/MapReplicationOperation.java","18","0","1","5","120","157","3"
"hazelcast","5363a25694db45ffa53f4625542fb7fadc8bc8ae","hazelcast/src/main/java/com/hazelcast/map/operation/MapReplicationOperation.java","18","0","1","5","120","157","0"
"hazelcast","3f962325e45b39478bde681d9bd3aa3679ba99a2","hazelcast/src/main/java/com/hazelcast/map/operation/MapReplicationOperation.java","18","0","1","5","125","165","4"
"BroadleafCommerce","1d15cca076911fd3198d7676d4f88de1df304a52","admin/broadleaf-open-admin-platform/src/main/java/org/broadleafcommerce/openadmin/server/security/handler/AdminUserCustomPersistenceHandler.java","18","0","1","5","128","187","2"
"BroadleafCommerce","9926e56c46a3c11977595fe83b0b411f79c93848","admin/broadleaf-open-admin-platform/src/main/java/org/broadleafcommerce/openadmin/server/security/handler/AdminUserCustomPersistenceHandler.java","18","0","1","5","129","188","2"
"elasticsearch","35f6496694a6bd71977765e0ebfa09ba8fc09854","src/main/java/org/elasticsearch/common/util/concurrent/PrioritizedEsThreadPoolExecutor.java","18","0","1","5","159","221","0"
"hazelcast","1f042b8c4a4245594691bb6d85a66ceed9b43068","hazelcast/src/main/java/com/hazelcast/util/PhoneHome.java","18","0","1","5","167","213","1"
"hazelcast","485f426abc042144ebf9fd213e724556ad967191","hazelcast/src/main/java/com/hazelcast/util/PhoneHome.java","18","0","1","5","167","213","2"
"hazelcast","51bdf8a403e085bb80d7dfad88cfd3a816bfaec8","hazelcast/src/main/java/com/hazelcast/util/PhoneHome.java","18","0","1","5","167","213","2"
"hazelcast","8d373b62327a5c012a5b8f2bad456311df03bf61","hazelcast/src/main/java/com/hazelcast/util/PhoneHome.java","18","0","1","5","167","213","2"
"hazelcast","2921cff694583b8638dae2991f427e61d5440a9d","hazelcast/src/main/java/com/hazelcast/util/PhoneHome.java","18","0","1","5","167","213","0"
"elasticsearch","cc9957fe0eff81b8e557534609b278e369c4ba33","src/main/java/org/elasticsearch/search/fetch/matchedqueries/MatchedQueriesFetchSubPhase.java","18","0","1","5","99","135","1"
"elasticsearch","3ce7b119d28e7d1be7284bd804606a65c2d1a383","core/src/test/java/org/elasticsearch/common/xcontent/BaseXContentTestCase.java","18","0","1","50","783","1060","0"
"orientdb","375c51054059489374d739f25fc830f6025c5326","core/src/main/java/com/orientechnologies/orient/core/storage/impl/local/paginated/atomicoperations/OAtomicOperationsManager.java","18","0","1","6","109","169","0"
"orientdb","b97c50204858b46f2af98c48a331a456120008b9","core/src/main/java/com/orientechnologies/orient/core/storage/impl/local/paginated/atomicoperations/OAtomicOperationsManager.java","18","0","1","6","112","174","0"
"BroadleafCommerce","9b556e9914c84a41ae10f07813ea46a5d2023f27","core/broadleaf-framework-web/src/main/java/org/broadleafcommerce/core/web/order/security/CartStateRequestProcessor.java","18","0","1","6","120","197","3"
"orientdb","a2eaf6636bb600c7e6d311b0bb7d112bbaafb4a0","etl/src/main/java/com/orientechnologies/orient/etl/OETLAbstractComponent.java","18","0","1","6","122","170","0"
"hazelcast","df5e6a549d33f127c820eba2cc507f873a43b05d","hazelcast/src/main/java/com/hazelcast/cache/impl/operation/CacheReplicationOperation.java","18","0","1","6","122","182","0"
"hazelcast","e253ba2e3054a341540a218c869c9e1b3f802a43","hazelcast/src/main/java/com/hazelcast/cache/impl/operation/CacheReplicationOperation.java","18","0","1","6","123","183","0"
"hazelcast","15ad53c4af52bfbbcd79809712ff178529b30ab6","hazelcast/src/main/java/com/hazelcast/queue/impl/tx/TransactionalQueueProxySupport.java","18","0","1","6","137","172","1"
"netty","559f1b110aeb0d586308d9ad8fb01f78170dd6e2","transport-native-epoll/src/main/java/io/netty/channel/epoll/EpollDomainSocketChannel.java","18","0","1","6","146","200","1"
"elasticsearch","4a7b70cc082953dc7cd09b715916e3d1f8813f74","modules/lang-painless/src/main/java/org/elasticsearch/painless/node/SFunction.java","18","0","1","6","161","227","1"
"elasticsearch","d64d0d6a97ae8dd70ba6018f97dd3c5fc10acd53","src/test/java/org/elasticsearch/search/aggregations/bucket/NestedTests.java","18","0","1","6","203","260","1"
"elasticsearch","80ebd492535288fc9e1cfa085398be01a4fac78e","src/test/java/org/elasticsearch/search/aggregations/bucket/NestedTests.java","18","0","1","6","205","262","2"
"orientdb","49646436cee4497bc6b13ed638598cac2c4ae6e6","core/src/test/java/com/orientechnologies/orient/core/index/hashindex/local/cache/WOWCacheTest.java","18","0","1","6","205","285","0"
"orientdb","c65031e4a5cae04be6faeaeccb01fb18d3e5fb85","core/src/test/java/com/orientechnologies/orient/core/index/hashindex/local/cache/WOWCacheTest.java","18","0","1","6","206","286","1"
"orientdb","eb87fd13a08a35e51b139724421fa7adb04049f3","core/src/test/java/com/orientechnologies/orient/core/index/hashindex/local/cache/WOWCacheTest.java","18","0","1","6","226","306","1"
"orientdb","a1eed89dcfdc303c846b0d6159189f720c1bade8","core/src/test/java/com/orientechnologies/orient/core/index/hashindex/local/cache/WOWCacheTest.java","18","0","1","6","229","309","0"
"orientdb","a2eaf6636bb600c7e6d311b0bb7d112bbaafb4a0","core/src/test/java/com/orientechnologies/orient/core/index/hashindex/local/cache/WOWCacheTest.java","18","0","1","6","230","311","1"
"netty","30bb3094c16f8c3bf0f570f34f62a4a098cdb9b6","buffer/src/test/java/io/netty/buffer/PooledByteBufAllocatorTest.java","18","0","1","6","255","336","0"
"BroadleafCommerce","1a5ce59c9c0fe861718300cd2ff7efb08a437dc9","admin/broadleaf-open-admin-platform/src/main/java/org/broadleafcommerce/openadmin/server/service/persistence/module/criteria/FieldPathBuilder.java","18","0","1","7","134","201","0"
"elasticsearch","284491d87473878574be81d912b9548eb57cc673","src/main/java/org/elasticsearch/search/aggregations/bucket/children/ParentToChildrenAggregator.java","18","0","1","7","158","216","0"
"elasticsearch","12a2e761c59121b21f12ae93f7eeace83b42e314","src/main/java/org/elasticsearch/search/aggregations/bucket/children/ParentToChildrenAggregator.java","18","0","1","7","163","221","1"
"elasticsearch","fcbba930a4643f830d8150b76dc15d573d5659d8","src/main/java/org/elasticsearch/search/aggregations/bucket/children/ParentToChildrenAggregator.java","18","0","1","7","164","225","0"
"hazelcast","93fd800d6c6f6781ef95536bba7e2b200fe9678d","hazelcast-client/src/main/java/com/hazelcast/client/spi/impl/listener/ClientSmartListenerService.java","18","0","1","7","182","220","2"
"elasticsearch","923fcf239c4b5a9a7501789d657c09bed50b7278","modules/test/integration/src/test/java/org/elasticsearch/test/integration/percolator/SimplePercolatorTests.java","18","0","1","7","243","319","0"
"elasticsearch","e458d4fd93136cfc42708d9311d05bee36f69321","src/test/java/org/elasticsearch/search/aggregations/bucket/NestedTests.java","18","0","1","7","266","334","0"
"elasticsearch","c4a49c24885e1ef26ed01be905da6ee7b0f5e0e2","src/test/java/org/elasticsearch/search/aggregations/bucket/NestedTests.java","18","0","1","7","270","338","1"
"elasticsearch","284491d87473878574be81d912b9548eb57cc673","src/test/java/org/elasticsearch/search/aggregations/bucket/NestedTests.java","18","0","1","7","273","340","1"
"orientdb","1b0f490c28a9778a74703a4adde48f7066667140","core/src/main/java/com/orientechnologies/orient/core/sql/parser/OSuffixIdentifier.java","18","0","1","7","81","99","0"
"hazelcast","d070f1256c8c7fa823e6463487462826384ee1df","hazelcast/src/main/java/com/hazelcast/cache/impl/operation/CacheReplicationOperation.java","18","0","1","8","132","193","0"
"BroadleafCommerce","6470eb171f5e24333604cf4c6b5d407052d8fa43","admin/broadleaf-open-admin-platform/src/main/java/org/broadleafcommerce/openadmin/server/service/DynamicEntityRemoteService.java","18","0","1","8","167","206","1"
"BroadleafCommerce","aa04e6eabcf0eaf9a846268715da4854ac20f528","admin/broadleaf-open-admin-platform/src/main/java/org/broadleafcommerce/openadmin/server/service/DynamicEntityRemoteService.java","18","0","1","8","168","206","1"
"BroadleafCommerce","a03eaf9a3e901bdde9c4c66ecc3fe8e03b75bd42","admin/broadleaf-open-admin-platform/src/main/java/org/broadleafcommerce/openadmin/server/service/DynamicEntityRemoteService.java","18","0","1","8","168","207","3"
"BroadleafCommerce","28c29c993d37f222bc59daf04799764a6d2b199b","admin/broadleaf-open-admin-platform/src/main/java/org/broadleafcommerce/openadmin/server/service/DynamicEntityRemoteService.java","18","0","1","8","172","262","1"
"elasticsearch","bb9d8fe3424ec2f29a69cce45fcce7fff55c5f75","modules/elasticsearch/src/main/java/org/elasticsearch/index/mapper/DocumentMapperParser.java","18","0","1","8","174","229","0"
"hazelcast","3f7fe149b46863191307baa8ab504a6eaf77b0cc","hazelcast-client/src/main/java/com/hazelcast/client/spi/ProxyManager.java","18","0","1","8","180","221","1"
"hazelcast","93fd800d6c6f6781ef95536bba7e2b200fe9678d","hazelcast/src/main/java/com/hazelcast/client/impl/protocol/task/AbstractMessageTask.java","18","0","1","8","185","238","2"
"hazelcast","b0a815f459c18eed67fcd6e4bf122bad043ef8a5","hazelcast/src/main/java/com/hazelcast/client/impl/protocol/task/AbstractMessageTask.java","18","0","1","8","185","238","1"
"hazelcast","da8888f97af74b4590dfc1dce3d0bdeb44654000","hazelcast/src/main/java/com/hazelcast/client/impl/protocol/task/AbstractMessageTask.java","18","0","1","8","185","238","0"
"orientdb","de410aa8d3455b55f3c39e49780136c0b6c5e64b","core/src/test/java/com/orientechnologies/orient/core/index/hashindex/local/cache/WOWCacheTest.java","18","0","1","8","263","357","0"
"elasticsearch","c3f1982f21150336f87b7b4def74e019e8bdac18","src/test/java/org/elasticsearch/search/aggregations/bucket/NestedTests.java","18","0","1","8","286","353","5"
"titan","61a915a6afd480c126ad2e5747f3d4c310b2299b","titan-core/src/main/java/com/thinkaurelius/titan/graphdb/relations/CacheEdge.java","18","0","1","9","104","138","0"
"orientdb","46bbcabde62c2b9e61ebaf45dc23f16d9dee7f02","graphdb/src/main/java/com/orientechnologies/orient/graph/stresstest/OGraphShortestPathWorkload.java","18","0","1","9","129","187","1"
"orientdb","136db63960bbf53514691bf5a0bb8361a5ea5361","graphdb/src/main/java/com/orientechnologies/orient/graph/stresstest/OGraphShortestPathWorkload.java","18","0","1","9","130","188","0"
"elasticsearch","d24cc65cad2f3152237df8b6c457a2d0a603f13a","plugins/repository-s3/src/main/java/org/elasticsearch/cloud/aws/blobstore/S3BlobContainer.java","18","0","1","9","141","184","2"
"orientdb","77484d22afdc5993b28c4ef8836091a09d62f4c5","core/src/main/java/com/orientechnologies/orient/core/sql/parser/OInputParameter.java","18","0","1","9","150","176","1"
"BroadleafCommerce","fda59958ccdbbd3e29c49373e40be2a6fd8dc1b8","admin/broadleaf-open-admin-platform/src/main/java/org/broadleafcommerce/openadmin/server/security/dao/AdminPermissionDaoImpl.java","18","0","1","9","152","210","1"
"BroadleafCommerce","e216da5ebb303680f5c60ffcd75979f5876ab5a6","admin/broadleaf-open-admin-platform/src/main/java/org/broadleafcommerce/openadmin/server/security/dao/AdminPermissionDaoImpl.java","18","0","1","9","158","216","0"
"hazelcast","70141681c3ecee84bbc3e81986f4e329c220c12d","hazelcast-client-new/src/main/java/com/hazelcast/client/spi/impl/ClientPartitionServiceImpl.java","18","0","1","9","163","213","0"
"hazelcast","afc28992186abaa24b0eca905d475364029eea86","hazelcast-client/src/main/java/com/hazelcast/client/spi/ProxyManager.java","18","0","1","9","181","223","1"
"netty","1ba265ad4d14163e346996a5c0a663b4600e7d29","transport-udt/src/main/java/io/netty/channel/udt/nio/NioUdtMessageConnectorChannel.java","18","0","1","9","191","256","0"
"orientdb","9df1e17bf9f8ea115fe2f31b9a501a38380867a5","server/src/test/java/com/orientechnologies/orient/core/storage/impl/local/paginated/LocalPaginatedStorageUpdateCrashRestoreIT.java","18","0","1","9","230","305","1"
"ceylon-ide-eclipse","35ce349663be9834d163e247bd7dc945cbc01a15","plugins/com.redhat.ceylon.eclipse.ui/src/com/redhat/ceylon/eclipse/code/hover/AnnotationHover.java","18","0","1","9","241","293","1"
"elasticsearch","6c2139c18672b50c39c3cc4861b0dc7706d58177","src/test/java/org/elasticsearch/tribe/TribeTests.java","18","0","1","9","325","423","0"
"elasticsearch","f8294352f7f25a8439e0275be793f01468a3081a","src/test/java/org/elasticsearch/search/aggregations/bucket/NestedTests.java","18","0","1","9","382","455","3"
"BroadleafCommerce","13e34973fd48a87bca6221ef78eea0a98d3ef324","admin/broadleaf-open-admin-platform/src/main/java/org/broadleafcommerce/openadmin/server/domain/PersistencePackageRequest.java","18","0","11","73","413","590","1"
"hazelcast","0880710f355f33d03b8d928ec9d22a0ff4f1ca52","hazelcast/src/test/java/com/hazelcast/internal/nearcache/AbstractBasicNearCacheTest.java","18","0","12","1","253","427","2"
"hazelcast","0a00c1a6ac6c6b71c59b23615ab208abcbca6fe5","hazelcast/src/test/java/com/hazelcast/internal/nearcache/AbstractBasicNearCacheTest.java","18","0","12","1","253","427","1"
"hazelcast","a97645f3f9b1abe24778838215d5756666e2d7e5","hazelcast/src/test/java/com/hazelcast/internal/nearcache/AbstractBasicNearCacheTest.java","18","0","12","1","253","427","2"
"hazelcast","601a67715c677e36907648eeb31b52993381146d","hazelcast/src/test/java/com/hazelcast/internal/nearcache/AbstractBasicNearCacheTest.java","18","0","12","1","253","427","0"
"hazelcast","330efef1f7194aaae5093af2ed205961dacf9e36","hazelcast/src/test/java/com/hazelcast/internal/nearcache/AbstractNearCacheBasicTest.java","18","0","12","1","253","443","1"
"elasticsearch","5a64f08f048461a63a0ca1354a5050c954e63d52","core/src/main/java/org/elasticsearch/index/IndexModule.java","18","0","12","5","159","271","0"
"elasticsearch","dc6ed7b8d4208e49e2fc34e43e8c26a74f249e87","core/src/main/java/org/elasticsearch/index/query/QueryShardContext.java","18","0","13","29","283","425","2"
"elasticsearch","9015062dcb1b89f3dae7157a9544c2c7ac6536db","core/src/main/java/org/elasticsearch/index/query/QueryShardContext.java","18","0","13","30","288","430","0"
"elasticsearch","1f04182b8164ffb19f3805c48d67f0375262b317","core/src/main/java/org/elasticsearch/action/admin/indices/mapping/put/PutMappingRequest.java","18","0","13","6","174","274","0"
"elasticsearch","669a7eb4f14d88b6b02bbb21eee7872d36dbe026","src/main/java/org/elasticsearch/action/admin/indices/mapping/put/PutMappingRequest.java","18","0","13","6","174","283","0"
"elasticsearch","e1efd5f6baf8dec1c23c79b346b8a29f234a98bb","core/src/main/java/org/elasticsearch/action/admin/indices/mapping/put/PutMappingRequest.java","18","0","13","7","174","274","0"
"elasticsearch","e0e6a58357e7b8c7552fecd3786826b3a6142497","src/main/java/org/elasticsearch/index/query/MoreLikeThisQueryBuilder.java","18","0","15","1","133","231","0"
"elasticsearch","b85bcde640da53f95e6fcc174e0a32333ecd91cf","src/main/java/org/elasticsearch/index/query/MoreLikeThisQueryBuilder.java","18","0","15","1","133","233","0"
"elasticsearch","ffcc710e4eca73e2d15a51c697720dcd76423743","src/main/java/org/elasticsearch/index/query/MoreLikeThisQueryBuilder.java","18","0","15","1","133","233","0"
"elasticsearch","7fd54acd6627b627fdb9caac59dcfb286fc91c4e","src/main/java/org/elasticsearch/index/query/MoreLikeThisQueryBuilder.java","18","0","15","1","133","233","1"
"elasticsearch","634ce90dc06f20888a4ff655985a6baccf25a7db","core/src/main/java/org/elasticsearch/index/query/QueryShardContext.java","18","0","16","30","291","441","1"
"elasticsearch","41d8fbe8f51abd499c9b497238bc5f2141b7926b","core/src/test/java/org/elasticsearch/test/TestCluster.java","18","0","17","2","104","215","1"
"elasticsearch","164efaecbe42195f08ada58b5fde927ab21fc6e7","core/src/test/java/org/elasticsearch/test/TestCluster.java","18","0","17","2","104","217","0"
"elasticsearch","43b5d91de2d6a9f788845b2df86cb08f32c4bdec","src/main/java/org/elasticsearch/action/bulk/BulkProcessor.java","18","0","17","4","210","341","1"
"elasticsearch","fb934aff57021347dc3161534a13c0d0830d9a18","src/main/java/org/elasticsearch/action/bulk/BulkProcessor.java","18","0","17","4","210","341","2"
"elasticsearch","1e06c76467b16b4c673dbac2cc0d567d396f010b","src/main/java/org/elasticsearch/action/bulk/BulkProcessor.java","18","0","17","4","210","341","0"
"MapDB","47c4f06186a05fdc9c66523857e7c54a87719ff5","src/main/java/org/mapdb/DB.java","18","0","19","0","167","386","1"
"MapDB","151f856bdfd4d74e464459994ceb84e1daa61aba","src/main/java/org/mapdb/DB.java","18","0","19","0","168","390","0"
"elasticsearch","78574d248cf10dad1c5a566fda79e1e0c94afe43","core/src/main/java/org/elasticsearch/action/bulk/BulkItemResponse.java","18","0","19","11","224","347","1"
"elasticsearch","e6aaaf11ed4a1b8f595f920de1840938eddb7a97","core/src/main/java/org/elasticsearch/action/bulk/BulkItemResponse.java","18","0","19","11","224","347","1"
"elasticsearch","a60b8948ba1d836a6eac7cff095519e618939ed8","core/src/main/java/org/elasticsearch/action/bulk/BulkItemResponse.java","18","0","19","11","224","347","0"
"netty","396a81c811d6ae79e2edcca35adb0725472609ea","codec-memcache/src/main/java/io/netty/handler/codec/memcache/binary/AbstractBinaryMemcacheDecoder.java","18","0","2","0","120","225","1"
"elasticsearch","3616ed6dddf69787bdc673652a643455b7cbffac","src/main/java/org/elasticsearch/repositories/s3/S3Repository.java","18","0","2","0","98","169","4"
"BroadleafCommerce","4c0a8b2c4bddabc4e97467c8022161826c630c8c","admin/broadleaf-contentmanagement-module/src/main/java/org/broadleafcommerce/cms/admin/server/handler/DynamicFieldPersistenceHandlerHelper.java","18","0","2","1","138","194","0"
"hazelcast","eae5aabe2df5d86740f725387d4b9c32fb6d5495","hazelcast/src/main/java/com/hazelcast/cache/impl/HazelcastServerCachingProvider.java","18","0","2","1","99","158","1"
"hazelcast","eb27be82590b03ceea87f54d7438710a46c323f0","hazelcast/src/main/java/com/hazelcast/cache/impl/HazelcastServerCachingProvider.java","18","0","2","1","99","158","1"
"hazelcast","584996c0c9a11facf995848e53a5a2ef79a3889a","hazelcast/src/main/java/com/hazelcast/cache/impl/HazelcastServerCachingProvider.java","18","0","2","1","99","158","0"
"elasticsearch","838edab168c2999af7ba16f000c1180814e98570","core/src/main/java/org/elasticsearch/indices/fielddata/cache/IndicesFieldDataCache.java","18","0","2","12","201","302","1"
"elasticsearch","2e445d3ede953c90e4e1ce69e5f53192115b9dd7","core/src/main/java/org/elasticsearch/indices/fielddata/cache/IndicesFieldDataCache.java","18","0","2","12","202","303","2"
"elasticsearch","87737d3e02e5727cfe035068bfca5f3e5af13978","core/src/main/java/org/elasticsearch/indices/fielddata/cache/IndicesFieldDataCache.java","18","0","2","12","203","304","0"
"elasticsearch","5828796848674b656807406947f050626035845a","core/src/main/java/org/elasticsearch/indices/fielddata/cache/IndicesFieldDataCache.java","18","0","2","12","204","305","1"
"elasticsearch","2eeb609353070fd518b5a9a0774c63c8892bc110","src/main/java/org/elasticsearch/cluster/routing/RoutingNode.java","18","0","2","13","104","150","0"
"elasticsearch","baa2d51e599bdb901e472d15cc0251e6712c1d25","core/src/test/java/org/elasticsearch/index/engine/ShadowEngineTests.java","18","0","2","14","738","978","0"
"elasticsearch","3e321972cc96275e034f89d5d40d9486e79b73e9","src/test/java/org/elasticsearch/search/suggest/SuggestSearchTests.java","18","0","2","16","809","972","0"
"neo4j","658dcbc50b93c2dcba6807d44739dc4167adf5a2","community/kernel/src/main/java/org/neo4j/kernel/impl/transaction/log/PhysicalLogFile.java","18","0","2","18","240","380","0"
"hazelcast","783151031567d3e41ebcba493c0c6f0f03e8c56e","hazelcast/src/test/java/com/hazelcast/executor/SingleNodeTest.java","18","0","2","19","299","367","0"
"hazelcast","70d4de16ff0ac4518d09aad8c9f2ad9e782fb337","hazelcast/src/test/java/com/hazelcast/executor/SingleNodeTest.java","18","0","2","19","303","373","1"
"hazelcast","d568e4d926d925d57d4e79e34614390416749301","hazelcast/src/test/java/com/hazelcast/executor/SingleNodeTest.java","18","0","2","19","303","374","0"
"ceylon-ide-eclipse","6543abbc46412285094909a7f50453f8de782b7a","plugins/com.redhat.ceylon.eclipse.ui/src/com/redhat/ceylon/eclipse/core/classpath/CeylonProjectModulesInitializer.java","18","0","2","2","100","150","0"
"BroadleafCommerce","fc96cd617dc6f16a02dfe01f95486da731a6cd13","common/src/main/java/org/broadleafcommerce/common/extensibility/jpa/copy/ConditionalFieldAnnotationsClassTransformer.java","18","0","2","2","102","187","0"
"hazelcast","baf42d6be2a1e6fa0a9532d61cc2b4e56c48f110","hazelcast/src/main/java/com/hazelcast/spi/impl/operationservice/impl/BackpressureRegulator.java","18","0","2","2","133","215","1"
"Android-Universal-Image-Loader","35025265f9c9059588f7ba2cfd8e9075d64ec07c","library/src/com/nostra13/universalimageloader/core/display/RoundedBitmapDisplayer.java","18","0","2","2","138","190","1"
"Android-Universal-Image-Loader","d3ead7a00413c56635ae345a3da9746cdfbd87e5","library/src/com/nostra13/universalimageloader/core/display/RoundedBitmapDisplayer.java","18","0","2","2","138","192","0"
"hazelcast","3e9f0a4fe67f397b79d6244ff49cfc7cec656c1d","hazelcast/src/test/java/com/hazelcast/test/AbstractHazelcastClassRunner.java","18","0","2","2","201","265","0"
"orientdb","7a678522a2d83448543bc75d7360ac0857529727","core/src/main/java/com/orientechnologies/orient/core/sql/OCommandExecutorSQLCreateProperty.java","18","0","2","2","91","149","0"
"orientdb","7a678522a2d83448543bc75d7360ac0857529727","core/src/main/java/com/orientechnologies/orient/core/sql/OCommandExecutorSQLAlterCluster.java","18","0","2","2","99","155","0"
"titan","ed88d7286080492045efafb45a69fa4cb6eeb94d","src/main/java/com/thinkaurelius/titan/graphdb/query/ComplexTitanQuery.java","18","0","2","22","160","212","0"
"hazelcast","0d5f32b92330eb1b4d0a8f2e0c97d32341ec8970","hazelcast/src/main/java/com/hazelcast/queue/QueueService.java","18","0","2","23","208","267","0"
"hazelcast","f256296d39020e8a85f8b0e2a76b646501e84e7b","hazelcast/src/main/java/com/hazelcast/queue/impl/QueueService.java","18","0","2","23","243","303","1"
"elasticsearch","96fa466414393544cebeb215e0c29031f799b15a","src/test/java/org/elasticsearch/index/mapper/timestamp/TimestampMappingTests.java","18","0","2","24","556","681","2"
"elasticsearch","521f804c7dcb3173efca2abbeabedb901b2bd2d7","src/test/java/org/elasticsearch/index/mapper/timestamp/TimestampMappingTests.java","18","0","2","27","634","779","1"
"elasticsearch","01e8eaf181148d1ae5239800b5d71bd38c0c2896","src/test/java/org/elasticsearch/index/mapper/timestamp/TimestampMappingTests.java","18","0","2","28","645","793","0"
"elasticsearch","768bfb7d1dbcffb4ddcc9bc029dfd7c2e0a59932","core/src/test/java/org/elasticsearch/index/mapper/timestamp/TimestampMappingTests.java","18","0","2","29","664","826","1"
"elasticsearch","90c2b3a384c036e7f9345b2586e69fda056387fd","core/src/test/java/org/elasticsearch/index/mapper/timestamp/TimestampMappingTests.java","18","0","2","29","665","827","2"
"elasticsearch","fc840407db5f8556ffacc431c5b22fbcbb4ecfcd","core/src/test/java/org/elasticsearch/index/mapper/timestamp/TimestampMappingTests.java","18","0","2","29","665","827","2"
"elasticsearch","b612cab96a025d9d28e3c9f6fde7bac1719e5be1","core/src/test/java/org/elasticsearch/index/mapper/timestamp/TimestampMappingTests.java","18","0","2","29","665","827","0"
"orientdb","a56ae91e7d9f772da4288542cee900793c24e5e1","core/src/main/java/com/orientechnologies/orient/core/sql/OCommandExecutorSQLAlterCluster.java","18","0","2","3","103","160","0"
"hazelcast","5e18f9e8abf8dacee7a75885cc137a44fe0eef1c","hazelcast/src/main/java/com/hazelcast/config/XmlConfigLocator.java","18","0","2","3","126","193","0"
"hazelcast","e48bec52b35f2dbf7ff0bf7d961549546461a701","hazelcast/src/main/java/com/hazelcast/config/XmlConfigLocator.java","18","0","2","3","126","193","0"
"hazelcast","410d077538e8af21fc7846a758d83cc67801da83","hazelcast/src/main/java/com/hazelcast/config/XmlConfigLocator.java","18","0","2","3","126","193","1"
"hazelcast","95b93d3d6a2eef3a75a7dae3cd2cbb53d02628a3","hazelcast/src/test/java/com/hazelcast/test/AbstractHazelcastClassRunner.java","18","0","2","3","195","258","1"
"hazelcast","b9109d86df3008077ce26aac62f800f10056974a","hazelcast/src/test/java/com/hazelcast/test/AbstractHazelcastClassRunner.java","18","0","2","3","195","258","1"
"hazelcast","8f0b3b3d791f2f02f4456b70eb07b442fa820e57","hazelcast/src/test/java/com/hazelcast/test/AbstractHazelcastClassRunner.java","18","0","2","3","195","258","0"
"hazelcast","f5f25510d33105f0d2f3e21b17af518dd3f63c79","hazelcast/src/main/java/com/hazelcast/logging/Logger.java","18","0","2","3","79","126","1"
"hazelcast","170bbb43790981e6ce9d31fe733500c2ae635a8c","hazelcast/src/main/java/com/hazelcast/logging/Logger.java","18","0","2","3","82","132","0"
"orientdb","a56ae91e7d9f772da4288542cee900793c24e5e1","core/src/main/java/com/orientechnologies/orient/core/sql/OCommandExecutorSQLCreateProperty.java","18","0","2","3","95","154","0"
"elasticsearch","284a35131cd6a96baba14b31c827e5f6dab7b4ad","modules/elasticsearch/src/main/java/org/elasticsearch/action/search/SearchRequest.java","18","0","2","31","223","307","0"
"elasticsearch","7a7370e3c83220dcdef7697b139b0b1cf4b8f18a","src/test/java/org/elasticsearch/search/query/SimpleQueryTests.java","18","0","2","39","1471","1767","4"
"orientdb","7a678522a2d83448543bc75d7360ac0857529727","graphdb/src/main/java/com/orientechnologies/orient/graph/sql/OCommandExecutorSQLCreateVertex.java","18","0","2","4","104","167","1"
"elasticsearch","235452329a4ec8b3b7b25080e9171cc9f6115de9","core/src/main/java/org/elasticsearch/index/fielddata/IndexFieldDataService.java","18","0","2","4","194","249","1"
"elasticsearch","fb10e595787d5bb0761878bb6a7bd0617a4e65ef","core/src/main/java/org/elasticsearch/cluster/routing/allocation/decider/ClusterRebalanceAllocationDecider.java","18","0","2","4","97","169","2"
"elasticsearch","899189694f32edc808fd0e0ce3491587e9ae479e","src/test/java/org/elasticsearch/search/query/SimpleQueryTests.java","18","0","2","40","1497","1798","3"
"elasticsearch","0e9c049da1231968a56a9abbd5178f07bc49b320","src/test/java/org/elasticsearch/search/query/SimpleQueryTests.java","18","0","2","41","1513","1817","3"
"elasticsearch","c8020760d74d5a836b802ed96c016ea5e9519051","src/test/java/org/elasticsearch/search/query/SimpleQueryTests.java","18","0","2","42","1578","1894","3"
"orientdb","a56ae91e7d9f772da4288542cee900793c24e5e1","graphdb/src/main/java/com/orientechnologies/orient/graph/sql/OCommandExecutorSQLCreateVertex.java","18","0","2","5","108","170","1"
"orientdb","82d10e87817c67f61236b5bc22992ab60883861e","graphdb/src/main/java/com/orientechnologies/orient/graph/sql/OCommandExecutorSQLCreateVertex.java","18","0","2","5","109","172","1"
"orientdb","33a29ad7f0318e206a1cfbb4c3960d98b429e9db","graphdb/src/main/java/com/orientechnologies/orient/graph/sql/OCommandExecutorSQLCreateVertex.java","18","0","2","5","111","173","0"
"hazelcast","c92e7e6fe3d5438167ca1064083eb0777f7edb78","hazelcast/src/test/java/com/hazelcast/map/query/QueryIndexMigrationTest.java","18","0","2","5","204","266","0"
"hazelcast","4f4c09d9cc18638b36bc80c8824ce946cd64408d","hazelcast/src/test/java/com/hazelcast/map/query/QueryIndexMigrationTest.java","18","0","2","5","207","269","1"
"hazelcast","d8fbb2c50097771dbb3d218333b0b353c69c400b","hazelcast/src/test/java/com/hazelcast/map/query/QueryIndexMigrationTest.java","18","0","2","5","207","269","1"
"hazelcast","ecd3d290ababdb1a8f0134cb15afd8c63fd4d3cd","hazelcast/src/test/java/com/hazelcast/map/query/QueryIndexMigrationTest.java","18","0","2","5","207","269","0"
"elasticsearch","483aaca56e13c0880fde4b7c8c84660f1ed8220d","core/src/main/java/org/elasticsearch/indices/cache/query/IndicesQueryCache.java","18","0","2","5","247","327","1"
"elasticsearch","371c73e14023917f3892090d2d3d7ff9ac1216b9","core/src/main/java/org/elasticsearch/index/query/QueryParseContext.java","18","0","2","5","91","133","3"
"elasticsearch","78574d248cf10dad1c5a566fda79e1e0c94afe43","core/src/main/java/org/elasticsearch/index/query/QueryParseContext.java","18","0","2","5","91","133","2"
"elasticsearch","c7c0faa54ddda8134aa23d54d07bed43b24a1817","core/src/main/java/org/elasticsearch/index/query/QueryParseContext.java","18","0","2","5","91","133","1"
"elasticsearch","e6aaaf11ed4a1b8f595f920de1840938eddb7a97","core/src/main/java/org/elasticsearch/index/query/QueryParseContext.java","18","0","2","5","91","133","2"
"elasticsearch","a60b8948ba1d836a6eac7cff095519e618939ed8","core/src/main/java/org/elasticsearch/index/query/QueryParseContext.java","18","0","2","5","91","133","0"
"elasticsearch","596d511466c279c8f5e808599c3aff19e029c477","src/main/java/org/elasticsearch/index/fielddata/IndexFieldDataService.java","18","0","2","6","145","188","0"
"netty","20ef4690e74a7a5007468815f070a6c1f5074d0d","testsuite/src/test/java/io/netty/testsuite/transport/socket/SocketAutoReadTest.java","18","0","2","6","164","206","0"
"elasticsearch","046abdc281c321cd2128ee7684c0edfcaca07203","core/src/test/java/org/elasticsearch/action/admin/indices/upgrade/UpgradeIT.java","18","0","2","6","192","259","2"
"elasticsearch","f2eae5b6057d562f47768eebade3adcc93326f6a","modules/elasticsearch/src/main/java/org/apache/lucene/store/bytebuffer/ByteBufferIndexInput.java","18","0","2","7","100","172","0"
"elasticsearch","fda6ca4869182a2dfc082490c183eadf8f4e3d05","src/main/java/org/elasticsearch/index/fielddata/IndexFieldDataService.java","18","0","2","7","145","189","1"
"hazelcast","d041266118126d445f010f961e936ce8f540a573","hazelcast-client/src/main/java/com/hazelcast/client/spi/ClientProxy.java","18","0","2","7","176","262","0"
"elasticsearch","9d10ffd54763675f1147f6a3024388d202185bdd","core/src/test/java/org/elasticsearch/index/replication/IndexLevelReplicationTests.java","18","0","2","7","264","345","0"
"elasticsearch","620536f85038d68522103d9cd91e4f3377773feb","core/src/test/java/org/elasticsearch/index/replication/IndexLevelReplicationTests.java","18","0","2","7","265","346","1"
"elasticsearch","a834cc0e0f5ec2e813315ee729da33d5896907e4","src/main/java/org/elasticsearch/node/internal/InternalNode.java","18","0","2","9","337","424","0"
"elasticsearch","a63a055f63974e565ee1c3ad769942430e210b72","src/main/java/org/elasticsearch/node/internal/InternalNode.java","18","0","2","9","337","429","1"
"elasticsearch","94bc489275d4462a8b2520f6d3ef4f70dc1d6e99","core/src/test/java/org/elasticsearch/search/aggregations/bucket/NestedIT.java","18","0","2","9","468","548","1"
"elasticsearch","ef33183a1974c376e0fc18d0f785b4cc20d3ba14","core/src/main/java/org/elasticsearch/common/Priority.java","18","0","2","9","73","117","1"
"elasticsearch","1764ec56b38ce87f516efdf93bb4ab56e9dd829b","core/src/main/java/org/elasticsearch/action/bulk/BulkProcessor.java","18","0","20","4","196","354","0"
"elasticsearch","25fd9e26c4fb042d6f6dea14efcd239577bdbbc4","core/src/main/java/org/elasticsearch/action/bulk/BulkProcessor.java","18","0","20","4","196","354","0"
"elasticsearch","56cc87b7ccd41040d8fafcaf2da3680d96d10839","core/src/main/java/org/elasticsearch/action/bulk/BulkProcessor.java","18","0","20","4","196","354","0"
"elasticsearch","d3417fb02291f26964d77767020ef345d18c148f","core/src/main/java/org/elasticsearch/action/bulk/BulkProcessor.java","18","0","20","4","196","354","0"
"elasticsearch","4b94eb5cb8cc4294ed0e932a5f22c16bd90d4dd7","core/src/main/java/org/elasticsearch/action/bulk/BulkProcessor.java","18","0","20","4","196","354","2"
"elasticsearch","860efb2ad28db09189c8423e05d0dba53010259c","core/src/main/java/org/elasticsearch/action/bulk/BulkProcessor.java","18","0","20","4","196","354","2"
"elasticsearch","fbe27664a65ca7ab5b7dbe1c328ab27423e4313c","core/src/main/java/org/elasticsearch/action/bulk/BulkProcessor.java","18","0","20","4","196","354","2"
"elasticsearch","25fd9e26c4fb042d6f6dea14efcd239577bdbbc4","core/src/main/java/org/elasticsearch/action/search/SearchRequest.java","18","0","22","11","205","352","0"
"elasticsearch","661648b3aa7e9fb5ffbe60fc77d8c7135668c66f","client/rest-high-level/src/main/java/org/elasticsearch/client/RestHighLevelClient.java","18","0","23","1","420","628","1"
"elasticsearch","f6bbc91c0d4205ff41c03395425aa3c3c1be4529","client/rest-high-level/src/main/java/org/elasticsearch/client/RestHighLevelClient.java","18","0","23","1","423","631","0"
"elasticsearch","ad8f359deb87745239712ecec89570a295bb8cc7","client/rest-high-level/src/main/java/org/elasticsearch/client/RestHighLevelClient.java","18","0","23","1","426","634","0"
"elasticsearch","b3819e7f308f7cc6017d4473c2b0817f2efc2b7c","client/rest-high-level/src/main/java/org/elasticsearch/client/RestHighLevelClient.java","18","0","23","1","426","634","0"
"elasticsearch","ff1e26276d8cd3f04c539951f5023fd1db499ca3","client/rest-high-level/src/main/java/org/elasticsearch/client/RestHighLevelClient.java","18","0","23","1","426","634","1"
"netty","4d60ea2aeb1071bebcd6471b550e6648a9fe05a1","common/src/main/java/io/netty/util/ThreadDeathWatcher.java","18","0","3","0","110","193","0"
"netty","c6d43667d491cdc8327db000dfe261bea0ad4bbb","codec-http/src/main/java/io/netty/handler/codec/http/websocketx/WebSocketClientHandshaker13.java","18","0","3","0","112","246","1"
"netty","e6ca9882a107c34cf6358c8d7a68561025f06016","codec-http/src/main/java/io/netty/handler/codec/http/websocketx/WebSocketClientHandshaker13.java","18","0","3","0","112","246","1"
"netty","ba6ce5449ee852b782dde9a11933f6a09b123e22","codec-http/src/main/java/io/netty/handler/codec/http/websocketx/WebSocketClientHandshaker13.java","18","0","3","0","112","246","0"
"elasticsearch","c8bf7ecaeda5f0670e67b8af1619d78da595fa21","core/src/main/java/org/apache/lucene/search/uhighlight/CustomUnifiedHighlighter.java","18","0","3","0","152","218","1"
"titan","da8901bcea96f225bc445f4e13289b0f04e18e14","src/main/java/com/thinkaurelius/titan/graphdb/transaction/StandardPersistTitanTx.java","18","0","3","13","159","211","0"
"elasticsearch","1a60e1c3d27d3d1f76b389d6bf008b35856ad88d","core/src/main/java/org/elasticsearch/common/logging/Loggers.java","18","0","3","16","156","215","1"
"elasticsearch","4704efaef4b08e1191ac81d35eaf20308dcc1274","core/src/main/java/org/elasticsearch/common/logging/Loggers.java","18","0","3","16","157","216","0"
"hazelcast","2a3443e1f0e3148882a9cb386e4e2d51ccd768e7","hazelcast/src/main/java/com/hazelcast/map/impl/eviction/EvictionCheckerImpl.java","18","0","3","2","178","241","0"
"elasticsearch","04c41fe349eb31d79f074e2caa4acd51f36ec099","src/main/java/org/elasticsearch/action/percolate/PercolateResponse.java","18","0","3","20","213","277","1"
"hazelcast","761d3ff3b19109715644ebc2bfa0396f3148d772","hazelcast/src/main/java/com/hazelcast/replicatedmap/impl/record/ReplicatedRecord.java","18","0","3","21","178","240","2"
"hazelcast","b9aaadd0e47ff22e04e56870ae6377e82042dd04","hazelcast/src/main/java/com/hazelcast/replicatedmap/impl/record/ReplicatedRecord.java","18","0","3","21","178","240","2"
"hazelcast","c082536f3b7bf063f9366ce737ea4523ffc40712","hazelcast/src/main/java/com/hazelcast/replicatedmap/impl/record/ReplicatedRecord.java","18","0","3","21","178","240","1"
"hazelcast","cde914700341904b25a04a43f120d8e8b6ace0d1","hazelcast/src/main/java/com/hazelcast/replicatedmap/impl/record/ReplicatedRecord.java","18","0","3","21","178","240","0"
"hazelcast","21c064b4c2cb2d43e907d21553082abb3e4ba138","hazelcast/src/main/java/com/hazelcast/replicatedmap/impl/record/ReplicatedRecord.java","18","0","3","21","179","240","1"
"hazelcast","42c9a61addb6c6748816a69618d662f43f579189","hazelcast/src/main/java/com/hazelcast/replicatedmap/impl/record/ReplicatedRecord.java","18","0","3","21","179","240","1"
"hazelcast","7376dc96408d6c44cad34640928dbf21a9528424","hazelcast/src/main/java/com/hazelcast/replicatedmap/impl/record/ReplicatedRecord.java","18","0","3","21","179","240","2"
"hazelcast","e0cd5f1c6d26cc9841afbc06253a7f486a0a1db1","hazelcast/src/main/java/com/hazelcast/replicatedmap/impl/record/ReplicatedRecord.java","18","0","3","21","179","240","2"
"hazelcast","fcf19263e406e0a67085272a6e31da4da9c27948","hazelcast/src/main/java/com/hazelcast/replicatedmap/impl/record/ReplicatedRecord.java","18","0","3","21","179","240","0"
"hazelcast","508de395db2dd7baf93c9faa633334b2b79c07c6","hazelcast/src/main/java/com/hazelcast/replicatedmap/impl/record/ReplicatedRecord.java","18","0","3","23","186","250","0"
"netty","b186342f5214a9884639439a587b710ac7d2a549","codec/src/main/java/io/netty/handler/codec/ByteToMessageDecoder.java","18","0","3","3","104","184","1"
"hazelcast","d82e4d1e9cd72420b5735d4bfa88b773818456c6","hazelcast/src/test/java/com/hazelcast/nio/serialization/PortableTest.java","18","0","3","47","632","817","0"
"hazelcast","0b97d690c05fc22e5c2ab29e4c7697a125ffd691","hazelcast/src/test/java/com/hazelcast/nio/serialization/PortableTest.java","18","0","3","47","633","818","1"
"netty","291293a6dcc49bd61a004c11ce44d59a14675bf0","codec/src/main/java/io/netty/handler/codec/ByteToMessageDecoder.java","18","0","3","5","113","195","0"
"elasticsearch","371c73e14023917f3892090d2d3d7ff9ac1216b9","core/src/main/java/org/elasticsearch/index/shard/TranslogRecoveryPerformer.java","18","0","3","5","154","222","3"
"elasticsearch","78574d248cf10dad1c5a566fda79e1e0c94afe43","core/src/main/java/org/elasticsearch/index/shard/TranslogRecoveryPerformer.java","18","0","3","5","154","222","2"
"elasticsearch","e6aaaf11ed4a1b8f595f920de1840938eddb7a97","core/src/main/java/org/elasticsearch/index/shard/TranslogRecoveryPerformer.java","18","0","3","5","154","222","2"
"elasticsearch","a60b8948ba1d836a6eac7cff095519e618939ed8","core/src/main/java/org/elasticsearch/index/shard/TranslogRecoveryPerformer.java","18","0","3","5","154","222","0"
"elasticsearch","3e32dd985aabfa5ee653b26bcb6ff97c74a426a2","src/main/java/org/elasticsearch/index/gateway/IndexShardGatewayService.java","18","0","3","6","125","187","0"
"elasticsearch","8c3500a6760847578245f5c34ea224b036d70d81","src/main/java/org/elasticsearch/search/aggregations/bucket/BestDocsDeferringCollector.java","18","0","3","7","224","324","0"
"hazelcast","4efdefb85496ca6adad2fd18671ab05bae7897fd","hazelcast/src/main/java/com/hazelcast/map/impl/proxy/MapProxyImpl.java","18","0","3","73","585","776","2"
"hazelcast","7080d066a80155a8a0f44cab8ca1409743b6f7ee","hazelcast/src/main/java/com/hazelcast/map/impl/proxy/MapProxyImpl.java","18","0","3","73","586","777","1"
"hazelcast","2b6f18456c37d310e7679071b8c91c7df48c679d","hazelcast/src/main/java/com/hazelcast/map/impl/proxy/MapProxyImpl.java","18","0","3","75","607","795","1"
"hazelcast","21de2ef614b9a92baec6c4f16f26123a59391cdc","hazelcast/src/main/java/com/hazelcast/map/impl/proxy/MapProxyImpl.java","18","0","3","75","610","798","0"
"hazelcast","94adcc7514abab71a4ead864748a50df7437db76","hazelcast/src/main/java/com/hazelcast/map/impl/proxy/MapProxyImpl.java","18","0","3","76","615","804","1"
"hazelcast","a3507ca238034c2ea2fbb21034247eddd69117ef","hazelcast/src/main/java/com/hazelcast/map/impl/proxy/MapProxyImpl.java","18","0","3","76","616","805","0"
"elasticsearch","1f5bd495edb9ec9cd2a8c4ec55b05a58ce14b278","core/src/test/java/org/elasticsearch/test/rest/spec/RestApi.java","18","0","3","8","142","217","2"
"netty","af4b71a00e30faf86ef1c2365e965e8f04f65bee","codec-http/src/main/java/io/netty/handler/codec/http/HttpClientCodec.java","18","0","3","8","153","252","0"
"netty","eb23c9d27c84ab7cf2c33f28d2b761673a41b435","codec-http/src/main/java/io/netty/handler/codec/http/websocketx/WebSocketClientHandshaker13.java","18","0","4","0","118","230","0"
"netty","312810d415da381fc6cd53358a4e986e7bdc4f63","codec-http/src/main/java/io/netty/handler/codec/http/websocketx/WebSocketClientHandshaker13.java","18","0","4","0","119","232","0"
"netty","3b729848dc075dac0ed449422be96d2eaff51379","codec-http/src/main/java/io/netty/handler/codec/http/websocketx/WebSocketClientHandshaker13.java","18","0","4","0","119","232","0"
"netty","5ffb495746e55c440273ec7cc4741ab28e1f9017","codec-http/src/main/java/io/netty/handler/codec/http/websocketx/WebSocketClientHandshaker13.java","18","0","4","0","119","232","0"
"netty","e5a8958ed6b4e33ef554ce6627e3e1cb5aeba4bd","codec-http/src/main/java/io/netty/handler/codec/http/websocketx/WebSocketClientHandshaker13.java","18","0","4","0","119","232","0"
"netty","5bd8b41a58be4c46bbbd5ad894df9ad9a8d1cd14","codec-http/src/main/java/io/netty/handler/codec/http/websocketx/WebSocketClientHandshaker07.java","18","0","4","0","119","232","1"
"netty","312810d415da381fc6cd53358a4e986e7bdc4f63","codec-http/src/main/java/io/netty/handler/codec/http/websocketx/WebSocketClientHandshaker08.java","18","0","4","0","119","233","0"
"netty","e06cb82c4c1c27273e4811107e5b9ac6a66ef1fb","codec/src/main/java/io/netty/handler/codec/compression/JZlibDecoder.java","18","0","4","1","112","174","0"
"elasticsearch","4a0b010d02557076c3f818be5e0e5cc3f32b7001","modules/elasticsearch/src/main/java/org/elasticsearch/cluster/ClusterChangedEvent.java","18","0","4","12","95","149","0"
"hazelcast","bb95f69a35a8d8e3ae75b605888b99990ff865b0","hazelcast-client/src/test/java/com/hazelcast/client/ClientIssueTest.java","18","0","4","16","445","612","1"
"hazelcast","704d591b1123a99103cef3052012406491835bb1","hazelcast-client/src/test/java/com/hazelcast/client/ClientIssueTest.java","18","0","4","17","450","615","0"
"elasticsearch","b72f44b93a4f690a59193a123e700dea70ef09ab","src/test/java/org/elasticsearch/plugin/PluginManagerTests.java","18","0","4","18","314","444","0"
"hazelcast","d1cb1fefc0e56c98931b65443a7eb9bd0f2a14f6","hazelcast-client/src/test/java/com/hazelcast/client/ClientIssueTest.java","18","0","4","18","458","625","0"
"hazelcast","42e5849f7ebce11fa76d0780610fba85b1818987","hazelcast-client/src/test/java/com/hazelcast/client/ClientIssueTest.java","18","0","4","18","460","627","0"
"elasticsearch","071b396306234d4f795bad7a4b675d67c83a3bd6","modules/lang-expression/src/test/java/org/elasticsearch/script/expression/MoreExpressionTests.java","18","0","4","18","478","561","2"
"elasticsearch","8e6b2b390981bc240d7a204fb7250286c953b590","modules/lang-expression/src/test/java/org/elasticsearch/script/expression/MoreExpressionTests.java","18","0","4","18","486","570","1"
"oryx","ac4bdcf82a169d77efcd0c63914572b9b94e48a9","framework/oryx-lambda-serving/src/main/java/com/cloudera/oryx/lambda/serving/ServingLayer.java","18","0","4","2","242","338","0"
"elasticsearch","3f06d9f3b8516bb30a2890a36c2973f08f9c6076","modules/lang-expression/src/test/java/org/elasticsearch/script/expression/MoreExpressionTests.java","18","0","4","20","566","664","1"
"elasticsearch","a0818d3b876216c7882b3f6b14c613173409c06c","modules/lang-expression/src/test/java/org/elasticsearch/script/expression/MoreExpressionTests.java","18","0","4","21","588","687","3"
"elasticsearch","49bdd29f91eb3568a8bac28e043f422a208104d1","modules/lang-expression/src/test/java/org/elasticsearch/script/expression/MoreExpressionTests.java","18","0","4","21","593","692","1"
"elasticsearch","046abdc281c321cd2128ee7684c0edfcaca07203","modules/lang-expression/src/test/java/org/elasticsearch/script/expression/MoreExpressionTests.java","18","0","4","21","594","693","4"
"elasticsearch","3ce7b119d28e7d1be7284bd804606a65c2d1a383","modules/lang-expression/src/test/java/org/elasticsearch/script/expression/MoreExpressionTests.java","18","0","4","21","603","706","0"
"netty","20dffa8ee644b451776cee7e79f15d7d1c2151d8","handler/src/main/java/io/netty/handler/ssl/JdkSslServerContext.java","18","0","4","3","142","236","0"
"hazelcast","761d3ff3b19109715644ebc2bfa0396f3148d772","hazelcast-client/src/test/java/com/hazelcast/client/ClientIssueTest.java","18","0","4","30","530","720","0"
"hazelcast","c585a85875747b4abb775aa326c26bcf546a7e44","hazelcast-client/src/test/java/com/hazelcast/client/ClientIssueTest.java","18","0","4","30","530","720","0"
"hazelcast","92e14613559b3cb3c43651bf62262dc2df6c7311","hazelcast-client/src/test/java/com/hazelcast/client/ClientIssueTest.java","18","0","4","30","530","720","1"
"hazelcast","00644912992eceb3de7d2dc0213a05bf2844c1b2","hazelcast-client/src/test/java/com/hazelcast/client/ClientRegressionTest.java","18","0","4","30","531","721","0"
"hazelcast","86a23c8d6f1b06ab1829e133535a6891e6ed00dc","hazelcast-client/src/test/java/com/hazelcast/client/ClientRegressionTest.java","18","0","4","30","531","721","0"
"hazelcast","1af0e4bcd8878a1e01d2bc0121985d07beddcc63","hazelcast-client/src/test/java/com/hazelcast/client/ClientRegressionTest.java","18","0","4","30","531","721","1"
"elasticsearch","7745c64a625f8d411d0dcd0f808f38043af8d819","core/src/main/java/org/elasticsearch/index/mapper/DocumentMapper.java","18","0","4","34","255","355","1"
"elasticsearch","4decc72da6abc426b97789ad149b31eef9aad583","core/src/main/java/org/elasticsearch/index/shard/TranslogRecoveryPerformer.java","18","0","4","5","147","213","0"
"mcMMO","a2cac82cba84f92e62c91207639c3c64b58f8738","src/main/java/com/gmail/nossr50/skills/unarmed/UnarmedManager.java","18","0","4","9","101","157","0"
"netty","702ebbc19b6c1c7a95e06ba1abd8a62cc48e6907","transport/src/main/java/io/netty/channel/socket/nio/NioSocketChannelOutboundBuffer.java","18","0","5","1","149","234","0"
"hazelcast","278ac0517623b1549a66b78f29c200f32665bb70","hazelcast/src/main/java/com/hazelcast/spi/impl/operationservice/impl/IsStillRunningService.java","18","0","5","1","169","274","3"
"hazelcast","3c268f4e2408296c187a2abe68e2b460a53f2b6e","hazelcast/src/main/java/com/hazelcast/spi/impl/operationservice/impl/IsStillRunningService.java","18","0","5","1","171","276","2"
"elasticsearch","8a4d8909a1e6020a8007097eb3d38f27067201f5","core/src/test/java/org/elasticsearch/search/aggregations/bucket/RangeIT.java","18","0","5","15","763","976","0"
"elasticsearch","15d62713b1584a86fd108168d18ed1f1d24de029","core/src/test/java/org/elasticsearch/plugins/PluginManagerTests.java","18","0","5","17","377","548","1"
"elasticsearch","dfbe1089021f98848d022a34f7d7fa3c5bd3e16a","core/src/test/java/org/elasticsearch/plugins/PluginManagerTests.java","18","0","5","17","379","550","0"
"netty","8271c8afccf7eb21bf6f994b5f3565f6d55bdee4","codec-dns/src/main/java/io/netty/handler/codec/dns/DnsResponseCode.java","18","0","5","3","85","192","0"
"netty","a0c466a27673a02c86f364cc78a500050bd91383","handler/src/main/java/io/netty/handler/traffic/AbstractTrafficShapingHandler.java","18","0","5","4","161","329","1"
"netty","07858a3bd4b0729c358563c6e61d70b5de1c9b3a","handler/src/main/java/io/netty/handler/traffic/AbstractTrafficShapingHandler.java","18","0","5","5","169","331","0"
"hazelcast","60037d2a2130daa05601825a1a0af387507904da","hazelcast/src/main/java/com/hazelcast/util/ExceptionUtil.java","18","0","5","6","113","183","1"
"elasticsearch","7f271fd37aff3ad4c03a0d1cc418ed3dca592cbb","src/test/java/org/elasticsearch/repositories/s3/S3SnapshotRestoreTest.java","18","0","5","6","255","340","0"
"mcMMO","2e2abcd645af7809a5b375494c0f78eabf0493f7","src/main/java/com/gmail/nossr50/skills/axes/AxesManager.java","18","0","5","8","94","150","1"
"mcMMO","a0ef0d5708072eccbfa4a8cee8e6a8e78319dd96","src/main/java/com/gmail/nossr50/skills/axes/AxesManager.java","18","0","5","8","96","152","0"
"ceylon-ide-eclipse","c8298288d63b316cb817c7603e5cf29ce63f1128","plugins/com.redhat.ceylon.eclipse.ui/src/com/redhat/ceylon/eclipse/ui/CeylonPlugin.java","18","0","6","11","384","474","0"
"ceylon-ide-eclipse","8f9d7738a387269b15f98b4734edbe5db4624ddf","plugins/com.redhat.ceylon.eclipse.ui/src/com/redhat/ceylon/eclipse/ui/CeylonPlugin.java","18","0","6","11","384","474","0"
"ceylon-ide-eclipse","d70167ba843c9417f7530407c5634b0f9a211d5d","plugins/com.redhat.ceylon.eclipse.ui/src/com/redhat/ceylon/eclipse/ui/CeylonPlugin.java","18","0","6","11","384","474","2"
"ceylon-ide-eclipse","24a521bfec721f132f2a75d0a2cc1fb9f0c425e7","plugins/com.redhat.ceylon.eclipse.ui/src/com/redhat/ceylon/eclipse/ui/CeylonPlugin.java","18","0","6","11","393","484","0"
"hazelcast","a788fd24f29ee1ddc51612e5e3d9612de2fccfef","hazelcast/src/test/java/com/hazelcast/wan/WanReplicationTest.java","18","0","6","13","421","592","2"
"hazelcast","7b68ab30ec0da7a4de5274fdc7af7aab81d58af4","hazelcast/src/test/java/com/hazelcast/wan/WanReplicationTest.java","18","0","6","13","431","602","1"
"elasticsearch","620536f85038d68522103d9cd91e4f3377773feb","core/src/main/java/org/elasticsearch/index/shard/PrimaryReplicaSyncer.java","18","0","6","26","298","395","1"
"elasticsearch","78a48b102f0ae822f61ba5456350c8cd8fd809cb","core/src/main/java/org/elasticsearch/index/query/DisMaxQueryBuilder.java","18","0","6","3","145","218","0"
"elasticsearch","a3abfab865788a3828424f78801d19ebd5a78b81","core/src/main/java/org/elasticsearch/index/query/QueryShardContext.java","18","0","6","38","243","344","2"
"elasticsearch","f27cb07eb9507e9b1c0a9da0410dfdb0ab3faca7","src/main/java/org/elasticsearch/node/Node.java","18","0","6","4","332","434","2"
"elasticsearch","cbd0a8b067e71c7be2f301f8f8d379576eef827c","core/src/main/java/org/elasticsearch/index/translog/TranslogWriter.java","18","0","6","7","221","324","0"
"elasticsearch","e458d4fd93136cfc42708d9311d05bee36f69321","src/main/java/org/elasticsearch/search/internal/DefaultSearchContext.java","18","0","6","96","506","704","0"
"netty","17e37fdfe6ccd397cee3e41e12975a527f722f6b","transport/src/main/java/io/netty/channel/ChannelFlushPromiseNotifier.java","18","0","7","0","119","207","0"
"elasticsearch","4a6f3c78408c316d9f6f212d2664adda13c54a44","core/src/test/java/org/elasticsearch/action/support/replication/ClusterStateCreationUtils.java","18","0","7","0","169","253","0"
"elasticsearch","28109a18a2dc1f30207d09bdfb2148e8d7906337","core/src/test/java/org/elasticsearch/action/support/replication/ClusterStateCreationUtils.java","18","0","7","0","177","261","1"
"elasticsearch","4b94eb5cb8cc4294ed0e932a5f22c16bd90d4dd7","core/src/main/java/org/elasticsearch/action/admin/cluster/node/stats/NodeStats.java","18","0","7","13","230","311","2"
"elasticsearch","860efb2ad28db09189c8423e05d0dba53010259c","core/src/main/java/org/elasticsearch/action/admin/cluster/node/stats/NodeStats.java","18","0","7","13","230","311","2"
"elasticsearch","d3417fb02291f26964d77767020ef345d18c148f","core/src/main/java/org/elasticsearch/action/admin/cluster/node/stats/NodeStats.java","18","0","7","13","230","311","0"
"antlr4","90071c69b850a0f3c79d7a67b3b51f51af61bb80","runtime/Java/src/org/antlr/v4/runtime/ANTLRInputStream.java","18","0","7","16","147","251","0"
"neo4j","163d0bd4868b719bb23dc1d48cbc5f577e5994b6","enterprise/kernel/src/main/java/org/neo4j/kernel/enterprise/builtinprocs/EnterpriseBuiltInDbmsProcedures.java","18","0","7","19","423","522","1"
"neo4j","07530adc6e64325f30ad4ef2b4efa48905cff328","enterprise/kernel/src/main/java/org/neo4j/kernel/enterprise/builtinprocs/EnterpriseBuiltInDbmsProcedures.java","18","0","7","19","430","529","0"
"netty","fa805c4c1308fd3a22d37e1ffcde96c0e898371b","transport/src/main/java/io/netty/bootstrap/Bootstrap.java","18","0","7","2","134","201","0"
"elasticsearch","09575eb95fa6da57c0e98435d079f50262f4d81b","src/test/java/org/elasticsearch/test/hamcrest/ElasticsearchAssertions.java","18","0","7","35","294","392","3"
"elasticsearch","35e5432354ee968e516ddeefbd842d3f1742b448","src/test/java/org/elasticsearch/test/hamcrest/ElasticsearchAssertions.java","18","0","7","36","300","399","2"
"elasticsearch","9c7032c42726b6c887ee119f1682ab6ff8b8a856","src/main/java/org/elasticsearch/index/fielddata/plain/PagedBytesIndexFieldData.java","18","0","7","4","160","259","1"
"netty","6cf2748dbb49485b7f0851054dd0ad1776f0c5bd","codec/src/main/java/io/netty/handler/codec/compression/JdkZlibEncoder.java","18","0","7","5","166","275","0"
"BroadleafCommerce","e216da5ebb303680f5c60ffcd75979f5876ab5a6","admin/broadleaf-open-admin-platform/src/main/java/org/broadleafcommerce/openadmin/web/form/component/ListGrid.java","18","0","7","66","337","490","0"
"junit","7663a302ff8392b07431e775965aa1dac2556ab9","src/main/java/org/junit/runners/model/TestClass.java","18","0","8","2","108","160","0"
"junit","d6f71260512973e70417b999f1efa9757659b1e1","src/main/java/org/junit/runners/model/TestClass.java","18","0","8","2","113","164","2"
"netty","3a4d64bb8404f59861acddec954b4ed3aa02f97b","codec-http/src/main/java/io/netty/handler/codec/http/multipart/HttpPostRequestDecoder.java","18","0","8","20","193","342","1"
"netty","caa15050204c9757f2a3e34511cf1d9d8447cd9c","codec-http/src/main/java/io/netty/handler/codec/http/multipart/HttpPostRequestDecoder.java","18","0","8","21","197","347","0"
"hazelcast","d53382a7a57f0dcd400bd7caa31fa277d82ce1a5","hazelcast/src/test/java/com/hazelcast/internal/partition/impl/InternalPartitionServiceLiteMemberTest.java","18","0","8","26","391","546","0"
"hazelcast","5a57eb26af471d5413737263c789905f0f3e8b1b","hazelcast/src/test/java/com/hazelcast/partition/impl/InternalPartitionServiceLiteMemberTest.java","18","0","8","26","395","534","0"
"hazelcast","f34e83292443343978a89a5b96c7169407827a1f","hazelcast/src/test/java/com/hazelcast/internal/partition/impl/InternalPartitionServiceLiteMemberTest.java","18","0","8","26","395","551","1"
"elasticsearch","371c73e14023917f3892090d2d3d7ff9ac1216b9","core/src/main/java/org/elasticsearch/cluster/routing/allocation/command/AllocationCommands.java","18","0","8","3","113","203","3"
"elasticsearch","78574d248cf10dad1c5a566fda79e1e0c94afe43","core/src/main/java/org/elasticsearch/cluster/routing/allocation/command/AllocationCommands.java","18","0","8","3","113","203","2"
"elasticsearch","e6aaaf11ed4a1b8f595f920de1840938eddb7a97","core/src/main/java/org/elasticsearch/cluster/routing/allocation/command/AllocationCommands.java","18","0","8","3","113","203","2"
"elasticsearch","a60b8948ba1d836a6eac7cff095519e618939ed8","core/src/main/java/org/elasticsearch/cluster/routing/allocation/command/AllocationCommands.java","18","0","8","3","113","203","0"
"netty","d509425b9013af0aefcd2392547d445406b600d9","handler/src/main/java/io/netty/handler/queue/BufferedWriteHandler.java","18","0","8","3","150","355","1"
"elasticsearch","d26becc040036b625dde751704d7537742c97e09","core/src/main/java/org/elasticsearch/search/aggregations/metrics/percentiles/PercentileRanksAggregationBuilder.java","18","0","8","6","206","298","0"
"elasticsearch","371c73e14023917f3892090d2d3d7ff9ac1216b9","core/src/main/java/org/elasticsearch/index/query/TermQueryBuilder.java","18","0","9","2","112","165","3"
"elasticsearch","78574d248cf10dad1c5a566fda79e1e0c94afe43","core/src/main/java/org/elasticsearch/index/query/TermQueryBuilder.java","18","0","9","2","112","165","2"
"elasticsearch","e6aaaf11ed4a1b8f595f920de1840938eddb7a97","core/src/main/java/org/elasticsearch/index/query/TermQueryBuilder.java","18","0","9","2","112","165","2"
"elasticsearch","a60b8948ba1d836a6eac7cff095519e618939ed8","core/src/main/java/org/elasticsearch/index/query/TermQueryBuilder.java","18","0","9","2","112","165","0"
"BroadleafCommerce","4fbe9c9e0cdcb3fca5932915294065477822bdab","admin/broadleaf-open-admin-platform/src/main/java/org/broadleafcommerce/openadmin/web/service/FormBuilderServiceImpl.java","180","0","1","19","955","1246","11"
"BroadleafCommerce","f9519f5ac9832d1274034596cbcca326328a3406","admin/broadleaf-open-admin-platform/src/main/java/org/broadleafcommerce/openadmin/web/service/FormBuilderServiceImpl.java","180","0","1","19","956","1249","3"
"BroadleafCommerce","c8e97392a5f5bcdf3517f0c555f934f418e2ddf4","admin/broadleaf-open-admin-platform/src/main/java/org/broadleafcommerce/openadmin/server/service/persistence/module/BasicPersistenceModule.java","180","0","1","45","1079","1256","2"
"BroadleafCommerce","90ecc4166cb55520ba57e30c300dab367e8f6106","admin/broadleaf-open-admin-platform/src/main/java/org/broadleafcommerce/openadmin/server/service/persistence/module/BasicPersistenceModule.java","180","0","1","45","1080","1257","3"
"elasticsearch","4013980b115497e589bec415a1948d600a28f7fd","src/main/java/org/elasticsearch/cluster/metadata/MetaData.java","180","0","14","67","945","1229","3"
"elasticsearch","3b4b05e2c971d4e5614a1684bc0d1ea94e6d3b9b","src/main/java/org/elasticsearch/cluster/metadata/MetaData.java","180","0","15","66","945","1236","2"
"elasticsearch","a8e43578a256f7ab87e3c210349ba15d4f778d20","src/main/java/org/elasticsearch/index/mapper/MapperService.java","180","0","17","31","847","1078","0"
"BroadleafCommerce","89ab11fc4ad655261735d86bf697f21900eb5357","admin/broadleaf-open-admin-platform/src/main/java/org/broadleafcommerce/openadmin/server/dao/DynamicEntityDaoImpl.java","180","0","2","43","1243","1413","1"
"orientdb","b9767777f24c8eb0d1dcfaa1c57d2dd7d3d1692b","distributed/src/main/java/com/orientechnologies/orient/server/hazelcast/OHazelcastPlugin.java","180","0","4","31","918","1271","1"
"elasticsearch","dc900a08a6c6f346656105fa0e2484ed186f8461","core/src/main/java/org/elasticsearch/search/builder/SearchSourceBuilder.java","180","0","53","24","1013","1383","2"
"elasticsearch","56834e3c38b509f17f9a23db1edf6ae0444f8159","core/src/main/java/org/elasticsearch/search/builder/SearchSourceBuilder.java","180","0","53","24","1016","1386","3"
"orientdb","19569b59d67b1a75ab5057970d26191c68b73d64","distributed/src/main/java/com/orientechnologies/orient/server/hazelcast/OHazelcastPlugin.java","180","0","6","49","1064","1480","2"
"orientdb","2480cad1cb056d15477c6d59e42b53039aab89fd","distributed/src/main/java/com/orientechnologies/orient/server/hazelcast/OHazelcastPlugin.java","180","0","6","49","1066","1482","2"
"elasticsearch","808ef6cec798fb186c8638dcddec3dc25f4e9067","core/src/main/java/org/elasticsearch/search/builder/SearchSourceBuilder.java","180","0","62","21","980","1396","1"
"orientdb","58ec800828f7181ec8c7739492c003d95b3644c6","core/src/main/java/com/orientechnologies/orient/core/serialization/serializer/record/string/ORecordSerializerJSON.java","181","0","0","11","600","768","0"
"elasticsearch","d43f3d83d8bae03e6d202b9d7037013cae70a954","src/main/java/org/elasticsearch/cluster/metadata/MetaData.java","181","0","15","66","948","1240","2"
"elasticsearch","cf30cb1caabd9d4117261120cdd85c9d2d6c3559","src/main/java/org/elasticsearch/cluster/metadata/MetaData.java","181","0","15","66","949","1240","2"
"netty","81fb2eede866433be8455c040b0455d4791775ca","handler/src/main/java/io/netty/handler/ssl/SslHandler.java","181","0","25","16","1196","1885","0"
"ceylon-ide-eclipse","8ac72e61b5d1d52fe7c350f205f667a031f6ac2c","plugins/com.redhat.ceylon.eclipse.ui/src/com/redhat/ceylon/eclipse/code/editor/CeylonEditor.java","181","0","4","31","1818","2295","0"
"ceylon-ide-eclipse","5b4c3eac8a7c12c0125a77343e602b4e73083595","plugins/com.redhat.ceylon.eclipse.ui/src/com/redhat/ceylon/eclipse/code/editor/CeylonEditor.java","181","0","4","31","1819","2296","0"
"orientdb","5f08f6883359d1b65d97b1a75224898dceac8b67","distributed/src/main/java/com/orientechnologies/orient/server/hazelcast/OHazelcastPlugin.java","181","0","4","31","919","1272","0"
"orientdb","c152e9aa8d5c2e33209ba0b260783e18cf531295","distributed/src/main/java/com/orientechnologies/orient/server/hazelcast/OHazelcastPlugin.java","181","0","6","49","1071","1489","1"
"ceylon-ide-eclipse","8a9998b29dc08a027907f72ced9bed987e7e9df6","plugins/com.redhat.ceylon.eclipse.ui/src/com/redhat/ceylon/eclipse/code/open/OpenDeclarationDialog.java","182","0","0","10","1289","1506","1"
"ceylon-ide-eclipse","83af6eee34951a586d4cf9b3d94eb61c1210c5d0","plugins/com.redhat.ceylon.eclipse.ui/src/com/redhat/ceylon/eclipse/core/model/JDTModule.java","182","0","0","43","997","1146","1"
"hazelcast","3187877a380d3982ed060399adb1a86b68e7c46c","hazelcast/src/main/java/com/hazelcast/cluster/ClusterServiceImpl.java","182","0","1","33","1102","1271","2"
"ceylon-ide-eclipse","30b484af1265b5a74a73e0e4a43b2068c02e71cb","plugins/com.redhat.ceylon.eclipse.ui/src/com/redhat/ceylon/eclipse/core/debug/DebugUtils.java","182","0","1","35","786","901","1"
"orientdb","46914472c6c9b62606dd9ee43e13a164c82e5842","core/src/main/java/com/orientechnologies/orient/core/index/hashindex/local/cache/OWOWCache.java","182","0","1","36","1164","1496","2"
"orientdb","45bc5a97e1c5adad084799ca723decae53aacb3f","core/src/main/java/com/orientechnologies/orient/core/index/hashindex/local/cache/OWOWCache.java","182","0","1","36","1165","1498","1"
"BroadleafCommerce","28c29c993d37f222bc59daf04799764a6d2b199b","admin/broadleaf-open-admin-platform/src/main/java/org/broadleafcommerce/openadmin/server/dao/DynamicEntityDaoImpl.java","182","0","2","35","1208","1361","1"
"netty","f05b7b0b7efe17d8eaeb6386f482c4b302588d8c","src/main/java/io/netty/handler/codec/http/HttpPostRequestDecoder.java","182","0","29","0","994","1492","0"
"ceylon-ide-eclipse","61193167d90dcc68b17733d1a0fb89f1be06e1f2","plugins/com.redhat.ceylon.eclipse.ui/src/com/redhat/ceylon/eclipse/code/editor/CeylonEditor.java","182","0","4","31","1825","2295","0"
"orientdb","f13e93face1ed758328d0172611feb8184ed0323","core/src/main/java/com/orientechnologies/orient/core/sql/parser/OrientSqlTokenManager.java","1827","0","8","0","3971","4004","1"
"ceylon-ide-eclipse","142affd9309b6c998662ff091c36afbdc286ffe0","plugins/com.redhat.ceylon.eclipse.ui/src/com/redhat/ceylon/eclipse/core/model/JDTModule.java","183","0","0","43","999","1145","0"
"orientdb","567dc93cca1056c9b2aa72636e7e671ced994a8e","core/src/main/java/com/orientechnologies/orient/core/index/hashindex/local/OLocalHashTable.java","183","0","1","23","1441","1863","1"
"orientdb","8baec26b49efeffdba1d1c5d07b841612e6253c2","core/src/main/java/com/orientechnologies/orient/core/index/hashindex/local/OLocalHashTable.java","183","0","1","23","1445","1869","0"
"orientdb","50bb0365603295268745639338630da96d9c93fc","core/src/main/java/com/orientechnologies/orient/core/index/hashindex/local/OLocalHashTable.java","183","0","1","23","1445","1870","0"
"orientdb","b27bb99f64f5a211acd2f1639a5895ce09a1b883","core/src/main/java/com/orientechnologies/orient/core/index/hashindex/local/OLocalHashTable.java","183","0","1","23","1447","1872","0"
"BroadleafCommerce","9c3ff9c5826440e31be63fbeb2710cc95580cbd7","admin/broadleaf-open-admin-platform/src/main/java/org/broadleafcommerce/openadmin/server/service/persistence/module/BasicPersistenceModule.java","183","0","1","45","1083","1260","4"
"BroadleafCommerce","53b1eafe914c9767c0942a5b5c2e070c858478d6","admin/broadleaf-open-admin-platform/src/main/java/org/broadleafcommerce/openadmin/server/service/persistence/module/BasicPersistenceModule.java","183","0","1","45","1084","1261","3"
"BroadleafCommerce","a7fa0ce16636fc9703e358a43f83a42b1e68d6cb","admin/broadleaf-open-admin-platform/src/main/java/org/broadleafcommerce/openadmin/server/service/persistence/module/BasicPersistenceModule.java","183","0","1","45","1091","1268","2"
"netty","f7be7ba735a205b57b4b59c5220451b7290310a1","src/main/java/io/netty/handler/codec/http/HttpPostRequestDecoder.java","183","0","29","0","1004","1504","0"
"elasticsearch","a6510f924520d8cdda2636ac85a1a1e43f6dfb8c","src/main/java/org/elasticsearch/snapshots/SnapshotsService.java","183","0","33","5","1058","1558","0"
"elasticsearch","e3d379fb0808f4f560673b4a2fde61a60b44acf7","src/main/java/org/elasticsearch/snapshots/SnapshotsService.java","183","0","33","5","1058","1558","0"
"elasticsearch","d8f16178d3f21b4f9d17da12e7aa61613fc2c27a","src/main/java/org/elasticsearch/snapshots/SnapshotsService.java","183","0","33","5","1058","1558","1"
"elasticsearch","9110f4f6541f7b2471e6efa9751cc93890a2d6ac","core/src/test/java/org/elasticsearch/index/translog/TranslogTests.java","183","0","4","45","1553","1817","1"
"elasticsearch","e7f9d685f1133710e7ec52eea064ea690823472b","core/src/test/java/org/elasticsearch/index/translog/TranslogTests.java","183","0","4","46","1601","1872","0"
"ceylon-ide-eclipse","601ed8c4971b38b64580be03882915ad4882da8a","plugins/com.redhat.ceylon.eclipse.ui/src/com/redhat/ceylon/eclipse/code/open/OpenDeclarationDialog.java","184","0","0","10","1296","1513","0"
"elasticsearch","1e7c42447999421ea789d51279496017d34b15d0","core/src/main/java/org/elasticsearch/index/engine/InternalEngine.java","184","0","0","24","1185","1540","1"
"mcMMO","c10525ada9ed2c0b77c518089a300e3b4e32e7c1","src/main/java/com/gmail/nossr50/database/SQLDatabaseManager.java","184","0","1","16","1298","1651","1"
"ceylon-ide-eclipse","92115e3f503443fbadaacf32f4b14d3fdb79a252","plugins/com.redhat.ceylon.eclipse.ui/src/com/redhat/ceylon/eclipse/core/debug/DebugUtils.java","184","0","1","40","864","989","0"
"netty","b2e77beb4603d9df613f23ff02f74944edc94f1f","codec-http/src/main/java/io/netty/handler/codec/http/HttpPostRequestDecoder.java","184","0","29","0","1002","1500","1"
"netty","4bafb4f95b38dbccfdd4d95cc3e591676c1f4a3c","handler/src/main/java/io/netty/handler/ssl/OpenSslEngine.java","184","0","3","26","1038","1346","0"
"netty","4619e88a7b1b90b3a341d0aa0aa22f2899d7fb8d","handler/src/main/java/io/netty/handler/ssl/OpenSslEngine.java","184","0","3","26","1039","1347","0"
"elasticsearch","3512860956aa28cfd10125299709fb1863342865","src/main/java/org/elasticsearch/snapshots/SnapshotsService.java","184","0","33","5","1072","1573","3"
"elasticsearch","326fa33d4e805ad0b99a31af388e9ba1c05ed0cb","core/src/main/java/org/elasticsearch/index/shard/IndexShard.java","184","0","45","62","1516","2177","1"
"elasticsearch","cd57395c9814663ded30b84e9706b1920eaf0ee5","core/src/main/java/org/elasticsearch/index/shard/IndexShard.java","184","0","45","62","1517","2178","0"
"elasticsearch","0cf1d16187fcf10e9d0e64402bb6d0ebba5d7b80","core/src/main/java/org/elasticsearch/search/builder/SearchSourceBuilder.java","184","0","62","23","1002","1422","2"
"ceylon-ide-eclipse","b2adf5db64aa8c87138e1146962cfb848bb140df","plugins/com.redhat.ceylon.eclipse.ui/src/com/redhat/ceylon/eclipse/code/open/OpenDeclarationDialog.java","185","0","0","10","1303","1520","0"
"titan","624a0e1c014b7b589db531167a9c5f171b2555a9","src/main/java/com/thinkaurelius/titan/graphdb/database/StandardTitanGraph.java","185","0","0","17","828","1004","0"
"titan","38b70fe4708eee2fb5b8646613f8e62777c9c0b0","src/main/java/com/thinkaurelius/titan/graphdb/database/StandardTitanGraph.java","185","0","0","17","829","1006","0"
"hazelcast","efe1516e3d894017a3fc167596979c090726a2e7","hazelcast/src/main/java/com/hazelcast/impl/BaseManager.java","185","0","0","59","1289","1549","1"
"orientdb","4d5e94e81781d6ca098a4dd008a82532697b9b94","core/src/main/java/com/orientechnologies/orient/core/serialization/serializer/record/string/ORecordSerializerCSVAbstract.java","185","0","0","7","629","837","1"
"elasticsearch","f735baf306571ec9949514a14828f18058972044","src/main/java/org/elasticsearch/index/engine/InternalEngine.java","185","0","1","21","1107","1376","2"
"hazelcast","6e6c894ce8e91a01b995e3782ae518cf6156fb9e","hazelcast/src/main/java/com/hazelcast/cluster/ClusterServiceImpl.java","185","0","1","33","968","1100","1"
"orientdb","19569b59d67b1a75ab5057970d26191c68b73d64","core/src/main/java/com/orientechnologies/orient/core/index/hashindex/local/cache/OWOWCache.java","185","0","1","38","1238","1618","0"
"orientdb","80e2550436da767ebf8944339a885037569a8271","core/src/main/java/com/orientechnologies/orient/core/index/hashindex/local/cache/OWOWCache.java","185","0","1","40","1246","1630","0"
"orientdb","88ad8ea3fe4afb50ee5e1043e1a252809ca09f9b","server/src/main/java/com/orientechnologies/orient/server/distributed/ODistributedStorage.java","185","0","1","83","1150","1584","2"
"orientdb","f1e8f8049bd85035ddc3e1922bfd8d944a15dfdb","server/src/main/java/com/orientechnologies/orient/server/distributed/ODistributedStorage.java","185","0","1","83","1151","1587","1"
"BroadleafCommerce","7dccc8c69dbdb0edb83f85e6c1f8b819e420a815","admin/broadleaf-open-admin-platform/src/main/java/org/broadleafcommerce/openadmin/server/dao/DynamicEntityDaoImpl.java","185","0","2","36","1237","1396","0"
"netty","8bc21ecdd0a21e116d11f972e24e4eb3255ba851","handler/src/main/java/io/netty/handler/ssl/OpenSslEngine.java","185","0","3","26","1042","1350","0"
"elasticsearch","06417a85e09543c870e692b774985ca738bfa828","src/main/java/org/elasticsearch/snapshots/SnapshotsService.java","185","0","33","5","1076","1577","2"
"orientdb","af83d394d604c2287c703c4a01b53479bede595a","core/src/main/java/com/orientechnologies/orient/core/sql/parser/OrientSqlTokenManager.java","1854","0","8","0","4021","4054","0"
"ceylon-ide-eclipse","5d57073a6dc1dac31988252d9779be647003269e","plugins/com.redhat.ceylon.eclipse.ui/src/com/redhat/ceylon/eclipse/core/model/JDTModule.java","186","0","0","43","1005","1150","0"
"ceylon-ide-eclipse","375ecdbaca3f99a4d1d12dd96628808199d9b9c2","plugins/com.redhat.ceylon.eclipse.ui/src/com/redhat/ceylon/eclipse/core/model/JDTModule.java","186","0","0","43","1007","1152","0"
"ceylon-ide-eclipse","705f25ee8fec8f60095b5c2a936585007422cbd5","plugins/com.redhat.ceylon.eclipse.ui/src/com/redhat/ceylon/eclipse/core/model/JDTModule.java","186","0","0","43","999","1143","1"
"hazelcast","90c55206830fb0eedaba09009ee62ea06d3d555e","hazelcast/src/main/java/com/hazelcast/impl/BaseManager.java","186","0","0","59","1292","1552","0"
"hazelcast","8fedca61a470cc84c5f9aaad2775615579967cc9","hazelcast/src/main/java/com/hazelcast/impl/BaseManager.java","186","0","0","59","1294","1555","0"
"orientdb","4b8c1b4bee963afd4c65f5c9f83e35b79a842609","core/src/main/java/com/orientechnologies/orient/core/serialization/serializer/record/string/ORecordSerializerCSVAbstract.java","186","0","0","7","624","832","0"
"orientdb","f2c3273e9f37bffc0c99099735b1a09364360430","core/src/main/java/com/orientechnologies/orient/core/index/sbtree/local/OSBTree.java","186","0","1","26","1535","1958","0"
"elasticsearch","fcee329332d30b26df4b4380be1f64dc327c419a","core/src/test/java/org/elasticsearch/index/translog/TranslogTests.java","186","0","4","46","1576","1843","2"
"elasticsearch","cbd0a8b067e71c7be2f301f8f8d379576eef827c","core/src/test/java/org/elasticsearch/index/translog/TranslogTests.java","186","0","4","46","1586","1853","0"
"orientdb","adddd500f5b684336e6d81b081c449dabe52977d","distributed/src/main/java/com/orientechnologies/orient/server/hazelcast/OHazelcastPlugin.java","186","0","6","49","1099","1526","2"
"MapDB","881e31a4ba43c3a95aaf04e8e2191d19d2f87f31","src/main/java/org/mapdb/DB.java","186","0","90","56","1491","2248","0"
"MapDB","9e1525e55c4745cfdb6d5cb93980a5d3380f4235","src/main/java/org/mapdb/DB.java","186","0","90","56","1492","2248","1"
"elasticsearch","775638c281e36657bcd3990b15592b1ef6486142","core/src/main/java/org/elasticsearch/index/engine/InternalEngine.java","187","0","0","25","1209","1569","0"
"MapDB","443379a6869dc870eb0633aa14460acd8d2b1959","src/main/java/org/mapdb/StoreWAL.java","187","0","1","13","945","1241","2"
"MapDB","967d502ba59a1550d6f810c6ba63772c4eeeabec","src/main/java/org/mapdb/StoreWAL.java","187","0","1","13","946","1241","1"
"orientdb","2dfe0b0c51d0e5321a392597c005438a4fb0d7fb","core/src/main/java/com/orientechnologies/orient/core/index/hashindex/local/cache/OWOWCache.java","187","0","1","38","1259","1643","0"
"orientdb","127ce10262f1c3de42f0e3c50d17e886d67c85e3","server/src/main/java/com/orientechnologies/orient/server/distributed/ODistributedStorage.java","187","0","1","80","1156","1590","2"
"hazelcast","f76b0c0f1372a7b1f2d84c33f88ac7aed1f61684","hazelcast/src/main/java/com/hazelcast/impl/PartitionManager.java","187","0","4","29","914","1059","1"
"elasticsearch","34ef5306d2ead72f8faa6df23195829d5c522de9","core/src/test/java/org/elasticsearch/index/translog/TranslogTests.java","187","0","4","46","1579","1846","1"
"hazelcast","9621be68c5053bc6bad0f97ec7da6f937d658d02","hazelcast/src/main/java/com/hazelcast/map/DefaultRecordStore.java","187","0","5","53","1359","1694","3"
"orientdb","b2591aeb503daa734eb311180aad6dba1faa2bd1","client/src/main/java/com/orientechnologies/orient/client/remote/OStorageRemote.java","187","0","5","87","1287","1646","0"
"orientdb","c4c9bf9309d8f81e631c0df065283058c717dfdb","client/src/main/java/com/orientechnologies/orient/client/remote/OStorageRemote.java","187","0","5","87","1287","1648","1"
"ceylon-ide-eclipse","5218629d8bd554eee987142029a83f3d4067c6da","plugins/com.redhat.ceylon.eclipse.ui/src/com/redhat/ceylon/eclipse/code/open/OpenDeclarationDialog.java","188","0","0","10","1204","1363","1"
"MapDB","675f2336bbd18a65b28e42f36ca1f440c92e41e2","src/main/java/org/mapdb/StoreWAL.java","188","0","1","13","947","1241","2"
"BroadleafCommerce","72576fdfe516d7fcad266362c0160430c3ff2a75","admin/broadleaf-open-admin-platform/src/main/java/org/broadleafcommerce/openadmin/web/service/FormBuilderServiceImpl.java","188","0","1","19","992","1288","2"
"elasticsearch","faae98c5d8a27bada65691fe7c48a6f9316eb467","src/main/java/org/elasticsearch/index/engine/InternalEngine.java","188","0","1","21","1120","1392","3"
"orientdb","eda978aeda4e2d46618285fcb1d73642a30164c2","core/src/main/java/com/orientechnologies/orient/core/index/hashindex/local/OLocalHashTable.java","188","0","1","23","1594","2016","1"
"orientdb","1a1fe55db47d03aa65fd180fe2c52de1268c6b53","core/src/main/java/com/orientechnologies/orient/core/index/hashindex/local/OLocalHashTable.java","188","0","1","24","1575","1998","0"
"hazelcast","15ad63e930e2d564e6911025f5d234fd4144e345","hazelcast/src/main/java/com/hazelcast/cluster/ClusterServiceImpl.java","188","0","1","33","1144","1318","1"
"orientdb","0190a833a8532918adf08aa2ffedd28a2ad1a193","server/src/main/java/com/orientechnologies/orient/server/distributed/ODistributedStorage.java","188","0","1","80","1156","1590","1"
"orientdb","03cfb73aaa9734e2f0ad56ce976e30d8231ac043","client/src/main/java/com/orientechnologies/orient/client/remote/OStorageRemote.java","188","0","5","90","1344","1712","1"
"orientdb","1588c28b4906c47b12518029d176da10704b37e9","client/src/main/java/com/orientechnologies/orient/client/remote/OStorageRemote.java","188","0","5","90","1344","1712","1"
"orientdb","667feacbdd9cea2ac8af1d9f081a96a43d9b62b0","client/src/main/java/com/orientechnologies/orient/client/remote/OStorageRemote.java","188","0","5","90","1344","1712","0"
"hazelcast","76f100fcbb939bdadb9e383d401cbc02349fe851","hazelcast/src/main/java/com/hazelcast/cluster/ClusterServiceImpl.java","189","0","1","33","987","1121","0"
"orientdb","85252d6cf1dc1113daa69fc432e2facc065c6149","core/src/main/java/com/orientechnologies/orient/core/sql/parser/OMathExpression.java","189","0","4","41","835","1030","1"
"hazelcast","57936ca5af77a39a29a27233a6f1b5c994d1e933","hazelcast/src/main/java/com/hazelcast/map/DefaultRecordStore.java","189","0","4","54","1364","1699","5"
"hazelcast","c7df9d6ba5b6e60a13fc8afef10f5357281ffc1b","hazelcast/src/main/java/com/hazelcast/impl/PartitionManager.java","189","0","5","29","922","1073","0"
"elasticsearch","67c41d2e77f5e27ab546ab5d3519639fb833b371","core/src/main/java/org/elasticsearch/action/search/ExpandSearchPhase.java","19","0","0","0","101","150","0"
"hazelcast","2c9f047c50d17d673fc19ecabccf2239611417b6","hazelcast/src/main/java/com/hazelcast/internal/partition/impl/MigrationThread.java","19","0","0","0","104","147","0"
"hazelcast","86b064ba3f1e467e74e95d6da24b03122065ce36","hazelcast/src/main/java/com/hazelcast/internal/partition/impl/MigrationThread.java","19","0","0","0","106","157","2"
"netty","1cb706ac932bab732257e02fc095d91ff7ed3788","codec-http2/src/main/java/io/netty/handler/codec/http2/internal/hpack/HuffmanDecoder.java","19","0","0","0","112","217","0"
"hazelcast","12830cf4db72fc7d71edd8a20ee15fba533ab6a8","hazelcast/src/test/java/com/hazelcast/test/mocknetwork/MockJoiner.java","19","0","0","0","138","186","1"
"hazelcast","8b6096c43f14f01004981b67db015c39f1c9e037","hazelcast/src/test/java/com/hazelcast/test/mocknetwork/MockJoiner.java","19","0","0","0","138","187","2"
"hazelcast","0d4224c8a9c789e5a41351a6c0fab40bf1272fcd","hazelcast/src/main/java/com/hazelcast/nio/tcp/AbstractIOSelector.java","19","0","0","0","142","184","2"
"elasticsearch","25fd9e26c4fb042d6f6dea14efcd239577bdbbc4","core/src/main/java/org/elasticsearch/action/search/SearchScrollQueryAndFetchAsyncAction.java","19","0","0","0","143","182","0"
"elasticsearch","2bd09c4625898d77aa6c015c6f82cf973ed18cb7","core/src/main/java/org/elasticsearch/action/search/SearchScrollQueryAndFetchAsyncAction.java","19","0","0","0","143","182","0"
"elasticsearch","56cc87b7ccd41040d8fafcaf2da3680d96d10839","core/src/main/java/org/elasticsearch/action/search/SearchScrollQueryAndFetchAsyncAction.java","19","0","0","0","143","182","0"
"elasticsearch","9738ef3a90bec148abbe55dec6f6183190fa4713","core/src/main/java/org/elasticsearch/action/search/SearchScrollQueryAndFetchAsyncAction.java","19","0","0","0","143","182","0"
"elasticsearch","3d13c27fa0df12018f35f1b20987c90277e9b6f9","core/src/main/java/org/elasticsearch/action/search/SearchScrollQueryAndFetchAsyncAction.java","19","0","0","0","143","182","1"
"hazelcast","86b80adb102d46ad1bfdbac4859cf32d6af27669","hazelcast-client/src/main/java/com/hazelcast/client/spi/impl/ClientMembershipEventHandler.java","19","0","0","0","148","174","0"
"hazelcast","175512d34ec2fecf0c222c1f2ad5de55b0bc629e","hazelcast-client/src/main/java/com/hazelcast/client/txn/TransactionProxy.java","19","0","0","0","149","196","1"
"ceylon-ide-eclipse","8ac72e61b5d1d52fe7c350f205f667a031f6ac2c","plugins/com.redhat.ceylon.eclipse.ui/src/com/redhat/ceylon/eclipse/code/refactor/AbstractRefactoring.java","19","0","0","0","153","184","0"
"hazelcast","9144e8128c3d271554f7230ee32e4d2e102fe811","hazelcast/src/main/java/com/hazelcast/nio/serialization/ClassDefinitionImpl.java","19","0","0","0","154","200","0"
"netty","31b319a5dc531d8c02c400d312ab9e85e90e614b","src/main/java/org/jboss/netty/channel/local/DefaultLocalChannel.java","19","0","0","0","155","215","1"
"netty","220d95fe0d396821f08329fffd96edc1b47c37c1","src/main/java/org/jboss/netty/channel/local/DefaultLocalChannel.java","19","0","0","0","162","223","0"
"hazelcast","026908635d1669d602c1610ef76c73d74a370df0","hazelcast/src/main/java/com/hazelcast/map/AbstractRecordStore.java","19","0","0","0","170","213","0"
"hazelcast","6474545aa5329fefb6b8aca3d96457f3fd89c46c","hazelcast/src/main/java/com/hazelcast/map/AbstractRecordStore.java","19","0","0","0","175","219","2"
"netty","4158152b24c1e20cc9d024486a6bc6a0ee336a92","codec/src/main/java/io/netty/handler/codec/embedder/AbstractCodecEmbedder.java","19","0","0","0","180","259","0"
"hazelcast","31e751fe54149f3442b3c9d5a4f1222b7d18482b","hazelcast-client/src/main/java/com/hazelcast/client/spi/impl/ClientPartitionServiceImpl.java","19","0","0","0","182","234","1"
"netty","58b968b6036dc194dce5a3e70d05d493b2fb6b58","transport-rxtx/src/main/java/io/netty/channel/rxtx/DefaultRxtxChannelConfig.java","19","0","0","0","184","236","0"
"neo4j","886dbb454deaae6adcb4ff26e76f6e225eedca55","enterprise/core-edge/src/main/java/org/neo4j/coreedge/raft/log/segmented/Segments.java","19","0","0","0","184","256","0"
"hazelcast","10efc4f564876813e0cb3468ed6d425394a56aeb","hazelcast/src/main/java/com/hazelcast/map/impl/recordstore/BasicRecordStoreLoader.java","19","0","0","0","188","254","0"
"hazelcast","3eb746e655f8bd4a99b06a4612489c7f1c7c1ddf","hazelcast-client/src/main/java/com/hazelcast/client/spi/impl/ClientClusterServiceImpl.java","19","0","0","0","195","246","1"
"hazelcast","8a794d32e7439be3d0069c1a1285ee94cff928bc","hazelcast-client/src/main/java/com/hazelcast/client/spi/impl/ClientClusterServiceImpl.java","19","0","0","0","195","246","2"
"hazelcast","623ff1855aa985aa276e8395aabf0b534c7a36c3","hazelcast-client/src/main/java/com/hazelcast/client/spi/impl/ClientClusterServiceImpl.java","19","0","0","0","195","246","0"
"netty","1f27c3b39060e544b4d3aaf05b700dd5c433a0cd","transport-rxtx/src/main/java/io/netty/channel/rxtx/DefaultRxtxChannelConfig.java","19","0","0","0","195","248","0"
"netty","77b4ec7e1bc0b8c6111728cc074226dd9cfe1b73","transport-rxtx/src/main/java/io/netty/channel/rxtx/DefaultRxtxChannelConfig.java","19","0","0","0","201","255","1"
"elasticsearch","17ad88d539ded5a935fc7c37e13a565a3b4a697c","modules/transport-netty4/src/main/java/org/elasticsearch/http/netty4/Netty4HttpChannel.java","19","0","0","0","201","269","0"
"netty","cc4198971e08cc28c662589e90ed1a10a5be9ab4","transport-rxtx/src/main/java/io/netty/channel/rxtx/DefaultRxtxChannelConfig.java","19","0","0","0","206","261","0"
"netty","9d4fae308c09a2c759dc67db765d311154c8d977","transport-rxtx/src/main/java/io/netty/channel/rxtx/DefaultRxtxChannelConfig.java","19","0","0","0","214","269","1"
"netty","3e5dcb5f3efbb26d5e6cf4cd229b03c285d62462","transport-rxtx/src/main/java/io/netty/channel/rxtx/DefaultRxtxChannelConfig.java","19","0","0","0","222","278","0"
"elasticsearch","977712f9773c3eecea3958a5b8ddf934207775a6","core/src/main/java/org/elasticsearch/action/search/AbstractSearchAsyncAction.java","19","0","0","0","225","315","2"
"elasticsearch","2ed1f7a3390420835f9b270d20c5d512ba197827","core/src/main/java/org/elasticsearch/action/search/AbstractSearchAsyncAction.java","19","0","0","0","226","315","1"
"elasticsearch","149629fec657e9948488195087f30583cd561f11","core/src/main/java/org/elasticsearch/action/search/AbstractSearchAsyncAction.java","19","0","0","0","226","316","0"
"elasticsearch","ec1afe30ea9c34f7d63da273a3077c28a4849e4f","core/src/main/java/org/elasticsearch/action/search/AbstractSearchAsyncAction.java","19","0","0","0","227","317","0"
"elasticsearch","0d0c103451948ac210e229597da2f0fdb50ef618","core/src/main/java/org/elasticsearch/action/search/AbstractSearchAsyncAction.java","19","0","0","0","233","324","0"
"elasticsearch","634ce90dc06f20888a4ff655985a6baccf25a7db","core/src/main/java/org/elasticsearch/action/search/AbstractSearchAsyncAction.java","19","0","0","0","233","324","0"
"elasticsearch","b3e7e85cf110b6d48cab4f82fa1fc689975e81de","core/src/main/java/org/elasticsearch/action/search/AbstractSearchAsyncAction.java","19","0","0","0","233","324","0"
"elasticsearch","0310a6a947e43f187028d866972c2173b64c4429","core/src/main/java/org/elasticsearch/action/search/AbstractSearchAsyncAction.java","19","0","0","0","233","324","1"
"elasticsearch","e00db235bc1aa0765f5b21a9dc40a4e94197b68c","core/src/main/java/org/elasticsearch/action/search/AbstractSearchAsyncAction.java","19","0","0","0","233","324","1"
"hazelcast","18f96b031b99440d92e94924f062931d6c376c48","hazelcast/src/main/java/com/hazelcast/map/impl/operation/AbstractMultipleEntryOperation.java","19","0","0","0","244","318","1"
"hazelcast","59cb2e8ff78643aed3594a8f5ba7b41d8eeb5759","hazelcast/src/main/java/com/hazelcast/map/impl/operation/AbstractMultipleEntryOperation.java","19","0","0","0","245","320","3"
"hazelcast","7bee24db3e8907bf4bacd9723a3269b74c33728b","hazelcast-client/src/test/java/com/hazelcast/client/test/TestClientRegistry.java","19","0","0","0","249","319","2"
"hazelcast","464ceb2bc27dbe2e0b5d67438073afbd3c75b06b","hazelcast-client/src/test/java/com/hazelcast/client/test/TestClientRegistry.java","19","0","0","0","252","324","1"
"hazelcast","98b898503b40f5fd2d50677d8eb7d145a361ff50","hazelcast-client/src/test/java/com/hazelcast/client/test/TestClientRegistry.java","19","0","0","0","252","324","2"
"hazelcast","7f5b63a482cfdd9c764f42239626c8d9248949a4","hazelcast-client/src/test/java/com/hazelcast/client/test/TestClientRegistry.java","19","0","0","0","252","324","0"
"hazelcast","f745f9d46756c8cc57388c8172c0eafbd70c9c46","hazelcast-client/src/test/java/com/hazelcast/client/cache/nearcache/ClientNearCacheTestSupport.java","19","0","0","0","254","353","2"
"hazelcast","5917446b9901b1bc4ab314eb8c106e22ca50f3e3","hazelcast-client/src/test/java/com/hazelcast/client/cache/nearcache/ClientNearCacheTestSupport.java","19","0","0","0","262","361","2"
"neo4j","036e0742c9800ed47922595c97274b360cfbc9ef","enterprise/server-enterprise/src/test/java/org/neo4j/server/rest/security/RESTInteraction.java","19","0","0","0","275","330","1"
"neo4j","e7b3407f3dfe22e4029042512fbf88c2d60aa94d","enterprise/ha/src/test/java/org/neo4j/ha/correctness/ClusterInstance.java","19","0","0","0","302","392","1"
"neo4j","a2206e2451ffe226128a69a43f7f1f59409a0217","enterprise/ha/src/test/java/org/neo4j/ha/correctness/ClusterInstance.java","19","0","0","0","309","403","0"
"ceylon-ide-eclipse","8ac72e61b5d1d52fe7c350f205f667a031f6ac2c","plugins/com.redhat.ceylon.eclipse.ui/src/com/redhat/ceylon/eclipse/code/editor/PeekDefinitionPopup.java","19","0","0","0","336","424","0"
"ceylon-ide-eclipse","5b4c3eac8a7c12c0125a77343e602b4e73083595","plugins/com.redhat.ceylon.eclipse.ui/src/com/redhat/ceylon/eclipse/code/editor/PeekDefinitionPopup.java","19","0","0","0","337","425","0"
"ceylon-ide-eclipse","d8babdb645d8d8594721684e8986da485e3717db","plugins/com.redhat.ceylon.eclipse.ui/src/com/redhat/ceylon/eclipse/code/editor/PeekDefinitionPopup.java","19","0","0","0","337","425","0"
"ceylon-ide-eclipse","64b73d83546ef38e15b029a505fabaa71555941b","plugins/com.redhat.ceylon.eclipse.ui/src/com/redhat/ceylon/eclipse/code/editor/PeekDefinitionPopup.java","19","0","0","0","337","425","2"
"hazelcast","324c12ca123c52820e6a271c2095649a57a9844f","hazelcast-client/src/test/java/com/hazelcast/client/test/TestClientRegistry.java","19","0","0","0","347","443","2"
"hazelcast","b949940524e885bddfdd6391e0330ab00b56f34a","hazelcast-client/src/test/java/com/hazelcast/client/test/TestClientRegistry.java","19","0","0","0","353","444","3"
"hazelcast","5d9345d0e7f6a373bf80d27b2bf94fc798934378","hazelcast-client/src/main/java/com/hazelcast/client/impl/HazelcastClientInstanceImpl.java","19","0","0","0","461","537","1"
"hazelcast","d0fd18cd0e2fac83d47776ccc1f08639bfc9823f","hazelcast-client/src/main/java/com/hazelcast/client/impl/HazelcastClientInstanceImpl.java","19","0","0","0","462","538","1"
"elasticsearch","e54dd688a1c5c78a2637b7ab264f6eabc0352985","src/main/java/org/elasticsearch/bootstrap/JNANatives.java","19","0","0","0","87","135","0"
"elasticsearch","371c73e14023917f3892090d2d3d7ff9ac1216b9","core/src/main/java/org/elasticsearch/bootstrap/ESPolicy.java","19","0","0","0","92","169","3"
"elasticsearch","78574d248cf10dad1c5a566fda79e1e0c94afe43","core/src/main/java/org/elasticsearch/bootstrap/ESPolicy.java","19","0","0","0","92","169","2"
"elasticsearch","e6aaaf11ed4a1b8f595f920de1840938eddb7a97","core/src/main/java/org/elasticsearch/bootstrap/ESPolicy.java","19","0","0","0","92","169","2"
"elasticsearch","a60b8948ba1d836a6eac7cff095519e618939ed8","core/src/main/java/org/elasticsearch/bootstrap/ESPolicy.java","19","0","0","0","92","169","0"
"hazelcast","ecaaec40f356936a3252c08a2bf6f4180fd3c81b","hazelcast-spring/src/main/java/com/hazelcast/spring/HazelcastClientBeanDefinitionParser.java","19","0","0","1","110","148","0"
"hazelcast","2510ac6c3f371032d6aceabd20dac63be71957ee","hazelcast-client/src/main/java/com/hazelcast/client/spi/impl/ClusterListenerSupport.java","19","0","0","1","188","239","1"
"elasticsearch","29f63c78cc2c57fe1b804a81424bdb37a2f73d55","core/src/test/java/org/elasticsearch/index/replication/ESIndexLevelReplicationTestCase.java","19","0","0","1","423","515","1"
"hazelcast","744c1e4f63f0af99d736812cc078c2e7ae4348ae","hazelcast/src/main/java/com/hazelcast/logging/Slf4jFactory.java","19","0","0","1","82","110","0"
"hazelcast","4d8bee1b7a2ed9fa47c15c53e979a6a26691b7fd","hazelcast/src/main/java/com/hazelcast/logging/Log4jFactory.java","19","0","0","1","93","121","1"
"hazelcast","90756ae001a986aec8f214f26387ca3d823557d2","hazelcast/src/main/java/com/hazelcast/query/impl/SortedIndexStore.java","19","0","0","10","100","131","0"
"ceylon-ide-eclipse","a193b202d65bb5cb30c22d46b5f292e7d1b25e64","plugins/com.redhat.ceylon.eclipse.ui/src/com/redhat/ceylon/eclipse/code/navigator/SourceModuleNode.java","19","0","0","10","109","127","1"
"orientdb","1c51439255e290d19e7dcf437c78bc133b786f97","lucene/src/main/java/com/orientechnologies/lucene/operator/OLuceneTextOperator.java","19","0","0","10","158","207","0"
"hazelcast","2a0c927e78a54cd69f78bf72eedb256cabbc2eea","hazelcast-client/src/main/java/com/hazelcast/client/spi/impl/ClientInvocationFuture.java","19","0","0","10","161","206","1"
"hazelcast","1f042b8c4a4245594691bb6d85a66ceed9b43068","hazelcast-client/src/main/java/com/hazelcast/client/spi/impl/ClusterListenerSupport.java","19","0","0","10","188","239","2"
"elasticsearch","75cedca0dab933bb6d1679fbddea2d09122d13c9","core/src/test/java/org/elasticsearch/test/store/MockFSDirectoryService.java","19","0","0","10","204","257","1"
"netty","ff11fe894d9cca5a52e8381606764935e8b54c4c","handler/src/test/java/io/netty/handler/ssl/JdkSslEngineTest.java","19","0","0","10","215","301","1"
"hazelcast","15ad53c4af52bfbbcd79809712ff178529b30ab6","hazelcast/src/test/java/com/hazelcast/queue/TransactionQueueTest.java","19","0","0","10","259","320","1"
"hazelcast","f9e887588cfe646adc3ae3ec707de95cc5303706","hazelcast/src/test/java/com/hazelcast/queue/TransactionQueueTest.java","19","0","0","10","262","323","0"
"ceylon-ide-eclipse","3cb61fd56d8c36a17ce04e0ce01bf96c3c7583b9","plugins/com.redhat.ceylon.eclipse.ui/src/com/redhat/ceylon/eclipse/code/navigator/SourceModuleNode.java","19","0","0","11","114","134","0"
"netty","7090d1331c327f9093ef260f9d0e3eef1a3d6715","handler/src/test/java/io/netty/handler/ssl/JdkSslEngineTest.java","19","0","0","11","219","305","0"
"hazelcast","6b223843764561784a75cfd0f2d6cd6f87dafe41","hazelcast/src/test/java/com/hazelcast/collection/impl/txnqueue/TransactionQueueTest.java","19","0","0","11","298","363","1"
"hazelcast","6a96ff2593db59bc55c3783b4420a915caa1f77b","hazelcast/src/test/java/com/hazelcast/collection/impl/txnqueue/TransactionQueueTest.java","19","0","0","11","298","364","1"
"hazelcast","a9c8ac281c4debfea07debd1e2802ab2dbd99d71","hazelcast/src/test/java/com/hazelcast/collection/impl/txnqueue/TransactionQueueTest.java","19","0","0","11","299","364","2"
"elasticsearch","71849668e9d05fa72efabb83654aa5a3293c309b","src/test/java/org/elasticsearch/test/integration/update/UpdateTests.java","19","0","0","11","376","473","1"
"BroadleafCommerce","0c21b421c1d9c38444c820eea84cad34979e3b37","core/broadleaf-framework/src/main/java/org/broadleafcommerce/core/offer/domain/CandidateFulfillmentGroupOfferImpl.java","19","0","0","12","132","175","2"
"BroadleafCommerce","beb23ce063b9f0f91520b023d0eee1fd1a2113ba","core/broadleaf-framework/src/main/java/org/broadleafcommerce/core/offer/domain/CandidateFulfillmentGroupOfferImpl.java","19","0","0","12","132","175","3"
"BroadleafCommerce","19169d660ea7a1105278930452227879922d2123","core/broadleaf-framework/src/main/java/org/broadleafcommerce/core/offer/domain/CandidateFulfillmentGroupOfferImpl.java","19","0","0","12","132","175","0"
"BroadleafCommerce","0c21b421c1d9c38444c820eea84cad34979e3b37","core/broadleaf-framework/src/main/java/org/broadleafcommerce/core/offer/domain/CandidateOrderOfferImpl.java","19","0","0","12","134","177","2"
"BroadleafCommerce","beb23ce063b9f0f91520b023d0eee1fd1a2113ba","core/broadleaf-framework/src/main/java/org/broadleafcommerce/core/offer/domain/CandidateOrderOfferImpl.java","19","0","0","12","134","177","3"
"BroadleafCommerce","19169d660ea7a1105278930452227879922d2123","core/broadleaf-framework/src/main/java/org/broadleafcommerce/core/offer/domain/CandidateOrderOfferImpl.java","19","0","0","12","134","177","0"
"BroadleafCommerce","2958e6ba93799ca6858a34889a2668cd1ce9fb81","core/broadleaf-profile/src/main/java/org/broadleafcommerce/profile/core/domain/CustomerAddressImpl.java","19","0","0","12","152","194","2"
"BroadleafCommerce","0c21b421c1d9c38444c820eea84cad34979e3b37","core/broadleaf-profile/src/main/java/org/broadleafcommerce/profile/core/domain/CustomerAddressImpl.java","19","0","0","12","152","197","2"
"BroadleafCommerce","fdafd6e31a483d44f993a79a237a43ed980ed5a9","core/broadleaf-profile/src/main/java/org/broadleafcommerce/profile/core/domain/CustomerAddressImpl.java","19","0","0","12","154","196","0"
"BroadleafCommerce","beb23ce063b9f0f91520b023d0eee1fd1a2113ba","core/broadleaf-profile/src/main/java/org/broadleafcommerce/profile/core/domain/CustomerAddressImpl.java","19","0","0","12","154","199","3"
"elasticsearch","178629382cae497aaa5b4842208cd570b189bd52","src/test/java/org/elasticsearch/test/integration/update/UpdateTests.java","19","0","0","12","409","531","0"
"hazelcast","956075b1a8b98d578ba533fd283e8d675ab5e99b","hazelcast/src/test/java/com/hazelcast/cluster/SplitBrainHandlerTest.java","19","0","0","12","451","582","1"
"hazelcast","f5ae0bc7ebb7be7bdfe16582fa535b8accaed1e4","hazelcast/src/test/java/com/hazelcast/cluster/SplitBrainHandlerTest.java","19","0","0","12","451","582","2"
"hazelcast","fa2adb615a74cba23bac9367ff485d0de3cea23c","hazelcast/src/test/java/com/hazelcast/cluster/SplitBrainHandlerTest.java","19","0","0","12","451","582","2"
"hazelcast","50c5966325df918d461a6bb074569e9ad7239790","hazelcast/src/test/java/com/hazelcast/cluster/SplitBrainHandlerTest.java","19","0","0","12","451","582","0"
"hazelcast","98b249af9499f13c482d9ffa4ce6f1367ddb4586","hazelcast-client/src/test/java/com/hazelcast/client/HazelcastClientSemaphoreTest.java","19","0","0","13","256","297","0"
"hazelcast","15ad63e930e2d564e6911025f5d234fd4144e345","hazelcast/src/test/java/com/hazelcast/cluster/SplitBrainHandlerTest.java","19","0","0","13","482","621","1"
"hazelcast","68e97d70a6af2d3c2efa0e87bec989bb80e0bb44","hazelcast/src/test/java/com/hazelcast/cluster/SplitBrainHandlerTest.java","19","0","0","13","482","621","2"
"hazelcast","b2d12fec8083c2514d8331d4f00846a8fe006b5e","hazelcast/src/test/java/com/hazelcast/cluster/SplitBrainHandlerTest.java","19","0","0","13","482","621","1"
"hazelcast","f351d4e4d3b5d5e4e4a39c7d328f91b2c161061e","hazelcast/src/test/java/com/hazelcast/cluster/SplitBrainHandlerTest.java","19","0","0","13","482","621","0"
"elasticsearch","6189c54c848d1cd1422e08a72d0bb9cab37f487c","core/src/test/java/org/elasticsearch/search/query/QueryPhaseTests.java","19","0","0","13","484","555","2"
"hazelcast","270850efdfbfe749cd82f7acdae39520b1eec312","hazelcast/src/test/java/com/hazelcast/internal/partition/impl/MigrationCommitTest.java","19","0","0","13","658","864","1"
"hazelcast","8fb478edd7f05c3874592dfd54abd9bd62b8e5d3","hazelcast/src/test/java/com/hazelcast/internal/partition/impl/MigrationCommitTest.java","19","0","0","13","658","864","1"
"hazelcast","4e979b8a74c0c3143aa09a274a1954af03820ffc","hazelcast/src/test/java/com/hazelcast/internal/partition/impl/MigrationCommitTest.java","19","0","0","13","658","864","0"
"ceylon-ide-eclipse","64a391fbabba6b9bc6b553abfa42466e0ca9673d","plugins/com.redhat.ceylon.eclipse.ui/src/com/redhat/ceylon/eclipse/code/refactor/MoveToNewUnitRefactoring.java","19","0","0","14","201","232","0"
"ceylon-ide-eclipse","5b4c3eac8a7c12c0125a77343e602b4e73083595","plugins/com.redhat.ceylon.eclipse.ui/src/com/redhat/ceylon/eclipse/code/refactor/MoveToNewUnitRefactoring.java","19","0","0","14","203","234","0"
"hazelcast","5da39756a924fc9e2ed46c61fcadede40bb5efc7","hazelcast-client/src/test/java/com/hazelcast/client/HazelcastClientSemaphoreTest.java","19","0","0","14","260","302","0"
"BroadleafCommerce","11b9bbc3f26a276b1394b183501971f50b0bc40a","core/broadleaf-framework/src/main/java/org/broadleafcommerce/core/catalog/domain/FeaturedProductImpl.java","19","0","0","15","134","181","0"
"hazelcast","92423641d487bee46abc843a84b15b0c7891bb52","hazelcast-client/src/test/java/com/hazelcast/client/stress/StressTestSupport.java","19","0","0","15","160","198","1"
"hazelcast","d970bf3b8587e0239c966aafbae6f247714e70b0","hazelcast-client/src/test/java/com/hazelcast/client/stress/StressTestSupport.java","19","0","0","15","160","198","2"
"hazelcast","f4c628c6cba9dc06d8aa2c9b1675df2cda0b5e60","hazelcast-client/src/test/java/com/hazelcast/client/stress/StressTestSupport.java","19","0","0","15","160","198","2"
"hazelcast","3af9ba9f8b531b6e3d8f370fcf5d24e6f134551b","hazelcast-client/src/test/java/com/hazelcast/client/stress/StressTestSupport.java","19","0","0","15","160","198","0"
"hazelcast","da19a121b3e6e1e0898c272d906d8784568c0ac9","hazelcast-client/src/test/java/com/hazelcast/client/stress/StressTestSupport.java","19","0","0","15","160","198","0"
"hazelcast","7852995d46c82d37bf930eea7c7ec5308657e67e","hazelcast/src/main/java/com/hazelcast/instance/AbstractMember.java","19","0","0","15","179","223","0"
"hazelcast","167361456fe0b8d77b57aae72dd415f8ade56f61","hazelcast/src/main/java/com/hazelcast/instance/AbstractMember.java","19","0","0","15","180","224","0"
"elasticsearch","03eb1460ad3fc487b02034367a454a2fbacdfe21","core/src/test/java/org/elasticsearch/action/support/master/TransportMasterNodeActionTests.java","19","0","0","15","330","406","0"
"hazelcast","f4c33973f2e5f804f6743683b11c8a43922bfc7e","hazelcast/src/main/java/com/hazelcast/instance/AbstractMember.java","19","0","0","16","193","238","1"
"hazelcast","4843096d7be3b5bcd1ed436ce9521ab2057fb137","hazelcast/src/main/java/com/hazelcast/client/ClientEndpoint.java","19","0","0","17","190","236","1"
"hazelcast","70ea74a8c98c7fea1332b8cb45a0a58ac7aa3a92","hazelcast/src/main/java/com/hazelcast/transaction/impl/TransactionManagerServiceImpl.java","19","0","0","17","224","282","1"
"hazelcast","9792cc0a9de201496c5b47a40a60a1d43181589b","hazelcast/src/main/java/com/hazelcast/transaction/impl/TransactionManagerServiceImpl.java","19","0","0","17","230","288","0"
"netty","f343de8fb178103d6dd966a9e81e09f67c201aac","handler/src/test/java/io/netty/handler/ssl/SslHandlerTest.java","19","0","0","17","456","564","1"
"elasticsearch","1764ec56b38ce87f516efdf93bb4ab56e9dd829b","core/src/test/java/org/elasticsearch/get/GetActionIT.java","19","0","0","17","830","1013","0"
"MapDB","c6b651ded7e972c588607f0fcfc9097d2ce106c7","src/test/java/org/mapdb/SerializerPojoTest.java","19","0","0","18","171","301","1"
"hazelcast","efffe92e8068d71a50749a1f577ec86377fcee0e","hazelcast/src/test/java/com/hazelcast/util/collection/Int2ObjectHashMapTest.java","19","0","0","18","215","304","0"
"mcMMO","39e9e426ef349b285cb09f94fa7ca87f219c63b0","src/main/java/com/gmail/nossr50/commands/skills/SwordsCommand.java","19","0","0","2","103","126","0"
"mcMMO","7c2d5909510745c8f53d402f68a8a285989ad609","src/main/java/com/gmail/nossr50/commands/skills/SwordsCommand.java","19","0","0","2","104","128","0"
"elasticsearch","f39d4e1f8985726446958f2ac62a10da0defc0c8","src/test/java/org/elasticsearch/benchmark/common/util/BytesRefComparisonsBenchmark.java","19","0","0","2","106","141","1"
"elasticsearch","4b94eb5cb8cc4294ed0e932a5f22c16bd90d4dd7","core/src/main/java/org/elasticsearch/action/admin/indices/stats/TransportIndicesStatsAction.java","19","0","0","2","125","164","2"
"elasticsearch","d3417fb02291f26964d77767020ef345d18c148f","core/src/main/java/org/elasticsearch/action/admin/indices/stats/TransportIndicesStatsAction.java","19","0","0","2","128","167","0"
"hazelcast","1f042b8c4a4245594691bb6d85a66ceed9b43068","hazelcast-client/src/test/java/com/hazelcast/client/map/ClientMapUnboundReturnValuesTestSupport.java","19","0","0","2","191","283","1"
"hazelcast","2921cff694583b8638dae2991f427e61d5440a9d","hazelcast-client/src/test/java/com/hazelcast/client/map/ClientMapUnboundReturnValuesTestSupport.java","19","0","0","2","192","283","0"
"hazelcast","7852995d46c82d37bf930eea7c7ec5308657e67e","hazelcast/src/test/java/com/hazelcast/internal/partition/PartitionCorrectnessTestSupport.java","19","0","0","2","194","252","0"
"hazelcast","79ca749ae9093b89ca12d0d2ca4fef11a7e63e89","hazelcast-client-new/src/test/java/com/hazelcast/client/test/TestClientRegistry.java","19","0","0","2","243","311","0"
"hazelcast","22ba15013db95101f4bfddf01eb6172fca2f70ee","hazelcast-client-new/src/test/java/com/hazelcast/client/test/TestClientRegistry.java","19","0","0","2","246","316","0"
"hazelcast","4c66d17c8b22ec8a5d3b153ef1167127e2bd83ae","hazelcast-client-new/src/test/java/com/hazelcast/client/test/TestClientRegistry.java","19","0","0","2","246","316","0"
"hazelcast","00e8eabfdd70dfb70d91312f05495f917e2d27ab","hazelcast-client-new/src/test/java/com/hazelcast/client/test/TestClientRegistry.java","19","0","0","2","246","316","1"
"hazelcast","63a826655972b744494620ae25871cf0cdc9444f","hazelcast-client/src/test/java/com/hazelcast/client/test/TestClientRegistry.java","19","0","0","2","252","324","2"
"MapDB","0392d2fca4cf02f7013a84d7acd703c4b5a0f99c","src/test/java/org/mapdb/VolumeTest.java","19","0","0","2","253","344","2"
"mcMMO","2c8bfd6573a0d87c99752d8f879460a19745fe46","src/main/java/com/gmail/nossr50/commands/skills/UnarmedCommand.java","19","0","0","2","88","112","0"
"ceylon-ide-eclipse","32e48b975d30243b8febdce1f69d2feaf120e968","plugins/com.redhat.ceylon.test.eclipse.plugin/src/com/redhat/ceylon/test/eclipse/plugin/launch/CeylonTestSelectionDialog.java","19","0","0","20","239","291","0"
"neo4j","2cdcbc66cc86fce01daae442aacccadea654cb6f","community/graph-algo/src/main/java/org/neo4j/graphalgo/impl/util/PathImpl.java","19","0","0","21","280","338","0"
"neo4j","868b4d731485023d2f7477e1133dcd5b263c851d","community/lucene-index/src/main/java/org/neo4j/kernel/api/impl/index/LuceneLabelScanStore.java","19","0","0","24","315","381","0"
"neo4j","7cab1fb27831b3107659bee768e6124f0d2f1ea1","community/bolt/src/test/java/org/neo4j/bolt/v1/packstream/PackStreamTest.java","19","0","0","25","530","762","1"
"elasticsearch","02c98b11ab6f688d3095ae4ffcbad01179c60812","client/rest/src/test/java/org/elasticsearch/client/RequestLoggerTests.java","19","0","0","3","121","153","0"
"hazelcast","c283f04cab711308ed3018d4e448e35b9061e0d2","hazelcast-code-generator/src/main/java/com/hazelcast/client/protocol/generator/CodeGeneratorMessageTaskFactory.java","19","0","0","3","135","169","0"
"elasticsearch","da14b5f5e41bdd08fd9dfab3ea42ea4778ed0bc1","src/main/java/org/elasticsearch/rest/action/cat/RestAllocationAction.java","19","0","0","3","145","195","1"
"hazelcast","8f419459821e2d7e744122b4b3a9482e6fc0ebb2","hazelcast/src/test/java/com/hazelcast/partition/AbstractPartitionLostListenerTest.java","19","0","0","3","148","174","0"
"hazelcast","68be93d3c249e366ec0b818c82b7150c8d5c2f01","hazelcast-client/src/main/java/com/hazelcast/client/spi/impl/ClientInvocationFuture.java","19","0","0","3","161","206","0"
"hazelcast","f745f9d46756c8cc57388c8172c0eafbd70c9c46","hazelcast-client-new/src/test/java/com/hazelcast/client/cache/nearcache/ClientNearCacheTestSupport.java","19","0","0","3","254","352","2"
"hazelcast","5917446b9901b1bc4ab314eb8c106e22ca50f3e3","hazelcast-client-new/src/test/java/com/hazelcast/client/cache/nearcache/ClientNearCacheTestSupport.java","19","0","0","3","262","360","2"
"ceylon-ide-eclipse","9baf7148e1b79457774c428151b7b84d1c031d6d","plugins/com.redhat.ceylon.eclipse.ui/src/com/redhat/ceylon/eclipse/code/preferences/CeylonProjectPropertiesPage.java","19","0","0","3","336","380","1"
"elasticsearch","6174e21f47244b6d5153d7d0cc1fe28fe863399d","core/src/main/java/org/elasticsearch/search/aggregations/metrics/scripted/ScriptedMetricAggregatorFactory.java","19","0","0","3","94","124","1"
"orientdb","c616d332dd2647efc125b9a2ba8eea505af2cb00","server/src/main/java/com/orientechnologies/orient/server/network/protocol/http/command/post/OServerCommandPostCommand.java","19","0","0","3","95","147","1"
"elasticsearch","3aed047bdedde1bda189cbfc2f81e65af42e57c5","core/src/main/java/org/elasticsearch/search/aggregations/metrics/scripted/ScriptedMetricAggregatorFactory.java","19","0","0","3","98","130","0"
"hazelcast","12830cf4db72fc7d71edd8a20ee15fba533ab6a8","hazelcast/src/main/java/com/hazelcast/transaction/impl/TransactionDataSerializerHook.java","19","0","0","3","99","124","0"
"elasticsearch","280d4bfd280039002951d6fa2094beb66fad433e","src/test/java/org/elasticsearch/common/bytes/PagedBytesReferenceTest.java","19","0","0","30","369","486","0"
"BroadleafCommerce","2958e6ba93799ca6858a34889a2668cd1ce9fb81","core/broadleaf-framework/src/main/java/org/broadleafcommerce/core/order/domain/FulfillmentGroupItemImpl.java","19","0","0","31","271","342","1"
"BroadleafCommerce","0c21b421c1d9c38444c820eea84cad34979e3b37","core/broadleaf-framework/src/main/java/org/broadleafcommerce/core/order/domain/FulfillmentGroupItemImpl.java","19","0","0","31","271","345","1"
"BroadleafCommerce","23ecadd95c01d2ac9c1ee1ac8e46f074ff3d5b12","core/broadleaf-framework/src/main/java/org/broadleafcommerce/core/order/domain/FulfillmentGroupItemImpl.java","19","0","0","31","271","345","3"
"BroadleafCommerce","beb23ce063b9f0f91520b023d0eee1fd1a2113ba","core/broadleaf-framework/src/main/java/org/broadleafcommerce/core/order/domain/FulfillmentGroupItemImpl.java","19","0","0","31","271","345","2"
"BroadleafCommerce","c9d6e77b8bc7434903f9afb2530fa402ecc6de4a","core/broadleaf-framework/src/main/java/org/broadleafcommerce/core/order/domain/FulfillmentGroupItemImpl.java","19","0","0","31","271","345","1"
"BroadleafCommerce","f3a85952051f385cf071851cce150b68f6933c1f","core/broadleaf-framework/src/main/java/org/broadleafcommerce/core/order/domain/FulfillmentGroupItemImpl.java","19","0","0","31","271","345","1"
"BroadleafCommerce","7a0a7c403c946be4bbd8ee1abdaa6699931ef834","core/broadleaf-framework/src/main/java/org/broadleafcommerce/core/order/domain/FulfillmentGroupItemImpl.java","19","0","0","31","271","345","0"
"orientdb","99a07688bdc3979e788f469cae7c5d9bd2fa9709","lucene/src/main/java/com/orientechnologies/lucene/engine/OLuceneFullTextIndexEngine.java","19","0","0","32","268","356","0"
"hazelcast","b0d2be02333028272031f78c6d7d92c640347cd5","hazelcast/src/main/java/com/hazelcast/instance/DefaultNodeExtension.java","19","0","0","32","270","339","0"
"hazelcast","659535b187534f79f468b67f6c746885d3988944","hazelcast/src/main/java/com/hazelcast/instance/DefaultNodeExtension.java","19","0","0","35","294","366","0"
"hazelcast","276423b6af4decde07cb2f4b17e6f0f2f7d9ebb9","hazelcast/src/main/java/com/hazelcast/instance/DefaultNodeExtension.java","19","0","0","35","295","367","1"
"hazelcast","188a47d4403e166f290bc04e81e08953c4a55f6f","hazelcast/src/test/java/com/hazelcast/mapreduce/DistributedMapperMapReduceTest.java","19","0","0","36","300","402","1"
"hazelcast","4bb48b7342f906153aaf22b65886d241f08fdeda","hazelcast/src/test/java/com/hazelcast/mapreduce/DistributedMapperMapReduceTest.java","19","0","0","36","301","403","0"
"BroadleafCommerce","15e70fe6b89d008dd88b5e98dbfc66a720db68bb","core/broadleaf-framework/src/main/java/org/broadleafcommerce/core/payment/domain/OrderPaymentImpl.java","19","0","0","37","314","383","1"
"elasticsearch","e9b41c92a49f5508777535d0b0d19153e160f246","src/test/java/org/elasticsearch/search/aggregations/bucket/MinDocCountTests.java","19","0","0","39","297","382","0"
"ceylon-ide-eclipse","2b3575dd07473b609dad70d557b3af03c75f1e80","plugins/com.redhat.ceylon.eclipse.ui/src/com/redhat/ceylon/eclipse/code/resolve/CeylonHyperlinkDetector.java","19","0","0","4","145","160","1"
"ceylon-ide-eclipse","29c9597b9f5e47c2a7176eae6ebff55ac8f8b47d","plugins/com.redhat.ceylon.eclipse.ui/src/com/redhat/ceylon/eclipse/code/refactor/CopyFileRefactoringParticipant.java","19","0","0","4","155","170","0"
"orientdb","eda978aeda4e2d46618285fcb1d73642a30164c2","core/src/test/java/com/orientechnologies/orient/core/sql/lock/TestQueryRecordLockUnlock.java","19","0","0","4","171","193","1"
"hazelcast","d30338be9c11ea75b2b0ed006c52299363ebdd97","hazelcast/src/test/java/com/hazelcast/map/impl/nearcache/MemberMapKeyStateMarkerStressTest.java","19","0","0","4","172","237","0"
"orientdb","2767a54ee6308493e6a69b4b2951d8d2252bfd6b","core/src/test/java/com/orientechnologies/orient/core/sql/lock/TestQueryRecordLockUnlock.java","19","0","0","4","174","201","0"
"hazelcast","9dbc3c539a4d8279a0d7cf329b1cc1003ce82a33","hazelcast/src/test/java/com/hazelcast/map/impl/nearcache/MemberMapKeyStateMarkerStressTest.java","19","0","0","4","179","245","1"
"hazelcast","d30338be9c11ea75b2b0ed006c52299363ebdd97","hazelcast-client/src/test/java/com/hazelcast/client/map/impl/nearcache/ClientMapKeyStateMarkerStressTest.java","19","0","0","4","183","249","0"
"hazelcast","9dbc3c539a4d8279a0d7cf329b1cc1003ce82a33","hazelcast-client/src/test/java/com/hazelcast/client/map/impl/nearcache/ClientMapKeyStateMarkerStressTest.java","19","0","0","4","184","250","1"
"elasticsearch","eb36b82de48750777172ecdc3b019de32535e3f4","core/src/test/java/org/elasticsearch/index/replication/RecoveryDuringReplicationTests.java","19","0","0","4","197","259","0"
"elasticsearch","3f6a3c01dadb1951b597ffdbd068359a2fbc84c8","core/src/test/java/org/elasticsearch/cluster/routing/allocation/AddIncrementallyTests.java","19","0","0","4","348","432","1"
"elasticsearch","6abcd42a05a0e2bc4eaf1add6a41ae7d48f840c2","core/src/test/java/org/elasticsearch/cluster/routing/allocation/AddIncrementallyTests.java","19","0","0","4","350","434","0"
"elasticsearch","e74d02138f02a66331b2611b5e70a908bb49cb97","core/src/test/java/org/elasticsearch/index/replication/ESIndexLevelReplicationTestCase.java","19","0","0","4","429","512","0"
"elasticsearch","2b3760f78b26817b5a2030aa27b1ddf2f17462f6","core/src/main/java/org/elasticsearch/rest/action/admin/cluster/RestNodesStatsAction.java","19","0","0","4","86","122","1"
"elasticsearch","e7655bbf807712300ac7f5d7aaf5234305d02906","core/src/main/java/org/elasticsearch/rest/action/admin/cluster/RestNodesStatsAction.java","19","0","0","4","86","122","1"
"elasticsearch","51d53791fe71c9cb62bc992588a57cdfb500383f","core/src/main/java/org/elasticsearch/rest/action/admin/cluster/RestNodesStatsAction.java","19","0","0","4","86","122","0"
"orientdb","fdc4bd6aac49739d48c5ec95b3cc1c6fabc99b78","core/src/main/java/com/orientechnologies/orient/core/sql/parser/OUpdateStatement.java","19","0","0","4","87","108","1"
"BroadleafCommerce","f58211ff024279de2e5a5bdab548c1f9831f61ee","core/broadleaf-framework/src/main/java/org/broadleafcommerce/core/workflow/SequenceProcessor.java","19","0","0","5","106","156","2"
"netty","d68a04a879e8458beb138879fc62436af33b2520","testsuite/src/test/java/io/netty/testsuite/transport/socket/SocketEchoTest.java","19","0","0","5","126","173","0"
"orientdb","6a5ae937eab72280a6cea923f1226759f8669848","graphdb/src/main/java/com/orientechnologies/orient/graph/server/command/OServerCommandGetGephi.java","19","0","0","5","126","181","0"
"netty","44142efe55bb01c5bff3953a8b2d6aee9b76c6d0","testsuite/src/test/java/io/netty/testsuite/transport/socket/SctpEchoTest.java","19","0","0","5","154","201","0"
"netty","3fc3401c0865510c906f41d78a4651fe36656b5a","testsuite/src/test/java/io/netty/testsuite/transport/socket/SctpEchoTest.java","19","0","0","5","155","202","1"
"netty","7d80182e512ab01d7348ef0ca71c85073d837a0a","testsuite/src/test/java/io/netty/testsuite/transport/socket/SocketStartTlsTest.java","19","0","0","5","176","227","0"
"elasticsearch","66e3b15d21e183d652cce79c38301feedf7eb0a3","plugins/discovery-gce/src/main/java/org/elasticsearch/cloud/gce/GceComputeServiceImpl.java","19","0","0","5","194","281","0"
"elasticsearch","80e5c0acf8ef0861f6432546579e88451ed396a6","plugins/discovery-gce/src/main/java/org/elasticsearch/cloud/gce/GceComputeServiceImpl.java","19","0","0","5","194","281","0"
"elasticsearch","c77dc4a82c1ea52ca9af14ad39a1e5de6379cc43","plugins/discovery-gce/src/main/java/org/elasticsearch/cloud/gce/GceComputeServiceImpl.java","19","0","0","5","194","281","1"
"hazelcast","51d7586e9767ff8edcdf5502bcfe3e51cd5de62b","hazelcast-client-new/src/main/java/com/hazelcast/client/proxy/ClientMapReduceProxy.java","19","0","0","5","277","341","0"
"hazelcast","f3a43421815bb817a8e2967710f7f6063533f7cc","hazelcast-client-new/src/main/java/com/hazelcast/client/proxy/ClientMapReduceProxy.java","19","0","0","5","277","341","0"
"hazelcast","39018cdbf78b13cf1f12593c55c35d1db6486c3a","hazelcast-client-new/src/main/java/com/hazelcast/client/proxy/ClientMapReduceProxy.java","19","0","0","5","277","341","2"
"hazelcast","0603aa048b33b7b63c240c8b0e5c509499c798f7","hazelcast-client-new/src/main/java/com/hazelcast/client/proxy/ClientMapReduceProxy.java","19","0","0","5","278","342","0"
"hazelcast","67db7c70adf6604568aa7e831f0373cf4b411bd0","hazelcast-client-new/src/main/java/com/hazelcast/client/proxy/ClientMapReduceProxy.java","19","0","0","5","280","344","1"
"ceylon-ide-eclipse","03870232b358120569ccd0ee334bf8b72da711c4","plugins/com.redhat.ceylon.eclipse.ui/src/com/redhat/ceylon/eclipse/code/refactor/RenameLinkedMode.java","19","0","0","5","304","340","1"
"ceylon-ide-eclipse","b4104097d154fd5dcada3d4c923ee2392f135aaf","plugins/com.redhat.ceylon.eclipse.ui/src/com/redhat/ceylon/eclipse/code/refactor/RenameLinkedMode.java","19","0","0","5","305","341","1"
"ceylon-ide-eclipse","cbb7601a6521902ad5a650da7c77c878d6fcef4b","plugins/com.redhat.ceylon.eclipse.ui/src/com/redhat/ceylon/eclipse/code/refactor/RenameLinkedMode.java","19","0","0","5","310","347","0"
"orientdb","a5056da587504ed30cc24efee387c0772d289346","core/src/main/java/com/orientechnologies/orient/core/sql/parser/OUpdateStatement.java","19","0","0","5","87","111","0"
"hazelcast","08e659f992761d79cd0342e77ce17ddb62e33295","hazelcast-client-new/src/main/java/com/hazelcast/client/impl/HazelcastClientInstanceImpl.java","19","0","0","57","466","544","1"
"hazelcast","0b99990c091b2e5235b2c7a72b4550327db4260c","hazelcast-client-new/src/main/java/com/hazelcast/client/impl/HazelcastClientInstanceImpl.java","19","0","0","57","466","544","2"
"hazelcast","5d9345d0e7f6a373bf80d27b2bf94fc798934378","hazelcast-client-new/src/main/java/com/hazelcast/client/impl/HazelcastClientInstanceImpl.java","19","0","0","57","466","544","1"
"hazelcast","97bb74d78cd1e0af68a1390defa30fc956da8390","hazelcast-client-new/src/main/java/com/hazelcast/client/impl/HazelcastClientInstanceImpl.java","19","0","0","57","466","544","1"
"hazelcast","bc945190541c07a740026d0e1d81368a2d79d78e","hazelcast-client-new/src/main/java/com/hazelcast/client/impl/HazelcastClientInstanceImpl.java","19","0","0","57","466","544","1"
"hazelcast","c90ac3fa538c72581d95d70f8a1c4d772e6253e0","hazelcast-client-new/src/main/java/com/hazelcast/client/impl/HazelcastClientInstanceImpl.java","19","0","0","57","466","544","2"
"hazelcast","ccc4cf5c5afe3eadfdb39332f605f2157820ee89","hazelcast-client-new/src/main/java/com/hazelcast/client/impl/HazelcastClientInstanceImpl.java","19","0","0","57","466","544","1"
"hazelcast","fa455733da9772e9107eb60b3fe55a17601be38b","hazelcast-client-new/src/main/java/com/hazelcast/client/impl/HazelcastClientInstanceImpl.java","19","0","0","57","466","544","0"
"hazelcast","d0fd18cd0e2fac83d47776ccc1f08639bfc9823f","hazelcast-client-new/src/main/java/com/hazelcast/client/impl/HazelcastClientInstanceImpl.java","19","0","0","57","467","545","1"
"hazelcast","32331b3c2b1548fd19542d1005a0c6d49a5a2a9c","hazelcast/src/main/java/com/hazelcast/map/operation/QueryOperation.java","19","0","0","6","154","192","0"
"hazelcast","9144e8128c3d271554f7230ee32e4d2e102fe811","hazelcast/src/main/java/com/hazelcast/map/operation/QueryOperation.java","19","0","0","6","154","192","0"
"hazelcast","0782ae070ed4bcf6034b0988c50f31d181d06979","hazelcast/src/main/java/com/hazelcast/map/operation/QueryOperation.java","19","0","0","6","154","192","1"
"hazelcast","3c7d3ca1d585684819927ba9de88fc3f2b44fc03","hazelcast/src/main/java/com/hazelcast/map/operation/QueryOperation.java","19","0","0","6","155","193","0"
"hazelcast","86dbd8bd23c2e130470eeb916865d37be5211736","hazelcast/src/main/java/com/hazelcast/map/operation/QueryOperation.java","19","0","0","6","157","195","0"
"elasticsearch","42b6e01a3703bd0e92822b64d0445261c5e91afb","src/main/java/org/elasticsearch/indices/cache/filter/IndicesFilterCache.java","19","0","0","6","177","232","0"
"neo4j","3483dc70103166165b00d4ccf0bf708f3138399d","community/graph-algo/src/main/java/org/neo4j/graphalgo/impl/path/AStar.java","19","0","0","6","273","331","1"
"elasticsearch","29f63c78cc2c57fe1b804a81424bdb37a2f73d55","core/src/test/java/org/elasticsearch/indices/recovery/RecoverySourceHandlerTests.java","19","0","0","6","348","448","1"
"neo4j","70e2351e3ccf15dc3675c778e2456cb8f6b1a34a","community/server/src/test/java/org/neo4j/server/rest/web/DatabaseActionsTest.java","19","0","0","64","1397","1659","1"
"neo4j","9bd62e18d5eed126fd3b3e8393a09f5a57fad514","community/server/src/test/java/org/neo4j/server/rest/web/DatabaseActionsTest.java","19","0","0","65","1414","1683","0"
"hazelcast","dfde0ce89c3c11629fe62b7eba3a8e6b2bbe6e6c","hazelcast/src/main/java/com/hazelcast/internal/partition/operation/MigrationRequestOperation.java","19","0","0","7","196","253","2"
"elasticsearch","3a0dd59a15c49f5be0483658f44bd411f62e1ac5","core/src/test/java/org/elasticsearch/search/suggest/completion/CompletionPostingsFormatTests.java","19","0","0","7","458","545","0"
"elasticsearch","5d611a90982a11ba0a4fb5190e7b12ded7d07c6e","src/main/java/org/elasticsearch/index/merge/policy/TieredMergePolicyProvider.java","19","0","0","8","160","216","0"
"elasticsearch","c9e1ccf6106065b5fdeb2171a4fdd0f03c056af6","core/src/test/java/org/elasticsearch/snapshots/AbstractSnapshotIntegTestCase.java","19","0","0","8","201","261","1"
"elasticsearch","13a347239a48d71486692a72c066e940dec8921b","core/src/test/java/org/elasticsearch/snapshots/AbstractSnapshotIntegTestCase.java","19","0","0","8","202","255","3"
"elasticsearch","40f119d85a4eaa39d0a6e594e46f70de725557f0","core/src/test/java/org/elasticsearch/snapshots/AbstractSnapshotIntegTestCase.java","19","0","0","8","209","263","2"
"elasticsearch","89ac6a83f134365dcc3b7bdff5a3f14ddab6c2c5","core/src/test/java/org/elasticsearch/snapshots/AbstractSnapshotIntegTestCase.java","19","0","0","8","216","273","0"
"ceylon-ide-eclipse","e89324305b6be078e574b3c554a7cc2cdb57e73c","plugins/com.redhat.ceylon.eclipse.ui/src/com/redhat/ceylon/eclipse/code/style/CeylonPreview.java","19","0","0","8","242","287","0"
"ceylon-ide-eclipse","3cb33660de43deb63a0b187966d5d9dd99672eba","plugins/com.redhat.ceylon.eclipse.ui/src/com/redhat/ceylon/eclipse/code/style/CeylonPreview.java","19","0","0","8","250","295","0"
"netty","984b0aa961b21845ab92cd2cddab3f2ee354f4f1","codec/src/test/java/io/netty/handler/codec/compression/ZlibTest.java","19","0","0","8","255","311","0"
"elasticsearch","235452329a4ec8b3b7b25080e9171cc9f6115de9","core/src/test/java/org/elasticsearch/transport/netty/KeyedLockTests.java","19","0","0","9","147","181","1"
"neo4j","3ec0e927cb481a29815bc3237d2e53fd7cadd271","enterprise/ha/src/test/java/org/neo4j/kernel/api/SchemaIndexHaIT.java","19","0","0","9","461","606","0"
"neo4j","a93c570faa774c1a40b635b6a3e6d8ccb61a99e8","enterprise/ha/src/test/java/org/neo4j/kernel/api/SchemaIndexHaIT.java","19","0","0","9","461","608","1"
"neo4j","562320c0be4006685ed6f086c12ef4e1f1964f3c","enterprise/ha/src/test/java/org/neo4j/kernel/api/SchemaIndexHaIT.java","19","0","0","9","464","609","0"
"hazelcast","f037df903225ed43b334b83fcc3a038db05b6124","hazelcast/src/main/java/com/hazelcast/query/SortedIndexStore.java","19","0","0","9","98","129","0"
"neo4j","8aefa7f796ec5c1913d3308074dd34e19a233d42","enterprise/causal-clustering/src/main/java/org/neo4j/causalclustering/core/consensus/log/segmented/Terms.java","19","0","1","0","107","173","0"
"elasticsearch","bcb3fab6ac9ef52968f8670a4a55183476663590","core/src/main/java/org/elasticsearch/action/support/single/instance/TransportInstanceSingleOperationAction.java","19","0","1","0","202","278","1"
"elasticsearch","4b94eb5cb8cc4294ed0e932a5f22c16bd90d4dd7","core/src/main/java/org/elasticsearch/action/admin/cluster/snapshots/get/TransportGetSnapshotsAction.java","19","0","1","1","102","137","2"
"elasticsearch","860efb2ad28db09189c8423e05d0dba53010259c","core/src/main/java/org/elasticsearch/action/admin/cluster/snapshots/get/TransportGetSnapshotsAction.java","19","0","1","1","102","137","2"
"elasticsearch","871a077ac467e60b69a7e8cb59d34abde7d95b8c","core/src/main/java/org/elasticsearch/action/admin/cluster/snapshots/get/TransportGetSnapshotsAction.java","19","0","1","1","102","137","0"
"elasticsearch","fec1802e2f622c1a126c9adda28fa53f1b55529a","core/src/main/java/org/elasticsearch/action/admin/cluster/snapshots/get/TransportGetSnapshotsAction.java","19","0","1","1","105","140","0"
"netty","a06295fe0ad72358f980d09feb8c971613793527","codec/src/main/java/io/netty/handler/codec/ReplayingDecoder.java","19","0","1","1","110","419","0"
"netty","9f88552f12c64ba3d8aafd36b56530860e6b076b","codec/src/main/java/io/netty/handler/codec/ReplayingDecoder.java","19","0","1","1","111","420","0"
"netty","9a88c50ffb1233a95d89b83d01d6c9673c8641e7","codec/src/main/java/io/netty/handler/codec/ReplayingDecoder.java","19","0","1","1","112","421","0"
"netty","b029800b68d7024d709eb7749bf804074707fac6","codec/src/main/java/io/netty/handler/codec/ReplayingDecoder.java","19","0","1","1","112","422","0"
"elasticsearch","8dedbd01df14c76fc8f1ac9060facc053fa2be9b","src/main/java/org/elasticsearch/action/admin/indices/warmer/delete/TransportDeleteWarmerAction.java","19","0","1","1","119","161","3"
"elasticsearch","caf11ff2fbd9195cc780edb375f6a74302d906df","src/main/java/org/elasticsearch/action/admin/indices/warmer/delete/TransportDeleteWarmerAction.java","19","0","1","1","123","167","4"
"elasticsearch","78574d248cf10dad1c5a566fda79e1e0c94afe43","core/src/main/java/org/elasticsearch/action/admin/indices/stats/TransportIndicesStatsAction.java","19","0","1","1","125","166","1"
"elasticsearch","a60b8948ba1d836a6eac7cff095519e618939ed8","core/src/main/java/org/elasticsearch/action/admin/indices/stats/TransportIndicesStatsAction.java","19","0","1","1","128","169","0"
"elasticsearch","7aa3f51b6e26d322e621e791abb1bd514d29c99a","src/main/java/org/elasticsearch/action/admin/indices/warmer/delete/TransportDeleteWarmerAction.java","19","0","1","1","129","176","1"
"elasticsearch","10ec2e948a2f1426a5058ca3b2c2e39952f141d8","src/main/java/org/elasticsearch/action/admin/indices/cache/clear/TransportClearIndicesCacheAction.java","19","0","1","1","141","189","2"
"elasticsearch","16e5cdf8d092842b7e4eb25de681f217d9cb48d0","src/main/java/org/elasticsearch/action/admin/indices/cache/clear/TransportClearIndicesCacheAction.java","19","0","1","1","142","190","5"
"elasticsearch","ff8fd677ccbd30180295aebc78913512353a9bd2","src/main/java/org/elasticsearch/action/index/TransportIndexAction.java","19","0","1","1","196","258","0"
"elasticsearch","27b973830d2c65359e9a54e4d12c221d163d4de2","src/main/java/org/elasticsearch/action/support/master/TransportMasterNodeOperationAction.java","19","0","1","1","221","288","0"
"elasticsearch","4b25e6b63e67bd5ebf42c8a62faf7ac12dbea5ec","src/main/java/org/elasticsearch/action/support/master/TransportMasterNodeOperationAction.java","19","0","1","1","221","288","0"
"elasticsearch","ab6163898fd8c83dda01b6eb4dd42e1f900f393b","src/main/java/org/elasticsearch/action/support/master/TransportMasterNodeOperationAction.java","19","0","1","1","221","288","0"
"elasticsearch","cbdaf4950bdf44b9669f0d1a169ac23c18eebab4","src/main/java/org/elasticsearch/action/support/master/TransportMasterNodeOperationAction.java","19","0","1","1","221","288","1"
"orientdb","a2eaf6636bb600c7e6d311b0bb7d112bbaafb4a0","etl/src/main/java/com/orientechnologies/orient/etl/transformer/OETLAbstractLookupTransformer.java","19","0","1","1","81","121","0"
"orientdb","46bbcabde62c2b9e61ebaf45dc23f16d9dee7f02","etl/src/main/java/com/orientechnologies/orient/etl/transformer/OETLAbstractLookupTransformer.java","19","0","1","1","82","122","1"
"orientdb","136db63960bbf53514691bf5a0bb8361a5ea5361","etl/src/main/java/com/orientechnologies/orient/etl/transformer/OETLAbstractLookupTransformer.java","19","0","1","1","83","123","0"
"BroadleafCommerce","d0c8df4158aeaef0d9f4e142f04de1666e03fe7d","admin/broadleaf-open-admin-platform/src/main/java/org/broadleafcommerce/openadmin/web/filter/AdminExternalLoginStateFilter.java","19","0","1","1","92","147","0"
"BroadleafCommerce","452d7905f4d46235dbb709f3bb788719e32da9b9","admin/broadleaf-open-admin-platform/src/main/java/org/broadleafcommerce/openadmin/web/filter/AdminExternalLoginStateFilter.java","19","0","1","1","93","151","0"
"elasticsearch","831ea789aae152effe1ce56335a4c1c49fb269cf","src/main/java/org/elasticsearch/search/facet/terms/longs/TermsLongFacetExecutor.java","19","0","1","10","159","220","0"
"elasticsearch","5c1410d031ccb0280d6b2490be6d360a5d4035fd","core/src/test/java/org/elasticsearch/indexing/IndexActionIT.java","19","0","1","10","217","278","1"
"hazelcast","6aa478bb5620a41415f1e93043cca925c0c56043","hazelcast/src/main/java/com/hazelcast/cache/impl/AbstractHazelcastCachingProvider.java","19","0","1","11","144","200","0"
"hazelcast","147659349c401e075ac6683084de59c278877df6","hazelcast/src/main/java/com/hazelcast/cache/impl/AbstractHazelcastCachingProvider.java","19","0","1","11","144","201","1"
"hazelcast","2b274e6521ea45ba3f56fc50cbbe51d807794e3c","hazelcast/src/main/java/com/hazelcast/cache/impl/AbstractHazelcastCachingProvider.java","19","0","1","11","146","203","0"
"hazelcast","4b9cef83c2c99af4df9d1d0338f29a7dc1c9eda8","hazelcast/src/main/java/com/hazelcast/replicatedmap/impl/ReplicatedMapService.java","19","0","1","11","168","224","1"
"hazelcast","76708670a8e6512c1b984ed22134829000f05ec8","hazelcast/src/main/java/com/hazelcast/replicatedmap/impl/ReplicatedMapService.java","19","0","1","11","168","224","1"
"hazelcast","bb874ec7c86bec4bacca6c36a85bac7e53735778","hazelcast/src/main/java/com/hazelcast/replicatedmap/impl/ReplicatedMapService.java","19","0","1","11","168","224","2"
"hazelcast","95d2a073275dde36855bc6a8ceb7b926025c83ae","hazelcast/src/main/java/com/hazelcast/replicatedmap/impl/ReplicatedMapService.java","19","0","1","11","168","224","0"
"elasticsearch","4ff1b429f1351c17ae5f3a4338a7ac33db49ef70","modules/test/integration/src/test/java/org/elasticsearch/test/stress/fullrestart/FullRestartStressTest.java","19","0","1","11","174","240","0"
"hazelcast","9b3abb7d613ec5721929b036c072fbd122e1db47","hazelcast/src/main/java/com/hazelcast/internal/partition/operation/PromotionCommitOperation.java","19","0","1","11","189","253","0"
"hazelcast","c09e11c1a6bc7041f4cb94d35d28854062097c39","hazelcast/src/main/java/com/hazelcast/map/impl/operation/EntryOperation.java","19","0","1","11","196","268","0"
"hazelcast","789fec3a6e311f2b7e0375c14c84bee28393ab89","hazelcast/src/main/java/com/hazelcast/map/impl/operation/EntryOperation.java","19","0","1","11","219","295","1"
"hazelcast","5eda2222dbb2eb5a41b649eeb0e3293798b737aa","hazelcast/src/main/java/com/hazelcast/map/impl/operation/EntryOperation.java","19","0","1","11","221","297","2"
"elasticsearch","a7190ea8a3bd7fbf774a8431e88b46c79daf7a4c","modules/elasticsearch/src/main/java/org/elasticsearch/threadpool/ThreadPool.java","19","0","1","11","224","292","0"
"hazelcast","8e9847dc69afe328731c5c790e444e18153a388a","hazelcast/src/main/java/com/hazelcast/cardinality/impl/hyperloglog/impl/DenseHyperLogLogEncoder.java","19","0","1","11","836","962","1"
"hazelcast","8b2795d438634112ccaa13d8ff9ed60469d21482","hazelcast/src/main/java/com/hazelcast/cardinality/impl/hyperloglog/impl/DenseHyperLogLogEncoder.java","19","0","1","11","838","964","0"
"hazelcast","6a9725f363a572846cc2f9c500938e5d7014099c","hazelcast/src/main/java/com/hazelcast/cardinality/impl/hyperloglog/impl/DenseHyperLogLogEncoder.java","19","0","1","11","894","1009","0"
"orientdb","2ad391a42cfcf22c4cbb4739f65e88524a67c891","core/src/main/java/com/orientechnologies/orient/core/sql/parser/OBaseExpression.java","19","0","1","11","90","118","1"
"orientdb","1b0f490c28a9778a74703a4adde48f7066667140","core/src/main/java/com/orientechnologies/orient/core/sql/parser/OBaseExpression.java","19","0","1","11","91","119","0"
"elasticsearch","b3d51df4934f2d676082d7d29f580d46c86d5b6b","src/main/java/org/elasticsearch/common/compress/lzf/LZFCompressor.java","19","0","1","12","102","143","0"
"elasticsearch","f5dbcb2fa47971062f6d8dc81b88586e02132da1","modules/elasticsearch/src/main/java/org/elasticsearch/index/gateway/local/LocalIndexShardGateway.java","19","0","1","12","152","215","0"
"elasticsearch","71f58e6f26927a227b256c7719d67c887a947d99","plugins/repository-azure/src/main/java/org/elasticsearch/cloud/azure/storage/AzureStorageServiceImpl.java","19","0","1","12","203","330","4"
"hazelcast","99c4072079a42e89bb3611d3ebb8a9f4e4e4ebf0","hazelcast/src/main/java/com/hazelcast/map/operation/EntryOperation.java","19","0","1","12","227","306","0"
"hazelcast","2c5a20e99039142cf4293982bbd5b53f958e6fb9","hazelcast/src/main/java/com/hazelcast/map/impl/operation/EntryOperation.java","19","0","1","12","228","306","0"
"hazelcast","159c4a53940c2170c905d13fc1fc784cf59279c9","hazelcast/src/main/java/com/hazelcast/map/operation/EntryOperation.java","19","0","1","12","228","307","1"
"hazelcast","78af4f23bcba7ec0288688e1bd9e49f207eac041","hazelcast/src/main/java/com/hazelcast/map/operation/EntryOperation.java","19","0","1","12","229","308","0"
"hazelcast","31820d92e469159b8152a223f32a3981d4724469","hazelcast/src/main/java/com/hazelcast/map/impl/operation/EntryOperation.java","19","0","1","12","230","308","2"
"hazelcast","8fac2ea6e17e60e7e680a7e692bac64ccb51f850","hazelcast/src/test/java/com/hazelcast/collection/impl/txnqueue/TransactionQueueTest.java","19","0","1","12","349","427","1"
"hazelcast","e69880e26ce2126464e63e83b4acb8a4da1fb844","hazelcast/src/test/java/com/hazelcast/collection/impl/txnqueue/TransactionQueueTest.java","19","0","1","12","349","427","1"
"hazelcast","d02703545cd72bc0c3af2949574ce6745118e8c0","hazelcast/src/test/java/com/hazelcast/collection/impl/txnqueue/TransactionQueueTest.java","19","0","1","12","349","427","0"
"hazelcast","c5ff00b2b65c60069e7e807e20c9357f43cc6df4","hazelcast/src/test/java/com/hazelcast/collection/impl/txnqueue/TransactionQueueTest.java","19","0","1","12","350","427","0"
"BroadleafCommerce","86c7c1f49cf8d819bf62c336775b16aeea5d2070","core/broadleaf-framework/src/main/java/org/broadleafcommerce/core/catalog/domain/CategoryAttributeImpl.java","19","0","1","13","137","184","0"
"BroadleafCommerce","a93b02213fc0e0d30021ca130b6bce5f8aa1e184","core/broadleaf-framework/src/main/java/org/broadleafcommerce/core/catalog/domain/CategoryAttributeImpl.java","19","0","1","13","138","185","0"
"elasticsearch","50a56b6c9d117e55d05049125e2beb2af7393732","src/test/java/org/elasticsearch/test/rest/client/http/HttpRequestBuilder.java","19","0","1","13","154","215","0"
"hazelcast","e92dcb6824f242ac8bcb72623ccd13f982955632","hazelcast/src/main/java/com/hazelcast/map/tx/TransactionalMapProxySupport.java","19","0","1","13","161","203","0"
"elasticsearch","6b8123d7265158c62e4be7aaa20d7b70e3703c10","src/main/java/org/elasticsearch/cluster/metadata/MetaDataStateIndexService.java","19","0","1","13","178","246","0"
"hazelcast","b7183d85e8710c37c18706be29f94590dc51795d","hazelcast-client/src/main/java/com/hazelcast/client/spi/impl/ClientClusterServiceImpl.java","19","0","1","13","195","246","1"
"hazelcast","623ff1855aa985aa276e8395aabf0b534c7a36c3","hazelcast-client-legacy/src/main/java/com/hazelcast/client/spi/impl/ClientClusterServiceImpl.java","19","0","1","13","196","247","0"
"neo4j","d94daacb45225945a8ab3285f791f8ef58f943b0","enterprise/ha/src/main/java/org/neo4j/kernel/ha/HighlyAvailableGraphDatabase.java","19","0","1","13","617","746","0"
"neo4j","0da6dae6f2ecbbab9a278f3757ef793cbe8d921f","enterprise/ha/src/main/java/org/neo4j/kernel/ha/HighlyAvailableGraphDatabase.java","19","0","1","13","619","748","1"
"neo4j","990fe648c6b49f319a515dd6b0757553c483ab11","enterprise/ha/src/main/java/org/neo4j/kernel/ha/HighlyAvailableGraphDatabase.java","19","0","1","13","627","758","0"
"neo4j","cc0ba94bf17cf529234b73be115bf369e7de0c55","enterprise/ha/src/main/java/org/neo4j/kernel/ha/HighlyAvailableGraphDatabase.java","19","0","1","13","629","760","0"
"elasticsearch","6c3beaa2ebe4921474addf07ce3aa02a3cb7f915","core/src/test/java/org/elasticsearch/search/innerhits/InnerHitsIT.java","19","0","1","13","823","931","0"
"hazelcast","1c3dd8c96a86869b2914bd7810ba433ed1482921","hazelcast/src/main/java/com/hazelcast/query/impl/predicates/OrPredicate.java","19","0","1","14","141","181","0"
"elasticsearch","82df50a039551cf6c469f06c3db0f1d6896eadb3","src/main/java/org/elasticsearch/search/aggregations/metrics/stats/extended/InternalExtendedStats.java","19","0","1","14","160","214","0"
"hazelcast","cabe7717c22c521124a1e3fbb08b6b64ced364d7","hazelcast/src/main/java/com/hazelcast/map/impl/tx/TransactionalMapProxySupport.java","19","0","1","14","231","278","1"
"elasticsearch","1feddac3152340128f93fac5fc66057d65acff0e","src/main/java/org/elasticsearch/search/action/SearchServiceTransportAction.java","19","0","1","14","687","865","2"
"elasticsearch","d8c02c2599e2cd30ea973e8f9bf12281e3473ebd","src/main/java/org/elasticsearch/search/action/SearchServiceTransportAction.java","19","0","1","14","687","866","0"
"elasticsearch","c7bd4f3454ecf92ce52d21d2ff2e3fed2b00fe68","core/src/test/java/org/elasticsearch/search/fetch/subphase/InnerHitsIT.java","19","0","1","15","884","999","1"
"elasticsearch","0c7795f53db146de164ed56f7a8718518c680909","core/src/main/java/org/elasticsearch/common/Table.java","19","0","1","16","137","197","1"
"elasticsearch","78c6f951a31d08dcdad94326fcafef8b32c9d213","modules/elasticsearch/src/main/java/org/elasticsearch/common/lucene/all/AllEntries.java","19","0","1","16","150","201","0"
"elasticsearch","feb854b74264e28649c4e16d8ef993e14be31df5","modules/elasticsearch/src/main/java/org/elasticsearch/index/translog/fs/FsTranslog.java","19","0","1","16","183","238","0"
"hazelcast","7f5b63a482cfdd9c764f42239626c8d9248949a4","hazelcast/src/test/java/com/hazelcast/test/mocknetwork/MockConnectionManager.java","19","0","1","16","192","248","0"
"hazelcast","ca2f3fb9e49d66b620c6398a29b098c3f6538835","hazelcast/src/test/java/com/hazelcast/xa/HazelcastXaTest.java","19","0","1","16","295","387","0"
"elasticsearch","53be1fe9d05ad5e4a8c4e61e59541b99f6c3b6fd","src/main/java/org/elasticsearch/common/lucene/all/AllEntries.java","19","0","1","17","157","209","1"
"elasticsearch","1243abfeccd5424aced7e8c0612484d131160362","core/src/test/java/org/elasticsearch/index/engine/ShadowEngineTests.java","19","0","1","17","782","1021","1"
"elasticsearch","6d8fff65dcfde1b2d0b235707c189f07ac64ae34","src/test/java/org/elasticsearch/search/functionscore/DecayFunctionScoreTests.java","19","0","1","17","796","942","0"
"elasticsearch","b9a90eca20b2406ee7af8033ff6a2a445603520d","core/src/test/java/org/elasticsearch/search/fetch/subphase/InnerHitsIT.java","19","0","1","17","939","1058","0"
"orientdb","49646436cee4497bc6b13ed638598cac2c4ae6e6","core/src/test/java/com/orientechnologies/orient/core/index/sbtree/local/SBTreeWAL.java","19","0","1","18","321","426","0"
"orientdb","731545a32e96d61ede50300ab6b8dd1166de7431","core/src/test/java/com/orientechnologies/orient/core/index/sbtree/local/SBTreeWAL.java","19","0","1","18","322","427","0"
"orientdb","a6366e3af3a3ac8bcc2c055cc837d28536384916","core/src/test/java/com/orientechnologies/orient/core/index/sbtree/local/SBTreeWAL.java","19","0","1","18","326","431","1"
"elasticsearch","35ddc749b18f90d4ba4b71175069d057b282b130","core/src/test/java/org/elasticsearch/search/functionscore/DecayFunctionScoreTests.java","19","0","1","18","807","959","1"
"elasticsearch","b612cab96a025d9d28e3c9f6fde7bac1719e5be1","core/src/test/java/org/elasticsearch/search/functionscore/DecayFunctionScoreTests.java","19","0","1","18","808","960","0"
"elasticsearch","d6312178ad07ce6854f2451e97eda2c86483efaf","src/test/java/org/elasticsearch/search/functionscore/DecayFunctionScoreTests.java","19","0","1","18","811","963","0"
"elasticsearch","9bebccba0c6f58bb1bbd09a99d23d765ad4153a5","src/test/java/org/elasticsearch/search/functionscore/DecayFunctionScoreTests.java","19","0","1","18","820","972","1"
"titan","8c51ee9c15b656fa51de53de4f4cc29444132a4a","titan-core/src/main/java/com/thinkaurelius/titan/graphdb/query/StandardElementQuery.java","19","0","1","19","126","154","1"
"netty","58b968b6036dc194dce5a3e70d05d493b2fb6b58","transport-sctp/src/main/java/io/netty/channel/sctp/DefaultSctpChannelConfig.java","19","0","1","19","161","210","0"
"elasticsearch","42b6e01a3703bd0e92822b64d0445261c5e91afb","src/main/java/org/elasticsearch/index/cache/filter/weighted/WeightedFilterCache.java","19","0","1","19","190","264","0"
"elasticsearch","4e613139dc884b242adedb9a209f20c3eb0954b4","core/src/test/java/org/elasticsearch/index/query/InnerHitBuilderTests.java","19","0","1","19","329","440","0"
"netty","7d80182e512ab01d7348ef0ca71c85073d837a0a","codec-http/src/main/java/io/netty/handler/codec/http/HttpContentDecoder.java","19","0","1","2","107","194","1"
"elasticsearch","4fea56ceadbbd042774a89dbdf94c16a4a33df4c","core/src/main/java/org/elasticsearch/cluster/metadata/MetaDataIndexAliasesService.java","19","0","1","2","116","159","0"
"elasticsearch","75cedca0dab933bb6d1679fbddea2d09122d13c9","core/src/main/java/org/elasticsearch/cluster/metadata/MetaDataIndexAliasesService.java","19","0","1","2","119","162","1"
"netty","b644d4e9319eadc16d662e6bcf894e1cfda1f728","codec-http/src/main/java/io/netty/handler/codec/http/HttpContentDecoder.java","19","0","1","2","124","209","1"
"netty","29bed32a89d20024d171bc46973ea99b9c6dd965","codec-http/src/main/java/io/netty/handler/codec/http/HttpContentDecoder.java","19","0","1","2","127","218","0"
"elasticsearch","d3ed795372e1d29455fdd63e0e913e42f210ee0a","src/main/java/org/elasticsearch/cluster/metadata/MetaDataIndexAliasesService.java","19","0","1","2","146","197","0"
"hazelcast","6145f09503713562a33899b578bea2bd96952922","hazelcast/src/main/java/com/hazelcast/map/eviction/ExpirationManager.java","19","0","1","2","148","205","0"
"BroadleafCommerce","c47428fb0783c065f81dbdf641f1155879791b33","admin/broadleaf-open-admin-platform/src/main/java/org/broadleafcommerce/openadmin/web/filter/BroadleafAdminRequestProcessor.java","19","0","1","2","148","211","0"
"hazelcast","485f426abc042144ebf9fd213e724556ad967191","hazelcast/src/main/java/com/hazelcast/map/impl/eviction/ExpirationManager.java","19","0","1","2","149","220","1"
"elasticsearch","467a459f95d8709379bf3e7f415644b246a89dba","core/src/main/java/org/elasticsearch/action/search/type/TransportSearchScrollQueryAndFetchAction.java","19","0","1","2","153","201","2"
"elasticsearch","821021f0e478ca44d828e62c139ea19f0fd7290a","core/src/main/java/org/elasticsearch/action/search/type/TransportSearchScrollQueryAndFetchAction.java","19","0","1","2","158","206","1"
"hazelcast","b2536dfefb390684ac4380e7d70bfef75f600f26","hazelcast/src/main/java/com/hazelcast/map/impl/query/MapQueryEngineImpl.java","19","0","1","2","162","228","1"
"hazelcast","d568e4d926d925d57d4e79e34614390416749301","hazelcast/src/main/java/com/hazelcast/map/impl/query/MapQueryEngineImpl.java","19","0","1","2","162","229","0"
"hazelcast","b1ab638144ded722fac5bb9182c374e7d4f421d7","hazelcast/src/main/java/com/hazelcast/map/impl/query/MapQueryEngineImpl.java","19","0","1","2","164","230","0"
"hazelcast","d070f1256c8c7fa823e6463487462826384ee1df","hazelcast-client/src/test/java/com/hazelcast/client/map/impl/nearcache/ClientMapNearCacheStaleReadTest.java","19","0","1","2","171","246","0"
"neo4j","f51bd417ccd6051edf8da498f9c5ca7bdf6316e8","enterprise/ha/src/test/java/org/neo4j/kernel/ha/com/master/MasterImplConversationStopFuzzIT.java","19","0","1","2","420","514","0"
"elasticsearch","4a6f3c78408c316d9f6f212d2664adda13c54a44","core/src/test/java/org/elasticsearch/cluster/routing/RandomShardRoutingMutator.java","19","0","1","2","58","87","0"
"elasticsearch","28109a18a2dc1f30207d09bdfb2148e8d7906337","core/src/test/java/org/elasticsearch/cluster/routing/RandomShardRoutingMutator.java","19","0","1","2","60","89","1"
"elasticsearch","3354a816fca4b8ce5af622c848bcd5fd1161e3b7","core/src/test/java/org/elasticsearch/cluster/routing/RandomShardRoutingMutator.java","19","0","1","2","60","89","1"
"elasticsearch","d0835715c2704aeb9600f1c203bd591a8b77ee68","core/src/test/java/org/elasticsearch/cluster/routing/RandomShardRoutingMutator.java","19","0","1","2","60","89","1"
"elasticsearch","d2507c4ac0477f28b441f83eeac07786fb8f42b4","core/src/test/java/org/elasticsearch/cluster/routing/RandomShardRoutingMutator.java","19","0","1","2","60","89","0"
"elasticsearch","523a8b4c3e8003316f3e7c6a74bdd5e4e1818dd6","modules/elasticsearch/src/main/java/org/elasticsearch/search/facets/geodistance/ValueGeoDistanceFacetCollector.java","19","0","1","2","75","111","0"
"elasticsearch","523a8b4c3e8003316f3e7c6a74bdd5e4e1818dd6","modules/elasticsearch/src/main/java/org/elasticsearch/search/sort/GeoDistanceSortParser.java","19","0","1","2","77","111","0"
"elasticsearch","25fd9e26c4fb042d6f6dea14efcd239577bdbbc4","core/src/main/java/org/apache/lucene/search/vectorhighlight/CustomFieldQuery.java","19","0","1","2","93","133","0"
"netty","7f3f792017da8728e65d2756225c779f9a1c5e45","codec-http/src/main/java/io/netty/handler/codec/http/HttpContentDecoder.java","19","0","1","2","93","177","0"
"BroadleafCommerce","7da760ada0cf3c3164075c970c90d47e36b4bef4","core/broadleaf-framework/src/main/java/org/broadleafcommerce/core/order/service/call/AbstractOrderItemRequest.java","19","0","1","20","109","168","0"
"netty","1f27c3b39060e544b4d3aaf05b700dd5c433a0cd","transport-sctp/src/main/java/io/netty/channel/sctp/DefaultSctpChannelConfig.java","19","0","1","20","166","216","0"
"elasticsearch","220bd2de6e5ad817d952bd43d8d3f99f1480dba9","core/src/test/java/org/elasticsearch/index/query/InnerHitBuilderTests.java","19","0","1","20","343","457","1"
"neo4j","a93c570faa774c1a40b635b6a3e6d8ccb61a99e8","community/kernel/src/test/java/org/neo4j/graphdb/LabelsAcceptanceTest.java","19","0","1","20","551","711","1"
"neo4j","868b4d731485023d2f7477e1133dcd5b263c851d","community/kernel/src/test/java/org/neo4j/graphdb/LabelsAcceptanceTest.java","19","0","1","20","554","714","0"
"elasticsearch","efc95dc00a8844d9e86427a9d36b9a7b16b55a42","modules/elasticsearch/src/main/java/org/elasticsearch/common/xcontent/json/JsonXContentParser.java","19","0","1","21","122","174","0"
"netty","77b4ec7e1bc0b8c6111728cc074226dd9cfe1b73","transport-sctp/src/main/java/io/netty/channel/sctp/DefaultSctpChannelConfig.java","19","0","1","21","178","229","2"
"netty","573b54a93d45553e1726bcab54f0e325ae9f0bde","transport-sctp/src/main/java/io/netty/channel/sctp/DefaultSctpChannelConfig.java","19","0","1","22","183","235","1"
"netty","b533a1361bbbc457c974ca365f8293ec27ffda1c","transport-sctp/src/main/java/io/netty/channel/sctp/DefaultSctpChannelConfig.java","19","0","1","22","184","236","0"
"netty","9d4fae308c09a2c759dc67db765d311154c8d977","transport-sctp/src/main/java/io/netty/channel/sctp/DefaultSctpChannelConfig.java","19","0","1","22","187","238","2"
"BroadleafCommerce","70a46473c03a3f9bbb46accfafd8c464344b6d40","core/broadleaf-framework/src/main/java/org/broadleafcommerce/core/offer/service/discount/domain/PromotableOrderItemImpl.java","19","0","1","22","197","254","0"
"MapDB","e4e15337e2f73efaf8115394e8e4e104b3fb55f4","src/test/java/org/mapdb/StorageDirectTest.java","19","0","1","22","260","366","2"
"neo4j","e5ea526b14ce752e94a5460b1c85bf4567d8f97d","community/kernel/src/test/java/org/neo4j/graphdb/LabelsAcceptanceTest.java","19","0","1","22","604","796","1"
"neo4j","c3a5cbf00866abb108bf34ce2e0680026fdd2025","community/kernel/src/test/java/org/neo4j/graphdb/LabelsAcceptanceTest.java","19","0","1","22","607","799","0"
"netty","3e5dcb5f3efbb26d5e6cf4cd229b03c285d62462","transport-sctp/src/main/java/io/netty/channel/sctp/DefaultSctpChannelConfig.java","19","0","1","23","195","247","1"
"BroadleafCommerce","66ae8f00a336acfd1569bda8752f26ebae85a7dc","core/broadleaf-framework/src/main/java/org/broadleafcommerce/core/offer/service/discount/domain/PromotableOrderItemImpl.java","19","0","1","23","203","264","0"
"elasticsearch","7feb742a9b3e8a5bceaaf77e2767d116a858d07d","src/main/java/org/elasticsearch/script/groovy/GroovyScriptEngineService.java","19","0","1","23","242","316","0"
"elasticsearch","d902012835916179e0bb86890e7898cc30aef70a","core/src/main/java/org/elasticsearch/script/groovy/GroovyScriptEngineService.java","19","0","1","23","243","319","0"
"elasticsearch","c315d54c2a6695301512fecdccb8f7de22e3ccfe","core/src/main/java/org/elasticsearch/script/groovy/GroovyScriptEngineService.java","19","0","1","23","246","323","1"
"orientdb","d29612b2f916e601d35317725979f2535c8a02c4","tests/src/test/java/com/orientechnologies/orient/test/database/auto/SQLInsertTest.java","19","0","1","23","434","579","0"
"orientdb","f3ef57b6670c3d42ad0f3248c972f8076e6a3ebc","tests/src/test/java/com/orientechnologies/orient/test/database/auto/SQLInsertTest.java","19","0","1","24","443","592","1"
"hazelcast","27d49efcee88ee428254cf38353e8698ea127c45","hazelcast/src/main/java/com/hazelcast/client/impl/ClientEndpointImpl.java","19","0","1","25","217","269","2"
"hazelcast","93fd800d6c6f6781ef95536bba7e2b200fe9678d","hazelcast/src/main/java/com/hazelcast/client/impl/ClientEndpointImpl.java","19","0","1","25","220","272","2"
"hazelcast","b0a815f459c18eed67fcd6e4bf122bad043ef8a5","hazelcast/src/main/java/com/hazelcast/client/impl/ClientEndpointImpl.java","19","0","1","25","220","272","1"
"hazelcast","da8888f97af74b4590dfc1dce3d0bdeb44654000","hazelcast/src/main/java/com/hazelcast/client/impl/ClientEndpointImpl.java","19","0","1","25","220","272","0"
"orientdb","8ad0088d4c396d2e95bb246e475bff2c4111532f","tests/src/test/java/com/orientechnologies/orient/test/database/auto/SQLInsertTest.java","19","0","1","25","448","599","0"
"hazelcast","171945d3dca0aa477dd391e0142c6a71a7cd1c24","hazelcast/src/main/java/com/hazelcast/client/impl/ClientEndpointImpl.java","19","0","1","26","221","274","2"
"MapDB","6329a16bf1c15e891291d9013156bc2623e43255","src/test/java/org/mapdb/StorageDirectTest.java","19","0","1","26","289","400","1"
"netty","58b968b6036dc194dce5a3e70d05d493b2fb6b58","transport-udt/src/main/java/io/netty/channel/udt/DefaultUdtChannelConfig.java","19","0","1","27","218","275","0"
"elasticsearch","4aa315974b6787ed0816f68e0b6ee7ed4101d4c8","src/test/java/org/elasticsearch/search/suggest/CompletionSuggestSearchTests.java","19","0","1","27","659","821","1"
"orientdb","23f6a2c86c66e900c15160869fe44f4dbb081a19","core/src/main/java/com/orientechnologies/orient/core/storage/OStorageAbstract.java","19","0","1","28","185","257","1"
"netty","1f27c3b39060e544b4d3aaf05b700dd5c433a0cd","transport-udt/src/main/java/io/netty/channel/udt/DefaultUdtChannelConfig.java","19","0","1","28","223","281","0"
"netty","77b4ec7e1bc0b8c6111728cc074226dd9cfe1b73","transport-udt/src/main/java/io/netty/channel/udt/DefaultUdtChannelConfig.java","19","0","1","29","231","290","2"
"oryx","e0b8eb77d5771ae8f13d00fd85fa143144cb8f42","app/oryx-app/src/main/java/com/cloudera/oryx/app/speed/als/ALSSpeedModelManager.java","19","0","1","3","137","226","0"
"elasticsearch","f739abe89e89e999225b6e478ba530c344e8e946","src/main/java/org/elasticsearch/action/bench/CompetitionSummary.java","19","0","1","3","138","199","1"
"hazelcast","7167c10b3f49d6952ccd3671ecde41c8fca10114","hazelcast/src/main/java/com/hazelcast/collection/impl/txnqueue/TransactionalQueueProxySupport.java","19","0","1","3","151","188","1"
"hazelcast","82f1a5c6da6b8a3f431fe81b18e4866c0c5e2c9f","hazelcast/src/main/java/com/hazelcast/collection/impl/txnqueue/TransactionalQueueProxySupport.java","19","0","1","3","151","203","0"
"hazelcast","b7a82854871f76fbc0bda0c5fec2be699fc46b68","hazelcast/src/main/java/com/hazelcast/map/eviction/MaxSizeChecker.java","19","0","1","3","157","209","1"
"elasticsearch","573cacab54c114b04912b5876fa81d61e0317b8b","src/test/java/org/elasticsearch/threadpool/SimpleThreadPoolTests.java","19","0","1","3","177","225","0"
"elasticsearch","41d8fbe8f51abd499c9b497238bc5f2141b7926b","core/src/test/java/org/elasticsearch/threadpool/SimpleThreadPoolIT.java","19","0","1","3","178","226","1"
"elasticsearch","015e46930de9e23adec2461b9ca95e9118953eb5","modules/elasticsearch/src/main/java/org/elasticsearch/river/RiversService.java","19","0","1","3","180","252","0"
"hazelcast","15ad63e930e2d564e6911025f5d234fd4144e345","hazelcast/src/main/java/com/hazelcast/map/eviction/MaxSizeChecker.java","19","0","1","3","182","239","0"
"hazelcast","7001ec8c5b1305c796de75c2e3f170c562db8c03","hazelcast-client/src/test/java/com/hazelcast/client/map/impl/nearcache/ClientMapNearCacheStaleReadTest.java","19","0","1","3","183","253","1"
"hazelcast","0880710f355f33d03b8d928ec9d22a0ff4f1ca52","hazelcast-client/src/test/java/com/hazelcast/client/map/impl/nearcache/ClientMapNearCacheStaleReadTest.java","19","0","1","3","184","254","2"
"elasticsearch","8532dc84e949938536f42f427eb551bbcb0e7cd3","modules/elasticsearch/src/main/java/org/elasticsearch/index/query/support/QueryParsers.java","19","0","1","3","75","105","0"
"elasticsearch","784a26321bc1b116939adb32ffc1324e85b4ad89","src/main/java/org/elasticsearch/index/query/TermQueryParser.java","19","0","1","3","81","116","0"
"elasticsearch","7ab0e2c5321c802068d85c0fa3a0f44e0b02c5a4","core/src/main/java/org/elasticsearch/index/query/AndQueryParser.java","19","0","1","3","83","119","1"
"orientdb","1327db811d3b8c2dbe9bd6534aa6b36b09c09195","core/src/main/java/com/orientechnologies/orient/core/sql/executor/OInsertExecutionPlanner.java","19","0","1","3","87","106","0"
"elasticsearch","cdd13253deee8c4f0cafe5a048161e4efb9ffce7","core/src/main/java/org/elasticsearch/index/query/RegexpQueryParser.java","19","0","1","3","94","132","0"
"netty","573b54a93d45553e1726bcab54f0e325ae9f0bde","transport-udt/src/main/java/io/netty/channel/udt/DefaultUdtChannelConfig.java","19","0","1","30","236","296","1"
"netty","b533a1361bbbc457c974ca365f8293ec27ffda1c","transport-udt/src/main/java/io/netty/channel/udt/DefaultUdtChannelConfig.java","19","0","1","30","237","297","0"
"netty","9d4fae308c09a2c759dc67db765d311154c8d977","transport-udt/src/main/java/io/netty/channel/udt/DefaultUdtChannelConfig.java","19","0","1","30","244","304","1"
"netty","3e5dcb5f3efbb26d5e6cf4cd229b03c285d62462","transport-udt/src/main/java/io/netty/channel/udt/DefaultUdtChannelConfig.java","19","0","1","31","252","313","0"
"elasticsearch","78d86bcf411ebd940e10539f039282b3d115c5a0","src/main/java/org/elasticsearch/index/shard/ShardStateMetaData.java","19","0","1","4","108","147","0"
"BroadleafCommerce","1be2db6b810f47b8e28cb38bf129d9400873adac","admin/broadleaf-open-admin-platform/src/main/java/org/broadleafcommerce/openadmin/server/service/persistence/module/provider/MapFieldPersistenceProvider.java","19","0","1","4","120","151","0"
"BroadleafCommerce","cf1b232d09760ba4e5d2a15f0d0f2a3ce0e0ece9","admin/broadleaf-open-admin-platform/src/main/java/org/broadleafcommerce/openadmin/server/service/persistence/module/provider/MapFieldPersistenceProvider.java","19","0","1","4","120","151","0"
"BroadleafCommerce","720d3e3416788f34a1ee292f8847261845f8d198","admin/broadleaf-open-admin-platform/src/main/java/org/broadleafcommerce/openadmin/server/service/persistence/module/provider/MapFieldPersistenceProvider.java","19","0","1","4","120","151","1"
"hazelcast","563cd8b09d44e3bc84a4782c4d1bfeca3de13451","hazelcast/src/main/java/com/hazelcast/nio/tcp/ReadHandler.java","19","0","1","4","125","164","1"
"elasticsearch","de243493c9a31354d742c34a66817e8a06798026","src/main/java/org/elasticsearch/indices/store/IndicesStore.java","19","0","1","4","126","184","1"
"hazelcast","126e14b751c60a2bc5522ebb6d487b0d64277821","hazelcast/src/main/java/com/hazelcast/nio/tcp/ReadHandler.java","19","0","1","4","127","167","2"
"elasticsearch","4f8c916eedd157fd9e1b17fb856d47d85a31457c","src/main/java/org/elasticsearch/indices/store/IndicesStore.java","19","0","1","4","127","185","1"
"elasticsearch","bd75b731c654f4c845f0781306b8055704706585","src/main/java/org/elasticsearch/indices/store/IndicesStore.java","19","0","1","4","131","189","2"
"mcMMO","6c2b1f555f810d5a0174f57a3564295ef8d251a0","src/main/java/com/gmail/nossr50/util/ChimaeraWing.java","19","0","1","4","134","176","0"
"hazelcast","1f042b8c4a4245594691bb6d85a66ceed9b43068","hazelcast/src/main/java/com/hazelcast/internal/monitors/OverloadedConnectionsPlugin.java","19","0","1","4","157","219","1"
"hazelcast","70d4de16ff0ac4518d09aad8c9f2ad9e782fb337","hazelcast/src/main/java/com/hazelcast/internal/monitors/OverloadedConnectionsPlugin.java","19","0","1","4","157","219","2"
"hazelcast","2921cff694583b8638dae2991f427e61d5440a9d","hazelcast/src/main/java/com/hazelcast/internal/monitors/OverloadedConnectionsPlugin.java","19","0","1","4","157","219","0"
"elasticsearch","026bf2e3ee1ee5c188e57839d9e902962158138b","modules/lang-painless/src/main/java/org/elasticsearch/painless/node/ELambda.java","19","0","1","4","173","254","1"
"elasticsearch","d8f16178d3f21b4f9d17da12e7aa61613fc2c27a","src/main/java/org/elasticsearch/http/HttpServer.java","19","0","1","4","183","250","1"
"elasticsearch","a6510f924520d8cdda2636ac85a1a1e43f6dfb8c","src/main/java/org/elasticsearch/http/HttpServer.java","19","0","1","4","186","252","0"
"neo4j","deb01d37aaa9368817ea70690c8933983b59a87a","enterprise/causal-clustering/src/main/java/org/neo4j/causalclustering/catchup/tx/CatchupPollingProcess.java","19","0","1","4","274","338","0"
"MapDB","72649e80593c3f1fa476c951397a2c9dca467a9c","src/test/java/org/mapdb/VolumeTest.java","19","0","1","4","341","451","1"
"neo4j","337e9e71cdb388affbfb096c490876405ebdf03b","community/kernel/src/main/java/org/neo4j/kernel/impl/index/IndexCommand.java","19","0","1","40","280","352","1"
"orientdb","32c11ba7d5bbded657d28bc2cef1ff6df4ad8b22","core/src/test/java/com/orientechnologies/orient/core/sql/OCommandExecutorSQLSelectTest.java","19","0","1","47","567","739","6"
"elasticsearch","e508c277e1ab52ba7cf53a702e38ad2a09225fde","core/src/test/java/org/elasticsearch/snapshots/DedicatedClusterSnapshotRestoreIT.java","19","0","1","49","797","1051","2"
"orientdb","44c2648739758518f2791d67b0a38fa49a5f3805","src/main/java/com/orientechnologies/lucene/OLuceneIndexType.java","19","0","1","5","107","148","0"
"elasticsearch","fcdd2ba11c5f2ef68144086806c372127e176fb0","modules/elasticsearch/src/main/java/org/elasticsearch/common/lucene/docset/AndDocSet.java","19","0","1","5","111","160","0"
"orientdb","36fe694c8f3e92babf28edcd4aeda4d4ec08e667","etl/src/main/java/com/orientechnologies/orient/etl/OAbstractETLComponent.java","19","0","1","5","117","164","1"
"orientdb","984c71715a77135a3a3b46473e9b6f816f78fb60","etl/src/main/java/com/orientechnologies/orient/etl/OAbstractETLComponent.java","19","0","1","5","118","166","0"
"BroadleafCommerce","db212b0fbec7c36a69bf08d20d879efe5a7ba7b2","admin/broadleaf-open-admin-platform/src/main/java/org/broadleafcommerce/openadmin/server/security/handler/AdminUserCustomPersistenceHandler.java","19","0","1","5","131","190","2"
"BroadleafCommerce","fe4d8ac0b681d87622fb58098e315a3559ef92a1","admin/broadleaf-open-admin-platform/src/main/java/org/broadleafcommerce/openadmin/server/security/handler/AdminUserCustomPersistenceHandler.java","19","0","1","5","133","193","2"
"hazelcast","5bd388cd07b765d5c51cc58a4a74bc7a4289c672","hazelcast/src/main/java/com/hazelcast/wan/impl/WanNoDelayReplication.java","19","0","1","5","141","180","1"
"elasticsearch","f23274523a4d957156fa48923cbf651bdeb2813f","src/main/java/org/elasticsearch/action/bench/CompetitionSummary.java","19","0","1","5","141","203","0"
"mct","00a1a4e44d41db0509178e7acb449101cb47231f","fastPlotViews/src/main/java/gov/nasa/arc/mct/fastplot/settings/LineSetupPanel.java","19","0","1","5","154","225","0"
"hazelcast","3d0ba46e44d89fcef3fd3225825bb2f401cfdbd5","hazelcast/src/test/java/com/hazelcast/map/SortLimitTest.java","19","0","1","5","195","258","1"
"elasticsearch","f23274523a4d957156fa48923cbf651bdeb2813f","src/test/java/org/elasticsearch/action/bench/BenchmarkIntegrationTest.java","19","0","1","5","222","311","0"
"elasticsearch","28090b3d7366044a8cadb0e6d47c324f94c1684a","core/src/main/java/org/elasticsearch/cluster/action/shard/ShardStateAction.java","19","0","1","5","233","325","1"
"elasticsearch","8e07b4fba4e200e5fecfc5bf7d34b9086f356ef2","core/src/main/java/org/elasticsearch/cluster/action/shard/ShardStateAction.java","19","0","1","5","233","325","1"
"elasticsearch","17906ca7d615dc4c72cb5cc403f2d561dc1f2ff3","core/src/main/java/org/elasticsearch/cluster/action/shard/ShardStateAction.java","19","0","1","5","233","325","0"
"neo4j","035903e9ebdada5ea1269b223a6b5ee102763a1d","enterprise/causal-clustering/src/main/java/org/neo4j/causalclustering/catchup/tx/CatchupPollingProcess.java","19","0","1","5","275","340","0"
"neo4j","c78d5b9a732e8512a6136e4194de35dbffdeaca6","enterprise/causal-clustering/src/main/java/org/neo4j/causalclustering/catchup/tx/CatchupPollingProcess.java","19","0","1","5","283","348","1"
"netty","f23d68b42fd71674fee6623f6779d70b6849da21","common/src/main/java/io/netty/util/AbstractReferenceCounted.java","19","0","1","5","94","136","0"
"netty","f23d68b42fd71674fee6623f6779d70b6849da21","buffer/src/main/java/io/netty/buffer/AbstractReferenceCountedByteBuf.java","19","0","1","5","98","142","0"
"elasticsearch","92f132aede05533636f2874f8a7b86f09ba806b3","src/main/java/org/elasticsearch/search/highlight/HighlightPhase.java","19","0","1","6","107","149","1"
"elasticsearch","d94b25278a2554a2d4e63dab9b0eab9ffa96a893","src/main/java/org/elasticsearch/search/highlight/HighlightPhase.java","19","0","1","6","107","149","1"
"elasticsearch","e913b6626f45338629751b8d994a6f38de01acc1","src/main/java/org/elasticsearch/search/highlight/HighlightPhase.java","19","0","1","6","107","149","1"
"elasticsearch","10e2528cceb404165822862602eb1326ccb1fba5","src/main/java/org/elasticsearch/search/highlight/HighlightPhase.java","19","0","1","6","107","149","0"
"elasticsearch","16e350b2668d23041fa6882367b45dee7d90a336","src/main/java/org/elasticsearch/search/highlight/HighlightPhase.java","19","0","1","6","108","150","0"
"elasticsearch","526b46402530817f63c4c70ed382fee34b8b7cf3","src/main/java/org/elasticsearch/search/highlight/HighlightPhase.java","19","0","1","6","110","152","0"
"orientdb","8f9869e9aa008fe88b0e42acd1b9033a777768bd","graphdb/src/main/java/com/orientechnologies/orient/graph/console/OGremlinConsole.java","19","0","1","6","117","168","0"
"orientdb","95389584580b74dc868665fad27389fcf5cf851b","graphdb/src/main/java/com/orientechnologies/orient/graph/console/OGremlinConsole.java","19","0","1","6","119","170","0"
"elasticsearch","ff6b605778c38613c35f5dd4fec78b482f8c075d","src/main/java/org/elasticsearch/index/shard/ShardStateMetaData.java","19","0","1","6","121","161","1"
"elasticsearch","de243493c9a31354d742c34a66817e8a06798026","src/main/java/org/elasticsearch/index/indexing/slowlog/ShardSlowLogIndexingService.java","19","0","1","6","126","171","0"
"elasticsearch","bd75b731c654f4c845f0781306b8055704706585","src/main/java/org/elasticsearch/index/indexing/slowlog/ShardSlowLogIndexingService.java","19","0","1","6","131","176","1"
"hazelcast","725a7fba1663e62a3fb4685fbb6d24184810f70d","hazelcast/src/main/java/com/hazelcast/collection/impl/txnqueue/TransactionalQueueProxySupport.java","19","0","1","6","150","186","1"
"elasticsearch","8ab7ca5284581d59b3988024894a934504371092","core/src/main/java/org/elasticsearch/common/lucene/all/AllTermQuery.java","19","0","1","6","193","248","2"
"netty","ea61b5b5b368a3e2ea556bb92edc1bc6c4216d20","buffer/src/test/java/io/netty/buffer/PooledByteBufAllocatorTest.java","19","0","1","6","254","333","1"
"elasticsearch","4139bb51806305086fb1eaf3dce68b65f4007560","modules/elasticsearch/src/main/java/org/elasticsearch/index/field/data/strings/MultiValueStringFieldData.java","19","0","1","7","100","136","0"
"orientdb","bbbb777e4073e4214e47e2134379d96dcb54486a","core/src/main/java/com/orientechnologies/common/concur/lock/ODistributedCounter.java","19","0","1","7","105","140","1"
"orientdb","594afc5cdd16fe8ac70e5bf02d1a29912fd147cc","core/src/main/java/com/orientechnologies/common/concur/lock/ODistributedCounter.java","19","0","1","7","106","141","0"
"orientdb","2ee3b61558840a5368bca7909740f1b6b1cce1b3","core/src/main/java/com/orientechnologies/orient/core/storage/impl/local/paginated/atomicoperations/OAtomicOperationsManager.java","19","0","1","7","116","179","2"
"BroadleafCommerce","b432bff0906548997886f1884d0909e1e0b6e434","admin/broadleaf-open-admin-platform/src/main/java/org/broadleafcommerce/openadmin/server/service/persistence/module/criteria/FieldPathBuilder.java","19","0","1","7","142","199","1"
"elasticsearch","767a7e23298142efafd3213b00a860f752438033","core/src/main/java/org/elasticsearch/common/lucene/all/AllTermQuery.java","19","0","1","7","196","252","0"
"elasticsearch","93beea1f670f1e0d53bc3fd3ee671bc235d5f1aa","core/src/test/java/org/elasticsearch/snapshots/AbstractSnapshotTests.java","19","0","1","7","200","256","0"
"elasticsearch","da56a4d33291ea4fefecb2ec47e435b40f1e5501","modules/test/integration/src/test/java/org/elasticsearch/test/integration/gateway/local/SimpleRecoveryLocalGatewayTests.java","19","0","1","7","278","369","0"
"elasticsearch","5f24581de31ddcfb1228f93261b78e48515e25b0","core/src/main/java/org/elasticsearch/search/aggregations/metrics/stats/StatsAggregator.java","19","0","1","8","124","161","1"
"hazelcast","2a66e09151196bea387db7596a7f45a1bd5458f1","hazelcast/src/main/java/com/hazelcast/cache/impl/operation/CacheReplicationOperation.java","19","0","1","8","134","196","2"
"hazelcast","02928f139660e2264ab264f2a802c813fa7e647f","hazelcast/src/main/java/com/hazelcast/cache/impl/operation/CacheReplicationOperation.java","19","0","1","8","135","197","1"
"hazelcast","7001ec8c5b1305c796de75c2e3f170c562db8c03","hazelcast/src/main/java/com/hazelcast/cache/impl/operation/CacheReplicationOperation.java","19","0","1","8","136","198","0"
"hazelcast","bb3ea0e107980d769862cdbda748cc91529d67b5","hazelcast/src/main/java/com/hazelcast/client/impl/protocol/task/AbstractMessageTask.java","19","0","1","8","159","210","1"
"elasticsearch","7ca2ef9b93fc9421e860453de50961e90398f6f4","src/main/java/org/elasticsearch/search/aggregations/bucket/nested/NestedAggregator.java","19","0","1","8","166","236","0"
"hazelcast","317fabec0c90b274c686ba018cc1b465fee244f2","hazelcast/src/main/java/com/hazelcast/client/impl/protocol/task/AbstractMessageTask.java","19","0","1","8","168","220","1"
"elasticsearch","ebb7ecb00e31126f545334fe7b8067b570c6e3ce","src/main/java/org/elasticsearch/search/aggregations/bucket/nested/NestedAggregator.java","19","0","1","8","168","239","1"
"hazelcast","70d4de16ff0ac4518d09aad8c9f2ad9e782fb337","hazelcast/src/main/java/com/hazelcast/client/impl/protocol/task/AbstractMessageTask.java","19","0","1","8","181","235","1"
"hazelcast","27d49efcee88ee428254cf38353e8698ea127c45","hazelcast/src/main/java/com/hazelcast/client/impl/protocol/task/AbstractMessageTask.java","19","0","1","8","185","240","1"
"elasticsearch","284491d87473878574be81d912b9548eb57cc673","src/main/java/org/elasticsearch/index/search/child/ParentConstantScoreQuery.java","19","0","1","8","202","270","0"
"elasticsearch","31fa4dc58b659295aaa48930277dddbbabb271ae","src/main/java/org/elasticsearch/index/search/child/ParentConstantScoreQuery.java","19","0","1","8","211","279","1"
"hazelcast","8934589035acc7388d93bba2e74b99b37a1f3731","hazelcast/src/test/java/com/hazelcast/queue/TransactionQueueTest.java","19","0","1","8","246","307","1"
"elasticsearch","be7d3b609f82a3f9917f1a264f9011d73b119f82","modules/test/integration/src/test/java/org/elasticsearch/test/integration/gateway/local/SimpleRecoveryLocalGatewayTests.java","19","0","1","8","296","397","0"
"elasticsearch","dbe0b421404efdae849e851fba2dade23ad4924e","core/src/test/java/org/elasticsearch/threadpool/UpdateThreadPoolSettingsTests.java","19","0","1","8","315","399","0"
"ceylon-ide-eclipse","24a521bfec721f132f2a75d0a2cc1fb9f0c425e7","plugins/com.redhat.ceylon.eclipse.ui/src/com/redhat/ceylon/eclipse/code/navigator/ExternalModuleNode.java","19","0","1","8","88","108","0"
"hazelcast","bcf9ee598f194761dddbc03362c365bdbe1f96ab","hazelcast/src/main/java/com/hazelcast/query/impl/SortedIndexStore.java","19","0","1","9","112","148","1"
"elasticsearch","5ef78fd0159384f08a4d6f87a01f9fe6be21afc9","modules/reindex/src/main/java/org/elasticsearch/index/reindex/ReindexRequest.java","19","0","1","9","115","167","0"
"orientdb","13683ccc1191b86be3e8c7660d408a2b503a789f","core/src/main/java/com/orientechnologies/orient/core/db/OPartitionedDatabasePoolFactory.java","19","0","1","9","125","194","0"
"orientdb","d3810feb09a21a216539acc1938c9d936d42de0b","core/src/main/java/com/orientechnologies/common/concur/lock/OLockManager.java","19","0","1","9","132","178","0"
"orientdb","fa5599d13aa3ef97cd2ddd319e266dd334b9a398","core/src/main/java/com/orientechnologies/orient/core/sql/parser/OInputParameter.java","19","0","1","9","153","179","0"
"hazelcast","820f4b2d5e993cbc48c7f14e06f7588591085461","hazelcast-client-new/src/main/java/com/hazelcast/client/spi/impl/ClientPartitionServiceImpl.java","19","0","1","9","169","220","1"
"hazelcast","ecaaec40f356936a3252c08a2bf6f4180fd3c81b","hazelcast-client/src/main/java/com/hazelcast/client/spi/ProxyManager.java","19","0","1","9","192","235","0"
"elasticsearch","8d83edc4a52e6643620630cf7a20175d88747771","core/src/test/java/org/elasticsearch/indexing/IndexActionIT.java","19","0","1","9","206","264","0"
"netty","256f55b2e9155caf2104e5dd3118e0d7277187a3","transport/src/main/java/io/netty/channel/local/LocalChannel.java","19","0","1","9","247","321","0"
"orientdb","3fd79f333e2a5c17bcac9d2ddfe74044e2dfecdd","server/src/test/java/com/orientechnologies/orient/core/storage/impl/local/paginated/LocalPaginatedStorageUpdateCrashRestoreIT.java","19","0","1","9","254","337","0"
"orientdb","40eeb1f2dd529f467d5854913f0df623963a7038","server/src/test/java/com/orientechnologies/orient/core/storage/impl/local/paginated/LocalPaginatedStorageUpdateCrashRestoreIT.java","19","0","1","9","254","337","0"
"orientdb","c3943915a7ca022d85b4aea72942208d7cf621c4","server/src/test/java/com/orientechnologies/orient/core/storage/impl/local/paginated/LocalPaginatedStorageUpdateCrashRestoreIT.java","19","0","1","9","254","337","1"
"ceylon-ide-eclipse","a86d00c5b62291f3160751a033df6ac3dae95f72","plugins/com.redhat.ceylon.eclipse.ui/src/com/redhat/ceylon/eclipse/code/hover/AnnotationHover.java","19","0","1","9","257","310","0"
"hazelcast","07e71a06f93d534a6c6a12325d08a9de4e09cd25","hazelcast/src/test/java/com/hazelcast/queue/TransactionQueueTest.java","19","0","1","9","259","323","1"
"hazelcast","c2476af233aa1f1b07c02279cd80070e9f3deab7","hazelcast/src/test/java/com/hazelcast/queue/TransactionQueueTest.java","19","0","1","9","259","323","1"
"hazelcast","21c03c92c7573e1011f7f1051e6267f0c28dd53a","hazelcast/src/test/java/com/hazelcast/queue/TransactionQueueTest.java","19","0","1","9","259","323","0"
"elasticsearch","e8519084c98bc91897445bb0a188dc0e1cbaabcd","src/test/java/org/elasticsearch/gateway/local/LocalGatewayIndexStateTests.java","19","0","1","9","405","543","1"
"elasticsearch","9077bb6528f843ca8042ff95f8fac47140ef5aa1","modules/elasticsearch/src/main/java/org/elasticsearch/common/lucene/geo/GeoDistanceFilter.java","19","0","1","9","95","145","0"
"orientdb","eda978aeda4e2d46618285fcb1d73642a30164c2","core/src/main/java/com/orientechnologies/orient/core/hook/ORecordHookAbstract.java","19","0","10","20","122","252","1"
"MapDB","88fdf08da278c3a21757ef9572a9f6017ee3629c","src/main/java/org/mapdb/Utils.java","19","0","10","3","126","219","0"
"elasticsearch","698eb7de9b3b0da7ce8ee8f6ac8efcb38947bbdb","src/main/java/org/elasticsearch/action/support/IndicesOptions.java","19","0","10","4","128","218","1"
"netty","0b8a647f4eeff161f7914afe6de2eed8292f7dde","transport/src/main/java/io/netty/bootstrap/Bootstrap.java","19","0","11","4","211","323","1"
"BroadleafCommerce","86c7c1f49cf8d819bf62c336775b16aeea5d2070","core/broadleaf-framework/src/main/java/org/broadleafcommerce/core/catalog/domain/SkuAttributeImpl.java","19","0","12","2","135","233","0"
"BroadleafCommerce","a93b02213fc0e0d30021ca130b6bce5f8aa1e184","core/broadleaf-framework/src/main/java/org/broadleafcommerce/core/catalog/domain/SkuAttributeImpl.java","19","0","12","2","136","234","0"
"BroadleafCommerce","86c7c1f49cf8d819bf62c336775b16aeea5d2070","core/broadleaf-framework/src/main/java/org/broadleafcommerce/core/catalog/domain/ProductAttributeImpl.java","19","0","12","2","137","219","0"
"BroadleafCommerce","a93b02213fc0e0d30021ca130b6bce5f8aa1e184","core/broadleaf-framework/src/main/java/org/broadleafcommerce/core/catalog/domain/ProductAttributeImpl.java","19","0","12","2","138","220","0"
"elasticsearch","3aed047bdedde1bda189cbfc2f81e65af42e57c5","core/src/main/java/org/elasticsearch/index/query/QueryShardContext.java","19","0","12","29","284","415","0"
"elasticsearch","0a69f1e283e26e5d9e6a000b68b9f4778de557a1","core/src/main/java/org/elasticsearch/index/IndexModule.java","19","0","12","5","160","272","2"
"elasticsearch","1b15333f341100eb4f4098ddce2e236e2f1c0b7b","src/main/java/org/elasticsearch/action/percolate/PercolateResponse.java","19","0","13","6","205","296","0"
"elasticsearch","46088b9f8acc057414ba222809b1b6bc3e1a435e","modules/elasticsearch/src/main/java/org/elasticsearch/search/facet/histogram/HistogramFacet.java","19","0","13","7","94","190","0"
"elasticsearch","ed996c3e850b047d52e36e7e865e3f39ccfd7ab6","modules/elasticsearch/src/main/java/org/elasticsearch/cluster/node/DiscoveryNode.java","19","0","14","11","161","261","0"
"elasticsearch","cbb1c35f94a36e8871301fce435d516db3cd4256","modules/elasticsearch/src/main/java/org/elasticsearch/cluster/node/DiscoveryNode.java","19","0","14","11","162","262","0"
"elasticsearch","3f18487afa4156c8418922256ed5583dfeafb716","core/src/test/java/org/elasticsearch/index/mapper/timestamp/TimestampMappingTests.java","19","0","14","18","664","840","3"
"netty","ed9d6c79bca67c181b1325a5059af47d40952a01","codec-http/src/main/java/io/netty/handler/codec/http/HttpServerUpgradeHandler.java","19","0","14","8","204","380","0"
"netty","8d499a2419e616342c6076f1994deba87447fbb5","codec-http/src/main/java/io/netty/handler/codec/http/HttpServerUpgradeHandler.java","19","0","14","8","204","385","1"
"elasticsearch","2bd09c4625898d77aa6c015c6f82cf973ed18cb7","core/src/main/java/org/elasticsearch/cluster/ClusterChangedEvent.java","19","0","16","1","115","228","0"
"elasticsearch","83d1e0985d64d1e21bc233c9a4d567d901006722","core/src/main/java/org/elasticsearch/cluster/ClusterChangedEvent.java","19","0","16","1","115","228","0"
"elasticsearch","3d13c27fa0df12018f35f1b20987c90277e9b6f9","core/src/main/java/org/elasticsearch/cluster/ClusterChangedEvent.java","19","0","16","1","115","228","1"
"elasticsearch","2f6405ee277ec64269dd13fdfbd8445f96b4516d","core/src/main/java/org/elasticsearch/cluster/ClusterChangedEvent.java","19","0","16","1","117","230","1"
"elasticsearch","ede78ad231240f8200ccac60a32ecec07045b963","core/src/main/java/org/elasticsearch/cluster/ClusterChangedEvent.java","19","0","16","1","124","250","1"
"elasticsearch","180eff14ddd022fbb3c92392ec54156ac62b64e1","core/src/main/java/org/elasticsearch/search/aggregations/bucket/histogram/HistogramAggregationBuilder.java","19","0","16","1","167","245","1"
"elasticsearch","a0818d3b876216c7882b3f6b14c613173409c06c","core/src/main/java/org/elasticsearch/search/aggregations/bucket/histogram/HistogramAggregationBuilder.java","19","0","16","1","167","245","2"
"elasticsearch","e74d02138f02a66331b2611b5e70a908bb49cb97","core/src/main/java/org/elasticsearch/search/aggregations/bucket/histogram/HistogramAggregationBuilder.java","19","0","16","1","167","245","0"
"elasticsearch","e7d352b489272a87b05019869857656de7fb82fc","core/src/main/java/org/elasticsearch/search/aggregations/bucket/terms/TermsAggregationBuilder.java","19","0","16","4","219","336","0"
"elasticsearch","8bbc312fdd2442ce5c9ad431ab0c61930069df2f","core/src/main/java/org/elasticsearch/cluster/ClusterChangedEvent.java","19","0","17","1","124","254","0"
"elasticsearch","44097b358def60c1a06632bf43e6419d00e6b6d4","src/main/java/org/elasticsearch/action/bulk/BulkProcessor.java","19","0","17","6","222","358","2"
"elasticsearch","bb6fb6e08341d7c2156327ed80354ca827f19a1a","src/main/java/org/elasticsearch/search/facet/histogram/HistogramFacet.java","19","0","17","7","101","213","0"
"elasticsearch","90a339ad5e4a61e750d0342be6326de46f45bedc","modules/elasticsearch/src/main/java/org/elasticsearch/search/facet/datehistogram/DateHistogramFacet.java","19","0","17","7","98","210","0"
"netty","983920f25f2319272e085beb8eaf10f0701df5a3","codec-http/src/main/java/io/netty/handler/codec/spdy/SpdyHttpEncoder.java","19","0","2","0","142","301","2"
"netty","070f1470e8f98d35f9e0fed03716b00aa0058e53","codec-http/src/main/java/io/netty/handler/codec/spdy/SpdyHttpEncoder.java","19","0","2","0","151","310","1"
"junit","7663a302ff8392b07431e775965aa1dac2556ab9","src/main/java/org/junit/runners/BlockJUnit4ClassRunner.java","19","0","2","0","207","408","0"
"elasticsearch","0a69f1e283e26e5d9e6a000b68b9f4778de557a1","core/src/main/java/org/elasticsearch/cluster/metadata/MetaDataIndexUpgradeService.java","19","0","2","1","177","274","2"
"elasticsearch","b5e958b2e0d1502d3e4c48b04f84399bf4bd714f","core/src/main/java/org/elasticsearch/index/translog/TranslogReader.java","19","0","2","11","215","312","1"
"elasticsearch","2dfd6df369168d980b64dc710b37101266bed783","core/src/main/java/org/elasticsearch/index/translog/TranslogReader.java","19","0","2","11","216","313","0"
"elasticsearch","a1a30226caaef4667cb7d85a4702ecf6a6bb0703","src/main/java/org/elasticsearch/cluster/routing/RoutingNode.java","19","0","2","13","106","153","0"
"elasticsearch","634ce90dc06f20888a4ff655985a6baccf25a7db","core/src/main/java/org/elasticsearch/search/SearchShardTarget.java","19","0","2","13","108","152","0"
"hazelcast","bf7881205f592d3fb770f17c0b69cfcf68494165","hazelcast/src/test/java/com/hazelcast/map/MapLockTest.java","19","0","2","13","302","377","0"
"elasticsearch","32e9a879b426ae72d9f4d9c6968a813823bd1272","core/src/test/java/org/elasticsearch/index/engine/ShadowEngineTests.java","19","0","2","15","772","1015","0"
"hazelcast","d477d322834b56ab92e59f02588fca9439f00d6d","hazelcast/src/test/java/com/hazelcast/map/MapLockTest.java","19","0","2","16","338","418","2"
"hazelcast","0fd41c008d747b13c9eb8897eab8e2ba6808d759","hazelcast/src/main/java/com/hazelcast/map/impl/mapstore/writebehind/WriteBehindStore.java","19","0","2","17","176","289","2"
"hazelcast","1e5c8a91174e1f59f5005535e5cec680c24dc221","hazelcast/src/test/java/com/hazelcast/map/NearCacheLocalInvalidationTest.java","19","0","2","18","295","373","0"
"hazelcast","588e49abb6b223faf1757b146e6731c3289a9475","hazelcast/src/test/java/com/hazelcast/map/nearcache/NearCacheLocalInvalidationTest.java","19","0","2","18","296","374","0"
"orientdb","7a678522a2d83448543bc75d7360ac0857529727","core/src/main/java/com/orientechnologies/orient/core/sql/OCommandExecutorSQLDropProperty.java","19","0","2","2","101","156","0"
"elasticsearch","14ba36977ed24fd670005800547541a4f2cdfa3a","test/framework/src/main/java/org/elasticsearch/test/rest/yaml/ClientYamlTestClient.java","19","0","2","2","128","179","0"
"neo4j","5b477991633ccddb51f206e827fed8ec3509e8c1","enterprise/core-edge/src/main/java/org/neo4j/coreedge/core/consensus/RaftMachine.java","19","0","2","21","303","417","1"
"elasticsearch","b2ced13f3d4920d9278518c5ee472cc3a78bc5e1","core/src/main/java/org/elasticsearch/indices/store/TransportNodesListShardStoreMetaData.java","19","0","2","23","306","392","1"
"elasticsearch","df8a3006fc8bcdfa2e443bb10d06edf0725b30c1","core/src/main/java/org/elasticsearch/indices/store/TransportNodesListShardStoreMetaData.java","19","0","2","23","311","400","0"
"elasticsearch","1f04182b8164ffb19f3805c48d67f0375262b317","core/src/main/java/org/elasticsearch/indices/store/TransportNodesListShardStoreMetaData.java","19","0","2","23","317","406","1"
"hazelcast","18f96b031b99440d92e94924f062931d6c376c48","hazelcast/src/main/java/com/hazelcast/config/EntryListenerConfig.java","19","0","2","25","169","243","0"
"hazelcast","28db823a8c080eef0e31424f75ab268718677405","hazelcast/src/main/java/com/hazelcast/config/EntryListenerConfig.java","19","0","2","25","174","248","1"
"hazelcast","8a4364b60b5a4274ab87081d259cd1fdbd424c16","hazelcast/src/main/java/com/hazelcast/queue/impl/QueueService.java","19","0","2","25","264","326","0"
"orientdb","a56ae91e7d9f772da4288542cee900793c24e5e1","core/src/main/java/com/orientechnologies/orient/core/sql/OCommandExecutorSQLDropProperty.java","19","0","2","3","105","161","0"
"orientdb","2228c1302483104febb0712814a9865ae5b48cb4","core/src/main/java/com/orientechnologies/orient/core/compression/impl/OZIPCompressionUtil.java","19","0","2","3","149","209","1"
"hazelcast","b96e4af66a2c140164bd62b7599eff0ba055c1d3","hazelcast/src/main/java/com/hazelcast/map/eviction/MaxSizeChecker.java","19","0","2","3","157","209","0"
"elasticsearch","25fd9e26c4fb042d6f6dea14efcd239577bdbbc4","core/src/main/java/org/elasticsearch/action/support/replication/TransportWriteAction.java","19","0","2","3","208","318","0"
"orientdb","7a678522a2d83448543bc75d7360ac0857529727","core/src/main/java/com/orientechnologies/orient/core/sql/OCommandExecutorSQLDropClass.java","19","0","2","3","85","141","0"
"elasticsearch","42718936d936bfd987b384e7a38054462b5e05cc","core/src/test/java/org/elasticsearch/index/mapper/timestamp/TimestampMappingTests.java","19","0","2","30","677","841","1"
"hazelcast","f5f635261fbe41d12a606af98e438325a6476076","hazelcast/src/main/java/com/hazelcast/spi/impl/operationservice/impl/OperationServiceImpl.java","19","0","2","31","346","459","1"
"hazelcast","984fb8140fbef837df190b89197f8d5d06aad0de","hazelcast/src/main/java/com/hazelcast/spi/impl/operationservice/impl/OperationServiceImpl.java","19","0","2","32","349","463","0"
"hazelcast","70d4de16ff0ac4518d09aad8c9f2ad9e782fb337","hazelcast/src/main/java/com/hazelcast/spi/impl/operationservice/impl/OperationServiceImpl.java","19","0","2","32","356","473","2"
"hazelcast","d8ab46c1f66f4a211e29ac1a4b583a23ad539bc6","hazelcast-client/src/main/java/com/hazelcast/client/connection/nio/ClientConnection.java","19","0","2","33","270","357","0"
"orientdb","a56ae91e7d9f772da4288542cee900793c24e5e1","core/src/main/java/com/orientechnologies/orient/core/sql/OCommandExecutorSQLDropClass.java","19","0","2","4","89","146","0"
"elasticsearch","901c25b7ff2ec66ac12e22c90eefd7ed8afc1e36","core/src/main/java/org/elasticsearch/search/highlight/HighlightPhase.java","19","0","2","5","107","160","0"
"elasticsearch","79ff2ddd20503189f16bcf2ada9617f331fb0aca","core/src/main/java/org/elasticsearch/indices/cache/query/IndicesQueryCache.java","19","0","2","5","249","332","0"
"elasticsearch","046abdc281c321cd2128ee7684c0edfcaca07203","core/src/test/java/org/elasticsearch/search/aggregations/bucket/significant/SignificanceHeuristicTests.java","19","0","2","7","421","501","2"
"elasticsearch","22e63b478306fb3cab6ba8967db6e1f2b73cdfd8","core/src/test/java/org/elasticsearch/search/aggregations/bucket/significant/SignificanceHeuristicTests.java","19","0","2","7","421","501","1"
"elasticsearch","b1cef5fdf8e1f8e9982a4724986b2731ca4d522b","core/src/test/java/org/elasticsearch/search/aggregations/bucket/significant/SignificanceHeuristicTests.java","19","0","2","7","421","501","1"
"elasticsearch","e74d02138f02a66331b2611b5e70a908bb49cb97","core/src/test/java/org/elasticsearch/search/aggregations/bucket/significant/SignificanceHeuristicTests.java","19","0","2","7","421","501","0"
"elasticsearch","149ef74b26bb33d3a1d3c1c45c481a01345cd764","core/src/test/java/org/elasticsearch/search/aggregations/bucket/significant/SignificanceHeuristicTests.java","19","0","2","7","423","503","0"
"netty","e79ca269b8bf057f0b4250a9b9e193c398104998","buffer/src/main/java/io/netty/buffer/PooledByteBufAllocator.java","19","0","2","8","257","368","0"
"elasticsearch","634ce90dc06f20888a4ff655985a6baccf25a7db","core/src/test/java/org/elasticsearch/search/aggregations/bucket/significant/SignificanceHeuristicTests.java","19","0","2","8","415","495","0"
"elasticsearch","ec1afe30ea9c34f7d63da273a3077c28a4849e4f","core/src/test/java/org/elasticsearch/search/aggregations/bucket/significant/SignificanceHeuristicTests.java","19","0","2","8","415","495","0"
"elasticsearch","977712f9773c3eecea3958a5b8ddf934207775a6","core/src/test/java/org/elasticsearch/search/aggregations/bucket/significant/SignificanceHeuristicTests.java","19","0","2","8","415","495","2"
"elasticsearch","19448d777528f1158de04858ef2fcc5b2431bd5e","modules/elasticsearch/src/main/java/org/elasticsearch/search/internal/ContextIndexSearcher.java","19","0","2","9","120","172","0"
"elasticsearch","12a644c89b04dbe47964ec4911884997cd4353ee","src/main/java/org/elasticsearch/common/compress/CompressedIndexInput.java","19","0","2","9","148","212","0"
"elasticsearch","6c74f99ed38985ea3154f2671496e4f0e2f8ccf5","src/main/java/org/elasticsearch/common/compress/CompressedIndexInput.java","19","0","2","9","153","217","0"
"hazelcast","3b20b81a394c7a2e09a40e65d9c2527decb8b9a0","hazelcast/src/main/java/com/hazelcast/nio/tcp/nonblocking/NonBlockingSocketReader.java","19","0","2","9","183","256","0"
"hazelcast","f332be60ebd23c10a1b73ed223bf031807b83557","hazelcast/src/main/java/com/hazelcast/nio/tcp/nonblocking/NonBlockingSocketReader.java","19","0","2","9","191","264","0"
"elasticsearch","6b23ee80404ea8cb143abd776968854e263275b9","core/src/main/java/org/elasticsearch/search/aggregations/bucket/terms/TermsAggregationBuilder.java","19","0","20","4","230","363","2"
"elasticsearch","c8ca015c0bd28caf4fd84862679afc63a9e7d2ac","core/src/main/java/org/elasticsearch/search/aggregations/bucket/terms/TermsAggregationBuilder.java","19","0","20","4","232","365","0"
"elasticsearch","4756c9a884f3e5341db0cf7799e7e8656c7338d0","core/src/main/java/org/apache/lucene/search/uhighlight/CustomUnifiedHighlighter.java","19","0","3","0","161","233","0"
"elasticsearch","9f12f3c33892380e4cb0fa48b860c23c6d225b5d","core/src/main/java/org/apache/lucene/search/uhighlight/CustomUnifiedHighlighter.java","19","0","3","0","163","235","2"
"elasticsearch","87d76c3ff8ad3e40efbc9af8dcc88fa9b5feda31","test/framework/src/main/java/org/elasticsearch/test/rest/ESRestTestCase.java","19","0","3","1","198","307","1"
"BroadleafCommerce","a943eeae9ff5398e1779755ad265d6e1eb0e094c","common/src/main/java/org/broadleafcommerce/common/web/payment/controller/PaymentGatewayAbstractController.java","19","0","3","14","151","261","0"
"hazelcast","588e49abb6b223faf1757b146e6731c3289a9475","hazelcast/src/test/java/com/hazelcast/map/nearcache/NearCacheLocalImmediateInvalidateTest.java","19","0","3","17","295","375","0"
"hazelcast","0880710f355f33d03b8d928ec9d22a0ff4f1ca52","hazelcast/src/test/java/com/hazelcast/map/impl/nearcache/NearCacheLocalImmediateInvalidateTest.java","19","0","3","17","301","398","2"
"hazelcast","0a00c1a6ac6c6b71c59b23615ab208abcbca6fe5","hazelcast/src/test/java/com/hazelcast/map/impl/nearcache/NearCacheLocalImmediateInvalidateTest.java","19","0","3","17","301","398","1"
"hazelcast","7001ec8c5b1305c796de75c2e3f170c562db8c03","hazelcast/src/test/java/com/hazelcast/map/impl/nearcache/NearCacheLocalImmediateInvalidateTest.java","19","0","3","17","301","398","1"
"hazelcast","a97645f3f9b1abe24778838215d5756666e2d7e5","hazelcast/src/test/java/com/hazelcast/map/impl/nearcache/NearCacheLocalImmediateInvalidateTest.java","19","0","3","17","301","398","2"
"hazelcast","601a67715c677e36907648eeb31b52993381146d","hazelcast/src/test/java/com/hazelcast/map/impl/nearcache/NearCacheLocalImmediateInvalidateTest.java","19","0","3","17","301","398","0"
"elasticsearch","04c3095f5ea3e0d01a5910638437708a7c56de94","core/src/test/java/org/elasticsearch/index/query/SimpleIndexQueryParserTests.java","19","0","3","171","2112","2414","2"
"elasticsearch","e26b1763e0f3987f1cd384f87e16f18e3e200360","core/src/test/java/org/elasticsearch/index/query/SimpleIndexQueryParserTests.java","19","0","3","172","2124","2427","0"
"neo4j","57d6d3b885ab6d91d2f556a437e082e308316788","enterprise/core-edge/src/main/java/org/neo4j/coreedge/core/consensus/RaftMachine.java","19","0","3","20","304","423","0"
"hazelcast","dec7dd3bccd2fc2bb30f3690c901dd6887241979","hazelcast/src/test/java/com/hazelcast/nio/serialization/PortableTest.java","19","0","3","47","638","823","1"
"hazelcast","798cdcb7995ba1e5f635103a6069a2a875f914a6","hazelcast/src/test/java/com/hazelcast/nio/serialization/PortableTest.java","19","0","3","47","645","830","0"
"elasticsearch","6b23ee80404ea8cb143abd776968854e263275b9","core/src/main/java/org/elasticsearch/search/aggregations/pipeline/cumulativesum/CumulativeSumPipelineAggregationBuilder.java","19","0","3","5","147","196","2"
"elasticsearch","c8ca015c0bd28caf4fd84862679afc63a9e7d2ac","core/src/main/java/org/elasticsearch/search/aggregations/pipeline/cumulativesum/CumulativeSumPipelineAggregationBuilder.java","19","0","3","5","148","197","0"
"elasticsearch","df8206853bc34306fc70420a9146c00a637bc6db","src/test/java/org/elasticsearch/NamingConventionTests.java","19","0","3","6","125","173","0"
"hazelcast","de38cc48fa035d1f103c771ab574726ffcd8e28c","hazelcast/src/main/java/com/hazelcast/map/impl/MapKeyLoader.java","19","0","3","7","238","336","3"
"hazelcast","5387994dc22a81aea7e60736ccdba8689afc6d47","hazelcast/src/main/java/com/hazelcast/map/impl/proxy/MapProxyImpl.java","19","0","3","73","590","781","0"
"netty","835a40fa251ccfd6da922d11bd4f74f90e1f4247","codec-http/src/main/java/io/netty/handler/codec/http/HttpClientCodec.java","19","0","3","8","148","245","0"
"hazelcast","ee3c0eb5648235d687eb48bc7095da0fd312d846","hazelcast/src/test/java/com/hazelcast/test/TestHazelcastInstanceFactory.java","19","0","4","12","164","227","1"
"netty","caa15050204c9757f2a3e34511cf1d9d8447cd9c","codec-http/src/main/java/io/netty/handler/codec/http/multipart/DefaultHttpDataFactory.java","19","0","4","13","207","286","0"
"netty","ead87b7df8d923417475ead2d7680747b1a72f07","codec-http2/src/main/java/io/netty/handler/codec/http2/StreamBufferingEncoder.java","19","0","4","13","250","364","1"
"elasticsearch","20f0bebb8797ac427ed93e37e63b596f9ec8e387","core/src/main/java/org/elasticsearch/index/indexing/IndexingStats.java","19","0","4","27","245","328","2"
"netty","f7a38815363fbf67de0ddd819119808aee386543","codec-http/src/main/java/io/netty/handler/codec/http/HttpObjectAggregator.java","19","0","4","3","145","244","1"
"hazelcast","1bf82788c4e21094b8d75cce64ee9be4e8adad08","hazelcast-client/src/test/java/com/hazelcast/client/ClientRegressionTest.java","19","0","4","30","546","736","3"
"hazelcast","620dbd7e355616bac3aa3ceaeb7f572cf028b90d","hazelcast-client/src/test/java/com/hazelcast/client/ClientRegressionTest.java","19","0","4","30","546","736","2"
"hazelcast","ec9060844513d2811d5bee8de0b8282e4becd97b","hazelcast-client/src/test/java/com/hazelcast/client/ClientRegressionTest.java","19","0","4","30","546","736","0"
"mcMMO","93548317293e2c6c5195544b99d4ce7d900abea1","src/main/java/com/gmail/nossr50/commands/CommandHelper.java","19","0","4","5","91","145","3"
"orientdb","2767a54ee6308493e6a69b4b2951d8d2252bfd6b","core/src/main/java/com/orientechnologies/orient/core/hook/ORecordHook.java","19","0","4","7","59","150","0"
"orientdb","eda978aeda4e2d46618285fcb1d73642a30164c2","core/src/main/java/com/orientechnologies/orient/core/hook/ORecordHook.java","19","0","4","7","59","154","1"
"elasticsearch","6c46a67dd6ddc2f3c8ddda9a311aef96da83d4f3","core/src/main/java/org/elasticsearch/rest/action/RestActions.java","19","0","4","9","160","265","2"
"netty","869687bd711e1358367203526128d9a2ad90663a","transport/src/main/java/io/netty/channel/socket/nio/NioSocketChannel.java","19","0","5","10","226","314","0"
"orientdb","461a500334a7f2be248cd0b34dc27ae176c1098a","core/src/main/java/com/orientechnologies/orient/core/sql/filter/OSQLFilterItemField.java","19","0","5","11","106","185","0"
"hazelcast","157be810b08f7588ae9fbcf4a3692c745367fb7d","hazelcast/src/test/java/com/hazelcast/wan/WanReplicationTest.java","19","0","5","15","446","605","1"
"hazelcast","5c81c5eb7a8d5f74d7a34ab0eebca018287f2105","hazelcast/src/test/java/com/hazelcast/wan/WanReplicationTest.java","19","0","5","15","456","621","1"
"junit","23daff8610ab7039cfa20128aa61485e4f66d950","src/main/java/org/junit/runners/ParentRunner.java","19","0","5","2","204","371","0"
"netty","eb27cd279c2f66bb785fad47ff949350d486ec6f","handler/src/main/java/io/netty/handler/traffic/AbstractTrafficShapingHandler.java","19","0","5","4","164","332","0"
"netty","13c0cfde59f72c73fe036e5ae87602ca2d34fd79","handler/src/main/java/io/netty/handler/traffic/AbstractTrafficShapingHandler.java","19","0","5","4","173","343","1"
"netty","824bb3419a4f44980374b4f73bbf5063ac567f1e","handler/src/main/java/io/netty/handler/traffic/AbstractTrafficShapingHandler.java","19","0","5","5","175","338","0"
"mcMMO","4210920c5f30dec16b7b5e4e1ee2d07c2b352993","src/main/java/com/gmail/nossr50/skills/axes/AxesManager.java","19","0","5","8","89","148","1"
"mcMMO","df53e2fd4f5f92e3c8752f71a4a2eab16c28e2ff","src/main/java/com/gmail/nossr50/skills/axes/AxesManager.java","19","0","5","8","90","149","0"
"mcMMO","e7e62b8d4000835a3f3d802e51ff2ea8516cdb15","src/main/java/com/gmail/nossr50/skills/axes/AxesManager.java","19","0","5","8","93","149","1"
"mcMMO","2b9b5df1ee87b7f1a5f5527c6242b87ed8d601f1","src/main/java/com/gmail/nossr50/skills/axes/AxesManager.java","19","0","5","8","94","148","0"
"elasticsearch","371c73e14023917f3892090d2d3d7ff9ac1216b9","core/src/main/java/org/elasticsearch/index/query/QueryShardContext.java","19","0","6","28","235","331","3"
"elasticsearch","6174e21f47244b6d5153d7d0cc1fe28fe863399d","core/src/main/java/org/elasticsearch/index/query/QueryShardContext.java","19","0","6","28","235","331","1"
"elasticsearch","78574d248cf10dad1c5a566fda79e1e0c94afe43","core/src/main/java/org/elasticsearch/index/query/QueryShardContext.java","19","0","6","28","235","331","2"
"elasticsearch","e6aaaf11ed4a1b8f595f920de1840938eddb7a97","core/src/main/java/org/elasticsearch/index/query/QueryShardContext.java","19","0","6","28","235","331","2"
"elasticsearch","a60b8948ba1d836a6eac7cff095519e618939ed8","core/src/main/java/org/elasticsearch/index/query/QueryShardContext.java","19","0","6","28","235","331","0"
"BroadleafCommerce","1e8b29ba6d27d72811406cce7db53ed3fa903475","core/broadleaf-framework-web/src/main/java/org/broadleafcommerce/core/web/controller/checkout/BroadleafCheckoutController.java","19","0","6","3","141","260","0"
"ceylon-ide-eclipse","6543abbc46412285094909a7f50453f8de782b7a","plugins/com.redhat.ceylon.eclipse.ui/src/com/redhat/ceylon/eclipse/core/classpath/CeylonLanguageModuleContainer.java","19","0","6","4","152","210","0"
"elasticsearch","48b85421ecb963d33c2d8eae93340e9e1c57c6ff","core/src/main/java/org/elasticsearch/node/Node.java","19","0","6","4","330","434","0"
"elasticsearch","459a05168c7577134ab4b4e5131ee81a0dc81fe0","src/main/java/org/elasticsearch/node/Node.java","19","0","6","4","331","433","1"
"elasticsearch","573cacab54c114b04912b5876fa81d61e0317b8b","src/main/java/org/elasticsearch/node/Node.java","19","0","6","4","335","438","0"
"elasticsearch","a8271595dc720b2d33b979ba7bdbf309c2ad68b2","src/main/java/org/elasticsearch/node/Node.java","19","0","6","4","336","438","1"
"hazelcast","2332e689b765b6d3ed0154b68679f2e328554d64","hazelcast/src/main/java/com/hazelcast/util/ExceptionUtil.java","19","0","6","6","120","205","0"
"elasticsearch","046abdc281c321cd2128ee7684c0edfcaca07203","core/src/main/java/org/elasticsearch/search/aggregations/pipeline/BucketHelpers.java","19","0","7","1","103","191","3"
"elasticsearch","db541d6fbe3daecec91bb7701aacfcd284662c2a","core/src/main/java/org/elasticsearch/search/aggregations/pipeline/BucketHelpers.java","19","0","7","1","104","194","1"
"elasticsearch","25fd9e26c4fb042d6f6dea14efcd239577bdbbc4","core/src/main/java/org/elasticsearch/action/admin/cluster/node/stats/NodeStats.java","19","0","7","13","232","311","0"
"hazelcast","c685942d8b9d51f4c76dffc4812fb7cfc7e93952","hazelcast/src/test/java/com/hazelcast/collection/impl/queue/QueueStoreTest.java","19","0","7","22","449","604","0"
"hazelcast","c3c447fb7f641f0615f7245f9c5e6a9d84d6677b","hazelcast/src/test/java/com/hazelcast/collection/impl/queue/QueueStoreTest.java","19","0","7","22","451","607","1"
"elasticsearch","258be2b135e49df263a546a67bcea9aa2c5ef283","core/src/main/java/org/elasticsearch/search/suggest/completion/context/CategoryContextMapping.java","19","0","7","4","122","220","1"
"elasticsearch","2bcede168cd952de932eb2f9a05d93aea27e4851","src/main/java/org/elasticsearch/index/fielddata/plain/PagedBytesIndexFieldData.java","19","0","7","4","163","262","0"
"netty","445a5472651cd6257af43adccdc1b002cb5f8a94","transport/src/main/java/io/netty/bootstrap/ServerBootstrap.java","19","0","7","4","230","316","1"
"netty","1c4d0d0f574a6b3041b0626390ba7296f699e44a","codec/src/main/java/io/netty/handler/codec/compression/JdkZlibEncoder.java","19","0","7","6","163","276","1"
"elasticsearch","7b5e6512608adcb9e32a29a2185afe7f6f412945","core/src/main/java/org/elasticsearch/cluster/routing/RoutingNode.java","19","0","7","8","142","227","0"
"elasticsearch","371c73e14023917f3892090d2d3d7ff9ac1216b9","core/src/main/java/org/elasticsearch/cluster/routing/RoutingNode.java","19","0","7","8","143","228","3"
"elasticsearch","78574d248cf10dad1c5a566fda79e1e0c94afe43","core/src/main/java/org/elasticsearch/cluster/routing/RoutingNode.java","19","0","7","8","143","228","2"
"elasticsearch","e6aaaf11ed4a1b8f595f920de1840938eddb7a97","core/src/main/java/org/elasticsearch/cluster/routing/RoutingNode.java","19","0","7","8","143","228","2"
"elasticsearch","a60b8948ba1d836a6eac7cff095519e618939ed8","core/src/main/java/org/elasticsearch/cluster/routing/RoutingNode.java","19","0","7","8","143","228","0"
"elasticsearch","d61ad4cfce902b33092fd5eefc60cf40f9c73e2b","core/src/main/java/org/elasticsearch/cluster/routing/RoutingNode.java","19","0","7","8","144","229","1"
"netty","ef3a9b0acdc59d0d85de8f844499225ad225360c","codec-http/src/main/java/io/netty/handler/codec/http/HttpClientCodec.java","19","0","8","2","137","249","1"
"netty","9dd68d0c3e413dfde7c0cb8ae94ee2998f91b4ec","codec-http/src/main/java/io/netty/handler/codec/http/HttpClientCodec.java","19","0","8","2","145","258","0"
"BroadleafCommerce","607407bc859bf8dfed9b2aa731beb496a407e914","common/src/main/java/org/broadleafcommerce/common/email/domain/EmailTrackingOpensImpl.java","19","0","9","2","110","181","1"
"BroadleafCommerce","beb23ce063b9f0f91520b023d0eee1fd1a2113ba","common/src/main/java/org/broadleafcommerce/common/email/domain/EmailTrackingOpensImpl.java","19","0","9","2","110","181","1"
"BroadleafCommerce","0c21b421c1d9c38444c820eea84cad34979e3b37","common/src/main/java/org/broadleafcommerce/common/email/domain/EmailTrackingOpensImpl.java","19","0","9","2","110","181","0"
"elasticsearch","4040f194f528c76c88be70b119cf9d7d6fcea99b","core/src/main/java/org/elasticsearch/plugins/PluginInfo.java","19","0","9","9","182","267","0"
"ceylon-ide-eclipse","9447e31278f2e9eca57e699588e385be94e2ac62","plugins/com.redhat.ceylon.eclipse.ui/src/com/redhat/ceylon/eclipse/code/open/OpenDeclarationDialog.java","190","0","0","10","1211","1374","0"
"elasticsearch","2713549533bdeb944c436e1d0f2f199a2ef8b2b6","core/src/main/java/org/elasticsearch/index/engine/InternalEngine.java","190","0","0","25","1272","1672","0"
"elasticsearch","1243abfeccd5424aced7e8c0612484d131160362","core/src/main/java/org/elasticsearch/index/engine/InternalEngine.java","190","0","0","26","1279","1681","1"
"MapDB","452feddbb4d6641b52aabacce1b9dcdae6febd52","src/main/java/org/mapdb/StoreWAL.java","190","0","1","13","949","1243","1"
"orientdb","b483b7c3b51b4309cac3aea1fc014ac932f889ee","core/src/main/java/com/orientechnologies/orient/core/index/hashindex/local/OLocalHashTable.java","190","0","1","25","1595","2021","0"
"orientdb","2ee3b61558840a5368bca7909740f1b6b1cce1b3","core/src/main/java/com/orientechnologies/orient/core/index/sbtree/local/OSBTree.java","190","0","1","26","1543","1969","2"
"hazelcast","4b8ce231f608cf162ee02f456cb7e38afb31cc11","hazelcast/src/main/java/com/hazelcast/cluster/ClusterServiceImpl.java","190","0","1","33","1147","1322","0"
"hazelcast","d53aac421cbf93fdbddb3fecf663800f21c4b638","hazelcast/src/main/java/com/hazelcast/cluster/ClusterServiceImpl.java","190","0","1","33","1150","1325","1"
"hazelcast","d1abf041261dea8bb0dbb4a3541ef479f384b5a8","hazelcast/src/main/java/com/hazelcast/cluster/impl/ClusterServiceImpl.java","190","0","1","40","1169","1345","1"
"MapDB","0f50921e0ef3d536569b31c370ba8d66c744bde7","src/main/java/org/mapdb/Volume.java","190","0","11","192","1486","1987","4"
"elasticsearch","c49ec957eb90b52f67b778bda0f2e91b5dcc4d54","core/src/test/java/org/elasticsearch/index/translog/TranslogTests.java","190","0","4","47","1605","1906","2"
"hazelcast","eb54c0ab1714bf49b8495896a91bbc256bfb5533","hazelcast/src/main/java/com/hazelcast/impl/PartitionManager.java","190","0","5","28","913","1074","0"
"hazelcast","9a88bb0f382ac91970bc9c96c93111a85cc98bf3","hazelcast/src/main/java/com/hazelcast/impl/PartitionManager.java","190","0","5","28","913","1075","1"
"elasticsearch","a01475a20b8a5b14da67c9979cdd953aefcc7598","core/src/test/java/org/elasticsearch/index/translog/TranslogTests.java","190","0","5","47","1618","1922","1"
"elasticsearch","148e64d654c694313e94afeb2f8948d44608cf58","core/src/test/java/org/elasticsearch/index/translog/TranslogTests.java","190","0","5","47","1620","1925","1"
"elasticsearch","5d6c9b0745aeb19695bf575601de0f79bbf02ec5","core/src/test/java/org/elasticsearch/index/translog/TranslogTests.java","190","0","5","49","1631","1939","0"
"orientdb","eda978aeda4e2d46618285fcb1d73642a30164c2","core/src/main/java/com/orientechnologies/orient/core/metadata/schema/OSchemaShared.java","190","0","9","46","1070","1430","2"
"hazelcast","1e1f8e0050a31fb5896f6475634f26775fac5ec1","hazelcast/src/main/java/com/hazelcast/impl/BaseManager.java","191","0","0","59","1317","1579","0"
"orientdb","b97c50204858b46f2af98c48a331a456120008b9","core/src/main/java/com/orientechnologies/orient/core/index/sbtree/local/OSBTree.java","191","0","1","26","1545","1971","0"
"orientdb","8baec26b49efeffdba1d1c5d07b841612e6253c2","core/src/main/java/com/orientechnologies/orient/core/index/sbtree/local/OSBTree.java","191","0","1","26","1548","1974","0"
"orientdb","50bb0365603295268745639338630da96d9c93fc","core/src/main/java/com/orientechnologies/orient/core/index/sbtree/local/OSBTree.java","191","0","1","27","1554","1981","0"
"orientdb","b27bb99f64f5a211acd2f1639a5895ce09a1b883","core/src/main/java/com/orientechnologies/orient/core/index/sbtree/local/OSBTree.java","191","0","1","27","1556","1983","0"
"hazelcast","e21bbb6116a38e2955b4c42c80a8cbe58db451ff","hazelcast/src/main/java/com/hazelcast/cluster/ClusterServiceImpl.java","191","0","1","33","1154","1329","0"
"BroadleafCommerce","024e2cd7532a2662f5a6bf6f21876f03bcbccb0a","admin/broadleaf-open-admin-platform/src/main/java/org/broadleafcommerce/openadmin/server/dao/DynamicEntityDaoImpl.java","191","0","2","36","1259","1423","1"
"orientdb","0eb80136fffe939d2d2815c850a04c1b7a957289","core/src/main/java/com/orientechnologies/orient/core/sql/OCommandExecutorSQLUpdate.java","191","0","2","9","674","878","2"
"elasticsearch","55f2a547d04ba22f18da81c941e9445e36753a25","src/main/java/org/elasticsearch/snapshots/SnapshotsService.java","191","0","34","5","1096","1607","0"
"orientdb","6fe30995241aa77ff3510af15423b738036b52f1","core/src/main/java/com/orientechnologies/orient/core/sql/parser/OMathExpression.java","191","0","4","41","841","1036","0"
"hazelcast","44e8b04132b5320128b699c5c6742270069ef758","hazelcast/src/main/java/com/hazelcast/impl/PartitionManager.java","191","0","5","31","946","1101","0"
"orientdb","3630d8c33e4a5494e5d085504dd957898c427d13","client/src/main/java/com/orientechnologies/orient/client/remote/OStorageRemote.java","191","0","5","90","1363","1734","0"
"orientdb","5cec9f425f08e9094575a870208daac4cf2bd327","distributed/src/main/java/com/orientechnologies/orient/server/hazelcast/OHazelcastPlugin.java","191","0","6","49","1124","1562","2"
"orientdb","1204e550b5780279b713170a9fafe5f1932083cb","distributed/src/main/java/com/orientechnologies/orient/server/hazelcast/OHazelcastPlugin.java","191","0","6","49","1125","1563","1"
"orientdb","ce730084aa5f7cde8321f5f9913349040d5b5425","distributed/src/main/java/com/orientechnologies/orient/server/hazelcast/OHazelcastPlugin.java","191","0","6","49","1131","1568","1"
"elasticsearch","f01784205f4512a989ed85382d02cd645bf2f667","core/src/main/java/org/elasticsearch/index/engine/InternalEngine.java","192","0","0","25","1280","1683","1"
"orientdb","f3608ba8ffbfc3ad3d60f844ff45b2aa3bb8b807","core/src/main/java/com/orientechnologies/orient/core/serialization/serializer/record/string/ORecordSerializerCSVAbstract.java","192","0","0","7","661","873","1"
"orientdb","16749f800c390d701c2d41057f197ec262717cf2","core/src/main/java/com/orientechnologies/orient/core/serialization/serializer/record/string/ORecordSerializerCSVAbstract.java","192","0","0","7","663","875","0"
"hazelcast","dd4e704e34aa84246e65037fca5bc0cca4797bdf","hazelcast/src/main/java/com/hazelcast/cluster/impl/ClusterServiceImpl.java","192","0","1","40","1171","1347","0"
"MapDB","181f8f119a4f66f0eb8789fad6e07a66f8b4bc20","src/main/java/org/mapdb/Volume.java","192","0","11","192","1490","1991","4"
"orientdb","9525503d8719a7a948c9cd4acfc562c0fa6f963f","core/src/main/java/com/orientechnologies/orient/core/serialization/serializer/record/string/ORecordSerializerStringAbstract.java","192","0","3","13","551","714","1"
"hazelcast","c84ae713a1bf996d4f357a3c89ffc790102bcb31","hazelcast/src/main/java/com/hazelcast/impl/PartitionManager.java","192","0","5","31","941","1096","0"
"hazelcast","7c4cfb295c1fb688c7756fe52138a8a7a7f1f496","hazelcast/src/main/java/com/hazelcast/impl/PartitionManager.java","192","0","5","31","945","1100","0"
"hazelcast","a901a49f87185f43aa4bc55a060dada3a72a80be","hazelcast/src/main/java/com/hazelcast/impl/PartitionManager.java","192","0","5","31","952","1107","0"
"orientdb","a2f1c9220aaa0be07af6ef9d27ba4a1df70aae15","distributed/src/main/java/com/orientechnologies/orient/server/hazelcast/OHazelcastPlugin.java","192","0","6","49","1129","1569","3"
"mcMMO","857e12b96edf68bc2e2fdbdf72659ce82612bda1","src/main/java/com/gmail/nossr50/database/SQLDatabaseManager.java","193","0","0","17","1364","1649","0"
"ceylon-ide-eclipse","e1185385f52c9db579a16f53844b6d294b3b5e4e","plugins/com.redhat.ceylon.eclipse.ui/src/com/redhat/ceylon/eclipse/core/debug/DebugUtils.java","193","0","1","36","840","963","0"
"hazelcast","68e97d70a6af2d3c2efa0e87bec989bb80e0bb44","hazelcast/src/main/java/com/hazelcast/cluster/impl/ClusterServiceImpl.java","193","0","1","40","1173","1350","1"
"BroadleafCommerce","59720ecc0ea356eef454ccddd1e799b5db263a98","admin/broadleaf-open-admin-platform/src/main/java/org/broadleafcommerce/openadmin/server/dao/DynamicEntityDaoImpl.java","193","0","1","46","1325","1548","0"
"mcMMO","fb5bab6e92744f2d6c4d718bbe04e627313dee48","src/main/java/com/gmail/nossr50/config/AdvancedConfig.java","193","0","17","181","771","1056","1"
"hazelcast","502349a3661d104a735946fd6ff89eac9a428716","hazelcast/src/main/java/com/hazelcast/cluster/impl/ClusterServiceImpl.java","194","0","0","39","1203","1388","2"
"hazelcast","df9974931b29c12a3c566bf788b381b534cddd6c","hazelcast/src/main/java/com/hazelcast/cluster/impl/ClusterServiceImpl.java","194","0","0","39","1207","1392","2"
"elasticsearch","c9d619ea4f42abaaf3d103012880ed0faa160d60","modules/elasticsearch/src/main/java/org/elasticsearch/index/engine/robin/RobinEngine.java","194","0","1","21","1127","1354","1"
"hazelcast","2097cf1dfd2446fc4bbc8ee73129ff05c41dc8d7","hazelcast/src/main/java/com/hazelcast/cluster/impl/ClusterServiceImpl.java","194","0","1","40","1177","1354","0"
"hazelcast","f4978ae72891d101a507476744f9ca3eba155b07","hazelcast/src/main/java/com/hazelcast/cluster/impl/ClusterServiceImpl.java","194","0","1","40","1177","1354","0"
"hazelcast","823eddc929ad4645cc2a6944a97c8a72cfe1bacb","hazelcast/src/main/java/com/hazelcast/cluster/impl/ClusterServiceImpl.java","194","0","1","40","1177","1354","2"
"MapDB","46a2e9543526d5010559fb4d951465ecc2289873","src/main/java/org/mapdb/Volume.java","194","0","11","193","1507","2013","2"
"hazelcast","8b356bb8f3d836baaa2805d2526a9045c3d8ffad","hazelcast/src/main/java/com/hazelcast/cluster/impl/ClusterServiceImpl.java","195","0","0","39","1205","1392","1"
"elasticsearch","6f7b462f1dbd139955e10561e09522e0ffa13f3e","modules/elasticsearch/src/main/java/org/elasticsearch/index/engine/robin/RobinEngine.java","195","0","1","21","1131","1359","0"
"hazelcast","1c52b3168b2cb32e5b01cf28812512ae01cf5b94","hazelcast/src/main/java/com/hazelcast/cluster/impl/ClusterServiceImpl.java","195","0","1","40","1182","1359","2"
"hazelcast","8b32ac22579d5700df6004d2bcb953bf865bf91b","hazelcast/src/main/java/com/hazelcast/cluster/impl/ClusterServiceImpl.java","195","0","1","40","1182","1359","1"
"hazelcast","1c4691ec3ea39a00ee89019500b3db965842a35a","hazelcast/src/main/java/com/hazelcast/cluster/impl/ClusterServiceImpl.java","195","0","1","40","1182","1359","0"
"hazelcast","3d9a33cb61311dab49fe5d9aeb7bf379976ccf7d","hazelcast/src/main/java/com/hazelcast/cluster/impl/ClusterServiceImpl.java","195","0","1","40","1183","1360","1"
"BroadleafCommerce","8c65334f76e1e48de792e58e7ea38c41c6fe13b0","admin/broadleaf-open-admin-platform/src/main/java/org/broadleafcommerce/openadmin/server/service/persistence/module/BasicPersistenceModule.java","195","0","1","46","1117","1301","3"
"hazelcast","5d50e8d537479cf5e4c00069df8323337d81d9e6","hazelcast/src/main/java/com/hazelcast/cache/impl/AbstractCacheRecordStore.java","195","0","2","36","1166","1391","1"
"hazelcast","2cfbd79e1e84f5987e07cedc09f582d5715c815d","hazelcast/src/main/java/com/hazelcast/cache/impl/AbstractCacheRecordStore.java","195","0","2","53","1265","1495","2"
"hazelcast","59ca7b99475abfe77953a65f5bee08c809821fa4","hazelcast/src/main/java/com/hazelcast/cache/impl/AbstractCacheRecordStore.java","195","0","2","53","1266","1496","4"
"hazelcast","baf42d6be2a1e6fa0a9532d61cc2b4e56c48f110","hazelcast/src/main/java/com/hazelcast/cache/impl/AbstractCacheRecordStore.java","195","0","2","53","1270","1500","4"
"hazelcast","525c34cddd7f4e08d674611e177bab103e4d1881","hazelcast/src/main/java/com/hazelcast/impl/PartitionManager.java","195","0","4","29","916","1053","2"
"hazelcast","82fcc4c7c87097d1719bb56112aec0fafdb6bc0e","hazelcast/src/main/java/com/hazelcast/impl/PartitionManager.java","195","0","4","29","917","1054","1"
"hazelcast","82563c38685eeb9638e422ed96499a49ceab50b9","hazelcast/src/main/java/com/hazelcast/cluster/impl/ClusterServiceImpl.java","196","0","0","41","1217","1407","2"
"elasticsearch","cbde265ab850c562e393de577910fc155dfff915","modules/elasticsearch/src/main/java/org/elasticsearch/index/engine/robin/RobinEngine.java","196","0","1","21","1128","1355","0"
"elasticsearch","297a4969989f4d61503a609fbdf1139367eb2ddc","modules/elasticsearch/src/main/java/org/elasticsearch/index/engine/robin/RobinEngine.java","196","0","1","21","1129","1355","0"
"elasticsearch","91f97bb7b6ee995affcdaa8e4779288dc0f6c34a","modules/elasticsearch/src/main/java/org/elasticsearch/index/engine/robin/RobinEngine.java","196","0","1","21","1131","1357","0"
"elasticsearch","305cf4a5671cf4390ed0e9d5db15b5e068370aa8","modules/elasticsearch/src/main/java/org/elasticsearch/index/engine/robin/RobinEngine.java","196","0","1","21","1133","1357","0"
"orientdb","471dfc0ea5d64b95a3c4d3494a48dce1ea193dfb","distributed/src/main/java/com/orientechnologies/orient/server/distributed/ODistributedStorage.java","196","0","1","84","1243","1699","3"
"hazelcast","143f4fdf7adafe7b1c14046af7f132eb23103918","hazelcast/src/main/java/com/hazelcast/cache/impl/AbstractCacheRecordStore.java","196","0","2","36","1173","1398","0"
"orientdb","9df1e17bf9f8ea115fe2f31b9a501a38380867a5","core/src/main/java/com/orientechnologies/orient/core/sql/OCommandExecutorSQLUpdate.java","196","0","2","9","698","903","2"
"orientdb","8d1490da06218b69ed90e86a67879dc7eaf04d0d","core/src/main/java/com/orientechnologies/orient/core/sql/OCommandExecutorSQLUpdate.java","196","0","2","9","698","911","2"
"MapDB","4b996af8d714bf858c0453fb57619e904a256fdf","src/main/java/org/mapdb/HTreeMap.java","196","0","4","18","1084","1475","1"
"elasticsearch","389ffc93d8330e65737f744f900af1bb714bc644","core/src/test/java/org/elasticsearch/index/translog/TranslogTests.java","196","0","4","52","1698","1997","1"
"ceylon-ide-eclipse","7dda4a075f44cf161e24277e34f88ea3c730dddc","plugins/com.redhat.ceylon.eclipse.ui/src/com/redhat/ceylon/eclipse/code/open/OpenDeclarationDialog.java","197","0","0","10","1257","1428","1"
"ceylon-ide-eclipse","17ebbcc732b2ad30e31e0960a050694c603bd18c","plugins/com.redhat.ceylon.eclipse.ui/src/com/redhat/ceylon/eclipse/code/open/OpenDeclarationDialog.java","197","0","0","10","1258","1429","0"
"elasticsearch","824beea89d8c51c7037041b3c843e1511d825d96","core/src/main/java/org/elasticsearch/index/engine/InternalEngine.java","197","0","0","25","1269","1659","0"
"titan","2acbf827aca75c65380851dfff34901e88a2f37c","titan-core/src/main/java/com/thinkaurelius/titan/graphdb/database/StandardTitanGraph.java","197","0","1","16","888","1079","2"
"BroadleafCommerce","e216da5ebb303680f5c60ffcd75979f5876ab5a6","admin/broadleaf-open-admin-platform/src/main/java/org/broadleafcommerce/openadmin/web/service/FormBuilderServiceImpl.java","197","0","1","19","1021","1319","0"
"elasticsearch","b6ae7fbadb0669d015ec6070adca9469be88d29d","src/main/java/org/elasticsearch/index/engine/internal/InternalEngine.java","197","0","1","24","1282","1563","1"
"BroadleafCommerce","7dccc8c69dbdb0edb83f85e6c1f8b819e420a815","admin/broadleaf-open-admin-platform/src/main/java/org/broadleafcommerce/openadmin/server/dao/provider/metadata/BasicFieldMetadataProvider.java","197","0","1","4","719","778","0"
"mct","42cbc3f5b68e1b67340a44ddd6fca5daf1147a96","tableViews/src/main/java/gov/nasa/arc/mct/table/gui/LabeledTable.java","197","0","104","0","1011","1868","1"
"hazelcast","20b21c92537f993205ae16843747412efc000407","hazelcast/src/main/java/com/hazelcast/cache/impl/AbstractCacheRecordStore.java","197","0","2","37","1176","1400","2"
"hazelcast","e5e19464e30ba34bb66ca5a7a34cb489afc4c1f3","hazelcast/src/main/java/com/hazelcast/cache/impl/AbstractCacheRecordStore.java","197","0","2","37","1190","1422","1"
"hazelcast","5e03a378d74c5a44baf2a2af6289e7ddd236e961","hazelcast/src/main/java/com/hazelcast/cache/impl/AbstractCacheRecordStore.java","197","0","2","37","1191","1423","0"
"hazelcast","5363a25694db45ffa53f4625542fb7fadc8bc8ae","hazelcast/src/main/java/com/hazelcast/map/MapService.java","197","0","2","69","1103","1274","0"
"orientdb","6cc86130d98bb0c7e2873a83598bc16922ddd998","core/src/main/java/com/orientechnologies/orient/core/sql/OCommandExecutorSQLUpdate.java","197","0","2","9","698","911","1"
"elasticsearch","620536f85038d68522103d9cd91e4f3377773feb","test/framework/src/main/java/org/elasticsearch/test/InternalTestCluster.java","197","0","50","32","1500","2090","1"
"elasticsearch","9d10ffd54763675f1147f6a3024388d202185bdd","test/framework/src/main/java/org/elasticsearch/test/InternalTestCluster.java","197","0","50","33","1506","2110","0"
"titan","da8901bcea96f225bc445f4e13289b0f04e18e14","src/main/java/com/thinkaurelius/titan/graphdb/database/StandardTitanGraph.java","198","0","0","17","867","1050","0"
"elasticsearch","b66a3b7c5974d2d1b9a843817713528aac5ddb59","modules/elasticsearch/src/main/java/org/elasticsearch/index/engine/robin/RobinEngine.java","198","0","1","21","1139","1365","0"
"BroadleafCommerce","34682289a3be1f350cf132998f1a4315a3c62b91","admin/broadleaf-open-admin-platform/src/main/java/org/broadleafcommerce/openadmin/server/dao/provider/metadata/BasicFieldMetadataProvider.java","198","0","1","4","722","780","4"
"MapDB","4f2fc75ae2e3b4a9324acf0a823d7cbd5a689e08","src/main/java/org/mapdb/StoreWAL.java","198","0","1","8","879","1198","0"
"MapDB","18585912961834c96bf88280b446ee9f6b8b48c3","src/main/java/org/mapdb/Volume.java","198","0","11","193","1513","2021","3"
"hazelcast","d81bf31c8a1b7795a17e3911a4d9c38ead8c24d5","hazelcast/src/main/java/com/hazelcast/cache/impl/AbstractCacheRecordStore.java","198","0","2","53","1274","1486","0"
"hazelcast","5c78e8bdbc3a2cdce98975d07b649b5f872c3f67","hazelcast/src/main/java/com/hazelcast/cache/impl/AbstractCacheRecordStore.java","198","0","2","53","1279","1499","2"
"hazelcast","e36961ec544dd8857aa8990276d1cac0e1180424","hazelcast/src/main/java/com/hazelcast/cache/impl/AbstractCacheRecordStore.java","198","0","2","53","1281","1501","1"
"elasticsearch","fed2a1a8225996f9dbad2ebd5cd3f8c4242f87a8","core/src/test/java/org/elasticsearch/index/translog/TranslogTests.java","198","0","4","53","1747","2051","0"
"elasticsearch","00de8e07fc3df9c763bbc0b6890217dc5b6bee3e","test/framework/src/main/java/org/elasticsearch/test/InternalTestCluster.java","198","0","51","35","1526","2147","3"
"elasticsearch","17a2fffc9be50102fa5a9da72053c82df23b1a64","test/framework/src/main/java/org/elasticsearch/test/InternalTestCluster.java","198","0","51","35","1526","2147","2"
"elasticsearch","6796464f167ce293192c43efd1cf28e4434fd5da","test/framework/src/main/java/org/elasticsearch/test/InternalTestCluster.java","198","0","51","35","1526","2147","4"
"elasticsearch","6baded8e7fb920e920a288bf53764a1da3d617da","test/framework/src/main/java/org/elasticsearch/test/InternalTestCluster.java","198","0","51","35","1526","2147","3"
"elasticsearch","d06a8903fdccf5985bb1b9cbfcb92580d08a544c","test/framework/src/main/java/org/elasticsearch/test/InternalTestCluster.java","198","0","51","35","1526","2147","0"
"ceylon-ide-eclipse","4af82a1767985271dd8b088418691d8e2f777bf8","plugins/com.redhat.ceylon.eclipse.ui/src/com/redhat/ceylon/eclipse/code/open/OpenDeclarationDialog.java","199","0","0","10","1168","1338","0"
"hazelcast","266c960676148cebbcff3686bb31923253a1380f","hazelcast/src/main/java/com/hazelcast/cluster/impl/ClusterServiceImpl.java","199","0","0","42","1260","1460","1"
"hazelcast","564167c1f93b32ce742411106e9ae67eae88a801","hazelcast/src/main/java/com/hazelcast/cluster/impl/ClusterServiceImpl.java","199","0","0","42","1261","1461","2"
"hazelcast","24b377020aa3aa78ff0c61e5428c73eb75506e6d","hazelcast/src/main/java/com/hazelcast/cluster/impl/ClusterServiceImpl.java","199","0","0","42","1271","1473","2"
"hazelcast","47b48594cce33ec1cec54b6fa89af2acf2da2fed","hazelcast/src/main/java/com/hazelcast/cluster/impl/ClusterServiceImpl.java","199","0","0","42","1289","1519","1"
"hazelcast","0dcac2107149f1a24af61788b11b53bd49eb4a73","hazelcast/src/main/java/com/hazelcast/cluster/impl/ClusterServiceImpl.java","199","0","0","44","1302","1538","0"
"hazelcast","5aa58b497cf248596c24b6e8ce3e05c35a87d498","hazelcast/src/main/java/com/hazelcast/cluster/impl/ClusterServiceImpl.java","199","0","1","41","1225","1413","0"
"orientdb","382b22a30059690ce8457fc66d1a8aefa971d9c1","core/src/main/java/com/orientechnologies/orient/core/storage/cache/local/OWOWCache.java","199","0","1","49","1369","1770","1"
"MapDB","f2831041f07dc03a8d84e2d9113fac216583f250","src/main/java/org/mapdb/Volume.java","199","0","11","193","1523","2030","2"
"antlr4","6de95c15e73d7bb092b1519405cd0f1859e63e8b","runtime/Java/src/org/antlr/v4/runtime/atn/ParserATNSimulator.java","199","0","3","9","907","1764","0"
"netty","fd2e142e745b8e99983d74c71a0fd3574449e188","codec/src/main/java/io/netty/handler/codec/CodecUtil.java","2","0","0","0","10","33","1"
"hazelcast","3eb746e655f8bd4a99b06a4612489c7f1c7c1ddf","hazelcast-client/src/test/java/com/hazelcast/client/MembershipListenerTest.java","2","0","0","0","103","143","1"
"hazelcast","8486d5bc378922241564bafce0da3d49d48c5f03","hazelcast-client/src/test/java/com/hazelcast/client/mapreduce/MapReduceLiteMemberTest.java","2","0","0","0","104","130","1"
"hazelcast","623ff1855aa985aa276e8395aabf0b534c7a36c3","hazelcast-client/src/test/java/com/hazelcast/client/listeners/AbstractListenersOnReconnectTest.java","2","0","0","0","108","153","0"
"hazelcast","aa5c4585424b8dc521597ed7bc252abd66f1deb3","hazelcast-client/src/test/java/com/hazelcast/client/spi/ProxyFactoryTest.java","2","0","0","0","109","131","0"
"netty","f3dd4101425165496490f9c975ca2e556773c663","transport-native-epoll/src/main/java/io/netty/channel/epoll/EpollRecvByteAllocatorStreamingHandle.java","2","0","0","0","11","36","0"
"netty","b2399c2475db14c1038432129545845785a73563","transport-native-epoll/src/main/java/io/netty/channel/epoll/EpollRecvByteAllocatorMessageHandle.java","2","0","0","0","11","38","1"
"netty","b2399c2475db14c1038432129545845785a73563","transport-native-epoll/src/main/java/io/netty/channel/epoll/EpollRecvByteAllocatorStreamingHandle.java","2","0","0","0","11","39","1"
"hazelcast","5b2b16c6bc5b8cf596e46087725c723ae6e0cf1c","hazelcast-client/src/test/java/com/hazelcast/client/spi/ProxyFactoryTest.java","2","0","0","0","110","133","1"
"netty","583a59abb1c1b2cd99aeac5cbbd2e58c4b087880","transport-native-epoll/src/main/java/io/netty/channel/epoll/EpollRecvByteAllocatorStreamingHandle.java","2","0","0","0","12","35","1"
"netty","00f74b92fa4e10e26ea8b99f2bb95681085a3dc8","common/src/main/java/io/netty/util/internal/NativeLibraryUtil.java","2","0","0","0","12","46","0"
"hazelcast","3ed7b39ad62cc790a3c27b3875f0fbe82d02694f","hazelcast-client/src/test/java/com/hazelcast/client/map/ClientMapPartitionLostListenerTest.java","2","0","0","0","120","155","0"
"hazelcast","aa5c4585424b8dc521597ed7bc252abd66f1deb3","hazelcast-client/src/test/java/com/hazelcast/client/ClientListenersTest.java","2","0","0","0","125","156","1"
"hazelcast","8a6dbca56175087a5af52d5742022d02e79a8560","hazelcast-client/src/test/java/com/hazelcast/client/cache/ClientCacheConfigTest.java","2","0","0","0","128","172","2"
"neo4j","7fbb44656381fbc123bc8017b30d68c9725e3985","packaging/neo4j-desktop/src/main/java/org/neo4j/desktop/ui/SettingsDialog.java","2","0","0","0","141","187","0"
"neo4j","3599e18da72ec8de97cdc2b250bb7b4cbb86674b","packaging/neo4j-desktop/src/main/java/org/neo4j/desktop/ui/SettingsDialog.java","2","0","0","0","142","188","0"
"neo4j","85bd0034b8f4230b9b7b23a85801695a865cc236","community/kernel/src/main/java/org/neo4j/kernel/impl/proc/ProcedureGDBFacadeSPI.java","2","0","0","0","146","189","1"
"hazelcast","3ed7b39ad62cc790a3c27b3875f0fbe82d02694f","hazelcast-client/src/test/java/com/hazelcast/client/partitionservice/ClientPartitionLostListenerTest.java","2","0","0","0","148","188","0"
"elasticsearch","6174e21f47244b6d5153d7d0cc1fe28fe863399d","core/src/main/java/org/elasticsearch/search/suggest/phrase/PhraseSuggestionContext.java","2","0","0","0","158","219","1"
"elasticsearch","3aed047bdedde1bda189cbfc2f81e65af42e57c5","core/src/main/java/org/elasticsearch/search/suggest/phrase/PhraseSuggestionContext.java","2","0","0","0","160","221","0"
"hazelcast","b2b3ac4122bb5d642bd2743583efcfb34ade5ce3","hazelcast-client/src/test/java/com/hazelcast/client/ClientListenersTest.java","2","0","0","0","161","196","0"
"hazelcast","65df300ddcacf2cee04f1eee8f75731e147decbf","hazelcast-client/src/test/java/com/hazelcast/client/listeners/ListenerLeakTest.java","2","0","0","0","166","202","1"
"netty","06cbac922ada558e9b0ebeb9e58eb19d683ab451","codec-http/src/main/java/io/netty/handler/codec/spdy/SpdyHeaderBlockEncoder.java","2","0","0","0","17","38","0"
"netty","5cb9ab0fc0bba3891c3133e8b842f661ac6aaa5c","codec-http/src/main/java/io/netty/handler/codec/spdy/SpdyHeaderBlockEncoder.java","2","0","0","0","18","39","1"
"oryx","481ec44fd6a5d511ef42eddf47334a725d3a540c","app/oryx-app-mllib/src/main/java/com/cloudera/oryx/app/batch/mllib/kmeans/SumSquaredError.java","2","0","0","0","18","41","0"
"neo4j","dd79d5226cfe6f3665976835d78cda0ec29798c3","enterprise/core-edge/src/main/java/org/neo4j/coreedge/discovery/CoreTopologyListenerService.java","2","0","0","0","18","42","0"
"hazelcast","eed2a8c40d592a8e99645faac48f99069eaeaab2","hazelcast-client/src/main/java/com/hazelcast/client/connection/Router.java","2","0","0","0","18","44","1"
"hazelcast","8d373b62327a5c012a5b8f2bad456311df03bf61","hazelcast/src/main/java/com/hazelcast/spi/impl/executionservice/impl/DelegatingTaskDecorator.java","2","0","0","0","19","53","1"
"neo4j","d693165ae77cf119824aaa7a53ac45b466b15c24","stresstests/src/test/java/org/neo4j/coreedge/stresstests/StartStopLoad.java","2","0","0","0","20","44","1"
"neo4j","dffaacf551b9213f1b818976724f11748a16a674","stresstests/src/test/java/org/neo4j/coreedge/stresstests/StartStopLoad.java","2","0","0","0","21","45","0"
"neo4j","1c6e22fad95ec037f0b9c6fd7a9fadb18e8384d1","community/server/src/main/java/org/neo4j/server/rest/transactional/AggregatingWriter.java","2","0","0","0","21","47","0"
"hazelcast","3d8ce7ed94ef327469e9647d5fb1c17d9eb54bf9","hazelcast-client/src/main/java/com/hazelcast/client/spi/impl/LazyDistributedObjectEvent.java","2","0","0","0","21","53","0"
"netty","4bba7526e2f58018817972f38279cc232f519100","buffer/src/main/java/io/netty/buffer/AbstractPooledDerivedByteBuf.java","2","0","0","0","217","301","0"
"oryx","eb08674e77479787fa9288f2c824e48af8539ff2","oryx-app-mllib/src/test/java/com/cloudera/oryx/app/mllib/kmeans/RandomKMeansDataGenerator.java","2","0","0","0","22","45","0"
"oryx","ceb8f91d84d2bc2e6ad109938f110e96381cf3db","oryx-ml-oryx-serving/src/main/java/com/cloudera/oryx/ml/serving/als/DotsFunction.java","2","0","0","0","22","46","0"
"hazelcast","2b6f18456c37d310e7679071b8c91c7df48c679d","hazelcast/src/main/java/com/hazelcast/map/impl/MapStatisticsAwareService.java","2","0","0","0","22","52","1"
"hazelcast","2cfbd79e1e84f5987e07cedc09f582d5715c815d","hazelcast-client/src/test/java/com/hazelcast/client/config/XmlClientConfigBuilderTest.java","2","0","0","0","230","295","0"
"hazelcast","c9145735e1b77145651752c833ce474b9e542791","hazelcast-client/src/test/java/com/hazelcast/client/config/XmlClientConfigBuilderTest.java","2","0","0","0","230","295","0"
"hazelcast","5ce068887fea87587207a86de8baa062cf8514ac","hazelcast-client/src/test/java/com/hazelcast/client/config/XmlClientConfigBuilderTest.java","2","0","0","0","230","295","2"
"elasticsearch","5d6c9b0745aeb19695bf575601de0f79bbf02ec5","core/src/main/java/org/elasticsearch/index/engine/DeleteVersionValue.java","2","0","0","0","24","54","0"
"hazelcast","733a21722fc9a7b4cd5109fbcf9019bcc1377584","hazelcast/src/main/java/com/hazelcast/map/impl/record/DataRecord.java","2","0","0","0","25","55","0"
"Android-Universal-Image-Loader","c0604b9b3fcd77d86c154a46f9078cec6ec67838","library/src/com/nostra13/universalimageloader/core/ProcessAndDisplayImageTask.java","2","0","0","0","26","56","0"
"hazelcast","733a21722fc9a7b4cd5109fbcf9019bcc1377584","hazelcast/src/main/java/com/hazelcast/map/impl/record/DataRecordWithStats.java","2","0","0","0","27","56","0"
"hazelcast","73169d6f336cdba096477afe2951c98595b7a185","hazelcast/src/main/java/com/hazelcast/map/impl/MapStatisticsAwareService.java","2","0","0","0","27","57","2"
"hazelcast","8617de42fd4462ebd7954f48bd6a610b2d751ba2","hazelcast/src/main/java/com/hazelcast/map/impl/MapStatisticsAwareService.java","2","0","0","0","27","57","2"
"hazelcast","21de2ef614b9a92baec6c4f16f26123a59391cdc","hazelcast/src/main/java/com/hazelcast/map/impl/MapStatisticsAwareService.java","2","0","0","0","27","57","0"
"netty","2a6ed67efc4ffb15647313b82e450a3951a6a3bd","testsuite/src/test/java/io/netty/testsuite/util/BogusKeyStore.java","2","0","0","0","278","313","1"
"hazelcast","269452c5076a01d8e67f0b8d674f6b55cf0e1d06","hazelcast-client/src/test/java/com/hazelcast/client/spi/impl/discovery/ClientDiscoverySpiTest.java","2","0","0","0","280","370","0"
"elasticsearch","4fd1276542a641cd59309bc7ea3f928321243afe","core/src/main/java/org/elasticsearch/common/util/AbstractArray.java","2","0","0","0","29","58","0"
"elasticsearch","e024c67561c547b5194d00ea5e5f518a1a96fe63","core/src/main/java/org/elasticsearch/common/util/AbstractArray.java","2","0","0","0","29","58","0"
"elasticsearch","3cb307462dba82409bd549b3c25f581b03d69244","core/src/main/java/org/elasticsearch/common/util/AbstractArray.java","2","0","0","0","29","58","2"
"hazelcast","14520904ee7fad852e9c147f7ec2ed6d515f6321","hazelcast/src/main/java/com/hazelcast/map/impl/record/DataRecord.java","2","0","0","0","29","61","1"
"hazelcast","73f96d570d4c70290950e136308f9e5104bcf29c","hazelcast/src/main/java/com/hazelcast/map/impl/record/DataRecord.java","2","0","0","0","29","61","1"
"hazelcast","14db1773526284bfc9837a4ef9121862dc8544fb","hazelcast/src/main/java/com/hazelcast/map/impl/record/DataRecord.java","2","0","0","0","29","61","0"
"hazelcast","14520904ee7fad852e9c147f7ec2ed6d515f6321","hazelcast/src/main/java/com/hazelcast/map/impl/record/DataRecordWithStats.java","2","0","0","0","31","61","1"
"hazelcast","73f96d570d4c70290950e136308f9e5104bcf29c","hazelcast/src/main/java/com/hazelcast/map/impl/record/DataRecordWithStats.java","2","0","0","0","31","61","1"
"hazelcast","14db1773526284bfc9837a4ef9121862dc8544fb","hazelcast/src/main/java/com/hazelcast/map/impl/record/DataRecordWithStats.java","2","0","0","0","31","61","0"
"hazelcast","a1e5e1945485995c45c8cd9fcc0c1a63ae75ef6f","hazelcast/src/main/java/com/hazelcast/map/impl/MapRemoteService.java","2","0","0","0","31","63","0"
"hazelcast","21de2ef614b9a92baec6c4f16f26123a59391cdc","hazelcast/src/main/java/com/hazelcast/map/impl/MapRemoteService.java","2","0","0","0","32","64","0"
"hazelcast","9a271c902879c6d77ac6f5d779edb30265612d84","hazelcast/src/main/java/com/hazelcast/map/impl/MapRemoteService.java","2","0","0","0","32","64","0"
"hazelcast","2b6f18456c37d310e7679071b8c91c7df48c679d","hazelcast/src/main/java/com/hazelcast/map/impl/MapRemoteService.java","2","0","0","0","32","64","1"
"hazelcast","8a97243c2a579cdd79fd8d82dafc065df61ff170","hazelcast/src/main/java/com/hazelcast/wan/impl/WanReplicationPublisherDelegate.java","2","0","0","0","34","67","1"
"hazelcast","d917acc1c9d03426d5c08254bdb05f134c00e794","hazelcast-client/src/main/java/com/hazelcast/client/proxy/PartitionSpecificClientProxy.java","2","0","0","0","35","64","1"
"elasticsearch","371c73e14023917f3892090d2d3d7ff9ac1216b9","core/src/main/java/org/elasticsearch/index/engine/VersionValue.java","2","0","0","0","35","66","3"
"elasticsearch","5e6eb987bc08ff8c9bac427924e8611425a97aa7","core/src/main/java/org/elasticsearch/index/engine/VersionValue.java","2","0","0","0","35","66","1"
"elasticsearch","a60b8948ba1d836a6eac7cff095519e618939ed8","core/src/main/java/org/elasticsearch/index/engine/VersionValue.java","2","0","0","0","35","66","0"
"hazelcast","eaf092a780c766ec8f4b38a77402ed73b4333ab8","hazelcast/src/main/java/com/hazelcast/map/impl/mapstore/writebehind/AbstractDelayedEntry.java","2","0","0","0","35","67","0"
"hazelcast","c283f04cab711308ed3018d4e448e35b9061e0d2","hazelcast-client/src/main/java/com/hazelcast/client/proxy/ClientClusterProxy.java","2","0","0","0","36","66","0"
"elasticsearch","3d3dd7185d7638e572309b2e630d22234fc2659c","core/src/main/java/org/elasticsearch/index/fielddata/plain/AtomicLongFieldData.java","2","0","0","0","36","69","0"
"elasticsearch","3764789d9641b37d78791b83b9293611261298ff","modules/lang-painless/src/main/java/org/elasticsearch/painless/node/LDefField.java","2","0","0","0","36","72","1"
"hazelcast","6d633b852337a43a023ca98d67de952e1810b34a","hazelcast-client/src/main/java/com/hazelcast/client/proxy/PartitionSpecificClientProxy.java","2","0","0","0","37","66","0"
"hazelcast","eed2a8c40d592a8e99645faac48f99069eaeaab2","hazelcast-client/src/main/java/com/hazelcast/client/proxy/ClientClusterProxy.java","2","0","0","0","37","67","1"
"neo4j","886dbb454deaae6adcb4ff26e76f6e225eedca55","enterprise/core-edge/src/test/java/org/neo4j/coreedge/raft/log/segmented/PruningStrategyTest.java","2","0","0","0","37","73","0"
"neo4j","868b4d731485023d2f7477e1133dcd5b263c851d","community/lucene-index/src/main/java/org/neo4j/index/impl/lucene/IndexReferenceFactory.java","2","0","0","0","39","84","0"
"neo4j","f13efebd3b366abe29b2da79819eda5d5e365bd6","community/lucene-index/src/main/java/org/neo4j/index/impl/lucene/legacy/IndexReferenceFactory.java","2","0","0","0","39","85","0"
"hazelcast","00674fe8446b9bdfef4e7ff7fcf4816e21c177ac","hazelcast-hibernate/hazelcast-hibernate4/src/test/java/com/hazelcast/hibernate/HibernateTestSupport.java","2","0","0","0","40","66","1"
"neo4j","6b75a9235ea38e0c47caacd25cc919023c0c958b","community/lucene-index/src/main/java/org/neo4j/kernel/api/impl/index/backup/ReadOnlyIndexSnapshotFileIterator.java","2","0","0","0","40","75","0"
"elasticsearch","984b94e8b75f4c7f5a5e878548509a36bdeeec37","core/src/main/java/org/elasticsearch/action/admin/indices/upgrade/post/ShardUpgradeResponse.java","2","0","0","0","40","76","1"
"hazelcast","590c6477098c09f7f0334904cb21999d800fb2aa","hazelcast/src/main/java/com/hazelcast/cache/impl/record/AbstractCacheRecord.java","2","0","0","0","40","77","0"
"hazelcast","67da348c4284c0dfeb548ad8c3b83f64d745f710","hazelcast-hibernate/hazelcast-hibernate4/src/test/java/com/hazelcast/hibernate/HibernateTestSupport.java","2","0","0","0","41","67","0"
"elasticsearch","3764789d9641b37d78791b83b9293611261298ff","modules/lang-painless/src/main/java/org/elasticsearch/painless/node/LDefArray.java","2","0","0","0","41","77","1"
"hazelcast","798cdcb7995ba1e5f635103a6069a2a875f914a6","hazelcast/src/test/java/com/hazelcast/nio/serialization/NamedPortableV2.java","2","0","0","0","42","57","0"
"hazelcast","0e9329ffb97224ae57b509d4ecfce62647b62bf8","hazelcast/src/main/java/com/hazelcast/cache/impl/client/AbstractCacheAllPartitionsRequest.java","2","0","0","0","42","58","2"
"hazelcast","3f5d483dbfdac9807852534728f54a78d4f78c04","hazelcast/src/main/java/com/hazelcast/cache/impl/client/AbstractCacheAllPartitionsRequest.java","2","0","0","0","42","58","1"
"hazelcast","0a9f47f7d7562e29d40a75d051d751c402bb0c33","hazelcast/src/main/java/com/hazelcast/cache/impl/client/AbstractCacheAllPartitionsRequest.java","2","0","0","0","42","58","0"
"ceylon-ide-eclipse","5b4c3eac8a7c12c0125a77343e602b4e73083595","plugins/com.redhat.ceylon.eclipse.ui/src/com/redhat/ceylon/eclipse/code/complete/BasicCompletionProposal.java","2","0","0","0","43","56","0"
"ceylon-ide-eclipse","64a391fbabba6b9bc6b553abfa42466e0ca9673d","plugins/com.redhat.ceylon.eclipse.ui/src/com/redhat/ceylon/eclipse/code/complete/BasicCompletionProposal.java","2","0","0","0","43","56","0"
"ceylon-ide-eclipse","86f26fa537e183c4a48c2adbef4b49cf726e931d","plugins/com.redhat.ceylon.eclipse.ui/src/com/redhat/ceylon/eclipse/code/complete/BasicCompletionProposal.java","2","0","0","0","43","56","1"
"hazelcast","f295320580a557b2609ec22ae2abe788b0110bb3","hazelcast/src/test/java/com/hazelcast/osgi/TestServiceReference.java","2","0","0","0","43","71","0"
"hazelcast","09bd1799af89fd08fca90af7badcfb4587b22aa2","hazelcast/src/main/java/com/hazelcast/mapreduce/aggregation/impl/SimpleEntry.java","2","0","0","0","43","82","1"
"hazelcast","6f0609accf0399b5744b8a17114f0ffb12a0e730","hazelcast/src/main/java/com/hazelcast/mapreduce/aggregation/impl/SimpleEntry.java","2","0","0","0","43","82","2"
"hazelcast","83daa0c085a68c3c7a53f3ac2b50a4675ea910aa","hazelcast/src/main/java/com/hazelcast/mapreduce/aggregation/impl/SimpleEntry.java","2","0","0","0","43","82","0"
"oryx","0e536a808244ffd416c047e7c365d4f055ea1b8a","framework/oryx-lambda/src/main/java/com/cloudera/oryx/lambda/batch/SaveToHDFSFunction.java","2","0","0","0","44","70","0"
"hazelcast","79ca749ae9093b89ca12d0d2ca4fef11a7e63e89","hazelcast-client/src/main/java/com/hazelcast/client/impl/ClusterAuthenticator.java","2","0","0","0","44","74","0"
"hazelcast","22ba15013db95101f4bfddf01eb6172fca2f70ee","hazelcast-client/src/main/java/com/hazelcast/client/impl/ClusterAuthenticator.java","2","0","0","0","45","75","0"
"hazelcast","3f46545bdca45f33e9257a896121007a1569235f","hazelcast/src/test/java/com/hazelcast/osgi/TestServiceReference.java","2","0","0","0","45","76","1"
"hazelcast","4a7940a4f5a775a9cca1a283ae88d7fdf0cfc125","hazelcast-hibernate/hazelcast-hibernate4/src/test/java/com/hazelcast/hibernate/HibernateTestSupport.java","2","0","0","0","46","72","0"
"ceylon-ide-eclipse","c5c15a0b33245f13d9fc7d44db226c0458005f73","plugins/com.redhat.ceylon.eclipse.ui/src/com/redhat/ceylon/eclipse/code/complete/BasicCompletionProposal.java","2","0","0","0","47","60","0"
"oryx","cdcb0aae19f56d45ba9d94585e5f974b8f70b7d7","oryx-lambda/src/main/java/com/cloudera/oryx/lambda/SaveToHDFSFunction.java","2","0","0","0","47","74","0"
"elasticsearch","5d2c334bbd4b1396550c871d4d7b7c2c9a95cd63","src/main/java/org/elasticsearch/index/search/child/ConstantScorer.java","2","0","0","0","47","83","1"
"hazelcast","09bd1799af89fd08fca90af7badcfb4587b22aa2","hazelcast/src/main/java/com/hazelcast/mapreduce/aggregation/impl/SupplierConsumingMapper.java","2","0","0","0","47","86","1"
"hazelcast","6f0609accf0399b5744b8a17114f0ffb12a0e730","hazelcast/src/main/java/com/hazelcast/mapreduce/aggregation/impl/SupplierConsumingMapper.java","2","0","0","0","47","86","2"
"hazelcast","83daa0c085a68c3c7a53f3ac2b50a4675ea910aa","hazelcast/src/main/java/com/hazelcast/mapreduce/aggregation/impl/SupplierConsumingMapper.java","2","0","0","0","47","86","0"
"hazelcast","bae7d5dcf12e85f48c49810190ec089eeea0b454","hazelcast/src/main/java/com/hazelcast/mapreduce/aggregation/impl/SimpleEntry.java","2","0","0","0","47","87","0"
"oryx","58153f886aa4d625048774f3570def750710bec1","oryx-lambda/src/main/java/com/cloudera/oryx/lambda/SaveToHDFSFunction.java","2","0","0","0","48","74","1"
"elasticsearch","f71c9a25a182f05a7b54f3b773921b763981c2a5","core/src/main/java/org/elasticsearch/action/admin/indices/upgrade/post/ShardUpgradeResponse.java","2","0","0","0","48","87","0"
"neo4j","868b4d731485023d2f7477e1133dcd5b263c851d","community/lucene-index/src/main/java/org/neo4j/index/impl/lucene/WritableIndexReference.java","2","0","0","0","49","79","0"
"hazelcast","bae7d5dcf12e85f48c49810190ec089eeea0b454","hazelcast/src/main/java/com/hazelcast/mapreduce/aggregation/impl/SupplierConsumingMapper.java","2","0","0","0","49","88","0"
"hazelcast","77bf666fd9c23d8e896d84e6ea0f9df6179b2023","hazelcast-hibernate/hazelcast-hibernate4/src/test/java/com/hazelcast/hibernate/region/HazelcastQueryResultsRegionTest.java","2","0","0","0","50","71","0"
"hazelcast","ed777f64e4d046bb45ae4ee062b463e33526e3ad","hazelcast-client-new/src/main/java/com/hazelcast/client/txn/proxy/ClientTxnProxy.java","2","0","0","0","51","81","1"
"oryx","0c6bf96eb475361ed45c4d7e54a970819e33802a","framework/oryx-lambda/src/main/java/com/cloudera/oryx/lambda/batch/SaveToHDFSFunction.java","2","0","0","0","52","78","0"
"hazelcast","e3cc255101184cd77fc95bea451c9a0b2d10f8b9","hazelcast/src/main/java/com/hazelcast/executor/BaseCallableTaskOperation.java","2","0","0","0","52","85","1"
"elasticsearch","4b94eb5cb8cc4294ed0e932a5f22c16bd90d4dd7","core/src/main/java/org/elasticsearch/action/admin/indices/upgrade/post/ShardUpgradeResult.java","2","0","0","0","52","89","2"
"elasticsearch","860efb2ad28db09189c8423e05d0dba53010259c","core/src/main/java/org/elasticsearch/action/admin/indices/upgrade/post/ShardUpgradeResult.java","2","0","0","0","52","89","2"
"elasticsearch","d3417fb02291f26964d77767020ef345d18c148f","core/src/main/java/org/elasticsearch/action/admin/indices/upgrade/post/ShardUpgradeResult.java","2","0","0","0","52","89","0"
"hazelcast","a4035afdfc67b757940a15578bc51b4e7b6b0b13","hazelcast-client-new/src/main/java/com/hazelcast/client/proxy/txn/ClientTxnProxy.java","2","0","0","0","55","85","0"
"hazelcast","d2b04ec50716ff04b425207e70e8f35855ddccf5","hazelcast/src/main/java/com/hazelcast/cache/impl/record/AbstractCacheRecord.java","2","0","0","0","55","94","1"
"hazelcast","1846ccdf51710299b209a0abe97ce7e80b266514","hazelcast/src/test/java/com/hazelcast/jmx/MBeanDataHolder.java","2","0","0","0","57","108","1"
"hazelcast","65df300ddcacf2cee04f1eee8f75731e147decbf","hazelcast-client/src/main/java/com/hazelcast/client/proxy/ClientClusterProxy.java","2","0","0","0","58","93","1"
"netty","9128d4f16a8ccb102bbf863b88e6be8e5574333d","transport/src/main/java/io/netty/channel/group/ImmediateEventExecutor.java","2","0","0","0","61","93","1"
"netty","23d017849429c18e1890b0a5799e5262df4f269f","transport/src/main/java/io/netty/channel/group/ImmediateEventExecutor.java","2","0","0","0","61","94","0"
"netty","1e0c83db23eb4ef70b5f9cc911942ee5330ce746","buffer/src/main/java/io/netty/buffer/UnreleasableByteBuf.java","2","0","0","0","621","794","0"
"hazelcast","565257f977407eb3a0199d082860209c2958f5f9","hazelcast/src/main/java/com/hazelcast/mapreduce/aggregation/impl/SupplierConsumingMapper.java","2","0","0","0","64","114","2"
"hazelcast","564167c1f93b32ce742411106e9ae67eae88a801","hazelcast/src/main/java/com/hazelcast/mapreduce/aggregation/impl/SupplierConsumingMapper.java","2","0","0","0","65","115","1"
"hazelcast","bfc4d5349a0582151fbb9be1d7b03cb55e0451ca","hazelcast/src/main/java/com/hazelcast/executor/BaseCallableTaskOperation.java","2","0","0","0","66","98","1"
"elasticsearch","fbcfddbb77c2763f4c1a8585b28cb7a37e2b5284","modules/lang-painless/src/main/java/org/elasticsearch/painless/node/SSubEachArray.java","2","0","0","0","67","109","1"
"hazelcast","536b732b53c631649763b21fc6a0bf022c6d8583","hazelcast/src/test/java/com/hazelcast/jmx/MBeanDataHolder.java","2","0","0","0","67","119","1"
"hazelcast","a0098b425358f09120722f6df45125b188ca55a0","hazelcast/src/test/java/com/hazelcast/internal/jmx/MBeanDataHolder.java","2","0","0","0","67","119","2"
"hazelcast","f48c61924353314a72b4fe571b9bf5e8d502fb03","hazelcast/src/test/java/com/hazelcast/internal/jmx/MBeanDataHolder.java","2","0","0","0","67","119","2"
"hazelcast","089a8de3ef46501653fe15aa30fa20130f5b9d5c","hazelcast/src/test/java/com/hazelcast/jmx/MBeanDataHolder.java","2","0","0","0","67","119","0"
"elasticsearch","139d3f957fee124ab311376c9ccccc6b6b461c29","modules/lang-painless/src/main/java/org/elasticsearch/painless/node/SSubEachArray.java","2","0","0","0","69","111","0"
"hazelcast","2921cff694583b8638dae2991f427e61d5440a9d","hazelcast/src/test/java/com/hazelcast/internal/jmx/MBeanDataHolder.java","2","0","0","0","71","123","0"
"hazelcast","85886cc40b679e4327d90850db9bbb8b49f3354e","hazelcast/src/test/java/com/hazelcast/jmx/MBeanDataHolder.java","2","0","0","0","71","123","0"
"hazelcast","d568e4d926d925d57d4e79e34614390416749301","hazelcast/src/test/java/com/hazelcast/internal/jmx/MBeanDataHolder.java","2","0","0","0","71","123","0"
"hazelcast","1f042b8c4a4245594691bb6d85a66ceed9b43068","hazelcast/src/test/java/com/hazelcast/internal/jmx/MBeanDataHolder.java","2","0","0","0","71","123","1"
"hazelcast","db8c3a04469530ca57c39fcb9ca633f1ece72ba2","hazelcast/src/test/java/com/hazelcast/jmx/MBeanDataHolder.java","2","0","0","0","71","123","1"
"hazelcast","70d4de16ff0ac4518d09aad8c9f2ad9e782fb337","hazelcast/src/test/java/com/hazelcast/internal/jmx/MBeanDataHolder.java","2","0","0","0","72","124","2"
"neo4j","dd79d5226cfe6f3665976835d78cda0ec29798c3","enterprise/core-edge/src/test/java/org/neo4j/coreedge/discovery/SharedDiscoveryCoreClient.java","2","0","0","0","74","107","0"
"netty","20d818ccec9670bea362273be44e1a4c486bcdbe","codec-http/src/main/java/io/netty/handler/codec/http/HttpMessageUtil.java","2","0","0","0","81","115","0"
"netty","e7631867d30e26961e121ca05f5e3c078345984f","buffer/src/main/java/io/netty/buffer/AbstractPooledDerivedByteBuf.java","2","0","0","0","84","128","1"
"hazelcast","d9d20943b88faf6aa25ddbdc19feab4571611431","hazelcast-client/src/test/java/com/hazelcast/client/cluster/ClientClusterServiceMemberListTest.java","2","0","0","0","85","107","1"
"hazelcast","618948653075dce6c3fc23e0a9b67f2da2dda73f","hazelcast-client/src/main/java/com/hazelcast/client/proxy/ClientConditionProxy.java","2","0","0","0","86","124","2"
"hazelcast","338401bd3784a3b409e07f15d1edc9670b8f0139","hazelcast-client/src/test/java/com/hazelcast/client/mapreduce/MapReduceLiteMemberTest.java","2","0","0","0","90","115","0"
"neo4j","f5fc21139e1df53b6435f893470cacc8a6a8c123","community/shell/src/main/java/org/neo4j/shell/impl/RemotelyAvailableServer.java","2","0","0","0","90","132","1"
"orientdb","39a8884d03c0bc49b8ecf655a22fe80646afa1e6","spatial/src/test/java/com/orientechnologies/lucene/test/geo/LuceneSpatialFunctionFromTextTest.java","2","0","0","0","90","150","0"
"orientdb","39a8884d03c0bc49b8ecf655a22fe80646afa1e6","spatial/src/test/java/com/orientechnologies/lucene/test/geo/LuceneSpatialFunctionAsTextTest.java","2","0","0","0","96","147","0"
"elasticsearch","557fc8b43720d222fdee9219ad71f9b08ca7b90e","core/src/test/java/org/elasticsearch/search/aggregations/pipeline/bucketmetrics/ExtendedStatsBucketTests.java","2","0","0","1","12","37","1"
"oryx","7f8f3cdde532d5bd1f8f41ab31e10719ed4ab984","oryx-app-mllib/src/test/java/com/cloudera/oryx/app/mllib/als/AbstractALSIT.java","2","0","0","1","14","35","0"
"netty","4bba7526e2f58018817972f38279cc232f519100","buffer/src/test/java/io/netty/buffer/RetainedSlicedByteBufTest.java","2","0","0","1","15","36","0"
"oryx","eb08674e77479787fa9288f2c824e48af8539ff2","oryx-app-mllib/src/test/java/com/cloudera/oryx/app/mllib/als/AbstractALSIT.java","2","0","0","1","16","37","0"
"netty","f897507b09d61baca231f43bfc701c134966bd11","buffer/src/test/java/io/netty/buffer/RetainedSlicedByteBufTest.java","2","0","0","1","17","38","1"
"elasticsearch","819fe40d616dd021ea7a80111c0c836caec8f7c3","core/src/test/java/org/elasticsearch/common/bytes/BytesArrayTests.java","2","0","0","1","19","42","0"
"elasticsearch","90c2b3a384c036e7f9345b2586e69fda056387fd","core/src/test/java/org/elasticsearch/index/mapper/internal/FieldNamesFieldTypeTests.java","2","0","0","1","21","44","1"
"elasticsearch","90c2b3a384c036e7f9345b2586e69fda056387fd","core/src/test/java/org/elasticsearch/index/mapper/core/BinaryFieldTypeTests.java","2","0","0","1","21","45","1"
"mcMMO","93548317293e2c6c5195544b99d4ce7d900abea1","src/main/java/com/gmail/nossr50/skills/swords/SerratedStrikesEventHandler.java","2","0","0","1","22","29","0"
"elasticsearch","01ca81e2a37c9cd38c6dc44ae567d427c059dbe0","src/test/java/org/elasticsearch/index/store/DistributorDirectoryTest.java","2","0","0","1","26","50","0"
"mcMMO","8dfa8c20f32e391c3d299abc51514a6601ed6e80","src/main/java/com/gmail/nossr50/skills/taming/EnvironmentallyAwareEventHandler.java","2","0","0","1","27","36","4"
"netty","8dbf5d02e53a72c42467b8dc0a5e1482d5f49af4","transport-native-epoll/src/test/java/io/netty/channel/epoll/EpollSocketRstTest.java","2","0","0","1","28","50","0"
"elasticsearch","8458138b8c1fb9e3bae572799a17e0269510f8c5","src/test/java/org/elasticsearch/index/store/DistributorDirectoryTest.java","2","0","0","1","28","52","2"
"netty","af4b71a00e30faf86ef1c2365e965e8f04f65bee","codec/src/test/java/io/netty/handler/codec/marshalling/RiverMarshallingDecoderTest.java","2","0","0","1","30","52","0"
"mcMMO","8dfa8c20f32e391c3d299abc51514a6601ed6e80","src/main/java/com/gmail/nossr50/skills/acrobatics/AcrobaticsEventHandler.java","2","0","0","1","30","62","4"
"elasticsearch","0e322a7e0bcb9a1441fef7efaf137641156c434e","core/src/test/java/org/elasticsearch/search/aggregations/metrics/percentiles/hdr/InternalHDRPercentilesTests.java","2","0","0","1","32","61","0"
"mcMMO","a2f80569e30fdd181a811b1c17d4b221b49bda00","src/main/java/com/gmail/nossr50/commands/experience/MmoeditCommand.java","2","0","0","1","33","42","0"
"mcMMO","8dfa8c20f32e391c3d299abc51514a6601ed6e80","src/main/java/com/gmail/nossr50/skills/swords/CounterAttackEventHandler.java","2","0","0","1","35","46","4"
"elasticsearch","952feb58e41bd0220784c44136b840ea4a740e26","core/src/test/java/org/elasticsearch/search/aggregations/bucket/terms/DoubleTermsTests.java","2","0","0","1","41","67","1"
"neo4j","74a1a9548eb21aa21d3b16f5433017523684b770","community/shell/src/main/java/org/neo4j/shell/kernel/apps/cypher/Using.java","2","0","0","1","42","66","1"
"elasticsearch","e7d352b489272a87b05019869857656de7fb82fc","core/src/test/java/org/elasticsearch/search/aggregations/bucket/terms/LongTermsTests.java","2","0","0","1","42","68","0"
"elasticsearch","e7d352b489272a87b05019869857656de7fb82fc","core/src/test/java/org/elasticsearch/search/aggregations/bucket/terms/DoubleTermsTests.java","2","0","0","1","42","68","0"
"elasticsearch","952feb58e41bd0220784c44136b840ea4a740e26","core/src/test/java/org/elasticsearch/search/aggregations/bucket/terms/StringTermsTests.java","2","0","0","1","42","68","1"
"elasticsearch","e7d352b489272a87b05019869857656de7fb82fc","core/src/test/java/org/elasticsearch/search/aggregations/bucket/terms/StringTermsTests.java","2","0","0","1","43","69","0"
"neo4j","17e9007c3eea6f54aa57da88ade914262ea38c80","community/neo4j/src/test/java/org/neo4j/index/LegacyIndexTest.java","2","0","0","1","43","72","0"
"hazelcast","217921dba98434f70805ecc14c00aad29df2fb8f","hazelcast/src/test/java/com/hazelcast/cluster/AbstractJoinTest.java","2","0","0","1","55","85","0"
"hazelcast","2921cff694583b8638dae2991f427e61d5440a9d","hazelcast/src/test/java/com/hazelcast/cluster/AbstractJoinTest.java","2","0","0","1","55","85","0"
"hazelcast","1f042b8c4a4245594691bb6d85a66ceed9b43068","hazelcast/src/test/java/com/hazelcast/cluster/AbstractJoinTest.java","2","0","0","1","55","85","1"
"neo4j","c17c5b6eab5ed66601aaa2a57ee5d9a4ddb3a09e","enterprise/kernel/src/test/java/org/neo4j/kernel/impl/api/integrationtest/NodeKeyConstraintCreationIT.java","2","0","0","1","64","93","0"
"hazelcast","7cb643fe78207b3068926aa8c628ecb466bdb934","hazelcast/src/test/java/com/hazelcast/cluster/AbstractJoinTest.java","2","0","0","1","72","106","0"
"hazelcast","a61de0d0bda692770bea0ed565b28a786220cee3","hazelcast-all/src/test/java/com/hazelcast/it/CheckAllDependenciesIT.java","2","0","0","1","8","12","0"
"hazelcast","a61de0d0bda692770bea0ed565b28a786220cee3","hazelcast-client/src/test/java/com/hazelcast/client/osgi/ClientCheckDependenciesIT.java","2","0","0","1","8","12","0"
"hazelcast","dfd6aa4e74318ff9153409b52206e6e453096ce3","hazelcast-all/src/test/java/com/hazelcast/it/CheckAllDependenciesIT.java","2","0","0","1","8","12","1"
"hazelcast","e81e5343959dd95b7fbf4182675e9f8c338e24b5","hazelcast/src/test/java/com/hazelcast/executor/ExecutorServiceTestSupport.java","2","0","0","1","89","124","0"
"hazelcast","0e31623d421ad6209997d5e6212027391cd07dd7","hazelcast/src/test/java/com/hazelcast/executor/ExecutorServiceTestSupport.java","2","0","0","1","90","125","1"
"elasticsearch","1e7c42447999421ea789d51279496017d34b15d0","core/src/main/java/org/elasticsearch/index/seqno/GlobalCheckpointSyncAction.java","2","0","0","10","100","140","0"
"hazelcast","e4615337660cfa284b02427ac949c70b9b6ddc2d","hazelcast/src/test/java/com/hazelcast/internal/ascii/HTTPCommunicator.java","2","0","0","10","102","150","0"
"elasticsearch","0fa67e1538e189ff1b6b46c602ccf0cc6ff22bd1","core/src/test/java/org/elasticsearch/ingest/core/CompoundProcessorTests.java","2","0","0","10","105","181","0"
"orientdb","56d4eafb05d912966992d9acbf8ce978736409ea","jdbc/src/test/java/com/orientechnologies/orient/jdbc/OrientJdbcResultSetTest.java","2","0","0","10","119","217","1"
"elasticsearch","0c7795f53db146de164ed56f7a8718518c680909","core/src/test/java/org/elasticsearch/rest/action/support/RestTableTests.java","2","0","0","10","122","166","1"
"hazelcast","934a604d8485af4a9bffcecf5fe4baede22169fe","hazelcast/src/test/java/com/hazelcast/map/AsyncTest.java","2","0","0","10","124","165","1"
"elasticsearch","88a2f54dfe85eace413c51078098efce654cb287","src/test/java/org/elasticsearch/plugin/PluginManagerTests.java","2","0","0","10","133","195","0"
"hazelcast","07e71a06f93d534a6c6a12325d08a9de4e09cd25","hazelcast-client/src/test/java/com/hazelcast/client/txn/ClientTxnQueueTest.java","2","0","0","10","136","185","1"
"hazelcast","c2476af233aa1f1b07c02279cd80070e9f3deab7","hazelcast-client/src/test/java/com/hazelcast/client/txn/ClientTxnQueueTest.java","2","0","0","10","136","185","1"
"hazelcast","21c03c92c7573e1011f7f1051e6267f0c28dd53a","hazelcast-client/src/test/java/com/hazelcast/client/txn/ClientTxnQueueTest.java","2","0","0","10","136","185","0"
"orientdb","b2da48e3afbf13d261e339a76b8f2ad78837ff2e","core/src/test/java/com/orientechnologies/orient/core/metadata/schema/TestMultiSuperClasses.java","2","0","0","10","151","174","0"
"hazelcast","324c12ca123c52820e6a271c2095649a57a9844f","hazelcast-client/src/test/java/com/hazelcast/client/standalone/ClientMapStandaloneTest.java","2","0","0","10","172","231","0"
"elasticsearch","ef0e3db0de6928ddca70d18e929223980f283fe1","core/src/test/java/org/elasticsearch/indices/cluster/ClusterStateChanges.java","2","0","0","10","172","234","0"
"elasticsearch","e7c2a8ae4d01d708f59d7869dbde015ccf22938e","core/src/test/java/org/elasticsearch/indices/cluster/ClusterStateChanges.java","2","0","0","10","173","235","1"
"hazelcast","daa082f6c3ad48a8a02c7593d35cb344c996bc25","hazelcast/src/test/java/com/hazelcast/cache/impl/CacheCreateUseDestroyTest.java","2","0","0","10","178","224","0"
"neo4j","c3a5cbf00866abb108bf34ce2e0680026fdd2025","community/shell/src/test/java/org/neo4j/shell/StartClientIT.java","2","0","0","10","180","256","0"
"elasticsearch","00de8e07fc3df9c763bbc0b6890217dc5b6bee3e","core/src/test/java/org/elasticsearch/search/query/QueryStringIT.java","2","0","0","10","203","268","3"
"elasticsearch","17a2fffc9be50102fa5a9da72053c82df23b1a64","core/src/test/java/org/elasticsearch/search/query/QueryStringIT.java","2","0","0","10","203","268","2"
"elasticsearch","6796464f167ce293192c43efd1cf28e4434fd5da","core/src/test/java/org/elasticsearch/search/query/QueryStringIT.java","2","0","0","10","203","268","4"
"elasticsearch","6baded8e7fb920e920a288bf53764a1da3d617da","core/src/test/java/org/elasticsearch/search/query/QueryStringIT.java","2","0","0","10","203","268","3"
"elasticsearch","d06a8903fdccf5985bb1b9cbfcb92580d08a544c","core/src/test/java/org/elasticsearch/search/query/QueryStringIT.java","2","0","0","10","203","268","0"
"hazelcast","1bc2827e1f686e5480817389acd25d199938b37d","hazelcast/src/main/java/com/hazelcast/map/impl/operation/DeleteOperation.java","2","0","0","10","40","68","0"
"orientdb","e1a26bce426cc521e34d18e8994ec87673af8a38","core/src/main/java/com/orientechnologies/orient/core/serialization/serializer/record/ORecordSerializerRaw.java","2","0","0","10","51","83","1"
"orientdb","ca587e2ff4d3eb79f5d137b04091ae1ba3995c5d","core/src/main/java/com/orientechnologies/orient/core/serialization/serializer/record/ORecordSerializerRaw.java","2","0","0","10","52","84","0"
"hazelcast","8f11ec8d3a02711dfbf1e3cd39be0bc2b01fc078","hazelcast/src/main/java/com/hazelcast/map/impl/operation/BaseRemoveOperation.java","2","0","0","10","53","83","1"
"hazelcast","a4f2426c3194dd683417bf10301c2bf36914666c","hazelcast/src/main/java/com/hazelcast/map/operation/ClearOperation.java","2","0","0","10","56","91","0"
"elasticsearch","c32de1f72b8f1131daf710a2144be31c55cb4f93","test-framework/src/main/java/org/elasticsearch/test/disruption/NetworkDelaysPartition.java","2","0","0","10","57","95","0"
"hazelcast","ed777f64e4d046bb45ae4ee062b463e33526e3ad","hazelcast/src/main/java/com/hazelcast/transaction/client/CommitTransactionRequest.java","2","0","0","10","58","88","1"
"elasticsearch","fac472f90c521241a56f90c708eafe8bcbc4f939","test-framework/src/main/java/org/elasticsearch/test/disruption/NetworkDelaysPartition.java","2","0","0","10","59","97","1"
"hazelcast","0603aa048b33b7b63c240c8b0e5c509499c798f7","hazelcast/src/main/java/com/hazelcast/client/impl/client/DistributedObjectListenerRequest.java","2","0","0","10","60","90","1"
"hazelcast","ae877df50978fcfb112d6d0cab2c78f80d1ee770","hazelcast/src/main/java/com/hazelcast/client/impl/client/DistributedObjectListenerRequest.java","2","0","0","10","60","90","1"
"hazelcast","d65de8708631978b87d39db7c947a073e0963228","hazelcast/src/main/java/com/hazelcast/client/impl/client/DistributedObjectListenerRequest.java","2","0","0","10","60","90","2"
"hazelcast","264b730b6e10ae9df6f5d8727209ca007160236f","hazelcast/src/main/java/com/hazelcast/client/impl/client/DistributedObjectListenerRequest.java","2","0","0","10","60","90","0"
"hazelcast","3d8ce7ed94ef327469e9647d5fb1c17d9eb54bf9","hazelcast/src/main/java/com/hazelcast/client/impl/client/DistributedObjectListenerRequest.java","2","0","0","10","60","90","0"
"hazelcast","5009d4a90be3c901942a0a89cf29a92c074231f1","hazelcast/src/main/java/com/hazelcast/collection/impl/txncollection/operations/CollectionTxnRemoveOperation.java","2","0","0","10","62","93","0"
"neo4j","1d091f26f2a97068a7349cd6911070ed409bfcab","community/security/src/main/java/org/neo4j/server/security/auth/BasicAuthSubject.java","2","0","0","10","64","97","1"
"hazelcast","48ce080fe1f5db112b6c21e19da62612ccc43608","hazelcast/src/main/java/com/hazelcast/map/client/MapRemoveInterceptorRequest.java","2","0","0","10","67","99","0"
"hazelcast","277bd8d8069ab0571cc8863e34b17b7c63360d76","hazelcast/src/main/java/com/hazelcast/concurrent/lock/operations/BeforeAwaitOperation.java","2","0","0","10","70","103","1"
"hazelcast","3a1d456848dcafbe8a777d7d33434d63a8db1f0d","hazelcast/src/main/java/com/hazelcast/concurrent/lock/operations/BeforeAwaitOperation.java","2","0","0","10","70","103","1"
"hazelcast","50bbd60a9ae2031621834fa9ce729f448babd684","hazelcast/src/main/java/com/hazelcast/concurrent/lock/operations/BeforeAwaitOperation.java","2","0","0","10","70","103","2"
"hazelcast","5186e0869fd957fd048d838064815d9922b133ec","hazelcast/src/main/java/com/hazelcast/concurrent/lock/operations/BeforeAwaitOperation.java","2","0","0","10","70","103","2"
"hazelcast","6dde931db4c757e616cf4a343fdb54f59cf32acf","hazelcast/src/main/java/com/hazelcast/concurrent/lock/operations/BeforeAwaitOperation.java","2","0","0","10","70","103","2"
"hazelcast","8400ca8852f129750f8232cdf5db21ffae134e02","hazelcast/src/main/java/com/hazelcast/concurrent/lock/operations/BeforeAwaitOperation.java","2","0","0","10","70","103","0"
"elasticsearch","087a931cb2ecbae34c4fc87924400c9b6bbd8a41","core/src/main/java/org/elasticsearch/transport/TcpTransportChannel.java","2","0","0","10","74","109","1"
"neo4j","962cbf286af15e7adaa168cf012041d2c1cb874a","community/kernel/src/test/java/org/neo4j/kernel/impl/proc/FieldInjectionsTest.java","2","0","0","10","76","130","1"
"hazelcast","930a9a6a25402ffa4c7ea81141069ef184c71d2b","hazelcast/src/main/java/com/hazelcast/map/client/MapRemoveRequest.java","2","0","0","10","77","111","2"
"neo4j","a9cd199b1086cf1d996764b54caba53b95d3727c","community/kernel/src/main/java/org/neo4j/helpers/FutureAdapter.java","2","0","0","10","79","112","0"
"hazelcast","358e12c864a51acfb36b17e7672b67707b41307c","hazelcast/src/main/java/com/hazelcast/topic/client/AddMessageListenerRequest.java","2","0","0","10","81","114","1"
"neo4j","9a371bafe80ceb4e6cdc8502fbd22f9f8ec3d59d","enterprise/core-edge/src/main/java/org/neo4j/coreedge/server/core/locks/ReplicatedLockTokenState.java","2","0","0","10","89","128","1"
"hazelcast","930a9a6a25402ffa4c7ea81141069ef184c71d2b","hazelcast/src/main/java/com/hazelcast/map/client/MapPutRequest.java","2","0","0","10","94","129","2"
"elasticsearch","467a459f95d8709379bf3e7f415644b246a89dba","core/src/main/java/org/elasticsearch/search/internal/FilteredSearchContext.java","2","0","0","108","479","614","2"
"hazelcast","620dbd7e355616bac3aa3ceaeb7f572cf028b90d","hazelcast-client/src/main/java/com/hazelcast/client/spi/impl/ClientExecutionServiceImpl.java","2","0","0","11","106","141","2"
"hazelcast","42e5849f7ebce11fa76d0780610fba85b1818987","hazelcast-client/src/main/java/com/hazelcast/client/spi/impl/ClientExecutionServiceImpl.java","2","0","0","11","106","142","0"
"hazelcast","b4f94a00cf1628aa0437ded2c556bae9608f74c6","hazelcast-client/src/main/java/com/hazelcast/client/spi/impl/ClientExecutionServiceImpl.java","2","0","0","11","106","142","0"
"hazelcast","ec9060844513d2811d5bee8de0b8282e4becd97b","hazelcast-client/src/main/java/com/hazelcast/client/spi/impl/ClientExecutionServiceImpl.java","2","0","0","11","106","142","0"
"hazelcast","1bf82788c4e21094b8d75cce64ee9be4e8adad08","hazelcast-client/src/main/java/com/hazelcast/client/spi/impl/ClientExecutionServiceImpl.java","2","0","0","11","106","142","3"
"hazelcast","99f2dd5d8710f0276d0b105ba5c0f19674b6ccdf","hazelcast-client/src/main/java/com/hazelcast/client/spi/impl/ClientExecutionServiceImpl.java","2","0","0","11","106","142","1"
"neo4j","3da8523ddc5b1463dae1b497f6787835b5663e6a","community/kernel/src/main/java/org/neo4j/kernel/impl/api/store/GlobalCursorPools.java","2","0","0","11","113","145","1"
"elasticsearch","9765b4a6ff9c368d2bfbeb7959b077fff4933011","core/src/test/java/org/elasticsearch/ingest/CompoundProcessorTests.java","2","0","0","11","120","197","0"
"elasticsearch","048d2734084aac785bd867fc653b6fc8d38c9ab4","core/src/test/java/org/elasticsearch/rest/action/support/RestTableTests.java","2","0","0","11","137","184","0"
"hazelcast","317fabec0c90b274c686ba018cc1b465fee244f2","hazelcast-client-new/src/test/java/com/hazelcast/client/txn/ClientTxnQueueTest.java","2","0","0","11","146","199","0"
"orientdb","b6e335fe1edd05ba3b30353c28477608eb726cd1","jdbc/src/test/java/com/orientechnologies/orient/jdbc/OrientJdbcResultSetTest.java","2","0","0","11","146","265","0"
"hazelcast","b777381e2f8cfc3d8bcde3a87c5cc9993e31d4a2","hazelcast-client-new/src/test/java/com/hazelcast/client/txn/ClientTxnQueueTest.java","2","0","0","11","147","200","1"
"hazelcast","21586825d367940e1c79cf289e97310daab1200d","hazelcast/src/test/java/com/hazelcast/query/impl/IndexIntegrationTest.java","2","0","0","11","164","229","1"
"hazelcast","65df300ddcacf2cee04f1eee8f75731e147decbf","hazelcast-client-legacy/src/test/java/com/hazelcast/client/listeners/ListenerLeakTest.java","2","0","0","11","166","202","1"
"hazelcast","42865bc35a873d4ebed9340e68c8cdde486f5017","hazelcast/src/test/java/com/hazelcast/query/impl/IndexIntegrationTest.java","2","0","0","11","166","232","2"
"hazelcast","6f8acb1bf53477c0a4ff630856eb04331b687809","hazelcast/src/test/java/com/hazelcast/query/impl/IndexIntegrationTest.java","2","0","0","11","166","232","2"
"hazelcast","772b5217030e0fb94bf07a00d9b5e7b275a82030","hazelcast/src/test/java/com/hazelcast/query/impl/IndexIntegrationTest.java","2","0","0","11","166","232","0"
"elasticsearch","7f0134e7253f29b9759c5f9a5c376f521502b107","core/src/test/java/org/elasticsearch/action/ingest/SimulateExecutionServiceTests.java","2","0","0","11","169","207","1"
"netty","a974fff07d9c3c5ff08d3f120f629abe618e2ab6","codec/src/test/java/io/netty/handler/codec/json/JsonObjectDecoderTest.java","2","0","0","11","174","235","1"
"elasticsearch","41f81e2279c735b634bfcef865a6f55678306770","plugins/analysis-icu/src/test/java/org/elasticsearch/index/mapper/ICUCollationKeywordFieldMapperTests.java","2","0","0","11","261","343","2"
"hazelcast","123ec6b723c33195039ffff249bf3b097c6c4f72","hazelcast/src/main/java/com/hazelcast/config/ItemListenerConfig.java","2","0","0","11","50","81","1"
"neo4j","cc0ba94bf17cf529234b73be115bf369e7de0c55","enterprise/ha/src/test/java/org/neo4j/kernel/ha/cluster/HighAvailabilityMemberStateMachineTest.java","2","0","0","11","522","689","0"
"neo4j","990fe648c6b49f319a515dd6b0757553c483ab11","enterprise/ha/src/test/java/org/neo4j/kernel/ha/cluster/HighAvailabilityMemberStateMachineTest.java","2","0","0","11","522","690","0"
"hazelcast","d070f1256c8c7fa823e6463487462826384ee1df","hazelcast/src/main/java/com/hazelcast/map/impl/operation/ClearOperation.java","2","0","0","11","61","94","0"
"hazelcast","cdc9b78260740d11f4a477658abb7b680c47f851","hazelcast/src/main/java/com/hazelcast/partition/impl/ReplicaSyncRetryResponse.java","2","0","0","11","61","95","2"
"hazelcast","f5cb1bc05582dde9b0f920aceaf3295c58a2d42e","hazelcast/src/main/java/com/hazelcast/partition/impl/ReplicaSyncRetryResponse.java","2","0","0","11","61","95","1"
"hazelcast","f93b123f67ebe82499e163a3b0a5aee2ef27d7e4","hazelcast/src/main/java/com/hazelcast/partition/impl/ReplicaSyncRetryResponse.java","2","0","0","11","61","95","1"
"hazelcast","991c061d964a44728dd418dca6c65ae9d76860c9","hazelcast/src/main/java/com/hazelcast/partition/impl/ReplicaSyncRetryResponse.java","2","0","0","11","61","95","0"
"hazelcast","7001ec8c5b1305c796de75c2e3f170c562db8c03","hazelcast/src/main/java/com/hazelcast/map/impl/operation/ClearOperation.java","2","0","0","11","62","95","0"
"neo4j","7133cda9323ffdaf396536337cfebbdafab1cf1b","community/kernel/src/main/java/org/neo4j/kernel/impl/coreapi/PlaceboTransaction.java","2","0","0","11","68","101","1"
"neo4j","c7a8dc3030bed341b67c12175bc0e9e7dd0b84bb","community/kernel/src/main/java/org/neo4j/kernel/impl/coreapi/PlaceboTransaction.java","2","0","0","11","68","101","1"
"neo4j","eaef48b14699253f45cd1893518b1f3d94f23271","community/kernel/src/main/java/org/neo4j/kernel/impl/coreapi/PlaceboTransaction.java","2","0","0","11","68","101","0"
"neo4j","49087ca508ea73bbc97013e4a285e04809138a6d","packaging/neo4j-desktop/src/main/java/org/neo4j/desktop/runtime/DesktopConfigurator.java","2","0","0","11","74","114","1"
"neo4j","ccb2804c16d7ed7a3d2147bf90b2b9633e694179","packaging/neo4j-desktop/src/main/java/org/neo4j/desktop/runtime/DesktopConfigurator.java","2","0","0","11","79","121","0"
"hazelcast","1f042b8c4a4245594691bb6d85a66ceed9b43068","hazelcast-client/src/test/java/com/hazelcast/client/cluster/ClientClusterStateTest.java","2","0","0","11","98","121","1"
"elasticsearch","068fae218f3c59fe6bc51adcd8d5f9b5a1dbccaf","core/src/main/java/org/elasticsearch/search/internal/FilteredSearchContext.java","2","0","0","111","490","627","2"
"elasticsearch","34155ff102c87dc34805f9aa6a6094ab2b0e6658","core/src/main/java/org/elasticsearch/search/internal/FilteredSearchContext.java","2","0","0","112","494","632","1"
"hazelcast","43402d9f22b18ea6fed39e1c919e0d65b779266c","hazelcast/src/test/java/com/hazelcast/map/mapstore/writebehind/WriteBehindQueueTest.java","2","0","0","12","119","163","2"
"orientdb","fdc4bd6aac49739d48c5ec95b3cc1c6fabc99b78","core/src/test/java/com/orientechnologies/orient/core/sql/OCommandExecutorSQLScriptTest.java","2","0","0","12","121","154","1"
"hazelcast","e6be9c98384c4ecb4c2f6ccace0c463d0b9e067a","hazelcast-client/src/test/java/com/hazelcast/client/map/ClientEntryProcessorTest.java","2","0","0","12","125","199","0"
"netty","d479e939b03cf37746647647917e028b1817e413","codec/src/test/java/io/netty/handler/codec/compression/Bzip2DecoderTest.java","2","0","0","12","128","181","0"
"elasticsearch","19e7b1c737052cca62c684f3ed8e4936f08666be","core/src/test/java/org/elasticsearch/ingest/CompoundProcessorTests.java","2","0","0","12","131","210","0"
"elasticsearch","24d7fa6d54339b2ab9459558e507ec958f980ca8","core/src/test/java/org/elasticsearch/ingest/CompoundProcessorTests.java","2","0","0","12","131","210","0"
"elasticsearch","21ff90fed33fc4ce9b1d16e678fc6a2f82dabcc2","core/src/test/java/org/elasticsearch/ingest/CompoundProcessorTests.java","2","0","0","12","131","210","1"
"elasticsearch","73307a2144fbdf63c551eeccdc7e93dc30e59a92","core/src/test/java/org/elasticsearch/rest/RestRequestTests.java","2","0","0","12","132","174","1"
"hazelcast","dc70890ef045a5d59e029a354825cfac91b0de52","hazelcast-client/src/test/java/com/hazelcast/client/ClientListenersTest.java","2","0","0","12","178","235","0"
"neo4j","6b75a9235ea38e0c47caacd25cc919023c0c958b","community/lucene-index/src/test/java/org/neo4j/kernel/api/impl/schema/populator/UniqueDatabaseIndexPopulatingUpdaterTest.java","2","0","0","12","187","256","0"
"elasticsearch","12f53090417d01134f92281b8285a5783f971887","core/src/test/java/org/elasticsearch/rest/BytesRestResponseTests.java","2","0","0","12","188","245","2"
"elasticsearch","47c0e13a3b0f4c64e0fa36c5706c0260a777d68b","core/src/test/java/org/elasticsearch/rest/BytesRestResponseTests.java","2","0","0","12","190","245","0"
"hazelcast","adb9c3af7f236cda63c8eed889f117bc5499f84e","hazelcast/src/test/java/com/hazelcast/map/impl/eviction/ExpirationManagerTest.java","2","0","0","12","195","259","1"
"elasticsearch","de8354dd7fa93dbcc71f5dbf154079f92b2b0bf0","core/src/test/java/org/elasticsearch/index/mapper/core/KeywordFieldMapperTests.java","2","0","0","12","214","294","2"
"elasticsearch","0848ffd52e54aa0625c75617635fc8d35da0c0df","core/src/test/java/org/elasticsearch/index/mapper/ScaledFloatFieldMapperTests.java","2","0","0","12","253","340","0"
"elasticsearch","47f92d7c621eb0b0e4cf350ae21c8553592a324f","core/src/test/java/org/elasticsearch/search/query/QueryStringIT.java","2","0","0","12","262","345","1"
"elasticsearch","4bce7271659889d839388d7df5c61a6d2a5c3c7a","core/src/test/java/org/elasticsearch/search/query/QueryStringIT.java","2","0","0","12","280","368","0"
"elasticsearch","74cd32942aa4b023a47079edc794ff8efb6d0a9e","core/src/test/java/org/elasticsearch/search/query/QueryStringIT.java","2","0","0","12","286","376","0"
"elasticsearch","4b94eb5cb8cc4294ed0e932a5f22c16bd90d4dd7","core/src/main/java/org/elasticsearch/action/admin/indices/settings/get/GetSettingsRequest.java","2","0","0","12","71","106","2"
"elasticsearch","860efb2ad28db09189c8423e05d0dba53010259c","core/src/main/java/org/elasticsearch/action/admin/indices/settings/get/GetSettingsRequest.java","2","0","0","12","71","106","2"
"elasticsearch","d3417fb02291f26964d77767020ef345d18c148f","core/src/main/java/org/elasticsearch/action/admin/indices/settings/get/GetSettingsRequest.java","2","0","0","12","71","106","0"
"neo4j","e5db6293c3260f28a9a9ecdd0970352162530f13","community/kernel/src/main/java/org/neo4j/kernel/impl/coreapi/PlaceboTransaction.java","2","0","0","12","74","108","0"
"hazelcast","410d077538e8af21fc7846a758d83cc67801da83","hazelcast/src/main/java/com/hazelcast/map/impl/client/MapAddPartitionLostListenerRequest.java","2","0","0","12","74","109","3"
"hazelcast","4ac9450aa6da5a4353517409635a0516daf80fd4","hazelcast/src/test/java/com/hazelcast/spi/impl/operationservice/impl/InvocationNestedTest.java","2","0","0","12","83","104","0"
"hazelcast","d0fd18cd0e2fac83d47776ccc1f08639bfc9823f","hazelcast/src/main/java/com/hazelcast/cache/impl/client/CacheAddPartitionLostListenerRequest.java","2","0","0","12","84","120","1"
"hazelcast","d472cbea8d404ea4e42a5cc0bb455dbec40e7985","hazelcast/src/main/java/com/hazelcast/cache/impl/client/CacheAddPartitionLostListenerRequest.java","2","0","0","12","84","120","2"
"hazelcast","ae877df50978fcfb112d6d0cab2c78f80d1ee770","hazelcast/src/main/java/com/hazelcast/cache/impl/client/CacheAddPartitionLostListenerRequest.java","2","0","0","12","84","120","0"
"elasticsearch","14ba36977ed24fd670005800547541a4f2cdfa3a","core/src/test/java/org/elasticsearch/rest/RestRequestTests.java","2","0","0","13","155","201","0"
"hazelcast","434a169a94f7accbe71d5e18444af9c22288a897","hazelcast/src/test/java/com/hazelcast/cluster/LiteMemberJoinTest.java","2","0","0","13","167","217","1"
"hazelcast","70d4de16ff0ac4518d09aad8c9f2ad9e782fb337","hazelcast/src/test/java/com/hazelcast/cluster/LiteMemberJoinTest.java","2","0","0","13","167","217","1"
"hazelcast","eae5aabe2df5d86740f725387d4b9c32fb6d5495","hazelcast/src/test/java/com/hazelcast/cluster/LiteMemberJoinTest.java","2","0","0","13","167","217","1"
"hazelcast","584996c0c9a11facf995848e53a5a2ef79a3889a","hazelcast/src/test/java/com/hazelcast/cluster/LiteMemberJoinTest.java","2","0","0","13","167","217","0"
"hazelcast","2c9d003a0c40996287126d3073e68634669ba674","hazelcast/src/test/java/com/hazelcast/cluster/LiteMemberJoinTest.java","2","0","0","13","174","228","0"
"neo4j","c94158c10839d957869bca2e9d7a7a75fccef4e5","enterprise/cypher/cypher/src/test/java/org/neo4j/cypher/internal/javacompat/ExecutionResultTest.java","2","0","0","13","175","278","0"
"hazelcast","a830427700937cae27a74c4f66d22b668465b88b","hazelcast/src/test/java/com/hazelcast/cache/CacheConfigTest.java","2","0","0","13","183","233","0"
"hazelcast","cb93ba9691679c4ababbcdc325510baefac13dc0","hazelcast/src/test/java/com/hazelcast/cache/CacheConfigTest.java","2","0","0","13","183","233","0"
"hazelcast","84584e9e0b272c399c569721d36f4d589f8080fe","hazelcast/src/test/java/com/hazelcast/cache/CacheConfigTest.java","2","0","0","13","183","233","2"
"hazelcast","0e104a9f57ef6df4b44520699baf61a093a95a16","hazelcast/src/test/java/com/hazelcast/map/impl/eviction/ExpirationManagerTest.java","2","0","0","13","207","274","0"
"neo4j","35a95081e67bf49b62cb45bc522541ee09635951","enterprise/ha/src/test/java/org/neo4j/kernel/ha/cluster/member/ClusterMembersTest.java","2","0","0","13","244","375","1"
"neo4j","6f1ada5aaa5bb07edf94f944d05b0548602956f2","enterprise/ha/src/test/java/org/neo4j/kernel/ha/cluster/member/ClusterMembersTest.java","2","0","0","13","244","378","0"
"elasticsearch","0ad231546d70cd45ac5d7a32311c1cebb9b42293","core/src/test/java/org/elasticsearch/index/mapper/KeywordFieldMapperTests.java","2","0","0","13","246","335","1"
"elasticsearch","450f47d5b59f19f4d2056042db69732ac5c21bbf","core/src/test/java/org/elasticsearch/index/mapper/KeywordFieldMapperTests.java","2","0","0","13","246","335","1"
"elasticsearch","2a00c9dc46fe7ac5da04ea3e735985d3f02bc7bf","core/src/test/java/org/elasticsearch/index/mapper/KeywordFieldMapperTests.java","2","0","0","13","246","335","0"
"elasticsearch","e89d9400c94f5bff8dd9828980a7fcaeec1c28ee","plugins/analysis-icu/src/test/java/org/elasticsearch/index/mapper/ICUCollationKeywordFieldMapperTests.java","2","0","0","13","350","452","1"
"netty","5fb18e3415377fd022ac46d3a898b905617cf232","microbench/src/main/java/io/netty/microbench/http2/NoopHttp2RemoteFlowController.java","2","0","0","13","56","88","1"
"netty","6e5b25733f49d2ea843a89b4d547b856142212ec","microbench/src/main/java/io/netty/microbench/http2/NoopHttp2RemoteFlowController.java","2","0","0","13","56","88","1"
"netty","ead87b7df8d923417475ead2d7680747b1a72f07","microbench/src/main/java/io/netty/microbench/http2/NoopHttp2RemoteFlowController.java","2","0","0","13","56","88","2"
"netty","88a52f73671dd91630b2bc0da0ae8fbc910d763b","microbench/src/main/java/io/netty/microbench/http2/NoopHttp2RemoteFlowController.java","2","0","0","13","56","88","0"
"hazelcast","5f67a2f5aec6273dafe74c18689c8d1e8a2ed422","hazelcast/src/main/java/com/hazelcast/config/SerializerConfig.java","2","0","0","13","60","95","0"
"hazelcast","123ec6b723c33195039ffff249bf3b097c6c4f72","hazelcast/src/main/java/com/hazelcast/config/EntryListenerConfig.java","2","0","0","13","62","96","1"
"hazelcast","05b27a3d7f9adfb832f8fb0c7927fc71c14df2b4","hazelcast/src/main/java/com/hazelcast/map/impl/client/MapAddPartitionLostListenerRequest.java","2","0","0","13","78","114","2"
"hazelcast","48475c6b68419eb8d72ca93dfa67fd7de02181c2","hazelcast/src/main/java/com/hazelcast/map/impl/client/MapAddPartitionLostListenerRequest.java","2","0","0","13","78","114","4"
"hazelcast","ae877df50978fcfb112d6d0cab2c78f80d1ee770","hazelcast/src/main/java/com/hazelcast/map/impl/client/MapAddPartitionLostListenerRequest.java","2","0","0","13","78","114","1"
"hazelcast","d0fd18cd0e2fac83d47776ccc1f08639bfc9823f","hazelcast/src/main/java/com/hazelcast/map/impl/client/MapAddPartitionLostListenerRequest.java","2","0","0","13","78","114","2"
"hazelcast","d472cbea8d404ea4e42a5cc0bb455dbec40e7985","hazelcast/src/main/java/com/hazelcast/map/impl/client/MapAddPartitionLostListenerRequest.java","2","0","0","13","78","114","4"
"hazelcast","d65de8708631978b87d39db7c947a073e0963228","hazelcast/src/main/java/com/hazelcast/map/impl/client/MapAddPartitionLostListenerRequest.java","2","0","0","13","78","114","2"
"hazelcast","d9ba6f59e024f3d049aa55f68144386fdcf54ac9","hazelcast/src/main/java/com/hazelcast/map/impl/client/MapAddPartitionLostListenerRequest.java","2","0","0","13","78","114","3"
"hazelcast","264b730b6e10ae9df6f5d8727209ca007160236f","hazelcast/src/main/java/com/hazelcast/map/impl/client/MapAddPartitionLostListenerRequest.java","2","0","0","13","78","114","0"
"hazelcast","6043c666bf0a0df3eaf438da835d9ad38acea4e9","hazelcast/src/main/java/com/hazelcast/map/impl/client/MapRemoveInterceptorRequest.java","2","0","0","13","79","113","1"
"hazelcast","42c497fd2cd5fae3f6097086045dc581c227ac64","hazelcast/src/main/java/com/hazelcast/map/impl/client/MapExecuteOnKeyRequest.java","2","0","0","13","84","118","0"
"hazelcast","63529db467838bb39aec265f0af6a473bfa288e5","hazelcast/src/main/java/com/hazelcast/map/impl/client/MapExecuteOnKeyRequest.java","2","0","0","13","84","118","0"
"hazelcast","2b270eff14924482f39a32a0483711d08aa1247e","hazelcast/src/main/java/com/hazelcast/map/impl/client/MapExecuteOnKeyRequest.java","2","0","0","13","84","118","2"
"hazelcast","b0ce34b9ecddab5119836b79b2cecb428664b121","hazelcast/src/main/java/com/hazelcast/topic/impl/client/AddMessageListenerRequest.java","2","0","0","13","88","125","1"
"hazelcast","ea1c884a2094d673643c44a0e98c44f3b44527b1","hazelcast/src/main/java/com/hazelcast/topic/impl/client/AddMessageListenerRequest.java","2","0","0","13","88","125","2"
"hazelcast","53d96a2042e1c7fa0fe1ccb1ae1a0c152ce97c34","hazelcast/src/main/java/com/hazelcast/topic/impl/client/AddMessageListenerRequest.java","2","0","0","13","88","125","0"
"hazelcast","b4a1367fad8f544769783aa6426f4b7e868c711f","hazelcast/src/main/java/com/hazelcast/map/impl/client/MapAddInterceptorRequest.java","2","0","0","13","89","123","2"
"hazelcast","da19a121b3e6e1e0898c272d906d8784568c0ac9","hazelcast/src/main/java/com/hazelcast/topic/impl/client/AddMessageListenerRequest.java","2","0","0","13","89","126","0"
"hazelcast","ea36c8170834327d93a01e4e0373b52b919150ff","hazelcast/src/main/java/com/hazelcast/map/impl/client/MapExecuteOnKeyRequest.java","2","0","0","13","90","124","0"
"elasticsearch","7e3ccf2ee32cef80715b3d47cb30e06426e3002c","core/src/test/java/org/elasticsearch/search/aggregations/MissingValueIT.java","2","0","0","14","175","218","1"
"elasticsearch","046abdc281c321cd2128ee7684c0edfcaca07203","core/src/test/java/org/elasticsearch/search/aggregations/MissingValueIT.java","2","0","0","14","181","224","3"
"elasticsearch","22e63b478306fb3cab6ba8967db6e1f2b73cdfd8","core/src/test/java/org/elasticsearch/search/aggregations/MissingValueIT.java","2","0","0","14","181","224","2"
"elasticsearch","a0818d3b876216c7882b3f6b14c613173409c06c","core/src/test/java/org/elasticsearch/search/aggregations/MissingValueIT.java","2","0","0","14","181","224","2"
"elasticsearch","e74d02138f02a66331b2611b5e70a908bb49cb97","core/src/test/java/org/elasticsearch/search/aggregations/MissingValueIT.java","2","0","0","14","181","224","0"
"hazelcast","ca5cf5c38dcbecc684d605120eada450202440dd","hazelcast/src/test/java/com/hazelcast/config/XMLConfigBuilderTest.java","2","0","0","14","231","278","1"
"neo4j","803ec9deafb5ac3785faf698f126a32254d693be","community/server/src/test/java/org/neo4j/server/rest/transactional/TransactionHandleTest.java","2","0","0","14","419","566","1"
"neo4j","3599e18da72ec8de97cdc2b250bb7b4cbb86674b","community/server/src/test/java/org/neo4j/server/rest/transactional/TransactionHandleTest.java","2","0","0","14","420","567","0"
"netty","3482651e0c29edfa02f189751c704ebe4fe8f54c","microbench/src/main/java/io/netty/microbench/http2/NoopHttp2RemoteFlowController.java","2","0","0","14","59","92","0"
"BroadleafCommerce","7da760ada0cf3c3164075c970c90d47e36b4bef4","core/broadleaf-framework/src/main/java/org/broadleafcommerce/core/offer/domain/OfferAuditImpl.java","2","0","0","15","122","171","0"
"hazelcast","20a22131161f34f42bf36619315987d1e609bb22","hazelcast/src/test/java/com/hazelcast/spi/OperationSerializationTest.java","2","0","0","15","137","170","1"
"hazelcast","867fc10b52c7da919de28f51c13599e0fc2a5f60","hazelcast/src/test/java/com/hazelcast/util/scheduler/SecondsBasedEntryTaskSchedulerTest.java","2","0","0","15","149","188","0"
"hazelcast","52af5a4ae496da90dd9188f413fc85d957fbd21e","hazelcast/src/test/java/com/hazelcast/spi/impl/operationservice/impl/OperationRunnerImplTest.java","2","0","0","15","200","238","1"
"hazelcast","7f5b63a482cfdd9c764f42239626c8d9248949a4","hazelcast/src/test/java/com/hazelcast/spi/impl/operationservice/impl/OperationRunnerImplTest.java","2","0","0","15","200","239","0"
"neo4j","5d50389ef46096f3d9e029248673be3d3ec1907e","community/kernel/src/test/java/org/neo4j/kernel/impl/api/index/ContractCheckingIndexProxyTest.java","2","0","0","15","220","338","0"
"netty","231e6a5b7d92a7455b5c64f8e4a71a6fcc73cfd1","codec/src/test/java/io/netty/handler/codec/json/JsonObjectDecoderTest.java","2","0","0","15","230","312","0"
"hazelcast","fb068df68609ff58ac66a09d877cf0e201e2ffae","hazelcast/src/test/java/com/hazelcast/config/XMLConfigBuilderTest.java","2","0","0","15","240","288","0"
"BroadleafCommerce","f2e2ca5db03d4386f59c5fd129fe65acae3d90dd","core/broadleaf-profile-web/src/main/java/org/broadleafcommerce/profile/web/controller/RegisterCustomerController.java","2","0","0","15","94","147","0"
"neo4j","9c79c33600e5511ac1320496d1bdd614808a973c","community/kernel/src/main/java/org/neo4j/helpers/NamedThreadFactory.java","2","0","0","15","99","139","1"
"BroadleafCommerce","69210a32ed73de6f9cc002c897cc8c24c840fb1b","core/broadleaf-profile-web/src/main/java/org/broadleafcommerce/profile/web/controller/RegisterCustomerController.java","2","0","0","15","99","148","1"
"BroadleafCommerce","9a1ae1678f43cd4b706fd2a302879c0f42dc4637","core/broadleaf-profile-web/src/main/java/org/broadleafcommerce/profile/web/controller/RegisterCustomerController.java","2","0","0","15","99","148","2"
"BroadleafCommerce","c567e8e3e9d7e60560bca4f471055ce228096fa8","core/broadleaf-profile-web/src/main/java/org/broadleafcommerce/profile/web/controller/RegisterCustomerController.java","2","0","0","15","99","148","1"
"BroadleafCommerce","4fb0cb0d56c6127bc9c41d4814f59f9041a7d338","core/broadleaf-profile-web/src/main/java/org/broadleafcommerce/profile/web/controller/RegisterCustomerController.java","2","0","0","15","99","148","0"
"neo4j","886dbb454deaae6adcb4ff26e76f6e225eedca55","community/kernel/src/main/java/org/neo4j/helpers/NamedThreadFactory.java","2","0","0","16","103","144","0"
"hazelcast","d38202141395360399c9cf97d4453adf5b1581e1","hazelcast-client-new/src/main/java/com/hazelcast/client/proxy/ClientAtomicLongProxy.java","2","0","0","16","113","151","1"
"hazelcast","ed16dbda736c003ef0427c3c8594d9ca482314ab","hazelcast/src/test/java/com/hazelcast/instance/NodeExtensionTest.java","2","0","0","16","114","158","0"
"hazelcast","8aad5200f5667461d3959dacaa6d5d179d7b2add","hazelcast-client-new/src/main/java/com/hazelcast/client/proxy/ClientAtomicLongProxy.java","2","0","0","16","132","170","0"
"hazelcast","9fe0388c1b7d3c2660c3ea7c6c78e8d9ae7f06d7","hazelcast/src/test/java/com/hazelcast/spi/OperationSerializationTest.java","2","0","0","16","144","180","0"
"neo4j","7723d89e6d1d951e8923fb102da0228db2e4e8f9","community/kernel/src/test/java/org/neo4j/kernel/impl/api/state/StateHandlingStatementOperationsTest.java","2","0","0","16","440","583","2"
"neo4j","4f04ee08438d4e1c99095d9d8a9f2ec223af89a9","community/kernel/src/test/java/org/neo4j/kernel/impl/api/state/StateHandlingStatementOperationsTest.java","2","0","0","16","442","585","1"
"hazelcast","5a84641d6ca0ba61f6bc3db3f4d51994ee307736","hazelcast/src/main/java/com/hazelcast/multimap/impl/operations/MultiMapOperation.java","2","0","0","16","86","129","2"
"hazelcast","cdac811975c69456ff44782af5b54716b74edb65","hazelcast/src/main/java/com/hazelcast/multimap/impl/operations/MultiMapOperation.java","2","0","0","16","86","129","2"
"hazelcast","e5cc462c1684fa9b06b8a13d7fb5bd4cac539949","hazelcast/src/main/java/com/hazelcast/multimap/impl/operations/MultiMapOperation.java","2","0","0","16","86","129","1"
"hazelcast","d86080935c0ade00a64fd45af8c2fa1c0cd03dd3","hazelcast/src/main/java/com/hazelcast/multimap/impl/operations/MultiMapOperation.java","2","0","0","16","86","129","0"
"elasticsearch","f5542ed47fede3d086477995afbc6b330ff71d3e","core/src/test/java/org/elasticsearch/cluster/node/DiscoveryNodeFiltersTests.java","2","0","0","17","195","258","1"
"elasticsearch","8a4d8909a1e6020a8007097eb3d38f27067201f5","core/src/test/java/org/elasticsearch/search/aggregations/bucket/IpRangeIT.java","2","0","0","17","215","275","0"
"hazelcast","269452c5076a01d8e67f0b8d674f6b55cf0e1d06","hazelcast-client-legacy/src/test/java/com/hazelcast/client/spi/impl/discovery/ClientDiscoverySpiTest.java","2","0","0","17","280","369","0"
"elasticsearch","e1efd5f6baf8dec1c23c79b346b8a29f234a98bb","core/src/test/java/org/elasticsearch/script/ScriptFieldIT.java","2","0","0","18","131","177","0"
"neo4j","28fdd0643eb2564d5ecbae597164acef798cc32b","community/kernel/src/test/java/org/neo4j/kernel/recovery/LatestCheckPointFinderTest.java","2","0","0","18","227","360","0"
"neo4j","61dccb6b78bc1618da0ef9f1a70d7b524b945ab7","community/bolt/src/test/java/org/neo4j/bolt/v1/runtime/integration/SessionIT.java","2","0","0","18","449","625","1"
"neo4j","3cad6b427058f7ea008e0f31ea88a5fdd61b9a82","community/server/src/main/java/org/neo4j/server/rest/repr/NodeRepresentation.java","2","0","0","19","137","182","1"
"neo4j","7cab1fb27831b3107659bee768e6124f0d2f1ea1","community/bolt/src/test/java/org/neo4j/bolt/v1/runtime/integration/SessionIT.java","2","0","0","19","465","658","1"
"neo4j","28783f201196c8e95862b4cdee9bf7f2f794c12c","community/bolt/src/test/java/org/neo4j/bolt/v1/runtime/integration/SessionIT.java","2","0","0","19","466","659","0"
"elasticsearch","4b94eb5cb8cc4294ed0e932a5f22c16bd90d4dd7","core/src/main/java/org/elasticsearch/action/ValidateActions.java","2","0","0","2","10","32","2"
"elasticsearch","860efb2ad28db09189c8423e05d0dba53010259c","core/src/main/java/org/elasticsearch/action/ValidateActions.java","2","0","0","2","10","32","2"
"elasticsearch","d3417fb02291f26964d77767020ef345d18c148f","core/src/main/java/org/elasticsearch/action/ValidateActions.java","2","0","0","2","10","32","0"
"hazelcast","a6899de35345d8c30084f4d616b6c42acaa7a1bc","hazelcast-client/src/test/java/com/hazelcast/client/ClientAuthenticationTest.java","2","0","0","2","100","130","0"
"neo4j","af2947cf3a7f053c6c020ece7726d611080a6682","community/neo4j/src/test/java/db/DatabaseShutdownTest.java","2","0","0","2","102","134","0"
"antlr4","29c2712ae1eee9575324db48c2f72c7cb0d28308","tool/test/org/antlr/v4/test/rt/gen/LexerTestMethod.java","2","0","0","2","13","18","0"
"mcMMO","bfa29cbf02eb3bece2bb4596ed2545c3aaa512d7","src/main/java/com/gmail/nossr50/spout/SpoutStart.java","2","0","0","2","13","20","0"
"netty","e8b5f19b82eb116abb4e53a9fb1fa716e7623742","codec-socks/src/test/java/io/netty/handler/codec/socks/SocksAuthResponseTest.java","2","0","0","2","13","31","1"
"netty","3ba856a5f45c467b280ee37ff8d4f144f67eb819","codec-socks/src/test/java/io/netty/handler/codec/socks/SocksAuthResponseTest.java","2","0","0","2","13","32","0"
"neo4j","8ae3804af329f315ebb7344111499111a3e475bf","enterprise/core-edge/src/main/java/org/neo4j/coreedge/core/server/CoreServerModule.java","2","0","0","2","136","185","0"
"neo4j","7435dfb6290889b1690faab631272ef95a97e838","enterprise/core-edge/src/main/java/org/neo4j/coreedge/core/server/CoreServerModule.java","2","0","0","2","139","189","1"
"hazelcast","3e659e0566c5792551d4b8dff3f88d4d4c1d5565","hazelcast-cloud/src/main/java/com/hazelcast/aws/utility/AwsURLEncoder.java","2","0","0","2","14","33","1"
"junit","ed2b51b0c78a079f806ea9157f77f83705f8e04b","src/main/java/org/junit/internal/InexactComparisonCriteria.java","2","0","0","2","15","19","1"
"MapDB","af3ae29e5ef5c6f18defbc4a96ae025ba8e444ec","src/test/java/org/mapdb/Issue198Test.java","2","0","0","2","15","23","0"
"hazelcast","aeb6fe8794e6c24833e291e79c6b66b4eea71280","hazelcast-cloud/src/main/java/com/hazelcast/aws/utility/AwsURLEncoder.java","2","0","0","2","15","35","0"
"netty","94cb389c04bd084f698345aac4cb70b02e5da086","buffer/src/test/java/io/netty/buffer/PoolArenaTest.java","2","0","0","2","15","36","1"
"neo4j","86273a1afea70eb41cd5825a3093370c6f8692c8","enterprise/causal-clustering/src/main/java/org/neo4j/causalclustering/core/server/CoreServerModule.java","2","0","0","2","155","206","1"
"neo4j","dad782315a9ce03151852c8c7d4cdd55865e2a20","enterprise/causal-clustering/src/main/java/org/neo4j/causalclustering/core/server/CoreServerModule.java","2","0","0","2","155","206","1"
"neo4j","c6df52ac56269552d27f572a2af61ddce5a9095c","enterprise/causal-clustering/src/main/java/org/neo4j/causalclustering/core/server/CoreServerModule.java","2","0","0","2","155","206","0"
"neo4j","3b0df95a5c3de63f2b4685986964486a3eecd62b","enterprise/causal-clustering/src/main/java/org/neo4j/causalclustering/core/server/CoreServerModule.java","2","0","0","2","155","207","1"
"neo4j","035903e9ebdada5ea1269b223a6b5ee102763a1d","enterprise/causal-clustering/src/main/java/org/neo4j/causalclustering/core/server/CoreServerModule.java","2","0","0","2","155","210","0"
"neo4j","a04647bfc5aa68f9ae564e6c4930330c71aa5d40","enterprise/causal-clustering/src/main/java/org/neo4j/causalclustering/core/server/CoreServerModule.java","2","0","0","2","156","208","0"
"hazelcast","bb3ea0e107980d769862cdbda748cc91529d67b5","hazelcast/src/main/java/com/hazelcast/transaction/impl/xa/TransactionAccessor.java","2","0","0","2","16","37","0"
"neo4j","035903e9ebdada5ea1269b223a6b5ee102763a1d","enterprise/causal-clustering/src/test/java/org/neo4j/causalclustering/helpers/DataCreator.java","2","0","0","2","16","41","0"
"junit","7439e56cc7c2261d231ec46e048c7ac762e7a8cc","src/main/java/org/junit/experimental/theories/suppliers/TestedOnSupplier.java","2","0","0","2","17","21","0"
"MapDB","7731be01d18476affed01e7d553093132ece2794","src/test/java/org/mapdb/Issue170Test.java","2","0","0","2","17","23","0"
"oryx","8a1a39f9422c6139c5b5aabb76bbfde45b32d272","oryx-app/src/test/java/com/cloudera/oryx/app/speed/als/MockALSInputGenerator.java","2","0","0","2","17","38","0"
"netty","4158152b24c1e20cc9d024486a6bc6a0ee336a92","transport-sctp/src/main/java/io/netty/channel/sctp/AbstractSctpChannelSink.java","2","0","0","2","17","39","0"
"junit","34d2943cef583ecb34cc182b79dbb4af0c778b3f","src/main/java/org/junit/experimental/theories/suppliers/TestedOnSupplier.java","2","0","0","2","18","24","1"
"oryx","aed5c73de7645c46f9fc3da32ea8c14fffe18e50","app/oryx-app/src/test/java/com/cloudera/oryx/app/speed/als/MockALSInputGenerator.java","2","0","0","2","19","40","0"
"elasticsearch","a518599e27047549347ac58d66d66b7bfd27f988","core/src/test/java/org/elasticsearch/cluster/metadata/MetaDataTests.java","2","0","0","2","20","45","2"
"MapDB","826cbf2b64b9aff4c7983acbe946a979b4f2ce35","src/test/java/org/mapdb/Issue90Test.java","2","0","0","2","21","32","0"
"mcMMO","e9dcb3100278ae2ccb92598f8e05ace2ebd903e2","src/main/java/com/gmail/nossr50/chat/commands/AdminChatCommand.java","2","0","0","2","22","27","0"
"hazelcast","22f447d68679e47111eae7fe9fd2db15956fdf0e","hazelcast/src/test/java/com/hazelcast/internal/memory/impl/TestIgnoreRuleAccordingToUnsafeAvailability.java","2","0","0","2","22","28","0"
"neo4j","30d4bb296ca9e258c15176437d519217e1f66dc6","enterprise/server-enterprise/src/main/java/org/neo4j/server/enterprise/EnterpriseServerConfigLoader.java","2","0","0","2","22","46","0"
"neo4j","3ec0e927cb481a29815bc3237d2e53fd7cadd271","community/lucene-index/src/main/java/org/neo4j/kernel/api/impl/index/DirectorySupport.java","2","0","0","2","22","47","0"
"elasticsearch","b0567d7c1894306690fb3aea8b8b2ebc07f9f441","src/test/java/org/elasticsearch/index/mapper/attachment/test/integration/AttachmentIntegrationTestCase.java","2","0","0","2","22","48","0"
"mcMMO","3b05bb96e36af09bf58f84f3bd49938d7826d807","src/main/java/com/gmail/nossr50/chat/commands/AdminChatCommand.java","2","0","0","2","23","29","0"
"neo4j","269c1c2fa4ded11eb10584c2c5fa55b710cdb1b7","enterprise/server-enterprise/src/main/java/org/neo4j/server/enterprise/EnterpriseBootstrapper.java","2","0","0","2","23","46","1"
"elasticsearch","e424701819b87237e8270c434cf88df390e4c3c8","core/src/test/java/org/elasticsearch/stresstest/leaks/GenericStatsLeak.java","2","0","0","2","23","47","0"
"neo4j","c6df52ac56269552d27f572a2af61ddce5a9095c","enterprise/causal-clustering/src/main/java/org/neo4j/causalclustering/catchup/storecopy/FileChunkHandler.java","2","0","0","2","23","48","0"
"mcMMO","47d27ebf316107ef9386e836ecb8cc0601fc401f","src/main/java/com/gmail/nossr50/commands/party/PartyHelpCommand.java","2","0","0","2","24","30","1"
"elasticsearch","532806af1a8521b11ab60f1a52374c32c7e8b387","core/src/test/java/org/elasticsearch/stresstest/leaks/GenericStatsLeak.java","2","0","0","2","24","48","1"
"neo4j","463c1020e25304b18f99c1246be56f5eb24989fe","community/kernel/src/test/java/org/neo4j/kernel/lifecycle/GitHub1304Test.java","2","0","0","2","24","52","0"
"hazelcast","7812e4cfb5307427c8041eaaed72fb543f28dd47","hazelcast/src/test/java/com/hazelcast/test/DumpBuildInfoOnFailureRule.java","2","0","0","2","25","29","0"
"orientdb","26f0f55812f7fc8466a998911d9a81f3ef4e0cc8","core/src/test/java/com/orientechnologies/orient/core/sql/SQLAlterClassTest.java","2","0","0","2","25","35","0"
"MapDB","2c1a33cc50e3275127d7f3f857a873ce6399096e","src/test/java/org/mapdb/issues/Issue_815.java","2","0","0","2","25","37","0"
"netty","2a6ed67efc4ffb15647313b82e450a3951a6a3bd","example/src/main/java/io/netty/example/http/upload/HttpUploadServerInitializer.java","2","0","0","2","25","51","1"
"mcMMO","3158c7e3eb1faba87c5d79d8feafb966aae6a8ed","src/main/java/com/gmail/nossr50/commands/party/PartyHelpCommand.java","2","0","0","2","26","32","0"
"mcMMO","2ffdd340af434dee79e5ce88b437fe8e6389cad6","src/main/java/com/gmail/nossr50/commands/party/PartyHelpCommand.java","2","0","0","2","26","32","0"
"mcMMO","d63c3fc6d0849c37d4eeac664cf4ff37b9bd5f21","src/main/java/com/gmail/nossr50/commands/party/PartyHelpCommand.java","2","0","0","2","26","32","1"
"MapDB","f0034d3776b5df5f78a28d6bd156f13c6b865cf2","src/test/java/org/mapdb/Issue312Test.java","2","0","0","2","26","35","0"
"MapDB","479c6dc69e61ae1f4cd39f1810de0fa51c5751db","src/test/java/org/mapdb/Issue517Test.java","2","0","0","2","26","38","0"
"hazelcast","85c2c5b08ea67c2380367670f35bfb918fa1273f","hazelcast/src/main/java/com/hazelcast/util/executor/SingleExecutorThreadFactory.java","2","0","0","2","26","51","2"
"hazelcast","1762467554730e712d3e27dde9bd12b8bfa8929d","hazelcast/src/test/java/com/hazelcast/internal/memory/impl/TestIgnoreRuleAccordingToUnsafeAvailability.java","2","0","0","2","27","38","0"
"hazelcast","1d391b8702de52401643cc1d81fda8ce6ff4c2a0","hazelcast/src/test/java/com/hazelcast/ringbuffer/impl/RingbufferBasicDistributedTest.java","2","0","0","2","27","51","0"
"orientdb","5e1effffad30185034ceb6336be4b4c38de4e266","core/src/test/java/com/orientechnologies/orient/core/metadata/security/TestReaderDropClass.java","2","0","0","2","28","35","0"
"hazelcast","6d633b852337a43a023ca98d67de952e1810b34a","hazelcast/src/test/java/com/hazelcast/collection/impl/set/SetBasicDistributedTest.java","2","0","0","2","28","36","0"
"neo4j","a04647bfc5aa68f9ae564e6c4930330c71aa5d40","enterprise/causal-clustering/src/test/java/org/neo4j/causalclustering/catchup/storecopy/CopiedStoreRecoveryTest.java","2","0","0","2","28","57","0"
"hazelcast","21586825d367940e1c79cf289e97310daab1200d","hazelcast/src/test/java/com/hazelcast/query/impl/getters/ReflectionHelperTest.java","2","0","0","2","29","43","1"
"hazelcast","a4035afdfc67b757940a15578bc51b4e7b6b0b13","hazelcast/src/main/java/com/hazelcast/client/impl/protocol/task/AbstractAllPartitionsMessageTask.java","2","0","0","2","29","53","0"
"elasticsearch","8e742c2096dad1e87e88719902b961e2b7100fa6","src/test/java/org/elasticsearch/action/indexedscripts/get/GetIndexedScriptRequestTests.java","2","0","0","2","29","57","0"
"hazelcast","d38202141395360399c9cf97d4453adf5b1581e1","hazelcast/src/main/java/com/hazelcast/client/impl/protocol/task/AbstractAllPartitionsMessageTask.java","2","0","0","2","30","54","1"
"elasticsearch","adc0807c686b37bf1d96bd3eb9d26face380fe44","src/test/java/org/elasticsearch/action/admin/cluster/tasks/PendingTasksBlocksTests.java","2","0","0","2","30","58","0"
"hazelcast","772b5217030e0fb94bf07a00d9b5e7b275a82030","hazelcast/src/test/java/com/hazelcast/query/impl/getters/ReflectionHelperTest.java","2","0","0","2","31","42","0"
"hazelcast","a659332f75af63da1b89962057e75103c7684900","hazelcast-client/src/test/java/com/hazelcast/client/cache/ClientCacheCreationTest.java","2","0","0","2","31","55","0"
"antlr4","29c2712ae1eee9575324db48c2f72c7cb0d28308","tool/test/org/antlr/v4/test/tool/TestScopeParsing.java","2","0","0","2","31","68","0"
"elasticsearch","319ca8251013be5e2dbec987a716b8e5ea80e4ed","core/src/test/java/org/elasticsearch/search/aggregations/pipeline/bucketmetrics/ExtendedStatsBucketTests.java","2","0","0","2","32","60","0"
"orientdb","94ee907e12dfcf42cf1c0f5f45748de3e003ba6e","distributed/src/test/java/com/orientechnologies/orient/server/distributed/TestDistributeConfigSerialization.java","2","0","0","2","33","41","0"
"elasticsearch","25fd9e26c4fb042d6f6dea14efcd239577bdbbc4","client/client-benchmark-noop-api-plugin/src/main/java/org/elasticsearch/plugin/noop/action/bulk/TransportNoopBulkAction.java","2","0","0","2","33","57","0"
"MapDB","96e6d57e538c40f46bdf5b20ebb2efcf08fa97ae","src/test/java/org/mapdb/issues/Issue800.java","2","0","0","2","34","46","0"
"elasticsearch","4b94eb5cb8cc4294ed0e932a5f22c16bd90d4dd7","client/client-benchmark-noop-api-plugin/src/main/java/org/elasticsearch/plugin/noop/action/bulk/TransportNoopBulkAction.java","2","0","0","2","34","58","2"
"elasticsearch","860efb2ad28db09189c8423e05d0dba53010259c","client/client-benchmark-noop-api-plugin/src/main/java/org/elasticsearch/plugin/noop/action/bulk/TransportNoopBulkAction.java","2","0","0","2","34","58","2"
"netty","e6ca9882a107c34cf6358c8d7a68561025f06016","codec-http2/src/test/java/io/netty/handler/codec/http2/DefaultHttp2HeadersTest.java","2","0","0","2","34","58","1"
"elasticsearch","d3417fb02291f26964d77767020ef345d18c148f","client/client-benchmark-noop-api-plugin/src/main/java/org/elasticsearch/plugin/noop/action/bulk/TransportNoopBulkAction.java","2","0","0","2","34","58","0"
"neo4j","cdda46d2875877b744ca96417f56dd749aec1500","enterprise/server-enterprise/src/main/java/org/neo4j/server/enterprise/EnterpriseBootstrapper.java","2","0","0","2","34","60","0"
"neo4j","d5fff5e078ab50c257cd55a7cd82be15f2783919","community/kernel/src/test/java/org/neo4j/kernel/impl/pagecache/StandalonePageCacheFactoryTest.java","2","0","0","2","35","65","0"
"netty","8271c8afccf7eb21bf6f994b5f3565f6d55bdee4","codec-dns/src/test/java/io/netty/handler/codec/dns/DnsQueryTest.java","2","0","0","2","36","58","0"
"elasticsearch","11fab5c66f64045528d540d8958ea09bc5020d52","src/test/java/org/elasticsearch/test/unit/common/xcontent/support/XContentHelperTests.java","2","0","0","2","36","70","0"
"orientdb","be59753adaf714c973109445629f563a7b0bc840","graphdb/src/test/java/com/orientechnologies/orient/graph/sql/TestDeleteEdge.java","2","0","0","2","37","50","1"
"neo4j","8a31284a00600fe653939a9b2206e0382deded40","enterprise/security/src/test/java/org/neo4j/server/security/enterprise/auth/integration/bolt/EnterpriseAuthenticationIT.java","2","0","0","2","37","66","0"
"neo4j","9c79c33600e5511ac1320496d1bdd614808a973c","enterprise/core-edge/src/test/java/org/neo4j/coreedge/raft/log/segmented/SizeBasedLogPruningStrategyTest.java","2","0","0","2","38","64","1"
"elasticsearch","adc0807c686b37bf1d96bd3eb9d26face380fe44","src/test/java/org/elasticsearch/indices/settings/GetSettingsBlocksTests.java","2","0","0","2","39","66","0"
"elasticsearch","432628086fcbd09275013600ac0a112323c109ac","src/test/java/org/elasticsearch/test/unit/index/analysis/NumericAnalyzerTests.java","2","0","0","2","39","67","0"
"elasticsearch","4986817c6d9401585b6931a84044b0815c60be3a","core/src/test/java/org/elasticsearch/indices/settings/GetSettingsBlocksIT.java","2","0","0","2","40","66","2"
"orientdb","478cce509623a094936c4fbcb181c697e152b548","graphdb/src/test/java/com/tinkerpop/blueprints/impls/orient/OrientDeleteEdgeTest.java","2","0","0","2","41","54","0"
"orientdb","5efc3c9900df6c43804a41d2a6bb9b56de661286","graphdb/src/test/java/com/tinkerpop/blueprints/impls/orient/OrientDeleteEdgeTest.java","2","0","0","2","41","55","0"
"elasticsearch","0a69f1e283e26e5d9e6a000b68b9f4778de557a1","core/src/test/java/org/elasticsearch/indices/settings/GetSettingsBlocksIT.java","2","0","0","2","41","67","2"
"elasticsearch","3f9c0fbb58ad2120cbc800d424f4365be287e349","core/src/test/java/org/elasticsearch/indices/settings/GetSettingsBlocksIT.java","2","0","0","2","41","67","1"
"elasticsearch","5a64f08f048461a63a0ca1354a5050c954e63d52","core/src/test/java/org/elasticsearch/indices/settings/GetSettingsBlocksIT.java","2","0","0","2","41","67","0"
"hazelcast","287ce2a807b5697e12a97529d63fa3387e06aace","hazelcast/src/test/java/com/hazelcast/map/mapstore/writebehind/WriteBehindWriteBatchingTest.java","2","0","0","2","42","53","0"
"hazelcast","4a488992e08798ae42140d1bfbe29ade0b957d40","hazelcast/src/test/java/com/hazelcast/map/mapstore/writebehind/WriteBehindWriteBatchingTest.java","2","0","0","2","42","54","1"
"netty","445a5472651cd6257af43adccdc1b002cb5f8a94","transport/src/test/java/io/netty/bootstrap/ServerBootstrapTest.java","2","0","0","2","42","63","1"
"hazelcast","48d489db55bbda962dc43aede089d7ad5769b5c3","hazelcast/src/test/java/com/hazelcast/instance/LifeCycleListenerTest.java","2","0","0","2","42","68","1"
"hazelcast","a65cac7cdaf9c4c2b8fe1a1eb42e1ee358d75265","hazelcast/src/test/java/com/hazelcast/map/impl/querycache/QueryCacheMemoryLeakTest.java","2","0","0","2","42","69","0"
"hazelcast","8e20fd580ec4e7de4938dc403d1a547e0b9a4001","hazelcast/src/test/java/com/hazelcast/map/mapstore/MapCreationDelayWithMapStoreTest.java","2","0","0","2","43","73","0"
"netty","63a02fc04e6ce45aee38b0437ae0279880e5fe40","codec-dns/src/test/java/io/netty/handler/codec/dns/DnsQueryTest.java","2","0","0","2","44","69","0"
"elasticsearch","5b8b15e729d022ac816098c40f401ba25ce7e2e0","core/src/test/java/org/elasticsearch/http/netty/NettyPipeliningEnabledIT.java","2","0","0","2","44","75","0"
"elasticsearch","5eeac2fdf6c108e2f9b6305b6577a77e5290ad9e","src/test/java/org/elasticsearch/http/netty/NettyPipeliningEnabledIntegrationTest.java","2","0","0","2","44","75","0"
"elasticsearch","a77c68ba0efccbaa9628e371cf37ee3d156e48a3","core/src/test/java/org/elasticsearch/http/netty/NettyPipeliningEnabledIT.java","2","0","0","2","44","75","1"
"elasticsearch","976152b23e2fe0b658b5b7c3ed225ff76b0a798b","src/test/java/org/elasticsearch/test/integration/indices/settings/UpdateSettingsTests.java","2","0","0","2","45","79","2"
"orientdb","ee62b107e51e2599e3ec8b32250a83f4849e0fbb","graphdb/src/test/java/com/orientechnologies/orient/core/index/TestIndexFailUpdate.java","2","0","0","2","46","56","0"
"orientdb","ed997a0b33a876864cb78a87d20bb16addefa27b","graphdb/src/test/java/com/tinkerpop/blueprints/impls/orient/OrientVertexWithEmbeddedListTest.java","2","0","0","2","47","56","0"
"neo4j","c017fc0e8de10a63ebca559d45a0dd7ffe97a458","community/server/src/test/java/org/neo4j/server/NeoServerPortConflictDocIT.java","2","0","0","2","47","75","1"
"hazelcast","5f7d9567bd38e5011ce2535b13b76679190e52e8","hazelcast/src/test/java/com/hazelcast/internal/cluster/impl/MembershipFailureTest_withTCP.java","2","0","0","2","47","76","0"
"hazelcast","80b48eae6977e3bb9cc419aedd376867599bb25f","hazelcast/src/test/java/com/hazelcast/internal/cluster/impl/MembershipFailureTest_withTCP.java","2","0","0","2","48","77","0"
"elasticsearch","07569b48086547bab27ccf94391bba83545d9897","src/test/java/org/elasticsearch/test/integration/indices/settings/UpdateSettingsTests.java","2","0","0","2","49","85","1"
"hazelcast","77bf666fd9c23d8e896d84e6ea0f9df6179b2023","hazelcast-hibernate/hazelcast-hibernate3/src/test/java/com/hazelcast/hibernate/region/HazelcastQueryResultsRegionTest.java","2","0","0","2","50","71","0"
"elasticsearch","5f4c6b04c855a7e56f5308cd8072aefcb0c19373","src/test/java/org/elasticsearch/action/support/ListenableActionFutureTests.java","2","0","0","2","50","77","0"
"hazelcast","bef9eaaee45912483a17edfa9bf8c70c0d515419","hazelcast/src/test/java/com/hazelcast/concurrent/countdownlatch/CountDownLatchSplitBrainTest.java","2","0","0","2","52","75","0"
"hazelcast","99f8e665948cf4e5181b3f7ba98334e3b3ee6e16","hazelcast-cloud/src/test/java/com/hazelcast/cluster/TcpIpJoinerOverAWSTest.java","2","0","0","2","53","80","0"
"elasticsearch","a596459ed6580883e83922abffd6651705ff0c1e","src/test/java/org/elasticsearch/index/engine/InternalEngineSettingsTest.java","2","0","0","2","53","91","2"
"hazelcast","d1619d49557f0bb491b57b62b2eb361776594378","hazelcast/src/test/java/com/hazelcast/executor/ExecutorTest.java","2","0","0","2","54","63","0"
"orientdb","784864c5fc64721ed9c5a1fc30ac7be3ee97b023","graphdb/src/test/java/com/orientechnologies/orient/graph/sql/TestGraphUnwindOut.java","2","0","0","2","54","65","0"
"hazelcast","8b6165c72d0e5899fb97f09acb2a32b9f5f32372","hazelcast/src/test/java/com/hazelcast/executor/ExecutorTest.java","2","0","0","2","54","65","0"
"hazelcast","389c25b47e3424ed9556cca74928774f21c029c4","hazelcast/src/test/java/com/hazelcast/executor/ExecutorTest.java","2","0","0","2","54","65","1"
"elasticsearch","952feb58e41bd0220784c44136b840ea4a740e26","core/src/main/java/org/elasticsearch/search/aggregations/bucket/histogram/HistogramAggregatorFactory.java","2","0","0","2","54","83","1"
"neo4j","0ee64611da3ec59a112900276491b100b8b8cc59","enterprise/ha/src/main/java/org/neo4j/kernel/ha/cluster/modeswitch/LockManagerSwitcher.java","2","0","0","2","56","83","0"
"neo4j","6eabd27b55177dfd0f40b5c796235b9ec0c7aae6","enterprise/ha/src/main/java/org/neo4j/kernel/ha/cluster/modeswitch/LockManagerSwitcher.java","2","0","0","2","56","83","0"
"neo4j","91330789762d74029c03f3158cbe4c49ec28e477","enterprise/ha/src/main/java/org/neo4j/kernel/ha/cluster/modeswitch/LockManagerSwitcher.java","2","0","0","2","56","83","1"
"elasticsearch","ce89039926da6550a6d69b4176ceebe8aebdde6e","core/src/test/java/org/elasticsearch/index/query/QueryShardContextTests.java","2","0","0","2","56","84","0"
"elasticsearch","821021f0e478ca44d828e62c139ea19f0fd7290a","core/src/main/java/org/elasticsearch/action/search/type/TransportSearchScanAction.java","2","0","0","2","56","87","0"
"neo4j","06fd5597f34a8b9df1c31cbada46d7d37a7e8b4a","community/kernel/src/test/java/org/neo4j/kernel/impl/store/RelationshipGroupStoreIT.java","2","0","0","2","58","89","0"
"elasticsearch","8fe4bc1b743e970e64157c0fa7a5b415cfecb1cf","core/src/test/java/org/elasticsearch/cluster/routing/allocation/SameShardRoutingTests.java","2","0","0","2","58","90","1"
"neo4j","fd58f78ee7e63b03b71e392f12c42f3b13d95a47","enterprise/ha/src/main/java/org/neo4j/kernel/ha/cluster/modeswitch/LockManagerSwitcher.java","2","0","0","2","59","87","1"
"neo4j","1bc04c4e88b87bc2e10a07cbe4bd5c8c984e9fc9","community/lucene-index/src/test/java/org/neo4j/kernel/impl/event/TestTransactionEventsWithIndexes.java","2","0","0","2","59","93","0"
"hazelcast","22bdfcfa23a11ee774cc8c5b6308c0925c660aab","hazelcast/src/test/java/com/hazelcast/map/MapTransactionStressTest.java","2","0","0","2","64","76","1"
"hazelcast","47a44ef83f429382b9b9033f81a8c7297e51ab03","hazelcast/src/test/java/com/hazelcast/map/impl/querycache/EvictionTest.java","2","0","0","2","65","100","0"
"hazelcast","b3a45d9908bab4174b09d59385a02ff3ed7eada1","hazelcast/src/test/java/com/hazelcast/map/impl/querycache/EvictionTest.java","2","0","0","2","66","100","1"
"elasticsearch","20ff703e07c692c5e68e6b30a6e6413a34dd10a7","core/src/test/java/org/elasticsearch/search/indicesboost/SimpleIndicesBoostSearchIT.java","2","0","0","2","71","108","1"
"hazelcast","d1e1ba37223ce03b2f3696cff6335d62c22126f7","hazelcast/src/test/java/com/hazelcast/map/mapstore/writebehind/WriteBehindFailAndRetryTest.java","2","0","0","2","71","116","0"
"hazelcast","79fdc313fdf597d5cde49180f82cb6d0ed07e6e0","hazelcast/src/test/java/com/hazelcast/map/mapstore/writebehind/WriteBehindFailAndRetryTest.java","2","0","0","2","72","117","1"
"elasticsearch","0a69f1e283e26e5d9e6a000b68b9f4778de557a1","plugins/analysis-stempel/src/test/java/org/elasticsearch/index/analysis/SimplePolishTokenFilterTests.java","2","0","0","2","73","109","2"
"elasticsearch","5a64f08f048461a63a0ca1354a5050c954e63d52","plugins/analysis-stempel/src/test/java/org/elasticsearch/index/analysis/SimplePolishTokenFilterTests.java","2","0","0","2","76","112","0"
"neo4j","a93c570faa774c1a40b635b6a3e6d8ccb61a99e8","community/kernel/src/test/java/org/neo4j/kernel/impl/api/KernelTest.java","2","0","0","2","81","112","1"
"neo4j","868b4d731485023d2f7477e1133dcd5b263c851d","community/kernel/src/test/java/org/neo4j/kernel/impl/api/KernelTest.java","2","0","0","2","84","115","0"
"elasticsearch","4b94eb5cb8cc4294ed0e932a5f22c16bd90d4dd7","core/src/main/java/org/elasticsearch/action/admin/cluster/reroute/TransportClusterRerouteAction.java","2","0","0","2","86","122","2"
"elasticsearch","860efb2ad28db09189c8423e05d0dba53010259c","core/src/main/java/org/elasticsearch/action/admin/cluster/reroute/TransportClusterRerouteAction.java","2","0","0","2","86","122","2"
"elasticsearch","d3417fb02291f26964d77767020ef345d18c148f","core/src/main/java/org/elasticsearch/action/admin/cluster/reroute/TransportClusterRerouteAction.java","2","0","0","2","86","122","0"
"orientdb","524730c27f3ffe74c80b433e579cb466f160c658","core/src/test/java/com/orientechnologies/orient/core/sql/OCommandExecutorSQLScriptTest.java","2","0","0","20","222","281","1"
"hazelcast","edbee17c75b682810983bcb51d57a4eb70d7deca","hazelcast/src/test/java/com/hazelcast/cache/entryprocessor/JCacheEntryProcessorTest.java","2","0","0","20","231","319","1"
"hazelcast","b4a438dba8b4a7151977395f9ca38c21de08cac2","hazelcast/src/test/java/com/hazelcast/query/PredicatesTest.java","2","0","0","20","286","358","0"
"BroadleafCommerce","7da760ada0cf3c3164075c970c90d47e36b4bef4","admin/broadleaf-open-admin-platform/src/main/java/org/broadleafcommerce/openadmin/web/form/entity/EntityFormAction.java","2","0","0","20","93","139","0"
"hazelcast","267657223110ee9fc436f5496e078547d29c6e4c","hazelcast/src/test/java/com/hazelcast/query/PredicatesTest.java","2","0","0","21","297","371","1"
"hazelcast","367b0dbadc9016a1329590b59db6cc04ccef657b","hazelcast/src/test/java/com/hazelcast/query/PredicatesTest.java","2","0","0","21","297","371","3"
"hazelcast","9144e8128c3d271554f7230ee32e4d2e102fe811","hazelcast/src/test/java/com/hazelcast/query/PredicatesTest.java","2","0","0","21","297","371","0"
"hazelcast","8f0bbe84967a11212b66c2ca6051fc473ecb4b6b","hazelcast/src/test/java/com/hazelcast/config/XMLConfigBuilderTest.java","2","0","0","21","323","370","2"
"elasticsearch","82613198fe3b899eb39971469a63862ac2997def","core/src/test/java/org/elasticsearch/rest/RestControllerTests.java","2","0","0","21","431","559","1"
"BroadleafCommerce","3fcccc564d435591c344e775757fbc04e6f86e2f","core/broadleaf-framework/src/main/java/org/broadleafcommerce/core/order/domain/FulfillmentOptionImpl.java","2","0","0","22","148","198","0"
"BroadleafCommerce","e252959d42d78bc8782905905376796c5d1c388c","core/broadleaf-framework/src/main/java/org/broadleafcommerce/core/order/domain/FulfillmentOptionImpl.java","2","0","0","22","148","198","0"
"BroadleafCommerce","793ba6f34b97b01cf4d776b90c06ae3629558475","core/broadleaf-framework/src/main/java/org/broadleafcommerce/core/order/domain/FulfillmentOptionImpl.java","2","0","0","22","148","198","1"
"hazelcast","660bbd97d28d2282bc4ac0bc66a5405e89cd0813","hazelcast-client/src/test/java/com/hazelcast/client/spi/impl/ClientExecutionServiceImplTest.java","2","0","0","22","191","270","0"
"orientdb","45d39cb3be9b3251defd9900cc5786671a9142d3","core/src/test/java/com/orientechnologies/orient/core/sql/OCommandExecutorSQLScriptTest.java","2","0","0","22","241","305","0"
"hazelcast","783151031567d3e41ebcba493c0c6f0f03e8c56e","hazelcast/src/test/java/com/hazelcast/query/PredicatesTest.java","2","0","0","22","304","379","2"
"hazelcast","34a30ebe90a09709a3bb74a1e54b5920dfb9e3ed","hazelcast/src/test/java/com/hazelcast/query/PredicatesTest.java","2","0","0","22","305","380","1"
"neo4j","64c21aefa4c80093bf939fcd2658f6a6ba0fea1d","community/bolt/src/test/java/org/neo4j/bolt/v1/runtime/integration/BoltConnectionIT.java","2","0","0","22","524","739","1"
"hazelcast","6adb137d7e8b6abd4405ab26337072a54017cabc","hazelcast-client/src/test/java/com/hazelcast/client/spi/impl/ClientExecutionServiceImplTest.java","2","0","0","23","195","275","1"
"hazelcast","3e143a05b5f5c32b95b6933ab2bb49aac9ea3fd1","hazelcast/src/test/java/com/hazelcast/query/impl/predicates/PredicatesTest.java","2","0","0","23","327","409","1"
"junit","34e66740b9117ce85cfd416f9e931b2e533ab16e","src/test/java/org/junit/tests/experimental/theories/internal/AllMembersSupplierTest.java","2","0","0","25","125","157","0"
"neo4j","382ee1f43350c348c1129dfc3c8c5610cb95c1d3","community/bolt/src/test/java/org/neo4j/bolt/v1/runtime/integration/BoltConnectionIT.java","2","0","0","26","574","806","0"
"hazelcast","89de1ccda29d0ec91e9625b679072b52b2c31fb8","hazelcast/src/main/java/com/hazelcast/internal/adapter/ReplicatedMapDataStructureAdapter.java","2","0","0","27","138","185","1"
"hazelcast","9cc1be21bcf01770a7e7f8457abd987d6e900af9","hazelcast/src/main/java/com/hazelcast/internal/adapter/ReplicatedMapDataStructureAdapter.java","2","0","0","27","139","186","0"
"neo4j","68aaaadcde195ca43c9aa6373de935aace3d87e8","community/kernel/src/main/java/org/neo4j/unsafe/batchinsert/internal/FileSystemClosingBatchInserter.java","2","0","0","27","157","207","0"
"hazelcast","9cc1be21bcf01770a7e7f8457abd987d6e900af9","hazelcast/src/test/java/com/hazelcast/internal/adapter/ReplicatedMapDataStructureAdapterTest.java","2","0","0","27","162","222","0"
"hazelcast","89de1ccda29d0ec91e9625b679072b52b2c31fb8","hazelcast/src/test/java/com/hazelcast/internal/adapter/ReplicatedMapDataStructureAdapterTest.java","2","0","0","27","163","224","1"
"neo4j","30b42e950ac4a892ad0524ab6d9afe3091be49a4","enterprise/kernel/src/main/java/org/neo4j/kernel/impl/enterprise/SecurityLog.java","2","0","0","27","170","224","1"
"neo4j","d4187298f74a835315180b2ca3a716a6caddea0c","community/primitive-collections/src/test/java/org/neo4j/collection/primitive/hopscotch/PrimitiveLongMapTest.java","2","0","0","28","1110","1272","1"
"hazelcast","0457a081641d0a769e18ca3bec7cfe0191ee8cfc","hazelcast/src/test/java/com/hazelcast/cache/CacheConfigTest.java","2","0","0","28","245","308","2"
"hazelcast","0f81beb7a6ca58904d4b84947d3563d17e06eb43","hazelcast/src/test/java/com/hazelcast/cache/CacheConfigTest.java","2","0","0","28","245","308","1"
"hazelcast","d14eb6eccf619d86fec48e8705be10ae68ae6951","hazelcast/src/test/java/com/hazelcast/cache/CacheConfigTest.java","2","0","0","28","245","308","0"
"hazelcast","1f042b8c4a4245594691bb6d85a66ceed9b43068","hazelcast/src/test/java/com/hazelcast/concurrent/lock/LockSplitBrainTest.java","2","0","0","3","102","130","1"
"hazelcast","362ce44e73e61c0a55d1b2cef8314c1adc241ec9","hazelcast/src/test/java/com/hazelcast/concurrent/lock/LockSplitBrainTest.java","2","0","0","3","102","130","1"
"hazelcast","70d4de16ff0ac4518d09aad8c9f2ad9e782fb337","hazelcast/src/test/java/com/hazelcast/concurrent/lock/LockSplitBrainTest.java","2","0","0","3","102","130","2"
"hazelcast","eae5aabe2df5d86740f725387d4b9c32fb6d5495","hazelcast/src/test/java/com/hazelcast/concurrent/lock/LockSplitBrainTest.java","2","0","0","3","102","130","1"
"hazelcast","2921cff694583b8638dae2991f427e61d5440a9d","hazelcast/src/test/java/com/hazelcast/concurrent/lock/LockSplitBrainTest.java","2","0","0","3","102","130","0"
"hazelcast","584996c0c9a11facf995848e53a5a2ef79a3889a","hazelcast/src/test/java/com/hazelcast/concurrent/lock/LockSplitBrainTest.java","2","0","0","3","102","130","0"
"hazelcast","d568e4d926d925d57d4e79e34614390416749301","hazelcast/src/test/java/com/hazelcast/concurrent/lock/LockSplitBrainTest.java","2","0","0","3","102","130","0"
"neo4j","11bbfe1f703ae5394fc34eee759bc7509c4c10ff","community/kernel/src/test/java/org/neo4j/kernel/RecoveryIT.java","2","0","0","3","106","149","1"
"neo4j","52b6eaa59b49e1b38ad64733e1ab8d5226de7999","community/kernel/src/test/java/org/neo4j/kernel/RecoveryIT.java","2","0","0","3","106","150","0"
"neo4j","e06e0743298e541f04d572d78b17fb2b2594534d","community/kernel/src/test/java/org/neo4j/kernel/RecoveryIT.java","2","0","0","3","107","151","0"
"hazelcast","1bdd7b1dfedb13853314bb2abdd57ab496f33be2","hazelcast/src/test/java/com/hazelcast/concurrent/semaphore/SemaphoreSplitBrainTest.java","2","0","0","3","110","140","1"
"hazelcast","1f042b8c4a4245594691bb6d85a66ceed9b43068","hazelcast/src/test/java/com/hazelcast/concurrent/semaphore/SemaphoreSplitBrainTest.java","2","0","0","3","110","140","1"
"hazelcast","362ce44e73e61c0a55d1b2cef8314c1adc241ec9","hazelcast/src/test/java/com/hazelcast/concurrent/semaphore/SemaphoreSplitBrainTest.java","2","0","0","3","110","140","1"
"hazelcast","eae5aabe2df5d86740f725387d4b9c32fb6d5495","hazelcast/src/test/java/com/hazelcast/concurrent/semaphore/SemaphoreSplitBrainTest.java","2","0","0","3","110","140","1"
"hazelcast","2921cff694583b8638dae2991f427e61d5440a9d","hazelcast/src/test/java/com/hazelcast/concurrent/semaphore/SemaphoreSplitBrainTest.java","2","0","0","3","110","140","0"
"hazelcast","584996c0c9a11facf995848e53a5a2ef79a3889a","hazelcast/src/test/java/com/hazelcast/concurrent/semaphore/SemaphoreSplitBrainTest.java","2","0","0","3","110","140","0"
"hazelcast","72f10e937c2941afb29b702c9a5cf815893d5602","hazelcast/src/test/java/com/hazelcast/concurrent/semaphore/SemaphoreSplitBrainTest.java","2","0","0","3","110","140","0"
"elasticsearch","298cf1cf21b7f1fe0077daf185a8a66267f56ea4","core/src/test/java/org/elasticsearch/search/geo/GeoDistanceIT.java","2","0","0","3","115","160","1"
"neo4j","2fb8aea71a2d50c63f1407b9e975c5e8cbf325dc","community/kernel/src/test/java/org/neo4j/kernel/impl/api/integrationtest/KernelIntegrationTest.java","2","0","0","3","134","172","2"
"neo4j","1b3aad3b619bd72c2c9f79bb7edf642c5dc56a6f","community/kernel/src/test/java/org/neo4j/kernel/impl/api/integrationtest/KernelIntegrationTest.java","2","0","0","3","138","177","1"
"elasticsearch","634ce90dc06f20888a4ff655985a6baccf25a7db","core/src/test/java/org/elasticsearch/action/search/SearchPhaseExecutionExceptionTests.java","2","0","0","3","140","177","0"
"elasticsearch","ec1afe30ea9c34f7d63da273a3077c28a4849e4f","core/src/test/java/org/elasticsearch/action/search/SearchPhaseExecutionExceptionTests.java","2","0","0","3","140","177","0"
"elasticsearch","977712f9773c3eecea3958a5b8ddf934207775a6","core/src/test/java/org/elasticsearch/action/search/SearchPhaseExecutionExceptionTests.java","2","0","0","3","140","177","2"
"neo4j","2dce9b701631b41aa14f4d8ff186c708b57abd1e","enterprise/security/src/test/java/org/neo4j/server/security/enterprise/auth/EmbeddedBuiltInProceduresInteractionTest.java","2","0","0","3","141","190","1"
"neo4j","3ea1d3f5e4ec90ae32ab077bb7b12fd3dc37d4da","community/kernel/src/test/java/org/neo4j/kernel/impl/api/integrationtest/KernelIntegrationTest.java","2","0","0","3","145","185","0"
"neo4j","8a31284a00600fe653939a9b2206e0382deded40","enterprise/security/src/test/java/org/neo4j/server/security/enterprise/auth/EmbeddedBuiltInProceduresInteractionTest.java","2","0","0","3","145","194","0"
"neo4j","b070962e9b00726d50df951106225fa252b7efeb","enterprise/security/src/test/java/org/neo4j/server/security/enterprise/auth/EmbeddedBuiltInProceduresInteractionTest.java","2","0","0","3","145","194","0"
"neo4j","c53aab6d4de8c83eda42c64474ec13aa7ecb25f3","enterprise/security/src/test/java/org/neo4j/server/security/enterprise/auth/EmbeddedBuiltInProceduresInteractionTest.java","2","0","0","3","145","194","1"
"junit","688854ba468c53884b74952f4daf938a99c44e8c","src/main/java/org/junit/internal/InexactComparisonCriteria.java","2","0","0","3","18","23","0"
"hazelcast","4c415e68c9c9c23d4b5d8ca953cded50e54e384a","hazelcast/src/test/java/com/hazelcast/client/protocol/ClientExceptionFactoryTest.java","2","0","0","3","181","208","0"
"netty","8579f09c594f69870115c019655c98cba5ad47ee","transport/src/main/java/io/netty/channel/socket/ChannelRunnableWrapper.java","2","0","0","3","19","43","1"
"elasticsearch","7a84b94e29d345132e69b13200bb58306a22f9d9","src/main/java/org/elasticsearch/index/analysis/PreBuiltTokenFilterFactoryFactory.java","2","0","0","3","20","45","1"
"elasticsearch","7a84b94e29d345132e69b13200bb58306a22f9d9","src/main/java/org/elasticsearch/index/analysis/PreBuiltCharFilterFactoryFactory.java","2","0","0","3","20","46","1"
"neo4j","cc70fd2dec3bdb31ecd79c7e164b1b11b85a77c2","community/neo4j-harness/src/main/java/org/neo4j/harness/internal/HarnessRegisteredProcs.java","2","0","0","3","21","46","1"
"elasticsearch","7a84b94e29d345132e69b13200bb58306a22f9d9","src/main/java/org/elasticsearch/index/analysis/PreBuiltTokenizerFactoryFactory.java","2","0","0","3","21","47","1"
"hazelcast","70d4de16ff0ac4518d09aad8c9f2ad9e782fb337","hazelcast/src/main/java/com/hazelcast/map/impl/query/QueryEntryFactory.java","2","0","0","3","22","43","1"
"neo4j","a93c570faa774c1a40b635b6a3e6d8ccb61a99e8","community/lucene-index/src/main/java/org/neo4j/index/impl/lucene/IndexClockCache.java","2","0","0","3","22","45","1"
"neo4j","c8fe3617f9a1395c358849b0fb4474c62f945aa6","community/lucene-index/src/main/java/org/neo4j/index/impl/lucene/legacy/IndexClockCache.java","2","0","0","3","22","45","1"
"neo4j","868b4d731485023d2f7477e1133dcd5b263c851d","community/lucene-index/src/main/java/org/neo4j/index/impl/lucene/IndexClockCache.java","2","0","0","3","22","45","0"
"neo4j","f13efebd3b366abe29b2da79819eda5d5e365bd6","community/lucene-index/src/main/java/org/neo4j/index/impl/lucene/legacy/IndexClockCache.java","2","0","0","3","22","46","0"
"elasticsearch","f37815a53bb739bc34381e2b7905760b7cae43f8","src/main/java/org/elasticsearch/search/aggregations/bucket/significant/heuristics/TransportSignificantTermsHeuristicModule.java","2","0","0","3","22","51","0"
"hazelcast","d568e4d926d925d57d4e79e34614390416749301","hazelcast/src/main/java/com/hazelcast/map/impl/query/QueryEntryFactory.java","2","0","0","3","23","44","0"
"hazelcast","21c679e8a1c8226ecb3d7597b48a6bbd2d011a52","hazelcast-wm/src/main/java/com/hazelcast/web/SessionListener.java","2","0","0","3","23","47","1"
"elasticsearch","7f74a620a1b58737e09cc1718153611e6efb8eb2","plugins/analysis-kuromoji/src/main/java/org/elasticsearch/index/analysis/KuromojiPartOfSpeechFilterFactory.java","2","0","0","3","23","50","1"
"oryx","0e536a808244ffd416c047e7c365d4f055ea1b8a","framework/oryx-lambda/src/test/java/com/cloudera/oryx/lambda/AbstractSparkIT.java","2","0","0","3","24","47","0"
"neo4j","990fe648c6b49f319a515dd6b0757553c483ab11","enterprise/ha/src/test/java/org/neo4j/ha/upgrade/MasterClientTest.java","2","0","0","3","243","306","0"
"neo4j","cc0ba94bf17cf529234b73be115bf369e7de0c55","enterprise/ha/src/test/java/org/neo4j/ha/upgrade/MasterClientTest.java","2","0","0","3","245","306","0"
"hazelcast","1b24dfd09e973a0a5ac02b1fd118a1acdf5987ba","hazelcast-wm/src/main/java/com/hazelcast/web/WebDataSerializerHook.java","2","0","0","3","25","32","0"
"BroadleafCommerce","062222dcb20687fb800579a945528ef362dda7d6","core/broadleaf-framework-web/src/main/java/org/broadleafcommerce/core/web/checkout/validator/ShippingInfoFormValidator.java","2","0","0","3","25","52","0"
"netty","9125060752f5124949e55a6868647c75f88cdb01","example/src/main/java/io/netty/example/http/upload/HttpUploadServerInitializer.java","2","0","0","3","25","53","0"
"elasticsearch","f37815a53bb739bc34381e2b7905760b7cae43f8","src/main/java/org/elasticsearch/search/aggregations/bucket/significant/heuristics/SignificantTermsHeuristicModule.java","2","0","0","3","25","54","0"
"antlr4","29c2712ae1eee9575324db48c2f72c7cb0d28308","tool/test/org/antlr/v4/test/rt/gen/TestMethod.java","2","0","0","3","26","35","0"
"elasticsearch","e1e17b3bfec22e4748e9b014414235f8e0441b17","test/framework/src/main/java/org/elasticsearch/transport/MockTransportClient.java","2","0","0","3","26","52","1"
"elasticsearch","7184cf8b5b34f4f25a92f35bf690ce3faf4baa70","plugins/analysis-kuromoji/src/main/java/org/elasticsearch/index/analysis/KuromojiPartOfSpeechFilterFactory.java","2","0","0","3","26","53","0"
"netty","9125060752f5124949e55a6868647c75f88cdb01","example/src/main/java/io/netty/example/http/snoop/HttpSnoopClientInitializer.java","2","0","0","3","26","58","0"
"elasticsearch","2791c699601f7294fa342b51eb27f4266dc1acb2","plugins/analysis-stempel/src/main/java/org/elasticsearch/index/analysis/pl/PolishStemTokenFilterFactory.java","2","0","0","3","27","55","2"
"hazelcast","bab7f1c1ba3f3d6d5cbd04e858e99a3955bfe7b9","hazelcast-client/src/main/java/com/hazelcast/client/spi/impl/discovery/DiscoveryAddressProvider.java","2","0","0","3","29","54","0"
"netty","d293e6c3898f7254ad6a043f166fb076c8fe3647","example/src/main/java/io/netty/example/http/snoop/HttpSnoopClientInitializer.java","2","0","0","3","29","64","0"
"elasticsearch","2b3760f78b26817b5a2030aa27b1ddf2f17462f6","qa/smoke-test-http/src/test/java/org/elasticsearch/http/TestResponseHeaderRestAction.java","2","0","0","3","30","53","1"
"hazelcast","14cd049f230a8c5c201817964e7bcda15158e01c","hazelcast/src/main/java/com/hazelcast/scheduledexecutor/impl/ScheduledExecutorMemberBin.java","2","0","0","3","30","56","0"
"hazelcast","daa082f6c3ad48a8a02c7593d35cb344c996bc25","hazelcast-client/src/test/java/com/hazelcast/client/cache/impl/ClientCacheCreateUseDestroyTest.java","2","0","0","3","31","56","0"
"elasticsearch","2b3760f78b26817b5a2030aa27b1ddf2f17462f6","core/src/main/java/org/elasticsearch/rest/action/admin/cluster/RestDeleteStoredScriptAction.java","2","0","0","3","31","58","1"
"elasticsearch","51d53791fe71c9cb62bc992588a57cdfb500383f","core/src/main/java/org/elasticsearch/rest/action/admin/cluster/RestDeleteStoredScriptAction.java","2","0","0","3","31","59","0"
"elasticsearch","9cb55138c77d902a617a7ab5ca9d6b9f8950a5e8","src/main/java/org/elasticsearch/index/analysis/PatternCaptureGroupTokenFilterFactory.java","2","0","0","3","31","61","0"
"elasticsearch","429e517476d95e50ecb9d73d58e5013bd2158e7d","test/framework/src/main/java/org/elasticsearch/test/client/NoOpClient.java","2","0","0","3","32","58","1"
"elasticsearch","51d53791fe71c9cb62bc992588a57cdfb500383f","core/src/main/java/org/elasticsearch/rest/action/cat/RestCatAction.java","2","0","0","3","32","60","0"
"neo4j","b02b8e7cff33b8e0e157808173cdc6776c113920","community/kernel/src/test/java/org/neo4j/kernel/impl/transaction/xaframework/TransactionCountPruneStrategyTest.java","2","0","0","3","33","73","0"
"elasticsearch","2b3760f78b26817b5a2030aa27b1ddf2f17462f6","modules/reindex/src/main/java/org/elasticsearch/index/reindex/RestRethrottleAction.java","2","0","0","3","34","59","1"
"neo4j","07530adc6e64325f30ad4ef2b4efa48905cff328","enterprise/security/src/main/java/org/neo4j/server/security/enterprise/auth/SecurityProcedures.java","2","0","0","3","34","60","0"
"neo4j","2af6d6d39b6fc99d460c39199563ad2b2998b3cf","enterprise/security/src/main/java/org/neo4j/server/security/enterprise/auth/SecurityProcedures.java","2","0","0","3","34","60","0"
"elasticsearch","f6aec3fdb53d7e3d7693393c25d5c3012efecb07","core/src/test/java/org/elasticsearch/index/mapper/parent/ParentMappingTests.java","2","0","0","3","34","60","0"
"neo4j","a97ff939815b26a201f5a1ef72f9d2fd4777a455","enterprise/security/src/main/java/org/neo4j/server/security/enterprise/auth/SecurityProcedures.java","2","0","0","3","34","60","1"
"elasticsearch","2b3760f78b26817b5a2030aa27b1ddf2f17462f6","core/src/main/java/org/elasticsearch/rest/action/admin/cluster/RestPutStoredScriptAction.java","2","0","0","3","34","60","1"
"elasticsearch","51d53791fe71c9cb62bc992588a57cdfb500383f","core/src/main/java/org/elasticsearch/rest/action/admin/cluster/RestPutStoredScriptAction.java","2","0","0","3","34","61","0"
"elasticsearch","2b3760f78b26817b5a2030aa27b1ddf2f17462f6","modules/lang-mustache/src/main/java/org/elasticsearch/script/mustache/RestRenderSearchTemplateAction.java","2","0","0","3","34","62","1"
"hazelcast","4b37b0ebf8a268dba38bcdd279b2ad087568b60a","hazelcast/src/main/java/com/hazelcast/map/impl/operation/MultipleEntryWithPredicateBackupOperation.java","2","0","0","3","34","63","0"
"netty","ecc01da9ddf18790ac96019710ccaed50133607c","handler/src/test/java/io/netty/handler/ssl/SslHandlerTest.java","2","0","0","3","34","67","0"
"orientdb","b8a1976f0aa1c197fbbd5d189e6495c321cf3e61","server/src/main/java/com/orientechnologies/orient/server/network/protocol/http/command/post/OServerCommandPostDocument.java","2","0","0","3","35","69","1"
"neo4j","b02b8e7cff33b8e0e157808173cdc6776c113920","community/kernel/src/test/java/org/neo4j/kernel/impl/transaction/xaframework/TransactionTimeSpanPruneStrategyTest.java","2","0","0","3","35","74","0"
"hazelcast","485e00e792090fd60dd1dec674665168dc5f64e1","hazelcast/src/test/java/com/hazelcast/query/impl/getters/ReflectionHelperTest.java","2","0","0","3","36","53","0"
"elasticsearch","51d53791fe71c9cb62bc992588a57cdfb500383f","modules/reindex/src/main/java/org/elasticsearch/index/reindex/RestRethrottleAction.java","2","0","0","3","36","62","0"
"BroadleafCommerce","cd4dba4517e56b14042e5ed1567e933ca3904efd","core/broadleaf-framework/src/main/java/org/broadleafcommerce/core/order/service/workflow/update/options/UpdateProductOptionsOrderItemActivity.java","2","0","0","3","36","67","0"
"orientdb","02ac677170df8ac7ea44599b30aba0788cf53d00","server/src/main/java/com/orientechnologies/orient/server/network/protocol/http/command/post/OServerCommandPostDocument.java","2","0","0","3","36","70","0"
"hazelcast","d3c556847ab7965ffad0418c7eb78cae0dd11eb7","hazelcast/src/test/java/com/hazelcast/ringbuffer/impl/RingbufferMigrationTest.java","2","0","0","3","37","49","1"
"hazelcast","ca17c50d209689411ebcdca1d04299fdb5a758e8","hazelcast-client/src/test/java/com/hazelcast/client/scheduledexecutor/ClientScheduledExecutorServiceSlowTest.java","2","0","0","3","37","62","0"
"elasticsearch","acb07c72b9d2fd6e21f9710ffbdf4573c01c9f22","src/main/java/org/elasticsearch/search/aggregations/pipeline/SiblingPipelineAggregator.java","2","0","0","3","37","66","1"
"orientdb","40eeb1f2dd529f467d5854913f0df623963a7038","server/src/main/java/com/orientechnologies/orient/server/network/protocol/http/command/post/OServerCommandPostDocument.java","2","0","0","3","37","71","0"
"elasticsearch","e0aa481bf5426aeb12076f6b1346357073374f05","test-framework/src/main/java/org/elasticsearch/index/MapperTestUtils.java","2","0","0","3","38","64","0"
"orientdb","c3943915a7ca022d85b4aea72942208d7cf621c4","server/src/main/java/com/orientechnologies/orient/server/network/protocol/http/command/post/OServerCommandPostDocument.java","2","0","0","3","38","72","1"
"elasticsearch","e1efd5f6baf8dec1c23c79b346b8a29f234a98bb","core/src/test/java/org/elasticsearch/monitor/process/ProcessProbeTests.java","2","0","0","3","38","73","0"
"MapDB","a4f891de80046f93d14a89a8f23467081a31a5b2","src/test/java/org/mapdb/StoreTest.java","2","0","0","3","39","53","0"
"elasticsearch","51d53791fe71c9cb62bc992588a57cdfb500383f","modules/reindex/src/main/java/org/elasticsearch/index/reindex/RestDeleteByQueryAction.java","2","0","0","3","39","74","0"
"netty","f7a38815363fbf67de0ddd819119808aee386543","handler/src/test/java/io/netty/handler/ssl/SslHandlerTest.java","2","0","0","3","39","74","0"
"netty","c3ab557f852fab44eb25c1e180f5183a2c938091","handler/src/test/java/io/netty/handler/ssl/SslHandlerTest.java","2","0","0","3","39","74","1"
"neo4j","6b4d2ef50f5bfcc15046d0045e1ccf73b88ac856","community/security/src/test/java/org/neo4j/commandline/admin/security/DeleteCommandTest.java","2","0","0","3","39","75","1"
"hazelcast","1fe7b04b372715c75a02795aa0b9f8e9fa871b0a","hazelcast-wm/src/test/java/com/hazelcast/wm/test/ConcurrentRequestTest.java","2","0","0","3","40","65","0"
"hazelcast","00674fe8446b9bdfef4e7ff7fcf4816e21c177ac","hazelcast-hibernate/hazelcast-hibernate3/src/test/java/com/hazelcast/hibernate/HibernateTestSupport.java","2","0","0","3","40","66","1"
"neo4j","886dbb454deaae6adcb4ff26e76f6e225eedca55","enterprise/core-edge/src/test/java/org/neo4j/coreedge/raft/log/segmented/SegmentedRaftLogContractTest.java","2","0","0","3","40","70","0"
"hazelcast","67da348c4284c0dfeb548ad8c3b83f64d745f710","hazelcast-hibernate/hazelcast-hibernate3/src/test/java/com/hazelcast/hibernate/HibernateTestSupport.java","2","0","0","3","41","66","0"
"elasticsearch","046abdc281c321cd2128ee7684c0edfcaca07203","test/framework/src/main/java/org/elasticsearch/index/MapperTestUtils.java","2","0","0","3","41","68","2"
"elasticsearch","22e63b478306fb3cab6ba8967db6e1f2b73cdfd8","test/framework/src/main/java/org/elasticsearch/index/MapperTestUtils.java","2","0","0","3","41","68","1"
"elasticsearch","e74d02138f02a66331b2611b5e70a908bb49cb97","test/framework/src/main/java/org/elasticsearch/index/MapperTestUtils.java","2","0","0","3","41","68","0"
"elasticsearch","51d53791fe71c9cb62bc992588a57cdfb500383f","core/src/main/java/org/elasticsearch/rest/action/cat/AbstractCatAction.java","2","0","0","3","41","87","0"
"BroadleafCommerce","cd4dba4517e56b14042e5ed1567e933ca3904efd","core/broadleaf-framework/src/main/java/org/broadleafcommerce/core/order/service/workflow/add/AddOrderItemActivity.java","2","0","0","3","42","82","1"
"hazelcast","4b3ad7d5cb1d0f174b6bb77ad97fa75395008a96","hazelcast/src/test/java/com/hazelcast/ringbuffer/impl/RingbufferMigrationTest.java","2","0","0","3","43","55","0"
"elasticsearch","a3cefd919e81fd7c2c171426b64aa3357bfa6db4","src/main/java/org/elasticsearch/rest/action/get/RestMultiGetAction.java","2","0","0","3","43","73","2"
"elasticsearch","2b3760f78b26817b5a2030aa27b1ddf2f17462f6","modules/reindex/src/main/java/org/elasticsearch/index/reindex/RestDeleteByQueryAction.java","2","0","0","3","43","78","1"
"neo4j","21dc057a8a68245281a22d7bdb8da5ae2103f057","enterprise/core-edge/src/test/java/org/neo4j/coreedge/raft/log/segmented/SegmentHeaderTest.java","2","0","0","3","43","82","0"
"hazelcast","d568e4d926d925d57d4e79e34614390416749301","hazelcast/src/test/java/com/hazelcast/collection/impl/queue/QueueMigrationTest.java","2","0","0","3","44","55","0"
"elasticsearch","2b3760f78b26817b5a2030aa27b1ddf2f17462f6","core/src/main/java/org/elasticsearch/rest/action/admin/indices/RestIndicesAliasesAction.java","2","0","0","3","44","72","1"
"elasticsearch","51d53791fe71c9cb62bc992588a57cdfb500383f","core/src/main/java/org/elasticsearch/rest/action/admin/indices/RestIndicesAliasesAction.java","2","0","0","3","44","73","0"
"elasticsearch","4fea56ceadbbd042774a89dbdf94c16a4a33df4c","core/src/test/java/org/elasticsearch/index/analysis/AnalysisTestsHelper.java","2","0","0","3","44","74","0"
"elasticsearch","5706858722452b13465b15930e4f4cb2e8286449","src/main/java/org/elasticsearch/rest/action/get/RestMultiGetAction.java","2","0","0","3","44","74","0"
"elasticsearch","75cedca0dab933bb6d1679fbddea2d09122d13c9","core/src/test/java/org/elasticsearch/index/analysis/AnalysisTestsHelper.java","2","0","0","3","44","74","1"
"neo4j","9a371bafe80ceb4e6cdc8502fbd22f9f8ec3d59d","enterprise/core-edge/src/test/java/org/neo4j/coreedge/raft/log/segmented/SegmentHeaderTest.java","2","0","0","3","44","82","1"
"hazelcast","894288929b44cfe6a5706ed80691c9c37aaa5cd5","hazelcast/src/test/java/com/hazelcast/ringbuffer/impl/RingbufferWaitNotifyKeyTest.java","2","0","0","3","45","70","1"
"hazelcast","a65cac7cdaf9c4c2b8fe1a1eb42e1ee358d75265","hazelcast-client/src/test/java/com/hazelcast/client/map/querycache/ClientQueryCacheMemoryLeakTest.java","2","0","0","3","45","73","0"
"elasticsearch","db13eead54a707bbac549225ff4c0332e74369bd","src/test/java/org/elasticsearch/cluster/ClusterHealthTests.java","2","0","0","3","45","76","0"
"hazelcast","70d4de16ff0ac4518d09aad8c9f2ad9e782fb337","hazelcast/src/test/java/com/hazelcast/collection/impl/queue/QueueMigrationTest.java","2","0","0","3","46","57","1"
"elasticsearch","c7c0faa54ddda8134aa23d54d07bed43b24a1817","core/src/main/java/org/elasticsearch/search/aggregations/bucket/nested/ReverseNestedAggregatorFactory.java","2","0","0","3","46","75","0"
"elasticsearch","fbe27664a65ca7ab5b7dbe1c328ab27423e4313c","core/src/main/java/org/elasticsearch/rest/action/document/RestMultiGetAction.java","2","0","0","3","46","76","2"
"elasticsearch","51d53791fe71c9cb62bc992588a57cdfb500383f","core/src/main/java/org/elasticsearch/rest/action/admin/cluster/RestGetStoredScriptAction.java","2","0","0","3","46","90","0"
"netty","f10f8a31318a2e408b979de6a8ed49caa615d86a","buffer/src/test/java/io/netty/buffer/PoolArenaTest.java","2","0","0","3","48","81","0"
"hazelcast","cdb8b0e0e259c0992856d553f2aa04499043c84d","hazelcast/src/test/java/com/hazelcast/osgi/impl/HazelcastOSGiScriptingTest.java","2","0","0","3","49","59","0"
"hazelcast","7114bf1262dcaea3ab245e4143686dff6d4b2547","hazelcast/src/test/java/com/hazelcast/nio/tcp/nonblocking/iobalancer/IOBalancerMemoryLeakTest.java","2","0","0","3","49","70","0"
"hazelcast","f295320580a557b2609ec22ae2abe788b0110bb3","hazelcast/src/test/java/com/hazelcast/osgi/impl/HazelcastOSGiScriptingTest.java","2","0","0","3","49","74","0"
"hazelcast","3f46545bdca45f33e9257a896121007a1569235f","hazelcast/src/test/java/com/hazelcast/osgi/impl/HazelcastOSGiScriptingTest.java","2","0","0","3","49","75","1"
"hazelcast","4ee69f889b28896ef4174dd1ba5a30f9bac90e6f","hazelcast/src/test/java/com/hazelcast/ringbuffer/impl/RingbufferWaitNotifyKeyTest.java","2","0","0","3","49","78","0"
"hazelcast","8a2785d3905127521f828732bb879db96148394a","hazelcast/src/test/java/com/hazelcast/nio/tcp/nonblocking/iobalancer/IOBalancerMemoryLeakTest.java","2","0","0","3","50","71","3"
"hazelcast","d38202141395360399c9cf97d4453adf5b1581e1","hazelcast/src/main/java/com/hazelcast/client/impl/protocol/task/InvocationMessageTask.java","2","0","0","3","50","78","1"
"elasticsearch","046abdc281c321cd2128ee7684c0edfcaca07203","modules/transport-netty3/src/test/java/org/elasticsearch/transport/netty3/SimpleNetty3TransportTests.java","2","0","0","3","53","80","2"
"elasticsearch","22e63b478306fb3cab6ba8967db6e1f2b73cdfd8","modules/transport-netty3/src/test/java/org/elasticsearch/transport/netty3/SimpleNetty3TransportTests.java","2","0","0","3","53","80","1"
"elasticsearch","e74d02138f02a66331b2611b5e70a908bb49cb97","modules/transport-netty3/src/test/java/org/elasticsearch/transport/netty3/SimpleNetty3TransportTests.java","2","0","0","3","53","80","0"
"elasticsearch","046abdc281c321cd2128ee7684c0edfcaca07203","modules/transport-netty4/src/test/java/org/elasticsearch/transport/netty4/SimpleNetty4TransportTests.java","2","0","0","3","53","81","2"
"elasticsearch","22e63b478306fb3cab6ba8967db6e1f2b73cdfd8","modules/transport-netty4/src/test/java/org/elasticsearch/transport/netty4/SimpleNetty4TransportTests.java","2","0","0","3","53","81","1"
"elasticsearch","e74d02138f02a66331b2611b5e70a908bb49cb97","modules/transport-netty4/src/test/java/org/elasticsearch/transport/netty4/SimpleNetty4TransportTests.java","2","0","0","3","53","81","0"
"elasticsearch","c3784326ebbf049256659969fd4fcc4648714455","core/src/test/java/org/elasticsearch/indices/recovery/RecoveryTests.java","2","0","0","3","54","83","2"
"hazelcast","b1ab638144ded722fac5bb9182c374e7d4f421d7","hazelcast/src/test/java/com/hazelcast/aggregation/AggregationMemberBounceTest.java","2","0","0","3","55","63","0"
"elasticsearch","968fbaceef298908a6ce6b31e42fb82586743fb7","modules/transport-netty3/src/test/java/org/elasticsearch/transport/netty3/SimpleNetty3TransportTests.java","2","0","0","3","55","82","1"
"elasticsearch","968fbaceef298908a6ce6b31e42fb82586743fb7","modules/transport-netty4/src/test/java/org/elasticsearch/transport/netty4/SimpleNetty4TransportTests.java","2","0","0","3","55","83","1"
"elasticsearch","51d53791fe71c9cb62bc992588a57cdfb500383f","core/src/main/java/org/elasticsearch/rest/action/cat/RestPendingClusterTasksAction.java","2","0","0","3","55","92","0"
"neo4j","b1fd18fb6f2cfbcf3ed32d071fd02b8dafdbd71c","enterprise/security/src/main/java/org/neo4j/server/security/enterprise/auth/PredefinedRolesBuilder.java","2","0","0","3","56","89","0"
"neo4j","2dce9b701631b41aa14f4d8ff186c708b57abd1e","enterprise/core-edge/src/test/java/org/neo4j/coreedge/core/state/machines/locks/LeaderOnlyLockManagerTest.java","2","0","0","3","56","97","0"
"elasticsearch","c8ca015c0bd28caf4fd84862679afc63a9e7d2ac","core/src/test/java/org/elasticsearch/search/aggregations/pipeline/bucketmetrics/ExtendedStatsBucketTests.java","2","0","0","3","57","93","0"
"neo4j","5e8fd553e4e127000734e31d43f5623eea742f7d","enterprise/core-edge/src/test/java/org/neo4j/coreedge/core/state/machines/locks/LeaderOnlyLockManagerTest.java","2","0","0","3","57","99","1"
"neo4j","c3a5cbf00866abb108bf34ce2e0680026fdd2025","community/cypher/cypher/src/test/java/org/neo4j/cypher/CreateIndexStressIT.java","2","0","0","3","58","103","0"
"neo4j","d693165ae77cf119824aaa7a53ac45b466b15c24","enterprise/core-edge/src/main/java/org/neo4j/coreedge/catchup/tx/TransactionLogCatchUpWriter.java","2","0","0","3","58","86","1"
"neo4j","68c237b92ed8634317ac5f848080810eefa21395","enterprise/causal-clustering/src/test/java/org/neo4j/causalclustering/scenarios/CausalConsistencyIT.java","2","0","0","3","60","105","1"
"neo4j","f0b03e0d48342f7b76608313e94292a530d373e0","enterprise/causal-clustering/src/test/java/org/neo4j/causalclustering/scenarios/CausalConsistencyIT.java","2","0","0","3","60","105","1"
"neo4j","deb01d37aaa9368817ea70690c8933983b59a87a","enterprise/causal-clustering/src/test/java/org/neo4j/causalclustering/scenarios/CausalConsistencyIT.java","2","0","0","3","60","105","0"
"hazelcast","d568e4d926d925d57d4e79e34614390416749301","hazelcast/src/test/java/com/hazelcast/collection/impl/queue/QueueEvictionTest.java","2","0","0","3","60","75","0"
"neo4j","b20f876c8d6413e0e06763bf8e6ccfdba40e6589","community/kernel/src/main/java/org/neo4j/kernel/impl/proc/ProcedureGDSFactory.java","2","0","0","3","60","85","0"
"elasticsearch","952feb58e41bd0220784c44136b840ea4a740e26","core/src/main/java/org/elasticsearch/search/aggregations/bucket/histogram/DateHistogramAggregatorFactory.java","2","0","0","3","60","89","1"
"elasticsearch","51d53791fe71c9cb62bc992588a57cdfb500383f","core/src/main/java/org/elasticsearch/rest/action/search/RestSuggestAction.java","2","0","0","3","61","102","0"
"hazelcast","8d373b62327a5c012a5b8f2bad456311df03bf61","hazelcast/src/test/java/com/hazelcast/spi/impl/executionservice/impl/SkipOnConcurrentExecutionDecoratorTest.java","2","0","0","3","61","104","1"
"netty","530750d60669156d508041e3c99ce95111b7e81d","codec-dns/src/test/java/io/netty/handler/codec/dns/DnsResponseTest.java","2","0","0","3","61","86","1"
"elasticsearch","3aed047bdedde1bda189cbfc2f81e65af42e57c5","core/src/main/java/org/elasticsearch/search/aggregations/bucket/histogram/DateHistogramAggregatorFactory.java","2","0","0","3","61","91","0"
"oryx","49c1ead1c67cc8b980a4be36cff731a14ba4f3fb","framework/oryx-lambda-serving/src/test/java/com/cloudera/oryx/lambda/serving/AbstractServingIT.java","2","0","0","3","61","93","0"
"neo4j","b2c5708968f85bd3c931a14592d4262b4610e984","enterprise/query-logging/src/test/java/org/neo4j/kernel/impl/query/QueryLoggerIT.java","2","0","0","3","62","92","1"
"neo4j","7c3d76beee08e6ed292d391aacb8f7a8179ea853","enterprise/query-logging/src/test/java/org/neo4j/kernel/impl/query/QueryLoggerIT.java","2","0","0","3","62","93","0"
"netty","39250873ae7c3d8c1017db11b1f715838f2688f3","testsuite/src/test/java/io/netty/testsuite/transport/socket/SocketShutdownOutputBySelfTest.java","2","0","0","3","62","95","0"
"elasticsearch","59a9a0d3ef790c59006ab2f1d1ec8ebf0f7ac04a","src/test/java/org/elasticsearch/test/integration/indices/settings/UpdateSettingsTests.java","2","0","0","3","64","103","0"
"neo4j","77bb150cf3bd5187752557148db7b6744ed3709f","enterprise/causal-clustering/src/test/java/org/neo4j/causalclustering/scenarios/CausalConsistencyIT.java","2","0","0","3","64","108","0"
"oryx","d6687d2eb4391d042aa1d5e80653326e501b0fed","framework/oryx-lambda-serving/src/test/java/com/cloudera/oryx/lambda/serving/AbstractServingIT.java","2","0","0","3","64","98","1"
"elasticsearch","51d53791fe71c9cb62bc992588a57cdfb500383f","core/src/main/java/org/elasticsearch/rest/action/cat/RestMasterAction.java","2","0","0","3","64","99","0"
"neo4j","197393a3c66dacf10c813cdcb731971a30857e16","enterprise/causal-clustering/src/test/java/org/neo4j/causalclustering/scenarios/CausalConsistencyIT.java","2","0","0","3","65","110","0"
"elasticsearch","51d53791fe71c9cb62bc992588a57cdfb500383f","core/src/main/java/org/elasticsearch/rest/action/cat/RestHealthAction.java","2","0","0","3","67","102","0"
"hazelcast","557a2678022ff6423f67ac2ff8ac67dfe9f2eb70","hazelcast/src/test/java/com/hazelcast/spi/impl/operationservice/impl/InvocationRetryTest.java","2","0","0","3","67","93","1"
"elasticsearch","a9169e536baff048b50700c6b1daefa6986b6153","core/src/test/java/org/elasticsearch/search/aggregations/metrics/percentiles/tdigest/TDigestPercentileRanksAggregatorTests.java","2","0","0","3","67","99","1"
"hazelcast","515f041d8848545394faff4ecd3b1f37c643b2e3","hazelcast/src/test/java/com/hazelcast/spi/impl/operationservice/impl/Invocation_RetryTest.java","2","0","0","3","68","94","1"
"elasticsearch","2b3760f78b26817b5a2030aa27b1ddf2f17462f6","core/src/main/java/org/elasticsearch/rest/action/cat/RestMasterAction.java","2","0","0","3","69","100","1"
"elasticsearch","a9169e536baff048b50700c6b1daefa6986b6153","core/src/test/java/org/elasticsearch/search/aggregations/metrics/percentiles/hdr/HDRPercentileRanksAggregatorTests.java","2","0","0","3","69","95","1"
"elasticsearch","2b3760f78b26817b5a2030aa27b1ddf2f17462f6","core/src/main/java/org/elasticsearch/rest/action/cat/RestHealthAction.java","2","0","0","3","72","103","1"
"elasticsearch","048d2734084aac785bd867fc653b6fc8d38c9ab4","core/src/main/java/org/elasticsearch/rest/action/cat/RestHealthAction.java","2","0","0","3","73","104","0"
"hazelcast","b7a82854871f76fbc0bda0c5fec2be699fc46b68","hazelcast/src/test/java/com/hazelcast/map/mapstore/MapStoreEvictionTest.java","2","0","0","3","73","96","1"
"hazelcast","bee8b238a83b9c0237d927b4c367a7cb258b953f","hazelcast/src/test/java/com/hazelcast/map/mapstore/MapStoreEvictionTest.java","2","0","0","3","73","97","1"
"hazelcast","060bc2052654bcd13b0abb6c5be0bd0ab4a22f4d","hazelcast/src/test/java/com/hazelcast/map/MapEvictionManagerTest.java","2","0","0","3","78","99","0"
"netty","63a02fc04e6ce45aee38b0437ae0279880e5fe40","codec-dns/src/test/java/io/netty/handler/codec/dns/DnsResponseTest.java","2","0","0","3","79","106","0"
"hazelcast","1e31ba5939bbf2de11397a2c9c95104a1857c847","hazelcast/src/test/java/com/hazelcast/map/mapstore/MapStoreEvictionTest.java","2","0","0","3","80","104","1"
"netty","8271c8afccf7eb21bf6f994b5f3565f6d55bdee4","codec-dns/src/test/java/io/netty/handler/codec/dns/DnsResponseTest.java","2","0","0","3","81","105","0"
"elasticsearch","0c7795f53db146de164ed56f7a8718518c680909","core/src/main/java/org/elasticsearch/rest/action/cat/RestHealthAction.java","2","0","0","3","82","114","1"
"netty","ae9963a40cbf7714f3f30e0093ff41f2f200b6e8","codec-dns/src/test/java/io/netty/handler/codec/dns/DnsResponseTest.java","2","0","0","3","83","108","0"
"elasticsearch","88040352050455e537646662a3fbfdd8d554dd17","core/src/test/java/org/elasticsearch/search/internal/ShardSearchTransportRequestTests.java","2","0","0","3","84","113","2"
"neo4j","53a98b0736387e9e71640b7ae062697ceee7d966","community/kernel/src/test/java/org/neo4j/test/ProcessUtil.java","2","0","0","3","86","115","0"
"elasticsearch","dd95dc7a0f49ada38793eb3270af2ac9774e7d78","core/src/test/java/org/elasticsearch/search/aggregations/support/IncludeExcludeTests.java","2","0","0","3","92","129","0"
"neo4j","debd60404ad96ed7b0ff92fcfa8651174788fbc6","enterprise/security/src/test/java/org/neo4j/server/security/enterprise/auth/EmbeddedBuiltInProceduresInteractionTest.java","2","0","0","3","93","132","1"
"hazelcast","1f042b8c4a4245594691bb6d85a66ceed9b43068","hazelcast/src/test/java/com/hazelcast/concurrent/countdownlatch/CountDownLatchSplitBrainTest.java","2","0","0","3","97","125","1"
"hazelcast","362ce44e73e61c0a55d1b2cef8314c1adc241ec9","hazelcast/src/test/java/com/hazelcast/concurrent/countdownlatch/CountDownLatchSplitBrainTest.java","2","0","0","3","97","125","1"
"hazelcast","eae5aabe2df5d86740f725387d4b9c32fb6d5495","hazelcast/src/test/java/com/hazelcast/concurrent/countdownlatch/CountDownLatchSplitBrainTest.java","2","0","0","3","97","125","1"
"hazelcast","2921cff694583b8638dae2991f427e61d5440a9d","hazelcast/src/test/java/com/hazelcast/concurrent/countdownlatch/CountDownLatchSplitBrainTest.java","2","0","0","3","97","125","0"
"hazelcast","584996c0c9a11facf995848e53a5a2ef79a3889a","hazelcast/src/test/java/com/hazelcast/concurrent/countdownlatch/CountDownLatchSplitBrainTest.java","2","0","0","3","97","125","0"
"neo4j","8ab0685a4620653b3c1764d5bd04598a2e954bb2","enterprise/security/src/test/java/org/neo4j/server/security/enterprise/auth/EmbeddedBuiltInProceduresInteractionTest.java","2","0","0","3","99","139","0"
"hazelcast","7e07ef2b7dcefe2f791c4b6d2050a9c44e6bf931","hazelcast/src/test/java/com/hazelcast/cluster/impl/ClusterStateManagerTest.java","2","0","0","31","235","301","1"
"netty","e6ca9882a107c34cf6358c8d7a68561025f06016","codec-http/src/main/java/io/netty/handler/codec/spdy/DefaultSpdyHeaders.java","2","0","0","36","203","264","1"
"hazelcast","53ac704622b1288dce7f6ad9594178b7b0108e33","hazelcast/src/main/java/com/hazelcast/internal/adapter/ReplicatedMapDataStructureAdapter.java","2","0","0","39","201","260","1"
"hazelcast","53ac704622b1288dce7f6ad9594178b7b0108e33","hazelcast/src/test/java/com/hazelcast/internal/adapter/ReplicatedMapDataStructureAdapterTest.java","2","0","0","39","220","295","1"
"neo4j","1b3aad3b619bd72c2c9f79bb7edf642c5dc56a6f","enterprise/security/src/test/java/org/neo4j/server/security/enterprise/auth/integration/bolt/EnterpriseAuthenticationIT.java","2","0","0","4","105","152","1"
"hazelcast","d070f1256c8c7fa823e6463487462826384ee1df","hazelcast-client/src/test/java/com/hazelcast/client/cache/nearcache/ClientCacheNearCachePreloaderTest.java","2","0","0","4","123","152","0"
"hazelcast","7001ec8c5b1305c796de75c2e3f170c562db8c03","hazelcast-client/src/test/java/com/hazelcast/client/cache/nearcache/ClientCacheNearCachePreloaderTest.java","2","0","0","4","125","154","1"
"hazelcast","4a9bacbdd50bf75b5a43e56b72754cdd6e99cefe","hazelcast-client/src/test/java/com/hazelcast/client/cache/nearcache/ClientCacheNearCachePreloaderTest.java","2","0","0","4","125","158","2"
"elasticsearch","57c0d29114b60f74e43ceb0914c26d490b61a265","src/main/java/org/elasticsearch/search/suggest/Suggester.java","2","0","0","4","17","46","0"
"neo4j","99abe5c4afa2f26034fa586114f10589e685e985","community/kernel/src/test/java/org/neo4j/kernel/impl/locking/NoOpLocks.java","2","0","0","4","24","49","0"
"hazelcast","c30d99dd04b3f041f35a57d0a8e41d3b9dda4956","hazelcast/src/main/java/com/hazelcast/concurrent/atomicreference/operations/AlterAndGetOperation.java","2","0","0","4","26","51","0"
"elasticsearch","1fc37e59547ba544ab1a4677f2622c9e39b26313","src/main/java/org/elasticsearch/index/store/distributor/AbstractDistributor.java","2","0","0","4","26","56","1"
"hazelcast","a4035afdfc67b757940a15578bc51b4e7b6b0b13","hazelcast/src/main/java/com/hazelcast/client/impl/protocol/codec/AddressCodec.java","2","0","0","4","27","51","0"
"oryx","fddb336ac30ea3fb0bde91c61ef043f523d7d9fe","framework/oryx-lambda/src/test/java/com/cloudera/oryx/lambda/speed/MockSpeedModelManager.java","2","0","0","4","28","55","0"
"hazelcast","a43f8ee8ca77bddba7a0b7c0a5422bc2ee7b1788","hazelcast/src/main/java/com/hazelcast/internal/ascii/memcache/GetCommandProcessor.java","2","0","0","4","29","53","0"
"oryx","3b0fc229b3818b52dda4b6b863f9bca5dcfc4d86","framework/oryx-lambda/src/test/java/com/cloudera/oryx/lambda/speed/MockSpeedModelManager.java","2","0","0","4","29","56","0"
"ceylon-ide-eclipse","f8f523d866e80dda8275be6d18e3cbc6d34fa743","plugins/com.redhat.ceylon.eclipse.ui/src/com/redhat/ceylon/eclipse/code/editor/CeylonContentAssistant.java","2","0","0","4","30","39","0"
"neo4j","2680f481ab89693c03bb0d4166c1467902cc9b14","community/kernel/src/main/java/org/neo4j/kernel/api/exceptions/schema/CreateConstraintFailureException.java","2","0","0","4","30","56","1"
"hazelcast","879cf4ddd645191f0cae75aa72e9d43df6e142a8","hazelcast-client/src/test/java/com/hazelcast/client/scheduledexecutor/ClientScheduledExecutorServiceBasicTest.java","2","0","0","4","32","55","1"
"hazelcast","879cf4ddd645191f0cae75aa72e9d43df6e142a8","hazelcast-client/src/test/java/com/hazelcast/client/scheduledexecutor/ClientScheduledExecutorServiceSlowTest.java","2","0","0","4","32","55","1"
"hazelcast","96d2da68ad978e12b54a44bff7c351ada8a01ea7","hazelcast-client/src/test/java/com/hazelcast/client/scheduledexecutor/ClientScheduledExecutorServiceBasicTest.java","2","0","0","4","32","55","0"
"neo4j","934072a0187279d79b381ad46f6270622ead3175","community/consistency-check/src/main/java/org/neo4j/consistency/checking/full/PropertyReader.java","2","0","0","4","32","59","1"
"hazelcast","96d2da68ad978e12b54a44bff7c351ada8a01ea7","hazelcast-client/src/test/java/com/hazelcast/client/scheduledexecutor/ClientScheduledExecutorServiceSlowTest.java","2","0","0","4","32","72","0"
"MapDB","939644c06afd0fad14c8a3c6287b2538fce85964","src/test/java/org/mapdb/TxMakerTest.java","2","0","0","4","33","46","1"
"hazelcast","5186e0869fd957fd048d838064815d9922b133ec","hazelcast/src/main/java/com/hazelcast/concurrent/lock/operations/LocalLockCleanupOperation.java","2","0","0","4","33","58","1"
"neo4j","0d39b7a169a854d37bcbdab733de6ad68c2580ae","enterprise/core-edge/src/main/java/org/neo4j/coreedge/discovery/RaftDiscoveryServiceConnector.java","2","0","0","4","33","61","1"
"elasticsearch","06667c6aa898895acd624b8a71a6e00ff7ae32b8","src/main/java/org/elasticsearch/common/geo/builders/MultiPointBuilder.java","2","0","0","4","33","62","1"
"elasticsearch","3a82c613e43ebfaa010e5cf5e79cc54cee2d9468","modules/ingest-common/src/test/java/org/elasticsearch/ingest/common/FailProcessorFactoryTests.java","2","0","0","4","33","62","1"
"elasticsearch","3a82c613e43ebfaa010e5cf5e79cc54cee2d9468","modules/ingest-common/src/test/java/org/elasticsearch/ingest/common/RemoveProcessorFactoryTests.java","2","0","0","4","33","62","1"
"elasticsearch","5910b17ece360ab03cb86cbfa46bd822c6e0da6b","src/main/java/org/elasticsearch/common/geo/builders/MultiPointBuilder.java","2","0","0","4","33","62","1"
"elasticsearch","de7461efd038d566831fec871380f003a5821da6","src/main/java/org/elasticsearch/common/geo/builders/MultiPointBuilder.java","2","0","0","4","33","62","1"
"elasticsearch","c9893ba0c2ee8c703953fd45cb8e2bb668db5d49","src/main/java/org/elasticsearch/common/geo/builders/MultiPointBuilder.java","2","0","0","4","33","62","0"
"hazelcast","62d6d6048f8db82bcba99ded8d33d5b98f23b77d","hazelcast/src/main/java/com/hazelcast/concurrent/lock/operations/LocalLockCleanupOperation.java","2","0","0","4","34","59","0"
"neo4j","2634dcf2b1658795dbaa2bface704f4a332c6e53","enterprise/core-edge/src/main/java/org/neo4j/coreedge/discovery/RaftDiscoveryServiceConnector.java","2","0","0","4","34","62","0"
"neo4j","dd79d5226cfe6f3665976835d78cda0ec29798c3","enterprise/core-edge/src/main/java/org/neo4j/coreedge/discovery/RaftDiscoveryServiceConnector.java","2","0","0","4","34","62","0"
"neo4j","1f22cd0deabcf1e618e4053524cdbfea4940c059","enterprise/core-edge/src/main/java/org/neo4j/coreedge/discovery/RaftDiscoveryServiceConnector.java","2","0","0","4","34","62","1"
"MapDB","05f771fbb10787f12b432e0040ee7505ea8b556a","src/test/java/org/mapdb/issues/Issue794.java","2","0","0","4","36","46","0"
"elasticsearch","b1cef5fdf8e1f8e9982a4724986b2731ca4d522b","core/src/main/java/org/elasticsearch/search/aggregations/support/ValuesSourceAggregatorFactory.java","2","0","0","4","36","66","1"
"elasticsearch","da70b5c8474110b88060d4c6926ea76dec823c95","src/main/java/org/elasticsearch/index/search/nested/NonNestedDocsFilter.java","2","0","0","4","36","68","2"
"elasticsearch","149ef74b26bb33d3a1d3c1c45c481a01345cd764","core/src/main/java/org/elasticsearch/search/aggregations/support/ValuesSourceAggregatorFactory.java","2","0","0","4","37","67","0"
"elasticsearch","f8e0557be5e8177382c9d1e36bf8dffa979e5446","plugins/repository-s3/src/test/java/org/elasticsearch/cloud/aws/TestAwsS3Service.java","2","0","0","4","37","67","0"
"elasticsearch","7e5058037b8a5830080da488f067914d24a5f477","core/src/main/java/org/elasticsearch/search/aggregations/support/ValuesSourceAggregatorFactory.java","2","0","0","4","37","67","2"
"elasticsearch","73307a2144fbdf63c551eeccdc7e93dc30e59a92","modules/reindex/src/main/java/org/elasticsearch/index/reindex/RestDeleteByQueryAction.java","2","0","0","4","38","73","1"
"elasticsearch","13a347239a48d71486692a72c066e940dec8921b","core/src/test/java/org/elasticsearch/cluster/allocation/ShardsAllocatorModuleIT.java","2","0","0","4","39","68","2"
"hazelcast","e4f7959a373b0263506a00fa6941d0020407e6fd","hazelcast/src/main/java/com/hazelcast/client/impl/protocol/parameters/MapDataDataResultParameters.java","2","0","0","4","39","69","1"
"elasticsearch","31de1fa914998f21ecbcbeb5bd84c679379c32c9","modules/ingest-common/src/test/java/org/elasticsearch/ingest/common/ScriptProcessorFactoryTests.java","2","0","0","4","39","72","1"
"elasticsearch","74184cb1b08012ee01696723cc29ac33551bd424","modules/ingest-common/src/test/java/org/elasticsearch/ingest/common/ScriptProcessorFactoryTests.java","2","0","0","4","39","72","1"
"elasticsearch","33b9e2065bf52853b59e319f9d69eded2171eff1","modules/ingest-common/src/test/java/org/elasticsearch/ingest/common/ScriptProcessorFactoryTests.java","2","0","0","4","39","72","0"
"hazelcast","96f37de7e28c0866d6d51f5975fff2198c4e9f50","hazelcast/src/test/java/com/hazelcast/config/JoinConfigTest.java","2","0","0","4","40","52","0"
"neo4j","a77d5707421b3d9c1d1ef290709b1ba550ae6c49","enterprise/security/src/main/java/org/neo4j/server/security/enterprise/auth/SecurityProcedures.java","2","0","0","4","41","68","0"
"elasticsearch","5a64f08f048461a63a0ca1354a5050c954e63d52","test/framework/src/main/java/org/elasticsearch/test/IndexSettingsModule.java","2","0","0","4","41","69","0"
"elasticsearch","76622f1a9b21d3be105f712ed384d0ba80fb422e","src/main/java/org/apache/lucene/index/XIndexWriter.java","2","0","0","4","43","75","0"
"hazelcast","1cb75df061479377db7a716f236b127b37233410","hazelcast-hibernate/hazelcast-hibernate3/src/test/java/com/hazelcast/hibernate/HibernateTestSupport.java","2","0","0","4","44","70","0"
"hazelcast","18f96b031b99440d92e94924f062931d6c376c48","hazelcast/src/main/java/com/hazelcast/map/impl/operation/PartitionWideEntryWithPredicateOperation.java","2","0","0","4","44","71","1"
"hazelcast","39a8097963ce54d19bff2ab9426fe0ab46da1e20","hazelcast/src/test/java/com/hazelcast/util/executor/StripedExecutorTest.java","2","0","0","4","44","72","0"
"hazelcast","73673199472b3fb25cf6c72de378a1d2bab18605","hazelcast/src/test/java/com/hazelcast/util/executor/StripedExecutorTest.java","2","0","0","4","44","73","1"
"hazelcast","86b064ba3f1e467e74e95d6da24b03122065ce36","hazelcast/src/test/java/com/hazelcast/util/executor/StripedExecutorTest.java","2","0","0","4","44","73","2"
"hazelcast","9948976cea0dd05d47e24f303a0b309b4155d329","hazelcast/src/test/java/com/hazelcast/util/executor/StripedExecutorTest.java","2","0","0","4","44","73","2"
"hazelcast","82683a8423a0a3209f3dd70ca23835ee63f0d0b8","hazelcast/src/test/java/com/hazelcast/util/executor/StripedExecutorTest.java","2","0","0","4","44","73","0"
"hazelcast","d568e4d926d925d57d4e79e34614390416749301","hazelcast/src/test/java/com/hazelcast/cache/merge/PassThroughCacheMergePolicyTest.java","2","0","0","4","45","58","0"
"hazelcast","929d07c17f918ee0901baef20651c04cf058dd31","hazelcast/src/test/java/com/hazelcast/cache/merge/PassThroughCacheMergePolicyTest.java","2","0","0","4","46","60","1"
"hazelcast","7e07ef2b7dcefe2f791c4b6d2050a9c44e6bf931","hazelcast/src/main/java/com/hazelcast/instance/DefaultNodeContext.java","2","0","0","4","46","71","1"
"hazelcast","4a7940a4f5a775a9cca1a283ae88d7fdf0cfc125","hazelcast-hibernate/hazelcast-hibernate3/src/test/java/com/hazelcast/hibernate/HibernateTestSupport.java","2","0","0","4","46","72","0"
"hazelcast","045b97bc6c971aca3a7d2618b899d25a72a95dc8","hazelcast/src/main/java/com/hazelcast/map/impl/operation/PartitionWideEntryWithPredicateOperation.java","2","0","0","4","46","74","0"
"netty","23d017849429c18e1890b0a5799e5262df4f269f","example/src/main/java/io/netty/example/proxy/HexDumpProxy.java","2","0","0","4","46","74","0"
"netty","9128d4f16a8ccb102bbf863b88e6be8e5574333d","example/src/main/java/io/netty/example/proxy/HexDumpProxy.java","2","0","0","4","46","74","1"
"orientdb","71c1ac0b4ae14446a07814dd2ea75d1256785b10","distributed/src/test/java/com/orientechnologies/orient/server/distributed/HAClusterStrategyTest.java","2","0","0","4","47","81","0"
"neo4j","f0b03e0d48342f7b76608313e94292a530d373e0","community/kernel/src/test/java/org/neo4j/kernel/api/txtracking/TransactionIdTrackerTest.java","2","0","0","4","47","91","1"
"neo4j","57507674d4362c2dc02dd58fb5161e4da78db57a","community/kernel/src/test/java/org/neo4j/kernel/impl/store/id/IdGeneratorImplTest.java","2","0","0","4","48","91","1"
"elasticsearch","887fbb63872989e3c6bde7f67770a23a90b15247","core/src/test/java/org/elasticsearch/cluster/node/DiscoveryNodeTests.java","2","0","0","4","50","81","2"
"elasticsearch","42718936d936bfd987b384e7a38054462b5e05cc","core/src/test/java/org/elasticsearch/index/mapper/parent/ParentMappingTests.java","2","0","0","4","53","83","0"
"elasticsearch","14ba36977ed24fd670005800547541a4f2cdfa3a","core/src/main/java/org/elasticsearch/rest/action/admin/indices/RestUpdateSettingsAction.java","2","0","0","4","53","84","0"
"elasticsearch","429e517476d95e50ecb9d73d58e5013bd2158e7d","core/src/test/java/org/elasticsearch/cluster/node/DiscoveryNodeTests.java","2","0","0","4","53","84","0"
"elasticsearch","0189a65e6bfc623813c6c088d19a0509fbeb64da","core/src/test/java/org/elasticsearch/cluster/node/DiscoveryNodeTests.java","2","0","0","4","53","84","1"
"elasticsearch","2ccc223ff761043807683f34b29c693af6c94d95","core/src/test/java/org/elasticsearch/cluster/node/DiscoveryNodeTests.java","2","0","0","4","53","86","0"
"MapDB","acd38a6452bea5ae8c259cf5b992fec3a7820985","src/test/java/org/mapdb/Issue89Test.java","2","0","0","4","54","78","0"
"neo4j","6ae0873e303c40548b80c8463588e28bf99217aa","community/neo4j-harness/src/test/java/org/neo4j/harness/MyCoreAPI.java","2","0","0","4","55","80","0"
"orientdb","1ed5199abe379526f2a6aee6a18f6b7983440eab","graphdb/src/test/java/com/orientechnologies/orient/graph/sql/TestOutInChain.java","2","0","0","4","59","92","0"
"orientdb","3f66dc4f09a4d2287ff51a01c99f8a6a7f43515c","graphdb/src/test/java/com/orientechnologies/orient/graph/sql/SQLUpdateEdgeTest.java","2","0","0","4","64","104","0"
"elasticsearch","287cb00474e84a796c789ba31d078a6a64fb3a1d","core/src/test/java/org/elasticsearch/script/ScriptSettingsTests.java","2","0","0","4","66","102","1"
"netty","1fefe9affb05c7ffe69c05551b2864e7454c76e7","codec/src/test/java/io/netty/handler/codec/ByteToMessageCodecTest.java","2","0","0","4","67","100","0"
"netty","ead87b7df8d923417475ead2d7680747b1a72f07","microbench/src/main/java/io/netty/microbench/http2/internal/hpack/DecoderBenchmark.java","2","0","0","4","67","110","1"
"elasticsearch","2b3760f78b26817b5a2030aa27b1ddf2f17462f6","core/src/main/java/org/elasticsearch/rest/action/admin/cluster/RestClusterGetSettingsAction.java","2","0","0","4","68","100","1"
"elasticsearch","51d53791fe71c9cb62bc992588a57cdfb500383f","core/src/main/java/org/elasticsearch/rest/action/admin/cluster/RestClusterGetSettingsAction.java","2","0","0","4","68","105","0"
"netty","2fd42cfc6b32dacb812c6f2ecef8522cd94718d4","microbench/src/main/java/io/netty/microbench/http2/internal/hpack/DecoderBenchmark.java","2","0","0","4","68","111","0"
"elasticsearch","12392b5425fe7c96da671affd797f65fc3fa2dc9","modules/transport-netty3/src/test/java/org/elasticsearch/transport/netty3/SimpleNetty3TransportTests.java","2","0","0","4","70","106","0"
"elasticsearch","12392b5425fe7c96da671affd797f65fc3fa2dc9","modules/transport-netty4/src/test/java/org/elasticsearch/transport/netty4/SimpleNetty4TransportTests.java","2","0","0","4","70","107","0"
"hazelcast","bae7d5dcf12e85f48c49810190ec089eeea0b454","hazelcast/src/test/java/com/hazelcast/mapreduce/aggregation/MapCountAggregationPortableTest.java","2","0","0","4","71","91","0"
"elasticsearch","51d53791fe71c9cb62bc992588a57cdfb500383f","modules/lang-mustache/src/main/java/org/elasticsearch/script/mustache/RestSearchTemplateAction.java","2","0","0","4","72","121","0"
"neo4j","fd58f78ee7e63b03b71e392f12c42f3b13d95a47","enterprise/ha/src/test/java/org/neo4j/kernel/ha/cluster/modeswitch/AbstractComponentSwitcherTest.java","2","0","0","4","73","112","1"
"hazelcast","4a91f4eef271a8a8387d2e72b4d9b7fe1ce63c72","hazelcast/src/test/java/com/hazelcast/internal/diagnostics/SlowOperationPluginTest.java","2","0","0","4","75","89","0"
"hazelcast","0deba7ff1ee19a1c74054acfb9b821c81a2aa7e4","hazelcast/src/test/java/com/hazelcast/internal/diagnostics/SlowOperationPluginTest.java","2","0","0","4","75","90","1"
"elasticsearch","2b3760f78b26817b5a2030aa27b1ddf2f17462f6","modules/lang-mustache/src/main/java/org/elasticsearch/script/mustache/RestSearchTemplateAction.java","2","0","0","4","76","125","1"
"elasticsearch","61145bfb2fe237e057304aa0fec206177da1e3c4","core/src/test/java/org/elasticsearch/search/internal/ShardSearchTransportRequestTests.java","2","0","0","4","84","114","3"
"elasticsearch","d7ec2db9b0eadd0b08e6fccec8c50cb139d97325","core/src/test/java/org/elasticsearch/search/internal/ShardSearchTransportRequestTests.java","2","0","0","4","85","115","1"
"neo4j","317cd647561a0fc04808364cc543fc73edc39976","enterprise/causal-clustering/src/test/java/org/neo4j/causalclustering/catchup/storecopy/StoreFetcherTest.java","2","0","0","4","89","140","1"
"netty","cd0b5ec2db593d45c96bd6b55b0024042534af04","codec/src/test/java/io/netty/handler/codec/marshalling/AbstractCompatibleMarshallingDecoderTest.java","2","0","0","4","90","136","1"
"neo4j","035903e9ebdada5ea1269b223a6b5ee102763a1d","enterprise/causal-clustering/src/test/java/org/neo4j/causalclustering/catchup/storecopy/RemoteStoreTest.java","2","0","0","4","91","142","0"
"hazelcast","33c586d7fe567235e2216b7c79dd29adee22d5d0","hazelcast-client/src/test/java/com/hazelcast/client/map/impl/nearcache/ClientMapNearCachePreloaderTest.java","2","0","0","4","94","115","1"
"neo4j","871317377415ca324a48145401e20e173cb1fec2","community/neo4j/src/test/java/files/TestNoFileDescriptorLeaks.java","2","0","0","4","94","135","0"
"neo4j","8436dd70584c45c9036e3febb4b1fe42bac81ddb","enterprise/security/src/test/java/org/neo4j/server/security/enterprise/auth/plugin/PluginRealmTest.java","2","0","0","4","99","133","0"
"hazelcast","53ac704622b1288dce7f6ad9594178b7b0108e33","hazelcast/src/main/java/com/hazelcast/internal/adapter/IMapDataStructureAdapter.java","2","0","0","40","184","244","1"
"netty","7adc1f9eb424b1a52187e25f6671af9f58474fca","codec-stomp/src/main/java/io/netty/handler/codec/stomp/DefaultStompHeaders.java","2","0","0","41","206","266","0"
"netty","ba6ce5449ee852b782dde9a11933f6a09b123e22","codec-stomp/src/main/java/io/netty/handler/codec/stomp/DefaultStompHeaders.java","2","0","0","41","206","266","0"
"netty","24c94070801d480d2b719de54181b3d60abf0444","codec-stomp/src/main/java/io/netty/handler/codec/stomp/DefaultStompHeaders.java","2","0","0","41","206","266","1"
"hazelcast","879cf4ddd645191f0cae75aa72e9d43df6e142a8","hazelcast/src/main/java/com/hazelcast/internal/adapter/ReplicatedMapDataStructureAdapter.java","2","0","0","41","211","272","0"
"hazelcast","879cf4ddd645191f0cae75aa72e9d43df6e142a8","hazelcast/src/test/java/com/hazelcast/internal/adapter/ReplicatedMapDataStructureAdapterTest.java","2","0","0","41","228","305","0"
"hazelcast","879cf4ddd645191f0cae75aa72e9d43df6e142a8","hazelcast/src/main/java/com/hazelcast/internal/adapter/IMapDataStructureAdapter.java","2","0","0","42","193","255","0"
"hazelcast","2733328d746b5e5599d33bb063110b0617ac103c","hazelcast/src/test/java/com/hazelcast/config/InvalidConfigurationTest.java","2","0","0","49","423","526","0"
"neo4j","6b75a9235ea38e0c47caacd25cc919023c0c958b","community/lucene-index/src/test/java/org/neo4j/kernel/api/impl/schema/AccessUniqueDatabaseIndexTest.java","2","0","0","5","119","178","0"
"neo4j","5e8fd553e4e127000734e31d43f5623eea742f7d","enterprise/core-edge/src/test/java/org/neo4j/coreedge/core/state/machines/token/ReplicatedTokenHolderTest.java","2","0","0","5","120","197","1"
"neo4j","653b75d2a834f7faad0eabdee0fb05b3fa2d3650","community/kernel/src/test/java/org/neo4j/kernel/impl/storageengine/impl/recordstorage/RecordStorageEngineTest.java","2","0","0","5","121","160","0"
"elasticsearch","cb8fe00b0ebd16a0bd12106ed6785eabac2b658b","core/src/test/java/org/elasticsearch/search/geo/GeoDistanceIT.java","2","0","0","5","156","207","0"
"elasticsearch","066afcf3c36910210d50850f8880d38cd40e5dbe","core/src/test/java/org/elasticsearch/cluster/metadata/MetaDataCreateIndexServiceTests.java","2","0","0","5","159","223","1"
"hazelcast","bb05f578839f65ea248a79d9fd33398018fc6aa9","hazelcast/src/main/java/com/hazelcast/impl/concurrentmap/QueryException.java","2","0","0","5","16","38","0"
"elasticsearch","e74d02138f02a66331b2611b5e70a908bb49cb97","core/src/test/java/org/elasticsearch/common/network/NetworkModuleTests.java","2","0","0","5","160","208","0"
"elasticsearch","79093e166316b4b891c3db07b1c2e7785f55b939","core/src/test/java/org/elasticsearch/cluster/metadata/MetaDataCreateIndexServiceTests.java","2","0","0","5","162","226","0"
"elasticsearch","046abdc281c321cd2128ee7684c0edfcaca07203","core/src/test/java/org/elasticsearch/common/network/NetworkModuleTests.java","2","0","0","5","164","212","2"
"orientdb","480f55c8681a5dd4622a69f8499b9a072efb6379","core/src/main/java/com/orientechnologies/orient/core/storage/cache/OAbstractWriteCache.java","2","0","0","5","18","44","0"
"hazelcast","a599e8c54558b3206c3ee384a7785d717ae387df","hazelcast/src/main/java/com/hazelcast/map/impl/operation/SetOperation.java","2","0","0","5","21","47","1"
"hazelcast","d831651dd5814c8074c8b4727184701986f16039","hazelcast/src/main/java/com/hazelcast/multimap/impl/operations/CountOperation.java","2","0","0","5","22","46","1"
"hazelcast","bef9eaaee45912483a17edfa9bf8c70c0d515419","hazelcast/src/main/java/com/hazelcast/concurrent/semaphore/operations/SemaphoreDetachMemberBackupOperation.java","2","0","0","5","23","46","0"
"BroadleafCommerce","c47428fb0783c065f81dbdf641f1155879791b33","common/src/main/java/org/broadleafcommerce/common/web/filter/SessionlessHttpServletRequestWrapper.java","2","0","0","5","24","52","0"
"orientdb","2a004c4b73a8609cf941b54707f6e23ff7cbea22","core/src/main/java/com/orientechnologies/orient/core/engine/memory/OEngineMemory.java","2","0","0","5","26","53","0"
"elasticsearch","164efaecbe42195f08ada58b5fde927ab21fc6e7","plugins/discovery-multicast/src/main/java/org/elasticsearch/plugin/discovery/multicast/MulticastDiscoveryPlugin.java","2","0","0","5","26","54","0"
"junit","563d32cd3eea98a0f87aa12c48b309678d94d5a2","src/test/java/org/junit/tests/running/classes/BlockJUnit4ClassRunnerTest.java","2","0","0","5","28","33","0"
"hazelcast","d831651dd5814c8074c8b4727184701986f16039","hazelcast/src/main/java/com/hazelcast/multimap/impl/operations/GetAllOperation.java","2","0","0","5","28","52","1"
"hazelcast","6ac727db661eb934e5608e28e8a3603e7300d710","hazelcast/src/main/java/com/hazelcast/map/impl/operation/CheckIfPartitionFlushedOperation.java","2","0","0","5","28","54","0"
"elasticsearch","4b94eb5cb8cc4294ed0e932a5f22c16bd90d4dd7","core/src/main/java/org/elasticsearch/action/UnavailableShardsException.java","2","0","0","5","29","58","2"
"elasticsearch","860efb2ad28db09189c8423e05d0dba53010259c","core/src/main/java/org/elasticsearch/action/UnavailableShardsException.java","2","0","0","5","29","58","2"
"elasticsearch","d3417fb02291f26964d77767020ef345d18c148f","core/src/main/java/org/elasticsearch/action/UnavailableShardsException.java","2","0","0","5","29","58","0"
"hazelcast","549815d87e4f8624b4e7700b0a86d91cc5e084f0","hazelcast/src/main/java/com/hazelcast/concurrent/atomicreference/operations/AlterOperation.java","2","0","0","5","30","56","0"
"hazelcast","549815d87e4f8624b4e7700b0a86d91cc5e084f0","hazelcast/src/main/java/com/hazelcast/concurrent/atomicreference/operations/GetAndAlterOperation.java","2","0","0","5","31","56","0"
"hazelcast","8c3bd7122b1bfbe23c42decedde307280099c54e","hazelcast/src/main/java/com/hazelcast/concurrent/atomicreference/operations/AlterAndGetOperation.java","2","0","0","5","31","57","1"
"hazelcast","53d3fdbe0536649c3a5dd0895adda68ac11eaf03","hazelcast/src/main/java/com/hazelcast/concurrent/atomicreference/operations/GetAndAlterOperation.java","2","0","0","5","32","57","1"
"hazelcast","e9e27c207a3541604077e6912df99a6eda5f4e86","hazelcast/src/main/java/com/hazelcast/concurrent/atomicreference/operations/GetAndAlterOperation.java","2","0","0","5","32","57","1"
"hazelcast","066f068be903e4704cf5c042ae09a6a22cce5d87","hazelcast/src/main/java/com/hazelcast/concurrent/atomicreference/operations/GetAndAlterOperation.java","2","0","0","5","32","57","0"
"hazelcast","53d3fdbe0536649c3a5dd0895adda68ac11eaf03","hazelcast/src/main/java/com/hazelcast/concurrent/atomicreference/operations/AlterOperation.java","2","0","0","5","32","58","1"
"hazelcast","e9e27c207a3541604077e6912df99a6eda5f4e86","hazelcast/src/main/java/com/hazelcast/concurrent/atomicreference/operations/AlterOperation.java","2","0","0","5","32","58","1"
"hazelcast","066f068be903e4704cf5c042ae09a6a22cce5d87","hazelcast/src/main/java/com/hazelcast/concurrent/atomicreference/operations/AlterOperation.java","2","0","0","5","32","58","0"
"hazelcast","53d3fdbe0536649c3a5dd0895adda68ac11eaf03","hazelcast/src/main/java/com/hazelcast/concurrent/atomicreference/operations/AlterAndGetOperation.java","2","0","0","5","33","58","1"
"hazelcast","e9e27c207a3541604077e6912df99a6eda5f4e86","hazelcast/src/main/java/com/hazelcast/concurrent/atomicreference/operations/AlterAndGetOperation.java","2","0","0","5","33","58","1"
"hazelcast","066f068be903e4704cf5c042ae09a6a22cce5d87","hazelcast/src/main/java/com/hazelcast/concurrent/atomicreference/operations/AlterAndGetOperation.java","2","0","0","5","33","58","0"
"elasticsearch","e3d4d73242d215389280b1d7b9facb7b1bd9bd7d","src/test/java/org/elasticsearch/cluster/routing/allocation/RoutingAllocationTests.java","2","0","0","5","34","62","0"
"hazelcast","cc3d0fe4536065dc80b0102f7198bccdeb1b5a1d","hazelcast/src/main/java/com/hazelcast/client/impl/protocol/task/map/MapPutMessageTask.java","2","0","0","5","38","64","0"
"hazelcast","fbd3e1238608c3819d5f34d87d3a3a7b28a10f50","hazelcast/src/main/java/com/hazelcast/client/impl/protocol/task/map/MapPutMessageTask.java","2","0","0","5","38","67","1"
"hazelcast","8c5cfa498f10b4a2ff07036e1c18007df2550e70","hazelcast/src/main/java/com/hazelcast/spi/impl/eventservice/impl/operations/DeregistrationOperation.java","2","0","0","5","39","66","1"
"hazelcast","4efdefb85496ca6adad2fd18671ab05bae7897fd","hazelcast/src/main/java/com/hazelcast/spi/impl/eventservice/impl/operations/DeregistrationOperation.java","2","0","0","5","40","67","0"
"hazelcast","99c4072079a42e89bb3611d3ebb8a9f4e4e4ebf0","hazelcast/src/main/java/com/hazelcast/map/operation/PartitionWideEntryWithPredicateOperation.java","2","0","0","5","41","69","0"
"hazelcast","9aa18271558922971daa1263eabfed2be1cb0a76","hazelcast/src/test/java/com/hazelcast/jmx/LockMBeanTest.java","2","0","0","5","42","63","0"
"elasticsearch","f7cd86ef6d05243a13f00dcadc77c40dc52b9ef1","modules/ingest-common/src/test/java/org/elasticsearch/ingest/common/RemoveProcessorFactoryTests.java","2","0","0","5","43","72","0"
"hazelcast","0287d390022e68e3c252acac8db8e0dfc15ecbea","hazelcast/src/main/java/com/hazelcast/collection/impl/txncollection/operations/CollectionRollbackBackupOperation.java","2","0","0","5","44","70","1"
"hazelcast","3c7d3ca1d585684819927ba9de88fc3f2b44fc03","hazelcast/src/main/java/com/hazelcast/map/operation/QueryPartitionOperation.java","2","0","0","5","46","73","0"
"BroadleafCommerce","024e2cd7532a2662f5a6bf6f21876f03bcbccb0a","common/src/main/java/org/broadleafcommerce/common/util/dao/DynamicDaoHelperImpl.java","2","0","0","5","46","75","0"
"hazelcast","5186e0869fd957fd048d838064815d9922b133ec","hazelcast/src/main/java/com/hazelcast/concurrent/lock/operations/UnlockBackupOperation.java","2","0","0","5","47","74","1"
"neo4j","8294abaa5be4fad9dc2eedfc6f127a01b9607cb2","community/kernel/src/test/java/org/neo4j/kernel/configuration/SettingsTest.java","2","0","0","5","47","78","1"
"hazelcast","0287d390022e68e3c252acac8db8e0dfc15ecbea","hazelcast/src/main/java/com/hazelcast/collection/impl/txncollection/operations/CollectionPrepareBackupOperation.java","2","0","0","5","48","74","1"
"neo4j","a02a1d2234247d23ceacd27e70f01fd984469319","enterprise/security/src/main/java/org/neo4j/server/security/enterprise/auth/plugin/PluginAuthInfo.java","2","0","0","5","48","76","1"
"hazelcast","3a1d456848dcafbe8a777d7d33434d63a8db1f0d","hazelcast/src/main/java/com/hazelcast/concurrent/lock/operations/UnlockBackupOperation.java","2","0","0","5","49","77","0"
"hazelcast","317fabec0c90b274c686ba018cc1b465fee244f2","hazelcast/src/main/java/com/hazelcast/client/impl/protocol/task/map/MapValuesWithPagingPredicateMessageTask.java","2","0","0","5","49","78","0"
"hazelcast","317fabec0c90b274c686ba018cc1b465fee244f2","hazelcast/src/main/java/com/hazelcast/client/impl/protocol/task/map/MapKeySetWithPagingPredicateMessageTask.java","2","0","0","5","49","79","0"
"hazelcast","8aad5200f5667461d3959dacaa6d5d179d7b2add","hazelcast/src/main/java/com/hazelcast/client/impl/protocol/task/map/MapEntriesWithPredicateMessageTask.java","2","0","0","5","49","79","0"
"hazelcast","92c9e90afd37615e6c37493123b053a4f4a5c145","hazelcast/src/main/java/com/hazelcast/client/impl/protocol/task/map/MapEntriesWithPredicateMessageTask.java","2","0","0","5","49","79","1"
"hazelcast","317fabec0c90b274c686ba018cc1b465fee244f2","hazelcast/src/main/java/com/hazelcast/client/impl/protocol/task/map/MapEntriesWithPagingPredicateMessageTask.java","2","0","0","5","49","80","0"
"hazelcast","8aad5200f5667461d3959dacaa6d5d179d7b2add","hazelcast/src/main/java/com/hazelcast/client/impl/protocol/task/map/MapEntriesWithPagingPredicateMessageTask.java","2","0","0","5","49","80","0"
"hazelcast","92c9e90afd37615e6c37493123b053a4f4a5c145","hazelcast/src/main/java/com/hazelcast/client/impl/protocol/task/map/MapEntriesWithPagingPredicateMessageTask.java","2","0","0","5","49","80","1"
"hazelcast","84e0a9b9d444f633dbd2bced60d95bc478086fea","hazelcast/src/main/java/com/hazelcast/instance/DefaultNodeContext.java","2","0","0","5","50","76","0"
"hazelcast","d568e4d926d925d57d4e79e34614390416749301","hazelcast/src/test/java/com/hazelcast/cache/merge/PutIfAbsentCacheMergePolicyTest.java","2","0","0","5","52","67","0"
"hazelcast","929d07c17f918ee0901baef20651c04cf058dd31","hazelcast/src/test/java/com/hazelcast/cache/merge/PutIfAbsentCacheMergePolicyTest.java","2","0","0","5","53","69","1"
"neo4j","4e13feaa5058f4f1b623704bbde288b5850c1ec6","community/security/src/test/java/org/neo4j/commandline/admin/security/CreateCommandTest.java","2","0","0","5","54","106","0"
"hazelcast","94d1743a467f99e6de29d8afb7c4bdbf7e5f4153","hazelcast-client/src/test/java/com/hazelcast/client/scheduledexecutor/ClientScheduledExecutorServiceBasicTest.java","2","0","0","5","55","82","0"
"neo4j","3234e29e6ac24f69feb2f8359797b46614145bc3","community/server/src/test/java/org/neo4j/server/configuration/ConfigFileBuilder.java","2","0","0","5","55","85","1"
"elasticsearch","555ececaa914aefd8aa1d319695e08744cae0e89","src/test/java/org/elasticsearch/index/analysis/KeepFilterFactoryTests.java","2","0","0","5","55","86","0"
"hazelcast","628a219cc0428ad068cb76a43b781c7773d85db9","hazelcast/src/main/java/com/hazelcast/map/operation/AddIndexOperation.java","2","0","0","5","57","84","0"
"neo4j","7b890cea4f0be50e697d6ba272edb6b74b84e373","community/security/src/test/java/org/neo4j/commandline/admin/security/CreateCommandTest.java","2","0","0","5","58","111","1"
"hazelcast","cd3feee000a902c92572be92c3f16c710b10cd4e","hazelcast/src/main/java/com/hazelcast/map/operation/AddIndexOperation.java","2","0","0","5","58","84","2"
"neo4j","9c79c33600e5511ac1320496d1bdd614808a973c","enterprise/core-edge/src/test/java/org/neo4j/coreedge/raft/log/segmented/SegmentedRaftLogContractTest.java","2","0","0","5","59","91","1"
"neo4j","35d3cb44745adf7b5eddd36250fb71248143ded9","community/kernel/src/test/java/org/neo4j/kernel/impl/store/id/IdGeneratorImplTest.java","2","0","0","5","60","106","0"
"hazelcast","f20e3dadabc7cb95afcf791a2c9872699868bdb6","hazelcast/src/main/java/com/hazelcast/map/operation/AddIndexOperation.java","2","0","0","5","60","87","0"
"neo4j","2162f57a395476c1b2e263b1e055c6baea8aa276","community/server/src/main/java/org/neo4j/server/configuration/ConfigLoader.java","2","0","0","5","64","101","0"
"hazelcast","2370bfc23acba3dae804f189052da0099e100cc9","hazelcast/src/main/java/com/hazelcast/map/impl/operation/AddIndexOperation.java","2","0","0","5","65","93","0"
"hazelcast","268d983e8f25e4c5673b03bbcfe6256da34c533d","hazelcast/src/main/java/com/hazelcast/map/operation/AddIndexOperation.java","2","0","0","5","65","93","0"
"hazelcast","7a8d9282ca206e921934a8709d079e3ca00d3c3c","hazelcast/src/main/java/com/hazelcast/map/operation/AddIndexOperation.java","2","0","0","5","65","93","0"
"hazelcast","b71ea0beea4c49f1a5f160f71f7fb0b5d62aa1dd","hazelcast/src/main/java/com/hazelcast/map/impl/operation/AddIndexOperation.java","2","0","0","5","65","93","1"
"hazelcast","73673199472b3fb25cf6c72de378a1d2bab18605","hazelcast/src/main/java/com/hazelcast/instance/DefaultNodeContext.java","2","0","0","5","66","93","1"
"hazelcast","86b064ba3f1e467e74e95d6da24b03122065ce36","hazelcast/src/main/java/com/hazelcast/instance/DefaultNodeContext.java","2","0","0","5","66","93","2"
"hazelcast","9948976cea0dd05d47e24f303a0b309b4155d329","hazelcast/src/main/java/com/hazelcast/instance/DefaultNodeContext.java","2","0","0","5","66","93","2"
"hazelcast","82683a8423a0a3209f3dd70ca23835ee63f0d0b8","hazelcast/src/main/java/com/hazelcast/instance/DefaultNodeContext.java","2","0","0","5","66","93","0"
"orientdb","29da058c3bc239cf1911da86b63d76a2071dcd28","graphdb/src/test/java/com/orientechnologies/orient/graph/sql/TestDeleteEdge.java","2","0","0","5","67","92","0"
"elasticsearch","3aed047bdedde1bda189cbfc2f81e65af42e57c5","core/src/main/java/org/elasticsearch/search/aggregations/metrics/scripted/ScriptedMetricAggregator.java","2","0","0","5","68","98","0"
"hazelcast","c2ef444d97e9948cfc8425a11ea2f0434c3f16a0","hazelcast-client/src/test/java/com/hazelcast/client/proxy/ProxyEqualityTest.java","2","0","0","5","69","96","0"
"hazelcast","cdb8b0e0e259c0992856d553f2aa04499043c84d","hazelcast-client/src/test/java/com/hazelcast/client/impl/ClientLoggerConfigurationTest.java","2","0","0","5","71","95","0"
"elasticsearch","73307a2144fbdf63c551eeccdc7e93dc30e59a92","modules/lang-mustache/src/main/java/org/elasticsearch/script/mustache/RestSearchTemplateAction.java","2","0","0","5","72","122","1"
"neo4j","a93c570faa774c1a40b635b6a3e6d8ccb61a99e8","community/lucene-index/src/test/java/org/neo4j/kernel/api/impl/index/LuceneSchemaIndexCorruptionTest.java","2","0","0","5","73","135","1"
"neo4j","269c1c2fa4ded11eb10584c2c5fa55b710cdb1b7","community/server/src/test/java/org/neo4j/server/BaseBootstrapperTest.java","2","0","0","5","74","125","1"
"elasticsearch","d26becc040036b625dde751704d7537742c97e09","core/src/test/java/org/elasticsearch/search/aggregations/metrics/percentiles/tdigest/TDigestPercentileRanksAggregatorTests.java","2","0","0","5","76","112","0"
"elasticsearch","3b90906f4f5a14d662b85b72d48d39f1d06cc709","test/framework/src/main/java/org/elasticsearch/test/ClusterServiceUtils.java","2","0","0","5","77","111","1"
"neo4j","0a8e56128401353b0c8b50cf4a27827c8b4a4f35","community/kernel/src/test/java/org/neo4j/kernel/impl/core/RelationshipConversionTest.java","2","0","0","5","77","116","0"
"elasticsearch","d26becc040036b625dde751704d7537742c97e09","core/src/test/java/org/elasticsearch/search/aggregations/metrics/percentiles/hdr/HDRPercentileRanksAggregatorTests.java","2","0","0","5","78","108","0"
"elasticsearch","ae69645e9f88a27111446ccb2487c9325b1c4d3a","core/src/test/java/org/elasticsearch/index/mapper/id/IdMappingTests.java","2","0","0","5","79","118","1"
"orientdb","e3100a26c9fbf598b9adf8fe0997b516ddfa848a","graphdb/src/test/java/com/orientechnologies/orient/graph/sql/SQLUpdateEdgeTest.java","2","0","0","5","79","127","0"
"neo4j","3ec0e927cb481a29815bc3237d2e53fd7cadd271","community/lucene-index/src/test/java/org/neo4j/kernel/api/impl/index/LuceneSchemaIndexCorruptionTest.java","2","0","0","5","80","143","0"
"neo4j","9c79c33600e5511ac1320496d1bdd614808a973c","enterprise/core-edge/src/test/java/org/neo4j/coreedge/raft/log/segmented/SegmentedRaftLogCursorIT.java","2","0","0","5","81","128","1"
"hazelcast","d9d20943b88faf6aa25ddbdc19feab4571611431","hazelcast-client-legacy/src/test/java/com/hazelcast/client/cluster/ClientClusterServiceMemberListTest.java","2","0","0","5","82","103","1"
"neo4j","3da8523ddc5b1463dae1b497f6787835b5663e6a","community/kernel/src/test/java/org/neo4j/kernel/impl/api/store/StoreSingleRelationshipCursorTest.java","2","0","0","5","85","122","1"
"neo4j","7723d89e6d1d951e8923fb102da0228db2e4e8f9","community/kernel/src/test/java/org/neo4j/kernel/impl/api/store/StoreSingleRelationshipCursorTest.java","2","0","0","5","86","122","3"
"neo4j","4f04ee08438d4e1c99095d9d8a9f2ec223af89a9","community/kernel/src/test/java/org/neo4j/kernel/impl/api/store/StoreSingleRelationshipCursorTest.java","2","0","0","5","87","123","2"
"neo4j","530cd9dd6f2874f7121a6905d6d7ad1a6b42f376","community/kernel/src/test/java/org/neo4j/kernel/impl/api/store/StoreSingleRelationshipCursorTest.java","2","0","0","5","87","123","3"
"neo4j","13e3d20860f871d1c13c10429f2d4d31d6180c8b","community/kernel/src/test/java/org/neo4j/kernel/impl/api/store/StoreSingleRelationshipCursorTest.java","2","0","0","5","87","123","0"
"neo4j","b2d52bf60d6299be32a6e2f21ea5106523e7a1ce","enterprise/cypher/cypher/src/test/java/org/neo4j/cypher/internal/javacompat/ExecutionResultTest.java","2","0","0","5","87","150","1"
"hazelcast","57b0a8381a06b97bd2ae756bae4550a78b6a45fd","hazelcast/src/test/java/com/hazelcast/instance/LifeCycleListenerTest.java","2","0","0","5","88","124","1"
"hazelcast","dbf6c47bbbf442948813e1b8f34ca033cf2fa286","hazelcast/src/test/java/com/hazelcast/instance/LifeCycleListenerTest.java","2","0","0","5","88","124","1"
"hazelcast","9a4cb17fa83316ca668a77efcc71338ecc5ec43d","hazelcast/src/test/java/com/hazelcast/instance/LifeCycleListenerTest.java","2","0","0","5","88","124","0"
"neo4j","886dbb454deaae6adcb4ff26e76f6e225eedca55","enterprise/core-edge/src/test/java/org/neo4j/coreedge/raft/log/segmented/SegmentedRaftLogCursorIT.java","2","0","0","5","88","138","0"
"neo4j","673a2d43f0183ad12d9365940576638dafbd75bc","community/server/src/test/java/org/neo4j/server/modules/ExtensionInitializerTest.java","2","0","0","5","90","131","0"
"hazelcast","48e0d6708befe8810164c467fa2f0ba367b071f3","hazelcast/src/test/java/com/hazelcast/map/mapstore/MapStoreEvictionTest.java","2","0","0","5","91","118","1"
"elasticsearch","ea206237e3d8aa6e9b37a7063e6a2782b3e3cc5c","core/src/test/java/org/elasticsearch/action/ingest/TrackingResultProcessorTests.java","2","0","0","5","91","131","1"
"hazelcast","1f231b04eb6c1f8be9ff637ba3c60b7a2e90d994","hazelcast/src/test/java/com/hazelcast/map/mapstore/MapStoreEvictionTest.java","2","0","0","5","92","119","2"
"elasticsearch","0fa67e1538e189ff1b6b46c602ccf0cc6ff22bd1","core/src/test/java/org/elasticsearch/ingest/processor/TrackingResultProcessorTests.java","2","0","0","5","92","132","0"
"hazelcast","c73bbb297198973530f8edc1987c1cdabb26fef9","hazelcast-client/src/test/java/com/hazelcast/client/ClientAuthenticationTest.java","2","0","0","6","100","130","1"
"hazelcast","5ec4f40614d7e8a0cb526bc2ae604d4d5958ffa6","hazelcast/src/test/java/com/hazelcast/mapreduce/impl/task/ReducerTaskSchedulerTest.java","2","0","0","6","100","137","0"
"elasticsearch","28fd684eef75592346e72c92177e7dd86af82608","core/src/test/java/org/elasticsearch/action/ingest/TrackingResultProcessorTests.java","2","0","0","6","106","149","0"
"hazelcast","4b901ebe4026da8c54ce0c7934814d354946fb0a","hazelcast-client-new/src/test/java/com/hazelcast/client/ClientReconnectTest.java","2","0","0","6","107","142","0"
"hazelcast","86534e52868df3924b78e92e24e16ba1ffd83ce8","hazelcast-client-legacy/src/test/java/com/hazelcast/client/ClientReconnectTest.java","2","0","0","6","107","142","0"
"hazelcast","90fb1b71150a3690cc10276f3e4b6a9efa2dc4cb","hazelcast-client/src/test/java/com/hazelcast/client/ClientReconnectTest.java","2","0","0","6","107","142","2"
"hazelcast","aa5c4585424b8dc521597ed7bc252abd66f1deb3","hazelcast-client-new/src/test/java/com/hazelcast/client/spi/ProxyFactoryTest.java","2","0","0","6","109","131","0"
"hazelcast","da4a5afadf8b24a6aefe47f208296c61deaf2ce6","hazelcast-client/src/test/java/com/hazelcast/client/ClientReconnectTest.java","2","0","0","6","109","144","1"
"hazelcast","5b2b16c6bc5b8cf596e46087725c723ae6e0cf1c","hazelcast-client-legacy/src/test/java/com/hazelcast/client/spi/ProxyFactoryTest.java","2","0","0","6","110","133","0"
"neo4j","035903e9ebdada5ea1269b223a6b5ee102763a1d","enterprise/causal-clustering/src/test/java/org/neo4j/causalclustering/readreplica/ReadReplicaStartupProcessTest.java","2","0","0","6","112","169","0"
"neo4j","c78d5b9a732e8512a6136e4194de35dbffdeaca6","enterprise/causal-clustering/src/test/java/org/neo4j/causalclustering/readreplica/ReadReplicaStartupProcessTest.java","2","0","0","6","114","170","1"
"hazelcast","3ed7b39ad62cc790a3c27b3875f0fbe82d02694f","hazelcast-client-new/src/test/java/com/hazelcast/client/map/ClientMapPartitionLostListenerTest.java","2","0","0","6","120","155","0"
"elasticsearch","1f04182b8164ffb19f3805c48d67f0375262b317","core/src/test/java/org/elasticsearch/script/ScriptFieldIT.java","2","0","0","6","131","177","0"
"elasticsearch","5a64f08f048461a63a0ca1354a5050c954e63d52","core/src/test/java/org/elasticsearch/percolator/PercolateDocumentParserTests.java","2","0","0","6","151","190","0"
"elasticsearch","0a69f1e283e26e5d9e6a000b68b9f4778de557a1","core/src/test/java/org/elasticsearch/percolator/PercolateDocumentParserTests.java","2","0","0","6","153","192","2"
"elasticsearch","871b38afcb373d128b8061ffe13ae740304da282","core/src/test/java/org/elasticsearch/percolator/PercolateDocumentParserTests.java","2","0","0","6","159","197","2"
"hazelcast","066e05ebd5b8e1d08c42a5aa2c6e236b925a144d","hazelcast/src/test/java/com/hazelcast/internal/util/futures/ChainingFutureTest.java","2","0","0","6","175","227","1"
"neo4j","7133cda9323ffdaf396536337cfebbdafab1cf1b","community/kernel/src/test/java/org/neo4j/kernel/impl/query/Neo4jTransactionalContextTest.java","2","0","0","6","245","328","1"
"hazelcast","f4bd46f1edd370c1e594d8c3138a9c02b6214a7e","hazelcast/src/main/java/com/hazelcast/map/impl/operation/SetOperation.java","2","0","0","6","25","52","2"
"hazelcast","60cb5653b0c0d9640461d31a7ddb776362a4567c","hazelcast/src/main/java/com/hazelcast/map/impl/operation/SetOperation.java","2","0","0","6","26","53","0"
"mcMMO","b50ba9c02edbf8418b4c065589dd242438333838","src/main/java/com/gmail/nossr50/events/skills/alchemy/McMMOPlayerBrewEvent.java","2","0","0","6","28","38","1"
"ceylon-ide-eclipse","e82ba3737495cae8f78802a01c33bc2428322bfb","plugins/com.redhat.ceylon.eclipse.ui/src/com/redhat/ceylon/eclipse/core/model/CeylonUnit.java","2","0","0","6","28","40","1"
"hazelcast","72f10e937c2941afb29b702c9a5cf815893d5602","hazelcast/src/main/java/com/hazelcast/concurrent/semaphore/operations/SemaphoreDeadMemberBackupOperation.java","2","0","0","6","29","53","0"
"netty","0b11fb2eadb7a44cbef26d4972f9070015b3da38","common/src/main/java/io/netty/util/internal/Signal.java","2","0","0","6","31","59","0"
"hazelcast","d831651dd5814c8074c8b4727184701986f16039","hazelcast/src/main/java/com/hazelcast/map/impl/operation/GetEntryViewOperation.java","2","0","0","6","33","60","1"
"hazelcast","f351d4e4d3b5d5e4e4a39c7d328f91b2c161061e","hazelcast/src/main/java/com/hazelcast/map/operation/GetEntryViewOperation.java","2","0","0","6","33","60","1"
"hazelcast","7a8d9282ca206e921934a8709d079e3ca00d3c3c","hazelcast/src/main/java/com/hazelcast/map/operation/GetEntryViewOperation.java","2","0","0","6","33","60","0"
"elasticsearch","25fd9e26c4fb042d6f6dea14efcd239577bdbbc4","core/src/main/java/org/elasticsearch/action/ingest/GetPipelineRequest.java","2","0","0","6","36","66","0"
"netty","6ebf4d1f5be83c1f87284c61828beeb166a857d4","example/src/main/java/io/netty/example/proxy/HexDumpProxyBackendHandler.java","2","0","0","6","38","62","0"
"netty","b58036aeea21497797b648506b75b25b187b35a2","example/src/main/java/io/netty/example/proxy/HexDumpProxyBackendHandler.java","2","0","0","6","40","64","1"
"neo4j","2dce9b701631b41aa14f4d8ff186c708b57abd1e","community/server/src/main/java/org/neo4j/server/database/InjectableProvider.java","2","0","0","6","41","70","1"
"hazelcast","410d077538e8af21fc7846a758d83cc67801da83","hazelcast/src/main/java/com/hazelcast/client/impl/client/GetDistributedObjectsRequest.java","2","0","0","6","42","68","2"
"BroadleafCommerce","b8d645d805691dea60f36eefe3dcaa9595d2f01c","core/broadleaf-profile/src/main/java/org/broadleafcommerce/profile/core/dao/RoleDaoImpl.java","2","0","0","6","42","70","0"
"hazelcast","7bf1edb5333c66ddaeed4a826dacd5ad6e694f16","hazelcast/src/main/java/com/hazelcast/map/impl/operation/PartitionCheckIfLoadedOperation.java","2","0","0","6","44","72","2"
"elasticsearch","b007af1f464f49849705356a2eea212ed68643ac","src/main/java/org/elasticsearch/common/lucene/search/function/ScriptScoreFunction.java","2","0","0","6","45","77","0"
"hazelcast","1ce47d7ee0c006ba8890a4689a77b928f03eaebb","hazelcast-client/src/main/java/com/hazelcast/client/impl/ItemListenerManager.java","2","0","0","6","46","73","0"
"BroadleafCommerce","0b82dddef8d8a719cf608eae326d394cb23b6218","core/broadleaf-framework/src/main/java/org/broadleafcommerce/core/offer/dao/OfferAuditDaoImpl.java","2","0","0","6","51","83","2"
"neo4j","2506daeed142404e160c5f56bd4e56b89fdaf6ce","community/kernel/src/test/java/org/neo4j/kernel/configuration/SettingsTest.java","2","0","0","6","53","85","0"
"orientdb","39a8884d03c0bc49b8ecf655a22fe80646afa1e6","spatial/src/main/java/com/orientechnologies/spatial/shape/OMultiPointShapeBuilder.java","2","0","0","6","56","84","0"
"titan","0d269e350f01e145b0eec0157b9c45274b2023f7","titan-test/src/test/java/com/thinkaurelius/titan/graphdb/configuration/TinkerpopFeaturesTest.java","2","0","0","6","64","83","0"
"oryx","9e84e8c96615104177a505a0ee9784af8d0d8d12","framework/oryx-common/src/test/java/com/cloudera/oryx/common/math/LinearSystemSolverTest.java","2","0","0","6","65","90","1"
"hazelcast","70d4de16ff0ac4518d09aad8c9f2ad9e782fb337","hazelcast/src/main/java/com/hazelcast/map/impl/operation/AddIndexOperation.java","2","0","0","6","65","95","1"
"BroadleafCommerce","64ee9c754b4adff1e55416fdd70d45b35f42d991","core/broadleaf-framework/src/main/java/org/broadleafcommerce/core/search/dao/FieldDaoImpl.java","2","0","0","6","66","107","0"
"elasticsearch","38c650f3763c694472db18915289203d8161254d","modules/ingest-common/src/test/java/org/elasticsearch/ingest/common/ScriptProcessorFactoryTests.java","2","0","0","6","68","102","0"
"BroadleafCommerce","d8dbf31381e5c689ad90bada81d6092e897818bb","integration/src/test/java/org/broadleafcommerce/core/offer/service/CreateOfferUtility.java","2","0","0","6","70","98","0"
"hazelcast","accb8f0e3102e151f7e6961bcb7cf2991a679b65","hazelcast/src/main/java/com/hazelcast/map/impl/operation/AddIndexOperation.java","2","0","0","6","72","102","0"
"hazelcast","9473073ff155853cba32057b8195e77c135baa52","hazelcast/src/main/java/com/hazelcast/map/impl/operation/AddIndexOperation.java","2","0","0","6","74","104","0"
"neo4j","163d0bd4868b719bb23dc1d48cbc5f577e5994b6","community/kernel/src/main/java/org/neo4j/kernel/builtinprocs/BuiltInDbmsProcedures.java","2","0","0","6","79","111","1"
"neo4j","07530adc6e64325f30ad4ef2b4efa48905cff328","community/kernel/src/main/java/org/neo4j/kernel/builtinprocs/BuiltInDbmsProcedures.java","2","0","0","6","82","114","0"
"neo4j","36297e92d45bc9d3867ef07d2802540827d9c505","community/server/src/test/java/org/neo4j/server/rest/transactional/integration/RowFormatMetaFieldTest.java","2","0","0","6","82","129","0"
"elasticsearch","99b0faed14b9301d6cd2a3abe2fa847e8a335c44","src/main/java/org/elasticsearch/common/lucene/search/function/ScriptScoreFunction.java","2","0","0","6","83","124","1"
"elasticsearch","d84c643f5880a88d2e5c38b487123161f3e01fe0","plugins/mapper-size/src/test/java/org/elasticsearch/index/mapper/size/SizeMappingTests.java","2","0","0","6","88","127","0"
"neo4j","9c79c33600e5511ac1320496d1bdd614808a973c","enterprise/core-edge/src/test/java/org/neo4j/coreedge/raft/log/segmented/EntryBasedLogPruningStrategyTest.java","2","0","0","6","91","148","1"
"neo4j","24551acf5eba050158684a993470adaeb5bdd960","community/server/src/test/java/org/neo4j/server/BaseBootstrapperTest.java","2","0","0","6","92","143","1"
"neo4j","ea0c055d8764baf8f17fd75d397b05ff957064f6","community/server/src/test/java/org/neo4j/server/BaseBootstrapperTest.java","2","0","0","6","92","143","1"
"neo4j","b863b894e728c6ceccb66da8e0dcdaa53d7039c3","community/server/src/test/java/org/neo4j/server/BaseBootstrapperTest.java","2","0","0","6","92","143","0"
"hazelcast","f5b5e658ea42c43530cc3fd5e132e2fe503ab8b4","hazelcast-client/src/test/java/com/hazelcast/client/cluster/ClientClusterServiceMemberListTest.java","2","0","0","6","93","116","0"
"neo4j","0fcc6fb50a2a1d279ddd576045c1cefe05be7cb2","community/server/src/test/java/org/neo4j/server/BaseBootstrapperTest.java","2","0","0","6","96","147","0"
"hazelcast","cb1c7d376de36ac63c7e4a720bd1af59cb2d9ace","hazelcast/src/test/java/com/hazelcast/mapreduce/impl/task/ReducerTaskSchedulerTest.java","2","0","0","6","99","136","0"
"elasticsearch","42718936d936bfd987b384e7a38054462b5e05cc","core/src/test/java/org/elasticsearch/index/mapper/routing/RoutingTypeMapperTests.java","2","0","0","7","101","140","0"
"netty","6646db171ecc66b33ea81548b05e7434e27d212b","codec-http/src/test/java/io/netty/handler/codec/http/HttpObjecctAggregatorTest.java","2","0","0","7","102","139","0"
"netty","ca5554dfe7707d2cce712d1165a648129e0a9c84","codec-http/src/test/java/io/netty/handler/codec/http/HttpObjecctAggregatorTest.java","2","0","0","7","102","139","0"
"netty","4a5dc3222488db44b0174297f20b83195601cb8d","codec-http/src/test/java/io/netty/handler/codec/http/HttpObjecctAggregatorTest.java","2","0","0","7","102","139","1"
"neo4j","035903e9ebdada5ea1269b223a6b5ee102763a1d","community/kernel/src/main/java/org/neo4j/kernel/recovery/DefaultRecoverySPI.java","2","0","0","7","104","145","0"
"neo4j","6b75a9235ea38e0c47caacd25cc919023c0c958b","community/lucene-index/src/test/java/org/neo4j/kernel/api/impl/schema/populator/NonUniqueDatabaseIndexPopulatorTest.java","2","0","0","7","104","153","0"
"neo4j","035903e9ebdada5ea1269b223a6b5ee102763a1d","enterprise/causal-clustering/src/test/java/org/neo4j/causalclustering/core/state/snapshot/CoreStateDownloaderTest.java","2","0","0","7","104","164","0"
"neo4j","c78d5b9a732e8512a6136e4194de35dbffdeaca6","enterprise/causal-clustering/src/test/java/org/neo4j/causalclustering/core/state/snapshot/CoreStateDownloaderTest.java","2","0","0","7","107","167","1"
"hazelcast","b1b71398a1860e5187c3aaa1e4b641f8b09d1254","hazelcast-client/src/test/java/com/hazelcast/client/ClientReconnectTest.java","2","0","0","7","121","159","1"
"elasticsearch","0e9186e1373b99e261d80317c836477b7cc31d66","core/src/test/java/org/elasticsearch/transport/TransportServiceHandshakeTests.java","2","0","0","7","130","178","0"
"elasticsearch","567c65b0d57e92cd530dafa7f55de7ba681af13e","core/src/test/java/org/elasticsearch/transport/TransportServiceHandshakeTests.java","2","0","0","7","136","188","2"
"hazelcast","27d49efcee88ee428254cf38353e8698ea127c45","hazelcast-client/src/test/java/com/hazelcast/client/heartbeat/ClientHeartbeatTest.java","2","0","0","7","150","206","1"
"hazelcast","c9d117501d9d7e1014b9006bc4b711baa42e0c57","hazelcast/src/test/java/com/hazelcast/internal/util/futures/ChainingFutureTest.java","2","0","0","7","190","243","0"
"hazelcast","7001ec8c5b1305c796de75c2e3f170c562db8c03","hazelcast-client/src/test/java/com/hazelcast/client/cache/impl/nearcache/ClientCacheSerializationCountTest.java","2","0","0","7","199","268","0"
"hazelcast","dad5438f479c8781d8c673cbb6a08f85e7ab9c63","hazelcast-client-new/src/test/java/com/hazelcast/client/cache/nearcache/ClientCacheSerializationCountTest.java","2","0","0","7","203","276","0"
"hazelcast","1c78184690da54e92a3b589307ab66c0cc99eb3e","hazelcast/src/test/java/com/hazelcast/map/MergePolicyTest.java","2","0","0","7","212","276","1"
"hazelcast","1f042b8c4a4245594691bb6d85a66ceed9b43068","hazelcast/src/test/java/com/hazelcast/replicatedmap/ReplicatedMapMergePolicyTest.java","2","0","0","7","212","292","1"
"hazelcast","c57d3349fbdda6d4454ef257937a2199cea9572f","hazelcast/src/test/java/com/hazelcast/replicatedmap/ReplicatedMapMergePolicyTest.java","2","0","0","7","212","292","1"
"hazelcast","eae5aabe2df5d86740f725387d4b9c32fb6d5495","hazelcast/src/test/java/com/hazelcast/replicatedmap/ReplicatedMapMergePolicyTest.java","2","0","0","7","212","292","1"
"hazelcast","2921cff694583b8638dae2991f427e61d5440a9d","hazelcast/src/test/java/com/hazelcast/replicatedmap/ReplicatedMapMergePolicyTest.java","2","0","0","7","212","292","0"
"hazelcast","584996c0c9a11facf995848e53a5a2ef79a3889a","hazelcast/src/test/java/com/hazelcast/replicatedmap/ReplicatedMapMergePolicyTest.java","2","0","0","7","212","292","0"
"elasticsearch","4423e1b78fa7b08129ff05a10141b6b934c6e15e","core/src/test/java/org/elasticsearch/script/StoredScriptTests.java","2","0","0","7","245","350","0"
"elasticsearch","c5396839c4bd720980308a9d532d9f955323f489","core/src/test/java/org/elasticsearch/script/StoredScriptTests.java","2","0","0","7","257","365","2"
"ceylon-ide-eclipse","1cfcc411e9affda9de0b72cd43a67f5ec3bb327a","plugins/com.redhat.ceylon.eclipse.ui/src/com/redhat/ceylon/eclipse/core/model/CeylonUnit.java","2","0","0","7","29","41","0"
"hazelcast","934a604d8485af4a9bffcecf5fe4baede22169fe","hazelcast/src/main/java/com/hazelcast/map/impl/operation/SetOperation.java","2","0","0","7","30","58","1"
"hazelcast","4b37b0ebf8a268dba38bcdd279b2ad087568b60a","hazelcast/src/test/java/com/hazelcast/map/TestPredicate.java","2","0","0","7","32","59","0"
"hazelcast","bb3ea0e107980d769862cdbda748cc91529d67b5","hazelcast/src/main/java/com/hazelcast/transaction/client/CommitXATransactionRequest.java","2","0","0","7","38","65","0"
"hazelcast","e70588833ba9faf0a35ea2d92b79db49f36ac3a0","hazelcast/src/test/java/com/hazelcast/internal/management/JettyServer.java","2","0","0","7","41","54","0"
"hazelcast","2a2bc33f3dcf073d0ebcffe55d7ba18747ded76f","hazelcast/src/main/java/com/hazelcast/map/impl/operation/NearCacheSingleInvalidationOperation.java","2","0","0","7","43","71","0"
"hazelcast","62a2d7a2993e205acd37a462f8c7f9fe10f29dee","hazelcast/src/main/java/com/hazelcast/map/impl/operation/NearCacheSingleInvalidationOperation.java","2","0","0","7","43","71","0"
"hazelcast","7db53c0a19c56ae9c88038c5bf9e46075c9213e0","hazelcast/src/main/java/com/hazelcast/map/impl/operation/NearCacheSingleInvalidationOperation.java","2","0","0","7","43","71","0"
"hazelcast","52a52795addfbb1fa317d0716c26a6320e6cf422","hazelcast/src/main/java/com/hazelcast/map/impl/operation/NearCacheSingleInvalidationOperation.java","2","0","0","7","43","71","1"
"hazelcast","d9173aa8d1e548b218470462551e76d92f4d2576","hazelcast/src/main/java/com/hazelcast/map/impl/operation/NearCacheSingleInvalidationOperation.java","2","0","0","7","43","71","1"
"elasticsearch","4b94eb5cb8cc4294ed0e932a5f22c16bd90d4dd7","core/src/main/java/org/elasticsearch/action/fieldstats/FieldStatsShardRequest.java","2","0","0","7","43","74","2"
"elasticsearch","860efb2ad28db09189c8423e05d0dba53010259c","core/src/main/java/org/elasticsearch/action/fieldstats/FieldStatsShardRequest.java","2","0","0","7","43","74","2"
"elasticsearch","d3417fb02291f26964d77767020ef345d18c148f","core/src/main/java/org/elasticsearch/action/fieldstats/FieldStatsShardRequest.java","2","0","0","7","43","74","0"
"hazelcast","e253ba2e3054a341540a218c869c9e1b3f802a43","hazelcast/src/main/java/com/hazelcast/map/impl/nearcache/KeyStateMarkerImpl.java","2","0","0","7","44","74","2"
"hazelcast","9e3a6441c2c27c97dd49730d16bff3dcf0f295ef","hazelcast/src/main/java/com/hazelcast/map/impl/nearcache/KeyStateMarkerImpl.java","2","0","0","7","44","75","2"
"hazelcast","62d6d6048f8db82bcba99ded8d33d5b98f23b77d","hazelcast/src/main/java/com/hazelcast/client/ClientReAuthOperation.java","2","0","0","7","48","77","0"
"hazelcast","25b01fcf77453e86aae1ab547d991e4897112a1e","hazelcast/src/main/java/com/hazelcast/client/ClientReAuthOperation.java","2","0","0","7","49","78","1"
"hazelcast","2604627e26a5a66c185ae6f7bc0518fefa14d0e1","hazelcast/src/main/java/com/hazelcast/client/ClientReAuthOperation.java","2","0","0","7","49","78","1"
"hazelcast","2952ce2de2d173f4f89262cfa56abde09f5318d1","hazelcast/src/main/java/com/hazelcast/client/DistributedObjectListenerRequest.java","2","0","0","7","49","78","0"
"neo4j","530cd9dd6f2874f7121a6905d6d7ad1a6b42f376","community/kernel/src/main/java/org/neo4j/kernel/impl/core/RelationshipConversion.java","2","0","0","7","50","79","1"
"hazelcast","33e216216f387cab154a07589ad26c7a4a284850","hazelcast/src/main/java/com/hazelcast/client/DistributedObjectListenerRequest.java","2","0","0","7","50","79","1"
"hazelcast","410d077538e8af21fc7846a758d83cc67801da83","hazelcast/src/main/java/com/hazelcast/client/impl/client/DistributedObjectListenerRequest.java","2","0","0","7","50","79","3"
"neo4j","13e3d20860f871d1c13c10429f2d4d31d6180c8b","community/kernel/src/main/java/org/neo4j/kernel/impl/core/RelationshipConversion.java","2","0","0","7","50","79","0"
"neo4j","7c7306503a8f5d5797877770175187ea2e887f9e","community/kernel/src/main/java/org/neo4j/kernel/impl/core/RelationshipConversion.java","2","0","0","7","50","79","0"
"neo4j","a93c570faa774c1a40b635b6a3e6d8ccb61a99e8","community/lucene-index/src/main/java/org/neo4j/kernel/api/impl/index/LuceneLabelScanStoreExtension.java","2","0","0","7","50","85","1"
"hazelcast","704d591b1123a99103cef3052012406491835bb1","hazelcast/src/main/java/com/hazelcast/client/ClientReAuthOperation.java","2","0","0","7","51","80","0"
"hazelcast","27d49efcee88ee428254cf38353e8698ea127c45","hazelcast/src/main/java/com/hazelcast/client/impl/operations/ClientReAuthOperation.java","2","0","0","7","52","81","1"
"hazelcast","d38202141395360399c9cf97d4453adf5b1581e1","hazelcast/src/main/java/com/hazelcast/client/impl/protocol/task/GetDistributedObjectMessageTask.java","2","0","0","7","52","81","1"
"hazelcast","5009d4a90be3c901942a0a89cf29a92c074231f1","hazelcast/src/main/java/com/hazelcast/collection/impl/txncollection/operations/CollectionPrepareOperation.java","2","0","0","7","52","81","0"
"neo4j","868b4d731485023d2f7477e1133dcd5b263c851d","community/lucene-index/src/main/java/org/neo4j/kernel/api/impl/index/LuceneLabelScanStoreExtension.java","2","0","0","7","52","87","0"
"hazelcast","a4035afdfc67b757940a15578bc51b4e7b6b0b13","hazelcast/src/main/java/com/hazelcast/client/impl/protocol/task/CreateProxyMessageTask.java","2","0","0","7","53","83","0"
"hazelcast","bb3ea0e107980d769862cdbda748cc91529d67b5","hazelcast/src/main/java/com/hazelcast/client/impl/protocol/task/transaction/XATransactionPrepareMessageTask.java","2","0","0","7","54","81","0"
"hazelcast","0287d390022e68e3c252acac8db8e0dfc15ecbea","hazelcast/src/main/java/com/hazelcast/collection/impl/txncollection/operations/CollectionRollbackOperation.java","2","0","0","7","54","82","1"
"hazelcast","bb3ea0e107980d769862cdbda748cc91529d67b5","hazelcast/src/main/java/com/hazelcast/client/impl/protocol/task/transaction/XATransactionRollbackMessageTask.java","2","0","0","7","55","82","0"
"hazelcast","317fabec0c90b274c686ba018cc1b465fee244f2","hazelcast/src/main/java/com/hazelcast/client/impl/protocol/task/GetDistributedObjectMessageTask.java","2","0","0","7","56","86","0"
"hazelcast","48475c6b68419eb8d72ca93dfa67fd7de02181c2","hazelcast/src/main/java/com/hazelcast/client/impl/protocol/task/GetDistributedObjectsMessageTask.java","2","0","0","7","56","86","0"
"hazelcast","a4035afdfc67b757940a15578bc51b4e7b6b0b13","hazelcast/src/main/java/com/hazelcast/client/impl/protocol/task/GetDistributedObjectMessageTask.java","2","0","0","7","56","86","0"
"hazelcast","410d077538e8af21fc7846a758d83cc67801da83","hazelcast/src/main/java/com/hazelcast/client/impl/protocol/task/GetDistributedObjectsMessageTask.java","2","0","0","7","56","86","1"
"hazelcast","b777381e2f8cfc3d8bcde3a87c5cc9993e31d4a2","hazelcast/src/main/java/com/hazelcast/client/impl/protocol/task/GetDistributedObjectMessageTask.java","2","0","0","7","56","86","1"
"BroadleafCommerce","66ae8f00a336acfd1569bda8752f26ebae85a7dc","core/broadleaf-framework/src/main/java/org/broadleafcommerce/core/offer/dao/OfferAuditDaoImpl.java","2","0","0","7","57","92","0"
"hazelcast","ed777f64e4d046bb45ae4ee062b463e33526e3ad","hazelcast/src/main/java/com/hazelcast/client/impl/protocol/task/transaction/TransactionCommitMessageTask.java","2","0","0","7","58","87","1"
"hazelcast","217c507d7725e99aad3a544ca43bd57110eb4f17","hazelcast/src/main/java/com/hazelcast/client/impl/protocol/task/lock/LockTryLockMessageTask.java","2","0","0","7","58","88","0"
"hazelcast","217c507d7725e99aad3a544ca43bd57110eb4f17","hazelcast/src/main/java/com/hazelcast/client/impl/protocol/task/lock/LockLockMessageTask.java","2","0","0","7","58","88","0"
"hazelcast","f5b5e658ea42c43530cc3fd5e132e2fe503ab8b4","hazelcast/src/main/java/com/hazelcast/client/impl/protocol/task/GetDistributedObjectsMessageTask.java","2","0","0","7","58","88","0"
"hazelcast","3ee4647695cf740a6f01e39a9831c212eb363199","hazelcast/src/main/java/com/hazelcast/client/impl/protocol/task/lock/LockTryLockMessageTask.java","2","0","0","7","58","88","1"
"hazelcast","3ee4647695cf740a6f01e39a9831c212eb363199","hazelcast/src/main/java/com/hazelcast/client/impl/protocol/task/lock/LockLockMessageTask.java","2","0","0","7","58","88","1"
"neo4j","8a31284a00600fe653939a9b2206e0382deded40","community/server/src/main/java/org/neo4j/server/database/InjectableProvider.java","2","0","0","7","59","89","0"
"hazelcast","d38202141395360399c9cf97d4453adf5b1581e1","hazelcast/src/main/java/com/hazelcast/client/impl/protocol/task/AddPartitionLostListenerMessageTask.java","2","0","0","7","59","92","1"
"hazelcast","92c9e90afd37615e6c37493123b053a4f4a5c145","hazelcast/src/main/java/com/hazelcast/client/impl/protocol/task/map/MapLockMessageTask.java","2","0","0","7","61","91","1"
"hazelcast","92c9e90afd37615e6c37493123b053a4f4a5c145","hazelcast/src/main/java/com/hazelcast/client/impl/protocol/task/map/MapTryLockMessageTask.java","2","0","0","7","61","92","1"
"hazelcast","565257f977407eb3a0199d082860209c2958f5f9","hazelcast/src/main/java/com/hazelcast/ringbuffer/impl/client/ReadManyRequest.java","2","0","0","7","62","92","1"
"hazelcast","05b27a3d7f9adfb832f8fb0c7927fc71c14df2b4","hazelcast/src/main/java/com/hazelcast/client/impl/protocol/task/AddPartitionLostListenerMessageTask.java","2","0","0","7","62","95","2"
"hazelcast","ae877df50978fcfb112d6d0cab2c78f80d1ee770","hazelcast/src/main/java/com/hazelcast/client/impl/protocol/task/AddPartitionLostListenerMessageTask.java","2","0","0","7","62","95","1"
"hazelcast","d0fd18cd0e2fac83d47776ccc1f08639bfc9823f","hazelcast/src/main/java/com/hazelcast/client/impl/protocol/task/AddPartitionLostListenerMessageTask.java","2","0","0","7","62","95","2"
"hazelcast","d472cbea8d404ea4e42a5cc0bb455dbec40e7985","hazelcast/src/main/java/com/hazelcast/client/impl/protocol/task/AddPartitionLostListenerMessageTask.java","2","0","0","7","62","95","3"
"hazelcast","d65de8708631978b87d39db7c947a073e0963228","hazelcast/src/main/java/com/hazelcast/client/impl/protocol/task/AddPartitionLostListenerMessageTask.java","2","0","0","7","62","95","2"
"hazelcast","264b730b6e10ae9df6f5d8727209ca007160236f","hazelcast/src/main/java/com/hazelcast/client/impl/protocol/task/AddPartitionLostListenerMessageTask.java","2","0","0","7","62","95","0"
"hazelcast","317fabec0c90b274c686ba018cc1b465fee244f2","hazelcast/src/main/java/com/hazelcast/client/impl/protocol/task/AddPartitionLostListenerMessageTask.java","2","0","0","7","62","95","0"
"hazelcast","78108e9f99edd98a26324bd6f8c0f493b8f78f5d","hazelcast/src/main/java/com/hazelcast/client/impl/protocol/task/replicatedmap/ReplicatedMapClearMessageTask.java","2","0","0","7","63","93","0"
"hazelcast","d9d20943b88faf6aa25ddbdc19feab4571611431","hazelcast/src/main/java/com/hazelcast/client/impl/protocol/task/transactionalmap/TransactionalMapKeySetMessageTask.java","2","0","0","7","64","94","1"
"hazelcast","f5b5e658ea42c43530cc3fd5e132e2fe503ab8b4","hazelcast/src/main/java/com/hazelcast/client/impl/protocol/task/transactionalmap/TransactionalMapKeySetMessageTask.java","2","0","0","7","65","95","0"
"hazelcast","8959aa0857797fe82461f8cabc292a4966d2e5fb","hazelcast/src/main/java/com/hazelcast/client/impl/protocol/task/scheduledexecutor/ScheduledExecutorTaskGetResultFromPartitionMessageTask.java","2","0","0","7","66","101","0"
"elasticsearch","c55f9bbd9b0b96b755273673c67f309f0a5cf117","core/src/test/java/org/elasticsearch/ingest/core/CompoundProcessorTests.java","2","0","0","7","66","112","2"
"hazelcast","d9d20943b88faf6aa25ddbdc19feab4571611431","hazelcast/src/main/java/com/hazelcast/client/impl/protocol/task/transactionalmap/TransactionalMapKeySetWithPredicateMessageTask.java","2","0","0","7","66","97","1"
"hazelcast","05b27a3d7f9adfb832f8fb0c7927fc71c14df2b4","hazelcast/src/main/java/com/hazelcast/client/impl/protocol/task/map/MapAddPartitionLostListenerMessageTask.java","2","0","0","7","66","99","2"
"hazelcast","410d077538e8af21fc7846a758d83cc67801da83","hazelcast/src/main/java/com/hazelcast/client/impl/protocol/task/map/MapAddPartitionLostListenerMessageTask.java","2","0","0","7","66","99","3"
"hazelcast","48475c6b68419eb8d72ca93dfa67fd7de02181c2","hazelcast/src/main/java/com/hazelcast/client/impl/protocol/task/map/MapAddPartitionLostListenerMessageTask.java","2","0","0","7","66","99","4"
"hazelcast","ae877df50978fcfb112d6d0cab2c78f80d1ee770","hazelcast/src/main/java/com/hazelcast/client/impl/protocol/task/map/MapAddPartitionLostListenerMessageTask.java","2","0","0","7","66","99","1"
"hazelcast","d0fd18cd0e2fac83d47776ccc1f08639bfc9823f","hazelcast/src/main/java/com/hazelcast/client/impl/protocol/task/map/MapAddPartitionLostListenerMessageTask.java","2","0","0","7","66","99","2"
"hazelcast","d472cbea8d404ea4e42a5cc0bb455dbec40e7985","hazelcast/src/main/java/com/hazelcast/client/impl/protocol/task/map/MapAddPartitionLostListenerMessageTask.java","2","0","0","7","66","99","4"
"hazelcast","d65de8708631978b87d39db7c947a073e0963228","hazelcast/src/main/java/com/hazelcast/client/impl/protocol/task/map/MapAddPartitionLostListenerMessageTask.java","2","0","0","7","66","99","2"
"hazelcast","d9ba6f59e024f3d049aa55f68144386fdcf54ac9","hazelcast/src/main/java/com/hazelcast/client/impl/protocol/task/map/MapAddPartitionLostListenerMessageTask.java","2","0","0","7","66","99","3"
"hazelcast","e48bec52b35f2dbf7ff0bf7d961549546461a701","hazelcast/src/main/java/com/hazelcast/client/impl/protocol/task/map/MapAddPartitionLostListenerMessageTask.java","2","0","0","7","66","99","5"
"hazelcast","264b730b6e10ae9df6f5d8727209ca007160236f","hazelcast/src/main/java/com/hazelcast/client/impl/protocol/task/map/MapAddPartitionLostListenerMessageTask.java","2","0","0","7","66","99","0"
"neo4j","1b3aad3b619bd72c2c9f79bb7edf642c5dc56a6f","community/security/src/main/java/org/neo4j/server/security/auth/CommunitySecurityModule.java","2","0","0","7","68","106","1"
"neo4j","2dce9b701631b41aa14f4d8ff186c708b57abd1e","community/security/src/main/java/org/neo4j/server/security/auth/CommunitySecurityModule.java","2","0","0","7","68","106","1"
"neo4j","8a31284a00600fe653939a9b2206e0382deded40","community/security/src/main/java/org/neo4j/server/security/auth/CommunitySecurityModule.java","2","0","0","7","68","106","0"
"hazelcast","4f58666ac01225fc4e98d48067f2fb67461d114b","hazelcast/src/main/java/com/hazelcast/ringbuffer/impl/client/ReadManyRequest.java","2","0","0","7","68","98","1"
"hazelcast","848fd914e8ef0483f59301258eb88b8f9a51d2de","hazelcast/src/main/java/com/hazelcast/client/impl/protocol/task/scheduledexecutor/ScheduledExecutorGetAllScheduledMessageTask.java","2","0","0","7","68","98","1"
"hazelcast","cb96a27bb8e3a99ed10d2c2006a173b5b7c42fa6","hazelcast/src/main/java/com/hazelcast/ringbuffer/impl/client/ReadManyRequest.java","2","0","0","7","68","98","1"
"hazelcast","82902a1dc01dba24dd61ed2959d785e039dd7124","hazelcast/src/main/java/com/hazelcast/ringbuffer/impl/client/ReadManyRequest.java","2","0","0","7","68","98","0"
"hazelcast","7c1baa91dc4cb5d9c03b04a955a9c3e3824dde65","hazelcast/src/main/java/com/hazelcast/client/impl/protocol/task/scheduledexecutor/ScheduledExecutorTaskCancelMessageTask.java","2","0","0","7","69","100","1"
"hazelcast","d568e4d926d925d57d4e79e34614390416749301","hazelcast/src/main/java/com/hazelcast/map/impl/operation/AddIndexOperation.java","2","0","0","7","70","101","0"
"hazelcast","a459687b4701f1074e5bc45a11570876090751d2","hazelcast/src/main/java/com/hazelcast/ringbuffer/impl/client/ReadManyRequest.java","2","0","0","7","70","102","0"
"hazelcast","cdb8b0e0e259c0992856d553f2aa04499043c84d","hazelcast/src/main/java/com/hazelcast/client/impl/protocol/task/scheduledexecutor/ScheduledExecutorTaskGetResultMessageTask.java","2","0","0","7","71","102","1"
"hazelcast","8959aa0857797fe82461f8cabc292a4966d2e5fb","hazelcast/src/main/java/com/hazelcast/client/impl/protocol/task/scheduledexecutor/ScheduledExecutorTaskGetResultFromAddressMessageTask.java","2","0","0","7","71","108","0"
"hazelcast","317fabec0c90b274c686ba018cc1b465fee244f2","hazelcast-client-new/src/test/java/com/hazelcast/client/executor/ClientExecutorServiceInvokeTest.java","2","0","0","7","72","102","0"
"hazelcast","48e063d10ffc125be470385de0a2316dacd9c942","hazelcast/src/main/java/com/hazelcast/client/impl/protocol/task/scheduledexecutor/ScheduledExecutorTaskGetStatisticsMessageTask.java","2","0","0","7","72","104","1"
"elasticsearch","84dfa360b14c0809a236df0601d7a47b5aa4598f","core/src/test/java/org/elasticsearch/ingest/core/CompoundProcessorTests.java","2","0","0","7","72","121","1"
"hazelcast","b777381e2f8cfc3d8bcde3a87c5cc9993e31d4a2","hazelcast-client-new/src/test/java/com/hazelcast/client/executor/ClientExecutorServiceInvokeTest.java","2","0","0","7","73","103","1"
"hazelcast","58e4782c607905ce452f830bd68a2412a9e1961e","hazelcast/src/main/java/com/hazelcast/client/impl/protocol/task/map/MapGetEntryViewMessageTask.java","2","0","0","7","74","103","1"
"hazelcast","d0fd18cd0e2fac83d47776ccc1f08639bfc9823f","hazelcast/src/main/java/com/hazelcast/client/impl/protocol/task/cache/CacheAddPartitionLostListenerMessageTask.java","2","0","0","7","75","108","1"
"hazelcast","d472cbea8d404ea4e42a5cc0bb455dbec40e7985","hazelcast/src/main/java/com/hazelcast/client/impl/protocol/task/cache/CacheAddPartitionLostListenerMessageTask.java","2","0","0","7","75","108","2"
"hazelcast","ae877df50978fcfb112d6d0cab2c78f80d1ee770","hazelcast/src/main/java/com/hazelcast/client/impl/protocol/task/cache/CacheAddPartitionLostListenerMessageTask.java","2","0","0","7","75","108","0"
"elasticsearch","2ffdd4468d8a2671a160278a3a94714e72347786","qa/reindex-from-old/src/test/java/org/elasticsearch/smoketest/ReindexFromOldRemoteIT.java","2","0","0","7","75","109","0"
"hazelcast","f68ca8d3fc0960f5faace25206e7157a10616bbe","hazelcast-client/src/main/java/com/hazelcast/client/proxy/ClientTopicProxy.java","2","0","0","7","76","109","0"
"hazelcast","d38202141395360399c9cf97d4453adf5b1581e1","hazelcast-client-new/src/main/java/com/hazelcast/client/proxy/ClientTopicProxy.java","2","0","0","7","77","110","1"
"hazelcast","0b99990c091b2e5235b2c7a72b4550327db4260c","hazelcast-client-new/src/main/java/com/hazelcast/client/proxy/ClientTopicProxy.java","2","0","0","7","81","118","2"
"hazelcast","2e237d2c442305f51cdbea3740548e8bfb4401ac","hazelcast-client-new/src/main/java/com/hazelcast/client/proxy/ClientTopicProxy.java","2","0","0","7","81","118","2"
"hazelcast","a4035afdfc67b757940a15578bc51b4e7b6b0b13","hazelcast-client-new/src/main/java/com/hazelcast/client/proxy/ClientTopicProxy.java","2","0","0","7","81","118","0"
"neo4j","98fefdd1e7175c736c092a9a5e97620a1a869f41","community/kernel/src/test/java/org/neo4j/kernel/impl/api/integrationtest/BuiltInProceduresIT.java","2","0","0","7","97","152","1"
"hazelcast","6bb0070a656245b085512f93f77577f710b5bfaf","hazelcast-client/src/test/java/com/hazelcast/client/MembershipListenerTest.java","2","0","0","8","102","141","1"
"hazelcast","e6be6899313850b4fcd4a6dcbf9ac4f0cb5dd0ed","hazelcast-client/src/test/java/com/hazelcast/client/MembershipListenerTest.java","2","0","0","8","102","141","2"
"hazelcast","fb6044ec010c8c5963fbf33b2199e3b2e0aa2ec6","hazelcast-client/src/test/java/com/hazelcast/client/MembershipListenerTest.java","2","0","0","8","102","141","2"
"hazelcast","2deea892536edaf36b21b80c96c797e5a57b84ff","hazelcast-client/src/test/java/com/hazelcast/client/MembershipListenerTest.java","2","0","0","8","102","141","0"
"hazelcast","687678a1938c66c02f4ef94ac766f0e53b3a1ba2","hazelcast-client-new/src/test/java/com/hazelcast/client/MembershipListenerTest.java","2","0","0","8","102","142","0"
"hazelcast","b7183d85e8710c37c18706be29f94590dc51795d","hazelcast-client/src/test/java/com/hazelcast/client/MembershipListenerTest.java","2","0","0","8","103","143","1"
"hazelcast","4451a9260efa238a34993c17aa155ce6fe1b884e","hazelcast-client-new/src/test/java/com/hazelcast/client/MembershipListenerTest.java","2","0","0","8","104","143","1"
"hazelcast","33c586d7fe567235e2216b7c79dd29adee22d5d0","hazelcast/src/test/java/com/hazelcast/monitor/impl/NearCacheStatsImplTest.java","2","0","0","8","107","134","0"
"neo4j","6ef18bdb2dab30c84f4460f565d6e54c560e3936","community/kernel/src/test/java/org/neo4j/kernel/impl/locking/AcquisitionTimeoutCompatibility.java","2","0","0","8","108","163","1"
"neo4j","7371cb8d3103c76e98ad681c74acbc7520d9b012","community/kernel/src/test/java/org/neo4j/kernel/impl/locking/AcquisitionTimeoutCompatibility.java","2","0","0","8","108","167","0"
"hazelcast","cdb8b0e0e259c0992856d553f2aa04499043c84d","hazelcast/src/test/java/com/hazelcast/topic/impl/reliable/ErrorHandlingTest.java","2","0","0","8","113","140","0"
"elasticsearch","5feaa484b5e86187c7b6b45486e3815fe9559767","src/test/java/org/elasticsearch/index/mapper/internal/FieldNamesFieldMapperTests.java","2","0","0","8","118","165","0"
"neo4j","dbcc0ba120527f20c902dcb0197569906153cac8","community/kernel/src/test/java/org/neo4j/kernel/impl/api/integrationtest/BuiltInProceduresIT.java","2","0","0","8","122","185","0"
"elasticsearch","fafc4eef98fba59b36029a6970abd35f5fdc8dbf","src/test/java/org/elasticsearch/test/integration/plugin/PluginManagerTests.java","2","0","0","8","124","184","0"
"hazelcast","aa5c4585424b8dc521597ed7bc252abd66f1deb3","hazelcast-client-new/src/test/java/com/hazelcast/client/ClientListenersTest.java","2","0","0","8","125","156","1"
"netty","57a8a9fd983a6030de81c99c7b4518ac40d9195e","codec-http/src/test/java/io/netty/handler/codec/http/HttpObjecctAggregatorTest.java","2","0","0","8","125","167","0"
"hazelcast","03206d98a4287ade342ec386397851a54d849b0f","hazelcast-client/src/test/java/com/hazelcast/client/cache/ClientCacheConfigTest.java","2","0","0","8","128","172","0"
"hazelcast","66a43a3b3b3cbcebd317381f74e268aac229e4fe","hazelcast-client/src/test/java/com/hazelcast/client/cache/ClientCacheConfigTest.java","2","0","0","8","128","172","0"
"hazelcast","09dca6ec53964a7d7265912f1fd5faf46c60135b","hazelcast-client/src/test/java/com/hazelcast/client/cache/ClientCacheConfigTest.java","2","0","0","8","128","172","3"
"hazelcast","8a6dbca56175087a5af52d5742022d02e79a8560","hazelcast-client-new/src/test/java/com/hazelcast/client/cache/ClientCacheConfigTest.java","2","0","0","8","130","174","1"
"hazelcast","998cd6147d9a77bd0dec5c09e7240885df54511e","hazelcast/src/test/java/com/hazelcast/durableexecutor/DurableRetrieveResultTest.java","2","0","0","8","133","178","4"
"elasticsearch","0d2ccf098934e9f3f968a842e6a41fc0510dd317","core/src/test/java/org/elasticsearch/action/admin/indices/rollover/RolloverIT.java","2","0","0","8","134","165","1"
"elasticsearch","4e3602a79062807bdea6ea3dc18c8918ec649af9","core/src/test/java/org/elasticsearch/action/admin/indices/rollover/RolloverIT.java","2","0","0","8","134","165","1"
"elasticsearch","643ccb8cc189186db993108c51da6b49dc50540a","core/src/test/java/org/elasticsearch/action/admin/indices/rollover/RolloverIT.java","2","0","0","8","134","165","1"
"elasticsearch","69941931c70ba94a6020b253867bcbde6182a7b4","core/src/test/java/org/elasticsearch/action/admin/indices/rollover/RolloverIT.java","2","0","0","8","134","165","0"
"hazelcast","66a43a3b3b3cbcebd317381f74e268aac229e4fe","hazelcast/src/test/java/com/hazelcast/cache/CacheConfigTest.java","2","0","0","8","137","184","0"
"hazelcast","6b7235b103114e3c61d37c1614c12522e62c9ee7","hazelcast/src/test/java/com/hazelcast/cache/CacheConfigTest.java","2","0","0","8","143","187","0"
"hazelcast","3ed7b39ad62cc790a3c27b3875f0fbe82d02694f","hazelcast-client-new/src/test/java/com/hazelcast/client/partitionservice/ClientPartitionLostListenerTest.java","2","0","0","8","148","188","0"
"elasticsearch","046abdc281c321cd2128ee7684c0edfcaca07203","core/src/test/java/org/elasticsearch/transport/TransportServiceHandshakeTests.java","2","0","0","8","148","191","3"
"hazelcast","9bd1ce5444c1cb1358f3782d4e05fc3fc503f69a","hazelcast-client/src/test/java/com/hazelcast/client/partitionservice/ClientPartitionLostListenerTest.java","2","0","0","8","151","207","1"
"hazelcast","5b8632553391543693d7a87c5d29cdea51293447","hazelcast-client/src/test/java/com/hazelcast/client/partitionservice/ClientPartitionLostListenerTest.java","2","0","0","8","151","210","0"
"neo4j","990fe648c6b49f319a515dd6b0757553c483ab11","enterprise/com/src/test/java/org/neo4j/com/MadeUpClient.java","2","0","0","8","164","199","0"
"netty","9aac6dac2e934c7fdcca234607afbd2595b4aebe","codec/src/test/java/io/netty/handler/codec/ReplayingDecoderTest.java","2","0","0","8","170","229","0"
"neo4j","a93c570faa774c1a40b635b6a3e6d8ccb61a99e8","community/lucene-index/src/test/java/org/neo4j/kernel/api/impl/index/LuceneIndexAccessorReservationsTest.java","2","0","0","8","175","248","1"
"neo4j","868b4d731485023d2f7477e1133dcd5b263c851d","community/lucene-index/src/test/java/org/neo4j/kernel/api/impl/index/LuceneIndexAccessorReservationsTest.java","2","0","0","8","176","249","0"
"orientdb","a1eed89dcfdc303c846b0d6159189f720c1bade8","core/src/test/java/com/orientechnologies/common/collection/closabledictionary/OClosableLRUListTest.java","2","0","0","8","189","256","0"
"elasticsearch","5343b87502cf82e7697133ed636f210bd31247cd","core/src/test/java/org/elasticsearch/common/network/NetworkModuleTests.java","2","0","0","8","251","305","0"
"hazelcast","1428b0f9a1313cfab830872f5ea063e4a7231683","hazelcast/src/main/java/com/hazelcast/map/operation/ReplaceOperation.java","2","0","0","8","31","58","1"
"hazelcast","490031a220076fe6cf002b209e986e2edbad57b9","hazelcast/src/main/java/com/hazelcast/nio/ClientPacket.java","2","0","0","8","34","61","1"
"hazelcast","2743198401f9984683493cadfc80ce2d4937ee7e","hazelcast/src/main/java/com/hazelcast/map/EntryEventFilter.java","2","0","0","8","34","62","1"
"elasticsearch","f7cd86ef6d05243a13f00dcadc77c40dc52b9ef1","test/framework/src/main/java/org/elasticsearch/ingest/TestTemplateService.java","2","0","0","8","36","67","0"
"hazelcast","8f11ec8d3a02711dfbf1e3cd39be0bc2b01fc078","hazelcast/src/main/java/com/hazelcast/map/impl/operation/RemoveOperation.java","2","0","0","8","37","64","1"
"hazelcast","cf3f488458ae942d1a88c5565e928c479b23ac5a","hazelcast-client/src/test/java/com/hazelcast/client/standalone/model/MyPortableElement.java","2","0","0","8","42","54","0"
"hazelcast","0f43bf010a854bc55e021af4bfb8521c4ec6a99f","hazelcast/src/main/java/com/hazelcast/map/operation/InvalidateNearCacheOperation.java","2","0","0","8","46","75","0"
"hazelcast","bb3ea0e107980d769862cdbda748cc91529d67b5","hazelcast/src/main/java/com/hazelcast/transaction/client/BaseXATransactionRequest.java","2","0","0","8","47","76","0"
"hazelcast","bb3ea0e107980d769862cdbda748cc91529d67b5","hazelcast/src/main/java/com/hazelcast/transaction/impl/xa/CollectRemoteTransactionsOperation.java","2","0","0","8","50","80","0"
"hazelcast","fc6416b87c902797899c08d3659417993ef400e6","hazelcast/src/main/java/com/hazelcast/transaction/impl/xa/CollectRemoteTransactionsOperation.java","2","0","0","8","50","80","0"
"hazelcast","a11f4b9a8993912ce2725845faccab77e5f24695","hazelcast/src/main/java/com/hazelcast/transaction/impl/xa/CollectRemoteTransactionsOperation.java","2","0","0","8","50","80","1"
"hazelcast","0287d390022e68e3c252acac8db8e0dfc15ecbea","hazelcast/src/main/java/com/hazelcast/collection/impl/txncollection/operations/CollectionTxnRemoveOperation.java","2","0","0","8","53","82","1"
"hazelcast","59c4822d4ad5dfac4cecd11231280baa33d4aa35","hazelcast/src/main/java/com/hazelcast/map/client/MapValuesRequest.java","2","0","0","8","53","83","1"
"elasticsearch","2b03bc83a40e470c977564195f6dcc2c208710d1","src/main/java/org/elasticsearch/common/lucene/search/function/ScriptScoreFunction.java","2","0","0","8","53","86","1"
"hazelcast","05b27a3d7f9adfb832f8fb0c7927fc71c14df2b4","hazelcast/src/main/java/com/hazelcast/client/impl/client/DistributedObjectListenerRequest.java","2","0","0","8","55","85","2"
"hazelcast","48475c6b68419eb8d72ca93dfa67fd7de02181c2","hazelcast/src/main/java/com/hazelcast/client/impl/client/DistributedObjectListenerRequest.java","2","0","0","8","55","85","4"
"hazelcast","c2476af233aa1f1b07c02279cd80070e9f3deab7","hazelcast/src/main/java/com/hazelcast/queue/tx/TxnReservePollOperation.java","2","0","0","8","55","85","1"
"hazelcast","d0fd18cd0e2fac83d47776ccc1f08639bfc9823f","hazelcast/src/main/java/com/hazelcast/client/impl/client/DistributedObjectListenerRequest.java","2","0","0","8","55","85","2"
"hazelcast","d472cbea8d404ea4e42a5cc0bb455dbec40e7985","hazelcast/src/main/java/com/hazelcast/client/impl/client/DistributedObjectListenerRequest.java","2","0","0","8","55","85","4"
"hazelcast","d9ba6f59e024f3d049aa55f68144386fdcf54ac9","hazelcast/src/main/java/com/hazelcast/client/impl/client/DistributedObjectListenerRequest.java","2","0","0","8","55","85","3"
"hazelcast","21c03c92c7573e1011f7f1051e6267f0c28dd53a","hazelcast/src/main/java/com/hazelcast/queue/tx/TxnReservePollOperation.java","2","0","0","8","55","85","0"
"hazelcast","bd4c23a7e473d52a5f54745e6255a0cfbba0048d","hazelcast/src/main/java/com/hazelcast/client/impl/operations/ClientReAuthOperation.java","2","0","0","8","60","90","1"
"elasticsearch","4b94eb5cb8cc4294ed0e932a5f22c16bd90d4dd7","core/src/main/java/org/elasticsearch/action/bulk/BulkItemRequest.java","2","0","0","8","61","101","2"
"elasticsearch","860efb2ad28db09189c8423e05d0dba53010259c","core/src/main/java/org/elasticsearch/action/bulk/BulkItemRequest.java","2","0","0","8","61","101","2"
"elasticsearch","d3417fb02291f26964d77767020ef345d18c148f","core/src/main/java/org/elasticsearch/action/bulk/BulkItemRequest.java","2","0","0","8","61","101","0"
"hazelcast","50162bfb30b08bee4660b6696804fff3a4a4d444","hazelcast/src/main/java/com/hazelcast/durableexecutor/impl/operations/PutResultOperation.java","2","0","0","8","61","94","0"
"hazelcast","e1b69c53ca4923affcd7722f012a80e32517e988","hazelcast/src/main/java/com/hazelcast/durableexecutor/impl/operations/PutResultOperation.java","2","0","0","8","61","94","0"
"hazelcast","f4c33973f2e5f804f6743683b11c8a43922bfc7e","hazelcast/src/main/java/com/hazelcast/durableexecutor/impl/operations/PutResultOperation.java","2","0","0","8","61","94","1"
"hazelcast","d831651dd5814c8074c8b4727184701986f16039","hazelcast/src/main/java/com/hazelcast/multimap/impl/txn/TxnLockAndGetOperation.java","2","0","0","8","63","94","1"
"hazelcast","8aad5200f5667461d3959dacaa6d5d179d7b2add","hazelcast/src/main/java/com/hazelcast/client/impl/protocol/task/map/MapLockMessageTask.java","2","0","0","8","65","96","0"
"hazelcast","217c507d7725e99aad3a544ca43bd57110eb4f17","hazelcast/src/main/java/com/hazelcast/client/impl/protocol/task/map/MapTryLockMessageTask.java","2","0","0","8","65","97","0"
"hazelcast","8aad5200f5667461d3959dacaa6d5d179d7b2add","hazelcast/src/main/java/com/hazelcast/client/impl/protocol/task/map/MapTryLockMessageTask.java","2","0","0","8","65","97","0"
"hazelcast","3ee4647695cf740a6f01e39a9831c212eb363199","hazelcast/src/main/java/com/hazelcast/client/impl/protocol/task/map/MapTryLockMessageTask.java","2","0","0","8","65","97","1"
"neo4j","ef16d4f8c7d4c89449c7e136c6610c513e10fe4e","enterprise/security/src/main/java/org/neo4j/server/security/enterprise/auth/plugin/PluginAuthInfo.java","2","0","0","8","69","101","0"
"hazelcast","12830cf4db72fc7d71edd8a20ee15fba533ab6a8","hazelcast/src/main/java/com/hazelcast/client/impl/protocol/task/transaction/XACollectTransactionsMessageTask.java","2","0","0","8","70","101","0"
"orientdb","b2e32ca05ae2a95c40f4d94e60c708584e8bbba7","server/src/test/java/com/orientechnologies/orient/server/HookInstallServerTest.java","2","0","0","8","75","92","0"
"hazelcast","9dfbd933bfda3fa1cf525b0b7b9764e0ea5b1cf0","hazelcast/src/test/java/com/hazelcast/concurrent/idgen/IdGeneratorAbstractTest.java","2","0","0","8","76","98","0"
"hazelcast","4c415e68c9c9c23d4b5d8ca953cded50e54e384a","hazelcast/src/test/java/com/hazelcast/concurrent/idgen/IdGeneratorAbstractTest.java","2","0","0","8","76","99","1"
"hazelcast","0c51222d1ec3ba019ff9e01da3d9eb12fb8c1a8b","hazelcast/src/test/java/com/hazelcast/concurrent/idgen/IdGeneratorBasicTest.java","2","0","0","8","78","102","0"
"hazelcast","86b064ba3f1e467e74e95d6da24b03122065ce36","hazelcast-client/src/test/java/com/hazelcast/client/spi/impl/ClientExecutionServiceImplTest.java","2","0","0","8","92","137","2"
"hazelcast","8486d5bc378922241564bafce0da3d49d48c5f03","hazelcast-client-new/src/test/java/com/hazelcast/client/mapreduce/MapReduceLiteMemberTest.java","2","0","0","9","102","126","1"
"hazelcast","810540661cf0b9662e3e1bc9b5dabc53a3c052f1","hazelcast/src/test/java/com/hazelcast/topic/impl/reliable/ErrorHandlingTest.java","2","0","0","9","120","149","1"
"hazelcast","8934589035acc7388d93bba2e74b99b37a1f3731","hazelcast-client/src/test/java/com/hazelcast/client/txn/ClientTxnQueueTest.java","2","0","0","9","123","171","1"
"elasticsearch","5812753dbcbac645c2fc8a5ed460178b3e5b60a9","src/test/java/org/elasticsearch/index/mapper/internal/FieldNamesFieldMapperTests.java","2","0","0","9","125","173","0"
"elasticsearch","6b026119718a616fc76578aff3b20ceda023d403","src/test/java/org/elasticsearch/plugin/PluginManagerTests.java","2","0","0","9","127","188","1"
"orientdb","d8acc2f527fc1084fd9e6cf9e31ff073b7c44f68","core/src/test/java/com/orientechnologies/orient/core/metadata/schema/TestMultiSuperClasses.java","2","0","0","9","138","160","1"
"neo4j","6b75a9235ea38e0c47caacd25cc919023c0c958b","community/lucene-index/src/test/java/org/neo4j/kernel/api/impl/schema/populator/NonUniqueDatabaseIndexPopulatingUpdaterTest.java","2","0","0","9","153","213","0"
"neo4j","8d2e8c6469c5e313638a93adaa910dbf3b026200","community/bolt/src/test/java/org/neo4j/bolt/v1/transport/integration/TransportSessionIT.java","2","0","0","9","154","209","1"
"hazelcast","50162bfb30b08bee4660b6696804fff3a4a4d444","hazelcast/src/test/java/com/hazelcast/durableexecutor/DurableRetrieveResultTest.java","2","0","0","9","155","207","2"
"hazelcast","b2b3ac4122bb5d642bd2743583efcfb34ade5ce3","hazelcast-client-new/src/test/java/com/hazelcast/client/ClientListenersTest.java","2","0","0","9","161","196","0"
"hazelcast","83504ab6376beba2d569ea38dc59529a2f97fb4f","hazelcast-client/src/test/java/com/hazelcast/client/ClientListenersTest.java","2","0","0","9","162","213","1"
"elasticsearch","118913b553c970b21f93c441d81e5d4b409b73d0","core/src/test/java/org/elasticsearch/action/admin/indices/rollover/RolloverIT.java","2","0","0","9","183","222","0"
"elasticsearch","634ce90dc06f20888a4ff655985a6baccf25a7db","core/src/test/java/org/elasticsearch/index/search/NestedHelperTests.java","2","0","0","9","294","362","0"
"elasticsearch","2f8def11b5109eb80b47422a200bf7b7e07c8467","core/src/test/java/org/elasticsearch/index/search/NestedHelperTests.java","2","0","0","9","295","363","2"
"elasticsearch","9080f51340b1b26f8bd171b4c82de8d87ad42b55","core/src/test/java/org/elasticsearch/search/aggregations/pipeline/DateDerivativeIT.java","2","0","0","9","312","379","2"
"elasticsearch","db541d6fbe3daecec91bb7701aacfcd284662c2a","core/src/test/java/org/elasticsearch/search/aggregations/pipeline/DateDerivativeIT.java","2","0","0","9","319","386","2"
"hazelcast","1428b0f9a1313cfab830872f5ea063e4a7231683","hazelcast/src/main/java/com/hazelcast/map/operation/TryPutOperation.java","2","0","0","9","32","60","1"
"hazelcast","c8effb7cfbcb5fc7bb5b4ab81a792c8894e980d4","hazelcast/src/main/java/com/hazelcast/map/impl/operation/DeleteOperation.java","2","0","0","9","37","64","1"
"hazelcast","159c4a53940c2170c905d13fc1fc784cf59279c9","hazelcast/src/main/java/com/hazelcast/map/operation/WanOriginatedDeleteOperation.java","2","0","0","9","37","66","1"
"elasticsearch","cb2cfdd9c0476bfbe5e1c13a4b3eb84ebb61bb6d","core/src/test/java/org/elasticsearch/cluster/structure/RoutingIteratorTests.java","2","0","0","9","382","482","2"
"hazelcast","78af4f23bcba7ec0288688e1bd9e49f207eac041","hazelcast/src/main/java/com/hazelcast/map/operation/WanOriginatedDeleteOperation.java","2","0","0","9","39","68","0"
"hazelcast","c905c2cdf057d307e47229669f9541fdb0c71873","hazelcast/src/main/java/com/hazelcast/map/impl/operation/RemoveOperation.java","2","0","0","9","40","68","0"
"hazelcast","8f11ec8d3a02711dfbf1e3cd39be0bc2b01fc078","hazelcast/src/main/java/com/hazelcast/map/impl/operation/WanOriginatedDeleteOperation.java","2","0","0","9","45","74","1"
"hazelcast","d4a3c29654bd66af8812b973bdbb64372f96eb4e","hazelcast/src/main/java/com/hazelcast/map/impl/operation/RemoveIfSameOperation.java","2","0","0","9","47","77","1"
"hazelcast","c677863d432461a241ce041fb042b3a5bcb395c8","hazelcast/src/main/java/com/hazelcast/map/operation/RemoveIfSameOperation.java","2","0","0","9","48","78","1"
"hazelcast","53762e917223b0f3442ba152e36af96c18470b07","hazelcast/src/main/java/com/hazelcast/map/impl/operation/RemoveIfSameOperation.java","2","0","0","9","48","79","0"
"hazelcast","9a77b75723e4491d6f4d4e84342e66e6570cb824","hazelcast/src/main/java/com/hazelcast/map/operation/RemoveIfSameOperation.java","2","0","0","9","49","80","0"
"neo4j","898b57149eb06fc3d33780f52061c8f3d7efdd07","community/kernel/src/main/java/org/neo4j/kernel/impl/api/scan/NativeLabelScanStoreExtension.java","2","0","0","9","51","82","0"
"orientdb","c1f0f046093d166b58193818b359c73d4a50c228","server/src/main/java/com/orientechnologies/orient/server/distributed/task/OReadRecordIfNotLatestTask.java","2","0","0","9","54","90","0"
"hazelcast","a845db8f9e34f69bc5bbafb3c47f1141c768f97a","hazelcast/src/main/java/com/hazelcast/map/impl/operation/RemoveBackupOperation.java","2","0","0","9","55","86","0"
"hazelcast","78af4f23bcba7ec0288688e1bd9e49f207eac041","hazelcast/src/main/java/com/hazelcast/map/operation/RemoveBackupOperation.java","2","0","0","9","55","87","0"
"hazelcast","1b48e275ad2d52d7d01740ca5ca23ef554a4ea4f","hazelcast/src/main/java/com/hazelcast/map/operation/PutBackupOperation.java","2","0","0","9","55","89","0"
"junit","3f736cf514b0421a82383db74188f6c0e3dfef1a","src/test/java/org/junit/tests/running/classes/BlockJUnit4ClassRunnerTest.java","2","0","0","9","58","69","0"
"hazelcast","05b27a3d7f9adfb832f8fb0c7927fc71c14df2b4","hazelcast/src/main/java/com/hazelcast/partition/client/AddPartitionLostListenerRequest.java","2","0","0","9","60","91","2"
"hazelcast","ae877df50978fcfb112d6d0cab2c78f80d1ee770","hazelcast/src/main/java/com/hazelcast/partition/client/AddPartitionLostListenerRequest.java","2","0","0","9","60","91","1"
"hazelcast","d0fd18cd0e2fac83d47776ccc1f08639bfc9823f","hazelcast/src/main/java/com/hazelcast/partition/client/AddPartitionLostListenerRequest.java","2","0","0","9","60","91","2"
"hazelcast","d472cbea8d404ea4e42a5cc0bb455dbec40e7985","hazelcast/src/main/java/com/hazelcast/partition/client/AddPartitionLostListenerRequest.java","2","0","0","9","60","91","3"
"hazelcast","d65de8708631978b87d39db7c947a073e0963228","hazelcast/src/main/java/com/hazelcast/partition/client/AddPartitionLostListenerRequest.java","2","0","0","9","60","91","2"
"hazelcast","264b730b6e10ae9df6f5d8727209ca007160236f","hazelcast/src/main/java/com/hazelcast/partition/client/AddPartitionLostListenerRequest.java","2","0","0","9","60","91","0"
"neo4j","23a19ee483f54c2d534c05afa999fd46132aaf5a","packaging/neo4j-desktop/src/main/java/org/neo4j/desktop/runtime/DesktopConfigurator.java","2","0","0","9","62","98","0"
"neo4j","edc549d3d7df786c27ee1dfdefc23901b2e1b88a","packaging/neo4j-desktop/src/main/java/org/neo4j/desktop/runtime/DesktopConfigurator.java","2","0","0","9","63","100","1"
"hazelcast","d38202141395360399c9cf97d4453adf5b1581e1","hazelcast/src/main/java/com/hazelcast/client/impl/protocol/task/AddDistributedObjectListenerMessageTask.java","2","0","0","9","66","97","1"
"hazelcast","410d077538e8af21fc7846a758d83cc67801da83","hazelcast/src/main/java/com/hazelcast/client/impl/protocol/task/AddDistributedObjectListenerMessageTask.java","2","0","0","9","69","101","3"
"hazelcast","e48bec52b35f2dbf7ff0bf7d961549546461a701","hazelcast/src/main/java/com/hazelcast/client/impl/protocol/task/AddDistributedObjectListenerMessageTask.java","2","0","0","9","69","101","5"
"hazelcast","a4035afdfc67b757940a15578bc51b4e7b6b0b13","hazelcast/src/main/java/com/hazelcast/client/impl/protocol/task/AddDistributedObjectListenerMessageTask.java","2","0","0","9","69","101","0"
"hazelcast","05b27a3d7f9adfb832f8fb0c7927fc71c14df2b4","hazelcast/src/main/java/com/hazelcast/client/impl/protocol/task/AddDistributedObjectListenerMessageTask.java","2","0","0","9","70","102","2"
"hazelcast","930a9a6a25402ffa4c7ea81141069ef184c71d2b","hazelcast/src/main/java/com/hazelcast/map/client/MapGetRequest.java","2","0","0","9","73","106","2"
"hazelcast","0603aa048b33b7b63c240c8b0e5c509499c798f7","hazelcast/src/main/java/com/hazelcast/client/impl/protocol/task/AddDistributedObjectListenerMessageTask.java","2","0","0","9","76","109","2"
"hazelcast","ae877df50978fcfb112d6d0cab2c78f80d1ee770","hazelcast/src/main/java/com/hazelcast/client/impl/protocol/task/AddDistributedObjectListenerMessageTask.java","2","0","0","9","76","109","1"
"hazelcast","d65de8708631978b87d39db7c947a073e0963228","hazelcast/src/main/java/com/hazelcast/client/impl/protocol/task/AddDistributedObjectListenerMessageTask.java","2","0","0","9","76","109","2"
"hazelcast","264b730b6e10ae9df6f5d8727209ca007160236f","hazelcast/src/main/java/com/hazelcast/client/impl/protocol/task/AddDistributedObjectListenerMessageTask.java","2","0","0","9","76","109","0"
"hazelcast","3d8ce7ed94ef327469e9647d5fb1c17d9eb54bf9","hazelcast/src/main/java/com/hazelcast/client/impl/protocol/task/AddDistributedObjectListenerMessageTask.java","2","0","0","9","76","109","0"
"hazelcast","a4035afdfc67b757940a15578bc51b4e7b6b0b13","hazelcast-client-new/src/main/java/com/hazelcast/client/proxy/ClientConditionProxy.java","2","0","0","9","85","121","0"
"hazelcast","13ee2009ce877b5f5755244f773c9b4aa6925c1d","hazelcast-client/src/main/java/com/hazelcast/client/proxy/ClientConditionProxy.java","2","0","0","9","86","108","2"
"hazelcast","9f51eeb7f83a09ba7be118b63bbb7c0068469a3e","hazelcast-client/src/main/java/com/hazelcast/client/proxy/ClientConditionProxy.java","2","0","0","9","86","108","1"
"hazelcast","b060aaf42a3aed50616442f3bfafb9b58195b688","hazelcast-client/src/main/java/com/hazelcast/client/proxy/ClientConditionProxy.java","2","0","0","9","86","108","3"
"hazelcast","eb0909dda896462c1c6489ea223138e221ac47e3","hazelcast-client/src/main/java/com/hazelcast/client/proxy/ClientConditionProxy.java","2","0","0","9","86","108","1"
"hazelcast","102cc4ef8d2e7bf4eca5451494ef6bf09deb6e43","hazelcast-client/src/main/java/com/hazelcast/client/proxy/ClientConditionProxy.java","2","0","0","9","86","108","0"
"hazelcast","d38202141395360399c9cf97d4453adf5b1581e1","hazelcast-client-new/src/main/java/com/hazelcast/client/proxy/ClientConditionProxy.java","2","0","0","9","86","122","1"
"hazelcast","d81bf31c8a1b7795a17e3911a4d9c38ead8c24d5","hazelcast-client-new/src/main/java/com/hazelcast/client/proxy/ClientConditionProxy.java","2","0","0","9","86","122","1"
"hazelcast","e609794cd7b1c8b3584dd59f97794e25b3fad790","hazelcast-client-new/src/main/java/com/hazelcast/client/proxy/ClientConditionProxy.java","2","0","0","9","86","122","1"
"hazelcast","618948653075dce6c3fc23e0a9b67f2da2dda73f","hazelcast-client-new/src/main/java/com/hazelcast/client/proxy/ClientConditionProxy.java","2","0","0","9","86","122","0"
"hazelcast","338401bd3784a3b409e07f15d1edc9670b8f0139","hazelcast-client-new/src/test/java/com/hazelcast/client/mapreduce/MapReduceLiteMemberTest.java","2","0","0","9","87","111","0"
"elasticsearch","3aed047bdedde1bda189cbfc2f81e65af42e57c5","core/src/main/java/org/elasticsearch/search/internal/FilteredSearchContext.java","2","0","0","91","403","520","1"
"elasticsearch","6c34452409d2cc468daced1811db60cd81c6fe95","core/src/main/java/org/elasticsearch/search/internal/FilteredSearchContext.java","2","0","0","92","410","529","1"
"elasticsearch","6174e21f47244b6d5153d7d0cc1fe28fe863399d","core/src/main/java/org/elasticsearch/search/internal/FilteredSearchContext.java","2","0","0","92","411","530","2"
"elasticsearch","b039360d2ea974b9827df90ee7d425ca15c638d6","core/src/main/java/org/elasticsearch/search/internal/FilteredSearchContext.java","2","0","0","93","414","534","2"
"elasticsearch","821021f0e478ca44d828e62c139ea19f0fd7290a","core/src/main/java/org/elasticsearch/search/internal/FilteredSearchContext.java","2","0","0","93","416","535","1"
"elasticsearch","3df2a086d4bf3c5608aabf06c1766e10c901af35","core/src/main/java/org/elasticsearch/search/internal/FilteredSearchContext.java","2","0","0","94","415","535","0"
"elasticsearch","20ff703e07c692c5e68e6b30a6e6413a34dd10a7","core/src/main/java/org/elasticsearch/search/internal/FilteredSearchContext.java","2","0","0","95","420","541","1"
"elasticsearch","6fe9ae29ea3b66d38dfde4ae1394106b725475e9","core/src/test/java/org/elasticsearch/document/AliasedIndexDocumentActionsIT.java","2","0","1","0","19","48","1"
"elasticsearch","3ed0da5a586e8a3d12016aa517ab46032353d179","core/src/test/java/org/elasticsearch/document/AliasedIndexDocumentActionsIT.java","2","0","1","0","21","50","0"
"elasticsearch","3e1b7c7a340582cded3fe12ffcca751ac8eba656","src/test/java/org/elasticsearch/index/codec/postingformat/ElasticsearchPostingsFormatTest.java","2","0","1","0","31","56","0"
"elasticsearch","78574d248cf10dad1c5a566fda79e1e0c94afe43","core/src/main/java/org/elasticsearch/action/support/master/TransportMasterNodeReadAction.java","2","0","1","0","33","65","1"
"elasticsearch","e6aaaf11ed4a1b8f595f920de1840938eddb7a97","core/src/main/java/org/elasticsearch/action/support/master/TransportMasterNodeReadAction.java","2","0","1","0","33","65","1"
"elasticsearch","a60b8948ba1d836a6eac7cff095519e618939ed8","core/src/main/java/org/elasticsearch/action/support/master/TransportMasterNodeReadAction.java","2","0","1","0","33","65","0"
"hazelcast","5f401c5a7cd66c9419852d8bf95a871995d95c6e","hazelcast/src/test/java/com/hazelcast/internal/nearcache/NearCacheTestContext.java","2","0","1","0","58","143","0"
"elasticsearch","78574d248cf10dad1c5a566fda79e1e0c94afe43","core/src/main/java/org/apache/log4j/Java9Hack.java","2","0","1","1","10","38","1"
"elasticsearch","e6aaaf11ed4a1b8f595f920de1840938eddb7a97","core/src/main/java/org/apache/log4j/Java9Hack.java","2","0","1","1","10","38","1"
"elasticsearch","a60b8948ba1d836a6eac7cff095519e618939ed8","core/src/main/java/org/apache/log4j/Java9Hack.java","2","0","1","1","10","38","0"
"elasticsearch","7a469538bca9c7db04437ed6ad002ab02273458c","core/src/test/java/org/elasticsearch/nodesinfo/NodeInfoStreamingTests.java","2","0","1","1","107","141","0"
"hazelcast","80240b3abd5e08fe8c801bddd18525bdbda492e1","hazelcast/src/main/java/com/hazelcast/query/impl/IdentityConverter.java","2","0","1","1","11","35","0"
"elasticsearch","7a84b94e29d345132e69b13200bb58306a22f9d9","src/main/java/org/elasticsearch/indices/analysis/PreBuiltTokenizers.java","2","0","1","1","110","155","1"
"elasticsearch","13a347239a48d71486692a72c066e940dec8921b","core/src/test/java/org/elasticsearch/index/TransportIndexFailuresIT.java","2","0","1","1","114","162","2"
"elasticsearch","40f119d85a4eaa39d0a6e594e46f70de725557f0","core/src/test/java/org/elasticsearch/index/TransportIndexFailuresIT.java","2","0","1","1","114","162","1"
"elasticsearch","41d8fbe8f51abd499c9b497238bc5f2141b7926b","core/src/test/java/org/elasticsearch/index/TransportIndexFailuresIT.java","2","0","1","1","114","162","1"
"elasticsearch","bbf42d379dc5fac7cddf768b244aa1649efdb10d","core/src/test/java/org/elasticsearch/index/TransportIndexFailuresIT.java","2","0","1","1","114","162","0"
"elasticsearch","164efaecbe42195f08ada58b5fde927ab21fc6e7","core/src/test/java/org/elasticsearch/index/TransportIndexFailuresIT.java","2","0","1","1","115","163","0"
"elasticsearch","889db1c824d8c573835e8cbadd0c6f3ba25f8fcd","src/test/java/org/elasticsearch/index/TransportIndexFailuresTest.java","2","0","1","1","116","164","1"
"elasticsearch","a01475a20b8a5b14da67c9979cdd953aefcc7598","core/src/test/java/org/elasticsearch/nodesinfo/NodeInfoStreamingTests.java","2","0","1","1","117","151","1"
"elasticsearch","598854dd72d7fb01a7e26a9dad065de3deaa5eb7","src/test/java/org/elasticsearch/index/TransportIndexFailuresTest.java","2","0","1","1","117","165","0"
"hazelcast","57535284ee668e1e195cbd884184b6bb8d3641ff","hazelcast-client/src/test/java/com/hazelcast/client/helpers/PortableHelpersFactory.java","2","0","1","1","12","23","0"
"elasticsearch","841d5a210e12bc629336396893e18872d2b1f46f","core/src/test/java/org/elasticsearch/nodesinfo/NodeInfoStreamingTests.java","2","0","1","1","121","156","0"
"hazelcast","86234067a9384df7e9b2ea44c7bfe7a9f1881c1a","hazelcast/src/main/java/com/hazelcast/internal/nearcache/impl/invalidation/ToHeapDataConverter.java","2","0","1","1","13","37","0"
"elasticsearch","146a6d3730f387106ad08066761d398eb4911335","modules/elasticsearch/src/main/java/org/elasticsearch/index/mapper/selector/AllButSourceFieldSelector.java","2","0","1","1","13","42","1"
"BroadleafCommerce","9b556e9914c84a41ae10f07813ea46a5d2023f27","common/src/main/java/org/broadleafcommerce/common/web/controller/BroadleafRedirectController.java","2","0","1","1","13","62","0"
"mcMMO","a4a1ba43318a0757816fc57010922d0002dbcac9","src/main/java/com/gmail/nossr50/runnables/UpdateCheckerTask.java","2","0","1","1","14","20","0"
"elasticsearch","e9d9ade10f9947dd35f9ccf095c3d36698f0de8c","src/main/java/org/elasticsearch/search/query/FilterParseElement.java","2","0","1","1","14","39","0"
"elasticsearch","146a6d3730f387106ad08066761d398eb4911335","modules/elasticsearch/src/main/java/org/elasticsearch/index/mapper/internal/SourceFieldSelector.java","2","0","1","1","14","44","1"
"elasticsearch","c13f5f21de04b37a79d854a3ef2b976f4ed247b7","src/main/java/org/elasticsearch/search/fetch/fielddata/FieldDataFieldsParseElement.java","2","0","1","1","14","46","1"
"elasticsearch","03eb1460ad3fc487b02034367a454a2fbacdfe21","core/src/main/java/org/elasticsearch/cluster/MasterNodeChangePredicate.java","2","0","1","1","14","54","0"
"oryx","481ec44fd6a5d511ef42eddf47334a725d3a540c","app/oryx-app-common/src/main/java/com/cloudera/oryx/app/kmeans/EuclideanDistanceFn.java","2","0","1","1","15","38","0"
"BroadleafCommerce","2851ab62ae5cafe9bb212e19d99cc42f0c1739f5","core/broadleaf-framework/src/main/java/org/broadleafcommerce/core/offer/service/processor/OfferTimeZoneProcessorImpl.java","2","0","1","1","15","39","0"
"hazelcast","8fac2ea6e17e60e7e680a7e692bac64ccb51f850","hazelcast/src/main/java/com/hazelcast/spi/TransactionalDistributedObject.java","2","0","1","1","15","40","0"
"elasticsearch","1af38cf3f3b50cef27044e5e173995c2403befb1","src/main/java/org/elasticsearch/search/query/FilterParseElement.java","2","0","1","1","15","40","0"
"hazelcast","1c090ad87906d51892a32c2aa0a32d34002298ec","hazelcast/src/main/java/com/hazelcast/spi/TransactionalDistributedObject.java","2","0","1","1","15","40","1"
"elasticsearch","146a6d3730f387106ad08066761d398eb4911335","modules/elasticsearch/src/main/java/org/elasticsearch/index/mapper/selector/UidFieldSelector.java","2","0","1","1","15","45","1"
"BroadleafCommerce","d8dbf31381e5c689ad90bada81d6092e897818bb","core/broadleaf-framework/src/main/java/org/broadleafcommerce/core/offer/service/discount/ItemOfferQtyOneComparator.java","2","0","1","1","15","51","0"
"elasticsearch","74a7c46b0e0e4c921e30574214da6b77ef354b18","src/main/java/org/elasticsearch/search/query/FilterParseElement.java","2","0","1","1","16","41","0"
"BroadleafCommerce","ab59bb20101135df9d3984c2c8ee7e2b12073be7","common/src/main/java/org/broadleafcommerce/common/config/BroadleafBeanNameGenerator.java","2","0","1","1","16","53","0"
"hazelcast","a4035afdfc67b757940a15578bc51b4e7b6b0b13","hazelcast-client-new/src/main/java/com/hazelcast/client/proxy/txn/AbstractClientTxnCollectionProxy.java","2","0","1","1","17","43","0"
"hazelcast","bb3ea0e107980d769862cdbda748cc91529d67b5","hazelcast-client-new/src/main/java/com/hazelcast/client/txn/proxy/AbstractClientTxnCollectionProxy.java","2","0","1","1","17","43","0"
"elasticsearch","180403fc32cd7f525374e82cc6786d15cc7642cc","src/main/java/org/elasticsearch/script/mustache/JsonEscapingMustacheFactory.java","2","0","1","1","17","43","0"
"hazelcast","ed777f64e4d046bb45ae4ee062b463e33526e3ad","hazelcast-client-new/src/main/java/com/hazelcast/client/txn/proxy/AbstractClientTxnCollectionProxy.java","2","0","1","1","17","43","1"
"elasticsearch","13a347239a48d71486692a72c066e940dec8921b","plugins/cloud-aws/src/main/java/org/elasticsearch/discovery/ec2/Ec2DiscoveryModule.java","2","0","1","1","17","44","2"
"elasticsearch","3ce7b119d28e7d1be7284bd804606a65c2d1a383","test/framework/src/test/java/org/elasticsearch/test/rest/yaml/parser/AbstractClientYamlTestFragmentParserTestCase.java","2","0","1","1","17","47","0"
"titan","ed88d7286080492045efafb45a69fa4cb6eeb94d","src/main/java/com/thinkaurelius/titan/graphdb/query/DisjunctiveQueryIterable.java","2","0","1","1","18","29","0"
"neo4j","e7b3407f3dfe22e4029042512fbf88c2d60aa94d","enterprise/cluster/src/test/java/org/neo4j/cluster/protocol/atomicbroadcast/multipaxos/MultiPaxosNetworkTest.java","2","0","1","1","180","254","1"
"neo4j","a2206e2451ffe226128a69a43f7f1f59409a0217","enterprise/cluster/src/test/java/org/neo4j/cluster/protocol/atomicbroadcast/multipaxos/MultiPaxosNetworkTest.java","2","0","1","1","191","265","0"
"oryx","eb08674e77479787fa9288f2c824e48af8539ff2","oryx-app-serving/src/main/java/com/cloudera/oryx/app/serving/kmeans/DistanceToNearest.java","2","0","1","1","20","48","0"
"hazelcast","c36cb6ae908657902e9f149967f41252f8bead2a","hazelcast/src/main/java/com/hazelcast/internal/usercodedeployment/impl/ClassloadingMutexProvider.java","2","0","1","1","20","52","1"
"hazelcast","96c6b8be6df938f529147e4b20d8490c015de96f","hazelcast/src/main/java/com/hazelcast/internal/usercodedeployment/impl/ClassloadingMutexProvider.java","2","0","1","1","20","53","0"
"neo4j","21dc057a8a68245281a22d7bdb8da5ae2103f057","enterprise/core-edge/src/main/java/org/neo4j/coreedge/raft/state/SafeChannelMarshal.java","2","0","1","1","20","60","0"
"hazelcast","a4035afdfc67b757940a15578bc51b4e7b6b0b13","hazelcast/src/main/java/com/hazelcast/client/impl/protocol/task/AbstractCallableMessageTask.java","2","0","1","1","21","46","0"
"elasticsearch","e9d9ade10f9947dd35f9ccf095c3d36698f0de8c","src/main/java/org/elasticsearch/search/query/FilterBinaryParseElement.java","2","0","1","1","21","46","0"
"hazelcast","d38202141395360399c9cf97d4453adf5b1581e1","hazelcast/src/main/java/com/hazelcast/client/impl/protocol/task/AbstractCallableMessageTask.java","2","0","1","1","21","46","1"
"oryx","eff199ff1f6cad1b4ff13829dfb29ff4884d4c31","app/oryx-app-serving/src/main/java/com/cloudera/oryx/app/serving/kmeans/DistanceToNearest.java","2","0","1","1","22","50","0"
"elasticsearch","3f06d9f3b8516bb30a2890a36c2973f08f9c6076","modules/lang-painless/src/main/java/org/elasticsearch/painless/node/SBreak.java","2","0","1","1","22","51","0"
"elasticsearch","bbf42d379dc5fac7cddf768b244aa1649efdb10d","core/src/main/java/org/elasticsearch/common/util/BigArraysModule.java","2","0","1","1","22","51","0"
"elasticsearch","40f119d85a4eaa39d0a6e594e46f70de725557f0","core/src/main/java/org/elasticsearch/common/util/BigArraysModule.java","2","0","1","1","22","51","1"
"BroadleafCommerce","13e34973fd48a87bca6221ef78eea0a98d3ef324","common/src/main/java/org/broadleafcommerce/common/config/PostAutoConfigurationDefferedImportSelector.java","2","0","1","1","22","61","0"
"elasticsearch","b49635539d929d6cb5ee56153e2f95872fe4bb16","modules/lang-painless/src/main/java/org/elasticsearch/painless/node/SBreak.java","2","0","1","1","23","52","1"
"hazelcast","31b0f8103dabb664ad08cbe91435b4de770181a1","hazelcast/src/main/java/com/hazelcast/util/executor/SingleExecutorThreadFactory.java","2","0","1","1","24","52","1"
"BroadleafCommerce","416b3865b7ebb288d45d43094456acefbd7d5ee7","core/broadleaf-framework/src/main/java/org/broadleafcommerce/core/offer/service/workflow/RecordOfferUsageRollbackHandler.java","2","0","1","1","24","59","0"
"BroadleafCommerce","1996e127a95ab72c1b5d31d1bfcc1f8ab69e38b6","common/src/main/java/org/broadleafcommerce/common/util/sql/importsql/DemoPostgresSingleLineSqlCommandExtractor.java","2","0","1","1","24","71","0"
"BroadleafCommerce","e537514341f2711dbf6138bd2e0c9f7c24351122","admin/broadleaf-admin-module/src/main/java/org/broadleafcommerce/admin/server/service/persistence/validation/TargetItemRulesValidator.java","2","0","1","1","25","52","0"
"BroadleafCommerce","31c7f37fe4e9cf6d6666ee6cf780d188e7dc6532","admin/broadleaf-open-admin-platform/src/main/java/org/broadleafcommerce/openadmin/server/service/persistence/StaticAssetPersistenceEventHandler.java","2","0","1","1","25","59","0"
"netty","8c135cdd55cbc399a66af34e38b3a2b9349b4f7c","resolver/src/main/java/io/netty/resolver/DefaultNameResolver.java","2","0","1","1","26","53","1"
"titan","7720850da32092290f6ee0e375eb22cb367a3310","src/main/java/com/thinkaurelius/faunus/formats/titan/TitanInputFormat.java","2","0","1","1","27","37","0"
"oryx","d16f89b25fc5e12f94af6432274c66e0394c1743","app/oryx-app-serving/src/main/java/com/cloudera/oryx/app/serving/als/KnownItems.java","2","0","1","1","27","54","0"
"elasticsearch","3e32dd985aabfa5ee653b26bcb6ff97c74a426a2","src/test/java/org/elasticsearch/test/rest/section/GreaterThanEqualToAssertion.java","2","0","1","1","27","59","0"
"titan","63cd447da2fac871c2528fcec575e19b10e7330b","src/test/java/com/thinkaurelius/faunus/formats/sequence/faunus01/FaunusSequenceFileRecordReaderTest.java","2","0","1","1","28","37","1"
"titan","2beffb4767bcaab8cdfb54dbcb08c819c0a8dd3c","titan-test/src/test/java/com/thinkaurelius/titan/graphdb/VertexListTest.java","2","0","1","1","28","45","1"
"elasticsearch","3e32dd985aabfa5ee653b26bcb6ff97c74a426a2","src/test/java/org/elasticsearch/test/rest/section/GreaterThanAssertion.java","2","0","1","1","28","59","0"
"neo4j","6b75a9235ea38e0c47caacd25cc919023c0c958b","community/lucene-index/src/main/java/org/neo4j/kernel/api/impl/index/backup/WritableIndexSnapshotFileIterator.java","2","0","1","1","28","60","0"
"oryx","27e9046b2bd92243c260efd8bcd0af46b92bdf9e","app/oryx-app-serving/src/main/java/com/cloudera/oryx/app/serving/als/KnownItems.java","2","0","1","1","29","56","0"
"orientdb","f7f8c716bc3c9c94e4b757d8fae95b072d756db2","core/src/test/java/com/orientechnologies/orient/core/sql/functions/coll/SQLFunctionDifferenceTest.java","2","0","1","1","29","66","0"
"oryx","efcdff4c4e8f2827aae55879bbb778cd0f7dd99c","oryx-lambda/src/test/java/com/cloudera/oryx/lambda/MockBatchUpdate.java","2","0","1","1","30","58","0"
"junit","61f06547599bb6b98bca99d5bc457eb20bc17cab","src/main/java/org/junit/rules/TestWatcher.java","2","0","1","1","30","92","0"
"elasticsearch","75cedca0dab933bb6d1679fbddea2d09122d13c9","core/src/main/java/org/elasticsearch/index/IndexModule.java","2","0","1","1","31","62","2"
"BroadleafCommerce","3c64219a412a918a072ad329eaa0c20a3a918683","core/broadleaf-framework/src/test/java/org/broadleafcommerce/core/pricing/service/fulfillment/FixedPriceFulfillmentTest.java","2","0","1","1","31","63","0"
"netty","2b014ce82a71cad586ce3919d31d160fe05366cd","transport/src/test/java/io/netty/channel/group/DefaultChannnelGroupTest.java","2","0","1","1","32","57","0"
"BroadleafCommerce","9a2399ccabc71c63572c786cacfa9d17404bf0db","integration/src/test/java/org/broadleafcommerce/test/helper/TestAdminRequestFilter.java","2","0","1","1","32","60","0"
"elasticsearch","c0f9e337ce5271c5cd5ff08a381d8cd4670abc9d","src/main/java/org/elasticsearch/search/highlight/vectorhighlight/SourceScoreOrderFragmentsBuilder.java","2","0","1","1","32","64","0"
"oryx","d16f89b25fc5e12f94af6432274c66e0394c1743","app/oryx-app-serving/src/main/java/com/cloudera/oryx/app/serving/als/MostActiveUsers.java","2","0","1","1","32","65","0"
"netty","c6a3cae269f9305be7de088fe89500bb1137a2fe","common/src/test/java/io/netty/util/concurrent/UnorderedThreadPoolEventExecutorTest.java","2","0","1","1","33","58","0"
"BroadleafCommerce","040328f8a2eb2a3c1843b3e09783103ca6e8caac","admin/broadleaf-open-admin-platform/src/main/java/org/broadleafcommerce/openadmin/web/controller/entity/AdminUserController.java","2","0","1","1","33","68","0"
"elasticsearch","14ae2fb7650f19c02440620061e6915da7711578","src/main/java/org/elasticsearch/search/highlight/vectorhighlight/SourceScoreOrderFragmentsBuilder.java","2","0","1","1","34","66","0"
"oryx","27e9046b2bd92243c260efd8bcd0af46b92bdf9e","app/oryx-app-serving/src/main/java/com/cloudera/oryx/app/serving/als/MostActiveUsers.java","2","0","1","1","34","67","0"
"elasticsearch","8fbfab2a0d63e19f0e769fd21d1f98aaa99dfd81","src/main/java/org/elasticsearch/indices/analysis/pl/PolishIndicesAnalysis.java","2","0","1","1","36","66","0"
"BroadleafCommerce","030f8d7b4e8ed22cd62d84d51cd28cfe0ad83412","common/src/test/java/org/broadleafcommerce/common/file/service/FileSystemFileServiceProviderTest.java","2","0","1","1","36","87","0"
"elasticsearch","d84c643f5880a88d2e5c38b487123161f3e01fe0","core/src/test/java/org/elasticsearch/index/mapper/dynamictemplate/genericstore/GenericStoreDynamicTemplateTests.java","2","0","1","1","38","68","0"
"hazelcast","c57d3349fbdda6d4454ef257937a2199cea9572f","hazelcast/src/main/java/com/hazelcast/map/impl/event/AbstractFilteringStrategy.java","2","0","1","1","39","70","0"
"netty","4d969b964f68e3821f72d71eacbe5cca2f4e1d37","codec-http/src/test/java/io/netty/handler/codec/http/multipart/HttpPostRequestDecoderTest.java","2","0","1","1","39","74","0"
"elasticsearch","51d53791fe71c9cb62bc992588a57cdfb500383f","core/src/main/java/org/elasticsearch/rest/BaseRestHandler.java","2","0","1","1","40","116","0"
"elasticsearch","3274e7ea6fd74073c30e5194c3447b1707e8b708","src/main/java/org/elasticsearch/search/highlight/vectorhighlight/SourceScoreOrderFragmentsBuilder.java","2","0","1","1","40","72","1"
"hazelcast","99f2dd5d8710f0276d0b105ba5c0f19674b6ccdf","hazelcast-client/src/main/java/com/hazelcast/client/cache/impl/ClientClusterWideIterator.java","2","0","1","1","40","75","1"
"BroadleafCommerce","66b90df8e1d48dea727d19decebcf0b65113f2f1","core/broadleaf-framework/src/main/java/org/broadleafcommerce/core/search/dao/SearchFieldDaoImpl.java","2","0","1","1","41","73","0"
"netty","e074df2ae6501d99921543369198c53e4d99ed1b","resolver-dns/src/test/java/io/netty/resolver/dns/DnsNameResolverClientSubnetTest.java","2","0","1","1","42","69","0"
"netty","e5455d31b3cfe74b5c6008b68955a10d7d539f9d","resolver-dns/src/test/java/io/netty/resolver/dns/DnsNameResolverClientSubnetTest.java","2","0","1","1","42","69","0"
"netty","36c6a61d33c480798511723486459f4eea04cb47","resolver-dns/src/test/java/io/netty/resolver/dns/DnsNameResolverClientSubnetTest.java","2","0","1","1","42","69","1"
"netty","b249714a2d26f923ef2ede5d3488c3c3ed2bada3","resolver-dns/src/test/java/io/netty/resolver/dns/DnsNameResolverClientSubnetTest.java","2","0","1","1","43","70","0"
"elasticsearch","5763b2468669896ce69b7f728626a8c844f4aba4","src/main/java/org/elasticsearch/search/highlight/vectorhighlight/SourceScoreOrderFragmentsBuilder.java","2","0","1","1","43","76","0"
"elasticsearch","7fd54acd6627b627fdb9caac59dcfb286fc91c4e","src/test/java/org/elasticsearch/test/integration/flt/FuzzyLikeThisActionTests.java","2","0","1","1","44","87","1"
"elasticsearch","be860c8004d18cb9bfb24e7cc3abcbee212e622d","src/test/java/org/elasticsearch/indices/template/IndexTemplateFileLoadingTests.java","2","0","1","1","45","79","2"
"elasticsearch","bbffeb1b39b864a8bf6c9844dfa23869e44c8639","src/test/java/org/elasticsearch/indices/template/IndexTemplateFileLoadingTests.java","2","0","1","1","45","80","3"
"hazelcast","820f4b2d5e993cbc48c7f14e06f7588591085461","hazelcast-client-new/src/main/java/com/hazelcast/client/cache/impl/ClientClusterWideIterator.java","2","0","1","1","45","81","1"
"hazelcast","bc945190541c07a740026d0e1d81368a2d79d78e","hazelcast-client-new/src/main/java/com/hazelcast/client/cache/impl/ClientClusterWideIterator.java","2","0","1","1","45","81","1"
"hazelcast","e5b354a838560d54343b80d37794d7ede58505ee","hazelcast-client-new/src/main/java/com/hazelcast/client/cache/impl/ClientClusterWideIterator.java","2","0","1","1","45","81","2"
"hazelcast","a4035afdfc67b757940a15578bc51b4e7b6b0b13","hazelcast-client-new/src/main/java/com/hazelcast/client/cache/impl/ClientClusterWideIterator.java","2","0","1","1","45","81","0"
"hazelcast","b4f94a00cf1628aa0437ded2c556bae9608f74c6","hazelcast-client/src/main/java/com/hazelcast/client/cache/impl/ClientClusterWideIterator.java","2","0","1","1","45","81","0"
"oryx","49c1ead1c67cc8b980a4be36cff731a14ba4f3fb","framework/oryx-lambda/src/test/java/com/cloudera/oryx/lambda/batch/BatchLayerIT.java","2","0","1","1","46","79","0"
"hazelcast","97bb74d78cd1e0af68a1390defa30fc956da8390","hazelcast-client-new/src/main/java/com/hazelcast/client/cache/impl/ClientClusterWideIterator.java","2","0","1","1","46","82","0"
"BroadleafCommerce","5b19a1633f1e178e1db9fed229b3609dca3d5ba7","admin/broadleaf-admin-module/src/main/java/org/broadleafcommerce/admin/web/controller/entity/AdminCategoryController.java","2","0","1","1","46","97","0"
"elasticsearch","e1b66b34ea92a29349de07bc209c8f85d680effc","src/main/java/org/elasticsearch/search/highlight/vectorhighlight/SourceScoreOrderFragmentsBuilder.java","2","0","1","1","47","80","0"
"hazelcast","6b9715b30910755cda41e8349960635d9c914a10","hazelcast/src/test/java/com/hazelcast/map/impl/mapstore/writebehind/WriteBehindWriteDelaySecondsTest.java","2","0","1","1","48","82","2"
"neo4j","fd58f78ee7e63b03b71e392f12c42f3b13d95a47","enterprise/ha/src/main/java/org/neo4j/kernel/ha/cluster/modeswitch/UpdatePullerSwitcher.java","2","0","1","1","48","85","1"
"oryx","d6687d2eb4391d042aa1d5e80653326e501b0fed","framework/oryx-lambda/src/test/java/com/cloudera/oryx/lambda/batch/BatchLayerIT.java","2","0","1","1","49","82","1"
"BroadleafCommerce","4b899b0b30679392365b1286b26fd502eee6594c","admin/broadleaf-admin-module/src/main/java/org/broadleafcommerce/admin/web/controller/entity/AdminCategoryController.java","2","0","1","1","49","86","1"
"BroadleafCommerce","04a8e629eb83f62566538f62be29b5e1ded0bf0a","admin/broadleaf-admin-module/src/main/java/org/broadleafcommerce/admin/web/controller/entity/AdminCategoryController.java","2","0","1","1","49","89","1"
"elasticsearch","73e4a9b3f7a70be5b02aadd05f0f2e88423d933a","src/test/java/org/elasticsearch/indices/recovery/StartRecoveryRequestTest.java","2","0","1","1","50","83","0"
"elasticsearch","51d53791fe71c9cb62bc992588a57cdfb500383f","core/src/main/java/org/elasticsearch/rest/action/cat/RestRepositoriesAction.java","2","0","1","1","50","91","0"
"elasticsearch","5eeac2fdf6c108e2f9b6305b6577a77e5290ad9e","src/test/java/org/elasticsearch/test/transport/NettyTransportMultiPortIntegrationTests.java","2","0","1","1","51","81","0"
"elasticsearch","e56d85439c242dee8ce1f8fec9fd59872dd2efb9","src/test/java/org/elasticsearch/test/transport/NettyTransportMultiPortIntegrationTests.java","2","0","1","1","52","82","1"
"elasticsearch","25fd9e26c4fb042d6f6dea14efcd239577bdbbc4","core/src/main/java/org/elasticsearch/action/admin/indices/create/TransportCreateIndexAction.java","2","0","1","1","52","87","0"
"elasticsearch","56cc87b7ccd41040d8fafcaf2da3680d96d10839","core/src/main/java/org/elasticsearch/action/admin/indices/create/TransportCreateIndexAction.java","2","0","1","1","52","87","0"
"elasticsearch","d3417fb02291f26964d77767020ef345d18c148f","core/src/main/java/org/elasticsearch/action/admin/indices/create/TransportCreateIndexAction.java","2","0","1","1","52","87","0"
"elasticsearch","4b94eb5cb8cc4294ed0e932a5f22c16bd90d4dd7","core/src/main/java/org/elasticsearch/action/admin/indices/create/TransportCreateIndexAction.java","2","0","1","1","52","87","2"
"elasticsearch","860efb2ad28db09189c8423e05d0dba53010259c","core/src/main/java/org/elasticsearch/action/admin/indices/create/TransportCreateIndexAction.java","2","0","1","1","52","87","2"
"elasticsearch","467a459f95d8709379bf3e7f415644b246a89dba","core/src/main/java/org/elasticsearch/action/search/type/TransportSearchCountAction.java","2","0","1","1","53","87","1"
"elasticsearch","8dedbd01df14c76fc8f1ac9060facc053fa2be9b","src/main/java/org/elasticsearch/action/admin/indices/exists/indices/TransportIndicesExistsAction.java","2","0","1","1","53","88","3"
"elasticsearch","059a675aa5aab0a2993adbfe6456da38fc480b90","core/src/test/java/org/elasticsearch/index/mapper/copyto/CopyToMapperIntegrationIT.java","2","0","1","1","53","92","1"
"elasticsearch","821021f0e478ca44d828e62c139ea19f0fd7290a","core/src/main/java/org/elasticsearch/action/search/type/TransportSearchCountAction.java","2","0","1","1","54","88","0"
"elasticsearch","2b3760f78b26817b5a2030aa27b1ddf2f17462f6","core/src/main/java/org/elasticsearch/rest/action/cat/RestRepositoriesAction.java","2","0","1","1","55","89","1"
"elasticsearch","10ec2e948a2f1426a5058ca3b2c2e39952f141d8","src/main/java/org/elasticsearch/action/admin/indices/exists/indices/TransportIndicesExistsAction.java","2","0","1","1","55","92","2"
"netty","9bcfef0f10694260a0c066278858b1c528f09ee0","example/src/main/java/io/netty/example/spdy/client/SpdyClient.java","2","0","1","1","60","108","1"
"hazelcast","669af4d95acce86fc25b96a8aaf5ee89a8b29610","hazelcast/src/test/java/com/hazelcast/map/impl/EntryListenerAdaptorsTest.java","2","0","1","1","61","96","0"
"orientdb","ae7c04d181a8ba0a89222cc681b0534a4f4c190d","core/src/test/java/com/orientechnologies/orient/core/sql/OLiveQueryTest.java","2","0","1","1","62","107","1"
"elasticsearch","131e370a16bb34ac2d7a51918a8d7b613defaa6d","core/src/test/java/org/elasticsearch/cluster/routing/allocation/SameShardRoutingTests.java","2","0","1","1","62","96","1"
"elasticsearch","6ed83ce36a24acd904f2e52348aa6c1ea2fa7b2d","core/src/test/java/org/elasticsearch/cluster/routing/allocation/SameShardRoutingTests.java","2","0","1","1","62","96","2"
"elasticsearch","c7e36536f69ab3d9f54719007a078c84fbdf1239","core/src/test/java/org/elasticsearch/cluster/routing/allocation/SameShardRoutingTests.java","2","0","1","1","62","96","1"
"elasticsearch","f3cddef61e735be96aa0623f457641473c90504f","core/src/test/java/org/elasticsearch/cluster/routing/allocation/SameShardRoutingTests.java","2","0","1","1","62","96","0"
"orientdb","f9714a3a282f126631b979603ae07999d7c51a01","graphdb/src/test/java/com/orientechnologies/orient/graph/blueprints/NestedTxTest.java","2","0","1","1","63","80","0"
"elasticsearch","0a69f1e283e26e5d9e6a000b68b9f4778de557a1","core/src/main/java/org/elasticsearch/action/admin/indices/template/put/TransportPutIndexTemplateAction.java","2","0","1","1","63","97","2"
"elasticsearch","3f6a3c01dadb1951b597ffdbd068359a2fbc84c8","core/src/test/java/org/elasticsearch/cluster/routing/allocation/SameShardRoutingTests.java","2","0","1","1","63","97","1"
"elasticsearch","6abcd42a05a0e2bc4eaf1add6a41ae7d48f840c2","core/src/test/java/org/elasticsearch/cluster/routing/allocation/SameShardRoutingTests.java","2","0","1","1","63","97","0"
"elasticsearch","b40c1deebe410eb5279579030493e5c63c02075d","core/src/main/java/org/elasticsearch/action/admin/indices/mapping/put/TransportPutMappingAction.java","2","0","1","1","63","98","0"
"elasticsearch","7eaac7b7061bfea573bbc9ed33933318492a28b2","core/src/main/java/org/elasticsearch/action/admin/indices/delete/TransportDeleteIndexAction.java","2","0","1","1","64","98","0"
"elasticsearch","f208aaa47c277d323d52b79241cfb8eef64b5e90","core/src/test/java/org/elasticsearch/cluster/routing/allocation/AllocationPriorityTests.java","2","0","1","1","66","99","0"
"elasticsearch","f32f35bec4e103a6f5eb347895bbf73bec0fdf76","core/src/main/java/org/elasticsearch/action/admin/indices/delete/TransportDeleteIndexAction.java","2","0","1","1","67","102","1"
"elasticsearch","b39961b2a6ae880bfcfe17d5e80c834be705f15d","src/test/java/org/elasticsearch/test/unit/cluster/routing/allocation/PreferPrimaryAllocationTests.java","2","0","1","1","67","108","0"
"elasticsearch","a2d07058e8557539e843fc3c2cace23b56512344","src/main/java/org/elasticsearch/action/admin/cluster/reroute/TransportClusterRerouteAction.java","2","0","1","1","68","103","4"
"elasticsearch","10ec2e948a2f1426a5058ca3b2c2e39952f141d8","src/main/java/org/elasticsearch/action/admin/indices/alias/TransportIndicesAliasesAction.java","2","0","1","1","68","106","2"
"elasticsearch","ca6c26c62db35832981ed6ef00e4ce4045b1f1b9","src/test/java/org/elasticsearch/test/unit/cluster/routing/allocation/PreferPrimaryAllocationTests.java","2","0","1","1","69","110","0"
"elasticsearch","5a64f08f048461a63a0ca1354a5050c954e63d52","core/src/main/java/org/elasticsearch/action/admin/indices/template/put/TransportPutIndexTemplateAction.java","2","0","1","1","70","103","0"
"elasticsearch","0a8afa2e7269ddbec3755b8f10033e93f55149c2","core/src/main/java/org/elasticsearch/action/admin/indices/delete/TransportDeleteIndexAction.java","2","0","1","1","72","109","3"
"elasticsearch","371c73e14023917f3892090d2d3d7ff9ac1216b9","core/src/main/java/org/elasticsearch/action/admin/indices/delete/TransportDeleteIndexAction.java","2","0","1","1","72","109","3"
"elasticsearch","78574d248cf10dad1c5a566fda79e1e0c94afe43","core/src/main/java/org/elasticsearch/action/admin/indices/delete/TransportDeleteIndexAction.java","2","0","1","1","72","109","2"
"elasticsearch","e6aaaf11ed4a1b8f595f920de1840938eddb7a97","core/src/main/java/org/elasticsearch/action/admin/indices/delete/TransportDeleteIndexAction.java","2","0","1","1","72","109","2"
"elasticsearch","a60b8948ba1d836a6eac7cff095519e618939ed8","core/src/main/java/org/elasticsearch/action/admin/indices/delete/TransportDeleteIndexAction.java","2","0","1","1","72","109","0"
"elasticsearch","1e7c42447999421ea789d51279496017d34b15d0","core/src/main/java/org/elasticsearch/action/admin/indices/template/put/TransportPutIndexTemplateAction.java","2","0","1","1","73","106","0"
"elasticsearch","25fd9e26c4fb042d6f6dea14efcd239577bdbbc4","core/src/main/java/org/elasticsearch/action/admin/indices/template/put/TransportPutIndexTemplateAction.java","2","0","1","1","73","106","0"
"elasticsearch","56cc87b7ccd41040d8fafcaf2da3680d96d10839","core/src/main/java/org/elasticsearch/action/admin/indices/template/put/TransportPutIndexTemplateAction.java","2","0","1","1","73","106","0"
"elasticsearch","48bfb142b97bc32542f73bece4bf19bce57554c8","core/src/main/java/org/elasticsearch/action/admin/indices/template/put/TransportPutIndexTemplateAction.java","2","0","1","1","73","106","1"
"elasticsearch","2e2e345dcb90e1ec1c48c6bb5348469fc514aea1","src/main/java/org/elasticsearch/action/admin/cluster/reroute/TransportClusterRerouteAction.java","2","0","1","1","74","110","5"
"elasticsearch","b75d1d885a4f56edf8d1b8cd393298588fbd0123","src/main/java/org/elasticsearch/action/admin/cluster/reroute/TransportClusterRerouteAction.java","2","0","1","1","74","110","3"
"elasticsearch","adc0807c686b37bf1d96bd3eb9d26face380fe44","src/main/java/org/elasticsearch/action/admin/cluster/reroute/TransportClusterRerouteAction.java","2","0","1","1","74","110","0"
"elasticsearch","25fd9e26c4fb042d6f6dea14efcd239577bdbbc4","core/src/main/java/org/elasticsearch/action/admin/indices/delete/TransportDeleteIndexAction.java","2","0","1","1","74","111","0"
"hazelcast","9144e8128c3d271554f7230ee32e4d2e102fe811","hazelcast/src/test/java/com/hazelcast/query/impl/AndResultSetTest.java","2","0","1","1","77","97","0"
"hazelcast","21586825d367940e1c79cf289e97310daab1200d","hazelcast/src/test/java/com/hazelcast/query/impl/AndResultSetTest.java","2","0","1","1","78","98","1"
"elasticsearch","25fd9e26c4fb042d6f6dea14efcd239577bdbbc4","core/src/main/java/org/elasticsearch/action/admin/indices/close/TransportCloseIndexAction.java","2","0","1","1","82","119","0"
"elasticsearch","25fd9e26c4fb042d6f6dea14efcd239577bdbbc4","core/src/main/java/org/elasticsearch/action/admin/cluster/reroute/TransportClusterRerouteAction.java","2","0","1","1","86","124","0"
"elasticsearch","56cc87b7ccd41040d8fafcaf2da3680d96d10839","core/src/main/java/org/elasticsearch/action/admin/cluster/reroute/TransportClusterRerouteAction.java","2","0","1","1","86","124","0"
"elasticsearch","a60b8948ba1d836a6eac7cff095519e618939ed8","core/src/main/java/org/elasticsearch/action/admin/cluster/reroute/TransportClusterRerouteAction.java","2","0","1","1","86","124","0"
"elasticsearch","78574d248cf10dad1c5a566fda79e1e0c94afe43","core/src/main/java/org/elasticsearch/action/admin/cluster/reroute/TransportClusterRerouteAction.java","2","0","1","1","86","124","1"
"elasticsearch","e6aaaf11ed4a1b8f595f920de1840938eddb7a97","core/src/main/java/org/elasticsearch/action/admin/cluster/reroute/TransportClusterRerouteAction.java","2","0","1","1","86","124","1"
"elasticsearch","10ec2e948a2f1426a5058ca3b2c2e39952f141d8","src/main/java/org/elasticsearch/action/admin/cluster/reroute/TransportClusterRerouteAction.java","2","0","1","1","86","127","2"
"elasticsearch","1033249f0c971ea099ccbce6d9fe3cd720c7c800","modules/test/integration/src/test/java/org/elasticsearch/test/stress/leaks/JvmStatsLeak.java","2","0","1","1","9","35","0"
"elasticsearch","c3f4eb36e3f5c137c816cc5d5e3e615b71a0d34a","core/src/test/java/org/elasticsearch/index/mapper/DocumentParserTests.java","2","0","1","10","158","200","0"
"elasticsearch","a5127d2ffd44253275d785424ab1bed31ae2f623","src/test/java/org/elasticsearch/common/settings/ImmutableSettingsTests.java","2","0","1","10","165","222","1"
"netty","3fa4603120f0ec0c2df3bcda5eab77d4778d2de5","transport/src/test/java/io/netty/channel/CoalescingBufferQueueTest.java","2","0","1","10","178","220","1"
"elasticsearch","a23e4aefaa90f5d634099ed398bd3df0601a668c","src/test/java/org/elasticsearch/common/geo/ShapeBuilderTests.java","2","0","1","10","179","238","1"
"hazelcast","1f042b8c4a4245594691bb6d85a66ceed9b43068","hazelcast/src/test/java/com/hazelcast/cluster/SystemClockChangeTest.java","2","0","1","10","180","245","1"
"hazelcast","56320e88e687e5353bf7bdcdffde3c499bbdcd0f","hazelcast/src/test/java/com/hazelcast/cluster/SystemClockChangeTest.java","2","0","1","10","180","245","2"
"hazelcast","68a3a200050b20a56ace06c324564dba85ae2d26","hazelcast/src/test/java/com/hazelcast/cluster/SystemClockChangeTest.java","2","0","1","10","180","245","1"
"hazelcast","ab671ef7d679092659dafa891538330abd4aa241","hazelcast/src/test/java/com/hazelcast/cluster/SystemClockChangeTest.java","2","0","1","10","180","245","1"
"hazelcast","eae5aabe2df5d86740f725387d4b9c32fb6d5495","hazelcast/src/test/java/com/hazelcast/cluster/SystemClockChangeTest.java","2","0","1","10","180","245","1"
"hazelcast","2921cff694583b8638dae2991f427e61d5440a9d","hazelcast/src/test/java/com/hazelcast/cluster/SystemClockChangeTest.java","2","0","1","10","180","245","0"
"hazelcast","584996c0c9a11facf995848e53a5a2ef79a3889a","hazelcast/src/test/java/com/hazelcast/cluster/SystemClockChangeTest.java","2","0","1","10","180","245","0"
"hazelcast","707932eed4859d26c9c896f844d9433f2795b290","hazelcast/src/test/java/com/hazelcast/cluster/SystemClockChangeTest.java","2","0","1","10","180","245","0"
"netty","abccf184115129e7f4eb79af6c4fab0fc19ec1ea","codec-http2/src/test/java/io/netty/handler/codec/http2/DefaultHttp2LocalFlowControllerTest.java","2","0","1","10","220","297","2"
"netty","94c0ef3c96189b3fb02ee68a4e229d1e3ba6e2df","transport/src/test/java/io/netty/channel/pool/FixedChannelPoolTest.java","2","0","1","10","262","341","0"
"hazelcast","1c1d2f253af23a9e61cae30d311ee6cd257fdac2","hazelcast/src/main/java/com/hazelcast/internal/networking/nio/NioChannel.java","2","0","1","10","47","82","1"
"titan","ed88d7286080492045efafb45a69fa4cb6eeb94d","src/main/java/com/thinkaurelius/titan/util/interval/DoesNotExist.java","2","0","1","10","49","70","0"
"Android-Universal-Image-Loader","1e169f67b2d5d02ed1a2e386285506e7bb29c3a9","library/src/com/nostra13/universalimageloader/core/imageaware/ImageNonViewAware.java","2","0","1","10","52","89","0"
"hazelcast","e4601b21245c41ac78d469f2aa8afc10a291448f","hazelcast/src/main/java/com/hazelcast/internal/networking/nio/NioChannel.java","2","0","1","10","53","90","0"
"hazelcast","3cc13b14fba6b8e6e2ab9149c8d17561a29c537f","hazelcast/src/main/java/com/hazelcast/collection/impl/txnqueue/operations/TxnPollOperation.java","2","0","1","10","58","92","1"
"hazelcast","67235ce99477aeeecc86d225926b6456b7ceef20","hazelcast/src/main/java/com/hazelcast/collection/impl/txnqueue/operations/TxnPollOperation.java","2","0","1","10","58","92","1"
"hazelcast","a46aa8502977bde24649cec3b52fbb065d6f480f","hazelcast/src/main/java/com/hazelcast/collection/impl/txnqueue/operations/TxnPollOperation.java","2","0","1","10","58","92","1"
"hazelcast","5009d4a90be3c901942a0a89cf29a92c074231f1","hazelcast/src/main/java/com/hazelcast/collection/impl/txnqueue/operations/TxnPollOperation.java","2","0","1","10","58","92","0"
"hazelcast","e7c312280062991ae79e7194e151e12ea3aa2897","hazelcast/src/main/java/com/hazelcast/collection/impl/txnqueue/operations/TxnPollOperation.java","2","0","1","10","58","92","0"
"hazelcast","ca9f4c4554382537be96142652567a1050e1df6d","hazelcast/src/main/java/com/hazelcast/partition/SyncReplicaVersion.java","2","0","1","10","59","96","1"
"hazelcast","42dd3075109d59f1b6847b7a6165b609299cc9d3","hazelcast-wm/src/main/java/com/hazelcast/web/entryprocessor/GetAttributeEntryProcessor.java","2","0","1","10","61","98","1"
"hazelcast","69975a8df84795d2fbd45e45b1d169e13fcbf0b1","hazelcast-wm/src/main/java/com/hazelcast/web/entryprocessor/GetAttributeEntryProcessor.java","2","0","1","10","61","99","1"
"elasticsearch","f7b7f6752270ad32a3c4229ef4a7ecee7a9228fc","src/main/java/org/elasticsearch/search/aggregations/metrics/valuecount/InternalValueCount.java","2","0","1","10","66","105","0"
"hazelcast","3cc13b14fba6b8e6e2ab9149c8d17561a29c537f","hazelcast/src/main/java/com/hazelcast/collection/impl/txnqueue/operations/TxnOfferOperation.java","2","0","1","10","70","108","1"
"hazelcast","67235ce99477aeeecc86d225926b6456b7ceef20","hazelcast/src/main/java/com/hazelcast/collection/impl/txnqueue/operations/TxnOfferOperation.java","2","0","1","10","70","108","1"
"hazelcast","a46aa8502977bde24649cec3b52fbb065d6f480f","hazelcast/src/main/java/com/hazelcast/collection/impl/txnqueue/operations/TxnOfferOperation.java","2","0","1","10","70","108","1"
"hazelcast","5009d4a90be3c901942a0a89cf29a92c074231f1","hazelcast/src/main/java/com/hazelcast/collection/impl/txnqueue/operations/TxnOfferOperation.java","2","0","1","10","70","108","0"
"hazelcast","e7c312280062991ae79e7194e151e12ea3aa2897","hazelcast/src/main/java/com/hazelcast/collection/impl/txnqueue/operations/TxnOfferOperation.java","2","0","1","10","70","108","0"
"elasticsearch","371c73e14023917f3892090d2d3d7ff9ac1216b9","core/src/main/java/org/elasticsearch/common/xcontent/cbor/CborXContent.java","2","0","1","10","70","111","3"
"elasticsearch","78574d248cf10dad1c5a566fda79e1e0c94afe43","core/src/main/java/org/elasticsearch/common/xcontent/cbor/CborXContent.java","2","0","1","10","70","111","2"
"elasticsearch","e6aaaf11ed4a1b8f595f920de1840938eddb7a97","core/src/main/java/org/elasticsearch/common/xcontent/cbor/CborXContent.java","2","0","1","10","70","111","2"
"elasticsearch","a60b8948ba1d836a6eac7cff095519e618939ed8","core/src/main/java/org/elasticsearch/common/xcontent/cbor/CborXContent.java","2","0","1","10","70","111","0"
"hazelcast","7167c10b3f49d6952ccd3671ecde41c8fca10114","hazelcast/src/main/java/com/hazelcast/collection/impl/txnqueue/operations/TxnOfferOperation.java","2","0","1","10","71","109","1"
"orientdb","7714495a75dd494934a6cfa3c422763d92a19239","distributed/src/main/java/com/orientechnologies/orient/server/distributed/impl/task/OStartReplicationTask.java","2","0","1","10","71","118","0"
"hazelcast","d070f1256c8c7fa823e6463487462826384ee1df","hazelcast/src/main/java/com/hazelcast/map/impl/operation/EvictAllOperation.java","2","0","1","10","78","117","0"
"hazelcast","7001ec8c5b1305c796de75c2e3f170c562db8c03","hazelcast/src/main/java/com/hazelcast/map/impl/operation/EvictAllOperation.java","2","0","1","10","78","118","0"
"MapDB","d256c480c229acb87ae0a6e2a7b36473a19c901d","src/test/java/org/mapdb/WALSequence.java","2","0","1","10","86","113","0"
"MapDB","3edd04f8985ca5af0a18f93b6bf4a48971982c13","src/test/java/org/mapdb/WALSequence.java","2","0","1","10","89","116","1"
"elasticsearch","371c73e14023917f3892090d2d3d7ff9ac1216b9","core/src/main/java/org/elasticsearch/common/xcontent/json/JsonXContent.java","2","0","1","10","91","132","3"
"elasticsearch","78574d248cf10dad1c5a566fda79e1e0c94afe43","core/src/main/java/org/elasticsearch/common/xcontent/json/JsonXContent.java","2","0","1","10","91","132","2"
"elasticsearch","e6aaaf11ed4a1b8f595f920de1840938eddb7a97","core/src/main/java/org/elasticsearch/common/xcontent/json/JsonXContent.java","2","0","1","10","91","132","2"
"elasticsearch","a60b8948ba1d836a6eac7cff095519e618939ed8","core/src/main/java/org/elasticsearch/common/xcontent/json/JsonXContent.java","2","0","1","10","91","132","0"
"hazelcast","b499b1588bd702a8ca12e6514696fa5e1497ad24","hazelcast-client/src/main/java/com/hazelcast/client/spi/impl/ClientExecutionServiceImpl.java","2","0","1","11","101","139","2"
"elasticsearch","4b94eb5cb8cc4294ed0e932a5f22c16bd90d4dd7","core/src/main/java/org/elasticsearch/action/admin/indices/stats/ShardStats.java","2","0","1","11","101","141","2"
"hazelcast","bb95f69a35a8d8e3ae75b605888b99990ff865b0","hazelcast-client/src/main/java/com/hazelcast/client/spi/impl/ClientExecutionServiceImpl.java","2","0","1","11","108","146","1"
"hazelcast","490031a220076fe6cf002b209e986e2edbad57b9","hazelcast-client/src/main/java/com/hazelcast/client/spi/impl/ClientExecutionServiceImpl.java","2","0","1","11","111","149","1"
"elasticsearch","61f40156d3c06cf3907b41542a050071b451fa3d","core/src/test/java/org/elasticsearch/rest/BytesRestResponseTests.java","2","0","1","11","159","211","1"
"elasticsearch","d8414ffa29f1d84fae36436e43112b249cf9de87","core/src/test/java/org/elasticsearch/search/aggregations/metrics/ValueCountIT.java","2","0","1","11","181","247","1"
"elasticsearch","994dbf75783e1ff8d8023f6509dea0031a8a39c1","core/src/test/java/org/elasticsearch/index/mapper/DocumentParserTests.java","2","0","1","11","184","228","1"
"orientdb","a717eb014a6d3a491ebbdb50ba7dcb77c1333102","core/src/test/java/com/orientechnologies/orient/core/tx/DuplicateUniqueIndexChangesTxTest.java","2","0","1","11","191","290","0"
"hazelcast","712c404a6ba05f461c985cd25f6ea7497554cac7","hazelcast-client/src/test/java/com/hazelcast/client/MembershipListenerTest.java","2","0","1","11","206","275","0"
"antlr4","29c2712ae1eee9575324db48c2f72c7cb0d28308","tool/test/org/antlr/v4/test/tool/TestAttributeChecks.java","2","0","1","11","214","274","0"
"antlr4","fab3a8310752dd71ec9e06ff5b043aca54a95110","tool/test/org/antlr/v4/test/TestAttributeChecks.java","2","0","1","11","214","274","0"
"antlr4","91752af88de29d5fe48fdb073b889095d1ed3c2d","tool/test/org/antlr/v4/test/TestAttributeChecks.java","2","0","1","11","214","274","1"
"elasticsearch","8626c18ad9374a96f6afd332d05d0e56e452edf8","src/test/java/org/elasticsearch/common/settings/ImmutableSettingsTests.java","2","0","1","11","250","328","0"
"neo4j","8ed5b950ba8468c5b4723bcf5e17e4d3506972d3","enterprise/core-edge/src/test/java/org/neo4j/coreedge/raft/state/CoreStateTest.java","2","0","1","11","256","385","0"
"elasticsearch","b94b3b2bcdf610d6abff912e822eac624ff101de","src/test/java/org/elasticsearch/common/geo/GeoJSONShapeParserTests.java","2","0","1","11","292","361","1"
"hazelcast","2b274e6521ea45ba3f56fc50cbbe51d807794e3c","hazelcast/src/main/java/com/hazelcast/config/CacheSimpleEntryListenerConfig.java","2","0","1","11","46","80","0"
"hazelcast","5c0d5a22d2259539d62d8a928f41424eece216cb","hazelcast/src/main/java/com/hazelcast/config/SerializerConfig.java","2","0","1","11","53","96","0"
"hazelcast","65df300ddcacf2cee04f1eee8f75731e147decbf","hazelcast-client-legacy/src/main/java/com/hazelcast/client/proxy/ClientClusterProxy.java","2","0","1","11","58","93","1"
"elasticsearch","1496b0345832e4a57ae569f72de8df524e11f408","src/main/java/org/elasticsearch/common/xcontent/smile/SmileXContent.java","2","0","1","11","66","106","0"
"neo4j","c4b73f41c621dadf3c18b9f1bb9785f69932d05f","community/kernel/src/main/java/org/neo4j/kernel/impl/api/cursor/TxAbstractPropertyCursor.java","2","0","1","11","83","124","1"
"elasticsearch","384114f52f3de8803cb280b8fee9eab3a06009e8","src/test/java/org/elasticsearch/script/ScriptServiceTests.java","2","0","1","11","92","138","0"
"oryx","fb42815a896689463ed02f27a49d9145ca239fe7","app/oryx-app/src/main/java/com/cloudera/oryx/app/speed/als/ALSSpeedModel.java","2","0","1","11","96","142","0"
"oryx","2a54e16bc0e4d2def6decfc03b2a56b5e481308d","app/oryx-app/src/main/java/com/cloudera/oryx/app/speed/als/ALSSpeedModel.java","2","0","1","11","96","144","0"
"elasticsearch","71bd40517df0c21f860224a2cfb432bb1a77c96a","src/main/java/org/elasticsearch/cluster/action/index/NodeMappingRefreshAction.java","2","0","1","12","105","153","1"
"neo4j","fa816e9779bf1c0283c3c6f59e34d454940631cb","enterprise/causal-clustering/src/test/java/org/neo4j/causalclustering/core/consensus/RaftMachineBuilder.java","2","0","1","12","135","191","1"
"elasticsearch","a5866e226ee32316fdc7d3299d85428c89a57ab5","src/test/java/org/elasticsearch/index/query/TemplateQueryTest.java","2","0","1","12","161","217","0"
"netty","26a7a5ec25fe81fae38f557e6b44bf9c3ea91fea","codec-http2/src/test/java/io/netty/handler/codec/http2/DefaultHttp2LocalFlowControllerTest.java","2","0","1","12","238","318","1"
"elasticsearch","f79c2cb8c0d747dc0c81768a881fe2bfe22d9e2f","core/src/test/java/org/elasticsearch/index/mapper/DateFieldMapperTests.java","2","0","1","12","260","349","2"
"elasticsearch","96f4c06f46fbf993357c2ff9c90c6d5ad7d80238","src/test/java/org/elasticsearch/common/settings/ImmutableSettingsTests.java","2","0","1","12","277","368","0"
"antlr4","8e32d7b695fc26b81833c18a4d70e73a1da1f5e3","tool/test/org/antlr/v4/test/TestLeftRecursion.java","2","0","1","12","334","394","2"
"elasticsearch","c297ca16680bef00d990270edd449c8c1c46be20","src/test/java/org/elasticsearch/common/geo/GeoJSONShapeParserTests.java","2","0","1","12","346","433","2"
"hazelcast","1c090ad87906d51892a32c2aa0a32d34002298ec","hazelcast/src/main/java/com/hazelcast/map/impl/mapstore/writethrough/WriteThroughStore.java","2","0","1","12","56","100","1"
"elasticsearch","0e322a7e0bcb9a1441fef7efaf137641156c434e","core/src/main/java/org/elasticsearch/search/aggregations/metrics/percentiles/hdr/InternalHDRPercentiles.java","2","0","1","12","73","112","0"
"orientdb","7a678522a2d83448543bc75d7360ac0857529727","server/src/main/java/com/orientechnologies/orient/server/distributed/task/OSQLCommandTask.java","2","0","1","12","74","120","0"
"orientdb","7a678522a2d83448543bc75d7360ac0857529727","server/src/main/java/com/orientechnologies/orient/server/distributed/task/OScriptTask.java","2","0","1","12","75","121","0"
"orientdb","a56ae91e7d9f772da4288542cee900793c24e5e1","server/src/main/java/com/orientechnologies/orient/server/distributed/task/OScriptTask.java","2","0","1","12","76","122","0"
"orientdb","ce730084aa5f7cde8321f5f9913349040d5b5425","server/src/main/java/com/orientechnologies/orient/server/distributed/task/OScriptTask.java","2","0","1","12","76","122","0"
"orientdb","adddd500f5b684336e6d81b081c449dabe52977d","server/src/main/java/com/orientechnologies/orient/server/distributed/task/OScriptTask.java","2","0","1","12","76","122","1"
"elasticsearch","785436818027bf7451b9d2a9905472a3ecb14de5","core/src/main/java/org/elasticsearch/cluster/action/index/NodeMappingRefreshAction.java","2","0","1","12","85","128","0"
"hazelcast","da19a121b3e6e1e0898c272d906d8784568c0ac9","hazelcast/src/main/java/com/hazelcast/queue/impl/client/AddListenerRequest.java","2","0","1","12","91","130","0"
"hazelcast","b0ce34b9ecddab5119836b79b2cecb428664b121","hazelcast/src/main/java/com/hazelcast/queue/impl/client/AddListenerRequest.java","2","0","1","12","93","132","1"
"hazelcast","ea1c884a2094d673643c44a0e98c44f3b44527b1","hazelcast/src/main/java/com/hazelcast/queue/impl/client/AddListenerRequest.java","2","0","1","12","93","132","2"
"hazelcast","53d96a2042e1c7fa0fe1ccb1ae1a0c152ce97c34","hazelcast/src/main/java/com/hazelcast/queue/impl/client/AddListenerRequest.java","2","0","1","12","93","132","0"
"elasticsearch","1f04182b8164ffb19f3805c48d67f0375262b317","core/src/main/java/org/elasticsearch/cluster/action/index/NodeMappingRefreshAction.java","2","0","1","12","93","138","0"
"elasticsearch","d8f16178d3f21b4f9d17da12e7aa61613fc2c27a","src/test/java/org/elasticsearch/script/ScriptServiceTests.java","2","0","1","12","96","144","1"
"elasticsearch","a6510f924520d8cdda2636ac85a1a1e43f6dfb8c","src/test/java/org/elasticsearch/script/ScriptServiceTests.java","2","0","1","12","97","145","0"
"hazelcast","0b99990c091b2e5235b2c7a72b4550327db4260c","hazelcast-client-new/src/main/java/com/hazelcast/client/proxy/PartitionServiceProxy.java","2","0","1","12","98","143","2"
"hazelcast","2e237d2c442305f51cdbea3740548e8bfb4401ac","hazelcast-client-new/src/main/java/com/hazelcast/client/proxy/PartitionServiceProxy.java","2","0","1","12","98","143","2"
"hazelcast","d38202141395360399c9cf97d4453adf5b1581e1","hazelcast-client-new/src/main/java/com/hazelcast/client/proxy/PartitionServiceProxy.java","2","0","1","12","98","143","1"
"hazelcast","a4035afdfc67b757940a15578bc51b4e7b6b0b13","hazelcast-client-new/src/main/java/com/hazelcast/client/proxy/PartitionServiceProxy.java","2","0","1","12","98","143","0"
"elasticsearch","f27cb07eb9507e9b1c0a9da0410dfdb0ab3faca7","src/test/java/org/elasticsearch/script/ScriptServiceTests.java","2","0","1","12","98","146","1"
"neo4j","a81cec2835334f193e2fc02122952a18975fdf6c","enterprise/causal-clustering/src/test/java/org/neo4j/causalclustering/core/consensus/RaftMachineBuilder.java","2","0","1","13","139","196","0"
"elasticsearch","2e5e45161ecbc7d10f66ffef64b8d10868969e01","core/src/test/java/org/elasticsearch/index/mapper/DateFieldMapperTests.java","2","0","1","13","279","372","0"
"elasticsearch","13a347239a48d71486692a72c066e940dec8921b","core/src/test/java/org/elasticsearch/common/settings/SettingsTests.java","2","0","1","13","287","379","2"
"elasticsearch","2e531902ffb776e6ea9d15e99ab904aa4cb256dc","core/src/test/java/org/elasticsearch/index/mapper/DateFieldMapperTests.java","2","0","1","13","288","389","0"
"antlr4","9ccdca49bb674ba324b09e74b40c0540147003aa","tool/test/org/antlr/v4/test/TestLeftRecursion.java","2","0","1","13","347","408","1"
"hazelcast","6ac727db661eb934e5608e28e8a3603e7300d710","hazelcast/src/main/java/com/hazelcast/map/impl/mapstore/writethrough/WriteThroughStore.java","2","0","1","13","56","102","0"
"netty","9128d4f16a8ccb102bbf863b88e6be8e5574333d","common/src/main/java/io/netty/util/concurrent/AbstractEventExecutor.java","2","0","1","13","89","129","1"
"netty","ba6ce5449ee852b782dde9a11933f6a09b123e22","codec-http/src/test/java/io/netty/handler/codec/http/DefaultHttpHeadersTest.java","2","0","1","14","136","179","1"
"hazelcast","e641541f77808713a214b6d1b4ef4d58497824f1","hazelcast/src/test/java/com/hazelcast/util/scheduler/SecondsBasedEntryTaskSchedulerTest.java","2","0","1","14","148","190","0"
"elasticsearch","d68318fb6c603262744c4bcd7e0261c7f7278214","core/src/test/java/org/elasticsearch/index/mapper/DocumentParserTests.java","2","0","1","14","240","287","0"
"netty","ab925abc7db806ead57f8d9ea50ff322ce2ff891","codec-http2/src/test/java/io/netty/handler/codec/http2/DefaultHttp2LocalFlowControllerTest.java","2","0","1","14","248","330","0"
"elasticsearch","5910b17ece360ab03cb86cbfa46bd822c6e0da6b","src/test/java/org/elasticsearch/common/geo/GeoJSONShapeParserTests.java","2","0","1","14","394","494","2"
"elasticsearch","3e264f6b95c6356c43adc2ec2053a612ffbfce80","src/main/java/org/elasticsearch/search/suggest/SuggestionSearchContext.java","2","0","1","14","62","103","1"
"BroadleafCommerce","37e793da422e9a294738995ebf0f37be884bf5fd","core/broadleaf-framework/src/main/java/org/broadleafcommerce/core/offer/service/discount/PromotionDiscount.java","2","0","1","14","73","118","0"
"BroadleafCommerce","150979880d535c0bf00fb5aa86c7607f6df0e8d0","core/broadleaf-framework/src/main/java/org/broadleafcommerce/core/offer/service/discount/PromotionDiscount.java","2","0","1","14","74","119","0"
"hazelcast","565257f977407eb3a0199d082860209c2958f5f9","hazelcast/src/main/java/com/hazelcast/cache/impl/record/AbstractCacheRecord.java","2","0","1","14","76","119","1"
"hazelcast","564167c1f93b32ce742411106e9ae67eae88a801","hazelcast/src/main/java/com/hazelcast/cache/impl/record/AbstractCacheRecord.java","2","0","1","14","77","120","0"
"hazelcast","ef6c10d9a1339603cd9d74f1529459241eb12457","hazelcast/src/main/java/com/hazelcast/cache/impl/record/AbstractCacheRecord.java","2","0","1","14","77","120","0"
"hazelcast","d77d28b2a6bb4dc6b3d56c574c51c18df2f67e68","hazelcast/src/main/java/com/hazelcast/cache/impl/record/AbstractCacheRecord.java","2","0","1","14","77","120","1"
"MapDB","47c4f06186a05fdc9c66523857e7c54a87719ff5","src/test/java/org/mapdb/DebugVolume.java","2","0","1","14","90","114","1"
"hazelcast","2c3e0b280feee04115ed39bf4cbbc2c5af0d7bb4","hazelcast-client/src/test/java/com/hazelcast/client/config/XmlClientConfigBuilderTest.java","2","0","1","15","208","271","1"
"hazelcast","9eca819f1506a901be96b5ceb655e1e60abc06b2","hazelcast-client/src/test/java/com/hazelcast/client/config/XmlClientConfigBuilderTest.java","2","0","1","15","209","272","0"
"hazelcast","4451a9260efa238a34993c17aa155ce6fe1b884e","hazelcast-client-new/src/test/java/com/hazelcast/client/config/XmlClientConfigBuilderTest.java","2","0","1","15","214","277","1"
"elasticsearch","da953700f47924f4948ec3775eb1f42f3109aac7","src/test/java/org/elasticsearch/search/aggregations/bucket/ShardReduceTests.java","2","0","1","15","236","326","0"
"elasticsearch","f7ae4d9d8646561c2cfe2f6f2b2bdddd530fa5da","src/test/java/org/elasticsearch/common/geo/ShapeBuilderTests.java","2","0","1","15","317","393","0"
"orientdb","2378b402ceb8f862e5d54409f4f189c8fd72ce46","graphdb/src/test/java/com/orientechnologies/orient/graph/sql/functions/OSQLFunctionAstarTest.java","2","0","1","15","343","403","0"
"elasticsearch","e01c0927a6f1faa07990eb3433ea4191e99c4920","core/src/main/java/org/elasticsearch/search/aggregations/support/format/ValueFormat.java","2","0","1","15","60","106","0"
"MapDB","151f856bdfd4d74e464459994ceb84e1daa61aba","src/test/java/org/mapdb/DebugVolume.java","2","0","1","15","95","120","0"
"elasticsearch","a8271595dc720b2d33b979ba7bdbf309c2ad68b2","src/test/java/org/elasticsearch/script/ScriptServiceTests.java","2","0","1","16","131","186","0"
"netty","e796c99b23fa6113582e69af74088e5cc5f7e242","codec-http/src/test/java/io/netty/handler/codec/http/DefaultHttpHeadersTest.java","2","0","1","16","157","212","0"
"netty","a517cce92fee24f2967bba7c84eea835b79fcab1","codec-http/src/test/java/io/netty/handler/codec/http/DefaultHttpHeadersTest.java","2","0","1","16","162","217","1"
"hazelcast","2cfbd79e1e84f5987e07cedc09f582d5715c815d","hazelcast-client-new/src/test/java/com/hazelcast/client/config/XmlClientConfigBuilderTest.java","2","0","1","16","230","295","0"
"hazelcast","c9145735e1b77145651752c833ce474b9e542791","hazelcast-client-new/src/test/java/com/hazelcast/client/config/XmlClientConfigBuilderTest.java","2","0","1","16","230","295","0"
"hazelcast","5ce068887fea87587207a86de8baa062cf8514ac","hazelcast-client-new/src/test/java/com/hazelcast/client/config/XmlClientConfigBuilderTest.java","2","0","1","16","230","295","2"
"elasticsearch","ff3fd99074e4a616d172ab4cb0580872f6cecbbe","modules/lang-groovy/src/test/java/org/elasticsearch/messy/tests/MaxTests.java","2","0","1","16","257","332","0"
"elasticsearch","6174e21f47244b6d5153d7d0cc1fe28fe863399d","core/src/test/java/org/elasticsearch/search/aggregations/metrics/MaxIT.java","2","0","1","16","275","355","1"
"elasticsearch","5fd96d9371f68645ac6ec2ec17c0faeaa21610a8","src/main/java/org/elasticsearch/search/aggregations/support/format/ValueFormat.java","2","0","1","16","59","105","1"
"elasticsearch","8efa18e6167e276dd220b60c34b516d05252bc22","core/src/main/java/org/elasticsearch/search/aggregations/support/format/ValueFormat.java","2","0","1","16","59","105","2"
"elasticsearch","01e8eaf181148d1ae5239800b5d71bd38c0c2896","src/main/java/org/elasticsearch/search/aggregations/support/format/ValueFormat.java","2","0","1","16","59","105","0"
"elasticsearch","2fecc7e5c91987629a97e68eae3928b83153f592","core/src/main/java/org/elasticsearch/search/aggregations/support/format/ValueFormat.java","2","0","1","16","60","106","1"
"hazelcast","25bb9a49d193a63a8a3da23c8d655c411ab6f8bc","hazelcast/src/main/java/com/hazelcast/map/impl/tx/TxnUnlockOperation.java","2","0","1","16","85","127","0"
"netty","f398f2f7b5bd40a78ca8ddf71cdbc5114c6b13a0","codec-http/src/main/java/io/netty/handler/codec/http/DefaultFullHttpResponse.java","2","0","1","16","90","129","1"
"hazelcast","2ac06998faad4c6cb5761b2ac305bd9a6219f4bc","hazelcast/src/main/java/com/hazelcast/map/impl/tx/TxnUnlockOperation.java","2","0","1","16","92","134","0"
"hazelcast","3a1d456848dcafbe8a777d7d33434d63a8db1f0d","hazelcast/src/main/java/com/hazelcast/map/impl/tx/TxnUnlockOperation.java","2","0","1","16","92","134","0"
"hazelcast","607e46817bb2f8d452c7ced168646daf77a8a7f7","hazelcast/src/main/java/com/hazelcast/map/impl/tx/TxnUnlockOperation.java","2","0","1","16","92","134","0"
"hazelcast","5186e0869fd957fd048d838064815d9922b133ec","hazelcast/src/main/java/com/hazelcast/map/impl/tx/TxnUnlockOperation.java","2","0","1","16","92","134","1"
"elasticsearch","20f0bebb8797ac427ed93e37e63b596f9ec8e387","core/src/main/java/org/elasticsearch/index/get/GetStats.java","2","0","1","17","112","156","2"
"hazelcast","70d4de16ff0ac4518d09aad8c9f2ad9e782fb337","hazelcast-client/src/main/java/com/hazelcast/client/proxy/ClientSetProxy.java","2","0","1","17","185","242","1"
"hazelcast","d568e4d926d925d57d4e79e34614390416749301","hazelcast-client/src/main/java/com/hazelcast/client/proxy/ClientSetProxy.java","2","0","1","17","199","253","0"
"elasticsearch","ff3fd99074e4a616d172ab4cb0580872f6cecbbe","modules/lang-groovy/src/test/java/org/elasticsearch/messy/tests/MinTests.java","2","0","1","17","263","345","0"
"elasticsearch","6174e21f47244b6d5153d7d0cc1fe28fe863399d","core/src/test/java/org/elasticsearch/search/aggregations/metrics/MinIT.java","2","0","1","17","278","368","1"
"MapDB","c6b651ded7e972c588607f0fcfc9097d2ce106c7","src/main/java/org/mapdb/DataInput2.java","2","0","1","17","89","134","1"
"netty","20d818ccec9670bea362273be44e1a4c486bcdbe","codec-http/src/main/java/io/netty/handler/codec/http/DefaultFullHttpResponse.java","2","0","1","17","94","134","0"
"netty","f398f2f7b5bd40a78ca8ddf71cdbc5114c6b13a0","codec-http/src/main/java/io/netty/handler/codec/http/DefaultFullHttpRequest.java","2","0","1","17","95","133","1"
"hazelcast","235a0817594ec6ff219074ced2fa73638f44c5b9","hazelcast/src/main/java/com/hazelcast/jmx/QueueMBean.java","2","0","1","18","123","168","1"
"orientdb","39a8884d03c0bc49b8ecf655a22fe80646afa1e6","spatial/src/main/java/com/orientechnologies/spatial/engine/OLuceneSpatialIndexEngineAbstract.java","2","0","1","18","127","181","0"
"BroadleafCommerce","793ba6f34b97b01cf4d776b90c06ae3629558475","core/broadleaf-framework/src/main/java/org/broadleafcommerce/core/catalog/domain/SkuFeeImpl.java","2","0","1","18","144","200","1"
"BroadleafCommerce","d2254cf438ab766ee82e5a464c83c8d618cb170e","core/broadleaf-framework/src/main/java/org/broadleafcommerce/core/catalog/domain/SkuFeeImpl.java","2","0","1","18","150","207","0"
"netty","1cb706ac932bab732257e02fc095d91ff7ed3788","codec-http/src/test/java/io/netty/handler/codec/http/DefaultHttpHeadersTest.java","2","0","1","18","171","228","0"
"elasticsearch","31652a8b3d463b30164c2c2f4b130a50ec6373cf","src/test/java/org/elasticsearch/common/geo/GeoJSONShapeParserTests.java","2","0","1","18","713","872","3"
"elasticsearch","0e24f34b0ce7e741b45b03ab16bacfe1f98bad84","src/test/java/org/elasticsearch/common/geo/GeoJSONShapeParserTests.java","2","0","1","18","738","905","1"
"MapDB","116cfc9f8ed8f8bcdcdac62cc297bf226a1328af","src/main/java/org/mapdb/DataInput2.java","2","0","1","18","95","141","0"
"netty","20d818ccec9670bea362273be44e1a4c486bcdbe","codec-http/src/main/java/io/netty/handler/codec/http/DefaultFullHttpRequest.java","2","0","1","18","99","138","0"
"hazelcast","03206d98a4287ade342ec386397851a54d849b0f","hazelcast/src/test/java/com/hazelcast/cache/entryprocessor/JCacheEntryProcessorTest.java","2","0","1","19","190","268","1"
"hazelcast","676dcbbcaae08aa5a7967a62340febf45aa6ccaa","hazelcast/src/test/java/com/hazelcast/cache/entryprocessor/JCacheEntryProcessorTest.java","2","0","1","19","206","291","0"
"elasticsearch","06667c6aa898895acd624b8a71a6e00ff7ae32b8","src/test/java/org/elasticsearch/common/geo/GeoJSONShapeParserTests.java","2","0","1","19","803","985","0"
"hazelcast","0880710f355f33d03b8d928ec9d22a0ff4f1ca52","hazelcast/src/main/java/com/hazelcast/map/impl/nearcache/InvalidationAwareWrapper.java","2","0","1","19","94","142","2"
"elasticsearch","042a5d02d9e12eca77bec39acf4496cbc1be716d","src/test/java/org/elasticsearch/test/unit/cluster/routing/allocation/PrimaryElectionRoutingTests.java","2","0","1","2","100","150","0"
"orientdb","46bbcabde62c2b9e61ebaf45dc23f16d9dee7f02","core/src/main/java/com/orientechnologies/orient/core/sql/method/misc/OSQLMethodToUpperCase.java","2","0","1","2","14","41","1"
"netty","3b729848dc075dac0ed449422be96d2eaff51379","transport/src/main/java/io/netty/channel/ChannelFutureNotifier.java","2","0","1","2","15","38","0"
"orientdb","136db63960bbf53514691bf5a0bb8361a5ea5361","core/src/main/java/com/orientechnologies/orient/core/sql/method/misc/OSQLMethodToUpperCase.java","2","0","1","2","15","42","0"
"orientdb","39a8884d03c0bc49b8ecf655a22fe80646afa1e6","spatial/src/main/java/com/orientechnologies/spatial/OLuceneSpatialManager.java","2","0","1","2","15","43","0"
"elasticsearch","9742d08f53bca902a65fff1de964ded0d292dc03","src/main/java/org/elasticsearch/action/ActionRunnable.java","2","0","1","2","15","44","0"
"elasticsearch","ca7cd215197540eff550e144a63509c0fb691d5d","modules/elasticsearch/src/main/java/org/elasticsearch/index/mapper/selector/AllButSourceFieldSelector.java","2","0","1","2","15","45","0"
"neo4j","e7b3407f3dfe22e4029042512fbf88c2d60aa94d","enterprise/cluster/src/main/java/org/neo4j/cluster/NetworkedServerFactory.java","2","0","1","2","152","200","1"
"neo4j","a2206e2451ffe226128a69a43f7f1f59409a0217","enterprise/cluster/src/main/java/org/neo4j/cluster/NetworkedServerFactory.java","2","0","1","2","158","207","0"
"orientdb","a2eaf6636bb600c7e6d311b0bb7d112bbaafb4a0","etl/src/main/java/com/orientechnologies/orient/etl/block/OETLAbstractBlock.java","2","0","1","2","16","42","0"
"elasticsearch","ca7cd215197540eff550e144a63509c0fb691d5d","modules/elasticsearch/src/main/java/org/elasticsearch/index/mapper/internal/SourceFieldSelector.java","2","0","1","2","16","47","0"
"hazelcast","21c679e8a1c8226ecb3d7597b48a6bbd2d011a52","hazelcast-wm/src/main/java/com/hazelcast/web/AddSessionEntryProcessor.java","2","0","1","2","16","48","1"
"hazelcast","c9c751719afb4fed507e23bc4245140c957822e1","hazelcast-wm/src/main/java/com/hazelcast/web/AddSessionEntryProcessor.java","2","0","1","2","16","48","1"
"hazelcast","a36ac6ede30616fc2b702bdd7d0d164df0888372","hazelcast-wm/src/main/java/com/hazelcast/web/AddSessionEntryProcessor.java","2","0","1","2","16","48","0"
"hazelcast","387eff3009410f7fd9136ad7065c20d980083f07","hazelcast-wm/src/main/java/com/hazelcast/web/AddSessionEntryProcessor.java","2","0","1","2","17","48","0"
"elasticsearch","ca7cd215197540eff550e144a63509c0fb691d5d","modules/elasticsearch/src/main/java/org/elasticsearch/index/mapper/selector/UidFieldSelector.java","2","0","1","2","17","48","0"
"hazelcast","5aa58b497cf248596c24b6e8ce3e05c35a87d498","hazelcast-wm/src/main/java/com/hazelcast/web/AddSessionEntryProcessor.java","2","0","1","2","17","48","1"
"hazelcast","21c679e8a1c8226ecb3d7597b48a6bbd2d011a52","hazelcast-wm/src/main/java/com/hazelcast/web/ReferenceSessionEntryProcessor.java","2","0","1","2","17","55","1"
"hazelcast","5aa58b497cf248596c24b6e8ce3e05c35a87d498","hazelcast-wm/src/main/java/com/hazelcast/web/ReferenceSessionEntryProcessor.java","2","0","1","2","17","55","1"
"hazelcast","a36ac6ede30616fc2b702bdd7d0d164df0888372","hazelcast-wm/src/main/java/com/hazelcast/web/ReferenceSessionEntryProcessor.java","2","0","1","2","17","55","0"
"hazelcast","5fe534734d912f88bed5098f3b36f3e2872c8319","hazelcast-client-new/src/main/java/com/hazelcast/client/connection/Router.java","2","0","1","2","18","44","1"
"hazelcast","eed2a8c40d592a8e99645faac48f99069eaeaab2","hazelcast-client-new/src/main/java/com/hazelcast/client/connection/Router.java","2","0","1","2","18","44","1"
"hazelcast","2b9bb4fc17af10b2e6c19753155c0c0aeff8ce05","hazelcast-client-new/src/main/java/com/hazelcast/client/connection/Router.java","2","0","1","2","18","44","0"
"mcMMO","c10525ada9ed2c0b77c518089a300e3b4e32e7c1","src/main/java/com/gmail/nossr50/runnables/database/SQLDatabaseKeepaliveTask.java","2","0","1","2","19","40","1"
"hazelcast","8d373b62327a5c012a5b8f2bad456311df03bf61","hazelcast/src/main/java/com/hazelcast/spi/impl/executionservice/impl/SkipOnConcurrentExecutionDecorator.java","2","0","1","2","19","47","1"
"elasticsearch","371c73e14023917f3892090d2d3d7ff9ac1216b9","core/src/main/java/org/elasticsearch/cluster/routing/allocation/decider/RebalanceOnlyWhenActiveAllocationDecider.java","2","0","1","2","19","47","3"
"elasticsearch","3d13c27fa0df12018f35f1b20987c90277e9b6f9","core/src/main/java/org/elasticsearch/index/analysis/TrimTokenFilterFactory.java","2","0","1","2","19","47","1"
"elasticsearch","78574d248cf10dad1c5a566fda79e1e0c94afe43","core/src/main/java/org/elasticsearch/cluster/routing/allocation/decider/RebalanceOnlyWhenActiveAllocationDecider.java","2","0","1","2","19","47","2"
"elasticsearch","e6aaaf11ed4a1b8f595f920de1840938eddb7a97","core/src/main/java/org/elasticsearch/cluster/routing/allocation/decider/RebalanceOnlyWhenActiveAllocationDecider.java","2","0","1","2","19","47","2"
"elasticsearch","2bd09c4625898d77aa6c015c6f82cf973ed18cb7","core/src/main/java/org/elasticsearch/index/analysis/TrimTokenFilterFactory.java","2","0","1","2","19","47","0"
"elasticsearch","a60b8948ba1d836a6eac7cff095519e618939ed8","core/src/main/java/org/elasticsearch/cluster/routing/allocation/decider/RebalanceOnlyWhenActiveAllocationDecider.java","2","0","1","2","19","47","0"
"elasticsearch","0c9431499671d214d2c64931779a00b50cf7e9c4","src/main/java/org/elasticsearch/search/aggregations/bucket/filter/FilterParser.java","2","0","1","2","19","48","0"
"elasticsearch","d60500f22e9b11ed195c6ced5381ad19f37b8bb4","src/main/java/org/elasticsearch/index/fielddata/AbstractRandomAccessOrds.java","2","0","1","2","19","49","0"
"neo4j","93209c51af8ca5c903f407674065a0ce6518d20b","enterprise/causal-clustering/src/main/java/org/neo4j/causalclustering/readreplica/EnterpriseReadReplicaEditionModule.java","2","0","1","2","208","283","1"
"elasticsearch","9bc50ea60945a470ba8bd432407ebe98af996f77","src/test/java/org/elasticsearch/test/integration/indices/store/StrictDistributor.java","2","0","1","2","21","49","0"
"hazelcast","3d8ce7ed94ef327469e9647d5fb1c17d9eb54bf9","hazelcast-client-new/src/main/java/com/hazelcast/client/spi/impl/LazyDistributedObjectEvent.java","2","0","1","2","21","53","0"
"neo4j","68c237b92ed8634317ac5f848080810eefa21395","enterprise/causal-clustering/src/main/java/org/neo4j/causalclustering/readreplica/EnterpriseReadReplicaEditionModule.java","2","0","1","2","210","285","2"
"neo4j","c78d5b9a732e8512a6136e4194de35dbffdeaca6","enterprise/causal-clustering/src/main/java/org/neo4j/causalclustering/readreplica/EnterpriseReadReplicaEditionModule.java","2","0","1","2","214","289","2"
"neo4j","035903e9ebdada5ea1269b223a6b5ee102763a1d","enterprise/causal-clustering/src/main/java/org/neo4j/causalclustering/readreplica/EnterpriseReadReplicaEditionModule.java","2","0","1","2","217","293","1"
"hazelcast","08aa22d4cbd64e4769b7c539b8275096fd74888c","hazelcast/src/main/java/com/hazelcast/spi/impl/operationservice/impl/PartitionInvocation.java","2","0","1","2","22","48","1"
"hazelcast","69975a8df84795d2fbd45e45b1d169e13fcbf0b1","hazelcast-wm/src/main/java/com/hazelcast/web/SessionListener.java","2","0","1","2","23","49","0"
"hazelcast","8fa8695ee7d89fb65b6349f7bea75d17f15713a7","hazelcast/src/main/java/com/hazelcast/spi/impl/operationservice/impl/PartitionInvocation.java","2","0","1","2","23","49","0"
"hazelcast","4c3a3aace4f0b653e357b1aee6df61856b5ed7b0","hazelcast/src/main/java/com/hazelcast/spi/impl/operationservice/impl/PartitionInvocation.java","2","0","1","2","23","49","2"
"hazelcast","2a8c619aa2ef11dc8700117a562e641cbc6d0e59","hazelcast-client/src/main/java/com/hazelcast/client/spi/impl/DefaultAddressProvider.java","2","0","1","2","23","52","1"
"hazelcast","eae5aabe2df5d86740f725387d4b9c32fb6d5495","hazelcast/src/main/java/com/hazelcast/instance/DefaultHazelcastInstanceFactory.java","2","0","1","2","24","49","1"
"hazelcast","08aa22d4cbd64e4769b7c539b8275096fd74888c","hazelcast/src/main/java/com/hazelcast/spi/impl/operationservice/impl/TargetInvocation.java","2","0","1","2","24","51","1"
"elasticsearch","d8f16178d3f21b4f9d17da12e7aa61613fc2c27a","src/main/java/org/elasticsearch/monitor/fs/FsService.java","2","0","1","2","24","56","1"
"elasticsearch","7a84b94e29d345132e69b13200bb58306a22f9d9","src/main/java/org/elasticsearch/indices/analysis/PreBuiltTokenFilters.java","2","0","1","2","248","313","1"
"hazelcast","56ae25ad0b7d4ff161465085ab23019784dc7a89","hazelcast-client/src/main/java/com/hazelcast/client/spi/impl/DefaultAddressProvider.java","2","0","1","2","25","37","1"
"oryx","96491d3b4a6649c3c53bed17f1545e3f4f411f7f","framework/oryx-lambda/src/test/java/com/cloudera/oryx/lambda/AbstractSparkIT.java","2","0","1","2","25","52","0"
"oryx","0c6bf96eb475361ed45c4d7e54a970819e33802a","framework/oryx-lambda/src/test/java/com/cloudera/oryx/lambda/AbstractSparkIT.java","2","0","1","2","25","52","0"
"hazelcast","8fa8695ee7d89fb65b6349f7bea75d17f15713a7","hazelcast/src/main/java/com/hazelcast/spi/impl/operationservice/impl/TargetInvocation.java","2","0","1","2","25","52","0"
"hazelcast","4c3a3aace4f0b653e357b1aee6df61856b5ed7b0","hazelcast/src/main/java/com/hazelcast/spi/impl/operationservice/impl/TargetInvocation.java","2","0","1","2","25","52","2"
"elasticsearch","284a35131cd6a96baba14b31c827e5f6dab7b4ad","modules/elasticsearch/src/main/java/org/elasticsearch/search/dfs/DfsPhase.java","2","0","1","2","26","56","0"
"netty","cd0b5ec2db593d45c96bd6b55b0024042534af04","codec/src/main/java/io/netty/handler/codec/base64/Base64Decoder.java","2","0","1","2","26","65","1"
"elasticsearch","25fd9e26c4fb042d6f6dea14efcd239577bdbbc4","core/src/main/java/org/elasticsearch/action/TransportActionNodeProxy.java","2","0","1","2","27","55","0"
"elasticsearch","bd7ff6946ed9d188bd72108a8fb42e3a673cacdf","src/main/java/org/elasticsearch/index/analysis/NGramTokenFilterFactory.java","2","0","1","2","27","58","0"
"netty","af4b71a00e30faf86ef1c2365e965e8f04f65bee","codec/src/main/java/io/netty/handler/codec/base64/Base64Decoder.java","2","0","1","2","27","66","0"
"elasticsearch","78574d248cf10dad1c5a566fda79e1e0c94afe43","core/src/main/java/org/elasticsearch/action/TransportActionNodeProxy.java","2","0","1","2","28","56","1"
"elasticsearch","e6aaaf11ed4a1b8f595f920de1840938eddb7a97","core/src/main/java/org/elasticsearch/action/TransportActionNodeProxy.java","2","0","1","2","28","56","1"
"elasticsearch","a60b8948ba1d836a6eac7cff095519e618939ed8","core/src/main/java/org/elasticsearch/action/TransportActionNodeProxy.java","2","0","1","2","28","56","0"
"elasticsearch","bd7ff6946ed9d188bd72108a8fb42e3a673cacdf","src/main/java/org/elasticsearch/index/analysis/NGramTokenizerFactory.java","2","0","1","2","28","58","0"
"elasticsearch","21ffd931ec9f6a1fd2e4c93550d3d6ff40b39cf0","core/src/main/java/org/elasticsearch/index/cache/query/QueryCacheModule.java","2","0","1","2","28","61","1"
"orientdb","76ffdc9fe1e541460329297a955e8494c36be8f5","core/src/main/java/com/orientechnologies/orient/core/conflict/OAutoMergeRecordConflictStrategy.java","2","0","1","2","29","66","1"
"elasticsearch","477489ac82e548aa30a6524e763c8329c37938bf","src/test/java/org/elasticsearch/test/unit/index/cache/id/SimpleIdCacheTests.java","2","0","1","2","298","387","1"
"orientdb","cc3ae564eabbe699ee5523808e7a1e84e9f0ff49","distributed/src/test/java/com/orientechnologies/orient/server/distributed/DistributedHashIndexTest.java","2","0","1","2","30","62","1"
"BroadleafCommerce","cd4dba4517e56b14042e5ed1567e933ca3904efd","core/broadleaf-framework/src/main/java/org/broadleafcommerce/core/checkout/service/workflow/CommitTaxActivity.java","2","0","1","2","30","66","0"
"BroadleafCommerce","13e34973fd48a87bca6221ef78eea0a98d3ef324","admin/broadleaf-contentmanagement-module/src/main/java/org/broadleafcommerce/cms/admin/web/controller/AdminMultipartUploadConfig.java","2","0","1","2","30","68","0"
"elasticsearch","2b3760f78b26817b5a2030aa27b1ddf2f17462f6","core/src/main/java/org/elasticsearch/rest/action/admin/indices/RestRolloverIndexAction.java","2","0","1","2","32","59","1"
"elasticsearch","51d53791fe71c9cb62bc992588a57cdfb500383f","core/src/main/java/org/elasticsearch/rest/action/admin/indices/RestRolloverIndexAction.java","2","0","1","2","32","60","0"
"orientdb","39a8884d03c0bc49b8ecf655a22fe80646afa1e6","spatial/src/main/java/com/orientechnologies/spatial/factory/OSpatialStrategyFactory.java","2","0","1","2","34","68","0"
"elasticsearch","638dbcc98237f5c0390a2d27fe449061d7fe0f77","core/src/main/java/org/elasticsearch/rest/action/admin/cluster/health/RestClusterHealthAction.java","2","0","1","2","35","65","0"
"elasticsearch","636af40da1ae22d5b7c8a81435987768e9cc3ac9","src/main/java/org/elasticsearch/common/compress/lzf/LZFCompressedStreamOutput.java","2","0","1","2","35","66","0"
"elasticsearch","c94c13fa2612989da1537ed219da182c0eb57ab0","src/main/java/org/elasticsearch/common/compress/lzf/LZFCompressedStreamOutput.java","2","0","1","2","35","66","0"
"elasticsearch","beb7e16a433d0ac8371e8131250fc31bfa6444de","core/src/main/java/org/elasticsearch/rest/action/admin/cluster/health/RestClusterHealthAction.java","2","0","1","2","35","66","1"
"elasticsearch","2b3760f78b26817b5a2030aa27b1ddf2f17462f6","core/src/main/java/org/elasticsearch/rest/action/document/RestDeleteAction.java","2","0","1","2","36","66","2"
"elasticsearch","13a347239a48d71486692a72c066e940dec8921b","core/src/main/java/org/elasticsearch/http/HttpServerModule.java","2","0","1","2","36","67","2"
"neo4j","0da6dae6f2ecbbab9a278f3757ef793cbe8d921f","enterprise/ha/src/main/java/org/neo4j/kernel/ha/SlaveTransactionCommitProcess.java","2","0","1","2","37","66","1"
"elasticsearch","7a84b94e29d345132e69b13200bb58306a22f9d9","src/main/java/org/elasticsearch/indices/analysis/PreBuiltCharFilters.java","2","0","1","2","38","71","1"
"elasticsearch","90ea778c174f6b5fe9c3ecbaa85be67672dd1f7b","core/src/main/java/org/elasticsearch/rest/action/admin/cluster/RestClusterAllocationExplainAction.java","2","0","1","2","38","73","0"
"BroadleafCommerce","cd4dba4517e56b14042e5ed1567e933ca3904efd","core/broadleaf-framework/src/main/java/org/broadleafcommerce/core/order/service/workflow/CheckAddAvailabilityActivity.java","2","0","1","2","38","77","0"
"elasticsearch","51d53791fe71c9cb62bc992588a57cdfb500383f","core/src/main/java/org/elasticsearch/rest/action/admin/indices/RestIndicesShardStoresAction.java","2","0","1","2","38","79","0"
"elasticsearch","2b3760f78b26817b5a2030aa27b1ddf2f17462f6","core/src/main/java/org/elasticsearch/rest/action/admin/indices/RestCreateIndexAction.java","2","0","1","2","39","67","1"
"neo4j","d94daacb45225945a8ab3285f791f8ef58f943b0","enterprise/ha/src/main/java/org/neo4j/kernel/ha/SlaveTransactionCommitProcess.java","2","0","1","2","39","68","0"
"hazelcast","d38202141395360399c9cf97d4453adf5b1581e1","hazelcast/src/main/java/com/hazelcast/client/impl/protocol/task/cache/CacheEntryProcessorMessageTask.java","2","0","1","2","39","69","1"
"elasticsearch","3918072362984976a68966a29359d49c01eee043","plugins/store-smb/src/main/java/org/elasticsearch/index/store/SmbDirectoryWrapper.java","2","0","1","2","39","78","0"
"elasticsearch","b352a90454085fde41cfb82d220f39513e6d83bb","core/src/main/java/org/elasticsearch/rest/action/admin/indices/template/head/RestHeadIndexTemplateAction.java","2","0","1","2","40","68","1"
"hazelcast","d38202141395360399c9cf97d4453adf5b1581e1","hazelcast/src/main/java/com/hazelcast/client/impl/protocol/task/cache/CacheSizeMessageTask.java","2","0","1","2","40","70","1"
"oryx","0a8756ea6c6cc91b5887bf9c46a69cd9c9546cde","framework/oryx-lambda/src/main/java/com/cloudera/oryx/lambda/DeleteOldDataFn.java","2","0","1","2","40","78","0"
"junit","e6a20043db694056ac00456f6076091012ecba87","src/test/java/org/junit/internal/ArrayComparisonFailureTest.java","2","0","1","2","41","68","0"
"elasticsearch","b352a90454085fde41cfb82d220f39513e6d83bb","core/src/main/java/org/elasticsearch/rest/action/admin/indices/exists/indices/RestIndicesExistsAction.java","2","0","1","2","41","70","1"
"elasticsearch","1f7f72135a5659d2a8f72d7b88ab47e15dfae20c","src/main/java/org/elasticsearch/rest/action/admin/indices/recovery/RestRecoveryAction.java","2","0","1","2","41","73","1"
"oryx","ed5ee2a4983b0f059e9027b6459240d4e3f06136","framework/oryx-lambda/src/main/java/com/cloudera/oryx/lambda/DeleteOldDataFn.java","2","0","1","2","41","79","0"
"Android-Universal-Image-Loader","4fd88b2bb836abd15b35a2e3049d37094425b5dc","library/src/com/nostra13/universalimageloader/core/display/RoundedBitmapDisplayer.java","2","0","1","2","43","62","1"
"elasticsearch","b352a90454085fde41cfb82d220f39513e6d83bb","core/src/main/java/org/elasticsearch/rest/action/admin/indices/exists/types/RestTypesExistsAction.java","2","0","1","2","43","70","1"
"hazelcast","a4035afdfc67b757940a15578bc51b4e7b6b0b13","hazelcast/src/main/java/com/hazelcast/client/impl/protocol/task/cache/CacheEntryProcessorMessageTask.java","2","0","1","2","43","73","0"
"elasticsearch","3a46812a335a56c56106aabd98029854ee2b54b3","core/src/main/java/org/elasticsearch/rest/action/admin/indices/exists/types/RestTypesExistsAction.java","2","0","1","2","44","71","0"
"hazelcast","7f912866a364533fd6a47f741c65ce0f87339120","hazelcast-client-legacy/src/main/java/com/hazelcast/client/impl/ClusterAuthenticator.java","2","0","1","2","44","74","0"
"hazelcast","b4f94a00cf1628aa0437ded2c556bae9608f74c6","hazelcast-client/src/main/java/com/hazelcast/client/impl/ClusterAuthenticator.java","2","0","1","2","45","59","0"
"hazelcast","c942da1755b0c0fa5275412cf96596dd88d92151","hazelcast-client-new/src/main/java/com/hazelcast/client/impl/ClusterAuthenticator.java","2","0","1","2","45","59","0"
"hazelcast","e58af528ad4f02b2dd8ce13dcf52e95fbab0cc72","hazelcast-client-new/src/main/java/com/hazelcast/client/impl/ClusterAuthenticator.java","2","0","1","2","45","59","1"
"elasticsearch","2b3760f78b26817b5a2030aa27b1ddf2f17462f6","core/src/main/java/org/elasticsearch/rest/action/admin/indices/RestIndicesShardStoresAction.java","2","0","1","2","45","73","1"
"elasticsearch","2b3760f78b26817b5a2030aa27b1ddf2f17462f6","core/src/main/java/org/elasticsearch/rest/action/admin/indices/RestTypesExistsAction.java","2","0","1","2","46","73","1"
"elasticsearch","b352a90454085fde41cfb82d220f39513e6d83bb","core/src/main/java/org/elasticsearch/rest/action/get/RestHeadAction.java","2","0","1","2","46","77","1"
"orientdb","5499f443102cace2dfa66d6bb93b5715bc0a6393","lucene/src/test/java/com/orientechnologies/lucene/tests/OLuceneMassiveInsertDeleteTest.java","2","0","1","2","47","83","0"
"BroadleafCommerce","416b3865b7ebb288d45d43094456acefbd7d5ee7","admin/broadleaf-open-admin-platform/src/main/java/org/broadleafcommerce/openadmin/web/controller/AdminUserManagementController.java","2","0","1","2","47","87","0"
"elasticsearch","2b3760f78b26817b5a2030aa27b1ddf2f17462f6","core/src/main/java/org/elasticsearch/rest/action/admin/cluster/RestGetRepositoriesAction.java","2","0","1","2","50","80","1"
"orientdb","049d44054022a1558f7ebcef3d8b9a8db978df40","src/test/java/com/orientechnologies/lucene/test/LuceneSpatialMemoryTest.java","2","0","1","2","51","99","0"
"orientdb","99a07688bdc3979e788f469cae7c5d9bd2fa9709","lucene/src/test/java/com/orientechnologies/lucene/tests/OLuceneMassiveInsertDeleteTest.java","2","0","1","2","54","92","0"
"elasticsearch","598854dd72d7fb01a7e26a9dad065de3deaa5eb7","src/main/java/org/elasticsearch/discovery/zen/fd/FaultDetection.java","2","0","1","2","54","96","0"
"BroadleafCommerce","64ee9c754b4adff1e55416fdd70d45b35f42d991","core/broadleaf-framework/src/main/java/org/broadleafcommerce/core/search/dao/IndexFieldDaoImpl.java","2","0","1","2","55","95","2"
"neo4j","b863b894e728c6ceccb66da8e0dcdaa53d7039c3","community/lucene-index/src/main/java/org/neo4j/kernel/api/impl/index/IndexWriterConfigs.java","2","0","1","2","58","91","1"
"elasticsearch","62b821ccf4e2bf221382df85e2785016f74012bc","core/src/test/java/org/elasticsearch/index/mapper/BinaryFieldMapperTests.java","2","0","1","2","60","96","1"
"orientdb","12f4f49b91b2c9209c506de67b3384f64e108ce4","distributed/src/test/java/com/orientechnologies/orient/server/distributed/ServerClusterQueryTest.java","2","0","1","2","60","99","0"
"orientdb","ed22be16b340133c808215d3ab598f73d2c90bbb","lucene/src/test/java/com/orientechnologies/lucene/test/LuceneExportImportTest.java","2","0","1","2","61","101","1"
"elasticsearch","51d53791fe71c9cb62bc992588a57cdfb500383f","qa/smoke-test-http/src/test/java/org/elasticsearch/http/TestDeprecationHeaderRestAction.java","2","0","1","2","61","110","0"
"BroadleafCommerce","2e43d1b4b2a7cae14ea6299418a9659a139de3b9","admin/broadleaf-open-admin-platform/src/main/java/org/broadleafcommerce/openadmin/web/filter/BroadleafAdminRequestProcessor.java","2","0","1","2","62","106","0"
"orientdb","861ddbbd4bc7e4500ec50658f6f7e21b680581d1","lucene/src/test/java/com/orientechnologies/lucene/test/LuceneExportImportTest.java","2","0","1","2","62","108","0"
"elasticsearch","ecf81688fb0c0d0f0f85300d0cf9026d7eb535ef","modules/reindex/src/test/java/org/elasticsearch/index/reindex/ReindexParentChildTests.java","2","0","1","2","62","114","1"
"netty","804e058e27e16e346b565ce4490f6177574e267d","resolver-dns/src/main/java/io/netty/resolver/dns/DnsAddressResolverGroup.java","2","0","1","2","65","106","0"
"neo4j","c137a8826e3d36dd2694160f64451e1baf3c16c2","community/lucene-index/src/main/java/org/neo4j/kernel/api/impl/index/IndexWriterConfigs.java","2","0","1","2","67","104","0"
"BroadleafCommerce","46d66f8cd58af3693e041a38fd820808c7ea7ea2","admin/broadleaf-open-admin-platform/src/main/java/org/broadleafcommerce/openadmin/web/filter/BroadleafAdminRequestProcessor.java","2","0","1","2","68","114","1"
"netty","36c6a61d33c480798511723486459f4eea04cb47","resolver-dns/src/main/java/io/netty/resolver/dns/DnsAddressResolverGroup.java","2","0","1","2","70","116","1"
"netty","e074df2ae6501d99921543369198c53e4d99ed1b","resolver-dns/src/main/java/io/netty/resolver/dns/DnsAddressResolverGroup.java","2","0","1","2","71","117","0"
"neo4j","30b42e950ac4a892ad0524ab6d9afe3091be49a4","enterprise/kernel/src/main/java/org/neo4j/kernel/impl/enterprise/EnterpriseEditionModule.java","2","0","1","2","72","106","1"
"elasticsearch","b379bf5668c5bf3a6edffbc2cd9ae97f29a8b7d6","src/test/java/org/elasticsearch/snapshots/DedicatedClusterSnapshotRestoreTests.java","2","0","1","2","87","130","1"
"hazelcast","2b274e6521ea45ba3f56fc50cbbe51d807794e3c","hazelcast/src/main/java/com/hazelcast/config/CacheSimpleConfigReadOnly.java","2","0","1","20","91","133","0"
"netty","4bba7526e2f58018817972f38279cc232f519100","buffer/src/test/java/io/netty/buffer/SlicedByteBufTest.java","2","0","1","22","156","214","0"
"neo4j","07530adc6e64325f30ad4ef2b4efa48905cff328","community/kernel/src/main/java/org/neo4j/kernel/api/security/SecurityContext.java","2","0","1","23","104","149","0"
"elasticsearch","4fea56ceadbbd042774a89dbdf94c16a4a33df4c","core/src/test/java/org/elasticsearch/test/MockIndexEventListener.java","2","0","1","24","109","164","0"
"elasticsearch","0a69f1e283e26e5d9e6a000b68b9f4778de557a1","test/framework/src/main/java/org/elasticsearch/test/MockIndexEventListener.java","2","0","1","24","110","165","2"
"netty","f897507b09d61baca231f43bfc701c134966bd11","buffer/src/test/java/io/netty/buffer/SlicedByteBufTest.java","2","0","1","24","168","228","2"
"netty","06f64948d5da798ed75c892f6cbba18566857937","buffer/src/test/java/io/netty/buffer/SlicedByteBufTest.java","2","0","1","24","170","231","1"
"elasticsearch","5a64f08f048461a63a0ca1354a5050c954e63d52","test/framework/src/main/java/org/elasticsearch/test/MockIndexEventListener.java","2","0","1","25","116","175","0"
"orientdb","9af850dcd05f357868e604f4eb3376909382fa1b","core/src/test/java/com/orientechnologies/orient/core/index/OPropertyListIndexDefinitionTest.java","2","0","1","25","297","406","0"
"hazelcast","9f328452bc1cab61e9a08860fb433be3c5223eb6","hazelcast/src/test/java/com/hazelcast/config/XMLConfigBuilderTest.java","2","0","1","25","374","439","0"
"netty","452fd3624081553ed0d2b9b6f59c21789a274f69","buffer/src/test/java/io/netty/buffer/SlicedByteBufTest.java","2","0","1","26","198","263","0"
"elasticsearch","3b4b05e2c971d4e5614a1684bc0d1ea94e6d3b9b","src/test/java/org/elasticsearch/cluster/metadata/MetaDataTests.java","2","0","1","26","205","259","0"
"elasticsearch","d43f3d83d8bae03e6d202b9d7037013cae70a954","src/test/java/org/elasticsearch/cluster/metadata/MetaDataTests.java","2","0","1","26","206","260","0"
"hazelcast","70d4de16ff0ac4518d09aad8c9f2ad9e782fb337","hazelcast-client/src/main/java/com/hazelcast/client/proxy/ClientListProxy.java","2","0","1","27","270","335","1"
"hazelcast","d568e4d926d925d57d4e79e34614390416749301","hazelcast-client/src/main/java/com/hazelcast/client/proxy/ClientListProxy.java","2","0","1","27","294","359","0"
"hazelcast","5f401c5a7cd66c9419852d8bf95a871995d95c6e","hazelcast/src/test/java/com/hazelcast/map/impl/nearcache/MapNearCacheLeakTest.java","2","0","1","3","100","143","0"
"neo4j","b06b8eb3e7c26bdcc56e17b65a7efb1d126b4c65","community/kernel/src/main/java/org/neo4j/unsafe/impl/batchimport/store/BatchingIdGeneratorFactory.java","2","0","1","3","102","145","0"
"elasticsearch","5e36c91e8c37678a930ae1ca6cd2a21d64976b5c","core/src/test/java/org/elasticsearch/rest/util/RestUtilsTests.java","2","0","1","3","113","159","1"
"elasticsearch","7bcdae28cacb0026be85616343d00faef23d3276","core/src/test/java/org/elasticsearch/rest/util/RestUtilsTests.java","2","0","1","3","115","161","2"
"BroadleafCommerce","150979880d535c0bf00fb5aa86c7607f6df0e8d0","core/broadleaf-framework/src/test/java/org/broadleafcommerce/core/offer/domain/CandidateItemOfferTest.java","2","0","1","3","120","171","0"
"BroadleafCommerce","37e793da422e9a294738995ebf0f37be884bf5fd","core/broadleaf-framework/src/test/java/org/broadleafcommerce/core/offer/domain/CandidateItemOfferTest.java","2","0","1","3","120","172","0"
"elasticsearch","dc900a08a6c6f346656105fa0e2484ed186f8461","core/src/main/java/org/elasticsearch/indices/IndicesModule.java","2","0","1","3","123","159","2"
"elasticsearch","4fea56ceadbbd042774a89dbdf94c16a4a33df4c","core/src/main/java/org/elasticsearch/indices/IndicesModule.java","2","0","1","3","126","162","3"
"elasticsearch","adc0807c686b37bf1d96bd3eb9d26face380fe44","src/test/java/org/elasticsearch/indices/mapping/SimpleGetMappingsTests.java","2","0","1","3","126","176","0"
"elasticsearch","75cedca0dab933bb6d1679fbddea2d09122d13c9","core/src/main/java/org/elasticsearch/indices/IndicesModule.java","2","0","1","3","129","165","4"
"elasticsearch","7ab0e2c5321c802068d85c0fa3a0f44e0b02c5a4","core/src/main/java/org/elasticsearch/indices/IndicesModule.java","2","0","1","3","132","168","4"
"neo4j","e5ea526b14ce752e94a5460b1c85bf4567d8f97d","enterprise/causal-clustering/src/test/java/org/neo4j/causalclustering/core/consensus/log/segmented/SegmentedRaftLogPartialEntryRecoveryTest.java","2","0","1","3","136","225","1"
"hazelcast","5f401c5a7cd66c9419852d8bf95a871995d95c6e","hazelcast-client/src/test/java/com/hazelcast/client/cache/nearcache/ClientCacheNearCacheLeakTest.java","2","0","1","3","139","184","0"
"neo4j","c3a5cbf00866abb108bf34ce2e0680026fdd2025","enterprise/causal-clustering/src/test/java/org/neo4j/causalclustering/core/consensus/log/segmented/SegmentedRaftLogPartialEntryRecoveryTest.java","2","0","1","3","141","230","0"
"elasticsearch","5d6e84f206c85476d25e4b26e7998db2067e3bac","modules/test/integration/src/test/java/org/elasticsearch/test/integration/search/geo/GeoDistanceFacetTests.java","2","0","1","3","155","221","1"
"elasticsearch","523a8b4c3e8003316f3e7c6a74bdd5e4e1818dd6","modules/test/integration/src/test/java/org/elasticsearch/test/integration/search/geo/GeoDistanceFacetTests.java","2","0","1","3","157","223","0"
"elasticsearch","9077bb6528f843ca8042ff95f8fac47140ef5aa1","modules/test/integration/src/test/java/org/elasticsearch/test/integration/search/geo/GeoDistanceFacetTests.java","2","0","1","3","161","227","0"
"BroadleafCommerce","e216da5ebb303680f5c60ffcd75979f5876ab5a6","common/src/main/java/org/broadleafcommerce/common/persistence/transaction/TransactionLifecycleAwareSqlStatementLogger.java","2","0","1","3","18","48","0"
"elasticsearch","e530f03b9445e98728b5fbf203c57ab774928ff3","src/test/java/org/elasticsearch/test/unit/cluster/routing/allocation/DeadNodesAllocationTests.java","2","0","1","3","189","254","0"
"hazelcast","1c8aa690e6d64bbd003dceb14a511c66372f109f","hazelcast/src/main/java/com/hazelcast/cache/merge/PassThroughCacheMergePolicy.java","2","0","1","3","19","46","0"
"hazelcast","1c8aa690e6d64bbd003dceb14a511c66372f109f","hazelcast/src/main/java/com/hazelcast/cache/merge/PutIfAbsentCacheMergePolicy.java","2","0","1","3","22","50","0"
"orientdb","c65031e4a5cae04be6faeaeccb01fb18d3e5fb85","core/src/main/java/com/orientechnologies/orient/core/storage/fs/OFileFactory.java","2","0","1","3","23","56","1"
"mcMMO","f77446919f4b0d0f50a29e1200263d7479eb0ca8","src/main/java/com/gmail/nossr50/events/fake/FakeEntityDamageEvent.java","2","0","1","3","24","37","0"
"hazelcast","1bbf57f43522e59474d73506d793eaa2254dca5e","hazelcast/src/main/java/com/hazelcast/replicatedmap/impl/operation/EvictionOperation.java","2","0","1","3","24","50","0"
"elasticsearch","bcb3fab6ac9ef52968f8670a4a55183476663590","core/src/main/java/org/elasticsearch/action/UnavailableShardsException.java","2","0","1","3","25","54","1"
"orientdb","39a8884d03c0bc49b8ecf655a22fe80646afa1e6","spatial/src/main/java/com/orientechnologies/spatial/functions/OSTEqualsFunction.java","2","0","1","3","25","55","0"
"elasticsearch","7a84b94e29d345132e69b13200bb58306a22f9d9","src/main/java/org/elasticsearch/index/analysis/PreBuiltAnalyzerProviderFactory.java","2","0","1","3","25","56","1"
"elasticsearch","ab74e68c5cca05a6004776a3f06dd4260c2098f1","core/src/main/java/org/elasticsearch/action/UnavailableShardsException.java","2","0","1","3","26","55","0"
"elasticsearch","65a5366cba354c908e1f3da351692cd298ddb1c7","core/src/main/java/org/elasticsearch/search/aggregations/bucket/filter/FilterParser.java","2","0","1","3","26","56","0"
"netty","31b319a5dc531d8c02c400d312ab9e85e90e614b","src/main/java/org/jboss/netty/channel/socket/http/HttpTunnelClientChannelFactory.java","2","0","1","3","26","57","1"
"netty","56462ef91a6481c2926dbebadebc114c08a81a8b","src/main/java/org/jboss/netty/channel/socket/http/HttpTunnelClientChannelFactory.java","2","0","1","3","26","57","1"
"netty","220d95fe0d396821f08329fffd96edc1b47c37c1","src/main/java/org/jboss/netty/channel/socket/http/HttpTunnelClientChannelFactory.java","2","0","1","3","26","57","0"
"elasticsearch","130fdef367bd1f49e618d7dd1f2529d74d959940","src/main/java/org/elasticsearch/index/codec/docvaluesformat/DocValuesFormats.java","2","0","1","3","26","58","0"
"elasticsearch","d0835715c2704aeb9600f1c203bd591a8b77ee68","core/src/main/java/org/elasticsearch/cluster/ClusterInfo.java","2","0","1","3","26","65","1"
"orientdb","39a8884d03c0bc49b8ecf655a22fe80646afa1e6","spatial/src/main/java/com/orientechnologies/spatial/functions/OSTGeomFromTextFunction.java","2","0","1","3","27","57","0"
"netty","2a6ed67efc4ffb15647313b82e450a3951a6a3bd","example/src/main/java/io/netty/example/securechat/SecureChatKeyStore.java","2","0","1","3","279","314","1"
"elasticsearch","c7d0c3ea1896445b19098d5e8b0058dc5c909d59","src/main/java/org/elasticsearch/index/codec/docvaluesformat/DocValuesFormats.java","2","0","1","3","29","61","2"
"orientdb","39a8884d03c0bc49b8ecf655a22fe80646afa1e6","spatial/src/main/java/com/orientechnologies/spatial/functions/OSTBufferFunction.java","2","0","1","3","30","60","0"
"elasticsearch","35990f572b23ed3bfc9e810354d4b83bd69bb3d7","src/test/java/org/elasticsearch/index/cache/id/SimpleIdCacheTests.java","2","0","1","3","310","403","1"
"elasticsearch","1d7e20b7121537fb32cc3f1e3300e85bad3a014e","src/test/java/org/elasticsearch/index/cache/id/SimpleIdCacheTests.java","2","0","1","3","315","409","0"
"elasticsearch","40cd549c375848729c6ffd381a906c403b31ba4a","src/test/java/org/elasticsearch/test/unit/index/cache/id/SimpleIdCacheTests.java","2","0","1","3","317","411","0"
"orientdb","39a8884d03c0bc49b8ecf655a22fe80646afa1e6","spatial/src/main/java/com/orientechnologies/spatial/strategy/SpatialQueryBuilderIntersects.java","2","0","1","3","32","62","0"
"BroadleafCommerce","750e5272c9fffbcc732a93bddc9d14eb036fd3ac","core/broadleaf-framework-web/src/main/java/org/broadleafcommerce/core/web/controller/catalog/BroadleafProductController.java","2","0","1","3","32","64","1"
"oryx","008d439437affbae40d70282d6114384c0f813cc","framework/kafka-util/src/main/java/com/cloudera/oryx/kafka/util/ConsumeData.java","2","0","1","3","34","63","0"
"oryx","27e9046b2bd92243c260efd8bcd0af46b92bdf9e","framework/kafka-util/src/main/java/com/cloudera/oryx/kafka/util/ConsumeData.java","2","0","1","3","34","63","0"
"netty","23d017849429c18e1890b0a5799e5262df4f269f","example/src/main/java/io/netty/example/qotm/QuoteOfTheMomentServer.java","2","0","1","3","34","63","0"
"netty","9128d4f16a8ccb102bbf863b88e6be8e5574333d","example/src/main/java/io/netty/example/qotm/QuoteOfTheMomentServer.java","2","0","1","3","34","63","1"
"oryx","d16f89b25fc5e12f94af6432274c66e0394c1743","framework/kafka-util/src/main/java/com/cloudera/oryx/kafka/util/ConsumeData.java","2","0","1","3","34","64","0"
"orientdb","39a8884d03c0bc49b8ecf655a22fe80646afa1e6","spatial/src/main/java/com/orientechnologies/spatial/strategy/SpatialQueryBuilderAbstract.java","2","0","1","3","34","67","0"
"elasticsearch","130fdef367bd1f49e618d7dd1f2529d74d959940","src/main/java/org/elasticsearch/index/codec/postingsformat/PostingFormats.java","2","0","1","3","34","81","0"
"netty","2a6ed67efc4ffb15647313b82e450a3951a6a3bd","example/src/main/java/io/netty/example/securechat/SecureChatServer.java","2","0","1","3","35","61","1"
"netty","9128d4f16a8ccb102bbf863b88e6be8e5574333d","example/src/main/java/io/netty/example/securechat/SecureChatServer.java","2","0","1","3","35","61","1"
"netty","23d017849429c18e1890b0a5799e5262df4f269f","example/src/main/java/io/netty/example/securechat/SecureChatServer.java","2","0","1","3","35","61","0"
"oryx","cb3d463ccf916877ec6fe5261653d3a32377a7fe","framework/kafka-util/src/main/java/com/cloudera/oryx/kafka/util/ConsumeData.java","2","0","1","3","35","65","0"
"oryx","fddb336ac30ea3fb0bde91c61ef043f523d7d9fe","framework/kafka-util/src/test/java/com/cloudera/oryx/kafka/util/ConsumeData.java","2","0","1","3","36","66","0"
"orientdb","1c51439255e290d19e7dcf437c78bc133b786f97","lucene/src/main/java/com/orientechnologies/orient/spatial/strategy/SpatialQueryBuilderDWithin.java","2","0","1","3","36","69","0"
"orientdb","39a8884d03c0bc49b8ecf655a22fe80646afa1e6","spatial/src/main/java/com/orientechnologies/spatial/strategy/SpatialQueryBuilderDWithin.java","2","0","1","3","36","72","0"
"elasticsearch","26cbda41ea2dd1c5f24328860b5bfed50933b037","core/src/main/java/org/elasticsearch/index/analysis/ASCIIFoldingTokenFilterFactory.java","2","0","1","3","37","67","0"
"elasticsearch","21ed6bb90c692ed96a210d0ac6911457b030dac4","src/test/java/org/elasticsearch/common/compress/CompressedStringTests.java","2","0","1","3","37","68","1"
"netty","734ec51ac9440a4a61950cfc82580b94cf05cbe9","transport/src/main/java/io/netty/channel/MultithreadEventLoopGroup.java","2","0","1","3","37","69","0"
"orientdb","39a8884d03c0bc49b8ecf655a22fe80646afa1e6","spatial/src/main/java/com/orientechnologies/spatial/strategy/SpatialQueryBuilder.java","2","0","1","3","38","72","0"
"orientdb","f8cba3c3709c585b8a8d382982d68ff6179282e3","lucene/src/test/java/com/orientechnologies/lucene/test/GraphEmbeddedTest.java","2","0","1","3","38","75","1"
"neo4j","80091e3c2515cdbbfce94f3603f7cd255f114593","community/server/src/main/java/org/neo4j/server/modules/DBMSModule.java","2","0","1","3","40","74","0"
"elasticsearch","c4a49c24885e1ef26ed01be905da6ee7b0f5e0e2","src/main/java/org/elasticsearch/rest/action/search/RestClearScrollAction.java","2","0","1","3","41","72","2"
"netty","2a6ed67efc4ffb15647313b82e450a3951a6a3bd","example/src/main/java/io/netty/example/portunification/PortUnificationServer.java","2","0","1","3","41","72","1"
"netty","9128d4f16a8ccb102bbf863b88e6be8e5574333d","example/src/main/java/io/netty/example/portunification/PortUnificationServer.java","2","0","1","3","41","72","1"
"netty","23d017849429c18e1890b0a5799e5262df4f269f","example/src/main/java/io/netty/example/portunification/PortUnificationServer.java","2","0","1","3","41","72","0"
"elasticsearch","ef33183a1974c376e0fc18d0f785b4cc20d3ba14","core/src/main/java/org/elasticsearch/rest/action/admin/cluster/health/RestClusterHealthAction.java","2","0","1","3","42","73","1"
"orientdb","39a8884d03c0bc49b8ecf655a22fe80646afa1e6","spatial/src/main/java/com/orientechnologies/spatial/strategy/SpatialQueryBuilderNear.java","2","0","1","3","42","75","0"
"orientdb","7cbb4aa3c5efac602618da782794be0fbc64e7f9","core/src/test/java/com/orientechnologies/orient/core/index/UniqueIndexTest.java","2","0","1","3","43","56","1"
"elasticsearch","51d53791fe71c9cb62bc992588a57cdfb500383f","modules/lang-mustache/src/main/java/org/elasticsearch/script/mustache/RestMultiSearchTemplateAction.java","2","0","1","3","44","89","0"
"elasticsearch","2b3760f78b26817b5a2030aa27b1ddf2f17462f6","modules/lang-mustache/src/main/java/org/elasticsearch/script/mustache/RestMultiSearchTemplateAction.java","2","0","1","3","45","90","1"
"orientdb","44c2648739758518f2791d67b0a38fa49a5f3805","src/test/java/com/orientechnologies/test/LuceneBooleanIndex.java","2","0","1","3","46","81","0"
"netty","9125060752f5124949e55a6868647c75f88cdb01","example/src/main/java/io/netty/example/portunification/PortUnificationServer.java","2","0","1","3","47","81","0"
"hazelcast","84d4ab5cece50fa5a7226af589a9dfd3789811fa","hazelcast/src/main/java/com/hazelcast/client/impl/protocol/task/cache/CacheSizeMessageTask.java","2","0","1","3","50","82","0"
"orientdb","5499f443102cace2dfa66d6bb93b5715bc0a6393","lucene/src/test/java/com/orientechnologies/lucene/test/LuceneMassiveInsertDeleteTest.java","2","0","1","3","52","89","0"
"orientdb","99a07688bdc3979e788f469cae7c5d9bd2fa9709","lucene/src/test/java/com/orientechnologies/lucene/test/LuceneMassiveInsertDeleteTest.java","2","0","1","3","54","91","0"
"netty","ead87b7df8d923417475ead2d7680747b1a72f07","codec-http2/src/test/java/io/netty/handler/codec/http2/DefaultHttp2HeadersDecoderTest.java","2","0","1","3","56","84","1"
"netty","ba6ce5449ee852b782dde9a11933f6a09b123e22","codec-http2/src/test/java/io/netty/handler/codec/http2/DefaultHttp2HeadersDecoderTest.java","2","0","1","3","56","85","0"
"netty","e6ca9882a107c34cf6358c8d7a68561025f06016","codec-http2/src/test/java/io/netty/handler/codec/http2/DefaultHttp2HeadersDecoderTest.java","2","0","1","3","56","86","1"
"elasticsearch","2b3760f78b26817b5a2030aa27b1ddf2f17462f6","core/src/main/java/org/elasticsearch/rest/action/admin/cluster/RestNodesHotThreadsAction.java","2","0","1","3","58","87","1"
"hazelcast","4843096d7be3b5bcd1ed436ce9521ab2057fb137","hazelcast-client/src/test/java/com/hazelcast/client/txn/ClientTxnTest.java","2","0","1","3","59","93","1"
"elasticsearch","6adfeb4ddeae385222f984347d64d2baabb036e7","modules/transport-netty3/src/test/java/org/elasticsearch/http/netty3/Netty3HttpServerTransportTests.java","2","0","1","3","60","90","2"
"hazelcast","50f90e1f69fe7f64e18c238b43a09bf687da6730","hazelcast-client/src/test/java/com/hazelcast/client/txn/ClientTxnTest.java","2","0","1","3","60","94","0"
"elasticsearch","4ed7c2bd35f16e8ef679c5b99bb7e7b7b9d0558d","modules/transport-netty4/src/test/java/org/elasticsearch/http/netty4/Netty4HttpServerTransportTests.java","2","0","1","3","61","93","2"
"hazelcast","33c586d7fe567235e2216b7c79dd29adee22d5d0","hazelcast/src/test/java/com/hazelcast/internal/nearcache/NearCacheTestContext.java","2","0","1","3","62","90","0"
"hazelcast","e3f8904b4d4b358c6c001e4cf0f896fe227dda88","hazelcast-client/src/test/java/com/hazelcast/client/ClientIssueTest.java","2","0","1","3","63","100","0"
"elasticsearch","763a659830d5011a4e944b5f863bc3c8b7e0382e","core/src/test/java/org/elasticsearch/http/netty/NettyHttpServerTransportTests.java","2","0","1","3","63","93","0"
"elasticsearch","13a347239a48d71486692a72c066e940dec8921b","core/src/main/java/org/elasticsearch/cluster/ClusterModule.java","2","0","1","3","63","98","3"
"BroadleafCommerce","34682289a3be1f350cf132998f1a4315a3c62b91","admin/broadleaf-contentmanagement-module/src/main/java/org/broadleafcommerce/cms/admin/web/controller/AdminStructuredContentController.java","2","0","1","3","72","115","0"
"BroadleafCommerce","6fdc6c79697ec5accea07ca93e0f2ea7947ebb39","admin/broadleaf-contentmanagement-module/src/main/java/org/broadleafcommerce/cms/admin/web/controller/AdminPageController.java","2","0","1","3","72","115","0"
"BroadleafCommerce","34682289a3be1f350cf132998f1a4315a3c62b91","admin/broadleaf-contentmanagement-module/src/main/java/org/broadleafcommerce/cms/admin/web/controller/AdminPageController.java","2","0","1","3","72","115","1"
"elasticsearch","09bc3b90e7e6546d0950ff24cc38257e0f9126d3","modules/test/integration/src/test/java/org/elasticsearch/test/integration/search/query/SimpleQueryTests.java","2","0","1","3","73","118","0"
"orientdb","3e8de448de3e38bf97017f99a20fd7d911a0d4a4","distribution/src/test/java/com/orientechnologies/distribution/integration/OGitHubIssuesIT.java","2","0","1","3","77","104","0"
"hazelcast","57535284ee668e1e195cbd884184b6bb8d3641ff","hazelcast-client/src/test/java/com/hazelcast/client/map/SimpleClientMapInterceptorTest.java","2","0","1","3","78","105","0"
"hazelcast","62badb9cd1cca47fb0ee15054d06e5c09c86f0f6","hazelcast-client/src/test/java/com/hazelcast/client/topic/Issue7317Test.java","2","0","1","3","84","126","0"
"hazelcast","90bf718e38c5432589010f2319e34acbc39d712c","hazelcast-client/src/test/java/com/hazelcast/client/topic/Issue7317Test.java","2","0","1","3","84","126","0"
"hazelcast","ea62ee412de882f58e4ca7e27c460ecfb288e3f8","hazelcast-client/src/test/java/com/hazelcast/client/topic/Issue7317Test.java","2","0","1","3","84","126","1"
"elasticsearch","0ad231546d70cd45ac5d7a32311c1cebb9b42293","core/src/test/java/org/elasticsearch/index/mapper/BinaryFieldMapperTests.java","2","0","1","3","86","129","1"
"elasticsearch","450f47d5b59f19f4d2056042db69732ac5c21bbf","core/src/test/java/org/elasticsearch/index/mapper/BinaryFieldMapperTests.java","2","0","1","3","86","129","1"
"elasticsearch","2a00c9dc46fe7ac5da04ea3e735985d3f02bc7bf","core/src/test/java/org/elasticsearch/index/mapper/BinaryFieldMapperTests.java","2","0","1","3","86","129","0"
"hazelcast","dc3c91a78a7f39ca33d277a66346a5f9b3bf0ab2","hazelcast/src/test/java/com/hazelcast/multimap/TxnMultiMapTest.java","2","0","1","3","94","132","2"
"neo4j","0f99716d262ca2324680b66abb38d862867b55d8","community/kernel/src/main/java/org/neo4j/unsafe/impl/batchimport/store/BatchingIdGeneratorFactory.java","2","0","1","3","96","139","0"
"hazelcast","5f401c5a7cd66c9419852d8bf95a871995d95c6e","hazelcast/src/test/java/com/hazelcast/map/impl/nearcache/LiteMemberMapNearCacheLeakTest.java","2","0","1","3","99","142","0"
"hazelcast","1451b18a2114fd1d2c7448aaa28f49d5e1da007c","hazelcast/src/test/java/com/hazelcast/config/XMLConfigBuilderTest.java","2","0","1","31","460","538","1"
"elasticsearch","e7a892f6f06105e78984a04d919523a8c6ef73e9","src/main/java/org/elasticsearch/common/lucene/search/MoreLikeThisQuery.java","2","0","1","32","139","205","1"
"elasticsearch","d9963926dcad7669f1aff213128061a0ded5c505","src/main/java/org/elasticsearch/common/lucene/search/MoreLikeThisQuery.java","2","0","1","32","140","207","0"
"hazelcast","10773b4cd855bdfd84ea80d22b8ed3c977459444","hazelcast/src/test/java/com/hazelcast/config/XMLConfigBuilderTest.java","2","0","1","32","474","554","1"
"hazelcast","33b10219d619e6b48654aac8fceeb3e6e5fa4bd5","hazelcast/src/test/java/com/hazelcast/config/XMLConfigBuilderTest.java","2","0","1","32","474","554","1"
"hazelcast","5bca859e87931f9303d5ec656a07a3ef6d75eab9","hazelcast/src/test/java/com/hazelcast/config/XMLConfigBuilderTest.java","2","0","1","32","474","554","2"
"hazelcast","96f37de7e28c0866d6d51f5975fff2198c4e9f50","hazelcast/src/test/java/com/hazelcast/config/XMLConfigBuilderTest.java","2","0","1","32","474","554","0"
"hazelcast","c979a5a0a3f52be233fc44824227ab56ac49b6c8","hazelcast/src/test/java/com/hazelcast/config/XMLConfigBuilderTest.java","2","0","1","34","506","589","0"
"hazelcast","d4de7b1268705b70cac5e55acf8b74a12be200b2","hazelcast/src/test/java/com/hazelcast/config/XMLConfigBuilderTest.java","2","0","1","34","506","589","0"
"hazelcast","97f1b4e3497bd48060fa0d38de5f367a51ed03cb","hazelcast/src/test/java/com/hazelcast/config/XMLConfigBuilderTest.java","2","0","1","34","506","589","1"
"netty","2adebc4c54ae98565db8e2a3c02b2ffaa0c101fe","buffer/src/main/java/io/netty/buffer/DuplicatedByteBuf.java","2","0","1","35","200","270","1"
"netty","3d6d9f394d763aaed47fdd0c86023afebe3c5a9f","buffer/src/main/java/io/netty/buffer/DuplicatedByteBuf.java","2","0","1","35","213","286","1"
"hazelcast","2388114ba2aac3aa5417e6dcd6c4b8932db39281","hazelcast/src/test/java/com/hazelcast/query/impl/extractor/specification/ExtractionInCollectionSpecTest.java","2","0","1","35","271","345","1"
"netty","88df53ec1a53912c2e34892247c8218c2fa01838","buffer/src/main/java/io/netty/buffer/DuplicatedByteBuf.java","2","0","1","37","221","296","0"
"netty","20894bc99e28191cc3926ae95a23f5c7d3969a33","buffer/src/main/java/io/netty/buffer/DuplicatedByteBuf.java","2","0","1","39","229","306","0"
"netty","51a536fd3068ecff95dd27adf047299122ade8ea","buffer/src/main/java/io/netty/buffer/DuplicatedByteBuf.java","2","0","1","39","229","306","0"
"netty","5416f2315e222acf8d9a36a51bcd4142a0f1c022","buffer/src/main/java/io/netty/buffer/DuplicatedByteBuf.java","2","0","1","39","229","306","0"
"netty","a383988cdb57e56e5211fdf592545fe67331ff6e","buffer/src/main/java/io/netty/buffer/DuplicatedByteBuf.java","2","0","1","39","229","306","1"
"netty","0fe67cfba5f655ab545f5ee103bf71bc4df9d5ba","example/src/main/java/io/netty/example/http2/client/Http2ClientInitializer.java","2","0","1","4","107","157","0"
"netty","9ccc1f31551784075f7115bd8245fa8f23dd8e71","example/src/main/java/io/netty/example/http2/client/Http2ClientInitializer.java","2","0","1","4","109","159","1"
"neo4j","51a8b8b5fe4f5a532513a5b11dca330b630108d3","enterprise/core-edge/src/test/java/org/neo4j/coreedge/raft/state/CoreStateTest.java","2","0","1","4","112","172","0"
"elasticsearch","c2b3b8d983d91c542f0385487d0787e5c62fec12","core/src/test/java/org/elasticsearch/rest/util/RestUtilsTests.java","2","0","1","4","120","169","1"
"elasticsearch","6876321581d2154cb4f73b15bae304bdc99f5ed8","core/src/test/java/org/elasticsearch/rest/util/RestUtilsTests.java","2","0","1","4","122","171","0"
"elasticsearch","0114fb0f58631d2637d27f520aa54358eb5c15df","src/test/java/org/elasticsearch/test/integration/indices/wamer/SimpleIndicesWarmerTests.java","2","0","1","4","128","179","1"
"hazelcast","af327cc8d11f71d84b4501d5cb3759703ed4379d","hazelcast/src/test/java/com/hazelcast/multimap/TxnMultiMapTest.java","2","0","1","4","136","186","1"
"hazelcast","08a1bcde262eb98081e2cafb5818ad9f65f852a4","hazelcast/src/test/java/com/hazelcast/multimap/TxnMultiMapTest.java","2","0","1","4","136","187","0"
"hazelcast","285ea2f37f81be480b27c4d255050be62a2af56f","hazelcast/src/main/java/com/hazelcast/queue/CheckAndEvictOperation.java","2","0","1","4","17","26","0"
"orientdb","2a004c4b73a8609cf941b54707f6e23ff7cbea22","core/src/main/java/com/orientechnologies/orient/core/storage/cache/OAbstractWriteCache.java","2","0","1","4","18","28","0"
"orientdb","56f9bf3a10535e331c512f9852b1779bbc1d38b0","core/src/main/java/com/orientechnologies/orient/core/storage/cache/OAbstractWriteCache.java","2","0","1","4","18","47","1"
"hazelcast","4eef0f6f0630c47a4baca6875343ccd506948bb5","hazelcast/src/main/java/com/hazelcast/multimap/operations/CountOperation.java","2","0","1","4","19","46","1"
"hazelcast","74d6f72756601ada8fcd5b952384223dac5d5b25","hazelcast/src/main/java/com/hazelcast/multimap/operations/CountOperation.java","2","0","1","4","19","46","2"
"hazelcast","91623113623055f184207f53a0344bbc82ad227f","hazelcast/src/main/java/com/hazelcast/multimap/operations/CountOperation.java","2","0","1","4","19","46","3"
"hazelcast","f5d0f6d0c65c355122aa1fd5b9fc9949e7e6258b","hazelcast/src/main/java/com/hazelcast/multimap/operations/CountOperation.java","2","0","1","4","19","46","3"
"hazelcast","987927623458f51f4fca6f83400d8a9cbf2c7b81","hazelcast/src/main/java/com/hazelcast/multimap/operations/CountOperation.java","2","0","1","4","19","46","0"
"elasticsearch","146a6d3730f387106ad08066761d398eb4911335","modules/elasticsearch/src/main/java/org/elasticsearch/common/lucene/document/SingleFieldSelector.java","2","0","1","4","20","50","1"
"orientdb","b27bb99f64f5a211acd2f1639a5895ce09a1b883","server/src/main/java/com/orientechnologies/orient/server/distributed/task/ODistributedRecordLockedException.java","2","0","1","4","20","53","0"
"elasticsearch","31b0777c911a87b7ebae0efd7d5b14d1e06f3879","core/src/test/java/org/elasticsearch/action/admin/cluster/allocation/ClusterAllocationExplanationTests.java","2","0","1","4","210","257","0"
"hazelcast","3cc13b14fba6b8e6e2ab9149c8d17561a29c537f","hazelcast/src/main/java/com/hazelcast/collection/impl/queue/operations/CheckAndEvictOperation.java","2","0","1","4","23","49","1"
"hazelcast","67235ce99477aeeecc86d225926b6456b7ceef20","hazelcast/src/main/java/com/hazelcast/collection/impl/queue/operations/CheckAndEvictOperation.java","2","0","1","4","23","49","1"
"hazelcast","a46aa8502977bde24649cec3b52fbb065d6f480f","hazelcast/src/main/java/com/hazelcast/collection/impl/queue/operations/CheckAndEvictOperation.java","2","0","1","4","23","49","1"
"hazelcast","e7c312280062991ae79e7194e151e12ea3aa2897","hazelcast/src/main/java/com/hazelcast/collection/impl/queue/operations/CheckAndEvictOperation.java","2","0","1","4","23","49","0"
"elasticsearch","85b8f294152714273c3dadf790bd6e67c1598139","core/src/main/java/org/elasticsearch/common/lucene/LoggerInfoStream.java","2","0","1","4","24","57","1"
"orientdb","136db63960bbf53514691bf5a0bb8361a5ea5361","tools/src/main/java/com/orientechnologies/orient/stresstest/workload/OWorkloadFactory.java","2","0","1","4","24","58","0"
"hazelcast","4eef0f6f0630c47a4baca6875343ccd506948bb5","hazelcast/src/main/java/com/hazelcast/multimap/operations/GetAllOperation.java","2","0","1","4","25","52","1"
"hazelcast","91623113623055f184207f53a0344bbc82ad227f","hazelcast/src/main/java/com/hazelcast/multimap/operations/GetAllOperation.java","2","0","1","4","27","55","3"
"hazelcast","4fd9515551932a374a67b01c6c00e0dd8611ebab","hazelcast/src/main/java/com/hazelcast/queue/proxy/QueueIterator.java","2","0","1","4","27","56","3"
"orientdb","a07a540cbf0795364e5fdd680cde9eba1b2b6ffd","core/src/main/java/com/orientechnologies/orient/core/sql/functions/stat/OSQLFunctionStandardDeviation.java","2","0","1","4","27","62","1"
"elasticsearch","aa510159c2f66b8e1d44552f183bf226136bd924","core/src/main/java/org/elasticsearch/common/lucene/LoggerInfoStream.java","2","0","1","4","27","63","0"
"hazelcast","29fff7aa4ffefb7fe0ab6ab2d48bbf46a5d3ad95","hazelcast/src/main/java/com/hazelcast/queue/proxy/QueueIterator.java","2","0","1","4","30","59","2"
"hazelcast","c138edcd9d26288c954bfa4bc698d27107951304","hazelcast/src/main/java/com/hazelcast/queue/proxy/QueueIterator.java","2","0","1","4","30","59","1"
"neo4j","0f99716d262ca2324680b66abb38d862867b55d8","community/kernel/src/main/java/org/neo4j/unsafe/impl/batchimport/store/BatchingIdSequence.java","2","0","1","4","30","59","0"
"elasticsearch","9ae421a8b2094009023ba7d0717c6d91d7c47035","src/main/java/org/elasticsearch/search/suggest/phrase/Correction.java","2","0","1","4","31","57","0"
"elasticsearch","17f83f33bbcd81f883bf97da7d65f87a006a9df9","src/main/java/org/elasticsearch/search/suggest/phrase/Correction.java","2","0","1","4","32","58","0"
"oryx","d16f89b25fc5e12f94af6432274c66e0394c1743","framework/oryx-lambda-serving/src/main/java/com/cloudera/oryx/lambda/serving/TopicProducerImpl.java","2","0","1","4","32","65","0"
"elasticsearch","ef83dbfbe68eff4b72575a2059a333469b274769","core/src/main/java/org/elasticsearch/index/fielddata/plain/SortedSetDVBytesAtomicFieldData.java","2","0","1","4","37","70","2"
"elasticsearch","94f82368f0c93239079da37172fd210182ee5923","src/test/java/org/elasticsearch/common/xcontent/XContentFactoryTests.java","2","0","1","4","37","73","1"
"BroadleafCommerce","34682289a3be1f350cf132998f1a4315a3c62b91","core/broadleaf-framework/src/main/java/org/broadleafcommerce/core/catalog/domain/Weight.java","2","0","1","4","38","72","0"
"elasticsearch","13a347239a48d71486692a72c066e940dec8921b","plugins/cloud-aws/src/test/java/org/elasticsearch/cloud/aws/TestAwsS3Service.java","2","0","1","4","38","73","2"
"orientdb","dc98f1d563ba88ca4a326d1fed2c83202427b54e","core/src/main/java/com/orientechnologies/orient/core/sql/OCommandExecutorSQLDropSequence.java","2","0","1","4","40","57","0"
"hazelcast","e56ed623e2f90ba7444669e38f971c3206d1c4a0","hazelcast/src/main/java/com/hazelcast/queue/tx/TxnPrepareBackupOperation.java","2","0","1","4","40","71","1"
"orientdb","2a004c4b73a8609cf941b54707f6e23ff7cbea22","core/src/main/java/com/orientechnologies/orient/core/engine/local/OEngineLocalPaginated.java","2","0","1","4","40","75","0"
"hazelcast","d070f1256c8c7fa823e6463487462826384ee1df","hazelcast/src/main/java/com/hazelcast/cache/impl/CacheService.java","2","0","1","4","40","91","0"
"hazelcast","737ccfe6f9ee794e6a86d4a744e25abcb66a66c4","hazelcast/src/main/java/com/hazelcast/map/operation/PartitionWideEntryWithPredicateOperation.java","2","0","1","4","41","71","2"
"elasticsearch","33b8d7a19d6ddd6ad06a5a0cb5ca90175458e036","core/src/main/java/org/elasticsearch/index/fielddata/plain/SortedSetDVBytesAtomicFieldData.java","2","0","1","4","41","74","0"
"orientdb","80e2550436da767ebf8944339a885037569a8271","core/src/main/java/com/orientechnologies/orient/core/engine/local/OEngineLocalPaginated.java","2","0","1","4","41","76","0"
"hazelcast","65df300ddcacf2cee04f1eee8f75731e147decbf","hazelcast-client-legacy/src/main/java/com/hazelcast/client/util/AbstractLoadBalancer.java","2","0","1","4","42","72","1"
"orientdb","6061b2a2b5d37ba6f30f9dfa91225ef3b3d718cc","core/src/test/java/com/orientechnologies/orient/core/config/FixConfigurationErrorsTest.java","2","0","1","4","42","74","0"
"elasticsearch","c55f9bbd9b0b96b755273673c67f309f0a5cf117","core/src/main/java/org/elasticsearch/ingest/processor/SplitProcessor.java","2","0","1","4","42","78","2"
"oryx","d16f89b25fc5e12f94af6432274c66e0394c1743","framework/oryx-lambda/src/main/java/com/cloudera/oryx/lambda/TopicProducerImpl.java","2","0","1","4","44","80","0"
"orientdb","27545d6bac96e9ee001fe05121b9ece6c8da5c89","core/src/main/java/com/orientechnologies/orient/core/sql/OCommandExecutorSQLDropSequence.java","2","0","1","4","45","64","0"
"hazelcast","e8a91a32e1a9e4c50d7fdb5f87df6018fc1f7aa0","hazelcast/src/main/java/com/hazelcast/queue/tx/TxnPrepareBackupOperation.java","2","0","1","4","45","76","0"
"titan","736d71a8f5d93e0d3af1279a3edca9adcc4d0f94","titan-core/src/main/java/com/thinkaurelius/titan/graphdb/database/cache/MetricInstrumentedSchemaCache.java","2","0","1","4","46","62","1"
"neo4j","4f04ee08438d4e1c99095d9d8a9f2ec223af89a9","community/kernel/src/main/java/org/neo4j/kernel/impl/api/store/StoreSingleRelationshipCursor.java","2","0","1","4","46","77","2"
"hazelcast","3cc13b14fba6b8e6e2ab9149c8d17561a29c537f","hazelcast/src/main/java/com/hazelcast/collection/impl/txnqueue/operations/TxnPrepareBackupOperation.java","2","0","1","4","46","77","1"
"hazelcast","67235ce99477aeeecc86d225926b6456b7ceef20","hazelcast/src/main/java/com/hazelcast/collection/impl/txnqueue/operations/TxnPrepareBackupOperation.java","2","0","1","4","46","77","1"
"hazelcast","a46aa8502977bde24649cec3b52fbb065d6f480f","hazelcast/src/main/java/com/hazelcast/collection/impl/txnqueue/operations/TxnPrepareBackupOperation.java","2","0","1","4","46","77","1"
"hazelcast","e7c312280062991ae79e7194e151e12ea3aa2897","hazelcast/src/main/java/com/hazelcast/collection/impl/txnqueue/operations/TxnPrepareBackupOperation.java","2","0","1","4","46","77","0"
"hazelcast","01e94c74c111c319673233e6015bea2cbec73d80","hazelcast/src/main/java/com/hazelcast/queue/proxy/QueueIterator.java","2","0","1","4","47","75","2"
"hazelcast","c9b61e1bcaa6fa7457be1ecf886f7f2904ca5b92","hazelcast/src/main/java/com/hazelcast/client/impl/protocol/task/cache/CacheIterateEntriesMessageTask.java","2","0","1","4","47","79","1"
"elasticsearch","00de8e07fc3df9c763bbc0b6890217dc5b6bee3e","modules/ingest-common/src/main/java/org/elasticsearch/ingest/common/SplitProcessor.java","2","0","1","4","48","84","3"
"elasticsearch","17a2fffc9be50102fa5a9da72053c82df23b1a64","modules/ingest-common/src/main/java/org/elasticsearch/ingest/common/SplitProcessor.java","2","0","1","4","48","84","2"
"elasticsearch","6baded8e7fb920e920a288bf53764a1da3d617da","modules/ingest-common/src/main/java/org/elasticsearch/ingest/common/SplitProcessor.java","2","0","1","4","48","84","3"
"hazelcast","de42a296f1c17b13eafc1ba71e2bd046666c7970","hazelcast/src/main/java/com/hazelcast/cache/impl/operation/CachePutBackupOperation.java","2","0","1","4","48","84","0"
"neo4j","7723d89e6d1d951e8923fb102da0228db2e4e8f9","community/kernel/src/main/java/org/neo4j/kernel/impl/api/store/StoreSingleNodeCursor.java","2","0","1","4","49","81","2"
"netty","d3327e7f467427c04e45784044c8cadfbb6afdbf","example/src/main/java/io/netty/example/udt/echo/rendevous/MsgEchoPeerHandler.java","2","0","1","4","49","81","1"
"netty","d3327e7f467427c04e45784044c8cadfbb6afdbf","example/src/main/java/io/netty/example/udt/echo/message/MsgEchoClientHandler.java","2","0","1","4","49","81","1"
"netty","660e6f4afe6a5e1e53619600a5b14f11dac5537c","example/src/main/java/io/netty/example/udt/echo/message/MsgEchoClientHandler.java","2","0","1","4","49","81","0"
"netty","660e6f4afe6a5e1e53619600a5b14f11dac5537c","example/src/main/java/io/netty/example/udt/echo/rendevous/MsgEchoPeerHandler.java","2","0","1","4","49","81","0"
"hazelcast","7fae9643d3b482f2712d1e7218c7256fc27463b7","hazelcast/src/main/java/com/hazelcast/queue/proxy/QueueIterator.java","2","0","1","4","50","79","0"
"neo4j","0fcc6fb50a2a1d279ddd576045c1cefe05be7cb2","community/server/src/main/java/org/neo4j/server/ServerCommandLineArgs.java","2","0","1","4","50","99","0"
"neo4j","4f04ee08438d4e1c99095d9d8a9f2ec223af89a9","community/kernel/src/main/java/org/neo4j/kernel/impl/api/store/StoreSingleNodeCursor.java","2","0","1","4","51","83","1"
"elasticsearch","a7af34022c32a8302f3117f5fd26ff4dc0a23e7b","core/src/test/java/org/elasticsearch/common/settings/loader/YamlSettingsLoaderTests.java","2","0","1","4","51","83","1"
"elasticsearch","51ae1c4d5302add19ecf1b8403ab31ec91eaad94","core/src/test/java/org/elasticsearch/common/settings/loader/YamlSettingsLoaderTests.java","2","0","1","4","51","83","0"
"elasticsearch","45a1b447599909a294ba63887bd91789c2e9b772","src/main/java/org/elasticsearch/common/lucene/search/function/RandomScoreFunction.java","2","0","1","4","52","93","2"
"elasticsearch","b007af1f464f49849705356a2eea212ed68643ac","src/main/java/org/elasticsearch/common/lucene/search/function/RandomScoreFunction.java","2","0","1","4","52","94","0"
"elasticsearch","51c74ce5476ed4d8b0f2ed3469fee955ff1e5fd1","modules/lang-mustache/src/main/java/org/elasticsearch/script/mustache/RestMultiSearchTemplateAction.java","2","0","1","4","53","100","2"
"elasticsearch","9ac3887139c15c6dfbcf13493415b0ff56a912d0","core/src/main/java/org/elasticsearch/ingest/processor/GsubProcessor.java","2","0","1","4","53","90","1"
"netty","8fe3c83e4ca9a64c03f5adcb9f056d9e9440a389","resolver-dns/src/main/java/io/netty/resolver/dns/DnsAddressResolverGroup.java","2","0","1","4","57","94","1"
"neo4j","9c79c33600e5511ac1320496d1bdd614808a973c","enterprise/core-edge/src/main/java/org/neo4j/coreedge/raft/log/segmented/EntryRecordCursor.java","2","0","1","4","58","91","1"
"hazelcast","8959aa0857797fe82461f8cabc292a4966d2e5fb","hazelcast/src/main/java/com/hazelcast/client/impl/protocol/task/AbstractAddressMessageTask.java","2","0","1","4","59","105","0"
"elasticsearch","6b23ee80404ea8cb143abd776968854e263275b9","core/src/main/java/org/elasticsearch/search/aggregations/pipeline/bucketmetrics/min/MinBucketPipelineAggregationBuilder.java","2","0","1","4","59","96","2"
"hazelcast","ed4f4d10e194b049930f677d61d7c08a2bfa15ad","hazelcast-client/src/test/java/com/hazelcast/client/proxy/ProxyEqualityTest.java","2","0","1","4","60","93","0"
"elasticsearch","557fc8b43720d222fdee9219ad71f9b08ca7b90e","core/src/main/java/org/elasticsearch/search/aggregations/pipeline/bucketmetrics/avg/AvgBucketPipelineAggregatorBuilder.java","2","0","1","4","61","97","1"
"elasticsearch","371c73e14023917f3892090d2d3d7ff9ac1216b9","core/src/main/java/org/elasticsearch/search/aggregations/pipeline/bucketmetrics/avg/AvgBucketPipelineAggregatorBuilder.java","2","0","1","4","61","98","3"
"elasticsearch","371c73e14023917f3892090d2d3d7ff9ac1216b9","core/src/main/java/org/elasticsearch/search/aggregations/pipeline/bucketmetrics/sum/SumBucketPipelineAggregatorBuilder.java","2","0","1","4","61","98","3"
"elasticsearch","371c73e14023917f3892090d2d3d7ff9ac1216b9","core/src/main/java/org/elasticsearch/search/aggregations/pipeline/bucketmetrics/max/MaxBucketPipelineAggregatorBuilder.java","2","0","1","4","61","98","3"
"elasticsearch","371c73e14023917f3892090d2d3d7ff9ac1216b9","core/src/main/java/org/elasticsearch/search/aggregations/pipeline/bucketmetrics/min/MinBucketPipelineAggregatorBuilder.java","2","0","1","4","61","98","3"
"elasticsearch","6b23ee80404ea8cb143abd776968854e263275b9","core/src/main/java/org/elasticsearch/search/aggregations/pipeline/bucketmetrics/stats/StatsBucketPipelineAggregationBuilder.java","2","0","1","4","61","98","2"
"elasticsearch","78574d248cf10dad1c5a566fda79e1e0c94afe43","core/src/main/java/org/elasticsearch/search/aggregations/pipeline/bucketmetrics/max/MaxBucketPipelineAggregatorBuilder.java","2","0","1","4","61","98","2"
"elasticsearch","78574d248cf10dad1c5a566fda79e1e0c94afe43","core/src/main/java/org/elasticsearch/search/aggregations/pipeline/bucketmetrics/sum/SumBucketPipelineAggregatorBuilder.java","2","0","1","4","61","98","2"
"elasticsearch","78574d248cf10dad1c5a566fda79e1e0c94afe43","core/src/main/java/org/elasticsearch/search/aggregations/pipeline/bucketmetrics/avg/AvgBucketPipelineAggregatorBuilder.java","2","0","1","4","61","98","2"
"elasticsearch","78574d248cf10dad1c5a566fda79e1e0c94afe43","core/src/main/java/org/elasticsearch/search/aggregations/pipeline/bucketmetrics/min/MinBucketPipelineAggregatorBuilder.java","2","0","1","4","61","98","2"
"elasticsearch","e6aaaf11ed4a1b8f595f920de1840938eddb7a97","core/src/main/java/org/elasticsearch/search/aggregations/pipeline/bucketmetrics/min/MinBucketPipelineAggregatorBuilder.java","2","0","1","4","61","98","2"
"elasticsearch","e6aaaf11ed4a1b8f595f920de1840938eddb7a97","core/src/main/java/org/elasticsearch/search/aggregations/pipeline/bucketmetrics/max/MaxBucketPipelineAggregatorBuilder.java","2","0","1","4","61","98","2"
"elasticsearch","e6aaaf11ed4a1b8f595f920de1840938eddb7a97","core/src/main/java/org/elasticsearch/search/aggregations/pipeline/bucketmetrics/sum/SumBucketPipelineAggregatorBuilder.java","2","0","1","4","61","98","2"
"elasticsearch","e6aaaf11ed4a1b8f595f920de1840938eddb7a97","core/src/main/java/org/elasticsearch/search/aggregations/pipeline/bucketmetrics/avg/AvgBucketPipelineAggregatorBuilder.java","2","0","1","4","61","98","2"
"elasticsearch","319ca8251013be5e2dbec987a716b8e5ea80e4ed","core/src/main/java/org/elasticsearch/search/aggregations/pipeline/bucketmetrics/sum/SumBucketPipelineAggregatorBuilder.java","2","0","1","4","61","98","0"
"elasticsearch","319ca8251013be5e2dbec987a716b8e5ea80e4ed","core/src/main/java/org/elasticsearch/search/aggregations/pipeline/bucketmetrics/min/MinBucketPipelineAggregatorBuilder.java","2","0","1","4","61","98","0"
"elasticsearch","319ca8251013be5e2dbec987a716b8e5ea80e4ed","core/src/main/java/org/elasticsearch/search/aggregations/pipeline/bucketmetrics/max/MaxBucketPipelineAggregatorBuilder.java","2","0","1","4","61","98","0"
"elasticsearch","319ca8251013be5e2dbec987a716b8e5ea80e4ed","core/src/main/java/org/elasticsearch/search/aggregations/pipeline/bucketmetrics/avg/AvgBucketPipelineAggregatorBuilder.java","2","0","1","4","61","98","0"
"elasticsearch","a60b8948ba1d836a6eac7cff095519e618939ed8","core/src/main/java/org/elasticsearch/search/aggregations/pipeline/bucketmetrics/avg/AvgBucketPipelineAggregatorBuilder.java","2","0","1","4","61","98","0"
"elasticsearch","a60b8948ba1d836a6eac7cff095519e618939ed8","core/src/main/java/org/elasticsearch/search/aggregations/pipeline/bucketmetrics/max/MaxBucketPipelineAggregatorBuilder.java","2","0","1","4","61","98","0"
"elasticsearch","a60b8948ba1d836a6eac7cff095519e618939ed8","core/src/main/java/org/elasticsearch/search/aggregations/pipeline/bucketmetrics/min/MinBucketPipelineAggregatorBuilder.java","2","0","1","4","61","98","0"
"elasticsearch","a60b8948ba1d836a6eac7cff095519e618939ed8","core/src/main/java/org/elasticsearch/search/aggregations/pipeline/bucketmetrics/sum/SumBucketPipelineAggregatorBuilder.java","2","0","1","4","61","98","0"
"titan","e524d9f429f9c937ecd2eb9315144a28b3f27090","titan-hadoop-parent/titan-hadoop-core/src/main/java/com/thinkaurelius/titan/hadoop/formats/titan/cassandra/TitanCassandraInputFormat.java","2","0","1","4","62","81","0"
"hazelcast","3d662aae81a322938b3ca80a5129886832583461","hazelcast-client/src/test/java/com/hazelcast/client/proxy/ProxyEqualityTest.java","2","0","1","4","62","92","0"
"elasticsearch","371c73e14023917f3892090d2d3d7ff9ac1216b9","core/src/main/java/org/elasticsearch/search/aggregations/pipeline/bucketmetrics/stats/StatsBucketPipelineAggregatorBuilder.java","2","0","1","4","63","100","3"
"elasticsearch","78574d248cf10dad1c5a566fda79e1e0c94afe43","core/src/main/java/org/elasticsearch/search/aggregations/pipeline/bucketmetrics/stats/StatsBucketPipelineAggregatorBuilder.java","2","0","1","4","63","100","2"
"elasticsearch","e6aaaf11ed4a1b8f595f920de1840938eddb7a97","core/src/main/java/org/elasticsearch/search/aggregations/pipeline/bucketmetrics/stats/StatsBucketPipelineAggregatorBuilder.java","2","0","1","4","63","100","2"
"elasticsearch","319ca8251013be5e2dbec987a716b8e5ea80e4ed","core/src/main/java/org/elasticsearch/search/aggregations/pipeline/bucketmetrics/stats/StatsBucketPipelineAggregatorBuilder.java","2","0","1","4","63","100","0"
"elasticsearch","a60b8948ba1d836a6eac7cff095519e618939ed8","core/src/main/java/org/elasticsearch/search/aggregations/pipeline/bucketmetrics/stats/StatsBucketPipelineAggregatorBuilder.java","2","0","1","4","63","100","0"
"elasticsearch","557fc8b43720d222fdee9219ad71f9b08ca7b90e","core/src/main/java/org/elasticsearch/search/aggregations/pipeline/bucketmetrics/stats/StatsBucketPipelineAggregatorBuilder.java","2","0","1","4","63","99","1"
"netty","a517cce92fee24f2967bba7c84eea835b79fcab1","resolver-dns/src/main/java/io/netty/resolver/dns/DnsAddressResolverGroup.java","2","0","1","4","70","109","0"
"orientdb","99a07688bdc3979e788f469cae7c5d9bd2fa9709","lucene/src/test/java/com/orientechnologies/lucene/tests/OLuceneRangeTest.java","2","0","1","4","70","116","0"
"neo4j","1b3aad3b619bd72c2c9f79bb7edf642c5dc56a6f","enterprise/kernel/src/main/java/org/neo4j/kernel/impl/enterprise/EnterpriseEditionModule.java","2","0","1","4","73","107","0"
"orientdb","99a07688bdc3979e788f469cae7c5d9bd2fa9709","lucene/src/test/java/com/orientechnologies/lucene/test/LuceneRangeTest.java","2","0","1","4","73","119","0"
"elasticsearch","2b9cfff90f6a11095c36fae0dce35bbe9d0c6f96","modules/transport-netty3/src/test/java/org/elasticsearch/http/netty3/Netty3HttpServerTransportTests.java","2","0","1","4","75","106","0"
"elasticsearch","2d2ba48c0b800d8aa8f4ff59fb89c3ec0a08b4d2","src/test/java/org/elasticsearch/tribe/TribeUnitTests.java","2","0","1","4","75","116","0"
"elasticsearch","968fbaceef298908a6ce6b31e42fb82586743fb7","modules/transport-netty3/src/test/java/org/elasticsearch/http/netty3/Netty3HttpServerTransportTests.java","2","0","1","4","76","107","1"
"elasticsearch","46a8a48d2320e3e246a7411159acbf8f68a5b501","plugins/ingest/src/test/java/org/elasticsearch/ingest/processor/GeoIpProcessorTests.java","2","0","1","4","77","113","0"
"elasticsearch","6f996e9e26ae05440aa8d374d5cedcc3752ebfec","qa/evil-tests/src/test/java/org/elasticsearch/tribe/TribeUnitTests.java","2","0","1","4","77","118","0"
"netty","5e649850898889a8d2f1e526db610a8fca19c1ff","resolver-dns/src/main/java/io/netty/resolver/dns/DnsAddressResolverGroup.java","2","0","1","4","78","121","1"
"hazelcast","3f7fe149b46863191307baa8ab504a6eaf77b0cc","hazelcast-client/src/test/java/com/hazelcast/client/HazelcastClientReconnectTest.java","2","0","1","4","78","131","0"
"hazelcast","2ec1ac176612eecd2d4c4282286a83e1dba0c42d","hazelcast-client/src/test/java/com/hazelcast/client/HazelcastClientReconnectTest.java","2","0","1","4","78","134","1"
"hazelcast","f74b1afa9ffb561dfa6b3354dd03d4411ddf17f1","hazelcast-client/src/test/java/com/hazelcast/client/HazelcastClientReconnectTest.java","2","0","1","4","79","133","1"
"netty","31b319a5dc531d8c02c400d312ab9e85e90e614b","src/main/java/org/jboss/netty/channel/socket/http/HttpTunnelServerChannel.java","2","0","1","4","84","127","1"
"elasticsearch","730f9058a177b899b63dc237cdc9abdd9ac5179c","plugins/ingest-geoip/src/test/java/org/elasticsearch/ingest/geoip/GeoIpProcessorTests.java","2","0","1","4","86","123","1"
"BroadleafCommerce","42fab0f12ab56dc3af4b15636fdb702de7de5d4d","core/broadleaf-framework/src/main/java/org/broadleafcommerce/core/search/dao/IndexFieldDaoImpl.java","2","0","1","4","86","134","1"
"netty","220d95fe0d396821f08329fffd96edc1b47c37c1","src/main/java/org/jboss/netty/channel/socket/http/HttpTunnelServerChannel.java","2","0","1","4","89","134","0"
"netty","81e2db10faaf0389f4e1af8c7132210946203157","buffer/src/main/java/io/netty/buffer/DuplicatedByteBuf.java","2","0","1","40","192","260","0"
"netty","81e2db10faaf0389f4e1af8c7132210946203157","buffer/src/main/java/io/netty/buffer/ReadOnlyByteBuf.java","2","0","1","42","190","258","0"
"antlr4","29c2712ae1eee9575324db48c2f72c7cb0d28308","tool/test/org/antlr/v4/test/tool/TestASTStructure.java","2","0","1","42","284","407","0"
"hazelcast","0261611ce1d6e95cd84910390d1c0c653fa0dfd2","hazelcast/src/test/java/com/hazelcast/query/impl/extractor/specification/ExtractionInCollectionSpecTest.java","2","0","1","45","356","445","0"
"elasticsearch","ef425f4b7c66b1545426280893db5deabff05fe6","core/src/test/java/org/elasticsearch/index/mapper/DocumentParserTests.java","2","0","1","46","755","866","2"
"elasticsearch","c3a5e4fa4849171080fc6e5a093ee65263088e03","core/src/test/java/org/elasticsearch/index/mapper/DocumentParserTests.java","2","0","1","47","767","881","1"
"BroadleafCommerce","3c7200b57bd7640325fdfdf6cfdc384b352c0d63","core/broadleaf-framework/src/main/java/org/broadleafcommerce/core/search/dao/IndexFieldDaoImpl.java","2","0","1","5","100","155","0"
"elasticsearch","8b74c42099d5b7f76b2fa0d3d85d5f03f4e5e234","src/test/java/org/elasticsearch/test/integration/mlt/MoreLikeThisActionTests.java","2","0","1","5","106","152","0"
"elasticsearch","adc0807c686b37bf1d96bd3eb9d26face380fe44","src/test/java/org/elasticsearch/action/admin/cluster/snapshots/SnapshotBlocksTests.java","2","0","1","5","116","160","0"
"neo4j","769c4c6b9a0cb5af55c3fbb21842914a7758c1d9","enterprise/core-edge/src/test/java/org/neo4j/coreedge/raft/state/CoreStateTest.java","2","0","1","5","124","190","0"
"elasticsearch","adc0807c686b37bf1d96bd3eb9d26face380fe44","src/test/java/org/elasticsearch/indices/mapping/SimpleGetFieldMappingsTests.java","2","0","1","5","150","208","0"
"elasticsearch","71d5148b1c454cd4749a90e8b4d6224e90e0dc39","src/test/java/org/elasticsearch/test/integration/indices/wamer/SimpleIndicesWarmerTests.java","2","0","1","5","152","211","0"
"titan","a0ba586cf56ac191020e113b0661e05aad2f06cd","titan-core/src/main/java/com/thinkaurelius/titan/graphdb/tinkerpop/TitanFeatures.java","2","0","1","5","155","207","0"
"titan","0d269e350f01e145b0eec0157b9c45274b2023f7","titan-core/src/main/java/com/thinkaurelius/titan/graphdb/tinkerpop/TitanFeatures.java","2","0","1","5","180","237","0"
"orientdb","330416b3db551d1aa8106e36d9aa133804a0be52","core/src/main/java/com/orientechnologies/orient/core/sql/parser/OEqualsCompareOperator.java","2","0","1","5","21","32","0"
"elasticsearch","ca6cd2bbed3af6723ef7be9b557f1e32ecd13c30","modules/elasticsearch/src/main/java/org/elasticsearch/common/lucene/document/SingleFieldSelector.java","2","0","1","5","21","52","0"
"elasticsearch","24bc8d331eb28a686233573bdcaf9cadd9a6dc5b","src/main/java/org/elasticsearch/indices/recovery/RecoveryFailedException.java","2","0","1","5","22","52","0"
"BroadleafCommerce","5fc2059548ec2853d8ff7f828e32709e871ec5e2","core/broadleaf-framework/src/main/java/org/broadleafcommerce/core/search/service/solr/SolrContext.java","2","0","1","5","23","56","2"
"BroadleafCommerce","f7697b8e37d1a55de51133c3084af055c3eebf10","core/broadleaf-framework/src/main/java/org/broadleafcommerce/core/search/service/solr/SolrContext.java","2","0","1","5","23","60","3"
"BroadleafCommerce","9a2399ccabc71c63572c786cacfa9d17404bf0db","common/src/main/java/org/broadleafcommerce/common/util/IgnorableItem.java","2","0","1","5","25","58","0"
"BroadleafCommerce","e949b136c500559ba4612d339d5abac7febc5819","common/src/main/java/org/broadleafcommerce/common/util/IgnorableItem.java","2","0","1","5","25","58","0"
"BroadleafCommerce","65e73bebcc311646d9d62110b258a16f37da5ac4","common/src/main/java/org/broadleafcommerce/common/util/IgnorableItem.java","2","0","1","5","25","58","1"
"BroadleafCommerce","024e2cd7532a2662f5a6bf6f21876f03bcbccb0a","common/src/main/java/org/broadleafcommerce/common/resource/GeneratedResource.java","2","0","1","5","27","60","2"
"BroadleafCommerce","31d47cb2fa8e903eb75078e6da36b7c2d2ec9a12","common/src/main/java/org/broadleafcommerce/common/resource/GeneratedResource.java","2","0","1","5","27","60","1"
"BroadleafCommerce","a6b6aa3f000934c1ab6c1d123b940cb4ebf58355","common/src/main/java/org/broadleafcommerce/common/resource/GeneratedResource.java","2","0","1","5","27","60","3"
"BroadleafCommerce","8f5ba210f06aebdc1db085d9094cdf5e4ab0a156","common/src/main/java/org/broadleafcommerce/common/resource/GeneratedResource.java","2","0","1","5","27","60","0"
"BroadleafCommerce","a3b56d046071ae04bde3a0799d053408cbcf621d","common/src/main/java/org/broadleafcommerce/common/resource/GeneratedResource.java","2","0","1","5","29","63","1"
"elasticsearch","13805c2a23763da08a15c5f1de618edb95d340dc","core/src/main/java/org/elasticsearch/action/admin/cluster/node/tasks/cancel/CancelTasksRequest.java","2","0","1","5","32","65","1"
"elasticsearch","9c9cd01854d4343b11314d58b82c00f1de335f8a","src/main/java/org/elasticsearch/script/ScoreAccessor.java","2","0","1","5","32","68","2"
"orientdb","6ddd90b14dc2e77074aa9a39b37afe32e6c38234","core/src/main/java/com/orientechnologies/orient/core/sql/functions/sequence/OSQLFunctionSequence.java","2","0","1","5","34","49","1"
"elasticsearch","e9d9ade10f9947dd35f9ccf095c3d36698f0de8c","src/main/java/org/elasticsearch/search/facet/filter/FilterFacetParser.java","2","0","1","5","35","66","0"
"elasticsearch","9ca5e6e3e12cf4f13eb6ed0140d9073ba89c61c9","src/test/java/org/elasticsearch/index/engine/EngineSearcherTotalHitsMatcher.java","2","0","1","5","35","68","1"
"hazelcast","3f7fe149b46863191307baa8ab504a6eaf77b0cc","hazelcast/src/main/java/com/hazelcast/client/GetDistributedObjectsRequest.java","2","0","1","5","36","66","0"
"elasticsearch","1af38cf3f3b50cef27044e5e173995c2403befb1","src/main/java/org/elasticsearch/search/facet/filter/FilterFacetParser.java","2","0","1","5","37","68","0"
"Android-Universal-Image-Loader","b6f760790c0862c89e88117dd82e0e88ee2a23fc","library/src/com/nostra13/universalimageloader/cache/memory/BaseMemoryCache.java","2","0","1","5","39","73","0"
"elasticsearch","01ca81e2a37c9cd38c6dc44ae567d427c059dbe0","src/test/java/org/elasticsearch/index/engine/EngineSearcherTotalHitsMatcher.java","2","0","1","5","40","74","0"
"orientdb","39a8884d03c0bc49b8ecf655a22fe80646afa1e6","spatial/src/main/java/com/orientechnologies/spatial/functions/OSTIntersectsFunction.java","2","0","1","5","41","77","0"
"orientdb","8fb63ddaef6dae34deacb49f4131b08b5a088e31","core/src/main/java/com/orientechnologies/orient/core/engine/local/OEngineLocalPaginated.java","2","0","1","5","41","78","1"
"netty","81e2db10faaf0389f4e1af8c7132210946203157","buffer/src/main/java/io/netty/buffer/UnpooledByteBufAllocator.java","2","0","1","5","42","74","0"
"orientdb","39a8884d03c0bc49b8ecf655a22fe80646afa1e6","spatial/src/main/java/com/orientechnologies/spatial/functions/OSTWithinFunction.java","2","0","1","5","42","78","0"
"orientdb","39a8884d03c0bc49b8ecf655a22fe80646afa1e6","spatial/src/main/java/com/orientechnologies/spatial/functions/OSTDWithinFunction.java","2","0","1","5","42","79","0"
"orientdb","39a8884d03c0bc49b8ecf655a22fe80646afa1e6","spatial/src/main/java/com/orientechnologies/spatial/functions/OSTContainsFunction.java","2","0","1","5","44","80","0"
"orientdb","67b44e38d6982f4b915b71290548d72dbd5aaa00","core/src/test/java/com/orientechnologies/common/serialization/types/StringSerializerTest.java","2","0","1","5","45","75","1"
"orientdb","a2eaf6636bb600c7e6d311b0bb7d112bbaafb4a0","etl/src/main/java/com/orientechnologies/orient/etl/transformer/OETLBlockTransformer.java","2","0","1","5","45","78","0"
"orientdb","daa89846a07faf0215b5d99ec4121ebd7395c41e","core/src/test/java/com/orientechnologies/common/serialization/types/StringSerializerTest.java","2","0","1","5","46","76","0"
"elasticsearch","5bb75f9da308bb14f07596d41e396cf5cb3099b6","src/main/java/org/elasticsearch/index/cache/query/parser/resident/ResidentQueryParserCache.java","2","0","1","5","47","85","2"
"elasticsearch","ed76b9a5187863d85e50306b8eaac8b9b9f385cb","core/src/main/java/org/elasticsearch/search/profile/query/ProfileWeight.java","2","0","1","5","47","90","1"
"hazelcast","9d8dcc2a1755aec6419b50698c80c1d109c89523","hazelcast/src/main/java/com/hazelcast/replicatedmap/impl/operation/RemoveOperation.java","2","0","1","5","48","80","1"
"orientdb","331294aa28524aabb5128bbffbbdb5afc498cbfe","src/test/java/com/orientechnologies/orient/etl/transformer/OVertexTransformerTest.java","2","0","1","5","50","84","0"
"orientdb","9076e4945a5441e4b88d7bb3f42eefc05bf4a5ed","src/test/java/com/orientechnologies/orient/etl/transformer/OVertexTransformerTest.java","2","0","1","5","52","86","0"
"hazelcast","235a0817594ec6ff219074ced2fa73638f44c5b9","hazelcast/src/main/java/com/hazelcast/jmx/ListMBean.java","2","0","1","5","53","86","1"
"hazelcast","84d4ab5cece50fa5a7226af589a9dfd3789811fa","hazelcast/src/main/java/com/hazelcast/client/impl/protocol/task/cache/CacheIterateEntriesMessageTask.java","2","0","1","5","54","87","0"
"elasticsearch","14ba36977ed24fd670005800547541a4f2cdfa3a","modules/lang-mustache/src/main/java/org/elasticsearch/script/mustache/RestMultiSearchTemplateAction.java","2","0","1","5","57","105","0"
"hazelcast","9d8dcc2a1755aec6419b50698c80c1d109c89523","hazelcast/src/main/java/com/hazelcast/replicatedmap/impl/operation/PutOperation.java","2","0","1","5","57","87","1"
"elasticsearch","046abdc281c321cd2128ee7684c0edfcaca07203","core/src/main/java/org/elasticsearch/search/aggregations/pipeline/cumulativesum/CumulativeSumPipelineAggregator.java","2","0","1","5","57","91","3"
"elasticsearch","eb754a71be77efbfceb233573c2dc34f7eb7b702","modules/reindex/src/test/java/org/elasticsearch/index/reindex/ManyDocumentsIT.java","2","0","1","5","60","98","0"
"hazelcast","9d92e89e761fe6d4368df47311cf7902578295a3","hazelcast/src/main/java/com/hazelcast/replicatedmap/impl/operation/PutOperation.java","2","0","1","5","62","92","0"
"neo4j","f0583fd6b622b859356bfa7b8db1cf885315373d","community/lucene-index/src/main/java/org/neo4j/kernel/api/impl/schema/populator/LuceneIndexPopulator.java","2","0","1","5","62","99","0"
"neo4j","e6f84e88fecffdd2dd28e4ee978d77df94914908","community/lucene-index/src/main/java/org/neo4j/kernel/api/impl/schema/populator/LuceneIndexPopulator.java","2","0","1","5","65","102","1"
"neo4j","ef60bfe38f0249b3614b7195611717e338c0ba02","community/lucene-index/src/main/java/org/neo4j/kernel/api/impl/schema/populator/LuceneIndexPopulator.java","2","0","1","5","65","102","1"
"neo4j","6b75a9235ea38e0c47caacd25cc919023c0c958b","community/lucene-index/src/main/java/org/neo4j/kernel/api/impl/schema/populator/LuceneIndexPopulator.java","2","0","1","5","65","102","0"
"orientdb","6f9beccd36f977feb31557a9293a316c4f7fb24b","graphdb/src/test/java/com/orientechnologies/orient/graph/sql/OCommandExecutorSQLDeleteEdgeTest.java","2","0","1","5","65","83","1"
"hazelcast","f5b5e658ea42c43530cc3fd5e132e2fe503ab8b4","hazelcast/src/main/java/com/hazelcast/client/impl/protocol/task/cache/CacheGetAllMessageTask.java","2","0","1","5","67","102","0"
"elasticsearch","e90740ad74d1a265a6c314bfb996256b1e4211a9","src/test/java/org/elasticsearch/common/compress/CompressedStringTests.java","2","0","1","5","71","114","0"
"netty","082b5f0dff8de1c1e5e830a7c2346f6794ca239a","transport-rxtx/src/main/java/io/netty/channel/rxtx/RxtxChannel.java","2","0","1","5","80","121","0"
"elasticsearch","78574d248cf10dad1c5a566fda79e1e0c94afe43","core/src/main/java/org/elasticsearch/action/admin/cluster/node/hotthreads/TransportNodesHotThreadsAction.java","2","0","1","5","81","119","1"
"elasticsearch","e6aaaf11ed4a1b8f595f920de1840938eddb7a97","core/src/main/java/org/elasticsearch/action/admin/cluster/node/hotthreads/TransportNodesHotThreadsAction.java","2","0","1","5","81","119","1"
"elasticsearch","a60b8948ba1d836a6eac7cff095519e618939ed8","core/src/main/java/org/elasticsearch/action/admin/cluster/node/hotthreads/TransportNodesHotThreadsAction.java","2","0","1","5","81","119","0"
"orientdb","21dce961ef7c05042005bc5e56ff656c03ef0e4a","etl/src/test/java/com/orientechnologies/orient/etl/loader/OOrientDBLoaderTest.java","2","0","1","5","85","124","0"
"orientdb","a2eaf6636bb600c7e6d311b0bb7d112bbaafb4a0","etl/src/test/java/com/orientechnologies/orient/etl/loader/OETLOrientDBLoaderTest.java","2","0","1","5","86","143","0"
"elasticsearch","12392b5425fe7c96da671affd797f65fc3fa2dc9","modules/transport-netty3/src/test/java/org/elasticsearch/http/netty3/Netty3HttpServerTransportTests.java","2","0","1","5","90","122","0"
"titan","304f14e44f986e806ac8e86437ff7b8e46a68045","titan-es/src/test/java/com/thinkaurelius/titan/diskstorage/es/ElasticSearchIndexTest.java","2","0","1","5","97","120","1"
"BroadleafCommerce","309878217cf8abc9d1afd99aabfe63e02f5bcb61","core/broadleaf-framework/src/main/java/org/broadleafcommerce/core/search/dao/IndexFieldDaoImpl.java","2","0","1","5","99","154","1"
"orientdb","331294aa28524aabb5128bbffbbdb5afc498cbfe","src/test/java/com/orientechnologies/orient/etl/transformer/OEdgeTransformerTest.java","2","0","1","6","104","156","0"
"orientdb","5499f443102cace2dfa66d6bb93b5715bc0a6393","lucene/src/test/java/com/orientechnologies/lucene/test/LuceneRangeTest.java","2","0","1","6","108","175","0"
"hazelcast","8fb478edd7f05c3874592dfd54abd9bd62b8e5d3","hazelcast/src/test/java/com/hazelcast/spi/impl/operationservice/impl/Invocation_RetryTest.java","2","0","1","6","111","145","1"
"hazelcast","70ada36a48c8457c4015adef29358f1a2da3909a","hazelcast/src/test/java/com/hazelcast/spi/impl/operationservice/impl/InvocationRetryTest.java","2","0","1","6","112","149","0"
"hazelcast","2921cff694583b8638dae2991f427e61d5440a9d","hazelcast/src/test/java/com/hazelcast/spi/impl/operationservice/impl/Invocation_RetryTest.java","2","0","1","6","113","148","0"
"hazelcast","dbcb4d66dcb9ea0dbf639e0f9182aabbe8d91855","hazelcast/src/test/java/com/hazelcast/spi/impl/operationservice/impl/Invocation_RetryTest.java","2","0","1","6","113","148","0"
"hazelcast","1f042b8c4a4245594691bb6d85a66ceed9b43068","hazelcast/src/test/java/com/hazelcast/spi/impl/operationservice/impl/Invocation_RetryTest.java","2","0","1","6","113","148","1"
"elasticsearch","4704efaef4b08e1191ac81d35eaf20308dcc1274","plugins/ingest-geoip/src/test/java/org/elasticsearch/ingest/geoip/GeoIpProcessorTests.java","2","0","1","6","114","157","0"
"elasticsearch","23f7b0002a8cfa5449c2b0a564aa084bfdb12e79","src/test/java/org/elasticsearch/test/integration/indices/wamer/SimpleIndicesWarmerTests.java","2","0","1","6","115","163","0"
"elasticsearch","83366e7017ce31f7727b9a3e7878ef02cdc3a980","core/src/test/java/org/elasticsearch/common/logging/log4j/LoggingConfigurationTests.java","2","0","1","6","120","166","0"
"titan","2dc20d0abb5b6bd1fa67c4ee5fd0361345a9b2e7","titan-es/src/test/java/com/thinkaurelius/titan/diskstorage/es/ElasticSearchIndexTest.java","2","0","1","6","123","153","0"
"elasticsearch","1ba73d979791577316edb021dfec655655e111e6","core/src/test/java/org/elasticsearch/index/search/MatchQueryIT.java","2","0","1","6","126","204","0"
"elasticsearch","09c7c5c82fdd5ce7c133de0379b3b44cf36061f9","core/src/test/java/org/elasticsearch/index/search/MatchQueryIT.java","2","0","1","6","127","205","1"
"netty","2dffc2f9fb89966e4a7d227e52a8d937ef0875b0","codec-http2/src/test/java/io/netty/handler/codec/http2/Http2CodecTest.java","2","0","1","6","136","183","1"
"elasticsearch","60519911b4e50bcc958c924a768dca2ae618101b","src/test/java/org/elasticsearch/index/analysis/AnalysisModuleTests.java","2","0","1","6","156","242","1"
"elasticsearch","6941966b1654106ed9249cd01c32bfa2e06b452f","core/src/test/java/org/elasticsearch/indices/flush/SyncedFlushSingleNodeTests.java","2","0","1","6","182","224","0"
"elasticsearch","b4064ce43fc43fecc2b63c63c0d27d52f4656f16","core/src/test/java/org/elasticsearch/indices/flush/SyncedFlushSingleNodeTests.java","2","0","1","6","187","229","0"
"elasticsearch","92ae3c84fe7ed25b3d0b1c5002c1f69bb08db648","src/test/java/org/elasticsearch/explain/ExplainActionTests.java","2","0","1","6","209","264","1"
"hazelcast","3cc13b14fba6b8e6e2ab9149c8d17561a29c537f","hazelcast/src/main/java/com/hazelcast/collection/impl/queue/operations/PeekOperation.java","2","0","1","6","32","60","1"
"hazelcast","67235ce99477aeeecc86d225926b6456b7ceef20","hazelcast/src/main/java/com/hazelcast/collection/impl/queue/operations/PeekOperation.java","2","0","1","6","32","60","1"
"hazelcast","a46aa8502977bde24649cec3b52fbb065d6f480f","hazelcast/src/main/java/com/hazelcast/collection/impl/queue/operations/PeekOperation.java","2","0","1","6","32","60","1"
"hazelcast","e7c312280062991ae79e7194e151e12ea3aa2897","hazelcast/src/main/java/com/hazelcast/collection/impl/queue/operations/PeekOperation.java","2","0","1","6","32","60","0"
"hazelcast","c283f04cab711308ed3018d4e448e35b9061e0d2","hazelcast-client-new/src/main/java/com/hazelcast/client/proxy/ClientClusterProxy.java","2","0","1","6","36","66","0"
"hazelcast","5fe534734d912f88bed5098f3b36f3e2872c8319","hazelcast-client-new/src/main/java/com/hazelcast/client/proxy/ClientClusterProxy.java","2","0","1","6","37","67","1"
"hazelcast","eed2a8c40d592a8e99645faac48f99069eaeaab2","hazelcast-client-new/src/main/java/com/hazelcast/client/proxy/ClientClusterProxy.java","2","0","1","6","37","67","1"
"hazelcast","2b9bb4fc17af10b2e6c19753155c0c0aeff8ce05","hazelcast-client-new/src/main/java/com/hazelcast/client/proxy/ClientClusterProxy.java","2","0","1","6","37","67","0"
"elasticsearch","6304f6871599108dc2ad84a79add39e40d1ac976","src/main/java/org/elasticsearch/script/ScoreAccessor.java","2","0","1","6","37","74","0"
"hazelcast","718bfcebf8809c975e362b23e4ffb5a13d6d2197","hazelcast/src/main/java/com/hazelcast/map/impl/EventListenerFilter.java","2","0","1","6","38","90","0"
"hazelcast","b4f94a00cf1628aa0437ded2c556bae9608f74c6","hazelcast/src/main/java/com/hazelcast/client/impl/client/GetMemberListRequest.java","2","0","1","6","39","54","0"
"BroadleafCommerce","3beb1016fe05cd993369edf46f9eb44a21932414","common/src/main/java/org/broadleafcommerce/common/util/DialectHelper.java","2","0","1","6","39","75","0"
"elasticsearch","383945416866849139755c6761ad162faaadcbe0","src/main/java/org/apache/lucene/queries/ExtendedCommonTermsQuery.java","2","0","1","6","39","76","1"
"elasticsearch","df8a971966b25d9b7025a6421e92f1b42685992c","core/src/main/java/org/elasticsearch/ingest/IngestService.java","2","0","1","6","43","77","0"
"BroadleafCommerce","be82be502a3deed449b9965d9b5b57198599582d","core/broadleaf-framework/src/main/java/org/broadleafcommerce/core/catalog/domain/CategoryProductXrefPK.java","2","0","1","6","43","78","1"
"hazelcast","1896987807f7186958ac057fb0f79034ddc7b947","hazelcast/src/main/java/com/hazelcast/client/ClientReAuthOperation.java","2","0","1","6","44","77","0"
"elasticsearch","09fc9485c6fa33809944ddddb09a8276f88967ed","core/src/main/java/org/elasticsearch/ingest/IngestService.java","2","0","1","6","44","78","0"
"elasticsearch","637eeacb202c8770b86ee6e15e50408bc8c57eea","src/test/java/org/elasticsearch/test/unit/index/fielddata/StringFieldDataTests.java","2","0","1","6","440","579","0"
"hazelcast","26150b54fc4204230f68b59838258bddbbbfb652","hazelcast/src/main/java/com/hazelcast/client/ClientReAuthOperation.java","2","0","1","6","45","78","0"
"antlr4","2ffb12028a9eefcf7fa4bc617e10e05eb3c05d5c","runtime/Java/src/org/antlr/v4/runtime/FailedPredicateException.java","2","0","1","6","45","90","1"
"elasticsearch","5e9de0f8bc29b59befe84da5e537bb3b60fa9496","src/main/java/org/elasticsearch/index/translog/TranslogStats.java","2","0","1","6","46","80","1"
"hazelcast","e1b69c53ca4923affcd7722f012a80e32517e988","hazelcast/src/main/java/com/hazelcast/internal/cluster/impl/operations/FetchMembersViewOp.java","2","0","1","6","46","81","0"
"antlr4","e0e6e0a94c09b6a2a3528bd7f30d0514e6964418","runtime/Java/src/org/antlr/v4/runtime/FailedPredicateException.java","2","0","1","6","46","92","0"
"orientdb","0e868f07cc1b57e059f5c0b6eb9f32f5475fce81","server/src/main/java/com/orientechnologies/orient/server/distributed/task/ORestartNodeTask.java","2","0","1","6","48","86","0"
"hazelcast","58e4782c607905ce452f830bd68a2412a9e1961e","hazelcast/src/main/java/com/hazelcast/client/impl/protocol/task/multimap/MultiMapLockMessageTask.java","2","0","1","6","50","82","1"
"hazelcast","58e4782c607905ce452f830bd68a2412a9e1961e","hazelcast/src/main/java/com/hazelcast/client/impl/protocol/task/multimap/MultiMapTryLockMessageTask.java","2","0","1","6","50","83","1"
"hazelcast","c4feb143e90da0ac828ba9077c83e15a9d4fb4cd","hazelcast/src/main/java/com/hazelcast/cache/impl/client/CacheGetAndRemoveRequest.java","2","0","1","6","50","85","1"
"hazelcast","5009d4a90be3c901942a0a89cf29a92c074231f1","hazelcast/src/main/java/com/hazelcast/collection/impl/txnqueue/operations/TxnPrepareOperation.java","2","0","1","6","51","83","0"
"hazelcast","23c8fa6ea06ea514d0009b6cb37f8af245bef892","hazelcast/src/main/java/com/hazelcast/cache/impl/client/CacheGetAndRemoveRequest.java","2","0","1","6","51","86","0"
"hazelcast","de42a296f1c17b13eafc1ba71e2bd046666c7970","hazelcast/src/main/java/com/hazelcast/cache/impl/operation/CacheGetAndReplaceOperation.java","2","0","1","6","52","91","0"
"hazelcast","3cc13b14fba6b8e6e2ab9149c8d17561a29c537f","hazelcast/src/main/java/com/hazelcast/collection/impl/txnqueue/operations/TxnPrepareOperation.java","2","0","1","6","53","85","1"
"hazelcast","67235ce99477aeeecc86d225926b6456b7ceef20","hazelcast/src/main/java/com/hazelcast/collection/impl/txnqueue/operations/TxnPrepareOperation.java","2","0","1","6","53","85","1"
"hazelcast","a46aa8502977bde24649cec3b52fbb065d6f480f","hazelcast/src/main/java/com/hazelcast/collection/impl/txnqueue/operations/TxnPrepareOperation.java","2","0","1","6","53","85","1"
"neo4j","21dc057a8a68245281a22d7bdb8da5ae2103f057","enterprise/core-edge/src/main/java/org/neo4j/coreedge/raft/log/EntryRecord.java","2","0","1","6","53","85","0"
"hazelcast","e7c312280062991ae79e7194e151e12ea3aa2897","hazelcast/src/main/java/com/hazelcast/collection/impl/txnqueue/operations/TxnPrepareOperation.java","2","0","1","6","53","85","0"
"hazelcast","8aad5200f5667461d3959dacaa6d5d179d7b2add","hazelcast/src/main/java/com/hazelcast/client/impl/protocol/task/queue/QueueOfferMessageTask.java","2","0","1","6","54","87","0"
"hazelcast","f39eefee43c6a29f60d1342f1e4ba4f41036ef47","hazelcast/src/main/java/com/hazelcast/cache/impl/operation/CachePutIfAbsentOperation.java","2","0","1","6","54","90","1"
"hazelcast","8aad5200f5667461d3959dacaa6d5d179d7b2add","hazelcast/src/main/java/com/hazelcast/client/impl/protocol/task/queue/QueuePollMessageTask.java","2","0","1","6","55","88","0"
"hazelcast","8aad5200f5667461d3959dacaa6d5d179d7b2add","hazelcast/src/main/java/com/hazelcast/client/impl/protocol/task/list/ListListIteratorMessageTask.java","2","0","1","6","55","89","0"
"BroadleafCommerce","c60b27b5e87385a5ef951c93e5a55ad41755e45b","admin/broadleaf-contentmanagement-module/src/main/java/org/broadleafcommerce/cms/admin/server/handler/TimeDTOCustomPersistenceHandler.java","2","0","1","6","55","90","1"
"orientdb","2767a54ee6308493e6a69b4b2951d8d2252bfd6b","core/src/test/java/com/orientechnologies/orient/core/db/document/VersionedDeleteTest.java","2","0","1","6","55","97","0"
"BroadleafCommerce","ba189eaef079fcace3b4299706bf8a02d257c58f","admin/broadleaf-contentmanagement-module/src/main/java/org/broadleafcommerce/cms/admin/server/handler/TimeDTOCustomPersistenceHandler.java","2","0","1","6","56","94","0"
"elasticsearch","109e2944f2e0cfea948ee77aabb7a022e0146ada","src/main/java/org/elasticsearch/common/lucene/search/function/RandomScoreFunction.java","2","0","1","6","57","100","2"
"hazelcast","235a0817594ec6ff219074ced2fa73638f44c5b9","hazelcast/src/main/java/com/hazelcast/jmx/SetMBean.java","2","0","1","6","57","89","1"
"neo4j","3ba4c3eb9ac99cd80673b361aec957e934853e90","community/kernel/src/main/java/org/neo4j/kernel/impl/api/cursor/TxAbstractPropertyCursor.java","2","0","1","6","57","92","0"
"elasticsearch","fdf2bb93716c2a6f2b0d0785df386ecd414994c4","src/main/java/org/elasticsearch/search/aggregations/bucket/InternalSingleBucketAggregation.java","2","0","1","6","59","104","0"
"hazelcast","d38202141395360399c9cf97d4453adf5b1581e1","hazelcast/src/main/java/com/hazelcast/client/impl/protocol/task/cache/CacheManagementConfigMessageTask.java","2","0","1","6","59","93","1"
"elasticsearch","d8cd75544536a211fa5c66e190aa4313213f0308","src/main/java/org/elasticsearch/search/aggregations/bucket/InternalSingleBucketAggregation.java","2","0","1","6","60","105","1"
"titan","63cd447da2fac871c2528fcec575e19b10e7330b","src/main/java/com/thinkaurelius/faunus/formats/sequence/faunus01/FaunusSequenceFileRecordReader.java","2","0","1","6","60","81","1"
"hazelcast","58e4782c607905ce452f830bd68a2412a9e1961e","hazelcast/src/main/java/com/hazelcast/client/impl/protocol/task/queue/QueueDrainMaxSizeMessageTask.java","2","0","1","6","60","95","1"
"hazelcast","58e4782c607905ce452f830bd68a2412a9e1961e","hazelcast/src/main/java/com/hazelcast/client/impl/protocol/task/queue/QueueIteratorMessageTask.java","2","0","1","6","60","95","1"
"hazelcast","58e4782c607905ce452f830bd68a2412a9e1961e","hazelcast/src/main/java/com/hazelcast/client/impl/protocol/task/queue/QueueDrainMessageTask.java","2","0","1","6","60","95","1"
"hazelcast","c4feb143e90da0ac828ba9077c83e15a9d4fb4cd","hazelcast/src/main/java/com/hazelcast/cache/impl/client/CacheGetAndReplaceRequest.java","2","0","1","6","60","95","1"
"hazelcast","23c8fa6ea06ea514d0009b6cb37f8af245bef892","hazelcast/src/main/java/com/hazelcast/cache/impl/client/CachePutIfAbsentRequest.java","2","0","1","6","60","95","0"
"hazelcast","de42a296f1c17b13eafc1ba71e2bd046666c7970","hazelcast/src/main/java/com/hazelcast/cache/impl/operation/CachePutOperation.java","2","0","1","6","61","103","0"
"elasticsearch","2b03bc83a40e470c977564195f6dcc2c208710d1","src/main/java/org/elasticsearch/common/lucene/search/function/RandomScoreFunction.java","2","0","1","6","61","106","1"
"hazelcast","4e007a3426015aebfb4a640a624d2e2e9dc90817","hazelcast/src/main/java/com/hazelcast/client/impl/protocol/task/multimap/MultiMapRemoveMessageTask.java","2","0","1","6","61","94","0"
"hazelcast","23c8fa6ea06ea514d0009b6cb37f8af245bef892","hazelcast/src/main/java/com/hazelcast/cache/impl/client/CacheGetAndReplaceRequest.java","2","0","1","6","61","96","0"
"hazelcast","f39eefee43c6a29f60d1342f1e4ba4f41036ef47","hazelcast/src/main/java/com/hazelcast/cache/impl/operation/CachePutOperation.java","2","0","1","6","61","99","1"
"hazelcast","d38202141395360399c9cf97d4453adf5b1581e1","hazelcast/src/main/java/com/hazelcast/client/impl/protocol/task/cache/CacheListenerRegistrationMessageTask.java","2","0","1","6","63","97","1"
"hazelcast","a4035afdfc67b757940a15578bc51b4e7b6b0b13","hazelcast/src/main/java/com/hazelcast/client/impl/protocol/task/cache/CacheManagementConfigMessageTask.java","2","0","1","6","63","98","0"
"hazelcast","f338e3197a1cd79ad614f50e87c829a7ff0aa54c","hazelcast/src/main/java/com/hazelcast/client/impl/protocol/task/cache/CacheManagementConfigMessageTask.java","2","0","1","6","63","98","0"
"hazelcast","7344e8b8055e1169b00710f926e4c64a514c18be","hazelcast/src/main/java/com/hazelcast/client/impl/protocol/task/cache/CacheManagementConfigMessageTask.java","2","0","1","6","63","98","1"
"hazelcast","a4035afdfc67b757940a15578bc51b4e7b6b0b13","hazelcast/src/main/java/com/hazelcast/client/impl/protocol/task/cache/CacheListenerRegistrationMessageTask.java","2","0","1","6","65","100","0"
"hazelcast","f338e3197a1cd79ad614f50e87c829a7ff0aa54c","hazelcast/src/main/java/com/hazelcast/client/impl/protocol/task/cache/CacheListenerRegistrationMessageTask.java","2","0","1","6","65","100","0"
"hazelcast","7344e8b8055e1169b00710f926e4c64a514c18be","hazelcast/src/main/java/com/hazelcast/client/impl/protocol/task/cache/CacheListenerRegistrationMessageTask.java","2","0","1","6","65","100","1"
"elasticsearch","b1cef5fdf8e1f8e9982a4724986b2731ca4d522b","core/src/main/java/org/elasticsearch/search/aggregations/metrics/stats/extended/ExtendedStatsAggregationBuilder.java","2","0","1","6","66","103","1"
"Android-Universal-Image-Loader","f642fd63cb224abd181ee8d1ee6acc4af814d89b","sample/src/com/nostra13/example/universalimageloader/ImageGridActivity.java","2","0","1","6","71","105","0"
"hazelcast","fb945c32b2039a081d11e5e281d86b22c000c879","hazelcast/src/test/java/com/hazelcast/cluster/ClusterUpgradeTest.java","2","0","1","6","71","106","0"
"hazelcast","4003029651c76805e2951670f6313c08ff87c621","hazelcast/src/test/java/com/hazelcast/cluster/ClusterUpgradeTest.java","2","0","1","6","72","107","0"
"elasticsearch","1d1225b87c77fd72ffd28cfe51cf070eff5a0522","src/test/java/org/elasticsearch/index/mapper/xcontent/MetadataMapperTest.java","2","0","1","6","72","109","1"
"elasticsearch","1d1225b87c77fd72ffd28cfe51cf070eff5a0522","src/test/java/org/elasticsearch/index/mapper/xcontent/MetadataMapperTest.java","2","0","1","6","72","109","1"
"elasticsearch","310df36bfa6e32a3ea1447fc324a7e7e6fdb2af1","src/test/java/org/elasticsearch/index/mapper/xcontent/MetadataMapperTest.java","2","0","1","6","72","109","2"
"hazelcast","7001ec8c5b1305c796de75c2e3f170c562db8c03","hazelcast/src/main/java/com/hazelcast/map/impl/operation/MapReplicationOperation.java","2","0","1","6","72","109","0"
"elasticsearch","6edf3447b1bfca04fe2cdcf6bfdf3f00a69fb187","src/test/java/org/elasticsearch/index/mapper/xcontent/MetadataMapperTest.java","2","0","1","6","72","109","0"
"orientdb","20770e263400b3d6da5aa9587a4656cefe7f962d","graphdb/src/test/java/com/orientechnologies/orient/graph/sql/OCommandExecutorSQLDeleteEdgeTest.java","2","0","1","6","78","97","0"
"orientdb","5499f443102cace2dfa66d6bb93b5715bc0a6393","lucene/src/test/java/com/orientechnologies/lucene/tests/OLuceneRangeTest.java","2","0","1","6","97","165","0"
"elasticsearch","30b5b4fc837e77d8ba7096f4e56c218fae9a3687","plugins/discovery-ec2/src/main/java/org/elasticsearch/plugin/discovery/ec2/Ec2DiscoveryPlugin.java","2","0","1","7","101","148","1"
"elasticsearch","3b8c9d87b4153a69d86e4829b566d94675a26a9f","plugins/discovery-ec2/src/main/java/org/elasticsearch/plugin/discovery/ec2/Ec2DiscoveryPlugin.java","2","0","1","7","102","149","0"
"elasticsearch","f32f35bec4e103a6f5eb347895bbf73bec0fdf76","plugins/discovery-ec2/src/main/java/org/elasticsearch/plugin/discovery/ec2/Ec2DiscoveryPlugin.java","2","0","1","7","103","152","0"
"elasticsearch","3ce7b119d28e7d1be7284bd804606a65c2d1a383","core/src/main/java/org/elasticsearch/index/mapper/IdFieldMapper.java","2","0","1","7","103","156","1"
"elasticsearch","96f1739c0dafc067a289574296642219faca4673","core/src/main/java/org/elasticsearch/index/mapper/IdFieldMapper.java","2","0","1","7","105","158","0"
"elasticsearch","ee46c3cd3fed07a81d50e0e3eeae29e686c7c074","src/test/java/org/elasticsearch/index/mapper/object/SimpleObjectMappingTests.java","2","0","1","7","129","162","0"
"elasticsearch","6fe9ae29ea3b66d38dfde4ae1394106b725475e9","core/src/test/java/org/elasticsearch/explain/ExplainActionIT.java","2","0","1","7","235","301","3"
"elasticsearch","a92300c5b5ca64ce690ea37efcba15514d8076e6","src/test/java/org/elasticsearch/explain/ExplainActionTests.java","2","0","1","7","236","306","0"
"elasticsearch","3ed0da5a586e8a3d12016aa517ab46032353d179","core/src/test/java/org/elasticsearch/explain/ExplainActionIT.java","2","0","1","7","237","303","2"
"elasticsearch","fbe27664a65ca7ab5b7dbe1c328ab27423e4313c","core/src/test/java/org/elasticsearch/explain/ExplainActionIT.java","2","0","1","7","237","303","2"
"elasticsearch","1764ec56b38ce87f516efdf93bb4ab56e9dd829b","core/src/test/java/org/elasticsearch/explain/ExplainActionIT.java","2","0","1","7","237","303","0"
"hazelcast","1b24dfd09e973a0a5ac02b1fd118a1acdf5987ba","hazelcast-wm/src/main/java/com/hazelcast/web/SessionAttributePredicate.java","2","0","1","7","40","68","0"
"hazelcast","e56ed623e2f90ba7444669e38f971c3206d1c4a0","hazelcast/src/main/java/com/hazelcast/queue/tx/TxnReservePollOperation.java","2","0","1","7","40","73","1"
"hazelcast","48b3eb36612983c4d27ae67be34563ed02665971","hazelcast/src/main/java/com/hazelcast/mapreduce/impl/operation/GetResultOperation.java","2","0","1","7","44","77","0"
"hazelcast","bf208ca94f476ff6133813fcce92ac4e78302ca0","hazelcast/src/main/java/com/hazelcast/map/impl/EventListenerFilter.java","2","0","1","7","45","97","0"
"hazelcast","07e71a06f93d534a6c6a12325d08a9de4e09cd25","hazelcast/src/main/java/com/hazelcast/queue/tx/TxnReservePollOperation.java","2","0","1","7","46","80","1"
"elasticsearch","1ac728d22bf6375a78daa171095e918a54932f7c","core/src/main/java/org/elasticsearch/search/aggregations/pipeline/movavg/models/SimpleModel.java","2","0","1","7","53","88","2"
"elasticsearch","ae742c4a038b5a1f7cbfdf1697845cd8ea4d71ac","core/src/main/java/org/elasticsearch/search/aggregations/pipeline/movavg/models/SimpleModel.java","2","0","1","7","54","89","1"
"hazelcast","15ad53c4af52bfbbcd79809712ff178529b30ab6","hazelcast/src/main/java/com/hazelcast/queue/impl/tx/TxnReservePollOperation.java","2","0","1","7","55","88","1"
"neo4j","21dc057a8a68245281a22d7bdb8da5ae2103f057","enterprise/core-edge/src/main/java/org/neo4j/coreedge/raft/state/term/TermState.java","2","0","1","7","57","102","0"
"elasticsearch","1ac728d22bf6375a78daa171095e918a54932f7c","core/src/main/java/org/elasticsearch/search/aggregations/pipeline/movavg/models/LinearModel.java","2","0","1","7","57","95","2"
"hazelcast","c4feb143e90da0ac828ba9077c83e15a9d4fb4cd","hazelcast/src/main/java/com/hazelcast/cache/impl/client/CacheRemoveRequest.java","2","0","1","7","58","94","1"
"elasticsearch","ae742c4a038b5a1f7cbfdf1697845cd8ea4d71ac","core/src/main/java/org/elasticsearch/search/aggregations/pipeline/movavg/models/LinearModel.java","2","0","1","7","58","96","1"
"hazelcast","23c8fa6ea06ea514d0009b6cb37f8af245bef892","hazelcast/src/main/java/com/hazelcast/cache/impl/client/CacheRemoveRequest.java","2","0","1","7","59","95","0"
"hazelcast","217c507d7725e99aad3a544ca43bd57110eb4f17","hazelcast/src/main/java/com/hazelcast/client/impl/protocol/task/multimap/MultiMapLockMessageTask.java","2","0","1","7","60","94","0"
"hazelcast","8aad5200f5667461d3959dacaa6d5d179d7b2add","hazelcast/src/main/java/com/hazelcast/client/impl/protocol/task/multimap/MultiMapTryLockMessageTask.java","2","0","1","7","60","94","0"
"hazelcast","8aad5200f5667461d3959dacaa6d5d179d7b2add","hazelcast/src/main/java/com/hazelcast/client/impl/protocol/task/multimap/MultiMapLockMessageTask.java","2","0","1","7","60","94","0"
"hazelcast","3ee4647695cf740a6f01e39a9831c212eb363199","hazelcast/src/main/java/com/hazelcast/client/impl/protocol/task/multimap/MultiMapLockMessageTask.java","2","0","1","7","60","94","1"
"elasticsearch","2ebb44d56f2c61cb14afca1caea21a0ecd4130fb","core/src/main/java/org/elasticsearch/search/aggregations/pipeline/movavg/models/SimpleModel.java","2","0","1","7","61","100","0"
"elasticsearch","31b63b1a84d9eb7a76f7b97d5bd2e964cf1214e8","src/test/java/org/elasticsearch/common/xcontent/XContentFactoryTests.java","2","0","1","7","61","107","0"
"hazelcast","235a0817594ec6ff219074ced2fa73638f44c5b9","hazelcast/src/main/java/com/hazelcast/jmx/TopicMBean.java","2","0","1","7","62","96","1"
"hazelcast","e93e8abae808b3615517adffdbf7207c5a04525f","hazelcast/src/main/java/com/hazelcast/cache/impl/operation/CacheGetAndReplaceOperation.java","2","0","1","7","62","98","2"
"elasticsearch","a05ea535ad68de3ffa876c2c7c78d9d203d499be","core/src/main/java/org/elasticsearch/search/aggregations/bucket/filter/FilterAggregator.java","2","0","1","7","64","102","1"
"elasticsearch","2ebb44d56f2c61cb14afca1caea21a0ecd4130fb","core/src/main/java/org/elasticsearch/search/aggregations/pipeline/movavg/models/LinearModel.java","2","0","1","7","65","107","0"
"hazelcast","c4feb143e90da0ac828ba9077c83e15a9d4fb4cd","hazelcast/src/main/java/com/hazelcast/cache/impl/client/CacheReplaceRequest.java","2","0","1","7","70","106","1"
"hazelcast","23c8fa6ea06ea514d0009b6cb37f8af245bef892","hazelcast/src/main/java/com/hazelcast/cache/impl/client/CacheReplaceRequest.java","2","0","1","7","71","107","0"
"oryx","96491d3b4a6649c3c53bed17f1545e3f4f411f7f","app/oryx-app-common/src/test/java/com/cloudera/oryx/app/rdf/predict/CategoricalPredictionTest.java","2","0","1","7","74","106","0"
"elasticsearch","149ef74b26bb33d3a1d3c1c45c481a01345cd764","core/src/main/java/org/elasticsearch/search/aggregations/metrics/stats/extended/ExtendedStatsAggregationBuilder.java","2","0","1","7","79","118","0"
"elasticsearch","19e7b1c737052cca62c684f3ed8e4936f08666be","core/src/main/java/org/elasticsearch/transport/local/LocalTransportChannel.java","2","0","1","8","100","145","1"
"neo4j","87838b56dfcfb7b37ca03d26c9eedc8f1e0c38e5","community/bolt/src/main/java/org/neo4j/bolt/v1/messaging/BoltMessageRouter.java","2","0","1","8","103","153","0"
"elasticsearch","04f6067c663824fe051832a6c7e30542671a0d26","src/test/java/org/elasticsearch/rest/BytesRestResponseTests.java","2","0","1","8","125","175","1"
"elasticsearch","cb2ed50aeba7bced8666880e6bd6825d94a742f1","core/src/test/java/org/elasticsearch/index/mapper/DocumentParserTests.java","2","0","1","8","127","166","1"
"elasticsearch","bdd9953aa4f677862777a1684e1ee56abc8e6598","plugins/discovery-file/src/test/java/org/elasticsearch/discovery/file/FileBasedUnicastHostsProviderTests.java","2","0","1","8","133","173","0"
"elasticsearch","87cf1452d58afdb5ce020cc57628cf4547d0cba5","src/test/java/org/elasticsearch/rest/BytesRestResponseTests.java","2","0","1","8","133","182","0"
"elasticsearch","4a9faac470f57d8803fed4d29e15177766437734","src/test/java/org/elasticsearch/test/unit/index/mapper/source/DefaultSourceMappingTests.java","2","0","1","8","137","197","0"
"hazelcast","73149d5b4c4ac59a9b81738428867ad5acfe89e2","hazelcast/src/main/java/com/hazelcast/map/operation/RemoveOperation.java","2","0","1","8","33","64","0"
"BroadleafCommerce","150979880d535c0bf00fb5aa86c7607f6df0e8d0","core/broadleaf-framework/src/main/java/org/broadleafcommerce/core/offer/service/discount/CandidatePromotionItems.java","2","0","1","8","41","76","0"
"hazelcast","da5cceee74e471e33f65f43f31d891c9741e31e3","hazelcast/src/main/java/com/hazelcast/map/operation/NearCacheClearOperation.java","2","0","1","8","45","61","0"
"orientdb","7a678522a2d83448543bc75d7360ac0857529727","server/src/main/java/com/orientechnologies/orient/server/distributed/task/OReadRecordTask.java","2","0","1","8","46","85","0"
"orientdb","a56ae91e7d9f772da4288542cee900793c24e5e1","server/src/main/java/com/orientechnologies/orient/server/distributed/task/OReadRecordTask.java","2","0","1","8","47","86","0"
"hazelcast","e56ed623e2f90ba7444669e38f971c3206d1c4a0","hazelcast/src/main/java/com/hazelcast/transaction/impl/PurgeTxBackupOperation.java","2","0","1","8","49","83","1"
"hazelcast","2c00a0e5532f5700ed1773b08f2e8ebae21181b2","hazelcast-wm/src/main/java/com/hazelcast/web/entryprocessor/GetAttributeEntryProcessor.java","2","0","1","8","50","84","1"
"hazelcast","84fa14858f7deb9c45eca8bc006836a2aa705e15","hazelcast-wm/src/main/java/com/hazelcast/web/entryprocessor/GetSessionStateEntryProcessor.java","2","0","1","8","50","84","2"
"hazelcast","ca85d886918dad06ed908696f3ebfbf2553097f0","hazelcast-wm/src/main/java/com/hazelcast/web/entryprocessor/GetAttributeEntryProcessor.java","2","0","1","8","50","84","0"
"hazelcast","84fa14858f7deb9c45eca8bc006836a2aa705e15","hazelcast-wm/src/main/java/com/hazelcast/web/entryprocessor/GetAttributeNamesEntryProcessor.java","2","0","1","8","51","85","2"
"hazelcast","da5cceee74e471e33f65f43f31d891c9741e31e3","hazelcast/src/main/java/com/hazelcast/map/operation/NearCacheKeySetInvalidationOperation.java","2","0","1","8","53","69","0"
"elasticsearch","becaff30a893e9ec8bf4e841e6c1df2a22f0979a","core/src/main/java/org/elasticsearch/index/translog/TranslogStats.java","2","0","1","8","57","93","1"
"elasticsearch","a1f5c342afa62f123dd5fd96d3e309a73f128195","src/main/java/org/elasticsearch/index/translog/TranslogStats.java","2","0","1","8","58","94","0"
"elasticsearch","4a6f3c78408c316d9f6f212d2664adda13c54a44","core/src/main/java/org/elasticsearch/cluster/routing/allocation/allocator/ShardsAllocators.java","2","0","1","8","59","103","0"
"hazelcast","4eef0f6f0630c47a4baca6875343ccd506948bb5","hazelcast/src/main/java/com/hazelcast/multimap/txn/TxnLockAndGetOperation.java","2","0","1","8","61","96","1"
"hazelcast","8f8a00625dd31eb3915d3251d2f10edbe2a7e0b9","hazelcast/src/main/java/com/hazelcast/replicatedmap/impl/client/ClientReplicatedMapRemoveRequest.java","2","0","1","8","66","100","0"
"elasticsearch","b29c416b7c6d6a65433d950397e0ba7c0abd3b87","core/src/test/java/org/elasticsearch/common/xcontent/XContentFactoryTests.java","2","0","1","8","66","114","1"
"hazelcast","0189aadfaf447e62c18d7177287ec1d8211b0ee8","hazelcast/src/main/java/com/hazelcast/replicatedmap/impl/client/ClientReplicatedMapRemoveRequest.java","2","0","1","8","67","101","0"
"netty","1856ab3a3516435f5481ff9a3a06233b849b46e7","resolver-dns/src/main/java/io/netty/resolver/dns/DnsNameResolverGroup.java","2","0","1","8","67","102","1"
"elasticsearch","41d8fbe8f51abd499c9b497238bc5f2141b7926b","core/src/test/java/org/elasticsearch/plugins/PluggableTransportModuleIT.java","2","0","1","8","69","106","1"
"elasticsearch","164efaecbe42195f08ada58b5fde927ab21fc6e7","core/src/test/java/org/elasticsearch/plugins/PluggableTransportModuleIT.java","2","0","1","8","71","108","0"
"hazelcast","b688d4f9076d53864a940f4ef394682a44bb3d19","hazelcast-client/src/main/java/com/hazelcast/client/proxy/ClientConditionProxy.java","2","0","1","8","73","112","1"
"hazelcast","c4feb143e90da0ac828ba9077c83e15a9d4fb4cd","hazelcast/src/main/java/com/hazelcast/cache/impl/client/CachePutRequest.java","2","0","1","8","75","112","1"
"hazelcast","23c8fa6ea06ea514d0009b6cb37f8af245bef892","hazelcast/src/main/java/com/hazelcast/cache/impl/client/CachePutRequest.java","2","0","1","8","77","114","0"
"elasticsearch","3ce7b119d28e7d1be7284bd804606a65c2d1a383","core/src/main/java/org/elasticsearch/index/mapper/VersionFieldMapper.java","2","0","1","8","94","143","1"
"elasticsearch","96f1739c0dafc067a289574296642219faca4673","core/src/main/java/org/elasticsearch/index/mapper/VersionFieldMapper.java","2","0","1","8","95","144","0"
"elasticsearch","bd574d92aed0566f0809b78321cd24add59fba59","core/src/main/java/org/elasticsearch/transport/local/LocalTransportChannel.java","2","0","1","8","99","140","0"
"orientdb","3e3e31f5afbc0081d11cb610a5d20ad2f6b362be","core/src/main/java/com/orientechnologies/orient/core/metadata/schema/OClassAbstractDelegate.java","2","0","1","84","370","481","1"
"oryx","0c6bf96eb475361ed45c4d7e54a970819e33802a","framework/oryx-common/src/test/java/com/cloudera/oryx/common/io/IOUtilsTest.java","2","0","1","9","111","155","0"
"elasticsearch","bcf8bc5993c1fc229a3360fb53527bf3828ffa1e","modules/elasticsearch/src/main/java/org/elasticsearch/discovery/zen/membership/MembershipAction.java","2","0","1","9","129","196","0"
"elasticsearch","ce88d7f9ab8932b0d0db32021c622c3f5a86cd6e","core/src/test/java/org/elasticsearch/rest/BytesRestResponseTests.java","2","0","1","9","132","181","2"
"hazelcast","b3851e9178c66524eb5e7a73bf7249af5f4dfe06","hazelcast-client/src/test/java/com/hazelcast/client/config/XmlClientConfigBuilderTest.java","2","0","1","9","140","192","0"
"orientdb","a717eb014a6d3a491ebbdb50ba7dcb77c1333102","core/src/test/java/com/orientechnologies/orient/core/tx/DuplicateDictionaryIndexChangesTxTest.java","2","0","1","9","143","235","0"
"elasticsearch","ea80b381c05a78c0b34609b4be402665284efaa6","src/test/java/org/elasticsearch/common/geo/ShapeBuilderTests.java","2","0","1","9","147","197","2"
"netty","227e67900e35f0d01fbf3f4aca86877aefa52d79","transport/src/test/java/io/netty/channel/CoalescingBufferQueueTest.java","2","0","1","9","186","230","0"
"neo4j","d77af35c42ec6e4dde313a5e50ea4b70e17a7143","enterprise/core-edge/src/test/java/org/neo4j/coreedge/raft/state/CoreStateTest.java","2","0","1","9","206","315","0"
"elasticsearch","513f25ae97b4895019c5afb81286f5bee93fc522","src/test/java/org/elasticsearch/mlt/MoreLikeThisActionTests.java","2","0","1","9","253","345","0"
"BroadleafCommerce","1c1207650f20f502eb97fcc72152b1aeaaea215c","admin/broadleaf-open-admin-platform/src/main/java/org/broadleafcommerce/openadmin/dto/ClassMetadata.java","2","0","1","9","48","90","1"
"hazelcast","3cc13b14fba6b8e6e2ab9149c8d17561a29c537f","hazelcast/src/main/java/com/hazelcast/collection/impl/queue/operations/ClearOperation.java","2","0","1","9","52","85","1"
"hazelcast","67235ce99477aeeecc86d225926b6456b7ceef20","hazelcast/src/main/java/com/hazelcast/collection/impl/queue/operations/ClearOperation.java","2","0","1","9","52","85","1"
"hazelcast","a46aa8502977bde24649cec3b52fbb065d6f480f","hazelcast/src/main/java/com/hazelcast/collection/impl/queue/operations/ClearOperation.java","2","0","1","9","52","85","1"
"hazelcast","e7c312280062991ae79e7194e151e12ea3aa2897","hazelcast/src/main/java/com/hazelcast/collection/impl/queue/operations/ClearOperation.java","2","0","1","9","52","85","0"
"hazelcast","42dd3075109d59f1b6847b7a6165b609299cc9d3","hazelcast-wm/src/main/java/com/hazelcast/web/entryprocessor/GetSessionStateEntryProcessor.java","2","0","1","9","53","88","1"
"hazelcast","69975a8df84795d2fbd45e45b1d169e13fcbf0b1","hazelcast-wm/src/main/java/com/hazelcast/web/entryprocessor/GetSessionStateEntryProcessor.java","2","0","1","9","53","89","1"
"hazelcast","42dd3075109d59f1b6847b7a6165b609299cc9d3","hazelcast-wm/src/main/java/com/hazelcast/web/entryprocessor/GetAttributeNamesEntryProcessor.java","2","0","1","9","54","89","1"
"hazelcast","84fa14858f7deb9c45eca8bc006836a2aa705e15","hazelcast-wm/src/main/java/com/hazelcast/web/entryprocessor/GetAttributeEntryProcessor.java","2","0","1","9","58","93","2"
"elasticsearch","d8cd75544536a211fa5c66e190aa4313213f0308","src/main/java/org/elasticsearch/search/aggregations/metrics/valuecount/InternalValueCount.java","2","0","1","9","64","102","1"
"hazelcast","3cc13b14fba6b8e6e2ab9149c8d17561a29c537f","hazelcast/src/main/java/com/hazelcast/collection/impl/queue/operations/RemoveOperation.java","2","0","1","9","66","101","1"
"hazelcast","67235ce99477aeeecc86d225926b6456b7ceef20","hazelcast/src/main/java/com/hazelcast/collection/impl/queue/operations/RemoveOperation.java","2","0","1","9","66","101","1"
"hazelcast","a46aa8502977bde24649cec3b52fbb065d6f480f","hazelcast/src/main/java/com/hazelcast/collection/impl/queue/operations/RemoveOperation.java","2","0","1","9","66","101","1"
"hazelcast","e7c312280062991ae79e7194e151e12ea3aa2897","hazelcast/src/main/java/com/hazelcast/collection/impl/queue/operations/RemoveOperation.java","2","0","1","9","66","101","0"
"hazelcast","f9e887588cfe646adc3ae3ec707de95cc5303706","hazelcast/src/main/java/com/hazelcast/queue/impl/tx/TxnReservePollOperation.java","2","0","1","9","67","102","0"
"hazelcast","3cc13b14fba6b8e6e2ab9149c8d17561a29c537f","hazelcast/src/main/java/com/hazelcast/collection/impl/queue/operations/DrainOperation.java","2","0","1","9","69","104","1"
"hazelcast","67235ce99477aeeecc86d225926b6456b7ceef20","hazelcast/src/main/java/com/hazelcast/collection/impl/queue/operations/DrainOperation.java","2","0","1","9","69","104","1"
"hazelcast","a46aa8502977bde24649cec3b52fbb065d6f480f","hazelcast/src/main/java/com/hazelcast/collection/impl/queue/operations/DrainOperation.java","2","0","1","9","69","104","1"
"hazelcast","e7c312280062991ae79e7194e151e12ea3aa2897","hazelcast/src/main/java/com/hazelcast/collection/impl/queue/operations/DrainOperation.java","2","0","1","9","69","104","0"
"hazelcast","0287d390022e68e3c252acac8db8e0dfc15ecbea","hazelcast/src/main/java/com/hazelcast/collection/impl/txnqueue/operations/TxnPollOperation.java","2","0","1","9","70","105","1"
"hazelcast","0287d390022e68e3c252acac8db8e0dfc15ecbea","hazelcast/src/main/java/com/hazelcast/collection/impl/txnqueue/operations/TxnOfferOperation.java","2","0","1","9","71","107","1"
"hazelcast","0d5f32b92330eb1b4d0a8f2e0c97d32341ec8970","hazelcast/src/main/java/com/hazelcast/queue/client/AddListenerRequest.java","2","0","1","9","72","108","0"
"elasticsearch","42134cca4d8e61b79b7362f975d092890eecba3a","core/src/test/java/org/elasticsearch/common/xcontent/XContentFactoryTests.java","2","0","1","9","72","122","0"
"hazelcast","0ac05fbba9ebc830c86fb2cfcf0abce6ee0310f1","hazelcast/src/main/java/com/hazelcast/executor/impl/client/TargetCallableRequest.java","2","0","1","9","75","109","2"
"hazelcast","5d76b88aee4b43cf38817aad18390e2f0f8d76c2","hazelcast/src/main/java/com/hazelcast/executor/impl/client/TargetCallableRequest.java","2","0","1","9","75","109","1"
"hazelcast","8076f2ff1d62876a4c31830873ff273c5529feb5","hazelcast/src/main/java/com/hazelcast/executor/impl/client/TargetCallableRequest.java","2","0","1","9","75","109","1"
"hazelcast","d1619d49557f0bb491b57b62b2eb361776594378","hazelcast/src/main/java/com/hazelcast/executor/impl/client/TargetCallableRequest.java","2","0","1","9","75","109","0"
"hazelcast","389c25b47e3424ed9556cca74928774f21c029c4","hazelcast/src/main/java/com/hazelcast/executor/impl/client/TargetCallableRequest.java","2","0","1","9","77","111","0"
"hazelcast","358e12c864a51acfb36b17e7672b67707b41307c","hazelcast/src/main/java/com/hazelcast/multimap/operations/client/AddEntryListenerRequest.java","2","0","1","9","78","112","1"
"hazelcast","6918d871867e783305828f93dcae0ebe92258829","hazelcast/src/main/java/com/hazelcast/executor/impl/client/TargetCallableRequest.java","2","0","1","9","79","113","2"
"hazelcast","0d5f32b92330eb1b4d0a8f2e0c97d32341ec8970","hazelcast/src/main/java/com/hazelcast/multimap/operations/client/AddEntryListenerRequest.java","2","0","1","9","81","115","0"
"hazelcast","5d76b88aee4b43cf38817aad18390e2f0f8d76c2","hazelcast/src/main/java/com/hazelcast/executor/impl/client/PartitionCallableRequest.java","2","0","1","9","81","116","1"
"hazelcast","8076f2ff1d62876a4c31830873ff273c5529feb5","hazelcast/src/main/java/com/hazelcast/executor/impl/client/PartitionCallableRequest.java","2","0","1","9","81","116","1"
"hazelcast","d772c4cb808f59338eb63bd34a65e1532916330a","hazelcast/src/main/java/com/hazelcast/executor/impl/client/PartitionCallableRequest.java","2","0","1","9","81","116","1"
"hazelcast","1d29d573a186ebd9cde1616224a08032aad61c8b","hazelcast/src/main/java/com/hazelcast/executor/impl/client/PartitionCallableRequest.java","2","0","1","9","81","116","0"
"hazelcast","d1619d49557f0bb491b57b62b2eb361776594378","hazelcast/src/main/java/com/hazelcast/executor/impl/client/PartitionCallableRequest.java","2","0","1","9","81","116","0"
"hazelcast","389c25b47e3424ed9556cca74928774f21c029c4","hazelcast/src/main/java/com/hazelcast/executor/impl/client/PartitionCallableRequest.java","2","0","1","9","83","118","0"
"elasticsearch","8f087e802dcb8a6dfcd49213502efdfc36b4681b","src/main/java/org/elasticsearch/cluster/action/index/NodeMappingRefreshAction.java","2","0","1","9","87","131","1"
"netty","eb23c9d27c84ab7cf2c33f28d2b761673a41b435","codec-http/src/main/java/io/netty/handler/codec/http/websocketx/WebSocketClientHandshaker.java","2","0","10","0","55","152","0"
"elasticsearch","164efaecbe42195f08ada58b5fde927ab21fc6e7","core/src/test/java/org/elasticsearch/transport/netty/NettyTransportTests.java","2","0","11","0","76","131","0"
"hazelcast","30a5a07f7bb931038354584f4e49fe355b21ee32","hazelcast-wm/src/main/java/com/hazelcast/web/LocalCacheEntry.java","2","0","11","1","43","127","1"
"hazelcast","835ad6b42ede4b5ce7092db1339487377f1ac199","hazelcast-wm/src/main/java/com/hazelcast/web/LocalCacheEntry.java","2","0","12","0","41","130","1"
"hazelcast","e11600a8a909758ea6614352ca1848e71219b06f","hazelcast-wm/src/main/java/com/hazelcast/web/LocalCacheEntry.java","2","0","12","0","41","130","2"
"hazelcast","69975a8df84795d2fbd45e45b1d169e13fcbf0b1","hazelcast-wm/src/main/java/com/hazelcast/web/LocalCacheEntry.java","2","0","12","0","41","130","0"
"hazelcast","249e7d64161e769e5586d25f57789d78c8086d27","hazelcast-wm/src/main/java/com/hazelcast/web/LocalCacheEntry.java","2","0","12","1","46","136","0"
"elasticsearch","4a6f3c78408c316d9f6f212d2664adda13c54a44","core/src/test/java/org/elasticsearch/gateway/PrimaryShardAllocatorTests.java","2","0","12","4","261","365","0"
"elasticsearch","28109a18a2dc1f30207d09bdfb2148e8d7906337","core/src/test/java/org/elasticsearch/gateway/PrimaryShardAllocatorTests.java","2","0","12","4","269","373","1"
"netty","8271c8afccf7eb21bf6f994b5f3565f6d55bdee4","codec-dns/src/main/java/io/netty/handler/codec/dns/DnsResponseHeader.java","2","0","12","4","70","169","0"
"elasticsearch","8dff55c79efaa62346be63b269d5ca3b5676d41d","modules/elasticsearch/src/main/java/org/elasticsearch/index/engine/Engine.java","2","0","13","128","458","678","0"
"mcMMO","00279502e486f9244953cad60fab4a791f51e53b","src/main/java/com/gmail/nossr50/config/AdvancedConfig.java","2","0","13","77","105","155","0"
"neo4j","6f1ada5aaa5bb07edf94f944d05b0548602956f2","enterprise/ha/src/main/java/org/neo4j/kernel/ha/HighAvailabilityConsoleLogger.java","2","0","14","1","90","199","0"
"netty","8271c8afccf7eb21bf6f994b5f3565f6d55bdee4","codec-dns/src/main/java/io/netty/handler/codec/dns/DnsHeader.java","2","0","15","0","67","195","0"
"mcMMO","ce4295289a55564601c79c433a9f3894aa4242c4","src/main/java/com/gmail/nossr50/config/AdvancedConfig.java","2","0","17","182","212","294","1"
"elasticsearch","8c6ba59b83ec750fe118174c4d5b255c4b7f2170","src/main/java/org/elasticsearch/index/mapper/FieldMapper.java","2","0","18","19","84","204","2"
"elasticsearch","a18f47e62e426885de82584e5536f5f20d252d49","src/main/java/org/elasticsearch/index/mapper/FieldMapper.java","2","0","18","21","86","208","0"
"hazelcast","01a1917b933b53110abe9d385f3059132b5bfee0","hazelcast/src/main/java/com/hazelcast/config/ReplicatedMapConfig.java","2","0","18","6","115","307","1"
"hazelcast","48fe86f269cf993be4e3e679bdb0938ee53b818e","hazelcast/src/main/java/com/hazelcast/config/ReplicatedMapConfig.java","2","0","18","7","127","319","0"
"hazelcast","a370460060023a958af214df410c6dab393cf67c","hazelcast/src/main/java/com/hazelcast/config/RingbufferConfig.java","2","0","19","1","144","357","1"
"elasticsearch","b1cef5fdf8e1f8e9982a4724986b2731ca4d522b","core/src/main/java/org/elasticsearch/search/aggregations/bucket/range/date/DateRangeAggregationBuilder.java","2","0","19","3","104","269","1"
"elasticsearch","bb3a59fa705f5276143f7e9b8e1f06ef519987e6","core/src/main/java/org/elasticsearch/search/aggregations/bucket/range/date/DateRangeAggregationBuilder.java","2","0","19","4","121","293","1"
"elasticsearch","149ef74b26bb33d3a1d3c1c45c481a01345cd764","core/src/main/java/org/elasticsearch/search/aggregations/bucket/range/date/DateRangeAggregationBuilder.java","2","0","19","4","123","295","0"
"elasticsearch","73d84e4797441670c259c3916a5e3b42552725b0","core/src/main/java/org/elasticsearch/bootstrap/Elasticsearch.java","2","0","2","0","11","42","2"
"BroadleafCommerce","1da50e8d41f90a9ef84e26a97845dc812fbc27ad","common/src/main/java/org/broadleafcommerce/common/util/HibernateUtils.java","2","0","2","0","13","48","0"
"netty","2304913341ef3f239e5509a46921a5c65bbbe360","transport/src/main/java/io/netty/channel/AbstractChannelSink.java","2","0","2","0","15","50","2"
"elasticsearch","87737d3e02e5727cfe035068bfca5f3e5af13978","core/src/main/java/org/elasticsearch/bootstrap/Elasticsearch.java","2","0","2","0","15","57","0"
"BroadleafCommerce","33b32c1cf4476c10a26b626ee988dddaab556e4a","core/broadleaf-profile/src/main/java/org/broadleafcommerce/profile/core/domain/CustomerPersistedEntityListener.java","2","0","2","0","21","62","1"
"BroadleafCommerce","4fb0cb0d56c6127bc9c41d4814f59f9041a7d338","core/broadleaf-profile/src/main/java/org/broadleafcommerce/profile/core/domain/CustomerPersistedEntityListener.java","2","0","2","0","21","62","1"
"BroadleafCommerce","c648eca7d16c18a9cd5d5ef40971942a691bf230","core/broadleaf-profile/src/main/java/org/broadleafcommerce/profile/core/domain/CustomerPersistedEntityListener.java","2","0","2","0","21","62","0"
"BroadleafCommerce","c648eca7d16c18a9cd5d5ef40971942a691bf230","core/broadleaf-framework/src/main/java/org/broadleafcommerce/core/order/domain/OrderPersistedEntityListener.java","2","0","2","0","21","63","0"
"elasticsearch","889db1c824d8c573835e8cbadd0c6f3ba25f8fcd","src/main/java/org/elasticsearch/discovery/zen/ZenDiscoveryModule.java","2","0","2","0","27","59","1"
"elasticsearch","41d8fbe8f51abd499c9b497238bc5f2141b7926b","plugins/site-example/src/test/java/org/elasticsearch/example/SiteContentsIT.java","2","0","2","0","30","59","1"
"elasticsearch","164efaecbe42195f08ada58b5fde927ab21fc6e7","plugins/site-example/src/test/java/org/elasticsearch/example/SiteContentsIT.java","2","0","2","0","31","60","0"
"elasticsearch","12d9268db256b728e8d334801739fb46167902b6","src/main/java/org/apache/lucene/util/packed/XPagedGrowableWriter.java","2","0","2","0","34","80","0"
"hazelcast","1820521d56d53c30e9732a7c1a10ceb80c793e1b","hazelcast/src/test/java/com/hazelcast/nio/UTFEncoderDecoderStringCreatorTest.java","2","0","2","0","39","78","1"
"hazelcast","34d6bf4fbfe084b9ed686436b9f93cfd96ec274c","hazelcast/src/test/java/com/hazelcast/nio/UTFEncoderDecoderStringCreatorTest.java","2","0","2","0","39","78","1"
"hazelcast","ac5b83fa361936725195ff51d7e8d87ac231a9f8","hazelcast/src/test/java/com/hazelcast/nio/UTFEncoderDecoderStringCreatorTest.java","2","0","2","0","39","78","0"
"BroadleafCommerce","abae60151f6416aa4cbf8f37615189b14464b79c","admin/broadleaf-open-admin-platform/src/main/java/org/broadleafcommerce/openadmin/web/controller/entity/AdminBasicOperationsController.java","2","0","2","0","48","94","1"
"elasticsearch","a6510f924520d8cdda2636ac85a1a1e43f6dfb8c","src/main/java/org/elasticsearch/repositories/fs/FsRepository.java","2","0","2","0","55","116","0"
"elasticsearch","7f5befd95e19badf8b911df5c28a08613b0a9cd0","src/main/java/org/elasticsearch/repositories/fs/FsRepository.java","2","0","2","0","57","118","1"
"netty","58b968b6036dc194dce5a3e70d05d493b2fb6b58","transport/src/main/java/io/netty/channel/ChannelOption.java","2","0","2","0","66","111","0"
"netty","1f27c3b39060e544b4d3aaf05b700dd5c433a0cd","transport/src/main/java/io/netty/channel/ChannelOption.java","2","0","2","0","68","113","0"
"netty","f40a3f34b17633b884f3d35dc2eb43d0810a0cfa","transport/src/main/java/io/netty/channel/ChannelOption.java","2","0","2","0","70","115","0"
"netty","ae904a1f56d80cb3f4ad160006c05319e73d173a","transport/src/main/java/io/netty/channel/ChannelOption.java","2","0","2","0","75","120","1"
"hazelcast","2b6f18456c37d310e7679071b8c91c7df48c679d","hazelcast/src/main/java/com/hazelcast/map/impl/operation/MapOperationProviders.java","2","0","2","1","16","50","1"
"elasticsearch","7cc2bc8a145456297e7e33a2c22f5ea4b778e04e","src/main/java/org/elasticsearch/common/lucene/search/ResolvableFilter.java","2","0","2","1","18","52","0"
"netty","71efb0b39e4410001abb9d96c6a87316a567c16f","common/src/main/java/io/netty/util/internal/logging/Slf4JLoggerFactory.java","2","0","2","1","20","50","0"
"netty","6765e9f99db352a7f814e10d77338760432db155","transport/src/main/java/io/netty/channel/FixedRecvByteBufAllocator.java","2","0","2","1","25","56","1"
"neo4j","68f646b3b1f07b9f59b7586561fa5d434eabd888","community/kernel/src/main/java/org/neo4j/kernel/api/exceptions/KernelException.java","2","0","2","1","26","54","0"
"netty","f3dd4101425165496490f9c975ca2e556773c663","transport/src/main/java/io/netty/channel/FixedRecvByteBufAllocator.java","2","0","2","1","26","57","0"
"oryx","8de37c9b69a6688bc4af8f1d3601161a942aff58","framework/oryx-common/src/main/java/com/cloudera/oryx/common/lang/OryxShutdownHook.java","2","0","2","1","29","63","0"
"netty","0f6559d188f46be591902091f8150ad36c655c4f","transport/src/main/java/io/netty/channel/ChannelInitializer.java","2","0","2","1","30","89","0"
"elasticsearch","3d329e3ba06075e0cb5acf39968dde68cee954a8","core/src/test/java/org/elasticsearch/common/util/concurrent/PrioritizedRunnableTests.java","2","0","2","1","33","70","0"
"neo4j","e759164397885e88c76737ef74756d904667694c","community/bolt/src/main/java/org/neo4j/bolt/v1/messaging/BoltResponseMessage.java","2","0","2","1","34","75","0"
"neo4j","e759164397885e88c76737ef74756d904667694c","community/bolt/src/main/java/org/neo4j/bolt/v1/messaging/BoltRequestMessage.java","2","0","2","1","36","77","0"
"BroadleafCommerce","8337f1988b085979aef4881731cacaa39b1de71e","admin/broadleaf-admin-module/src/main/java/org/broadleafcommerce/admin/web/controller/entity/AdminOfferController.java","2","0","2","1","40","76","1"
"netty","b533a1361bbbc457c974ca365f8293ec27ffda1c","transport/src/main/java/io/netty/channel/ChannelOption.java","2","0","2","1","55","107","0"
"hazelcast","70d4de16ff0ac4518d09aad8c9f2ad9e782fb337","hazelcast/src/test/java/com/hazelcast/collection/impl/queue/QueueEvictionTest.java","2","0","2","1","57","74","1"
"elasticsearch","4e5714b31fe3d3b9fdedb18064253fa50b79bcc0","src/main/java/org/elasticsearch/search/aggregations/AggregationModule.java","2","0","2","1","63","99","0"
"elasticsearch","f2be8d83dcdfc0787ccc7dfd4cd02f4a983b90e6","src/main/java/org/elasticsearch/search/aggregations/AggregationModule.java","2","0","2","1","81","117","1"
"elasticsearch","78574d248cf10dad1c5a566fda79e1e0c94afe43","core/src/main/java/org/elasticsearch/action/admin/indices/stats/ShardStats.java","2","0","2","10","101","143","1"
"elasticsearch","e6aaaf11ed4a1b8f595f920de1840938eddb7a97","core/src/main/java/org/elasticsearch/action/admin/indices/stats/ShardStats.java","2","0","2","10","101","143","1"
"elasticsearch","56cc87b7ccd41040d8fafcaf2da3680d96d10839","core/src/main/java/org/elasticsearch/action/admin/indices/stats/ShardStats.java","2","0","2","10","101","143","0"
"BroadleafCommerce","72576fdfe516d7fcad266362c0160430c3ff2a75","admin/broadleaf-open-admin-platform/src/main/java/org/broadleafcommerce/openadmin/dto/ClassMetadata.java","2","0","2","10","55","106","0"
"netty","8271c8afccf7eb21bf6f994b5f3565f6d55bdee4","codec-dns/src/main/java/io/netty/handler/codec/dns/DnsResponse.java","2","0","2","10","63","101","0"
"elasticsearch","1e7c42447999421ea789d51279496017d34b15d0","core/src/main/java/org/elasticsearch/index/shard/ShadowIndexShard.java","2","0","2","11","92","145","0"
"elasticsearch","1f04182b8164ffb19f3805c48d67f0375262b317","core/src/main/java/org/elasticsearch/indices/recovery/RecoveryFileChunkRequest.java","2","0","2","14","107","153","0"
"antlr4","6fe7154c44950af59da3ca393e8b2f2aaec151b1","tool/test/org/antlr/v4/test/TestLeftRecursion.java","2","0","2","14","382","452","2"
"elasticsearch","73307a2144fbdf63c551eeccdc7e93dc30e59a92","core/src/test/java/org/elasticsearch/action/bulk/BulkRequestTests.java","2","0","2","16","247","295","1"
"elasticsearch","3aed047bdedde1bda189cbfc2f81e65af42e57c5","core/src/test/java/org/elasticsearch/search/aggregations/metrics/MaxIT.java","2","0","2","16","303","397","0"
"elasticsearch","4bce7271659889d839388d7df5c61a6d2a5c3c7a","core/src/test/java/org/elasticsearch/search/query/SimpleQueryStringIT.java","2","0","2","16","453","574","0"
"elasticsearch","9a3216dfee351e3dca63d4d0c9845575f1d6ad1f","core/src/test/java/org/elasticsearch/search/query/SimpleQueryStringIT.java","2","0","2","16","457","580","2"
"elasticsearch","5e6eb987bc08ff8c9bac427924e8611425a97aa7","core/src/main/java/org/elasticsearch/index/mapper/ParsedDocument.java","2","0","2","16","84","139","1"
"elasticsearch","5d6c9b0745aeb19695bf575601de0f79bbf02ec5","core/src/main/java/org/elasticsearch/index/mapper/ParsedDocument.java","2","0","2","16","86","141","0"
"elasticsearch","3aed047bdedde1bda189cbfc2f81e65af42e57c5","core/src/test/java/org/elasticsearch/search/aggregations/metrics/MinIT.java","2","0","2","17","306","410","0"
"elasticsearch","5910b17ece360ab03cb86cbfa46bd822c6e0da6b","src/test/java/org/elasticsearch/common/geo/ShapeBuilderTests.java","2","0","2","17","358","447","1"
"elasticsearch","47f92d7c621eb0b0e4cf350ae21c8553592a324f","core/src/test/java/org/elasticsearch/search/query/SimpleQueryStringIT.java","2","0","2","17","470","596","1"
"hazelcast","8a4364b60b5a4274ab87081d259cd1fdbd424c16","hazelcast/src/main/java/com/hazelcast/map/impl/MapService.java","2","0","2","19","165","243","1"
"elasticsearch","06667c6aa898895acd624b8a71a6e00ff7ae32b8","src/test/java/org/elasticsearch/common/geo/ShapeBuilderTests.java","2","0","2","19","428","538","0"
"neo4j","8a31284a00600fe653939a9b2206e0382deded40","enterprise/kernel/src/main/java/org/neo4j/kernel/enterprise/api/security/EnterpriseAuthSubject.java","2","0","2","2","100","146","0"
"neo4j","b070962e9b00726d50df951106225fa252b7efeb","enterprise/kernel/src/main/java/org/neo4j/kernel/enterprise/api/security/EnterpriseAuthSubject.java","2","0","2","2","100","146","0"
"neo4j","c53aab6d4de8c83eda42c64474ec13aa7ecb25f3","enterprise/kernel/src/main/java/org/neo4j/kernel/enterprise/api/security/EnterpriseAuthSubject.java","2","0","2","2","100","146","1"
"elasticsearch","42134cca4d8e61b79b7362f975d092890eecba3a","core/src/test/java/org/elasticsearch/action/update/UpdateRequestTests.java","2","0","2","2","136","182","1"
"elasticsearch","bd059b8cc3c8e28a5a9866621f96e3c36f9a8ee7","core/src/test/java/org/elasticsearch/action/update/UpdateRequestTests.java","2","0","2","2","137","183","1"
"elasticsearch","3d13c27fa0df12018f35f1b20987c90277e9b6f9","core/src/main/java/org/elasticsearch/common/ParseFieldMatcher.java","2","0","2","2","22","61","1"
"hazelcast","2af1892404170b7d0c65a9558f90e6d241fcf3ba","hazelcast-client/src/main/java/com/hazelcast/client/connection/DummyClientConnectionManager.java","2","0","2","2","23","58","1"
"elasticsearch","23049526471c750023e9b02d7ec4d20c31a56002","core/src/main/java/org/elasticsearch/search/aggregations/metrics/MetricsAggregationBuilder.java","2","0","2","2","26","60","0"
"orientdb","46bbcabde62c2b9e61ebaf45dc23f16d9dee7f02","object/src/main/java/com/orientechnologies/orient/object/jpa/parsing/PersistenceXml.java","2","0","2","2","26","68","1"
"orientdb","136db63960bbf53514691bf5a0bb8361a5ea5361","object/src/main/java/com/orientechnologies/orient/object/jpa/parsing/PersistenceXml.java","2","0","2","2","27","69","0"
"netty","31b319a5dc531d8c02c400d312ab9e85e90e614b","src/main/java/org/jboss/netty/channel/socket/oio/OioDatagramChannelFactory.java","2","0","2","2","28","107","1"
"netty","56462ef91a6481c2926dbebadebc114c08a81a8b","src/main/java/org/jboss/netty/channel/socket/oio/OioDatagramChannelFactory.java","2","0","2","2","28","107","1"
"netty","220d95fe0d396821f08329fffd96edc1b47c37c1","src/main/java/org/jboss/netty/channel/socket/oio/OioDatagramChannelFactory.java","2","0","2","2","28","107","0"
"netty","31b319a5dc531d8c02c400d312ab9e85e90e614b","src/main/java/org/jboss/netty/channel/socket/oio/OioClientSocketChannelFactory.java","2","0","2","2","28","108","1"
"netty","56462ef91a6481c2926dbebadebc114c08a81a8b","src/main/java/org/jboss/netty/channel/socket/oio/OioClientSocketChannelFactory.java","2","0","2","2","28","108","1"
"netty","220d95fe0d396821f08329fffd96edc1b47c37c1","src/main/java/org/jboss/netty/channel/socket/oio/OioClientSocketChannelFactory.java","2","0","2","2","28","108","0"
"netty","65686b6c83ef289a696a5d10b1ce2d58399700c1","codec/src/main/java/io/netty/handler/codec/ByteToMessageCodec.java","2","0","2","2","70","149","0"
"netty","fbf853375982acdddf5be676b1c647182b2d210c","codec/src/main/java/io/netty/handler/codec/ByteToMessageCodec.java","2","0","2","2","71","150","0"
"elasticsearch","3e32dd985aabfa5ee653b26bcb6ff97c74a426a2","src/main/java/org/elasticsearch/index/shard/ShadowIndexShard.java","2","0","2","2","80","118","0"
"elasticsearch","99714ee1bd991fed204620c32e9f59a323018d2f","src/main/java/org/elasticsearch/index/shard/ShadowIndexShard.java","2","0","2","2","81","119","2"
"hazelcast","cd3ffe1c1d220ddb145e3ec21aba5614cf1973e9","hazelcast-client/src/test/java/com/hazelcast/client/ListenerTest.java","2","0","2","2","87","124","0"
"elasticsearch","f37815a53bb739bc34381e2b7905760b7cae43f8","src/main/java/org/elasticsearch/search/aggregations/AggregationModule.java","2","0","2","2","89","126","0"
"neo4j","2dce9b701631b41aa14f4d8ff186c708b57abd1e","enterprise/kernel/src/main/java/org/neo4j/kernel/enterprise/api/security/EnterpriseAuthSubject.java","2","0","2","2","96","141","1"
"elasticsearch","e40409dd7f910c237e52c13394f8b150865e6389","core/src/main/java/org/elasticsearch/index/mapper/Mapper.java","2","0","2","21","94","152","1"
"elasticsearch","e0aa481bf5426aeb12076f6b1346357073374f05","core/src/main/java/org/elasticsearch/index/mapper/Mapper.java","2","0","2","24","113","179","0"
"MapDB","c52c45e4111f110e495ea8d30e466e8452972c19","src/main/java/org/mapdb/DBException.java","2","0","2","27","84","115","2"
"neo4j","e7b3407f3dfe22e4029042512fbf88c2d60aa94d","enterprise/cluster/src/main/java/org/neo4j/cluster/MultiPaxosServerFactory.java","2","0","2","3","191","250","1"
"neo4j","a2206e2451ffe226128a69a43f7f1f59409a0217","enterprise/cluster/src/main/java/org/neo4j/cluster/MultiPaxosServerFactory.java","2","0","2","3","207","266","0"
"elasticsearch","800d4624c8ed06bcc7c864513f4c698b61a0b0e9","src/main/java/org/elasticsearch/cluster/routing/PlainShardIterator.java","2","0","2","3","24","64","0"
"elasticsearch","3aa72f27382dc5a6180b390eaafcff96c3fd7f1f","src/main/java/org/elasticsearch/index/query/functionscore/random/RandomScoreFunctionBuilder.java","2","0","2","3","25","61","1"
"elasticsearch","f1f50ac4231d0595758761aee811b938818ba7fe","src/main/java/org/elasticsearch/index/query/functionscore/random/RandomScoreFunctionBuilder.java","2","0","2","3","25","61","1"
"elasticsearch","65afa1d93b702c842479100c9e5e738a2efe73eb","src/main/java/org/elasticsearch/index/query/functionscore/random/RandomScoreFunctionBuilder.java","2","0","2","3","25","61","0"
"elasticsearch","25fd9e26c4fb042d6f6dea14efcd239577bdbbc4","core/src/main/java/org/elasticsearch/action/admin/indices/create/CreateIndexResponse.java","2","0","2","3","34","72","0"
"elasticsearch","0b79ba9493a57ac0b852cd60f9cad8ce275b8687","src/main/java/org/elasticsearch/action/suggest/SuggestResponse.java","2","0","2","3","46","83","0"
"elasticsearch","0efa78710b4ff36dcf50457a4ec16090bc96787b","src/main/java/org/elasticsearch/action/suggest/SuggestResponse.java","2","0","2","3","48","84","0"
"elasticsearch","371c73e14023917f3892090d2d3d7ff9ac1216b9","core/src/main/java/org/elasticsearch/cluster/routing/allocation/command/BasePrimaryAllocationCommand.java","2","0","2","3","55","101","3"
"elasticsearch","78574d248cf10dad1c5a566fda79e1e0c94afe43","core/src/main/java/org/elasticsearch/cluster/routing/allocation/command/BasePrimaryAllocationCommand.java","2","0","2","3","55","101","2"
"elasticsearch","e6aaaf11ed4a1b8f595f920de1840938eddb7a97","core/src/main/java/org/elasticsearch/cluster/routing/allocation/command/BasePrimaryAllocationCommand.java","2","0","2","3","55","101","2"
"elasticsearch","a60b8948ba1d836a6eac7cff095519e618939ed8","core/src/main/java/org/elasticsearch/cluster/routing/allocation/command/BasePrimaryAllocationCommand.java","2","0","2","3","55","101","0"
"elasticsearch","f64065c9d2b167bc3e9b74d31085c3694f221d81","src/test/java/org/elasticsearch/test/integration/indices/mapping/UpdateMappingTests.java","2","0","2","3","77","104","0"
"elasticsearch","d8f16178d3f21b4f9d17da12e7aa61613fc2c27a","src/test/java/org/elasticsearch/common/io/FileSystemUtilsTests.java","2","0","2","3","88","138","1"
"elasticsearch","8a0d71924c7e554546c8b3b81dfdc2e0b9670a2e","modules/transport-netty4/src/test/java/org/elasticsearch/http/netty4/Netty4HttpServerTransportTests.java","2","0","2","3","94","132","1"
"MapDB","327d0162f6159f54fe6d3820ab3b2834a33cd87b","src/main/java/org/mapdb/DBException.java","2","0","2","31","94","128","1"
"neo4j","cc70fd2dec3bdb31ecd79c7e164b1b11b85a77c2","community/neo4j-harness/src/test/java/org/neo4j/harness/JavaProceduresTest.java","2","0","2","34","261","341","1"
"MapDB","a86151e6a26c06b7c00ec9d42a181cf0506b3eb3","src/main/java/org/mapdb/DBException.java","2","0","2","38","112","152","2"
"MapDB","72649e80593c3f1fa476c951397a2c9dca467a9c","src/main/java/org/mapdb/DBException.java","2","0","2","38","113","152","1"
"elasticsearch","a6510f924520d8cdda2636ac85a1a1e43f6dfb8c","src/test/java/org/elasticsearch/common/io/FileSystemUtilsTests.java","2","0","2","4","100","153","0"
"elasticsearch","046abdc281c321cd2128ee7684c0edfcaca07203","core/src/test/java/org/elasticsearch/search/aggregations/bucket/DateHistogramOffsetIT.java","2","0","2","4","113","171","3"
"elasticsearch","22e63b478306fb3cab6ba8967db6e1f2b73cdfd8","core/src/test/java/org/elasticsearch/search/aggregations/bucket/DateHistogramOffsetIT.java","2","0","2","4","113","171","2"
"elasticsearch","a0818d3b876216c7882b3f6b14c613173409c06c","core/src/test/java/org/elasticsearch/search/aggregations/bucket/DateHistogramOffsetIT.java","2","0","2","4","113","171","2"
"elasticsearch","d84c643f5880a88d2e5c38b487123161f3e01fe0","core/src/test/java/org/elasticsearch/search/aggregations/bucket/DateHistogramOffsetIT.java","2","0","2","4","113","171","1"
"elasticsearch","e74d02138f02a66331b2611b5e70a908bb49cb97","core/src/test/java/org/elasticsearch/search/aggregations/bucket/DateHistogramOffsetIT.java","2","0","2","4","113","171","0"
"elasticsearch","9080f51340b1b26f8bd171b4c82de8d87ad42b55","core/src/test/java/org/elasticsearch/search/aggregations/bucket/DateHistogramOffsetIT.java","2","0","2","4","115","173","2"
"elasticsearch","db541d6fbe3daecec91bb7701aacfcd284662c2a","core/src/test/java/org/elasticsearch/search/aggregations/bucket/DateHistogramOffsetIT.java","2","0","2","4","118","177","2"
"elasticsearch","5f4dc5433e6ca3d4b2e0902d758d402b112f88f5","src/test/java/org/elasticsearch/test/integration/indices/mapping/UpdateMappingTests.java","2","0","2","4","121","164","0"
"elasticsearch","4b25e6b63e67bd5ebf42c8a62faf7ac12dbea5ec","src/test/java/org/elasticsearch/test/integration/indices/mapping/UpdateMappingTests.java","2","0","2","4","124","169","0"
"elasticsearch","ab6163898fd8c83dda01b6eb4dd42e1f900f393b","src/test/java/org/elasticsearch/test/integration/indices/mapping/UpdateMappingTests.java","2","0","2","4","134","182","0"
"elasticsearch","149629fec657e9948488195087f30583cd561f11","core/src/main/java/org/elasticsearch/cluster/routing/PlainShardIterator.java","2","0","2","4","28","68","0"
"elasticsearch","2ed1f7a3390420835f9b270d20c5d512ba197827","core/src/main/java/org/elasticsearch/cluster/routing/PlainShardIterator.java","2","0","2","4","28","69","1"
"elasticsearch","4a3e5b63484c922225c47404a06e415d11c09e2f","modules/elasticsearch/src/main/java/org/elasticsearch/cache/NodeCache.java","2","0","2","4","37","72","0"
"orientdb","21dce961ef7c05042005bc5e56ff656c03ef0e4a","etl/src/test/java/com/orientechnologies/orient/etl/transformer/OVertexTransformerTest.java","2","0","2","4","53","90","0"
"hazelcast","53ac704622b1288dce7f6ad9594178b7b0108e33","hazelcast/src/main/java/com/hazelcast/internal/adapter/DataStructureAdapter.java","2","0","2","40","118","187","1"
"hazelcast","879cf4ddd645191f0cae75aa72e9d43df6e142a8","hazelcast/src/main/java/com/hazelcast/internal/adapter/DataStructureAdapter.java","2","0","2","42","122","193","0"
"elasticsearch","12392b5425fe7c96da671affd797f65fc3fa2dc9","modules/transport-netty4/src/test/java/org/elasticsearch/http/netty4/Netty4HttpServerTransportTests.java","2","0","2","5","118","158","0"
"elasticsearch","f5542ed47fede3d086477995afbc6b330ff71d3e","modules/transport-netty4/src/test/java/org/elasticsearch/http/netty4/Netty4HttpServerTransportTests.java","2","0","2","5","119","159","1"
"elasticsearch","0a69f1e283e26e5d9e6a000b68b9f4778de557a1","modules/lang-mustache/src/test/java/org/elasticsearch/messy/tests/TemplateQueryParserTests.java","2","0","2","5","162","216","2"
"elasticsearch","5a64f08f048461a63a0ca1354a5050c954e63d52","modules/lang-mustache/src/test/java/org/elasticsearch/messy/tests/TemplateQueryParserTests.java","2","0","2","5","165","219","0"
"netty","c22f1aa4acad4234623c31121f33b2b2f3afffc5","codec-http2/src/test/java/io/netty/handler/codec/http2/UniformStreamByteDistributorTest.java","2","0","2","5","176","244","3"
"elasticsearch","ebbd00acc26ff575a485a0aa729086258a85dd67","src/test/java/org/elasticsearch/test/integration/indices/mapping/UpdateMappingTests.java","2","0","2","5","181","240","2"
"BroadleafCommerce","c03ec4aa279d1cdd65a37d965e8ea470aefd86ba","common/src/main/java/org/broadleafcommerce/common/resource/GeneratedResource.java","2","0","2","5","30","70","0"
"elasticsearch","3851093483aeab0908e84b1d81e696d7cdfe862b","core/src/main/java/org/elasticsearch/index/shard/ShadowIndexShard.java","2","0","2","5","44","86","3"
"elasticsearch","a895349be5c62bc5a59055f321b974d225b1c75f","src/main/java/org/elasticsearch/index/percolator/stats/ShardPercolateService.java","2","0","2","5","54","102","1"
"neo4j","c53aab6d4de8c83eda42c64474ec13aa7ecb25f3","community/bolt/src/main/java/org/neo4j/bolt/v1/messaging/BoltResponseMessageWriter.java","2","0","2","5","59","106","1"
"elasticsearch","07fe08f004269e37ca63da8c03dfb2de7b4a11e0","core/src/test/java/org/elasticsearch/common/logging/log4j/LoggingConfigurationTests.java","2","0","2","6","145","194","1"
"elasticsearch","0105b651607b1587521184ac4508440349db1fe5","src/test/java/org/elasticsearch/update/UpdateNoopTests.java","2","0","2","6","191","238","1"
"hazelcast","21c679e8a1c8226ecb3d7597b48a6bbd2d011a52","hazelcast-wm/src/main/java/com/hazelcast/web/SessionAttributePredicate.java","2","0","2","6","40","72","1"
"hazelcast","5aa58b497cf248596c24b6e8ce3e05c35a87d498","hazelcast-wm/src/main/java/com/hazelcast/web/SessionAttributePredicate.java","2","0","2","6","40","72","1"
"hazelcast","a36ac6ede30616fc2b702bdd7d0d164df0888372","hazelcast-wm/src/main/java/com/hazelcast/web/SessionAttributePredicate.java","2","0","2","6","40","72","0"
"elasticsearch","7e53123f1f5539b2466bb9e3666114cb5a613441","core/src/main/java/org/elasticsearch/index/shard/ShadowIndexShard.java","2","0","2","6","49","92","2"
"elasticsearch","5341404f014fbfd0c0b67c61546df38625d9b4ad","core/src/main/java/org/elasticsearch/index/shard/ShadowIndexShard.java","2","0","2","6","55","98","1"
"elasticsearch","baa2d51e599bdb901e472d15cc0251e6712c1d25","core/src/main/java/org/elasticsearch/index/shard/ShadowIndexShard.java","2","0","2","6","61","104","0"
"elasticsearch","14d37baa4bcbae00896d8aa69f6b52aab7ba5e14","core/src/main/java/org/elasticsearch/index/shard/ShadowIndexShard.java","2","0","2","6","63","106","1"
"neo4j","b070962e9b00726d50df951106225fa252b7efeb","community/bolt/src/main/java/org/neo4j/bolt/v1/messaging/BoltResponseMessageWriter.java","2","0","2","6","65","113","0"
"elasticsearch","046abdc281c321cd2128ee7684c0edfcaca07203","core/src/main/java/org/elasticsearch/index/shard/ShadowIndexShard.java","2","0","2","6","68","113","3"
"elasticsearch","c416b23739f87a25bee9d04d9a6487703ae68edc","core/src/test/java/org/elasticsearch/cluster/settings/SettingsFilteringIT.java","2","0","2","6","75","113","0"
"netty","78586a99b6c23dc7f847838aaae6be70d6d7ca9b","codec/src/main/java/io/netty/handler/codec/ByteToMessageCodec.java","2","0","2","6","92","176","0"
"netty","9aac6dac2e934c7fdcca234607afbd2595b4aebe","codec/src/main/java/io/netty/handler/codec/ByteToMessageCodec.java","2","0","2","6","92","176","0"
"netty","fd2e142e745b8e99983d74c71a0fd3574449e188","codec/src/main/java/io/netty/handler/codec/ByteToMessageCodec.java","2","0","2","6","92","176","1"
"elasticsearch","537769c225c9bfe883cb0d8fd7f3b706581115f2","src/main/java/org/elasticsearch/cluster/DiskUsage.java","2","0","2","7","40","79","0"
"elasticsearch","78574d248cf10dad1c5a566fda79e1e0c94afe43","core/src/main/java/org/elasticsearch/action/index/IndexResponse.java","2","0","2","7","58","101","1"
"elasticsearch","b208a7dbaeeb269e6d1e121f46a29cb6b0f8004f","core/src/main/java/org/elasticsearch/action/index/IndexResponse.java","2","0","2","7","58","101","1"
"elasticsearch","e6aaaf11ed4a1b8f595f920de1840938eddb7a97","core/src/main/java/org/elasticsearch/action/index/IndexResponse.java","2","0","2","7","58","101","1"
"elasticsearch","a60b8948ba1d836a6eac7cff095519e618939ed8","core/src/main/java/org/elasticsearch/action/delete/DeleteResponse.java","2","0","2","7","58","101","0"
"elasticsearch","78574d248cf10dad1c5a566fda79e1e0c94afe43","core/src/main/java/org/elasticsearch/action/delete/DeleteResponse.java","2","0","2","7","58","102","1"
"elasticsearch","a60b8948ba1d836a6eac7cff095519e618939ed8","core/src/main/java/org/elasticsearch/action/index/IndexResponse.java","2","0","2","7","59","101","0"
"elasticsearch","a530399ae5f78cc335c704f1a5583a3d861bfcc6","core/src/main/java/org/elasticsearch/index/shard/ShadowIndexShard.java","2","0","2","7","72","118","2"
"elasticsearch","f3cddef61e735be96aa0623f457641473c90504f","core/src/main/java/org/elasticsearch/index/shard/ShadowIndexShard.java","2","0","2","7","72","118","1"
"elasticsearch","e74d02138f02a66331b2611b5e70a908bb49cb97","core/src/main/java/org/elasticsearch/index/shard/ShadowIndexShard.java","2","0","2","7","72","118","0"
"elasticsearch","e0aa481bf5426aeb12076f6b1346357073374f05","plugins/mapper-attachments/src/test/java/org/elasticsearch/mapper/attachments/LanguageDetectionAttachmentMapperTests.java","2","0","2","7","73","127","0"
"elasticsearch","0809e4a65fb73a1be6e1b9c717f83b6b21b7e989","plugins/mapper-attachments/src/test/java/org/elasticsearch/mapper/attachments/LanguageDetectionAttachmentMapperTests.java","2","0","2","7","74","128","1"
"elasticsearch","1d1225b87c77fd72ffd28cfe51cf070eff5a0522","src/test/java/org/elasticsearch/index/mapper/xcontent/LanguageDetectionAttachmentMapperTests.java","2","0","2","7","86","141","1"
"elasticsearch","1d1225b87c77fd72ffd28cfe51cf070eff5a0522","src/test/java/org/elasticsearch/index/mapper/xcontent/LanguageDetectionAttachmentMapperTests.java","2","0","2","7","86","141","1"
"elasticsearch","310df36bfa6e32a3ea1447fc324a7e7e6fdb2af1","src/test/java/org/elasticsearch/index/mapper/xcontent/LanguageDetectionAttachmentMapperTests.java","2","0","2","7","86","141","2"
"elasticsearch","7c1c2011bc1400cc3b8d75b66c3d7c6696795166","src/test/java/org/elasticsearch/index/mapper/xcontent/LanguageDetectionAttachmentMapperTests.java","2","0","2","7","86","141","3"
"elasticsearch","a3bb103297c397efa0ec4358078a5277b8bc379a","src/test/java/org/elasticsearch/index/mapper/xcontent/LanguageDetectionAttachmentMapperTests.java","2","0","2","7","86","141","2"
"elasticsearch","6edf3447b1bfca04fe2cdcf6bfdf3f00a69fb187","src/test/java/org/elasticsearch/index/mapper/xcontent/LanguageDetectionAttachmentMapperTests.java","2","0","2","7","86","141","0"
"elasticsearch","62b821ccf4e2bf221382df85e2785016f74012bc","core/src/test/java/org/elasticsearch/index/mapper/GeoShapeFieldMapperTests.java","2","0","2","8","320","427","1"
"hazelcast","f2a552590f59888cfdba1c4cfc42c481e582e76f","hazelcast/src/main/java/com/hazelcast/cache/impl/client/CacheAddEntryListenerRequest.java","2","0","2","8","62","100","1"
"netty","983920f25f2319272e085beb8eaf10f0701df5a3","codec-http/src/main/java/io/netty/handler/codec/spdy/DefaultSpdyHeadersFrame.java","2","0","2","8","70","110","1"
"orientdb","58a69086d40df6f8f824b069d343eda7852df1be","core/src/main/java/com/orientechnologies/orient/core/metadata/schema/OClassAbstractDelegate.java","2","0","2","87","387","506","0"
"elasticsearch","0ad231546d70cd45ac5d7a32311c1cebb9b42293","core/src/test/java/org/elasticsearch/index/mapper/GeoShapeFieldMapperTests.java","2","0","2","9","351","467","1"
"elasticsearch","450f47d5b59f19f4d2056042db69732ac5c21bbf","core/src/test/java/org/elasticsearch/index/mapper/GeoShapeFieldMapperTests.java","2","0","2","9","351","467","1"
"elasticsearch","2a00c9dc46fe7ac5da04ea3e735985d3f02bc7bf","core/src/test/java/org/elasticsearch/index/mapper/GeoShapeFieldMapperTests.java","2","0","2","9","351","467","0"
"elasticsearch","78574d248cf10dad1c5a566fda79e1e0c94afe43","core/src/main/java/org/elasticsearch/action/TaskOperationFailure.java","2","0","2","9","68","116","1"
"elasticsearch","e6aaaf11ed4a1b8f595f920de1840938eddb7a97","core/src/main/java/org/elasticsearch/action/TaskOperationFailure.java","2","0","2","9","68","116","1"
"elasticsearch","a60b8948ba1d836a6eac7cff095519e618939ed8","core/src/main/java/org/elasticsearch/action/TaskOperationFailure.java","2","0","2","9","68","116","0"
"elasticsearch","246dc1d9924ae42b391c30d8b8ad082b48dafd5f","src/main/java/org/elasticsearch/index/engine/Engine.java","2","0","20","153","584","879","1"
"elasticsearch","ee5df74a6b0d3c1f1002c9b66b3525807291425a","src/main/java/org/elasticsearch/index/engine/Engine.java","2","0","20","155","592","889","0"
"elasticsearch","1f04182b8164ffb19f3805c48d67f0375262b317","core/src/main/java/org/elasticsearch/action/admin/cluster/node/stats/NodesStatsRequest.java","2","0","20","7","155","268","0"
"elasticsearch","e1efd5f6baf8dec1c23c79b346b8a29f234a98bb","core/src/main/java/org/elasticsearch/action/admin/cluster/node/stats/NodesStatsRequest.java","2","0","20","8","155","268","0"
"hazelcast","34af1d4dcfbd18684efa025746c9963a0b4b85a2","hazelcast-client/src/main/java/com/hazelcast/client/config/ClientNetworkConfig.java","2","0","22","0","98","267","2"
"elasticsearch","25fd9e26c4fb042d6f6dea14efcd239577bdbbc4","core/src/main/java/org/elasticsearch/action/admin/cluster/node/stats/NodesStatsRequest.java","2","0","22","10","179","302","0"
"elasticsearch","532806af1a8521b11ab60f1a52374c32c7e8b387","core/src/main/java/org/elasticsearch/action/admin/cluster/node/stats/NodesStatsRequest.java","2","0","22","7","167","288","1"
"elasticsearch","0a69f1e283e26e5d9e6a000b68b9f4778de557a1","core/src/main/java/org/elasticsearch/index/engine/EngineConfig.java","2","0","24","0","134","286","2"
"elasticsearch","5a64f08f048461a63a0ca1354a5050c954e63d52","core/src/main/java/org/elasticsearch/index/engine/EngineConfig.java","2","0","24","0","138","303","0"
"elasticsearch","14d37baa4bcbae00896d8aa69f6b52aab7ba5e14","core/src/main/java/org/elasticsearch/index/engine/EngineConfig.java","2","0","24","0","138","309","1"
"mcMMO","886515400dc845c996075c9f6e6240dd4c8c8c31","src/main/java/com/gmail/nossr50/util/Permissions.java","2","0","24","103","152","240","1"
"mcMMO","d40d89f29af984e6964862b7720636d96e8f8f1b","src/main/java/com/gmail/nossr50/util/Permissions.java","2","0","24","106","154","242","0"
"elasticsearch","97559c0614d900a682d01afc241615cf5627fb4c","src/main/java/org/elasticsearch/index/engine/EngineConfig.java","2","0","29","0","178","395","0"
"hazelcast","c57d3349fbdda6d4454ef257937a2199cea9572f","hazelcast/src/main/java/com/hazelcast/util/MapUtil.java","2","0","3","0","14","50","0"
"elasticsearch","2c7850584d091b4043a53168596ced8e4aebe589","src/main/java/org/elasticsearch/index/query/ConstantScoreQueryBuilder.java","2","0","3","0","24","67","0"
"netty","cd0b5ec2db593d45c96bd6b55b0024042534af04","codec/src/main/java/io/netty/handler/codec/string/StringDecoder.java","2","0","3","0","27","81","1"
"netty","af4b71a00e30faf86ef1c2365e965e8f04f65bee","codec/src/main/java/io/netty/handler/codec/string/StringDecoder.java","2","0","3","0","28","82","0"
"elasticsearch","13a347239a48d71486692a72c066e940dec8921b","core/src/main/java/org/elasticsearch/repositories/RepositoryModule.java","2","0","3","0","36","89","2"
"netty","573b54a93d45553e1726bcab54f0e325ae9f0bde","transport/src/main/java/io/netty/channel/ChannelOption.java","2","0","3","0","52","107","1"
"netty","77b4ec7e1bc0b8c6111728cc074226dd9cfe1b73","transport/src/main/java/io/netty/channel/ChannelOption.java","2","0","3","0","54","103","2"
"netty","d2032254b7b29aca620223c672ffa244171898b5","transport/src/main/java/io/netty/channel/ChannelOption.java","2","0","3","0","56","112","1"
"elasticsearch","046abdc281c321cd2128ee7684c0edfcaca07203","core/src/test/java/org/elasticsearch/search/suggest/completion/WritableTestCase.java","2","0","3","0","63","116","2"
"elasticsearch","e74d02138f02a66331b2611b5e70a908bb49cb97","core/src/test/java/org/elasticsearch/search/suggest/completion/WritableTestCase.java","2","0","3","0","64","117","0"
"netty","2adebc4c54ae98565db8e2a3c02b2ffaa0c101fe","transport/src/main/java/io/netty/channel/ChannelInboundByteHandlerAdapter.java","2","0","3","1","22","59","1"
"hazelcast","a28429c276e13bf35ef0ff4283c71aebd22af3e8","hazelcast/src/main/java/com/hazelcast/map/AbstractEntryProcessor.java","2","0","3","1","25","66","1"
"hazelcast","fd73143c48a384cc12a77b914bda7cc9fcc4ba3c","hazelcast/src/main/java/com/hazelcast/map/AbstractEntryProcessor.java","2","0","3","1","25","72","0"
"hazelcast","bf23ae79aa29c0cb5967ed11ace7e1a8bbc00cf0","hazelcast/src/main/java/com/hazelcast/map/AbstractEntryProcessor.java","2","0","3","1","27","75","1"
"elasticsearch","0c724b1878335c68b118db1ebd116bcb532282a2","test/framework/src/main/java/org/elasticsearch/test/client/NoOpClient.java","2","0","3","1","35","70","0"
"elasticsearch","371c73e14023917f3892090d2d3d7ff9ac1216b9","core/src/main/java/org/elasticsearch/node/NodeModule.java","2","0","3","1","70","111","3"
"elasticsearch","78574d248cf10dad1c5a566fda79e1e0c94afe43","core/src/main/java/org/elasticsearch/node/NodeModule.java","2","0","3","1","70","111","2"
"elasticsearch","e6aaaf11ed4a1b8f595f920de1840938eddb7a97","core/src/main/java/org/elasticsearch/node/NodeModule.java","2","0","3","1","70","111","2"
"elasticsearch","a60b8948ba1d836a6eac7cff095519e618939ed8","core/src/main/java/org/elasticsearch/node/NodeModule.java","2","0","3","1","70","111","0"
"titan","a1e70246868f0fc9e3e6e1bd454f2b0b13170c3b","src/main/java/com/thinkaurelius/titan/util/interval/PointInterval.java","2","0","3","10","55","96","1"
"titan","ed88d7286080492045efafb45a69fa4cb6eeb94d","src/main/java/com/thinkaurelius/titan/util/interval/PointInterval.java","2","0","3","10","55","97","0"
"elasticsearch","06b1d956f80912aaad4d367398a21e7744e67410","core/src/main/java/org/elasticsearch/index/refresh/RefreshStats.java","2","0","3","10","71","118","0"
"orientdb","252aa4c00e6048e5a77066dc5f770ef6e58dd1ea","core/src/main/java/com/orientechnologies/orient/core/sql/parser/OBooleanExpression.java","2","0","3","11","121","195","1"
"neo4j","85bd0034b8f4230b9b7b23a85801695a865cc236","community/kernel/src/main/java/org/neo4j/kernel/api/proc/CallableProcedure.java","2","0","3","11","59","106","1"
"neo4j","b5d40e3b9eaa74e7f71b30760b915a5b6d269193","community/kernel/src/main/java/org/neo4j/kernel/api/proc/CallableProcedure.java","2","0","3","11","60","107","0"
"orientdb","0b098ecbb27731eae0d6bc55a5750b000a6b9777","core/src/main/java/com/orientechnologies/orient/core/sql/parser/OBooleanExpression.java","2","0","3","12","128","210","0"
"elasticsearch","68da7c05eeb73e8f4ce1927898f08e5233422701","src/test/java/org/elasticsearch/common/cli/CliToolTestCase.java","2","0","3","12","84","139","1"
"elasticsearch","df8206853bc34306fc70420a9146c00a637bc6db","src/test/java/org/elasticsearch/common/cli/CliToolTestCase.java","2","0","3","12","86","141","0"
"neo4j","0da5d90e047262af2c903244561dc31a6d49bd99","community/kernel/src/main/java/org/neo4j/kernel/impl/core/NodeManager.java","2","0","3","12","94","139","0"
"elasticsearch","952feb58e41bd0220784c44136b840ea4a740e26","core/src/main/java/org/elasticsearch/search/aggregations/bucket/terms/StringTerms.java","2","0","3","12","95","145","1"
"elasticsearch","e7d352b489272a87b05019869857656de7fb82fc","core/src/main/java/org/elasticsearch/search/aggregations/bucket/terms/StringTerms.java","2","0","3","12","96","146","0"
"netty","23d017849429c18e1890b0a5799e5262df4f269f","common/src/main/java/io/netty/util/concurrent/AbstractEventExecutor.java","2","0","3","14","104","153","0"
"antlr4","cd73c212fbe3a94213c456a7a0a1470111b39acf","tool/test/org/antlr/v4/test/TestLeftRecursion.java","2","0","3","14","444","522","1"
"elasticsearch","64418526187d4666f7001c79c5aac1f6cc35c8cc","core/src/test/java/org/elasticsearch/action/update/UpdateRequestTests.java","2","0","3","2","149","198","0"
"elasticsearch","fbe27664a65ca7ab5b7dbe1c328ab27423e4313c","core/src/test/java/org/elasticsearch/action/update/UpdateRequestTests.java","2","0","3","2","159","210","2"
"netty","530750d60669156d508041e3c99ce95111b7e81d","codec-dns/src/main/java/io/netty/handler/codec/dns/DnsQuestion.java","2","0","3","2","20","67","1"
"netty","81e2db10faaf0389f4e1af8c7132210946203157","transport/src/main/java/io/netty/channel/ChannelInboundByteHandlerAdapter.java","2","0","3","2","27","65","0"
"hazelcast","a43f8ee8ca77bddba7a0b7c0a5422bc2ee7b1788","hazelcast/src/main/java/com/hazelcast/util/collection/InternalListMultiMap.java","2","0","3","2","27","73","0"
"hazelcast","a43f8ee8ca77bddba7a0b7c0a5422bc2ee7b1788","hazelcast/src/main/java/com/hazelcast/util/collection/InternalSetMultimap.java","2","0","3","2","29","78","0"
"elasticsearch","d8f16178d3f21b4f9d17da12e7aa61613fc2c27a","src/main/java/org/elasticsearch/watcher/AbstractResourceWatcher.java","2","0","3","2","30","80","1"
"elasticsearch","a6510f924520d8cdda2636ac85a1a1e43f6dfb8c","src/main/java/org/elasticsearch/watcher/AbstractResourceWatcher.java","2","0","3","2","31","81","0"
"elasticsearch","423291b6bcdafd736c749ff8eb14bc578d37b6d3","core/src/test/java/org/elasticsearch/index/similarity/SimilarityServiceTests.java","2","0","3","2","44","73","0"
"elasticsearch","5337686d8d39568f94b0b976bd9098af69214302","plugins/lang-python/src/test/java/org/elasticsearch/script/python/PythonSecurityTests.java","2","0","3","2","48","95","0"
"elasticsearch","e71bc472cc81695ab1bff0772916e96e7853ff36","plugins/lang-python/src/test/java/org/elasticsearch/script/python/PythonSecurityTests.java","2","0","3","2","49","93","0"
"elasticsearch","a798f4f711d1921755596004d7cd1904c5dcddaf","plugins/lang-python/src/test/java/org/elasticsearch/script/python/PythonSecurityTests.java","2","0","3","2","49","96","0"
"elasticsearch","9ee08dbb0b247afb881431df0c313024eb768747","plugins/lang-python/src/test/java/org/elasticsearch/script/python/PythonSecurityTests.java","2","0","3","2","50","98","1"
"hazelcast","b8e8cf2c0d26b05c27eda3a563b12967b3e0e71e","hazelcast/src/main/java/com/hazelcast/config/NearCacheConfig.java","2","0","3","26","164","250","3"
"elasticsearch","c746854e03262135fe0fa723be3bd5fc469e4d3c","core/src/test/java/org/elasticsearch/cluster/routing/allocation/InSyncAllocationIdTests.java","2","0","3","3","194","294","2"
"elasticsearch","1764ec56b38ce87f516efdf93bb4ab56e9dd829b","core/src/test/java/org/elasticsearch/action/update/UpdateRequestTests.java","2","0","3","3","225","280","0"
"elasticsearch","d3065acf14a76c1c6ef597f8d6acf9a9c3da24c8","src/main/java/org/elasticsearch/cluster/routing/PlainShardIterator.java","2","0","3","3","28","76","1"
"elasticsearch","6d0efae7139401f497e6cd4ab329fba82dd922bf","core/src/main/java/org/elasticsearch/action/admin/cluster/node/tasks/cancel/CancelTasksRequest.java","2","0","3","3","32","71","0"
"elasticsearch","5a64f08f048461a63a0ca1354a5050c954e63d52","core/src/main/java/org/elasticsearch/index/store/IndexStore.java","2","0","3","3","33","70","0"
"elasticsearch","49bdd29f91eb3568a8bac28e043f422a208104d1","core/src/test/java/org/elasticsearch/index/query/ConstantScoreQueryBuilderTests.java","2","0","3","4","73","118","1"
"elasticsearch","3ce7b119d28e7d1be7284bd804606a65c2d1a383","core/src/test/java/org/elasticsearch/index/query/ConstantScoreQueryBuilderTests.java","2","0","3","4","77","122","0"
"MapDB","00a8930ff0dbd0cf3cc9520013037706899b867d","src/main/java/org/mapdb/DBException.java","2","0","3","40","121","164","0"
"elasticsearch","78574d248cf10dad1c5a566fda79e1e0c94afe43","core/src/main/java/org/elasticsearch/action/search/ClearScrollResponse.java","2","0","3","5","52","96","1"
"elasticsearch","e6aaaf11ed4a1b8f595f920de1840938eddb7a97","core/src/main/java/org/elasticsearch/action/search/ClearScrollResponse.java","2","0","3","5","52","96","1"
"elasticsearch","a60b8948ba1d836a6eac7cff095519e618939ed8","core/src/main/java/org/elasticsearch/action/search/ClearScrollResponse.java","2","0","3","5","52","96","0"
"elasticsearch","d2ca694200122559bd5390421f8a9a85731ac145","core/src/test/java/org/elasticsearch/common/logging/log4j/LoggingConfigurationTests.java","2","0","3","6","168","221","0"
"elasticsearch","7adf9929bae22049d157676756b49597bca98426","plugins/cloud-gce/src/test/java/org/elasticsearch/discovery/gce/GceComputeEngineTest.java","2","0","3","8","148","224","1"
"elasticsearch","4040f194f528c76c88be70b119cf9d7d6fcea99b","plugins/cloud-gce/src/test/java/org/elasticsearch/discovery/gce/GceComputeEngineTest.java","2","0","3","8","149","226","0"
"elasticsearch","13a347239a48d71486692a72c066e940dec8921b","plugins/cloud-gce/src/test/java/org/elasticsearch/discovery/gce/GceComputeEngineTest.java","2","0","3","8","150","227","2"
"elasticsearch","30d7b8de2fa043bdca3ca55026aa74f06d404a76","src/main/java/org/elasticsearch/index/engine/SegmentsStats.java","2","0","3","8","63","107","0"
"netty","7049d8debb74c05a542233f5b28b1655b07da306","codec-http/src/main/java/io/netty/handler/codec/spdy/DefaultSpdyHeadersFrame.java","2","0","3","8","74","121","0"
"hazelcast","269452c5076a01d8e67f0b8d674f6b55cf0e1d06","hazelcast/src/main/java/com/hazelcast/config/DiscoveryConfig.java","2","0","3","9","57","115","0"
"netty","8271c8afccf7eb21bf6f994b5f3565f6d55bdee4","codec-dns/src/main/java/io/netty/handler/codec/dns/DnsQuery.java","2","0","3","9","63","104","0"
"elasticsearch","20f0bebb8797ac427ed93e37e63b596f9ec8e387","core/src/main/java/org/elasticsearch/index/flush/FlushStats.java","2","0","3","9","68","114","2"
"elasticsearch","7e53123f1f5539b2466bb9e3666114cb5a613441","core/src/main/java/org/elasticsearch/index/engine/EngineConfig.java","2","0","33","0","198","407","2"
"elasticsearch","2833ad4d6fc65a0104d6311394a01f27e0aac579","core/src/main/java/org/elasticsearch/index/engine/EngineConfig.java","2","0","34","1","207","432","2"
"elasticsearch","028acdd06f2e8aec6c0fbc94e81825c040fb3866","core/src/main/java/org/elasticsearch/index/engine/EngineConfig.java","2","0","34","1","207","435","1"
"elasticsearch","ab9aa15bb4b08126b0bcb9451f7ec4f5ee883333","modules/elasticsearch/src/main/java/org/elasticsearch/client/action/search/SearchRequestBuilder.java","2","0","36","2","180","397","0"
"hazelcast","86b064ba3f1e467e74e95d6da24b03122065ce36","hazelcast/src/main/java/com/hazelcast/util/ThreadUtil.java","2","0","4","0","19","58","2"
"netty","9bcfef0f10694260a0c066278858b1c528f09ee0","handler/src/main/java/io/netty/handler/ssl/SslHandshakeCompletionEvent.java","2","0","4","0","20","62","1"
"elasticsearch","25fd9e26c4fb042d6f6dea14efcd239577bdbbc4","core/src/main/java/org/elasticsearch/action/ActionListener.java","2","0","4","0","22","66","0"
"neo4j","6b75a9235ea38e0c47caacd25cc919023c0c958b","community/lucene-index/src/main/java/org/neo4j/kernel/api/impl/labelscan/LuceneLabelScanIndexBuilder.java","2","0","4","0","27","75","0"
"netty","9125060752f5124949e55a6868647c75f88cdb01","handler/src/main/java/io/netty/handler/ssl/OpenSsl.java","2","0","4","0","38","85","0"
"orientdb","c902353d86924562826c9114fd6a1242a65ada6d","core/src/main/java/com/orientechnologies/orient/core/storage/impl/local/paginated/wal/OWALPageV1.java","2","0","4","0","39","112","0"
"orientdb","c902353d86924562826c9114fd6a1242a65ada6d","core/src/main/java/com/orientechnologies/orient/core/storage/impl/local/paginated/wal/OWALPageV2.java","2","0","4","0","44","150","0"
"hazelcast","1f042b8c4a4245594691bb6d85a66ceed9b43068","hazelcast/src/main/java/com/hazelcast/map/impl/mapstore/MapDataStores.java","2","0","4","0","45","105","1"
"hazelcast","70d4de16ff0ac4518d09aad8c9f2ad9e782fb337","hazelcast/src/main/java/com/hazelcast/map/impl/mapstore/MapDataStores.java","2","0","4","0","45","105","2"
"hazelcast","d041266118126d445f010f961e936ce8f540a573","hazelcast/src/main/java/com/hazelcast/map/impl/mapstore/MapDataStores.java","2","0","4","0","45","105","1"
"hazelcast","2921cff694583b8638dae2991f427e61d5440a9d","hazelcast/src/main/java/com/hazelcast/map/impl/mapstore/MapDataStores.java","2","0","4","0","45","105","0"
"hazelcast","d568e4d926d925d57d4e79e34614390416749301","hazelcast/src/main/java/com/hazelcast/map/impl/mapstore/MapDataStores.java","2","0","4","0","45","105","0"
"hazelcast","305ecd0cab00c33d16d84c0f7b2e830a77412712","hazelcast/src/main/java/com/hazelcast/map/impl/mapstore/MapDataStores.java","2","0","4","0","48","89","1"
"hazelcast","44997b22cca35bc3413b8efefb61cff9a963e641","hazelcast/src/main/java/com/hazelcast/map/mapstore/MapDataStores.java","2","0","4","0","48","89","1"
"hazelcast","9535c79edbe80092c005d7aacd68854b57bc9180","hazelcast/src/main/java/com/hazelcast/map/impl/mapstore/MapDataStores.java","2","0","4","0","48","89","1"
"hazelcast","15ad63e930e2d564e6911025f5d234fd4144e345","hazelcast/src/main/java/com/hazelcast/map/mapstore/MapDataStores.java","2","0","4","0","48","89","0"
"hazelcast","5dd3caeda2bb8c092bb4050230f55932e2439044","hazelcast/src/main/java/com/hazelcast/map/impl/mapstore/MapDataStores.java","2","0","4","0","48","89","0"
"hazelcast","d01c81687873113df54af8a42338e1cc307e3269","hazelcast/src/main/java/com/hazelcast/map/impl/mapstore/MapDataStores.java","2","0","4","0","49","108","0"
"hazelcast","f4ebd3d2bec957e87da6fe2f87b5ce1137d4905c","hazelcast/src/main/java/com/hazelcast/map/impl/mapstore/MapDataStores.java","2","0","4","0","53","112","1"
"hazelcast","43402d9f22b18ea6fed39e1c919e0d65b779266c","hazelcast/src/main/java/com/hazelcast/map/impl/mapstore/MapDataStores.java","2","0","4","0","53","96","2"
"hazelcast","913731dce991dec4e616341ed91d6642cf6b5da2","hazelcast/src/main/java/com/hazelcast/map/impl/mapstore/MapDataStores.java","2","0","4","0","53","96","2"
"hazelcast","d2ef43dd54976080a85a49cbcab11fe058ff2aa4","hazelcast/src/main/java/com/hazelcast/map/impl/mapstore/MapDataStores.java","2","0","4","0","53","96","1"
"hazelcast","e17f18a539c0e66466edf9e2f862155c9ed0c86a","hazelcast/src/main/java/com/hazelcast/map/impl/mapstore/MapDataStores.java","2","0","4","0","53","96","1"
"hazelcast","2287a062c4ef9424f265f1cdecc1bc0432454a42","hazelcast/src/main/java/com/hazelcast/map/impl/mapstore/MapDataStores.java","2","0","4","0","53","96","0"
"hazelcast","8e20fd580ec4e7de4938dc403d1a547e0b9a4001","hazelcast/src/main/java/com/hazelcast/map/impl/mapstore/MapDataStores.java","2","0","4","0","53","97","0"
"hazelcast","7ef37b7f7a960018e743b5573b67f676c2459ea6","hazelcast/src/main/java/com/hazelcast/map/impl/mapstore/MapDataStores.java","2","0","4","0","63","124","0"
"hazelcast","409ebdef7b6eea5270e425454dc05d0301072780","hazelcast/src/main/java/com/hazelcast/map/impl/mapstore/MapDataStores.java","2","0","4","0","66","111","0"
"hazelcast","03564de05b7285e401381ac0f32e120c59bb694a","hazelcast/src/main/java/com/hazelcast/map/impl/mapstore/MapDataStores.java","2","0","4","0","66","127","1"
"hazelcast","07ea12285e916a923872356565b6f97d188fce8f","hazelcast/src/main/java/com/hazelcast/map/impl/mapstore/MapDataStores.java","2","0","4","0","67","128","1"
"hazelcast","cec4dab95ccf6eca7425ab1de2902dbf5a1ff23a","hazelcast/src/main/java/com/hazelcast/map/impl/mapstore/MapDataStores.java","2","0","4","0","67","128","1"
"hazelcast","8fa74b927a750158890672090efe753bbb9097fe","hazelcast/src/main/java/com/hazelcast/map/impl/mapstore/MapDataStores.java","2","0","4","0","67","128","0"
"hazelcast","bb05f578839f65ea248a79d9fd33398018fc6aa9","hazelcast/src/main/java/com/hazelcast/impl/concurrentmap/AddMapIndex.java","2","0","4","10","70","117","0"
"neo4j","c0173e1ec2fc0bbf2a5797e1bc1a75f320b6facc","community/kernel/src/main/java/org/neo4j/kernel/impl/core/NodeManager.java","2","0","4","13","107","155","0"
"BroadleafCommerce","ff4b0ec50d7eff9704d073af849ac9bf05121287","admin/broadleaf-open-admin-platform/src/main/java/org/broadleafcommerce/openadmin/web/form/entity/ComboField.java","2","0","4","2","23","68","0"
"netty","a0c466a27673a02c86f364cc78a500050bd91383","handler/src/main/java/io/netty/handler/traffic/ChannelTrafficShapingHandler.java","2","0","4","2","28","102","1"
"netty","4a5dc3222488db44b0174297f20b83195601cb8d","handler/src/main/java/io/netty/handler/traffic/ChannelTrafficShapingHandler.java","2","0","4","2","29","103","1"
"neo4j","fa816e9779bf1c0283c3c6f59e34d454940631cb","enterprise/causal-clustering/src/main/java/org/neo4j/causalclustering/core/consensus/log/segmented/InFlightMap.java","2","0","4","2","35","87","1"
"elasticsearch","1f5bd495edb9ec9cd2a8c4ec55b05a58ce14b278","core/src/test/java/org/elasticsearch/plugins/SitePluginIT.java","2","0","4","2","83","135","2"
"netty","573b54a93d45553e1726bcab54f0e325ae9f0bde","common/src/main/java/io/netty/util/Signal.java","2","0","4","3","35","78","1"
"elasticsearch","10ec2e948a2f1426a5058ca3b2c2e39952f141d8","src/main/java/org/elasticsearch/action/admin/cluster/repositories/get/GetRepositoriesRequest.java","2","0","4","3","41","98","0"
"elasticsearch","1f04182b8164ffb19f3805c48d67f0375262b317","core/src/main/java/org/elasticsearch/action/admin/cluster/repositories/get/GetRepositoriesRequest.java","2","0","4","3","41","98","0"
"elasticsearch","fa16969360ea43667ad11f827bbf86718c18fcc6","src/main/java/org/elasticsearch/action/admin/cluster/repositories/get/GetRepositoriesRequest.java","2","0","4","3","41","98","1"
"elasticsearch","10ec2e948a2f1426a5058ca3b2c2e39952f141d8","src/main/java/org/elasticsearch/action/admin/cluster/repositories/delete/DeleteRepositoryRequest.java","2","0","4","3","42","94","0"
"elasticsearch","1f04182b8164ffb19f3805c48d67f0375262b317","core/src/main/java/org/elasticsearch/action/admin/cluster/repositories/verify/VerifyRepositoryRequest.java","2","0","4","3","42","94","0"
"elasticsearch","1f04182b8164ffb19f3805c48d67f0375262b317","core/src/main/java/org/elasticsearch/action/admin/cluster/repositories/delete/DeleteRepositoryRequest.java","2","0","4","3","42","94","0"
"elasticsearch","fa16969360ea43667ad11f827bbf86718c18fcc6","src/main/java/org/elasticsearch/action/admin/cluster/repositories/delete/DeleteRepositoryRequest.java","2","0","4","3","42","94","1"
"antlr4","6790b25e5b2b1cd9d8db663eafad781a913008fe","tool/test/org/antlr/v4/test/TestLexerExec.java","2","0","4","34","580","689","2"
"antlr4","e497efaa5873301b765bf187ee34c1cec88e8d25","tool/test/org/antlr/v4/test/TestLexerExec.java","2","0","4","34","580","691","1"
"netty","8271c8afccf7eb21bf6f994b5f3565f6d55bdee4","codec-dns/src/main/java/io/netty/handler/codec/dns/DnsQueryHeader.java","2","0","4","4","40","85","0"
"elasticsearch","01f6851691f0e160185acdb2986f0486e9b4f6ec","core/src/main/java/org/elasticsearch/action/admin/cluster/repositories/verify/VerifyRepositoryRequest.java","2","0","4","4","40","92","0"
"elasticsearch","e1efd5f6baf8dec1c23c79b346b8a29f234a98bb","core/src/main/java/org/elasticsearch/action/admin/cluster/repositories/get/GetRepositoriesRequest.java","2","0","4","4","41","98","0"
"hazelcast","0261611ce1d6e95cd84910390d1c0c653fa0dfd2","hazelcast/src/main/java/com/hazelcast/query/impl/getters/MultiResult.java","2","0","4","5","34","132","0"
"elasticsearch","90c2b3a384c036e7f9345b2586e69fda056387fd","core/src/main/java/org/elasticsearch/index/analysis/NamedAnalyzer.java","2","0","4","6","59","108","1"
"BroadleafCommerce","037c7dd5de30df0a5b79d3759abbbb69ee2942bf","common/src/main/java/org/broadleafcommerce/common/RequestDTOImpl.java","2","0","4","7","46","96","1"
"BroadleafCommerce","3c781f03c369f38991038db7b7e5107b290aa80e","common/src/main/java/org/broadleafcommerce/common/RequestDTOImpl.java","2","0","4","7","46","99","2"
"elasticsearch","0a8afa2e7269ddbec3755b8f10033e93f55149c2","core/src/main/java/org/elasticsearch/action/admin/indices/delete/DeleteIndexRequest.java","2","0","4","7","59","111","3"
"elasticsearch","371c73e14023917f3892090d2d3d7ff9ac1216b9","core/src/main/java/org/elasticsearch/action/admin/indices/delete/DeleteIndexRequest.java","2","0","4","7","59","111","3"
"elasticsearch","78574d248cf10dad1c5a566fda79e1e0c94afe43","core/src/main/java/org/elasticsearch/action/admin/indices/delete/DeleteIndexRequest.java","2","0","4","7","59","111","2"
"elasticsearch","e6aaaf11ed4a1b8f595f920de1840938eddb7a97","core/src/main/java/org/elasticsearch/action/admin/indices/delete/DeleteIndexRequest.java","2","0","4","7","59","111","2"
"elasticsearch","a60b8948ba1d836a6eac7cff095519e618939ed8","core/src/main/java/org/elasticsearch/action/admin/indices/delete/DeleteIndexRequest.java","2","0","4","7","59","111","0"
"elasticsearch","4b94eb5cb8cc4294ed0e932a5f22c16bd90d4dd7","core/src/main/java/org/elasticsearch/action/admin/cluster/health/ClusterHealthRequestBuilder.java","2","0","4","9","60","117","2"
"elasticsearch","860efb2ad28db09189c8423e05d0dba53010259c","core/src/main/java/org/elasticsearch/action/admin/cluster/health/ClusterHealthRequestBuilder.java","2","0","4","9","60","117","2"
"elasticsearch","d3417fb02291f26964d77767020ef345d18c148f","core/src/main/java/org/elasticsearch/action/admin/cluster/health/ClusterHealthRequestBuilder.java","2","0","4","9","60","117","0"
"netty","fd2e142e745b8e99983d74c71a0fd3574449e188","transport/src/main/java/io/netty/channel/ChannelHandlerAdapter.java","2","0","5","0","26","81","1"
"elasticsearch","5337686d8d39568f94b0b976bd9098af69214302","core/src/main/java/org/elasticsearch/bootstrap/BootstrapInfo.java","2","0","5","0","59","124","0"
"elasticsearch","9ca5e6e3e12cf4f13eb6ed0140d9073ba89c61c9","src/test/java/org/elasticsearch/test/transport/MockTransportService.java","2","0","5","1","164","253","2"
"elasticsearch","96724e198adc829da8032a55c6cc04811226a261","core/src/main/java/org/elasticsearch/common/util/concurrent/AbstractRunnable.java","2","0","5","1","23","72","0"
"junit","61f06547599bb6b98bca99d5bc457eb20bc17cab","src/main/java/org/junit/rules/TestWatchman.java","2","0","5","1","32","98","0"
"elasticsearch","cde83e363aac2195c2dc0f81bbe348bcfe8b4152","modules/lang-painless/src/test/java/org/elasticsearch/painless/ScriptTestCase.java","2","0","5","1","40","80","1"
"BroadleafCommerce","41dfd5a019e2bdbba9db5a2bac97d48f16c04731","common/src/main/java/org/broadleafcommerce/common/email/service/jms/JMSEmailServiceProducerImpl.java","2","0","5","1","42","89","0"
"BroadleafCommerce","c7ee3a6673a1c3129212f86e22695f858a76bb6f","common/src/main/java/org/broadleafcommerce/common/email/service/jms/JMSEmailServiceProducerImpl.java","2","0","5","1","43","90","0"
"orientdb","5499f443102cace2dfa66d6bb93b5715bc0a6393","lucene/src/main/java/com/orientechnologies/lucene/builder/OLuceneDateTools.java","2","0","5","1","50","132","0"
"elasticsearch","78574d248cf10dad1c5a566fda79e1e0c94afe43","core/src/main/java/org/elasticsearch/bootstrap/BootstrapInfo.java","2","0","5","1","61","128","1"
"elasticsearch","e6aaaf11ed4a1b8f595f920de1840938eddb7a97","core/src/main/java/org/elasticsearch/bootstrap/BootstrapInfo.java","2","0","5","1","61","128","1"
"elasticsearch","a60b8948ba1d836a6eac7cff095519e618939ed8","core/src/main/java/org/elasticsearch/bootstrap/BootstrapInfo.java","2","0","5","1","61","128","0"
"antlr4","be16c71e56206b3566c49508dce79178dd900172","tool/test/org/antlr/v4/test/TestLeftRecursion.java","2","0","5","14","481","573","2"
"antlr4","e7a1d84197d7d8941587b15b6ac3fb5d932fa08a","tool/test/org/antlr/v4/test/TestLeftRecursion.java","2","0","5","15","497","590","1"
"BroadleafCommerce","abae60151f6416aa4cbf8f37615189b14464b79c","admin/broadleaf-open-admin-platform/src/main/java/org/broadleafcommerce/openadmin/web/controller/AdminTranslationController.java","2","0","5","2","106","216","1"
"BroadleafCommerce","0130ae0522665141dc174c62def741de73b69ce3","admin/broadleaf-open-admin-platform/src/main/java/org/broadleafcommerce/openadmin/web/controller/AdminTranslationController.java","2","0","5","2","107","217","3"
"BroadleafCommerce","da2519945a75e0d1ce1ebec8cda232073f474fc5","admin/broadleaf-open-admin-platform/src/main/java/org/broadleafcommerce/openadmin/web/controller/AdminTranslationController.java","2","0","5","2","109","220","2"
"elasticsearch","0ad231546d70cd45ac5d7a32311c1cebb9b42293","core/src/main/java/org/elasticsearch/index/mapper/Mapper.java","2","0","5","23","121","198","1"
"elasticsearch","450f47d5b59f19f4d2056042db69732ac5c21bbf","core/src/main/java/org/elasticsearch/index/mapper/Mapper.java","2","0","5","23","121","198","1"
"elasticsearch","62b821ccf4e2bf221382df85e2785016f74012bc","core/src/main/java/org/elasticsearch/index/mapper/Mapper.java","2","0","5","23","121","198","1"
"elasticsearch","2a00c9dc46fe7ac5da04ea3e735985d3f02bc7bf","core/src/main/java/org/elasticsearch/index/mapper/Mapper.java","2","0","5","23","121","198","0"
"hazelcast","f4c33973f2e5f804f6743683b11c8a43922bfc7e","hazelcast/src/test/java/com/hazelcast/internal/cluster/impl/MemberSelectingCollectionTest.java","2","0","5","23","219","291","1"
"hazelcast","e1b69c53ca4923affcd7722f012a80e32517e988","hazelcast/src/test/java/com/hazelcast/internal/cluster/impl/MemberSelectingCollectionTest.java","2","0","5","23","220","292","0"
"elasticsearch","13e1a6fd40da65890b68dda5b78e2e5ae9cd7355","core/src/test/java/org/elasticsearch/cluster/routing/allocation/InSyncAllocationIdTests.java","2","0","5","3","246","376","0"
"hazelcast","c1bd7cec56c01177eaaa9a9c81c411e70652dd6b","hazelcast/src/test/java/com/hazelcast/spi/impl/operationservice/impl/InvocationRegistry_notifyTest.java","2","0","5","7","149","202","1"
"hazelcast","42c497fd2cd5fae3f6097086045dc581c227ac64","hazelcast/src/test/java/com/hazelcast/spi/impl/operationservice/impl/InvocationRegistry_notifyTest.java","2","0","5","7","151","204","0"
"elasticsearch","25fd9e26c4fb042d6f6dea14efcd239577bdbbc4","core/src/main/java/org/elasticsearch/action/admin/cluster/health/ClusterHealthRequestBuilder.java","2","0","5","8","60","120","0"
"elasticsearch","31b0777c911a87b7ebae0efd7d5b14d1e06f3879","core/src/test/java/org/elasticsearch/cluster/routing/DelayedAllocationIT.java","2","0","6","0","111","173","0"
"elasticsearch","044b3d59cda609b6e3101bc24951f6c564b157f0","core/src/test/java/org/elasticsearch/cluster/routing/DelayedAllocationIT.java","2","0","6","0","115","177","1"
"elasticsearch","0a69f1e283e26e5d9e6a000b68b9f4778de557a1","core/src/test/java/org/elasticsearch/cluster/routing/DelayedAllocationIT.java","2","0","6","0","115","177","2"
"elasticsearch","4a6f3c78408c316d9f6f212d2664adda13c54a44","core/src/test/java/org/elasticsearch/cluster/routing/DelayedAllocationIT.java","2","0","6","0","115","177","1"
"elasticsearch","fb10e595787d5bb0761878bb6a7bd0617a4e65ef","core/src/test/java/org/elasticsearch/cluster/routing/DelayedAllocationIT.java","2","0","6","0","115","177","3"
"elasticsearch","5a64f08f048461a63a0ca1354a5050c954e63d52","core/src/test/java/org/elasticsearch/cluster/routing/DelayedAllocationIT.java","2","0","6","0","115","177","0"
"elasticsearch","28109a18a2dc1f30207d09bdfb2148e8d7906337","core/src/test/java/org/elasticsearch/cluster/routing/DelayedAllocationIT.java","2","0","6","0","117","179","2"
"elasticsearch","1ef8761b70cd32ce1caaf6142a5ae709120b33dd","src/main/java/org/elasticsearch/common/collect/XMaps.java","2","0","6","0","38","93","0"
"netty","9d4fae308c09a2c759dc67db765d311154c8d977","transport/src/main/java/io/netty/channel/ChannelOption.java","2","0","6","0","70","142","1"
"netty","3e5dcb5f3efbb26d5e6cf4cd229b03c285d62462","transport/src/main/java/io/netty/channel/ChannelOption.java","2","0","6","0","74","152","0"
"hazelcast","18a030c6fa71ce1824dcabaf0a81fb76d3a5e69c","hazelcast/src/test/java/com/hazelcast/jmx/JmxTestDataHolder.java","2","0","6","1","61","113","1"
"orientdb","74f368e827a58cf76ddd3d9fd4ed67e5d2be1cab","core/src/main/java/com/orientechnologies/common/serialization/types/ODateSerializer.java","2","0","6","11","97","160","0"
"hazelcast","717f34bef17ab88eae89ff32934f0f4cb1e05118","hazelcast/src/test/java/com/hazelcast/jmx/JmxTestDataHolder.java","2","0","6","2","71","122","0"
"hazelcast","5aa3d889f7a030f75575ff8b4d874fe75a6df845","hazelcast-spring/src/test/java/com/hazelcast/spring/transaction/TestSpringManagedHazelcastTransaction.java","2","0","6","2","74","130","2"
"hazelcast","c3884e5e1cbfc0638820a6c78866f7242eb8c19e","hazelcast-spring/src/test/java/com/hazelcast/spring/transaction/TestSpringManagedHazelcastTransaction.java","2","0","6","2","78","134","1"
"elasticsearch","1f04182b8164ffb19f3805c48d67f0375262b317","core/src/main/java/org/elasticsearch/action/admin/indices/open/OpenIndexRequest.java","2","0","6","3","58","120","0"
"elasticsearch","01f6851691f0e160185acdb2986f0486e9b4f6ec","core/src/main/java/org/elasticsearch/action/admin/indices/close/CloseIndexRequest.java","2","0","6","4","56","118","0"
"elasticsearch","4b94eb5cb8cc4294ed0e932a5f22c16bd90d4dd7","core/src/main/java/org/elasticsearch/action/admin/cluster/snapshots/status/SnapshotStats.java","2","0","6","5","105","179","2"
"elasticsearch","860efb2ad28db09189c8423e05d0dba53010259c","core/src/main/java/org/elasticsearch/action/admin/cluster/snapshots/status/SnapshotStats.java","2","0","6","5","105","179","2"
"elasticsearch","d3417fb02291f26964d77767020ef345d18c148f","core/src/main/java/org/elasticsearch/action/admin/cluster/snapshots/status/SnapshotStats.java","2","0","6","5","105","179","0"
"neo4j","6b75a9235ea38e0c47caacd25cc919023c0c958b","community/lucene-index/src/main/java/org/neo4j/kernel/api/impl/schema/LuceneSchemaIndexBuilder.java","2","0","7","0","51","123","0"
"hazelcast","3d8ce7ed94ef327469e9647d5fb1c17d9eb54bf9","hazelcast/src/main/java/com/hazelcast/core/DistributedObjectEvent.java","2","0","7","1","42","110","0"
"elasticsearch","25fd9e26c4fb042d6f6dea14efcd239577bdbbc4","client/rest/src/main/java/org/elasticsearch/client/Response.java","2","0","7","1","54","112","0"
"elasticsearch","371c73e14023917f3892090d2d3d7ff9ac1216b9","core/src/main/java/org/elasticsearch/script/ScriptException.java","2","0","7","1","64","136","3"
"elasticsearch","78574d248cf10dad1c5a566fda79e1e0c94afe43","core/src/main/java/org/elasticsearch/script/ScriptException.java","2","0","7","1","64","136","2"
"elasticsearch","e6aaaf11ed4a1b8f595f920de1840938eddb7a97","core/src/main/java/org/elasticsearch/script/ScriptException.java","2","0","7","1","64","136","2"
"elasticsearch","3f06d9f3b8516bb30a2890a36c2973f08f9c6076","core/src/main/java/org/elasticsearch/script/ScriptException.java","2","0","7","1","64","136","0"
"elasticsearch","a60b8948ba1d836a6eac7cff095519e618939ed8","core/src/main/java/org/elasticsearch/script/ScriptException.java","2","0","7","1","64","136","0"
"antlr4","9cbf47319545a9ba057318e4637c8b85d4301d72","tool/test/org/antlr/v4/test/TestLeftRecursion.java","2","0","7","15","532","637","1"
"elasticsearch","7f0134e7253f29b9759c5f9a5c376f521502b107","core/src/main/java/org/elasticsearch/ingest/core/Pipeline.java","2","0","7","3","52","111","1"
"elasticsearch","06417a85e09543c870e692b774985ca738bfa828","src/main/java/org/elasticsearch/action/admin/cluster/snapshots/get/GetSnapshotsRequest.java","2","0","7","3","55","127","2"
"elasticsearch","fa16969360ea43667ad11f827bbf86718c18fcc6","src/main/java/org/elasticsearch/action/admin/cluster/snapshots/get/GetSnapshotsRequest.java","2","0","7","3","55","127","1"
"elasticsearch","10ec2e948a2f1426a5058ca3b2c2e39952f141d8","src/main/java/org/elasticsearch/action/admin/cluster/snapshots/get/GetSnapshotsRequest.java","2","0","7","3","55","127","0"
"elasticsearch","1f04182b8164ffb19f3805c48d67f0375262b317","core/src/main/java/org/elasticsearch/action/admin/cluster/snapshots/get/GetSnapshotsRequest.java","2","0","7","3","57","130","0"
"elasticsearch","78574d248cf10dad1c5a566fda79e1e0c94afe43","core/src/main/java/org/elasticsearch/action/admin/cluster/snapshots/status/SnapshotStats.java","2","0","7","4","105","181","1"
"elasticsearch","e6aaaf11ed4a1b8f595f920de1840938eddb7a97","core/src/main/java/org/elasticsearch/action/admin/cluster/snapshots/status/SnapshotStats.java","2","0","7","4","105","181","1"
"elasticsearch","a60b8948ba1d836a6eac7cff095519e618939ed8","core/src/main/java/org/elasticsearch/action/admin/cluster/snapshots/status/SnapshotStats.java","2","0","7","4","105","181","0"
"elasticsearch","0d349854d34e1e8819ce3bdb74d3bb178371398e","core/src/main/java/org/elasticsearch/action/admin/cluster/snapshots/get/GetSnapshotsRequest.java","2","0","7","4","57","129","1"
"elasticsearch","e1efd5f6baf8dec1c23c79b346b8a29f234a98bb","core/src/main/java/org/elasticsearch/action/admin/cluster/snapshots/get/GetSnapshotsRequest.java","2","0","7","4","57","130","0"
"elasticsearch","f347bd4a4e6bee51120886ce1f4fedba6d423b8b","core/src/main/java/org/elasticsearch/search/aggregations/bucket/range/RangeAggregationBuilder.java","2","0","7","4","71","154","2"
"elasticsearch","8a4d8909a1e6020a8007097eb3d38f27067201f5","core/src/main/java/org/elasticsearch/search/aggregations/bucket/range/RangeAggregationBuilder.java","2","0","7","4","72","155","1"
"elasticsearch","a6e3d356ed11c65ec2a0a5d38c10a885e5bc888b","core/src/main/java/org/elasticsearch/search/aggregations/bucket/range/RangeAggregationBuilder.java","2","0","7","4","73","167","0"
"elasticsearch","1f04182b8164ffb19f3805c48d67f0375262b317","core/src/main/java/org/elasticsearch/action/admin/indices/delete/DeleteIndexRequest.java","2","0","7","6","75","142","0"
"neo4j","6b75a9235ea38e0c47caacd25cc919023c0c958b","community/lucene-index/src/main/java/org/neo4j/kernel/api/impl/index/builder/AbstractLuceneIndexBuilder.java","2","0","8","0","53","133","0"
"hazelcast","92886bbcab41a65100440aa458dbbf17561aa3a0","hazelcast/src/test/java/com/hazelcast/internal/nearcache/NearCacheTestUtils.java","2","0","8","0","88","157","0"
"hazelcast","5256df4fc08e09d38fef40ec5863756028033cc6","hazelcast/src/test/java/com/hazelcast/internal/nearcache/NearCacheTestUtils.java","2","0","8","0","88","158","1"
"hazelcast","ed9f3fc00d96bfc5a51f1d2b6deddda090496234","hazelcast/src/test/java/com/hazelcast/internal/nearcache/NearCacheTestUtils.java","2","0","8","0","88","158","1"
"hazelcast","39dbb74a2606ed071ac998b9021f522e7488a372","hazelcast/src/test/java/com/hazelcast/internal/nearcache/NearCacheTestUtils.java","2","0","8","0","88","158","0"
"titan","a1e70246868f0fc9e3e6e1bd454f2b0b13170c3b","src/main/java/com/thinkaurelius/titan/graphdb/transaction/TransactionConfig.java","2","0","8","1","45","107","1"
"hazelcast","62268376a7952b81d17e45ad8c1820a085550b63","hazelcast/src/main/java/com/hazelcast/core/DistributedObjectEvent.java","2","0","8","1","45","122","1"
"titan","ed88d7286080492045efafb45a69fa4cb6eeb94d","src/main/java/com/thinkaurelius/titan/graphdb/transaction/TransactionConfig.java","2","0","8","2","48","109","0"
"elasticsearch","371c73e14023917f3892090d2d3d7ff9ac1216b9","core/src/main/java/org/elasticsearch/ingest/core/Pipeline.java","2","0","8","3","55","118","3"
"elasticsearch","78574d248cf10dad1c5a566fda79e1e0c94afe43","core/src/main/java/org/elasticsearch/ingest/core/Pipeline.java","2","0","8","3","55","118","2"
"elasticsearch","e6aaaf11ed4a1b8f595f920de1840938eddb7a97","core/src/main/java/org/elasticsearch/ingest/core/Pipeline.java","2","0","8","3","55","118","2"
"elasticsearch","7f812f59903b5d82e2ac190b00d3fbd2ac87bf20","core/src/main/java/org/elasticsearch/ingest/core/Pipeline.java","2","0","8","3","55","118","0"
"elasticsearch","a60b8948ba1d836a6eac7cff095519e618939ed8","core/src/main/java/org/elasticsearch/ingest/core/Pipeline.java","2","0","8","3","55","118","0"
"elasticsearch","ea206237e3d8aa6e9b37a7063e6a2782b3e3cc5c","core/src/main/java/org/elasticsearch/ingest/Pipeline.java","2","0","8","3","57","119","1"
"elasticsearch","a60b8948ba1d836a6eac7cff095519e618939ed8","core/src/main/java/org/elasticsearch/action/DocWriteResponse.java","2","0","8","4","86","147","0"
"hazelcast","123ec6b723c33195039ffff249bf3b097c6c4f72","hazelcast/src/main/java/com/hazelcast/config/ListenerConfig.java","2","0","8","5","54","142","1"
"elasticsearch","81a6940ad3ae94bfa027055b3a2ee044b46bbc80","src/main/java/org/elasticsearch/action/support/replication/ShardReplicationOperationRequest.java","2","0","8","8","83","155","1"
"elasticsearch","15fbbd43ce74c211f6878aee9fd24d872fed2815","src/main/java/org/elasticsearch/action/support/replication/ShardReplicationOperationRequest.java","2","0","8","9","93","168","0"
"elasticsearch","a077f4a933b16b4b255ac46b1912eee9602b00c6","core/src/main/java/org/elasticsearch/action/admin/cluster/snapshots/get/GetSnapshotsRequest.java","2","0","9","4","67","149","0"
"elasticsearch","2acccf257d9ce416ba902d52ba85929d74423ab7","src/main/java/org/elasticsearch/index/percolator/stats/PercolateStats.java","2","0","9","5","100","148","0"
"elasticsearch","a895349be5c62bc5a59055f321b974d225b1c75f","src/main/java/org/elasticsearch/index/percolator/stats/PercolateStats.java","2","0","9","5","100","166","1"
"elasticsearch","b65d07b4958bfe55c45098fa70b746d637c8ce38","src/main/java/org/elasticsearch/index/percolator/stats/PercolateStats.java","2","0","9","5","98","146","0"
"elasticsearch","1f04182b8164ffb19f3805c48d67f0375262b317","core/src/main/java/org/elasticsearch/action/suggest/SuggestRequest.java","2","0","9","7","88","172","0"
"elasticsearch","e1efd5f6baf8dec1c23c79b346b8a29f234a98bb","core/src/main/java/org/elasticsearch/action/suggest/SuggestRequest.java","2","0","9","8","88","172","0"
"elasticsearch","a77b38cdd1604dfa539bac36ce5a3f79f9f955a1","core/src/main/java/org/elasticsearch/action/search/ExpandSearchPhase.java","20","0","0","0","105","156","1"
"netty","2304913341ef3f239e5509a46921a5c65bbbe360","transport/src/main/java/io/netty/channel/socket/oio/AbstractOioWorker.java","20","0","0","0","105","159","2"
"elasticsearch","ec64c2c05f64304d776cd7f9b4fa1d939ba96ba2","core/src/main/java/org/elasticsearch/action/search/ExpandSearchPhase.java","20","0","0","0","106","157","0"
"ceylon-ide-eclipse","b71fb1d2b95a01029a263decb43873c61a793f83","plugins/com.redhat.ceylon.eclipse.ui/src/com/redhat/ceylon/eclipse/util/FindReferencedNodeVisitor.java","20","0","0","0","115","134","1"
"hazelcast","43402d9f22b18ea6fed39e1c919e0d65b779266c","hazelcast/src/main/java/com/hazelcast/map/impl/mapstore/writebehind/ArrayWriteBehindQueue.java","20","0","0","0","121","164","2"
"hazelcast","0f5575afca47b00560642c90de8de32c51a20f1f","hazelcast-hibernate/hazelcast-hibernate4/src/main/java/com/hazelcast/hibernate/distributed/IMapRegionCache.java","20","0","0","0","130","173","2"
"hazelcast","1d93f4203ba9330cbb98aecc67547cd6d89ebc26","hazelcast/src/main/java/com/hazelcast/nio/AbstractIOSelector.java","20","0","0","0","132","175","0"
"hazelcast","1686272f9e5f3bca5f7fd3c9f70e77d315c9f709","hazelcast/src/main/java/com/hazelcast/map/impl/mapstore/writebehind/CoalescedWriteBehindQueue.java","20","0","0","0","135","159","1"
"netty","4158152b24c1e20cc9d024486a6bc6a0ee336a92","transport/src/main/java/io/netty/channel/socket/nio/NioDatagramWorker.java","20","0","0","0","137","208","0"
"hazelcast","5761278217ecc188118a812af46908ed3d531d4d","hazelcast-hibernate/hazelcast-hibernate4/src/main/java/com/hazelcast/hibernate/distributed/IMapRegionCache.java","20","0","0","0","138","180","0"
"hazelcast","ca85d886918dad06ed908696f3ebfbf2553097f0","hazelcast-wm/src/main/java/com/hazelcast/web/HazelcastInstanceLoader.java","20","0","0","0","139","170","0"
"hazelcast","2c00a0e5532f5700ed1773b08f2e8ebae21181b2","hazelcast-wm/src/main/java/com/hazelcast/web/HazelcastInstanceLoader.java","20","0","0","0","139","171","1"
"hazelcast","2b59705f1100a4ba82666c7eb57bd19f7f8e603f","hazelcast-hibernate/hazelcast-hibernate4/src/main/java/com/hazelcast/hibernate/distributed/IMapRegionCache.java","20","0","0","0","139","185","1"
"hazelcast","43402d9f22b18ea6fed39e1c919e0d65b779266c","hazelcast/src/main/java/com/hazelcast/map/impl/mapstore/writebehind/CoalescedWriteBehindQueue.java","20","0","0","0","142","171","2"
"hazelcast","913731dce991dec4e616341ed91d6642cf6b5da2","hazelcast/src/main/java/com/hazelcast/map/impl/mapstore/writebehind/CoalescedWriteBehindQueue.java","20","0","0","0","142","171","2"
"hazelcast","b0236fbfb666a396a31681f3aac2fc0e01b2d12a","hazelcast/src/main/java/com/hazelcast/map/impl/mapstore/writebehind/CoalescedWriteBehindQueue.java","20","0","0","0","142","171","1"
"hazelcast","7eeda2743e6e66f523d335fb934aa079ea87e5f2","hazelcast/src/main/java/com/hazelcast/map/impl/mapstore/writebehind/CoalescedWriteBehindQueue.java","20","0","0","0","142","171","0"
"hazelcast","56c1f0e4443b8b512b4acbe014169fbfe88dfe82","hazelcast/src/test/java/com/hazelcast/test/mocknetwork/MockJoiner.java","20","0","0","0","145","194","0"
"hazelcast","e1b69c53ca4923affcd7722f012a80e32517e988","hazelcast/src/test/java/com/hazelcast/test/mocknetwork/MockJoiner.java","20","0","0","0","145","194","0"
"hazelcast","f4c33973f2e5f804f6743683b11c8a43922bfc7e","hazelcast/src/test/java/com/hazelcast/test/mocknetwork/MockJoiner.java","20","0","0","0","145","194","1"
"hazelcast","22f709c2362790aad63dcee20c6b8cda20a112b5","hazelcast/src/test/java/com/hazelcast/test/mocknetwork/MockJoiner.java","20","0","0","0","145","195","1"
"hazelcast","e10683149555d9b72240a7c8b5c3123db37594e6","hazelcast/src/main/java/com/hazelcast/nio/serialization/UnsafeObjectDataOutput.java","20","0","0","0","148","195","0"
"hazelcast","79ece1c04400d8e52bfd3b66b7ebe73f67be84a8","hazelcast/src/main/java/com/hazelcast/nio/tcp/AbstractIOSelector.java","20","0","0","0","150","196","0"
"hazelcast","0feff7c98ebd740030acc7f61ae2509933f7cf8e","hazelcast/src/main/java/com/hazelcast/nio/serialization/UnsafeObjectDataOutput.java","20","0","0","0","151","199","1"
"hazelcast","605da53365f35d8dbf2842c020b6cf96ce4bb034","hazelcast-client/src/main/java/com/hazelcast/client/txn/TransactionProxy.java","20","0","0","0","152","200","1"
"ceylon-ide-eclipse","64a391fbabba6b9bc6b553abfa42466e0ca9673d","plugins/com.redhat.ceylon.eclipse.ui/src/com/redhat/ceylon/eclipse/code/refactor/AbstractRefactoring.java","20","0","0","0","153","184","0"
"ceylon-ide-eclipse","5b4c3eac8a7c12c0125a77343e602b4e73083595","plugins/com.redhat.ceylon.eclipse.ui/src/com/redhat/ceylon/eclipse/code/editor/FormatBlockAction.java","20","0","0","0","154","162","0"
"ceylon-ide-eclipse","64a391fbabba6b9bc6b553abfa42466e0ca9673d","plugins/com.redhat.ceylon.eclipse.ui/src/com/redhat/ceylon/eclipse/code/editor/FormatBlockAction.java","20","0","0","0","156","164","0"
"hazelcast","1f1a21f9e2c3f13d1f10dfae6e077e72da7edaf4","hazelcast-client/src/main/java/com/hazelcast/client/txn/TransactionProxy.java","20","0","0","0","157","205","0"
"hazelcast","3ea934a482f7fa008a90307a5ad8377609cd917c","hazelcast-client/src/main/java/com/hazelcast/client/impl/client/txn/TransactionProxy.java","20","0","0","0","164","212","1"
"hazelcast","cd3feee000a902c92572be92c3f16c710b10cd4e","hazelcast/src/main/java/com/hazelcast/map/AbstractRecordStore.java","20","0","0","0","167","210","2"
"hazelcast","ed777f64e4d046bb45ae4ee062b463e33526e3ad","hazelcast-client-new/src/main/java/com/hazelcast/client/txn/TransactionProxy.java","20","0","0","0","167","212","1"
"hazelcast","37bef20acb9bc29031959dd740bd45b66e4c077e","hazelcast-client/src/main/java/com/hazelcast/client/spi/impl/ClientPartitionServiceImpl.java","20","0","0","0","171","221","0"
"hazelcast","15ad63e930e2d564e6911025f5d234fd4144e345","hazelcast/src/main/java/com/hazelcast/map/AbstractRecordStore.java","20","0","0","0","175","225","0"
"hazelcast","5dd3caeda2bb8c092bb4050230f55932e2439044","hazelcast/src/main/java/com/hazelcast/map/impl/AbstractRecordStore.java","20","0","0","0","175","225","0"
"hazelcast","78af4f23bcba7ec0288688e1bd9e49f207eac041","hazelcast/src/main/java/com/hazelcast/map/AbstractRecordStore.java","20","0","0","0","175","225","0"
"hazelcast","8e20fd580ec4e7de4938dc403d1a547e0b9a4001","hazelcast/src/main/java/com/hazelcast/map/impl/AbstractRecordStore.java","20","0","0","0","175","225","0"
"hazelcast","a845db8f9e34f69bc5bbafb3c47f1141c768f97a","hazelcast/src/main/java/com/hazelcast/map/impl/AbstractRecordStore.java","20","0","0","0","175","225","0"
"hazelcast","159c4a53940c2170c905d13fc1fc784cf59279c9","hazelcast/src/main/java/com/hazelcast/map/AbstractRecordStore.java","20","0","0","0","175","225","1"
"hazelcast","305ecd0cab00c33d16d84c0f7b2e830a77412712","hazelcast/src/main/java/com/hazelcast/map/impl/AbstractRecordStore.java","20","0","0","0","175","225","1"
"hazelcast","b01ad95e9c86cf4a9fe4d322d7372fec3d4107f9","hazelcast/src/main/java/com/hazelcast/map/impl/AbstractRecordStore.java","20","0","0","0","175","225","1"
"hazelcast","f5b5e658ea42c43530cc3fd5e132e2fe503ab8b4","hazelcast-client/src/main/java/com/hazelcast/client/spi/impl/ClientMembershipListener.java","20","0","0","0","182","227","0"
"hazelcast","06e739b1a6918c6dce1696873b56bc3d10c48201","hazelcast-client/src/main/java/com/hazelcast/client/spi/impl/ClientMembershipListener.java","20","0","0","0","182","228","0"
"hazelcast","facc7ce537ff0e3778b982b96cb35b5eab8e4163","hazelcast-client/src/main/java/com/hazelcast/client/spi/impl/ClientMembershipListener.java","20","0","0","0","182","228","0"
"hazelcast","3edfefd81389d8038bf028fb5b79b4fbb13cd2e0","hazelcast-client/src/main/java/com/hazelcast/client/spi/impl/ClientMembershipListener.java","20","0","0","0","182","228","1"
"hazelcast","1ec9b79a96f8c74881d2912c4d7b3c40f62a8b64","hazelcast-client/src/main/java/com/hazelcast/client/spi/impl/ClientMembershipListener.java","20","0","0","0","186","232","1"
"hazelcast","305ecd0cab00c33d16d84c0f7b2e830a77412712","hazelcast/src/main/java/com/hazelcast/map/impl/mapstore/BasicMapStoreContext.java","20","0","0","0","186","273","2"
"hazelcast","a7693e73119b42a3f46bee85e07a7a3cb723c531","hazelcast-client/src/main/java/com/hazelcast/client/spi/impl/ClientMembershipListener.java","20","0","0","0","193","240","0"
"hazelcast","83a0cf18d1ea739f59d79c242d73f72375ad3237","hazelcast/src/main/java/com/hazelcast/partition/impl/PromoteFromBackupOperation.java","20","0","0","0","202","266","0"
"hazelcast","5d9345d0e7f6a373bf80d27b2bf94fc798934378","hazelcast-client/src/main/java/com/hazelcast/client/spi/impl/ClusterListenerSupport.java","20","0","0","0","203","255","1"
"hazelcast","aa93f64600952edbb4010c9c0d2f52d310f324ce","hazelcast/src/main/java/com/hazelcast/partition/impl/PromoteFromBackupOperation.java","20","0","0","0","203","267","2"
"netty","ead87b7df8d923417475ead2d7680747b1a72f07","codec-http2/src/test/java/io/netty/handler/codec/http2/internal/hpack/TestCase.java","20","0","0","0","206","281","1"
"netty","2fd42cfc6b32dacb812c6f2ecef8522cd94718d4","codec-http2/src/test/java/io/netty/handler/codec/http2/internal/hpack/TestCase.java","20","0","0","0","207","282","0"
"hazelcast","b35fc8b41b2a3d8aaa779330b394467579b97778","hazelcast/src/main/java/com/hazelcast/map/impl/operation/AbstractMultipleEntryOperation.java","20","0","0","0","222","291","2"
"hazelcast","22ba15013db95101f4bfddf01eb6172fca2f70ee","hazelcast-client/src/main/java/com/hazelcast/client/spi/impl/ClusterListenerSupport.java","20","0","0","0","225","279","0"
"hazelcast","53e8abd1152099535ae232267aa0b7acbc160f4b","hazelcast/src/main/java/com/hazelcast/map/impl/operation/AbstractMultipleEntryOperation.java","20","0","0","0","228","304","0"
"hazelcast","93373a16bd57c3b5f802b2f7eb3ddb65f37f9dd4","hazelcast/src/main/java/com/hazelcast/map/impl/operation/AbstractMultipleEntryOperation.java","20","0","0","0","228","304","0"
"hazelcast","7ce2d102506fe8fb32f73d1de76828c68a7ddd17","hazelcast/src/main/java/com/hazelcast/map/impl/operation/AbstractMultipleEntryOperation.java","20","0","0","0","228","304","2"
"hazelcast","1414548ac07cba60b368a62a99c88257300fd691","hazelcast/src/main/java/com/hazelcast/map/impl/operation/AbstractMultipleEntryOperation.java","20","0","0","0","250","325","2"
"neo4j","1b3aad3b619bd72c2c9f79bb7edf642c5dc56a6f","enterprise/server-enterprise/src/test/java/org/neo4j/server/rest/security/RESTInteraction.java","20","0","0","0","281","337","0"
"neo4j","c287d3fcff4d41dc2fa317c778efc33d6ca11eba","enterprise/server-enterprise/src/test/java/org/neo4j/server/rest/security/RESTInteraction.java","20","0","0","0","281","337","0"
"neo4j","c53aab6d4de8c83eda42c64474ec13aa7ecb25f3","enterprise/server-enterprise/src/test/java/org/neo4j/server/rest/security/RESTInteraction.java","20","0","0","0","281","337","1"
"neo4j","2fb8aea71a2d50c63f1407b9e975c5e8cbf325dc","enterprise/server-enterprise/src/test/java/org/neo4j/server/rest/security/RESTInteraction.java","20","0","0","0","282","338","1"
"neo4j","b070962e9b00726d50df951106225fa252b7efeb","enterprise/server-enterprise/src/test/java/org/neo4j/server/rest/security/RESTInteraction.java","20","0","0","0","285","343","0"
"netty","ba6ce5449ee852b782dde9a11933f6a09b123e22","codec-http2/src/test/java/io/netty/handler/codec/http2/Http2TestUtil.java","20","0","0","0","300","383","0"
"netty","e6ca9882a107c34cf6358c8d7a68561025f06016","codec-http2/src/test/java/io/netty/handler/codec/http2/Http2TestUtil.java","20","0","0","0","306","397","1"
"neo4j","3ec0e927cb481a29815bc3237d2e53fd7cadd271","community/lucene-index/src/main/java/org/neo4j/kernel/api/impl/index/DeferredConstraintVerificationUniqueLuceneIndexPopulator.java","20","0","0","0","311","382","0"
"neo4j","562320c0be4006685ed6f086c12ef4e1f1964f3c","community/lucene-index/src/main/java/org/neo4j/kernel/api/impl/index/DeferredConstraintVerificationUniqueLuceneIndexPopulator.java","20","0","0","0","313","384","0"
"ceylon-ide-eclipse","64a391fbabba6b9bc6b553abfa42466e0ca9673d","plugins/com.redhat.ceylon.eclipse.ui/src/com/redhat/ceylon/eclipse/code/editor/PeekDefinitionPopup.java","20","0","0","0","340","420","0"
"ceylon-ide-eclipse","d07fc67098fbbc0bc5bdc07fb518f75042d95444","plugins/com.redhat.ceylon.eclipse.ui/src/com/redhat/ceylon/eclipse/code/editor/PeekDefinitionPopup.java","20","0","0","0","342","421","1"
"neo4j","57507674d4362c2dc02dd58fb5161e4da78db57a","enterprise/backup/src/main/java/org/neo4j/backup/BackupService.java","20","0","0","0","356","432","1"
"hazelcast","da8888f97af74b4590dfc1dce3d0bdeb44654000","hazelcast-client/src/test/java/com/hazelcast/client/test/TestClientRegistry.java","20","0","0","0","369","467","0"
"hazelcast","2332e689b765b6d3ed0154b68679f2e328554d64","hazelcast-client/src/test/java/com/hazelcast/client/test/TestClientRegistry.java","20","0","0","0","374","467","1"
"hazelcast","93fd800d6c6f6781ef95536bba7e2b200fe9678d","hazelcast-client/src/test/java/com/hazelcast/client/test/TestClientRegistry.java","20","0","0","0","375","468","2"
"elasticsearch","b49635539d929d6cb5ee56153e2f95872fe4bb16","modules/lang-painless/src/main/java/org/elasticsearch/painless/node/LShortcut.java","20","0","0","0","62","104","1"
"ceylon-ide-eclipse","65c4e729050764a2a48fa921d809ad9324757eb0","plugins/com.redhat.ceylon.eclipse.ui/src/com/redhat/ceylon/eclipse/code/refactor/AbstractLinkedMode.java","20","0","0","1","204","252","1"
"elasticsearch","eb36b82de48750777172ecdc3b019de32535e3f4","core/src/test/java/org/elasticsearch/index/replication/ESIndexLevelReplicationTestCase.java","20","0","0","1","440","543","0"
"hazelcast","31690aee267ceaa9838e4a284b72ebd06ab35839","hazelcast/src/main/java/com/hazelcast/query/impl/SortedIndexStore.java","20","0","0","10","102","133","0"
"hazelcast","8e43bb8235773fac1a41d81fb95a67f7e7d89697","hazelcast/src/main/java/com/hazelcast/util/executor/DelegatingFuture.java","20","0","0","10","143","186","2"
"hazelcast","16702ec52d2e403b481e9b68023f93e5465ceb7c","hazelcast/src/main/java/com/hazelcast/util/executor/DelegatingFuture.java","20","0","0","10","144","187","2"
"hazelcast","63a826655972b744494620ae25871cf0cdc9444f","hazelcast-client/src/main/java/com/hazelcast/client/spi/impl/ClientInvocationFuture.java","20","0","0","10","166","211","2"
"elasticsearch","3a0dd59a15c49f5be0483658f44bd411f62e1ac5","core/src/test/java/org/elasticsearch/test/store/MockFSDirectoryService.java","20","0","0","10","211","264","1"
"netty","dd1ba2a2521dca5f25bbe34314a8d66fe462b053","common/src/test/java/io/netty/util/NetUtilTest.java","20","0","0","10","388","521","1"
"netty","719d1dbad1078ea20ea385bd9f2c16847dcb81ae","resolver-dns/src/test/java/io/netty/resolver/dns/DnsNameResolverTest.java","20","0","0","10","390","489","0"
"BroadleafCommerce","0c21b421c1d9c38444c820eea84cad34979e3b37","core/broadleaf-framework/src/main/java/org/broadleafcommerce/core/order/domain/OrderItemQualifierImpl.java","20","0","0","11","108","147","2"
"BroadleafCommerce","beb23ce063b9f0f91520b023d0eee1fd1a2113ba","core/broadleaf-framework/src/main/java/org/broadleafcommerce/core/order/domain/OrderItemQualifierImpl.java","20","0","0","11","108","147","3"
"BroadleafCommerce","19169d660ea7a1105278930452227879922d2123","core/broadleaf-framework/src/main/java/org/broadleafcommerce/core/order/domain/OrderItemQualifierImpl.java","20","0","0","11","108","147","0"
"orientdb","a85d865d9660a9b26ae5681675cfb9e6806d5bcf","lucene/src/main/java/com/orientechnologies/lucene/operator/OLuceneTextOperator.java","20","0","0","11","159","214","1"
"netty","189c2785c012c3981af4b12a4d29ae1fc8d85a78","testsuite/src/test/java/io/netty/testsuite/transport/socket/SocketEchoTest.java","20","0","0","11","171","226","0"
"hazelcast","4c3a3aace4f0b653e357b1aee6df61856b5ed7b0","hazelcast/src/main/java/com/hazelcast/partition/impl/ReplicaSyncResponse.java","20","0","0","12","174","218","2"
"ceylon-ide-eclipse","5b4c3eac8a7c12c0125a77343e602b4e73083595","plugins/com.redhat.ceylon.eclipse.ui/src/com/redhat/ceylon/eclipse/code/refactor/ChangeVersionRefactoring.java","20","0","0","13","171","195","0"
"ceylon-ide-eclipse","64a391fbabba6b9bc6b553abfa42466e0ca9673d","plugins/com.redhat.ceylon.eclipse.ui/src/com/redhat/ceylon/eclipse/code/refactor/ChangeVersionRefactoring.java","20","0","0","13","172","196","0"
"elasticsearch","74473c1c3da1c4c26c03b7cb0a2b6e12ca4e04d1","core/src/test/java/org/elasticsearch/search/query/QueryPhaseTests.java","20","0","0","13","488","562","0"
"elasticsearch","d9bc2693a3b10830d6b8bb26286b24b08aed6e88","core/src/test/java/org/elasticsearch/search/aggregations/pipeline/BucketScriptIT.java","20","0","0","13","491","595","0"
"elasticsearch","8563c8d8970f27420f5a4c39f95643d5f0191232","core/src/test/java/org/elasticsearch/search/aggregations/pipeline/BucketScriptIT.java","20","0","0","13","493","597","0"
"elasticsearch","634ce90dc06f20888a4ff655985a6baccf25a7db","core/src/test/java/org/elasticsearch/rest/BytesRestResponseTests.java","20","0","0","14","308","381","0"
"elasticsearch","ec1afe30ea9c34f7d63da273a3077c28a4849e4f","core/src/test/java/org/elasticsearch/rest/BytesRestResponseTests.java","20","0","0","14","308","381","0"
"elasticsearch","977712f9773c3eecea3958a5b8ddf934207775a6","core/src/test/java/org/elasticsearch/rest/BytesRestResponseTests.java","20","0","0","14","308","381","2"
"hazelcast","c9502674131421c00dae117d0657feefa8e458a4","hazelcast/src/test/java/com/hazelcast/map/EntryProcessorTest.java","20","0","0","14","490","588","0"
"hazelcast","0dcac2107149f1a24af61788b11b53bd49eb4a73","hazelcast/src/test/java/com/hazelcast/cluster/SplitBrainHandlerTest.java","20","0","0","14","565","716","0"
"hazelcast","47b48594cce33ec1cec54b6fa89af2acf2da2fed","hazelcast/src/test/java/com/hazelcast/cluster/SplitBrainHandlerTest.java","20","0","0","14","565","719","1"
"hazelcast","8b356bb8f3d836baaa2805d2526a9045c3d8ffad","hazelcast/src/test/java/com/hazelcast/cluster/SplitBrainHandlerTest.java","20","0","0","14","565","719","1"
"hazelcast","91004ee4a40b4a4eebaef1fb02b3fc4756739d31","hazelcast/src/test/java/com/hazelcast/cluster/SplitBrainHandlerTest.java","20","0","0","14","565","719","1"
"hazelcast","e11600a8a909758ea6614352ca1848e71219b06f","hazelcast/src/test/java/com/hazelcast/cluster/SplitBrainHandlerTest.java","20","0","0","14","565","719","0"
"hazelcast","502349a3661d104a735946fd6ff89eac9a428716","hazelcast/src/test/java/com/hazelcast/cluster/SplitBrainHandlerTest.java","20","0","0","14","566","721","2"
"hazelcast","d952e04f172888b73bbc45fd9d450292bf3b70ba","hazelcast/src/test/java/com/hazelcast/cluster/SplitBrainHandlerTest.java","20","0","0","14","569","719","2"
"netty","4fc9afa1023935b674f624933fc2510702d1c2b5","transport/src/test/java/io/netty/channel/DefaultChannelPipelineTest.java","20","0","0","16","427","553","0"
"hazelcast","a3f7a66d43150739db3f44e4b76d77f11f960da7","hazelcast/src/main/java/com/hazelcast/client/ClientEndpoint.java","20","0","0","17","200","247","2"
"neo4j","e5ea526b14ce752e94a5460b1c85bf4567d8f97d","community/kernel/src/test/java/org/neo4j/kernel/impl/core/TestNeo4jCacheAndPersistence.java","20","0","0","17","458","536","1"
"neo4j","c3a5cbf00866abb108bf34ce2e0680026fdd2025","community/kernel/src/test/java/org/neo4j/kernel/impl/core/TestNeo4jCacheAndPersistence.java","20","0","0","17","467","545","0"
"elasticsearch","4ac7b02ce7d2c07e1f217788ac676cac1516fc32","src/main/java/org/elasticsearch/index/cache/filter/weighted/WeightedFilterCache.java","20","0","0","19","186","257","1"
"mcMMO","afd706bed8e272736c721a6f47764bd2b42a5415","src/main/java/com/gmail/nossr50/commands/experience/ExperienceCommand.java","20","0","0","2","119","150","1"
"mcMMO","6fd599bd3112de031440d05197fdb6129fbe3cbc","src/main/java/com/gmail/nossr50/commands/experience/ExperienceCommand.java","20","0","0","2","120","151","0"
"elasticsearch","f5edd5049a2cb824eb66c75047f920bf76dd423e","plugins/repository-hdfs/src/main/java/org/elasticsearch/repositories/hdfs/HdfsRepository.java","20","0","0","2","163","242","0"
"hazelcast","2af0e3527b78f6dfd8819995fa103791450de66c","hazelcast/src/test/java/com/hazelcast/internal/partition/PartitionCorrectnessTestSupport.java","20","0","0","2","244","318","0"
"elasticsearch","fb3a281755d1c8a113a796f1850139e8408f56b7","core/src/test/java/org/elasticsearch/common/settings/SettingsTests.java","20","0","0","20","459","566","1"
"orientdb","dee99a547331cac55a5dd4e06999bb334a4a94e7","tests/src/test/java/com/orientechnologies/orient/test/database/auto/DbCreationTest.java","20","0","0","21","224","296","1"
"elasticsearch","32b2caad421cbd7f54b615f832c15b7575ad51d9","core/src/test/java/org/elasticsearch/common/settings/SettingsTests.java","20","0","0","21","469","578","0"
"hazelcast","baa368522ed3c920f4eee5e07815c8d3292589c8","hazelcast/src/test/java/com/hazelcast/map/MapTransactionTest.java","20","0","0","21","641","779","1"
"elasticsearch","40a13345d785c9db6bc3dcd78e61e6df5971b894","core/src/test/java/org/elasticsearch/common/settings/SettingsTests.java","20","0","0","22","478","588","2"
"elasticsearch","7ec39acd4b56f271106b61a1521fb8586742cbfc","core/src/test/java/org/elasticsearch/common/settings/SettingsTests.java","20","0","0","23","501","612","0"
"hazelcast","16702ec52d2e403b481e9b68023f93e5465ceb7c","hazelcast/src/test/java/com/hazelcast/cache/CacheReadWriteThroughTest.java","20","0","0","24","307","408","0"
"hazelcast","d568e4d926d925d57d4e79e34614390416749301","hazelcast/src/test/java/com/hazelcast/cache/CacheReadWriteThroughTest.java","20","0","0","24","307","408","0"
"hazelcast","70d4de16ff0ac4518d09aad8c9f2ad9e782fb337","hazelcast/src/test/java/com/hazelcast/cache/CacheReadWriteThroughTest.java","20","0","0","24","307","408","1"
"elasticsearch","406a15e7a90b39d7ed209983d1f90045bba7e0f2","core/src/test/java/org/elasticsearch/common/settings/SettingsTests.java","20","0","0","24","520","632","0"
"hazelcast","9144e8128c3d271554f7230ee32e4d2e102fe811","hazelcast/src/main/java/com/hazelcast/nio/serialization/DefaultPortableReader.java","20","0","0","26","266","322","0"
"hazelcast","078c7e99b3b3d740e6e20c23fcdb0956b3b43c23","hazelcast/src/main/java/com/hazelcast/transaction/impl/TransactionDataSerializerHook.java","20","0","0","3","102","127","1"
"netty","b712b030fafb40b73dd5e209131cba8edd65489a","common/src/main/java/io/netty/util/internal/TypeParameterMatcher.java","20","0","0","3","119","162","0"
"netty","39250873ae7c3d8c1017db11b1f715838f2688f3","testsuite/src/test/java/io/netty/testsuite/transport/socket/SocketStringEchoTest.java","20","0","0","3","130","171","0"
"elasticsearch","be27ed3a25400173bda6fea6cc1da5cc17620209","src/test/java/org/elasticsearch/cluster/ClusterHealthResponsesTests.java","20","0","0","3","149","193","0"
"oryx","49c1ead1c67cc8b980a4be36cff731a14ba4f3fb","app/oryx-app/src/test/java/com/cloudera/oryx/app/speed/rdf/RDFSpeedIT.java","20","0","0","3","154","204","0"
"oryx","9e84e8c96615104177a505a0ee9784af8d0d8d12","app/oryx-app/src/test/java/com/cloudera/oryx/app/speed/rdf/RDFSpeedIT.java","20","0","0","3","155","204","0"
"oryx","c766a75f0a21dd2466533971b3d846376cd9dc6f","app/oryx-app/src/test/java/com/cloudera/oryx/app/speed/rdf/RDFSpeedIT.java","20","0","0","3","155","205","0"
"hazelcast","525c34cddd7f4e08d674611e177bab103e4d1881","hazelcast/src/main/java/com/hazelcast/examples/LongRunningTest.java","20","0","0","3","208","247","1"
"hazelcast","82fcc4c7c87097d1719bb56112aec0fafdb6bc0e","hazelcast/src/main/java/com/hazelcast/examples/LongRunningTest.java","20","0","0","3","209","248","0"
"mcMMO","105b8b5a916e3981c8f50d501ca2b2a9f43d317b","src/main/java/com/gmail/nossr50/commands/party/ACommand.java","20","0","0","3","71","95","0"
"mcMMO","105b8b5a916e3981c8f50d501ca2b2a9f43d317b","src/main/java/com/gmail/nossr50/commands/general/MmoeditCommand.java","20","0","0","3","75","88","0"
"mcMMO","9278ca4d27c0211aa886f7f6c4cb206c3cfcc998","src/main/java/com/gmail/nossr50/commands/general/StatsCommand.java","20","0","0","3","82","103","0"
"orientdb","7714495a75dd494934a6cfa3c422763d92a19239","server/src/main/java/com/orientechnologies/orient/server/network/protocol/http/command/post/OServerCommandPostCommand.java","20","0","0","3","98","151","0"
"elasticsearch","8f324d50b2e4bf76df63a25b5d33320484dacba6","src/test/java/org/elasticsearch/common/bytes/PagedBytesReferenceTest.java","20","0","0","31","383","514","1"
"elasticsearch","5d2c334bbd4b1396550c871d4d7b7c2c9a95cd63","src/test/java/org/elasticsearch/index/search/child/ParentQueryTests.java","20","0","0","4","146","183","1"
"ceylon-ide-eclipse","97ab726156c07d2a8835e5e00a3e8cbcbe54f397","plugins/com.redhat.ceylon.eclipse.ui/src/com/redhat/ceylon/eclipse/code/refactor/CopyFileRefactoringParticipant.java","20","0","0","4","168","184","0"
"elasticsearch","f6deb4597094ac46ad862f1c5817db66c40c6dea","src/main/java/org/elasticsearch/cluster/routing/allocation/decider/ClusterRebalanceAllocationDecider.java","20","0","0","4","67","95","0"
"hazelcast","a75681a47e3cef94f15f599c0cdbf4f0312b53c9","hazelcast/src/main/java/com/hazelcast/query/impl/getters/GetterFactory.java","20","0","0","4","98","130","2"
"BroadleafCommerce","024e2cd7532a2662f5a6bf6f21876f03bcbccb0a","core/broadleaf-framework/src/main/java/org/broadleafcommerce/core/payment/domain/PaymentInfoImpl.java","20","0","0","44","374","452","2"
"BroadleafCommerce","31d47cb2fa8e903eb75078e6da36b7c2d2ec9a12","core/broadleaf-framework/src/main/java/org/broadleafcommerce/core/payment/domain/PaymentInfoImpl.java","20","0","0","44","374","452","1"
"BroadleafCommerce","8f5ba210f06aebdc1db085d9094cdf5e4ab0a156","core/broadleaf-framework/src/main/java/org/broadleafcommerce/core/payment/domain/PaymentInfoImpl.java","20","0","0","44","374","452","0"
"hazelcast","24b377020aa3aa78ff0c61e5428c73eb75506e6d","hazelcast/src/main/java/com/hazelcast/nio/NodeIOService.java","20","0","0","49","293","370","2"
"elasticsearch","78574d248cf10dad1c5a566fda79e1e0c94afe43","core/src/main/java/org/elasticsearch/action/admin/indices/segments/IndicesSegmentResponse.java","20","0","0","5","165","211","1"
"elasticsearch","e6aaaf11ed4a1b8f595f920de1840938eddb7a97","core/src/main/java/org/elasticsearch/action/admin/indices/segments/IndicesSegmentResponse.java","20","0","0","5","165","211","1"
"elasticsearch","a60b8948ba1d836a6eac7cff095519e618939ed8","core/src/main/java/org/elasticsearch/action/admin/indices/segments/IndicesSegmentResponse.java","20","0","0","5","165","211","0"
"ceylon-ide-eclipse","a5ff16ac7df55d2b8d51292184cc309def123f0b","plugins/com.redhat.ceylon.eclipse.ui/src/com/redhat/ceylon/eclipse/code/refactor/RenamePackageRefactoringParticipant.java","20","0","0","5","187","211","0"
"neo4j","2b87fb4aace868ae6259d95dad0270e0d6e77405","integrationtests/src/test/java/org/neo4j/procedure/UserAggregationFunctionIT.java","20","0","0","52","446","574","1"
"neo4j","9361a926d041066711aeb23e6373b8b699ed82f1","integrationtests/src/test/java/org/neo4j/procedure/UserAggregationFunctionIT.java","20","0","0","53","454","586","0"
"BroadleafCommerce","ccc99f843087cea18fa385a0d8aea9a6abd73d9f","core/broadleaf-framework/src/main/java/org/broadleafcommerce/core/catalog/service/CatalogServiceImpl.java","20","0","0","58","333","428","0"
"netty","505e767a09bc5d55cd0df35b8e0f8c59e9f7c507","transport/src/main/java/io/netty/channel/MultithreadEventExecutorGroup.java","20","0","0","6","107","140","1"
"hazelcast","525c34cddd7f4e08d674611e177bab103e4d1881","hazelcast/src/main/java/com/hazelcast/nio/InOutSelector.java","20","0","0","6","132","171","1"
"hazelcast","82fcc4c7c87097d1719bb56112aec0fafdb6bc0e","hazelcast/src/main/java/com/hazelcast/nio/InOutSelector.java","20","0","0","6","133","172","0"
"elasticsearch","714aaa40eadf2c392b53efd11fc629adb5cf9014","src/main/java/org/elasticsearch/search/suggest/completion/AnalyzingCompletionLookupProvider.java","20","0","0","6","237","312","0"
"elasticsearch","e8519084c98bc91897445bb0a188dc0e1cbaabcd","src/test/java/org/elasticsearch/percolator/RecoveryPercolatorTests.java","20","0","0","6","359","428","0"
"elasticsearch","46f1e30fa9397763fa22dd11c59d198e94ac37c2","src/test/java/org/elasticsearch/percolator/RecoveryPercolatorTests.java","20","0","0","6","360","429","0"
"BroadleafCommerce","ee97f7439ad2f6cdf419d2b18424c4a2015f74be","core/broadleaf-framework/src/main/java/org/broadleafcommerce/core/catalog/service/CatalogServiceImpl.java","20","0","0","60","341","438","0"
"elasticsearch","571b20137a16b2d2121a0e898e1a9c404aad5eed","core/src/main/java/org/elasticsearch/search/aggregations/bucket/terms/LongTermsAggregator.java","20","0","0","7","131","175","2"
"hazelcast","ac2dda4566638398a14318604f960e2afce7d3ca","hazelcast/src/main/java/com/hazelcast/partition/impl/MigrationRequestOperation.java","20","0","0","7","175","225","1"
"hazelcast","08aa22d4cbd64e4769b7c539b8275096fd74888c","hazelcast/src/main/java/com/hazelcast/partition/impl/MigrationRequestOperation.java","20","0","0","7","177","228","1"
"hazelcast","ad4ddf2df9984cf0d223775b80b2b1d985c5695a","hazelcast/src/main/java/com/hazelcast/partition/impl/MigrationRequestOperation.java","20","0","0","7","177","228","2"
"hazelcast","eb280337bfa76ba862dfc8978863d2d483b2b8af","hazelcast/src/main/java/com/hazelcast/partition/impl/MigrationRequestOperation.java","20","0","0","7","177","228","2"
"hazelcast","2c84640858569786577afc9fb091d5b1e7e73b8b","hazelcast/src/main/java/com/hazelcast/partition/impl/MigrationRequestOperation.java","20","0","0","7","177","228","0"
"hazelcast","10dd17ee35ef6222d4820ab81fb2d64eae29ccea","hazelcast/src/main/java/com/hazelcast/partition/impl/MigrationRequestOperation.java","20","0","0","7","177","230","1"
"hazelcast","4c3a3aace4f0b653e357b1aee6df61856b5ed7b0","hazelcast/src/main/java/com/hazelcast/partition/impl/MigrationRequestOperation.java","20","0","0","7","177","230","2"
"hazelcast","8fa8695ee7d89fb65b6349f7bea75d17f15713a7","hazelcast/src/main/java/com/hazelcast/partition/impl/MigrationRequestOperation.java","20","0","0","7","177","230","0"
"hazelcast","55e2aef9a5cf0cc481215ecc6014c38a473a96e3","hazelcast/src/main/java/com/hazelcast/internal/partition/operation/MigrationRequestOperation.java","20","0","0","7","184","239","1"
"hazelcast","9725927db19a0d90e8bc6d1cf6a5d285722db6a1","hazelcast/src/main/java/com/hazelcast/internal/partition/operation/MigrationRequestOperation.java","20","0","0","7","201","261","0"
"hazelcast","b4c0ebfdf05c8f202a08a582183a486ba1e903e0","hazelcast-client/src/test/java/com/hazelcast/client/ClientMemberAttributeTest.java","20","0","0","7","232","317","0"
"elasticsearch","7789dfa0c90819a18c33007ac7981fabebbfd73d","core/src/test/java/org/elasticsearch/search/suggest/completion/CompletionPostingsFormatTests.java","20","0","0","7","456","543","0"
"orientdb","a2eaf6636bb600c7e6d311b0bb7d112bbaafb4a0","etl/src/main/java/com/orientechnologies/orient/etl/extractor/OETLJsonExtractor.java","20","0","0","7","96","139","0"
"orientdb","a2eaf6636bb600c7e6d311b0bb7d112bbaafb4a0","etl/src/main/java/com/orientechnologies/orient/etl/extractor/OETLRowExtractor.java","20","0","0","8","100","149","0"
"orientdb","a2eaf6636bb600c7e6d311b0bb7d112bbaafb4a0","etl/src/main/java/com/orientechnologies/orient/etl/extractor/OETLXmlExtractor.java","20","0","0","8","125","178","0"
"hazelcast","843341d7de5c6e34bb4bd4972c8c6339fc49d701","hazelcast/src/main/java/com/hazelcast/nio/tcp/AbstractIOSelector.java","20","0","0","8","150","196","1"
"BroadleafCommerce","27a352aed0e87a9fcbf1f88922e76017b1be1944","common/src/main/java/org/broadleafcommerce/common/i18n/service/TranslationServiceImpl.java","20","0","0","8","161","219","0"
"hazelcast","353523efcbd6f0096b6ab8c89d09b664f841a6d7","hazelcast/src/main/java/com/hazelcast/nio/ascii/TextReadHandler.java","20","0","0","8","173","208","1"
"elasticsearch","f30a0e846dd6a5127bddc4e4e3d3159e3841b549","src/test/java/org/elasticsearch/search/aggregations/bucket/GeoHashGridTests.java","20","0","0","8","195","254","2"
"BroadleafCommerce","b1a58da9c5995e240462e75190bceadf6f12ed7a","core/broadleaf-framework/src/main/java/org/broadleafcommerce/core/search/service/DatabaseSearchServiceImpl.java","20","0","0","8","211","288","1"
"BroadleafCommerce","92da893577ed005d3f422142164bcbd88b85bd61","core/broadleaf-framework/src/main/java/org/broadleafcommerce/core/search/service/DatabaseSearchServiceImpl.java","20","0","0","8","212","287","1"
"neo4j","7133cda9323ffdaf396536337cfebbdafab1cf1b","community/bolt/src/main/java/org/neo4j/bolt/v1/runtime/TransactionStateMachine.java","20","0","0","8","338","430","1"
"netty","253cd694ef6317d52d41b220f4dcf5fd69f44ec3","microbench/src/main/java/io/netty/microbench/http2/Http2FrameWriterBenchmark.java","20","0","0","8","457","569","1"
"netty","b39380ad83cda7ebe79d692216e204b8b6b67568","microbench/src/main/java/io/netty/microbench/http2/Http2FrameWriterBenchmark.java","20","0","0","8","460","571","0"
"elasticsearch","c0b71d26cfd31641966e597dc3a78c1494d1382d","plugins/repository-s3/src/main/java/org/elasticsearch/cloud/aws/blobstore/S3BlobContainer.java","20","0","0","9","149","198","1"
"hazelcast","7235ef86395b2c8ad3029834cdad7ffd752e71fc","hazelcast/src/main/java/com/hazelcast/nio/tcp/AbstractIOSelector.java","20","0","0","9","150","196","0"
"netty","f3c940d20810635cda3e6c0f19ec3a9f621fe1ed","transport/src/main/java/io/netty/channel/socket/nio/AbstractNioChannel.java","20","0","0","9","171","219","1"
"elasticsearch","25fd9e26c4fb042d6f6dea14efcd239577bdbbc4","core/src/main/java/org/elasticsearch/action/support/single/shard/TransportSingleShardAction.java","20","0","1","0","234","319","0"
"elasticsearch","e0acf13a124af9f85e7a46a6f78e494fe1643ca0","modules/elasticsearch/src/main/java/org/elasticsearch/action/support/single/custom/TransportSingleCustomOperationAction.java","20","0","1","0","235","317","0"
"elasticsearch","3da6e0a5b043760c6a5b3ce62a89f1b6a0f86048","modules/elasticsearch/src/main/java/org/elasticsearch/action/support/single/custom/TransportSingleCustomOperationAction.java","20","0","1","0","239","321","0"
"netty","5398792ffa19829bfdc7e9ac02ebdb8952c84032","transport/src/main/java/io/netty/channel/nio/AbstractNioMessageChannel.java","20","0","1","0","93","144","0"
"netty","082b5f0dff8de1c1e5e830a7c2346f6794ca239a","transport/src/main/java/io/netty/channel/socket/oio/StreamOioByteChannel.java","20","0","1","1","114","160","0"
"netty","e1cc1fbabce9b0d7247e6a955496c78e3772390a","codec/src/main/java/io/netty/handler/codec/ReplayingDecoder.java","20","0","1","1","118","429","0"
"netty","9e1e4f79c76f39c8d6efccbf8351e7d13ced8007","codec/src/main/java/io/netty/handler/codec/ReplayingDecoder.java","20","0","1","1","121","435","1"
"elasticsearch","23f7b0002a8cfa5449c2b0a564aa084bfdb12e79","src/main/java/org/elasticsearch/action/admin/indices/warmer/delete/TransportDeleteWarmerAction.java","20","0","1","1","135","182","0"
"elasticsearch","7ab0e2c5321c802068d85c0fa3a0f44e0b02c5a4","core/src/test/java/org/elasticsearch/benchmark/search/child/ChildSearchShortCircuitBenchmark.java","20","0","1","1","161","210","1"
"elasticsearch","dc900a08a6c6f346656105fa0e2484ed186f8461","core/src/test/java/org/elasticsearch/benchmark/search/child/ChildSearchShortCircuitBenchmark.java","20","0","1","1","162","211","0"
"elasticsearch","be19ccef573b4e9a839159157d7e6c2645261897","core/src/main/java/org/elasticsearch/action/admin/indices/shards/TransportIndicesShardStoresAction.java","20","0","1","1","181","237","0"
"elasticsearch","4a578e9c710a5bf7d7f328440d5d2d54f48ba11f","core/src/main/java/org/elasticsearch/action/admin/indices/shards/TransportIndicesShardStoresAction.java","20","0","1","1","182","238","1"
"elasticsearch","9ee08dbb0b247afb881431df0c313024eb768747","core/src/test/java/org/elasticsearch/benchmark/search/aggregations/GlobalOrdinalsBenchmark.java","20","0","1","1","196","247","1"
"elasticsearch","5337686d8d39568f94b0b976bd9098af69214302","core/src/test/java/org/elasticsearch/benchmark/search/aggregations/GlobalOrdinalsBenchmark.java","20","0","1","1","198","249","0"
"elasticsearch","034ce752509281a233d883bed15dfd2024edb6d9","src/main/java/org/elasticsearch/action/support/master/TransportMasterNodeOperationAction.java","20","0","1","1","225","292","0"
"elasticsearch","5007bf7aa041ce344ec042d9960b5e76afdcbaf6","src/main/java/org/elasticsearch/action/support/master/TransportMasterNodeOperationAction.java","20","0","1","1","228","296","2"
"elasticsearch","3f37a0ff5c1fac3da95d024044c5754ba0c13d15","src/main/java/org/elasticsearch/action/support/master/TransportMasterNodeOperationAction.java","20","0","1","1","228","297","0"
"elasticsearch","1d7e20b7121537fb32cc3f1e3300e85bad3a014e","src/main/java/org/elasticsearch/action/index/TransportIndexAction.java","20","0","1","1","237","306","0"
"elasticsearch","a8dcfa5deb65d57ae4814f97c7f5231ed45507c2","src/main/java/org/elasticsearch/action/update/TransportUpdateAction.java","20","0","1","1","239","287","0"
"elasticsearch","df965fc9b351b926de0ada9f241a2e1c0793974b","core/src/main/java/org/elasticsearch/action/admin/cluster/node/tasks/cancel/TransportCancelTasksAction.java","20","0","1","1","257","327","2"
"elasticsearch","334763acef7878dec9de7557b088d62f27695c8d","src/main/java/org/elasticsearch/node/internal/InternalSettingsPreparer.java","20","0","1","1","89","139","0"
"BroadleafCommerce","88b3ca211cb7f2bde186c45ce754544f15e77566","core/broadleaf-framework-web/src/main/java/org/broadleafcommerce/core/web/api/wrapper/CategoryWrapper.java","20","0","1","1","96","156","0"
"hazelcast","df854a031b2fa3d314e6764d1aaa76c84eeb877f","hazelcast/src/main/java/com/hazelcast/query/impl/SortedIndexStore.java","20","0","1","10","170","208","0"
"elasticsearch","3b5c133c7143e6ff09e947d30ea2222af18556f0","modules/elasticsearch/src/main/java/org/elasticsearch/index/cache/filter/support/AbstractConcurrentMapFilterCache.java","20","0","1","10","173","248","0"
"hazelcast","bfa50b94f7d17d96907faaedf3e4811680937685","hazelcast/src/main/java/com/hazelcast/internal/partition/operation/PartitionReplicaSyncRequest.java","20","0","1","10","199","262","0"
"netty","f70757da2a71db93c3b2108cef86d8a45ef67c08","buffer/src/test/java/io/netty/buffer/PooledByteBufAllocatorTest.java","20","0","1","10","315","404","0"
"elasticsearch","6941966b1654106ed9249cd01c32bfa2e06b452f","core/src/test/java/org/elasticsearch/tribe/TribeIT.java","20","0","1","10","354","459","0"
"orientdb","c143ec653bd43c119ce79712eb3302775b077113","core/src/main/java/com/orientechnologies/orient/core/tx/OTransactionAbstract.java","20","0","1","11","109","161","2"
"BroadleafCommerce","c5097fa914c5e97733a30f336d41017ef2498331","core/broadleaf-framework/src/main/java/org/broadleafcommerce/core/order/service/OrderMultishipOptionServiceImpl.java","20","0","1","11","153","206","1"
"hazelcast","09b697efe44d0a63d37e52be63b704854ac8ef63","hazelcast/src/main/java/com/hazelcast/replicatedmap/impl/ReplicatedMapService.java","20","0","1","11","171","226","2"
"hazelcast","38f5951bcccedf13f43a6eec7488865fb3da81e6","hazelcast/src/main/java/com/hazelcast/replicatedmap/impl/ReplicatedMapService.java","20","0","1","11","171","226","2"
"hazelcast","cde914700341904b25a04a43f120d8e8b6ace0d1","hazelcast/src/main/java/com/hazelcast/replicatedmap/impl/ReplicatedMapService.java","20","0","1","11","171","226","0"
"elasticsearch","a6510f924520d8cdda2636ac85a1a1e43f6dfb8c","src/test/java/org/elasticsearch/stresstest/fullrestart/FullRestartStressTest.java","20","0","1","11","180","245","0"
"elasticsearch","d8f16178d3f21b4f9d17da12e7aa61613fc2c27a","src/test/java/org/elasticsearch/stresstest/fullrestart/FullRestartStressTest.java","20","0","1","11","181","246","1"
"BroadleafCommerce","7b665e30fc319cf32e2131b74a6f7f6e3072c3cb","admin/broadleaf-contentmanagement-module/src/main/java/org/broadleafcommerce/cms/file/service/StaticAssetServiceImpl.java","20","0","1","11","204","304","2"
"neo4j","35ff76e0b8d4ea42263048ad00507e28f4ec59cb","community/kernel/src/main/java/org/neo4j/kernel/impl/transaction/xaframework/LogPruneStrategies.java","20","0","1","11","225","313","1"
"elasticsearch","1f04182b8164ffb19f3805c48d67f0375262b317","core/src/main/java/org/elasticsearch/action/admin/cluster/snapshots/status/TransportNodesSnapshotsStatus.java","20","0","1","11","230","296","0"
"elasticsearch","aa6bf5fd1d67f0d17fce87c647f56f7967bd373d","src/main/java/org/elasticsearch/action/admin/cluster/snapshots/status/TransportNodesSnapshotsStatus.java","20","0","1","11","232","301","0"
"elasticsearch","95b894e6f625b1e9bb2ed1fd2abb8f0ee7224727","src/main/java/org/elasticsearch/common/compress/lzf/LZFCompressor.java","20","0","1","12","107","148","0"
"orientdb","34381efb703cf53e336dfd3605533e5ce33e452c","core/src/main/java/com/orientechnologies/orient/core/tx/OTransactionAbstract.java","20","0","1","12","114","167","1"
"hazelcast","0f5575afca47b00560642c90de8de32c51a20f1f","hazelcast-hibernate/hazelcast-hibernate3/src/main/java/com/hazelcast/hibernate/distributed/IMapRegionCache.java","20","0","1","12","130","173","2"
"hazelcast","5761278217ecc188118a812af46908ed3d531d4d","hazelcast-hibernate/hazelcast-hibernate3/src/main/java/com/hazelcast/hibernate/distributed/IMapRegionCache.java","20","0","1","12","138","180","0"
"hazelcast","2b59705f1100a4ba82666c7eb57bd19f7f8e603f","hazelcast-hibernate/hazelcast-hibernate3/src/main/java/com/hazelcast/hibernate/distributed/IMapRegionCache.java","20","0","1","12","139","185","1"
"elasticsearch","974fafb2daa94c91f637cef8cfe568f1cbb22396","src/main/java/org/elasticsearch/action/admin/cluster/snapshots/status/TransportNodesSnapshotsStatus.java","20","0","1","12","237","307","0"
"elasticsearch","1f5bd495edb9ec9cd2a8c4ec55b05a58ce14b278","core/src/test/java/org/elasticsearch/test/rest/client/http/HttpRequestBuilder.java","20","0","1","13","160","225","2"
"elasticsearch","e5fa63e6927ff3628d6bf0ae07a9790370694186","core/src/test/java/org/elasticsearch/test/rest/client/http/HttpRequestBuilder.java","20","0","1","13","160","225","3"
"elasticsearch","164efaecbe42195f08ada58b5fde927ab21fc6e7","core/src/test/java/org/elasticsearch/test/rest/client/http/HttpRequestBuilder.java","20","0","1","13","160","225","0"
"hazelcast","74f96e63e79a3747203fdb91acfc66c00b5931ef","hazelcast-client/src/main/java/com/hazelcast/client/spi/impl/ClientClusterServiceImpl.java","20","0","1","13","200","251","0"
"hazelcast","6b2fbbcb689c6b1a6da417d3f63067528bb1ae86","hazelcast-client/src/main/java/com/hazelcast/client/spi/impl/ClientClusterServiceImpl.java","20","0","1","13","204","256","1"
"elasticsearch","08b026d060f917ebd20e7d7fbd630ff21a0be197","src/test/java/org/elasticsearch/test/integration/search/basic/TransportTwoNodesSearchTests.java","20","0","1","13","297","391","1"
"hazelcast","0287d390022e68e3c252acac8db8e0dfc15ecbea","hazelcast/src/test/java/com/hazelcast/collection/impl/txnqueue/TransactionQueueTest.java","20","0","1","13","373","453","1"
"hazelcast","07c062642dc435bad95ad1f160a468d731fe995e","hazelcast/src/test/java/com/hazelcast/collection/impl/txnqueue/TransactionQueueTest.java","20","0","1","13","373","453","1"
"hazelcast","5bf9e046e54907d3f698fde6a6c8aa9305a3cb87","hazelcast/src/test/java/com/hazelcast/collection/impl/txnqueue/TransactionQueueTest.java","20","0","1","13","373","453","0"
"elasticsearch","5c8fe598a6bcb11bf0e674ef59c2726eeb8cfbf8","modules/elasticsearch/src/main/java/org/elasticsearch/index/mapper/xcontent/StringFieldMapper.java","20","0","1","14","146","196","1"
"elasticsearch","fcdc36977c3887a5f8c81e7f9903a2377aa65b47","src/test/java/org/elasticsearch/test/integration/search/basic/TransportTwoNodesSearchTests.java","20","0","1","14","315","415","0"
"orientdb","49646436cee4497bc6b13ed638598cac2c4ae6e6","core/src/test/java/com/orientechnologies/orient/core/index/sbtree/local/SBTreeTestBigValuesWAL.java","20","0","1","14","353","456","0"
"orientdb","a6366e3af3a3ac8bcc2c055cc837d28536384916","core/src/test/java/com/orientechnologies/orient/core/index/sbtree/local/SBTreeTestBigValuesWAL.java","20","0","1","14","357","460","1"
"orientdb","731545a32e96d61ede50300ab6b8dd1166de7431","core/src/main/java/com/orientechnologies/common/directmemory/ODirectMemoryPointerFactory.java","20","0","1","15","154","195","0"
"BroadleafCommerce","750e5272c9fffbcc732a93bddc9d14eb036fd3ac","core/broadleaf-framework-web/src/main/java/org/broadleafcommerce/core/web/processor/GoogleUniversalAnalyticsProcessor.java","20","0","1","15","206","354","0"
"elasticsearch","8fb016324415a80a0d39f90a4a89a0c65e79113e","modules/elasticsearch/src/main/java/org/elasticsearch/script/ScriptService.java","20","0","1","16","154","205","1"
"elasticsearch","d0f4bc16caf9d9da3319b42bc35e9382f37704c9","core/src/test/java/org/elasticsearch/fieldstats/FieldStatsTests.java","20","0","1","16","489","571","0"
"elasticsearch","048d2734084aac785bd867fc653b6fc8d38c9ab4","core/src/main/java/org/elasticsearch/common/Table.java","20","0","1","17","156","220","0"
"mcMMO","cfa0daefc5cb66e3082b4d96db72f1f3fd2125ee","src/main/java/com/gmail/nossr50/util/EventUtils.java","20","0","1","17","204","283","0"
"elasticsearch","aab8c1f032328e6ac839868b4e6173887632131f","modules/lang-groovy/src/main/java/org/elasticsearch/script/groovy/GroovyScriptEngineService.java","20","0","1","17","244","370","0"
"hazelcast","21586825d367940e1c79cf289e97310daab1200d","hazelcast/src/test/java/com/hazelcast/map/impl/query/QueryAdvancedTest.java","20","0","1","17","397","474","1"
"hazelcast","772b5217030e0fb94bf07a00d9b5e7b275a82030","hazelcast/src/test/java/com/hazelcast/map/impl/query/QueryAdvancedTest.java","20","0","1","17","398","490","0"
"hazelcast","14abf8f6cf7891e659837da0e0dde65087f8fb44","hazelcast/src/test/java/com/hazelcast/map/impl/query/QueryAdvancedTest.java","20","0","1","17","399","494","1"
"elasticsearch","b31f68a0ebdbaa61ff92293dc1914ba7bbad1765","modules/elasticsearch/src/main/java/org/elasticsearch/cluster/routing/PlainShardsIterator.java","20","0","1","18","153","202","0"
"elasticsearch","f98bd654a8fb38b4e8c5c9aab8a72ac5a0b09d9d","src/main/java/org/elasticsearch/index/cache/filter/weighted/WeightedFilterCache.java","20","0","1","19","185","256","0"
"elasticsearch","a2b87e28f6cf9644a6b1ecdf4046b5ffedf490a9","src/main/java/org/elasticsearch/index/cache/filter/weighted/WeightedFilterCache.java","20","0","1","19","187","258","1"
"elasticsearch","b01070a3903fd9c1db01e2b15763df5c0761e935","core/src/test/java/org/elasticsearch/index/query/InnerHitBuilderTests.java","20","0","1","19","330","441","1"
"BroadleafCommerce","024e2cd7532a2662f5a6bf6f21876f03bcbccb0a","admin/broadleaf-open-admin-platform/src/main/java/org/broadleafcommerce/openadmin/server/service/persistence/module/criteria/CriteriaTranslatorImpl.java","20","0","1","2","107","145","2"
"BroadleafCommerce","31d47cb2fa8e903eb75078e6da36b7c2d2ec9a12","admin/broadleaf-open-admin-platform/src/main/java/org/broadleafcommerce/openadmin/server/service/persistence/module/criteria/CriteriaTranslatorImpl.java","20","0","1","2","107","145","1"
"BroadleafCommerce","8f5ba210f06aebdc1db085d9094cdf5e4ab0a156","admin/broadleaf-open-admin-platform/src/main/java/org/broadleafcommerce/openadmin/server/service/persistence/module/criteria/CriteriaTranslatorImpl.java","20","0","1","2","107","145","0"
"netty","218afba1f25de7883a5e9edd3f48f081a7b36e30","codec-http/src/main/java/io/netty/handler/codec/http/HttpContentDecoder.java","20","0","1","2","110","199","0"
"BroadleafCommerce","cd4dba4517e56b14042e5ed1567e933ca3904efd","core/broadleaf-framework/src/main/java/org/broadleafcommerce/core/pricing/service/workflow/TotalActivity.java","20","0","1","2","113","177","0"
"hazelcast","59ca7b99475abfe77953a65f5bee08c809821fa4","hazelcast/src/main/java/com/hazelcast/cache/impl/CacheEventListenerAdaptor.java","20","0","1","2","123","171","2"
"elasticsearch","284a35131cd6a96baba14b31c827e5f6dab7b4ad","modules/elasticsearch/src/main/java/org/elasticsearch/search/fetch/FetchPhase.java","20","0","1","2","125","168","0"
"netty","c43b9b4dd259412f3fa3c950f41658d74b1d84d7","codec/src/main/java/io/netty/handler/codec/ReplayingDecoder.java","20","0","1","2","131","465","1"
"netty","f75ba72aeb4f21f5f39215c0900b261b9f22a9fa","codec/src/main/java/io/netty/handler/codec/ReplayingDecoder.java","20","0","1","2","131","465","1"
"netty","0b11fb2eadb7a44cbef26d4972f9070015b3da38","codec/src/main/java/io/netty/handler/codec/ReplayingDecoder.java","20","0","1","2","131","465","0"
"netty","2adebc4c54ae98565db8e2a3c02b2ffaa0c101fe","codec/src/main/java/io/netty/handler/codec/ReplayingDecoder.java","20","0","1","2","132","466","1"
"netty","81e2db10faaf0389f4e1af8c7132210946203157","codec/src/main/java/io/netty/handler/codec/ReplayingDecoder.java","20","0","1","2","134","468","0"
"elasticsearch","71849668e9d05fa72efabb83654aa5a3293c309b","src/main/java/org/elasticsearch/rest/action/update/RestUpdateAction.java","20","0","1","2","148","183","1"
"elasticsearch","178629382cae497aaa5b4842208cd570b189bd52","src/main/java/org/elasticsearch/rest/action/update/RestUpdateAction.java","20","0","1","2","150","186","0"
"elasticsearch","7b0efcbd9672f49ac93a7e4e2b0340b2ce207610","src/main/java/org/elasticsearch/action/search/type/TransportSearchScrollQueryAndFetchAction.java","20","0","1","2","161","213","1"
"elasticsearch","af119dfdd95667ea9d92de8e644448fbdc285b4f","src/main/java/org/elasticsearch/index/translog/TranslogService.java","20","0","1","2","161","219","0"
"elasticsearch","5ebc238a259d189ad35f9e5117c7e6bf0f56e6cc","src/main/java/org/elasticsearch/index/translog/TranslogService.java","20","0","1","2","161","220","1"
"elasticsearch","7ab99de48324677513803b230b48916e93118906","src/main/java/org/elasticsearch/index/translog/TranslogService.java","20","0","1","2","161","220","1"
"elasticsearch","4b28bc396d55eb465723c84c0b5682ad277d412a","src/main/java/org/elasticsearch/index/translog/TranslogService.java","20","0","1","2","161","220","0"
"hazelcast","70d4de16ff0ac4518d09aad8c9f2ad9e782fb337","hazelcast/src/main/java/com/hazelcast/cache/impl/CacheRecordStore.java","20","0","1","2","170","237","1"
"hazelcast","d568e4d926d925d57d4e79e34614390416749301","hazelcast/src/main/java/com/hazelcast/cache/impl/CacheRecordStore.java","20","0","1","2","173","252","0"
"elasticsearch","eb36b82de48750777172ecdc3b019de32535e3f4","test/framework/src/main/java/org/elasticsearch/index/shard/IndexShardTestCase.java","20","0","1","2","352","512","0"
"elasticsearch","29f63c78cc2c57fe1b804a81424bdb37a2f73d55","test/framework/src/main/java/org/elasticsearch/index/shard/IndexShardTestCase.java","20","0","1","2","356","516","1"
"elasticsearch","65f90b25e0e2306ed53cad6c01e07875a0000a6c","test/framework/src/main/java/org/elasticsearch/index/shard/IndexShardTestCase.java","20","0","1","2","361","522","1"
"elasticsearch","2fa1c9fff14adbdbbd373c5b39b553c55e3738f7","test/framework/src/main/java/org/elasticsearch/index/shard/IndexShardTestCase.java","20","0","1","2","362","523","0"
"neo4j","d53a2bf71216aaef6c1f25705ca7bbf1b768b01e","enterprise/ha/src/test/java/org/neo4j/kernel/ha/com/master/MasterImplConversationStopFuzzIT.java","20","0","1","2","442","540","1"
"neo4j","30b42e950ac4a892ad0524ab6d9afe3091be49a4","enterprise/ha/src/main/java/org/neo4j/kernel/ha/factory/HighlyAvailableEditionModule.java","20","0","1","2","659","869","2"
"neo4j","951a365a594d7a300c3388374bc1eb59e33b19b4","enterprise/ha/src/main/java/org/neo4j/kernel/ha/factory/HighlyAvailableEditionModule.java","20","0","1","2","660","871","1"
"BroadleafCommerce","15e70fe6b89d008dd88b5e98dbfc66a720db68bb","core/broadleaf-framework/src/main/java/org/broadleafcommerce/core/order/service/call/AbstractOrderItemRequest.java","20","0","1","20","110","169","0"
"elasticsearch","146a6d3730f387106ad08066761d398eb4911335","modules/elasticsearch/src/main/java/org/elasticsearch/script/ScriptService.java","20","0","1","20","164","220","0"
"elasticsearch","78a48b102f0ae822f61ba5456350c8cd8fd809cb","core/src/test/java/org/elasticsearch/index/query/InnerHitBuilderTests.java","20","0","1","20","346","460","0"
"elasticsearch","70e14d5e3fb78a74a89e812fc019882e781c61e4","core/src/test/java/org/elasticsearch/index/query/InnerHitBuilderTests.java","20","0","1","20","347","461","0"
"elasticsearch","90b547cf2c82b03fe42b9cce4ea878d81734228a","src/main/java/org/elasticsearch/index/mapper/internal/IndexFieldMapper.java","20","0","1","21","165","229","2"
"elasticsearch","c49276cda71e2282ec8204e485556965f5541bdb","src/main/java/org/elasticsearch/index/mapper/internal/IndexFieldMapper.java","20","0","1","21","165","230","1"
"elasticsearch","d18fb8bfbd4562bd55890103d488c448729e450b","src/main/java/org/elasticsearch/index/mapper/internal/IndexFieldMapper.java","20","0","1","21","165","230","1"
"elasticsearch","9569166f9431cafe322de6d1f96b7bfd6f50b798","src/main/java/org/elasticsearch/index/mapper/internal/IndexFieldMapper.java","20","0","1","21","165","230","0"
"hazelcast","3ddd19fb47fe36a8e3af439fd0dcfbae1d851092","hazelcast-client/src/main/java/com/hazelcast/client/spi/impl/ClientInvocation.java","20","0","1","21","177","236","1"
"elasticsearch","e1efd5f6baf8dec1c23c79b346b8a29f234a98bb","core/src/main/java/org/elasticsearch/action/admin/cluster/snapshots/status/TransportNodesSnapshotsStatus.java","20","0","1","21","230","296","0"
"elasticsearch","589360c8b1a46c1509c7e589f06124b91cb3dbaf","src/main/java/org/elasticsearch/index/mapper/internal/IndexFieldMapper.java","20","0","1","22","168","233","3"
"elasticsearch","7dfe48c33b9d1bb926a7f6fff0aab9de3076cf03","modules/elasticsearch/src/main/java/org/elasticsearch/index/query/QueryParseContext.java","20","0","1","23","164","232","0"
"netty","30a293c74baec21c1f5688ba0a8e8cb34bf00869","transport-sctp/src/main/java/io/netty/channel/sctp/DefaultSctpChannelConfig.java","20","0","1","23","198","250","0"
"MapDB","116cfc9f8ed8f8bcdcdac62cc297bf226a1328af","src/test/java/org/mapdb/SerializerPojoTest.java","20","0","1","24","262","369","0"
"elasticsearch","761ef5d9f1ff35c0092295701f8a7dfe7ce8658f","src/main/java/org/elasticsearch/script/groovy/GroovyScriptEngineService.java","20","0","1","24","274","362","0"
"hazelcast","05b27a3d7f9adfb832f8fb0c7927fc71c14df2b4","hazelcast/src/main/java/com/hazelcast/client/impl/ClientEndpointImpl.java","20","0","1","25","229","284","2"
"hazelcast","317fabec0c90b274c686ba018cc1b465fee244f2","hazelcast/src/main/java/com/hazelcast/client/impl/ClientEndpointImpl.java","20","0","1","25","229","284","1"
"hazelcast","a1494c9e81153be0f5030c30ce2673c1acdeb3b5","hazelcast/src/main/java/com/hazelcast/client/impl/ClientEndpointImpl.java","20","0","1","25","229","284","1"
"hazelcast","b17c30e3ef5f3abc80892e09be43290657567985","hazelcast/src/main/java/com/hazelcast/client/impl/ClientEndpointImpl.java","20","0","1","25","229","284","1"
"hazelcast","d0fd18cd0e2fac83d47776ccc1f08639bfc9823f","hazelcast/src/main/java/com/hazelcast/client/impl/ClientEndpointImpl.java","20","0","1","25","229","284","2"
"hazelcast","d472cbea8d404ea4e42a5cc0bb455dbec40e7985","hazelcast/src/main/java/com/hazelcast/client/impl/ClientEndpointImpl.java","20","0","1","25","229","284","3"
"hazelcast","3ebaae074cee2636d7a5f672347d1167d0c6c918","hazelcast/src/main/java/com/hazelcast/client/impl/ClientEndpointImpl.java","20","0","1","25","229","284","0"
"hazelcast","19b6f87638947390eac6a604d8c2e73a8d7025f8","hazelcast/src/main/java/com/hazelcast/client/impl/ClientEndpointImpl.java","20","0","1","25","230","285","3"
"hazelcast","795b65e0c11649c80fc30ec38603fedd98ee609a","hazelcast/src/main/java/com/hazelcast/client/impl/ClientEndpointImpl.java","20","0","1","25","230","285","3"
"hazelcast","191a6fd5c3d11d24c1c3a43ef70771074cc60ddd","hazelcast/src/main/java/com/hazelcast/client/impl/ClientEndpointImpl.java","20","0","1","25","230","285","0"
"hazelcast","3571a6db8a917f909cb1ee4a240e50193743ee27","hazelcast/src/main/java/com/hazelcast/client/impl/ClientEndpointImpl.java","20","0","1","26","224","278","0"
"hazelcast","4e48ef71472d7e4fc66f3022497ade691e7bd887","hazelcast/src/main/java/com/hazelcast/client/impl/ClientEndpointImpl.java","20","0","1","26","224","278","0"
"hazelcast","49e2dfb6fb01762443b85a42c138d20c458e5a92","hazelcast/src/main/java/com/hazelcast/client/impl/ClientEndpointImpl.java","20","0","1","26","224","278","1"
"hazelcast","71768d3b6d5aed37f0211853a15e10dc87c776c9","hazelcast/src/main/java/com/hazelcast/client/impl/ClientEndpointImpl.java","20","0","1","26","225","279","1"
"hazelcast","ae877df50978fcfb112d6d0cab2c78f80d1ee770","hazelcast/src/main/java/com/hazelcast/client/impl/ClientEndpointImpl.java","20","0","1","26","225","279","1"
"hazelcast","d65de8708631978b87d39db7c947a073e0963228","hazelcast/src/main/java/com/hazelcast/client/impl/ClientEndpointImpl.java","20","0","1","26","225","279","2"
"hazelcast","264b730b6e10ae9df6f5d8727209ca007160236f","hazelcast/src/main/java/com/hazelcast/client/impl/ClientEndpointImpl.java","20","0","1","26","225","279","0"
"netty","11f9e9084b2da5e7a0e48c6a5c86be0f41a584de","transport/src/test/java/io/netty/channel/DefaultChannelPipelineTest.java","20","0","1","26","518","663","2"
"netty","bd8a5bc9b3db224c446e0c05fa127ba7022db942","transport/src/test/java/io/netty/channel/DefaultChannelPipelineTest.java","20","0","1","26","518","663","1"
"netty","9752f37fa0100cb3cab1ae842630610abd4eb301","transport/src/test/java/io/netty/channel/DefaultChannelPipelineTest.java","20","0","1","26","518","663","0"
"hazelcast","729d582228ee7941ac6cb770da6f0ffb05770a8a","hazelcast/src/main/java/com/hazelcast/client/impl/ClientEndpointImpl.java","20","0","1","27","225","279","1"
"netty","0f6559d188f46be591902091f8150ad36c655c4f","transport/src/test/java/io/netty/channel/DefaultChannelPipelineTest.java","20","0","1","27","540","687","1"
"netty","187efca9aa30b4c74bccd5356dd19b34cbf3f010","transport/src/test/java/io/netty/channel/DefaultChannelPipelineTest.java","20","0","1","28","620","783","0"
"elasticsearch","a18f47e62e426885de82584e5536f5f20d252d49","src/test/java/org/elasticsearch/search/suggest/CompletionSuggestSearchTests.java","20","0","1","28","678","844","0"
"hazelcast","e78b610375a31d161665d2990bb6baa41933e0ee","hazelcast-client/src/test/java/com/hazelcast/client/map/ClientMapTest.java","20","0","1","29","425","527","0"
"elasticsearch","73f7f426def5546e43e870bf33f3dba8d67ee55a","src/main/java/org/elasticsearch/search/aggregations/metrics/tophits/TopHitsParser.java","20","0","1","3","100","130","0"
"hazelcast","bfae99faf8cf497cf96fb30ccbe60057161e6a16","hazelcast/src/main/java/com/hazelcast/cache/impl/CacheEventListenerAdaptor.java","20","0","1","3","131","181","3"
"hazelcast","d38202141395360399c9cf97d4453adf5b1581e1","hazelcast/src/main/java/com/hazelcast/cache/impl/CacheEventListenerAdaptor.java","20","0","1","3","131","181","1"
"hazelcast","20b21c92537f993205ae16843747412efc000407","hazelcast/src/main/java/com/hazelcast/cache/impl/CacheEventListenerAdaptor.java","20","0","1","3","131","181","0"
"orientdb","67b44e38d6982f4b915b71290548d72dbd5aaa00","core/src/test/java/com/orientechnologies/orient/core/index/sbtreebonsai/local/OSBTreeBonsaiNonLeafBucketTest.java","20","0","1","3","138","188","1"
"orientdb","67b44e38d6982f4b915b71290548d72dbd5aaa00","core/src/test/java/com/orientechnologies/orient/core/index/sbtree/local/SBTreeNonLeafBucketTest.java","20","0","1","3","139","190","1"
"oryx","0c1bfe9ae796c2d7138b2f6b7f2d9de2f60dc015","app/oryx-app/src/main/java/com/cloudera/oryx/app/speed/als/ALSSpeedModelManager.java","20","0","1","3","140","229","0"
"orientdb","daa89846a07faf0215b5d99ec4121ebd7395c41e","core/src/test/java/com/orientechnologies/orient/core/index/sbtreebonsai/local/OSBTreeBonsaiNonLeafBucketTest.java","20","0","1","3","141","192","0"
"orientdb","daa89846a07faf0215b5d99ec4121ebd7395c41e","core/src/test/java/com/orientechnologies/orient/core/index/sbtree/local/SBTreeNonLeafBucketTest.java","20","0","1","3","143","194","0"
"elasticsearch","496f50bfc305bb83b7e8d30212225a8026a9d0a9","core/src/main/java/org/elasticsearch/index/SearchSlowLog.java","20","0","1","3","177","239","0"
"elasticsearch","f5fbe0d66cb000f40d5f3305d4e2c42fe73b908e","modules/elasticsearch/src/main/java/org/elasticsearch/river/RiversService.java","20","0","1","3","181","253","0"
"titan","21d712306d38cb33488304cd356b0c812323557d","titan-core/src/main/java/com/thinkaurelius/titan/graphdb/database/idassigner/StandardIDPool.java","20","0","1","3","191","248","0"
"titan","598e12b21c73c1eb837031f2bee0398c08ad9d09","titan-core/src/main/java/com/thinkaurelius/titan/graphdb/database/idassigner/StandardIDPool.java","20","0","1","3","192","248","0"
"elasticsearch","2e2d8c1442bc47151fca711f910f0f88a15b9f84","core/src/main/java/org/elasticsearch/index/SearchSlowLog.java","20","0","1","3","200","261","1"
"elasticsearch","bf312f4203d3152c2ea07c65c13b6ee1c02952ab","core/src/main/java/org/elasticsearch/index/SearchSlowLog.java","20","0","1","3","201","261","0"
"elasticsearch","3dc21e780b397304a2ce7bf587cbfddf1c736c08","core/src/main/java/org/elasticsearch/index/SearchSlowLog.java","20","0","1","3","205","266","0"
"elasticsearch","6e4273ae0b1d3dfdc0fdd3c470b13c57a5b99a4c","core/src/main/java/org/elasticsearch/index/SearchSlowLog.java","20","0","1","3","205","266","0"
"elasticsearch","1f0673c9bd7e26ddf5ce55c6a184db2dbf4c778a","core/src/main/java/org/elasticsearch/index/SearchSlowLog.java","20","0","1","3","205","266","1"
"elasticsearch","17ad88d539ded5a935fc7c37e13a565a3b4a697c","modules/transport-netty3/src/main/java/org/elasticsearch/http/netty3/Netty3HttpChannel.java","20","0","1","3","207","274","0"
"orientdb","bae4ca56ff063ca253a15b54ae4c670742faf11b","core/src/main/java/com/orientechnologies/orient/core/sql/executor/OInsertExecutionPlanner.java","20","0","1","3","91","111","0"
"elasticsearch","5e023848ded6b5de64c55fec3d604fc93a2ac64b","core/src/main/java/org/elasticsearch/index/query/RegexpQueryParser.java","20","0","1","3","96","135","0"
"orientdb","ac6ba2add76a1f3d3aaa40429729ec87cfad1e1b","core/src/test/java/com/orientechnologies/orient/core/storage/impl/local/paginated/LocalPaginatedClusterWithWAL.java","20","0","1","30","359","483","1"
"orientdb","b43eac5ee4b92c9327f3596c5c1986a6c29e1dfb","core/src/test/java/com/orientechnologies/orient/core/storage/impl/local/paginated/LocalPaginatedClusterWithWAL.java","20","0","1","30","359","484","0"
"orientdb","49646436cee4497bc6b13ed638598cac2c4ae6e6","core/src/test/java/com/orientechnologies/orient/core/storage/impl/local/paginated/LocalPaginatedClusterWithWAL.java","20","0","1","30","376","500","0"
"orientdb","a6366e3af3a3ac8bcc2c055cc837d28536384916","core/src/test/java/com/orientechnologies/orient/core/storage/impl/local/paginated/LocalPaginatedClusterWithWAL.java","20","0","1","31","373","499","1"
"elasticsearch","7cc2bc8a145456297e7e33a2c22f5ea4b778e04e","src/test/java/org/elasticsearch/aliases/IndexAliasesTests.java","20","0","1","35","826","1028","4"
"elasticsearch","2e2e345dcb90e1ec1c48c6bb5348469fc514aea1","src/test/java/org/elasticsearch/aliases/IndexAliasesTests.java","20","0","1","36","836","1038","5"
"netty","ec2b29f0b6ab3c57fe0e75b2951f1136c8db8ed0","codec-http/src/main/java/io/netty/handler/codec/http/HttpContentDecoder.java","20","0","1","4","108","196","0"
"BroadleafCommerce","57a03e692a8cffe2455344d89302f92b8f340872","admin/broadleaf-open-admin-platform/src/main/java/org/broadleafcommerce/openadmin/server/service/persistence/validation/EntityValidatorServiceImpl.java","20","0","1","4","117","178","2"
"netty","99b999760abb20e0eec60bc345873de515d3153a","codec/src/main/java/io/netty/handler/codec/ReplayingDecoder.java","20","0","1","4","144","459","0"
"elasticsearch","b865047125648cd571e40b165357fbb0b2f7a51f","src/main/java/org/elasticsearch/action/admin/indices/stats/TransportIndicesStatsAction.java","20","0","1","4","170","224","2"
"elasticsearch","a841a422f6de2e176cfe43ace327adfac85bdf95","src/main/java/org/elasticsearch/action/admin/indices/stats/TransportIndicesStatsAction.java","20","0","1","4","171","225","3"
"hazelcast","515f041d8848545394faff4ecd3b1f37c643b2e3","hazelcast/src/main/java/com/hazelcast/spi/impl/operationservice/impl/InvocationMonitor.java","20","0","1","4","171","239","1"
"hazelcast","baa368522ed3c920f4eee5e07815c8d3292589c8","hazelcast/src/test/java/com/hazelcast/concurrent/semaphore/SemaphoreTest.java","20","0","1","4","192","246","0"
"hazelcast","73169d6f336cdba096477afe2951c98595b7a185","hazelcast/src/main/java/com/hazelcast/map/impl/LocalMapStatsProvider.java","20","0","1","4","223","317","2"
"orientdb","0db99d726222bdc60dc75dedfe96f246ef94c96d","core/src/test/java/com/orientechnologies/orient/core/sql/OCommandExecutorSQLSelectTest.java","20","0","1","48","590","763","5"
"elasticsearch","8f1fe51f34191f88915ad90a8bbd9ac155449552","core/src/test/java/org/elasticsearch/snapshots/DedicatedClusterSnapshotRestoreIT.java","20","0","1","48","797","995","1"
"elasticsearch","65f2717ab7a07b8c7881db63cfa44ec429b95f30","core/src/test/java/org/elasticsearch/snapshots/DedicatedClusterSnapshotRestoreIT.java","20","0","1","48","798","997","0"
"elasticsearch","fec1802e2f622c1a126c9adda28fa53f1b55529a","core/src/test/java/org/elasticsearch/snapshots/DedicatedClusterSnapshotRestoreIT.java","20","0","1","48","798","997","0"
"elasticsearch","aa5b11687d992b4d468f36333ae0a89dde73560f","core/src/test/java/org/elasticsearch/snapshots/DedicatedClusterSnapshotRestoreIT.java","20","0","1","48","798","997","2"
"elasticsearch","0e52e3420e7222e46dfb15b79f0c4615a14ca0d3","core/src/test/java/org/elasticsearch/snapshots/DedicatedClusterSnapshotRestoreIT.java","20","0","1","48","818","1018","1"
"orientdb","0f6e6581250e75cc396a65cb355766c612d8e565","core/src/test/java/com/orientechnologies/orient/core/sql/OCommandExecutorSQLSelectTest.java","20","0","1","49","598","773","4"
"netty","2600f46fd738faa5ffbb427a2c30fefe84de3028","buffer/src/main/java/io/netty/buffer/AbstractReferenceCounted.java","20","0","1","5","100","142","1"
"netty","2600f46fd738faa5ffbb427a2c30fefe84de3028","buffer/src/main/java/io/netty/buffer/AbstractReferenceCountedByteBuf.java","20","0","1","5","103","147","1"
"netty","5bfb408b7d921451af102a29c4e78ab438b2df89","buffer/src/main/java/io/netty/buffer/AbstractReferenceCounted.java","20","0","1","5","103","149","0"
"netty","5bfb408b7d921451af102a29c4e78ab438b2df89","buffer/src/main/java/io/netty/buffer/AbstractReferenceCountedByteBuf.java","20","0","1","5","106","154","0"
"orientdb","e475301f46763c35a0bf0ad38f728ada376ce5f2","src/main/java/com/orientechnologies/lucene/OLuceneIndexType.java","20","0","1","5","107","148","1"
"netty","103a08e6c622c1b9936bba2fac852890a2ef579e","common/src/main/java/io/netty/util/AbstractReferenceCounted.java","20","0","1","5","108","155","0"
"netty","103a08e6c622c1b9936bba2fac852890a2ef579e","buffer/src/main/java/io/netty/buffer/AbstractReferenceCountedByteBuf.java","20","0","1","5","112","160","0"
"BroadleafCommerce","1a9dee96255ff084e3640ffc1f013ed286542577","common/src/main/java/org/broadleafcommerce/common/extensibility/jpa/copy/DirectCopyClassTransformer.java","20","0","1","5","138","210","1"
"hazelcast","ae336ec1744e2e9d5c0ec567c60662b1ea85e4a3","hazelcast/src/main/java/com/hazelcast/wan/impl/WanNoDelayReplication.java","20","0","1","5","153","199","0"
"hazelcast","e641541f77808713a214b6d1b4ef4d58497824f1","hazelcast/src/main/java/com/hazelcast/util/PhoneHome.java","20","0","1","5","188","234","0"
"hazelcast","6d6be19d74551a0d70fb340f6209348837463bd8","hazelcast/src/test/java/com/hazelcast/concurrent/semaphore/SemaphoreTest.java","20","0","1","5","213","275","0"
"elasticsearch","d96388205303fdb93607ea845501379c1dad2b0d","core/src/test/java/org/elasticsearch/action/admin/indices/create/ShrinkIndexIT.java","20","0","1","5","332","436","1"
"elasticsearch","8dcb1f5c7c1b5b55bb47e04353456382f9842206","core/src/test/java/org/elasticsearch/action/admin/indices/create/ShrinkIndexIT.java","20","0","1","5","342","446","0"
"MapDB","00a8930ff0dbd0cf3cc9520013037706899b867d","src/test/java/org/mapdb/VolumeTest.java","20","0","1","5","358","474","0"
"neo4j","4d3b5cd40762b26828c47787e6547cc1ea90238b","community/kernel/src/main/java/org/neo4j/kernel/impl/api/ConstraintEnforcingEntityOperations.java","20","0","1","51","547","668","0"
"orientdb","13c84a352a84fa9a8e4b68c8913322c99e1dca97","core/src/test/java/com/orientechnologies/orient/core/sql/OCommandExecutorSQLSelectTest.java","20","0","1","51","631","812","3"
"BroadleafCommerce","b652d67d56691cebb6a87de01e674ca9f2745e6b","core/broadleaf-framework-web/src/main/java/org/broadleafcommerce/core/web/order/security/CartStateRequestProcessor.java","20","0","1","6","127","204","4"
"orientdb","f5342a06d22fef67a4b57022c3752e261fc4ba08","core/src/main/java/com/orientechnologies/orient/core/sql/functions/math/OSQLFunctionMax.java","20","0","1","6","67","119","1"
"orientdb","f5342a06d22fef67a4b57022c3752e261fc4ba08","core/src/main/java/com/orientechnologies/orient/core/sql/functions/math/OSQLFunctionMin.java","20","0","1","6","67","120","1"
"hazelcast","9c2a93cb0762a2352fba68e47934a6b18b71d45a","hazelcast/src/main/java/com/hazelcast/client/impl/protocol/ClientExceptionFactory.java","20","0","1","6","690","774","0"
"orientdb","83de6ccf07238d3aab581a24d235a6afb4e0b0d6","object/src/main/java/com/orientechnologies/orient/object/serialization/OObjectSerializerContext.java","20","0","1","6","71","105","1"
"orientdb","745daf592bd3e0576ff1e0c64c8039a5099a453b","object/src/main/java/com/orientechnologies/orient/object/serialization/OObjectSerializerContext.java","20","0","1","6","74","108","0"
"orientdb","567dc93cca1056c9b2aa72636e7e671ced994a8e","core/src/main/java/com/orientechnologies/orient/core/storage/impl/local/paginated/atomicoperations/OAtomicOperationsManager.java","20","0","1","7","126","190","1"
"elasticsearch","25accbcd50b70ebb4d6f66ae5f0e6d3727f0e07d","src/main/java/org/elasticsearch/search/aggregations/bucket/children/ParentToChildrenAggregator.java","20","0","1","7","162","214","1"
"hazelcast","2332e689b765b6d3ed0154b68679f2e328554d64","hazelcast/src/main/java/com/hazelcast/topic/impl/reliable/ReliableTopicProxy.java","20","0","1","7","187","244","0"
"elasticsearch","2ed1f7a3390420835f9b270d20c5d512ba197827","core/src/test/java/org/elasticsearch/search/SearchHitTests.java","20","0","1","7","206","249","1"
"elasticsearch","149629fec657e9948488195087f30583cd561f11","core/src/test/java/org/elasticsearch/search/SearchHitTests.java","20","0","1","7","208","251","0"
"neo4j","e5db6293c3260f28a9a9ecdd0970352162530f13","community/bolt/src/main/java/org/neo4j/bolt/v1/runtime/TransactionStateMachine.java","20","0","1","7","338","438","0"
"neo4j","64c21aefa4c80093bf939fcd2658f6a6ba0fea1d","community/bolt/src/main/java/org/neo4j/bolt/v1/runtime/TransactionStateMachine.java","20","0","1","7","340","441","1"
"hazelcast","465d0b08317d9665b8e68c1797f1a096b1635a77","hazelcast/src/main/java/com/hazelcast/replicatedmap/impl/record/VectorClockTimestamp.java","20","0","1","8","127","172","0"
"hazelcast","8174fdbb0a80cd6c273fb7bd0efca6c3db74e8eb","hazelcast/src/main/java/com/hazelcast/client/impl/protocol/task/AbstractMessageTask.java","20","0","1","8","182","236","0"
"elasticsearch","aa078788f9eeb1c87d83805a5865e8424b2ef252","src/main/java/org/elasticsearch/index/search/nested/IncludeAllChildrenQuery.java","20","0","1","8","209","275","0"
"elasticsearch","b3274bd770c01c6166bc2ad52e327e879c331c95","src/main/java/org/elasticsearch/index/search/nested/IncludeNestedDocsQuery.java","20","0","1","8","212","298","0"
"elasticsearch","d64d0d6a97ae8dd70ba6018f97dd3c5fc10acd53","src/main/java/org/elasticsearch/index/search/child/ParentConstantScoreQuery.java","20","0","1","8","228","298","1"
"elasticsearch","e458d4fd93136cfc42708d9311d05bee36f69321","src/main/java/org/elasticsearch/index/search/child/ParentConstantScoreQuery.java","20","0","1","8","231","300","0"
"netty","f2ce28bf18368edcfb285fe76b64aca36dd077e7","buffer/src/test/java/io/netty/buffer/PooledByteBufAllocatorTest.java","20","0","1","8","286","372","1"
"titan","814a5107c5858ef3d4411610feaed4cf74237eb5","titan-core/src/main/java/com/thinkaurelius/titan/graphdb/relations/CacheEdge.java","20","0","1","9","109","136","0"
"orientdb","693119e3f1dab4ea8b67a35575ba1f7d1c0a970b","core/src/main/java/com/orientechnologies/common/concur/lock/ODistributedCounter.java","20","0","1","9","114","151","0"
"orientdb","3002f759868d044fc810cedbb60855cb441383fb","core/src/main/java/com/orientechnologies/common/concur/lock/ODistributedCounter.java","20","0","1","9","119","158","1"
"elasticsearch","9bfc23e9582502b937b1dd7a7b116f931482fca9","plugins/repository-s3/src/main/java/org/elasticsearch/cloud/aws/blobstore/S3BlobContainer.java","20","0","1","9","156","209","1"
"hazelcast","31e751fe54149f3442b3c9d5a4f1222b7d18482b","hazelcast-client-legacy/src/main/java/com/hazelcast/client/spi/impl/ClientPartitionServiceImpl.java","20","0","1","9","179","232","1"
"hazelcast","f963f01955d48c55538ee86b08004a22232a050b","hazelcast-client/src/main/java/com/hazelcast/client/spi/ProxyManager.java","20","0","1","9","189","231","1"
"elasticsearch","adc3dc0e994ababa7917c81a61cc93f4690060d4","modules/test/integration/src/test/java/org/elasticsearch/test/integration/search/highlight/HighlighterSearchTests.java","20","0","1","9","301","408","0"
"netty","c22f1aa4acad4234623c31121f33b2b2f3afffc5","codec-http2/src/main/java/io/netty/handler/codec/http2/Http2CodecUtil.java","20","0","10","0","205","317","2"
"elasticsearch","30bcb06606e19d91ddc5785d39d8879ab27dc769","core/src/main/java/org/elasticsearch/search/aggregations/bucket/range/ip/IpRangeAggregationBuilder.java","20","0","10","14","231","329","3"
"elasticsearch","b81b24092495657098725f4c8b97ef973ab3da56","src/main/java/org/elasticsearch/cluster/routing/allocation/decider/Decision.java","20","0","10","15","178","281","0"
"elasticsearch","2d31349ab0e958e477a4b16d1ffd152e476de84d","src/main/java/org/elasticsearch/cluster/routing/allocation/decider/Decision.java","20","0","10","15","179","282","0"
"orientdb","2767a54ee6308493e6a69b4b2951d8d2252bfd6b","core/src/main/java/com/orientechnologies/orient/core/hook/ORecordHookAbstract.java","20","0","10","21","127","259","0"
"netty","9ac430f16fec1d3b0d0e433b953c0197d70dff10","codec-http2/src/main/java/io/netty/handler/codec/http2/Http2CodecUtil.java","20","0","11","0","210","326","0"
"elasticsearch","f79fb4ada7995c11874346787db276b6edafaa8f","core/src/main/java/org/elasticsearch/indices/recovery/RecoveryTarget.java","20","0","11","16","299","422","1"
"elasticsearch","5b07f81fcf253f20ba002fe4df0340540426d662","core/src/main/java/org/elasticsearch/indices/recovery/RecoveryTarget.java","20","0","11","16","300","421","1"
"elasticsearch","c4fe8e7bf23f62c25f3d1ebd35de3fe716c45e9a","core/src/main/java/org/elasticsearch/indices/recovery/RecoveryTarget.java","20","0","11","17","308","440","0"
"elasticsearch","ca90d9ea82c3ec2162a669b199c63ef5103b2fe9","core/src/main/java/org/elasticsearch/indices/recovery/RecoveryTarget.java","20","0","11","18","317","450","1"
"netty","2b6525856868ab1788db957ff8af8eb22b42c774","transport/src/main/java/io/netty/bootstrap/Bootstrap.java","20","0","11","4","209","314","1"
"netty","c745ac0e16ffdbc60b6e96fe01947a1da773be78","transport/src/main/java/io/netty/bootstrap/Bootstrap.java","20","0","11","4","209","315","0"
"netty","4f6ef695822253715dc75cd7355f3325505cae67","transport/src/main/java/io/netty/bootstrap/Bootstrap.java","20","0","11","4","211","327","1"
"netty","f8b306f61c682455390cf09d253a8b334d167d36","transport/src/main/java/io/netty/bootstrap/Bootstrap.java","20","0","11","4","215","326","0"
"elasticsearch","dedaf9387e57e5e36eb28e4104c007af7b52068b","src/main/java/org/elasticsearch/action/support/IndicesOptions.java","20","0","12","5","153","255","0"
"elasticsearch","b0b61ee0c37f6036d35e43cff049c3a629df6f8f","src/main/java/org/elasticsearch/action/support/IndicesOptions.java","20","0","12","5","154","254","1"
"elasticsearch","e35293b055f866c1e81a917af22965e3574651ef","core/src/main/java/org/elasticsearch/action/support/IndicesOptions.java","20","0","12","8","171","277","1"
"neo4j","3ea1d3f5e4ec90ae32ab077bb7b12fd3dc37d4da","community/kernel/src/main/java/org/neo4j/kernel/impl/api/OperationsFacade.java","20","0","13","146","1352","1598","1"
"elasticsearch","371c73e14023917f3892090d2d3d7ff9ac1216b9","core/src/main/java/org/elasticsearch/env/Environment.java","20","0","13","6","195","331","3"
"elasticsearch","78574d248cf10dad1c5a566fda79e1e0c94afe43","core/src/main/java/org/elasticsearch/env/Environment.java","20","0","13","6","195","331","2"
"elasticsearch","e6aaaf11ed4a1b8f595f920de1840938eddb7a97","core/src/main/java/org/elasticsearch/env/Environment.java","20","0","13","6","195","331","2"
"elasticsearch","a60b8948ba1d836a6eac7cff095519e618939ed8","core/src/main/java/org/elasticsearch/env/Environment.java","20","0","13","6","195","331","0"
"elasticsearch","4575d79522e4dd64de4571f00bb7826e714a0958","modules/reindex/src/main/java/org/elasticsearch/index/reindex/BulkByScrollTask.java","20","0","14","11","322","473","1"
"elasticsearch","d3b130606932f8664e928f67c032c2fb796547e7","modules/reindex/src/main/java/org/elasticsearch/index/reindex/BulkByScrollTask.java","20","0","14","11","323","474","0"
"elasticsearch","e5ed5b908f87f724150334c7ca2b277c85599372","core/src/test/java/org/elasticsearch/index/mapper/timestamp/TimestampMappingTests.java","20","0","14","18","675","852","2"
"elasticsearch","0a8afa2e7269ddbec3755b8f10033e93f55149c2","core/src/main/java/org/elasticsearch/cluster/metadata/IndexGraveyard.java","20","0","14","24","318","473","3"
"elasticsearch","371c73e14023917f3892090d2d3d7ff9ac1216b9","core/src/main/java/org/elasticsearch/cluster/metadata/IndexGraveyard.java","20","0","14","24","318","473","3"
"elasticsearch","78574d248cf10dad1c5a566fda79e1e0c94afe43","core/src/main/java/org/elasticsearch/cluster/metadata/IndexGraveyard.java","20","0","14","24","318","473","2"
"elasticsearch","b1cef5fdf8e1f8e9982a4724986b2731ca4d522b","core/src/main/java/org/elasticsearch/cluster/metadata/IndexGraveyard.java","20","0","14","24","318","473","1"
"elasticsearch","e6aaaf11ed4a1b8f595f920de1840938eddb7a97","core/src/main/java/org/elasticsearch/cluster/metadata/IndexGraveyard.java","20","0","14","24","318","473","2"
"elasticsearch","149ef74b26bb33d3a1d3c1c45c481a01345cd764","core/src/main/java/org/elasticsearch/cluster/metadata/IndexGraveyard.java","20","0","14","24","318","473","0"
"elasticsearch","a60b8948ba1d836a6eac7cff095519e618939ed8","core/src/main/java/org/elasticsearch/cluster/metadata/IndexGraveyard.java","20","0","14","24","318","473","0"
"netty","a65f097d53f8d1827556d4d1b41d8432d3c664b5","transport/src/main/java/io/netty/channel/embedded/EmbeddedChannel.java","20","0","14","4","232","357","0"
"netty","9b99ac0bcb2a0588e06dabbd766115168ae56499","transport/src/main/java/io/netty/channel/embedded/EmbeddedChannel.java","20","0","14","4","234","360","0"
"elasticsearch","6046e7c6eb2328f34d978bff9bb52c0839ef18db","src/main/java/org/elasticsearch/cluster/node/DiscoveryNode.java","20","0","15","15","183","289","0"
"hazelcast","772b5217030e0fb94bf07a00d9b5e7b275a82030","hazelcast/src/test/java/com/hazelcast/ringbuffer/impl/RingbufferBasicTest.java","20","0","15","37","558","759","2"
"hazelcast","ce7d7c8779e24e951600fee82f97f9c4db020279","hazelcast/src/test/java/com/hazelcast/ringbuffer/impl/RingbufferBasicTest.java","20","0","15","38","565","768","0"
"hazelcast","e29b970b16a1b9d36a1e0b9318719b52fffa32d6","hazelcast/src/test/java/com/hazelcast/ringbuffer/impl/RingbufferAbstractTest.java","20","0","15","39","571","776","1"
"hazelcast","62badb9cd1cca47fb0ee15054d06e5c09c86f0f6","hazelcast/src/test/java/com/hazelcast/ringbuffer/impl/RingbufferAbstractTest.java","20","0","15","39","571","777","0"
"hazelcast","5564e345f7198dd90b83539a511c894c49c8d382","hazelcast/src/test/java/com/hazelcast/ringbuffer/impl/RingbufferBasicTest.java","20","0","15","39","574","779","1"
"elasticsearch","b1cef5fdf8e1f8e9982a4724986b2731ca4d522b","core/src/main/java/org/elasticsearch/search/aggregations/bucket/histogram/HistogramAggregationBuilder.java","20","0","16","1","168","250","1"
"elasticsearch","bf0e42aaebe085f8c611d48b211e133519a42829","core/src/main/java/org/elasticsearch/search/aggregations/bucket/histogram/HistogramAggregationBuilder.java","20","0","16","1","170","252","0"
"hazelcast","7425829d0c217bbb16de5a89d37cfb278474b47e","hazelcast/src/main/java/com/hazelcast/client/impl/protocol/ClientMessage.java","20","0","17","14","242","456","0"
"elasticsearch","6174e21f47244b6d5153d7d0cc1fe28fe863399d","core/src/main/java/org/elasticsearch/search/aggregations/bucket/histogram/DateHistogramAggregationBuilder.java","20","0","18","1","183","269","1"
"orientdb","d9e15c97bfcc49c1dce5089d781c8c34fb42f115","graphdb/src/main/java/com/tinkerpop/blueprints/impls/orient/OrientGraphFactory.java","20","0","18","12","216","419","1"
"elasticsearch","2ccc223ff761043807683f34b29c693af6c94d95","core/src/main/java/org/elasticsearch/cluster/node/DiscoveryNode.java","20","0","18","14","242","426","0"
"elasticsearch","0189a65e6bfc623813c6c088d19a0509fbeb64da","core/src/main/java/org/elasticsearch/cluster/node/DiscoveryNode.java","20","0","18","14","243","427","1"
"elasticsearch","4b94eb5cb8cc4294ed0e932a5f22c16bd90d4dd7","core/src/main/java/org/elasticsearch/action/bulk/BulkItemResponse.java","20","0","19","11","234","357","2"
"elasticsearch","860efb2ad28db09189c8423e05d0dba53010259c","core/src/main/java/org/elasticsearch/action/bulk/BulkItemResponse.java","20","0","19","11","234","357","2"
"elasticsearch","d3417fb02291f26964d77767020ef345d18c148f","core/src/main/java/org/elasticsearch/action/bulk/BulkItemResponse.java","20","0","19","11","234","357","0"
"elasticsearch","ea91adf6a1ed28c1a93a6c5d38a6e02ed295ed07","src/main/java/org/elasticsearch/repositories/s3/S3Repository.java","20","0","2","0","101","173","2"
"elasticsearch","254fb81708ee783f051e2777c80b4997aa77a2e0","src/main/java/org/elasticsearch/repositories/s3/S3Repository.java","20","0","2","0","102","173","3"
"elasticsearch","d680b94eb748585ed7eebdce1c4184fe61829ad5","src/main/java/org/elasticsearch/repositories/s3/S3Repository.java","20","0","2","0","103","176","1"
"elasticsearch","61a307f28d069ac57fa2326ab0b75bce759b0145","src/main/java/org/elasticsearch/repositories/s3/S3Repository.java","20","0","2","0","105","178","2"
"elasticsearch","65bda6238839b43c89644bd38cc8dab6c5d8a6e0","src/main/java/org/elasticsearch/repositories/s3/S3Repository.java","20","0","2","0","99","169","3"
"mcMMO","6fea7c8d746973eb05ba180fadcbd4064a081c7e","src/main/java/com/gmail/nossr50/util/MobHealthbarUtils.java","20","0","2","1","108","153","1"
"junit","f9ec0474bb646a2751f1f2c73f3fee524dbb4b52","src/main/java/org/junit/experimental/theories/internal/AllMembersSupplier.java","20","0","2","1","114","141","1"
"junit","e012e06dc326394a3a834d974e9af3fea0e6df91","src/main/java/org/junit/experimental/theories/internal/AllMembersSupplier.java","20","0","2","1","137","173","1"
"hazelcast","43132f12e9e7407ca9f68898ebd0e759c8f9b679","hazelcast/src/test/java/com/hazelcast/internal/nearcache/AbstractNearCacheSerializationCountTest.java","20","0","2","1","266","410","1"
"mcMMO","8dfa8c20f32e391c3d299abc51514a6601ed6e80","src/main/java/com/gmail/nossr50/skills/gathering/Excavation.java","20","0","2","1","99","139","4"
"elasticsearch","af222dc75c2736d9de79ea7f376f0606f8a02305","modules/elasticsearch/src/main/java/org/elasticsearch/search/internal/ContextIndexSearcher.java","20","0","2","10","123","177","0"
"neo4j","24f9f2deef7276aebe110ad89f3802c8afd7e45a","community/lucene-index/src/main/java/org/neo4j/kernel/api/impl/schema/LuceneDocumentStructure.java","20","0","2","11","244","329","1"
"hazelcast","3fa5f2992dc12463f602e3a09c1fbecac71b901f","hazelcast/src/main/java/com/hazelcast/query/impl/IndexImpl.java","20","0","2","14","139","200","0"
"hazelcast","80240b3abd5e08fe8c801bddd18525bdbda492e1","hazelcast/src/main/java/com/hazelcast/query/impl/IndexImpl.java","20","0","2","14","139","200","0"
"hazelcast","2cab9c7f77abcddbb41df97579bcae554c325727","hazelcast/src/main/java/com/hazelcast/query/impl/IndexImpl.java","20","0","2","14","139","200","1"
"hazelcast","b97e91fdb1ae20f2064c7fc49f2b24a6ac67f945","hazelcast/src/main/java/com/hazelcast/query/impl/IndexImpl.java","20","0","2","14","141","200","3"
"hazelcast","bcf9ee598f194761dddbc03362c365bdbe1f96ab","hazelcast/src/main/java/com/hazelcast/query/impl/IndexImpl.java","20","0","2","14","141","200","1"
"hazelcast","55b6ffc5ff8e5b4a00ba8f7d06248a225842c9f2","hazelcast/src/main/java/com/hazelcast/query/impl/IndexImpl.java","20","0","2","14","141","200","0"
"hazelcast","07ea12285e916a923872356565b6f97d188fce8f","hazelcast/src/main/java/com/hazelcast/map/impl/mapstore/writebehind/WriteBehindStore.java","20","0","2","17","178","301","1"
"elasticsearch","90da268237525dcc89d2e09a3f77b5a3262cf6f7","src/main/java/org/elasticsearch/search/suggest/completion/Completion090PostingsFormat.java","20","0","2","17","274","368","2"
"elasticsearch","e7d352b489272a87b05019869857656de7fb82fc","core/src/main/java/org/elasticsearch/search/aggregations/bucket/terms/TermsAggregator.java","20","0","2","18","174","264","0"
"netty","3447e8711227f83ff8d02a90078e376c3fbf5a0f","codec-http/src/main/java/io/netty/handler/codec/http/websocketx/WebSocket08FrameEncoder.java","20","0","2","2","95","181","1"
"netty","b5412c956359200f66076c4f99da163fb1df6ed5","codec-http/src/main/java/io/netty/handler/codec/http/websocketx/WebSocket08FrameEncoder.java","20","0","2","2","95","181","1"
"netty","b5412c956359200f66076c4f99da163fb1df6ed5","codec-http/src/main/java/io/netty/handler/codec/http/websocketx/WebSocket08FrameEncoder.java","20","0","2","2","95","181","1"
"netty","00106b367ca01ec34fa2c8d731a279677193c1ba","codec-http/src/main/java/io/netty/handler/codec/http/websocketx/WebSocket08FrameEncoder.java","20","0","2","2","95","181","0"
"netty","7b511d8200aae05bef86085f9b101d37b9fce4ef","codec-http/src/main/java/io/netty/handler/codec/http/websocketx/WebSocket08FrameEncoder.java","20","0","2","2","95","181","0"
"hazelcast","70d4de16ff0ac4518d09aad8c9f2ad9e782fb337","hazelcast/src/main/java/com/hazelcast/collection/impl/queue/QueueService.java","20","0","2","25","268","331","1"
"hazelcast","485f426abc042144ebf9fd213e724556ad967191","hazelcast/src/main/java/com/hazelcast/collection/impl/queue/QueueService.java","20","0","2","25","269","332","1"
"hazelcast","4743851d10f7241568a0f25a11fd5976a1693e27","hazelcast-client/src/test/java/com/hazelcast/client/map/ClientMapTest.java","20","0","2","29","489","615","0"
"hazelcast","c17e8f909ac598d6898f2c226d32b52167fd611a","hazelcast/src/main/java/com/hazelcast/map/impl/eviction/EvictionChecker.java","20","0","2","3","176","243","0"
"elasticsearch","d05aee7eda3a28b11df47e652f44f7d2b185c97d","core/src/main/java/org/elasticsearch/index/mapper/DocumentMapper.java","20","0","2","30","235","322","0"
"elasticsearch","0a69f1e283e26e5d9e6a000b68b9f4778de557a1","core/src/main/java/org/elasticsearch/indices/store/TransportNodesListShardStoreMetaData.java","20","0","2","33","320","409","2"
"hazelcast","127d983822bf447a32033f2b4956b7b746b7e002","hazelcast/src/main/java/com/hazelcast/nio/tcp/ReadHandler.java","20","0","2","4","142","199","0"
"BroadleafCommerce","bd64f57e1f7497a3a77f52a402613d4ed6849b02","core/broadleaf-framework-web/src/main/java/org/broadleafcommerce/core/web/processor/UncacheableDataProcessor.java","20","0","2","4","142","217","0"
"elasticsearch","fa80ca97b252ef72e6bf4d63307acee5ed3abd04","src/test/java/org/elasticsearch/search/query/SimpleQueryTests.java","20","0","2","46","1722","2068","2"
"orientdb","e7a5d84cd0f5b6027c6d5399116682f604324a9c","graphdb/src/main/java/com/orientechnologies/orient/graph/sql/OCommandExecutorSQLCreateVertex.java","20","0","2","5","112","177","0"
"hazelcast","565257f977407eb3a0199d082860209c2958f5f9","hazelcast/src/main/java/com/hazelcast/nio/tcp/ReadHandler.java","20","0","2","5","146","204","1"
"hazelcast","564167c1f93b32ce742411106e9ae67eae88a801","hazelcast/src/main/java/com/hazelcast/nio/tcp/ReadHandler.java","20","0","2","5","147","205","0"
"elasticsearch","0a69f1e283e26e5d9e6a000b68b9f4778de557a1","core/src/main/java/org/elasticsearch/index/fielddata/IndexFieldDataService.java","20","0","2","5","200","267","2"
"elasticsearch","209860854ddc87ff71a49d9ced1186a8e2c8e3b8","core/src/main/java/org/elasticsearch/index/fielddata/IndexFieldDataService.java","20","0","2","5","203","276","1"
"elasticsearch","9c427e45f174792971fb19254e1ca93d41f6124d","core/src/main/java/org/elasticsearch/index/fielddata/IndexFieldDataService.java","20","0","2","5","203","276","1"
"elasticsearch","5a64f08f048461a63a0ca1354a5050c954e63d52","core/src/main/java/org/elasticsearch/index/fielddata/IndexFieldDataService.java","20","0","2","5","203","276","0"
"elasticsearch","54dd8196168525cc8aaa42b7e4c095e307d689ab","core/src/main/java/org/elasticsearch/index/fielddata/IndexFieldDataService.java","20","0","2","5","209","283","0"
"elasticsearch","f71c9a25a182f05a7b54f3b773921b763981c2a5","core/src/test/java/org/elasticsearch/action/admin/indices/upgrade/UpgradeIT.java","20","0","2","6","206","269","0"
"BroadleafCommerce","1c64a33817143308a7b212975f313164ab3e5d9f","core/broadleaf-framework/src/main/java/org/broadleafcommerce/core/search/service/solr/I18nSolrSearchServiceExtensionHandler.java","20","0","2","7","177","248","0"
"BroadleafCommerce","686b1e45bfe346466076030ce1a899e996dbce6b","core/broadleaf-framework/src/main/java/org/broadleafcommerce/core/search/service/solr/I18nSolrSearchServiceExtensionHandler.java","20","0","2","7","180","252","1"
"elasticsearch","977712f9773c3eecea3958a5b8ddf934207775a6","core/src/test/java/org/elasticsearch/search/SearchHitTests.java","20","0","2","7","227","280","2"
"elasticsearch","0ab8d1f414305101e0a950aad28f7ef1cec87590","modules/elasticsearch/src/main/java/org/elasticsearch/search/internal/ContextIndexSearcher.java","20","0","2","9","120","173","0"
"elasticsearch","20ed7c172487f500667191df882033ecb6e91df1","core/src/main/java/org/elasticsearch/search/aggregations/AggregatorFactories.java","20","0","2","9","151","209","1"
"hazelcast","ac0dc00148a4764b5e312e7cac531b64a5a2299c","hazelcast/src/main/java/com/hazelcast/nio/tcp/nonblocking/NonBlockingSocketReader.java","20","0","2","9","186","261","0"
"hazelcast","09bd1799af89fd08fca90af7badcfb4587b22aa2","hazelcast/src/main/java/com/hazelcast/nio/tcp/nonblocking/NonBlockingSocketReader.java","20","0","2","9","195","269","1"
"elasticsearch","f739abe89e89e999225b6e478ba530c344e8e946","src/main/java/org/elasticsearch/action/bench/BenchmarkSettings.java","20","0","24","12","235","394","1"
"elasticsearch","f23274523a4d957156fa48923cbf651bdeb2813f","src/main/java/org/elasticsearch/action/bench/BenchmarkSettings.java","20","0","24","12","236","395","0"
"elasticsearch","129d8ec29aa22b941003b250e0f6ad4849585b41","src/main/java/org/elasticsearch/index/shard/TranslogRecoveryPerformer.java","20","0","3","0","158","211","2"
"elasticsearch","32b2caad421cbd7f54b615f832c15b7575ad51d9","core/src/main/java/org/elasticsearch/node/InternalSettingsPreparer.java","20","0","3","1","137","219","0"
"elasticsearch","48579cccaba925cb50e04b263e8ba1f731d8409f","test/framework/src/main/java/org/elasticsearch/test/rest/ESRestTestCase.java","20","0","3","1","203","319","0"
"titan","26bbee89f169c89334baf92b54894fa17230d5d4","src/main/java/com/thinkaurelius/titan/graphdb/transaction/StandardPersistTitanTx.java","20","0","3","14","162","215","0"
"elasticsearch","84fa9ead4d19aceed4540ccd44c06c37fd629da2","src/main/java/org/elasticsearch/index/query/GeohashFilter.java","20","0","3","15","169","257","0"
"elasticsearch","cb12107123969c4c6cb2104008abfc2a05192522","core/src/test/java/org/elasticsearch/index/query/SimpleIndexQueryParserTests.java","20","0","3","178","2433","2749","3"
"elasticsearch","7ab0e2c5321c802068d85c0fa3a0f44e0b02c5a4","core/src/test/java/org/elasticsearch/index/query/SimpleIndexQueryParserTests.java","20","0","3","179","2434","2756","1"
"elasticsearch","37c90b1047c4f22af12ef9f29d48517a1a13ec37","core/src/test/java/org/elasticsearch/index/query/SimpleIndexQueryParserTests.java","20","0","3","179","2448","2766","2"
"elasticsearch","873d69f1576aeab4138e5fafcbafc20357a9998f","core/src/test/java/org/elasticsearch/index/query/SimpleIndexQueryParserTests.java","20","0","3","179","2464","2786","1"
"netty","cd92478bfc9f3a8ab15514d56aaa6d4a43b5b9a1","codec-http/src/main/java/io/netty/handler/codec/http/HttpClientCodec.java","20","0","3","2","111","209","0"
"hazelcast","b9d903ab23dbaad884e6add6488d6b6ab3de3bd2","hazelcast/src/main/java/com/hazelcast/internal/nearcache/impl/preloader/NearCachePreloader.java","20","0","3","2","210","299","0"
"hazelcast","5256df4fc08e09d38fef40ec5863756028033cc6","hazelcast/src/main/java/com/hazelcast/internal/nearcache/impl/preloader/NearCachePreloader.java","20","0","3","2","211","300","1"
"hazelcast","788bd401886b61f0f4e38a135e57cf8bca8db3b7","hazelcast/src/main/java/com/hazelcast/internal/nearcache/impl/preloader/NearCachePreloader.java","20","0","3","2","213","302","1"
"hazelcast","92886bbcab41a65100440aa458dbbf17561aa3a0","hazelcast/src/main/java/com/hazelcast/internal/nearcache/impl/preloader/NearCachePreloader.java","20","0","3","2","213","303","0"
"orientdb","cc0a317b054f936099eb2628cc720148b99d219a","core/src/main/java/com/orientechnologies/orient/core/compression/impl/OZIPCompressionUtil.java","20","0","3","3","161","233","0"
"hazelcast","2d4fa2eca3ca69e76861d3b3710a9d20653e0641","hazelcast/src/main/java/com/hazelcast/map/impl/eviction/EvictionChecker.java","20","0","3","3","180","247","1"
"hazelcast","6ca18366e874af84dbb23b82fc47e98d60ee5323","hazelcast/src/main/java/com/hazelcast/map/impl/eviction/MaxSizeChecker.java","20","0","3","3","197","268","0"
"orientdb","c1f0f046093d166b58193818b359c73d4a50c228","core/src/main/java/com/orientechnologies/orient/core/tx/OTransactionNoTx.java","20","0","3","33","194","283","0"
"netty","81e2db10faaf0389f4e1af8c7132210946203157","buffer/src/main/java/io/netty/buffer/UnpooledHeapByteBuf.java","20","0","3","38","306","388","0"
"BroadleafCommerce","45b052a6f144b2efab2b01dbc7eb670893bc5d25","core/broadleaf-framework-web/src/main/java/org/broadleafcommerce/core/web/order/security/CartStateRequestProcessor.java","20","0","3","4","127","212","3"
"elasticsearch","046abdc281c321cd2128ee7684c0edfcaca07203","core/src/test/java/org/elasticsearch/search/sort/SortBuilderTests.java","20","0","3","4","194","251","2"
"elasticsearch","e74d02138f02a66331b2611b5e70a908bb49cb97","core/src/test/java/org/elasticsearch/search/sort/SortBuilderTests.java","20","0","3","4","195","252","0"
"elasticsearch","1557c34f2cafa3233b085f814d0e445b083a9644","src/main/java/org/elasticsearch/index/gateway/IndexShardGatewayService.java","20","0","3","7","134","196","2"
"elasticsearch","99714ee1bd991fed204620c32e9f59a323018d2f","src/main/java/org/elasticsearch/index/gateway/IndexShardGatewayService.java","20","0","3","7","134","197","2"
"elasticsearch","24bc8d331eb28a686233573bdcaf9cadd9a6dc5b","src/main/java/org/elasticsearch/index/gateway/IndexShardGatewayService.java","20","0","3","7","135","197","1"
"elasticsearch","371c73e14023917f3892090d2d3d7ff9ac1216b9","core/src/main/java/org/elasticsearch/index/query/PrefixQueryBuilder.java","20","0","3","7","151","210","3"
"elasticsearch","78574d248cf10dad1c5a566fda79e1e0c94afe43","core/src/main/java/org/elasticsearch/index/query/PrefixQueryBuilder.java","20","0","3","7","151","210","2"
"elasticsearch","e6aaaf11ed4a1b8f595f920de1840938eddb7a97","core/src/main/java/org/elasticsearch/index/query/PrefixQueryBuilder.java","20","0","3","7","151","210","2"
"elasticsearch","a60b8948ba1d836a6eac7cff095519e618939ed8","core/src/main/java/org/elasticsearch/index/query/PrefixQueryBuilder.java","20","0","3","7","151","210","0"
"Android-Universal-Image-Loader","56f4df896682733c9979b348e46ba77494851304","library/src/com/nostra13/universalimageloader/core/imageaware/ImageViewAware.java","20","0","3","7","97","152","0"
"elasticsearch","13a347239a48d71486692a72c066e940dec8921b","core/src/test/java/org/elasticsearch/index/IndexWithShadowReplicasIT.java","20","0","3","8","564","734","3"
"netty","c44f365ee7784dd3af2ecec73ed18b8f6239f674","codec-http/src/main/java/io/netty/handler/codec/http/websocketx/WebSocketClientHandshaker00.java","20","0","4","0","131","253","0"
"netty","105f952f5de0d276e5b7c69057fbe16f369e3dc7","codec-http/src/main/java/io/netty/handler/codec/http/websocketx/WebSocketClientHandshaker00.java","20","0","4","0","150","278","0"
"Android-Universal-Image-Loader","7e71df151523f46bf412cd16b4dc377727af6534","library/src/com/nostra13/universalimageloader/cache/disc/impl/ext/LruDiscCache.java","20","0","4","10","164","237","1"
"netty","b20e59721720d9d444b13dd2a438144c090c6c55","transport/src/main/java/io/netty/channel/socket/oio/OioSocketChannel.java","20","0","4","11","217","286","0"
"elasticsearch","365c29b902fc41488faaa39fd60100f6865c5b96","src/main/java/org/elasticsearch/cluster/ClusterChangedEvent.java","20","0","4","13","108","165","0"
"elasticsearch","7aa4c7e256ed2083fa5a10caaf06c578969d118e","src/main/java/org/elasticsearch/cluster/ClusterChangedEvent.java","20","0","4","13","112","168","1"
"netty","2fd42cfc6b32dacb812c6f2ecef8522cd94718d4","codec-http2/src/main/java/io/netty/handler/codec/http2/StreamBufferingEncoder.java","20","0","4","13","254","368","0"
"elasticsearch","d2ac95d93c32b84538247551f0c6d19609255340","src/main/java/org/elasticsearch/index/store/DistributorDirectory.java","20","0","4","14","162","247","0"
"elasticsearch","cc6c07365c89e1608b78a46af7744a67ff5277a1","src/main/java/org/elasticsearch/search/suggest/phrase/DirectCandidateGenerator.java","20","0","4","14","198","259","0"
"elasticsearch","6046ecbab32a6a5ba27fd5ed3a60af17e278e754","src/test/java/org/elasticsearch/index/query/SimpleIndexQueryParserTests.java","20","0","4","169","2204","2513","1"
"elasticsearch","06b1d956f80912aaad4d367398a21e7744e67410","core/src/main/java/org/elasticsearch/index/indexing/IndexingStats.java","20","0","4","28","251","335","0"
"orientdb","7675b089a17ce9c7f6249f0ba32361e1e44de965","graphdb/src/main/java/com/tinkerpop/blueprints/impls/orient/OrientTransactionalGraph.java","20","0","4","3","122","206","1"
"elasticsearch","371c73e14023917f3892090d2d3d7ff9ac1216b9","core/src/main/java/org/elasticsearch/cluster/routing/allocation/decider/AwarenessAllocationDecider.java","20","0","4","3","132","239","3"
"elasticsearch","78574d248cf10dad1c5a566fda79e1e0c94afe43","core/src/main/java/org/elasticsearch/cluster/routing/allocation/decider/AwarenessAllocationDecider.java","20","0","4","3","132","239","2"
"elasticsearch","e6aaaf11ed4a1b8f595f920de1840938eddb7a97","core/src/main/java/org/elasticsearch/cluster/routing/allocation/decider/AwarenessAllocationDecider.java","20","0","4","3","132","239","2"
"elasticsearch","a60b8948ba1d836a6eac7cff095519e618939ed8","core/src/main/java/org/elasticsearch/cluster/routing/allocation/decider/AwarenessAllocationDecider.java","20","0","4","3","132","239","0"
"netty","396a81c811d6ae79e2edcca35adb0725472609ea","codec-http/src/main/java/io/netty/handler/codec/http/HttpObjectAggregator.java","20","0","4","3","149","249","1"
"netty","2b09d92c373813a0f3ebf79df73ca25a494b8911","codec-http/src/main/java/io/netty/handler/codec/http/HttpObjectAggregator.java","20","0","4","3","151","251","0"
"elasticsearch","59742ee0a441ad26b2e13be40afa04b06e4ec978","core/src/main/java/org/elasticsearch/index/mapper/DocumentMapper.java","20","0","4","34","265","365","0"
"BroadleafCommerce","426027b921471cf5821fc1376fa2096eb77bd9f8","admin/broadleaf-open-admin-platform/src/main/java/org/broadleafcommerce/openadmin/web/form/component/ListGridRecord.java","20","0","4","38","213","314","0"
"netty","d262f7c1892d1cc93eaffe77144419174ea6e3e7","transport/src/main/java/io/netty/channel/pool/SimpleChannelPool.java","20","0","4","5","234","345","2"
"elasticsearch","0a69f1e283e26e5d9e6a000b68b9f4778de557a1","core/src/main/java/org/elasticsearch/index/cache/bitset/BitsetFilterCache.java","20","0","4","8","190","301","2"
"elasticsearch","5a64f08f048461a63a0ca1354a5050c954e63d52","core/src/main/java/org/elasticsearch/index/cache/bitset/BitsetFilterCache.java","20","0","4","8","191","302","0"
"mcMMO","2b9b5df1ee87b7f1a5f5527c6242b87ed8d601f1","src/main/java/com/gmail/nossr50/skills/unarmed/UnarmedManager.java","20","0","4","9","105","159","0"
"mcMMO","e7e62b8d4000835a3f3d802e51ff2ea8516cdb15","src/main/java/com/gmail/nossr50/skills/unarmed/UnarmedManager.java","20","0","4","9","109","168","1"
"elasticsearch","c17de49a6dc1d54fcfee3754211ae67a06bdcec7","core/src/main/java/org/elasticsearch/index/cache/bitset/BitsetFilterCache.java","20","0","4","9","191","300","0"
"elasticsearch","d05aee7eda3a28b11df47e652f44f7d2b185c97d","core/src/main/java/org/elasticsearch/index/cache/bitset/BitsetFilterCache.java","20","0","4","9","191","300","0"
"elasticsearch","c3746b268ca9a9e7e26ec861dd05e654c9bace62","core/src/main/java/org/elasticsearch/index/cache/bitset/BitsetFilterCache.java","20","0","4","9","191","300","1"
"elasticsearch","2ed1f7a3390420835f9b270d20c5d512ba197827","core/src/main/java/org/elasticsearch/action/search/ShardSearchFailure.java","20","0","5","11","163","223","1"
"elasticsearch","149629fec657e9948488195087f30583cd561f11","core/src/main/java/org/elasticsearch/action/search/ShardSearchFailure.java","20","0","5","11","165","225","0"
"hazelcast","88e00fc5922e66d115f3befff0b7fa568a0321db","hazelcast/src/test/java/com/hazelcast/test/TestHazelcastInstanceFactory.java","20","0","5","15","185","260","0"
"elasticsearch","d8f16178d3f21b4f9d17da12e7aa61613fc2c27a","src/test/java/org/elasticsearch/plugins/PluginManagerTests.java","20","0","5","18","364","531","1"
"junit","669bb577583f2edd8cd65008a7c9ac19ebc350ea","src/main/java/org/junit/runners/ParentRunner.java","20","0","5","2","212","385","0"
"BroadleafCommerce","4982a8bf975f82e129fea26467652e000aa73f46","core/broadleaf-framework-web/src/main/java/org/broadleafcommerce/core/web/controller/checkout/BroadleafCheckoutController.java","20","0","5","3","137","248","1"
"elasticsearch","25fd9e26c4fb042d6f6dea14efcd239577bdbbc4","client/rest/src/test/java/org/elasticsearch/client/RestClientIntegTests.java","20","0","5","3","221","299","0"
"elasticsearch","467a459f95d8709379bf3e7f415644b246a89dba","core/src/main/java/org/elasticsearch/index/mapper/DocumentMapper.java","20","0","5","35","340","473","2"
"elasticsearch","821021f0e478ca44d828e62c139ea19f0fd7290a","core/src/main/java/org/elasticsearch/index/mapper/DocumentMapper.java","20","0","5","35","340","474","1"
"elasticsearch","e40409dd7f910c237e52c13394f8b150865e6389","core/src/main/java/org/elasticsearch/index/mapper/DocumentMapper.java","20","0","5","35","340","474","1"
"elasticsearch","e23d116bc5411e8aec4f9225272929be6a7dd65b","core/src/main/java/org/elasticsearch/index/mapper/DocumentMapper.java","20","0","5","35","340","474","0"
"elasticsearch","56391c14a66bfe31e603fda0a57ee5caf5f28990","core/src/main/java/org/elasticsearch/index/mapper/DocumentMapper.java","20","0","5","37","348","483","0"
"elasticsearch","db5d73a6174b38828b26276a1387b84a3ac8344e","core/src/main/java/org/elasticsearch/index/mapper/DocumentMapper.java","20","0","5","37","350","486","0"
"elasticsearch","2bd09c4625898d77aa6c015c6f82cf973ed18cb7","core/src/main/java/org/elasticsearch/index/query/NestedQueryBuilder.java","20","0","5","4","169","237","1"
"elasticsearch","371c73e14023917f3892090d2d3d7ff9ac1216b9","core/src/main/java/org/elasticsearch/monitor/os/OsProbe.java","20","0","5","5","143","208","3"
"elasticsearch","78574d248cf10dad1c5a566fda79e1e0c94afe43","core/src/main/java/org/elasticsearch/monitor/os/OsProbe.java","20","0","5","5","143","208","2"
"elasticsearch","e6aaaf11ed4a1b8f595f920de1840938eddb7a97","core/src/main/java/org/elasticsearch/monitor/os/OsProbe.java","20","0","5","5","143","208","2"
"elasticsearch","a60b8948ba1d836a6eac7cff095519e618939ed8","core/src/main/java/org/elasticsearch/monitor/os/OsProbe.java","20","0","5","5","143","208","0"
"netty","8af5ea8d4f661c2e7aa51363edf8299166aafe0f","handler/src/main/java/io/netty/handler/traffic/AbstractTrafficShapingHandler.java","20","0","5","5","177","348","0"
"netty","0cb3541b53f5e5673ab3fe16702fb98c522a0ce2","handler/src/main/java/io/netty/handler/traffic/AbstractTrafficShapingHandler.java","20","0","5","5","178","349","1"
"elasticsearch","b1cef5fdf8e1f8e9982a4724986b2731ca4d522b","core/src/main/java/org/elasticsearch/common/xcontent/ConstructingObjectParser.java","20","0","6","1","150","365","1"
"mcMMO","be7992d5411324f8c86d59568a4207d5a4e71efa","src/main/java/com/gmail/nossr50/skills/taming/TamingManager.java","20","0","6","11","137","210","1"
"hazelcast","93fd800d6c6f6781ef95536bba7e2b200fe9678d","hazelcast-client/src/test/java/com/hazelcast/client/listeners/AbstractListenersOnReconnectTest.java","20","0","6","13","432","577","2"
"hazelcast","b0a815f459c18eed67fcd6e4bf122bad043ef8a5","hazelcast-client/src/test/java/com/hazelcast/client/listeners/AbstractListenersOnReconnectTest.java","20","0","6","13","432","577","1"
"hazelcast","da8888f97af74b4590dfc1dce3d0bdeb44654000","hazelcast-client/src/test/java/com/hazelcast/client/listeners/AbstractListenersOnReconnectTest.java","20","0","6","13","432","577","0"
"hazelcast","0eb5a90ed468b6aa285f1711a5d699c9ffb33960","hazelcast-client/src/test/java/com/hazelcast/client/listeners/AbstractListenersOnReconnectTest.java","20","0","6","13","434","579","1"
"elasticsearch","149ef74b26bb33d3a1d3c1c45c481a01345cd764","core/src/main/java/org/elasticsearch/common/xcontent/ConstructingObjectParser.java","20","0","6","2","154","370","0"
"elasticsearch","ef592a8e17e16104faa9a5c3b6dc06016ba49a01","core/src/main/java/org/elasticsearch/node/Node.java","20","0","6","4","329","434","0"
"elasticsearch","76c472973ed6b05b389202fbeb2b6997be94b476","core/src/main/java/org/elasticsearch/node/Node.java","20","0","6","4","329","436","0"
"netty","253cd694ef6317d52d41b220f4dcf5fd69f44ec3","codec-http2/src/main/java/io/netty/handler/codec/http2/InboundHttp2ToHttpAdapter.java","20","0","6","8","194","363","1"
"elasticsearch","41fd4d87223a2be57524d3df55639d8df118ce85","src/main/java/org/elasticsearch/search/internal/DefaultSearchContext.java","20","0","6","94","514","714","1"
"elasticsearch","add433944676594b5696bc949e3e8eea38cf037d","src/main/java/org/elasticsearch/search/internal/DefaultSearchContext.java","20","0","6","94","515","715","0"
"elasticsearch","d64d0d6a97ae8dd70ba6018f97dd3c5fc10acd53","src/main/java/org/elasticsearch/search/internal/DefaultSearchContext.java","20","0","6","99","531","733","1"
"orientdb","2621f13ac9fcec9d191c3af57271270546d8920f","core/src/main/java/com/orientechnologies/common/util/OMemory.java","20","0","7","0","101","179","1"
"elasticsearch","4fea56ceadbbd042774a89dbdf94c16a4a33df4c","core/src/main/java/org/elasticsearch/node/Node.java","20","0","7","1","317","423","1"
"elasticsearch","6b4699fbf7d9d94d04772002027e6722983c997d","core/src/main/java/org/elasticsearch/node/Node.java","20","0","7","1","320","427","1"
"elasticsearch","5ae00a6129ae1a8a8291c51f5967f81d4db4a85c","core/src/main/java/org/elasticsearch/node/Node.java","20","0","7","1","320","429","2"
"elasticsearch","f38296da61ed21544ad45609c52d950adf913dca","src/main/java/org/elasticsearch/action/percolate/PercolateResponse.java","20","0","7","16","219","295","0"
"elasticsearch","2f8f440e8060cf3578e0f67801b1d12329103d20","core/src/main/java/org/elasticsearch/search/suggest/completion/context/CategoryContextMapping.java","20","0","7","4","126","224","2"
"elasticsearch","a77b38cdd1604dfa539bac36ce5a3f79f9f955a1","core/src/main/java/org/elasticsearch/search/suggest/completion/context/CategoryContextMapping.java","20","0","7","4","127","225","0"
"hazelcast","d3c556847ab7965ffad0418c7eb78cae0dd11eb7","hazelcast/src/test/java/com/hazelcast/map/impl/tx/MapTransactionTest.java","20","0","8","44","1178","1399","0"
"BroadleafCommerce","894c483e33acdbb41d8e6522a4c7c738282dcab8","common/src/main/java/org/broadleafcommerce/common/email/domain/EmailTrackingOpensImpl.java","20","0","9","2","112","182","0"
"elasticsearch","34610b841db897370ecefee8689998f560bd8beb","core/src/main/java/org/elasticsearch/search/aggregations/metrics/percentiles/PercentilesAggregationBuilder.java","20","0","9","6","242","345","0"
"netty","a0758e7e60e326b13ca8eeccf1a078d413793b41","codec-http/src/main/java/io/netty/handler/codec/http/HttpHeaders.java","20","0","99","1","503","1606","1"
"titan","26bbee89f169c89334baf92b54894fa17230d5d4","src/main/java/com/thinkaurelius/titan/graphdb/database/StandardTitanGraph.java","200","0","0","17","869","1052","0"
"elasticsearch","7119ffa7bcb46e043afce45c137fa93c4ff91e72","src/main/java/org/elasticsearch/index/engine/internal/InternalEngine.java","200","0","2","24","1319","1619","1"
"elasticsearch","5ebc238a259d189ad35f9e5117c7e6bf0f56e6cc","src/main/java/org/elasticsearch/index/engine/internal/InternalEngine.java","200","0","2","24","1321","1623","1"
"hazelcast","7e27a183fbacbff6b90d6061b5fef54568b33460","hazelcast/src/main/java/com/hazelcast/cache/impl/AbstractCacheRecordStore.java","200","0","2","37","1190","1415","0"
"elasticsearch","1ad5398af7033a44726ba986f9d1c7ba74ba9f7f","core/src/main/java/org/elasticsearch/snapshots/SnapshotsService.java","200","0","37","6","1122","1638","3"
"elasticsearch","a783c6c85c87f5a91c9ea69c66b4c615b506aeed","core/src/main/java/org/elasticsearch/snapshots/SnapshotsService.java","200","0","37","6","1123","1625","2"
"MapDB","7167ce8c37511f3ead33b786072cea3feafeb961","src/main/java/org/mapdb/HTreeMap.java","200","0","4","18","1088","1479","0"
"ceylon-ide-eclipse","220779e466f4c3edf28ba388eac37f0dcb435b2a","plugins/com.redhat.ceylon.eclipse.ui/src/com/redhat/ceylon/eclipse/code/open/OpenDeclarationDialog.java","201","0","0","10","1170","1340","0"
"elasticsearch","f78480a0bcaa6e704f9798e618967ec81cfc6687","src/main/java/org/elasticsearch/index/engine/internal/InternalEngine.java","201","0","1","24","1353","1648","1"
"orientdb","67b44e38d6982f4b915b71290548d72dbd5aaa00","core/src/main/java/com/orientechnologies/orient/core/storage/cache/local/OWOWCache.java","201","0","1","51","1381","1788","1"
"orientdb","3f66dc4f09a4d2287ff51a01c99f8a6a7f43515c","core/src/main/java/com/orientechnologies/orient/core/sql/OCommandExecutorSQLUpdate.java","201","0","2","9","712","925","1"
"orientdb","eda978aeda4e2d46618285fcb1d73642a30164c2","core/src/main/java/com/orientechnologies/orient/core/sql/OCommandExecutorSQLUpdate.java","201","0","2","9","712","925","1"
"orientdb","3fd79f333e2a5c17bcac9d2ddfe74044e2dfecdd","core/src/main/java/com/orientechnologies/orient/core/sql/OCommandExecutorSQLUpdate.java","201","0","2","9","712","925","0"
"elasticsearch","2ed1f7a3390420835f9b270d20c5d512ba197827","core/src/main/java/org/elasticsearch/snapshots/SnapshotsService.java","201","0","37","6","1130","1654","2"
"elasticsearch","149629fec657e9948488195087f30583cd561f11","core/src/main/java/org/elasticsearch/snapshots/SnapshotsService.java","201","0","37","6","1131","1655","1"
"elasticsearch","480cfe3fe0ce29edec0be24dde54ec26a7affafd","core/src/main/java/org/elasticsearch/snapshots/SnapshotsService.java","201","0","37","6","1132","1656","1"
"MapDB","0f50921e0ef3d536569b31c370ba8d66c744bde7","src/main/java/org/mapdb/StoreWAL.java","202","0","1","8","982","1370","3"
"orientdb","29d9c9c149f32a2a93865952498f2baf9b3e1f57","distributed/src/main/java/com/orientechnologies/orient/server/distributed/ODistributedStorage.java","202","0","1","84","1261","1723","0"
"mct","0cf5705839b1a67c1d936a25b8f09a1c21612f15","tableViews/src/main/java/gov/nasa/arc/mct/table/gui/LabeledTable.java","202","0","104","0","1026","1883","0"
"netty","01eb428b39156e61624dae303ae9772ba3424b36","common/src/main/java/io/netty/util/NetUtil.java","202","0","14","1","714","1093","0"
"hazelcast","4e61d83a27413d6140bb865785b1998cd45ef605","hazelcast/src/main/java/com/hazelcast/map/MapService.java","202","0","2","67","1025","1197","1"
"hazelcast","0a433295c73cff1bff4f45b540655bfdca70d9a4","hazelcast/src/main/java/com/hazelcast/map/MapService.java","202","0","2","67","1026","1197","0"
"hazelcast","9fd66ee1f6acbcfd7022b0a1fe8811835538664f","hazelcast/src/main/java/com/hazelcast/map/MapService.java","202","0","2","67","1027","1198","0"
"orientdb","2767a54ee6308493e6a69b4b2951d8d2252bfd6b","core/src/main/java/com/orientechnologies/orient/core/sql/OCommandExecutorSQLUpdate.java","202","0","2","9","709","913","0"
"antlr4","69d4b423e1e979ea944bfefb65f5b04bb8708029","runtime/Java/src/org/antlr/v4/runtime/atn/ParserATNSimulator.java","202","0","3","9","932","1799","0"
"elasticsearch","65f2717ab7a07b8c7881db63cfa44ec429b95f30","core/src/main/java/org/elasticsearch/snapshots/SnapshotsService.java","202","0","37","6","1135","1662","0"
"elasticsearch","fec1802e2f622c1a126c9adda28fa53f1b55529a","core/src/main/java/org/elasticsearch/snapshots/SnapshotsService.java","202","0","37","6","1138","1665","0"
"elasticsearch","2e4f87d2ce7475742c668ff1d4069e14e7c47bfe","modules/lang-painless/src/main/java/org/elasticsearch/painless/AnalyzerExternal.java","203","0","0","0","643","812","0"
"titan","bd1445809192f13ed0674e0a81c8117fe263b0a0","titan-core/src/main/java/com/thinkaurelius/titan/graphdb/database/StandardTitanGraph.java","203","0","1","16","888","1079","1"
"BroadleafCommerce","8cd4935e7db104bcc4e99f859c4289d29aef191f","admin/broadleaf-open-admin-platform/src/main/java/org/broadleafcommerce/openadmin/server/dao/provider/metadata/BasicFieldMetadataProvider.java","203","0","1","4","732","790","6"
"MapDB","0392d2fca4cf02f7013a84d7acd703c4b5a0f99c","src/main/java/org/mapdb/Volume.java","203","0","13","193","1544","2070","2"
"hazelcast","ea2dc336c0258939dd7396c1741a2cc26145279d","hazelcast/src/main/java/com/hazelcast/cache/impl/AbstractCacheRecordStore.java","203","0","2","40","1292","1468","1"
"hazelcast","f68c915b53c83f3ad42d34bc12739281f4facae2","hazelcast/src/main/java/com/hazelcast/cache/impl/AbstractCacheRecordStore.java","203","0","2","40","1316","1499","1"
"hazelcast","50bebee545427d3b6d15fed40d5d89bdc90b7bbe","hazelcast/src/main/java/com/hazelcast/map/MapService.java","203","0","2","69","1090","1263","1"
"orientdb","a317b8f99c288a4c3e697667983f14194a6b892a","core/src/main/java/com/orientechnologies/orient/core/serialization/serializer/record/string/ORecordSerializerStringAbstract.java","203","0","3","13","555","718","0"
"elasticsearch","30b5b4fc837e77d8ba7096f4e56c218fae9a3687","modules/lang-painless/src/main/java/org/elasticsearch/painless/AnalyzerExternal.java","204","0","0","0","643","812","0"
"BroadleafCommerce","0aa224ccf0f5db1c7ba1f2e31bd91aa917b59ee6","admin/broadleaf-open-admin-platform/src/main/java/org/broadleafcommerce/openadmin/server/dao/provider/metadata/BasicFieldMetadataProvider.java","204","0","1","4","734","792","4"
"elasticsearch","b97b670011618bb6d531e0f6137e5809a3db4d66","src/main/java/org/elasticsearch/index/engine/internal/InternalEngine.java","204","0","2","24","1345","1674","2"
"hazelcast","1e9e4599ed1d759fba241a492ec12186d32f59fb","hazelcast/src/main/java/com/hazelcast/cache/impl/AbstractCacheRecordStore.java","204","0","2","40","1318","1499","0"
"orientdb","e3100a26c9fbf598b9adf8fe0997b516ddfa848a","core/src/main/java/com/orientechnologies/orient/core/sql/OCommandExecutorSQLUpdate.java","204","0","2","9","713","917","1"
"elasticsearch","d621b160e9b940add546a6234bc2d17381334f33","src/main/java/org/elasticsearch/snapshots/SnapshotsService.java","204","0","34","5","1140","1661","1"
"netty","5b46cf25c1c8db7c7e4d31c4b39a68a90217e86e","buffer/src/test/java/io/netty/buffer/AbstractByteBufTest.java","204","0","6","262","2815","3357","1"
"netty","463b5cf21b6fe6e0e8b08615f3e47beb31f39025","buffer/src/test/java/io/netty/buffer/AbstractByteBufTest.java","204","0","6","265","2878","3426","0"
"netty","e7631867d30e26961e121ca05f5e3c078345984f","buffer/src/test/java/io/netty/buffer/AbstractByteBufTest.java","204","0","6","266","2890","3440","1"
"hazelcast","70ea74a8c98c7fea1332b8cb45a0a58ac7aa3a92","hazelcast/src/main/java/com/hazelcast/cluster/impl/ClusterServiceImpl.java","205","0","0","44","1341","1592","1"
"hazelcast","9792cc0a9de201496c5b47a40a60a1d43181589b","hazelcast/src/main/java/com/hazelcast/cluster/impl/ClusterServiceImpl.java","205","0","0","44","1346","1600","0"
"ceylon-ide-eclipse","90d07e8f93a00dcf0ea623d09ba7aea7fed00add","plugins/com.redhat.ceylon.eclipse.ui/src/com/redhat/ceylon/eclipse/util/JavaSearch.java","205","0","1","20","913","986","1"
"hazelcast","d77d28b2a6bb4dc6b3d56c574c51c18df2f67e68","hazelcast/src/main/java/com/hazelcast/cache/impl/AbstractCacheRecordStore.java","205","0","2","40","1310","1498","2"
"hazelcast","efe2b596a2451843c28c0fce31d9c5b804aaeaa3","hazelcast/src/main/java/com/hazelcast/cache/impl/AbstractCacheRecordStore.java","205","0","2","40","1310","1498","1"
"hazelcast","0f0ade6c45384284ab6b222ddf9c2df333fd693c","hazelcast/src/main/java/com/hazelcast/cache/impl/AbstractCacheRecordStore.java","205","0","2","40","1310","1498","0"
"hazelcast","ee08e3c7fad24d1976156c79ce9aa78700c4e416","hazelcast/src/main/java/com/hazelcast/map/MapService.java","205","0","2","67","1046","1214","2"
"hazelcast","99d7a4e25e2067139fbdeaff2ebcad03ed38ffdf","hazelcast/src/main/java/com/hazelcast/map/MapService.java","205","0","2","67","1053","1222","2"
"hazelcast","df0d7fd83bf0ba427592c2727a417af3136f8d5f","hazelcast/src/main/java/com/hazelcast/map/MapService.java","205","0","2","67","1053","1222","1"
"hazelcast","4843096d7be3b5bcd1ed436ce9521ab2057fb137","hazelcast/src/main/java/com/hazelcast/map/MapService.java","205","0","2","67","1053","1222","0"
"hazelcast","0cf8d4e4b4bb67c11e3b136f5e719e6d498b7504","hazelcast/src/main/java/com/hazelcast/cache/impl/AbstractCacheRecordStore.java","206","0","0","45","1349","1539","0"
"hazelcast","f991c4c3a34647ae68f475943f5a6dd80da5b445","hazelcast/src/main/java/com/hazelcast/cache/impl/AbstractCacheRecordStore.java","206","0","2","39","1294","1472","2"
"hazelcast","5bf9e046e54907d3f698fde6a6c8aa9305a3cb87","hazelcast/src/main/java/com/hazelcast/cache/impl/AbstractCacheRecordStore.java","206","0","2","40","1311","1497","1"
"hazelcast","6ac727db661eb934e5608e28e8a3603e7300d710","hazelcast/src/main/java/com/hazelcast/cache/impl/AbstractCacheRecordStore.java","206","0","2","40","1311","1497","1"
"hazelcast","ef6c10d9a1339603cd9d74f1529459241eb12457","hazelcast/src/main/java/com/hazelcast/cache/impl/AbstractCacheRecordStore.java","206","0","2","40","1311","1497","1"
"hazelcast","68169508cc3ffe85856b9c1571c4ada159600f1c","hazelcast/src/main/java/com/hazelcast/cache/impl/AbstractCacheRecordStore.java","206","0","2","40","1311","1497","0"
"hazelcast","95160be4d3502c2b87abe26ffb493f1ac49b4bbe","hazelcast/src/main/java/com/hazelcast/cache/impl/AbstractCacheRecordStore.java","206","0","2","40","1311","1497","0"
"hazelcast","2043fef6ab40ea0b1d71b5e0a8feb4fd0024a4bf","hazelcast/src/main/java/com/hazelcast/cache/impl/AbstractCacheRecordStore.java","206","0","2","40","1314","1500","0"
"elasticsearch","c9bb686927c01e868d6f4e59a07aee455a5cdfa6","core/src/main/java/org/elasticsearch/snapshots/SnapshotsService.java","206","0","37","6","1147","1681","0"
"hazelcast","b3a45d9908bab4174b09d59385a02ff3ed7eada1","hazelcast/src/main/java/com/hazelcast/cache/impl/AbstractCacheRecordStore.java","207","0","0","45","1350","1539","1"
"hazelcast","e4b10eb1bd1583bbfca340d4cde3ad3111ed215c","hazelcast/src/main/java/com/hazelcast/cache/impl/AbstractCacheRecordStore.java","207","0","0","45","1350","1539","1"
"hazelcast","0f550598f8d9f6c62d3bc81f88248d1e11b537c3","hazelcast/src/main/java/com/hazelcast/cache/impl/AbstractCacheRecordStore.java","207","0","0","45","1350","1539","0"
"titan","ac746d5753151c1904efda645429fca6a9086231","titan-core/src/main/java/com/thinkaurelius/titan/graphdb/database/StandardTitanGraph.java","207","0","1","16","894","1084","0"
"ceylon-ide-eclipse","360c58644e67639d21b93bc10f78fcd00474a805","plugins/com.redhat.ceylon.eclipse.ui/src/com/redhat/ceylon/eclipse/util/JavaSearch.java","207","0","1","20","916","989","0"
"orientdb","f2c3273e9f37bffc0c99099735b1a09364360430","core/src/main/java/com/orientechnologies/orient/core/index/hashindex/local/OLocalHashTable20.java","207","0","1","23","1673","2171","0"
"ceylon-ide-eclipse","0701d1cd29c50f37f98ec073e9f0dbe41daa064a","plugins/com.redhat.ceylon.eclipse.ui/src/com/redhat/ceylon/eclipse/core/debug/DebugUtils.java","207","0","1","35","864","985","0"
"orientdb","731545a32e96d61ede50300ab6b8dd1166de7431","core/src/main/java/com/orientechnologies/orient/core/storage/cache/local/OWOWCache.java","207","0","1","49","1401","1814","1"
"MapDB","46a2e9543526d5010559fb4d951465ecc2289873","src/main/java/org/mapdb/StoreWAL.java","207","0","1","8","996","1385","1"
"orientdb","1588c28b4906c47b12518029d176da10704b37e9","server/src/main/java/com/orientechnologies/orient/server/network/protocol/binary/ONetworkProtocolBinary.java","207","0","2","16","782","1039","1"
"hazelcast","3501d411f72f972e7a689602bb5aaed391b4e6a8","hazelcast/src/main/java/com/hazelcast/cache/impl/AbstractCacheRecordStore.java","207","0","2","40","1285","1459","1"
"hazelcast","2ff6dc4e39ac737568f95eb749d69d1d320f5292","hazelcast/src/main/java/com/hazelcast/cache/impl/AbstractCacheRecordStore.java","207","0","2","40","1300","1476","0"
"hazelcast","6f8dacc3a698febf42c64100be44482aaaf9b9cb","hazelcast/src/main/java/com/hazelcast/cache/impl/AbstractCacheRecordStore.java","207","0","2","40","1312","1497","0"
"netty","fd22af837725fb2455f6dc72ea897bf8b25250e6","handler/src/main/java/io/netty/handler/ssl/OpenSslEngine.java","207","0","3","27","1194","1526","1"
"netty","afb46b926f9df6f1da91cbd011fa8f43d1566bb8","handler/src/main/java/io/netty/handler/ssl/OpenSslEngine.java","207","0","3","29","1217","1557","0"
"netty","29ac2ae3c255fb2fa1c1660f8e35d45c212430aa","handler/src/main/java/io/netty/handler/ssl/OpenSslEngine.java","207","0","4","29","1214","1558","0"
"netty","4a0d68c50bc8ef11d94538567ce3c8f7deb5d4ab","handler/src/main/java/io/netty/handler/ssl/OpenSslEngine.java","207","0","4","29","1217","1562","1"
"elasticsearch","620536f85038d68522103d9cd91e4f3377773feb","core/src/main/java/org/elasticsearch/index/shard/IndexShard.java","207","0","46","60","1639","2395","1"
"orientdb","b483b7c3b51b4309cac3aea1fc014ac932f889ee","core/src/main/java/com/orientechnologies/orient/core/index/hashindex/local/OLocalHashTable20.java","208","0","1","25","1668","2166","0"
"netty","1767814a466f9fc6a51c87a84bd73d93eb0ca1d7","common/src/main/java/io/netty/util/NetUtil.java","208","0","14","1","725","1111","1"
"elasticsearch","01ca81e2a37c9cd38c6dc44ae567d427c059dbe0","src/main/java/org/elasticsearch/index/engine/internal/InternalEngine.java","208","0","2","24","1387","1722","0"
"elasticsearch","d65a9d63a2488ca70605f51a25e3f0ae0ed30ddc","src/main/java/org/elasticsearch/index/engine/internal/InternalEngine.java","208","0","2","24","1389","1725","1"
"elasticsearch","d65a9d63a2488ca70605f51a25e3f0ae0ed30ddc","src/main/java/org/elasticsearch/index/engine/internal/InternalEngine.java","208","0","2","24","1389","1725","1"
"elasticsearch","abeefbddea817a7f22ed6c706b31e2761e730510","src/main/java/org/elasticsearch/index/engine/internal/InternalEngine.java","208","0","2","24","1389","1725","0"
"hazelcast","16702ec52d2e403b481e9b68023f93e5465ceb7c","hazelcast/src/main/java/com/hazelcast/cache/impl/AbstractCacheRecordStore.java","208","0","2","39","1302","1487","1"
"hazelcast","309c32202d38a410736da6db69fe2560f26f5648","hazelcast/src/main/java/com/hazelcast/cache/impl/AbstractCacheRecordStore.java","208","0","2","40","1287","1461","0"
"hazelcast","d1b295726e76fc7c30bb23986b82b68eab32623b","hazelcast/src/main/java/com/hazelcast/cache/impl/AbstractCacheRecordStore.java","208","0","2","40","1308","1488","0"
"orientdb","c4e02aa9721b907b7f9d37c46bb79ad595d65647","graphdb/src/main/java/com/tinkerpop/blueprints/impls/orient/OrientVertex.java","208","0","28","4","687","1165","0"
"elasticsearch","aa5b11687d992b4d468f36333ae0a89dde73560f","core/src/main/java/org/elasticsearch/snapshots/SnapshotsService.java","208","0","37","6","1148","1683","2"
"elasticsearch","e11cbed5348cdeac30e8e5d306f34d5f0b1d7dc4","core/src/main/java/org/elasticsearch/index/shard/IndexShard.java","208","0","47","60","1655","2419","0"
"netty","d68a04a879e8458beb138879fc62436af33b2520","transport/src/main/java/io/netty/channel/DefaultChannelHandlerContext.java","209","0","0","0","1406","1680","0"
"ceylon-ide-eclipse","88d5fb0c61f4ed2015858c107369fe128bc04c15","plugins/com.redhat.ceylon.eclipse.ui/src/com/redhat/ceylon/eclipse/core/debug/DebugUtils.java","209","0","1","35","868","989","1"
"BroadleafCommerce","36fa93f834a5682a6eaabf1e37c45525bdfb3808","admin/broadleaf-open-admin-platform/src/main/java/org/broadleafcommerce/openadmin/server/dao/provider/metadata/BasicFieldMetadataProvider.java","209","0","1","4","748","809","3"
"BroadleafCommerce","0f104a24236003d8329561c299dbc795f83a5caf","admin/broadleaf-open-admin-platform/src/main/java/org/broadleafcommerce/openadmin/server/dao/provider/metadata/BasicFieldMetadataProvider.java","209","0","1","4","749","811","3"
"elasticsearch","b21024b5f9e8cabf5ceed3e2c18dffba14f42866","src/main/java/org/elasticsearch/index/engine/internal/InternalEngine.java","209","0","2","28","1424","1790","1"
"hazelcast","a11df6a34e117403f2c72db0f714122d65cc80e8","hazelcast/src/main/java/com/hazelcast/cache/impl/AbstractCacheRecordStore.java","209","0","2","38","1303","1479","1"
"hazelcast","760c17aadc6cc75630909d39f395017e1996d22a","hazelcast/src/main/java/com/hazelcast/cache/impl/AbstractCacheRecordStore.java","209","0","2","40","1313","1501","0"
"hazelcast","1e5c8a91174e1f59f5005535e5cec680c24dc221","hazelcast/src/main/java/com/hazelcast/map/MapService.java","209","0","2","69","1078","1252","1"
"orientdb","252aa4c00e6048e5a77066dc5f770ef6e58dd1ea","core/src/main/java/com/orientechnologies/orient/core/sql/parser/OMatchStatement.java","209","0","4","45","944","1164","2"
"netty","67d3a78123fa3faa85c1a150bd4ee69425079b3d","codec-http2/src/main/java/io/netty/handler/codec/http2/internal/hpack/DynamicTable.java","21","0","0","0","112","200","1"
"netty","63a02fc04e6ce45aee38b0437ae0279880e5fe40","codec-dns/src/main/java/io/netty/handler/codec/dns/DnsMessageUtil.java","21","0","0","0","139","182","0"
"hazelcast","6b9e408e0fccf4fb8a745dec7ae24ec302e69fa4","hazelcast/src/test/java/com/hazelcast/test/mocknetwork/MockJoiner.java","21","0","0","0","149","199","0"
"hazelcast","cc891cef828ffa0f03b3628e798874f35aad7836","hazelcast/src/main/java/com/hazelcast/map/MapEventPublisherSupport.java","21","0","0","0","164","191","2"
"hazelcast","99f2dd5d8710f0276d0b105ba5c0f19674b6ccdf","hazelcast-client/src/main/java/com/hazelcast/client/txn/TransactionProxy.java","21","0","0","0","164","209","1"
"hazelcast","ca2f3fb9e49d66b620c6398a29b098c3f6538835","hazelcast-client/src/main/java/com/hazelcast/client/impl/client/txn/TransactionProxy.java","21","0","0","0","164","212","0"
"hazelcast","bb145ca7f5db144e21063646b1f2a610bbb05eb5","hazelcast/src/main/java/com/hazelcast/spi/impl/SlowOperationDetector.java","21","0","0","0","172","240","0"
"neo4j","036e0742c9800ed47922595c97274b360cfbc9ef","enterprise/security/src/main/java/org/neo4j/server/security/enterprise/auth/MultiRealmAuthManager.java","21","0","0","0","177","217","1"
"neo4j","660d2553ac4e5d2024cee6c770149ae313abe0e1","enterprise/security/src/main/java/org/neo4j/server/security/enterprise/auth/MultiRealmAuthManager.java","21","0","0","0","177","217","1"
"neo4j","c287d3fcff4d41dc2fa317c778efc33d6ca11eba","enterprise/security/src/main/java/org/neo4j/server/security/enterprise/auth/MultiRealmAuthManager.java","21","0","0","0","177","217","0"
"netty","85236d5446b4858df20dc6bd270735490c807666","buffer/src/main/java/io/netty/buffer/PoolSubpage.java","21","0","0","0","177","254","1"
"hazelcast","b4a87b9da3359832b5462f2769e42be156abbcfd","hazelcast/src/main/java/com/hazelcast/replicatedmap/impl/record/AbstractBaseReplicatedRecordStore.java","21","0","0","0","180","239","2"
"hazelcast","d84d7aa0862d3428212a61cd4dca256dc85f9178","hazelcast/src/main/java/com/hazelcast/replicatedmap/impl/record/AbstractBaseReplicatedRecordStore.java","21","0","0","0","180","239","2"
"hazelcast","cde914700341904b25a04a43f120d8e8b6ace0d1","hazelcast/src/main/java/com/hazelcast/replicatedmap/impl/record/AbstractBaseReplicatedRecordStore.java","21","0","0","0","180","239","0"
"neo4j","1b3aad3b619bd72c2c9f79bb7edf642c5dc56a6f","enterprise/security/src/main/java/org/neo4j/server/security/enterprise/auth/MultiRealmAuthManager.java","21","0","0","0","184","225","1"
"neo4j","2dce9b701631b41aa14f4d8ff186c708b57abd1e","enterprise/security/src/main/java/org/neo4j/server/security/enterprise/auth/MultiRealmAuthManager.java","21","0","0","0","184","225","1"
"neo4j","c53aab6d4de8c83eda42c64474ec13aa7ecb25f3","enterprise/security/src/main/java/org/neo4j/server/security/enterprise/auth/MultiRealmAuthManager.java","21","0","0","0","184","225","1"
"neo4j","8a31284a00600fe653939a9b2206e0382deded40","enterprise/security/src/main/java/org/neo4j/server/security/enterprise/auth/MultiRealmAuthManager.java","21","0","0","0","184","225","0"
"elasticsearch","e00db235bc1aa0765f5b21a9dc40a4e94197b68c","core/src/main/java/org/elasticsearch/action/search/InitialSearchPhase.java","21","0","0","0","194","327","1"
"elasticsearch","b3e7e85cf110b6d48cab4f82fa1fc689975e81de","core/src/main/java/org/elasticsearch/action/search/InitialSearchPhase.java","21","0","0","0","195","328","0"
"hazelcast","60a7c288e274f732a4d30dbf717b5ff8cdec4515","hazelcast/src/main/java/com/hazelcast/cache/impl/AbstractCacheProxyBase.java","21","0","0","0","203","267","1"
"hazelcast","70d4de16ff0ac4518d09aad8c9f2ad9e782fb337","hazelcast/src/main/java/com/hazelcast/cache/impl/AbstractCacheProxyBase.java","21","0","0","0","203","267","1"
"hazelcast","77e3477fc1da01264bfb2bc326c2ba8b7c02015c","hazelcast/src/main/java/com/hazelcast/cache/impl/AbstractCacheProxyBase.java","21","0","0","0","203","267","0"
"neo4j","9c79c33600e5511ac1320496d1bdd614808a973c","enterprise/core-edge/src/main/java/org/neo4j/coreedge/raft/log/segmented/Segments.java","21","0","0","0","203","288","1"
"hazelcast","5fe199d1da076c961de5918d23c677bb87200d25","hazelcast/src/main/java/com/hazelcast/partition/impl/PromoteFromBackupOperation.java","21","0","0","0","205","269","0"
"hazelcast","9e5047b704c63949517ce97e5dddd46de7662c63","hazelcast/src/main/java/com/hazelcast/partition/impl/PromoteFromBackupOperation.java","21","0","0","0","206","270","1"
"hazelcast","ea8ff1c274ffffe189038236dcc2702e5e2ee13d","hazelcast/src/main/java/com/hazelcast/cache/impl/AbstractCacheProxyBase.java","21","0","0","0","206","271","0"
"elasticsearch","b41c44370ed46a9bdae8a0986190b38d9aab640f","core/src/main/java/org/elasticsearch/search/query/TopDocsCollectorContext.java","21","0","0","0","211","307","1"
"hazelcast","99c4072079a42e89bb3611d3ebb8a9f4e4e4ebf0","hazelcast/src/main/java/com/hazelcast/map/operation/AbstractMultipleEntryOperation.java","21","0","0","0","221","291","0"
"hazelcast","159c4a53940c2170c905d13fc1fc784cf59279c9","hazelcast/src/main/java/com/hazelcast/map/operation/AbstractMultipleEntryOperation.java","21","0","0","0","222","292","1"
"hazelcast","78af4f23bcba7ec0288688e1bd9e49f207eac041","hazelcast/src/main/java/com/hazelcast/map/operation/AbstractMultipleEntryOperation.java","21","0","0","0","226","297","0"
"hazelcast","31820d92e469159b8152a223f32a3981d4724469","hazelcast/src/main/java/com/hazelcast/map/impl/operation/AbstractMultipleEntryOperation.java","21","0","0","0","227","296","2"
"hazelcast","79ca749ae9093b89ca12d0d2ca4fef11a7e63e89","hazelcast-client/src/main/java/com/hazelcast/client/spi/impl/ClusterListenerSupport.java","21","0","0","0","228","282","0"
"netty","3d6d9f394d763aaed47fdd0c86023afebe3c5a9f","buffer/src/main/java/io/netty/buffer/PooledUnsafeDirectByteBuf.java","21","0","0","0","237","294","1"
"netty","74738fbd08eec71dc6c8dd801f79e7f2e3e7f366","buffer/src/main/java/io/netty/buffer/PooledUnsafeDirectByteBuf.java","21","0","0","0","252","309","0"
"netty","4ed5b07e4e4cc91c2ba2ed266f92b3f7c176cd76","buffer/src/main/java/io/netty/buffer/PooledUnsafeDirectByteBuf.java","21","0","0","0","252","310","0"
"hazelcast","3c9f5cec1f87144b48c35167651e8244ad9e5e07","hazelcast-client/src/main/java/com/hazelcast/client/proxy/ClientReplicatedMapProxy.java","21","0","0","0","267","333","0"
"hazelcast","46535d992347d80c09f89629618370faf178b7c8","hazelcast-client/src/main/java/com/hazelcast/client/proxy/ClientReplicatedMapProxy.java","21","0","0","0","268","334","1"
"netty","4b4f4e619e776e661e439ee6f6f89d4f4e123291","common/src/main/java/io/netty/util/internal/PlatformDependent0.java","21","0","0","0","308","394","0"
"neo4j","868b4d731485023d2f7477e1133dcd5b263c851d","community/lucene-index/src/main/java/org/neo4j/kernel/api/impl/index/LuceneIndexAccessor.java","21","0","0","0","331","404","0"
"neo4j","e9de62e7befeeb8b49cf594775b843b963d6ef6d","community/kernel/src/main/java/org/neo4j/kernel/impl/nioneo/xa/ReadTransaction.java","21","0","0","0","371","457","1"
"neo4j","1a261f85215c39039a8e8d12b1363ec328e56bf7","community/kernel/src/main/java/org/neo4j/kernel/impl/nioneo/xa/ReadTransaction.java","21","0","0","0","376","463","0"
"elasticsearch","b49635539d929d6cb5ee56153e2f95872fe4bb16","modules/lang-painless/src/main/java/org/elasticsearch/painless/node/LMapShortcut.java","21","0","0","0","63","103","1"
"elasticsearch","cde83e363aac2195c2dc0f81bbe348bcfe8b4152","modules/lang-painless/src/main/java/org/elasticsearch/painless/node/LMapShortcut.java","21","0","0","0","63","103","1"
"elasticsearch","1424f09c02927d9caada7f6ea45285b411d88d12","modules/lang-painless/src/main/java/org/elasticsearch/painless/node/LMapShortcut.java","21","0","0","0","63","103","0"
"elasticsearch","3f06d9f3b8516bb30a2890a36c2973f08f9c6076","modules/lang-painless/src/main/java/org/elasticsearch/painless/node/LMapShortcut.java","21","0","0","0","65","105","0"
"elasticsearch","3f06d9f3b8516bb30a2890a36c2973f08f9c6076","modules/lang-painless/src/main/java/org/elasticsearch/painless/node/LShortcut.java","21","0","0","0","67","111","0"
"hazelcast","937106d611fe527814572ae6ae783010aa8d1b79","hazelcast-client/src/main/java/com/hazelcast/client/spi/impl/listener/ClientSmartListenerService.java","21","0","0","1","202","244","0"
"ceylon-ide-eclipse","765624413a8fc99091a14d8ff74f1ff5e3184e7b","plugins/com.redhat.ceylon.eclipse.ui/src/com/redhat/ceylon/eclipse/code/refactor/AbstractLinkedMode.java","21","0","0","1","208","258","0"
"hazelcast","20dcc304597556dac17df42b2df70cd10f3d8f24","hazelcast-wm/src/test/java/com/hazelcast/wm/test/TestServlet.java","21","0","0","1","82","104","2"
"hazelcast","c57e914305f7b503ce03f55ddc32d023b7666818","hazelcast-wm/src/test/java/com/hazelcast/wm/test/TestServlet.java","21","0","0","1","82","104","1"
"hazelcast","69975a8df84795d2fbd45e45b1d169e13fcbf0b1","hazelcast-wm/src/test/java/com/hazelcast/wm/test/TestServlet.java","21","0","0","1","82","104","0"
"elasticsearch","952feb58e41bd0220784c44136b840ea4a740e26","core/src/test/java/org/elasticsearch/search/aggregations/bucket/DateHistogramTests.java","21","0","0","1","85","109","1"
"elasticsearch","a0818d3b876216c7882b3f6b14c613173409c06c","core/src/test/java/org/elasticsearch/search/aggregations/bucket/DateHistogramTests.java","21","0","0","1","85","109","2"
"elasticsearch","e74d02138f02a66331b2611b5e70a908bb49cb97","core/src/test/java/org/elasticsearch/search/aggregations/bucket/DateHistogramTests.java","21","0","0","1","85","109","0"
"elasticsearch","046abdc281c321cd2128ee7684c0edfcaca07203","core/src/test/java/org/elasticsearch/search/aggregations/bucket/DateHistogramTests.java","21","0","0","1","86","110","3"
"orientdb","a2eaf6636bb600c7e6d311b0bb7d112bbaafb4a0","etl/src/main/java/com/orientechnologies/orient/etl/source/OETLFileSource.java","21","0","0","10","118","167","0"
"orientdb","136db63960bbf53514691bf5a0bb8361a5ea5361","etl/src/main/java/com/orientechnologies/orient/etl/source/OETLFileSource.java","21","0","0","10","119","167","0"
"orientdb","46bbcabde62c2b9e61ebaf45dc23f16d9dee7f02","etl/src/main/java/com/orientechnologies/orient/etl/source/OETLFileSource.java","21","0","0","10","119","168","1"
"elasticsearch","de243493c9a31354d742c34a66817e8a06798026","src/main/java/org/elasticsearch/index/merge/policy/TieredMergePolicyProvider.java","21","0","0","10","181","237","0"
"elasticsearch","bd75b731c654f4c845f0781306b8055704706585","src/main/java/org/elasticsearch/index/merge/policy/TieredMergePolicyProvider.java","21","0","0","10","186","242","1"
"hazelcast","adbc8e2988688b80d6acf089c9ae7662ef1dca34","hazelcast-client-new/src/main/java/com/hazelcast/client/spi/impl/ClientInvocationFuture.java","21","0","0","11","175","221","1"
"hazelcast","12fb324ec43a0c4392475dc000c3f05b5f92d7e0","hazelcast-client-new/src/main/java/com/hazelcast/client/spi/impl/ClientInvocationFuture.java","21","0","0","11","177","223","0"
"elasticsearch","e0fbd5df52449d7caeb7eeb7392a595d35b10ef3","src/main/java/org/elasticsearch/index/merge/policy/TieredMergePolicyProvider.java","21","0","0","11","181","241","1"
"elasticsearch","12f53090417d01134f92281b8285a5783f971887","core/src/main/java/org/elasticsearch/action/search/SearchPhaseExecutionException.java","21","0","0","12","140","184","2"
"elasticsearch","47c0e13a3b0f4c64e0fa36c5706c0260a777d68b","core/src/main/java/org/elasticsearch/action/search/SearchPhaseExecutionException.java","21","0","0","12","141","185","0"
"hazelcast","c57d3349fbdda6d4454ef257937a2199cea9572f","hazelcast/src/main/java/com/hazelcast/map/impl/event/MapEventPublisherImpl.java","21","0","0","12","188","269","0"
"hazelcast","565257f977407eb3a0199d082860209c2958f5f9","hazelcast/src/main/java/com/hazelcast/partition/impl/ReplicaSyncResponse.java","21","0","0","12","189","236","1"
"hazelcast","564167c1f93b32ce742411106e9ae67eae88a801","hazelcast/src/main/java/com/hazelcast/partition/impl/ReplicaSyncResponse.java","21","0","0","12","190","237","0"
"hazelcast","2df063d441d3830ee797541830899e3248a8590e","hazelcast/src/main/java/com/hazelcast/partition/impl/ReplicaSyncResponse.java","21","0","0","12","194","241","0"
"hazelcast","b1556cb737bd13095ea68036af59c6a61c350931","hazelcast/src/main/java/com/hazelcast/partition/impl/ReplicaSyncResponse.java","21","0","0","12","194","241","0"
"hazelcast","1c52b3168b2cb32e5b01cf28812512ae01cf5b94","hazelcast/src/main/java/com/hazelcast/partition/impl/ReplicaSyncResponse.java","21","0","0","12","194","241","1"
"elasticsearch","e6a190ec583c12b6c3bfdb1cf3e3d1c1e0713fcf","src/test/java/org/elasticsearch/search/functionscore/FunctionScoreTests.java","21","0","0","12","443","515","1"
"elasticsearch","8738583de62a6c4a7cc3f69929f0df6a4843ed55","src/test/java/org/elasticsearch/search/functionscore/FunctionScoreTests.java","21","0","0","12","445","518","0"
"orientdb","c65031e4a5cae04be6faeaeccb01fb18d3e5fb85","enterprise/src/main/java/com/orientechnologies/orient/enterprise/channel/OChannel.java","21","0","0","14","180","233","1"
"orientdb","7d92a6b03b707e81490ef22a1fa23a1017918c3d","enterprise/src/main/java/com/orientechnologies/orient/enterprise/channel/OChannel.java","21","0","0","14","185","237","0"
"netty","ee0897a1d9d80119990964834d62f906f800afb8","codec-http/src/test/java/io/netty/handler/codec/http/HttpContentDecoderTest.java","21","0","0","14","401","509","0"
"neo4j","8a31284a00600fe653939a9b2206e0382deded40","community/server/src/main/java/org/neo4j/server/AbstractNeoServer.java","21","0","0","14","431","555","0"
"neo4j","2dce9b701631b41aa14f4d8ff186c708b57abd1e","community/server/src/main/java/org/neo4j/server/AbstractNeoServer.java","21","0","0","14","440","565","1"
"hazelcast","565257f977407eb3a0199d082860209c2958f5f9","hazelcast/src/main/java/com/hazelcast/nio/serialization/impl/DefaultData.java","21","0","0","15","120","165","1"
"hazelcast","564167c1f93b32ce742411106e9ae67eae88a801","hazelcast/src/main/java/com/hazelcast/nio/serialization/impl/DefaultData.java","21","0","0","15","121","166","0"
"BroadleafCommerce","27d1d3f1bb71de25bcdce0eeb55b4a44b5b2dade","core/broadleaf-profile/src/main/java/org/broadleafcommerce/profile/core/domain/CustomerAddressImpl.java","21","0","0","15","178","227","2"
"hazelcast","0a0bb8ca3cf5d6f1762df8f950a774ec1a838e29","hazelcast/src/test/java/com/hazelcast/cluster/AdvancedClusterStateTest.java","21","0","0","15","496","615","1"
"elasticsearch","58bfe5d86f782c2cbe89dc0eb4b89c0897871655","modules/elasticsearch/src/main/java/org/elasticsearch/index/merge/policy/TieredMergePolicyProvider.java","21","0","0","16","201","258","0"
"hazelcast","90408588053d67fc9835ccdaa88e6c79dc591f1d","hazelcast/src/main/java/com/hazelcast/client/ClientEndpoint.java","21","0","0","17","196","243","0"
"hazelcast","9bd1ce5444c1cb1358f3782d4e05fc3fc503f69a","hazelcast/src/main/java/com/hazelcast/scheduledexecutor/impl/ScheduledFutureProxy.java","21","0","0","17","225","295","1"
"hazelcast","cdb8b0e0e259c0992856d553f2aa04499043c84d","hazelcast/src/main/java/com/hazelcast/scheduledexecutor/impl/ScheduledFutureProxy.java","21","0","0","17","225","295","1"
"hazelcast","96d2da68ad978e12b54a44bff7c351ada8a01ea7","hazelcast/src/main/java/com/hazelcast/scheduledexecutor/impl/ScheduledFutureProxy.java","21","0","0","17","225","295","0"
"hazelcast","3683e71539ebd022a4491afd0bf5cc42b428c942","hazelcast/src/test/java/com/hazelcast/map/LocalMapStatsTest.java","21","0","0","17","327","383","0"
"elasticsearch","fbe27664a65ca7ab5b7dbe1c328ab27423e4313c","core/src/test/java/org/elasticsearch/get/GetActionIT.java","21","0","0","17","830","1014","2"
"elasticsearch","477489ac82e548aa30a6524e763c8329c37938bf","src/main/java/org/elasticsearch/index/cache/filter/weighted/WeightedFilterCache.java","21","0","0","18","183","250","1"
"elasticsearch","40cd549c375848729c6ffd381a906c403b31ba4a","src/main/java/org/elasticsearch/index/cache/filter/weighted/WeightedFilterCache.java","21","0","0","18","183","251","0"
"neo4j","54865c46d070187ab56d4bcd32e7831a04b1bcd1","community/server/src/test/java/org/neo4j/server/helpers/CommunityServerBuilder.java","21","0","0","19","294","367","1"
"neo4j","c017fc0e8de10a63ebca559d45a0dd7ffe97a458","community/server/src/test/java/org/neo4j/server/helpers/CommunityServerBuilder.java","21","0","0","19","294","367","1"
"neo4j","2162f57a395476c1b2e263b1e055c6baea8aa276","community/server/src/test/java/org/neo4j/server/helpers/CommunityServerBuilder.java","21","0","0","19","294","367","0"
"elasticsearch","2ed1f7a3390420835f9b270d20c5d512ba197827","core/src/main/java/org/elasticsearch/action/search/TransportSearchAction.java","21","0","0","2","228","326","1"
"hazelcast","0dbf131394b3f71de4518c5914a97bc5ccf01320","hazelcast/src/test/java/com/hazelcast/internal/partition/PartitionCorrectnessTestSupport.java","21","0","0","2","236","305","2"
"elasticsearch","149629fec657e9948488195087f30583cd561f11","core/src/main/java/org/elasticsearch/action/search/TransportSearchAction.java","21","0","0","2","237","334","0"
"neo4j","fd58f78ee7e63b03b71e392f12c42f3b13d95a47","community/server/src/test/java/org/neo4j/server/helpers/CommunityServerBuilder.java","21","0","0","20","300","374","0"
"hazelcast","2ee9e1f24c253f300f4be6cdcc6b24e128a58618","hazelcast/src/main/java/com/hazelcast/nio/IOUtil.java","21","0","0","21","186","228","1"
"orientdb","2767a54ee6308493e6a69b4b2951d8d2252bfd6b","tests/src/test/java/com/orientechnologies/orient/test/database/auto/SecurityTest.java","21","0","0","21","337","431","0"
"orientdb","d2368422055fd12c0cb57a5dc82c15cb89b2a200","tests/src/test/java/com/orientechnologies/orient/test/database/auto/SecurityTest.java","21","0","0","21","337","431","0"
"orientdb","eda978aeda4e2d46618285fcb1d73642a30164c2","tests/src/test/java/com/orientechnologies/orient/test/database/auto/SecurityTest.java","21","0","0","21","337","431","1"
"orientdb","77e9324530f7089267e9d1224bea91c78f5b05c1","tests/src/test/java/com/orientechnologies/orient/test/database/auto/DbCreationTest.java","21","0","0","22","245","325","0"
"hazelcast","4ebe6f06fb21ed8bcdc9bc6e2fb13faa3c6cf749","hazelcast/src/test/java/com/hazelcast/map/MapTransactionTest.java","21","0","0","22","672","826","1"
"neo4j","2e27f92cd55a1b84efcb0d4b6bc95b16450304a2","enterprise/security/src/main/java/org/neo4j/server/security/enterprise/auth/AuthProcedures.java","21","0","0","23","339","410","1"
"neo4j","1f22cd0deabcf1e618e4053524cdbfea4940c059","enterprise/security/src/main/java/org/neo4j/server/security/enterprise/auth/AuthProcedures.java","21","0","0","23","349","420","0"
"netty","0c157a94cbeece8b00de00994701724f83523f04","transport/src/main/java/io/netty/channel/socket/oio/OioDatagramChannel.java","21","0","0","25","289","354","0"
"neo4j","61cf94c66e7a8c7053bb8cc8c336751a651c6307","enterprise/security/src/main/java/org/neo4j/server/security/enterprise/auth/AuthProcedures.java","21","0","0","25","361","434","1"
"neo4j","c1f7605eb05731fe0b706c50dd830e2421d84166","enterprise/security/src/main/java/org/neo4j/server/security/enterprise/auth/AuthProcedures.java","21","0","0","25","362","435","0"
"BroadleafCommerce","bbb3fd3e78fa70167615c3670b6036ed332db569","integration/src/test/java/org/broadleafcommerce/core/order/service/OrderTest.java","21","0","0","25","504","762","0"
"hazelcast","98b249af9499f13c482d9ffa4ce6f1367ddb4586","hazelcast-client/src/test/java/com/hazelcast/client/HazelcastClientMultiMapTest.java","21","0","0","27","401","451","0"
"neo4j","28783f201196c8e95862b4cdee9bf7f2f794c12c","community/bolt/src/test/java/org/neo4j/bolt/v1/packstream/PackStreamTest.java","21","0","0","27","559","805","0"
"hazelcast","5da39756a924fc9e2ed46c61fcadede40bb5efc7","hazelcast-client/src/test/java/com/hazelcast/client/HazelcastClientMultiMapTest.java","21","0","0","28","409","460","0"
"hazelcast","525c34cddd7f4e08d674611e177bab103e4d1881","hazelcast/src/main/java/com/hazelcast/impl/base/DataRecordEntry.java","21","0","0","29","228","278","1"
"hazelcast","82fcc4c7c87097d1719bb56112aec0fafdb6bc0e","hazelcast/src/main/java/com/hazelcast/impl/base/DataRecordEntry.java","21","0","0","29","229","279","0"
"hazelcast","3d6bcba501e62df97fb0d222eb966362c2951a5c","hazelcast/src/main/java/com/hazelcast/internal/cluster/impl/NodeMulticastListener.java","21","0","0","3","102","138","0"
"hazelcast","ee426879c93629b6631207f2ebd08dbd3dff71e3","hazelcast/src/main/java/com/hazelcast/spi/impl/SpiDataSerializerHook.java","21","0","0","3","103","127","1"
"hazelcast","b8562acc26e5d6ed319ac5e19466995dd2d664f9","hazelcast/src/main/java/com/hazelcast/spi/impl/SpiDataSerializerHook.java","21","0","0","3","107","133","0"
"mcMMO","7c7aa994a5ca2d2fda7f91c77859a83b64a46e75","src/main/java/com/gmail/nossr50/commands/experience/ExperienceCommand.java","21","0","0","3","116","143","1"
"netty","b86d3d692aa1a5417c2890f3fef78cc2dcfa6577","common/src/main/java/io/netty/util/internal/TypeParameterMatcher.java","21","0","0","3","122","166","1"
"hazelcast","7926b47fff8ee4f1241fcd2685e4938613e9c883","hazelcast-client/src/main/java/com/hazelcast/client/spi/impl/ClientInvocationFuture.java","21","0","0","3","175","221","0"
"hazelcast","5aa58b497cf248596c24b6e8ce3e05c35a87d498","hazelcast-wm/src/test/java/com/hazelcast/wm/test/AbstractWebFilterTest.java","21","0","0","3","265","337","1"
"netty","ebf33c6e3b3ec94965c07defe2e79f7edec7f64d","testsuite/src/test/java/io/netty/testsuite/transport/socket/SocketSslEchoTest.java","21","0","0","3","499","592","1"
"netty","2bb114bcb72f467cfa3ac730493ef2270193dffa","testsuite/src/test/java/io/netty/testsuite/transport/socket/SocketSslEchoTest.java","21","0","0","3","512","606","0"
"mcMMO","105b8b5a916e3981c8f50d501ca2b2a9f43d317b","src/main/java/com/gmail/nossr50/commands/general/WhoisCommand.java","21","0","0","3","84","107","0"
"mcMMO","105b8b5a916e3981c8f50d501ca2b2a9f43d317b","src/main/java/com/gmail/nossr50/commands/general/StatsCommand.java","21","0","0","3","85","106","0"
"hazelcast","82914ab681f7a556333505b597bf2ed1e7da9f30","hazelcast-client-new/src/test/java/com/hazelcast/client/mapreduce/ClientMapReduceTest.java","21","0","0","35","402","536","0"
"elasticsearch","1ac728d22bf6375a78daa171095e918a54932f7c","core/src/main/java/org/elasticsearch/search/aggregations/pipeline/movavg/MovAvgParser.java","21","0","0","4","119","155","1"
"elasticsearch","13c17c75b530b5b110304960f24d7896d7b1c73c","distribution/tools/plugin-cli/src/test/java/org/elasticsearch/plugins/InstallPluginCommandTests.java","21","0","0","42","639","754","1"
"elasticsearch","3e485c2ca5c2be247adb8e383a3d9e2c8e7e20e4","distribution/tools/plugin-cli/src/test/java/org/elasticsearch/plugins/InstallPluginCommandTests.java","21","0","0","42","667","787","0"
"neo4j","391d4a7028c1a9dc92d36e77bc69f8519b3b8a07","community/kernel/src/main/java/org/neo4j/kernel/builtinprocs/BuiltInProcedures.java","21","0","0","49","671","778","1"
"elasticsearch","3b3f9216dbeb03c81e72d11dfdd3361a5d98c8e6","core/src/test/java/org/elasticsearch/search/aggregations/support/ScriptValuesTests.java","21","0","0","5","134","175","0"
"elasticsearch","90dbce9682e53a99462b81d6ac593f60c8a2ac7b","plugins/ingest-attachment/src/main/java/org/elasticsearch/ingest/attachment/AttachmentProcessor.java","21","0","0","5","150","204","0"
"elasticsearch","905684fe73e8ef05f3f1088a7d6fd4c0fd76be9c","plugins/ingest-attachment/src/main/java/org/elasticsearch/ingest/attachment/AttachmentProcessor.java","21","0","0","5","155","209","0"
"hazelcast","5a83c2dc64f23721867f0ab3d41531e19cb5cb49","hazelcast/src/test/java/com/hazelcast/map/query/QuerySlowTest.java","21","0","0","5","204","215","1"
"elasticsearch","638dbcc98237f5c0390a2d27fe449061d7fe0f77","core/src/test/java/org/elasticsearch/action/admin/cluster/health/ClusterHealthResponsesTests.java","21","0","0","5","209","259","0"
"ceylon-ide-eclipse","aaee4a5cc1ef9278070b92583a7cd1b6d82133b2","plugins/com.redhat.ceylon.eclipse.ui/src/com/redhat/ceylon/eclipse/code/refactor/RenameLinkedMode.java","21","0","0","5","311","350","0"
"orientdb","df627b33960e37bfbf837d438d32748f0110c0f7","core/src/main/java/com/orientechnologies/orient/core/sql/parser/OUpdateStatement.java","21","0","0","5","95","119","0"
"BroadleafCommerce","0c21b421c1d9c38444c820eea84cad34979e3b37","core/broadleaf-profile/src/main/java/org/broadleafcommerce/profile/core/domain/CustomerImpl.java","21","0","0","58","448","559","0"
"BroadleafCommerce","ef66b29904681bd4ec0fd078d0bb34a61ddb7d20","core/broadleaf-profile/src/main/java/org/broadleafcommerce/profile/core/domain/CustomerImpl.java","21","0","0","58","448","559","0"
"BroadleafCommerce","beb23ce063b9f0f91520b023d0eee1fd1a2113ba","core/broadleaf-profile/src/main/java/org/broadleafcommerce/profile/core/domain/CustomerImpl.java","21","0","0","58","448","559","1"
"hazelcast","06ff49213829c482f0326d010731edf3d7113504","hazelcast/src/main/java/com/hazelcast/map/impl/operation/MapReplicationOperation.java","21","0","0","6","171","206","2"
"hazelcast","f0288f71335fd59ecf3ea5aea21b4d28fb75aeb8","hazelcast/src/main/java/com/hazelcast/map/impl/operation/MapReplicationOperation.java","21","0","0","6","171","206","2"
"hazelcast","9df10b21d04cc76f7afb6a562d5b8b5a158410d5","hazelcast/src/main/java/com/hazelcast/map/impl/operation/MapReplicationOperation.java","21","0","0","6","171","206","0"
"hazelcast","2d63cfceff92bc363fc09a3a01582d4667ccd44e","hazelcast/src/main/java/com/hazelcast/map/impl/operation/MapReplicationOperation.java","21","0","0","6","172","207","1"
"hazelcast","64f43bbbb3921e328213be68e0d40d8c0f8a7711","hazelcast/src/main/java/com/hazelcast/map/impl/operation/MapReplicationOperation.java","21","0","0","6","172","207","1"
"hazelcast","e02c887e41aba50fe5698d5191033ec679b659fc","hazelcast/src/main/java/com/hazelcast/map/impl/operation/MapReplicationOperation.java","21","0","0","6","172","207","2"
"hazelcast","ecf7205b4ae3b030e5fa1830dce3b1c8ab648533","hazelcast/src/main/java/com/hazelcast/map/impl/operation/MapReplicationOperation.java","21","0","0","6","172","207","0"
"hazelcast","f1d489e76352bdf6a0bf92399a55403af312b467","hazelcast/src/main/java/com/hazelcast/map/impl/operation/MapReplicationOperation.java","21","0","0","6","172","207","0"
"hazelcast","39af1b08a7ad20506405dfc7dcba4f43ff8d724b","hazelcast/src/main/java/com/hazelcast/map/impl/operation/MapReplicationOperation.java","21","0","0","6","174","207","2"
"hazelcast","2370bfc23acba3dae804f189052da0099e100cc9","hazelcast/src/main/java/com/hazelcast/map/impl/operation/MapReplicationOperation.java","21","0","0","6","175","211","0"
"hazelcast","b7b1cb13c101c439c89b8465c164c32815b0dcdb","hazelcast/src/main/java/com/hazelcast/map/impl/operation/MapReplicationOperation.java","21","0","0","6","175","211","0"
"hazelcast","b71ea0beea4c49f1a5f160f71f7fb0b5d62aa1dd","hazelcast/src/main/java/com/hazelcast/map/impl/operation/MapReplicationOperation.java","21","0","0","6","175","211","1"
"hazelcast","08aa22d4cbd64e4769b7c539b8275096fd74888c","hazelcast/src/main/java/com/hazelcast/map/impl/operation/QueryOperation.java","21","0","0","6","192","243","1"
"hazelcast","4c3a3aace4f0b653e357b1aee6df61856b5ed7b0","hazelcast/src/main/java/com/hazelcast/map/impl/operation/QueryOperation.java","21","0","0","6","192","243","2"
"hazelcast","ad4ddf2df9984cf0d223775b80b2b1d985c5695a","hazelcast/src/main/java/com/hazelcast/map/impl/operation/QueryOperation.java","21","0","0","6","192","243","2"
"hazelcast","fa455733da9772e9107eb60b3fe55a17601be38b","hazelcast/src/main/java/com/hazelcast/map/impl/operation/QueryOperation.java","21","0","0","6","192","243","1"
"hazelcast","8fa8695ee7d89fb65b6349f7bea75d17f15713a7","hazelcast/src/main/java/com/hazelcast/map/impl/operation/QueryOperation.java","21","0","0","6","192","243","0"
"hazelcast","ed7180dd29edd68030c905afdbce2d2e9550b338","hazelcast/src/main/java/com/hazelcast/map/impl/operation/QueryOperation.java","21","0","0","6","195","247","0"
"elasticsearch","65afa1d93b702c842479100c9e5e738a2efe73eb","src/test/java/org/elasticsearch/search/functionscore/RandomScoreFunctionTests.java","21","0","0","6","219","279","0"
"elasticsearch","620536f85038d68522103d9cd91e4f3377773feb","core/src/test/java/org/elasticsearch/indices/recovery/RecoverySourceHandlerTests.java","21","0","0","6","365","440","1"
"elasticsearch","9d10ffd54763675f1147f6a3024388d202185bdd","core/src/test/java/org/elasticsearch/indices/recovery/RecoverySourceHandlerTests.java","21","0","0","6","367","445","0"
"netty","2a6ed67efc4ffb15647313b82e450a3951a6a3bd","testsuite/src/test/java/io/netty/testsuite/transport/socket/SocketStartTlsTest.java","21","0","0","7","202","258","1"
"ceylon-ide-eclipse","64a391fbabba6b9bc6b553abfa42466e0ca9673d","plugins/com.redhat.ceylon.eclipse.ui/src/com/redhat/ceylon/eclipse/code/hover/DocumentationView.java","21","0","0","7","306","375","0"
"ceylon-ide-eclipse","c5c15a0b33245f13d9fc7d44db226c0458005f73","plugins/com.redhat.ceylon.eclipse.ui/src/com/redhat/ceylon/eclipse/code/hover/DocumentationView.java","21","0","0","7","306","375","0"
"ceylon-ide-eclipse","86f26fa537e183c4a48c2adbef4b49cf726e931d","plugins/com.redhat.ceylon.eclipse.ui/src/com/redhat/ceylon/eclipse/code/hover/DocumentationView.java","21","0","0","7","306","375","1"
"elasticsearch","15c936ec023b7f8f67a0a5098b799a5b02540c2e","client/rest-high-level/src/test/java/org/elasticsearch/client/CrudIT.java","21","0","0","7","495","602","1"
"elasticsearch","598854dd72d7fb01a7e26a9dad065de3deaa5eb7","src/test/java/org/elasticsearch/test/disruption/LongGCDisruption.java","21","0","0","8","135","178","0"
"titan","5030ddbd044b915588512ef74029ca9ac3095392","src/main/java/com/thinkaurelius/titan/diskstorage/util/OrderedKeyValueStoreAdapter.java","21","0","0","8","158","206","1"
"hazelcast","7a0a1fd85af3b0571b72b72243a18983e8a3805d","hazelcast/src/main/java/com/hazelcast/nio/ascii/TextReadHandler.java","21","0","0","8","178","213","0"
"BroadleafCommerce","711192d5e7efe6d787e38f9b7450cf8d77b2b944","core/broadleaf-framework/src/main/java/org/broadleafcommerce/core/search/service/DatabaseSearchServiceImpl.java","21","0","0","8","214","289","1"
"hazelcast","1451b18a2114fd1d2c7448aaa28f49d5e1da007c","hazelcast-client/src/test/java/com/hazelcast/client/ClientMemberAttributeTest.java","21","0","0","8","250","339","1"
"hazelcast","653b143e76734fbb90b348475003e866c330ac1b","hazelcast-client/src/test/java/com/hazelcast/client/ClientMemberAttributeTest.java","21","0","0","8","250","339","2"
"hazelcast","f80d857ea3200fe8a369c4c92f8ea65cd3a2615a","hazelcast-client/src/test/java/com/hazelcast/client/ClientMemberAttributeTest.java","21","0","0","8","250","339","0"
"hazelcast","96f37de7e28c0866d6d51f5975fff2198c4e9f50","hazelcast-client/src/test/java/com/hazelcast/client/ClientMemberAttributeTest.java","21","0","0","8","261","350","0"
"hazelcast","ca77192b2b20ec5dae289864f25474430334a465","hazelcast-client-new/src/test/java/com/hazelcast/client/ClientMemberAttributeTest.java","21","0","0","8","275","365","0"
"hazelcast","7f9b792bc26b4325acff054aa92dfe4a5d41830e","hazelcast-client-new/src/test/java/com/hazelcast/client/ClientMemberAttributeTest.java","21","0","0","8","277","365","1"
"hazelcast","f9a306c6434b4444072c98747befa5b4e1ab372e","hazelcast/src/test/java/com/hazelcast/cluster/SplitBrainHandlerTest.java","21","0","0","8","284","376","1"
"neo4j","94422f2c4c67ae144b064b20a290f7323a10a98c","community/bolt/src/main/java/org/neo4j/bolt/v1/runtime/TransactionStateMachine.java","21","0","0","8","322","400","0"
"hazelcast","dcdf838c95407da279237d92588a7a4f691c6fce","hazelcast/src/main/java/com/hazelcast/config/AbstractXmlConfigHelper.java","21","0","0","9","135","177","1"
"elasticsearch","e9f05eed802b4e99f7004bfb5413dacee3e2001a","src/main/java/org/elasticsearch/search/aggregations/metrics/scripted/ScriptedMetricAggregator.java","21","0","0","9","150","190","0"
"elasticsearch","c4ae23f5d8d54ed45155be5690d0a1d50e7d52f8","plugins/repository-s3/src/main/java/org/elasticsearch/cloud/aws/blobstore/S3BlobContainer.java","21","0","0","9","153","202","0"
"BroadleafCommerce","da2519945a75e0d1ce1ebec8cda232073f474fc5","common/src/main/java/org/broadleafcommerce/common/i18n/service/TranslationServiceImpl.java","21","0","0","9","174","233","2"
"hazelcast","7f912866a364533fd6a47f741c65ce0f87339120","hazelcast-client-legacy/src/main/java/com/hazelcast/client/spi/impl/ClusterListenerSupport.java","21","0","0","9","225","277","0"
"hazelcast","86534e52868df3924b78e92e24e16ba1ffd83ce8","hazelcast-client-legacy/src/main/java/com/hazelcast/client/spi/impl/ClusterListenerSupport.java","21","0","0","9","227","279","0"
"elasticsearch","046abdc281c321cd2128ee7684c0edfcaca07203","core/src/test/java/org/elasticsearch/search/aggregations/pipeline/AvgBucketIT.java","21","0","0","9","317","396","3"
"elasticsearch","db541d6fbe3daecec91bb7701aacfcd284662c2a","core/src/test/java/org/elasticsearch/search/aggregations/pipeline/AvgBucketIT.java","21","0","0","9","321","401","1"
"elasticsearch","046abdc281c321cd2128ee7684c0edfcaca07203","core/src/test/java/org/elasticsearch/search/aggregations/pipeline/StatsBucketIT.java","21","0","0","9","354","433","3"
"netty","91b378005461b85f965aa296daa087bc009b9da0","transport/src/main/java/io/netty/channel/nio/AbstractNioMessageChannel.java","21","0","1","0","107","169","0"
"netty","b20e59721720d9d444b13dd2a438144c090c6c55","transport/src/main/java/io/netty/channel/socket/oio/AbstractOioByteChannel.java","21","0","1","0","108","164","0"
"netty","082b5f0dff8de1c1e5e830a7c2346f6794ca239a","transport/src/main/java/io/netty/channel/socket/oio/AbstractOioByteChannel.java","21","0","1","1","115","172","0"
"netty","1861461db230267fec4e887b6b06eff68fa61d6c","codec/src/main/java/io/netty/handler/codec/ReplayingDecoder.java","21","0","1","1","124","444","0"
"elasticsearch","2e2e345dcb90e1ec1c48c6bb5348469fc514aea1","src/main/java/org/elasticsearch/action/admin/cluster/settings/TransportClusterUpdateSettingsAction.java","21","0","1","1","174","241","5"
"elasticsearch","a4c92eb67e62027714ddfdc73245389003f00583","src/main/java/org/elasticsearch/action/admin/cluster/settings/TransportClusterUpdateSettingsAction.java","21","0","1","1","174","241","4"
"elasticsearch","adc0807c686b37bf1d96bd3eb9d26face380fe44","src/main/java/org/elasticsearch/action/admin/cluster/settings/TransportClusterUpdateSettingsAction.java","21","0","1","1","174","241","0"
"elasticsearch","78574d248cf10dad1c5a566fda79e1e0c94afe43","core/src/main/java/org/elasticsearch/action/admin/indices/shards/TransportIndicesShardStoresAction.java","21","0","1","1","180","236","1"
"elasticsearch","e6aaaf11ed4a1b8f595f920de1840938eddb7a97","core/src/main/java/org/elasticsearch/action/admin/indices/shards/TransportIndicesShardStoresAction.java","21","0","1","1","180","236","1"
"elasticsearch","a60b8948ba1d836a6eac7cff095519e618939ed8","core/src/main/java/org/elasticsearch/action/admin/indices/shards/TransportIndicesShardStoresAction.java","21","0","1","1","180","236","0"
"elasticsearch","25fd9e26c4fb042d6f6dea14efcd239577bdbbc4","core/src/main/java/org/elasticsearch/action/admin/indices/shards/TransportIndicesShardStoresAction.java","21","0","1","1","182","238","0"
"elasticsearch","8f087e802dcb8a6dfcd49213502efdfc36b4681b","src/main/java/org/elasticsearch/action/index/TransportIndexAction.java","21","0","1","1","237","307","1"
"elasticsearch","60bddc28ebd690446c88a454cc24de984fdf0fc5","src/main/java/org/elasticsearch/action/update/TransportUpdateAction.java","21","0","1","1","243","291","0"
"hazelcast","16e950448a7db50289cead4bc1bb1a4da006e545","hazelcast/src/main/java/com/hazelcast/jmx/HazelcastMBean.java","21","0","1","10","136","184","0"
"hazelcast","0af91d205aa0844b1f1be47b933edf4ef63a8fd5","hazelcast-client/src/main/java/com/hazelcast/client/spi/impl/listener/ClientSmartListenerService.java","21","0","1","10","202","244","1"
"neo4j","51a8b8b5fe4f5a532513a5b11dca330b630108d3","enterprise/core-edge/src/main/java/org/neo4j/coreedge/raft/log/NaiveDurableRaftLog.java","21","0","1","10","343","452","0"
"neo4j","769c4c6b9a0cb5af55c3fbb21842914a7758c1d9","enterprise/core-edge/src/main/java/org/neo4j/coreedge/raft/log/NaiveDurableRaftLog.java","21","0","1","10","348","458","0"
"BroadleafCommerce","1e8b29ba6d27d72811406cce7db53ed3fa903475","core/broadleaf-framework/src/main/java/org/broadleafcommerce/core/order/service/OrderMultishipOptionServiceImpl.java","21","0","1","11","156","214","0"
"elasticsearch","3512860956aa28cfd10125299709fb1863342865","src/test/java/org/elasticsearch/snapshots/mockstore/MockRepository.java","21","0","1","11","236","312","1"
"hazelcast","02f9bd52035dad6991901e12673ec1caf776f8ed","hazelcast/src/main/java/com/hazelcast/query/impl/predicates/AndPredicate.java","21","0","1","12","144","182","1"
"orientdb","29da058c3bc239cf1911da86b63d76a2071dcd28","core/src/main/java/com/orientechnologies/orient/core/sql/parser/OExpression.java","21","0","1","13","106","147","1"
"hazelcast","d568e4d926d925d57d4e79e34614390416749301","hazelcast-client/src/main/java/com/hazelcast/client/spi/impl/ClientClusterServiceImpl.java","21","0","1","13","202","249","0"
"hazelcast","712c404a6ba05f461c985cd25f6ea7497554cac7","hazelcast-client/src/main/java/com/hazelcast/client/spi/impl/ClientClusterServiceImpl.java","21","0","1","13","202","253","0"
"hazelcast","0cf8d4e4b4bb67c11e3b136f5e719e6d498b7504","hazelcast/src/main/java/com/hazelcast/cache/impl/CacheEventListenerAdaptor.java","21","0","1","13","204","268","0"
"neo4j","bf9bf54bd1a70cc5fb7c4bd0daad8cd9c034d54a","community/kernel/src/main/java/org/neo4j/kernel/impl/coreapi/TxStateTransactionDataSnapshot.java","21","0","1","13","377","447","2"
"orientdb","252aa4c00e6048e5a77066dc5f770ef6e58dd1ea","core/src/main/java/com/orientechnologies/orient/core/sql/parser/OInstanceofCondition.java","21","0","1","13","94","123","2"
"elasticsearch","8bdfd21b70568a39ebf5232e8c395f5206a7a63f","src/main/java/org/elasticsearch/common/ContextAndHeaderHolder.java","21","0","1","15","112","155","0"
"elasticsearch","3ce7b119d28e7d1be7284bd804606a65c2d1a383","core/src/main/java/org/elasticsearch/index/mapper/TypeFieldMapper.java","21","0","1","15","237","308","1"
"elasticsearch","96f1739c0dafc067a289574296642219faca4673","core/src/main/java/org/elasticsearch/index/mapper/TypeFieldMapper.java","21","0","1","15","238","309","0"
"hazelcast","f4c33973f2e5f804f6743683b11c8a43922bfc7e","hazelcast/src/test/java/com/hazelcast/test/mocknetwork/MockConnectionManager.java","21","0","1","16","199","257","1"
"hazelcast","93fd800d6c6f6781ef95536bba7e2b200fe9678d","hazelcast/src/test/java/com/hazelcast/test/mocknetwork/MockConnectionManager.java","21","0","1","16","199","258","2"
"hazelcast","b0a815f459c18eed67fcd6e4bf122bad043ef8a5","hazelcast/src/test/java/com/hazelcast/test/mocknetwork/MockConnectionManager.java","21","0","1","16","199","258","1"
"hazelcast","da8888f97af74b4590dfc1dce3d0bdeb44654000","hazelcast/src/test/java/com/hazelcast/test/mocknetwork/MockConnectionManager.java","21","0","1","16","199","258","0"
"hazelcast","9931999dce90f46d2a8af5b5f0aa17d9abb7ede0","hazelcast/src/test/java/com/hazelcast/test/mocknetwork/MockConnectionManager.java","21","0","1","16","205","265","0"
"elasticsearch","17c06f06ba4e86504bd3b24a47198bc30536572c","src/test/java/org/elasticsearch/search/aggregations/bucket/TopHitsTests.java","21","0","1","17","756","884","1"
"elasticsearch","cc9957fe0eff81b8e557534609b278e369c4ba33","src/test/java/org/elasticsearch/search/aggregations/bucket/TopHitsTests.java","21","0","1","17","758","884","1"
"elasticsearch","f4d59145114450bf1d36f8e6f3401ee4d2c0ecda","src/test/java/org/elasticsearch/search/aggregations/bucket/TopHitsTests.java","21","0","1","17","758","884","1"
"elasticsearch","2a844fc457a38650de3aa13ec07e4e8904646e6b","src/test/java/org/elasticsearch/search/aggregations/bucket/TopHitsTests.java","21","0","1","17","758","884","0"
"elasticsearch","a3cefd919e81fd7c2c171426b64aa3357bfa6db4","src/main/java/org/elasticsearch/index/mapper/internal/FieldNamesFieldMapper.java","21","0","1","18","189","253","2"
"elasticsearch","5706858722452b13465b15930e4f4cb2e8286449","src/main/java/org/elasticsearch/index/mapper/internal/FieldNamesFieldMapper.java","21","0","1","19","193","258","0"
"elasticsearch","d29754121c815856a76a7ed20dbdc7bac6feb659","modules/elasticsearch/src/main/java/org/elasticsearch/rest/action/admin/indices/alias/RestIndicesAliasesAction.java","21","0","1","2","103","138","0"
"elasticsearch","44fd962a9f70364a174c47b9204d8eb4f16e22d0","src/main/java/org/elasticsearch/action/search/type/TransportSearchScrollQueryAndFetchAction.java","21","0","1","2","165","217","0"
"neo4j","036e0742c9800ed47922595c97274b360cfbc9ef","enterprise/ha/src/main/java/org/neo4j/kernel/ha/factory/HighlyAvailableEditionModule.java","21","0","1","2","663","875","2"
"neo4j","2fb8aea71a2d50c63f1407b9e975c5e8cbf325dc","enterprise/ha/src/main/java/org/neo4j/kernel/ha/factory/HighlyAvailableEditionModule.java","21","0","1","2","667","878","2"
"elasticsearch","8fe4bc1b743e970e64157c0fa7a5b415cfecb1cf","core/src/main/java/org/elasticsearch/cluster/routing/allocation/decider/SameShardAllocationDecider.java","21","0","1","2","67","111","1"
"neo4j","c287d3fcff4d41dc2fa317c778efc33d6ca11eba","enterprise/ha/src/main/java/org/neo4j/kernel/ha/factory/HighlyAvailableEditionModule.java","21","0","1","2","670","883","1"
"elasticsearch","490d29f4fc15d8d156d814a49194e619b687b96a","modules/lang-painless/src/main/java/org/elasticsearch/painless/node/ERegex.java","21","0","1","2","83","127","1"
"elasticsearch","257a7d77edf42b17e6c645bae99d5957f0b5732f","modules/lang-painless/src/main/java/org/elasticsearch/painless/node/ERegex.java","21","0","1","2","84","128","0"
"elasticsearch","4b94eb5cb8cc4294ed0e932a5f22c16bd90d4dd7","core/src/main/java/org/apache/lucene/search/vectorhighlight/CustomFieldQuery.java","21","0","1","2","99","138","2"
"elasticsearch","860efb2ad28db09189c8423e05d0dba53010259c","core/src/main/java/org/apache/lucene/search/vectorhighlight/CustomFieldQuery.java","21","0","1","2","99","138","2"
"elasticsearch","9f12f3c33892380e4cb0fa48b860c23c6d225b5d","core/src/main/java/org/apache/lucene/search/vectorhighlight/CustomFieldQuery.java","21","0","1","2","99","138","2"
"elasticsearch","d3417fb02291f26964d77767020ef345d18c148f","core/src/main/java/org/apache/lucene/search/vectorhighlight/CustomFieldQuery.java","21","0","1","2","99","138","0"
"BroadleafCommerce","86c7c1f49cf8d819bf62c336775b16aeea5d2070","admin/broadleaf-open-admin-platform/src/main/java/org/broadleafcommerce/openadmin/dto/MapMetadata.java","21","0","1","20","110","158","0"
"hazelcast","eed8fd83f5536de88537ac20516d3d255b1eb55b","hazelcast/src/test/java/com/hazelcast/map/MapTransactionTest.java","21","0","1","22","698","857","0"
"hazelcast","0033fe9fda6e4bf1101cc8d7bd83a43d9be54c75","hazelcast/src/main/java/com/hazelcast/client/impl/ClientEndpointImpl.java","21","0","1","23","231","285","1"
"elasticsearch","9c9cd01854d4343b11314d58b82c00f1de335f8a","src/main/java/org/elasticsearch/script/groovy/GroovyScriptEngineService.java","21","0","1","23","244","319","2"
"elasticsearch","cc3f02c0a03686b915b846d1aff04cd90cf29914","src/main/java/org/elasticsearch/indices/store/TransportNodesListShardStoreMetaData.java","21","0","1","23","310","391","1"
"elasticsearch","08f7caa56b3519f4569e82cdceb57dee14e19420","src/main/java/org/elasticsearch/indices/store/TransportNodesListShardStoreMetaData.java","21","0","1","23","311","392","0"
"hazelcast","82730096b29b61ad325b1ccae4577584b186adac","hazelcast/src/test/java/com/hazelcast/map/impl/query/QueryAdvancedTest.java","21","0","1","23","432","537","1"
"hazelcast","ed7b856d5876eb258a5f2eae6881d5b33864423b","hazelcast/src/test/java/com/hazelcast/map/impl/query/QueryAdvancedTest.java","21","0","1","23","432","537","1"
"hazelcast","70a82151228a7d5fdefc6d7caaae6bfa349a815c","hazelcast/src/test/java/com/hazelcast/map/impl/query/QueryAdvancedTest.java","21","0","1","23","432","537","0"
"orientdb","c902353d86924562826c9114fd6a1242a65ada6d","core/src/test/java/com/orientechnologies/orient/core/storage/impl/local/paginated/wal/WALSegmentCreationTest.java","21","0","1","24","209","273","0"
"BroadleafCommerce","abba38b4fc4ca6f2dd06dd137e4704eb88b3c768","integration/src/test/java/org/broadleafcommerce/core/order/service/OrderTest.java","21","0","1","25","515","784","0"
"BroadleafCommerce","1da50e8d41f90a9ef84e26a97845dc812fbc27ad","integration/src/test/java/org/broadleafcommerce/core/order/service/OrderTest.java","21","0","1","25","515","787","0"
"BroadleafCommerce","338f9f72bb78459e3132d37aa68c91e9f620ccf4","integration/src/test/java/org/broadleafcommerce/core/order/service/OrderTest.java","21","0","1","25","533","810","0"
"hazelcast","5c695f915d3d5ec0116cccdbde70b3551f5dcb5a","hazelcast/src/main/java/com/hazelcast/cache/impl/CacheProxy.java","21","0","1","26","270","353","0"
"hazelcast","5917446b9901b1bc4ab314eb8c106e22ca50f3e3","hazelcast/src/main/java/com/hazelcast/cache/impl/CacheProxy.java","21","0","1","26","271","354","2"
"hazelcast","819029a9600a1af6d82dec2e65ace0e5054aee9b","hazelcast/src/main/java/com/hazelcast/cache/impl/CacheProxy.java","21","0","1","27","290","365","0"
"hazelcast","60a7c288e274f732a4d30dbf717b5ff8cdec4515","hazelcast/src/main/java/com/hazelcast/cache/impl/CacheProxy.java","21","0","1","28","294","370","1"
"hazelcast","49bc95f245df5503b44ba497a51ae534883f2f4f","hazelcast/src/main/java/com/hazelcast/cache/impl/CacheProxy.java","21","0","1","28","294","379","1"
"hazelcast","f745f9d46756c8cc57388c8172c0eafbd70c9c46","hazelcast/src/main/java/com/hazelcast/cache/impl/CacheProxy.java","21","0","1","28","295","380","2"
"hazelcast","ea8ff1c274ffffe189038236dcc2702e5e2ee13d","hazelcast/src/main/java/com/hazelcast/cache/impl/CacheProxy.java","21","0","1","28","298","375","0"
"hazelcast","1bfc71314ed00effe6c212f20af4d0092a27f5cc","hazelcast/src/main/java/com/hazelcast/cache/impl/CacheProxy.java","21","0","1","28","299","377","1"
"orientdb","66e193c7333c8024349fa44ed510d29b8ff4a92b","server/src/main/java/com/orientechnologies/orient/server/OServerShutdownMain.java","21","0","1","3","102","151","0"
"elasticsearch","de243493c9a31354d742c34a66817e8a06798026","src/main/java/org/elasticsearch/cluster/routing/allocation/decider/FilterAllocationDecider.java","21","0","1","3","105","164","0"
"elasticsearch","d1281d283beb85f10dd376292925d78dd83626a0","src/main/java/org/elasticsearch/cluster/routing/allocation/decider/FilterAllocationDecider.java","21","0","1","3","111","145","0"
"elasticsearch","bd75b731c654f4c845f0781306b8055704706585","src/main/java/org/elasticsearch/cluster/routing/allocation/decider/FilterAllocationDecider.java","21","0","1","3","111","171","1"
"netty","3843cfd7024691e84f2468c20e84bdf605e7558f","codec/src/main/java/io/netty/handler/codec/ReplayingDecoder.java","21","0","1","3","136","458","1"
"elasticsearch","5d2c334bbd4b1396550c871d4d7b7c2c9a95cd63","src/test/java/org/elasticsearch/index/search/child/ParentConstantScoreQueryTests.java","21","0","1","3","145","187","1"
"elasticsearch","ae74a8dbb7961598db02c00586b902f9c934f1a3","src/main/java/org/elasticsearch/search/facet/terms/strings/ScriptTermsStringFieldFacetExecutor.java","21","0","1","3","154","199","0"
"neo4j","7b890cea4f0be50e697d6ba272edb6b74b84e373","enterprise/security/src/main/java/org/neo4j/server/security/enterprise/auth/EnterpriseAuthManagerFactory.java","21","0","1","3","164","229","1"
"hazelcast","19b6f87638947390eac6a604d8c2e73a8d7025f8","hazelcast/src/main/java/com/hazelcast/client/impl/protocol/task/AuthenticationBaseMessageTask.java","21","0","1","3","169","217","2"
"elasticsearch","f749db26e86064d52d6e3304d5771d49a8f5ace0","src/test/java/org/elasticsearch/cluster/allocation/AwarenessAllocationTests.java","21","0","1","3","172","231","0"
"hazelcast","cd3feee000a902c92572be92c3f16c710b10cd4e","hazelcast/src/main/java/com/hazelcast/map/LocalMapStatsProvider.java","21","0","1","3","187","244","2"
"hazelcast","f20e3dadabc7cb95afcf791a2c9872699868bdb6","hazelcast/src/main/java/com/hazelcast/map/LocalMapStatsProvider.java","21","0","1","3","188","244","0"
"hazelcast","5dd3caeda2bb8c092bb4050230f55932e2439044","hazelcast/src/main/java/com/hazelcast/map/impl/eviction/MaxSizeChecker.java","21","0","1","3","188","245","0"
"hazelcast","bee8b238a83b9c0237d927b4c367a7cb258b953f","hazelcast/src/main/java/com/hazelcast/map/impl/eviction/MaxSizeChecker.java","21","0","1","3","190","246","1"
"elasticsearch","9c3e4d6e228a16aa6660b77f80797999a8ee629f","modules/transport-netty3/src/main/java/org/elasticsearch/http/netty3/Netty3HttpChannel.java","21","0","1","3","213","280","0"
"hazelcast","37ff66dace1e24ac18f53035b3f7a6c3df4cb693","hazelcast/src/main/java/com/hazelcast/map/impl/LocalMapStatsProvider.java","21","0","1","3","240","336","2"
"neo4j","1b3aad3b619bd72c2c9f79bb7edf642c5dc56a6f","enterprise/ha/src/main/java/org/neo4j/kernel/ha/factory/HighlyAvailableEditionModule.java","21","0","1","3","651","857","1"
"elasticsearch","3da04293f32b36f2a6dcfb381d85c7f55fc289d6","core/src/main/java/org/elasticsearch/cluster/routing/allocation/decider/SameShardAllocationDecider.java","21","0","1","3","79","126","0"
"elasticsearch","1af38cf3f3b50cef27044e5e173995c2403befb1","src/main/java/org/elasticsearch/index/query/AndFilterParser.java","21","0","1","3","87","124","0"
"elasticsearch","e9d9ade10f9947dd35f9ccf095c3d36698f0de8c","src/main/java/org/elasticsearch/index/query/AndFilterParser.java","21","0","1","3","87","125","0"
"elasticsearch","ebc0c8cc6d8fc35b84d1ee8bd3255729f361d4aa","src/main/java/org/elasticsearch/index/query/TermsQueryParser.java","21","0","1","3","90","131","1"
"elasticsearch","c8020760d74d5a836b802ed96c016ea5e9519051","src/main/java/org/elasticsearch/index/query/IndicesFilterParser.java","21","0","1","3","95","130","2"
"elasticsearch","57c0d29114b60f74e43ceb0914c26d490b61a265","src/main/java/org/elasticsearch/index/query/IndicesQueryParser.java","21","0","1","3","96","130","2"
"elasticsearch","70355f693f51ba79de4042eab7147aacc06d58fe","src/test/java/org/elasticsearch/test/integration/search/query/SimpleQueryTests.java","21","0","1","30","1020","1291","1"
"elasticsearch","c1e8d4787aaf33a9ebf27d45fef75f3778fb4fee","src/test/java/org/elasticsearch/test/integration/search/query/SimpleQueryTests.java","21","0","1","31","1074","1356","0"
"elasticsearch","f7d5d1e5c9a04117f780a62cac970dbe24ddebf7","src/test/java/org/elasticsearch/search/suggest/CompletionSuggestSearchTests.java","21","0","1","31","726","905","1"
"elasticsearch","00665663575b3d42bd3beeb6b3b558ffdb9e7306","src/test/java/org/elasticsearch/test/integration/search/query/SimpleQueryTests.java","21","0","1","32","1174","1469","0"
"elasticsearch","adc0807c686b37bf1d96bd3eb9d26face380fe44","src/test/java/org/elasticsearch/aliases/IndexAliasesTests.java","21","0","1","37","870","1081","0"
"elasticsearch","7340d6973dfec457fa3f325ef9725afa64227360","modules/elasticsearch/src/main/java/org/elasticsearch/index/mapper/xcontent/XContentDocumentMapper.java","21","0","1","38","311","443","0"
"elasticsearch","267afe866f91fa7ad500aaf9c91d3dec769043e4","core/src/main/java/org/elasticsearch/common/settings/loader/XContentSettingsLoader.java","21","0","1","4","100","144","0"
"elasticsearch","b3e5e6a0bada1a90ee80edcbe52cc22d82c640e3","core/src/main/java/org/elasticsearch/cluster/routing/allocation/decider/FilterAllocationDecider.java","21","0","1","4","115","184","0"
"elasticsearch","371c73e14023917f3892090d2d3d7ff9ac1216b9","core/src/main/java/org/elasticsearch/cluster/routing/allocation/decider/FilterAllocationDecider.java","21","0","1","4","116","185","3"
"elasticsearch","78574d248cf10dad1c5a566fda79e1e0c94afe43","core/src/main/java/org/elasticsearch/cluster/routing/allocation/decider/FilterAllocationDecider.java","21","0","1","4","116","185","2"
"elasticsearch","e6aaaf11ed4a1b8f595f920de1840938eddb7a97","core/src/main/java/org/elasticsearch/cluster/routing/allocation/decider/FilterAllocationDecider.java","21","0","1","4","116","185","2"
"elasticsearch","a60b8948ba1d836a6eac7cff095519e618939ed8","core/src/main/java/org/elasticsearch/cluster/routing/allocation/decider/FilterAllocationDecider.java","21","0","1","4","116","185","0"
"BroadleafCommerce","b24e2b10e435c47f8b996c82b986198f553370d3","admin/broadleaf-open-admin-platform/src/main/java/org/broadleafcommerce/openadmin/server/service/persistence/validation/EntityValidatorServiceImpl.java","21","0","1","4","118","180","1"
"BroadleafCommerce","a50b785436953f882f6e643253207a018ac3e3df","admin/broadleaf-open-admin-platform/src/main/java/org/broadleafcommerce/openadmin/server/service/persistence/module/provider/MapFieldPersistenceProvider.java","21","0","1","4","127","160","0"
"hazelcast","a4035afdfc67b757940a15578bc51b4e7b6b0b13","hazelcast/src/main/java/com/hazelcast/cache/impl/CacheEventListenerAdaptor.java","21","0","1","4","142","192","0"
"netty","73c35aef4efcc47af9cfe4137e99d3c6e9e3941e","codec/src/main/java/io/netty/handler/codec/ReplayingDecoder.java","21","0","1","4","147","462","0"
"netty","1b0b8f80cdf5d5ef0919d30232c090c5a495d4b6","common/src/main/java/io/netty/util/concurrent/AbstractScheduledEventExecutor.java","21","0","1","4","153","219","0"
"netty","119383873d84e0da24916e4240e5fdfc4dc0016d","common/src/main/java/io/netty/util/concurrent/AbstractScheduledEventExecutor.java","21","0","1","4","155","221","1"
"BroadleafCommerce","f532d938df76bf63968720084a4bc2acdbd6cc88","admin/broadleaf-open-admin-platform/src/main/java/org/broadleafcommerce/openadmin/server/service/persistence/module/provider/MediaFieldPersistenceProvider.java","21","0","1","4","160","202","1"
"BroadleafCommerce","945c9a9b199cfa9f1edb1d7c1b2461982b60c91f","admin/broadleaf-open-admin-platform/src/main/java/org/broadleafcommerce/openadmin/server/service/persistence/module/provider/MediaFieldPersistenceProvider.java","21","0","1","4","161","202","0"
"neo4j","4e13feaa5058f4f1b623704bbde288b5850c1ec6","enterprise/security/src/main/java/org/neo4j/server/security/enterprise/auth/EnterpriseAuthManagerFactory.java","21","0","1","4","163","228","0"
"elasticsearch","923fcf239c4b5a9a7501789d657c09bed50b7278","modules/elasticsearch/src/main/java/org/elasticsearch/index/percolator/PercolatorService.java","21","0","1","4","181","254","0"
"elasticsearch","a99ccb6112eb1f1b988e681e38349b27292f58c7","core/src/main/java/org/elasticsearch/http/HttpServer.java","21","0","1","4","184","258","2"
"elasticsearch","a832987ada172d91baa03a779a21b7541ddd6857","core/src/main/java/org/elasticsearch/http/HttpServer.java","21","0","1","4","185","259","1"
"hazelcast","8617de42fd4462ebd7954f48bd6a610b2d751ba2","hazelcast/src/main/java/com/hazelcast/map/impl/LocalMapStatsProvider.java","21","0","1","4","228","322","2"
"hazelcast","3c5f442e9cf8a73a13ea74b8a994f507ae2d2add","hazelcast/src/main/java/com/hazelcast/map/impl/LocalMapStatsProvider.java","21","0","1","4","243","340","0"
"BroadleafCommerce","33cdd8a1e0d1d47e45b2e19318b2497740d2b511","admin/broadleaf-admin-module/src/main/java/org/broadleafcommerce/admin/web/controller/entity/AdminProductController.java","21","0","1","4","249","324","0"
"hazelcast","7001ec8c5b1305c796de75c2e3f170c562db8c03","hazelcast/src/main/java/com/hazelcast/map/impl/nearcache/invalidation/BatchInvalidator.java","21","0","1","4","250","336","0"
"hazelcast","d070f1256c8c7fa823e6463487462826384ee1df","hazelcast/src/main/java/com/hazelcast/map/impl/nearcache/invalidation/BatchInvalidator.java","21","0","1","4","250","337","0"
"hazelcast","b0d2be02333028272031f78c6d7d92c640347cd5","hazelcast/src/main/java/com/hazelcast/internal/partition/operation/MigrationRequestOperation.java","21","0","1","4","252","336","0"
"hazelcast","7089d5a8c0942def487beb798927c03907a14aa7","hazelcast/src/main/java/com/hazelcast/internal/partition/operation/MigrationRequestOperation.java","21","0","1","4","253","337","0"
"elasticsearch","7feb742a9b3e8a5bceaaf77e2767d116a858d07d","src/main/java/org/elasticsearch/index/query/ExistsFilterParser.java","21","0","1","4","92","139","0"
"elasticsearch","526b46402530817f63c4c70ed382fee34b8b7cf3","src/main/java/org/elasticsearch/index/query/ExistsFilterParser.java","21","0","1","4","93","140","0"
"elasticsearch","ff737a880c9f37c59612d90e6dcbd67b1b47c6ea","distribution/tools/plugin-cli/src/test/java/org/elasticsearch/plugins/InstallPluginCommandTests.java","21","0","1","46","721","846","1"
"elasticsearch","3cb307462dba82409bd549b3c25f581b03d69244","core/src/test/java/org/elasticsearch/snapshots/DedicatedClusterSnapshotRestoreIT.java","21","0","1","49","844","1062","0"
"BroadleafCommerce","cea5a3095c76158382caebcff5c270adb44d6eed","common/src/main/java/org/broadleafcommerce/common/extensibility/jpa/copy/DirectCopyClassTransformer.java","21","0","1","5","141","217","3"
"hazelcast","0782ae070ed4bcf6034b0988c50f31d181d06979","hazelcast/src/main/java/com/hazelcast/map/operation/MapReplicationOperation.java","21","0","1","5","171","208","3"
"hazelcast","8fc0d61fc2604f4a7580375233291a01f3ba0b81","hazelcast/src/main/java/com/hazelcast/map/operation/MapReplicationOperation.java","21","0","1","5","172","210","0"
"hazelcast","268d983e8f25e4c5673b03bbcfe6256da34c533d","hazelcast/src/main/java/com/hazelcast/map/operation/MapReplicationOperation.java","21","0","1","5","175","214","0"
"elasticsearch","c9bb686927c01e868d6f4e59a07aee455a5cdfa6","core/src/test/java/org/elasticsearch/snapshots/DedicatedClusterSnapshotRestoreIT.java","21","0","1","50","841","1112","0"
"hazelcast","2b015e6b174d25a0103059e5bdc56440f98767b3","hazelcast/src/main/java/com/hazelcast/client/impl/protocol/ClientExceptionFactory.java","21","0","1","6","699","788","1"
"elasticsearch","413cbf17132d759a675b9a9c48b2136e6e44df8d","modules/elasticsearch/src/main/java/org/elasticsearch/common/lucene/docset/OrDocIdSet.java","21","0","1","7","123","196","0"
"hazelcast","38bd0b41d707ca4d5ca394cda10ce68d44672fff","hazelcast/src/main/java/com/hazelcast/cluster/ConfigCheck.java","21","0","1","7","129","181","1"
"hazelcast","60037d2a2130daa05601825a1a0af387507904da","hazelcast/src/main/java/com/hazelcast/topic/impl/reliable/ReliableTopicProxy.java","21","0","1","7","187","244","1"
"elasticsearch","9fdcb0ad0514d1556150abb0622779f77d9b3ed2","src/main/java/org/elasticsearch/index/search/child/ChildrenConstantScoreQuery.java","21","0","1","7","221","287","1"
"neo4j","fef7a2cf3f52a40593201391e259231a6461c6ef","enterprise/ha/src/main/java/org/neo4j/kernel/ha/cluster/HighAvailabilityMemberStateMachine.java","21","0","1","7","223","298","0"
"neo4j","4a4bc99eef885ecb4dd05d675666d37815410116","enterprise/ha/src/main/java/org/neo4j/kernel/ha/cluster/HighAvailabilityMemberStateMachine.java","21","0","1","7","261","336","1"
"elasticsearch","6c74f99ed38985ea3154f2671496e4f0e2f8ccf5","src/test/java/org/elasticsearch/test/unit/common/compress/CompressIndexInputOutputTests.java","21","0","1","7","283","323","0"
"neo4j","382ee1f43350c348c1129dfc3c8c5610cb95c1d3","community/bolt/src/main/java/org/neo4j/bolt/v1/runtime/TransactionStateMachine.java","21","0","1","7","345","446","0"
"elasticsearch","dc900a08a6c6f346656105fa0e2484ed186f8461","core/src/test/java/org/elasticsearch/search/geo/GeoFilterIT.java","21","0","1","7","431","614","1"
"orientdb","a30d7d9f31aa06a5495440aefe76bea980444302","core/src/main/java/com/orientechnologies/orient/core/metadata/security/ORestrictedAccessHook.java","21","0","1","7","93","141","1"
"elasticsearch","3bafba890449bd90f3e48e8f85837b0057cb0fba","modules/elasticsearch/src/main/java/org/elasticsearch/monitor/jvm/JvmStats.java","21","0","1","75","463","598","0"
"elasticsearch","fdbcec8a84945626cc1db76e7c52c4bdb4c95b6a","modules/elasticsearch/src/main/java/org/elasticsearch/monitor/jvm/JvmStats.java","21","0","1","75","468","603","0"
"elasticsearch","1033249f0c971ea099ccbce6d9fe3cd720c7c800","modules/elasticsearch/src/main/java/org/elasticsearch/monitor/jvm/JvmStats.java","21","0","1","76","475","613","0"
"elasticsearch","ff3fd99074e4a616d172ab4cb0580872f6cecbbe","core/src/main/java/org/elasticsearch/search/aggregations/metrics/stats/StatsAggregator.java","21","0","1","8","135","172","0"
"hazelcast","70d4de16ff0ac4518d09aad8c9f2ad9e782fb337","hazelcast/src/main/java/com/hazelcast/cache/impl/CacheEventListenerAdaptor.java","21","0","1","8","173","226","1"
"elasticsearch","1012f6a3ea0c3b3f18acbdce4e47b7f934d71e35","modules/elasticsearch/src/main/java/org/elasticsearch/index/mapper/DocumentMapperParser.java","21","0","1","8","187","242","0"
"hazelcast","910169fcb0c17ebd6efb74f516812dcea199049d","hazelcast/src/main/java/com/hazelcast/client/impl/protocol/task/AbstractMessageTask.java","21","0","1","8","191","246","0"
"hazelcast","3e9f0a4fe67f397b79d6244ff49cfc7cec656c1d","hazelcast/src/main/java/com/hazelcast/client/impl/protocol/task/AbstractMessageTask.java","21","0","1","8","200","256","1"
"hazelcast","b683793f8f000c7e168932c892f8e93fb936960e","hazelcast/src/main/java/com/hazelcast/client/impl/protocol/task/AbstractMessageTask.java","21","0","1","8","200","258","1"
"elasticsearch","ee5df74a6b0d3c1f1002c9b66b3525807291425a","src/main/java/org/elasticsearch/index/search/nested/IncludeNestedDocsQuery.java","21","0","1","8","213","277","0"
"elasticsearch","6e49256fa85617435109fa21780e46c46843759f","src/main/java/org/elasticsearch/index/search/nested/IncludeNestedDocsQuery.java","21","0","1","8","217","305","0"
"orientdb","62b47795cd8eab70076e508b269dfbe576e12188","core/src/main/java/com/orientechnologies/orient/core/metadata/security/ORestrictedAccessHook.java","21","0","1","8","97","146","0"
"elasticsearch","40cd549c375848729c6ffd381a906c403b31ba4a","src/main/java/org/elasticsearch/index/fielddata/plain/PackedArrayIndexFieldData.java","21","0","1","9","150","204","1"
"elasticsearch","12d9268db256b728e8d334801739fb46167902b6","src/main/java/org/elasticsearch/index/fielddata/plain/PackedArrayIndexFieldData.java","21","0","1","9","151","205","0"
"elasticsearch","42b20d601fe2bcece29332a116031616b90d1323","src/main/java/org/elasticsearch/indices/fielddata/cache/IndicesFieldDataCache.java","21","0","1","9","165","222","1"
"elasticsearch","b7451533c893214caf754737036330d3dea892cd","src/main/java/org/elasticsearch/indices/fielddata/cache/IndicesFieldDataCache.java","21","0","1","9","169","226","0"
"hazelcast","a4035afdfc67b757940a15578bc51b4e7b6b0b13","hazelcast-client-new/src/main/java/com/hazelcast/client/spi/impl/ClientPartitionServiceImpl.java","21","0","1","9","175","225","0"
"BroadleafCommerce","7467f1200927011c61223df68edb5cfddfc107e7","core/broadleaf-framework/src/main/java/org/broadleafcommerce/core/search/service/DatabaseSearchServiceImpl.java","21","0","1","9","225","308","0"
"elasticsearch","59a741cee57151ab7e3eb36b6031bde283b89087","src/main/java/org/elasticsearch/index/search/child/ParentQuery.java","21","0","1","9","239","312","0"
"netty","9175abc451b3573fc62847960a64c771e7a2c723","transport/src/main/java/io/netty/channel/local/LocalChannel.java","21","0","1","9","263","337","2"
"hazelcast","bab7f1c1ba3f3d6d5cbd04e858e99a3955bfe7b9","hazelcast-client/src/main/java/com/hazelcast/client/util/ClientStateListener.java","21","0","10","1","124","221","0"
"netty","02e7e53cbb845e7b7ce0a377cba59ca3a7d09d2b","transport/src/main/java/io/netty/channel/PendingWriteQueue.java","21","0","10","1","187","279","0"
"elasticsearch","37e20c6f340fcfa745e3605cc1ed0b89070c8f45","core/src/main/java/org/elasticsearch/indices/recovery/RecoveryTarget.java","21","0","11","17","299","417","3"
"netty","2e509f7bb7a365741bdf79948c51b5e91fa3ce0a","codec-http2/src/main/java/io/netty/handler/codec/http2/Http2CodecUtil.java","21","0","12","0","218","335","1"
"netty","ef729e70213adbfca7b26c2c337eb5d12839fbad","codec-http2/src/main/java/io/netty/handler/codec/http2/Http2CodecUtil.java","21","0","12","0","219","336","0"
"elasticsearch","5a64f08f048461a63a0ca1354a5050c954e63d52","core/src/main/java/org/elasticsearch/common/settings/Setting.java","21","0","12","22","331","510","0"
"neo4j","4d3b5cd40762b26828c47787e6547cc1ea90238b","community/kernel/src/main/java/org/neo4j/kernel/impl/api/OperationsFacade.java","21","0","13","133","1305","1537","0"
"neo4j","b070962e9b00726d50df951106225fa252b7efeb","community/kernel/src/main/java/org/neo4j/kernel/impl/api/OperationsFacade.java","21","0","13","147","1363","1610","1"
"neo4j","141f8dbda8adff9229a9ec38fc8a69d3b0a0ef2f","community/kernel/src/main/java/org/neo4j/kernel/impl/api/OperationsFacade.java","21","0","13","147","1375","1622","1"
"neo4j","6dd96b8fc736655801d4e4d4ed0afd9d048b8d5e","community/kernel/src/main/java/org/neo4j/kernel/impl/api/OperationsFacade.java","21","0","13","147","1384","1631","1"
"netty","517da2b46a41b779ebb41d4508c7abf5d027a9e2","transport/src/main/java/io/netty/channel/embedded/EmbeddedChannel.java","21","0","13","4","233","355","1"
"elasticsearch","6046ecbab32a6a5ba27fd5ed3a60af17e278e754","src/main/java/org/elasticsearch/action/percolate/PercolateResponse.java","21","0","13","6","211","302","0"
"elasticsearch","c066b6ae4ab4a0834314c9512c25a6bb68a84685","modules/elasticsearch/src/main/java/org/elasticsearch/cluster/node/DiscoveryNode.java","21","0","15","11","168","272","0"
"elasticsearch","6eaff9432ddc05adad528761f4ce65545cce9cf8","core/src/main/java/org/elasticsearch/cluster/node/DiscoveryNode.java","21","0","17","14","238","417","1"
"elasticsearch","887fbb63872989e3c6bde7f67770a23a90b15247","core/src/main/java/org/elasticsearch/cluster/node/DiscoveryNode.java","21","0","17","14","239","418","2"
"hazelcast","8be13173f139312e9bcbe1b1ff65269b165fce5d","hazelcast/src/main/java/com/hazelcast/client/impl/protocol/ClientMessage.java","21","0","17","14","246","460","1"
"elasticsearch","cc8f7ddb9a8562b482b5000523cfb3f69ec34505","src/main/java/org/elasticsearch/action/bulk/BulkProcessor.java","21","0","17","6","228","363","1"
"elasticsearch","b9ffb2b0a560d4fd379c46ab27e19415229047b6","src/main/java/org/elasticsearch/action/bulk/BulkProcessor.java","21","0","17","6","229","364","1"
"orientdb","136db63960bbf53514691bf5a0bb8361a5ea5361","graphdb/src/main/java/com/tinkerpop/blueprints/impls/orient/OrientGraphFactory.java","21","0","18","12","221","426","0"
"elasticsearch","96724e198adc829da8032a55c6cc04811226a261","test-framework/src/main/java/org/elasticsearch/test/TestCluster.java","21","0","18","2","116","233","0"
"netty","c6d43667d491cdc8327db000dfe261bea0ad4bbb","codec-http/src/main/java/io/netty/handler/codec/http/websocketx/WebSocketClientHandshaker00.java","21","0","2","0","141","265","1"
"netty","e6ca9882a107c34cf6358c8d7a68561025f06016","codec-http/src/main/java/io/netty/handler/codec/http/websocketx/WebSocketClientHandshaker00.java","21","0","2","0","141","265","1"
"netty","ba6ce5449ee852b782dde9a11933f6a09b123e22","codec-http/src/main/java/io/netty/handler/codec/http/websocketx/WebSocketClientHandshaker00.java","21","0","2","0","141","265","0"
"junit","5ded3d3231891402e07a208941d263aaf3379134","src/main/java/org/junit/runners/BlockJUnit4ClassRunner.java","21","0","2","0","214","401","1"
"junit","8782efa08abf5d47afdc16740678661443706740","src/main/java/org/junit/runners/BlockJUnit4ClassRunner.java","21","0","2","0","218","421","1"
"elasticsearch","cc0a6ed6901575ad7fad12cf834201b098b93712","modules/elasticsearch/src/main/java/org/elasticsearch/search/internal/ContextIndexSearcher.java","21","0","2","10","126","180","0"
"titan","a1e70246868f0fc9e3e6e1bd454f2b0b13170c3b","src/main/java/com/thinkaurelius/titan/graphdb/query/ComplexTitanQuery.java","21","0","2","13","114","150","1"
"elasticsearch","35861574674581e07ec7554b29a02be4bd89b97d","src/test/java/org/elasticsearch/test/ElasticsearchTestCase.java","21","0","2","13","237","310","1"
"neo4j","2c53d38d8973733dc91743481322988a392fc5b6","community/lucene-index/src/main/java/org/neo4j/kernel/api/impl/schema/LuceneDocumentStructure.java","21","0","2","13","254","341","0"
"elasticsearch","49bdd29f91eb3568a8bac28e043f422a208104d1","core/src/test/java/org/elasticsearch/common/xcontent/ConstructingObjectParserTests.java","21","0","2","13","335","405","1"
"hazelcast","da85875a90f55daba93fc5e45ba3dc69fd0199af","hazelcast/src/main/java/com/hazelcast/spi/impl/operationservice/impl/operations/PartitionIteratingOperation.java","21","0","2","14","218","307","0"
"elasticsearch","af1513f908d47445a6156573a53c5ad4f463175c","src/test/java/org/elasticsearch/test/ElasticsearchTestCase.java","21","0","2","14","243","317","0"
"neo4j","e7b3407f3dfe22e4029042512fbf88c2d60aa94d","enterprise/cluster/src/main/java/org/neo4j/cluster/com/NetworkSender.java","21","0","2","14","335","432","1"
"hazelcast","b980aeeea985dc7052366df26bb57f1c3542d30c","hazelcast/src/main/java/com/hazelcast/query/impl/IndexImpl.java","21","0","2","16","159","230","0"
"elasticsearch","3e3170278e6e691c40defcf1108c4746e4359768","src/main/java/org/elasticsearch/search/suggest/completion/Completion090PostingsFormat.java","21","0","2","17","278","372","0"
"neo4j","a2206e2451ffe226128a69a43f7f1f59409a0217","enterprise/cluster/src/main/java/org/neo4j/cluster/com/NetworkSender.java","21","0","2","17","344","446","0"
"neo4j","33551c86c7a88b7906f21cf3759a4de5b8cae92f","enterprise/core-edge/src/main/java/org/neo4j/coreedge/raft/RaftInstance.java","21","0","2","19","302","416","0"
"neo4j","4befe29458cb112c787fc218f1473a3344a4fe0d","enterprise/core-edge/src/main/java/org/neo4j/coreedge/raft/RaftInstance.java","21","0","2","19","304","418","1"
"hazelcast","0880710f355f33d03b8d928ec9d22a0ff4f1ca52","hazelcast/src/test/java/com/hazelcast/map/impl/nearcache/NearCacheLocalInvalidationTest.java","21","0","2","19","316","413","2"
"hazelcast","0a00c1a6ac6c6b71c59b23615ab208abcbca6fe5","hazelcast/src/test/java/com/hazelcast/map/impl/nearcache/NearCacheLocalInvalidationTest.java","21","0","2","19","316","413","1"
"hazelcast","7001ec8c5b1305c796de75c2e3f170c562db8c03","hazelcast/src/test/java/com/hazelcast/map/impl/nearcache/NearCacheLocalInvalidationTest.java","21","0","2","19","316","413","1"
"hazelcast","a97645f3f9b1abe24778838215d5756666e2d7e5","hazelcast/src/test/java/com/hazelcast/map/impl/nearcache/NearCacheLocalInvalidationTest.java","21","0","2","19","316","413","2"
"hazelcast","601a67715c677e36907648eeb31b52993381146d","hazelcast/src/test/java/com/hazelcast/map/impl/nearcache/NearCacheLocalInvalidationTest.java","21","0","2","19","316","413","0"
"elasticsearch","73307a2144fbdf63c551eeccdc7e93dc30e59a92","test/framework/src/main/java/org/elasticsearch/test/rest/yaml/ClientYamlTestClient.java","21","0","2","2","140","194","1"
"hazelcast","9a98cd8ff5b10aaa7334cf46153d8912ab903275","hazelcast/src/main/java/com/hazelcast/map/impl/eviction/EvictionCheckerImpl.java","21","0","2","2","179","237","1"
"ceylon-ide-eclipse","30b484af1265b5a74a73e0e4a43b2068c02e71cb","plugins/com.redhat.ceylon.eclipse.ui/src/com/redhat/ceylon/eclipse/core/debug/preferences/CeylonStepFilterPreferencePage.java","21","0","2","2","382","549","1"
"ceylon-ide-eclipse","bc7e36b599ddb26e3fa56e733201615c3b8b34f0","plugins/com.redhat.ceylon.eclipse.ui/src/com/redhat/ceylon/eclipse/core/debug/preferences/CeylonStepFilterPreferencePage.java","21","0","2","2","392","562","0"
"elasticsearch","e74d02138f02a66331b2611b5e70a908bb49cb97","core/src/test/java/org/elasticsearch/common/io/stream/BytesStreamsTests.java","21","0","2","23","456","626","0"
"hazelcast","09bd1799af89fd08fca90af7badcfb4587b22aa2","hazelcast/src/main/java/com/hazelcast/nio/tcp/TcpIpConnection.java","21","0","2","29","200","284","1"
"hazelcast","1e31ba5939bbf2de11397a2c9c95104a1857c847","hazelcast/src/main/java/com/hazelcast/map/impl/eviction/MaxSizeChecker.java","21","0","2","3","190","246","0"
"elasticsearch","275848eb9bc51514f76ac38ffcfbd9e740f47cbd","core/src/main/java/org/elasticsearch/common/util/concurrent/PrioritizedEsThreadPoolExecutor.java","21","0","2","6","179","247","1"
"elasticsearch","43e374f793ead07f8dfcc0acd77c2722fcde6a64","src/test/java/org/elasticsearch/test/integration/document/BulkTests.java","21","0","2","6","386","467","0"
"elasticsearch","3c8f8cc09054a6c62c5d8eef529d3f662b887344","src/main/java/org/elasticsearch/common/lucene/search/Queries.java","21","0","2","7","106","163","1"
"orientdb","1c51439255e290d19e7dcf437c78bc133b786f97","lucene/src/test/java/com/orientechnologies/lucene/test/BaseLuceneTest.java","21","0","2","7","178","264","0"
"hazelcast","1ec9b79a96f8c74881d2912c4d7b3c40f62a8b64","hazelcast/src/main/java/com/hazelcast/map/impl/querycache/subscriber/NodeQueryCacheEventService.java","21","0","2","7","187","250","1"
"hazelcast","a7693e73119b42a3f46bee85e07a7a3cb723c531","hazelcast/src/main/java/com/hazelcast/map/impl/querycache/subscriber/NodeQueryCacheEventService.java","21","0","2","8","191","255","0"
"elasticsearch","13805c2a23763da08a15c5f1de618edb95d340dc","core/src/test/java/org/elasticsearch/action/admin/cluster/node/tasks/TasksIT.java","21","0","2","9","257","405","1"
"Android-Universal-Image-Loader","8ba3407c3b781fbc714377e8b3845242741468d8","UniversalImageLoader/src/com/nostra13/universalimageloader/core/ImageLoaderConfiguration.java","21","0","20","1","204","398","0"
"Android-Universal-Image-Loader","e4c86729327074e1cf399e390206b69332371c07","library/src/com/nostra13/universalimageloader/core/ImageLoaderConfiguration.java","21","0","20","1","212","419","1"
"Android-Universal-Image-Loader","bbf3b71476e1c14c92edfa58adc6800b6dfb813b","library/src/com/nostra13/universalimageloader/core/ImageLoaderConfiguration.java","21","0","20","1","214","422","0"
"hazelcast","e4b10eb1bd1583bbfca340d4cde3ad3111ed215c","hazelcast/src/test/java/com/hazelcast/internal/nearcache/NearCacheTestUtils.java","21","0","22","2","246","460","1"
"BroadleafCommerce","14d2bad074311e7279f59a64b76e4670ee10de6e","core/broadleaf-framework-web/src/main/java/org/broadleafcommerce/core/web/api/wrapper/CategoryWrapper.java","21","0","23","2","200","373","0"
"oryx","0e536a808244ffd416c047e7c365d4f055ea1b8a","app/oryx-app-common/src/main/java/com/cloudera/oryx/app/rdf/RDFPMMLUtils.java","21","0","3","0","217","282","0"
"elasticsearch","cf7747c3388ea0ba1bc6358a67fdb99a2f8b1826","core/src/main/java/org/elasticsearch/node/InternalSettingsPreparer.java","21","0","3","1","133","211","1"
"hazelcast","4a9bacbdd50bf75b5a43e56b72754cdd6e99cefe","hazelcast/src/main/java/com/hazelcast/internal/nearcache/impl/preloader/NearCachePreloader.java","21","0","3","1","208","302","2"
"Android-Universal-Image-Loader","0c4981a73d5f8c9cf68bf62c168ef8e82cf6d147","library/src/com/nostra13/universalimageloader/cache/disc/impl/ext/LruDiscCache.java","21","0","3","10","167","239","0"
"elasticsearch","13805c2a23763da08a15c5f1de618edb95d340dc","test/framework/src/main/java/org/elasticsearch/test/rest/client/http/HttpRequestBuilder.java","21","0","3","12","177","250","1"
"elasticsearch","6d0efae7139401f497e6cd4ab329fba82dd922bf","test/framework/src/main/java/org/elasticsearch/test/rest/client/http/HttpRequestBuilder.java","21","0","3","12","177","251","0"
"elasticsearch","1f04182b8164ffb19f3805c48d67f0375262b317","core/src/main/java/org/elasticsearch/discovery/zen/fd/NodesFaultDetection.java","21","0","3","15","233","335","0"
"elasticsearch","0eff7daf5bc8d30f2e107b46b9bfe616f0c8464c","core/src/main/java/org/elasticsearch/common/logging/Loggers.java","21","0","3","16","165","226","0"
"elasticsearch","c09103c35bfe512f8dd83752451dda2893ed7e8e","core/src/main/java/org/elasticsearch/discovery/zen/fd/NodesFaultDetection.java","21","0","3","16","232","334","0"
"elasticsearch","9028fb8fbe1bf18fdce7c01c715d9e43fee01454","core/src/test/java/org/elasticsearch/index/query/SimpleIndexQueryParserTests.java","21","0","3","175","2156","2464","1"
"elasticsearch","00093a21dccf9599e28d18c20b6824c5a47ff90d","core/src/test/java/org/elasticsearch/index/query/SimpleIndexQueryParserTests.java","21","0","3","176","2174","2484","0"
"elasticsearch","3c76e15aabafe866ff0f9d536783246e3416405d","core/src/test/java/org/elasticsearch/index/query/SimpleIndexQueryParserTests.java","21","0","3","177","2190","2500","1"
"elasticsearch","99f4f09b843570ed1e0264374e59ff51554be35a","core/src/test/java/org/elasticsearch/index/query/SimpleIndexQueryParserTests.java","21","0","3","178","2210","2527","0"
"elasticsearch","9f3043fc78171b29ba03756ab40bdd865fa05f02","core/src/test/java/org/elasticsearch/index/query/SimpleIndexQueryParserTests.java","21","0","3","178","2210","2527","0"
"elasticsearch","51ae1c4d5302add19ecf1b8403ab31ec91eaad94","core/src/test/java/org/elasticsearch/index/query/SimpleIndexQueryParserTests.java","21","0","3","178","2210","2527","1"
"hazelcast","33c586d7fe567235e2216b7c79dd29adee22d5d0","hazelcast/src/main/java/com/hazelcast/internal/nearcache/impl/preloader/NearCachePreloader.java","21","0","3","2","214","310","1"
"hazelcast","bb1d17f0994af412631b960bc0c96c29a565b0d7","hazelcast/src/main/java/com/hazelcast/internal/nearcache/impl/preloader/NearCachePreloader.java","21","0","3","2","218","307","0"
"mcMMO","93548317293e2c6c5195544b99d4ce7d900abea1","src/main/java/com/gmail/nossr50/skills/unarmed/UnarmedManager.java","21","0","3","2","99","155","0"
"elasticsearch","609d9db470cbe98674823f47ca88ebcc1c1a6f09","core/src/test/java/org/elasticsearch/search/aggregations/bucket/SignificantTermsSignificanceScoreIT.java","21","0","3","21","441","532","2"
"elasticsearch","16b84b3999442d612587b34e9f19280038cf9734","core/src/test/java/org/elasticsearch/search/aggregations/bucket/SignificantTermsSignificanceScoreIT.java","21","0","3","22","407","499","1"
"oryx","d876e6d2abb63862f3f8f047bc9e9c306dafe3af","oryx-lambda-serving/src/main/java/com/cloudera/oryx/lambda/serving/ServingLayer.java","21","0","3","3","210","292","0"
"elasticsearch","c3746b268ca9a9e7e26ec861dd05e654c9bace62","core/src/main/java/org/elasticsearch/index/mapper/DocumentMapper.java","21","0","3","30","244","337","1"
"elasticsearch","3ce7b119d28e7d1be7284bd804606a65c2d1a383","core/src/main/java/org/elasticsearch/index/mapper/DocumentMapper.java","21","0","3","32","248","343","1"
"elasticsearch","96f1739c0dafc067a289574296642219faca4673","core/src/main/java/org/elasticsearch/index/mapper/DocumentMapper.java","21","0","3","32","249","344","0"
"elasticsearch","3f18487afa4156c8418922256ed5583dfeafb716","core/src/main/java/org/elasticsearch/index/mapper/DocumentMapper.java","21","0","3","34","280","386","2"
"hazelcast","7b68ab30ec0da7a4de5274fdc7af7aab81d58af4","hazelcast/src/main/java/com/hazelcast/spi/impl/NodeEngineImpl.java","21","0","3","39","268","352","1"
"hazelcast","a500efaf818ea05bc88fde57cb86152698b8b868","hazelcast/src/main/java/com/hazelcast/spi/impl/NodeEngineImpl.java","21","0","3","39","268","352","1"
"hazelcast","aa5b44abd0907de6f828bc9001aea085eba8264f","hazelcast/src/main/java/com/hazelcast/spi/impl/NodeEngineImpl.java","21","0","3","39","268","352","1"
"hazelcast","5a98c579b4dd9314814437cab8b46d16dbe54bec","hazelcast/src/main/java/com/hazelcast/spi/impl/NodeEngineImpl.java","21","0","3","39","268","352","0"
"hazelcast","1c52b3168b2cb32e5b01cf28812512ae01cf5b94","hazelcast/src/main/java/com/hazelcast/spi/impl/NodeEngineImpl.java","21","0","3","39","307","395","2"
"BroadleafCommerce","7a0a7c403c946be4bbd8ee1abdaa6699931ef834","core/broadleaf-framework-web/src/main/java/org/broadleafcommerce/core/web/order/security/CartStateRequestProcessor.java","21","0","3","4","137","223","0"
"BroadleafCommerce","2038ed49daf37671f516697aba0f85a65881cbb7","core/broadleaf-framework-web/src/main/java/org/broadleafcommerce/core/web/order/security/CartStateRequestProcessor.java","21","0","3","4","137","224","2"
"hazelcast","3d9a33cb61311dab49fe5d9aeb7bf379976ccf7d","hazelcast/src/main/java/com/hazelcast/spi/impl/NodeEngineImpl.java","21","0","3","40","312","401","1"
"netty","af4b71a00e30faf86ef1c2365e965e8f04f65bee","codec/src/main/java/io/netty/handler/codec/ByteToMessageDecoder.java","21","0","3","5","138","224","0"
"elasticsearch","25bce1db5ddbaada99e87fc76ae1ab3125228441","src/main/java/org/elasticsearch/index/merge/policy/ElasticsearchMergePolicy.java","21","0","3","5","171","241","3"
"elasticsearch","fe01c0f83b8a383bbe2f879a317150705eb9966f","test/framework/src/main/java/org/elasticsearch/transport/MockTcpTransport.java","21","0","3","7","282","374","3"
"elasticsearch","046abdc281c321cd2128ee7684c0edfcaca07203","core/src/main/java/org/elasticsearch/search/aggregations/bucket/histogram/ExtendedBounds.java","21","0","3","8","147","245","3"
"elasticsearch","22e63b478306fb3cab6ba8967db6e1f2b73cdfd8","core/src/main/java/org/elasticsearch/search/aggregations/bucket/histogram/ExtendedBounds.java","21","0","3","8","147","245","2"
"elasticsearch","3aed047bdedde1bda189cbfc2f81e65af42e57c5","core/src/main/java/org/elasticsearch/search/aggregations/bucket/histogram/ExtendedBounds.java","21","0","3","8","147","245","0"
"hazelcast","8cef595b19199973b5d394e034e096ec6cd78494","hazelcast/src/main/java/com/hazelcast/map/impl/MapKeyLoader.java","21","0","3","8","246","344","2"
"hazelcast","4124f3b19058af26d435e8865ed8cb6e8a1f15a6","hazelcast/src/main/java/com/hazelcast/map/impl/MapKeyLoader.java","21","0","3","8","250","348","2"
"elasticsearch","6952f7b5606504666ccac3edb68f43d04d3ebd44","test/framework/src/main/java/org/elasticsearch/transport/MockTcpTransport.java","21","0","3","8","323","418","1"
"elasticsearch","186c16ea41406b284bce896ab23771a93e93e7ec","test/framework/src/main/java/org/elasticsearch/transport/MockTcpTransport.java","21","0","3","8","324","419","0"
"elasticsearch","04e08f5e491477f573b9e3ac19ee4b57cf7886db","test/framework/src/main/java/org/elasticsearch/transport/MockTcpTransport.java","21","0","3","8","327","432","3"
"elasticsearch","be2a6ce80b2282779159bc017352aa6f216349e2","test/framework/src/main/java/org/elasticsearch/transport/MockTcpTransport.java","21","0","3","8","328","433","0"
"elasticsearch","f8df2a22e9171e07125e17f8dd95da2eeb89fe3f","test/framework/src/main/java/org/elasticsearch/transport/MockTcpTransport.java","21","0","3","8","328","433","0"
"elasticsearch","99262e26a08f39f7ae98b407fc2934c9fec4fc91","test/framework/src/main/java/org/elasticsearch/transport/MockTcpTransport.java","21","0","3","8","328","433","1"
"elasticsearch","ff5ad39c7a5f8ea21d3ff86d3ce50668602d7a74","core/src/test/java/org/elasticsearch/index/IndexWithShadowReplicasIT.java","21","0","3","9","584","756","1"
"elasticsearch","ac951e86d15ce1571d72de3a85c8cfff1524867e","core/src/test/java/org/elasticsearch/index/IndexWithShadowReplicasIT.java","21","0","3","9","590","763","2"
"elasticsearch","8235b89e9cd4f222ee689d47ca2ef4686b7a6971","src/main/java/org/elasticsearch/search/suggest/phrase/DirectCandidateGenerator.java","21","0","4","14","200","261","0"
"elasticsearch","10adb71445859a942403c8fbed587175952ca3bf","core/src/main/java/org/elasticsearch/index/shard/TranslogRecoveryPerformer.java","21","0","4","2","171","235","0"
"hazelcast","336017d6d1589b2ea50661b51024f97f245af5f4","hazelcast/src/test/java/com/hazelcast/concurrent/lock/ConditionAbstractTest.java","21","0","4","25","507","609","0"
"elasticsearch","5098dcaf96744fbc9f1ae5179e530453e9654de0","core/src/main/java/org/elasticsearch/index/shard/TranslogRecoveryPerformer.java","21","0","4","4","184","249","1"
"netty","b8400f96283fec0b1f60232aab52da06a9921ad6","transport/src/main/java/io/netty/channel/pool/SimpleChannelPool.java","21","0","4","5","237","349","1"
"netty","cebf255951a257068bbcab4781d4c6085e3289bd","transport/src/main/java/io/netty/channel/pool/SimpleChannelPool.java","21","0","4","5","237","349","1"
"netty","dc6c6d956a9409e4ca13ed0586af80b3e2753e14","transport/src/main/java/io/netty/channel/pool/SimpleChannelPool.java","21","0","4","5","237","349","0"
"netty","94c0ef3c96189b3fb02ee68a4e229d1e3ba6e2df","transport/src/main/java/io/netty/channel/pool/SimpleChannelPool.java","21","0","4","5","246","383","0"
"netty","66c83f7b74b3ea28baa4a0702d621aba8331993a","transport/src/main/java/io/netty/channel/pool/SimpleChannelPool.java","21","0","4","5","249","386","1"
"netty","3482651e0c29edfa02f189751c704ebe4fe8f54c","codec-http2/src/test/java/io/netty/handler/codec/http2/Http2TestUtil.java","21","0","4","5","381","476","0"
"antlr4","156696be189bdf3929343fb4bea9b4fbe4a90063","tool/src/org/antlr/v4/tool/BuildDependencyGenerator.java","21","0","4","6","143","274","0"
"antlr4","fdc46c53e6d885307d0ff3f8ceea5474267d1f64","tool/src/org/antlr/v4/tool/BuildDependencyGenerator.java","21","0","4","6","144","275","1"
"netty","44142efe55bb01c5bff3953a8b2d6aee9b76c6d0","transport/src/main/java/io/netty/channel/socket/oio/OioSctpServerChannel.java","21","0","4","6","176","243","0"
"elasticsearch","2db3bccd3789ec0648037dd39bab5c7aa5ab8299","core/src/main/java/org/elasticsearch/rest/action/RestActions.java","21","0","4","9","169","274","0"
"elasticsearch","51b33f1fd549b474e901e70a460440d73a1751ce","core/src/main/java/org/elasticsearch/index/cache/bitset/BitsetFilterCache.java","21","0","4","9","192","301","1"
"junit","bcf4785a8ae0ad21ffefd80dcfbb360621d98806","src/main/java/org/junit/Assert.java","21","0","43","0","225","784","2"
"elasticsearch","365a324fc51eb7d5b5bda8d2c889f149a8198b0a","core/src/main/java/org/elasticsearch/bootstrap/JarHell.java","21","0","5","0","142","201","1"
"elasticsearch","c5b91b905898b0484f9e135f643437392cc50ef5","core/src/main/java/org/elasticsearch/bootstrap/JarHell.java","21","0","5","0","145","204","0"
"elasticsearch","78574d248cf10dad1c5a566fda79e1e0c94afe43","core/src/main/java/org/apache/lucene/index/XPointValues.java","21","0","5","0","85","131","1"
"elasticsearch","9af208376592635601b383b4435b29b724007021","core/src/main/java/org/apache/lucene/index/XPointValues.java","21","0","5","0","85","131","1"
"elasticsearch","e6aaaf11ed4a1b8f595f920de1840938eddb7a97","core/src/main/java/org/apache/lucene/index/XPointValues.java","21","0","5","0","85","131","1"
"elasticsearch","4953bf02f68eb8c1ba18f8c6bf816241d6a9f902","core/src/main/java/org/apache/lucene/index/XPointValues.java","21","0","5","0","85","131","0"
"elasticsearch","a60b8948ba1d836a6eac7cff095519e618939ed8","core/src/main/java/org/apache/lucene/index/XPointValues.java","21","0","5","0","85","131","0"
"elasticsearch","13a347239a48d71486692a72c066e940dec8921b","core/src/test/java/org/elasticsearch/test/ESBackcompatTestCase.java","21","0","5","2","173","286","2"
"junit","0c114780df6a4f096493730dd004bccd44b13e15","src/main/java/org/junit/runners/ParentRunner.java","21","0","5","2","214","384","1"
"junit","01b427b3b89ce04d01f0ddbd746d13a175feec5b","src/main/java/org/junit/runners/ParentRunner.java","21","0","5","2","219","392","0"
"MapDB","36ab1106f61744c7e9553c22edc4e885089fc5ed","src/main/java/org/mapdb/Store.java","21","0","5","5","144","205","1"
"BroadleafCommerce","4ffedd5759b771ac46662f9479cdcfe574448c43","common/src/main/java/org/broadleafcommerce/common/rule/MvelHelper.java","21","0","6","1","108","205","3"
"elasticsearch","34155ff102c87dc34805f9aa6a6094ab2b0e6658","core/src/main/java/org/elasticsearch/search/internal/DefaultSearchContext.java","21","0","6","107","650","815","0"
"elasticsearch","8bdfd21b70568a39ebf5232e8c395f5206a7a63f","src/main/java/org/elasticsearch/search/internal/DefaultSearchContext.java","21","0","6","108","660","830","0"
"mcMMO","bf2e527e7274472705ba463c16435e8c92b6fcef","src/main/java/com/gmail/nossr50/skills/taming/TamingManager.java","21","0","6","11","137","210","0"
"hazelcast","5fef2f994025e296c2ecd9fe04abed25c62e12ea","hazelcast-client/src/test/java/com/hazelcast/client/listeners/AbstractListenersOnReconnectTest.java","21","0","6","13","457","603","0"
"hazelcast","2c00a0e5532f5700ed1773b08f2e8ebae21181b2","hazelcast-wm/src/main/java/com/hazelcast/web/ClusteredSessionService.java","21","0","6","2","200","336","1"
"hazelcast","ca85d886918dad06ed908696f3ebfbf2553097f0","hazelcast-wm/src/main/java/com/hazelcast/web/ClusteredSessionService.java","21","0","6","2","200","338","0"
"mct","2bf3c8b935f950b0c993fc183d2f75fe422cbb6f","exampleplugin/src/main/java/org/acme/example/view/ShowChildrenInTableView.java","21","0","6","5","241","366","1"
"elasticsearch","cc83c2f848be69a77f1275fe1ff5363dcdd4c955","src/main/java/org/elasticsearch/common/lucene/spatial/prefix/tree/SpatialPrefixTree.java","21","0","6","6","136","229","1"
"elasticsearch","25fd9e26c4fb042d6f6dea14efcd239577bdbbc4","core/src/main/java/org/elasticsearch/action/admin/cluster/node/tasks/list/ListTasksResponse.java","21","0","6","6","153","220","0"
"elasticsearch","fcee329332d30b26df4b4380be1f64dc327c419a","core/src/main/java/org/elasticsearch/index/translog/TranslogWriter.java","21","0","6","7","227","333","1"
"elasticsearch","34ef5306d2ead72f8faa6df23195829d5c522de9","core/src/main/java/org/elasticsearch/index/translog/TranslogWriter.java","21","0","6","7","236","349","0"
"elasticsearch","98640310c2adff8f8d164590faf019193201c747","src/main/java/org/elasticsearch/search/internal/DefaultSearchContext.java","21","0","6","93","594","794","1"
"orientdb","46bbcabde62c2b9e61ebaf45dc23f16d9dee7f02","server/src/main/java/com/orientechnologies/orient/server/security/authenticator/ODefaultPasswordAuthenticator.java","21","0","7","0","94","164","1"
"orientdb","136db63960bbf53514691bf5a0bb8361a5ea5361","server/src/main/java/com/orientechnologies/orient/server/security/authenticator/ODefaultPasswordAuthenticator.java","21","0","7","0","95","165","0"
"elasticsearch","6f996e9e26ae05440aa8d374d5cedcc3752ebfec","core/src/main/java/org/elasticsearch/node/Node.java","21","0","7","1","328","431","1"
"elasticsearch","c6938896aa59624dcdb57c89253ad3de3e165f17","core/src/main/java/org/elasticsearch/node/Node.java","21","0","7","1","329","432","2"
"BroadleafCommerce","7a0a7c403c946be4bbd8ee1abdaa6699931ef834","common/src/main/java/org/broadleafcommerce/common/extension/ExtensionManager.java","21","0","7","3","120","223","0"
"netty","8142aae765b74ba7934b363b562a5ffe4a01a12c","common/src/main/java/io/netty/util/internal/ThreadLocalRandom.java","21","0","8","2","142","314","0"
"netty","af9ab8b37016a666741c08e9c4a3e8634515cbac","common/src/main/java/io/netty/util/internal/ThreadLocalRandom.java","21","0","8","2","151","323","0"
"elasticsearch","93b04fb7bd9731b806de297650e734cc923727d7","core/src/main/java/org/elasticsearch/index/query/SpanNearQueryBuilder.java","21","0","8","2","155","232","1"
"hazelcast","75c291e9f6d861660e69ce8951b281342864be90","hazelcast/src/test/java/com/hazelcast/map/impl/tx/MapTransactionTest.java","21","0","8","44","1178","1400","1"
"elasticsearch","8a0a1140a9b816de826235c10ce59cf72d48797b","core/src/main/java/org/elasticsearch/cluster/ClusterStateObserver.java","21","0","8","6","210","309","1"
"elasticsearch","24e2847af277cca729760ac910f684fdcafe5f0c","core/src/main/java/org/elasticsearch/cluster/ClusterStateObserver.java","21","0","8","6","214","312","0"
"elasticsearch","29ea3059fcc6b91db9a5df24f255e702f26f5314","core/src/main/java/org/elasticsearch/cluster/ClusterStateObserver.java","21","0","8","6","214","316","0"
"netty","1856ab3a3516435f5481ff9a3a06233b849b46e7","resolver-dns/src/main/java/io/netty/resolver/dns/DnsServerAddresses.java","21","0","9","0","269","396","1"
"hazelcast","059e863eb7de6e9f9d4c5a747bdb4690a6c95257","hazelcast-client/src/main/java/com/hazelcast/client/util/ClientStateListener.java","21","0","9","1","124","221","1"
"BroadleafCommerce","2e43d1b4b2a7cae14ea6299418a9659a139de3b9","common/src/main/java/org/broadleafcommerce/common/web/BroadleafRequestContext.java","21","0","9","30","209","330","1"
"orientdb","eda978aeda4e2d46618285fcb1d73642a30164c2","core/src/main/java/com/orientechnologies/orient/core/index/hashindex/local/OLocalHashTable20.java","210","0","1","23","1690","2187","1"
"orientdb","3630d8c33e4a5494e5d085504dd957898c427d13","server/src/main/java/com/orientechnologies/orient/server/network/protocol/binary/ONetworkProtocolBinary.java","210","0","2","16","791","1051","0"
"hazelcast","600651bb0ee2f11e89605b9ee71e1b7293e51415","hazelcast/src/main/java/com/hazelcast/cache/impl/AbstractCacheRecordStore.java","210","0","2","38","1303","1480","0"
"netty","4f40913b3352efa9c8e43e535f31276bae6da84f","handler/src/main/java/io/netty/handler/ssl/OpenSslEngine.java","210","0","4","29","1241","1620","1"
"orientdb","0e868f07cc1b57e059f5c0b6eb9f32f5475fce81","distributed/src/main/java/com/orientechnologies/orient/server/hazelcast/OHazelcastPlugin.java","210","0","6","51","1186","1665","2"
"orientdb","6c332f89b82cb8a446f742cafa793559b2eaade9","distributed/src/main/java/com/orientechnologies/orient/server/distributed/impl/ODistributedAbstractPlugin.java","210","0","8","51","1222","1690","0"
"netty","670d3f53a8189f3c062de48a9fc5e4c0d76abe12","transport/src/main/java/io/netty/channel/DefaultChannelHandlerContext.java","211","0","0","0","1537","1768","1"
"ceylon-ide-eclipse","debdbbc9e5428cbc335813a927260c141ba03938","plugins/com.redhat.ceylon.eclipse.ui/src/com/redhat/ceylon/eclipse/util/JavaSearch.java","211","0","1","20","1111","1183","1"
"elasticsearch","178629382cae497aaa5b4842208cd570b189bd52","src/main/java/org/elasticsearch/index/engine/robin/RobinEngine.java","211","0","1","23","1259","1481","0"
"orientdb","567dc93cca1056c9b2aa72636e7e671ced994a8e","core/src/main/java/com/orientechnologies/orient/core/index/hashindex/local/OLocalHashTable20.java","211","0","1","23","1681","2181","1"
"orientdb","8baec26b49efeffdba1d1c5d07b841612e6253c2","core/src/main/java/com/orientechnologies/orient/core/index/hashindex/local/OLocalHashTable20.java","211","0","1","23","1684","2185","0"
"orientdb","50bb0365603295268745639338630da96d9c93fc","core/src/main/java/com/orientechnologies/orient/core/index/hashindex/local/OLocalHashTable20.java","211","0","1","23","1685","2188","0"
"orientdb","b27bb99f64f5a211acd2f1639a5895ce09a1b883","core/src/main/java/com/orientechnologies/orient/core/index/hashindex/local/OLocalHashTable20.java","211","0","1","23","1687","2190","0"
"orientdb","1a8d4d6d1b489ef24d1343a420d687ef4934f214","core/src/main/java/com/orientechnologies/orient/core/storage/cache/local/OWOWCache.java","211","0","2","51","1455","1884","0"
"orientdb","31025b47a1a2fd4a94b08cd2a82af0ab1187e0c9","core/src/main/java/com/orientechnologies/orient/core/storage/cache/local/OWOWCache.java","211","0","2","51","1455","1889","2"
"orientdb","25dbed0055c784445c165e1f5a6fc9959fb5ae67","graphdb/src/main/java/com/tinkerpop/blueprints/impls/orient/OrientVertex.java","211","0","28","4","698","1178","0"
"orientdb","3b414feb4ea5748d789dad66c6f647ecc8960054","distributed/src/main/java/com/orientechnologies/orient/server/hazelcast/OHazelcastPlugin.java","211","0","6","51","1197","1682","2"
"orientdb","5113bd12218f94df3532e814a9a3e0f3675ea692","distributed/src/main/java/com/orientechnologies/orient/server/hazelcast/OHazelcastPlugin.java","211","0","6","52","1201","1683","1"
"neo4j","a9cd199b1086cf1d996764b54caba53b95d3727c","community/kernel/src/main/java/org/neo4j/kernel/impl/nioneo/xa/WriteTransaction.java","212","0","1","45","1860","2113","0"
"orientdb","b99ef4dc718c6843428505e90b75ec47566fedae","distributed/src/main/java/com/orientechnologies/orient/server/distributed/impl/ODistributedStorage.java","212","0","1","91","1327","1841","2"
"netty","f812180c2d9446b5ca7da433688772c12530be4d","common/src/main/java/io/netty/util/NetUtil.java","212","0","10","1","711","1060","1"
"orientdb","5f30f708e8f3f6676d5911895c4042496d0dc1fd","core/src/main/java/com/orientechnologies/orient/core/storage/cache/local/OWOWCache.java","212","0","2","51","1462","1897","1"
"hazelcast","4256555545f49406b00df2f077289e5c9cdb7a0a","hazelcast/src/main/java/com/hazelcast/cache/impl/AbstractCacheRecordStore.java","212","0","2","53","1311","1488","0"
"netty","dc13b68632957faf6e2e3a57a0e40c11cce45366","transport/src/main/java/io/netty/channel/DefaultChannelHandlerContext.java","213","0","0","0","1575","1815","0"
"ceylon-ide-eclipse","ebc8b5e4cae6d17bbedebb9ae33ed550cc14fe10","plugins/com.redhat.ceylon.eclipse.ui/src/com/redhat/ceylon/eclipse/util/JavaSearch.java","213","0","1","20","933","1006","0"
"ceylon-ide-eclipse","325bff4c79cb3386469431dfae58a082311e818c","plugins/com.redhat.ceylon.eclipse.ui/src/com/redhat/ceylon/eclipse/util/JavaSearch.java","213","0","1","21","1141","1214","0"
"elasticsearch","0a07ce8916ad6c51be8c19cfa2cf7202382fbd93","src/main/java/org/elasticsearch/index/engine/internal/InternalEngine.java","213","0","1","22","1357","1702","0"
"BroadleafCommerce","dbd58b9d1efd79a6183c776a8532b06177e8d529","admin/broadleaf-open-admin-platform/src/main/java/org/broadleafcommerce/openadmin/server/dao/provider/metadata/BasicFieldMetadataProvider.java","213","0","1","4","763","826","2"
"neo4j","53a98b0736387e9e71640b7ae062697ceee7d966","community/kernel/src/main/java/org/neo4j/kernel/impl/nioneo/xa/WriteTransaction.java","213","0","1","45","1865","2120","0"
"orientdb","16079d38520f313144dee6a6a97982d94402b763","distributed/src/main/java/com/orientechnologies/orient/server/distributed/impl/ODistributedStorage.java","213","0","1","91","1326","1839","2"
"orientdb","c3943915a7ca022d85b4aea72942208d7cf621c4","distributed/src/main/java/com/orientechnologies/orient/server/distributed/impl/ODistributedStorage.java","213","0","1","91","1328","1841","1"
"orientdb","7714495a75dd494934a6cfa3c422763d92a19239","distributed/src/main/java/com/orientechnologies/orient/server/distributed/impl/ODistributedStorage.java","213","0","1","91","1329","1843","1"
"ceylon-ide-eclipse","3f6dc94ba8748c0d0df507e146a26a91c0890f37","plugins/com.redhat.ceylon.eclipse.ui/src/com/redhat/ceylon/eclipse/core/model/JDTModelLoader.java","213","0","2","51","1116","1341","1"
"ceylon-ide-eclipse","df4a9c3f6a199d4bb9ca704c51612fcc03056e64","plugins/com.redhat.ceylon.eclipse.ui/src/com/redhat/ceylon/eclipse/core/model/JDTModelLoader.java","213","0","2","51","1118","1343","0"
"antlr4","b175d7b2230ed4786ce4d4284b18c4f4121a690f","runtime/Java/src/org/antlr/v4/runtime/atn/ParserATNSimulator.java","213","0","3","9","969","1891","0"
"antlr4","857c40318f3349ddf54c2e1adda7a698ba44b965","runtime/Java/src/org/antlr/v4/runtime/atn/ParserATNSimulator.java","213","0","3","9","970","1891","0"
"titan","2beffb4767bcaab8cdfb54dbcb08c819c0a8dd3c","titan-core/src/main/java/com/thinkaurelius/titan/graphdb/transaction/StandardTitanTx.java","213","0","9","55","1093","1357","1"
"netty","a03bd5105a7036ec76430699fbb9015d48785bcd","transport/src/main/java/io/netty/channel/DefaultChannelHandlerContext.java","214","0","0","0","1423","1702","0"
"netty","1603d9792dd972cdc6bd1b83a4e890cbe103c797","transport/src/main/java/io/netty/channel/DefaultChannelHandlerContext.java","214","0","0","0","1425","1705","0"
"orientdb","eda978aeda4e2d46618285fcb1d73642a30164c2","core/src/main/java/com/orientechnologies/orient/core/index/sbtree/local/OSBTree.java","214","0","1","26","1755","2182","1"
"neo4j","e9de62e7befeeb8b49cf594775b843b963d6ef6d","community/kernel/src/main/java/org/neo4j/kernel/impl/nioneo/xa/WriteTransaction.java","214","0","1","38","1644","1857","1"
"orientdb","49646436cee4497bc6b13ed638598cac2c4ae6e6","core/src/main/java/com/orientechnologies/orient/core/storage/cache/local/OWOWCache.java","214","0","1","50","1446","1892","1"
"orientdb","4ff84b859e3d13248b65486721dda2a5fd268722","distributed/src/main/java/com/orientechnologies/orient/server/distributed/impl/ODistributedStorage.java","214","0","1","90","1339","1854","0"
"orientdb","cb2277a57d1cdf28dde1631fb9bec3a7eac0572c","distributed/src/main/java/com/orientechnologies/orient/server/distributed/impl/ODistributedStorage.java","214","0","1","91","1343","1859","1"
"netty","eb5dc4bcedc7503738e19ee8635f4df58f7062a2","common/src/main/java/io/netty/util/NetUtil.java","214","0","13","1","744","1129","0"
"elasticsearch","a58d9a1dd0f47f80bad75eee54ec13c6b32843c5","src/main/java/org/elasticsearch/index/engine/internal/InternalEngine.java","214","0","2","24","1405","1744","0"
"orientdb","1a1fe55db47d03aa65fd180fe2c52de1268c6b53","core/src/main/java/com/orientechnologies/orient/core/index/sbtree/local/OSBTree.java","214","0","2","26","1727","2158","0"
"orientdb","b483b7c3b51b4309cac3aea1fc014ac932f889ee","core/src/main/java/com/orientechnologies/orient/core/index/sbtree/local/OSBTree.java","214","0","2","27","1738","2170","0"
"antlr4","e8c6dc4e394f895fb5b29b3cb1ce7da6066d4231","runtime/Java/src/org/antlr/v4/runtime/atn/ParserATNSimulator.java","214","0","4","10","969","2040","0"
"antlr4","63b5e61c15ce1975002d7ca7f5ad1e2bbbc9216d","runtime/Java/src/org/antlr/v4/runtime/atn/ParserATNSimulator.java","214","0","4","10","972","2044","0"
"netty","6c6c369c68dea9aab20a906793f81363f54c389c","handler/src/main/java/io/netty/handler/ssl/OpenSslEngine.java","214","0","4","29","1248","1627","0"
"orientdb","6957528517766acf842f8c4f43bfbad420fbf1fd","distributed/src/main/java/com/orientechnologies/orient/server/hazelcast/OHazelcastPlugin.java","214","0","6","53","1229","1720","1"
"titan","4d4700f2228f768450954df98aa8af68df125e2f","titan-core/src/main/java/com/thinkaurelius/titan/graphdb/transaction/StandardTitanTx.java","214","0","9","55","1092","1356","0"
"orientdb","4281249babfca1366f21ad51aef1eec56effbab4","client/src/main/java/com/orientechnologies/orient/client/remote/OStorageRemote.java","215","0","5","101","1522","1927","1"
"orientdb","84e45164d687eee7e2564953cc0b84a6cdad50b7","distributed/src/main/java/com/orientechnologies/orient/server/hazelcast/OHazelcastPlugin.java","215","0","6","53","1236","1730","0"
"netty","189c2785c012c3981af4b12a4d29ae1fc8d85a78","transport/src/main/java/io/netty/channel/DefaultChannelHandlerContext.java","216","0","0","0","1436","1714","0"
"elasticsearch","e0fbd5df52449d7caeb7eeb7392a595d35b10ef3","src/main/java/org/elasticsearch/index/engine/internal/InternalEngine.java","216","0","1","23","1345","1606","1"
"neo4j","1a261f85215c39039a8e8d12b1363ec328e56bf7","community/kernel/src/main/java/org/neo4j/kernel/impl/nioneo/xa/WriteTransaction.java","216","0","1","39","1660","1875","0"
"elasticsearch","0676869e6d1fe9e57c6b9cb111197df105b8edec","src/main/java/org/elasticsearch/index/engine/internal/InternalEngine.java","216","0","2","24","1414","1757","0"
"elasticsearch","37e606819c4c843a5d5982b18c3b34ed64a9b055","src/main/java/org/elasticsearch/index/engine/internal/InternalEngine.java","216","0","2","24","1437","1790","2"
"elasticsearch","f444678dba820908898210fdc256c6f1e68a8452","src/main/java/org/elasticsearch/index/engine/internal/InternalEngine.java","216","0","2","24","1439","1792","0"
"orientdb","246681030e382b2914eed12f3f6f777438c5d0f3","client/src/main/java/com/orientechnologies/orient/client/remote/OStorageRemote.java","216","0","5","101","1525","1931","0"
"elasticsearch","579cca9adb43cb12d7bda9d6d0bb6fcd118ca002","core/src/main/java/org/elasticsearch/index/shard/IndexShard.java","216","0","50","61","1726","2508","1"
"elasticsearch","ec0c62107292c47f65707c97520ef6646cc2d882","core/src/main/java/org/elasticsearch/index/shard/IndexShard.java","216","0","50","61","1726","2509","0"
"orientdb","b93f473a13793a24c3d77d685df5fb54d8fecca4","graphdb/src/main/java/com/tinkerpop/blueprints/impls/orient/OrientBaseGraph.java","216","0","69","13","1185","2121","2"
"orientdb","d1f2516087f2e93dafed5df70537de9a56740f8b","graphdb/src/main/java/com/tinkerpop/blueprints/impls/orient/OrientBaseGraph.java","216","0","69","13","1188","2125","2"
"orientdb","31197a10321f30a56c2f6b7ebccdda76159686dc","graphdb/src/main/java/com/tinkerpop/blueprints/impls/orient/OrientBaseGraph.java","216","0","70","13","1188","2128","2"
"BroadleafCommerce","90fbbaefa69f84a06c7fa4377be2a6590bd547c5","admin/broadleaf-open-admin-platform/src/main/java/org/broadleafcommerce/openadmin/server/service/persistence/module/BasicPersistenceModule.java","217","0","1","46","1166","1355","3"
"BroadleafCommerce","4a616b68956d66cd2e6de90cabf8976f48713a74","admin/broadleaf-open-admin-platform/src/main/java/org/broadleafcommerce/openadmin/server/service/persistence/module/BasicPersistenceModule.java","217","0","1","47","1188","1383","1"
"BroadleafCommerce","e216da5ebb303680f5c60ffcd75979f5876ab5a6","admin/broadleaf-open-admin-platform/src/main/java/org/broadleafcommerce/openadmin/server/service/persistence/module/BasicPersistenceModule.java","217","0","1","51","1212","1412","0"
"MapDB","5dc3c9b2bd6c92a6ee239ea3a63d43ddbd53e741","src/main/java/org/mapdb/SerializerBase.java","217","0","1","8","1636","2128","0"
"hazelcast","2475bbf60216363d3022a2ace31d1d24a39a2183","hazelcast/src/main/java/com/hazelcast/cache/impl/AbstractCacheRecordStore.java","217","0","2","36","1324","1499","1"
"hazelcast","d3cbff0d7e617a66083ec64627708734262e3757","hazelcast/src/main/java/com/hazelcast/cache/impl/AbstractCacheRecordStore.java","217","0","2","36","1324","1499","1"
"hazelcast","0397d6e2c44ad20946cf32ae695b8bead6819d21","hazelcast/src/main/java/com/hazelcast/cache/impl/AbstractCacheRecordStore.java","217","0","2","36","1324","1499","0"
"hazelcast","5faf364de0508ab69091eaf53beddf235c8f8361","hazelcast/src/main/java/com/hazelcast/cache/impl/AbstractCacheRecordStore.java","217","0","2","36","1325","1500","1"
"antlr4","8d9c7d280151916826db9f953d6b49e0c4eb1f00","runtime/Java/src/org/antlr/v4/runtime/atn/ParserATNSimulator.java","217","0","4","10","974","2051","0"
"netty","2368f238ad75935f68221f35330934c4ee734ee8","buffer/src/test/java/io/netty/buffer/AbstractByteBufTest.java","217","0","6","288","3316","4005","1"
"netty","583a59abb1c1b2cd99aeac5cbbd2e58c4b087880","buffer/src/test/java/io/netty/buffer/AbstractByteBufTest.java","217","0","6","289","3333","4026","0"
"netty","b1775a3223e54e076f0abba85360a19ded368498","transport/src/main/java/io/netty/channel/DefaultChannelHandlerContext.java","218","0","0","0","1460","1746","0"
"ceylon-ide-eclipse","386eacab492f5b0837dc1260e73ebfec3edb11e2","plugins/com.redhat.ceylon.eclipse.ui/src/com/redhat/ceylon/eclipse/util/JavaSearch.java","218","0","1","21","1155","1228","1"
"ceylon-ide-eclipse","1b3e73c4ff7128f0311a4ccdfce30fe11513eb04","plugins/com.redhat.ceylon.eclipse.ui/src/com/redhat/ceylon/eclipse/util/JavaSearch.java","218","0","1","21","1156","1229","0"
"ceylon-ide-eclipse","2c5cac56cc2bf723f1b1e9eb1e1cd225a7dd97f9","plugins/com.redhat.ceylon.eclipse.ui/src/com/redhat/ceylon/eclipse/util/JavaSearch.java","218","0","1","21","1158","1231","1"
"elasticsearch","5d611a90982a11ba0a4fb5190e7b12ded7d07c6e","src/main/java/org/elasticsearch/index/engine/internal/InternalEngine.java","218","0","1","23","1351","1614","0"
"netty","4bba7526e2f58018817972f38279cc232f519100","buffer/src/test/java/io/netty/buffer/AbstractByteBufTest.java","218","0","6","288","3201","3881","0"
"orientdb","54808ceeeeca15f05af66c6b38e9d5da9b38b2d8","graphdb/src/main/java/com/tinkerpop/blueprints/impls/orient/OrientBaseGraph.java","218","0","76","13","1204","2213","3"
"orientdb","0ac61215d1cea03bf29bb7affff516ae49e80888","distributed/src/main/java/com/orientechnologies/orient/server/distributed/impl/ODistributedAbstractPlugin.java","218","0","8","51","1266","1764","1"
"netty","b644d4e9319eadc16d662e6bcf894e1cfda1f728","transport/src/main/java/io/netty/channel/DefaultChannelHandlerContext.java","219","0","0","0","1449","1729","1"
"netty","7b4c83b462c8f2a8708b935c631be6c339e782ed","transport/src/main/java/io/netty/channel/DefaultChannelHandlerContext.java","219","0","0","0","1462","1748","0"
"netty","d85757a008fee55069daf367a0bb70774e95bbc6","transport/src/main/java/io/netty/channel/DefaultChannelHandlerContext.java","219","0","0","0","1545","1774","0"
"netty","e80fb65c363369d97fa669908477e736ee91c492","transport/src/main/java/io/netty/channel/DefaultChannelHandlerContext.java","219","0","0","0","1547","1776","0"
"elasticsearch","d6d0c13bd63f28347ebdb0f9364e44921c248b8b","core/src/main/java/org/elasticsearch/index/engine/InternalEngine.java","219","0","0","26","1502","1915","1"
"elasticsearch","8e151862935d38403c3c7ca4705468830a2bf6be","core/src/main/java/org/elasticsearch/index/engine/InternalEngine.java","219","0","0","26","1503","1916","0"
"elasticsearch","8128c80471a045fe6665ae46a36a935dd5647c7c","src/main/java/org/elasticsearch/index/engine/robin/RobinEngine.java","219","0","1","22","1196","1426","0"
"elasticsearch","7cc9108192addcd858c351ac9c4ce4977c3b1ef6","src/main/java/org/elasticsearch/index/engine/robin/RobinEngine.java","219","0","1","22","1216","1455","0"
"orientdb","ffabef132bab167fb076b4a34d6bebf4c0afc926","graphdb/src/main/java/com/tinkerpop/blueprints/impls/orient/OrientVertex.java","219","0","28","5","703","1186","1"
"elasticsearch","93beea1f670f1e0d53bc3fd3ee671bc235d5f1aa","core/src/main/java/org/elasticsearch/snapshots/SnapshotsService.java","219","0","34","5","1169","1700","0"
"elasticsearch","f0e6addc53bdd82dd55bab96f024012a7ba8456c","src/main/java/org/elasticsearch/snapshots/SnapshotsService.java","219","0","34","5","1185","1716","0"
"MapDB","2b6bff82fbf2e5e1d2f2169435a03f947ac2f5c5","src/main/java/org/mapdb/BTreeKeySerializer.java","219","0","8","100","1565","2098","0"
"MapDB","633643c4ff67c2fa31054432ab740f54f8525120","src/main/java/org/mapdb/BTreeKeySerializer.java","219","0","8","97","1557","2086","1"
"MapDB","2f8711e37147e9e9f2362361077e5aa68a091bad","src/main/java/org/mapdb/DB.java","219","0","98","63","1711","2726","0"
"netty","f3c940d20810635cda3e6c0f19ec3a9f621fe1ed","transport/src/main/java/io/netty/channel/socket/nio/AbstractNioByteChannel.java","22","0","0","0","106","149","1"
"netty","e55a1f11b54333697d0bf72047695bcb914c2333","transport/src/main/java/io/netty/channel/socket/nio/AbstractNioByteChannel.java","22","0","0","0","108","151","0"
"elasticsearch","77095a3e970fee27e3285d294bf7888ce2b1b90e","core/src/main/java/org/elasticsearch/index/mapper/FieldTypeLookup.java","22","0","0","0","111","177","1"
"netty","d2389a9339b72e12bdab20f11f745df01b190e8a","codec-http2/src/main/java/io/netty/handler/codec/http2/internal/hpack/DynamicTable.java","22","0","0","0","114","201","0"
"ceylon-ide-eclipse","6090129128533def792ee16da4567750c05fea9c","plugins/com.redhat.ceylon.eclipse.ui/src/com/redhat/ceylon/eclipse/util/FindReferencedNodeVisitor.java","22","0","0","0","119","138","0"
"elasticsearch","80cca9e7ad562a547ab899ede4ca8921e81346ca","core/src/main/java/org/elasticsearch/index/mapper/FieldTypeLookup.java","22","0","0","0","119","185","0"
"elasticsearch","b6cbcc49ba590ead3cd6d95953eabe22f7d47fef","client/rest/src/main/java/org/elasticsearch/client/RequestLogger.java","22","0","0","0","126","175","1"
"netty","4158152b24c1e20cc9d024486a6bc6a0ee336a92","transport/src/main/java/io/netty/channel/socket/nio/NioDatagramPipelineSink.java","22","0","0","0","132","198","0"
"netty","2304913341ef3f239e5509a46921a5c65bbbe360","transport/src/main/java/io/netty/channel/socket/nio/NioDatagramPipelineSink.java","22","0","0","0","133","199","2"
"netty","0d2baaf6aeb1ffdb9b9a9e2bb26f4c21c5e949b0","buffer/src/main/java/io/netty/buffer/PoolChunkList.java","22","0","0","0","154","227","1"
"ceylon-ide-eclipse","5356a58d6abe8d768a5fc20bd289407ec9444303","plugins/com.redhat.ceylon.eclipse.ui/src/com/redhat/ceylon/eclipse/code/correct/RemoveAnnotionProposal.java","22","0","0","0","165","181","0"
"elasticsearch","719d1e0318209e1f822169adcba90214b1e75995","src/main/java/org/elasticsearch/action/termvector/TermVectorWriter.java","22","0","0","0","172","233","0"
"elasticsearch","4e7a1788eaac3bea927103114bfb865809310a10","src/main/java/org/elasticsearch/action/termvector/TermVectorWriter.java","22","0","0","0","173","234","1"
"netty","5986c229c463f064e7b787a4547c0689d2302a03","buffer/src/main/java/io/netty/buffer/PoolSubpage.java","22","0","0","0","173","237","0"
"elasticsearch","1f04182b8164ffb19f3805c48d67f0375262b317","core/src/main/java/org/elasticsearch/common/inject/assistedinject/FactoryProvider2.java","22","0","0","0","180","278","0"
"ceylon-ide-eclipse","b8e363c486aeb15a42cf0b916435bb8006e3e994","plugins/com.redhat.ceylon.eclipse.ui/src/com/redhat/ceylon/eclipse/code/correct/RemoveAnnotionProposal.java","22","0","0","0","181","198","0"
"hazelcast","431bedc53fa311f0d76d7d77c48f3bb78da5fa9e","hazelcast-client/src/main/java/com/hazelcast/client/spi/impl/ClientMembershipListener.java","22","0","0","0","182","224","2"
"hazelcast","bd1cf2be6e18e649d51632574fc01d0cef642e69","hazelcast/src/main/java/com/hazelcast/replicatedmap/impl/record/AbstractBaseReplicatedRecordStore.java","22","0","0","0","188","249","1"
"hazelcast","c942da1755b0c0fa5275412cf96596dd88d92151","hazelcast-client/src/main/java/com/hazelcast/client/spi/impl/ClientClusterServiceImpl.java","22","0","0","0","191","239","0"
"hazelcast","c283f04cab711308ed3018d4e448e35b9061e0d2","hazelcast-client/src/main/java/com/hazelcast/client/spi/impl/ClientClusterServiceImpl.java","22","0","0","0","192","240","0"
"ceylon-ide-eclipse","ddc4efa4982d07267e5528109adcd187f0d5af18","plugins/com.redhat.ceylon.eclipse.ui/src/com/redhat/ceylon/eclipse/code/correct/CreateInNewUnitProposal.java","22","0","0","0","199","220","0"
"hazelcast","267657223110ee9fc436f5496e078547d29c6e4c","hazelcast/src/main/java/com/hazelcast/nio/serialization/PortableContextImpl.java","22","0","0","0","199","245","1"
"elasticsearch","abe83c4facab0c32614b8c46314a685b0c378842","core/src/main/java/org/elasticsearch/search/query/TopDocsCollectorContext.java","22","0","0","0","214","310","0"
"elasticsearch","30ab8739a6e11ea7d5f25a62e290932d5f2d740f","modules/transport-netty4/src/main/java/org/elasticsearch/http/netty4/Netty4HttpChannel.java","22","0","0","0","218","285","0"
"hazelcast","2c5a20e99039142cf4293982bbd5b53f958e6fb9","hazelcast/src/main/java/com/hazelcast/map/impl/operation/AbstractMultipleEntryOperation.java","22","0","0","0","227","296","0"
"hazelcast","1f042b8c4a4245594691bb6d85a66ceed9b43068","hazelcast/src/test/java/com/hazelcast/map/MapUnboundedReturnValuesTestSupport.java","22","0","0","0","233","360","1"
"hazelcast","2921cff694583b8638dae2991f427e61d5440a9d","hazelcast/src/test/java/com/hazelcast/map/MapUnboundedReturnValuesTestSupport.java","22","0","0","0","234","361","0"
"hazelcast","41969587cb65b106638aac7de143c830066968d4","hazelcast-client/src/main/java/com/hazelcast/client/spi/impl/ClusterListenerSupport.java","22","0","0","0","235","289","2"
"hazelcast","d0fd18cd0e2fac83d47776ccc1f08639bfc9823f","hazelcast-client/src/main/java/com/hazelcast/client/spi/impl/ClusterListenerSupport.java","22","0","0","0","235","289","1"
"hazelcast","05b27a3d7f9adfb832f8fb0c7927fc71c14df2b4","hazelcast-client/src/main/java/com/hazelcast/client/spi/impl/ClusterListenerSupport.java","22","0","0","0","235","289","0"
"hazelcast","2fc31a50a0de7d82bed6658f8a2504bf3e029c55","hazelcast/src/main/java/com/hazelcast/internal/monitors/PerformanceLogFile.java","22","0","0","0","243","311","0"
"hazelcast","bb3ea0e107980d769862cdbda748cc91529d67b5","hazelcast/src/test/java/com/hazelcast/map/MapUnboundedReturnValuesTestSupport.java","22","0","0","0","246","402","1"
"hazelcast","49bc95f245df5503b44ba497a51ae534883f2f4f","hazelcast-client/src/test/java/com/hazelcast/client/cache/nearcache/ClientNearCacheTestSupport.java","22","0","0","0","272","377","1"
"hazelcast","5c695f915d3d5ec0116cccdbde70b3551f5dcb5a","hazelcast-client/src/test/java/com/hazelcast/client/cache/nearcache/ClientNearCacheTestSupport.java","22","0","0","0","280","385","0"
"hazelcast","514d2843f6ad00ea6d72645444f9c8ca9f727295","hazelcast-client/src/main/java/com/hazelcast/client/cache/impl/AbstractClientCacheProxy.java","22","0","0","0","323","435","0"
"elasticsearch","b49635539d929d6cb5ee56153e2f95872fe4bb16","modules/lang-painless/src/main/java/org/elasticsearch/painless/node/LListShortcut.java","22","0","0","0","64","104","1"
"elasticsearch","cde83e363aac2195c2dc0f81bbe348bcfe8b4152","modules/lang-painless/src/main/java/org/elasticsearch/painless/node/LListShortcut.java","22","0","0","0","64","104","1"
"elasticsearch","1424f09c02927d9caada7f6ea45285b411d88d12","modules/lang-painless/src/main/java/org/elasticsearch/painless/node/LListShortcut.java","22","0","0","0","64","104","0"
"elasticsearch","3f06d9f3b8516bb30a2890a36c2973f08f9c6076","modules/lang-painless/src/main/java/org/elasticsearch/painless/node/LListShortcut.java","22","0","0","0","66","106","0"
"hazelcast","f46b12b008e3c5aaceef46dd3181e48476cb7afd","hazelcast/src/main/java/com/hazelcast/query/impl/UnsortedIndexStore.java","22","0","0","10","107","136","0"
"hazelcast","50ce67e41ed788d508334279c8525decaa195334","hazelcast/src/main/java/com/hazelcast/util/executor/DelegatingFuture.java","22","0","0","10","143","186","0"
"hazelcast","70d4de16ff0ac4518d09aad8c9f2ad9e782fb337","hazelcast/src/main/java/com/hazelcast/util/executor/DelegatingFuture.java","22","0","0","10","144","187","1"
"hazelcast","94adcc7514abab71a4ead864748a50df7437db76","hazelcast/src/main/java/com/hazelcast/util/executor/DelegatingFuture.java","22","0","0","10","146","190","2"
"ceylon-ide-eclipse","4d5b97fe6f981e0af751c6fb3117b6e473a39bf6","plugins/com.redhat.ceylon.eclipse.ui/src/com/redhat/ceylon/eclipse/core/typechecker/ProjectPhasedUnit.java","22","0","0","10","148","180","0"
"orientdb","136db63960bbf53514691bf5a0bb8361a5ea5361","client/src/main/java/com/orientechnologies/orient/client/remote/message/OBinaryProtocolHelper.java","22","0","0","10","150","175","0"
"orientdb","46bbcabde62c2b9e61ebaf45dc23f16d9dee7f02","client/src/main/java/com/orientechnologies/orient/client/remote/message/OBinaryProtocolHelper.java","22","0","0","10","153","178","1"
"hazelcast","d089c7bc8f478529119dace57651d40c499ab7cc","hazelcast/src/test/java/com/hazelcast/impl/SplitBrainHandlerTest.java","22","0","0","10","308","399","0"
"mct","c51c585e19c0ee09920cb84aebf4039dd9691380","fastPlotViews/src/main/java/gov/nasa/arc/mct/fastplot/scatter/ScatterPlotDataManager.java","22","0","0","11","120","144","0"
"hazelcast","dac5eb3c7fbe036af699471b18801b2bbbbbb11d","hazelcast-client-new/src/main/java/com/hazelcast/client/util/ClientDelegatingFuture.java","22","0","0","11","166","213","0"
"neo4j","51a8b8b5fe4f5a532513a5b11dca330b630108d3","enterprise/core-edge/src/main/java/org/neo4j/coreedge/raft/log/InMemoryRaftLog.java","22","0","0","11","181","228","0"
"neo4j","769c4c6b9a0cb5af55c3fbb21842914a7758c1d9","enterprise/core-edge/src/main/java/org/neo4j/coreedge/raft/log/InMemoryRaftLog.java","22","0","0","11","186","234","0"
"netty","5ffb495746e55c440273ec7cc4741ab28e1f9017","transport/src/main/java/io/netty/channel/socket/oio/OioSocketChannel.java","22","0","0","11","209","258","0"
"elasticsearch","20f5255670e3e1bdce973b55ec076f8a9f2b6870","core/src/test/java/org/elasticsearch/snapshots/AbstractSnapshotIntegTestCase.java","22","0","0","11","217","287","0"
"netty","84410f97af5223876071c4601b80fa76ebc8a57b","common/src/test/java/io/netty/util/NetUtilTest.java","22","0","0","11","402","536","1"
"netty","506ac2ca71ab44ebb8db9441da954422a75fe251","common/src/test/java/io/netty/util/NetUtilTest.java","22","0","0","11","403","537","0"
"BroadleafCommerce","83fb11ed58644108db5d65f28772c299943478f5","core/broadleaf-framework/src/main/java/org/broadleafcommerce/core/offer/domain/CandidateFulfillmentGroupOfferImpl.java","22","0","0","12","151","197","1"
"BroadleafCommerce","83fb11ed58644108db5d65f28772c299943478f5","core/broadleaf-framework/src/main/java/org/broadleafcommerce/core/offer/domain/CandidateOrderOfferImpl.java","22","0","0","12","153","199","1"
"netty","eb23c9d27c84ab7cf2c33f28d2b761673a41b435","transport/src/main/java/io/netty/channel/socket/oio/OioSocketChannel.java","22","0","0","12","209","258","0"
"BroadleafCommerce","0b82dddef8d8a719cf608eae326d394cb23b6218","core/broadleaf-framework/src/main/java/org/broadleafcommerce/core/offer/domain/OfferAuditImpl.java","22","0","0","13","125","166","2"
"hazelcast","92c9e90afd37615e6c37493123b053a4f4a5c145","hazelcast/src/main/java/com/hazelcast/collection/impl/list/ListContainer.java","22","0","0","13","138","174","1"
"netty","d3dcc7f65824ef09ebc5e50a5e7ba882850a9be5","transport/src/test/java/io/netty/channel/local/LocalChannelTest.java","22","0","0","13","599","714","0"
"netty","e37069b9479d7bd4eb09fffdf8c547d0e56a8695","transport/src/test/java/io/netty/channel/local/LocalChannelTest.java","22","0","0","13","609","724","1"
"hazelcast","5b8632553391543693d7a87c5d29cdea51293447","hazelcast/src/test/java/com/hazelcast/scheduledexecutor/ScheduledExecutorServiceSlowTest.java","22","0","0","14","317","466","0"
"hazelcast","2097cf1dfd2446fc4bbc8ee73129ff05c41dc8d7","hazelcast/src/test/java/com/hazelcast/cluster/SplitBrainHandlerTest.java","22","0","0","14","557","713","1"
"hazelcast","e21bbb6116a38e2955b4c42c80a8cbe58db451ff","hazelcast/src/test/java/com/hazelcast/cluster/SplitBrainHandlerTest.java","22","0","0","14","557","714","0"
"hazelcast","a7b794b1bb5d584edace3c8463f012f3d8409ba8","hazelcast/src/test/java/com/hazelcast/cluster/SplitBrainHandlerTest.java","22","0","0","14","572","727","0"
"hazelcast","637ea9dd92a5d33c5591a32442da6597e713c3b1","hazelcast/src/test/java/com/hazelcast/cluster/SplitBrainHandlerTest.java","22","0","0","14","572","728","2"
"hazelcast","98b249af9499f13c482d9ffa4ce6f1367ddb4586","hazelcast-client/src/test/java/com/hazelcast/client/HazelcastClientSetTest.java","22","0","0","16","230","269","0"
"elasticsearch","85a1b2b406f4bdfd9a7d9f68c2b4be7e9775cfbb","core/src/test/java/org/elasticsearch/transport/RemoteClusterConnectionTests.java","22","0","0","16","599","734","2"
"hazelcast","5da39756a924fc9e2ed46c61fcadede40bb5efc7","hazelcast-client/src/test/java/com/hazelcast/client/HazelcastClientSetTest.java","22","0","0","17","238","278","0"
"hazelcast","e349d2fd609c0104f6550327550de4112553c942","hazelcast/src/test/java/com/hazelcast/internal/partition/impl/MigrationCommitServiceTest.java","22","0","0","17","520","663","0"
"elasticsearch","aa0b9f9b39dad2a681a9905d20d035c2c3e2865c","core/src/test/java/org/elasticsearch/transport/RemoteClusterConnectionTests.java","22","0","0","17","648","789","0"
"elasticsearch","6fe9ae29ea3b66d38dfde4ae1394106b725475e9","core/src/test/java/org/elasticsearch/get/GetActionIT.java","22","0","0","17","833","1018","3"
"elasticsearch","3ed0da5a586e8a3d12016aa517ab46032353d179","core/src/test/java/org/elasticsearch/get/GetActionIT.java","22","0","0","17","835","1020","2"
"hazelcast","25b01fcf77453e86aae1ab547d991e4897112a1e","hazelcast/src/main/java/com/hazelcast/client/ClientEndpoint.java","22","0","0","18","205","252","1"
"hazelcast","704d591b1123a99103cef3052012406491835bb1","hazelcast/src/main/java/com/hazelcast/client/ClientEndpoint.java","22","0","0","18","209","257","0"
"hazelcast","2604627e26a5a66c185ae6f7bc0518fefa14d0e1","hazelcast/src/main/java/com/hazelcast/client/ClientEndpoint.java","22","0","0","18","210","258","1"
"BroadleafCommerce","62a3034c1f88bf29913b4be89ea4adcdb2b33fa1","core/broadleaf-framework/src/main/java/org/broadleafcommerce/core/catalog/domain/ProductBundleImpl.java","22","0","0","19","178","236","0"
"hazelcast","c7eef29985d101a17b61f793ebfcef045403b28e","hazelcast/src/main/java/com/hazelcast/client/ClientEndpoint.java","22","0","0","19","222","271","1"
"hazelcast","62d6d6048f8db82bcba99ded8d33d5b98f23b77d","hazelcast/src/main/java/com/hazelcast/client/ClientEndpoint.java","22","0","0","19","223","272","0"
"elasticsearch","b1cef5fdf8e1f8e9982a4724986b2731ca4d522b","core/src/main/java/org/elasticsearch/search/aggregations/bucket/terms/AbstractTermsParser.java","22","0","0","2","106","138","1"
"elasticsearch","75cedca0dab933bb6d1679fbddea2d09122d13c9","core/src/test/java/org/elasticsearch/search/basic/SearchWithRandomIOExceptionsIT.java","22","0","0","2","155","192","2"
"elasticsearch","4fea56ceadbbd042774a89dbdf94c16a4a33df4c","core/src/test/java/org/elasticsearch/search/basic/SearchWithRandomIOExceptionsIT.java","22","0","0","2","156","193","1"
"orientdb","375c51054059489374d739f25fc830f6025c5326","tests/src/test/java/com/orientechnologies/orient/test/database/auto/DatabaseConflictStrategyAutoMergeTest.java","22","0","0","2","173","202","0"
"hazelcast","eed2a8c40d592a8e99645faac48f99069eaeaab2","hazelcast-client/src/main/java/com/hazelcast/client/spi/impl/ClientClusterServiceImpl.java","22","0","0","2","191","239","1"
"mcMMO","2c8bfd6573a0d87c99752d8f879460a19745fe46","src/main/java/com/gmail/nossr50/commands/skills/AxesCommand.java","22","0","0","2","98","125","0"
"elasticsearch","0a69f1e283e26e5d9e6a000b68b9f4778de557a1","core/src/test/java/org/elasticsearch/get/GetActionIT.java","22","0","0","20","967","1183","2"
"elasticsearch","5a64f08f048461a63a0ca1354a5050c954e63d52","core/src/test/java/org/elasticsearch/get/GetActionIT.java","22","0","0","20","974","1192","0"
"hazelcast","1ce47d7ee0c006ba8890a4689a77b928f03eaebb","hazelcast/src/main/java/com/hazelcast/nio/IOUtil.java","22","0","0","21","189","231","0"
"hazelcast","3d0ba46e44d89fcef3fd3225825bb2f401cfdbd5","hazelcast/src/test/java/com/hazelcast/test/HazelcastTestSupport.java","22","0","0","21","192","248","2"
"hazelcast","77cc82e397d9191b46d073bb6d88ffd10028d782","hazelcast/src/test/java/com/hazelcast/internal/partition/impl/MigrationCommitServiceTest.java","22","0","0","21","530","673","1"
"hazelcast","315a9c3783de45a3b9a77ec6b08fd9395afca178","hazelcast/src/main/java/com/hazelcast/client/impl/ClientEndpointImpl.java","22","0","0","24","234","283","1"
"hazelcast","217c507d7725e99aad3a544ca43bd57110eb4f17","hazelcast/src/main/java/com/hazelcast/concurrent/lock/LockServiceImpl.java","22","0","0","24","250","310","1"
"hazelcast","1f042b8c4a4245594691bb6d85a66ceed9b43068","hazelcast/src/main/java/com/hazelcast/concurrent/lock/LockServiceImpl.java","22","0","0","24","250","315","2"
"hazelcast","3a1d456848dcafbe8a777d7d33434d63a8db1f0d","hazelcast/src/main/java/com/hazelcast/concurrent/lock/LockServiceImpl.java","22","0","0","24","264","325","2"
"hazelcast","e641541f77808713a214b6d1b4ef4d58497824f1","hazelcast/src/main/java/com/hazelcast/spi/impl/executionservice/impl/ExecutionServiceImpl.java","22","0","0","24","299","369","0"
"hazelcast","86b064ba3f1e467e74e95d6da24b03122065ce36","hazelcast/src/main/java/com/hazelcast/spi/impl/executionservice/impl/ExecutionServiceImpl.java","22","0","0","24","301","371","2"
"hazelcast","5fd1113dd73c6e59d8b0e6f2dd6a562ed7efad54","hazelcast/src/main/java/com/hazelcast/spi/impl/executionservice/impl/ExecutionServiceImpl.java","22","0","0","24","306","376","0"
"hazelcast","82683a8423a0a3209f3dd70ca23835ee63f0d0b8","hazelcast/src/main/java/com/hazelcast/spi/impl/executionservice/impl/ExecutionServiceImpl.java","22","0","0","24","306","376","0"
"hazelcast","8f4bd212b6f6d23d50698b5b31c2199105378cd5","hazelcast/src/main/java/com/hazelcast/spi/impl/executionservice/impl/ExecutionServiceImpl.java","22","0","0","24","306","376","0"
"hazelcast","73673199472b3fb25cf6c72de378a1d2bab18605","hazelcast/src/main/java/com/hazelcast/spi/impl/executionservice/impl/ExecutionServiceImpl.java","22","0","0","24","306","376","1"
"netty","fd8db4eba2ea4b7fac17a189328ea7ae66c76d2a","transport/src/main/java/io/netty/channel/socket/oio/OioDatagramChannel.java","22","0","0","25","292","357","0"
"hazelcast","264ea092a185417c64290cfb1f3a09c613639300","hazelcast/src/main/java/com/hazelcast/concurrent/lock/LockServiceImpl.java","22","0","0","26","256","322","1"
"hazelcast","0cd4bb6392267a1761257eb39b69c734d59f536d","hazelcast/src/main/java/com/hazelcast/concurrent/lock/LockServiceImpl.java","22","0","0","26","275","340","2"
"hazelcast","a9da50b15f2d567b31e675013a016c06ebd2eba0","hazelcast/src/main/java/com/hazelcast/concurrent/lock/LockServiceImpl.java","22","0","0","26","277","342","1"
"hazelcast","727cb1848c02481eee19e6d2693a7242b7c563c3","hazelcast/src/main/java/com/hazelcast/cluster/NodeMulticastListener.java","22","0","0","3","117","165","0"
"mcMMO","65aa05a66023f92e7f8c39e32414508f5b22a67f","src/main/java/com/gmail/nossr50/commands/experience/ExperienceCommand.java","22","0","0","3","119","151","0"
"elasticsearch","25fd9e26c4fb042d6f6dea14efcd239577bdbbc4","client/rest/src/test/java/org/elasticsearch/client/RequestLoggerTests.java","22","0","0","3","134","166","0"
"elasticsearch","56cc87b7ccd41040d8fafcaf2da3680d96d10839","client/rest/src/test/java/org/elasticsearch/client/RequestLoggerTests.java","22","0","0","3","134","166","0"
"elasticsearch","d3417fb02291f26964d77767020ef345d18c148f","client/rest/src/test/java/org/elasticsearch/client/RequestLoggerTests.java","22","0","0","3","134","166","0"
"elasticsearch","4b94eb5cb8cc4294ed0e932a5f22c16bd90d4dd7","client/rest/src/test/java/org/elasticsearch/client/RequestLoggerTests.java","22","0","0","3","134","166","2"
"elasticsearch","860efb2ad28db09189c8423e05d0dba53010259c","client/rest/src/test/java/org/elasticsearch/client/RequestLoggerTests.java","22","0","0","3","134","166","2"
"mcMMO","07f9b287e7a36a7f173c596516f0aba9292dd60f","src/main/java/com/gmail/nossr50/commands/experience/ExperienceCommand.java","22","0","0","3","137","170","0"
"mcMMO","27e0a9d3b607409f899aeaa37acb92520760b4c8","src/main/java/com/gmail/nossr50/commands/experience/ExperienceCommand.java","22","0","0","3","139","172","0"
"mcMMO","15e0570a8cc8a967ec37ee6c21a4046df9e2b0ba","src/main/java/com/gmail/nossr50/commands/experience/ExperienceCommand.java","22","0","0","3","140","173","1"
"mcMMO","3fe9cfee74b1313c6f88b46a92a6e947ec101f60","src/main/java/com/gmail/nossr50/commands/experience/ExperienceCommand.java","22","0","0","3","144","178","1"
"mcMMO","6518d192ec8dec02b303d2bafb2b9276c1310aec","src/main/java/com/gmail/nossr50/commands/experience/ExperienceCommand.java","22","0","0","3","146","180","0"
"hazelcast","287defaf202e0ff426e1c16103a8096281ddb378","hazelcast/src/main/java/com/hazelcast/client/impl/protocol/task/map/AbstractMapQueryMessageTask.java","22","0","0","3","164","210","0"
"elasticsearch","4a815bf6654b5e271942a62d3f2b0dc04c408de9","plugins/discovery-ec2/src/main/java/org/elasticsearch/discovery/ec2/AwsEc2UnicastHostsProvider.java","22","0","0","3","169","237","1"
"elasticsearch","50bc31a918be707fd690651ba7394fb89e2fac09","plugins/discovery-ec2/src/main/java/org/elasticsearch/discovery/ec2/AwsEc2UnicastHostsProvider.java","22","0","0","3","172","241","0"
"hazelcast","49bc95f245df5503b44ba497a51ae534883f2f4f","hazelcast-client-new/src/test/java/com/hazelcast/client/cache/nearcache/ClientNearCacheTestSupport.java","22","0","0","3","272","376","1"
"hazelcast","5c695f915d3d5ec0116cccdbde70b3551f5dcb5a","hazelcast-client-new/src/test/java/com/hazelcast/client/cache/nearcache/ClientNearCacheTestSupport.java","22","0","0","3","280","384","0"
"hazelcast","d831651dd5814c8074c8b4727184701986f16039","hazelcast/src/main/java/com/hazelcast/multimap/impl/MultiMapContainer.java","22","0","0","32","189","253","1"
"hazelcast","309ff0eae019fb89696700e9c7332b78d74999bd","hazelcast/src/main/java/com/hazelcast/instance/DefaultNodeExtension.java","22","0","0","35","304","377","0"
"hazelcast","edd06ef89ebb26d51567a97a90481a0332fcb4bd","hazelcast/src/main/java/com/hazelcast/instance/DefaultNodeExtension.java","22","0","0","36","307","381","0"
"elasticsearch","ccf548295605bc1248453e6b45b095e72b97b44a","src/main/java/org/elasticsearch/index/query/support/InnerHitsQueryParserHelper.java","22","0","0","4","106","133","1"
"elasticsearch","ae742c4a038b5a1f7cbfdf1697845cd8ea4d71ac","core/src/main/java/org/elasticsearch/search/aggregations/pipeline/movavg/MovAvgParser.java","22","0","0","4","125","163","0"
"orientdb","de410aa8d3455b55f3c39e49780136c0b6c5e64b","core/src/test/java/com/orientechnologies/common/collection/closabledictionary/OClosableLinkedContainerTest.java","22","0","0","4","200","261","0"
"hazelcast","3d6bcba501e62df97fb0d222eb966362c2951a5c","hazelcast/src/main/java/com/hazelcast/nio/NodeIOService.java","22","0","0","46","305","384","2"
"hazelcast","2c9d003a0c40996287126d3073e68634669ba674","hazelcast/src/main/java/com/hazelcast/nio/NodeIOService.java","22","0","0","48","311","394","0"
"netty","cfb3b977a1d65e8e0805b37ca243681a9d93a4b7","testsuite/src/test/java/io/netty/testsuite/transport/socket/SocketSslEchoTest.java","22","0","0","5","160","211","0"
"netty","ca5554dfe7707d2cce712d1165a648129e0a9c84","testsuite/src/test/java/io/netty/testsuite/transport/socket/SocketSslEchoTest.java","22","0","0","5","162","213","0"
"netty","f76497fe25b377ab92c7351623cf7ae412933458","testsuite/src/test/java/io/netty/testsuite/transport/socket/SocketSslEchoTest.java","22","0","0","5","166","218","1"
"netty","4a5dc3222488db44b0174297f20b83195601cb8d","testsuite/src/test/java/io/netty/testsuite/transport/socket/SocketSslEchoTest.java","22","0","0","5","168","219","1"
"oryx","7f8f3cdde532d5bd1f8f41ab31e10719ed4ab984","oryx-app/src/main/java/com/cloudera/oryx/app/speed/als/ALSSpeedModelManager.java","22","0","0","5","188","257","0"
"oryx","eb08674e77479787fa9288f2c824e48af8539ff2","oryx-app/src/main/java/com/cloudera/oryx/app/speed/als/ALSSpeedModelManager.java","22","0","0","5","190","259","0"
"hazelcast","4c22ed73b6dabb441b0c601143aa115c705d0bb5","hazelcast/src/main/java/com/hazelcast/internal/partition/operation/MigrationOperation.java","22","0","0","5","193","237","0"
"elasticsearch","5b711c283dbc233f80de5e0adb26723c22d678c7","distribution/tools/plugin-cli/src/test/java/org/elasticsearch/plugins/InstallPluginCommandTests.java","22","0","0","54","786","921","0"
"mct","c51c585e19c0ee09920cb84aebf4039dd9691380","fastPlotViews/src/main/java/gov/nasa/arc/mct/fastplot/scatter/ScatterPlot.java","22","0","0","56","371","488","0"
"hazelcast","eaf092a780c766ec8f4b38a77402ed73b4333ab8","hazelcast/src/main/java/com/hazelcast/map/impl/operation/MapReplicationOperation.java","22","0","0","6","177","214","0"
"hazelcast","287ce2a807b5697e12a97529d63fa3387e06aace","hazelcast/src/main/java/com/hazelcast/map/impl/operation/MapReplicationOperation.java","22","0","0","6","180","217","1"
"neo4j","1b3aad3b619bd72c2c9f79bb7edf642c5dc56a6f","enterprise/security/src/main/java/org/neo4j/server/security/enterprise/auth/EnterpriseSecurityModule.java","22","0","0","6","191","255","1"
"hazelcast","2db57b1347715b9dbdcf5501adea7bd823bf5b7f","hazelcast/src/main/java/com/hazelcast/internal/partition/operation/MigrationOperation.java","22","0","0","6","194","238","1"
"junit","27ba66f2da17ec2580dc8289b68c29365a872a1a","src/main/java/org/junit/experimental/theories/Theories.java","22","0","0","6","196","231","1"
"ceylon-ide-eclipse","e89324305b6be078e574b3c554a7cc2cdb57e73c","plugins/com.redhat.ceylon.eclipse.ui/src/com/redhat/ceylon/eclipse/code/style/FormatterModifyProfileDialog.java","22","0","0","6","242","297","0"
"ceylon-ide-eclipse","3cb33660de43deb63a0b187966d5d9dd99672eba","plugins/com.redhat.ceylon.eclipse.ui/src/com/redhat/ceylon/eclipse/code/style/FormatterModifyProfileDialog.java","22","0","0","6","245","301","0"
"hazelcast","59e7ae77c2fa54ce73420c51171dff0bbcb9af28","hazelcast/src/main/java/com/hazelcast/query/impl/AndResultSet.java","22","0","0","6","87","117","1"
"elasticsearch","23d11ed7292dfc9c714dbb8c3ed56a516d0601e4","core/src/main/java/org/elasticsearch/search/aggregations/bucket/terms/LongTermsAggregator.java","22","0","0","7","134","178","0"
"hazelcast","08aa22d4cbd64e4769b7c539b8275096fd74888c","hazelcast/src/main/java/com/hazelcast/partition/impl/MigrationOperation.java","22","0","0","7","195","241","1"
"hazelcast","bc2b858bc0679b3d7dfc36477647555913edf236","hazelcast/src/main/java/com/hazelcast/partition/impl/MigrationOperation.java","22","0","0","7","198","244","1"
"hazelcast","5ea5810bd0e9cc519e2385c60d03ae5ec9b8be30","hazelcast/src/main/java/com/hazelcast/partition/impl/MigrationOperation.java","22","0","0","7","199","245","0"
"elasticsearch","f1f50ac4231d0595758761aee811b938818ba7fe","src/test/java/org/elasticsearch/search/functionscore/RandomScoreFunctionTests.java","22","0","0","7","236","301","1"
"neo4j","2e27f92cd55a1b84efcb0d4b6bc95b16450304a2","community/security/src/main/java/org/neo4j/commandline/admin/security/UsersCommand.java","22","0","0","8","189","229","1"
"neo4j","1f22cd0deabcf1e618e4053524cdbfea4940c059","community/security/src/main/java/org/neo4j/commandline/admin/security/UsersCommand.java","22","0","0","8","193","234","0"
"neo4j","6b4d2ef50f5bfcc15046d0045e1ccf73b88ac856","community/security/src/main/java/org/neo4j/commandline/admin/security/UsersCommand.java","22","0","0","8","197","238","1"
"elasticsearch","aa2813386559d1c904f0c2757930f19d88035abb","core/src/test/java/org/elasticsearch/index/query/MultiMatchQueryBuilderTests.java","22","0","0","8","205","254","2"
"elasticsearch","7745c64a625f8d411d0dcd0f808f38043af8d819","core/src/test/java/org/elasticsearch/index/query/MultiMatchQueryBuilderTests.java","22","0","0","8","207","256","1"
"elasticsearch","d84c643f5880a88d2e5c38b487123161f3e01fe0","core/src/test/java/org/elasticsearch/index/query/MultiMatchQueryBuilderTests.java","22","0","0","8","209","258","0"
"hazelcast","0b99990c091b2e5235b2c7a72b4550327db4260c","hazelcast-client-new/src/main/java/com/hazelcast/client/spi/impl/ClusterListenerSupport.java","22","0","0","8","214","270","2"
"hazelcast","2e237d2c442305f51cdbea3740548e8bfb4401ac","hazelcast-client-new/src/main/java/com/hazelcast/client/spi/impl/ClusterListenerSupport.java","22","0","0","8","214","270","2"
"hazelcast","ccc4cf5c5afe3eadfdb39332f605f2157820ee89","hazelcast-client-new/src/main/java/com/hazelcast/client/spi/impl/ClusterListenerSupport.java","22","0","0","8","214","270","1"
"hazelcast","fcb85d5ce8c3887b875376ea1f986c03201d9f7c","hazelcast-client-new/src/main/java/com/hazelcast/client/spi/impl/ClusterListenerSupport.java","22","0","0","8","214","270","0"
"hazelcast","5d9345d0e7f6a373bf80d27b2bf94fc798934378","hazelcast-client-new/src/main/java/com/hazelcast/client/spi/impl/ClusterListenerSupport.java","22","0","0","8","216","272","1"
"netty","01eb428b39156e61624dae303ae9772ba3424b36","handler/src/test/java/io/netty/handler/ssl/SniHandlerTest.java","22","0","0","8","381","497","0"
"netty","1767814a466f9fc6a51c87a84bd73d93eb0ca1d7","handler/src/test/java/io/netty/handler/ssl/SniHandlerTest.java","22","0","0","8","382","498","1"
"hazelcast","081a9a82ef841f2d91af579f204931cf550e0bbc","hazelcast/src/main/java/com/hazelcast/query/impl/UnsortedIndexStore.java","22","0","0","9","103","131","1"
"hazelcast","aad74a23fb8d827d138ef892b7ccf03dd6d41128","hazelcast/src/main/java/com/hazelcast/management/request/ExecuteScriptRequest.java","22","0","0","9","147","181","0"
"hazelcast","d45597fccd142734b26b4d5932c972a055fc0148","hazelcast/src/main/java/com/hazelcast/management/request/ExecuteScriptRequest.java","22","0","0","9","153","186","0"
"hazelcast","126e14b751c60a2bc5522ebb6d487b0d64277821","hazelcast/src/main/java/com/hazelcast/nio/tcp/AbstractIOSelector.java","22","0","0","9","165","213","1"
"hazelcast","f5df32aafc9524e30a5b4466bc5d3a65ef6f6310","hazelcast/src/main/java/com/hazelcast/nio/tcp/AbstractIOSelector.java","22","0","0","9","166","214","0"
"netty","e55a1f11b54333697d0bf72047695bcb914c2333","transport/src/main/java/io/netty/channel/socket/nio/AbstractNioChannel.java","22","0","0","9","201","257","0"
"MapDB","ed1119fe8a34047fc684d585c7ac95020c90dd14","src/test/java/org/mapdb/BindTest.java","22","0","0","9","206","281","0"
"hazelcast","22ba15013db95101f4bfddf01eb6172fca2f70ee","hazelcast-client-new/src/main/java/com/hazelcast/client/spi/impl/ClusterListenerSupport.java","22","0","0","9","236","294","0"
"elasticsearch","0a69f1e283e26e5d9e6a000b68b9f4778de557a1","core/src/main/java/org/elasticsearch/index/MergePolicyConfig.java","22","0","1","0","148","275","2"
"netty","2a7bea2ad3102d7290194c5e72fdd15aa9a6e973","transport/src/main/java/io/netty/channel/oio/AbstractOioByteChannel.java","22","0","1","1","121","183","1"
"hazelcast","8f0b3b3d791f2f02f4456b70eb07b442fa820e57","hazelcast/src/test/java/com/hazelcast/replicatedmap/standalone/SimpleReplicatedMapTest.java","22","0","1","1","190","238","0"
"hazelcast","9d92e89e761fe6d4368df47311cf7902578295a3","hazelcast/src/test/java/com/hazelcast/replicatedmap/standalone/SimpleReplicatedMapTest.java","22","0","1","1","190","238","0"
"hazelcast","b9109d86df3008077ce26aac62f800f10056974a","hazelcast/src/test/java/com/hazelcast/replicatedmap/standalone/SimpleReplicatedMapTest.java","22","0","1","1","190","238","1"
"elasticsearch","3c54eb9b8fd25f5724011e3904d07c7598300cd2","src/main/java/org/elasticsearch/action/update/TransportUpdateAction.java","22","0","1","1","239","288","2"
"elasticsearch","9742d08f53bca902a65fff1de964ded0d292dc03","src/main/java/org/elasticsearch/action/update/TransportUpdateAction.java","22","0","1","1","240","289","0"
"elasticsearch","2f57ae93454f2bd2ef6a6bf90feafe5ec4aa01f7","src/main/java/org/elasticsearch/node/internal/InternalSettingsPreparer.java","22","0","1","1","93","145","1"
"elasticsearch","f5a8c3881f2ab20f6e3627631f7bd2dc4c253d55","modules/elasticsearch/src/main/java/org/elasticsearch/index/analysis/AnalysisService.java","22","0","1","10","141","196","0"
"hazelcast","b583f88f8f80ac2de344ace2aa3423f128cd037a","hazelcast/src/main/java/com/hazelcast/transaction/impl/TransactionManagerServiceImpl.java","22","0","1","10","169","216","0"
"hazelcast","c283f04cab711308ed3018d4e448e35b9061e0d2","hazelcast-client-new/src/main/java/com/hazelcast/client/spi/impl/ClientClusterServiceImpl.java","22","0","1","11","190","238","0"
"elasticsearch","49439a09e2c1a69da0fdf034fe9dabf1cc83bf30","modules/test/integration/src/test/java/org/elasticsearch/test/stress/rollingrestart/RollingRestartStressTest.java","22","0","1","11","190","264","0"
"elasticsearch","19cce0b32917a6034ab50b2e33111f37de418139","src/main/java/org/elasticsearch/transport/local/LocalTransport.java","22","0","1","11","230","291","2"
"elasticsearch","adf0c8424bedd36447f985b1d515e8a78578a9f0","src/main/java/org/elasticsearch/transport/local/LocalTransport.java","22","0","1","11","233","295","2"
"elasticsearch","43aabe88e85ead55ca14ca01b40137013e7c51ab","src/main/java/org/elasticsearch/index/search/child/ChildrenQuery.java","22","0","1","11","294","382","0"
"neo4j","c53aab6d4de8c83eda42c64474ec13aa7ecb25f3","community/bolt/src/main/java/org/neo4j/bolt/v1/runtime/Neo4jError.java","22","0","1","12","126","177","1"
"orientdb","c65031e4a5cae04be6faeaeccb01fb18d3e5fb85","core/src/main/java/com/orientechnologies/common/concur/lock/OAdaptiveLock.java","22","0","1","12","132","191","1"
"orientdb","7d92a6b03b707e81490ef22a1fa23a1017918c3d","core/src/main/java/com/orientechnologies/common/concur/lock/OAdaptiveLock.java","22","0","1","12","134","193","0"
"BroadleafCommerce","6581bb4bda7da43fd221c6d4bbbb2e3110928e56","admin/broadleaf-contentmanagement-module/src/main/java/org/broadleafcommerce/cms/file/service/StaticAssetServiceImpl.java","22","0","1","12","215","315","0"
"elasticsearch","8532dc84e949938536f42f427eb551bbcb0e7cd3","modules/elasticsearch/src/main/java/org/elasticsearch/threadpool/ThreadPool.java","22","0","1","12","230","299","0"
"elasticsearch","2df6b4b0ead790a0968d8726d2d2133496385448","src/test/java/org/elasticsearch/test/integration/search/child/SimpleChildQuerySearchTests.java","22","0","1","12","590","749","0"
"neo4j","b070962e9b00726d50df951106225fa252b7efeb","community/bolt/src/main/java/org/neo4j/bolt/v1/runtime/Neo4jError.java","22","0","1","13","148","203","0"
"hazelcast","5fdda793de15ab4be06a294e013afa671032f9f0","hazelcast/src/main/java/com/hazelcast/cache/impl/CacheEventListenerAdaptor.java","22","0","1","13","207","271","0"
"hazelcast","a18d0e135dc14ea3265896e288923cd1e61a4760","hazelcast/src/main/java/com/hazelcast/cache/impl/CacheEventListenerAdaptor.java","22","0","1","13","208","272","1"
"hazelcast","0880710f355f33d03b8d928ec9d22a0ff4f1ca52","hazelcast/src/main/java/com/hazelcast/map/impl/tx/TransactionalMapProxySupport.java","22","0","1","13","240","295","2"
"netty","943f4ec7ff6c5753fb79c76cabc043f5e4cdcd32","buffer/src/test/java/io/netty/buffer/PooledByteBufAllocatorTest.java","22","0","1","13","345","441","1"
"elasticsearch","51e69e1a9ed74a8a45bb2388ba0ddbd1432ee898","src/test/java/org/elasticsearch/test/integration/search/child/SimpleChildQuerySearchTests.java","22","0","1","13","627","792","0"
"elasticsearch","826a6ab02a83147d98f08bebd4c92bf9088d3ff8","src/test/java/org/elasticsearch/test/integration/search/child/SimpleChildQuerySearchTests.java","22","0","1","13","675","840","0"
"orientdb","0b098ecbb27731eae0d6bc55a5750b000a6b9777","core/src/main/java/com/orientechnologies/orient/core/sql/parser/OContainsTextCondition.java","22","0","1","14","106","138","0"
"hazelcast","1c3dd8c96a86869b2914bd7810ba433ed1482921","hazelcast/src/main/java/com/hazelcast/query/impl/predicates/AndPredicate.java","22","0","1","14","156","196","0"
"elasticsearch","ebd95b7eb80cb89dfc4c9567a00cca715f4e999b","modules/elasticsearch/src/main/java/org/elasticsearch/index/cache/filter/support/AbstractConcurrentMapFilterCache.java","22","0","1","14","190","271","0"
"BroadleafCommerce","e216da5ebb303680f5c60ffcd75979f5876ab5a6","common/src/main/java/org/broadleafcommerce/common/util/StreamingTransactionCapableUtil.java","22","0","1","14","207","263","0"
"hazelcast","340d72fb3b70ce448f49a1061813a845772f1508","hazelcast/src/main/java/com/hazelcast/map/impl/tx/TransactionalMapProxySupport.java","22","0","1","14","242","289","1"
"hazelcast","81fe86abd4deed08faf6e617c5d73c2b7d4b5391","hazelcast/src/main/java/com/hazelcast/map/impl/tx/TransactionalMapProxySupport.java","22","0","1","14","246","302","2"
"hazelcast","96b3e74683151e521f9c40b0901f6fdf72e32ae3","hazelcast/src/main/java/com/hazelcast/map/impl/tx/TransactionalMapProxySupport.java","22","0","1","14","246","302","2"
"hazelcast","1577e6203517ea9a356c2fe9ef193cac391f7df1","hazelcast/src/main/java/com/hazelcast/map/impl/tx/TransactionalMapProxySupport.java","22","0","1","14","246","302","0"
"elasticsearch","b039360d2ea974b9827df90ee7d425ca15c638d6","core/src/main/java/org/elasticsearch/search/fetch/innerhits/InnerHitsContext.java","22","0","1","14","266","341","1"
"netty","deb90923a2f4f5a766597ec241f62a94a25d837e","buffer/src/test/java/io/netty/buffer/PooledByteBufAllocatorTest.java","22","0","1","14","360","462","0"
"netty","c0396818cafc4d3b6a5c8230b9f91b180e813645","buffer/src/test/java/io/netty/buffer/PooledByteBufAllocatorTest.java","22","0","1","14","368","475","0"
"elasticsearch","694989141bd81308d7b6fd0bbcb601fb266eb43d","src/test/java/org/elasticsearch/test/integration/search/child/SimpleChildQuerySearchTests.java","22","0","1","14","697","868","0"
"elasticsearch","08b026d060f917ebd20e7d7fbd630ff21a0be197","src/test/java/org/elasticsearch/test/integration/search/child/SimpleChildQuerySearchTests.java","22","0","1","14","705","878","0"
"orientdb","40effb34ff79740b202345f236079950284d36da","core/src/main/java/com/orientechnologies/orient/core/sql/parser/OInstanceofCondition.java","22","0","1","14","97","127","0"
"elasticsearch","19448d777528f1158de04858ef2fcc5b2431bd5e","modules/elasticsearch/src/main/java/org/elasticsearch/index/mapper/xcontent/StringFieldMapper.java","22","0","1","15","151","202","0"
"netty","d2cb51bc2e86ac485d84cb1a0313b22f4de988d0","buffer/src/test/java/io/netty/buffer/PooledByteBufAllocatorTest.java","22","0","1","15","384","493","0"
"elasticsearch","43aabe88e85ead55ca14ca01b40137013e7c51ab","src/test/java/org/elasticsearch/test/integration/search/child/SimpleChildQuerySearchTests.java","22","0","1","15","889","1081","0"
"hazelcast","324c12ca123c52820e6a271c2095649a57a9844f","hazelcast/src/test/java/com/hazelcast/test/mocknetwork/MockConnectionManager.java","22","0","1","16","202","262","2"
"hazelcast","27d49efcee88ee428254cf38353e8698ea127c45","hazelcast/src/test/java/com/hazelcast/test/mocknetwork/MockConnectionManager.java","22","0","1","16","206","267","1"
"elasticsearch","5763b2468669896ce69b7f728626a8c844f4aba4","src/test/java/org/elasticsearch/search/aggregations/bucket/TopHitsTests.java","22","0","1","16","725","848","0"
"elasticsearch","1ce10dfb06fe5e90330619b881ce416e8bdf6d9a","src/test/java/org/elasticsearch/test/integration/search/child/SimpleChildQuerySearchTests.java","22","0","1","16","941","1142","0"
"elasticsearch","ca7cd215197540eff550e144a63509c0fb691d5d","modules/elasticsearch/src/main/java/org/elasticsearch/index/mapper/internal/SourceFieldMapper.java","22","0","1","18","154","210","0"
"elasticsearch","2bd09c4625898d77aa6c015c6f82cf973ed18cb7","core/src/main/java/org/elasticsearch/index/mapper/core/TextFieldMapper.java","22","0","1","18","205","268","1"
"hazelcast","8d97f57c9aa15d7db806a3e67580d80f360b8ec5","hazelcast/src/main/java/com/hazelcast/replicatedmap/record/AbstractReplicatedRecordStore.java","22","0","1","18","233","286","2"
"hazelcast","1eae67881eecaa9f0ee6073a4d1a6739712d47b2","hazelcast/src/main/java/com/hazelcast/replicatedmap/record/AbstractReplicatedRecordStore.java","22","0","1","18","233","288","1"
"hazelcast","aace526b69a3ecd85a18f296335bd46ddfd4781b","hazelcast/src/main/java/com/hazelcast/replicatedmap/record/AbstractReplicatedRecordStore.java","22","0","1","18","233","288","1"
"hazelcast","b256f642158a086dd798a6ef547a8783b51bc5f6","hazelcast/src/main/java/com/hazelcast/replicatedmap/record/AbstractReplicatedRecordStore.java","22","0","1","18","233","288","1"
"hazelcast","5746c5c2a29d1378d11a27078554d9cfe8aaefc7","hazelcast/src/main/java/com/hazelcast/replicatedmap/record/AbstractReplicatedRecordStore.java","22","0","1","18","233","288","0"
"elasticsearch","4756c9a884f3e5341db0cf7799e7e8656c7338d0","core/src/main/java/org/apache/lucene/search/vectorhighlight/CustomFieldQuery.java","22","0","1","2","102","141","0"
"elasticsearch","89ac4d108abab7d6c14bf3b53f266e18aa6deed9","modules/elasticsearch/src/main/java/org/elasticsearch/http/HttpServer.java","22","0","1","2","129","172","0"
"elasticsearch","57108c8575b39e7b6c0e7c2ca4bf20f03e6d0912","modules/elasticsearch/src/main/java/org/elasticsearch/http/HttpServer.java","22","0","1","2","130","176","0"
"elasticsearch","164efaecbe42195f08ada58b5fde927ab21fc6e7","plugins/cloud-aws/src/main/java/org/elasticsearch/discovery/ec2/AwsEc2UnicastHostsProvider.java","22","0","1","2","138","202","0"
"netty","8583dd03fcf17ad4bcdf790b03521b7e068c3f19","common/src/main/java/io/netty/util/DefaultAttributeMap.java","22","0","1","2","146","213","0"
"netty","d0f3bfd4cc81202705857b4bd3ba7a3dceb7025a","common/src/main/java/io/netty/util/DefaultAttributeMap.java","22","0","1","2","149","216","0"
"elasticsearch","a475323aa19321a550b50b73cde2a1edd475b0a5","core/src/main/java/org/elasticsearch/indices/IndicesRequestCache.java","22","0","1","2","213","327","0"
"elasticsearch","5f77ddf45d8e879bbf7e579cf80c895c9b03f46d","core/src/main/java/org/elasticsearch/indices/IndicesRequestCache.java","22","0","1","2","223","338","1"
"hazelcast","c7b962eded1db7b4735b713d950eb548f009331f","hazelcast/src/test/java/com/hazelcast/test/SplitBrainTestSupport.java","22","0","1","2","257","385","0"
"hazelcast","74623cb572a57f3c5b84b62e4a220a8fdac95cb4","hazelcast-client/src/main/java/com/hazelcast/client/spi/impl/ClientInvocation.java","22","0","1","20","186","248","0"
"hazelcast","6adb137d7e8b6abd4405ab26337072a54017cabc","hazelcast-client/src/main/java/com/hazelcast/client/spi/impl/ClientInvocation.java","22","0","1","20","189","250","3"
"elasticsearch","8db27cc5bcaf38067c6bd1f6abf93b023bffe78b","src/main/java/org/elasticsearch/index/cache/filter/weighted/WeightedFilterCache.java","22","0","1","20","193","259","1"
"BroadleafCommerce","4fc0930fc80313e16ae4ad80cc6c0c8dd1390b2e","core/broadleaf-framework/src/main/java/org/broadleafcommerce/core/catalog/dao/ProductDaoImpl.java","22","0","1","20","362","522","1"
"hazelcast","2112d78371c8d96c88a5b141cc8c710890ee70ec","hazelcast-client/src/main/java/com/hazelcast/client/spi/impl/ClientInvocation.java","22","0","1","21","192","254","3"
"hazelcast","2b015e6b174d25a0103059e5bdc56440f98767b3","hazelcast-client/src/main/java/com/hazelcast/client/spi/impl/ClientInvocation.java","22","0","1","21","193","255","2"
"orientdb","b43eac5ee4b92c9327f3596c5c1986a6c29e1dfb","core/src/main/java/com/orientechnologies/orient/core/index/hashindex/local/cache/OCachePointer.java","22","0","1","24","186","270","0"
"elasticsearch","96f1739c0dafc067a289574296642219faca4673","core/src/main/java/org/elasticsearch/index/mapper/FieldNamesFieldMapper.java","22","0","1","24","224","300","0"
"elasticsearch","49439a09e2c1a69da0fdf034fe9dabf1cc83bf30","modules/elasticsearch/src/main/java/org/elasticsearch/indices/store/TransportNodesListShardStoreMetaData.java","22","0","1","24","294","380","0"
"elasticsearch","a6510f924520d8cdda2636ac85a1a1e43f6dfb8c","src/main/java/org/elasticsearch/indices/store/TransportNodesListShardStoreMetaData.java","22","0","1","24","318","403","0"
"orientdb","8277a0559c357df96a19b7792393d884a090e86c","core/src/main/java/com/orientechnologies/orient/core/storage/OStorageAbstract.java","22","0","1","25","168","230","1"
"elasticsearch","6fe9ae29ea3b66d38dfde4ae1394106b725475e9","core/src/main/java/org/elasticsearch/index/mapper/FieldNamesFieldMapper.java","22","0","1","25","221","297","1"
"orientdb","67b44e38d6982f4b915b71290548d72dbd5aaa00","core/src/main/java/com/orientechnologies/orient/core/storage/cache/OCachePointer.java","22","0","1","26","186","270","1"
"hazelcast","11e77aa8ef9f1ba50a9ba8cc015da897bca676f4","hazelcast/src/main/java/com/hazelcast/client/impl/ClientEndpointImpl.java","22","0","1","26","229","282","2"
"hazelcast","cb69ad55ae896c06a493a334c67c2a2b0451a444","hazelcast/src/main/java/com/hazelcast/multimap/impl/MultiMapContainer.java","22","0","1","27","158","216","2"
"hazelcast","324c12ca123c52820e6a271c2095649a57a9844f","hazelcast/src/main/java/com/hazelcast/client/impl/ClientEndpointImpl.java","22","0","1","27","235","289","2"
"netty","51a536fd3068ecff95dd27adf047299122ade8ea","buffer/src/test/java/io/netty/buffer/UnpooledTest.java","22","0","1","28","464","590","0"
"netty","5416f2315e222acf8d9a36a51bcd4142a0f1c022","buffer/src/test/java/io/netty/buffer/UnpooledTest.java","22","0","1","29","469","596","0"
"orientdb","d7d7ae95c10f5b727d96b2a86524b028a99bba0c","server/src/main/java/com/orientechnologies/orient/server/OServerShutdownMain.java","22","0","1","3","107","156","1"
"elasticsearch","8cb4471cca1dee05e1e5bcd557295876b129e9ea","src/main/java/org/elasticsearch/search/aggregations/metrics/tophits/TopHitsParser.java","22","0","1","3","108","138","1"
"elasticsearch","4cb23a0520c2c361ef1d3ed9ebcca24cba27cb67","src/main/java/org/elasticsearch/index/fielddata/fieldcomparator/BytesRefFieldComparatorSource.java","22","0","1","3","165","227","1"
"elasticsearch","16446440e477b7e3d11f97bd3e95894c9b7bd986","src/main/java/org/elasticsearch/index/fielddata/fieldcomparator/BytesRefFieldComparatorSource.java","22","0","1","3","166","228","0"
"hazelcast","05f9e6021e6859216b8c564cec3c51f83a0f7ebb","hazelcast/src/main/java/com/hazelcast/map/impl/LocalMapStatsProvider.java","22","0","1","3","191","249","1"
"hazelcast","253a1f3e5ca802d97fdd1f5fdd5971e90244641c","hazelcast/src/main/java/com/hazelcast/map/LocalMapStatsProvider.java","22","0","1","3","191","249","1"
"hazelcast","69a23b36927ba641fc54f9e9c664dbddd18351fc","hazelcast/src/main/java/com/hazelcast/map/impl/LocalMapStatsProvider.java","22","0","1","3","191","249","2"
"hazelcast","b1d50054ab3d722fbaad2846ebb94fb52b4b1f42","hazelcast/src/main/java/com/hazelcast/map/impl/LocalMapStatsProvider.java","22","0","1","3","191","249","1"
"hazelcast","c5949254422f87324722754f5faa05e03651159c","hazelcast/src/main/java/com/hazelcast/map/impl/LocalMapStatsProvider.java","22","0","1","3","191","249","1"
"hazelcast","0a60df25f530116add78d3109773f0bf90f335ea","hazelcast/src/main/java/com/hazelcast/map/impl/LocalMapStatsProvider.java","22","0","1","3","191","249","0"
"hazelcast","18b320216a2af0109458bdad8f25ab57ca6246e1","hazelcast/src/main/java/com/hazelcast/map/LocalMapStatsProvider.java","22","0","1","3","191","249","0"
"elasticsearch","a7a2d9f806eb46232f44ac5d1e9991243197db08","src/main/java/org/elasticsearch/river/RiversService.java","22","0","1","3","225","304","1"
"elasticsearch","2058edc117c0fb14b570f46bffa4cdec397039c4","src/main/java/org/elasticsearch/river/RiversService.java","22","0","1","3","234","315","0"
"hazelcast","00cc50ec0d92d2bc1f7dfb8c1cfd4f569ad84cdc","hazelcast/src/main/java/com/hazelcast/map/impl/LocalMapStatsProvider.java","22","0","1","3","243","336","2"
"hazelcast","5c44b6e979be354adce716bc55e3cb12cf4a2d75","hazelcast/src/main/java/com/hazelcast/map/impl/LocalMapStatsProvider.java","22","0","1","3","244","321","1"
"elasticsearch","1d7e20b7121537fb32cc3f1e3300e85bad3a014e","src/main/java/org/elasticsearch/cluster/action/shard/ShardStateAction.java","22","0","1","3","250","345","0"
"neo4j","13e3d20860f871d1c13c10429f2d4d31d6180c8b","enterprise/ha/src/main/java/org/neo4j/kernel/ha/factory/HighlyAvailableEditionModule.java","22","0","1","3","694","907","0"
"BroadleafCommerce","cd4dba4517e56b14042e5ed1567e933ca3904efd","core/broadleaf-framework/src/main/java/org/broadleafcommerce/core/checkout/service/workflow/ValidateProductOptionsActivity.java","22","0","1","3","93","143","0"
"elasticsearch","20ce01bd53cc3f0d6bcb52554f89fb98ce00bd4c","src/main/java/org/elasticsearch/index/query/TermsQueryParser.java","22","0","1","3","95","137","0"
"elasticsearch","eb956e7c091a02924c9a640d5a17d389f0e5ff3b","src/main/java/org/elasticsearch/index/query/TermsQueryParser.java","22","0","1","3","96","138","0"
"elasticsearch","77239a76f81879742d21004454691d2dfc6499b4","src/test/java/org/elasticsearch/search/suggest/CompletionSuggestSearchTests.java","22","0","1","32","756","939","0"
"netty","f585806a746cf78c4d07b9efd1ba45e761215384","buffer/src/test/java/io/netty/buffer/UnpooledTest.java","22","0","1","33","501","632","1"
"hazelcast","e7795620af18437c46f725e6e5c4179899ee1f51","hazelcast/src/test/java/com/hazelcast/query/SampleObjects.java","22","0","1","34","173","233","0"
"elasticsearch","d07c5a5c3236008cc392fbe210c8794f5547c1e7","src/test/java/org/elasticsearch/search/suggest/CompletionSuggestSearchTests.java","22","0","1","35","898","1104","1"
"hazelcast","da460dce9851d459447566dfff17a8dce5913d81","hazelcast/src/test/java/com/hazelcast/query/SampleObjects.java","22","0","1","37","185","248","0"
"elasticsearch","f5542ed47fede3d086477995afbc6b330ff71d3e","core/src/main/java/org/elasticsearch/cluster/routing/allocation/decider/FilterAllocationDecider.java","22","0","1","4","126","195","1"
"elasticsearch","0e52e3420e7222e46dfb15b79f0c4615a14ca0d3","core/src/main/java/org/elasticsearch/cluster/routing/allocation/decider/FilterAllocationDecider.java","22","0","1","4","130","209","0"
"elasticsearch","b6ae7fbadb0669d015ec6070adca9469be88d29d","src/main/java/org/elasticsearch/indices/store/IndicesStore.java","22","0","1","4","137","199","2"
"elasticsearch","16e5cdf8d092842b7e4eb25de681f217d9cb48d0","src/main/java/org/elasticsearch/action/admin/indices/stats/TransportIndicesStatsAction.java","22","0","1","4","176","230","5"
"elasticsearch","30cc33e2e542810a9c893297cdc79c0ab8ea3bdb","modules/lang-painless/src/main/java/org/elasticsearch/painless/node/ELambda.java","22","0","1","4","177","262","0"
"elasticsearch","6061656170c97cf920f2822d93066abcaa2f528f","modules/elasticsearch/src/main/java/org/elasticsearch/index/percolator/PercolatorService.java","22","0","1","4","185","258","0"
"oryx","3b0fc229b3818b52dda4b6b863f9bca5dcfc4d86","app/oryx-app/src/main/java/com/cloudera/oryx/app/speed/als/ALSSpeedModelManager.java","22","0","1","4","187","259","0"
"hazelcast","dbcb4d66dcb9ea0dbf639e0f9182aabbe8d91855","hazelcast/src/main/java/com/hazelcast/spi/impl/operationservice/impl/InvocationMonitor.java","22","0","1","4","189","284","0"
"oryx","fddb336ac30ea3fb0bde91c61ef043f523d7d9fe","app/oryx-app/src/main/java/com/cloudera/oryx/app/speed/als/ALSSpeedModelManager.java","22","0","1","4","192","264","0"
"hazelcast","4b9cef83c2c99af4df9d1d0338f29a7dc1c9eda8","hazelcast/src/main/java/com/hazelcast/map/impl/LocalMapStatsProvider.java","22","0","1","4","246","339","0"
"orientdb","040b05508933cf63ab4302ba24753d268640088c","core/src/main/java/com/orientechnologies/orient/core/index/OIndexRemote.java","22","0","1","46","353","464","2"
"orientdb","56f9bf3a10535e331c512f9852b1779bbc1d38b0","core/src/main/java/com/orientechnologies/orient/core/index/OIndexRemote.java","22","0","1","47","358","470","0"
"hazelcast","a0c93d542a19c901f7e4d22295d6e30bd9faf0e3","hazelcast/src/main/java/com/hazelcast/query/impl/AndResultSet.java","22","0","1","5","119","164","0"
"hazelcast","51394bc1bdb7ac6fa02b80d6855b6520bf2ea9c3","hazelcast/src/main/java/com/hazelcast/nio/tcp/WriteHandler.java","22","0","1","5","154","206","0"
"elasticsearch","371c73e14023917f3892090d2d3d7ff9ac1216b9","core/src/main/java/org/elasticsearch/index/query/ScriptQueryBuilder.java","22","0","1","5","184","243","3"
"elasticsearch","78574d248cf10dad1c5a566fda79e1e0c94afe43","core/src/main/java/org/elasticsearch/index/query/ScriptQueryBuilder.java","22","0","1","5","184","243","2"
"elasticsearch","e6aaaf11ed4a1b8f595f920de1840938eddb7a97","core/src/main/java/org/elasticsearch/index/query/ScriptQueryBuilder.java","22","0","1","5","184","243","2"
"elasticsearch","a60b8948ba1d836a6eac7cff095519e618939ed8","core/src/main/java/org/elasticsearch/index/query/ScriptQueryBuilder.java","22","0","1","5","184","243","0"
"hazelcast","99e5a41b171150b7d83496ba2e88d33b7f1a4c78","hazelcast/src/main/java/com/hazelcast/cluster/impl/ClusterStateManager.java","22","0","1","5","223","288","0"
"hazelcast","a42770bc9d8deb11633d682e2befa6fade62f32d","hazelcast/src/main/java/com/hazelcast/cluster/impl/ClusterStateManager.java","22","0","1","5","223","288","0"
"hazelcast","ecaf2f2030c1f8fdeb99c5760cee0c12f54d42d3","hazelcast/src/main/java/com/hazelcast/cluster/impl/ClusterStateManager.java","22","0","1","5","223","288","1"
"titan","7720850da32092290f6ee0e375eb22cb367a3310","src/main/java/com/thinkaurelius/faunus/mapreduce/filter/PropertyFilterMap.java","22","0","1","5","98","118","0"
"hazelcast","526abf8a41a024e20f78cfae44306b1bd8a5e346","hazelcast/src/test/java/com/hazelcast/query/SampleObjects.java","22","0","1","51","228","305","2"
"orientdb","80e2550436da767ebf8944339a885037569a8271","core/src/main/java/com/orientechnologies/orient/core/storage/impl/memory/ODirectMemoryOnlyDiskCache.java","22","0","1","52","434","564","0"
"orientdb","b43eac5ee4b92c9327f3596c5c1986a6c29e1dfb","core/src/main/java/com/orientechnologies/orient/core/storage/impl/memory/ODirectMemoryOnlyDiskCache.java","22","0","1","52","434","564","0"
"orientdb","ac6ba2add76a1f3d3aaa40429729ec87cfad1e1b","core/src/main/java/com/orientechnologies/orient/core/storage/impl/memory/ODirectMemoryOnlyDiskCache.java","22","0","1","52","434","564","1"
"orientdb","2a004c4b73a8609cf941b54707f6e23ff7cbea22","core/src/main/java/com/orientechnologies/orient/core/storage/impl/memory/ODirectMemoryOnlyDiskCache.java","22","0","1","52","447","585","0"
"hazelcast","2ae993668ae0897d3d7e6c907baff63ddaffe900","hazelcast/src/test/java/com/hazelcast/query/SampleObjects.java","22","0","1","58","260","346","1"
"hazelcast","4fa834a4a9542126085401c3ccc28fe16fe37d1f","hazelcast/src/test/java/com/hazelcast/query/SampleObjects.java","22","0","1","58","260","346","2"
"hazelcast","626c6cfecc9b424f4d78fbe8db6f84d5e7ccb0c3","hazelcast/src/test/java/com/hazelcast/query/SampleObjects.java","22","0","1","58","260","346","2"
"hazelcast","930a9a6a25402ffa4c7ea81141069ef184c71d2b","hazelcast/src/test/java/com/hazelcast/query/SampleObjects.java","22","0","1","58","260","346","0"
"hazelcast","07c40ffd56d6822933d92704213ca873a8164c0f","hazelcast/src/test/java/com/hazelcast/query/SampleObjects.java","22","0","1","59","267","354","2"
"hazelcast","91245037da8a22802fc1aa8e4f35d6c82d045d81","hazelcast/src/test/java/com/hazelcast/query/SampleObjects.java","22","0","1","59","267","354","1"
"hazelcast","9721ede14605de666f793eea185c5b382b74fd59","hazelcast/src/test/java/com/hazelcast/query/SampleObjects.java","22","0","1","59","267","354","2"
"hazelcast","e7501414169450e60a75b6f9e3efeee58f3139e0","hazelcast/src/test/java/com/hazelcast/query/SampleObjects.java","22","0","1","59","267","354","0"
"elasticsearch","7adf2fd497e68ce254e981a26895db58b0fc0c8d","modules/elasticsearch/src/main/java/org/elasticsearch/cluster/routing/allocation/allocator/EvenShardsCountAllocator.java","22","0","1","6","130","183","0"
"hazelcast","d568e4d926d925d57d4e79e34614390416749301","hazelcast/src/main/java/com/hazelcast/query/impl/QueryableEntry.java","22","0","1","6","145","211","0"
"BroadleafCommerce","c60b27b5e87385a5ef951c93e5a55ad41755e45b","admin/broadleaf-contentmanagement-module/src/main/java/org/broadleafcommerce/cms/admin/server/handler/SandBoxItemCustomPersistenceHandler.java","22","0","1","6","168","217","1"
"elasticsearch","5812753dbcbac645c2fc8a5ed460178b3e5b60a9","src/test/java/org/elasticsearch/bwcompat/OldIndexBackwardsCompatibilityTests.java","22","0","1","6","314","399","0"
"orientdb","3234bb99b3d0e3c6b4c76b52d2d4b4c87560d7c5","core/src/main/java/com/orientechnologies/orient/core/sql/functions/math/OSQLFunctionMax.java","22","0","1","6","72","123","0"
"orientdb","3234bb99b3d0e3c6b4c76b52d2d4b4c87560d7c5","core/src/main/java/com/orientechnologies/orient/core/sql/functions/math/OSQLFunctionMin.java","22","0","1","6","72","125","0"
"elasticsearch","fcdd2ba11c5f2ef68144086806c372127e176fb0","modules/elasticsearch/src/main/java/org/elasticsearch/common/lucene/docset/OrDocIdSet.java","22","0","1","7","126","199","0"
"hazelcast","06a8f9556d88448fa2376aacd279ac7eb0faa4c3","hazelcast/src/main/java/com/hazelcast/jmx/ManagementService.java","22","0","1","7","150","191","1"
"hazelcast","18a030c6fa71ce1824dcabaf0a81fb76d3a5e69c","hazelcast/src/main/java/com/hazelcast/jmx/ManagementService.java","22","0","1","7","150","191","2"
"hazelcast","a4b7e0eef6cf80a77a25e3412e18af5872c8098f","hazelcast/src/main/java/com/hazelcast/jmx/ManagementService.java","22","0","1","7","150","191","1"
"hazelcast","717f34bef17ab88eae89ff32934f0f4cb1e05118","hazelcast/src/main/java/com/hazelcast/jmx/ManagementService.java","22","0","1","7","150","191","0"
"hazelcast","089a8de3ef46501653fe15aa30fa20130f5b9d5c","hazelcast/src/main/java/com/hazelcast/jmx/ManagementService.java","22","0","1","7","151","192","1"
"BroadleafCommerce","2eccbcd8537479eaa6253c6f7586e535487245b9","admin/broadleaf-open-admin-platform/src/main/java/org/broadleafcommerce/openadmin/server/security/handler/AdminUserCustomPersistenceHandler.java","22","0","1","7","153","219","2"
"hazelcast","a62c5477c62dab1c6ad7960fb103b0065047e2c3","hazelcast/src/test/java/com/hazelcast/spi/impl/operationservice/impl/RepartitioningStressTest.java","22","0","1","7","194","265","1"
"elasticsearch","9ca5e6e3e12cf4f13eb6ed0140d9073ba89c61c9","src/test/java/org/elasticsearch/gateway/local/SimpleRecoveryLocalGatewayTests.java","22","0","1","7","302","422","1"
"elasticsearch","01ca81e2a37c9cd38c6dc44ae567d427c059dbe0","src/test/java/org/elasticsearch/gateway/local/SimpleRecoveryLocalGatewayTests.java","22","0","1","7","309","430","0"
"elasticsearch","7ab0e2c5321c802068d85c0fa3a0f44e0b02c5a4","core/src/test/java/org/elasticsearch/search/geo/GeoFilterIT.java","22","0","1","7","443","634","2"
"netty","7f3f792017da8728e65d2756225c779f9a1c5e45","codec-http/src/main/java/io/netty/handler/codec/http/HttpContentEncoder.java","22","0","1","8","132","226","0"
"elasticsearch","93a8e80affc855f156d9295568409aab3972ffa1","src/main/java/org/elasticsearch/search/aggregations/bucket/terms/InternalTerms.java","22","0","1","8","155","205","1"
"elasticsearch","da953700f47924f4948ec3775eb1f42f3109aac7","src/main/java/org/elasticsearch/search/aggregations/bucket/terms/InternalTerms.java","22","0","1","8","158","207","0"
"BroadleafCommerce","49d12cffdc9aca461330ec8110c850319cf49ec0","admin/broadleaf-contentmanagement-module/src/main/java/org/broadleafcommerce/cms/admin/server/handler/PageTemplateCustomPersistenceHandler.java","22","0","1","8","184","230","1"
"elasticsearch","741b8dd70b5d92155f8d3eaa7feb6af07ec103ab","modules/elasticsearch/src/main/java/org/elasticsearch/index/mapper/DocumentMapperParser.java","22","0","1","8","184","241","0"
"hazelcast","191a6fd5c3d11d24c1c3a43ef70771074cc60ddd","hazelcast/src/main/java/com/hazelcast/client/impl/protocol/task/AbstractMessageTask.java","22","0","1","8","190","245","0"
"hazelcast","795b65e0c11649c80fc30ec38603fedd98ee609a","hazelcast/src/main/java/com/hazelcast/client/impl/protocol/task/AbstractMessageTask.java","22","0","1","8","190","245","0"
"hazelcast","8aad5200f5667461d3959dacaa6d5d179d7b2add","hazelcast/src/main/java/com/hazelcast/client/impl/protocol/task/AbstractMessageTask.java","22","0","1","8","190","245","0"
"hazelcast","c283f04cab711308ed3018d4e448e35b9061e0d2","hazelcast/src/main/java/com/hazelcast/client/impl/protocol/task/AbstractMessageTask.java","22","0","1","8","190","245","0"
"hazelcast","57aa69642289a7bd418a87b9415c97b1ae40117a","hazelcast/src/main/java/com/hazelcast/client/impl/protocol/task/AbstractMessageTask.java","22","0","1","8","190","245","2"
"hazelcast","92c9e90afd37615e6c37493123b053a4f4a5c145","hazelcast/src/main/java/com/hazelcast/client/impl/protocol/task/AbstractMessageTask.java","22","0","1","8","190","245","1"
"hazelcast","eed2a8c40d592a8e99645faac48f99069eaeaab2","hazelcast/src/main/java/com/hazelcast/client/impl/protocol/task/AbstractMessageTask.java","22","0","1","8","190","245","1"
"hazelcast","8a063218670d8e14f9e7306fe971d5e2d9fbac73","hazelcast/src/main/java/com/hazelcast/client/impl/protocol/task/AbstractMessageTask.java","22","0","1","8","191","246","1"
"hazelcast","b4e980883900ab35ae79d36b5891e6619772cc97","hazelcast/src/main/java/com/hazelcast/client/impl/protocol/task/AbstractMessageTask.java","22","0","1","8","191","246","2"
"hazelcast","936c878f45afc4fbdd0748f6c51a158d3b5f00ff","hazelcast/src/main/java/com/hazelcast/client/impl/protocol/task/AbstractMessageTask.java","22","0","1","8","191","246","0"
"hazelcast","19b6f87638947390eac6a604d8c2e73a8d7025f8","hazelcast/src/main/java/com/hazelcast/client/impl/protocol/task/AbstractMessageTask.java","22","0","1","8","199","255","1"
"hazelcast","01b0907276682b6972cc5d695ffb741b29de4132","hazelcast/src/main/java/com/hazelcast/client/impl/protocol/task/AbstractMessageTask.java","22","0","1","8","200","256","1"
"hazelcast","89d278f650c17e89f5995a68e872e73d0d4b33e1","hazelcast/src/main/java/com/hazelcast/client/impl/protocol/task/AbstractMessageTask.java","22","0","1","8","200","256","2"
"hazelcast","dba90d15404ad6caac6df0e016095c85f3bdfefe","hazelcast/src/main/java/com/hazelcast/client/impl/protocol/task/AbstractMessageTask.java","22","0","1","8","200","256","0"
"hazelcast","324c12ca123c52820e6a271c2095649a57a9844f","hazelcast/src/main/java/com/hazelcast/client/impl/protocol/task/AbstractMessageTask.java","22","0","1","8","203","262","2"
"hazelcast","fa1c7b6b500525ad71674b38354c7da76290f7cc","hazelcast/src/test/java/com/hazelcast/queue/BasicQueueTest.java","22","0","1","8","306","390","1"
"hazelcast","bcf9ee598f194761dddbc03362c365bdbe1f96ab","hazelcast/src/main/java/com/hazelcast/query/impl/UnsortedIndexStore.java","22","0","1","9","119","151","1"
"elasticsearch","9ff8006d37768ab5ce1e8873dbdf35cbd3de0dfe","modules/elasticsearch/src/main/java/org/elasticsearch/client/transport/TransportClientNodesService.java","22","0","1","9","186","249","1"
"BroadleafCommerce","a2c4f2505ace4aa0175753c7b77c5e834b79456f","admin/broadleaf-contentmanagement-module/src/main/java/org/broadleafcommerce/cms/admin/server/handler/PageTemplateCustomPersistenceHandler.java","22","0","1","9","191","239","1"
"orientdb","8fb63ddaef6dae34deacb49f4131b08b5a088e31","server/src/test/java/com/orientechnologies/orient/core/storage/impl/local/paginated/IndexCrashRestoreMultiValue.java","22","0","1","9","195","262","1"
"orientdb","f2c3273e9f37bffc0c99099735b1a09364360430","server/src/test/java/com/orientechnologies/orient/core/storage/impl/local/paginated/IndexCrashRestoreMultiValue.java","22","0","1","9","202","263","0"
"hazelcast","3fcd083e9dbaf97bfe0c447d5baa1cb29bbe7d98","hazelcast-client/src/main/java/com/hazelcast/client/spi/impl/listener/ClientSmartListenerService.java","22","0","1","9","225","272","2"
"hazelcast","60674f57f9519fe124386031c56754a942113d26","hazelcast-client/src/main/java/com/hazelcast/client/spi/impl/listener/ClientSmartListenerService.java","22","0","1","9","225","272","3"
"hazelcast","b0a815f459c18eed67fcd6e4bf122bad043ef8a5","hazelcast-client/src/main/java/com/hazelcast/client/spi/impl/listener/ClientSmartListenerService.java","22","0","1","9","225","272","1"
"hazelcast","da8888f97af74b4590dfc1dce3d0bdeb44654000","hazelcast-client/src/main/java/com/hazelcast/client/spi/impl/listener/ClientSmartListenerService.java","22","0","1","9","225","272","0"
"elasticsearch","32f141223dbc61f80092da6a3cfd872f28630f09","core/src/main/java/org/elasticsearch/common/rounding/TimeZoneRounding.java","22","0","1","9","226","319","1"
"hazelcast","3a38b2f67ed4c5c81da997eebf9ea11617722e6c","hazelcast-client/src/main/java/com/hazelcast/client/spi/impl/listener/ClientSmartListenerService.java","22","0","1","9","235","297","2"
"elasticsearch","3b01f812d64d8c957ece77261d10a646df1ca3df","src/main/java/org/elasticsearch/index/search/child/ParentQuery.java","22","0","1","9","242","317","0"
"elasticsearch","4c8f3de34b0f85abd8cf263cfbbf796dc6b4f132","src/main/java/org/elasticsearch/index/search/child/ParentQuery.java","22","0","1","9","243","318","0"
"netty","5398792ffa19829bfdc7e9ac02ebdb8952c84032","transport/src/main/java/io/netty/channel/local/LocalChannel.java","22","0","1","9","254","328","1"
"netty","a980638190c055a596145ec2a6963fa8cd30126a","transport/src/main/java/io/netty/channel/local/LocalChannel.java","22","0","1","9","264","338","1"
"elasticsearch","70100821123f53653417f7752f26d442b4fdafb3","test/framework/src/main/java/org/elasticsearch/transport/MockTcpTransport.java","22","0","1","9","284","355","3"
"hazelcast","2cab9c7f77abcddbb41df97579bcae554c325727","hazelcast/src/test/java/com/hazelcast/query/SampleObjects.java","22","0","1","97","380","505","1"
"hazelcast","44cd76f384fde07fe4e146809c9b8bdf476ea619","hazelcast/src/test/java/com/hazelcast/query/SampleObjects.java","22","0","1","97","380","505","1"
"hazelcast","5af8f51c8285f8357f555749944df9e9470f1745","hazelcast/src/test/java/com/hazelcast/query/SampleObjects.java","22","0","1","97","380","505","1"
"hazelcast","fe87884b8576b4bb0d8994935b8795d4bcb3d3c4","hazelcast/src/test/java/com/hazelcast/query/SampleObjects.java","22","0","1","97","380","505","1"
"hazelcast","304a4256525b16cd74311730ddd1f69a73d0049f","hazelcast/src/test/java/com/hazelcast/query/SampleObjects.java","22","0","1","97","380","505","0"
"elasticsearch","129d8ec29aa22b941003b250e0f6ad4849585b41","src/main/java/org/elasticsearch/cluster/ClusterStateObserver.java","22","0","10","12","215","327","2"
"elasticsearch","cc3f02c0a03686b915b846d1aff04cd90cf29914","src/main/java/org/elasticsearch/cluster/ClusterStateObserver.java","22","0","10","12","215","327","1"
"elasticsearch","08f7caa56b3519f4569e82cdceb57dee14e19420","src/main/java/org/elasticsearch/cluster/ClusterStateObserver.java","22","0","10","12","215","327","0"
"elasticsearch","ea41ee9243dd3ec643117af1ff5a9684daf805c6","src/main/java/org/elasticsearch/cluster/ClusterStateObserver.java","22","0","10","12","215","328","0"
"elasticsearch","182e11969952fcc157d306e991214462d1a47ba2","core/src/main/java/org/elasticsearch/search/aggregations/bucket/range/ip/IpRangeAggregationBuilder.java","22","0","10","14","241","340","1"
"netty","268111208007b1336dc1bbdcb0b9c15427e14e1f","handler/src/main/java/io/netty/handler/traffic/GlobalTrafficShapingHandler.java","22","0","10","2","214","396","0"
"elasticsearch","a6510f924520d8cdda2636ac85a1a1e43f6dfb8c","src/main/java/org/elasticsearch/common/io/FileSystemUtils.java","22","0","11","0","157","274","0"
"netty","731f52fdf73852a8fc597b1f08ed86b63caee375","codec-http2/src/main/java/io/netty/handler/codec/http2/Http2CodecUtil.java","22","0","11","0","227","345","1"
"netty","4ed5b07e4e4cc91c2ba2ed266f92b3f7c176cd76","common/src/main/java/io/netty/util/internal/PlatformDependent.java","22","0","11","14","205","322","0"
"elasticsearch","9f6a6a832fe7a25edd7ea9f75ee3eb09de7b7603","src/main/java/org/elasticsearch/common/io/FileSystemUtils.java","22","0","12","0","168","291","1"
"elasticsearch","f4d75f0212dffb829aaca3622d3ce1db016d0981","src/main/java/org/elasticsearch/action/support/IndicesOptions.java","22","0","12","5","160","264","0"
"elasticsearch","065275443d9954220a004d4dcc5138a5f91444f5","core/src/main/java/org/elasticsearch/cluster/routing/UnassignedInfo.java","22","0","12","7","170","297","3"
"elasticsearch","e7c2a8ae4d01d708f59d7869dbde015ccf22938e","core/src/main/java/org/elasticsearch/index/IndexModule.java","22","0","14","4","209","361","1"
"elasticsearch","f7ebe9d18f03db0719bf23074bd2bf236ce3ad51","core/src/main/java/org/elasticsearch/env/Environment.java","22","0","14","6","224","374","0"
"netty","dd6ac55fa02ca3127df8df195cf21a649bd55bde","transport/src/main/java/io/netty/channel/embedded/EmbeddedChannel.java","22","0","15","4","248","385","1"
"hazelcast","ddd3c8beff04b04dc146b44e47ec2bd9350ac5e4","hazelcast/src/test/java/com/hazelcast/ringbuffer/impl/RingbufferAbstractTest.java","22","0","15","41","587","811","1"
"hazelcast","1d391b8702de52401643cc1d81fda8ce6ff4c2a0","hazelcast/src/test/java/com/hazelcast/ringbuffer/impl/RingbufferAbstractTest.java","22","0","15","41","589","813","0"
"elasticsearch","12d1bf848543b9e4c483ffa62161ac8b5be6c35d","src/main/java/org/elasticsearch/common/geo/GeoUtils.java","22","0","16","0","131","298","1"
"elasticsearch","25fd9e26c4fb042d6f6dea14efcd239577bdbbc4","core/src/main/java/org/elasticsearch/action/admin/indices/mapping/put/PutMappingRequest.java","22","0","16","6","195","311","0"
"elasticsearch","429e517476d95e50ecb9d73d58e5013bd2158e7d","core/src/main/java/org/elasticsearch/cluster/node/DiscoveryNode.java","22","0","17","14","243","425","0"
"elasticsearch","c8ca015c0bd28caf4fd84862679afc63a9e7d2ac","core/src/main/java/org/elasticsearch/search/aggregations/bucket/histogram/HistogramAggregationBuilder.java","22","0","17","2","205","303","0"
"elasticsearch","b2a333269834ecb4c9336452ef8f7086f1c70db2","src/main/java/org/elasticsearch/search/facet/datehistogram/DateHistogramFacet.java","22","0","17","7","110","220","0"
"elasticsearch","c32de1f72b8f1131daf710a2144be31c55cb4f93","test-framework/src/main/java/org/elasticsearch/test/transport/MockTransportService.java","22","0","18","35","420","619","0"
"elasticsearch","d0c712299b68f598cacb4d4b7aa279f5bcfe86b5","src/main/java/org/elasticsearch/repositories/s3/S3Repository.java","22","0","2","0","107","180","0"
"junit","3f736cf514b0421a82383db74188f6c0e3dfef1a","src/main/java/org/junit/runners/BlockJUnit4ClassRunner.java","22","0","2","0","255","477","0"
"mcMMO","93548317293e2c6c5195544b99d4ce7d900abea1","src/main/java/com/gmail/nossr50/skills/gathering/Excavation.java","22","0","2","1","103","145","0"
"hazelcast","98fafb85b6cf2ead1ba6e0bc3847e97df983cf1c","hazelcast/src/test/java/com/hazelcast/internal/nearcache/AbstractNearCacheSerializationCountTest.java","22","0","2","1","297","446","0"
"orientdb","56f9bf3a10535e331c512f9852b1779bbc1d38b0","core/src/main/java/com/orientechnologies/orient/core/index/OPropertyMapIndexDefinition.java","22","0","2","13","148","216","0"
"orientdb","040b05508933cf63ab4302ba24753d268640088c","core/src/main/java/com/orientechnologies/orient/core/index/OPropertyMapIndexDefinition.java","22","0","2","13","152","220","2"
"orientdb","eda36859b9b033e1c3c6c69dce74c4959ac3439e","core/src/main/java/com/orientechnologies/orient/core/index/OPropertyMapIndexDefinition.java","22","0","2","13","153","221","2"
"hazelcast","00e52fa5320b0c1c2c40e7a39d7dcc3a34ba2e3a","hazelcast/src/main/java/com/hazelcast/query/impl/IndexImpl.java","22","0","2","16","162","234","0"
"hazelcast","2eab58fcd53d07caded6ebb80a168350ae042eff","hazelcast-client/src/main/java/com/hazelcast/client/cache/impl/HazelcastClientCachingProvider.java","22","0","2","2","128","184","1"
"hazelcast","afa75d6317d9f69a64083650d1da2a77e2f2e4e0","hazelcast-client/src/main/java/com/hazelcast/client/cache/impl/HazelcastClientCachingProvider.java","22","0","2","2","129","185","0"
"elasticsearch","c19b7a2f61de08cf7fe4c12da9a5eb65eaabc5c6","src/main/java/org/elasticsearch/indices/analysis/HunspellService.java","22","0","2","2","138","239","0"
"BroadleafCommerce","687de485d1001ac69a4535d0246aa592bbaeaf0d","common/src/main/java/org/broadleafcommerce/common/extensibility/context/merge/MergeManager.java","22","0","2","2","184","255","1"
"elasticsearch","284a35131cd6a96baba14b31c827e5f6dab7b4ad","modules/elasticsearch/src/main/java/org/elasticsearch/http/netty/NettyHttpRequest.java","22","0","2","20","179","255","0"
"elasticsearch","046abdc281c321cd2128ee7684c0edfcaca07203","core/src/test/java/org/elasticsearch/common/io/stream/BytesStreamsTests.java","22","0","2","26","486","661","2"
"neo4j","d94daacb45225945a8ab3285f791f8ef58f943b0","community/kernel/src/main/java/org/neo4j/kernel/NeoStoreDataSource.java","22","0","2","27","1054","1327","1"
"neo4j","52be03d5aef3e190f17e4743afa0d5975f20b2f5","community/kernel/src/main/java/org/neo4j/kernel/NeoStoreDataSource.java","22","0","2","27","1055","1329","2"
"neo4j","52b6eaa59b49e1b38ad64733e1ab8d5226de7999","community/kernel/src/main/java/org/neo4j/kernel/NeoStoreDataSource.java","22","0","2","27","1055","1331","1"
"neo4j","0da6dae6f2ecbbab9a278f3757ef793cbe8d921f","community/kernel/src/main/java/org/neo4j/kernel/NeoStoreDataSource.java","22","0","2","27","1056","1329","2"
"hazelcast","198c94068e72f9ff18176b2be6c431d35588d5fa","hazelcast/src/main/java/com/hazelcast/map/impl/eviction/MaxSizeChecker.java","22","0","2","3","197","261","2"
"hazelcast","dad5438f479c8781d8c673cbb6a08f85e7ab9c63","hazelcast/src/main/java/com/hazelcast/map/impl/eviction/MaxSizeChecker.java","22","0","2","3","197","262","1"
"hazelcast","ff68abd9657b87566d8bd8ac5e0e76083f9a78f1","hazelcast/src/main/java/com/hazelcast/map/impl/eviction/MaxSizeChecker.java","22","0","2","3","197","262","1"
"hazelcast","b45ba89c02ead8830dbeba4fabca54cebaa6b7a8","hazelcast/src/main/java/com/hazelcast/map/impl/eviction/MaxSizeChecker.java","22","0","2","3","197","262","0"
"elasticsearch","49bdd29f91eb3568a8bac28e043f422a208104d1","modules/percolator/src/test/java/org/elasticsearch/percolator/PercolatorAggregationsIT.java","22","0","2","3","231","291","1"
"elasticsearch","3ce7b119d28e7d1be7284bd804606a65c2d1a383","modules/percolator/src/test/java/org/elasticsearch/percolator/PercolatorAggregationsIT.java","22","0","2","3","231","294","0"
"hazelcast","402a2d0d137c09b1ff22bfc1c1563a170e5399de","hazelcast/src/main/java/com/hazelcast/internal/monitors/HealthMonitor.java","22","0","2","3","399","505","1"
"hazelcast","2de8ac0961c648eaa187375fb9abd0fc3e429f1b","hazelcast/src/test/java/com/hazelcast/map/nearcache/NearCacheTest.java","22","0","2","30","648","871","0"
"hazelcast","9af6389d7a3ab6bd5e3cb3ded4a094034874133a","hazelcast/src/test/java/com/hazelcast/map/impl/nearcache/NearCacheTest.java","22","0","2","32","675","909","0"
"hazelcast","83504ab6376beba2d569ea38dc59529a2f97fb4f","hazelcast/src/test/java/com/hazelcast/map/impl/nearcache/NearCacheTest.java","22","0","2","32","676","910","0"
"netty","e85d43739819e6408c3a4a4e2f9e71bcf6905a2e","buffer/src/test/java/io/netty/buffer/UnpooledTest.java","22","0","2","33","516","650","0"
"mcMMO","c88583c1c09885d8f4dce5a95e0b6c9326889a43","src/main/java/com/gmail/nossr50/skills/woodcutting/WoodcuttingManager.java","22","0","2","4","120","172","0"
"elasticsearch","73c0cd512ab3bdc03b8071a1012dffb7b9382491","core/src/main/java/org/elasticsearch/index/fielddata/IndexFieldDataService.java","22","0","2","4","193","256","0"
"elasticsearch","23022227d4c82c691ce03130de659d50f758cbe2","src/test/java/org/elasticsearch/indices/settings/UpdateSettingsTests.java","22","0","2","4","282","386","5"
"elasticsearch","2e2e345dcb90e1ec1c48c6bb5348469fc514aea1","src/test/java/org/elasticsearch/indices/settings/UpdateSettingsTests.java","22","0","2","4","284","388","6"
"elasticsearch","08f7caa56b3519f4569e82cdceb57dee14e19420","src/main/java/org/elasticsearch/common/unit/TimeValue.java","22","0","2","42","226","307","0"
"elasticsearch","fe9de7fba24897b0d608bc8c4d243f69476e6cb2","src/main/java/org/apache/lucene/queries/ExtendedCommonTermsQuery.java","22","0","2","5","123","177","0"
"BroadleafCommerce","49d12cffdc9aca461330ec8110c850319cf49ec0","admin/broadleaf-contentmanagement-module/src/main/java/org/broadleafcommerce/cms/admin/server/handler/StructuredContentTypeCustomPersistenceHandler.java","22","0","2","7","182","232","1"
"elasticsearch","dc900a08a6c6f346656105fa0e2484ed186f8461","core/src/main/java/org/elasticsearch/index/query/QueryParseContext.java","22","0","2","8","110","163","0"
"netty","23d017849429c18e1890b0a5799e5262df4f269f","common/src/main/java/io/netty/util/concurrent/MultithreadEventExecutorGroup.java","22","0","2","8","125","184","0"
"orientdb","d5de1f43a68d18cac57c872237e61e2da12355c5","client/src/main/java/com/orientechnologies/orient/client/remote/OServerAdmin.java","22","0","22","9","438","703","0"
"orientdb","694179bbd708b0a0ab131849e7132dbf55ba1a0b","client/src/main/java/com/orientechnologies/orient/client/remote/OServerAdmin.java","22","0","22","9","441","706","0"
"Android-Universal-Image-Loader","56f4df896682733c9979b348e46ba77494851304","library/src/com/nostra13/universalimageloader/core/ImageLoader.java","22","0","28","0","198","507","0"
"elasticsearch","1f04182b8164ffb19f3805c48d67f0375262b317","core/src/main/java/org/elasticsearch/action/admin/cluster/snapshots/create/CreateSnapshotRequest.java","22","0","28","3","232","484","0"
"elasticsearch","e1efd5f6baf8dec1c23c79b346b8a29f234a98bb","core/src/main/java/org/elasticsearch/action/admin/cluster/snapshots/create/CreateSnapshotRequest.java","22","0","28","4","232","484","0"
"netty","7049d8debb74c05a542233f5b28b1655b07da306","codec-http/src/main/java/io/netty/handler/codec/spdy/SpdyHttpEncoder.java","22","0","3","0","164","333","0"
"mcMMO","8dfa8c20f32e391c3d299abc51514a6601ed6e80","src/main/java/com/gmail/nossr50/skills/combat/Axes.java","22","0","3","1","110","180","4"
"hazelcast","2510ac6c3f371032d6aceabd20dac63be71957ee","hazelcast-client/src/test/java/com/hazelcast/client/test/TestClientRegistry.java","22","0","3","1","289","382","0"
"elasticsearch","becaff30a893e9ec8bf4e841e6c1df2a22f0979a","core/src/test/java/org/elasticsearch/index/IndexWithShadowReplicasIT.java","22","0","3","10","630","809","2"
"elasticsearch","701dc340a8eeabd059aec57140707c69e371142c","core/src/test/java/org/elasticsearch/index/IndexWithShadowReplicasIT.java","22","0","3","10","632","812","1"
"elasticsearch","eaffa975e540a939b69c99b8db7b9d4a9f45522d","core/src/test/java/org/elasticsearch/test/rest/client/http/HttpRequestBuilder.java","22","0","3","12","173","246","0"
"elasticsearch","923820c6c9b57031185e65d594de9eba771ae91b","core/src/test/java/org/elasticsearch/action/admin/indices/create/CreateIndexIT.java","22","0","3","13","398","504","2"
"elasticsearch","c97f4f38e7791075d920d245186c3f6e3cf1830a","core/src/test/java/org/elasticsearch/action/admin/indices/create/CreateIndexIT.java","22","0","3","13","403","507","0"
"neo4j","19fb0ceff8a8fedae97ae84256db8815670cf01c","community/bolt/src/main/java/org/neo4j/bolt/v1/runtime/internal/SessionStateMachine.java","22","0","3","13","503","663","1"
"hazelcast","2a0c927e78a54cd69f78bf72eedb256cabbc2eea","hazelcast-client/src/test/java/com/hazelcast/client/test/TestClientRegistry.java","22","0","3","14","287","380","1"
"hazelcast","facc7ce537ff0e3778b982b96cb35b5eab8e4163","hazelcast-client/src/test/java/com/hazelcast/client/test/TestClientRegistry.java","22","0","3","14","289","382","0"
"hazelcast","27d49efcee88ee428254cf38353e8698ea127c45","hazelcast-client/src/test/java/com/hazelcast/client/test/TestClientRegistry.java","22","0","3","15","300","391","1"
"elasticsearch","3b90906f4f5a14d662b85b72d48d39f1d06cc709","core/src/main/java/org/elasticsearch/discovery/zen/fd/NodesFaultDetection.java","22","0","3","16","259","366","1"
"neo4j","e585b240041e690c2d74b43946717eb090aceefe","community/kernel/src/main/java/org/neo4j/kernel/NeoStoreDataSource.java","22","0","3","16","832","1067","2"
"elasticsearch","4f7792e64b4ce29197e21486afd090f7187a23c4","src/test/java/org/elasticsearch/search/suggest/SuggestSearchTests.java","22","0","3","16","915","1118","0"
"elasticsearch","f79b28375d8e429d8de807a6c86ca25540c632d1","src/test/java/org/elasticsearch/search/suggest/SuggestSearchTests.java","22","0","3","16","916","1112","1"
"oryx","ba899dd5f05492b8c6e3e410d6a833c63392bf63","oryx-lambda-serving/src/main/java/com/cloudera/oryx/lambda/serving/ServingLayer.java","22","0","3","3","214","297","0"
"elasticsearch","37b294aaec640a1fa9b1a88d294cf273a3851fbf","src/main/java/org/elasticsearch/index/merge/policy/ElasticsearchMergePolicy.java","22","0","3","5","172","243","0"
"elasticsearch","28a7d639515a64bad6a9ae6302142604e5ffc965","src/main/java/org/elasticsearch/index/merge/policy/ElasticsearchMergePolicy.java","22","0","3","5","175","254","1"
"elasticsearch","91144fc92f80d02282c7b741787200539566d713","src/main/java/org/elasticsearch/common/lucene/search/Queries.java","22","0","3","6","107","170","0"
"elasticsearch","42b20d601fe2bcece29332a116031616b90d1323","src/main/java/org/elasticsearch/index/fielddata/IndexFieldDataService.java","22","0","3","6","193","250","1"
"elasticsearch","b7451533c893214caf754737036330d3dea892cd","src/main/java/org/elasticsearch/index/fielddata/IndexFieldDataService.java","22","0","3","6","196","253","0"
"elasticsearch","5a64f08f048461a63a0ca1354a5050c954e63d52","core/src/main/java/org/elasticsearch/cluster/routing/allocation/decider/EnableAllocationDecider.java","22","0","3","7","135","212","0"
"elasticsearch","0a69f1e283e26e5d9e6a000b68b9f4778de557a1","core/src/main/java/org/elasticsearch/cluster/routing/allocation/decider/EnableAllocationDecider.java","22","0","3","7","137","214","2"
"BroadleafCommerce","a2c4f2505ace4aa0175753c7b77c5e834b79456f","admin/broadleaf-contentmanagement-module/src/main/java/org/broadleafcommerce/cms/admin/server/handler/StructuredContentTypeCustomPersistenceHandler.java","22","0","3","7","189","244","1"
"netty","980d96cf581493124028bb60cc4dc213c3f2737e","codec-http/src/main/java/io/netty/handler/codec/http/websocketx/WebSocketClientHandshaker00.java","22","0","4","0","136","263","1"
"netty","b76c39318d8edf39759b25990edcc4ef26bb493a","codec-http/src/main/java/io/netty/handler/codec/http/websocketx/WebSocketClientHandshaker00.java","22","0","4","0","146","274","0"
"netty","a6c4f651a7772afb0410206908169901ff0bdc81","codec-http/src/main/java/io/netty/handler/codec/http/websocketx/WebSocketClientHandshaker00.java","22","0","4","0","150","278","0"
"netty","2d5028bfd6872f551bf33b9fba9b0dd416c0dd8f","codec-http/src/main/java/io/netty/handler/codec/http/websocketx/WebSocketClientHandshaker00.java","22","0","4","0","153","282","0"
"netty","f2d84f75d67cf2c1b89f5c6aebab999c29f26e73","codec-http/src/main/java/io/netty/handler/codec/http/websocketx/WebSocketClientHandshaker00.java","22","0","4","0","159","290","1"
"netty","3f72add89a41b3d94309bccb0d253515c0543b65","codec-http/src/main/java/io/netty/handler/codec/http/websocketx/WebSocketClientHandshaker00.java","22","0","4","0","160","292","0"
"netty","582c6be45668a829480a6543599dd5b842768962","codec-http/src/main/java/io/netty/handler/codec/http/websocketx/WebSocketClientHandshaker00.java","22","0","4","0","161","293","0"
"Android-Universal-Image-Loader","56f4df896682733c9979b348e46ba77494851304","library/src/com/nostra13/universalimageloader/utils/ImageSizeUtils.java","22","0","4","0","77","170","0"
"elasticsearch","072eb99c5a1346542ff2bf46a3b3579b8c4b0a86","core/src/main/java/org/elasticsearch/common/settings/SettingsModule.java","22","0","4","1","150","199","1"
"elasticsearch","d77c299cb9b2a55b47fff539b539ebb9846bd858","core/src/main/java/org/elasticsearch/common/settings/SettingsModule.java","22","0","4","1","151","204","0"
"netty","845a7c5753e42e0d38a1485c68d941cc9d54d93e","transport/src/main/java/io/netty/channel/socket/nio/NioSocketChannel.java","22","0","4","10","223","300","1"
"netty","ad0c456209d31522a7729acba2264b432326c5b2","transport/src/main/java/io/netty/channel/socket/nio/NioSocketChannel.java","22","0","4","10","225","302","0"
"elasticsearch","467a459f95d8709379bf3e7f415644b246a89dba","core/src/main/java/org/elasticsearch/search/internal/DefaultSearchContext.java","22","0","4","105","650","807","2"
"BroadleafCommerce","6297222359c8c4729ac01faaf7a4d0fcad0d33d5","common/src/main/java/org/broadleafcommerce/common/sandbox/domain/SandBoxImpl.java","22","0","4","11","161","217","0"
"elasticsearch","459d59a04ad4eb1671bac50a6faf3a7ad372d0e4","src/main/java/org/elasticsearch/search/suggest/phrase/DirectCandidateGenerator.java","22","0","4","14","203","264","1"
"elasticsearch","f39f9b9760c20af0205d80b370888ec4376efbfd","core/src/main/java/org/elasticsearch/discovery/zen/fd/NodesFaultDetection.java","22","0","4","16","264","376","0"
"neo4j","3531ccd0c175975b3e1372e68128f4404561f202","community/kernel/src/main/java/org/neo4j/kernel/NeoStoreDataSource.java","22","0","4","16","836","1073","1"
"hazelcast","7167c10b3f49d6952ccd3671ecde41c8fca10114","hazelcast/src/main/java/com/hazelcast/collection/impl/queue/QueueService.java","22","0","4","23","274","355","1"
"hazelcast","be4b268b9d19178068280a38ddcec1461009aa24","hazelcast/src/main/java/com/hazelcast/collection/impl/queue/QueueService.java","22","0","4","23","274","355","1"
"hazelcast","cd7e7d2bfdffe5b9a371163a7c002c03d7f7365e","hazelcast/src/main/java/com/hazelcast/collection/impl/queue/QueueService.java","22","0","4","23","274","355","1"
"hazelcast","4b12b31e4e2a868107895e53d6543fdc201f385c","hazelcast/src/main/java/com/hazelcast/collection/impl/queue/QueueService.java","22","0","4","23","274","355","0"
"hazelcast","82f1a5c6da6b8a3f431fe81b18e4866c0c5e2c9f","hazelcast/src/main/java/com/hazelcast/collection/impl/queue/QueueService.java","22","0","4","23","274","356","0"
"hazelcast","d568e4d926d925d57d4e79e34614390416749301","hazelcast/src/main/java/com/hazelcast/collection/impl/queue/QueueService.java","22","0","4","23","275","356","0"
"elasticsearch","e1efd5f6baf8dec1c23c79b346b8a29f234a98bb","core/src/main/java/org/elasticsearch/common/inject/assistedinject/FactoryProvider2.java","22","0","4","3","180","278","0"
"elasticsearch","064d27291630e189632b8ef654b1759417e3f8ff","src/main/java/org/elasticsearch/index/fielddata/plain/ShortArrayAtomicFieldData.java","22","0","4","33","546","715","0"
"elasticsearch","064d27291630e189632b8ef654b1759417e3f8ff","src/main/java/org/elasticsearch/index/fielddata/plain/FloatArrayAtomicFieldData.java","22","0","4","33","546","716","0"
"elasticsearch","064d27291630e189632b8ef654b1759417e3f8ff","src/main/java/org/elasticsearch/index/fielddata/plain/ByteArrayAtomicFieldData.java","22","0","4","33","546","717","0"
"elasticsearch","064d27291630e189632b8ef654b1759417e3f8ff","src/main/java/org/elasticsearch/index/fielddata/plain/IntArrayAtomicFieldData.java","22","0","4","33","547","715","0"
"elasticsearch","075779a39754d0b680fe7739d042f4360ec59f70","src/main/java/org/elasticsearch/index/fielddata/plain/ShortArrayAtomicFieldData.java","22","0","4","33","550","719","0"
"elasticsearch","075779a39754d0b680fe7739d042f4360ec59f70","src/main/java/org/elasticsearch/index/fielddata/plain/FloatArrayAtomicFieldData.java","22","0","4","33","550","720","0"
"elasticsearch","075779a39754d0b680fe7739d042f4360ec59f70","src/main/java/org/elasticsearch/index/fielddata/plain/ByteArrayAtomicFieldData.java","22","0","4","33","550","721","0"
"elasticsearch","075779a39754d0b680fe7739d042f4360ec59f70","src/main/java/org/elasticsearch/index/fielddata/plain/IntArrayAtomicFieldData.java","22","0","4","33","551","719","0"
"mcMMO","70231b6ae0c1807324ad9bd9ccdea88c1b2357ab","src/main/java/com/gmail/nossr50/commands/CommandHelper.java","22","0","4","5","103","161","0"
"elasticsearch","371c73e14023917f3892090d2d3d7ff9ac1216b9","core/src/main/java/org/elasticsearch/discovery/zen/elect/ElectMasterService.java","22","0","4","6","126","183","3"
"elasticsearch","78574d248cf10dad1c5a566fda79e1e0c94afe43","core/src/main/java/org/elasticsearch/discovery/zen/elect/ElectMasterService.java","22","0","4","6","126","183","2"
"elasticsearch","e6aaaf11ed4a1b8f595f920de1840938eddb7a97","core/src/main/java/org/elasticsearch/discovery/zen/elect/ElectMasterService.java","22","0","4","6","126","183","2"
"elasticsearch","a60b8948ba1d836a6eac7cff095519e618939ed8","core/src/main/java/org/elasticsearch/discovery/zen/elect/ElectMasterService.java","22","0","4","6","126","183","0"
"elasticsearch","d07c5a5c3236008cc392fbe210c8794f5547c1e7","src/main/java/org/elasticsearch/index/fielddata/IndexFieldDataService.java","22","0","4","6","205","265","2"
"antlr4","fab3a8310752dd71ec9e06ff5b043aca54a95110","tool/src/org/antlr/v4/tool/Alternative.java","22","0","4","6","87","164","0"
"hazelcast","d38202141395360399c9cf97d4453adf5b1581e1","hazelcast/src/main/java/com/hazelcast/map/impl/MapKeyLoader.java","22","0","4","8","267","368","1"
"BroadleafCommerce","1d6d9e9d14cd95417746ef0404084f9e3346758f","core/broadleaf-framework/src/main/java/org/broadleafcommerce/core/offer/domain/OfferImpl.java","22","0","4","81","698","863","1"
"elasticsearch","821021f0e478ca44d828e62c139ea19f0fd7290a","core/src/main/java/org/elasticsearch/search/internal/DefaultSearchContext.java","22","0","4","90","584","726","1"
"Android-Universal-Image-Loader","f82bf5665e11c3f59118e52aa63f7da17cc517c1","library/src/com/nostra13/universalimageloader/utils/ImageSizeUtils.java","22","0","5","0","94","202","1"
"netty","91b378005461b85f965aa296daa087bc009b9da0","transport/src/main/java/io/netty/channel/socket/nio/NioSocketChannel.java","22","0","5","10","238","325","0"
"netty","dcfdad9e9ec90a4b90567cfe081a3b802946912c","transport/src/main/java/io/netty/channel/socket/nio/NioSocketChannel.java","22","0","5","10","241","333","0"
"netty","702ebbc19b6c1c7a95e06ba1abd8a62cc48e6907","transport/src/main/java/io/netty/channel/socket/nio/NioSocketChannel.java","22","0","5","10","246","335","0"
"netty","20ef4690e74a7a5007468815f070a6c1f5074d0d","transport/src/main/java/io/netty/channel/socket/nio/NioSocketChannel.java","22","0","5","10","248","337","0"
"orientdb","16079d38520f313144dee6a6a97982d94402b763","core/src/main/java/com/orientechnologies/orient/core/metadata/sequence/OSequence.java","22","0","5","16","203","271","1"
"orientdb","ea1339b2d74756f4efec13f3bb59c93a0a409b47","core/src/main/java/com/orientechnologies/orient/core/metadata/sequence/OSequence.java","22","0","5","18","209","301","0"
"orientdb","30020c171c46dce3e0768aaff89db4df0dd2ae72","core/src/main/java/com/orientechnologies/orient/core/metadata/sequence/OSequence.java","22","0","5","18","210","302","1"
"junit","8440169a16f2eec18a869dc5804e3686aafb25d8","src/main/java/org/junit/runners/ParentRunner.java","22","0","5","2","213","384","1"
"junit","d3de6079892fa89aa46386c0369a29b4ef9e9e3c","src/main/java/org/junit/runners/ParentRunner.java","22","0","5","2","213","386","1"
"netty","63a02fc04e6ce45aee38b0437ae0279880e5fe40","codec-dns/src/main/java/io/netty/handler/codec/dns/DnsResponseCode.java","22","0","5","3","100","217","0"
"hazelcast","3e9f0a4fe67f397b79d6244ff49cfc7cec656c1d","hazelcast/src/main/java/com/hazelcast/util/ExceptionUtil.java","22","0","5","4","121","191","1"
"elasticsearch","94087b3274c1f4c98c100886e4ad9aefd32c4582","core/src/main/java/org/elasticsearch/search/collapse/CollapseBuilder.java","22","0","5","9","143","205","0"
"elasticsearch","2bd09c4625898d77aa6c015c6f82cf973ed18cb7","core/src/main/java/org/elasticsearch/index/query/AbstractQueryBuilder.java","22","0","5","9","188","281","1"
"hazelcast","0856040bd31da530442f4ecce1af5d5a1dc308b5","hazelcast-wm/src/main/java/com/hazelcast/web/ClusteredSessionService.java","22","0","6","0","214","352","1"
"hazelcast","58439dcfa60165cca74369e88a0bdef376125c08","hazelcast-wm/src/main/java/com/hazelcast/web/ClusteredSessionService.java","22","0","6","0","214","353","3"
"hazelcast","2e2304ed0ef1fb5ebc1cbf48c4fef059a2f4daff","hazelcast-wm/src/main/java/com/hazelcast/web/ClusteredSessionService.java","22","0","6","0","214","354","2"
"hazelcast","eaad1b49b604c0621ebc8a47680eec80cd36dfc9","hazelcast/src/main/java/com/hazelcast/spi/impl/proxyservice/impl/ProxyRegistry.java","22","0","6","1","154","254","1"
"hazelcast","ee426879c93629b6631207f2ebd08dbd3dff71e3","hazelcast/src/main/java/com/hazelcast/spi/impl/proxyservice/impl/ProxyRegistry.java","22","0","6","1","154","254","1"
"hazelcast","a756afd60beecb08c3949ef6f77345b2bb480230","hazelcast/src/main/java/com/hazelcast/spi/impl/proxyservice/impl/ProxyRegistry.java","22","0","6","1","154","254","0"
"hazelcast","b8562acc26e5d6ed319ac5e19466995dd2d664f9","hazelcast/src/main/java/com/hazelcast/spi/impl/proxyservice/impl/ProxyRegistry.java","22","0","6","1","155","256","0"
"hazelcast","1fe96203a2dd52f5057ce2e4d18776fd8821c723","hazelcast-client/src/test/java/com/hazelcast/client/listeners/AbstractListenersOnReconnectTest.java","22","0","6","13","439","585","0"
"hazelcast","7d73d12ac89b4f0601988bb421238cc14d6aab4c","hazelcast-client/src/test/java/com/hazelcast/client/listeners/AbstractListenersOnReconnectTest.java","22","0","6","13","446","593","0"
"hazelcast","42dd3075109d59f1b6847b7a6165b609299cc9d3","hazelcast-wm/src/main/java/com/hazelcast/web/ClusteredSessionService.java","22","0","6","2","210","347","1"
"hazelcast","33e26506f4466fba25eefee59df80b654a60af62","hazelcast-wm/src/main/java/com/hazelcast/web/ClusteredSessionService.java","22","0","6","2","210","348","2"
"elasticsearch","9d10ffd54763675f1147f6a3024388d202185bdd","core/src/main/java/org/elasticsearch/index/shard/PrimaryReplicaSyncer.java","22","0","6","26","332","430","0"
"elasticsearch","22e63b478306fb3cab6ba8967db6e1f2b73cdfd8","core/src/main/java/org/elasticsearch/action/support/ActiveShardCount.java","22","0","6","5","129","202","1"
"mct","4b928a3e7866920c5fe1cb5f34b82d667b840e21","exampleplugin/src/main/java/org/acme/example/view/ShowChildrenInTableView.java","22","0","6","5","240","364","0"
"neo4j","2b261bd9bb532f283b2caed9b2d9eb4992e677b4","community/kernel/src/main/java/org/neo4j/kernel/impl/store/PropertyType.java","22","0","6","5","335","418","1"
"neo4j","7b2448cc0e0458ff28042a7b4980d28d6cb19758","community/kernel/src/main/java/org/neo4j/kernel/impl/store/PropertyType.java","22","0","6","5","336","419","0"
"elasticsearch","0dfc2169d7691a0106c94e7f060d0398cec243be","src/main/java/org/elasticsearch/common/lucene/spatial/prefix/tree/SpatialPrefixTree.java","22","0","6","6","136","232","0"
"mcMMO","fba131936a2abc0321cdae0240b21b92d9254b11","src/main/java/com/gmail/nossr50/util/Misc.java","22","0","6","7","130","210","1"
"netty","bd8c4fe05005ade9542c036d6c8e80273fd0606b","common/src/main/java/io/netty/util/internal/SystemPropertyUtil.java","22","0","7","0","111","209","0"
"elasticsearch","0cf1d16187fcf10e9d0e64402bb6d0ebba5d7b80","core/src/main/java/org/elasticsearch/index/query/BoostingQueryBuilder.java","22","0","7","2","156","239","1"
"elasticsearch","6c3beaa2ebe4921474addf07ce3aa02a3cb7f915","core/src/main/java/org/elasticsearch/index/query/BoostingQueryBuilder.java","22","0","7","2","162","246","0"
"elasticsearch","371c73e14023917f3892090d2d3d7ff9ac1216b9","core/src/main/java/org/elasticsearch/index/query/BoostingQueryBuilder.java","22","0","7","2","163","244","3"
"elasticsearch","78574d248cf10dad1c5a566fda79e1e0c94afe43","core/src/main/java/org/elasticsearch/index/query/BoostingQueryBuilder.java","22","0","7","2","163","244","2"
"elasticsearch","e6aaaf11ed4a1b8f595f920de1840938eddb7a97","core/src/main/java/org/elasticsearch/index/query/BoostingQueryBuilder.java","22","0","7","2","163","244","2"
"elasticsearch","a60b8948ba1d836a6eac7cff095519e618939ed8","core/src/main/java/org/elasticsearch/index/query/BoostingQueryBuilder.java","22","0","7","2","163","244","0"
"hazelcast","ddd3c8beff04b04dc146b44e47ec2bd9350ac5e4","hazelcast/src/test/java/com/hazelcast/collection/impl/queue/QueueStoreTest.java","22","0","7","24","498","665","0"
"netty","985fa97c9be85270a304d385774593f6ee20fa31","common/src/main/java/io/netty/util/internal/SystemPropertyUtil.java","22","0","8","0","109","214","0"
"elasticsearch","ff6b605778c38613c35f5dd4fec78b482f8c075d","src/main/java/org/elasticsearch/gateway/MetaDataStateFormat.java","22","0","8","0","231","349","1"
"hazelcast","10c1d716875f74726880b9c76d342698affe98c0","hazelcast/src/main/java/com/hazelcast/spi/impl/proxyservice/impl/ProxyRegistry.java","22","0","8","1","159","270","1"
"netty","52bbfd3310aaa45996673749c66b3137893c5849","handler/src/main/java/io/netty/handler/ssl/OpenSslClientContext.java","22","0","8","1","185","328","1"
"netty","88dbd96376b7878bf4eec217da158419692fae17","handler/src/main/java/io/netty/handler/ssl/OpenSslClientContext.java","22","0","8","1","197","352","0"
"elasticsearch","d73e17c103e9c6a763209994dcf85f3ab2335356","core/src/main/java/org/elasticsearch/index/query/SpanNearQueryBuilder.java","22","0","8","2","160","237","0"
"netty","a31f36d9331abac1125f397cde8cdcdf6c2cbcf8","common/src/main/java/io/netty/util/internal/ThreadLocalRandom.java","22","0","8","2","168","341","0"
"elasticsearch","371c73e14023917f3892090d2d3d7ff9ac1216b9","core/src/main/java/org/elasticsearch/index/query/MatchPhraseQueryBuilder.java","22","0","8","3","162","231","3"
"elasticsearch","78574d248cf10dad1c5a566fda79e1e0c94afe43","core/src/main/java/org/elasticsearch/index/query/MatchPhraseQueryBuilder.java","22","0","8","3","162","231","2"
"elasticsearch","e6aaaf11ed4a1b8f595f920de1840938eddb7a97","core/src/main/java/org/elasticsearch/index/query/MatchPhraseQueryBuilder.java","22","0","8","3","162","231","2"
"elasticsearch","a60b8948ba1d836a6eac7cff095519e618939ed8","core/src/main/java/org/elasticsearch/index/query/MatchPhraseQueryBuilder.java","22","0","8","3","162","231","0"
"elasticsearch","42a7a554b1d279f102a2e0842279bd927bb8e711","core/src/main/java/org/elasticsearch/cluster/routing/allocation/AllocationService.java","22","0","8","4","255","397","1"
"elasticsearch","6752e870523bce9522c189842f93b36da0a0abc6","src/test/java/org/elasticsearch/repositories/azure/AzureSnapshotRestoreITest.java","22","0","8","5","351","479","0"
"netty","7cf7d7455d17c7a30266edef6bc6b21b9b86cf03","transport/src/main/java/io/netty/channel/ChannelFlushPromiseNotifier.java","22","0","9","0","142","244","0"
"BroadleafCommerce","c39c374323b58f14d0638f3b07392dfe5fc5fa5a","core/broadleaf-framework-web/src/main/java/org/broadleafcommerce/core/web/controller/cart/BroadleafCartController.java","22","0","9","3","165","339","3"
"BroadleafCommerce","46d66f8cd58af3693e041a38fd820808c7ea7ea2","common/src/main/java/org/broadleafcommerce/common/web/BroadleafRequestContext.java","22","0","9","30","225","349","0"
"BroadleafCommerce","9f8e041ade4d26cbc3844ff5b57fc4cf76a1cf53","common/src/main/java/org/broadleafcommerce/common/web/BroadleafRequestContext.java","22","0","9","32","215","339","0"
"elasticsearch","062abf813b16d94a0485e28286c2d8040cfc4990","core/src/main/java/org/elasticsearch/action/fieldstats/FieldStats.java","22","0","9","44","368","515","2"
"netty","e6ca9882a107c34cf6358c8d7a68561025f06016","codec-http/src/main/java/io/netty/handler/codec/http/HttpHeaders.java","22","0","95","2","607","1708","1"
"netty","ba6ce5449ee852b782dde9a11933f6a09b123e22","codec-http/src/main/java/io/netty/handler/codec/http/HttpHeaders.java","22","0","99","1","532","1657","0"
"ceylon-ide-eclipse","64a391fbabba6b9bc6b553abfa42466e0ca9673d","plugins/com.redhat.ceylon.eclipse.ui/src/com/redhat/ceylon/eclipse/code/complete/InvocationCompletionProposal.java","220","0","0","0","1249","1395","0"
"netty","8a9e602a663c77af2e7e521ca4a9a7f38fc54262","transport/src/main/java/io/netty/channel/DefaultChannelHandlerContext.java","220","0","0","0","1450","1749","1"
"netty","fcd6becad90515db7c7cc3b3ae2aed481e826eed","transport/src/main/java/io/netty/channel/DefaultChannelHandlerContext.java","220","0","0","0","1464","1750","0"
"netty","18dca2a8a48a5cd872d6d889c7bceeb6eb65a08e","transport/src/main/java/io/netty/channel/DefaultChannelHandlerContext.java","220","0","0","0","1526","1760","0"
"netty","58bfd6bf3bb0ede4c275c3cc91f282cc5e24f928","transport/src/main/java/io/netty/channel/DefaultChannelHandlerContext.java","220","0","0","0","1527","1760","0"
"orientdb","57a9242cddd76dcfce0bd80832c9e8506ad62cc5","core/src/main/java/com/orientechnologies/orient/core/db/tool/ODatabaseImport.java","220","0","1","17","1147","1503","3"
"orientdb","1089957b645bde069d3864563bbf1f7c7da8045c","core/src/main/java/com/orientechnologies/orient/core/db/tool/ODatabaseImport.java","220","0","1","17","1150","1507","2"
"elasticsearch","b4512cd4715f62ea3a1a21db328f44d130343755","src/main/java/org/elasticsearch/index/engine/robin/RobinEngine.java","220","0","1","22","1202","1437","0"
"elasticsearch","2c274e59d574a6c47710d4001478ddf3fd173def","src/main/java/org/elasticsearch/index/engine/robin/RobinEngine.java","220","0","1","22","1208","1447","0"
"hazelcast","3c0d004cd2212a6fab519551c45461a19256accc","hazelcast/src/main/java/com/hazelcast/cache/impl/AbstractCacheRecordStore.java","220","0","1","37","1327","1497","0"
"BroadleafCommerce","11b9bbc3f26a276b1394b183501971f50b0bc40a","admin/broadleaf-open-admin-platform/src/main/java/org/broadleafcommerce/openadmin/server/dao/provider/metadata/BasicFieldMetadataProvider.java","220","0","1","4","784","848","1"
"BroadleafCommerce","2891474d9925e8c6c6070d30a0bdeb615716b3ff","admin/broadleaf-open-admin-platform/src/main/java/org/broadleafcommerce/openadmin/server/service/persistence/module/BasicPersistenceModule.java","220","0","1","47","1198","1388","2"
"BroadleafCommerce","01d47431828fa3e79dc5494ebca6d57494c68002","admin/broadleaf-open-admin-platform/src/main/java/org/broadleafcommerce/openadmin/server/service/persistence/module/BasicPersistenceModule.java","220","0","1","47","1199","1390","2"
"BroadleafCommerce","b59692373bd2e17a0ce87ea0127e54b35e0d24d8","admin/broadleaf-open-admin-platform/src/main/java/org/broadleafcommerce/openadmin/server/service/persistence/module/BasicPersistenceModule.java","220","0","1","47","1199","1395","2"
"elasticsearch","698eb7de9b3b0da7ce8ee8f6ac8efcb38947bbdb","src/main/java/org/elasticsearch/cluster/metadata/MetaData.java","220","0","17","70","1048","1368","4"
"elasticsearch","25bce1db5ddbaada99e87fc76ae1ab3125228441","src/main/java/org/elasticsearch/index/engine/internal/InternalEngine.java","220","0","2","24","1434","1784","3"
"elasticsearch","37b294aaec640a1fa9b1a88d294cf273a3851fbf","src/main/java/org/elasticsearch/index/engine/internal/InternalEngine.java","220","0","2","24","1446","1798","0"
"orientdb","2840027a80a6b78075eb44a05e26cab836ee9e03","object/src/main/java/com/orientechnologies/orient/object/enhancement/OObjectProxyMethodHandler.java","220","0","4","9","757","878","1"
"ceylon-ide-eclipse","86f26fa537e183c4a48c2adbef4b49cf726e931d","plugins/com.redhat.ceylon.eclipse.ui/src/com/redhat/ceylon/eclipse/code/complete/InvocationCompletionProposal.java","221","0","0","0","1276","1426","1"
"ceylon-ide-eclipse","c5c15a0b33245f13d9fc7d44db226c0458005f73","plugins/com.redhat.ceylon.eclipse.ui/src/com/redhat/ceylon/eclipse/code/complete/InvocationCompletionProposal.java","221","0","0","0","1280","1431","0"
"MapDB","0f50921e0ef3d536569b31c370ba8d66c744bde7","src/main/java/org/mapdb/StoreDirect.java","221","0","0","16","856","1190","3"
"hazelcast","8fecaad4a309ad783a71cc286285af359ff62b75","hazelcast-spring/src/main/java/com/hazelcast/spring/HazelcastConfigBeanDefinitionParser.java","221","0","1","0","1103","1233","1"
"hazelcast","a8cbf1a57f1c6ae5f9622b5e46391aca1b50be2c","hazelcast-spring/src/main/java/com/hazelcast/spring/HazelcastConfigBeanDefinitionParser.java","221","0","1","0","1107","1238","0"
"hazelcast","23f1d9d53622d23a2234bef66fe1bcd67dd21f3a","hazelcast/src/main/java/com/hazelcast/cache/impl/AbstractCacheRecordStore.java","221","0","1","37","1329","1499","0"
"BroadleafCommerce","89fb889fc18e35935457c19f3f785dc86635b31d","admin/broadleaf-open-admin-platform/src/main/java/org/broadleafcommerce/openadmin/server/service/persistence/module/BasicPersistenceModule.java","221","0","1","47","1202","1392","3"
"orientdb","69b62c92baccdfdd79a06d402611864248139a72","object/src/main/java/com/orientechnologies/orient/object/enhancement/OObjectProxyMethodHandler.java","221","0","4","9","759","880","0"
"netty","256c931db20fbfaf597e501b74a34fd850c7f948","transport/src/main/java/io/netty/channel/DefaultChannelHandlerContext.java","222","0","0","0","1459","1745","0"
"orientdb","040b05508933cf63ab4302ba24753d268640088c","core/src/main/java/com/orientechnologies/orient/core/db/tool/ODatabaseImport.java","222","0","1","17","1162","1519","2"
"ceylon-ide-eclipse","2ee5e25bb057e5aee20aff9887253a534b633731","plugins/com.redhat.ceylon.eclipse.ui/src/com/redhat/ceylon/eclipse/util/JavaSearch.java","222","0","1","21","1164","1238","0"
"elasticsearch","d4873bd6a58b3aaac4350c194b2fa3b6bbc6cfa7","src/main/java/org/elasticsearch/index/engine/robin/RobinEngine.java","222","0","1","23","1357","1609","1"
"hazelcast","5fecf8dbd363df52a8451f5af1c36dc49cfb937b","hazelcast/src/main/java/com/hazelcast/cache/impl/AbstractCacheRecordStore.java","222","0","1","37","1331","1501","0"
"BroadleafCommerce","4c0a8b2c4bddabc4e97467c8022161826c630c8c","admin/broadleaf-open-admin-platform/src/main/java/org/broadleafcommerce/openadmin/server/dao/provider/metadata/BasicFieldMetadataProvider.java","222","0","1","4","788","852","0"
"BroadleafCommerce","3ff8d6172e8a8daa788bca466a0ef09851d994cf","admin/broadleaf-open-admin-platform/src/main/java/org/broadleafcommerce/openadmin/server/service/persistence/module/BasicPersistenceModule.java","222","0","1","47","1198","1398","1"
"BroadleafCommerce","2c8770043fcb542de361140678930c1249469c47","admin/broadleaf-open-admin-platform/src/main/java/org/broadleafcommerce/openadmin/server/service/persistence/module/BasicPersistenceModule.java","222","0","1","48","1213","1411","1"
"orientdb","56f9bf3a10535e331c512f9852b1779bbc1d38b0","core/src/main/java/com/orientechnologies/orient/core/db/tool/ODatabaseImport.java","223","0","1","17","1141","1498","0"
"elasticsearch","2ba7c1d4a1844edb44cbea1a90a8e4652508b68d","src/main/java/org/elasticsearch/index/engine/robin/RobinEngine.java","223","0","1","24","1377","1631","0"
"hazelcast","fc6ab479ed9fab4939bf5f91fe3773e46310610d","hazelcast/src/main/java/com/hazelcast/cache/impl/AbstractCacheRecordStore.java","223","0","1","38","1329","1498","0"
"orientdb","6fdc17421dd682b30aef282fdda3d7f0db88d754","core/src/main/java/com/orientechnologies/orient/core/metadata/schema/OType.java","223","0","10","10","528","728","3"
"orientdb","5cb7ddceeec3056741233faa775e7c978b9e38f9","core/src/main/java/com/orientechnologies/orient/core/metadata/schema/OType.java","223","0","10","10","544","754","1"
"elasticsearch","233aaa63c9804c58c26b7080b017bc273e462cca","src/main/java/org/elasticsearch/cluster/metadata/MetaData.java","223","0","17","70","1061","1371","3"
"elasticsearch","04c16b7ba5658c928b9bdd7201ef41ab151540ae","src/main/java/org/elasticsearch/cluster/metadata/MetaData.java","223","0","19","70","1064","1381","2"
"orientdb","b31b75faa4beaa383d3781795ae1b04a84536f64","graphdb/src/main/java/com/tinkerpop/blueprints/impls/orient/OrientBaseGraph.java","223","0","76","13","1221","2233","2"
"MapDB","46a2e9543526d5010559fb4d951465ecc2289873","src/main/java/org/mapdb/StoreDirect.java","224","0","0","16","862","1196","1"
"elasticsearch","71eb4532f86443f2f241badbc4b7c5b4a1878fee","src/main/java/org/elasticsearch/index/engine/robin/RobinEngine.java","224","0","1","24","1379","1636","0"
"elasticsearch","30d7b8de2fa043bdca3ca55026aa74f06d404a76","src/main/java/org/elasticsearch/index/engine/internal/InternalEngine.java","224","0","1","24","1381","1642","0"
"hazelcast","525c34cddd7f4e08d674611e177bab103e4d1881","hazelcast/src/main/java/com/hazelcast/examples/TestApp.java","224","0","1","29","1124","1283","1"
"hazelcast","82fcc4c7c87097d1719bb56112aec0fafdb6bc0e","hazelcast/src/main/java/com/hazelcast/examples/TestApp.java","224","0","1","29","1125","1284","0"
"MapDB","d618dfbd73032469c072981c498d4063c45e3834","src/main/java/org/mapdb/SerializerBase.java","224","0","2","8","1710","2213","1"
"MapDB","08d7a93a7ac840233080a7d566d4cd882226d2a5","src/main/java/org/mapdb/DB.java","224","0","95","63","1695","2690","0"
"MapDB","b71905ee72ca692a1b3092807755917ac955a0f0","src/main/java/org/mapdb/DB.java","224","0","98","63","1717","2735","1"
"elasticsearch","1441fec0687d9af1b3eb17a6cc7286bab495d01f","src/main/java/org/elasticsearch/index/engine/internal/InternalEngine.java","225","0","1","24","1389","1653","2"
"mcMMO","9bd4a0a70762b8a2c01198511b1b8ccf2a36bbd8","src/main/java/com/gmail/nossr50/skills/Fishing.java","225","0","1","4","768","835","1"
"mcMMO","299f440f637b05e243d2e72810475d8f9d488a65","src/main/java/com/gmail/nossr50/skills/Fishing.java","225","0","1","4","769","836","0"
"orientdb","a1eed89dcfdc303c846b0d6159189f720c1bade8","core/src/main/java/com/orientechnologies/orient/core/storage/cache/local/OWOWCache.java","225","0","5","39","1483","1932","1"
"netty","6dbb610f5b5db1851af0e15b77857a071d84f959","common/src/main/java/io/netty/util/AsciiString.java","225","0","71","26","1058","1784","2"
"netty","2fefb2f79c30bcda5b43815d64174aac900e740c","common/src/main/java/io/netty/util/AsciiString.java","225","0","71","26","1058","1785","2"
"netty","4dd462d0b501d15ec5b1adba2438d9d2a3c106cb","transport/src/main/java/io/netty/channel/DefaultChannelHandlerContext.java","226","0","0","0","1470","1771","0"
"orientdb","8f9869e9aa008fe88b0e42acd1b9033a777768bd","core/src/main/java/com/orientechnologies/orient/core/db/tool/ODatabaseImport.java","226","0","1","17","1180","1543","0"
"orientdb","99be7200509211d42be9e3bf6b9e003d6d2216dd","graphdb/src/main/java/com/tinkerpop/blueprints/impls/orient/OrientVertex.java","226","0","28","5","712","1198","0"
"ceylon-ide-eclipse","d97dcb889258ac748139dde5679efa447466d141","plugins/com.redhat.ceylon.eclipse.ui/src/com/redhat/ceylon/eclipse/code/complete/InvocationCompletionProposal.java","227","0","0","0","1294","1441","1"
"ceylon-ide-eclipse","97822afc1ab2d5dd03b278b3f862b1680c7eaca3","plugins/com.redhat.ceylon.eclipse.ui/src/com/redhat/ceylon/eclipse/code/complete/CodeCompletions.java","227","0","0","19","1077","1193","1"
"elasticsearch","c3784326ebbf049256659969fd4fcc4648714455","core/src/main/java/org/elasticsearch/index/engine/InternalEngine.java","227","0","0","29","1562","1979","2"
"orientdb","2cecf185cd655dab83fe4d7e938b509503df5e7d","core/src/main/java/com/orientechnologies/orient/core/storage/cache/local/OWOWCache.java","227","0","5","39","1487","1943","2"
"orientdb","1f749ce2afd5f38399035921327598cb6dfef622","core/src/main/java/com/orientechnologies/orient/core/storage/cache/local/OWOWCache.java","227","0","5","39","1489","1944","0"
"orientdb","c485e5166f00c407b7dd38544eeff1da178222ce","core/src/main/java/com/orientechnologies/orient/core/storage/cache/local/OWOWCache.java","227","0","5","39","1490","1942","0"
"orientdb","2767a54ee6308493e6a69b4b2951d8d2252bfd6b","core/src/main/java/com/orientechnologies/orient/core/storage/cache/local/OWOWCache.java","227","0","5","39","1491","1943","0"
"antlr4","7525bb6e1dd6d8f68796789dc5f48a6108e7fef6","runtime/Java/src/org/antlr/v4/runtime/atn/ParserATNSimulator.java","227","0","9","22","873","1436","1"
"BroadleafCommerce","eb2d314a8d4af455b5dd36fbb5f694d34db480b0","admin/broadleaf-open-admin-platform/src/main/java/org/broadleafcommerce/openadmin/web/service/FormBuilderServiceImpl.java","228","0","1","21","1157","1486","10"
"netty","3785ca9311270763119a81bc2048e23ce2be0ef7","handler/src/main/java/io/netty/handler/ssl/OpenSslEngine.java","228","0","4","32","1334","1755","1"
"netty","7090d1331c327f9093ef260f9d0e3eef1a3d6715","handler/src/main/java/io/netty/handler/ssl/OpenSslEngine.java","228","0","4","32","1339","1765","0"
"orientdb","7d2aee9fd2e8e99c9eeefc670530ad0be147192d","core/src/main/java/com/orientechnologies/orient/core/storage/cache/local/OWOWCache.java","228","0","5","39","1492","1949","1"
"ceylon-ide-eclipse","64a391fbabba6b9bc6b553abfa42466e0ca9673d","plugins/com.redhat.ceylon.eclipse.ui/src/com/redhat/ceylon/eclipse/code/correct/CeylonCorrectionProcessor.java","229","0","0","11","1403","1522","0"
"elasticsearch","ab1636d54790182f9f2a58ffaada9970c1818440","core/src/main/java/org/elasticsearch/index/engine/InternalEngine.java","229","0","0","29","1566","1997","0"
"elasticsearch","9d10ffd54763675f1147f6a3024388d202185bdd","core/src/main/java/org/elasticsearch/index/engine/InternalEngine.java","229","0","0","29","1569","2000","0"
"elasticsearch","620536f85038d68522103d9cd91e4f3377773feb","core/src/main/java/org/elasticsearch/index/engine/InternalEngine.java","229","0","0","29","1571","2002","1"
"netty","a06708f81bc69ae6fbbe2638b25e7eee922f5efc","handler/src/main/java/io/netty/handler/ssl/OpenSslEngine.java","229","0","4","32","1335","1763","1"
"orientdb","283e1d202ea10c89bae57752ba16cab25e96d05f","graphdb/src/main/java/com/tinkerpop/blueprints/impls/orient/OrientBaseGraph.java","229","0","76","13","1195","2203","2"
"elasticsearch","3f18487afa4156c8418922256ed5583dfeafb716","core/src/main/java/org/elasticsearch/index/mapper/FieldTypeLookup.java","23","0","0","0","116","182","2"
"netty","d9d8acf3311590f31197893427c6a24c5fe485ba","transport/src/main/java/io/netty/channel/socket/nio/AbstractNioByteChannel.java","23","0","0","0","118","161","0"
"elasticsearch","2b3760f78b26817b5a2030aa27b1ddf2f17462f6","modules/reindex/src/main/java/org/elasticsearch/index/reindex/remote/RemoteRequestBuilders.java","23","0","0","0","124","164","1"
"elasticsearch","904dcc71270b7b2e984a7f897e2c2680775b1112","modules/reindex/src/main/java/org/elasticsearch/index/reindex/remote/RemoteRequestBuilders.java","23","0","0","0","124","164","1"
"elasticsearch","51d53791fe71c9cb62bc992588a57cdfb500383f","modules/reindex/src/main/java/org/elasticsearch/index/reindex/remote/RemoteRequestBuilders.java","23","0","0","0","124","164","0"
"elasticsearch","2aa89820f3ee2bcaff02d05e9740b478c07f054d","client/rest/src/main/java/org/elasticsearch/client/RequestLogger.java","23","0","0","0","126","175","0"
"hazelcast","d568e4d926d925d57d4e79e34614390416749301","hazelcast/src/main/java/com/hazelcast/internal/serialization/impl/DataSerializableSerializer.java","23","0","0","0","157","206","0"
"netty","5986c229c463f064e7b787a4547c0689d2302a03","buffer/src/main/java/io/netty/buffer/PoolChunkList.java","23","0","0","0","162","235","0"
"netty","1c57e3830c38187eb39e53b21a7b9a9bdf896e90","transport/src/main/java/io/netty/channel/ChannelOutboundBuffer.java","23","0","0","0","172","239","1"
"netty","963376990927b1169304ccad7546168a74d012bf","transport/src/main/java/io/netty/channel/ChannelOutboundBuffer.java","23","0","0","0","172","239","1"
"netty","734ec51ac9440a4a61950cfc82580b94cf05cbe9","transport/src/main/java/io/netty/channel/ChannelOutboundBuffer.java","23","0","0","0","172","239","0"
"elasticsearch","2bd09c4625898d77aa6c015c6f82cf973ed18cb7","core/src/main/java/org/elasticsearch/action/search/SearchScrollQueryThenFetchAsyncAction.java","23","0","0","0","185","227","0"
"elasticsearch","9738ef3a90bec148abbe55dec6f6183190fa4713","core/src/main/java/org/elasticsearch/action/search/SearchScrollQueryThenFetchAsyncAction.java","23","0","0","0","185","227","0"
"elasticsearch","3d13c27fa0df12018f35f1b20987c90277e9b6f9","core/src/main/java/org/elasticsearch/action/search/SearchScrollQueryThenFetchAsyncAction.java","23","0","0","0","185","227","1"
"hazelcast","65df300ddcacf2cee04f1eee8f75731e147decbf","hazelcast-client/src/main/java/com/hazelcast/client/spi/impl/ClientMembershipListener.java","23","0","0","0","185","229","2"
"hazelcast","3eb746e655f8bd4a99b06a4612489c7f1c7c1ddf","hazelcast-client/src/main/java/com/hazelcast/client/spi/impl/ClientMembershipListener.java","23","0","0","0","186","232","1"
"elasticsearch","25fd9e26c4fb042d6f6dea14efcd239577bdbbc4","core/src/main/java/org/elasticsearch/action/search/SearchScrollQueryThenFetchAsyncAction.java","23","0","0","0","187","229","0"
"hazelcast","1db7424d387f04d32e0bea688b1d0337c6f88c11","hazelcast-client/src/main/java/com/hazelcast/client/spi/impl/ClientMembershipListener.java","23","0","0","0","191","239","3"
"hazelcast","6b2fbbcb689c6b1a6da417d3f63067528bb1ae86","hazelcast-client/src/main/java/com/hazelcast/client/spi/impl/ClientMembershipListener.java","23","0","0","0","191","239","1"
"hazelcast","934929958888f0ee66fecccaadf2e7181cbaa9c2","hazelcast-client/src/main/java/com/hazelcast/client/spi/impl/ClientMembershipListener.java","23","0","0","0","191","239","3"
"hazelcast","a1304b28474affba4112e799770a0b9dae6c71b6","hazelcast-client/src/main/java/com/hazelcast/client/spi/impl/ClientMembershipListener.java","23","0","0","0","191","239","3"
"hazelcast","be04b42ccbb3239c325c8ceb1102ac2013d1e552","hazelcast-client/src/main/java/com/hazelcast/client/spi/impl/ClientMembershipListener.java","23","0","0","0","191","239","1"
"hazelcast","37904dbefb2b76183febe755e191517e04e50b43","hazelcast-client/src/main/java/com/hazelcast/client/spi/impl/ClientMembershipListener.java","23","0","0","0","191","239","0"
"hazelcast","73a3c63647d96a4f3baa3cf5b58efd1811334e6b","hazelcast-client-new/src/main/java/com/hazelcast/client/spi/impl/ClientMembershipListener.java","23","0","0","0","192","236","0"
"hazelcast","fa455733da9772e9107eb60b3fe55a17601be38b","hazelcast-client-new/src/main/java/com/hazelcast/client/spi/impl/ClientMembershipListener.java","23","0","0","0","192","236","0"
"hazelcast","f2f89c8224476e759b48f69837d947af45433b22","hazelcast-client-new/src/main/java/com/hazelcast/client/spi/impl/ClientMembershipListener.java","23","0","0","0","192","236","2"
"hazelcast","2510ac6c3f371032d6aceabd20dac63be71957ee","hazelcast-client/src/main/java/com/hazelcast/client/spi/impl/ClientMembershipListener.java","23","0","0","0","193","241","0"
"hazelcast","8d64dbcc8fb125d6092f339204db8e4ffc447f9e","hazelcast-client/src/main/java/com/hazelcast/client/spi/impl/ClientMembershipListener.java","23","0","0","0","193","241","0"
"hazelcast","e678088e66b5680e673678e9379fefb4a59b4d48","hazelcast-client/src/main/java/com/hazelcast/client/spi/impl/ClientMembershipListener.java","23","0","0","0","193","241","0"
"hazelcast","4d852a9607f963ba2bb9ddb809af4dd8347c1198","hazelcast-client/src/main/java/com/hazelcast/client/spi/impl/ClientMembershipListener.java","23","0","0","0","193","241","2"
"hazelcast","c942da1755b0c0fa5275412cf96596dd88d92151","hazelcast-client/src/main/java/com/hazelcast/client/spi/impl/ClusterListenerSupport.java","23","0","0","0","214","268","0"
"hazelcast","317fabec0c90b274c686ba018cc1b465fee244f2","hazelcast-client/src/main/java/com/hazelcast/client/spi/impl/ClusterListenerSupport.java","23","0","0","0","214","269","1"
"hazelcast","191a6fd5c3d11d24c1c3a43ef70771074cc60ddd","hazelcast-client/src/main/java/com/hazelcast/client/spi/impl/ClusterListenerSupport.java","23","0","0","0","215","270","0"
"hazelcast","c283f04cab711308ed3018d4e448e35b9061e0d2","hazelcast-client/src/main/java/com/hazelcast/client/spi/impl/ClusterListenerSupport.java","23","0","0","0","215","270","0"
"hazelcast","eed2a8c40d592a8e99645faac48f99069eaeaab2","hazelcast-client/src/main/java/com/hazelcast/client/spi/impl/ClusterListenerSupport.java","23","0","0","0","215","270","1"
"hazelcast","58971c3baa649e5b6cbf5bd65c28bf02b8e50cb4","hazelcast-client/src/main/java/com/hazelcast/client/spi/impl/ClientPartitionServiceImpl.java","23","0","0","0","216","276","0"
"hazelcast","cb1c7d376de36ac63c7e4a720bd1af59cb2d9ace","hazelcast-client/src/test/java/com/hazelcast/client/mapreduce/aggregation/MinAggregationTest.java","23","0","0","0","231","300","0"
"hazelcast","14a2a1fd1423d7012ae411f79719af1a59c3fa33","hazelcast-client/src/test/java/com/hazelcast/client/mapreduce/aggregation/MaxAggregationTest.java","23","0","0","0","233","302","1"
"hazelcast","14a2a1fd1423d7012ae411f79719af1a59c3fa33","hazelcast-client/src/test/java/com/hazelcast/client/mapreduce/aggregation/MinAggregationTest.java","23","0","0","0","233","302","1"
"hazelcast","864fa20c841a4eb0bcf07d695a06846922ee686f","hazelcast-client/src/test/java/com/hazelcast/client/mapreduce/aggregation/MinAggregationTest.java","23","0","0","0","233","302","1"
"hazelcast","5ec4f40614d7e8a0cb526bc2ae604d4d5958ffa6","hazelcast-client/src/test/java/com/hazelcast/client/mapreduce/aggregation/MaxAggregationTest.java","23","0","0","0","233","302","0"
"hazelcast","5ec4f40614d7e8a0cb526bc2ae604d4d5958ffa6","hazelcast-client/src/test/java/com/hazelcast/client/mapreduce/aggregation/MinAggregationTest.java","23","0","0","0","233","302","0"
"hazelcast","67879e626055a191c7dbbda97c18ba044f556118","hazelcast-client/src/test/java/com/hazelcast/client/mapreduce/aggregation/MaxAggregationTest.java","23","0","0","0","234","303","0"
"hazelcast","67879e626055a191c7dbbda97c18ba044f556118","hazelcast-client/src/test/java/com/hazelcast/client/mapreduce/aggregation/MinAggregationTest.java","23","0","0","0","234","303","0"
"hazelcast","bc74c4689d8d16cf8e7f23ea69585ad6ed6bbc50","hazelcast-client/src/test/java/com/hazelcast/client/mapreduce/aggregation/MinAggregationTest.java","23","0","0","0","234","303","0"
"hazelcast","864fa20c841a4eb0bcf07d695a06846922ee686f","hazelcast-client/src/test/java/com/hazelcast/client/mapreduce/aggregation/MaxAggregationTest.java","23","0","0","0","234","303","1"
"hazelcast","bc74c4689d8d16cf8e7f23ea69585ad6ed6bbc50","hazelcast-client/src/test/java/com/hazelcast/client/mapreduce/aggregation/MaxAggregationTest.java","23","0","0","0","235","304","0"
"hazelcast","cb8160735d5c6fe75b44747d20c57a71f94171a7","hazelcast/src/test/java/com/hazelcast/map/MapUnboundedReturnValuesTestSupport.java","23","0","0","0","252","409","0"
"hazelcast","142b0dd74a08e2d703db6ea0bbf82ba5be18ceb1","hazelcast/src/main/java/com/hazelcast/internal/monitors/PerformanceLogFile.java","23","0","0","0","254","329","0"
"hazelcast","0dcac2107149f1a24af61788b11b53bd49eb4a73","hazelcast-client/src/test/java/com/hazelcast/client/test/TestClientRegistry.java","23","0","0","0","272","347","0"
"hazelcast","40ddd41143d152c86066711c2d930b896e2bb556","hazelcast-client/src/test/java/com/hazelcast/client/cache/nearcache/ClientNearCacheTestSupport.java","23","0","0","0","282","387","1"
"hazelcast","cdac811975c69456ff44782af5b54716b74edb65","hazelcast-client/src/test/java/com/hazelcast/client/multimap/ClientMultiMapListenersTest.java","23","0","0","0","310","403","2"
"hazelcast","cdd358f4cb813fb3962f90f2c570aed9b37f027b","hazelcast-client/src/test/java/com/hazelcast/client/multimap/ClientMultiMapListenersTest.java","23","0","0","0","310","404","1"
"elasticsearch","f3a925fdbec7b336e0501118880630a619625cad","core/src/main/java/org/elasticsearch/action/search/RemoteClusterConnection.java","23","0","0","0","326","509","1"
"elasticsearch","5badf68bd9c26578723f2b63c18ff7624cba7810","core/src/main/java/org/elasticsearch/action/search/RemoteClusterConnection.java","23","0","0","0","328","520","0"
"elasticsearch","38b3fec885116b8e15edcdfbe466ac82fe315989","core/src/main/java/org/elasticsearch/action/search/RemoteClusterConnection.java","23","0","0","0","331","525","0"
"neo4j","dffaacf551b9213f1b818976724f11748a16a674","enterprise/backup/src/main/java/org/neo4j/backup/BackupService.java","23","0","0","0","343","418","0"
"neo4j","35d3cb44745adf7b5eddd36250fb71248143ded9","enterprise/backup/src/main/java/org/neo4j/backup/BackupService.java","23","0","0","0","369","446","0"
"neo4j","990fe648c6b49f319a515dd6b0757553c483ab11","enterprise/backup/src/main/java/org/neo4j/backup/BackupService.java","23","0","0","0","376","453","0"
"hazelcast","06e739b1a6918c6dce1696873b56bc3d10c48201","hazelcast-client/src/main/java/com/hazelcast/client/spi/impl/ClusterListenerSupport.java","23","0","0","1","202","252","1"
"hazelcast","90bf718e38c5432589010f2319e34acbc39d712c","hazelcast-client/src/main/java/com/hazelcast/client/spi/impl/ClusterListenerSupport.java","23","0","0","1","202","252","3"
"hazelcast","937106d611fe527814572ae6ae783010aa8d1b79","hazelcast-client/src/main/java/com/hazelcast/client/spi/impl/ClusterListenerSupport.java","23","0","0","1","202","252","0"
"ceylon-ide-eclipse","7e5679828266edbf065f36491a2e4eca5e67cbb0","plugins/com.redhat.ceylon.eclipse.ui/src/com/redhat/ceylon/eclipse/code/refactor/AbstractLinkedMode.java","23","0","0","1","215","266","1"
"ceylon-ide-eclipse","18aa3b041c62ddec011ae96bcf657df9bd851ad5","plugins/com.redhat.ceylon.eclipse.ui/src/com/redhat/ceylon/eclipse/code/refactor/AbstractLinkedMode.java","23","0","0","1","220","274","0"
"hazelcast","0f64034ff833bda80b1737991c0ec65f8c556fa9","hazelcast-client/src/test/java/com/hazelcast/client/multimap/ClientMultiMapListenersTest.java","23","0","0","1","335","433","0"
"mcMMO","5b1337ed079858f0258fed5d00dfa20e80e6ba5f","src/main/java/com/gmail/nossr50/skills/mining/SuperBreakerEventHandler.java","23","0","0","1","91","124","1"
"mcMMO","724aad8504615c7f13046153d154a9bb9cff6b47","src/main/java/com/gmail/nossr50/skills/mining/SuperBreakerEventHandler.java","23","0","0","1","92","125","0"
"elasticsearch","e7d352b489272a87b05019869857656de7fb82fc","core/src/test/java/org/elasticsearch/search/aggregations/bucket/DateHistogramTests.java","23","0","0","1","98","124","0"
"mct","00a1a4e44d41db0509178e7acb449101cb47231f","fastPlotViews/src/main/java/gov/nasa/arc/mct/fastplot/scatter/ScatterPlotDataManager.java","23","0","0","11","125","149","0"
"BroadleafCommerce","83fb11ed58644108db5d65f28772c299943478f5","core/broadleaf-framework/src/main/java/org/broadleafcommerce/core/order/domain/OrderItemQualifierImpl.java","23","0","0","11","127","169","1"
"hazelcast","3edfefd81389d8038bf028fb5b79b4fbb13cd2e0","hazelcast-client/src/main/java/com/hazelcast/client/spi/impl/ClusterListenerSupport.java","23","0","0","11","202","252","2"
"hazelcast","27d49efcee88ee428254cf38353e8698ea127c45","hazelcast-client/src/main/java/com/hazelcast/client/spi/impl/ClusterListenerSupport.java","23","0","0","11","204","255","2"
"titan","21d712306d38cb33488304cd356b0c812323557d","titan-berkeleyje/src/main/java/com/thinkaurelius/titan/diskstorage/berkeleyje/BerkeleyJEStoreManager.java","23","0","0","11","225","294","0"
"titan","8ed7a34830b0a78e03142c2f4be6ea9d63b30fa8","titan-berkeleyje/src/main/java/com/thinkaurelius/titan/diskstorage/berkeleyje/BerkeleyJEStoreManager.java","23","0","0","11","226","295","0"
"hazelcast","82914ab681f7a556333505b597bf2ed1e7da9f30","hazelcast-client-new/src/test/java/com/hazelcast/client/mapreduce/aggregation/MaxAggregationTest.java","23","0","0","11","231","300","0"
"hazelcast","14a2a1fd1423d7012ae411f79719af1a59c3fa33","hazelcast-client-new/src/test/java/com/hazelcast/client/mapreduce/aggregation/MinAggregationTest.java","23","0","0","11","233","302","1"
"hazelcast","864fa20c841a4eb0bcf07d695a06846922ee686f","hazelcast-client-legacy/src/test/java/com/hazelcast/client/mapreduce/aggregation/MaxAggregationTest.java","23","0","0","11","233","302","1"
"hazelcast","864fa20c841a4eb0bcf07d695a06846922ee686f","hazelcast-client-legacy/src/test/java/com/hazelcast/client/mapreduce/aggregation/MinAggregationTest.java","23","0","0","11","233","302","1"
"hazelcast","e4a5a9d2d0d01d60d810c15d0d5bf63ffe6f902d","hazelcast-client-new/src/test/java/com/hazelcast/client/mapreduce/aggregation/MinAggregationTest.java","23","0","0","11","233","302","1"
"hazelcast","e4a5a9d2d0d01d60d810c15d0d5bf63ffe6f902d","hazelcast-client-new/src/test/java/com/hazelcast/client/mapreduce/aggregation/MaxAggregationTest.java","23","0","0","11","233","302","1"
"hazelcast","5ec4f40614d7e8a0cb526bc2ae604d4d5958ffa6","hazelcast-client-new/src/test/java/com/hazelcast/client/mapreduce/aggregation/MinAggregationTest.java","23","0","0","11","233","302","0"
"hazelcast","5ec4f40614d7e8a0cb526bc2ae604d4d5958ffa6","hazelcast-client-new/src/test/java/com/hazelcast/client/mapreduce/aggregation/MaxAggregationTest.java","23","0","0","11","234","303","0"
"hazelcast","67879e626055a191c7dbbda97c18ba044f556118","hazelcast-client-new/src/test/java/com/hazelcast/client/mapreduce/aggregation/MinAggregationTest.java","23","0","0","11","234","303","0"
"hazelcast","12ab006d948a2cf6a8d147be1e667ab1f93d55cd","hazelcast-client/src/test/java/com/hazelcast/client/mapreduce/aggregation/MaxAggregationMultiMapTest.java","23","0","0","11","234","303","1"
"hazelcast","67879e626055a191c7dbbda97c18ba044f556118","hazelcast-client-new/src/test/java/com/hazelcast/client/mapreduce/aggregation/MaxAggregationTest.java","23","0","0","11","235","304","0"
"BroadleafCommerce","dbcdf4946af5063ae942909c65ff630f49b626a5","core/broadleaf-framework/src/main/java/org/broadleafcommerce/core/offer/domain/CandidateFulfillmentGroupOfferImpl.java","23","0","0","12","151","197","0"
"BroadleafCommerce","dbcdf4946af5063ae942909c65ff630f49b626a5","core/broadleaf-framework/src/main/java/org/broadleafcommerce/core/offer/domain/CandidateOrderOfferImpl.java","23","0","0","12","153","199","0"
"hazelcast","200b42ddac0f3e0c2a8225044985e7b3fd387718","hazelcast-client/src/main/java/com/hazelcast/client/spi/impl/ClusterListenerSupport.java","23","0","0","12","203","257","3"
"neo4j","ebaf8617fdfdd21fdac69e479d938a8966fb5156","enterprise/security/src/main/java/org/neo4j/server/security/enterprise/auth/AbstractRoleRepository.java","23","0","0","12","207","287","1"
"neo4j","ba802146bfb948f8ca4bc29d51b2626b9864a1a9","enterprise/security/src/main/java/org/neo4j/server/security/enterprise/auth/AbstractRoleRepository.java","23","0","0","12","211","293","0"
"hazelcast","1357e3347a592e06b16b004874b669ec6e8618bd","hazelcast/src/main/java/com/hazelcast/collection/impl/list/ListContainer.java","23","0","0","13","141","178","2"
"hazelcast","264b730b6e10ae9df6f5d8727209ca007160236f","hazelcast/src/main/java/com/hazelcast/collection/impl/list/ListContainer.java","23","0","0","13","141","178","2"
"hazelcast","8aad5200f5667461d3959dacaa6d5d179d7b2add","hazelcast/src/main/java/com/hazelcast/collection/impl/list/ListContainer.java","23","0","0","13","141","178","0"
"BroadleafCommerce","2958e6ba93799ca6858a34889a2668cd1ce9fb81","core/broadleaf-framework/src/main/java/org/broadleafcommerce/core/order/dao/OrderDaoImpl.java","23","0","0","13","150","198","2"
"hazelcast","70d4de16ff0ac4518d09aad8c9f2ad9e782fb337","hazelcast/src/main/java/com/hazelcast/cache/impl/nearcache/impl/store/AbstractNearCacheRecordStore.java","23","0","0","13","290","383","1"
"elasticsearch","366ddfc89a9265e05d23291b02a829f4da1fcbdd","src/test/java/org/elasticsearch/search/functionscore/FunctionScoreTests.java","23","0","0","13","476","554","0"
"elasticsearch","17dffe222b923c17614905515773614d6963e13e","src/test/java/org/elasticsearch/search/functionscore/FunctionScoreTests.java","23","0","0","13","484","562","2"
"elasticsearch","e43f3a941b8ae78e6ab4f66d1da17a976d36b666","src/test/java/org/elasticsearch/search/functionscore/FunctionScoreTests.java","23","0","0","13","484","562","1"
"elasticsearch","3add12a9708a12d3e55c923cf7468296ed6147cc","src/test/java/org/elasticsearch/search/functionscore/FunctionScoreTests.java","23","0","0","13","484","562","0"
"BroadleafCommerce","0c21b421c1d9c38444c820eea84cad34979e3b37","core/broadleaf-framework/src/main/java/org/broadleafcommerce/core/offer/domain/CandidateItemOfferImpl.java","23","0","0","14","159","209","2"
"BroadleafCommerce","beb23ce063b9f0f91520b023d0eee1fd1a2113ba","core/broadleaf-framework/src/main/java/org/broadleafcommerce/core/offer/domain/CandidateItemOfferImpl.java","23","0","0","14","159","209","3"
"BroadleafCommerce","19169d660ea7a1105278930452227879922d2123","core/broadleaf-framework/src/main/java/org/broadleafcommerce/core/offer/domain/CandidateItemOfferImpl.java","23","0","0","14","159","209","0"
"neo4j","61918a793194e6c1df7c5a5e30deee59ab30368a","community/kernel/src/main/java/org/neo4j/kernel/impl/store/RelationshipGroupStore.java","23","0","0","14","229","297","0"
"neo4j","06fd5597f34a8b9df1c31cbada46d7d37a7e8b4a","community/kernel/src/main/java/org/neo4j/kernel/impl/store/RelationshipGroupStore.java","23","0","0","14","233","302","0"
"elasticsearch","567a50c29b48951af244d19d03faf4392e41c5ab","src/test/java/org/elasticsearch/search/functionscore/FunctionScoreTests.java","23","0","0","14","513","597","0"
"elasticsearch","598854dd72d7fb01a7e26a9dad065de3deaa5eb7","src/test/java/org/elasticsearch/test/disruption/NetworkPartition.java","23","0","0","15","154","203","0"
"hazelcast","cb96a27bb8e3a99ed10d2c2006a173b5b7c42fa6","hazelcast/src/main/java/com/hazelcast/map/impl/client/AbstractTxnMapRequest.java","23","0","0","15","296","345","1"
"hazelcast","18f091e52a095d9121f42b10cd1f289e73085450","hazelcast/src/main/java/com/hazelcast/map/impl/client/AbstractTxnMapRequest.java","23","0","0","15","298","347","0"
"netty","b6099bc193368259cd7db1ae6848ca410b571086","codec-http/src/test/java/io/netty/handler/codec/http/HttpContentDecoderTest.java","23","0","0","15","455","572","1"
"BroadleafCommerce","11b9bbc3f26a276b1394b183501971f50b0bc40a","core/broadleaf-framework/src/main/java/org/broadleafcommerce/core/catalog/domain/UpSaleProductImpl.java","23","0","0","16","148","196","0"
"elasticsearch","c32de1f72b8f1131daf710a2144be31c55cb4f93","test-framework/src/main/java/org/elasticsearch/test/disruption/NetworkPartition.java","23","0","0","16","155","205","0"
"elasticsearch","fac472f90c521241a56f90c708eafe8bcbc4f939","test-framework/src/main/java/org/elasticsearch/test/disruption/NetworkPartition.java","23","0","0","16","169","221","1"
"elasticsearch","53d4d747a6812ff0edcb5481bfd47e534f2a5f0e","core/src/main/java/org/elasticsearch/search/fetch/subphase/InnerHitsContext.java","23","0","0","16","267","341","1"
"BroadleafCommerce","5e083e58afcd4769f6cd1f5bbadc3edd709550d7","common/src/main/java/org/broadleafcommerce/common/i18n/dao/TranslationDaoImpl.java","23","0","0","17","249","313","0"
"elasticsearch","cad57959e11ae37936fa7dcf7cc4aaa4ba9b5bb0","core/src/test/java/org/elasticsearch/transport/RemoteClusterConnectionTests.java","23","0","0","18","677","822","1"
"elasticsearch","371c73e14023917f3892090d2d3d7ff9ac1216b9","core/src/main/java/org/elasticsearch/script/ScriptMetaData.java","23","0","0","19","224","295","3"
"elasticsearch","78574d248cf10dad1c5a566fda79e1e0c94afe43","core/src/main/java/org/elasticsearch/script/ScriptMetaData.java","23","0","0","19","224","295","2"
"elasticsearch","e6aaaf11ed4a1b8f595f920de1840938eddb7a97","core/src/main/java/org/elasticsearch/script/ScriptMetaData.java","23","0","0","19","224","295","2"
"elasticsearch","a60b8948ba1d836a6eac7cff095519e618939ed8","core/src/main/java/org/elasticsearch/script/ScriptMetaData.java","23","0","0","19","224","295","0"
"mcMMO","00640fe39b1f978da2130d41ae817711e7e587b1","src/main/java/com/gmail/nossr50/commands/mc/MctopCommand.java","23","0","0","2","125","157","0"
"hazelcast","a7ec759936b5ee731affea3d124296616924c2d4","hazelcast/src/test/java/com/hazelcast/client/protocol/compatibility/ReferenceObjects.java","23","0","0","2","247","293","0"
"orientdb","9b0a6b5a0d74bce339faedfdf33a3918902c1a9e","distributed/src/test/java/com/orientechnologies/orient/server/distributed/TestSharding.java","23","0","0","2","247","344","0"
"hazelcast","c5f2574740b3ec633359fe70fca0a53687343397","hazelcast/src/test/java/com/hazelcast/client/protocol/compatibility/ReferenceObjects.java","23","0","0","2","248","294","1"
"hazelcast","111ad34eaa4634f028e75dde98fbc8a8e645f34f","hazelcast/src/test/java/com/hazelcast/client/protocol/compatibility/ReferenceObjects.java","23","0","0","2","253","299","0"
"hazelcast","848fd914e8ef0483f59301258eb88b8f9a51d2de","hazelcast/src/test/java/com/hazelcast/client/protocol/compatibility/ReferenceObjects.java","23","0","0","2","277","315","1"
"hazelcast","7c1baa91dc4cb5d9c03b04a955a9c3e3824dde65","hazelcast/src/test/java/com/hazelcast/client/protocol/compatibility/ReferenceObjects.java","23","0","0","2","285","325","1"
"hazelcast","8959aa0857797fe82461f8cabc292a4966d2e5fb","hazelcast/src/test/java/com/hazelcast/client/protocol/compatibility/ReferenceObjects.java","23","0","0","2","286","326","0"
"hazelcast","e5cc462c1684fa9b06b8a13d7fb5bd4cac539949","hazelcast-client-new/src/test/java/com/hazelcast/client/multimap/ClientMultiMapListenersTest.java","23","0","0","20","310","402","0"
"hazelcast","317fabec0c90b274c686ba018cc1b465fee244f2","hazelcast-client-new/src/test/java/com/hazelcast/client/multimap/ClientMultiMapListenersTest.java","23","0","0","20","310","403","1"
"hazelcast","5a84641d6ca0ba61f6bc3db3f4d51994ee307736","hazelcast-client/src/test/java/com/hazelcast/client/multimap/ClientMultiMapListenersTest.java","23","0","0","20","310","403","2"
"hazelcast","cdac811975c69456ff44782af5b54716b74edb65","hazelcast-client-new/src/test/java/com/hazelcast/client/multimap/ClientMultiMapListenersTest.java","23","0","0","20","310","403","1"
"hazelcast","d86080935c0ade00a64fd45af8c2fa1c0cd03dd3","hazelcast-client/src/test/java/com/hazelcast/client/multimap/ClientMultiMapListenersTest.java","23","0","0","20","310","403","0"
"hazelcast","92accf076ed60432e05d8b80738df1a735963ca2","hazelcast-client/src/test/java/com/hazelcast/client/multimap/ClientMultiMapListenersTest.java","23","0","0","20","310","404","1"
"hazelcast","58e4782c607905ce452f830bd68a2412a9e1961e","hazelcast-client-new/src/test/java/com/hazelcast/client/multimap/ClientMultiMapListenersTest.java","23","0","0","20","312","405","1"
"hazelcast","81fe86abd4deed08faf6e617c5d73c2b7d4b5391","hazelcast/src/test/java/com/hazelcast/cluster/impl/AdvancedClusterStateTest.java","23","0","0","20","527","662","2"
"hazelcast","1c090ad87906d51892a32c2aa0a32d34002298ec","hazelcast/src/test/java/com/hazelcast/cluster/impl/AdvancedClusterStateTest.java","23","0","0","20","531","667","1"
"hazelcast","70d4de16ff0ac4518d09aad8c9f2ad9e782fb337","hazelcast/src/test/java/com/hazelcast/internal/cluster/impl/AdvancedClusterStateTest.java","23","0","0","20","531","667","1"
"hazelcast","c8518584dd572eed18552720fc656a387c922389","hazelcast/src/test/java/com/hazelcast/cluster/impl/AdvancedClusterStateTest.java","23","0","0","20","531","667","1"
"hazelcast","8fac2ea6e17e60e7e680a7e692bac64ccb51f850","hazelcast/src/test/java/com/hazelcast/cluster/impl/AdvancedClusterStateTest.java","23","0","0","20","531","667","0"
"hazelcast","e349d2fd609c0104f6550327550de4112553c942","hazelcast/src/test/java/com/hazelcast/internal/cluster/impl/AdvancedClusterStateTest.java","23","0","0","20","558","696","0"
"hazelcast","378b2321ab4b0a46b231b72d75eaf7abae4be41d","hazelcast/src/test/java/com/hazelcast/cluster/AdvancedClusterStateTest.java","23","0","0","20","561","703","0"
"hazelcast","3487f45e6ff25b3ba2c22c3be84b8d50e5eb1295","hazelcast-client/src/test/java/com/hazelcast/client/multimap/ClientMultiMapListenersTest.java","23","0","0","21","335","433","0"
"hazelcast","59101aa55fd974c1edc8100b424c001864118ed2","hazelcast/src/main/java/com/hazelcast/client/impl/ClientEndpointImpl.java","23","0","0","24","230","279","0"
"hazelcast","f37c562ba960a9badc4dcae6fa0ee3e4e98d82a6","hazelcast/src/main/java/com/hazelcast/map/MapContainer.java","23","0","0","26","207","263","0"
"hazelcast","38bd0b41d707ca4d5ca394cda10ce68d44672fff","hazelcast/src/main/java/com/hazelcast/cluster/NodeMulticastListener.java","23","0","0","3","120","162","1"
"hazelcast","fa2adb615a74cba23bac9367ff485d0de3cea23c","hazelcast/src/main/java/com/hazelcast/cluster/NodeMulticastListener.java","23","0","0","3","121","163","1"
"hazelcast","f5ae0bc7ebb7be7bdfe16582fa535b8accaed1e4","hazelcast/src/main/java/com/hazelcast/cluster/impl/NodeMulticastListener.java","23","0","0","3","122","164","1"
"netty","4323fea5fb8790a757c8a272fe59b4564e403837","common/src/main/java/io/netty/util/internal/TypeParameterMatcher.java","23","0","0","3","128","173","0"
"mcMMO","10dd7619bf774c1eb885e267db2a161908e38cc0","src/main/java/com/gmail/nossr50/commands/party/teleport/PtpCommand.java","23","0","0","3","152","197","0"
"elasticsearch","ceaae47d38eeec5394181525926d4952cfd4af9d","plugins/discovery-ec2/src/main/java/org/elasticsearch/discovery/ec2/AwsEc2UnicastHostsProvider.java","23","0","0","3","179","248","1"
"elasticsearch","6952f7b5606504666ccac3edb68f43d04d3ebd44","test/framework/src/main/java/org/elasticsearch/transport/nio/NioTransport.java","23","0","0","3","201","261","1"
"hazelcast","1577e6203517ea9a356c2fe9ef193cac391f7df1","hazelcast-wm/src/test/java/com/hazelcast/wm/test/AbstractWebFilterTest.java","23","0","0","3","267","333","2"
"hazelcast","1b73d8d9ded0d4662dd69bc3031283f8195f37de","hazelcast-wm/src/test/java/com/hazelcast/wm/test/AbstractWebFilterTest.java","23","0","0","3","269","335","1"
"hazelcast","dabfcd785ee88d71c49ac5e08660a56babfdee9b","hazelcast-wm/src/test/java/com/hazelcast/wm/test/AbstractWebFilterTest.java","23","0","0","3","271","337","0"
"hazelcast","69975a8df84795d2fbd45e45b1d169e13fcbf0b1","hazelcast-wm/src/test/java/com/hazelcast/wm/test/AbstractWebFilterTest.java","23","0","0","3","271","338","0"
"hazelcast","7fb5b216953909422cec25e70c2bcd51a09b08ad","hazelcast-wm/src/test/java/com/hazelcast/wm/test/AbstractWebFilterTest.java","23","0","0","3","272","338","2"
"hazelcast","40ddd41143d152c86066711c2d930b896e2bb556","hazelcast-client-legacy/src/test/java/com/hazelcast/client/cache/nearcache/ClientNearCacheTestSupport.java","23","0","0","3","282","387","1"
"hazelcast","139accb8e85eca305e57b2dd8b7e2340cbc75d50","hazelcast/src/test/java/com/hazelcast/query/impl/IndexTest.java","23","0","0","3","317","374","2"
"hazelcast","c7df9d6ba5b6e60a13fc8afef10f5357281ffc1b","hazelcast/src/main/java/com/hazelcast/impl/NodeMulticastListener.java","23","0","0","3","74","99","0"
"elasticsearch","819fe40d616dd021ea7a80111c0c836caec8f7c3","core/src/test/java/org/elasticsearch/common/bytes/AbstractBytesReferenceTestCase.java","23","0","0","30","390","510","0"
"hazelcast","10773b4cd855bdfd84ea80d22b8ed3c977459444","hazelcast/src/main/java/com/hazelcast/multimap/impl/MultiMapContainer.java","23","0","0","32","189","252","0"
"orientdb","1ad1c477bea132d9286947f7d34875b5266e26a1","lucene/src/main/java/com/orientechnologies/lucene/engine/OLuceneFullTextIndexEngine.java","23","0","0","33","297","381","1"
"orientdb","32d163bb67d400175f64d57d2e728fb2b0298c5f","lucene/src/main/java/com/orientechnologies/lucene/engine/OLuceneFullTextIndexEngine.java","23","0","0","33","299","383","0"
"hazelcast","1a44eaa6a1e0c7597f0d9335883b651aaeb097c5","hazelcast/src/main/java/com/hazelcast/concurrent/lock/LockStoreImpl.java","23","0","0","34","267","328","3"
"BroadleafCommerce","68d19a5bb849b2dda2a13ad25924f2d76d973d79","core/broadleaf-framework/src/main/java/org/broadleafcommerce/core/payment/domain/OrderPaymentImpl.java","23","0","0","39","332","403","0"
"ceylon-ide-eclipse","05c1e9a8b25443c80f99811d73f9323ad2b50406","plugins/com.redhat.ceylon.eclipse.ui/src/com/redhat/ceylon/eclipse/code/resolve/CeylonHyperlinkDetector.java","23","0","0","4","155","170","0"
"ceylon-ide-eclipse","6d3f7dabdae71ddeb6f1a9bab663935ed55300ea","plugins/com.redhat.ceylon.eclipse.ui/src/com/redhat/ceylon/eclipse/code/resolve/CeylonHyperlinkDetector.java","23","0","0","4","182","198","1"
"hazelcast","267657223110ee9fc436f5496e078547d29c6e4c","hazelcast/src/test/java/com/hazelcast/query/impl/IndexTest.java","23","0","0","4","359","423","1"
"hazelcast","2ff7087d159396ee23fb35adb9b8a835220da980","hazelcast/src/test/java/com/hazelcast/query/impl/IndexTest.java","23","0","0","4","359","424","0"
"hazelcast","9144e8128c3d271554f7230ee32e4d2e102fe811","hazelcast/src/test/java/com/hazelcast/query/impl/IndexTest.java","23","0","0","4","360","425","0"
"hazelcast","8043dfc79ee2cda6f50b9b1b2e88ab13912e61ac","hazelcast/src/test/java/com/hazelcast/query/impl/IndexTest.java","23","0","0","4","361","426","2"
"hazelcast","783151031567d3e41ebcba493c0c6f0f03e8c56e","hazelcast/src/test/java/com/hazelcast/query/impl/IndexTest.java","23","0","0","4","362","427","2"
"hazelcast","cfb5279d128b0d8a48e5e52fcd56031e3b40d3ff","hazelcast/src/main/java/com/hazelcast/nio/ClassLoaderUtil.java","23","0","0","5","126","171","0"
"elasticsearch","25fd9e26c4fb042d6f6dea14efcd239577bdbbc4","client/rest/src/test/java/org/elasticsearch/client/RestClientBuilderTests.java","23","0","0","5","141","181","0"
"netty","ad73dce7a1bc8927ac1e46bc320dfdae68e5c1b0","testsuite/src/test/java/io/netty/testsuite/transport/socket/SocketSslEchoTest.java","23","0","0","5","164","216","0"
"elasticsearch","284491d87473878574be81d912b9548eb57cc673","src/test/java/org/elasticsearch/index/search/child/ParentQueryTests.java","23","0","0","5","202","246","0"
"elasticsearch","31fa4dc58b659295aaa48930277dddbbabb271ae","src/test/java/org/elasticsearch/index/search/child/ParentQueryTests.java","23","0","0","5","220","264","1"
"mct","00a1a4e44d41db0509178e7acb449101cb47231f","fastPlotViews/src/main/java/gov/nasa/arc/mct/fastplot/scatter/ScatterPlot.java","23","0","0","56","389","509","0"
"netty","985fa97c9be85270a304d385774593f6ee20fa31","transport/src/main/java/io/netty/channel/ChannelHandlerUtil.java","23","0","0","6","104","142","0"
"hazelcast","dfde0ce89c3c11629fe62b7eba3a8e6b2bbe6e6c","hazelcast/src/main/java/com/hazelcast/internal/partition/operation/MigrationOperation.java","23","0","0","6","202","248","2"
"hazelcast","9725927db19a0d90e8bc6d1cf6a5d285722db6a1","hazelcast/src/main/java/com/hazelcast/internal/partition/operation/MigrationOperation.java","23","0","0","6","203","248","0"
"elasticsearch","71b2655bb30b7cb0cb2beace6fdb1464e7991e26","core/src/test/java/org/elasticsearch/index/mapper/RangeFieldMapperTests.java","23","0","0","6","251","321","1"
"elasticsearch","bb15def36e87ab7fffb803bdd146a89f38b0f48f","src/main/java/org/elasticsearch/search/suggest/completion/AnalyzingCompletionLookupProvider.java","23","0","0","6","291","373","0"
"MapDB","717b008da75918aae78156e9cb999af987f1e326","src/test/java/org/mapdb/TxMakerTest.java","23","0","0","7","159","196","1"
"neo4j","8436dd70584c45c9036e3febb4b1fe42bac81ddb","enterprise/security/src/main/java/org/neo4j/server/security/enterprise/auth/EnterpriseSecurityModule.java","23","0","0","7","210","278","0"
"neo4j","9bb4f806d216b0066beb476242dcc4e7da97200a","enterprise/security/src/main/java/org/neo4j/server/security/enterprise/auth/EnterpriseSecurityModule.java","23","0","0","7","212","280","1"
"elasticsearch","f69cc78b678b3d16d3c0f4e0b69ce81976898752","modules/transport-netty4/src/test/java/org/elasticsearch/http/netty4/pipelining/Netty4HttpPipeliningHandlerTests.java","23","0","0","7","215","298","0"
"hazelcast","c942da1755b0c0fa5275412cf96596dd88d92151","hazelcast-client-new/src/main/java/com/hazelcast/client/spi/impl/ClusterListenerSupport.java","23","0","0","8","214","268","0"
"elasticsearch","8aff3b6273c7e2553d651e6901ebaf5ae07d7de4","src/test/java/org/elasticsearch/search/functionscore/RandomScoreFunctionTests.java","23","0","0","8","251","320","0"
"MapDB","30e17d451a5d942b722be7e04f340a8a3f2ba9b1","src/test/java/org/mapdb/TxMakerTest.java","23","0","0","9","188","232","0"
"neo4j","2b261bd9bb532f283b2caed9b2d9eb4992e677b4","community/kernel/src/main/java/org/neo4j/kernel/impl/transaction/state/PropertyCreator.java","23","0","0","9","209","296","1"
"hazelcast","4293be6ecc928a21d75861323e7de68bcfcbd581","hazelcast-client-legacy/src/main/java/com/hazelcast/client/spi/impl/ClusterListenerSupport.java","23","0","0","9","237","289","1"
"hazelcast","79ca749ae9093b89ca12d0d2ca4fef11a7e63e89","hazelcast-client-new/src/main/java/com/hazelcast/client/spi/impl/ClusterListenerSupport.java","23","0","0","9","239","297","0"
"netty","a09e56850e96577fcdb84835f194a39aded046b5","transport/src/main/java/io/netty/channel/nio/AbstractNioMessageChannel.java","23","0","1","0","126","190","1"
"netty","e102a008b63d0063581ba242539f0a8d473cae00","transport/src/main/java/io/netty/channel/nio/AbstractNioMessageChannel.java","23","0","1","0","129","194","0"
"BroadleafCommerce","34682289a3be1f350cf132998f1a4315a3c62b91","admin/broadleaf-open-admin-platform/src/main/java/org/broadleafcommerce/openadmin/web/controller/AdminAbstractController.java","23","0","1","0","212","487","2"
"elasticsearch","8bdfd21b70568a39ebf5232e8c395f5206a7a63f","src/main/java/org/elasticsearch/action/support/single/shard/TransportShardSingleOperationAction.java","23","0","1","0","217","291","0"
"elasticsearch","98640310c2adff8f8d164590faf019193201c747","src/main/java/org/elasticsearch/action/support/single/shard/TransportShardSingleOperationAction.java","23","0","1","0","218","292","1"
"elasticsearch","a1ab48c80429fed4834a33cdf5127fc923dba7e2","src/main/java/org/elasticsearch/action/support/single/instance/TransportInstanceSingleOperationAction.java","23","0","1","0","230","314","0"
"BroadleafCommerce","7380bc2cc48fd73ec717a648dfb51ca5c76ff035","admin/broadleaf-open-admin-platform/src/main/java/org/broadleafcommerce/openadmin/server/service/persistence/validation/RuleFieldValidator.java","23","0","1","1","110","150","0"
"netty","6942dba8555d11d2c3ada35e80e4383ae853c7ba","transport/src/main/java/io/netty/channel/oio/AbstractOioByteChannel.java","23","0","1","1","123","186","0"
"elasticsearch","0a69f1e283e26e5d9e6a000b68b9f4778de557a1","core/src/main/java/org/elasticsearch/index/IndexingSlowLog.java","23","0","1","1","139","198","2"
"elasticsearch","b75d1d885a4f56edf8d1b8cd393298588fbd0123","src/main/java/org/elasticsearch/action/admin/cluster/settings/TransportClusterUpdateSettingsAction.java","23","0","1","1","174","241","3"
"elasticsearch","abdbfe768b52fe46d14864c35008fcf6c8dc5902","src/main/java/org/elasticsearch/action/admin/indices/stats/TransportIndicesStatsAction.java","23","0","1","1","177","230","4"
"hazelcast","c57d3349fbdda6d4454ef257937a2199cea9572f","hazelcast/src/test/java/com/hazelcast/map/MapListenerTest.java","23","0","1","1","195","257","0"
"elasticsearch","a8af4e962b4001fb25b378bec8b498f6cd6bbf0f","src/main/java/org/elasticsearch/indices/ttl/IndicesTTLService.java","23","0","1","1","206","265","0"
"elasticsearch","1b68f99449c5723a86d722beeec2276351d77fa9","src/main/java/org/elasticsearch/indices/ttl/IndicesTTLService.java","23","0","1","1","210","269","0"
"elasticsearch","776e5d8096c7ddea8996d8c70165f6971aadd776","core/src/main/java/org/elasticsearch/action/update/TransportUpdateAction.java","23","0","1","1","237","282","1"
"elasticsearch","3cee291bc2d9af7177f51804e82fca0663c8341a","src/main/java/org/elasticsearch/action/index/TransportIndexAction.java","23","0","1","1","246","317","0"
"orientdb","b27bb99f64f5a211acd2f1639a5895ce09a1b883","distributed/src/test/java/com/orientechnologies/orient/server/distributed/AbstractServerClusterInsertTest.java","23","0","1","1","311","414","0"
"orientdb","b99ef4dc718c6843428505e90b75ec47566fedae","distributed/src/main/java/com/orientechnologies/orient/server/distributed/impl/task/ODefaultRemoteTaskFactory.java","23","0","1","1","54","103","1"
"orientdb","855d25d343ea4cefe3548a0200cc9a9dc386f684","core/src/main/java/com/orientechnologies/orient/core/db/tool/ODatabaseRepair.java","23","0","1","1","92","147","0"
"elasticsearch","523a8b4c3e8003316f3e7c6a74bdd5e4e1818dd6","modules/elasticsearch/src/main/java/org/elasticsearch/common/lucene/geo/GeoDistanceFilter.java","23","0","1","10","107","156","0"
"orientdb","261e50c6d7ca6b87c82e3589765e72b3680f8f47","core/src/main/java/com/orientechnologies/orient/core/sql/operator/OQueryOperatorBetween.java","23","0","1","10","138","215","1"
"netty","ec2b29f0b6ab3c57fe0e75b2951f1136c8db8ed0","codec-http/src/main/java/io/netty/handler/codec/http/HttpContentEncoder.java","23","0","1","10","147","246","0"
"elasticsearch","b771daa3c72b2c42297b93377dc644b7a48d7e42","core/src/main/java/org/elasticsearch/common/lucene/search/function/FunctionScoreQuery.java","23","0","1","10","176","231","0"
"elasticsearch","90c2b3a384c036e7f9345b2586e69fda056387fd","core/src/main/java/org/elasticsearch/index/mapper/core/BinaryFieldMapper.java","23","0","1","10","205","264","2"
"hazelcast","29fff7aa4ffefb7fe0ab6ab2d48bbf46a5d3ad95","hazelcast/src/test/java/com/hazelcast/queue/BasicQueueTest.java","23","0","1","10","339","432","2"
"elasticsearch","9f12f3c33892380e4cb0fa48b860c23c6d225b5d","core/src/main/java/org/elasticsearch/common/lucene/search/function/FunctionScoreQuery.java","23","0","1","11","167","221","2"
"elasticsearch","13ef7d73b9e579bf4c83ff77d6a04c720b04258f","src/test/java/org/elasticsearch/snapshots/mockstore/MockRepository.java","23","0","1","11","249","326","0"
"hazelcast","2921cff694583b8638dae2991f427e61d5440a9d","hazelcast/src/main/java/com/hazelcast/internal/jmx/HazelcastMBean.java","23","0","1","12","186","239","0"
"hazelcast","3c75c3b73ebeceb1d35600afd14be9dc65cf1e0f","hazelcast/src/main/java/com/hazelcast/internal/jmx/HazelcastMBean.java","23","0","1","12","186","239","0"
"hazelcast","fcdef25828632fa76b68808428e788a881e3ca2e","hazelcast/src/main/java/com/hazelcast/internal/jmx/HazelcastMBean.java","23","0","1","12","186","239","0"
"hazelcast","1f042b8c4a4245594691bb6d85a66ceed9b43068","hazelcast/src/main/java/com/hazelcast/internal/jmx/HazelcastMBean.java","23","0","1","12","186","239","1"
"BroadleafCommerce","300afb753f1ee1d8f081ebbf9cbd93cb57c22816","admin/broadleaf-contentmanagement-module/src/main/java/org/broadleafcommerce/cms/file/service/StaticAssetServiceImpl.java","23","0","1","12","221","325","0"
"BroadleafCommerce","37e05784300af08ae8d046be448d763d1b15e681","admin/broadleaf-contentmanagement-module/src/main/java/org/broadleafcommerce/cms/file/service/StaticAssetServiceImpl.java","23","0","1","12","223","324","0"
"BroadleafCommerce","def2e3e8412f07c06310b0407f4be222126a3527","admin/broadleaf-contentmanagement-module/src/main/java/org/broadleafcommerce/cms/file/service/StaticAssetServiceImpl.java","23","0","1","12","225","329","0"
"elasticsearch","47f92d7c621eb0b0e4cf350ae21c8553592a324f","core/src/test/java/org/elasticsearch/index/query/MultiMatchQueryBuilderTests.java","23","0","1","12","263","318","1"
"elasticsearch","6feeac98c82627a1cdeca91de09148f9c96db51d","src/main/java/org/elasticsearch/index/search/geo/GeoDistanceFilter.java","23","0","1","13","145","195","1"
"elasticsearch","c306d8c5f5dc06614aa73cfdc75dcf953863f690","src/main/java/org/elasticsearch/index/search/geo/GeoDistanceFilter.java","23","0","1","13","147","197","0"
"neo4j","083224bbfc9dfc2e59c049a9c5eedb758eb1c86e","community/bolt/src/main/java/org/neo4j/bolt/v1/runtime/Neo4jError.java","23","0","1","13","153","207","1"
"elasticsearch","f0052a58d60764ec737ebdbef6524315d731e0f9","src/main/java/org/elasticsearch/common/lucene/index/FilterableTermsEnum.java","23","0","1","13","165","216","1"
"elasticsearch","f878f40ae59c686ed772bddc2404d45f62ebfbc7","src/main/java/org/elasticsearch/common/lucene/index/FilterableTermsEnum.java","23","0","1","13","165","218","0"
"orientdb","252aa4c00e6048e5a77066dc5f770ef6e58dd1ea","core/src/main/java/com/orientechnologies/orient/core/sql/parser/OMatchesCondition.java","23","0","1","13","94","122","1"
"elasticsearch","5f6623c03b87f914faba97064d115370d286127f","core/src/main/java/org/elasticsearch/search/fetch/innerhits/InnerHitsContext.java","23","0","1","14","249","324","0"
"orientdb","0b098ecbb27731eae0d6bc55a5750b000a6b9777","core/src/main/java/com/orientechnologies/orient/core/sql/parser/OMatchesCondition.java","23","0","1","14","97","127","0"
"hazelcast","f4c4f6884c633287e7632d62481e06c9f0b762f5","hazelcast/src/test/java/com/hazelcast/test/mocknetwork/MockConnectionManager.java","23","0","1","16","207","267","1"
"neo4j","cd0275128c4f352086eda4f6c07afac2a812bc9a","community/kernel/src/main/java/org/neo4j/helpers/Exceptions.java","23","0","1","16","212","275","1"
"elasticsearch","0a4b38b60c2752cdc6de819f5bf3414bd01f88c5","core/src/main/java/org/elasticsearch/index/mapper/ParentFieldMapper.java","23","0","1","17","244","319","0"
"elasticsearch","82fa531ab4c1fb087d357ff15288c070d7393378","core/src/main/java/org/elasticsearch/index/mapper/ParentFieldMapper.java","23","0","1","17","244","320","0"
"elasticsearch","2f8def11b5109eb80b47422a200bf7b7e07c8467","core/src/main/java/org/elasticsearch/index/mapper/ParentFieldMapper.java","23","0","1","17","245","321","1"
"elasticsearch","93b04fb7bd9731b806de297650e734cc923727d7","core/src/main/java/org/elasticsearch/index/mapper/ParentFieldMapper.java","23","0","1","17","245","321","1"
"elasticsearch","2f8f440e8060cf3578e0f67801b1d12329103d20","core/src/main/java/org/elasticsearch/index/mapper/ParentFieldMapper.java","23","0","1","17","245","321","0"
"elasticsearch","3ce7b119d28e7d1be7284bd804606a65c2d1a383","core/src/main/java/org/elasticsearch/index/mapper/ParentFieldMapper.java","23","0","1","17","246","322","1"
"elasticsearch","96f1739c0dafc067a289574296642219faca4673","core/src/main/java/org/elasticsearch/index/mapper/ParentFieldMapper.java","23","0","1","17","247","323","0"
"elasticsearch","2f5f27fafa479164a1d6fbef224f14f1c85a3cb2","core/src/main/java/org/elasticsearch/index/mapper/ParentFieldMapper.java","23","0","1","17","248","324","2"
"elasticsearch","82e7f1fc43bb9857b5b962081f79abaa791fd575","core/src/main/java/org/elasticsearch/index/mapper/internal/ParentFieldMapper.java","23","0","1","17","253","329","0"
"elasticsearch","c6199b611e346f6f81fe5b5761650156c3d4daeb","src/main/java/org/elasticsearch/common/Table.java","23","0","1","18","157","226","0"
"elasticsearch","146a6d3730f387106ad08066761d398eb4911335","modules/elasticsearch/src/main/java/org/elasticsearch/index/mapper/internal/SourceFieldMapper.java","23","0","1","18","169","230","1"
"elasticsearch","5f6623c03b87f914faba97064d115370d286127f","core/src/test/java/org/elasticsearch/search/aggregations/bucket/TopHitsTests.java","23","0","1","18","801","938","0"
"elasticsearch","283b0931ff7de13b1e35ad8646bec1dba63b8112","src/test/java/org/elasticsearch/search/aggregations/bucket/TopHitsTests.java","23","0","1","18","808","947","0"
"titan","8844fb05759ae0d64a9afd5c53dee9dee3650d00","titan-core/src/main/java/com/thinkaurelius/titan/graphdb/query/StandardElementQuery.java","23","0","1","19","147","176","0"
"elasticsearch","ababeaed3866b024a06a9edfae73849a5f45666b","src/main/java/org/elasticsearch/common/Table.java","23","0","1","19","160","229","0"
"orientdb","c1f0f046093d166b58193818b359c73d4a50c228","core/src/main/java/com/orientechnologies/orient/core/type/tree/provider/OMVRBTreeProviderAbstract.java","23","0","1","19","184","248","0"
"orientdb","76ffdc9fe1e541460329297a955e8494c36be8f5","core/src/main/java/com/orientechnologies/orient/core/type/tree/provider/OMVRBTreeProviderAbstract.java","23","0","1","19","185","249","1"
"elasticsearch","e7655bbf807712300ac7f5d7aaf5234305d02906","core/src/main/java/org/elasticsearch/indices/NodeIndicesStats.java","23","0","1","19","193","251","1"
"elasticsearch","7a55cca1224e53e587f46b25aa874fd0ed769d9a","core/src/main/java/org/elasticsearch/indices/NodeIndicesStats.java","23","0","1","19","194","252","0"
"elasticsearch","3f6e470810f558d1bf70894c35c81b42957d933f","core/src/test/java/org/elasticsearch/search/aggregations/bucket/TopHitsTests.java","23","0","1","19","811","949","0"
"BroadleafCommerce","9a2399ccabc71c63572c786cacfa9d17404bf0db","admin/broadleaf-open-admin-platform/src/main/java/org/broadleafcommerce/openadmin/web/rulebuilder/DataDTODeserializer.java","23","0","1","2","101","139","0"
"elasticsearch","41d8fbe8f51abd499c9b497238bc5f2141b7926b","plugins/cloud-aws/src/main/java/org/elasticsearch/discovery/ec2/AwsEc2UnicastHostsProvider.java","23","0","1","2","138","202","1"
"elasticsearch","65bda6238839b43c89644bd38cc8dab6c5d8a6e0","src/main/java/org/elasticsearch/cloud/aws/blobstore/DefaultS3OutputStream.java","23","0","1","2","158","226","1"
"elasticsearch","467a459f95d8709379bf3e7f415644b246a89dba","core/src/main/java/org/elasticsearch/action/search/type/TransportSearchScrollQueryThenFetchAction.java","23","0","1","2","196","252","2"
"elasticsearch","c5a290550ff69ba228095fa5d5ccae8c2325c33b","core/src/main/java/org/elasticsearch/action/search/type/TransportSearchScrollQueryThenFetchAction.java","23","0","1","2","200","256","1"
"elasticsearch","821021f0e478ca44d828e62c139ea19f0fd7290a","core/src/main/java/org/elasticsearch/action/search/type/TransportSearchScrollQueryThenFetchAction.java","23","0","1","2","200","257","1"
"elasticsearch","0aba19f4fa5c4fa2ac76ee96996d463a838248ac","core/src/main/java/org/elasticsearch/action/update/TransportUpdateAction.java","23","0","1","2","238","284","0"
"elasticsearch","2bd09c4625898d77aa6c015c6f82cf973ed18cb7","core/src/main/java/org/elasticsearch/action/update/TransportUpdateAction.java","23","0","1","2","238","284","0"
"elasticsearch","3d13c27fa0df12018f35f1b20987c90277e9b6f9","core/src/main/java/org/elasticsearch/action/update/TransportUpdateAction.java","23","0","1","2","238","284","1"
"elasticsearch","0fe73b51f9234148c373a02bb85c5e320b28ae33","core/src/main/java/org/elasticsearch/action/update/TransportUpdateAction.java","23","0","1","2","239","285","1"
"orientdb","50bb0365603295268745639338630da96d9c93fc","distributed/src/test/java/com/orientechnologies/orient/server/distributed/AbstractServerClusterInsertTest.java","23","0","1","2","317","423","0"
"hazelcast","73673199472b3fb25cf6c72de378a1d2bab18605","hazelcast/src/main/java/com/hazelcast/internal/diagnostics/HealthMonitor.java","23","0","1","2","410","515","1"
"hazelcast","86b064ba3f1e467e74e95d6da24b03122065ce36","hazelcast/src/main/java/com/hazelcast/internal/diagnostics/HealthMonitor.java","23","0","1","2","410","515","2"
"hazelcast","9948976cea0dd05d47e24f303a0b309b4155d329","hazelcast/src/main/java/com/hazelcast/internal/diagnostics/HealthMonitor.java","23","0","1","2","410","515","2"
"hazelcast","30ba52f25d11e840c50c580a36d347392eeb562a","hazelcast/src/main/java/com/hazelcast/internal/diagnostics/HealthMonitor.java","23","0","1","2","410","515","0"
"hazelcast","82683a8423a0a3209f3dd70ca23835ee63f0d0b8","hazelcast/src/main/java/com/hazelcast/internal/diagnostics/HealthMonitor.java","23","0","1","2","410","515","0"
"elasticsearch","8de7beadc8267cd9a8e068ec13421499441d8bed","modules/elasticsearch/src/main/java/org/apache/lucene/search/vectorhighlight/CustomFieldQuery.java","23","0","1","2","95","137","0"
"elasticsearch","5d6e84f206c85476d25e4b26e7998db2067e3bac","modules/elasticsearch/src/main/java/org/elasticsearch/search/facet/range/KeyValueRangeFacetCollector.java","23","0","1","2","97","141","1"
"hazelcast","00cb4cd5f8f59d49dfb5376e2ce013ff0918dd8f","hazelcast-client/src/main/java/com/hazelcast/client/spi/impl/ClientInvocation.java","23","0","1","20","193","258","0"
"hazelcast","200b42ddac0f3e0c2a8225044985e7b3fd387718","hazelcast-client/src/main/java/com/hazelcast/client/spi/impl/ClientInvocation.java","23","0","1","20","193","258","0"
"hazelcast","9e3a6441c2c27c97dd49730d16bff3dcf0f295ef","hazelcast-client/src/main/java/com/hazelcast/client/spi/impl/ClientInvocation.java","23","0","1","20","193","258","0"
"hazelcast","bd4c23a7e473d52a5f54745e6255a0cfbba0048d","hazelcast-client/src/main/java/com/hazelcast/client/spi/impl/ClientInvocation.java","23","0","1","20","193","258","1"
"hazelcast","c079ef58b967039c9aff13690b4ed490c66e43c4","hazelcast-client/src/main/java/com/hazelcast/client/spi/impl/ClientInvocation.java","23","0","1","20","193","259","1"
"hazelcast","c703b36f3b5afbfc3ecba0645b0775cc9aab9124","hazelcast-client/src/main/java/com/hazelcast/client/spi/impl/ClientInvocation.java","23","0","1","20","193","259","1"
"elasticsearch","aeae38025803eead4424a7abd90d16b62021fadc","src/main/java/org/elasticsearch/index/cache/filter/weighted/WeightedFilterCache.java","23","0","1","20","193","259","0"
"hazelcast","facc7ce537ff0e3778b982b96cb35b5eab8e4163","hazelcast-client/src/main/java/com/hazelcast/client/spi/impl/ClientInvocation.java","23","0","1","20","193","261","0"
"hazelcast","00dcac7003d900a9c4f7b22645cb9d7e4fef8d8f","hazelcast-client/src/main/java/com/hazelcast/client/spi/impl/ClientInvocation.java","23","0","1","20","198","259","2"
"elasticsearch","fdf2bb93716c2a6f2b0d0785df386ecd414994c4","src/main/java/org/elasticsearch/search/aggregations/bucket/range/InternalRange.java","23","0","1","22","223","284","0"
"elasticsearch","d8cd75544536a211fa5c66e190aa4313213f0308","src/main/java/org/elasticsearch/search/aggregations/bucket/range/InternalRange.java","23","0","1","22","224","285","1"
"elasticsearch","90b547cf2c82b03fe42b9cce4ea878d81734228a","src/main/java/org/elasticsearch/index/mapper/internal/RoutingFieldMapper.java","23","0","1","23","178","245","0"
"hazelcast","6223e2d66f1f0e11026d1e889e82229c85198f93","hazelcast/src/main/java/com/hazelcast/client/impl/ClientEndpointImpl.java","23","0","1","23","236","288","0"
"hazelcast","d551ed762f2dd83eaeffcc7b7b4fc6dad591b31c","hazelcast/src/main/java/com/hazelcast/client/impl/ClientEndpointImpl.java","23","0","1","23","236","288","0"
"hazelcast","e58af528ad4f02b2dd8ce13dcf52e95fbab0cc72","hazelcast/src/main/java/com/hazelcast/client/impl/ClientEndpointImpl.java","23","0","1","23","236","288","1"
"BroadleafCommerce","13e1633525853b787be9d24c7efe4fbff2522817","admin/broadleaf-open-admin-platform/src/main/java/org/broadleafcommerce/openadmin/dto/ForeignKey.java","23","0","1","25","130","189","0"
"hazelcast","ed777f64e4d046bb45ae4ee062b463e33526e3ad","hazelcast/src/main/java/com/hazelcast/client/impl/ClientEndpointImpl.java","23","0","1","25","241","295","1"
"orientdb","daa89846a07faf0215b5d99ec4121ebd7395c41e","core/src/main/java/com/orientechnologies/orient/core/storage/cache/OCachePointer.java","23","0","1","26","191","276","0"
"elasticsearch","cb0824e957dcb7a20e8450f97283874eb61b9abe","core/src/main/java/org/elasticsearch/gateway/TransportNodesListGatewayStartedShards.java","23","0","1","28","262","341","0"
"elasticsearch","1863ab95f862294db7d105717656bd6452eef9d9","core/src/main/java/org/elasticsearch/gateway/TransportNodesListGatewayStartedShards.java","23","0","1","28","267","349","1"
"BroadleafCommerce","b1a58da9c5995e240462e75190bceadf6f12ed7a","core/broadleaf-framework/src/main/java/org/broadleafcommerce/core/catalog/dao/ProductDaoImpl.java","23","0","1","28","418","592","2"
"BroadleafCommerce","3072379213153ee7534fa1e9a7c358f58241e5d5","core/broadleaf-framework/src/main/java/org/broadleafcommerce/core/catalog/dao/ProductDaoImpl.java","23","0","1","28","419","592","2"
"BroadleafCommerce","6c1321f3fc2a7c13874a04c1cab075c25ea6a246","core/broadleaf-framework/src/main/java/org/broadleafcommerce/core/catalog/dao/ProductDaoImpl.java","23","0","1","28","419","593","2"
"BroadleafCommerce","fd115d220a261dca5689f7e743051efe5655d1d2","core/broadleaf-framework/src/main/java/org/broadleafcommerce/core/catalog/dao/ProductDaoImpl.java","23","0","1","28","420","595","2"
"oryx","e0b8eb77d5771ae8f13d00fd85fa143144cb8f42","app/oryx-app-serving/src/main/java/com/cloudera/oryx/app/serving/als/model/ALSServingModelManager.java","23","0","1","3","139","187","0"
"elasticsearch","31231531e117e257d7a2dcdccf89b5f179cde8a6","modules/elasticsearch/src/main/java/org/elasticsearch/search/highlight/HighlightPhase.java","23","0","1","3","165","210","0"
"hazelcast","01b0907276682b6972cc5d695ffb741b29de4132","hazelcast/src/main/java/com/hazelcast/client/impl/protocol/task/AuthenticationBaseMessageTask.java","23","0","1","3","191","238","1"
"neo4j","530cd9dd6f2874f7121a6905d6d7ad1a6b42f376","enterprise/ha/src/main/java/org/neo4j/kernel/ha/factory/HighlyAvailableEditionModule.java","23","0","1","3","704","920","1"
"elasticsearch","96729b309dff2fb36a30e0c83a5c4fb1538dbc06","src/main/java/org/elasticsearch/index/query/HasParentFilterParser.java","23","0","1","3","82","123","0"
"elasticsearch","1bc8f82d0a8a9750b9dae8534b4104cbf00b5c34","src/main/java/org/elasticsearch/index/query/FuzzyLikeThisQueryParser.java","23","0","1","3","82","127","1"
"elasticsearch","9ce7ca21e4aded64e8ba0e21dbe251e281f64b3d","src/main/java/org/elasticsearch/index/query/HasParentFilterParser.java","23","0","1","3","86","127","1"
"elasticsearch","50923a764cd28736710b9d9a4e30fe81a209e30b","src/main/java/org/elasticsearch/index/query/IdsQueryParser.java","23","0","1","3","92","129","1"
"elasticsearch","5378fd79019a47f928c59d0cd1e84f671ab18eee","src/main/java/org/elasticsearch/index/query/IdsQueryParser.java","23","0","1","3","92","129","1"
"elasticsearch","39d2377be68036da23a6e9b4c3233d0b63d7cf44","src/main/java/org/elasticsearch/index/query/IdsQueryParser.java","23","0","1","3","92","129","0"
"elasticsearch","5828796848674b656807406947f050626035845a","core/src/test/java/org/elasticsearch/index/shard/IndexShardTests.java","23","0","1","30","853","1002","2"
"hazelcast","65563ab5f024efe0698b34df7b7f51ab3254ce3e","hazelcast/src/main/java/com/hazelcast/cache/impl/CacheProxy.java","23","0","1","31","316","394","1"
"elasticsearch","3c9c9f33e2869d801026a966e22cb39ff380db8d","src/test/java/org/elasticsearch/search/suggest/CompletionSuggestSearchTests.java","23","0","1","35","879","1081","1"
"elasticsearch","9d214d14fe663c5d0dbe7c8a85cedd8bcd4930f2","src/test/java/org/elasticsearch/search/suggest/CompletionSuggestSearchTests.java","23","0","1","36","924","1133","0"
"hazelcast","6a6f228b8355fa02de85b4d68660c2b01257f2a5","hazelcast/src/main/java/com/hazelcast/nio/ClassLoaderUtil.java","23","0","1","4","117","159","2"
"orientdb","a2eaf6636bb600c7e6d311b0bb7d112bbaafb4a0","etl/src/main/java/com/orientechnologies/orient/etl/transformer/OETLLinkTransformer.java","23","0","1","4","117","161","0"
"hazelcast","23b1ee1770a0b1657bd86e27facd6c61f0e0cb5a","hazelcast/src/main/java/com/hazelcast/nio/ClassLoaderUtil.java","23","0","1","4","118","163","0"
"hazelcast","8480908ac8b3bd3ef24f2fe04e87f7e674fcf531","hazelcast/src/main/java/com/hazelcast/nio/ClassLoaderUtil.java","23","0","1","4","118","163","0"
"hazelcast","db096827b8fa9aab4250855beab6f0ecb5255235","hazelcast/src/main/java/com/hazelcast/nio/ClassLoaderUtil.java","23","0","1","4","118","163","1"
"hazelcast","13ee2009ce877b5f5755244f773c9b4aa6925c1d","hazelcast/src/main/java/com/hazelcast/nio/ClassLoaderUtil.java","23","0","1","4","124","171","2"
"hazelcast","102cc4ef8d2e7bf4eca5451494ef6bf09deb6e43","hazelcast/src/main/java/com/hazelcast/nio/ClassLoaderUtil.java","23","0","1","4","125","172","0"
"hazelcast","cfb0b95ecb4fbce016be038f5e9f7c8e0fe9eb8e","hazelcast/src/main/java/com/hazelcast/nio/ClassLoaderUtil.java","23","0","1","4","126","173","1"
"hazelcast","8bd2d96a7c183870d0ed03675177681dd3627754","hazelcast/src/main/java/com/hazelcast/map/impl/eviction/EvictorImpl.java","23","0","1","4","148","199","0"
"hazelcast","9a98cd8ff5b10aaa7334cf46153d8912ab903275","hazelcast/src/main/java/com/hazelcast/map/impl/eviction/EvictorImpl.java","23","0","1","4","157","208","1"
"BroadleafCommerce","e216da5ebb303680f5c60ffcd75979f5876ab5a6","common/src/main/java/org/broadleafcommerce/common/persistence/transaction/TransactionInfo.java","23","0","1","43","288","364","0"
"elasticsearch","952feb58e41bd0220784c44136b840ea4a740e26","core/src/main/java/org/elasticsearch/search/aggregations/bucket/terms/StringTermsAggregator.java","23","0","1","5","133","182","1"
"elasticsearch","e7d352b489272a87b05019869857656de7fb82fc","core/src/main/java/org/elasticsearch/search/aggregations/bucket/terms/StringTermsAggregator.java","23","0","1","5","135","184","0"
"elasticsearch","91c7892305472040ea42aead4ba755f0f9736c8b","src/test/java/org/elasticsearch/snapshots/DedicatedClusterSnapshotRestoreTests.java","23","0","1","5","316","414","0"
"oryx","d16f89b25fc5e12f94af6432274c66e0394c1743","app/oryx-app-mllib/src/main/java/com/cloudera/oryx/app/batch/mllib/als/ALSUpdate.java","23","0","1","5","425","548","0"
"oryx","fddb336ac30ea3fb0bde91c61ef043f523d7d9fe","app/oryx-app-mllib/src/main/java/com/cloudera/oryx/app/batch/mllib/als/ALSUpdate.java","23","0","1","5","427","550","0"
"oryx","27e9046b2bd92243c260efd8bcd0af46b92bdf9e","app/oryx-app-mllib/src/main/java/com/cloudera/oryx/app/batch/mllib/als/ALSUpdate.java","23","0","1","5","427","550","0"
"oryx","b004d50468963f3cef8e1ba1a319035ba8e17381","app/oryx-app-mllib/src/main/java/com/cloudera/oryx/app/batch/mllib/als/ALSUpdate.java","23","0","1","5","427","550","0"
"oryx","d5aabb60294a199106ef016e4f06bbad9239ecc1","app/oryx-app-mllib/src/main/java/com/cloudera/oryx/app/batch/mllib/als/ALSUpdate.java","23","0","1","5","427","550","1"
"orientdb","cc6b8dc9cdb87b2927b952b213f6ddb9046f4ea3","core/src/test/java/com/orientechnologies/orient/core/sql/OCommandExecutorSQLSelectTest.java","23","0","1","53","666","853","4"
"orientdb","67b44e38d6982f4b915b71290548d72dbd5aaa00","core/src/main/java/com/orientechnologies/orient/core/storage/impl/memory/ODirectMemoryOnlyDiskCache.java","23","0","1","54","462","604","1"
"orientdb","db4419422b763a4cb8fd7b439e3aee089c2ed806","tests/src/test/java/com/orientechnologies/orient/test/database/auto/ObjectTreeTest.java","23","0","1","56","1010","1216","1"
"oryx","3b0fc229b3818b52dda4b6b863f9bca5dcfc4d86","app/oryx-app-mllib/src/main/java/com/cloudera/oryx/app/batch/mllib/als/ALSUpdate.java","23","0","1","6","431","555","0"
"orientdb","9df1e17bf9f8ea115fe2f31b9a501a38380867a5","core/src/main/java/com/orientechnologies/common/concur/lock/OLockManager.java","23","0","1","7","129","185","1"
"netty","5fb18e3415377fd022ac46d3a898b905617cf232","codec-http2/src/main/java/io/netty/handler/codec/http2/InboundHttp2ToHttpAdapter.java","23","0","1","7","186","337","0"
"netty","01af0baaf7ab2da23ffbf46b2a35cbe11fdbf494","codec-http2/src/main/java/io/netty/handler/codec/http2/InboundHttp2ToHttpAdapter.java","23","0","1","7","192","344","1"
"elasticsearch","e15d2e2514f37acb36bc43064bc79bd672769ced","src/main/java/org/elasticsearch/search/aggregations/metrics/cardinality/CardinalityAggregator.java","23","0","1","7","198","278","1"
"elasticsearch","85c3c6fe62a758ffb49c2d2fe467f046691c77bd","src/main/java/org/elasticsearch/search/aggregations/metrics/cardinality/CardinalityAggregator.java","23","0","1","7","199","272","1"
"elasticsearch","ecdcc2df9283446a6e8a876845835e5040247500","src/main/java/org/elasticsearch/search/aggregations/metrics/cardinality/CardinalityAggregator.java","23","0","1","7","206","285","0"
"elasticsearch","292e53fe77cae17362029d79e6afb937e75eec89","src/main/java/org/elasticsearch/index/search/child/ChildrenConstantScoreQuery.java","23","0","1","7","222","287","0"
"elasticsearch","dd86db3347950f7a0a897556d85ec1bb70ea344a","src/main/java/org/elasticsearch/index/search/child/ChildrenConstantScoreQuery.java","23","0","1","7","224","289","0"
"hazelcast","de648aee4f10deb7e3de9baacf89e31e226dbcaa","hazelcast/src/test/java/com/hazelcast/map/NearCacheTest.java","23","0","1","7","245","319","1"
"elasticsearch","4695618c2753feb25bb6c8002739fbdb267124b3","modules/elasticsearch/src/main/java/org/elasticsearch/discovery/zen/ping/unicast/UnicastZenPing.java","23","0","1","7","284","378","0"
"elasticsearch","12a644c89b04dbe47964ec4911884997cd4353ee","src/test/java/org/elasticsearch/test/unit/common/compress/CompressIndexInputOutputTests.java","23","0","1","7","296","339","0"
"elasticsearch","99714ee1bd991fed204620c32e9f59a323018d2f","src/test/java/org/elasticsearch/gateway/RecoveryFromGatewayTests.java","23","0","1","7","327","449","2"
"elasticsearch","f735baf306571ec9949514a14828f18058972044","src/test/java/org/elasticsearch/gateway/RecoveryFromGatewayTests.java","23","0","1","7","327","449","1"
"elasticsearch","faae98c5d8a27bada65691fe7c48a6f9316eb467","src/test/java/org/elasticsearch/gateway/RecoveryFromGatewayTests.java","23","0","1","7","327","449","2"
"elasticsearch","3e32dd985aabfa5ee653b26bcb6ff97c74a426a2","src/test/java/org/elasticsearch/gateway/RecoveryFromGatewayTests.java","23","0","1","7","327","449","0"
"elasticsearch","34093735e34529ee71506049e27405863cec3b0c","core/src/test/java/org/elasticsearch/cluster/routing/OperationRoutingTests.java","23","0","1","7","371","431","1"
"elasticsearch","0a69f1e283e26e5d9e6a000b68b9f4778de557a1","core/src/test/java/org/elasticsearch/search/geo/GeoFilterIT.java","23","0","1","7","443","589","2"
"elasticsearch","5a64f08f048461a63a0ca1354a5050c954e63d52","core/src/test/java/org/elasticsearch/search/geo/GeoFilterIT.java","23","0","1","7","449","596","0"
"orientdb","00dc57efb42f34431ba4e1392c9c46292cf221ff","tests/src/test/java/com/orientechnologies/orient/test/database/auto/ObjectTreeTest.java","23","0","1","74","1114","1360","1"
"orientdb","3b090889e7ce5a731faccd180b56fd3c047ecd32","tests/src/test/java/com/orientechnologies/orient/test/database/auto/ObjectTreeTest.java","23","0","1","74","1117","1360","2"
"orientdb","108373f95098061206f52388bfcc547071e6eec0","tests/src/test/java/com/orientechnologies/orient/test/database/auto/ObjectTreeTest.java","23","0","1","74","1123","1366","1"
"orientdb","83de6ccf07238d3aab581a24d235a6afb4e0b0d6","tests/src/test/java/com/orientechnologies/orient/test/database/auto/ObjectTreeTest.java","23","0","1","74","1123","1366","1"
"orientdb","745daf592bd3e0576ff1e0c64c8039a5099a453b","tests/src/test/java/com/orientechnologies/orient/test/database/auto/ObjectTreeTest.java","23","0","1","74","1123","1366","0"
"hazelcast","3c75c3b73ebeceb1d35600afd14be9dc65cf1e0f","hazelcast/src/main/java/com/hazelcast/internal/jmx/ManagementService.java","23","0","1","8","159","201","0"
"hazelcast","c156976e3a4ea9a63387231bd5a9e0b0992047d1","hazelcast/src/main/java/com/hazelcast/internal/jmx/ManagementService.java","23","0","1","8","159","201","0"
"hazelcast","fcdef25828632fa76b68808428e788a881e3ca2e","hazelcast/src/main/java/com/hazelcast/internal/jmx/ManagementService.java","23","0","1","8","159","201","0"
"hazelcast","06cbdda3edd04f7c36ce779d59b5cf2b97a7b190","hazelcast/src/main/java/com/hazelcast/internal/jmx/ManagementService.java","23","0","1","8","159","201","1"
"hazelcast","15ad63e930e2d564e6911025f5d234fd4144e345","hazelcast/src/main/java/com/hazelcast/map/eviction/EvictionOperator.java","23","0","1","8","185","237","0"
"hazelcast","4059dec381d619cbd4813a74b9e9549c1b4e3918","hazelcast/src/test/java/com/hazelcast/spi/impl/operationservice/impl/RepartitioningStressTest.java","23","0","1","8","201","273","0"
"elasticsearch","0ee889fd8b263cd4117708491c2687dff8d8b743","src/test/java/org/elasticsearch/index/mapper/all/SimpleAllMapperTests.java","23","0","1","8","256","306","0"
"elasticsearch","1584c73e4a85037ce83744a384805f234b288548","src/main/java/org/elasticsearch/search/aggregations/bucket/terms/InternalTerms.java","23","0","1","9","151","202","1"
"elasticsearch","01b18ad219933679256753fa8639c37d11cac1ff","src/main/java/org/elasticsearch/search/aggregations/bucket/terms/InternalTerms.java","23","0","1","9","152","204","0"
"hazelcast","58971c3baa649e5b6cbf5bd65c28bf02b8e50cb4","hazelcast-client-legacy/src/main/java/com/hazelcast/client/spi/impl/ClientPartitionServiceImpl.java","23","0","1","9","209","267","0"
"hazelcast","1ec9b79a96f8c74881d2912c4d7b3c40f62a8b64","hazelcast-client/src/main/java/com/hazelcast/client/spi/impl/listener/ClientSmartListenerService.java","23","0","1","9","239","301","1"
"netty","23d017849429c18e1890b0a5799e5262df4f269f","transport/src/main/java/io/netty/channel/local/LocalChannel.java","23","0","1","9","264","338","0"
"elasticsearch","caacce942922f4dec957b718028f0965179d3e5f","src/test/java/org/elasticsearch/index/mapper/all/SimpleAllMapperTests.java","23","0","1","9","274","327","1"
"netty","a3b4cdd614d0ecd20c1b23758df969df0ca410a4","transport/src/main/java/io/netty/channel/local/LocalChannel.java","23","0","1","9","279","355","0"
"elasticsearch","b7106622d822f8ff24a95bceaf49eb72c5ad60df","src/test/java/org/elasticsearch/test/integration/percolator/SimplePercolatorTests.java","23","0","1","9","339","435","1"
"netty","b419bd152a7ea4946bff824ce1c6eff62d2c56ce","codec-http/src/main/java/io/netty/handler/codec/http/HttpVersion.java","23","0","10","3","152","273","0"
"netty","f6ffc5c1c7dc91407f037b58b21ccd5bdcd2548f","codec-http/src/main/java/io/netty/handler/codec/http/HttpVersion.java","23","0","10","3","152","273","0"
"netty","ca9d1658a00fef7be53abeaf499cb78bdc3a5017","codec-http/src/main/java/io/netty/handler/codec/http/HttpVersion.java","23","0","10","3","152","273","1"
"elasticsearch","0ccf8a742df544c25edec70d1f91f2aab2028773","core/src/main/java/org/elasticsearch/common/bytes/BytesReference.java","23","0","10","3","185","281","1"
"elasticsearch","cb5c25ab4fb78c0da392726566ee3d74924454c5","core/src/main/java/org/elasticsearch/common/bytes/BytesReference.java","23","0","10","3","190","288","0"
"neo4j","6b75a9235ea38e0c47caacd25cc919023c0c958b","community/lucene-index/src/main/java/org/neo4j/kernel/api/impl/index/AbstractLuceneIndex.java","23","0","10","6","265","386","0"
"neo4j","e6f84e88fecffdd2dd28e4ee978d77df94914908","community/lucene-index/src/main/java/org/neo4j/kernel/api/impl/index/AbstractLuceneIndex.java","23","0","11","6","314","433","1"
"elasticsearch","628dabd6637a9109ed54a741a661b772f5978dd1","core/src/main/java/org/elasticsearch/search/sort/ScriptSortBuilder.java","23","0","12","10","266","381","0"
"netty","74738fbd08eec71dc6c8dd801f79e7f2e3e7f366","common/src/main/java/io/netty/util/internal/PlatformDependent.java","23","0","12","14","215","337","0"
"elasticsearch","4a7b70cc082953dc7cd09b715916e3d1f8813f74","modules/lang-painless/src/main/java/org/elasticsearch/painless/Locals.java","23","0","12","5","202","322","1"
"elasticsearch","ccc4e414ff2ff8f0e1a45c2144fafa6733fddc72","core/src/main/java/org/elasticsearch/indices/recovery/RecoveryTarget.java","23","0","13","18","328","471","2"
"elasticsearch","34eda1a1a8989ba12d99a94969da5b0e9c7496ea","core/src/main/java/org/elasticsearch/env/Environment.java","23","0","14","6","226","376","0"
"elasticsearch","ef0e3db0de6928ddca70d18e929223980f283fe1","core/src/main/java/org/elasticsearch/index/IndexModule.java","23","0","15","4","216","372","0"
"hazelcast","e36951ca7052e1c3615bd11cc47443c094783a12","hazelcast/src/test/java/com/hazelcast/internal/nearcache/AbstractNearCacheBasicTest.java","23","0","16","1","280","502","1"
"hazelcast","83504ab6376beba2d569ea38dc59529a2f97fb4f","hazelcast/src/test/java/com/hazelcast/internal/nearcache/AbstractNearCacheBasicTest.java","23","0","16","1","293","517","0"
"elasticsearch","17a2fffc9be50102fa5a9da72053c82df23b1a64","core/src/main/java/org/elasticsearch/index/IndexModule.java","23","0","16","4","232","393","2"
"elasticsearch","00de8e07fc3df9c763bbc0b6890217dc5b6bee3e","core/src/main/java/org/elasticsearch/index/IndexModule.java","23","0","16","4","234","398","3"
"elasticsearch","d06a8903fdccf5985bb1b9cbfcb92580d08a544c","core/src/main/java/org/elasticsearch/index/IndexModule.java","23","0","16","4","245","409","0"
"elasticsearch","046abdc281c321cd2128ee7684c0edfcaca07203","test/framework/src/main/java/org/elasticsearch/test/transport/MockTransportService.java","23","0","18","35","444","647","2"
"elasticsearch","e74d02138f02a66331b2611b5e70a908bb49cb97","test/framework/src/main/java/org/elasticsearch/test/transport/MockTransportService.java","23","0","18","35","445","648","0"
"elasticsearch","42b71a004ad53c4fea6a5ebd5cbbe9abcecca6bb","src/main/java/org/elasticsearch/action/bulk/BulkProcessor.java","23","0","19","5","239","387","0"
"netty","cd6b5def8d5d25d4215bb12654bdd2fcbec0be6f","codec-memcache/src/main/java/io/netty/handler/codec/memcache/binary/AbstractBinaryMemcacheDecoder.java","23","0","2","0","156","285","0"
"orientdb","c3943915a7ca022d85b4aea72942208d7cf621c4","distributed/src/main/java/com/orientechnologies/orient/server/distributed/impl/OIncrementalServerSync.java","23","0","2","0","187","290","1"
"orientdb","40eeb1f2dd529f467d5854913f0df623963a7038","distributed/src/main/java/com/orientechnologies/orient/server/distributed/impl/OIncrementalServerSync.java","23","0","2","0","188","291","0"
"junit","563d32cd3eea98a0f87aa12c48b309678d94d5a2","src/main/java/org/junit/runners/BlockJUnit4ClassRunner.java","23","0","2","0","256","478","0"
"hazelcast","e6667194e520431ae4f36ae951ba8afc5072968f","hazelcast/src/main/java/com/hazelcast/cache/impl/HazelcastServerCachingProvider.java","23","0","2","1","137","210","0"
"elasticsearch","105f4dd512115d0a802319af02c5f68f789bcdfc","src/main/java/org/elasticsearch/search/internal/ContextIndexSearcher.java","23","0","2","10","143","208","1"
"elasticsearch","283b0931ff7de13b1e35ad8646bec1dba63b8112","src/main/java/org/elasticsearch/search/internal/ContextIndexSearcher.java","23","0","2","11","149","216","0"
"elasticsearch","b865047125648cd571e40b165357fbb0b2f7a51f","src/main/java/org/elasticsearch/indices/InternalIndicesService.java","23","0","2","11","286","370","0"
"hazelcast","8bccd78b8bd69738aa620adeef1b61025baca895","hazelcast/src/main/java/com/hazelcast/internal/metrics/impl/MetricsRegistryImpl.java","23","0","2","12","202","294","1"
"antlr4","05f4b76fab637e118dc3172f067c5f60ad131412","tool/src/org/antlr/v4/automata/LexerATNFactory.java","23","0","2","12","223","293","1"
"titan","b428f3b0b34bc81d67ec83b7203320ba2578bf89","titan-core/src/main/java/com/thinkaurelius/titan/graphdb/query/GraphCentricQueryBuilder.java","23","0","2","13","183","244","0"
"elasticsearch","371c73e14023917f3892090d2d3d7ff9ac1216b9","core/src/main/java/org/elasticsearch/cluster/action/shard/ShardStateAction.java","23","0","2","14","366","484","3"
"elasticsearch","78574d248cf10dad1c5a566fda79e1e0c94afe43","core/src/main/java/org/elasticsearch/cluster/action/shard/ShardStateAction.java","23","0","2","14","366","484","2"
"elasticsearch","e6aaaf11ed4a1b8f595f920de1840938eddb7a97","core/src/main/java/org/elasticsearch/cluster/action/shard/ShardStateAction.java","23","0","2","14","366","484","2"
"elasticsearch","a60b8948ba1d836a6eac7cff095519e618939ed8","core/src/main/java/org/elasticsearch/cluster/action/shard/ShardStateAction.java","23","0","2","14","366","484","0"
"elasticsearch","f6aec3fdb53d7e3d7693393c25d5c3012efecb07","core/src/main/java/org/elasticsearch/index/mapper/internal/ParentFieldMapper.java","23","0","2","16","253","332","0"
"hazelcast","df1444e93547fff475fad09eecb54bffe0115b77","hazelcast/src/test/java/com/hazelcast/impl/ClusterLockTest.java","23","0","2","16","504","590","1"
"hazelcast","242b0f9bb3bd45a382ae2f3589d6d4ab6a32ccd6","hazelcast/src/test/java/com/hazelcast/impl/ClusterLockTest.java","23","0","2","16","505","584","2"
"mcMMO","7a14e61762bd2b211ae6f4ef53b81452b381322c","src/main/java/com/gmail/nossr50/util/EventUtils.java","23","0","2","17","214","306","1"
"mcMMO","a4a1ba43318a0757816fc57010922d0002dbcac9","src/main/java/com/gmail/nossr50/mcMMO.java","23","0","2","17","280","377","0"
"hazelcast","d07bad0d4f02db1131fe9ba86f9f821e7af631ae","hazelcast/src/main/java/com/hazelcast/config/PermissionConfig.java","23","0","2","20","163","273","0"
"neo4j","fa816e9779bf1c0283c3c6f59e34d454940631cb","enterprise/causal-clustering/src/main/java/org/neo4j/causalclustering/core/consensus/RaftMachine.java","23","0","2","22","310","411","1"
"hazelcast","c57d3349fbdda6d4454ef257937a2199cea9572f","hazelcast/src/main/java/com/hazelcast/map/impl/event/DefaultEntryEventFilteringStrategy.java","23","0","2","3","102","153","0"
"orientdb","2ad391a42cfcf22c4cbb4739f65e88524a67c891","core/src/main/java/com/orientechnologies/orient/core/sql/OCommandExecutorSQLAlterProperty.java","23","0","2","4","114","173","2"
"hazelcast","abea577e3ff2afd26a796b5c27a6f0388007f9e5","hazelcast/src/main/java/com/hazelcast/query/impl/AndResultSet.java","23","0","2","4","122","172","1"
"elasticsearch","caca13c878f2091756bfdd8a87a1a8ff0f3b4b39","core/src/main/java/org/elasticsearch/common/util/concurrent/PrioritizedEsThreadPoolExecutor.java","23","0","2","6","190","263","0"
"orientdb","3e0c4380a047e216eb5b8bb8c451673bf8c5778f","lucene/src/test/java/com/orientechnologies/lucene/test/BaseLuceneTest.java","23","0","2","7","188","275","0"
"orientdb","9bdd162585b56e86b180227805d33351ec66fcfa","distributed/src/main/java/com/orientechnologies/orient/server/distributed/sql/OCommandExecutorSQLHASyncCluster.java","23","0","2","7","191","277","1"
"elasticsearch","1424f09c02927d9caada7f6ea45285b411d88d12","modules/lang-painless/src/main/java/org/elasticsearch/painless/Variables.java","23","0","2","9","118","202","0"
"antlr4","735b40431dd0359b372bf284da3af55154826e33","tool/src/org/antlr/v4/codegen/target/JavaScriptTarget.java","23","0","2","9","132","235","0"
"hazelcast","6084b213eafaf4894cee525497a0078bfd48bd2a","hazelcast-client/src/main/java/com/hazelcast/client/spi/impl/listener/ClientSmartListenerService.java","23","0","2","9","242","305","1"
"hazelcast","78fde5652f4ca1dad66dac38f762f54f2e4fcad2","hazelcast-client/src/main/java/com/hazelcast/client/spi/impl/listener/ClientSmartListenerService.java","23","0","2","9","242","305","1"
"hazelcast","a7693e73119b42a3f46bee85e07a7a3cb723c531","hazelcast-client/src/main/java/com/hazelcast/client/spi/impl/listener/ClientSmartListenerService.java","23","0","2","9","242","305","0"
"Android-Universal-Image-Loader","062e3e2a3a6ce7329de28df77d19b849625ee11b","UniversalImageLoader/src/com/nostra13/universalimageloader/core/ImageLoaderConfiguration.java","23","0","20","1","212","406","1"
"netty","e074df2ae6501d99921543369198c53e4d99ed1b","resolver-dns/src/main/java/io/netty/resolver/dns/DnsNameResolverBuilder.java","23","0","22","0","175","367","0"
"netty","36c6a61d33c480798511723486459f4eea04cb47","resolver-dns/src/main/java/io/netty/resolver/dns/DnsNameResolverBuilder.java","23","0","23","0","182","384","1"
"hazelcast","0f550598f8d9f6c62d3bc81f88248d1e11b537c3","hazelcast/src/test/java/com/hazelcast/internal/nearcache/NearCacheTestUtils.java","23","0","23","2","252","474","0"
"elasticsearch","0189a65e6bfc623813c6c088d19a0509fbeb64da","core/src/main/java/org/elasticsearch/index/reindex/AbstractBulkByScrollRequest.java","23","0","25","7","237","454","2"
"elasticsearch","1c63c823b0e4c07d4ba0e4767840f68162b7b4b8","core/src/main/java/org/elasticsearch/index/reindex/AbstractBulkByScrollRequest.java","23","0","25","7","237","454","2"
"elasticsearch","2ccc223ff761043807683f34b29c693af6c94d95","core/src/main/java/org/elasticsearch/index/reindex/AbstractBulkByScrollRequest.java","23","0","25","7","237","454","1"
"elasticsearch","b8cd82e5c2a9577dfd521df80f7fbc893145fe41","core/src/main/java/org/elasticsearch/index/reindex/AbstractBulkByScrollRequest.java","23","0","25","7","237","454","2"
"elasticsearch","eb754a71be77efbfceb233573c2dc34f7eb7b702","core/src/main/java/org/elasticsearch/index/reindex/AbstractBulkByScrollRequest.java","23","0","25","7","237","454","0"
"elasticsearch","74178141544e94931a3a0c1c2577347c838ef0fb","src/main/java/org/elasticsearch/script/javascript/support/ScriptValueConverter.java","23","0","3","0","92","184","0"
"mcMMO","1edb11cedf98faf89230484076bf6ea8ce5e2c8d","src/main/java/com/gmail/nossr50/util/MobHealthbarUtils.java","23","0","3","1","120","174","0"
"neo4j","0bcaf3798232de098570364734f6391b4ec73761","community/bolt/src/main/java/org/neo4j/bolt/v1/runtime/internal/SessionStateMachine.java","23","0","3","13","510","671","0"
"hazelcast","18f96b031b99440d92e94924f062931d6c376c48","hazelcast/src/test/java/com/hazelcast/wan/WanReplicationTest.java","23","0","3","14","498","631","1"
"hazelcast","045b97bc6c971aca3a7d2618b899d25a72a95dc8","hazelcast/src/test/java/com/hazelcast/wan/WanReplicationTest.java","23","0","3","14","502","636","0"
"elasticsearch","84fa9ead4d19aceed4540ccd44c06c37fd629da2","src/main/java/org/elasticsearch/common/geo/GeoPoint.java","23","0","3","16","149","225","0"
"hazelcast","6ac727db661eb934e5608e28e8a3603e7300d710","hazelcast/src/main/java/com/hazelcast/map/impl/mapstore/writebehind/WriteBehindStore.java","23","0","3","19","198","331","0"
"neo4j","a81cec2835334f193e2fc02122952a18975fdf6c","enterprise/causal-clustering/src/main/java/org/neo4j/causalclustering/core/consensus/RaftMachine.java","23","0","3","21","313","420","0"
"elasticsearch","71849668e9d05fa72efabb83654aa5a3293c309b","src/test/java/org/elasticsearch/test/integration/AbstractSharedClusterTest.java","23","0","3","22","296","390","1"
"elasticsearch","178629382cae497aaa5b4842208cd570b189bd52","src/test/java/org/elasticsearch/test/integration/AbstractSharedClusterTest.java","23","0","3","22","298","393","0"
"elasticsearch","d84c643f5880a88d2e5c38b487123161f3e01fe0","core/src/test/java/org/elasticsearch/search/aggregations/bucket/SignificantTermsSignificanceScoreIT.java","23","0","3","24","427","520","0"
"elasticsearch","c2e50b010b35d17a4bd42ca629da7aa4b6445e14","plugins/lang-groovy/src/test/java/org/elasticsearch/messy/tests/GeoDistanceTests.java","23","0","3","5","634","775","1"
"elasticsearch","5a64f08f048461a63a0ca1354a5050c954e63d52","modules/lang-groovy/src/test/java/org/elasticsearch/messy/tests/GeoDistanceTests.java","23","0","3","5","634","776","0"
"elasticsearch","c67a33248688f603cd04c8b996f4de3cbd8ea1ba","plugins/lang-groovy/src/test/java/org/elasticsearch/messy/tests/GeoDistanceTests.java","23","0","3","5","634","776","0"
"elasticsearch","0a69f1e283e26e5d9e6a000b68b9f4778de557a1","modules/lang-groovy/src/test/java/org/elasticsearch/messy/tests/GeoDistanceTests.java","23","0","3","5","634","776","2"
"titan","0d8b54a4de742f9ccbad2cd43e9c2ae9f35e6909","src/main/java/com/thinkaurelius/titan/diskstorage/cassandra/CassandraThriftStorageManager.java","23","0","3","6","272","445","1"
"titan","995bcb422f0002c02ffa0d9a0a42b840275fa0f6","src/main/java/com/thinkaurelius/titan/diskstorage/cassandra/CassandraThriftStorageManager.java","23","0","3","6","273","445","0"
"elasticsearch","749039ad4f4ff311dcaa17463dafc82d42174db1","test/framework/src/main/java/org/elasticsearch/transport/MockTcpTransport.java","23","0","3","7","288","380","3"
"elasticsearch","567c65b0d57e92cd530dafa7f55de7ba681af13e","test/framework/src/main/java/org/elasticsearch/transport/MockTcpTransport.java","23","0","3","7","289","381","2"
"elasticsearch","155de53fe394d18216b72a1947c20d35788564e8","test/framework/src/main/java/org/elasticsearch/transport/MockTcpTransport.java","23","0","3","7","290","382","2"
"elasticsearch","4fd1276542a641cd59309bc7ea3f928321243afe","test/framework/src/main/java/org/elasticsearch/transport/MockTcpTransport.java","23","0","3","7","293","386","2"
"elasticsearch","0e9186e1373b99e261d80317c836477b7cc31d66","test/framework/src/main/java/org/elasticsearch/transport/MockTcpTransport.java","23","0","3","7","300","398","0"
"elasticsearch","abb7d7841f0138024477d53f47fc175b5bdf8b08","test/framework/src/main/java/org/elasticsearch/transport/MockTcpTransport.java","23","0","3","7","302","400","1"
"elasticsearch","2db01b61274d8487b8519933a9771e25f2a7c043","test/framework/src/main/java/org/elasticsearch/transport/MockTcpTransport.java","23","0","3","7","316","414","2"
"elasticsearch","acf2d2f86fea71f66ed7d004614fd7af33bf7a3d","test/framework/src/main/java/org/elasticsearch/transport/MockTcpTransport.java","23","0","3","8","328","427","0"
"netty","eb23c9d27c84ab7cf2c33f28d2b761673a41b435","codec-http/src/main/java/io/netty/handler/codec/http/websocketx/WebSocketClientHandshaker00.java","23","0","4","0","159","288","0"
"netty","3b729848dc075dac0ed449422be96d2eaff51379","codec-http/src/main/java/io/netty/handler/codec/http/websocketx/WebSocketClientHandshaker00.java","23","0","4","0","159","289","0"
"netty","5ffb495746e55c440273ec7cc4741ab28e1f9017","codec-http/src/main/java/io/netty/handler/codec/http/websocketx/WebSocketClientHandshaker00.java","23","0","4","0","160","290","0"
"netty","46d713970b624b01a4f4d4cfbbc8523e57e16c14","codec-http/src/main/java/io/netty/handler/codec/http/websocketx/WebSocketClientHandshaker00.java","23","0","4","0","160","292","0"
"elasticsearch","371c73e14023917f3892090d2d3d7ff9ac1216b9","core/src/main/java/org/elasticsearch/search/aggregations/AggregatorParsers.java","23","0","4","1","131","197","3"
"elasticsearch","78574d248cf10dad1c5a566fda79e1e0c94afe43","core/src/main/java/org/elasticsearch/search/aggregations/AggregatorParsers.java","23","0","4","1","131","197","2"
"elasticsearch","e6aaaf11ed4a1b8f595f920de1840938eddb7a97","core/src/main/java/org/elasticsearch/search/aggregations/AggregatorParsers.java","23","0","4","1","131","197","2"
"elasticsearch","a60b8948ba1d836a6eac7cff095519e618939ed8","core/src/main/java/org/elasticsearch/search/aggregations/AggregatorParsers.java","23","0","4","1","131","197","0"
"netty","ca29f1a37d49e86d2b7667ff41cf4dd58e7e1381","transport/src/main/java/io/netty/channel/socket/nio/NioSocketChannel.java","23","0","4","10","232","309","1"
"hazelcast","1e49fcaebd189049ba01c3d385f4bccb21195f5d","hazelcast/src/main/java/com/hazelcast/map/impl/MapKeyLoader.java","23","0","4","10","292","413","1"
"hazelcast","0da2a04eaab1daf7ee512f8b079a4eef0c81751a","hazelcast/src/main/java/com/hazelcast/map/impl/MapKeyLoader.java","23","0","4","10","293","414","1"
"orientdb","8eb993b603e4850d756d7a5f665afa01f0778231","core/src/main/java/com/orientechnologies/orient/core/config/OContextConfiguration.java","23","0","4","13","97","165","1"
"orientdb","6291aad36ffcf5634db0e0f102f12d545dc4aa94","core/src/main/java/com/orientechnologies/orient/core/config/OContextConfiguration.java","23","0","4","14","100","169","0"
"oryx","6168157dff2bc3dc210abe2f731785f2ad07960e","framework/oryx-lambda-serving/src/main/java/com/cloudera/oryx/lambda/serving/ServingLayer.java","23","0","4","2","246","339","0"
"oryx","e8030b3b78146e503ddc673f09a60ca7b2aaf0d5","framework/oryx-lambda-serving/src/main/java/com/cloudera/oryx/lambda/serving/ServingLayer.java","23","0","4","2","248","341","0"
"elasticsearch","a2d07058e8557539e843fc3c2cace23b56512344","src/main/java/org/elasticsearch/cluster/action/index/MappingUpdatedAction.java","23","0","4","22","341","450","1"
"elasticsearch","b75d1d885a4f56edf8d1b8cd393298588fbd0123","src/main/java/org/elasticsearch/cluster/action/index/MappingUpdatedAction.java","23","0","4","22","346","457","0"
"netty","2fd42cfc6b32dacb812c6f2ecef8522cd94718d4","codec-http2/src/test/java/io/netty/handler/codec/http2/Http2TestUtil.java","23","0","4","5","388","483","1"
"netty","ead87b7df8d923417475ead2d7680747b1a72f07","codec-http2/src/test/java/io/netty/handler/codec/http2/Http2TestUtil.java","23","0","4","5","389","484","2"
"mcMMO","d0c0b9a089d3b99e7fe68740860fef2d0275613f","src/main/java/com/gmail/nossr50/commands/CommandHelper.java","23","0","4","6","111","171","0"
"elasticsearch","9d214d14fe663c5d0dbe7c8a85cedd8bcd4930f2","src/main/java/org/elasticsearch/index/fielddata/IndexFieldDataService.java","23","0","4","6","208","268","1"
"elasticsearch","17d34d5c9728c27e3b9117eb6e177c56a90c879b","src/main/java/org/elasticsearch/index/fielddata/IndexFieldDataService.java","23","0","4","6","210","270","0"
"elasticsearch","c49276cda71e2282ec8204e485556965f5541bdb","src/main/java/org/elasticsearch/index/fielddata/IndexFieldDataService.java","23","0","4","6","210","270","0"
"elasticsearch","03402c7ed8356241ac2407ad691709ee585b0bee","src/main/java/org/elasticsearch/index/fielddata/IndexFieldDataService.java","23","0","4","6","210","270","1"
"BroadleafCommerce","7b665e30fc319cf32e2131b74a6f7f6e3072c3cb","core/broadleaf-framework/src/main/java/org/broadleafcommerce/core/offer/domain/OfferImpl.java","23","0","4","83","725","898","1"
"hazelcast","a7a217d71903d2f2dad86696477fd7bab1ad2d3f","hazelcast/src/main/java/com/hazelcast/map/impl/MapKeyLoader.java","23","0","4","9","283","390","1"
"hazelcast","ea28b95cb1439b1476e52dac957f57501bbd0e86","hazelcast/src/main/java/com/hazelcast/map/impl/MapKeyLoader.java","23","0","4","9","288","396","3"
"hazelcast","fe0a82dcb2740ae16c4e43ed58aa6ad7334c2096","hazelcast/src/main/java/com/hazelcast/map/impl/MapKeyLoader.java","23","0","4","9","288","396","2"
"hazelcast","9f4683d5a85f43e66b325518ea73bb172f5fd565","hazelcast/src/main/java/com/hazelcast/map/impl/MapKeyLoader.java","23","0","4","9","288","396","0"
"elasticsearch","664d67d41d972fd732251fc891f2b1d75e39cb5d","core/src/main/java/org/elasticsearch/search/internal/DefaultSearchContext.java","23","0","4","90","587","739","2"
"elasticsearch","5a64f08f048461a63a0ca1354a5050c954e63d52","core/src/main/java/org/elasticsearch/search/internal/DefaultSearchContext.java","23","0","4","90","596","753","0"
"elasticsearch","0a69f1e283e26e5d9e6a000b68b9f4778de557a1","core/src/main/java/org/elasticsearch/search/internal/DefaultSearchContext.java","23","0","4","91","599","766","2"
"elasticsearch","698eb7de9b3b0da7ce8ee8f6ac8efcb38947bbdb","src/main/java/org/elasticsearch/action/search/SearchRequest.java","23","0","40","11","316","556","1"
"netty","1a83232ab207eac0b904e30f4d7374f8abe13b1a","transport/src/main/java/io/netty/channel/socket/nio/NioSocketChannel.java","23","0","5","10","263","353","0"
"elasticsearch","0e9186e1373b99e261d80317c836477b7cc31d66","core/src/main/java/org/elasticsearch/discovery/zen/ElectMasterService.java","23","0","5","12","154","228","0"
"elasticsearch","0b9729af5b1e40faf6f283ada2a90af20d879393","core/src/main/java/org/elasticsearch/search/suggest/phrase/DirectCandidateGenerator.java","23","0","5","14","204","271","1"
"elasticsearch","69be7f77fc54d3f46837b8a90e8d81fa29eef834","core/src/main/java/org/elasticsearch/search/suggest/phrase/DirectCandidateGenerator.java","23","0","5","14","204","273","0"
"elasticsearch","4f7792e64b4ce29197e21486afd090f7187a23c4","src/main/java/org/elasticsearch/search/suggest/phrase/DirectCandidateGenerator.java","23","0","5","14","209","276","0"
"hazelcast","ff324798cb1c6e87d714ecacf8a8891f30249a5b","hazelcast/src/test/java/com/hazelcast/wan/WanReplicationTest.java","23","0","5","15","547","702","1"
"hazelcast","3501d411f72f972e7a689602bb5aaed391b4e6a8","hazelcast/src/test/java/com/hazelcast/wan/WanReplicationTest.java","23","0","5","16","556","713","0"
"orientdb","30ff9985cfca4f3e9a7af445fe2d2c525bdac532","core/src/main/java/com/orientechnologies/orient/core/metadata/sequence/OSequence.java","23","0","5","18","212","304","0"
"orientdb","2e824744c53939c3773f8f35376c6abbf2dc221c","core/src/main/java/com/orientechnologies/orient/core/metadata/sequence/OSequence.java","23","0","5","19","216","309","1"
"hazelcast","575fbf13efa08f241c59ca4d2027ec1f4a13c6d6","hazelcast/src/test/java/com/hazelcast/nio/serialization/SerializationTest.java","23","0","5","21","509","650","0"
"MapDB","c52b02d9ce625c085555e82b7050a917efeb2a2d","src/main/java/org/mapdb/EngineWrapper.java","23","0","5","58","416","566","1"
"elasticsearch","510fbf12c3b503f060439fc01823235ddef14ccb","src/main/java/org/elasticsearch/cluster/routing/allocation/command/AllocateAllocationCommand.java","23","0","5","7","134","206","1"
"elasticsearch","0cf1d16187fcf10e9d0e64402bb6d0ebba5d7b80","core/src/main/java/org/elasticsearch/index/query/AbstractQueryBuilder.java","23","0","5","8","190","284","1"
"elasticsearch","6c3beaa2ebe4921474addf07ce3aa02a3cb7f915","core/src/main/java/org/elasticsearch/index/query/AbstractQueryBuilder.java","23","0","5","8","193","294","0"
"hazelcast","c2f56fc46faa182b49497aaee20d218779480f5f","hazelcast/src/main/java/com/hazelcast/spi/impl/proxyservice/impl/ProxyRegistry.java","23","0","6","1","157","257","2"
"hazelcast","50ce67e41ed788d508334279c8525decaa195334","hazelcast/src/main/java/com/hazelcast/spi/impl/proxyservice/impl/ProxyRegistry.java","23","0","6","1","158","258","0"
"BroadleafCommerce","426027b921471cf5821fc1376fa2096eb77bd9f8","admin/broadleaf-open-admin-platform/src/main/java/org/broadleafcommerce/openadmin/web/form/entity/Field.java","23","0","6","109","436","599","0"
"elasticsearch","567c65b0d57e92cd530dafa7f55de7ba681af13e","core/src/main/java/org/elasticsearch/discovery/zen/ElectMasterService.java","23","0","6","12","155","229","2"
"mcMMO","62aed496cc39fd19c82ff44156ab44bcf4cca976","src/main/java/com/gmail/nossr50/util/Misc.java","23","0","6","7","128","207","0"
"elasticsearch","577dcb32374cf2528a5deadf0a57f1ea1d5a9cbd","core/src/main/java/org/elasticsearch/discovery/zen/ElectMasterService.java","23","0","7","11","156","233","1"
"ceylon-ide-eclipse","6dc45ff3fafa8f0e59977c0291ddec7f97efaede","plugins/com.redhat.ceylon.eclipse.ui/src/com/redhat/ceylon/eclipse/ui/CeylonPlugin.java","23","0","7","16","528","655","1"
"ceylon-ide-eclipse","1cfcc411e9affda9de0b72cd43a67f5ec3bb327a","plugins/com.redhat.ceylon.eclipse.ui/src/com/redhat/ceylon/eclipse/ui/CeylonPlugin.java","23","0","7","16","529","656","0"
"elasticsearch","2753db4685d892e40edafb4dac13fba93a4e0fe8","src/test/java/org/elasticsearch/search/aggregations/bucket/DateHistogramTests.java","23","0","7","27","1033","1300","1"
"elasticsearch","2bc033d786b2fa694d1599a448d375b2debfa2a1","core/src/test/java/org/elasticsearch/search/aggregations/bucket/DateHistogramTests.java","23","0","7","27","1046","1318","3"
"elasticsearch","2fecc7e5c91987629a97e68eae3928b83153f592","core/src/test/java/org/elasticsearch/search/aggregations/bucket/DateHistogramIT.java","23","0","7","28","1053","1326","3"
"elasticsearch","cdd13253deee8c4f0cafe5a048161e4efb9ffce7","core/src/test/java/org/elasticsearch/search/aggregations/bucket/DateHistogramTests.java","23","0","7","28","1054","1327","2"
"elasticsearch","4ef430d1e19bbe37a1b57e820f1878eb9c0f3517","src/test/java/org/elasticsearch/search/aggregations/bucket/DateHistogramTests.java","23","0","7","28","1055","1323","0"
"elasticsearch","0be5c60bcec582991c2964cb9c545e3d8a3ab6cf","src/main/java/org/elasticsearch/action/admin/indices/alias/IndicesAliasesRequest.java","23","0","7","29","247","356","1"
"netty","836ac02ab931088a8608bb33a419fa55f44472d5","transport/src/main/java/io/netty/bootstrap/ServerBootstrap.java","23","0","7","4","241","322","1"
"netty","3f7b674db8c9c2fc562b95327e089bb3603c9009","codec/src/main/java/io/netty/handler/codec/compression/JdkZlibEncoder.java","23","0","7","5","186","300","0"
"neo4j","2e6bf156d51a494a381882d384378f627513bfd1","community/kernel/src/main/java/org/neo4j/kernel/impl/util/CappedLogger.java","23","0","7","5","210","311","1"
"elasticsearch","a6510f924520d8cdda2636ac85a1a1e43f6dfb8c","src/main/java/org/elasticsearch/gateway/local/state/meta/MetaDataStateFormat.java","23","0","8","0","225","342","0"
"elasticsearch","d8f16178d3f21b4f9d17da12e7aa61613fc2c27a","src/main/java/org/elasticsearch/gateway/local/state/meta/MetaDataStateFormat.java","23","0","8","0","227","344","1"
"hazelcast","7e297f3b5612139a0a43e0fb99ba3c6c16779ca7","hazelcast/src/main/java/com/hazelcast/spi/impl/proxyservice/impl/ProxyRegistry.java","23","0","8","1","162","273","0"
"elasticsearch","2bd09c4625898d77aa6c015c6f82cf973ed18cb7","core/src/main/java/org/elasticsearch/index/query/HasParentQueryBuilder.java","23","0","8","2","193","265","1"
"elasticsearch","34093735e34529ee71506049e27405863cec3b0c","core/src/test/java/org/elasticsearch/action/support/replication/ClusterStateCreationUtils.java","23","0","9","0","258","360","1"
"MapDB","c4c12adfa9056f6e5795eea965a63c883bffb68b","src/main/java/org/mapdb/Utils.java","23","0","9","3","125","218","1"
"BroadleafCommerce","4ef3790626f8ba277f2f25428ed9ae5446093fdd","common/src/main/java/org/broadleafcommerce/common/web/BroadleafRequestContext.java","23","0","9","30","213","333","0"
"elasticsearch","89a48014f0ddbb09e9f901f8f8d1d57e2242f4f8","src/main/java/org/elasticsearch/index/mapper/ParseContext.java","23","0","9","51","299","434","1"
"ceylon-ide-eclipse","65c4e729050764a2a48fa921d809ad9324757eb0","plugins/com.redhat.ceylon.eclipse.ui/src/com/redhat/ceylon/eclipse/code/correct/CeylonCorrectionProcessor.java","230","0","0","11","1312","1433","1"
"ceylon-ide-eclipse","cad439aa4fc4ca25c0959f5fb56a7d5bcbfa21ef","plugins/com.redhat.ceylon.eclipse.ui/src/com/redhat/ceylon/eclipse/code/correct/CeylonCorrectionProcessor.java","230","0","0","11","1313","1433","1"
"ceylon-ide-eclipse","6847baee306006541faf836bf47f311ff5ee8649","plugins/com.redhat.ceylon.eclipse.ui/src/com/redhat/ceylon/eclipse/code/complete/CodeCompletions.java","230","0","0","19","1085","1201","0"
"elasticsearch","3e30fa2089d5454df717431f5d3d7397cf8b90e9","src/main/java/org/elasticsearch/cluster/metadata/MetaData.java","230","0","17","70","1075","1397","3"
"elasticsearch","7678ab52644ebeedf8a3428382cadb065fd24f51","src/main/java/org/elasticsearch/cluster/metadata/MetaData.java","230","0","17","71","1088","1429","6"
"orientdb","eda978aeda4e2d46618285fcb1d73642a30164c2","core/src/main/java/com/orientechnologies/orient/core/storage/cache/local/OWOWCache.java","230","0","2","44","1458","1896","2"
"netty","d9f938ca03dbfe0e8132b9cb9c816bd1214de7d2","handler/src/main/java/io/netty/handler/ssl/OpenSslEngine.java","230","0","4","32","1332","1762","0"
"orientdb","da896b0990e83c577baf91886166980d0994e44b","core/src/main/java/com/orientechnologies/orient/core/storage/cache/local/OWOWCache.java","230","0","5","40","1508","1967","0"
"ceylon-ide-eclipse","5b4c3eac8a7c12c0125a77343e602b4e73083595","plugins/com.redhat.ceylon.eclipse.ui/src/com/redhat/ceylon/eclipse/code/correct/CeylonCorrectionProcessor.java","231","0","0","11","1319","1438","0"
"ceylon-ide-eclipse","8d96f3359bce7d498c152a0c145b5b2fee602da9","plugins/com.redhat.ceylon.eclipse.ui/src/com/redhat/ceylon/eclipse/code/correct/CeylonCorrectionProcessor.java","231","0","0","11","1319","1439","1"
"orientdb","a0b6d96da22d382a5606fd0af1102fbe8aaa777d","core/src/main/java/com/orientechnologies/orient/core/db/tool/ODatabaseImport.java","231","0","1","17","1208","1580","1"
"orientdb","a1005e7c609eeb98dcc098ec414f77d0b5c83be4","graphdb/src/main/java/com/tinkerpop/blueprints/impls/orient/OrientBaseGraph.java","231","0","76","13","1205","2215","1"
"ceylon-ide-eclipse","373f5381ace245192e7b779eb60daad264f6f960","plugins/com.redhat.ceylon.eclipse.ui/src/com/redhat/ceylon/eclipse/code/correct/CeylonCorrectionProcessor.java","232","0","0","11","1322","1441","2"
"ceylon-ide-eclipse","765624413a8fc99091a14d8ff74f1ff5e3184e7b","plugins/com.redhat.ceylon.eclipse.ui/src/com/redhat/ceylon/eclipse/code/correct/CeylonCorrectionProcessor.java","232","0","0","11","1325","1447","0"
"orientdb","4dbfbebd45921bf1f0708f6e6665a34d81031b55","core/src/main/java/com/orientechnologies/orient/core/db/tool/ODatabaseImport.java","232","0","1","17","1209","1581","0"
"orientdb","17496091986496c493f8485a1885d6810c1b4377","core/src/main/java/com/orientechnologies/orient/core/metadata/schema/OType.java","232","0","10","10","551","752","0"
"orientdb","4571bc8972ceba3d457fb811c8e95f7708918201","core/src/main/java/com/orientechnologies/orient/core/metadata/schema/OType.java","232","0","10","10","551","752","0"
"orientdb","18b412e04fac848856967b1b93133c511e3dfbf5","core/src/main/java/com/orientechnologies/orient/core/metadata/schema/OType.java","232","0","10","10","551","752","1"
"orientdb","eb87fd13a08a35e51b139724421fa7adb04049f3","core/src/main/java/com/orientechnologies/orient/core/storage/cache/local/OWOWCache.java","232","0","2","45","1465","1906","2"
"MapDB","e51139cae50bb5897d181c77fce4345d3aa76d64","src/main/java/org/mapdb/SerializerBase.java","232","0","3","8","1730","2243","0"
"orientdb","a358c1888d178e6582b96f8743a0b7b34f1f5ca9","graphdb/src/main/java/com/tinkerpop/blueprints/impls/orient/OrientBaseGraph.java","232","0","76","13","1234","2246","0"
"MapDB","a00380670da29548c7e2e6b4c78580ae57f86f13","src/main/java/org/mapdb/DB.java","232","0","94","61","1661","2484","1"
"ceylon-ide-eclipse","7927124a2ea48d6fa16d42e048dd918bbe3cd64b","plugins/com.redhat.ceylon.eclipse.ui/src/com/redhat/ceylon/eclipse/code/correct/CeylonCorrectionProcessor.java","233","0","0","11","1423","1544","1"
"orientdb","e65dab2640459a58f6a6a19a2a4704efd18a2ce9","core/src/main/java/com/orientechnologies/orient/core/db/tool/ODatabaseImport.java","233","0","1","17","1211","1584","1"
"orientdb","58ba8dc7ed6339f608ea7fb4fe4b24ad15ef1900","core/src/main/java/com/orientechnologies/orient/core/db/tool/ODatabaseImport.java","233","0","1","17","1212","1589","0"
"elasticsearch","a345e98575c92fef64023026581eb6b37b7720a5","src/main/java/org/elasticsearch/cluster/metadata/MetaData.java","233","0","17","71","1099","1440","4"
"orientdb","c885e7891787330cb8537b7ebd027b6a8429328e","graphdb/src/main/java/com/tinkerpop/blueprints/impls/orient/OrientBaseGraph.java","233","0","76","13","1238","2251","1"
"orientdb","893925f0291a74f875e3427d80a3e388af89200c","core/src/main/java/com/orientechnologies/orient/core/db/tool/ODatabaseImport.java","234","0","1","18","1218","1596","1"
"MapDB","72649e80593c3f1fa476c951397a2c9dca467a9c","src/main/java/org/mapdb/StoreWAL.java","234","0","1","8","1059","1466","1"
"MapDB","00a8930ff0dbd0cf3cc9520013037706899b867d","src/main/java/org/mapdb/StoreWAL.java","234","0","1","8","1060","1467","0"
"orientdb","5bcf5fa98fe870a76dd7f2eee90a46d20b97812a","core/src/main/java/com/orientechnologies/orient/core/db/tool/ODatabaseImport.java","235","0","1","18","1222","1600","0"
"hazelcast","c09344bf030109928c594a777a5e9cde436949f6","hazelcast/src/main/java/com/hazelcast/partition/impl/InternalPartitionServiceImpl.java","235","0","4","30","1380","1590","2"
"hazelcast","4d89a97d7663f82fc2e7f1ff3fb80d66bf31ef85","hazelcast/src/main/java/com/hazelcast/partition/impl/InternalPartitionServiceImpl.java","235","0","4","30","1384","1594","0"
"hazelcast","a512b121ff00348a8cb1945d639e54aa1f55fbd6","hazelcast/src/main/java/com/hazelcast/partition/impl/InternalPartitionServiceImpl.java","235","0","4","30","1388","1599","1"
"hazelcast","ea194946da8af29562618d768302111626a4db72","hazelcast/src/main/java/com/hazelcast/partition/impl/InternalPartitionServiceImpl.java","235","0","4","30","1388","1599","2"
"hazelcast","3ccf8bba219ff34c67806fe1b5f0e3421ff0046a","hazelcast/src/main/java/com/hazelcast/partition/impl/InternalPartitionServiceImpl.java","235","0","4","30","1388","1599","0"
"hazelcast","26c32bb80eb7d8a961a3fe97350b6cd647b68c05","hazelcast/src/main/java/com/hazelcast/partition/impl/InternalPartitionServiceImpl.java","235","0","4","30","1407","1623","0"
"ceylon-ide-eclipse","5b4c3eac8a7c12c0125a77343e602b4e73083595","plugins/com.redhat.ceylon.eclipse.ui/src/com/redhat/ceylon/eclipse/code/complete/InvocationCompletionProposal.java","236","0","0","0","1270","1409","0"
"ceylon-ide-eclipse","070a0adc8160189a6ff68b15b5ed4afcf641a43a","plugins/com.redhat.ceylon.eclipse.ui/src/com/redhat/ceylon/eclipse/core/model/JDTModelLoader.java","236","0","2","58","1239","1474","0"
"hazelcast","349a79965257981b885c8f2cca3725918963433c","hazelcast/src/main/java/com/hazelcast/partition/impl/InternalPartitionServiceImpl.java","236","0","4","30","1387","1597","2"
"hazelcast","443be1108861688c930e5788c9e6d3c7f3e70558","hazelcast/src/main/java/com/hazelcast/partition/impl/InternalPartitionServiceImpl.java","236","0","4","30","1388","1598","1"
"hazelcast","7c08e8e67cb611d8258cb39152928d2f9813da66","hazelcast/src/main/java/com/hazelcast/partition/impl/InternalPartitionServiceImpl.java","236","0","4","30","1392","1602","0"
"orientdb","9d2b1a6a09b07fcc8eee0bf1307fea30f73f6c6f","graphdb/src/main/java/com/tinkerpop/blueprints/impls/orient/OrientBaseGraph.java","236","0","76","13","1244","2262","0"
"orientdb","f8cba3c3709c585b8a8d382982d68ff6179282e3","graphdb/src/main/java/com/tinkerpop/blueprints/impls/orient/OrientBaseGraph.java","236","0","76","13","1259","2198","1"
"orientdb","aa7289a9eb7e4c84d2b0700d6e894fe14a46c8b4","graphdb/src/main/java/com/tinkerpop/blueprints/impls/orient/OrientBaseGraph.java","237","0","76","13","1283","2223","0"
"elasticsearch","1424f09c02927d9caada7f6ea45285b411d88d12","modules/lang-painless/src/main/java/org/elasticsearch/painless/antlr/PainlessParser.java","238","0","0","0","2573","2642","0"
"antlr4","29c2712ae1eee9575324db48c2f72c7cb0d28308","tool/test/org/antlr/v4/test/tool/TestPerformance.java","238","0","1","7","1499","2033","0"
"MapDB","47ee2b5bdd0df2faa20fa1833541dcf932190896","src/main/java/org/mapdb/DB.java","238","0","94","61","1677","2501","0"
"elasticsearch","de243493c9a31354d742c34a66817e8a06798026","src/main/java/org/elasticsearch/index/engine/robin/RobinEngine.java","239","0","1","23","1284","1519","0"
"elasticsearch","bd75b731c654f4c845f0781306b8055704706585","src/main/java/org/elasticsearch/index/engine/robin/RobinEngine.java","239","0","1","23","1289","1525","1"
"MapDB","d618dfbd73032469c072981c498d4063c45e3834","src/main/java/org/mapdb/DB.java","239","0","94","64","1692","2666","1"
"elasticsearch","009fa6465744c2f7026fac851fbee6e53d5000be","core/src/main/java/org/elasticsearch/index/mapper/FieldTypeLookup.java","24","0","0","0","119","185","1"
"netty","279712a6a060ce3b77d76772aa398eafbdc255e1","transport/src/main/java/io/netty/channel/socket/nio/AbstractNioByteChannel.java","24","0","0","0","122","165","0"
"elasticsearch","18393a06f373a2132972d5551bc9ed3ae28022e6","modules/reindex/src/main/java/org/elasticsearch/index/reindex/remote/RemoteRequestBuilders.java","24","0","0","0","128","170","0"
"elasticsearch","28273e0a52c443d5a5d304767fd21373e5a81b0b","modules/reindex/src/main/java/org/elasticsearch/index/reindex/remote/RemoteRequestBuilders.java","24","0","0","0","130","173","2"
"elasticsearch","ca6bce75dab21297428c1086fb1906cf4c1953ce","modules/percolator/src/main/java/org/elasticsearch/percolator/PercolatorHighlightSubFetchPhase.java","24","0","0","0","139","182","1"
"elasticsearch","401f4ba2cea751b5b589009aef65ac8a8d47a567","modules/percolator/src/main/java/org/elasticsearch/percolator/PercolatorHighlightSubFetchPhase.java","24","0","0","0","140","182","0"
"netty","54378358327ac0fdaa2982114f74a17ec4cfe0ad","transport/src/main/java/io/netty/channel/ChannelOutboundBuffer.java","24","0","0","0","181","252","0"
"ceylon-ide-eclipse","5b4c3eac8a7c12c0125a77343e602b4e73083595","plugins/com.redhat.ceylon.eclipse.ui/src/com/redhat/ceylon/eclipse/code/editor/SelectEnclosingAction.java","24","0","0","0","183","192","0"
"ceylon-ide-eclipse","bd3ee3c8a906f50b50e041545c19d63e346a9f59","plugins/com.redhat.ceylon.eclipse.ui/src/com/redhat/ceylon/eclipse/core/builder/JdtCompilerDelegate.java","24","0","0","0","183","200","0"
"ceylon-ide-eclipse","51aaedbfc327d60554c289a676f3c5fc606fb993","plugins/com.redhat.ceylon.eclipse.ui/src/com/redhat/ceylon/eclipse/core/builder/JdtCompilerDelegate.java","24","0","0","0","184","200","0"
"hazelcast","c942da1755b0c0fa5275412cf96596dd88d92151","hazelcast-client/src/main/java/com/hazelcast/client/spi/impl/ClientMembershipListener.java","24","0","0","0","184","215","0"
"hazelcast","317fabec0c90b274c686ba018cc1b465fee244f2","hazelcast-client/src/main/java/com/hazelcast/client/spi/impl/ClientMembershipListener.java","24","0","0","0","184","231","1"
"hazelcast","5566f08f15e0f7312663ed1a845e21eea6fc1a5b","hazelcast-client/src/main/java/com/hazelcast/client/spi/impl/ClientMembershipListener.java","24","0","0","0","184","231","1"
"hazelcast","65df300ddcacf2cee04f1eee8f75731e147decbf","hazelcast-client-legacy/src/main/java/com/hazelcast/client/spi/impl/ClientMembershipListener.java","24","0","0","0","184","231","1"
"hazelcast","73a3c63647d96a4f3baa3cf5b58efd1811334e6b","hazelcast-client/src/main/java/com/hazelcast/client/spi/impl/ClientMembershipListener.java","24","0","0","0","184","231","0"
"hazelcast","4c75dcc1869e89b9ef9cbf8b90fa4481f17114d7","hazelcast-client-legacy/src/main/java/com/hazelcast/client/spi/impl/ClientMembershipListener.java","24","0","0","0","184","232","0"
"hazelcast","5fe534734d912f88bed5098f3b36f3e2872c8319","hazelcast-client-new/src/main/java/com/hazelcast/client/spi/impl/ClientMembershipListener.java","24","0","0","0","187","235","1"
"ceylon-ide-eclipse","9327ee14db1665becde22fdb19e5262690a04b6b","plugins/com.redhat.ceylon.eclipse.ui/src/com/redhat/ceylon/eclipse/core/builder/JdtCompilerDelegate.java","24","0","0","0","188","205","0"
"hazelcast","c283f04cab711308ed3018d4e448e35b9061e0d2","hazelcast-client-new/src/main/java/com/hazelcast/client/spi/impl/ClientMembershipListener.java","24","0","0","0","192","236","0"
"hazelcast","05f9e6021e6859216b8c564cec3c51f83a0f7ebb","hazelcast/src/main/java/com/hazelcast/replicatedmap/impl/record/AbstractBaseReplicatedRecordStore.java","24","0","0","0","192","253","1"
"hazelcast","0dbb30718c00d5c9efd0bae41b174c45984f8f50","hazelcast/src/main/java/com/hazelcast/replicatedmap/impl/record/AbstractBaseReplicatedRecordStore.java","24","0","0","0","192","253","1"
"hazelcast","5c44b6e979be354adce716bc55e3cb12cf4a2d75","hazelcast/src/main/java/com/hazelcast/replicatedmap/impl/record/AbstractBaseReplicatedRecordStore.java","24","0","0","0","192","253","1"
"hazelcast","e7d3d25abaaedda22678676783d2011dbb173d7f","hazelcast/src/main/java/com/hazelcast/replicatedmap/impl/record/AbstractBaseReplicatedRecordStore.java","24","0","0","0","192","253","0"
"elasticsearch","a301bbbe8b34e3de12a3e59ff82a70c6613e6e03","core/src/main/java/org/elasticsearch/action/search/SearchScrollQueryThenFetchAsyncAction.java","24","0","0","0","194","236","1"
"hazelcast","317fabec0c90b274c686ba018cc1b465fee244f2","hazelcast-client-new/src/main/java/com/hazelcast/client/spi/impl/ClientMembershipListener.java","24","0","0","0","194","241","1"
"hazelcast","08e659f992761d79cd0342e77ce17ddb62e33295","hazelcast-client-new/src/main/java/com/hazelcast/client/spi/impl/ClientMembershipListener.java","24","0","0","0","198","242","1"
"hazelcast","5566f08f15e0f7312663ed1a845e21eea6fc1a5b","hazelcast-client-new/src/main/java/com/hazelcast/client/spi/impl/ClientMembershipListener.java","24","0","0","0","199","243","1"
"neo4j","b070962e9b00726d50df951106225fa252b7efeb","enterprise/security/src/main/java/org/neo4j/server/security/enterprise/auth/MultiRealmAuthManager.java","24","0","0","0","204","246","0"
"hazelcast","65df300ddcacf2cee04f1eee8f75731e147decbf","hazelcast-client/src/main/java/com/hazelcast/client/spi/impl/ClientClusterServiceImpl.java","24","0","0","0","205","257","1"
"hazelcast","2921cff694583b8638dae2991f427e61d5440a9d","hazelcast/src/main/java/com/hazelcast/map/impl/recordstore/BasicRecordStoreLoader.java","24","0","0","0","208","277","0"
"hazelcast","b41c380408dfeedc51226f1456016d4c83056f11","hazelcast/src/main/java/com/hazelcast/map/impl/recordstore/BasicRecordStoreLoader.java","24","0","0","0","208","277","0"
"hazelcast","1f042b8c4a4245594691bb6d85a66ceed9b43068","hazelcast/src/main/java/com/hazelcast/map/impl/recordstore/BasicRecordStoreLoader.java","24","0","0","0","208","277","1"
"hazelcast","e58af528ad4f02b2dd8ce13dcf52e95fbab0cc72","hazelcast-client/src/main/java/com/hazelcast/client/spi/impl/ClusterListenerSupport.java","24","0","0","0","221","275","1"
"hazelcast","2510ac6c3f371032d6aceabd20dac63be71957ee","hazelcast-client/src/main/java/com/hazelcast/client/spi/impl/ClientPartitionServiceImpl.java","24","0","0","0","225","283","0"
"hazelcast","0cf8d4e4b4bb67c11e3b136f5e719e6d498b7504","hazelcast/src/main/java/com/hazelcast/cache/impl/AbstractCacheProxyBase.java","24","0","0","0","228","291","0"
"netty","31b319a5dc531d8c02c400d312ab9e85e90e614b","src/main/java/org/jboss/netty/channel/socket/nio/NioDatagramChannel.java","24","0","0","0","230","359","1"
"netty","220d95fe0d396821f08329fffd96edc1b47c37c1","src/main/java/org/jboss/netty/channel/socket/nio/NioDatagramChannel.java","24","0","0","0","236","365","0"
"hazelcast","61844df5bad348db96da6fe1d96e889d5e4a2542","hazelcast/src/main/java/com/hazelcast/transaction/impl/xa/XATransactionImpl.java","24","0","0","0","237","300","0"
"netty","a980638190c055a596145ec2a6963fa8cd30126a","transport/src/main/java/io/netty/bootstrap/AbstractBootstrap.java","24","0","0","0","244","376","1"
"netty","85236d5446b4858df20dc6bd270735490c807666","buffer/src/main/java/io/netty/buffer/PoolChunk.java","24","0","0","0","247","444","1"
"netty","d93f9062554d07eec6d376d85d886e40b6a907f7","buffer/src/main/java/io/netty/buffer/PoolChunk.java","24","0","0","0","253","455","0"
"hazelcast","6c7b594f4cd734c62e305f6e95d9f02c28fac849","hazelcast/src/main/java/com/hazelcast/internal/monitors/PerformanceLogFile.java","24","0","0","0","254","322","1"
"hazelcast","6d2c9b2a2c47a26e77e629752628e475844da407","hazelcast-client/src/main/java/com/hazelcast/client/cache/impl/AbstractClientCacheProxy.java","24","0","0","0","258","325","2"
"hazelcast","74ace7dcdefdaf63de1dd47daca79c1dfb171fd9","hazelcast-client/src/main/java/com/hazelcast/client/cache/impl/AbstractClientCacheProxy.java","24","0","0","0","258","325","2"
"hazelcast","99f2dd5d8710f0276d0b105ba5c0f19674b6ccdf","hazelcast-client/src/main/java/com/hazelcast/client/cache/impl/AbstractClientCacheProxy.java","24","0","0","0","258","325","1"
"hazelcast","c4feb143e90da0ac828ba9077c83e15a9d4fb4cd","hazelcast-client/src/main/java/com/hazelcast/client/cache/impl/AbstractClientCacheProxy.java","24","0","0","0","258","325","1"
"hazelcast","c9c2387835b54ced007b4eaafa759fe33628db66","hazelcast-client/src/main/java/com/hazelcast/client/cache/impl/AbstractClientCacheProxy.java","24","0","0","0","258","325","3"
"hazelcast","23c8fa6ea06ea514d0009b6cb37f8af245bef892","hazelcast-client/src/main/java/com/hazelcast/client/cache/impl/AbstractClientCacheProxy.java","24","0","0","0","258","325","0"
"hazelcast","7e27a183fbacbff6b90d6061b5fef54568b33460","hazelcast-client/src/main/java/com/hazelcast/client/cache/impl/AbstractClientCacheProxy.java","24","0","0","0","258","325","0"
"hazelcast","be0fb22e444ca20f64642cd9ce6770a326db2730","hazelcast-client/src/main/java/com/hazelcast/client/cache/impl/AbstractClientCacheProxy.java","24","0","0","0","258","325","0"
"netty","0d2baaf6aeb1ffdb9b9a9e2bb26f4c21c5e949b0","buffer/src/main/java/io/netty/buffer/PoolChunk.java","24","0","0","0","260","465","1"
"hazelcast","b4f94a00cf1628aa0437ded2c556bae9608f74c6","hazelcast-client/src/main/java/com/hazelcast/client/cache/impl/AbstractClientCacheProxy.java","24","0","0","0","262","329","0"
"hazelcast","5c78e8bdbc3a2cdce98975d07b649b5f872c3f67","hazelcast-client/src/main/java/com/hazelcast/client/cache/impl/AbstractClientCacheProxy.java","24","0","0","0","263","329","2"
"hazelcast","7af8bdc79fe21ff2beda241499150feaa08bd8ea","hazelcast-client-new/src/main/java/com/hazelcast/client/cache/impl/AbstractClientCacheProxy.java","24","0","0","0","263","330","2"
"netty","5986c229c463f064e7b787a4547c0689d2302a03","buffer/src/main/java/io/netty/buffer/PoolChunk.java","24","0","0","0","263","469","0"
"hazelcast","820f4b2d5e993cbc48c7f14e06f7588591085461","hazelcast-client-new/src/main/java/com/hazelcast/client/cache/impl/AbstractClientCacheProxy.java","24","0","0","0","266","333","3"
"hazelcast","5b10680e77491d29c776d815fa4264ba3c265112","hazelcast-client-new/src/main/java/com/hazelcast/client/cache/impl/AbstractClientCacheProxy.java","24","0","0","0","270","337","2"
"hazelcast","95e7022bde4d07079451594452085cb7516d6ee1","hazelcast-client/src/main/java/com/hazelcast/client/proxy/NearCachedClientMapProxy.java","24","0","0","0","328","421","0"
"neo4j","d693165ae77cf119824aaa7a53ac45b466b15c24","enterprise/backup/src/main/java/org/neo4j/backup/BackupService.java","24","0","0","0","365","441","1"
"hazelcast","d0a7d416b1220ef4badd98e42991dabe34c7beeb","hazelcast-client/src/test/java/com/hazelcast/client/map/ClientMapNearCacheTest.java","24","0","0","0","511","681","1"
"netty","61a7c78a530af183dcf67e6d4507f4f240aee241","codec-http/src/main/java/io/netty/handler/codec/http/CookieEncoderUtil.java","24","0","0","0","52","80","1"
"netty","ae2906de1ed504a4170a2194a9a7ce51a8e2b0d7","codec-http/src/main/java/io/netty/handler/codec/http/CookieEncoderUtil.java","24","0","0","0","55","83","0"
"hazelcast","744c1e4f63f0af99d736812cc078c2e7ae4348ae","hazelcast/src/main/java/com/hazelcast/logging/Log4jFactory.java","24","0","0","1","100","128","0"
"hazelcast","9b21a848aadb630c909b7acb4e5184f5a294cf58","hazelcast-spring/src/main/java/com/hazelcast/spring/HazelcastClientBeanDefinitionParser.java","24","0","0","1","129","168","0"
"hazelcast","cf8a727722fe7eb03dfc30adea4d25d476570e69","hazelcast-spring/src/main/java/com/hazelcast/spring/HazelcastClientBeanDefinitionParser.java","24","0","0","1","132","172","0"
"hazelcast","c19245085771cd4e69af6c3272b2937efc061c14","hazelcast-client/src/main/java/com/hazelcast/client/impl/HazelcastClientInstanceImpl.java","24","0","0","1","508","592","1"
"hazelcast","7656a31525a04c7cddd282262376092e48384854","hazelcast-client/src/main/java/com/hazelcast/client/impl/HazelcastClientInstanceImpl.java","24","0","0","1","509","593","0"
"netty","2903b91e66c6e6615b7ba67c8c6ff286e392ad95","transport/src/main/java/io/netty/channel/socket/nio/AbstractNioChannel.java","24","0","0","10","215","271","0"
"netty","3e783e1b5e9d067271bc8e398230e056379baa75","transport/src/main/java/io/netty/channel/socket/nio/AbstractNioChannel.java","24","0","0","10","218","274","0"
"BroadleafCommerce","dbcdf4946af5063ae942909c65ff630f49b626a5","core/broadleaf-framework/src/main/java/org/broadleafcommerce/core/order/domain/OrderItemQualifierImpl.java","24","0","0","11","127","169","0"
"hazelcast","12830cf4db72fc7d71edd8a20ee15fba533ab6a8","hazelcast-client/src/main/java/com/hazelcast/client/spi/impl/ClusterListenerSupport.java","24","0","0","11","203","256","3"
"hazelcast","c92d480fc84de807408197b4634c86a8e681d426","hazelcast-client/src/main/java/com/hazelcast/client/spi/impl/ClusterListenerSupport.java","24","0","0","11","209","260","3"
"hazelcast","86b064ba3f1e467e74e95d6da24b03122065ce36","hazelcast-client/src/main/java/com/hazelcast/client/spi/impl/ClusterListenerSupport.java","24","0","0","12","210","264","2"
"hazelcast","085c410cb8631f483937836619741d867e055f0c","hazelcast-client/src/main/java/com/hazelcast/client/spi/impl/ClusterListenerSupport.java","24","0","0","12","212","266","2"
"elasticsearch","d85dac7a9a600a14676f02be207d94701674eeaa","plugins/repository-azure/src/main/java/org/elasticsearch/cloud/azure/storage/AzureStorageServiceImpl.java","24","0","0","12","215","312","1"
"elasticsearch","dc6ed7b8d4208e49e2fc34e43e8c26a74f249e87","core/src/test/java/org/elasticsearch/index/query/TermsQueryBuilderTests.java","24","0","0","12","242","294","2"
"elasticsearch","9015062dcb1b89f3dae7157a9544c2c7ac6536db","core/src/test/java/org/elasticsearch/index/query/TermsQueryBuilderTests.java","24","0","0","12","246","301","0"
"BroadleafCommerce","170f9cff115e40388b6176e43159c44490603ea1","core/broadleaf-framework/src/main/java/org/broadleafcommerce/core/order/dao/OrderDaoImpl.java","24","0","0","13","157","211","3"
"elasticsearch","9b247f982849fd844aacfe00b0f465538a63d8e1","plugins/repository-azure/src/main/java/org/elasticsearch/cloud/azure/storage/AzureStorageServiceImpl.java","24","0","0","13","220","319","0"
"elasticsearch","726f5dccc06bf1813790b6cc39207a5e30db43a0","core/src/test/java/org/elasticsearch/index/query/TermsQueryBuilderTests.java","24","0","0","13","246","303","0"
"netty","eb5dc4bcedc7503738e19ee8635f4df58f7062a2","common/src/test/java/io/netty/util/NetUtilTest.java","24","0","0","13","418","554","0"
"elasticsearch","2b3760f78b26817b5a2030aa27b1ddf2f17462f6","core/src/main/java/org/elasticsearch/action/termvectors/MultiTermVectorsRequest.java","24","0","0","14","145","183","1"
"elasticsearch","78574d248cf10dad1c5a566fda79e1e0c94afe43","core/src/main/java/org/elasticsearch/action/termvectors/MultiTermVectorsRequest.java","24","0","0","14","145","183","1"
"elasticsearch","e6aaaf11ed4a1b8f595f920de1840938eddb7a97","core/src/main/java/org/elasticsearch/action/termvectors/MultiTermVectorsRequest.java","24","0","0","14","145","183","1"
"elasticsearch","51d53791fe71c9cb62bc992588a57cdfb500383f","core/src/main/java/org/elasticsearch/action/termvectors/MultiTermVectorsRequest.java","24","0","0","14","145","183","0"
"elasticsearch","a60b8948ba1d836a6eac7cff095519e618939ed8","core/src/main/java/org/elasticsearch/action/termvectors/MultiTermVectorsRequest.java","24","0","0","14","145","183","0"
"hazelcast","784e58f037655dc9e392f38df88695a54a444969","hazelcast/src/main/java/com/hazelcast/spi/impl/operationservice/impl/operations/Backup.java","24","0","0","14","197","252","0"
"orientdb","1ebbf2a01f5f648e1f9954a44bf41a64b36b222a","tests/src/test/java/com/orientechnologies/orient/test/database/auto/CRUDObjectInheritanceTestSchemaFull.java","24","0","0","14","333","418","1"
"orientdb","30fdb1af8292d0c3de1d0d1123f1e554fd44906b","tests/src/test/java/com/orientechnologies/orient/test/database/auto/CRUDObjectInheritanceTestSchemaFull.java","24","0","0","14","339","427","0"
"BroadleafCommerce","0c21b421c1d9c38444c820eea84cad34979e3b37","core/broadleaf-framework/src/main/java/org/broadleafcommerce/core/offer/domain/OrderAdjustmentImpl.java","24","0","0","15","184","231","2"
"BroadleafCommerce","beb23ce063b9f0f91520b023d0eee1fd1a2113ba","core/broadleaf-framework/src/main/java/org/broadleafcommerce/core/offer/domain/OrderAdjustmentImpl.java","24","0","0","15","184","231","3"
"BroadleafCommerce","19169d660ea7a1105278930452227879922d2123","core/broadleaf-framework/src/main/java/org/broadleafcommerce/core/offer/domain/OrderAdjustmentImpl.java","24","0","0","15","184","231","0"
"BroadleafCommerce","0c21b421c1d9c38444c820eea84cad34979e3b37","core/broadleaf-framework/src/main/java/org/broadleafcommerce/core/offer/domain/FulfillmentGroupAdjustmentImpl.java","24","0","0","15","185","233","2"
"BroadleafCommerce","beb23ce063b9f0f91520b023d0eee1fd1a2113ba","core/broadleaf-framework/src/main/java/org/broadleafcommerce/core/offer/domain/FulfillmentGroupAdjustmentImpl.java","24","0","0","15","185","233","3"
"BroadleafCommerce","19169d660ea7a1105278930452227879922d2123","core/broadleaf-framework/src/main/java/org/broadleafcommerce/core/offer/domain/FulfillmentGroupAdjustmentImpl.java","24","0","0","15","185","233","0"
"hazelcast","f7dcfaa1c2c8ea6e17860cfcf862f0f141bf3a74","hazelcast/src/main/java/com/hazelcast/spi/impl/operationservice/impl/operations/Backup.java","24","0","0","15","200","254","0"
"hazelcast","5b6bff564b9af59d4bd099e15b3417611d7ec22c","hazelcast/src/main/java/com/hazelcast/spi/impl/operationservice/impl/operations/Backup.java","24","0","0","15","200","256","2"
"elasticsearch","e458d4fd93136cfc42708d9311d05bee36f69321","src/test/java/org/elasticsearch/test/cache/recycler/MockBigArrays.java","24","0","0","15","391","507","0"
"elasticsearch","42a7a554b1d279f102a2e0842279bd927bb8e711","core/src/test/java/org/elasticsearch/snapshots/mockstore/MockRepository.java","24","0","0","16","249","328","1"
"elasticsearch","e024c67561c547b5194d00ea5e5f518a1a96fe63","test/framework/src/main/java/org/elasticsearch/common/util/MockBigArrays.java","24","0","0","16","424","545","0"
"elasticsearch","3cb307462dba82409bd549b3c25f581b03d69244","test/framework/src/main/java/org/elasticsearch/common/util/MockBigArrays.java","24","0","0","16","426","547","2"
"titan","e715670b304da165feafdf2a991772ae8ff46f25","titan-core/src/main/java/com/thinkaurelius/titan/graphdb/types/StandardTypeMaker.java","24","0","0","18","210","256","1"
"titan","33a560db97bf3187ac45d1fe4fdf2e6b817bec40","titan-core/src/main/java/com/thinkaurelius/titan/graphdb/types/StandardTypeMaker.java","24","0","0","18","211","257","0"
"mcMMO","ea97dcdb556aee22de68a1e5fb3294b5a9aa8846","src/main/java/com/gmail/nossr50/commands/mc/MctopCommand.java","24","0","0","2","124","159","1"
"elasticsearch","25fd9e26c4fb042d6f6dea14efcd239577bdbbc4","core/src/main/java/org/elasticsearch/action/fieldstats/TransportFieldStatsAction.java","24","0","0","2","178","226","0"
"elasticsearch","ec1afe30ea9c34f7d63da273a3077c28a4849e4f","core/src/main/java/org/elasticsearch/action/search/TransportSearchAction.java","24","0","0","2","265","364","0"
"elasticsearch","a156ccd80ed7ef2dcc26b2ff1e9b6c9d5a831092","core/src/main/java/org/elasticsearch/action/search/TransportSearchAction.java","24","0","0","2","269","368","2"
"hazelcast","59332cf2d8994755d2c4329152a47b6ebbeeecd6","hazelcast-client-legacy/src/test/java/com/hazelcast/client/test/TestClientRegistry.java","24","0","0","2","277","353","1"
"hazelcast","95b93d3d6a2eef3a75a7dae3cd2cbb53d02628a3","hazelcast-client-legacy/src/test/java/com/hazelcast/client/test/TestClientRegistry.java","24","0","0","2","277","353","1"
"hazelcast","8aa4ac0b46d51917dfd3cf6e43946b5705cf4027","hazelcast-client-legacy/src/test/java/com/hazelcast/client/test/TestClientRegistry.java","24","0","0","2","277","353","0"
"orientdb","1ffb4a74231b07389afced95123a7ef989a442cc","distributed/src/test/java/com/orientechnologies/orient/server/distributed/TestSharding.java","24","0","0","2","278","380","0"
"orientdb","127ce10262f1c3de42f0e3c50d17e886d67c85e3","distributed/src/test/java/com/orientechnologies/orient/server/distributed/TestSharding.java","24","0","0","2","279","382","1"
"hazelcast","84e0a9b9d444f633dbd2bced60d95bc478086fea","hazelcast/src/test/java/com/hazelcast/cluster/impl/AdvancedClusterStateTest.java","24","0","0","20","568","711","0"
"hazelcast","99d7a4e25e2067139fbdeaff2ebcad03ed38ffdf","hazelcast/src/test/java/com/hazelcast/test/HazelcastTestSupport.java","24","0","0","22","200","258","2"
"hazelcast","50bbd60a9ae2031621834fa9ce729f448babd684","hazelcast/src/main/java/com/hazelcast/concurrent/lock/LockServiceImpl.java","24","0","0","23","248","312","2"
"hazelcast","8400ca8852f129750f8232cdf5db21ffae134e02","hazelcast/src/main/java/com/hazelcast/concurrent/lock/LockServiceImpl.java","24","0","0","23","249","313","0"
"hazelcast","d1346bedcd708dcbec377512ffe9093923daaf5f","hazelcast/src/main/java/com/hazelcast/concurrent/lock/LockServiceImpl.java","24","0","0","23","249","313","0"
"hazelcast","277bd8d8069ab0571cc8863e34b17b7c63360d76","hazelcast/src/main/java/com/hazelcast/concurrent/lock/LockServiceImpl.java","24","0","0","23","249","313","1"
"hazelcast","bef9eaaee45912483a17edfa9bf8c70c0d515419","hazelcast/src/main/java/com/hazelcast/concurrent/lock/LockServiceImpl.java","24","0","0","23","258","324","0"
"hazelcast","362ce44e73e61c0a55d1b2cef8314c1adc241ec9","hazelcast/src/main/java/com/hazelcast/concurrent/lock/LockServiceImpl.java","24","0","0","23","260","326","1"
"hazelcast","1e5c8a91174e1f59f5005535e5cec680c24dc221","hazelcast/src/test/java/com/hazelcast/test/HazelcastTestSupport.java","24","0","0","24","206","266","1"
"hazelcast","44877c4059b2a29b7c72fccde99a655dc790e04d","hazelcast/src/main/java/com/hazelcast/concurrent/lock/LockServiceImpl.java","24","0","0","24","267","332","2"
"hazelcast","4a9bacbdd50bf75b5a43e56b72754cdd6e99cefe","hazelcast/src/main/java/com/hazelcast/concurrent/lock/LockServiceImpl.java","24","0","0","24","278","345","0"
"hazelcast","6aa65b99d282c65bc558b242857cd3cda6d140f4","hazelcast/src/test/java/com/hazelcast/test/HazelcastTestSupport.java","24","0","0","26","206","266","2"
"hazelcast","bb859896f5e8b5486d1372cd8b17b7ebb66c774b","hazelcast/src/test/java/com/hazelcast/test/HazelcastTestSupport.java","24","0","0","26","206","266","1"
"hazelcast","68d0476abb060e2652601b941176864d94e1d1d8","hazelcast/src/test/java/com/hazelcast/test/HazelcastTestSupport.java","24","0","0","26","206","266","0"
"hazelcast","7ef9f661a9e33fd4b6705e656c560c4ca3bd4917","hazelcast/src/test/java/com/hazelcast/internal/cluster/impl/AdvancedClusterStateTest.java","24","0","0","26","630","791","0"
"hazelcast","df23887e0b596f11c485c176b856095fb3bc5744","hazelcast/src/test/java/com/hazelcast/internal/cluster/impl/AdvancedClusterStateTest.java","24","0","0","26","631","792","1"
"hazelcast","f351d4e4d3b5d5e4e4a39c7d328f91b2c161061e","hazelcast/src/main/java/com/hazelcast/cluster/NodeMulticastListener.java","24","0","0","3","127","169","0"
"hazelcast","0dcac2107149f1a24af61788b11b53bd49eb4a73","hazelcast/src/main/java/com/hazelcast/cluster/impl/NodeMulticastListener.java","24","0","0","3","127","170","0"
"hazelcast","bae6535651931084f31f10b3db73b95540540474","hazelcast/src/main/java/com/hazelcast/internal/cluster/impl/NodeMulticastListener.java","24","0","0","3","129","172","0"
"elasticsearch","b1cef5fdf8e1f8e9982a4724986b2731ca4d522b","core/src/main/java/org/elasticsearch/search/aggregations/bucket/terms/TermsParser.java","24","0","0","3","142","173","1"
"netty","91b378005461b85f965aa296daa087bc009b9da0","transport-native-epoll/src/main/java/io/netty/channel/epoll/EpollDatagramChannelConfig.java","24","0","0","32","228","282","0"
"netty","20ef4690e74a7a5007468815f070a6c1f5074d0d","transport-native-epoll/src/main/java/io/netty/channel/epoll/EpollDatagramChannelConfig.java","24","0","0","32","232","287","0"
"elasticsearch","25fd9e26c4fb042d6f6dea14efcd239577bdbbc4","core/src/main/java/org/elasticsearch/action/admin/indices/analyze/DetailAnalyzeResponse.java","24","0","0","32","256","319","0"
"elasticsearch","56cc87b7ccd41040d8fafcaf2da3680d96d10839","core/src/main/java/org/elasticsearch/action/admin/indices/analyze/DetailAnalyzeResponse.java","24","0","0","32","256","319","0"
"elasticsearch","a60b8948ba1d836a6eac7cff095519e618939ed8","core/src/main/java/org/elasticsearch/action/admin/indices/analyze/DetailAnalyzeResponse.java","24","0","0","32","256","319","0"
"elasticsearch","78574d248cf10dad1c5a566fda79e1e0c94afe43","core/src/main/java/org/elasticsearch/action/admin/indices/analyze/DetailAnalyzeResponse.java","24","0","0","32","256","319","1"
"elasticsearch","e6aaaf11ed4a1b8f595f920de1840938eddb7a97","core/src/main/java/org/elasticsearch/action/admin/indices/analyze/DetailAnalyzeResponse.java","24","0","0","32","256","319","1"
"elasticsearch","fab44398d9d48f12319bc018d4b436f723b6508e","core/src/main/java/org/elasticsearch/action/admin/indices/analyze/DetailAnalyzeResponse.java","24","0","0","32","257","320","0"
"hazelcast","d0a7d416b1220ef4badd98e42991dabe34c7beeb","hazelcast-client-legacy/src/test/java/com/hazelcast/client/map/ClientMapNearCacheTest.java","24","0","0","32","511","681","1"
"netty","91b378005461b85f965aa296daa087bc009b9da0","transport-native-epoll/src/main/java/io/netty/channel/epoll/EpollSocketChannelConfig.java","24","0","0","33","221","281","0"
"netty","20ef4690e74a7a5007468815f070a6c1f5074d0d","transport-native-epoll/src/main/java/io/netty/channel/epoll/EpollSocketChannelConfig.java","24","0","0","33","225","286","0"
"hazelcast","2edea176b4665cb10a2b77262f277d2d45dfc605","hazelcast/src/main/java/com/hazelcast/concurrent/lock/LockStoreImpl.java","24","0","0","35","274","336","2"
"BroadleafCommerce","25cc6d04543ce2d153d288e181a712fa6a0086f4","core/broadleaf-framework/src/main/java/org/broadleafcommerce/core/payment/domain/OrderPaymentImpl.java","24","0","0","39","329","400","1"
"BroadleafCommerce","27d1d3f1bb71de25bcdce0eeb55b4a44b5b2dade","core/broadleaf-framework/src/main/java/org/broadleafcommerce/core/payment/domain/OrderPaymentImpl.java","24","0","0","39","332","403","1"
"elasticsearch","b6cbcc49ba590ead3cd6d95953eabe22f7d47fef","client/rest/src/test/java/org/elasticsearch/client/RequestLoggerTests.java","24","0","0","4","147","178","1"
"elasticsearch","292e53fe77cae17362029d79e6afb937e75eec89","src/test/java/org/elasticsearch/index/search/child/ParentQueryTests.java","24","0","0","4","178","222","0"
"elasticsearch","3187ed73fc4fd8527c695e18b7186abbd6d29453","core/src/test/java/org/elasticsearch/snapshots/DedicatedClusterSnapshotRestoreIT.java","24","0","0","48","789","982","3"
"neo4j","5c26c58d587f288698e318beb69b848d0ab2b42a","community/kernel/src/main/java/org/neo4j/kernel/builtinprocs/BuiltInProcedures.java","24","0","0","49","689","799","0"
"hazelcast","069407813a5c04689649e3c29ffaa3050fedc9e2","hazelcast/src/main/java/com/hazelcast/map/NearCache.java","24","0","0","5","164","200","0"
"hazelcast","55e2aef9a5cf0cc481215ecc6014c38a473a96e3","hazelcast/src/main/java/com/hazelcast/internal/partition/operation/MigrationOperation.java","24","0","0","5","210","255","1"
"hazelcast","34a30ebe90a09709a3bb74a1e54b5920dfb9e3ed","hazelcast/src/test/java/com/hazelcast/query/impl/IndexTest.java","24","0","0","5","380","451","1"
"hazelcast","26e401e1921fb3af25c7b73c4632773c980708c5","hazelcast/src/test/java/com/hazelcast/query/impl/IndexTest.java","24","0","0","5","381","452","0"
"hazelcast","c19245085771cd4e69af6c3272b2937efc061c14","hazelcast-client-legacy/src/main/java/com/hazelcast/client/impl/HazelcastClientInstanceImpl.java","24","0","0","58","503","586","1"
"hazelcast","7656a31525a04c7cddd282262376092e48384854","hazelcast-client-legacy/src/main/java/com/hazelcast/client/impl/HazelcastClientInstanceImpl.java","24","0","0","58","504","587","0"
"ceylon-ide-eclipse","ec2e92ae7186f72293660ff5eef2e4c5c035ce95","plugins/com.redhat.ceylon.eclipse.ui/src/com/redhat/ceylon/eclipse/core/model/ModelLoaderTypeRequestor.java","24","0","0","6","156","175","0"
"hazelcast","1c090ad87906d51892a32c2aa0a32d34002298ec","hazelcast/src/main/java/com/hazelcast/map/impl/operation/MapReplicationOperation.java","24","0","0","6","181","218","1"
"elasticsearch","d3dc158458640242f5a583199bba2fbfb622ce9c","src/main/java/org/elasticsearch/search/suggest/completion/AnalyzingCompletionLookupProvider.java","24","0","0","6","296","379","1"
"elasticsearch","952feb58e41bd0220784c44136b840ea4a740e26","core/src/main/java/org/elasticsearch/search/aggregations/bucket/terms/LongTermsAggregator.java","24","0","0","7","136","180","1"
"elasticsearch","e7d352b489272a87b05019869857656de7fb82fc","core/src/main/java/org/elasticsearch/search/aggregations/bucket/terms/LongTermsAggregator.java","24","0","0","7","138","182","0"
"elasticsearch","58c34f0da918909f481d425d3f3e5346d13a2581","core/src/test/java/org/elasticsearch/index/mapper/RangeFieldMapperTests.java","24","0","0","7","267","342","0"
"titan","e871add0cbdfdc52cf5475b2f62019fb3a35016a","titan-test/src/main/java/com/thinkaurelius/titan/graphdb/TitanGraphPerformanceTest.java","24","0","0","7","281","354","1"
"ceylon-ide-eclipse","5b4c3eac8a7c12c0125a77343e602b4e73083595","plugins/com.redhat.ceylon.eclipse.ui/src/com/redhat/ceylon/eclipse/code/hover/DocumentationView.java","24","0","0","7","320","373","0"
"elasticsearch","6e9940283be2b7295b6184404675c68dc6db6559","core/src/test/java/org/elasticsearch/indices/recovery/RecoverySourceHandlerTests.java","24","0","0","7","422","526","0"
"elasticsearch","65f90b25e0e2306ed53cad6c01e07875a0000a6c","core/src/test/java/org/elasticsearch/indices/recovery/RecoverySourceHandlerTests.java","24","0","0","7","423","527","1"
"elasticsearch","2fa1c9fff14adbdbbd373c5b39b553c55e3738f7","core/src/test/java/org/elasticsearch/indices/recovery/RecoverySourceHandlerTests.java","24","0","0","7","429","533","0"
"netty","9cfa4675548e368f3c905c0df31d18912d43cf08","handler-proxy/src/test/java/io/netty/handler/proxy/ProxyHandlerTest.java","24","0","0","7","504","646","1"
"BroadleafCommerce","a3b56d046071ae04bde3a0799d053408cbcf621d","common/src/main/java/org/broadleafcommerce/common/util/dao/DynamicDaoHelperImpl.java","24","0","0","8","152","198","0"
"hazelcast","525c34cddd7f4e08d674611e177bab103e4d1881","hazelcast/src/main/java/com/hazelcast/nio/WriteHandler.java","24","0","0","8","159","204","1"
"hazelcast","82fcc4c7c87097d1719bb56112aec0fafdb6bc0e","hazelcast/src/main/java/com/hazelcast/nio/WriteHandler.java","24","0","0","8","160","205","0"
"hazelcast","d0fd18cd0e2fac83d47776ccc1f08639bfc9823f","hazelcast-client-new/src/main/java/com/hazelcast/client/spi/impl/ClusterListenerSupport.java","24","0","0","9","248","306","1"
"netty","9125060752f5124949e55a6868647c75f88cdb01","testsuite/src/test/java/io/netty/testsuite/transport/socket/SocketStartTlsTest.java","24","0","0","9","258","325","0"
"netty","9fb86a380d0b3d2082a0d97a217d221392177625","transport/src/main/java/io/netty/channel/nio/AbstractNioMessageChannel.java","24","0","1","0","122","186","0"
"elasticsearch","fedd1965ead48ca35329e417f66ffd57f115b6e7","src/main/java/org/elasticsearch/action/support/single/instance/TransportInstanceSingleOperationAction.java","24","0","1","0","236","326","0"
"BroadleafCommerce","811f1131ea982ebb912e814bc1acaf9e852ecf96","admin/broadleaf-open-admin-platform/src/main/java/org/broadleafcommerce/openadmin/server/service/persistence/validation/RuleFieldValidator.java","24","0","1","1","101","121","0"
"elasticsearch","b1cef5fdf8e1f8e9982a4724986b2731ca4d522b","core/src/main/java/org/elasticsearch/search/aggregations/bucket/histogram/HistogramParser.java","24","0","1","1","116","148","1"
"netty","e96531839822be2966bbdd34181cf9397a7bd829","transport/src/main/java/io/netty/channel/oio/AbstractOioByteChannel.java","24","0","1","1","132","207","0"
"hazelcast","03567d900333ef3328c1b801dd974254ea97bb17","hazelcast/src/main/java/com/hazelcast/internal/cluster/impl/MembershipManagerCompat.java","24","0","1","1","144","189","0"
"elasticsearch","2f3a04107090dfcdcf917c571fdab350034f1faf","src/main/java/org/elasticsearch/action/admin/indices/stats/TransportIndicesStatsAction.java","24","0","1","1","181","235","3"
"elasticsearch","2e2e345dcb90e1ec1c48c6bb5348469fc514aea1","src/main/java/org/elasticsearch/action/admin/indices/mapping/get/TransportGetFieldMappingsIndexAction.java","24","0","1","1","187","242","5"
"elasticsearch","adc0807c686b37bf1d96bd3eb9d26face380fe44","src/main/java/org/elasticsearch/action/admin/indices/mapping/get/TransportGetFieldMappingsIndexAction.java","24","0","1","1","193","249","0"
"elasticsearch","a2d07058e8557539e843fc3c2cace23b56512344","src/main/java/org/elasticsearch/action/admin/cluster/node/shutdown/TransportNodesShutdownAction.java","24","0","1","1","247","314","4"
"elasticsearch","64addee691e87f1b694e9b7f0938b9b0e17fb48b","src/main/java/org/elasticsearch/action/admin/cluster/node/shutdown/TransportNodesShutdownAction.java","24","0","1","1","247","318","0"
"elasticsearch","10ec2e948a2f1426a5058ca3b2c2e39952f141d8","src/main/java/org/elasticsearch/action/admin/cluster/node/shutdown/TransportNodesShutdownAction.java","24","0","1","1","250","318","2"
"elasticsearch","2e2e345dcb90e1ec1c48c6bb5348469fc514aea1","src/main/java/org/elasticsearch/action/admin/cluster/node/shutdown/TransportNodesShutdownAction.java","24","0","1","1","253","321","5"
"elasticsearch","adc0807c686b37bf1d96bd3eb9d26face380fe44","src/main/java/org/elasticsearch/action/admin/cluster/node/shutdown/TransportNodesShutdownAction.java","24","0","1","1","253","322","0"
"orientdb","7714495a75dd494934a6cfa3c422763d92a19239","distributed/src/main/java/com/orientechnologies/orient/server/distributed/impl/task/ODefaultRemoteTaskFactory.java","24","0","1","1","56","106","0"
"elasticsearch","01b18ad219933679256753fa8639c37d11cac1ff","src/main/java/org/elasticsearch/search/aggregations/metrics/stats/extended/ExtendedStatsAggregator.java","24","0","1","10","136","180","0"
"elasticsearch","34f3f3f79e6ca260b9bb93d8ba0f7fccebb29429","modules/elasticsearch/src/main/java/org/elasticsearch/index/analysis/AnalysisService.java","24","0","1","10","146","203","0"
"elasticsearch","a3e7daf41563fcf29c9a2812f13a98d63c6f2f60","src/main/java/org/elasticsearch/cluster/metadata/MetaDataIndexAliasesService.java","24","0","1","10","192","253","0"
"elasticsearch","03402c7ed8356241ac2407ad691709ee585b0bee","src/main/java/org/elasticsearch/indices/fielddata/cache/IndicesFieldDataCache.java","24","0","1","10","194","250","1"
"elasticsearch","768bfb7d1dbcffb4ddcc9bc029dfd7c2e0a59932","core/src/main/java/org/elasticsearch/index/mapper/core/BinaryFieldMapper.java","24","0","1","10","213","273","1"
"hazelcast","285ea2f37f81be480b27c4d255050be62a2af56f","hazelcast/src/test/java/com/hazelcast/queue/BasicQueueTest.java","24","0","1","10","346","440","0"
"hazelcast","bd1cf2be6e18e649d51632574fc01d0cef642e69","hazelcast/src/main/java/com/hazelcast/replicatedmap/impl/ReplicatedMapService.java","24","0","1","11","215","283","1"
"neo4j","15fd5802cff03534ab05a226dbfba84b75f88622","community/shell/src/main/java/org/neo4j/shell/impl/AbstractClient.java","24","0","1","11","271","324","1"
"elasticsearch","1ce10dfb06fe5e90330619b881ce416e8bdf6d9a","src/main/java/org/elasticsearch/index/search/child/ChildrenQuery.java","24","0","1","11","300","390","0"
"hazelcast","142f48debf262bbcc8ebf3fb30e729d9da0d1684","hazelcast/src/main/java/com/hazelcast/transaction/impl/XAResourceImpl.java","24","0","1","12","186","238","3"
"elasticsearch","14af343d8d6177ecf8f6850b5b4637487fd0f120","plugins/repository-azure/src/main/java/org/elasticsearch/cloud/azure/storage/AzureStorageServiceImpl.java","24","0","1","12","209","311","0"
"elasticsearch","4bce7271659889d839388d7df5c61a6d2a5c3c7a","core/src/test/java/org/elasticsearch/index/query/MultiMatchQueryBuilderTests.java","24","0","1","12","267","322","0"
"hazelcast","65df300ddcacf2cee04f1eee8f75731e147decbf","hazelcast-client-legacy/src/main/java/com/hazelcast/client/spi/impl/ClientClusterServiceImpl.java","24","0","1","13","207","259","1"
"neo4j","e874bf1efb4105df86f49b88fd982245a8b7f93b","community/kernel/src/main/java/org/neo4j/kernel/impl/coreapi/TxStateTransactionDataSnapshot.java","24","0","1","13","399","470","1"
"elasticsearch","1c162ed34aacedf9b81f2dd31c604f12f5da4247","src/test/java/org/elasticsearch/search/innerhits/InnerHitsTests.java","24","0","1","13","751","846","1"
"elasticsearch","fac4da822d0494eb9f491455f59c8814fc69927b","src/main/java/org/elasticsearch/search/action/SearchServiceTransportAction.java","24","0","1","14","630","801","1"
"netty","8269e0f046debf561b42adf4bd9aa9b3c18d6672","codec-http/src/test/java/io/netty/handler/codec/http/HttpContentDecoderTest.java","24","0","1","15","479","604","0"
"elasticsearch","6c34452409d2cc468daced1811db60cd81c6fe95","core/src/main/java/org/elasticsearch/search/fetch/innerhits/InnerHitsContext.java","24","0","1","16","278","356","0"
"neo4j","b384058c51bab0d6cc1a0baf46ff4c5f6277223b","community/kernel/src/main/java/org/neo4j/helpers/Exceptions.java","24","0","1","17","217","281","0"
"orientdb","46bbcabde62c2b9e61ebaf45dc23f16d9dee7f02","core/src/main/java/com/orientechnologies/orient/core/metadata/security/ORule.java","24","0","1","17","220","283","1"
"orientdb","136db63960bbf53514691bf5a0bb8361a5ea5361","core/src/main/java/com/orientechnologies/orient/core/metadata/security/ORule.java","24","0","1","17","222","285","0"
"elasticsearch","fcf4d5a38de733eade12c4af4388aa946bbe5235","src/main/java/org/elasticsearch/transport/TransportService.java","24","0","1","19","322","431","1"
"elasticsearch","889db1c824d8c573835e8cbadd0c6f3ba25f8fcd","src/main/java/org/elasticsearch/transport/TransportService.java","24","0","1","19","327","436","1"
"elasticsearch","598854dd72d7fb01a7e26a9dad065de3deaa5eb7","src/main/java/org/elasticsearch/transport/TransportService.java","24","0","1","19","330","440","0"
"BroadleafCommerce","6f54f85be68b77d4f53ba8c86ff39f7172ecb058","core/broadleaf-framework/src/main/java/org/broadleafcommerce/core/payment/service/OrderToPaymentRequestDTOServiceImpl.java","24","0","1","2","155","245","0"
"elasticsearch","467a459f95d8709379bf3e7f415644b246a89dba","core/src/main/java/org/elasticsearch/action/search/type/TransportSearchScrollScanAction.java","24","0","1","2","180","238","1"
"elasticsearch","821021f0e478ca44d828e62c139ea19f0fd7290a","core/src/main/java/org/elasticsearch/action/search/type/TransportSearchScrollScanAction.java","24","0","1","2","181","239","0"
"elasticsearch","2e68207d6ddfff5059a0ca8d1bdefc96f780e576","src/main/java/org/apache/lucene/search/vectorhighlight/CustomFieldQuery.java","24","0","1","2","96","133","0"
"hazelcast","6d05ed2b03448161752d3f5811d6151017b523a1","hazelcast/src/main/java/com/hazelcast/mapreduce/impl/MapReduceService.java","24","0","1","20","225","300","2"
"BroadleafCommerce","a93b02213fc0e0d30021ca130b6bce5f8aa1e184","admin/broadleaf-open-admin-platform/src/main/java/org/broadleafcommerce/openadmin/dto/MapMetadata.java","24","0","1","22","121","171","0"
"BroadleafCommerce","7da760ada0cf3c3164075c970c90d47e36b4bef4","admin/broadleaf-open-admin-platform/src/main/java/org/broadleafcommerce/openadmin/dto/MapMetadata.java","24","0","1","22","121","174","0"
"elasticsearch","4a14c635c8e5fc598bfff92680fe0d6052004a05","src/main/java/org/elasticsearch/indices/store/TransportNodesListShardStoreMetaData.java","24","0","1","24","326","411","1"
"elasticsearch","35990f572b23ed3bfc9e810354d4b83bd69bb3d7","src/main/java/org/elasticsearch/index/service/InternalIndexService.java","24","0","1","24","340","443","1"
"elasticsearch","c97833596869141f747110d0046dd9de325a7f3c","core/src/test/java/org/elasticsearch/action/support/broadcast/node/TransportBroadcastByNodeActionTests.java","24","0","1","24","377","486","1"
"elasticsearch","5a91ad11152fb54724083b696339b78829c8b905","core/src/test/java/org/elasticsearch/action/support/broadcast/node/TransportBroadcastByNodeActionTests.java","24","0","1","24","378","487","0"
"elasticsearch","1644444a4f99d10ee0865161e588eec8c093b381","src/main/java/org/elasticsearch/index/service/InternalIndexService.java","24","0","1","25","345","449","0"
"elasticsearch","1d7e20b7121537fb32cc3f1e3300e85bad3a014e","src/main/java/org/elasticsearch/index/service/InternalIndexService.java","24","0","1","25","345","449","0"
"elasticsearch","8f087e802dcb8a6dfcd49213502efdfc36b4681b","src/main/java/org/elasticsearch/index/service/InternalIndexService.java","24","0","1","25","345","449","1"
"hazelcast","4eef0f6f0630c47a4baca6875343ccd506948bb5","hazelcast/src/main/java/com/hazelcast/multimap/MultiMapContainer.java","24","0","1","29","180","243","1"
"elasticsearch","d2f25416e4a14812d0961ddce0da73bee0b68b27","core/src/main/java/org/elasticsearch/gateway/TransportNodesListGatewayStartedShards.java","24","0","1","29","275","355","1"
"elasticsearch","a44655763e150522d58cbd8113fb1b30a475b8c7","core/src/main/java/org/elasticsearch/gateway/TransportNodesListGatewayStartedShards.java","24","0","1","29","285","368","0"
"orientdb","a1eed89dcfdc303c846b0d6159189f720c1bade8","core/src/test/java/com/orientechnologies/orient/core/storage/impl/local/paginated/LocalPaginatedClusterWithWALTest.java","24","0","1","29","328","442","0"
"orientdb","eb87fd13a08a35e51b139724421fa7adb04049f3","core/src/test/java/com/orientechnologies/orient/core/storage/impl/local/paginated/LocalPaginatedClusterWithWALTest.java","24","0","1","29","330","445","1"
"elasticsearch","27b53b8edfac1844a33389af9e97bc062f8b69dc","src/main/java/org/elasticsearch/index/query/TopChildrenQueryParser.java","24","0","1","3","100","139","0"
"elasticsearch","c8020760d74d5a836b802ed96c016ea5e9519051","src/main/java/org/elasticsearch/index/query/IndicesQueryParser.java","24","0","1","3","105","139","1"
"elasticsearch","17a5575757317962dab4c295bbfacbdb136cc61e","src/main/java/org/elasticsearch/index/query/TopChildrenQueryParser.java","24","0","1","3","105","147","0"
"elasticsearch","00c13532a91b947eaac05fb0d53596d51e11fa9f","src/main/java/org/elasticsearch/search/highlight/FastVectorHighlighter.java","24","0","1","3","126","177","0"
"elasticsearch","f995c9c130b9af1c591e7e8be3b0727bcd573481","src/main/java/org/elasticsearch/search/highlight/FastVectorHighlighter.java","24","0","1","3","135","187","0"
"oryx","0c1bfe9ae796c2d7138b2f6b7f2d9de2f60dc015","app/oryx-app-serving/src/main/java/com/cloudera/oryx/app/serving/als/model/ALSServingModelManager.java","24","0","1","3","142","190","0"
"elasticsearch","0bbb84c19a0ff2ad974bb2bd8002871e4ee1ac73","core/src/main/java/org/elasticsearch/cluster/metadata/MetaDataIndexStateService.java","24","0","1","3","152","210","1"
"hazelcast","27d49efcee88ee428254cf38353e8698ea127c45","hazelcast/src/main/java/com/hazelcast/client/impl/protocol/task/AuthenticationBaseMessageTask.java","24","0","1","3","194","241","1"
"hazelcast","e641541f77808713a214b6d1b4ef4d58497824f1","hazelcast/src/main/java/com/hazelcast/map/impl/eviction/ExpirationManager.java","24","0","1","3","201","324","0"
"hazelcast","adb9c3af7f236cda63c8eed889f117bc5499f84e","hazelcast/src/main/java/com/hazelcast/map/impl/eviction/ExpirationManager.java","24","0","1","3","202","332","1"
"ceylon-ide-eclipse","66a6170d9f5a02168da56c6f83a1b1e022950b8f","plugins/com.redhat.ceylon.eclipse.ui/src/com/redhat/ceylon/eclipse/code/preferences/FiltersPreferencePage.java","24","0","1","3","368","485","1"
"elasticsearch","1bc8f82d0a8a9750b9dae8534b4104cbf00b5c34","src/main/java/org/elasticsearch/index/query/FuzzyLikeThisFieldQueryParser.java","24","0","1","3","89","140","1"
"elasticsearch","9c67be5181085c9a422f06ef970b84489bda84ed","src/main/java/org/elasticsearch/index/query/TopChildrenQueryParser.java","24","0","1","3","99","138","0"
"elasticsearch","cc9ab111a04661367cea50e444b5a9e0d4544d1a","src/main/java/org/elasticsearch/index/query/TopChildrenQueryParser.java","24","0","1","3","99","138","0"
"elasticsearch","89de3ab6272fe3a9e377993ae32851cffb39ca7e","src/main/java/org/elasticsearch/index/query/TopChildrenQueryParser.java","24","0","1","3","99","138","2"
"elasticsearch","2e445d3ede953c90e4e1ce69e5f53192115b9dd7","core/src/test/java/org/elasticsearch/index/shard/IndexShardTests.java","24","0","1","30","838","984","3"
"hazelcast","0cf8d4e4b4bb67c11e3b136f5e719e6d498b7504","hazelcast/src/main/java/com/hazelcast/cache/impl/CacheProxy.java","24","0","1","31","320","398","0"
"orientdb","c902353d86924562826c9114fd6a1242a65ada6d","core/src/test/java/com/orientechnologies/orient/core/storage/impl/local/paginated/LocalPaginatedClusterWithWALTestIT.java","24","0","1","31","345","464","0"
"orientdb","202ca5e408bdf2c426b446e8369a915997e6b503","core/src/test/java/com/orientechnologies/orient/core/storage/impl/local/paginated/LocalPaginatedClusterWithWALTestIT.java","24","0","1","31","347","468","1"
"elasticsearch","085f9e032b536c02efb225625313326f2f382286","core/src/test/java/org/elasticsearch/index/shard/IndexShardTests.java","24","0","1","31","913","1066","3"
"elasticsearch","461ce98ff5849be5ac436b06bc8f00aace365e78","core/src/test/java/org/elasticsearch/index/shard/IndexShardTests.java","24","0","1","32","908","1064","2"
"elasticsearch","4fea56ceadbbd042774a89dbdf94c16a4a33df4c","core/src/test/java/org/elasticsearch/index/shard/IndexShardTests.java","24","0","1","32","925","1079","2"
"elasticsearch","698eb7de9b3b0da7ce8ee8f6ac8efcb38947bbdb","src/test/java/org/elasticsearch/cluster/metadata/MetaDataTests.java","24","0","1","33","543","687","1"
"elasticsearch","0a69f1e283e26e5d9e6a000b68b9f4778de557a1","core/src/main/java/org/elasticsearch/cluster/routing/allocation/decider/ShardsLimitAllocationDecider.java","24","0","1","4","108","185","2"
"elasticsearch","5a64f08f048461a63a0ca1354a5050c954e63d52","core/src/main/java/org/elasticsearch/cluster/routing/allocation/decider/ShardsLimitAllocationDecider.java","24","0","1","4","108","186","0"
"BroadleafCommerce","040328f8a2eb2a3c1843b3e09783103ca6e8caac","admin/broadleaf-open-admin-platform/src/main/java/org/broadleafcommerce/openadmin/server/service/persistence/validation/EntityValidatorServiceImpl.java","24","0","1","4","139","205","1"
"hazelcast","2af0e3527b78f6dfd8819995fa103791450de66c","hazelcast/src/main/java/com/hazelcast/internal/partition/operation/FinalizeMigrationOperation.java","24","0","1","4","142","194","2"
"hazelcast","4c22ed73b6dabb441b0c601143aa115c705d0bb5","hazelcast/src/main/java/com/hazelcast/internal/partition/operation/FinalizeMigrationOperation.java","24","0","1","4","144","197","0"
"hazelcast","97c89f45d5c012ffb41915e095688f1f7b010a7f","hazelcast/src/main/java/com/hazelcast/internal/partition/operation/FinalizeMigrationOperation.java","24","0","1","4","146","199","0"
"netty","291293a6dcc49bd61a004c11ce44d59a14675bf0","codec/src/main/java/io/netty/handler/codec/ReplayingDecoder.java","24","0","1","4","155","482","0"
"netty","b186342f5214a9884639439a587b710ac7d2a549","codec/src/main/java/io/netty/handler/codec/ReplayingDecoder.java","24","0","1","4","161","487","1"
"elasticsearch","284491d87473878574be81d912b9548eb57cc673","src/test/java/org/elasticsearch/index/search/child/ParentConstantScoreQueryTests.java","24","0","1","4","198","247","0"
"elasticsearch","31fa4dc58b659295aaa48930277dddbbabb271ae","src/test/java/org/elasticsearch/index/search/child/ParentConstantScoreQueryTests.java","24","0","1","4","214","263","1"
"elasticsearch","5da9059d0b31ff057eb7c5aed4947639824552b9","core/src/test/java/org/elasticsearch/cluster/routing/allocation/NodeVersionAllocationDeciderTests.java","24","0","1","4","331","404","1"
"elasticsearch","501497df1cd699d404aa316c70ef325dc00175f9","core/src/test/java/org/elasticsearch/cluster/routing/allocation/NodeVersionAllocationDeciderTests.java","24","0","1","4","332","405","0"
"elasticsearch","b4d75a50bf141f7b18bf250041a77d8e01bad749","src/main/java/org/elasticsearch/index/fielddata/ScriptDocValues.java","24","0","1","44","277","362","0"
"elasticsearch","bd857d6d2e35c7da370d5b87f7ed6ab3398a2fe3","src/main/java/org/elasticsearch/index/fielddata/ScriptDocValues.java","24","0","1","44","279","364","1"
"elasticsearch","17681d7104f17aac0868d1fb6b62e3efe124eb02","src/main/java/org/elasticsearch/index/fielddata/ScriptDocValues.java","24","0","1","44","280","365","0"
"elasticsearch","32eb5ffa925211030f4e3dd200118297e0a151c5","src/test/java/org/elasticsearch/search/query/SimpleQueryTests.java","24","0","1","49","1404","1719","3"
"orientdb","e4742c7a063bb8324093282680cbb913151e1245","core/src/main/java/com/orientechnologies/orient/core/sql/functions/coll/OSQLFunctionIntersect.java","24","0","1","5","100","149","0"
"elasticsearch","046abdc281c321cd2128ee7684c0edfcaca07203","core/src/main/java/org/elasticsearch/search/aggregations/pipeline/movavg/MovAvgPipelineAggregator.java","24","0","1","5","165","252","3"
"elasticsearch","5b4e86389c406cfcd05d87c52d46dc984c263eaf","core/src/main/java/org/elasticsearch/cluster/action/shard/ShardStateAction.java","24","0","1","5","251","349","2"
"elasticsearch","cbb1c35f94a36e8871301fce435d516db3cd4256","modules/elasticsearch/src/main/java/org/elasticsearch/discovery/zen/ping/multicast/MulticastZenPing.java","24","0","1","5","294","393","0"
"orientdb","69dde5c3af532dfc8b7ec16104aef29d93001eca","core/src/main/java/com/orientechnologies/orient/core/sql/functions/coll/OSQLFunctionIntersect.java","24","0","1","5","97","146","0"
"elasticsearch","dd95895977906cad0a4896188afce4c6a5889202","src/test/java/org/elasticsearch/search/query/SimpleQueryTests.java","24","0","1","50","1432","1749","2"
"orientdb","731545a32e96d61ede50300ab6b8dd1166de7431","core/src/main/java/com/orientechnologies/orient/core/storage/impl/memory/ODirectMemoryOnlyDiskCache.java","24","0","1","52","471","615","0"
"orientdb","49646436cee4497bc6b13ed638598cac2c4ae6e6","core/src/main/java/com/orientechnologies/orient/core/storage/impl/memory/ODirectMemoryOnlyDiskCache.java","24","0","1","53","474","619","0"
"orientdb","1efcf654acfd746add2b202f50df617b8ce14939","core/src/test/java/com/orientechnologies/orient/core/sql/OCommandExecutorSQLSelectTest.java","24","0","1","54","677","866","3"
"orientdb","29da058c3bc239cf1911da86b63d76a2071dcd28","core/src/test/java/com/orientechnologies/orient/core/sql/OCommandExecutorSQLSelectTest.java","24","0","1","55","689","882","3"
"orientdb","00de5503b0514dc5600d5630d30bc49b34df2fe4","core/src/test/java/com/orientechnologies/orient/core/sql/OCommandExecutorSQLSelectTest.java","24","0","1","57","716","917","3"
"hazelcast","5f982e84958bb237bfbf4d248e48c3083df67bff","hazelcast/src/main/java/com/hazelcast/query/impl/QueryableEntry.java","24","0","1","6","154","217","2"
"hazelcast","21586825d367940e1c79cf289e97310daab1200d","hazelcast/src/main/java/com/hazelcast/query/impl/QueryableEntry.java","24","0","1","6","154","218","2"
"elasticsearch","e74d02138f02a66331b2611b5e70a908bb49cb97","core/src/test/java/org/elasticsearch/bwcompat/OldIndexBackwardsCompatibilityIT.java","24","0","1","6","353","449","0"
"orientdb","6ea7a314d355c6a751a849d1a8f14772fd70d920","core/src/test/java/com/orientechnologies/orient/core/sql/OCommandExecutorSQLSelectTest.java","24","0","1","61","747","956","2"
"BroadleafCommerce","416b3865b7ebb288d45d43094456acefbd7d5ee7","admin/broadleaf-open-admin-platform/src/main/java/org/broadleafcommerce/openadmin/server/security/handler/AdminUserCustomPersistenceHandler.java","24","0","1","7","164","233","1"
"netty","d1d954da3539d3bdaa0578bb27a4f7e9c174b039","codec-http2/src/main/java/io/netty/handler/codec/http2/InboundHttp2ToHttpAdapter.java","24","0","1","7","197","352","0"
"netty","44bb3b6f3afcd15ec26a08c5feea132aed80c00d","codec-http2/src/main/java/io/netty/handler/codec/http2/InboundHttp2ToHttpAdapter.java","24","0","1","7","199","354","1"
"elasticsearch","38be1e0dde7445d683b95d04b9933069cf1da269","src/main/java/org/elasticsearch/search/aggregations/metrics/cardinality/CardinalityAggregator.java","24","0","1","7","212","300","0"
"elasticsearch","885c80f8e5e4bf60b74c6183fefb67ea43466420","modules/elasticsearch/src/main/java/org/elasticsearch/discovery/zen/ping/unicast/UnicastZenPing.java","24","0","1","7","288","383","0"
"hazelcast","2c5a20e99039142cf4293982bbd5b53f958e6fb9","hazelcast/src/main/java/com/hazelcast/map/impl/eviction/EvictionOperator.java","24","0","1","8","177","229","0"
"hazelcast","dad5438f479c8781d8c673cbb6a08f85e7ab9c63","hazelcast/src/main/java/com/hazelcast/map/impl/eviction/EvictionOperator.java","24","0","1","8","180","232","1"
"hazelcast","eddc0ecf70e90657b6d5bf9f7ce78267896cac84","hazelcast/src/main/java/com/hazelcast/map/impl/eviction/EvictionOperator.java","24","0","1","8","182","234","0"
"hazelcast","a4d8c77c49156021a3f38af6250e61b7bdc7db6c","hazelcast/src/main/java/com/hazelcast/spi/impl/AbstractCompletableFuture.java","24","0","1","8","196","303","1"
"elasticsearch","284491d87473878574be81d912b9548eb57cc673","src/main/java/org/elasticsearch/index/search/child/ParentQuery.java","24","0","1","8","273","352","0"
"hazelcast","2b6f18456c37d310e7679071b8c91c7df48c679d","hazelcast/src/main/java/com/hazelcast/map/impl/proxy/NearCachedMapProxyImpl.java","24","0","1","8","276","355","1"
"hazelcast","21de2ef614b9a92baec6c4f16f26123a59391cdc","hazelcast/src/main/java/com/hazelcast/map/impl/proxy/NearCachedMapProxyImpl.java","24","0","1","8","277","356","0"
"elasticsearch","31fa4dc58b659295aaa48930277dddbbabb271ae","src/main/java/org/elasticsearch/index/search/child/ParentQuery.java","24","0","1","8","285","364","1"
"elasticsearch","4859ce5d79a786b58b1cd2fb131614677efd6b91","src/test/java/org/elasticsearch/search/innerhits/InnerHitsTests.java","24","0","1","8","572","649","2"
"elasticsearch","413cbf17132d759a675b9a9c48b2136e6e44df8d","modules/elasticsearch/src/main/java/org/elasticsearch/common/lucene/docset/OrDocSet.java","24","0","1","9","136","211","0"
"elasticsearch","545d8f35df8935ceb21497c9dca904ee52c64543","modules/elasticsearch/src/main/java/org/elasticsearch/client/transport/TransportClientNodesService.java","24","0","1","9","202","267","0"
"orientdb","3f28ff06185bd235ca8826f55424bde1c90730f5","server/src/test/java/com/orientechnologies/orient/core/storage/impl/local/paginated/IndexCrashRestoreMultiValueTest.java","24","0","1","9","210","282","0"
"hazelcast","660bbd97d28d2282bc4ac0bc66a5405e89cd0813","hazelcast-client/src/main/java/com/hazelcast/client/spi/impl/ClientPartitionServiceImpl.java","24","0","1","9","220","277","0"
"elasticsearch","da953700f47924f4948ec3775eb1f42f3109aac7","src/main/java/org/elasticsearch/search/aggregations/bucket/geogrid/InternalGeoHashGrid.java","24","0","1","9","222","288","0"
"hazelcast","e641541f77808713a214b6d1b4ef4d58497824f1","hazelcast-client/src/main/java/com/hazelcast/client/spi/impl/ClientPartitionServiceImpl.java","24","0","1","9","224","283","0"
"hazelcast","f5b5e658ea42c43530cc3fd5e132e2fe503ab8b4","hazelcast-client/src/main/java/com/hazelcast/client/spi/impl/ClientPartitionServiceImpl.java","24","0","1","9","224","283","0"
"hazelcast","6adb137d7e8b6abd4405ab26337072a54017cabc","hazelcast-client/src/main/java/com/hazelcast/client/spi/impl/ClientPartitionServiceImpl.java","24","0","1","9","224","283","1"
"hazelcast","485f426abc042144ebf9fd213e724556ad967191","hazelcast-client/src/main/java/com/hazelcast/client/spi/impl/ClientPartitionServiceImpl.java","24","0","1","9","225","283","1"
"hazelcast","51bdf8a403e085bb80d7dfad88cfd3a816bfaec8","hazelcast-client/src/main/java/com/hazelcast/client/spi/impl/ClientPartitionServiceImpl.java","24","0","1","9","225","283","1"
"hazelcast","8d373b62327a5c012a5b8f2bad456311df03bf61","hazelcast-client/src/main/java/com/hazelcast/client/spi/impl/ClientPartitionServiceImpl.java","24","0","1","9","225","283","1"
"hazelcast","facc7ce537ff0e3778b982b96cb35b5eab8e4163","hazelcast-client/src/main/java/com/hazelcast/client/spi/impl/ClientPartitionServiceImpl.java","24","0","1","9","225","283","0"
"hazelcast","934929958888f0ee66fecccaadf2e7181cbaa9c2","hazelcast-client/src/main/java/com/hazelcast/client/spi/impl/ClientPartitionServiceImpl.java","24","0","1","9","226","284","4"
"elasticsearch","046abdc281c321cd2128ee7684c0edfcaca07203","core/src/main/java/org/elasticsearch/common/rounding/TimeZoneRounding.java","24","0","1","9","230","324","3"
"hazelcast","337ada6c765ca1ff34f8d059805cbeb9b1999053","hazelcast-client/src/main/java/com/hazelcast/client/spi/ProxyManager.java","24","0","1","9","270","315","0"
"elasticsearch","b2b7506ace3d6c873807e23ca7212a1e7ef83ea7","src/test/java/org/elasticsearch/search/innerhits/InnerHitsTests.java","24","0","1","9","593","674","1"
"elasticsearch","ccf548295605bc1248453e6b45b095e72b97b44a","src/test/java/org/elasticsearch/search/innerhits/InnerHitsTests.java","24","0","1","9","608","691","1"
"netty","f1c5f0e0c7200f63e3e0e21a171cc19afcbed0d3","transport/src/main/java/io/netty/channel/PendingWriteQueue.java","24","0","10","1","198","305","0"
"mcMMO","284bab397a98cfe5489c32aa8222776ebec84823","src/main/java/com/gmail/nossr50/mcMMO.java","24","0","10","11","379","545","1"
"mcMMO","458f7f5f5b1a31f8e08f21b1413b379845efc280","src/main/java/com/gmail/nossr50/mcMMO.java","24","0","10","12","382","549","0"
"netty","c78544cfaa5403f0599bcc8c73f3374295b4dd67","codec-http/src/main/java/io/netty/handler/codec/http/HttpVersion.java","24","0","10","3","156","282","1"
"elasticsearch","6e566cdf6cab837bdbdb5300ca85038fba1488c1","core/src/main/java/org/elasticsearch/action/admin/cluster/allocation/ClusterAllocationExplanation.java","24","0","10","6","185","260","1"
"netty","73c4ad5f0a233844aa8629224c46d758a06225c1","codec-http2/src/main/java/io/netty/handler/codec/http2/Http2CodecUtil.java","24","0","11","1","234","356","0"
"netty","d2389a9339b72e12bdab20f11f745df01b190e8a","codec-http2/src/main/java/io/netty/handler/codec/http2/Http2CodecUtil.java","24","0","11","1","234","356","0"
"netty","67d3a78123fa3faa85c1a150bd4ee69425079b3d","codec-http2/src/main/java/io/netty/handler/codec/http2/Http2CodecUtil.java","24","0","11","1","234","356","1"
"neo4j","cd0275128c4f352086eda4f6c07afac2a812bc9a","community/kernel/src/main/java/org/neo4j/kernel/impl/store/NeoStores.java","24","0","12","13","484","647","1"
"elasticsearch","526b46402530817f63c4c70ed382fee34b8b7cf3","src/main/java/org/elasticsearch/index/mapper/FieldMappersLookup.java","24","0","12","2","170","255","0"
"elasticsearch","371c73e14023917f3892090d2d3d7ff9ac1216b9","core/src/main/java/org/elasticsearch/action/admin/cluster/allocation/ClusterAllocationExplanation.java","24","0","12","6","200","279","3"
"elasticsearch","78574d248cf10dad1c5a566fda79e1e0c94afe43","core/src/main/java/org/elasticsearch/action/admin/cluster/allocation/ClusterAllocationExplanation.java","24","0","12","6","200","279","2"
"elasticsearch","e6aaaf11ed4a1b8f595f920de1840938eddb7a97","core/src/main/java/org/elasticsearch/action/admin/cluster/allocation/ClusterAllocationExplanation.java","24","0","12","6","200","279","2"
"elasticsearch","31b0777c911a87b7ebae0efd7d5b14d1e06f3879","core/src/main/java/org/elasticsearch/action/admin/cluster/allocation/ClusterAllocationExplanation.java","24","0","12","6","200","279","0"
"elasticsearch","a60b8948ba1d836a6eac7cff095519e618939ed8","core/src/main/java/org/elasticsearch/action/admin/cluster/allocation/ClusterAllocationExplanation.java","24","0","12","6","200","279","0"
"elasticsearch","b0c9759441fbadc18047f3563d05248312bd35ae","modules/lang-painless/src/main/java/org/elasticsearch/painless/Locals.java","24","0","12","6","222","348","0"
"elasticsearch","103f587be108429c6bf272e345c4820f4895e5b6","src/main/java/org/elasticsearch/common/io/stream/StreamOutput.java","24","0","13","10","167","267","1"
"neo4j","4f04ee08438d4e1c99095d9d8a9f2ec223af89a9","community/kernel/src/main/java/org/neo4j/kernel/impl/api/OperationsFacade.java","24","0","13","147","1383","1631","1"
"neo4j","7723d89e6d1d951e8923fb102da0228db2e4e8f9","community/kernel/src/main/java/org/neo4j/kernel/impl/api/OperationsFacade.java","24","0","13","147","1399","1647","2"
"elasticsearch","2fa1c9fff14adbdbbd373c5b39b553c55e3738f7","core/src/main/java/org/elasticsearch/indices/recovery/RecoveryTarget.java","24","0","13","17","332","474","0"
"elasticsearch","65f90b25e0e2306ed53cad6c01e07875a0000a6c","core/src/main/java/org/elasticsearch/indices/recovery/RecoveryTarget.java","24","0","13","18","336","479","1"
"elasticsearch","cfc106d7213fbdfa78d2c74387586ce2c02d3842","core/src/main/java/org/elasticsearch/indices/recovery/RecoveryTarget.java","24","0","13","18","337","478","0"
"hazelcast","6aa478bb5620a41415f1e93043cca925c0c56043","hazelcast/src/main/java/com/hazelcast/config/CacheConfig.java","24","0","14","13","212","340","0"
"elasticsearch","0a69f1e283e26e5d9e6a000b68b9f4778de557a1","core/src/main/java/org/elasticsearch/common/settings/AbstractScopedSettings.java","24","0","15","1","140","257","2"
"neo4j","ee9e8b911ee8e1d2a78a01d8e22923103888a505","community/kernel/src/main/java/org/neo4j/kernel/impl/transaction/state/TransactionRecordState.java","24","0","16","13","377","590","1"
"elasticsearch","952feb58e41bd0220784c44136b840ea4a740e26","core/src/main/java/org/elasticsearch/search/aggregations/bucket/terms/TermsAggregationBuilder.java","24","0","16","4","255","372","1"
"elasticsearch","149ef74b26bb33d3a1d3c1c45c481a01345cd764","core/src/main/java/org/elasticsearch/search/aggregations/bucket/terms/TermsAggregationBuilder.java","24","0","16","4","258","375","0"
"elasticsearch","01f6851691f0e160185acdb2986f0486e9b4f6ec","core/src/main/java/org/elasticsearch/action/admin/indices/mapping/put/PutMappingRequest.java","24","0","17","6","209","330","0"
"elasticsearch","292dd8f992e101f9bffcd58c6c60a24ccbfec746","core/src/main/java/org/elasticsearch/action/admin/indices/mapping/put/PutMappingRequest.java","24","0","17","6","211","332","1"
"elasticsearch","cc65a94fd4daaac1a6586350bda309a29a511f7e","core/src/main/java/org/elasticsearch/action/admin/indices/mapping/put/PutMappingRequest.java","24","0","17","6","211","332","1"
"elasticsearch","0821fa23ffa00d449e9deacf15db0c3331bed360","core/src/main/java/org/elasticsearch/action/admin/indices/mapping/put/PutMappingRequest.java","24","0","17","6","211","332","0"
"elasticsearch","a5ab648fae5222ed51488cb2f60b58e189d1eacd","core/src/main/java/org/elasticsearch/snapshots/SnapshotUtils.java","24","0","2","0","88","126","0"
"BroadleafCommerce","452d7905f4d46235dbb709f3bb788719e32da9b9","admin/broadleaf-open-admin-platform/src/main/java/org/broadleafcommerce/openadmin/server/security/ldap/BroadleafAdminLdapUserDetailsMapper.java","24","0","2","1","113","160","0"
"mcMMO","af578870c70b5c350e41dd079a35296f79b86f6b","src/main/java/com/gmail/nossr50/util/MobHealthbarUtils.java","24","0","2","1","120","174","0"
"junit","34e66740b9117ce85cfd416f9e931b2e533ab16e","src/main/java/org/junit/experimental/theories/internal/AllMembersSupplier.java","24","0","2","1","142","178","0"
"elasticsearch","d61ad4cfce902b33092fd5eefc60cf40f9c73e2b","core/src/test/java/org/elasticsearch/indices/cluster/AbstractIndicesClusterStateServiceTestCase.java","24","0","2","1","250","340","1"
"elasticsearch","fb934aff57021347dc3161534a13c0d0830d9a18","src/test/java/org/elasticsearch/document/BulkTests.java","24","0","2","10","448","565","3"
"elasticsearch","1d9302b6a7456121d0e17d61b2771e4b1a1736da","core/src/main/java/org/elasticsearch/common/Priority.java","24","0","2","10","95","140","0"
"elasticsearch","ac39e73183f375ee9ccc2e926ff6168a1884eb70","core/src/main/java/org/elasticsearch/common/Priority.java","24","0","2","10","95","143","0"
"antlr4","29c2712ae1eee9575324db48c2f72c7cb0d28308","runtime/Java/src/org/antlr/v4/runtime/misc/Utils.java","24","0","2","11","151","205","0"
"elasticsearch","abdbfe768b52fe46d14864c35008fcf6c8dc5902","src/main/java/org/elasticsearch/indices/InternalIndicesService.java","24","0","2","11","291","375","1"
"hazelcast","139accb8e85eca305e57b2dd8b7e2340cbc75d50","hazelcast/src/main/java/com/hazelcast/transaction/impl/XAResourceImpl.java","24","0","2","12","190","244","2"
"elasticsearch","6d0efae7139401f497e6cd4ab329fba82dd922bf","core/src/test/java/org/elasticsearch/action/admin/cluster/node/tasks/TasksIT.java","24","0","2","12","307","480","0"
"neo4j","8dd5305f81c3afc5a654640540972981c556bc99","integrationtests/src/test/java/org/neo4j/causalclustering/scenarios/BoltCausalClusteringIT.java","24","0","2","13","469","760","0"
"neo4j","deb01d37aaa9368817ea70690c8933983b59a87a","integrationtests/src/test/java/org/neo4j/causalclustering/scenarios/BoltCausalClusteringIT.java","24","0","2","13","469","760","0"
"neo4j","68c237b92ed8634317ac5f848080810eefa21395","integrationtests/src/test/java/org/neo4j/causalclustering/scenarios/BoltCausalClusteringIT.java","24","0","2","13","469","760","1"
"hazelcast","f5fcc807a7817aeb87ab0f6087e643396ead808c","hazelcast/src/main/java/com/hazelcast/spi/impl/operationservice/impl/operations/PartitionIteratingOperation.java","24","0","2","14","229","321","1"
"elasticsearch","826a6ab02a83147d98f08bebd4c92bf9088d3ff8","src/main/java/org/elasticsearch/index/search/child/TopChildrenQuery.java","24","0","2","14","243","327","0"
"mcMMO","de46277bea12139cd7e963b481c0cfd30b5b8955","src/main/java/com/gmail/nossr50/mcMMO.java","24","0","2","16","282","379","1"
"neo4j","51a8b8b5fe4f5a532513a5b11dca330b630108d3","enterprise/core-edge/src/main/java/org/neo4j/coreedge/raft/log/PhysicalRaftLog.java","24","0","2","16","351","481","0"
"neo4j","769c4c6b9a0cb5af55c3fbb21842914a7758c1d9","enterprise/core-edge/src/main/java/org/neo4j/coreedge/raft/log/PhysicalRaftLog.java","24","0","2","16","359","489","0"
"elasticsearch","c42f7708be601cf195661d7e0c13570e0223fee8","src/main/java/org/elasticsearch/common/lucene/all/AllEntries.java","24","0","2","17","185","240","0"
"elasticsearch","6e366bae34c0128e6f710f79422eab1412616cb4","src/main/java/org/elasticsearch/index/mapper/internal/TTLFieldMapper.java","24","0","2","19","188","244","1"
"elasticsearch","86bc79202d2b5db684ef07744da862fd1d884212","src/main/java/org/elasticsearch/transport/TransportService.java","24","0","2","19","327","444","2"
"hazelcast","e6667194e520431ae4f36ae951ba8afc5072968f","hazelcast-client/src/main/java/com/hazelcast/client/cache/impl/HazelcastClientCachingProvider.java","24","0","2","2","145","210","0"
"orientdb","7a678522a2d83448543bc75d7360ac0857529727","core/src/main/java/com/orientechnologies/orient/core/sql/OCommandExecutorSQLTruncateClass.java","24","0","2","2","97","146","0"
"hazelcast","1ef8b8444b4ce2720f75485969fb2c5759e7b2f7","hazelcast/src/test/java/com/hazelcast/map/nearcache/NearCacheTest.java","24","0","2","28","636","857","2"
"hazelcast","c0ea17d05e7d696d72ce55ba0c00d957898d8aee","hazelcast/src/main/java/com/hazelcast/nio/tcp/TcpIpConnection.java","24","0","2","29","213","298","0"
"hazelcast","f332be60ebd23c10a1b73ed223bf031807b83557","hazelcast/src/main/java/com/hazelcast/nio/tcp/TcpIpConnection.java","24","0","2","29","213","298","0"
"hazelcast","e6be9c98384c4ecb4c2f6ccace0c463d0b9e067a","hazelcast/src/main/java/com/hazelcast/nio/tcp/TcpIpConnection.java","24","0","2","29","213","298","1"
"hazelcast","9d2eb04228da9c121161435410d90125a1ab597a","hazelcast/src/test/java/com/hazelcast/map/nearcache/NearCacheTest.java","24","0","2","29","661","886","1"
"orientdb","a56ae91e7d9f772da4288542cee900793c24e5e1","core/src/main/java/com/orientechnologies/orient/core/sql/OCommandExecutorSQLTruncateClass.java","24","0","2","3","101","151","0"
"orientdb","7a678522a2d83448543bc75d7360ac0857529727","core/src/main/java/com/orientechnologies/orient/core/sql/OCommandExecutorSQLAlterClass.java","24","0","2","3","98","155","1"
"hazelcast","b1b71398a1860e5187c3aaa1e4b641f8b09d1254","hazelcast/src/test/java/com/hazelcast/map/impl/nearcache/NearCacheTest.java","24","0","2","34","719","972","0"
"orientdb","a56ae91e7d9f772da4288542cee900793c24e5e1","core/src/main/java/com/orientechnologies/orient/core/sql/OCommandExecutorSQLAlterClass.java","24","0","2","4","102","160","1"
"orientdb","c94c65abfdb28d01bbf1d2d9da8d35b455e79397","core/src/main/java/com/orientechnologies/orient/core/sql/OCommandExecutorSQLAlterCluster.java","24","0","2","4","132","199","0"
"orientdb","1a904474ba67d29206a2b8cdca91f1038b123e61","core/src/main/java/com/orientechnologies/orient/core/sql/OCommandExecutorSQLAlterClass.java","24","0","2","5","107","166","1"
"hazelcast","858691b76532535a9c839be4137c27a445893b3a","hazelcast/src/main/java/com/hazelcast/query/impl/AndResultSet.java","24","0","2","5","130","181","1"
"hazelcast","dfde0ce89c3c11629fe62b7eba3a8e6b2bbe6e6c","hazelcast/src/main/java/com/hazelcast/internal/partition/operation/FinalizeMigrationOperation.java","24","0","2","5","150","208","2"
"hazelcast","2db57b1347715b9dbdcf5501adea7bd823bf5b7f","hazelcast/src/main/java/com/hazelcast/internal/partition/operation/FinalizeMigrationOperation.java","24","0","2","5","152","211","1"
"hazelcast","b2df21c79a156ed5b81d91a242ba9d3ed2345b1b","hazelcast/src/main/java/com/hazelcast/internal/partition/operation/FinalizeMigrationOperation.java","24","0","2","5","154","213","1"
"elasticsearch","b326f0bc513f5a0c4d13e51387b2b580dd8accf3","core/src/main/java/org/elasticsearch/common/util/concurrent/PrioritizedEsThreadPoolExecutor.java","24","0","2","5","203","277","1"
"elasticsearch","6ecb0234685c180223a866862bcd31b965e05783","core/src/main/java/org/elasticsearch/common/util/concurrent/PrioritizedEsThreadPoolExecutor.java","24","0","2","5","204","278","0"
"elasticsearch","adc0807c686b37bf1d96bd3eb9d26face380fe44","src/test/java/org/elasticsearch/indices/settings/UpdateSettingsTests.java","24","0","2","5","308","418","1"
"hazelcast","e36961ec544dd8857aa8990276d1cac0e1180424","hazelcast/src/main/java/com/hazelcast/cache/impl/CacheEntryProcessorEntry.java","24","0","2","7","143","200","1"
"hazelcast","d81bf31c8a1b7795a17e3911a4d9c38ead8c24d5","hazelcast/src/main/java/com/hazelcast/cache/impl/CacheEntryProcessorEntry.java","24","0","2","7","144","201","0"
"orientdb","cc0a317b054f936099eb2628cc720148b99d219a","distributed/src/main/java/com/orientechnologies/orient/server/distributed/sql/OCommandExecutorSQLHASyncCluster.java","24","0","2","7","201","289","0"
"junit","1d86784cd452e8d9e30d812255cadb75ef8dae15","src/main/java/junit/framework/TestSuite.java","24","0","20","1","164","296","1"
"netty","a7496ed83df3cf13c24fa9b5ce9494914fcd07ec","transport/src/main/java/io/netty/bootstrap/AbstractBootstrap.java","24","0","22","1","292","470","1"
"Android-Universal-Image-Loader","e2d84aff036c22ca02c1152f8100ad4d76b5097c","library/src/com/nostra13/universalimageloader/core/ImageLoader.java","24","0","24","0","197","455","0"
"Android-Universal-Image-Loader","9634fe37c997bd84932b2b198d8b38913e01a968","library/src/com/nostra13/universalimageloader/core/ImageLoader.java","24","0","24","0","212","470","1"
"BroadleafCommerce","6be50af6ae7eb09a7ca8299dcd80eb3debe11646","core/broadleaf-framework-web/src/main/java/org/broadleafcommerce/core/web/controller/checkout/BroadleafPaymentInfoController.java","24","0","3","0","121","204","0"
"mcMMO","bded936af5c421ea2f0d29cfd9d33c4ef283eec7","src/main/java/com/gmail/nossr50/util/MobHealthbarUtils.java","24","0","3","1","120","174","0"
"elasticsearch","4bce7271659889d839388d7df5c61a6d2a5c3c7a","core/src/main/java/org/elasticsearch/common/lucene/search/Queries.java","24","0","3","10","143","196","0"
"elasticsearch","1bc8f82d0a8a9750b9dae8534b4104cbf00b5c34","src/main/java/org/elasticsearch/index/analysis/Analysis.java","24","0","3","10","215","279","1"
"elasticsearch","b3e5e6a0bada1a90ee80edcbe52cc22d82c640e3","core/src/test/java/org/elasticsearch/action/admin/indices/create/CreateIndexIT.java","24","0","3","13","406","512","0"
"hazelcast","22c782cf4670330503dee123b73fa483726328a2","hazelcast/src/main/java/com/hazelcast/ringbuffer/impl/RingbufferService.java","24","0","3","19","210","290","1"
"netty","9c1b31d20a2a6f913802f4200e6910f32990634e","transport/src/main/java/io/netty/channel/group/DefaultChannelGroup.java","24","0","3","19","214","283","0"
"elasticsearch","9080f51340b1b26f8bd171b4c82de8d87ad42b55","core/src/test/java/org/elasticsearch/search/aggregations/bucket/SignificantTermsSignificanceScoreIT.java","24","0","3","24","432","525","1"
"elasticsearch","9ee08dbb0b247afb881431df0c313024eb768747","core/src/main/java/org/elasticsearch/monitor/jvm/JvmInfo.java","24","0","3","26","321","410","1"
"BroadleafCommerce","1a5ce59c9c0fe861718300cd2ff7efb08a437dc9","common/src/main/java/org/broadleafcommerce/common/web/resource/resolver/BroadleafCachingResourceResolver.java","24","0","3","3","151","226","0"
"elasticsearch","538c44b6bf36a1cb8f80781a3a5bb1634f2b7822","src/main/java/org/elasticsearch/index/merge/policy/ElasticsearchMergePolicy.java","24","0","3","5","178","257","0"
"hazelcast","d041266118126d445f010f961e936ce8f540a573","hazelcast/src/main/java/com/hazelcast/internal/nearcache/impl/invalidation/RepairingTask.java","24","0","3","5","217","311","0"
"elasticsearch","85a1b2b406f4bdfd9a7d9f68c2b4be7e9775cfbb","core/src/main/java/org/elasticsearch/transport/RemoteClusterService.java","24","0","3","5","233","336","2"
"elasticsearch","09575eb95fa6da57c0e98435d079f50262f4d81b","src/test/java/org/elasticsearch/document/BulkTests.java","24","0","3","6","403","511","2"
"elasticsearch","087a931cb2ecbae34c4fc87924400c9b6bbd8a41","test/framework/src/main/java/org/elasticsearch/transport/MockTcpTransport.java","24","0","3","7","297","390","3"
"elasticsearch","4d32cc0b9f6ac41dca4674bbbadbf1e677e5d305","core/src/main/java/org/elasticsearch/common/lucene/search/Queries.java","24","0","3","8","137","185","1"
"elasticsearch","b2baf039fdf1a0ddd81bfd3835a7f92b272898c4","core/src/main/java/org/elasticsearch/common/lucene/search/Queries.java","24","0","3","8","137","185","1"
"elasticsearch","d2ad2e8eee341c0edea94437b412474ec883251b","core/src/main/java/org/elasticsearch/common/lucene/search/Queries.java","24","0","3","8","137","185","2"
"elasticsearch","96e29be7c6b30ee6ffdbf7c1e198b705e2fce306","core/src/main/java/org/elasticsearch/common/lucene/search/Queries.java","24","0","3","8","137","185","0"
"elasticsearch","d885fe62ea680989f1c27a9206f616cc5bae25ce","core/src/main/java/org/elasticsearch/common/lucene/search/Queries.java","24","0","3","8","137","185","0"
"elasticsearch","358ee7c272081c744811fd87bb3197c4c8e22381","core/src/main/java/org/elasticsearch/action/admin/cluster/node/tasks/list/ListTasksResponse.java","24","0","3","8","152","211","2"
"elasticsearch","af06231d4cb00d730b2689f628255634ef42fc83","test/framework/src/main/java/org/elasticsearch/transport/MockTcpTransport.java","24","0","3","8","330","425","0"
"elasticsearch","35e5432354ee968e516ddeefbd842d3f1742b448","src/test/java/org/elasticsearch/document/BulkTests.java","24","0","3","9","473","594","1"
"ceylon-ide-eclipse","1e33ab5dc0fdf89e0e73f6381f3641f022e4fb3a","plugins/com.redhat.ceylon.eclipse.ui/src/com/redhat/ceylon/eclipse/core/model/JDTModuleSourceMapper.java","24","0","4","11","213","279","0"
"hazelcast","70d4de16ff0ac4518d09aad8c9f2ad9e782fb337","hazelcast/src/main/java/com/hazelcast/ringbuffer/impl/RingbufferContainer.java","24","0","4","19","223","349","1"
"netty","54559a95956ba26bd75790fad04f7057fe0f6674","codec-http/src/main/java/io/netty/handler/codec/http/HttpClientCodec.java","24","0","4","2","129","233","0"
"elasticsearch","fec1802e2f622c1a126c9adda28fa53f1b55529a","core/src/main/java/org/elasticsearch/ingest/PipelineStore.java","24","0","4","4","179","246","2"
"elasticsearch","a758eec78ab04cdda121f43e3e6147cbad8dc4a2","core/src/main/java/org/elasticsearch/index/shard/TranslogRecoveryPerformer.java","24","0","4","4","192","257","0"
"elasticsearch","423b0f5e3d30430c00f18f621c88fe2fcd44e1aa","core/src/main/java/org/elasticsearch/ingest/PipelineStore.java","24","0","4","5","189","258","0"
"hazelcast","32067e5e3992b2c92f4960817d2a288ae3768e4d","hazelcast/src/main/java/com/hazelcast/map/impl/MapKeyLoader.java","24","0","4","8","271","373","3"
"hazelcast","30faded4ca443c7ab2535f13748232ce72353fcf","hazelcast/src/main/java/com/hazelcast/map/impl/MapKeyLoader.java","24","0","4","8","282","387","3"
"hazelcast","9451af5d6efb465b82372cd814b835378269e10c","hazelcast/src/main/java/com/hazelcast/map/impl/MapKeyLoader.java","24","0","4","8","287","393","2"
"BroadleafCommerce","d8dbf31381e5c689ad90bada81d6092e897818bb","core/broadleaf-framework/src/main/java/org/broadleafcommerce/core/offer/domain/OfferImpl.java","24","0","4","81","705","871","1"
"hazelcast","ee5e7f4ba7a707428cb92093834717d1c377bb53","hazelcast/src/main/java/com/hazelcast/map/impl/MapKeyLoader.java","24","0","4","9","292","411","2"
"titan","a1e70246868f0fc9e3e6e1bd454f2b0b13170c3b","src/main/java/com/thinkaurelius/titan/util/interval/Range.java","24","0","5","10","116","178","1"
"netty","1cce998bb06f42ff47925390872dcc5c487bbf59","transport/src/main/java/io/netty/channel/socket/nio/NioSocketChannel.java","24","0","5","10","264","354","0"
"elasticsearch","4b2e4becc7c4541923a87c9be879ee0ce688bf20","src/test/java/org/elasticsearch/index/mapper/all/SimpleAllMapperTests.java","24","0","5","10","313","377","0"
"orientdb","934043fd762eb74dcecdbac5c11480573daecf50","core/src/main/java/com/orientechnologies/orient/core/sql/filter/OSQLFilterItemField.java","24","0","5","11","119","199","2"
"hazelcast","12830cf4db72fc7d71edd8a20ee15fba533ab6a8","hazelcast/src/test/java/com/hazelcast/test/TestHazelcastInstanceFactory.java","24","0","5","17","202","282","1"
"orientdb","b4c5b09ca8621c77d5eceedb0107a422a0f6d601","core/src/main/java/com/orientechnologies/orient/core/metadata/sequence/OSequence.java","24","0","5","19","220","314","0"
"elasticsearch","a6510f924520d8cdda2636ac85a1a1e43f6dfb8c","src/main/java/org/elasticsearch/bootstrap/Bootstrap.java","24","0","5","2","201","281","0"
"hazelcast","b060aaf42a3aed50616442f3bfafb9b58195b688","hazelcast/src/test/java/com/hazelcast/concurrent/lock/ConditionTest.java","24","0","5","23","599","753","1"
"hazelcast","9f51eeb7f83a09ba7be118b63bbb7c0068469a3e","hazelcast/src/test/java/com/hazelcast/concurrent/lock/ConditionTest.java","24","0","5","24","611","767","0"
"netty","26a7a5ec25fe81fae38f557e6b44bf9c3ea91fea","codec-http2/src/main/java/io/netty/handler/codec/http2/DefaultHttp2LocalFlowController.java","24","0","5","8","259","445","1"
"hazelcast","69975a8df84795d2fbd45e45b1d169e13fcbf0b1","hazelcast-wm/src/main/java/com/hazelcast/web/ClusteredSessionService.java","24","0","6","0","214","351","1"
"hazelcast","492f245a25acc48681b46b8e809dae8f0e9ccdbc","hazelcast-wm/src/main/java/com/hazelcast/web/ClusteredSessionService.java","24","0","6","0","221","360","3"
"elasticsearch","eace0659314b76ab0d457d02fc34010f0fb85ae1","core/src/main/java/org/elasticsearch/bootstrap/JarHell.java","24","0","6","1","176","254","1"
"elasticsearch","8c4bc7d10b798ed4b1a5554f5308d4a4b9068190","core/src/main/java/org/elasticsearch/bootstrap/JarHell.java","24","0","6","1","179","272","0"
"netty","926a20f105b9206efcc3a618b430f5fce01481ba","handler/src/main/java/io/netty/handler/timeout/IdleStateHandler.java","24","0","6","13","268","471","0"
"elasticsearch","616d0c044fbc886c8ba3d4ddb5e055b4a5127af6","src/test/java/org/elasticsearch/search/aggregations/bucket/DateHistogramTests.java","24","0","6","27","1059","1352","2"
"BroadleafCommerce","40ab929d34f5e9804b086e93b711feb23ee47eca","core/broadleaf-profile-web/src/main/java/org/broadleafcommerce/profile/web/core/security/CustomerStateRequestProcessor.java","24","0","6","3","127","244","2"
"hazelcast","515f041d8848545394faff4ecd3b1f37c643b2e3","hazelcast/src/main/java/com/hazelcast/spi/impl/operationservice/impl/InvocationRegistry.java","24","0","6","6","170","273","2"
"elasticsearch","3dec916ef2eb2bdff819969cb3419a126244d72a","src/main/java/org/elasticsearch/search/internal/DefaultSearchContext.java","24","0","6","95","517","713","0"
"elasticsearch","6523cd93771f930d410e5a137d8f30b3ec7427f9","src/main/java/org/elasticsearch/gateway/local/state/meta/MetaDataStateFormat.java","24","0","7","0","218","330","1"
"elasticsearch","dfeb12996becabcd1576860b731c345863f44130","src/main/java/org/elasticsearch/gateway/local/state/meta/MetaDataStateFormat.java","24","0","7","0","227","340","1"
"BroadleafCommerce","666556d564663300bfb751c6657ecf403d6d30db","common/src/main/java/org/broadleafcommerce/common/rule/MvelHelper.java","24","0","7","1","135","266","1"
"BroadleafCommerce","cecce9284055ddafb4c8cfc3c90cfd25b997cf9c","common/src/main/java/org/broadleafcommerce/common/rule/MvelHelper.java","24","0","7","1","135","270","1"
"netty","8dbf5d02e53a72c42467b8dc0a5e1482d5f49af4","transport-native-epoll/src/main/java/io/netty/channel/unix/FileDescriptor.java","24","0","7","10","177","250","0"
"BroadleafCommerce","f2e2ca5db03d4386f59c5fd129fe65acae3d90dd","core/broadleaf-profile-web/src/main/java/org/broadleafcommerce/profile/web/core/security/CustomerStateRequestProcessor.java","24","0","7","2","129","273","1"
"BroadleafCommerce","9a1ae1678f43cd4b706fd2a302879c0f42dc4637","core/broadleaf-profile-web/src/main/java/org/broadleafcommerce/profile/web/core/security/CustomerStateRequestProcessor.java","24","0","7","3","130","267","3"
"elasticsearch","977712f9773c3eecea3958a5b8ddf934207775a6","core/src/test/java/org/elasticsearch/search/rescore/QueryRescoreBuilderTests.java","24","0","7","3","245","321","1"
"elasticsearch","634ce90dc06f20888a4ff655985a6baccf25a7db","core/src/test/java/org/elasticsearch/search/rescore/QueryRescoreBuilderTests.java","24","0","7","3","246","322","0"
"elasticsearch","82fa531ab4c1fb087d357ff15288c070d7393378","core/src/test/java/org/elasticsearch/search/rescore/QueryRescoreBuilderTests.java","24","0","7","3","246","322","0"
"elasticsearch","2f8def11b5109eb80b47422a200bf7b7e07c8467","core/src/test/java/org/elasticsearch/search/rescore/QueryRescoreBuilderTests.java","24","0","7","3","246","322","2"
"elasticsearch","046abdc281c321cd2128ee7684c0edfcaca07203","core/src/test/java/org/elasticsearch/search/rescore/QueryRescoreBuilderTests.java","24","0","7","3","273","351","2"
"elasticsearch","3aed047bdedde1bda189cbfc2f81e65af42e57c5","core/src/test/java/org/elasticsearch/search/rescore/QueryRescoreBuilderTests.java","24","0","7","3","275","353","0"
"elasticsearch","3a59b6a16c970ab70a49ddc742d56e56d0112f2a","core/src/main/java/org/elasticsearch/search/suggest/completion/context/CategoryContextMapping.java","24","0","7","4","136","235","0"
"netty","fc2e6916d996f6f1b16f9478c1c9213007fcbd20","transport/src/main/java/io/netty/bootstrap/ServerBootstrap.java","24","0","7","4","253","335","0"
"elasticsearch","25fd9e26c4fb042d6f6dea14efcd239577bdbbc4","core/src/main/java/org/elasticsearch/action/support/ActiveShardCount.java","24","0","7","5","139","221","0"
"hazelcast","dbcb4d66dcb9ea0dbf639e0f9182aabbe8d91855","hazelcast/src/main/java/com/hazelcast/spi/impl/operationservice/impl/InvocationRegistry.java","24","0","7","6","175","283","1"
"elasticsearch","78d86bcf411ebd940e10539f039282b3d115c5a0","src/main/java/org/elasticsearch/gateway/MetaDataStateFormat.java","24","0","8","0","248","360","0"
"elasticsearch","23dc785f3f361d4e2836dca803a66937f8b495c9","core/src/main/java/org/elasticsearch/gateway/MetaDataStateFormat.java","24","0","8","0","253","369","0"
"elasticsearch","2336da1704627c236e6eca214614e748d195794d","core/src/main/java/org/elasticsearch/gateway/MetaDataStateFormat.java","24","0","8","0","257","370","1"
"elasticsearch","c97833596869141f747110d0046dd9de325a7f3c","core/src/main/java/org/elasticsearch/node/Node.java","24","0","8","1","366","481","1"
"elasticsearch","5a91ad11152fb54724083b696339b78829c8b905","core/src/main/java/org/elasticsearch/node/Node.java","24","0","8","1","366","485","0"
"elasticsearch","87737d3e02e5727cfe035068bfca5f3e5af13978","core/src/main/java/org/elasticsearch/node/Node.java","24","0","8","1","367","480","0"
"elasticsearch","a23e4aefaa90f5d634099ed398bd3df0601a668c","src/test/java/org/elasticsearch/index/mapper/all/SimpleAllMapperTests.java","24","0","8","10","349","423","1"
"elasticsearch","125e0c16cddb7902ff3a04e6dd69d1998cbe648d","src/test/java/org/elasticsearch/index/mapper/all/SimpleAllMapperTests.java","24","0","8","10","356","430","0"
"elasticsearch","371c73e14023917f3892090d2d3d7ff9ac1216b9","core/src/main/java/org/elasticsearch/index/query/SpanNearQueryBuilder.java","24","0","8","2","162","242","3"
"elasticsearch","78574d248cf10dad1c5a566fda79e1e0c94afe43","core/src/main/java/org/elasticsearch/index/query/SpanNearQueryBuilder.java","24","0","8","2","162","242","2"
"elasticsearch","e6aaaf11ed4a1b8f595f920de1840938eddb7a97","core/src/main/java/org/elasticsearch/index/query/SpanNearQueryBuilder.java","24","0","8","2","162","242","2"
"elasticsearch","a60b8948ba1d836a6eac7cff095519e618939ed8","core/src/main/java/org/elasticsearch/index/query/SpanNearQueryBuilder.java","24","0","8","2","162","242","0"
"elasticsearch","075047065d5dd692d0a74f6ca70e796880f84df1","core/src/main/java/org/elasticsearch/cluster/routing/allocation/AllocationService.java","24","0","8","4","265","406","0"
"neo4j","737bbf8d7a2c473b0df517235b3822c3b4110231","community/bolt/src/main/java/org/neo4j/bolt/v1/runtime/BoltStateMachine.java","24","0","9","16","559","787","0"
"neo4j","760f107b155cb776fdb628fa64575a9ed367720b","community/bolt/src/main/java/org/neo4j/bolt/v1/runtime/BoltStateMachine.java","24","0","9","16","559","787","0"
"neo4j","0aa66c5acd804a93f5700ddb017c092743aa03d0","community/bolt/src/main/java/org/neo4j/bolt/v1/runtime/BoltStateMachine.java","24","0","9","16","559","787","1"
"elasticsearch","0ee889fd8b263cd4117708491c2687dff8d8b743","src/main/java/org/elasticsearch/index/mapper/ParseContext.java","24","0","9","53","309","446","0"
"elasticsearch","6ea687683904926b651e5f1666e3b934d0265605","core/src/main/java/org/elasticsearch/plugins/PluginInfo.java","24","0","9","9","198","285","1"
"elasticsearch","713009df37ec1fc8c2ef4b9da00d2e179ffaa5f7","core/src/main/java/org/elasticsearch/plugins/PluginInfo.java","24","0","9","9","198","287","0"
"orientdb","d9e15c97bfcc49c1dce5089d781c8c34fb42f115","graphdb/src/main/java/com/tinkerpop/blueprints/impls/orient/OrientBaseGraph.java","240","0","76","15","1279","2257","1"
"orientdb","b99ef4dc718c6843428505e90b75ec47566fedae","distributed/src/main/java/com/orientechnologies/orient/server/distributed/impl/ODistributedAbstractPlugin.java","240","0","8","62","1379","1909","3"
"orientdb","2ad391a42cfcf22c4cbb4739f65e88524a67c891","core/src/main/java/com/orientechnologies/orient/core/db/tool/ODatabaseImport.java","241","0","1","19","1228","1609","1"
"elasticsearch","620536f85038d68522103d9cd91e4f3377773feb","core/src/test/java/org/elasticsearch/index/translog/TranslogTests.java","241","0","6","57","2132","2484","1"
"ceylon-ide-eclipse","9b75d5cf045a56714c33169723f778657fdffb9f","plugins/com.redhat.ceylon.eclipse.ui/src/com/redhat/ceylon/eclipse/code/preferences/CeylonBuildPathsBlock.java","241","0","9","24","1602","1944","1"
"ceylon-ide-eclipse","df9e13919cdfb29d74fe80740096edf7b07ea693","plugins/com.redhat.ceylon.eclipse.ui/src/com/redhat/ceylon/eclipse/code/preferences/CeylonBuildPathsBlock.java","241","0","9","24","1603","1945","0"
"hazelcast","565257f977407eb3a0199d082860209c2958f5f9","hazelcast-client/src/main/java/com/hazelcast/client/console/ClientConsoleApp.java","242","0","0","0","1331","1571","1"
"hazelcast","564167c1f93b32ce742411106e9ae67eae88a801","hazelcast-client/src/main/java/com/hazelcast/client/console/ClientConsoleApp.java","242","0","0","0","1332","1572","0"
"BroadleafCommerce","ddfd299b3bb401101f1e7be2df799835f6a4964d","admin/broadleaf-open-admin-platform/src/main/java/org/broadleafcommerce/openadmin/web/service/FormBuilderServiceImpl.java","242","0","1","21","1218","1557","9"
"elasticsearch","1a67793a4b47eff3671d305383aa22099676909a","src/main/java/org/elasticsearch/index/engine/robin/RobinEngine.java","242","0","1","23","1301","1538","0"
"elasticsearch","560d2c094e6d8c2c8605a0b1c45afb006e072e6f","src/main/java/org/elasticsearch/index/engine/robin/RobinEngine.java","242","0","1","23","1304","1541","0"
"netty","61dbc353ca17af026d346b6fa83788a3ddcf8317","codec-http/src/main/java/io/netty/handler/codec/http/multipart/HttpPostMultipartRequestDecoder.java","242","0","16","0","1183","1760","0"
"netty","f402350d76e764ee0667b1d02563abe53df7eb6a","codec-http/src/main/java/io/netty/handler/codec/http/multipart/HttpPostMultipartRequestDecoder.java","242","0","16","0","1211","1800","0"
"netty","392fb764b6dd4cc05b3dc8f2f3bb53eae689b868","codec-http/src/main/java/io/netty/handler/codec/http/multipart/HttpPostMultipartRequestDecoder.java","242","0","16","0","1214","1803","0"
"elasticsearch","7d08940c781e9eb47b27e6999fc40eb6c59aaf22","src/main/java/org/elasticsearch/cluster/metadata/MetaData.java","242","0","17","71","1125","1468","5"
"elasticsearch","dedaf9387e57e5e36eb28e4104c007af7b52068b","src/main/java/org/elasticsearch/cluster/metadata/MetaData.java","242","0","17","71","1126","1469","4"
"hazelcast","565257f977407eb3a0199d082860209c2958f5f9","hazelcast-client-new/src/main/java/com/hazelcast/client/console/ClientConsoleApp.java","242","0","2","22","1331","1571","1"
"hazelcast","564167c1f93b32ce742411106e9ae67eae88a801","hazelcast-client-new/src/main/java/com/hazelcast/client/console/ClientConsoleApp.java","242","0","2","22","1332","1572","0"
"ceylon-ide-eclipse","e8316113b70ee874f8f2adc444f3b13969659b1c","plugins/com.redhat.ceylon.eclipse.ui/src/com/redhat/ceylon/eclipse/core/model/JDTModelLoader.java","242","0","2","58","1256","1492","0"
"BroadleafCommerce","21650c0b84d1c30c7c4958d3d956e670db5451ce","admin/broadleaf-open-admin-platform/src/main/java/org/broadleafcommerce/openadmin/web/service/FormBuilderServiceImpl.java","243","0","1","21","1219","1558","8"
"elasticsearch","71849668e9d05fa72efabb83654aa5a3293c309b","src/main/java/org/elasticsearch/index/engine/robin/RobinEngine.java","243","0","1","23","1306","1547","1"
"orientdb","2228c1302483104febb0712814a9865ae5b48cb4","core/src/main/java/com/orientechnologies/orient/core/storage/cache/local/OWOWCache.java","243","0","5","44","1746","2585","1"
"netty","f897507b09d61baca231f43bfc701c134966bd11","buffer/src/test/java/io/netty/buffer/AbstractByteBufTest.java","243","0","6","319","3652","4397","1"
"netty","06f64948d5da798ed75c892f6cbba18566857937","buffer/src/test/java/io/netty/buffer/AbstractByteBufTest.java","243","0","6","335","3739","4507","0"
"elasticsearch","9d10ffd54763675f1147f6a3024388d202185bdd","core/src/test/java/org/elasticsearch/index/translog/TranslogTests.java","243","0","6","57","2192","2540","0"
"orientdb","6c7efb10a4fc071038db5cc0d510e814946db01a","graphdb/src/main/java/com/tinkerpop/blueprints/impls/orient/OrientBaseGraph.java","243","0","76","16","1299","2280","0"
"orientdb","5499f443102cace2dfa66d6bb93b5715bc0a6393","graphdb/src/main/java/com/tinkerpop/blueprints/impls/orient/OrientBaseGraph.java","243","0","76","16","1301","2282","1"
"orientdb","1b0f490c28a9778a74703a4adde48f7066667140","core/src/main/java/com/orientechnologies/orient/core/db/tool/ODatabaseImport.java","244","0","1","19","1237","1618","0"
"orientdb","d7128ea8db2683cf9c309e998965f5cb9a88f204","graphdb/src/main/java/com/tinkerpop/blueprints/impls/orient/OrientVertex.java","244","0","29","4","803","1339","1"
"netty","d7bfd44e1093740c573f855972b73ea19eccd8bc","transport/src/main/java/io/netty/channel/DefaultChannelHandlerContext.java","245","0","0","0","1553","1858","0"
"elasticsearch","2beda3953d75b387d30cf0fba1095f4b766b0b2a","src/main/java/org/elasticsearch/cluster/metadata/MetaData.java","245","0","17","71","1132","1477","4"
"elasticsearch","2e2e345dcb90e1ec1c48c6bb5348469fc514aea1","src/main/java/org/elasticsearch/cluster/metadata/MetaData.java","245","0","17","71","1132","1477","5"
"elasticsearch","adc0807c686b37bf1d96bd3eb9d26face380fe44","src/main/java/org/elasticsearch/cluster/metadata/MetaData.java","245","0","17","71","1132","1477","0"
"orientdb","5efc3c9900df6c43804a41d2a6bb9b56de661286","graphdb/src/main/java/com/tinkerpop/blueprints/impls/orient/OrientVertex.java","245","0","29","4","806","1344","0"
"orientdb","6fe392e930815a53ad37d887149b79cd5aaa9d10","graphdb/src/main/java/com/tinkerpop/blueprints/impls/orient/OrientBaseGraph.java","245","0","76","16","1309","2290","0"
"orientdb","71c1ac0b4ae14446a07814dd2ea75d1256785b10","distributed/src/main/java/com/orientechnologies/orient/server/distributed/impl/ODistributedAbstractPlugin.java","245","0","8","63","1381","1910","0"
"orientdb","2933b9503bb8304e2b2fa3d291080bbdae0cb2a4","distributed/src/main/java/com/orientechnologies/orient/server/distributed/impl/ODistributedAbstractPlugin.java","245","0","8","63","1385","1917","2"
"ceylon-ide-eclipse","8eea58ac91fc04c14fb768e0d0e27f86f9af638d","plugins/com.redhat.ceylon.eclipse.ui/src/com/redhat/ceylon/eclipse/code/complete/CodeCompletions.java","246","0","0","21","1136","1257","1"
"MapDB","0db6f55c4fd015a1b3a54c7163664d582a8a87d8","src/main/java/org/mapdb/StoreWAL.java","246","0","1","8","1112","1532","1"
"hazelcast","d36f5a0978542674115afa5b9b3a28a21b37510e","hazelcast/src/main/java/com/hazelcast/console/ConsoleApp.java","246","0","2","22","1343","1584","0"
"hazelcast","565257f977407eb3a0199d082860209c2958f5f9","hazelcast/src/main/java/com/hazelcast/console/ConsoleApp.java","246","0","2","22","1343","1585","1"
"orientdb","40effb34ff79740b202345f236079950284d36da","core/src/main/java/com/orientechnologies/orient/core/sql/parser/OMatchStatement.java","246","0","4","45","1036","1278","1"
"orientdb","0404fb84e15c137a14ee43b23822044842e39f69","core/src/main/java/com/orientechnologies/orient/core/sql/parser/OMatchStatement.java","246","0","4","45","1037","1278","1"
"ceylon-ide-eclipse","8c8b077fc87f3617bebff6ab405e91535b32675a","plugins/com.redhat.ceylon.eclipse.ui/src/com/redhat/ceylon/eclipse/code/complete/CodeCompletions.java","247","0","0","21","1139","1260","0"
"elasticsearch","246dc1d9924ae42b391c30d8b8ad082b48dafd5f","src/main/java/org/elasticsearch/index/engine/robin/RobinEngine.java","247","0","1","23","1319","1559","1"
"orientdb","478cce509623a094936c4fbcb181c697e152b548","graphdb/src/main/java/com/tinkerpop/blueprints/impls/orient/OrientVertex.java","247","0","29","4","789","1291","0"
"orientdb","243c0ff59b3d3c3b029f477a0fa4330d1fe94682","graphdb/src/main/java/com/tinkerpop/blueprints/impls/orient/OrientVertex.java","247","0","29","4","796","1298","1"
"hazelcast","8c8fc7ec51a485a1b6a208b87065f60da652d48c","hazelcast/src/main/java/com/hazelcast/console/ConsoleApp.java","247","0","3","27","1404","1673","1"
"hazelcast","000b75d753d2e808c4fd407da0169bf15e4bb64a","hazelcast/src/main/java/com/hazelcast/console/ConsoleApp.java","247","0","3","27","1406","1675","0"
"hazelcast","316096c5ebab16bc7e0485e6562eea36f6ac2aac","hazelcast/src/main/java/com/hazelcast/partition/impl/InternalPartitionServiceImpl.java","247","0","4","36","1555","1806","1"
"MapDB","5dc3c9b2bd6c92a6ee239ea3a63d43ddbd53e741","src/main/java/org/mapdb/HTreeMap.java","247","0","7","19","1306","1759","0"
"orientdb","d9ae76cddcffb9421f8bf7dc42bae3e5d6e910f3","distributed/src/main/java/com/orientechnologies/orient/server/distributed/impl/ODistributedAbstractPlugin.java","247","0","8","63","1389","1925","2"
"orientdb","9dda20f3252b4cac01159eed522a2e1ec642b331","distributed/src/main/java/com/orientechnologies/orient/server/distributed/impl/ODistributedAbstractPlugin.java","247","0","8","63","1391","1928","1"
"BroadleafCommerce","4c0a8b2c4bddabc4e97467c8022161826c630c8c","admin/broadleaf-open-admin-platform/src/main/java/org/broadleafcommerce/openadmin/web/service/FormBuilderServiceImpl.java","248","0","1","21","1222","1563","5"
"MapDB","72649e80593c3f1fa476c951397a2c9dca467a9c","src/main/java/org/mapdb/Volume.java","248","0","14","226","1805","2443","1"
"orientdb","eda978aeda4e2d46618285fcb1d73642a30164c2","client/src/main/java/com/orientechnologies/orient/client/remote/OStorageRemote.java","248","0","5","76","1850","2322","1"
"orientdb","694179bbd708b0a0ab131849e7132dbf55ba1a0b","client/src/main/java/com/orientechnologies/orient/client/remote/OStorageRemote.java","248","0","5","76","1851","2323","0"
"BroadleafCommerce","acda1ef499fea2c0f3fa7526c37e4aac9e8bd9b5","admin/broadleaf-open-admin-platform/src/main/java/org/broadleafcommerce/openadmin/web/service/FormBuilderServiceImpl.java","249","0","1","21","1242","1586","4"
"BroadleafCommerce","3ff8d6172e8a8daa788bca466a0ef09851d994cf","admin/broadleaf-open-admin-platform/src/main/java/org/broadleafcommerce/openadmin/web/service/FormBuilderServiceImpl.java","249","0","1","21","1242","1588","4"
"orientdb","5ceab963887a6267ea2b8a5cea59c00e9eb926a8","graphdb/src/main/java/com/tinkerpop/blueprints/impls/orient/OrientVertex.java","249","0","29","4","800","1304","0"
"hazelcast","2b1e6cd0c82f253850b9804749e25af7733ab916","hazelcast/src/main/java/com/hazelcast/partition/impl/InternalPartitionServiceImpl.java","249","0","4","33","1557","1795","2"
"hazelcast","b3dbfb1620cf11f618f5b70b947d36c7fa212637","hazelcast/src/main/java/com/hazelcast/partition/impl/InternalPartitionServiceImpl.java","249","0","4","33","1557","1795","1"
"hazelcast","2dd449857325e53901a6c6700a857c6e3b08bbb8","hazelcast/src/main/java/com/hazelcast/partition/impl/InternalPartitionServiceImpl.java","249","0","4","33","1557","1795","0"
"hazelcast","752e76e6eee884fccd818d682df8fa38e87adeb9","hazelcast/src/main/java/com/hazelcast/partition/impl/InternalPartitionServiceImpl.java","249","0","4","34","1580","1828","1"
"orientdb","d997cfcacd7bd80c1154ac20fcbeeaeb25e9ee72","client/src/main/java/com/orientechnologies/orient/client/remote/OStorageRemote.java","249","0","5","76","1855","2325","0"
"orientdb","b47e46d58ae070fec696fe791396cf7a149b3238","client/src/main/java/com/orientechnologies/orient/client/remote/OStorageRemote.java","249","0","5","76","1855","2326","0"
"Android-Universal-Image-Loader","a3a6db9ef3531b23100e8f786d87dcba833c60f8","library/src/com/nostra13/universalimageloader/core/ImageDecoder.java","25","0","0","0","126","195","0"
"Android-Universal-Image-Loader","300a0ea2f23b836dedeaf92774a2586e98e720b9","library/src/com/nostra13/universalimageloader/core/ImageDecoder.java","25","0","0","0","127","196","1"
"elasticsearch","5ef78fd0159384f08a4d6f87a01f9fe6be21afc9","modules/reindex/src/main/java/org/elasticsearch/index/reindex/remote/RemoteRequestBuilders.java","25","0","0","0","133","176","0"
"elasticsearch","78bb56671e7b8d690a04a3b4b752b53a66109ab6","modules/reindex/src/main/java/org/elasticsearch/index/reindex/remote/RemoteRequestBuilders.java","25","0","0","0","133","176","0"
"elasticsearch","f86fd628212a13830605695f3d9c6d0b5671286e","modules/reindex/src/main/java/org/elasticsearch/index/reindex/remote/RemoteRequestBuilders.java","25","0","0","0","133","176","2"
"elasticsearch","ce8e042b66e06ad840ec651b9e0ad95348d8875e","modules/reindex/src/main/java/org/elasticsearch/index/reindex/remote/RemoteRequestBuilders.java","25","0","0","0","135","178","0"
"netty","505e767a09bc5d55cd0df35b8e0f8c59e9f7c507","transport/src/main/java/io/netty/channel/socket/nio/NioEventLoop.java","25","0","0","0","150","236","3"
"netty","421eabe666f5eb3c760c757e991e4f37213f7333","transport/src/main/java/io/netty/channel/socket/nio/NioEventLoop.java","25","0","0","0","153","239","2"
"netty","02f3df55a858fdd1531f759345e84fdcdefe9bd6","transport/src/main/java/io/netty/channel/socket/nio/NioEventLoop.java","25","0","0","0","159","252","3"
"elasticsearch","85ce81c34e7749c4f42f5f663c0d4a98aa746f9c","core/src/main/java/org/elasticsearch/bootstrap/Security.java","25","0","0","0","168","320","1"
"hazelcast","2f1f45ee55dd7f2cc96f589e9f61307e5f33c4f4","hazelcast-client/src/main/java/com/hazelcast/client/spi/impl/ClientMembershipListener.java","25","0","0","0","188","239","0"
"hazelcast","2f1f45ee55dd7f2cc96f589e9f61307e5f33c4f4","hazelcast-client-new/src/main/java/com/hazelcast/client/spi/impl/ClientMembershipListener.java","25","0","0","0","203","251","0"
"hazelcast","e58af528ad4f02b2dd8ce13dcf52e95fbab0cc72","hazelcast-client/src/main/java/com/hazelcast/client/spi/impl/ClientClusterServiceImpl.java","25","0","0","0","222","277","1"
"hazelcast","a18d0e135dc14ea3265896e288923cd1e61a4760","hazelcast/src/main/java/com/hazelcast/cache/impl/AbstractCacheProxyBase.java","25","0","0","0","229","292","1"
"elasticsearch","371c73e14023917f3892090d2d3d7ff9ac1216b9","core/src/main/java/org/elasticsearch/bootstrap/Bootstrap.java","25","0","0","0","230","327","3"
"elasticsearch","78574d248cf10dad1c5a566fda79e1e0c94afe43","core/src/main/java/org/elasticsearch/bootstrap/Bootstrap.java","25","0","0","0","230","327","2"
"elasticsearch","e6aaaf11ed4a1b8f595f920de1840938eddb7a97","core/src/main/java/org/elasticsearch/bootstrap/Bootstrap.java","25","0","0","0","230","327","2"
"elasticsearch","a60b8948ba1d836a6eac7cff095519e618939ed8","core/src/main/java/org/elasticsearch/bootstrap/Bootstrap.java","25","0","0","0","230","327","0"
"hazelcast","1db7424d387f04d32e0bea688b1d0337c6f88c11","hazelcast-client/src/main/java/com/hazelcast/client/spi/impl/ClusterListenerSupport.java","25","0","0","0","249","303","4"
"hazelcast","86534e52868df3924b78e92e24e16ba1ffd83ce8","hazelcast-client/src/main/java/com/hazelcast/client/spi/impl/ClusterListenerSupport.java","25","0","0","0","251","306","1"
"hazelcast","b5462e3cfecf53f2a8b49e25930b3ede1cb24014","hazelcast/src/test/java/com/hazelcast/test/TestNodeRegistry.java","25","0","0","0","256","328","1"
"hazelcast","2534b95d1b9d26ff221548d74c8f6c001882c35d","hazelcast/src/main/java/com/hazelcast/nio/serialization/ByteBufferObjectDataInput.java","25","0","0","0","256","479","0"
"hazelcast","4fc02c3a2ce7bb3c5c0a54a9cf108deae10275f6","hazelcast-client-new/src/main/java/com/hazelcast/client/cache/impl/AbstractClientCacheProxy.java","25","0","0","0","276","340","0"
"hazelcast","79ca749ae9093b89ca12d0d2ca4fef11a7e63e89","hazelcast-client/src/test/java/com/hazelcast/client/test/TestClientRegistry.java","25","0","0","0","278","351","0"
"hazelcast","65563ab5f024efe0698b34df7b7f51ab3254ce3e","hazelcast/src/main/java/com/hazelcast/cache/impl/AbstractCacheProxy.java","25","0","0","0","280","370","1"
"hazelcast","22ba15013db95101f4bfddf01eb6172fca2f70ee","hazelcast-client/src/test/java/com/hazelcast/client/test/TestClientRegistry.java","25","0","0","0","281","356","0"
"hazelcast","4c66d17c8b22ec8a5d3b153ef1167127e2bd83ae","hazelcast-client/src/test/java/com/hazelcast/client/test/TestClientRegistry.java","25","0","0","0","281","356","0"
"hazelcast","00e8eabfdd70dfb70d91312f05495f917e2d27ab","hazelcast-client/src/test/java/com/hazelcast/client/test/TestClientRegistry.java","25","0","0","0","281","356","2"
"hazelcast","4af90ce062e123cc0e7e1ffb0562e14b5e1eed9e","hazelcast/src/main/java/com/hazelcast/cache/impl/AbstractCacheProxy.java","25","0","0","0","281","371","0"
"hazelcast","d568e4d926d925d57d4e79e34614390416749301","hazelcast/src/main/java/com/hazelcast/cache/impl/AbstractCacheProxy.java","25","0","0","0","281","372","0"
"elasticsearch","371c73e14023917f3892090d2d3d7ff9ac1216b9","core/src/main/java/org/elasticsearch/bootstrap/BootstrapCheck.java","25","0","0","0","319","508","3"
"elasticsearch","78574d248cf10dad1c5a566fda79e1e0c94afe43","core/src/main/java/org/elasticsearch/bootstrap/BootstrapCheck.java","25","0","0","0","319","508","2"
"elasticsearch","e6aaaf11ed4a1b8f595f920de1840938eddb7a97","core/src/main/java/org/elasticsearch/bootstrap/BootstrapCheck.java","25","0","0","0","319","508","2"
"elasticsearch","a60b8948ba1d836a6eac7cff095519e618939ed8","core/src/main/java/org/elasticsearch/bootstrap/BootstrapCheck.java","25","0","0","0","319","508","0"
"hazelcast","43132f12e9e7407ca9f68898ebd0e759c8f9b679","hazelcast-client/src/main/java/com/hazelcast/client/cache/impl/AbstractClientCacheProxy.java","25","0","0","0","330","439","1"
"hazelcast","98fafb85b6cf2ead1ba6e0bc3847e97df983cf1c","hazelcast-client/src/main/java/com/hazelcast/client/cache/impl/AbstractClientCacheProxy.java","25","0","0","0","331","440","0"
"hazelcast","21586825d367940e1c79cf289e97310daab1200d","hazelcast-client/src/test/java/com/hazelcast/client/map/ClientMapNearCacheTest.java","25","0","0","0","553","735","0"
"hazelcast","9e1dd7c0cedabec58c432e522e3cdd7cbb5b2a1c","hazelcast-client/src/test/java/com/hazelcast/client/map/ClientMapTest.java","25","0","0","0","766","922","1"
"hazelcast","f32ffaf0bd75f083a1b1a3cc96e137571bb48651","hazelcast-client/src/test/java/com/hazelcast/client/map/ClientMapTest.java","25","0","0","0","781","938","3"
"hazelcast","2b270eff14924482f39a32a0483711d08aa1247e","hazelcast-client/src/test/java/com/hazelcast/client/map/ClientMapTest.java","25","0","0","0","782","939","1"
"hazelcast","49b0c17658fe5fe4110ec56bb2c71d69b31b3e9a","hazelcast-client/src/test/java/com/hazelcast/client/map/ClientMapTest.java","25","0","0","0","784","941","1"
"hazelcast","63529db467838bb39aec265f0af6a473bfa288e5","hazelcast-client/src/test/java/com/hazelcast/client/map/ClientMapTest.java","25","0","0","0","788","946","3"
"hazelcast","a6b0292ab66263a5670b3edc0c1665ab6ac943c9","hazelcast-client/src/test/java/com/hazelcast/client/map/ClientMapTest.java","25","0","0","0","789","947","3"
"hazelcast","825065e2f38c4b8cb66c4228d8f3513db39cc7ac","hazelcast-client/src/test/java/com/hazelcast/client/map/ClientMapTest.java","25","0","0","0","791","949","0"
"hazelcast","2d076fad6c0c335729f9e66de5ff1eaddd34e9f6","hazelcast-client/src/test/java/com/hazelcast/client/map/ClientMapTest.java","25","0","0","0","792","950","2"
"mcMMO","a0208902447a6a54a699c3224219aa1ce8baf98a","src/main/java/com/gmail/nossr50/skills/woodcutting/Woodcutting.java","25","0","0","1","123","224","1"
"hazelcast","9ba3b4b495b132c47d12a0fdc6db6ca7eae502db","hazelcast-spring/src/main/java/com/hazelcast/spring/HazelcastClientBeanDefinitionParser.java","25","0","0","1","131","170","2"
"hazelcast","8bcd9cddcc137baa81fb4fd521dd0b27b103808f","hazelcast-spring/src/main/java/com/hazelcast/spring/HazelcastClientBeanDefinitionParser.java","25","0","0","1","134","174","1"
"hazelcast","a31ed31064a8b44c08a990c0c3624536f2d121da","hazelcast-wm/src/test/java/com/hazelcast/wm/test/TestServlet.java","25","0","0","1","91","113","0"
"ceylon-ide-eclipse","b71fb1d2b95a01029a263decb43873c61a793f83","plugins/com.redhat.ceylon.eclipse.ui/src/com/redhat/ceylon/eclipse/core/typechecker/ProjectPhasedUnit.java","25","0","0","10","156","189","1"
"ceylon-ide-eclipse","142affd9309b6c998662ff091c36afbdc286ffe0","plugins/com.redhat.ceylon.eclipse.ui/src/com/redhat/ceylon/eclipse/core/typechecker/ProjectPhasedUnit.java","25","0","0","10","159","192","0"
"netty","9175abc451b3573fc62847960a64c771e7a2c723","transport/src/test/java/io/netty/channel/SingleThreadEventLoopTest.java","25","0","0","10","214","285","1"
"hazelcast","da8888f97af74b4590dfc1dce3d0bdeb44654000","hazelcast-client/src/main/java/com/hazelcast/client/spi/impl/ClusterListenerSupport.java","25","0","0","11","217","268","0"
"hazelcast","324c12ca123c52820e6a271c2095649a57a9844f","hazelcast-client/src/main/java/com/hazelcast/client/spi/impl/ClusterListenerSupport.java","25","0","0","11","218","269","2"
"elasticsearch","39ecda1dadabbdeba7a306b4e7661b7cb95ff0ea","core/src/test/java/org/elasticsearch/test/store/MockFSDirectoryService.java","25","0","0","11","241","306","2"
"elasticsearch","17a2fffc9be50102fa5a9da72053c82df23b1a64","core/src/main/java/org/elasticsearch/action/admin/indices/stats/IndicesStatsResponse.java","25","0","0","12","170","225","2"
"elasticsearch","00de8e07fc3df9c763bbc0b6890217dc5b6bee3e","core/src/main/java/org/elasticsearch/action/admin/indices/stats/IndicesStatsResponse.java","25","0","0","12","171","227","3"
"elasticsearch","17b0041aaf036bde587981475823dff6976e12ba","core/src/main/java/org/elasticsearch/action/admin/indices/stats/IndicesStatsResponse.java","25","0","0","12","171","227","3"
"elasticsearch","6796464f167ce293192c43efd1cf28e4434fd5da","core/src/main/java/org/elasticsearch/action/admin/indices/stats/IndicesStatsResponse.java","25","0","0","12","171","227","4"
"elasticsearch","6baded8e7fb920e920a288bf53764a1da3d617da","core/src/main/java/org/elasticsearch/action/admin/indices/stats/IndicesStatsResponse.java","25","0","0","12","171","227","3"
"elasticsearch","d06a8903fdccf5985bb1b9cbfcb92580d08a544c","core/src/main/java/org/elasticsearch/action/admin/indices/stats/IndicesStatsResponse.java","25","0","0","12","171","227","0"
"hazelcast","0b99990c091b2e5235b2c7a72b4550327db4260c","hazelcast-client-new/src/main/java/com/hazelcast/client/spi/impl/ClientInvocationFuture.java","25","0","0","12","187","238","2"
"hazelcast","dd8c45abcaff36085e5214a58bf15f508bb39588","hazelcast/src/main/java/com/hazelcast/partition/PartitionRuntimeState.java","25","0","0","12","189","248","1"
"hazelcast","a4035afdfc67b757940a15578bc51b4e7b6b0b13","hazelcast-client-new/src/main/java/com/hazelcast/client/spi/impl/ClientInvocationFuture.java","25","0","0","12","190","242","0"
"hazelcast","8fa8695ee7d89fb65b6349f7bea75d17f15713a7","hazelcast/src/main/java/com/hazelcast/partition/impl/ReplicaSyncResponse.java","25","0","0","13","208","259","0"
"netty","2903b91e66c6e6615b7ba67c8c6ff286e392ad95","transport/src/main/java/io/netty/channel/socket/oio/OioSctpChannel.java","25","0","0","13","252","305","1"
"netty","3e783e1b5e9d067271bc8e398230e056379baa75","transport/src/main/java/io/netty/channel/socket/oio/OioSctpChannel.java","25","0","0","13","254","307","1"
"neo4j","ffa2eee15c0bf0be69c814939db966e77d6d408e","community/server/src/main/java/org/neo4j/server/AbstractNeoServer.java","25","0","0","13","467","613","0"
"neo4j","261793923207016e019260647912481322fb646b","community/server/src/main/java/org/neo4j/server/AbstractNeoServer.java","25","0","0","13","467","614","1"
"netty","01eb428b39156e61624dae303ae9772ba3424b36","common/src/test/java/io/netty/util/NetUtilTest.java","25","0","0","13","601","789","0"
"hazelcast","db0fda1438546ac7bd661383ce9bd5fe06e78940","hazelcast/src/main/java/com/hazelcast/query/impl/QueryEntry.java","25","0","0","14","187","238","0"
"hazelcast","e70df64870e70ff5fd0c1825d4feca7392d0102c","hazelcast/src/main/java/com/hazelcast/partition/PartitionRuntimeState.java","25","0","0","14","198","258","0"
"orientdb","39a8884d03c0bc49b8ecf655a22fe80646afa1e6","spatial/src/main/java/com/orientechnologies/spatial/shape/OShapeFactory.java","25","0","0","15","161","211","0"
"hazelcast","718e97998162cd4a44c673fc5b467f99787e8b1e","hazelcast/src/main/java/com/hazelcast/spi/impl/operationservice/impl/operations/Backup.java","25","0","0","15","196","249","1"
"netty","eb23c9d27c84ab7cf2c33f28d2b761673a41b435","transport/src/main/java/io/netty/channel/socket/oio/OioSctpChannel.java","25","0","0","15","252","305","1"
"netty","6983f704c0882dd322bc1cf0c7c1c635e4b05ea5","buffer/src/main/java/io/netty/buffer/AbstractMessageBuf.java","25","0","0","19","185","240","0"
"neo4j","7643273606f6449b703ac8c3692747b7a2171a07","community/csv/src/test/java/org/neo4j/csv/reader/BufferedCharSeekerTest.java","25","0","0","19","365","499","1"
"neo4j","1d4303c5a0a8bc80b115dfb5e44526506dd95fc6","enterprise/causal-clustering/src/main/java/org/neo4j/causalclustering/core/consensus/roles/Leader.java","25","0","0","2","207","280","1"
"hazelcast","464ceb2bc27dbe2e0b5d67438073afbd3c75b06b","hazelcast-client-legacy/src/test/java/com/hazelcast/client/test/TestClientRegistry.java","25","0","0","2","287","364","0"
"hazelcast","b187d83bea55594862c24b207b19d71e95eb2aaf","hazelcast/src/test/java/com/hazelcast/map/EntryProcessorTest.java","25","0","0","20","629","741","1"
"BroadleafCommerce","fda59958ccdbbd3e29c49373e40be2a6fd8dc1b8","core/broadleaf-framework/src/main/java/org/broadleafcommerce/core/catalog/domain/ProductBundleImpl.java","25","0","0","21","208","271","0"
"BroadleafCommerce","0c21b421c1d9c38444c820eea84cad34979e3b37","core/broadleaf-framework/src/main/java/org/broadleafcommerce/core/offer/domain/OrderItemAdjustmentImpl.java","25","0","0","21","219","276","2"
"BroadleafCommerce","beb23ce063b9f0f91520b023d0eee1fd1a2113ba","core/broadleaf-framework/src/main/java/org/broadleafcommerce/core/offer/domain/OrderItemAdjustmentImpl.java","25","0","0","21","219","276","3"
"BroadleafCommerce","19169d660ea7a1105278930452227879922d2123","core/broadleaf-framework/src/main/java/org/broadleafcommerce/core/offer/domain/OrderItemAdjustmentImpl.java","25","0","0","21","219","276","0"
"MapDB","09b51b56dd243db0522fa436f81c268ccef58bb6","src/test/java/org/mapdb/BTreeMapTest.java","25","0","0","21","278","390","0"
"neo4j","c27173c3f74255b5eaad4563edb24eb005684247","community/csv/src/test/java/org/neo4j/csv/reader/BufferedCharSeekerTest.java","25","0","0","21","383","529","0"
"hazelcast","4d8aae6dd931c55b38df88e7e066c3f862b36bac","hazelcast/src/test/java/com/hazelcast/cluster/impl/AdvancedClusterStateTest.java","25","0","0","21","579","722","0"
"hazelcast","c3843135dd418c37c2b6c6c9067d1cffa14f1923","hazelcast/src/test/java/com/hazelcast/test/HazelcastTestSupport.java","25","0","0","22","202","259","1"
"hazelcast","f74b1afa9ffb561dfa6b3354dd03d4411ddf17f1","hazelcast/src/test/java/com/hazelcast/test/HazelcastTestSupport.java","25","0","0","22","202","259","1"
"hazelcast","9b1f1e54a3e9a0fc6cc289f1cde9ed32c6fe5e70","hazelcast/src/test/java/com/hazelcast/test/HazelcastTestSupport.java","25","0","0","22","202","259","0"
"elasticsearch","a91b3fcbb9e493c3aac9b46723c8dcad2c23a3ae","core/src/test/java/org/elasticsearch/get/GetActionIT.java","25","0","0","23","1046","1279","2"
"elasticsearch","2b97f5d9ebf1b07fcf61be5cdb1c4bc1250c537d","core/src/test/java/org/elasticsearch/get/GetActionIT.java","25","0","0","23","1055","1288","3"
"hazelcast","360fe358d1ae784e6e5f188eba2e4c1426b97553","hazelcast/src/test/java/com/hazelcast/test/HazelcastTestSupport.java","25","0","0","27","218","279","2"
"hazelcast","d4aa47450a944e969f2eb5f6438952f6f84a2bd1","hazelcast/src/main/java/com/hazelcast/map/MapContainer.java","25","0","0","29","244","300","0"
"hazelcast","848fd914e8ef0483f59301258eb88b8f9a51d2de","hazelcast/src/main/java/com/hazelcast/scheduledexecutor/impl/ScheduledExecutorDataSerializerHook.java","25","0","0","3","116","150","1"
"orientdb","12c2184e33a0902017823283a1481978f77cbd0e","server/src/main/java/com/orientechnologies/orient/server/network/protocol/http/command/post/OServerCommandPostProperty.java","25","0","0","3","147","198","0"
"mcMMO","ead716ef0d0c194c25c33f72b3232f9070b0f504","src/main/java/com/gmail/nossr50/commands/party/teleport/PtpCommand.java","25","0","0","3","159","207","0"
"elasticsearch","af06231d4cb00d730b2689f628255634ef42fc83","test/framework/src/main/java/org/elasticsearch/transport/nio/NioTransport.java","25","0","0","3","206","266","0"
"hazelcast","3a2857ba9d816ba8d107cfe4fabe25bfc6b5e1cb","hazelcast/src/main/java/com/hazelcast/map/MapContainer.java","25","0","0","30","247","304","1"
"hazelcast","64e6895fb50f6d48c0f1c85f7a238cd54de22e24","hazelcast/src/main/java/com/hazelcast/map/MapContainer.java","25","0","0","30","247","304","2"
"hazelcast","ee08e3c7fad24d1976156c79ce9aa78700c4e416","hazelcast/src/main/java/com/hazelcast/map/MapContainer.java","25","0","0","30","247","304","2"
"hazelcast","4843096d7be3b5bcd1ed436ce9521ab2057fb137","hazelcast/src/main/java/com/hazelcast/map/MapContainer.java","25","0","0","30","247","304","0"
"elasticsearch","cd552e74136d018c2b1b5067157c7b6108070411","src/test/java/org/elasticsearch/common/bytes/PagedBytesReferenceTest.java","25","0","0","32","416","549","0"
"hazelcast","21586825d367940e1c79cf289e97310daab1200d","hazelcast-client-legacy/src/test/java/com/hazelcast/client/map/ClientMapNearCacheTest.java","25","0","0","32","545","727","0"
"hazelcast","10773b4cd855bdfd84ea80d22b8ed3c977459444","hazelcast/src/main/java/com/hazelcast/concurrent/lock/LockStoreImpl.java","25","0","0","35","272","334","1"
"elasticsearch","bb63d38a659dcb5711f4ab4d1db22bd0f4c2bc52","src/main/java/org/elasticsearch/index/query/NestedFilterParser.java","25","0","0","4","109","157","0"
"ceylon-ide-eclipse","e1185385f52c9db579a16f53844b6d294b3b5e4e","plugins/com.redhat.ceylon.eclipse.ui/src/com/redhat/ceylon/eclipse/core/debug/presentation/CeylonContentProviderFilter.java","25","0","0","4","154","166","0"
"ceylon-ide-eclipse","92115e3f503443fbadaacf32f4b14d3fdb79a252","plugins/com.redhat.ceylon.eclipse.ui/src/com/redhat/ceylon/eclipse/core/debug/presentation/CeylonContentProviderFilter.java","25","0","0","4","155","167","0"
"ceylon-ide-eclipse","8ac72e61b5d1d52fe7c350f205f667a031f6ac2c","plugins/com.redhat.ceylon.eclipse.ui/src/com/redhat/ceylon/eclipse/code/resolve/CeylonHyperlinkDetector.java","25","0","0","4","185","202","0"
"ceylon-ide-eclipse","c0db6cfa2c444c7ce75e0586a6932019f8deaa86","plugins/com.redhat.ceylon.eclipse.ui/src/com/redhat/ceylon/eclipse/code/resolve/CeylonHyperlinkDetector.java","25","0","0","4","186","203","0"
"elasticsearch","db541d6fbe3daecec91bb7701aacfcd284662c2a","core/src/test/java/org/elasticsearch/search/aggregations/pipeline/serialdiff/SerialDiffIT.java","25","0","0","4","207","292","1"
"elasticsearch","046abdc281c321cd2128ee7684c0edfcaca07203","core/src/test/java/org/elasticsearch/search/aggregations/pipeline/serialdiff/SerialDiffIT.java","25","0","0","4","212","293","3"
"hazelcast","c92e00296232125ef7e7ba7523fb8ddfa033293a","hazelcast/src/main/java/com/hazelcast/map/NearCache.java","25","0","0","5","164","200","0"
"hazelcast","d30338be9c11ea75b2b0ed006c52299363ebdd97","hazelcast-client/src/test/java/com/hazelcast/client/cache/impl/nearcache/ClientCacheKeyStateMarkerStressTest.java","25","0","0","5","258","335","0"
"hazelcast","70d4de16ff0ac4518d09aad8c9f2ad9e782fb337","hazelcast-client/src/main/java/com/hazelcast/client/impl/HazelcastClientInstanceImpl.java","25","0","0","59","521","605","3"
"hazelcast","1f042b8c4a4245594691bb6d85a66ceed9b43068","hazelcast-client/src/main/java/com/hazelcast/client/impl/HazelcastClientInstanceImpl.java","25","0","0","59","522","606","2"
"netty","421eabe666f5eb3c760c757e991e4f37213f7333","transport/src/main/java/io/netty/channel/MultithreadEventExecutorGroup.java","25","0","0","6","126","160","0"
"ceylon-ide-eclipse","09946498cb21d1dcb67fe25637199287f82268cd","plugins/com.redhat.ceylon.eclipse.ui/src/com/redhat/ceylon/eclipse/core/model/ModelLoaderTypeRequestor.java","25","0","0","6","166","187","0"
"hazelcast","00e52fa5320b0c1c2c40e7a39d7dcc3a34ba2e3a","hazelcast/src/test/java/com/hazelcast/query/impl/IndexTest.java","25","0","0","6","406","504","0"
"hazelcast","6ba8d8351f45b37667613e6f2ac9b8f7ec325782","hazelcast/src/test/java/com/hazelcast/query/impl/IndexTest.java","25","0","0","6","410","510","0"
"hazelcast","3edfefd81389d8038bf028fb5b79b4fbb13cd2e0","hazelcast-client/src/main/java/com/hazelcast/client/impl/HazelcastClientInstanceImpl.java","25","0","0","60","556","647","2"
"hazelcast","eca7cec5e3af5e7098dc27a62dea257e072f417d","hazelcast-client/src/main/java/com/hazelcast/client/impl/HazelcastClientInstanceImpl.java","25","0","0","61","579","687","0"
"hazelcast","97808c1cdc4531a0dd2da644134b5246588b7c7e","hazelcast-client/src/main/java/com/hazelcast/client/impl/HazelcastClientInstanceImpl.java","25","0","0","63","590","702","2"
"hazelcast","2112d78371c8d96c88a5b141cc8c710890ee70ec","hazelcast-client/src/main/java/com/hazelcast/client/impl/HazelcastClientInstanceImpl.java","25","0","0","67","629","751","1"
"hazelcast","4a553f9b78d4cd4414aee65577b8dfbaa42786ad","hazelcast-client/src/main/java/com/hazelcast/client/impl/HazelcastClientInstanceImpl.java","25","0","0","67","630","752","0"
"hazelcast","2b015e6b174d25a0103059e5bdc56440f98767b3","hazelcast-client/src/main/java/com/hazelcast/client/impl/HazelcastClientInstanceImpl.java","25","0","0","68","637","762","0"
"hazelcast","3fcd083e9dbaf97bfe0c447d5baa1cb29bbe7d98","hazelcast-client/src/main/java/com/hazelcast/client/impl/HazelcastClientInstanceImpl.java","25","0","0","68","638","763","1"
"hazelcast","6cfe1ec76f1acf20186e60ac6b0ccc3ff3db4a97","hazelcast-client/src/main/java/com/hazelcast/client/impl/HazelcastClientInstanceImpl.java","25","0","0","68","638","763","1"
"hazelcast","ce68e705087b46075d8fe353671b136e10e7c335","hazelcast-client/src/main/java/com/hazelcast/client/impl/HazelcastClientInstanceImpl.java","25","0","0","68","638","763","1"
"hazelcast","054d01f47c85a086e479592ffd7567ebbdeccc16","hazelcast-client/src/main/java/com/hazelcast/client/impl/HazelcastClientInstanceImpl.java","25","0","0","68","638","763","0"
"hazelcast","4242496799e25940469cfeaec454ab154513eb95","hazelcast/src/main/java/com/hazelcast/partition/MigrationRequestOperation.java","25","0","0","7","152","186","1"
"hazelcast","fd9ec8a5d9f3084cbcc4e027fc2b988965db1103","hazelcast/src/main/java/com/hazelcast/partition/MigrationRequestOperation.java","25","0","0","7","153","189","0"
"elasticsearch","4a15106d6a76d7e506c4966b6b5bafceca3853c9","src/test/java/org/elasticsearch/test/unit/index/analysis/NGramTokenizerFactoryTests.java","25","0","0","7","196","237","0"
"hazelcast","71ac9a57e18ba9ccb249c366ff15ca472beb4c96","hazelcast-client/src/main/java/com/hazelcast/client/connection/SmartClientConnectionManager.java","25","0","0","7","204","253","0"
"hazelcast","b048dce0170cb250971db16f7847e628592086d1","hazelcast/src/main/java/com/hazelcast/nio/ascii/TextReadHandler.java","25","0","0","7","205","245","1"
"hazelcast","7f9ad687397ded1ca221c31c85309c5ee603fe6e","hazelcast-client/src/main/java/com/hazelcast/client/connection/SmartClientConnectionManager.java","25","0","0","7","205","254","1"
"elasticsearch","f349c4f1356f9365d39edf414f7e9950e3734c46","plugins/ingest-geoip/src/main/java/org/elasticsearch/ingest/geoip/GeoIpProcessor.java","25","0","0","7","221","292","2"
"netty","23f033ac08906b8db4dbb5695d6f0701ad14e4d3","handler-proxy/src/test/java/io/netty/handler/proxy/ProxyHandlerTest.java","25","0","0","7","515","658","0"
"hazelcast","ecaaec40f356936a3252c08a2bf6f4180fd3c81b","hazelcast-client/src/main/java/com/hazelcast/client/connection/SmartClientConnectionManager.java","25","0","0","8","207","257","0"
"hazelcast","2af1892404170b7d0c65a9558f90e6d241fcf3ba","hazelcast-client/src/main/java/com/hazelcast/client/connection/SmartClientConnectionManager.java","25","0","0","8","208","258","2"
"hazelcast","317fabec0c90b274c686ba018cc1b465fee244f2","hazelcast-client-new/src/main/java/com/hazelcast/client/spi/impl/ClusterListenerSupport.java","25","0","0","8","225","283","1"
"hazelcast","5fe534734d912f88bed5098f3b36f3e2872c8319","hazelcast-client-new/src/main/java/com/hazelcast/client/spi/impl/ClusterListenerSupport.java","25","0","0","8","225","284","1"
"hazelcast","6501055521baaaeb533ae19b37acef5ab9109a53","hazelcast-client-new/src/main/java/com/hazelcast/client/spi/impl/ClusterListenerSupport.java","25","0","0","8","225","284","1"
"hazelcast","d38202141395360399c9cf97d4453adf5b1581e1","hazelcast-client-new/src/main/java/com/hazelcast/client/spi/impl/ClusterListenerSupport.java","25","0","0","8","225","284","2"
"hazelcast","2b9bb4fc17af10b2e6c19753155c0c0aeff8ce05","hazelcast-client-new/src/main/java/com/hazelcast/client/spi/impl/ClusterListenerSupport.java","25","0","0","8","225","284","0"
"hazelcast","46a10c507d66c7a61e19264a4099f044c5634fa2","hazelcast-client-new/src/main/java/com/hazelcast/client/spi/impl/ClusterListenerSupport.java","25","0","0","8","225","284","0"
"hazelcast","191a6fd5c3d11d24c1c3a43ef70771074cc60ddd","hazelcast-client-new/src/main/java/com/hazelcast/client/spi/impl/ClusterListenerSupport.java","25","0","0","8","226","285","0"
"hazelcast","c283f04cab711308ed3018d4e448e35b9061e0d2","hazelcast-client-new/src/main/java/com/hazelcast/client/spi/impl/ClusterListenerSupport.java","25","0","0","8","226","285","0"
"hazelcast","eed2a8c40d592a8e99645faac48f99069eaeaab2","hazelcast-client-new/src/main/java/com/hazelcast/client/spi/impl/ClusterListenerSupport.java","25","0","0","8","226","285","1"
"hazelcast","934929958888f0ee66fecccaadf2e7181cbaa9c2","hazelcast-client/src/main/java/com/hazelcast/client/spi/impl/ClusterListenerSupport.java","25","0","0","9","249","303","4"
"netty","7e615387905fab9a3350b91a4cb4e8adf8e6d656","transport/src/main/java/io/netty/channel/nio/AbstractNioMessageChannel.java","25","0","1","0","122","188","0"
"netty","7d60699a4951b4dcaba4cb06029d4432a863b171","transport/src/main/java/io/netty/channel/nio/AbstractNioMessageChannel.java","25","0","1","0","126","191","1"
"BroadleafCommerce","d7bab3e31cbb7e42102b67db7e0cede85d9a6351","admin/broadleaf-open-admin-platform/src/main/java/org/broadleafcommerce/openadmin/web/controller/AdminAbstractController.java","25","0","1","0","221","508","3"
"elasticsearch","25fd9e26c4fb042d6f6dea14efcd239577bdbbc4","core/src/main/java/org/elasticsearch/action/support/broadcast/TransportBroadcastAction.java","25","0","1","0","225","309","0"
"orientdb","e0d9bd741a104fb367c673f4d1acccb7dc9dc896","core/src/main/java/com/orientechnologies/orient/core/sql/OFindReferenceHelper.java","25","0","1","1","122","166","1"
"netty","91b378005461b85f965aa296daa087bc009b9da0","transport/src/main/java/io/netty/channel/oio/AbstractOioByteChannel.java","25","0","1","1","135","210","0"
"elasticsearch","b4b33bb20557e9f79975dce3caf4ce95051665ec","src/main/java/org/elasticsearch/action/mlt/TransportMoreLikeThisAction.java","25","0","1","1","224","288","1"
"elasticsearch","bd75b731c654f4c845f0781306b8055704706585","src/main/java/org/elasticsearch/indices/ttl/IndicesTTLService.java","25","0","1","1","230","293","1"
"neo4j","6949fd23a50ae139201fbb9f0b243e85a00851f0","enterprise/security/src/main/java/org/neo4j/server/security/enterprise/auth/FileUserRealm.java","25","0","1","1","283","376","1"
"neo4j","a5f53ba08bebabec04eca3b0dff8223f5f7b2d6d","enterprise/security/src/main/java/org/neo4j/server/security/enterprise/auth/FileUserRealm.java","25","0","1","1","297","392","0"
"orientdb","045349144c1a79c6b6372c5b90a7dd9a864efd3a","core/src/main/java/com/orientechnologies/orient/core/db/tool/ODatabaseRepair.java","25","0","1","1","94","150","0"
"hazelcast","fbcba56efb38034ef1b93d845339262278b4db6d","hazelcast/src/main/java/com/hazelcast/jmx/HazelcastMBean.java","25","0","1","10","159","210","1"
"elasticsearch","faa75017150dcf888293776fd75018483592622d","src/main/java/org/elasticsearch/cluster/metadata/MetaDataIndexAliasesService.java","25","0","1","10","196","259","0"
"hazelcast","cfb0b95ecb4fbce016be038f5e9f7c8e0fe9eb8e","hazelcast-client/src/main/java/com/hazelcast/client/spi/ProxyManager.java","25","0","1","10","274","319","1"
"hazelcast","1d86423149c253ce5b522a2e13f18093653ff6c7","hazelcast/src/main/java/com/hazelcast/map/impl/proxy/NearCachedMapProxyImpl.java","25","0","1","10","322","408","1"
"hazelcast","e253ba2e3054a341540a218c869c9e1b3f802a43","hazelcast/src/main/java/com/hazelcast/map/impl/proxy/NearCachedMapProxyImpl.java","25","0","1","10","322","408","2"
"hazelcast","bc34a4208db20d2a19cbff4634c6e016f35ea63b","hazelcast/src/main/java/com/hazelcast/map/impl/proxy/NearCachedMapProxyImpl.java","25","0","1","10","322","408","0"
"netty","8b123a554608aa677d1fe30af47776bf6197cd2c","codec/src/main/java/io/netty/handler/codec/compression/ZlibCodecFactory.java","25","0","1","10","92","129","1"
"netty","f7c83c8565a695e226cac118fb353e161c90a7ea","codec/src/main/java/io/netty/handler/codec/compression/ZlibCodecFactory.java","25","0","1","10","93","130","0"
"orientdb","c65031e4a5cae04be6faeaeccb01fb18d3e5fb85","client/src/main/java/com/orientechnologies/orient/client/remote/ORemoteConnectionManager.java","25","0","1","11","168","245","1"
"elasticsearch","78574d248cf10dad1c5a566fda79e1e0c94afe43","core/src/main/java/org/elasticsearch/action/admin/indices/stats/IndicesStatsResponse.java","25","0","1","11","170","227","1"
"elasticsearch","e6aaaf11ed4a1b8f595f920de1840938eddb7a97","core/src/main/java/org/elasticsearch/action/admin/indices/stats/IndicesStatsResponse.java","25","0","1","11","170","227","1"
"elasticsearch","a60b8948ba1d836a6eac7cff095519e618939ed8","core/src/main/java/org/elasticsearch/action/admin/indices/stats/IndicesStatsResponse.java","25","0","1","11","170","227","0"
"orientdb","0b5421844f1bbd88520bd717193d8c955967c102","client/src/main/java/com/orientechnologies/orient/client/remote/ORemoteConnectionManager.java","25","0","1","11","172","250","0"
"hazelcast","16702ec52d2e403b481e9b68023f93e5465ceb7c","hazelcast-client/src/main/java/com/hazelcast/client/util/ClientDelegatingFuture.java","25","0","1","11","175","229","1"
"hazelcast","e6667194e520431ae4f36ae951ba8afc5072968f","hazelcast/src/main/java/com/hazelcast/cache/impl/AbstractHazelcastCachingProvider.java","25","0","1","11","197","263","0"
"orientdb","65f086eb452cac1fc83cfac710303c5b020d0697","tests/src/test/java/com/orientechnologies/orient/test/database/auto/ComparableLockManagerTest.java","25","0","1","11","219","309","0"
"orientdb","deb33febd5c1e0b590bcbfaaf4de44cc86b278f8","tests/src/test/java/com/orientechnologies/orient/test/database/auto/ComparableLockManagerTest.java","25","0","1","11","220","310","1"
"neo4j","b02b8e7cff33b8e0e157808173cdc6776c113920","community/kernel/src/main/java/org/neo4j/kernel/impl/transaction/xaframework/LogPruneStrategies.java","25","0","1","11","252","343","0"
"neo4j","5b99f532cec94aa83d16b8969eada9a1e43f30d3","community/shell/src/main/java/org/neo4j/shell/impl/AbstractClient.java","25","0","1","11","274","327","0"
"elasticsearch","7f5befd95e19badf8b911df5c28a08613b0a9cd0","src/test/java/org/elasticsearch/snapshots/mockstore/MockRepository.java","25","0","1","12","246","323","1"
"elasticsearch","c20713530d2429346536354f297c96dea4353329","src/test/java/org/elasticsearch/snapshots/mockstore/MockRepository.java","25","0","1","12","247","324","0"
"hazelcast","d568e4d926d925d57d4e79e34614390416749301","hazelcast-client/src/main/java/com/hazelcast/client/proxy/txn/xa/XAResourceProxy.java","25","0","1","13","207","253","0"
"hazelcast","f5b5e658ea42c43530cc3fd5e132e2fe503ab8b4","hazelcast-client/src/main/java/com/hazelcast/client/proxy/txn/xa/XAResourceProxy.java","25","0","1","13","207","253","0"
"hazelcast","70d4de16ff0ac4518d09aad8c9f2ad9e782fb337","hazelcast-client/src/main/java/com/hazelcast/client/proxy/txn/xa/XAResourceProxy.java","25","0","1","13","207","253","1"
"hazelcast","fc6416b87c902797899c08d3659417993ef400e6","hazelcast-client/src/main/java/com/hazelcast/client/txn/proxy/xa/XAResourceProxy.java","25","0","1","13","207","254","0"
"hazelcast","d9d20943b88faf6aa25ddbdc19feab4571611431","hazelcast-client/src/main/java/com/hazelcast/client/proxy/txn/xa/XAResourceProxy.java","25","0","1","13","208","254","1"
"hazelcast","fc6416b87c902797899c08d3659417993ef400e6","hazelcast-client-new/src/main/java/com/hazelcast/client/proxy/txn/xa/XAResourceProxy.java","25","0","1","13","210","257","0"
"hazelcast","56ae25ad0b7d4ff161465085ab23019784dc7a89","hazelcast-client/src/main/java/com/hazelcast/client/spi/impl/ClientClusterServiceImpl.java","25","0","1","13","221","276","1"
"BroadleafCommerce","d8dbf31381e5c689ad90bada81d6092e897818bb","core/broadleaf-framework/src/test/java/org/broadleafcommerce/core/offer/service/processor/ItemOfferProcessorTest.java","25","0","1","13","435","595","1"
"BroadleafCommerce","10536839a318b408e911485d2298ecde085f7c42","core/broadleaf-framework/src/test/java/org/broadleafcommerce/core/offer/service/processor/ItemOfferProcessorTest.java","25","0","1","13","441","605","1"
"BroadleafCommerce","6e207b6b2ab148a7d7dbd97d657c63c9713181d9","core/broadleaf-framework/src/test/java/org/broadleafcommerce/core/offer/service/processor/ItemOfferProcessorTest.java","25","0","1","13","453","617","0"
"hazelcast","5b8632553391543693d7a87c5d29cdea51293447","hazelcast/src/main/java/com/hazelcast/scheduledexecutor/impl/DistributedScheduledExecutorService.java","25","0","1","15","210","281","0"
"elasticsearch","c2e50b010b35d17a4bd42ca629da7aa4b6445e14","core/src/test/java/org/elasticsearch/index/query/GeoDistanceQueryBuilderTests.java","25","0","1","15","338","407","1"
"hazelcast","c8301dd7e4b664965ff9b4648d0a881b509696d8","hazelcast/src/test/java/com/hazelcast/test/mocknetwork/MockConnectionManager.java","25","0","1","16","216","277","1"
"hazelcast","3d6bcba501e62df97fb0d222eb966362c2951a5c","hazelcast/src/test/java/com/hazelcast/test/mocknetwork/MockConnectionManager.java","25","0","1","16","228","294","0"
"elasticsearch","3b01f812d64d8c957ece77261d10a646df1ca3df","src/test/java/org/elasticsearch/test/integration/search/child/SimpleChildQuerySearchTests.java","25","0","1","17","1103","1322","0"
"elasticsearch","7961dfa7ab727f1c43684473b3c0b7864e227b1e","src/test/java/org/elasticsearch/test/integration/search/child/SimpleChildQuerySearchTests.java","25","0","1","18","1054","1267","1"
"hazelcast","7167c10b3f49d6952ccd3671ecde41c8fca10114","hazelcast/src/test/java/com/hazelcast/collection/impl/txnqueue/TransactionQueueTest.java","25","0","1","18","491","604","1"
"hazelcast","be4b268b9d19178068280a38ddcec1461009aa24","hazelcast/src/test/java/com/hazelcast/collection/impl/txnqueue/TransactionQueueTest.java","25","0","1","18","491","604","1"
"hazelcast","4b12b31e4e2a868107895e53d6543fdc201f385c","hazelcast/src/test/java/com/hazelcast/collection/impl/txnqueue/TransactionQueueTest.java","25","0","1","18","491","604","0"
"elasticsearch","237c4ddf5418ffc997fc083b114bf3c34a3ac00f","src/test/java/org/elasticsearch/test/integration/search/child/SimpleChildQuerySearchTests.java","25","0","1","19","1077","1296","0"
"hazelcast","b4a87b9da3359832b5462f2769e42be156abbcfd","hazelcast/src/main/java/com/hazelcast/replicatedmap/impl/record/AbstractReplicatedRecordStore.java","25","0","1","19","247","303","2"
"hazelcast","d84d7aa0862d3428212a61cd4dca256dc85f9178","hazelcast/src/main/java/com/hazelcast/replicatedmap/impl/record/AbstractReplicatedRecordStore.java","25","0","1","19","247","303","2"
"hazelcast","cde914700341904b25a04a43f120d8e8b6ace0d1","hazelcast/src/main/java/com/hazelcast/replicatedmap/impl/record/AbstractReplicatedRecordStore.java","25","0","1","19","247","303","0"
"elasticsearch","321606d3aa009f92a8f4248fe27b6b1650befe01","core/src/main/java/org/elasticsearch/search/aggregations/bucket/range/ipv4/IpRangeParser.java","25","0","1","2","107","141","2"
"orientdb","7714495a75dd494934a6cfa3c422763d92a19239","distributed/src/main/java/com/orientechnologies/orient/server/distributed/impl/OClusterHealthChecker.java","25","0","1","2","134","202","0"
"elasticsearch","7dda421cfa090290bc4a1c1eb766aaab45aaf3fb","modules/elasticsearch/src/main/java/org/elasticsearch/river/routing/RiversRouter.java","25","0","1","2","135","186","0"
"elasticsearch","bbffeb1b39b864a8bf6c9844dfa23869e44c8639","src/main/java/org/elasticsearch/cluster/metadata/MetaDataIndexAliasesService.java","25","0","1","2","167","218","1"
"elasticsearch","534f487de3edd7b6a4ca6d6aed7bdbc5b0ae2b7a","src/main/java/org/elasticsearch/action/search/type/TransportSearchScrollQueryAndFetchAction.java","25","0","1","2","173","225","1"
"elasticsearch","6c34452409d2cc468daced1811db60cd81c6fe95","core/src/main/java/org/elasticsearch/search/fetch/innerhits/InnerHitsParseElement.java","25","0","1","2","178","225","0"
"elasticsearch","fad5e2d0e10e6c0ffb03a18bc38019e35bf05c6c","src/main/java/org/elasticsearch/action/search/type/TransportSearchScrollQueryThenFetchAction.java","25","0","1","2","207","265","2"
"hazelcast","358bc0567ee888fc2b1167e21d964047cbf60013","hazelcast/src/main/java/com/hazelcast/map/impl/tx/TransactionalMapProxySupport.java","25","0","1","2","251","309","1"
"hazelcast","fb6700346872da3eac002c3d2157b9a7da728fa2","hazelcast/src/main/java/com/hazelcast/map/impl/tx/TransactionalMapProxySupport.java","25","0","1","2","251","310","0"
"elasticsearch","467a459f95d8709379bf3e7f415644b246a89dba","core/src/main/java/org/elasticsearch/search/suggest/completion/CompletionSuggestParser.java","25","0","1","2","88","123","1"
"elasticsearch","821021f0e478ca44d828e62c139ea19f0fd7290a","core/src/main/java/org/elasticsearch/search/suggest/completion/CompletionSuggestParser.java","25","0","1","2","90","125","0"
"elasticsearch","7364159d6915fbbeae02335f02dc333839dffbd9","modules/elasticsearch/src/main/java/org/apache/lucene/search/vectorhighlight/CustomFieldQuery.java","25","0","1","2","97","138","0"
"orientdb","46bbcabde62c2b9e61ebaf45dc23f16d9dee7f02","tests/src/test/java/com/orientechnologies/orient/test/database/auto/SQLSelectProjectionsTest.java","25","0","1","20","314","429","1"
"orientdb","136db63960bbf53514691bf5a0bb8361a5ea5361","tests/src/test/java/com/orientechnologies/orient/test/database/auto/SQLSelectProjectionsTest.java","25","0","1","20","315","430","0"
"hazelcast","a0af3e5a558140c85f618c19e4b9a39b81f072c7","hazelcast-client/src/main/java/com/hazelcast/client/spi/impl/ClientInvocation.java","25","0","1","21","210","275","1"
"elasticsearch","3087fd8b2a66d42cfc7a077ad98a120133da2cde","src/main/java/org/elasticsearch/index/mapper/geo/GeoShapeFieldMapper.java","25","0","1","21","214","294","1"
"hazelcast","0b99990c091b2e5235b2c7a72b4550327db4260c","hazelcast-client-new/src/main/java/com/hazelcast/client/proxy/ClientReplicatedMapProxy.java","25","0","1","21","344","415","2"
"hazelcast","9c2a079b395fd59260f5b5f1420a19a1df61d31b","hazelcast-client-new/src/main/java/com/hazelcast/client/proxy/ClientReplicatedMapProxy.java","25","0","1","21","363","436","0"
"hazelcast","fcb85d5ce8c3887b875376ea1f986c03201d9f7c","hazelcast-client-new/src/main/java/com/hazelcast/client/proxy/ClientReplicatedMapProxy.java","25","0","1","21","363","436","0"
"hazelcast","ccc4cf5c5afe3eadfdb39332f605f2157820ee89","hazelcast-client-new/src/main/java/com/hazelcast/client/proxy/ClientReplicatedMapProxy.java","25","0","1","21","363","436","1"
"elasticsearch","6174e21f47244b6d5153d7d0cc1fe28fe863399d","core/src/test/java/org/elasticsearch/search/aggregations/metrics/TopHitsIT.java","25","0","1","21","850","997","1"
"BroadleafCommerce","15e70fe6b89d008dd88b5e98dbfc66a720db68bb","admin/broadleaf-open-admin-platform/src/main/java/org/broadleafcommerce/openadmin/dto/MapMetadata.java","25","0","1","22","122","175","0"
"elasticsearch","043a45746c7798bdeda8e279cfeeb53f72ba2249","core/src/test/java/org/elasticsearch/search/aggregations/metrics/TopHitsIT.java","25","0","1","22","876","1034","2"
"elasticsearch","74d8c75d3a10e03338468069f30466897b1380fc","core/src/test/java/org/elasticsearch/search/aggregations/metrics/TopHitsIT.java","25","0","1","22","886","1047","0"
"elasticsearch","4ff1b429f1351c17ae5f3a4338a7ac33db49ef70","modules/elasticsearch/src/main/java/org/elasticsearch/indices/store/TransportNodesListShardStoreMetaData.java","25","0","1","24","307","394","0"
"elasticsearch","01ca81e2a37c9cd38c6dc44ae567d427c059dbe0","src/main/java/org/elasticsearch/indices/store/TransportNodesListShardStoreMetaData.java","25","0","1","24","330","415","0"
"hazelcast","9d8dcc2a1755aec6419b50698c80c1d109c89523","hazelcast/src/main/java/com/hazelcast/replicatedmap/impl/ReplicatedMapProxy.java","25","0","1","26","325","397","1"
"BroadleafCommerce","59720ecc0ea356eef454ccddd1e799b5db263a98","admin/broadleaf-admin-module/src/main/java/org/broadleafcommerce/admin/server/service/persistence/module/provider/CategoryParentCategoryFieldPersistenceProvider.java","25","0","1","3","105","141","0"
"BroadleafCommerce","59720ecc0ea356eef454ccddd1e799b5db263a98","admin/broadleaf-admin-module/src/main/java/org/broadleafcommerce/admin/server/service/persistence/module/provider/ProductParentCategoryFieldPersistenceProvider.java","25","0","1","3","107","143","0"
"elasticsearch","8136a38b3fe5f2c7730d09bfe9ca68bfd51e9785","src/main/java/org/elasticsearch/index/query/TopChildrenQueryParser.java","25","0","1","3","110","149","2"
"elasticsearch","4670a2e514c16388434334dd847f30925d43766d","src/test/java/org/elasticsearch/search/matchedqueries/MatchedQueriesTests.java","25","0","1","3","129","168","1"
"elasticsearch","292e53fe77cae17362029d79e6afb937e75eec89","src/test/java/org/elasticsearch/index/search/child/ParentConstantScoreQueryTests.java","25","0","1","3","177","226","0"
"hazelcast","4d1364579e205b6ce571799502d81da34f5f06c8","hazelcast/src/main/java/com/hazelcast/spi/impl/operationexecutor/slowoperationdetector/SlowOperationDetector.java","25","0","1","3","204","282","0"
"elasticsearch","09d650fae77ad487626553b7899b0e82760daec3","modules/elasticsearch/src/main/java/org/elasticsearch/index/shard/recovery/RecoverySource.java","25","0","1","3","222","294","0"
"elasticsearch","80de40f195e66da579847287113df6986bb69502","src/test/java/org/elasticsearch/cluster/routing/allocation/NodeVersionAllocationDeciderTests.java","25","0","1","3","268","341","0"
"elasticsearch","7e3ccf2ee32cef80715b3d47cb30e06426e3002c","core/src/test/java/org/elasticsearch/cluster/routing/allocation/NodeVersionAllocationDeciderTests.java","25","0","1","3","272","343","1"
"elasticsearch","3240cc81452ac855f0a960e5d34b3a96e7fb23b9","src/test/java/org/elasticsearch/cluster/routing/allocation/NodeVersionAllocationDeciderTests.java","25","0","1","3","273","347","1"
"ceylon-ide-eclipse","3891b8c8fd431437fb53a4e5059f2202fed90ed6","plugins/com.redhat.ceylon.eclipse.ui/src/com/redhat/ceylon/eclipse/code/preferences/FiltersPreferencePage.java","25","0","1","3","369","486","0"
"hazelcast","c7b2ba8a69a41cdee116d1894e107944c7a8cdcc","hazelcast/src/main/java/com/hazelcast/internal/diagnostics/HealthMonitor.java","25","0","1","3","424","531","0"
"elasticsearch","ea2732a9676d560cfe611cd56987ac33f97258d7","src/main/java/org/elasticsearch/cluster/node/DiscoveryNodeFilters.java","25","0","1","3","92","123","1"
"elasticsearch","9c8beb822079f0c9bdea0df983e8063c4a0f5e8f","src/main/java/org/elasticsearch/index/query/IdsQueryParser.java","25","0","1","3","98","134","0"
"orientdb","072de68013d30fdb0086b3af332c2d4ef3b3038c","core/src/test/java/com/orientechnologies/orient/core/storage/impl/local/paginated/LocalPaginatedClusterWithWALTest.java","25","0","1","31","341","458","0"
"elasticsearch","7e53123f1f5539b2466bb9e3666114cb5a613441","core/src/test/java/org/elasticsearch/index/shard/IndexShardTests.java","25","0","1","31","863","1012","3"
"elasticsearch","5380322947552f8b73cd8eab3e645b001abd8ba1","core/src/test/java/org/elasticsearch/index/shard/IndexShardTests.java","25","0","1","31","903","1056","1"
"elasticsearch","ab6163898fd8c83dda01b6eb4dd42e1f900f393b","src/test/java/org/elasticsearch/test/integration/search/highlight/HighlighterSearchTests.java","25","0","1","34","1249","1545","1"
"elasticsearch","a872c88f03b50b34036617dcc9ed36a0110bc84e","src/main/java/org/elasticsearch/indices/store/IndicesStore.java","25","0","1","4","145","204","0"
"netty","af4b71a00e30faf86ef1c2365e965e8f04f65bee","codec/src/main/java/io/netty/handler/codec/ReplayingDecoder.java","25","0","1","4","175","497","0"
"hazelcast","93fd800d6c6f6781ef95536bba7e2b200fe9678d","hazelcast/src/main/java/com/hazelcast/client/impl/protocol/task/AuthenticationBaseMessageTask.java","25","0","1","4","217","269","2"
"elasticsearch","1a47226d9af373e4627cd360ad8a8a7b93ea7882","core/src/main/java/org/elasticsearch/search/aggregations/bucket/terms/TermsAggregatorFactory.java","25","0","1","4","218","282","1"
"BroadleafCommerce","eb2d314a8d4af455b5dd36fbb5f694d34db480b0","admin/broadleaf-admin-module/src/main/java/org/broadleafcommerce/admin/web/controller/entity/AdminProductController.java","25","0","1","4","265","341","0"
"elasticsearch","583c4926c47a039f432dc59c7e37c3ce23f821f0","src/main/java/org/elasticsearch/common/unit/TimeValue.java","25","0","1","42","225","302","1"
"hazelcast","7fd1bf93109d765ddb8bcbf38a1d7109bd5caa8e","hazelcast/src/main/java/com/hazelcast/map/impl/LocalMapStatsProvider.java","25","0","1","5","263","353","1"
"elasticsearch","a9eb668497dc7d4da80f8de806f230eacf3de819","core/src/test/java/org/elasticsearch/cluster/routing/allocation/NodeVersionAllocationDeciderTests.java","25","0","1","5","360","439","0"
"orientdb","136db63960bbf53514691bf5a0bb8361a5ea5361","lucene/src/main/java/com/orientechnologies/lucene/builder/OLuceneIndexType.java","25","0","1","6","132","185","0"
"orientdb","5499f443102cace2dfa66d6bb93b5715bc0a6393","lucene/src/main/java/com/orientechnologies/lucene/builder/OLuceneIndexType.java","25","0","1","6","134","187","0"
"orientdb","46bbcabde62c2b9e61ebaf45dc23f16d9dee7f02","lucene/src/main/java/com/orientechnologies/lucene/builder/OLuceneIndexType.java","25","0","1","6","135","188","1"
"elasticsearch","55d112b0436ce1f02a54ad24fa159b2ae999a576","modules/elasticsearch/src/main/java/org/elasticsearch/cluster/routing/allocation/allocator/EvenShardsCountAllocator.java","25","0","1","6","151","206","0"
"neo4j","3da8523ddc5b1463dae1b497f6787835b5663e6a","community/kernel/src/main/java/org/neo4j/kernel/impl/api/store/StoreNodeRelationshipCursor.java","25","0","1","6","248","317","0"
"neo4j","7b0b7a6aa4b0cc227df4d444ca75ff8887c9a2e6","community/kernel/src/main/java/org/neo4j/kernel/impl/api/store/StoreNodeRelationshipCursor.java","25","0","1","6","250","319","2"
"BroadleafCommerce","67f5c78efc8881497214b2c0782b0426f7179c5f","core/broadleaf-framework-web/src/main/java/org/broadleafcommerce/core/web/order/service/CartStateServiceImpl.java","25","0","1","7","112","159","0"
"hazelcast","77cc82e397d9191b46d073bb6d88ffd10028d782","hazelcast/src/main/java/com/hazelcast/util/SortingUtil.java","25","0","1","7","171","239","2"
"hazelcast","70d4de16ff0ac4518d09aad8c9f2ad9e782fb337","hazelcast/src/main/java/com/hazelcast/replicatedmap/impl/ReplicatedMapEventPublishingService.java","25","0","1","7","172","209","1"
"hazelcast","d568e4d926d925d57d4e79e34614390416749301","hazelcast/src/main/java/com/hazelcast/replicatedmap/impl/ReplicatedMapEventPublishingService.java","25","0","1","7","175","213","0"
"netty","282aa35682e9f610f71e7f08220131822609f131","codec-http2/src/main/java/io/netty/handler/codec/http2/InboundHttp2ToHttpAdapter.java","25","0","1","7","203","363","0"
"BroadleafCommerce","f76947b536fd7de06da75efb9502285969caad4a","common/src/main/java/org/broadleafcommerce/common/file/service/StaticAssetPathServiceImpl.java","25","0","1","7","99","165","0"
"hazelcast","5dd3caeda2bb8c092bb4050230f55932e2439044","hazelcast/src/main/java/com/hazelcast/map/impl/eviction/EvictionOperator.java","25","0","1","8","188","240","0"
"hazelcast","41c4478522f68e6a339b372e3cf8be512b9f251e","hazelcast/src/main/java/com/hazelcast/map/impl/eviction/EvictionOperator.java","25","0","1","8","189","241","1"
"hazelcast","49d70060a7b54249744c4d990d8125c3b7431b06","hazelcast/src/main/java/com/hazelcast/map/impl/eviction/EvictionOperator.java","25","0","1","8","189","241","1"
"hazelcast","e61fb5c3d86ca028d6e3e49a1abcb8e55a938cef","hazelcast/src/main/java/com/hazelcast/map/impl/eviction/EvictionOperator.java","25","0","1","8","189","241","0"
"elasticsearch","fcdd2ba11c5f2ef68144086806c372127e176fb0","modules/elasticsearch/src/main/java/org/elasticsearch/common/lucene/docset/OrDocSet.java","25","0","1","9","139","214","0"
"BroadleafCommerce","931535456ea2c756d4f2501c48bc8415abcb6e47","core/broadleaf-framework-web/src/main/java/org/broadleafcommerce/core/web/processor/GoogleUniversalAnalyticsProcessor.java","25","0","1","9","201","321","0"
"BroadleafCommerce","28c43d072ac2b1e7fde99a62351f8643fb2a13d0","core/broadleaf-framework-web/src/main/java/org/broadleafcommerce/core/web/processor/GoogleUniversalAnalyticsProcessor.java","25","0","1","9","203","328","1"
"BroadleafCommerce","60f2fa78e69850ae21354e8bc79528a917e78009","core/broadleaf-framework-web/src/main/java/org/broadleafcommerce/core/web/processor/GoogleUniversalAnalyticsProcessor.java","25","0","1","9","205","331","0"
"hazelcast","c6dda757b3937ef9d6b5c5912ee11e1096e8a526","hazelcast-client-legacy/src/main/java/com/hazelcast/client/spi/impl/ClientPartitionServiceImpl.java","25","0","1","9","222","283","0"
"hazelcast","27a44f6090bb946b69aa3f724bfbe51558d8ca39","hazelcast/src/main/java/com/hazelcast/map/impl/proxy/NearCachedMapProxyImpl.java","25","0","1","9","317","402","2"
"neo4j","f3a55b31e7ffe56236904e3e19875c29a444226c","enterprise/ha/src/main/java/org/neo4j/kernel/ha/cluster/SwitchToSlave.java","25","0","1","9","450","577","1"
"neo4j","990fe648c6b49f319a515dd6b0757553c483ab11","enterprise/ha/src/main/java/org/neo4j/kernel/ha/cluster/SwitchToSlave.java","25","0","1","9","451","577","0"
"neo4j","cc0ba94bf17cf529234b73be115bf369e7de0c55","enterprise/ha/src/main/java/org/neo4j/kernel/ha/cluster/SwitchToSlave.java","25","0","1","9","452","578","0"
"neo4j","1a11c303d2294b55d03cc5f4974290b5be94f2c3","enterprise/ha/src/main/java/org/neo4j/kernel/ha/cluster/SwitchToSlave.java","25","0","1","9","452","579","0"
"elasticsearch","371c73e14023917f3892090d2d3d7ff9ac1216b9","core/src/main/java/org/elasticsearch/index/query/MatchPhrasePrefixQueryBuilder.java","25","0","10","3","185","264","3"
"elasticsearch","78574d248cf10dad1c5a566fda79e1e0c94afe43","core/src/main/java/org/elasticsearch/index/query/MatchPhrasePrefixQueryBuilder.java","25","0","10","3","185","264","2"
"elasticsearch","e6aaaf11ed4a1b8f595f920de1840938eddb7a97","core/src/main/java/org/elasticsearch/index/query/MatchPhrasePrefixQueryBuilder.java","25","0","10","3","185","264","2"
"elasticsearch","a60b8948ba1d836a6eac7cff095519e618939ed8","core/src/main/java/org/elasticsearch/index/query/MatchPhrasePrefixQueryBuilder.java","25","0","10","3","185","264","0"
"oryx","e0b8eb77d5771ae8f13d00fd85fa143144cb8f42","app/oryx-app-common/src/main/java/com/cloudera/oryx/app/pmml/AppPMMLUtils.java","25","0","10","4","186","285","0"
"oryx","ed5ee2a4983b0f059e9027b6459240d4e3f06136","app/oryx-app-common/src/main/java/com/cloudera/oryx/app/pmml/AppPMMLUtils.java","25","0","10","4","187","286","0"
"elasticsearch","bec07a7eb50c9f122c7b764a9c470362ad515882","core/src/main/java/org/elasticsearch/env/Environment.java","25","0","12","6","191","322","1"
"elasticsearch","e1cca9000603b164cc70ff25534381e5df2a8220","src/main/java/org/elasticsearch/common/io/stream/StreamOutput.java","25","0","13","11","170","270","0"
"netty","ead87b7df8d923417475ead2d7680747b1a72f07","codec-http2/src/main/java/io/netty/handler/codec/http2/Http2CodecUtil.java","25","0","13","2","248","382","2"
"elasticsearch","04f6067c663824fe051832a6c7e30542671a0d26","src/main/java/org/elasticsearch/ElasticsearchException.java","25","0","13","4","175","285","1"
"elasticsearch","87cf1452d58afdb5ce020cc57628cf4547d0cba5","src/main/java/org/elasticsearch/ElasticsearchException.java","25","0","13","4","183","294","0"
"elasticsearch","d3ed795372e1d29455fdd63e0e913e42f210ee0a","src/main/java/org/elasticsearch/action/admin/indices/alias/Alias.java","25","0","13","5","141","230","0"
"netty","2fd42cfc6b32dacb812c6f2ecef8522cd94718d4","codec-http2/src/main/java/io/netty/handler/codec/http2/Http2CodecUtil.java","25","0","15","1","251","406","1"
"netty","11f9e9084b2da5e7a0e48c6a5c86be0f41a584de","transport/src/main/java/io/netty/channel/embedded/EmbeddedChannel.java","25","0","15","4","266","405","0"
"netty","6e5b25733f49d2ea843a89b4d547b856142212ec","codec-http2/src/main/java/io/netty/handler/codec/http2/Http2CodecUtil.java","25","0","16","1","254","418","1"
"netty","3482651e0c29edfa02f189751c704ebe4fe8f54c","codec-http2/src/main/java/io/netty/handler/codec/http2/Http2CodecUtil.java","25","0","16","1","256","419","0"
"elasticsearch","c2e50b010b35d17a4bd42ca629da7aa4b6445e14","core/src/main/java/org/elasticsearch/index/query/GeoDistanceQueryBuilder.java","25","0","17","1","204","309","1"
"elasticsearch","39ecda1dadabbdeba7a306b4e7661b7cb95ff0ea","core/src/main/java/org/elasticsearch/index/query/MultiMatchQueryBuilder.java","25","0","17","10","222","395","1"
"elasticsearch","3a0dd59a15c49f5be0483658f44bd411f62e1ac5","core/src/main/java/org/elasticsearch/index/query/MultiMatchQueryBuilder.java","25","0","18","10","225","402","0"
"elasticsearch","75ced057ed17c5b3473795b24338815ab49f3336","core/src/main/java/org/elasticsearch/cluster/node/DiscoveryNode.java","25","0","18","17","235","394","3"
"elasticsearch","164efaecbe42195f08ada58b5fde927ab21fc6e7","core/src/main/java/org/elasticsearch/cluster/node/DiscoveryNode.java","25","0","18","17","236","396","1"
"elasticsearch","5a18f740ba38fede262b3625028cbde0c789bcfb","core/src/main/java/org/elasticsearch/action/bulk/BulkProcessor.java","25","0","19","4","249","399","0"
"elasticsearch","bf2483e4b30d900ee00776f2bf79d5833e8a4fde","core/src/main/java/org/elasticsearch/snapshots/SnapshotUtils.java","25","0","2","0","86","124","1"
"elasticsearch","bb15def36e87ab7fffb803bdd146a89f38b0f48f","src/main/java/org/elasticsearch/index/search/stats/ShardSearchService.java","25","0","2","10","153","202","0"
"elasticsearch","d3dc158458640242f5a583199bba2fbfb622ce9c","src/main/java/org/elasticsearch/index/search/stats/ShardSearchService.java","25","0","2","10","155","205","1"
"elasticsearch","2f3a04107090dfcdcf917c571fdab350034f1faf","src/main/java/org/elasticsearch/indices/InternalIndicesService.java","25","0","2","11","294","378","0"
"elasticsearch","3f37a0ff5c1fac3da95d024044c5754ba0c13d15","src/test/java/org/elasticsearch/document/BulkTests.java","25","0","2","11","488","612","2"
"elasticsearch","ba3540675a5e6c24a57ba31490042c1cae22313f","core/src/main/java/org/elasticsearch/index/shard/ShardPath.java","25","0","2","12","139","184","2"
"elasticsearch","e458d4fd93136cfc42708d9311d05bee36f69321","src/main/java/org/elasticsearch/search/internal/ContextIndexSearcher.java","25","0","2","12","144","208","0"
"elasticsearch","5a64f08f048461a63a0ca1354a5050c954e63d52","core/src/main/java/org/elasticsearch/index/search/stats/ShardSearchStats.java","25","0","2","12","160","210","0"
"hazelcast","3ea934a482f7fa008a90307a5ad8377609cd917c","hazelcast/src/main/java/com/hazelcast/transaction/impl/XAResourceImpl.java","25","0","2","12","194","248","1"
"hazelcast","605da53365f35d8dbf2842c020b6cf96ce4bb034","hazelcast/src/main/java/com/hazelcast/transaction/impl/XAResourceImpl.java","25","0","2","12","194","248","1"
"hazelcast","1f1a21f9e2c3f13d1f10dfae6e077e72da7edaf4","hazelcast/src/main/java/com/hazelcast/transaction/impl/XAResourceImpl.java","25","0","2","12","194","248","0"
"antlr4","551100ea375bd3db4183ef3619c6f1e86bed5388","tool/src/org/antlr/v4/automata/LexerATNFactory.java","25","0","2","12","231","303","0"
"elasticsearch","9080f51340b1b26f8bd171b4c82de8d87ad42b55","core/src/test/java/org/elasticsearch/index/query/RangeQueryBuilderTests.java","25","0","2","12","373","458","1"
"BroadleafCommerce","dba57d99c4e0965ca02fddaed297c3f6dac858fe","common/src/main/java/org/broadleafcommerce/common/web/payment/controller/PaymentGatewayAbstractController.java","25","0","2","13","159","260","1"
"elasticsearch","34155ff102c87dc34805f9aa6a6094ab2b0e6658","core/src/main/java/org/elasticsearch/index/search/stats/ShardSearchStats.java","25","0","2","13","162","212","0"
"elasticsearch","3af763eb8830df15083b97c48a1e8f2c398f8366","core/src/main/java/org/elasticsearch/index/search/stats/ShardSearchStats.java","25","0","2","13","162","212","0"
"elasticsearch","964a8490164805d98ffbe8b496b0578218043196","core/src/main/java/org/elasticsearch/index/search/stats/ShardSearchStats.java","25","0","2","13","162","212","0"
"elasticsearch","068fae218f3c59fe6bc51adcd8d5f9b5a1dbccaf","core/src/main/java/org/elasticsearch/index/search/stats/ShardSearchStats.java","25","0","2","13","162","212","1"
"elasticsearch","0a69f1e283e26e5d9e6a000b68b9f4778de557a1","core/src/main/java/org/elasticsearch/index/search/stats/ShardSearchStats.java","25","0","2","13","162","213","2"
"titan","736f1d41ff7db602e3836a89eae80f29f2f9c4dc","titan-core/src/main/java/com/thinkaurelius/titan/graphdb/query/GraphCentricQueryBuilder.java","25","0","2","13","189","250","1"
"elasticsearch","c17755d1643b701c24b82812ec3d4fd2b011d4e2","src/main/java/org/elasticsearch/index/search/child/TopChildrenQuery.java","25","0","2","14","243","327","0"
"elasticsearch","08b026d060f917ebd20e7d7fbd630ff21a0be197","src/main/java/org/elasticsearch/index/search/child/TopChildrenQuery.java","25","0","2","14","243","329","0"
"elasticsearch","694989141bd81308d7b6fd0bbcb601fb266eb43d","src/main/java/org/elasticsearch/index/search/child/TopChildrenQuery.java","25","0","2","14","246","331","0"
"elasticsearch","9944a594b10d5cfa34fcf2fa8ed45ca6d52345fe","core/src/test/java/org/elasticsearch/VersionTests.java","25","0","2","18","214","283","1"
"elasticsearch","97cc426a890fa220a926d50faee463cf2cecb3a3","core/src/test/java/org/elasticsearch/VersionTests.java","25","0","2","18","216","285","0"
"elasticsearch","1e7c42447999421ea789d51279496017d34b15d0","core/src/test/java/org/elasticsearch/VersionTests.java","25","0","2","18","225","295","1"
"netty","07024a4e4b6c0303f893c9d5020a66652a037f7a","common/src/test/java/io/netty/util/collection/IntObjectHashMapTest.java","25","0","2","18","304","407","0"
"neo4j","cc0ba94bf17cf529234b73be115bf369e7de0c55","enterprise/cluster/src/main/java/org/neo4j/cluster/com/NetworkSender.java","25","0","2","18","373","480","0"
"neo4j","f6305f3bb34dc2823dbaece19c7f1050c20d095e","enterprise/cluster/src/main/java/org/neo4j/cluster/com/NetworkSender.java","25","0","2","18","373","480","0"
"neo4j","2283d0e79e40574ebe869f59adb0c4107ccbf13e","enterprise/cluster/src/main/java/org/neo4j/cluster/com/NetworkSender.java","25","0","2","18","373","480","1"
"elasticsearch","2e4d18b519a4074d2b0c25f51147f334bfc9c6a1","src/main/java/org/elasticsearch/index/mapper/internal/TTLFieldMapper.java","25","0","2","19","188","244","0"
"elasticsearch","2bec59ec3e221e4154671370421f77a5a406cbd5","src/main/java/org/elasticsearch/transport/TransportService.java","25","0","2","19","327","445","3"
"orientdb","7a678522a2d83448543bc75d7360ac0857529727","graphdb/src/main/java/com/orientechnologies/orient/graph/sql/OCommandExecutorSQLMoveVertex.java","25","0","2","2","119","188","1"
"elasticsearch","d8f16178d3f21b4f9d17da12e7aa61613fc2c27a","src/main/java/org/elasticsearch/indices/analysis/HunspellService.java","25","0","2","2","146","255","1"
"elasticsearch","00de8e07fc3df9c763bbc0b6890217dc5b6bee3e","core/src/test/java/org/elasticsearch/VersionTests.java","25","0","2","20","236","311","3"
"elasticsearch","17a2fffc9be50102fa5a9da72053c82df23b1a64","core/src/test/java/org/elasticsearch/VersionTests.java","25","0","2","20","236","311","2"
"elasticsearch","6796464f167ce293192c43efd1cf28e4434fd5da","core/src/test/java/org/elasticsearch/VersionTests.java","25","0","2","20","236","311","4"
"elasticsearch","6baded8e7fb920e920a288bf53764a1da3d617da","core/src/test/java/org/elasticsearch/VersionTests.java","25","0","2","20","236","311","3"
"elasticsearch","e7b9e65fc3b06e784008a4dd14a8ba305ac30374","core/src/test/java/org/elasticsearch/VersionTests.java","25","0","2","20","236","311","1"
"elasticsearch","d06a8903fdccf5985bb1b9cbfcb92580d08a544c","core/src/test/java/org/elasticsearch/VersionTests.java","25","0","2","20","236","311","0"
"elasticsearch","a44655763e150522d58cbd8113fb1b30a475b8c7","core/src/test/java/org/elasticsearch/VersionTests.java","25","0","2","20","240","315","0"
"elasticsearch","3aed047bdedde1bda189cbfc2f81e65af42e57c5","core/src/test/java/org/elasticsearch/search/aggregations/metrics/TopHitsIT.java","25","0","2","21","876","1037","0"
"hazelcast","01b29729e5a40c117ea39389a72b6180a10b55ac","hazelcast/src/main/java/com/hazelcast/nio/tcp/TcpIpConnection.java","25","0","2","29","219","306","0"
"orientdb","9a3b8bba6a3a354ea9ceac8be37b8eaa35d8ccfd","graphdb/src/main/java/com/orientechnologies/orient/graph/sql/OCommandExecutorSQLMoveVertex.java","25","0","2","3","123","192","1"
"orientdb","dca6885c95f754e9a03f1366b7f1ed83a9d92ed4","graphdb/src/main/java/com/orientechnologies/orient/graph/sql/OCommandExecutorSQLMoveVertex.java","25","0","2","3","124","194","1"
"BroadleafCommerce","a54a5ccb614d54f3bacdbcd92f1494d959290123","common/src/main/java/org/broadleafcommerce/common/web/resource/BroadleafResourceHttpRequestHandler.java","25","0","2","3","187","287","0"
"hazelcast","2acf7bfa306dd8ae711cbd485925413b5a1a68bb","hazelcast-client/src/test/java/com/hazelcast/client/map/ClientMapTest.java","25","0","2","36","709","858","2"
"hazelcast","906196ffe96ad68eea87d7b083066fd32d3e1398","hazelcast-client/src/test/java/com/hazelcast/client/map/ClientMapTest.java","25","0","2","37","744","897","2"
"hazelcast","fbd3e1238608c3819d5f34d87d3a3a7b28a10f50","hazelcast-client-new/src/test/java/com/hazelcast/client/map/ClientMapTest.java","25","0","2","38","759","919","1"
"hazelcast","3fafb3f6f6a50a39ec838aa1f7e2556b2036eea7","hazelcast-client/src/test/java/com/hazelcast/client/map/ClientMapTest.java","25","0","2","38","766","921","0"
"hazelcast","05f9e6021e6859216b8c564cec3c51f83a0f7ebb","hazelcast-client/src/test/java/com/hazelcast/client/map/ClientMapTest.java","25","0","2","38","766","922","1"
"hazelcast","5761278217ecc188118a812af46908ed3d531d4d","hazelcast-client/src/test/java/com/hazelcast/client/map/ClientMapTest.java","25","0","2","38","766","922","1"
"hazelcast","69a23b36927ba641fc54f9e9c664dbddd18351fc","hazelcast-client/src/test/java/com/hazelcast/client/map/ClientMapTest.java","25","0","2","38","766","922","1"
"hazelcast","cc891cef828ffa0f03b3628e798874f35aad7836","hazelcast-client/src/test/java/com/hazelcast/client/map/ClientMapTest.java","25","0","2","38","766","922","2"
"hazelcast","400f6b0b78511fdc24576d32fb4b7574369a8ae1","hazelcast-client/src/test/java/com/hazelcast/client/map/ClientMapTest.java","25","0","2","38","766","922","0"
"hazelcast","5c44b6e979be354adce716bc55e3cb12cf4a2d75","hazelcast-client/src/test/java/com/hazelcast/client/map/ClientMapTest.java","25","0","2","38","766","922","0"
"hazelcast","9cbd981e8a86fc70d083f98c3eb2390d0bbdc369","hazelcast-client/src/test/java/com/hazelcast/client/map/ClientMapTest.java","25","0","2","38","766","922","0"
"hazelcast","490031a220076fe6cf002b209e986e2edbad57b9","hazelcast-client/src/test/java/com/hazelcast/client/map/ClientMapTest.java","25","0","2","38","768","924","0"
"hazelcast","f32ffaf0bd75f083a1b1a3cc96e137571bb48651","hazelcast-client-new/src/test/java/com/hazelcast/client/map/ClientMapTest.java","25","0","2","38","781","938","3"
"hazelcast","2b270eff14924482f39a32a0483711d08aa1247e","hazelcast-client-new/src/test/java/com/hazelcast/client/map/ClientMapTest.java","25","0","2","38","782","939","1"
"hazelcast","2ae993668ae0897d3d7e6c907baff63ddaffe900","hazelcast-client/src/test/java/com/hazelcast/client/map/ClientMapTest.java","25","0","2","38","783","942","1"
"hazelcast","49b0c17658fe5fe4110ec56bb2c71d69b31b3e9a","hazelcast-client-new/src/test/java/com/hazelcast/client/map/ClientMapTest.java","25","0","2","38","784","941","1"
"hazelcast","63529db467838bb39aec265f0af6a473bfa288e5","hazelcast-client-new/src/test/java/com/hazelcast/client/map/ClientMapTest.java","25","0","2","39","788","946","3"
"hazelcast","a6b0292ab66263a5670b3edc0c1665ab6ac943c9","hazelcast-client-new/src/test/java/com/hazelcast/client/map/ClientMapTest.java","25","0","2","39","789","947","3"
"hazelcast","825065e2f38c4b8cb66c4228d8f3513db39cc7ac","hazelcast-client-new/src/test/java/com/hazelcast/client/map/ClientMapTest.java","25","0","2","39","791","949","0"
"hazelcast","2d076fad6c0c335729f9e66de5ff1eaddd34e9f6","hazelcast-client-new/src/test/java/com/hazelcast/client/map/ClientMapTest.java","25","0","2","39","792","950","2"
"netty","61a7c78a530af183dcf67e6d4507f4f240aee241","codec-http/src/main/java/io/netty/handler/codec/http/ServerCookieEncoder.java","25","0","2","4","116","171","1"
"netty","9b37de32a0b77e65f32709c7dff25d12a42c42ae","codec-http/src/main/java/io/netty/handler/codec/http/ServerCookieEncoder.java","25","0","2","4","120","175","0"
"orientdb","136db63960bbf53514691bf5a0bb8361a5ea5361","core/src/main/java/com/orientechnologies/orient/core/sql/OCommandExecutorSQLAlterCluster.java","25","0","2","4","137","206","0"
"orientdb","3b63af13f43ae6d3e501080e9f95ff2808ff07b3","core/src/main/java/com/orientechnologies/orient/core/sql/OCommandExecutorSQLAlterCluster.java","25","0","2","4","137","206","0"
"orientdb","46bbcabde62c2b9e61ebaf45dc23f16d9dee7f02","core/src/main/java/com/orientechnologies/orient/core/sql/OCommandExecutorSQLAlterCluster.java","25","0","2","4","137","206","1"
"elasticsearch","0a69f1e283e26e5d9e6a000b68b9f4778de557a1","core/src/test/java/org/elasticsearch/indices/settings/UpdateSettingsIT.java","25","0","2","5","305","412","2"
"elasticsearch","e98b68a665c6c236dc5721c13b4df85f1da34f47","src/test/java/org/elasticsearch/indices/settings/UpdateSettingsTests.java","25","0","2","5","315","426","0"
"hazelcast","f5ae0bc7ebb7be7bdfe16582fa535b8accaed1e4","hazelcast/src/main/java/com/hazelcast/cluster/impl/ConfigCheck.java","25","0","2","6","155","225","1"
"hazelcast","fa2adb615a74cba23bac9367ff485d0de3cea23c","hazelcast/src/main/java/com/hazelcast/cluster/ConfigCheck.java","25","0","2","6","155","225","1"
"hazelcast","727cb1848c02481eee19e6d2693a7242b7c563c3","hazelcast/src/main/java/com/hazelcast/cluster/ConfigCheck.java","25","0","2","6","155","225","0"
"elasticsearch","634ce90dc06f20888a4ff655985a6baccf25a7db","core/src/test/java/org/elasticsearch/search/SearchHitTests.java","25","0","2","7","238","293","0"
"hazelcast","8da36d4f4fbb4aa12aef30d69d56db9e78d8ec6f","hazelcast/src/test/java/com/hazelcast/map/NearCacheTest.java","25","0","2","7","262","345","0"
"netty","b0ddfb9b65344109c55e75ced8a33af4aaea7050","buffer/src/main/java/io/netty/buffer/PooledByteBufAllocator.java","25","0","2","8","311","428","1"
"hazelcast","55d14769256b73aeb6f95614d3beb7cc9439605c","hazelcast-client/src/main/java/com/hazelcast/client/spi/impl/listener/ClientSmartListenerService.java","25","0","2","9","246","310","0"
"junit","2de4d6f2bcf699b94614f9208f620f4c56bc9876","src/main/java/junit/framework/TestSuite.java","25","0","20","1","173","307","0"
"Android-Universal-Image-Loader","dcb5e7982e71f76bf5aac5830e18c713839ff478","library/src/com/nostra13/universalimageloader/core/ImageLoader.java","25","0","24","0","196","445","1"
"elasticsearch","43efcffcc217f5e49ed15593bc3156c2b4db1c73","core/src/main/java/org/elasticsearch/index/reindex/AbstractBulkByScrollRequest.java","25","0","25","7","242","460","0"
"netty","36f86305124e711712be5e587f783f904676e598","codec/src/main/java/io/netty/handler/codec/compression/SnappyFramedDecoder.java","25","0","3","0","128","199","1"
"netty","319b7fa69ac5f4ae53216097184ac2eac42caaab","codec/src/main/java/io/netty/handler/codec/compression/SnappyFramedDecoder.java","25","0","3","0","136","207","0"
"Android-Universal-Image-Loader","120269c3eaac806f9eeed8de1e4ba1c23085c0af","library/src/com/nostra13/universalimageloader/core/decode/BaseImageDecoder.java","25","0","3","0","154","217","1"
"netty","91b378005461b85f965aa296daa087bc009b9da0","transport-sctp/src/main/java/io/netty/channel/sctp/oio/OioSctpServerChannel.java","25","0","3","11","230","293","0"
"netty","869687bd711e1358367203526128d9a2ad90663a","transport-sctp/src/main/java/io/netty/channel/sctp/oio/OioSctpServerChannel.java","25","0","3","11","243","309","0"
"elasticsearch","f03723a812e184bb448350028a187f5b98eb865d","core/src/main/java/org/elasticsearch/common/rounding/Rounding.java","25","0","3","13","232","345","4"
"neo4j","af2947cf3a7f053c6c020ece7726d611080a6682","community/kernel/src/main/java/org/neo4j/kernel/NeoStoreDataSource.java","25","0","3","16","844","1064","1"
"elasticsearch","b4064ce43fc43fecc2b63c63c0d27d52f4656f16","core/src/test/java/org/elasticsearch/action/support/replication/TransportReplicationActionTests.java","25","0","3","22","714","877","0"
"elasticsearch","5337686d8d39568f94b0b976bd9098af69214302","core/src/main/java/org/elasticsearch/monitor/jvm/JvmInfo.java","25","0","3","26","327","416","0"
"mcMMO","a2cac82cba84f92e62c91207639c3c64b58f8738","src/main/java/com/gmail/nossr50/skills/acrobatics/AcrobaticsManager.java","25","0","3","4","106","168","0"
"hazelcast","55311d4ef9b24337f90283fc1328953969f98733","hazelcast/src/main/java/com/hazelcast/internal/nearcache/impl/invalidation/RepairingTask.java","25","0","3","5","207","297","1"
"hazelcast","ca54b5e9e38f231e3520143d007a3e1ca227e8cf","hazelcast/src/main/java/com/hazelcast/internal/nearcache/impl/invalidation/RepairingTask.java","25","0","3","5","207","299","0"
"elasticsearch","0cdbcdab64ee37229c709c2f301c8065a5da56ec","core/src/main/java/org/elasticsearch/common/lucene/search/Queries.java","25","0","3","8","138","187","2"
"elasticsearch","ff697c9ac2b188809b5eb74102e70246c21365c0","core/src/main/java/org/elasticsearch/common/lucene/search/Queries.java","25","0","3","8","140","191","1"
"elasticsearch","47f92d7c621eb0b0e4cf350ae21c8553592a324f","core/src/main/java/org/elasticsearch/common/lucene/search/Queries.java","25","0","3","9","143","194","1"
"netty","3c4dfed08ae2ce300f6ac1d0794d42a14c344b79","codec-http/src/main/java/io/netty/handler/codec/http/HttpContentCompressor.java","25","0","4","1","106","174","0"
"netty","d56a7560ead181f987677c71713b8dc815dab67a","codec-http/src/main/java/io/netty/handler/codec/http/HttpContentCompressor.java","25","0","4","1","106","176","0"
"netty","c79a3cdefe4ced7f7effc94a6862a0d1d5af0dae","transport/src/main/java/io/netty/channel/socket/nio/NioSocketChannel.java","25","0","4","10","239","319","0"
"hazelcast","b81bccdca1ccc15453ff6ef91bdb94f598546999","hazelcast/src/main/java/com/hazelcast/map/impl/MapKeyLoader.java","25","0","4","10","297","422","1"
"ceylon-ide-eclipse","d2b43e2c65da5bc819d0c9c5f6b1d286a3b51d91","plugins/com.redhat.ceylon.eclipse.ui/src/com/redhat/ceylon/eclipse/core/model/JDTModuleSourceMapper.java","25","0","4","11","216","283","0"
"netty","3fc3401c0865510c906f41d78a4651fe36656b5a","transport/src/main/java/io/netty/channel/socket/oio/OioSctpChannel.java","25","0","4","11","252","328","1"
"elasticsearch","3d2a50c8ea3a0e320147deb64664d08321a7a5d9","core/src/main/java/org/elasticsearch/cluster/ClusterChangedEvent.java","25","0","4","13","123","197","2"
"elasticsearch","12d1bf848543b9e4c483ffa62161ac8b5be6c35d","src/main/java/org/elasticsearch/common/geo/GeoPoint.java","25","0","4","17","164","248","1"
"elasticsearch","10ec2e948a2f1426a5058ca3b2c2e39952f141d8","src/main/java/org/elasticsearch/action/admin/cluster/health/ClusterHealthResponse.java","25","0","4","17","248","324","0"
"elasticsearch","be27ed3a25400173bda6fea6cc1da5cc17620209","src/main/java/org/elasticsearch/action/admin/cluster/health/ClusterHealthResponse.java","25","0","4","17","248","324","0"
"elasticsearch","fa16969360ea43667ad11f827bbf86718c18fcc6","src/main/java/org/elasticsearch/action/admin/cluster/health/ClusterHealthResponse.java","25","0","4","17","248","324","1"
"elasticsearch","998b7b3b86a95790741ba62bfbb5221dc17e2043","src/main/java/org/elasticsearch/action/admin/cluster/health/ClusterHealthResponse.java","25","0","4","17","249","325","0"
"hazelcast","4ee69f889b28896ef4174dd1ba5a30f9bac90e6f","hazelcast/src/main/java/com/hazelcast/ringbuffer/impl/RingbufferService.java","25","0","4","18","214","307","0"
"hazelcast","c99737523eb1e3b576d2f4fd450916bb708aff50","hazelcast/src/main/java/com/hazelcast/ringbuffer/impl/RingbufferService.java","25","0","4","18","214","307","0"
"hazelcast","894288929b44cfe6a5706ed80691c9c37aaa5cd5","hazelcast/src/main/java/com/hazelcast/ringbuffer/impl/RingbufferService.java","25","0","4","18","214","307","1"
"elasticsearch","cd8ed388d9b87b779f1d9a988773ca6626bd8a40","src/test/java/org/elasticsearch/test/rest/client/RestClient.java","25","0","4","2","164","244","1"
"elasticsearch","a01475a20b8a5b14da67c9979cdd953aefcc7598","core/src/test/java/org/elasticsearch/search/aggregations/bucket/SignificantTermsSignificanceScoreIT.java","25","0","4","20","420","513","1"
"elasticsearch","6174e21f47244b6d5153d7d0cc1fe28fe863399d","core/src/test/java/org/elasticsearch/search/aggregations/bucket/SignificantTermsSignificanceScoreIT.java","25","0","4","20","453","551","1"
"elasticsearch","841d5a210e12bc629336396893e18872d2b1f46f","core/src/test/java/org/elasticsearch/search/aggregations/bucket/SignificantTermsSignificanceScoreIT.java","25","0","4","20","454","552","0"
"hazelcast","951ffdc2e22a155ef94f1bfaaea080af2efc64d6","hazelcast/src/test/java/com/hazelcast/test/starter/HazelcastStarter.java","25","0","4","3","196","289","1"
"elasticsearch","aa0b9f9b39dad2a681a9905d20d035c2c3e2865c","core/src/main/java/org/elasticsearch/transport/RemoteClusterService.java","25","0","4","5","242","350","0"
"antlr4","91752af88de29d5fe48fdb073b889095d1ed3c2d","tool/src/org/antlr/v4/tool/Alternative.java","25","0","4","6","92","169","1"
"antlr4","661c87b47ceca09488c047acb638362670e3ded0","runtime-testsuite/test/org/antlr/v4/test/runtime/BaseRuntimeTest.java","25","0","4","7","257","317","1"
"antlr4","3cbc2af0cc1f1c97f518b11b74294fa9cce05078","runtime-testsuite/test/org/antlr/v4/test/runtime/BaseRuntimeTest.java","25","0","4","7","257","318","0"
"hazelcast","b21056623f6ebb77c2d387b1db8b7c4dbd0ae61f","hazelcast/src/main/java/com/hazelcast/map/impl/MapKeyLoader.java","25","0","4","9","292","403","1"
"elasticsearch","3e30fa2089d5454df717431f5d3d7397cf8b90e9","src/main/java/org/elasticsearch/action/search/SearchRequest.java","25","0","41","12","330","574","0"
"Android-Universal-Image-Loader","7e71df151523f46bf412cd16b4dc377727af6534","library/src/com/nostra13/universalimageloader/utils/ImageSizeUtils.java","25","0","5","0","107","216","0"
"elasticsearch","f85a17ff1a01c4494a15a5337b1ddd083d44b34b","src/main/java/org/elasticsearch/search/aggregations/AggregatorParsers.java","25","0","5","0","137","217","1"
"elasticsearch","ffcc710e4eca73e2d15a51c697720dcd76423743","src/main/java/org/elasticsearch/index/analysis/Analysis.java","25","0","5","10","227","308","0"
"elasticsearch","0741ce3684fdde68ab9b8a1f255c30834b0da354","src/main/java/org/elasticsearch/index/analysis/Analysis.java","25","0","5","10","229","310","0"
"elasticsearch","57316bbfb32afb6864410858477cfa33ea6169f5","src/main/java/org/elasticsearch/index/analysis/Analysis.java","25","0","5","10","230","311","1"
"elasticsearch","d8f16178d3f21b4f9d17da12e7aa61613fc2c27a","src/main/java/org/elasticsearch/index/analysis/Analysis.java","25","0","5","10","237","318","1"
"elasticsearch","a6510f924520d8cdda2636ac85a1a1e43f6dfb8c","src/main/java/org/elasticsearch/index/analysis/Analysis.java","25","0","5","10","239","320","0"
"elasticsearch","4a49f4d928d4dedbff0183890d23fa0e9b71b1dc","core/src/main/java/org/elasticsearch/index/analysis/Analysis.java","25","0","5","10","241","321","1"
"elasticsearch","5278cf0d5e1afa6cf6d0959e839c0ed2408908f8","core/src/main/java/org/elasticsearch/index/analysis/Analysis.java","25","0","5","10","243","323","0"
"elasticsearch","3d13c27fa0df12018f35f1b20987c90277e9b6f9","core/src/main/java/org/elasticsearch/index/analysis/Analysis.java","25","0","5","10","245","327","1"
"elasticsearch","ff021c60d9130d69cf93dc2d38d46080c6b6ef26","core/src/main/java/org/elasticsearch/index/analysis/Analysis.java","25","0","5","10","245","327","1"
"elasticsearch","2bd09c4625898d77aa6c015c6f82cf973ed18cb7","core/src/main/java/org/elasticsearch/index/analysis/Analysis.java","25","0","5","10","245","327","0"
"netty","e8eda1b99fa0a1765e590357e2b0b4d859d4aebc","transport/src/main/java/io/netty/channel/socket/nio/NioSocketChannel.java","25","0","5","10","271","364","1"
"netty","89ff831a670d4303881db17a91a9c54e9f41987e","transport/src/main/java/io/netty/channel/socket/nio/NioSocketChannel.java","25","0","5","10","271","368","0"
"elasticsearch","32428bf68373b719e0fc234b266008765dde7972","src/main/java/org/elasticsearch/bootstrap/Bootstrap.java","25","0","5","2","201","280","1"
"elasticsearch","94d3e27940da07467c50b0b1c72c94f17fce8260","src/main/java/org/elasticsearch/bootstrap/Bootstrap.java","25","0","5","2","201","280","1"
"elasticsearch","53dab85fa242067443b2d5586374b9438a256b33","src/main/java/org/elasticsearch/bootstrap/Bootstrap.java","25","0","5","2","201","280","0"
"elasticsearch","9c7a87f1188e45976fd6de9b221da7dd3e2b55a4","src/main/java/org/elasticsearch/bootstrap/Bootstrap.java","25","0","5","2","202","281","0"
"elasticsearch","d8f16178d3f21b4f9d17da12e7aa61613fc2c27a","src/main/java/org/elasticsearch/bootstrap/Bootstrap.java","25","0","5","2","202","282","1"
"elasticsearch","3aed047bdedde1bda189cbfc2f81e65af42e57c5","core/src/test/java/org/elasticsearch/search/aggregations/bucket/SignificantTermsSignificanceScoreIT.java","25","0","5","20","479","591","0"
"hazelcast","56a39ac2ea0c5fb8c19c5be777587def0c93fba8","hazelcast/src/test/java/com/hazelcast/concurrent/lock/ConditionTest.java","25","0","5","22","590","740","2"
"hazelcast","12350e00fb35dd6bc603bc396f99a6435d32d246","hazelcast/src/test/java/com/hazelcast/concurrent/lock/ConditionTest.java","25","0","5","23","610","764","1"
"elasticsearch","92a026b3b9be18803f11e49bd44ef0afbfdb6c13","src/main/java/org/elasticsearch/cluster/routing/allocation/command/AllocateAllocationCommand.java","25","0","5","7","142","215","0"
"hazelcast","4653486efe9e76439d1f23021ab16bc287ac9bfa","hazelcast/src/main/java/com/hazelcast/spi/impl/proxyservice/impl/ProxyRegistry.java","25","0","6","1","166","268","2"
"hazelcast","0603aa048b33b7b63c240c8b0e5c509499c798f7","hazelcast/src/main/java/com/hazelcast/spi/impl/proxyservice/impl/ProxyRegistry.java","25","0","6","1","167","269","2"
"hazelcast","bb94905af696c5c2d4a748a2cafef937999a07ee","hazelcast/src/main/java/com/hazelcast/spi/impl/proxyservice/impl/ProxyRegistry.java","25","0","6","1","167","269","2"
"hazelcast","1e80790bee582aa938165a86719bfe2570b5c87b","hazelcast/src/main/java/com/hazelcast/spi/impl/proxyservice/impl/ProxyRegistry.java","25","0","6","1","167","269","0"
"hazelcast","62268376a7952b81d17e45ad8c1820a085550b63","hazelcast/src/main/java/com/hazelcast/spi/impl/proxyservice/impl/ProxyRegistry.java","25","0","6","1","168","269","1"
"hazelcast","3d8ce7ed94ef327469e9647d5fb1c17d9eb54bf9","hazelcast/src/main/java/com/hazelcast/spi/impl/proxyservice/impl/ProxyRegistry.java","25","0","6","1","169","270","0"
"hazelcast","92bcf0fec5fd9a2f6f130b0bbf7a75b175dec349","hazelcast/src/main/java/com/hazelcast/spi/impl/proxyservice/impl/ProxyRegistry.java","25","0","6","1","169","270","0"
"hazelcast","8e43bb8235773fac1a41d81fb95a67f7e7d89697","hazelcast/src/main/java/com/hazelcast/spi/impl/proxyservice/impl/ProxyRegistry.java","25","0","6","1","169","270","1"
"elasticsearch","2a129f186874689f7c16b8ab77eba508d9ae7250","core/src/main/java/org/elasticsearch/common/network/NetworkService.java","25","0","6","3","116","178","0"
"elasticsearch","68307aa9f3636bdccd1f1ca90f1d0fd640a019a5","core/src/main/java/org/elasticsearch/common/network/NetworkService.java","25","0","6","3","116","178","0"
"elasticsearch","ac9682dd00e2ce74d1092f0c9cd6b86ba58d5fbf","core/src/main/java/org/elasticsearch/common/network/NetworkService.java","25","0","6","3","116","178","1"
"elasticsearch","0cf1d16187fcf10e9d0e64402bb6d0ebba5d7b80","core/src/main/java/org/elasticsearch/index/query/NestedQueryBuilder.java","25","0","6","5","197","269","1"
"netty","8fb80e91796e8567aca5e2b8244f853f8631217b","transport/src/main/java/io/netty/bootstrap/ServerBootstrap.java","25","0","6","5","246","320","0"
"hazelcast","ca54b5e9e38f231e3520143d007a3e1ca227e8cf","hazelcast/src/main/java/com/hazelcast/internal/nearcache/impl/invalidation/RepairingHandler.java","25","0","6","6","145","220","0"
"hazelcast","d041266118126d445f010f961e936ce8f540a573","hazelcast/src/main/java/com/hazelcast/internal/nearcache/impl/invalidation/RepairingHandler.java","25","0","6","6","145","220","0"
"hazelcast","55311d4ef9b24337f90283fc1328953969f98733","hazelcast/src/main/java/com/hazelcast/internal/nearcache/impl/invalidation/RepairingHandler.java","25","0","6","6","145","220","1"
"BroadleafCommerce","3ff8d6172e8a8daa788bca466a0ef09851d994cf","common/src/main/java/org/broadleafcommerce/common/web/BroadleafThymeleafViewResolver.java","25","0","7","1","162","302","0"
"ceylon-ide-eclipse","015909a694a7fe29e9354aa884bea90ca80272ef","plugins/com.redhat.ceylon.eclipse.ui/src/com/redhat/ceylon/eclipse/ui/CeylonPlugin.java","25","0","7","19","548","682","2"
"ceylon-ide-eclipse","c02c7578daaa266687cd438a66ab59126b78bea6","plugins/com.redhat.ceylon.eclipse.ui/src/com/redhat/ceylon/eclipse/ui/CeylonPlugin.java","25","0","7","19","549","683","1"
"BroadleafCommerce","94876e5f292d1d5e50e43d87ba20e633a046bc2d","core/broadleaf-profile-web/src/main/java/org/broadleafcommerce/profile/web/core/security/CustomerStateRequestProcessor.java","25","0","7","2","135","280","1"
"elasticsearch","371c73e14023917f3892090d2d3d7ff9ac1216b9","core/src/main/java/org/elasticsearch/index/query/IdsQueryBuilder.java","25","0","7","2","171","236","3"
"elasticsearch","78574d248cf10dad1c5a566fda79e1e0c94afe43","core/src/main/java/org/elasticsearch/index/query/IdsQueryBuilder.java","25","0","7","2","171","236","2"
"elasticsearch","e6aaaf11ed4a1b8f595f920de1840938eddb7a97","core/src/main/java/org/elasticsearch/index/query/IdsQueryBuilder.java","25","0","7","2","171","236","2"
"elasticsearch","a60b8948ba1d836a6eac7cff095519e618939ed8","core/src/main/java/org/elasticsearch/index/query/IdsQueryBuilder.java","25","0","7","2","171","236","0"
"ceylon-ide-eclipse","f2e75f337febd75c4385a98f3d9fe5b9ca6fecc7","plugins/com.redhat.ceylon.eclipse.ui/src/com/redhat/ceylon/eclipse/ui/CeylonPlugin.java","25","0","7","20","555","690","1"
"ceylon-ide-eclipse","f8f523d866e80dda8275be6d18e3cbc6d34fa743","plugins/com.redhat.ceylon.eclipse.ui/src/com/redhat/ceylon/eclipse/ui/CeylonPlugin.java","25","0","7","20","557","694","0"
"elasticsearch","9080f51340b1b26f8bd171b4c82de8d87ad42b55","core/src/test/java/org/elasticsearch/search/aggregations/bucket/DateHistogramIT.java","25","0","7","24","906","1150","2"
"elasticsearch","c597d8d56b67dc5c898f383b75ea9bc96b944b30","src/test/java/org/elasticsearch/search/aggregations/bucket/DateHistogramTests.java","25","0","7","27","1070","1367","1"
"elasticsearch","82ad074dfe01ae4af81204a3479fb4be0c2c7f38","src/main/java/org/elasticsearch/index/mapper/DocumentMapper.java","25","0","7","46","419","581","2"
"antlr4","507f331bd08bc01c213822508d18bbc4ba769db4","tool/src/org/antlr/v4/codegen/Target.java","25","0","8","14","222","359","1"
"elasticsearch","bb96dcd3e6047c3b9eba40be65bcbee9bb6390e0","core/src/main/java/org/elasticsearch/index/query/HasParentQueryBuilder.java","25","0","8","2","181","252","2"
"elasticsearch","a3abfab865788a3828424f78801d19ebd5a78b81","core/src/main/java/org/elasticsearch/index/query/HasParentQueryBuilder.java","25","0","8","2","187","259","1"
"netty","3a7dcde32099fad6e600d2eebfda9250006d587e","common/src/main/java/io/netty/util/internal/ThreadLocalRandom.java","25","0","8","2","196","371","1"
"netty","e4154bcb0b91acfe5cf041208fc255aff16143be","common/src/main/java/io/netty/util/internal/ThreadLocalRandom.java","25","0","8","2","221","401","0"
"elasticsearch","57f413e85164600ca12c7f30c455b4c8bba7d63e","core/src/test/java/org/elasticsearch/search/aggregations/bucket/DateHistogramIT.java","25","0","8","23","913","1165","2"
"elasticsearch","7c665a010b12152fef387fac5c1ad710dc467f39","core/src/test/java/org/elasticsearch/search/aggregations/bucket/DateHistogramIT.java","25","0","8","24","921","1174","1"
"orientdb","49646436cee4497bc6b13ed638598cac2c4ae6e6","core/src/main/java/com/orientechnologies/orient/core/index/OIndexes.java","25","0","8","3","116","240","0"
"orientdb","731545a32e96d61ede50300ab6b8dd1166de7431","core/src/main/java/com/orientechnologies/orient/core/index/OIndexes.java","25","0","8","4","111","226","0"
"hazelcast","a2ca3ab776e04217602a3e86422fba5dd644ac41","hazelcast/src/main/java/com/hazelcast/util/FutureUtil.java","25","0","8","9","222","351","2"
"mcMMO","e31b7d5c48d30f0e79bfc1aaf954cd7d3b9236fa","src/main/java/com/gmail/nossr50/mcMMO.java","25","0","9","13","328","493","1"
"mcMMO","d9bd0ace9a5d1606afd087b8458100e1c9accbef","src/main/java/com/gmail/nossr50/mcMMO.java","25","0","9","9","315","476","0"
"orientdb","f26e3919be05f50799d741ff30f6467c46e47781","core/src/test/java/com/orientechnologies/orient/core/sql/executor/OSelectStatementExecutionTest.java","250","0","1","119","2836","3213","0"
"orientdb","0ba4a8da535d4df517b2ec432325cb9fb156f254","core/src/test/java/com/orientechnologies/orient/core/sql/executor/OSelectStatementExecutionTest.java","250","0","1","121","2868","3253","0"
"elasticsearch","ee5df74a6b0d3c1f1002c9b66b3525807291425a","src/main/java/org/elasticsearch/index/engine/robin/RobinEngine.java","250","0","1","23","1324","1566","0"
"hazelcast","22eec650e1217dd1f0eeaf7c18ae23888b12e974","hazelcast/src/main/java/com/hazelcast/partition/impl/InternalPartitionServiceImpl.java","250","0","4","33","1557","1795","2"
"hazelcast","44dd4c0ef632613153d2932c170a0490dcd30270","hazelcast/src/main/java/com/hazelcast/partition/impl/InternalPartitionServiceImpl.java","250","0","4","34","1573","1815","0"
"hazelcast","a3ad569a44a74ce7343b4f3695ec2d6bae8d4597","hazelcast/src/main/java/com/hazelcast/partition/impl/InternalPartitionServiceImpl.java","250","0","4","34","1583","1831","0"
"hazelcast","cfda335e5bf3a4b554b121f3008a407aa181dbc3","hazelcast/src/main/java/com/hazelcast/partition/impl/InternalPartitionServiceImpl.java","250","0","4","36","1587","1836","0"
"hazelcast","ac2dda4566638398a14318604f960e2afce7d3ca","hazelcast/src/main/java/com/hazelcast/partition/impl/InternalPartitionServiceImpl.java","250","0","5","34","1596","1860","1"
"ceylon-ide-eclipse","04b5b995ce90bfb3a27e150ad060612fd804eaf1","plugins/com.redhat.ceylon.eclipse.ui/src/com/redhat/ceylon/eclipse/code/outline/CeylonLabelProvider.java","251","0","1","27","1319","1436","0"
"hazelcast","28c49d0c83af12bb83f0a5ce4ae86916d4f5f26c","hazelcast/src/main/java/com/hazelcast/partition/impl/InternalPartitionServiceImpl.java","251","0","4","34","1567","1807","1"
"orientdb","fe51dbda6cb54f9efee0a940f3c93cd5db560dfc","core/src/main/java/com/orientechnologies/orient/core/sql/parser/OMatchStatement.java","251","0","4","49","1125","1446","1"
"ceylon-ide-eclipse","8cbc7902295bb39bebb6f294ae78c49c697d8cc7","plugins/com.redhat.ceylon.eclipse.ui/src/com/redhat/ceylon/eclipse/code/complete/CodeCompletions.java","252","0","0","22","1191","1313","1"
"MapDB","72649e80593c3f1fa476c951397a2c9dca467a9c","src/main/java/org/mapdb/StoreDirect.java","252","0","0","25","1031","1425","1"
"MapDB","00a8930ff0dbd0cf3cc9520013037706899b867d","src/main/java/org/mapdb/StoreDirect.java","252","0","0","25","1032","1426","0"
"orientdb","de410aa8d3455b55f3c39e49780136c0b6c5e64b","core/src/main/java/com/orientechnologies/orient/core/storage/cache/local/OWOWCache.java","252","0","5","44","1763","2603","0"
"elasticsearch","d6d0c13bd63f28347ebdb0f9364e44921c248b8b","core/src/test/java/org/elasticsearch/index/engine/InternalEngineTests.java","252","0","6","78","3231","3934","1"
"elasticsearch","93beea1f670f1e0d53bc3fd3ee671bc235d5f1aa","core/src/main/java/org/elasticsearch/cluster/metadata/MetaData.java","253","0","17","75","1288","1660","1"
"netty","3edef63fa851317bd1920bfe7c733320f8365b43","codec-http/src/main/java/io/netty/handler/codec/http/HttpPostRequestDecoder.java","253","0","29","0","1380","1942","0"
"orientdb","d5de1f43a68d18cac57c872237e61e2da12355c5","client/src/main/java/com/orientechnologies/orient/client/remote/OStorageRemote.java","253","0","5","76","1855","2329","0"
"orientdb","2767a54ee6308493e6a69b4b2951d8d2252bfd6b","client/src/main/java/com/orientechnologies/orient/client/remote/OStorageRemote.java","253","0","5","76","1875","2349","0"
"orientdb","4337d1b4965d08ded05aa923e3c46d66d70a1721","distributed/src/main/java/com/orientechnologies/orient/server/hazelcast/OHazelcastPlugin.java","253","0","6","55","1462","2056","0"
"orientdb","3c5aac8b86473c29de93b443daac7972fcb41118","distributed/src/main/java/com/orientechnologies/orient/server/hazelcast/OHazelcastPlugin.java","253","0","6","55","1462","2057","0"
"elasticsearch","8e151862935d38403c3c7ca4705468830a2bf6be","core/src/test/java/org/elasticsearch/index/engine/InternalEngineTests.java","253","0","6","78","3239","3944","0"
"ceylon-ide-eclipse","3e6769037dd8b2a3bcffe37c7c81beead84b9470","plugins/com.redhat.ceylon.eclipse.ui/src/com/redhat/ceylon/eclipse/code/complete/CodeCompletions.java","254","0","0","22","1310","1432","0"
"MapDB","a86151e6a26c06b7c00ec9d42a181cf0506b3eb3","src/main/java/org/mapdb/StoreDirect.java","254","0","0","25","1018","1404","2"
"orientdb","9979cb5d4ab1576959bb7eaba154dfaf328a12c7","core/src/main/java/com/orientechnologies/orient/core/db/tool/ODatabaseImport.java","254","0","1","19","1266","1652","0"
"netty","e6ca9882a107c34cf6358c8d7a68561025f06016","codec-http/src/main/java/io/netty/handler/codec/http/multipart/HttpPostMultipartRequestDecoder.java","254","0","16","1","1267","1863","1"
"netty","ba6ce5449ee852b782dde9a11933f6a09b123e22","codec-http/src/main/java/io/netty/handler/codec/http/multipart/HttpPostMultipartRequestDecoder.java","254","0","16","1","1267","1865","0"
"ceylon-ide-eclipse","ef986a9505e1195d4fd0d7ec60cf9893d1adc1c3","plugins/com.redhat.ceylon.eclipse.ui/src/com/redhat/ceylon/eclipse/core/model/JDTModelLoader.java","254","0","2","58","1304","1540","0"
"orientdb","136db63960bbf53514691bf5a0bb8361a5ea5361","core/src/main/java/com/orientechnologies/orient/core/sql/parser/OMatchStatement.java","254","0","4","49","1135","1456","0"
"orientdb","c6fd9d137a734eefb69329493e56d64d9b965fa9","core/src/main/java/com/orientechnologies/orient/core/sql/parser/OMatchStatement.java","254","0","4","49","1135","1456","0"
"orientdb","46bbcabde62c2b9e61ebaf45dc23f16d9dee7f02","core/src/main/java/com/orientechnologies/orient/core/sql/parser/OMatchStatement.java","254","0","4","49","1135","1456","1"
"orientdb","2a6ac8ff07e7e61f693f39fade49158f94c97e0c","client/src/main/java/com/orientechnologies/orient/client/remote/OStorageRemote.java","254","0","5","79","1918","2404","2"
"orientdb","dd5e1c10d2620d1c5de58d640ede6cbbf46652d9","client/src/main/java/com/orientechnologies/orient/client/remote/OStorageRemote.java","254","0","5","79","1942","2429","2"
"orientdb","40eeb1f2dd529f467d5854913f0df623963a7038","client/src/main/java/com/orientechnologies/orient/client/remote/OStorageRemote.java","254","0","5","79","1960","2449","1"
"ceylon-ide-eclipse","b71fb1d2b95a01029a263decb43873c61a793f83","plugins/com.redhat.ceylon.eclipse.ui/src/com/redhat/ceylon/eclipse/code/outline/CeylonLabelProvider.java","255","0","1","27","1332","1448","1"
"ceylon-ide-eclipse","e82ba3737495cae8f78802a01c33bc2428322bfb","plugins/com.redhat.ceylon.eclipse.ui/src/com/redhat/ceylon/eclipse/core/model/JDTModelLoader.java","255","0","2","62","1340","1583","1"
"orientdb","e524fc0234f83776efd52c68dc390663e2a82146","client/src/main/java/com/orientechnologies/orient/client/remote/OStorageRemote.java","256","0","5","78","1920","2396","3"
"ceylon-ide-eclipse","64a391fbabba6b9bc6b553abfa42466e0ca9673d","plugins/com.redhat.ceylon.eclipse.ui/src/com/redhat/ceylon/eclipse/code/complete/CodeCompletions.java","258","0","0","23","1330","1453","0"
"netty","591293bfb4f6a48a311d195303ce772fb801ec95","handler/src/main/java/io/netty/handler/ssl/ReferenceCountedOpenSslEngine.java","258","0","3","39","1437","1944","5"
"orientdb","b75942fd0f12be0122ff7d4870cef55e3b761c5e","client/src/main/java/com/orientechnologies/orient/client/remote/OStorageRemote.java","258","0","5","79","1973","2464","1"
"orientdb","bdab6165e6e087a2b1560d52716033e061ee353f","distributed/src/main/java/com/orientechnologies/orient/server/distributed/impl/ODistributedAbstractPlugin.java","259","0","8","72","1512","2066","0"
"orientdb","1d7e53c1b70634efcd930f2dbb2715aea95bc34e","distributed/src/main/java/com/orientechnologies/orient/server/distributed/impl/ODistributedAbstractPlugin.java","259","0","8","72","1516","2072","0"
"Android-Universal-Image-Loader","a89a6cd4aaf575e44f1666785c452c83b60ac76e","UniversalImageLoader/src/com/nostra13/universalimageloader/core/ImageDecoder.java","26","0","0","0","120","189","0"
"elasticsearch","0b9b9d7983c4fc6bc5a33ec75cec22e048528ff6","core/src/main/java/org/elasticsearch/bootstrap/JNANatives.java","26","0","0","0","136","198","0"
"netty","2871079c4a1563cdb4904074f4979b484313d18a","transport/src/main/java/io/netty/channel/ChannelOutboundBuffer.java","26","0","0","0","186","261","0"
"elasticsearch","96724e198adc829da8032a55c6cc04811226a261","test-framework/src/main/java/org/elasticsearch/test/ExternalNode.java","26","0","0","0","187","246","0"
"netty","2af7db361b73f17af4b43ff40ac3f1fc49bc0bcb","transport/src/main/java/io/netty/channel/ChannelOutboundBuffer.java","26","0","0","0","187","268","0"
"hazelcast","70141681c3ecee84bbc3e81986f4e329c220c12d","hazelcast-client/src/main/java/com/hazelcast/client/spi/impl/ClientInvocationFuture.java","26","0","0","0","195","244","0"
"hazelcast","bb145ca7f5db144e21063646b1f2a610bbb05eb5","hazelcast-client/src/main/java/com/hazelcast/client/spi/impl/ClientInvocationFuture.java","26","0","0","0","195","246","1"
"hazelcast","9c936dde4e6e20f827aaaf6a0a0e3db2ddd83a7e","hazelcast/src/main/java/com/hazelcast/nio/serialization/ByteBufferObjectDataOutput.java","26","0","0","0","195","264","1"
"neo4j","8ab0685a4620653b3c1764d5bd04598a2e954bb2","enterprise/security/src/main/java/org/neo4j/server/security/enterprise/auth/MultiRealmAuthManager.java","26","0","0","0","210","252","1"
"hazelcast","36ca305d9eb6c519576aae53cb4110ffa2ce3857","hazelcast/src/main/java/com/hazelcast/cache/impl/AbstractCacheProxyBase.java","26","0","0","0","229","295","0"
"hazelcast","397829b87d791d17704b673573e66817486256b4","hazelcast/src/main/java/com/hazelcast/cache/impl/AbstractCacheProxyBase.java","26","0","0","0","230","298","1"
"netty","d6016b7be8ca012b2da5ebf8c08946de7da7bf75","transport-native-epoll/src/main/java/io/netty/channel/epoll/AbstractEpollChannel.java","26","0","0","0","241","332","0"
"netty","91db4b71b2247ed99ef2dba8f914618564b13313","transport-native-epoll/src/main/java/io/netty/channel/epoll/AbstractEpollChannel.java","26","0","0","0","242","333","0"
"hazelcast","f9a306c6434b4444072c98747befa5b4e1ab372e","hazelcast/src/test/java/com/hazelcast/test/TestNodeRegistry.java","26","0","0","0","251","321","1"
"hazelcast","accd99e930f5780e04ae08fde02f504e946264a9","hazelcast/src/test/java/com/hazelcast/test/TestNodeRegistry.java","26","0","0","0","258","330","0"
"hazelcast","3187877a380d3982ed060399adb1a86b68e7c46c","hazelcast/src/test/java/com/hazelcast/test/TestNodeRegistry.java","26","0","0","0","266","338","2"
"hazelcast","545d77374f383f61170ce2b72524d45e085b7d0e","hazelcast/src/test/java/com/hazelcast/test/TestNodeRegistry.java","26","0","0","0","266","338","2"
"hazelcast","727cb1848c02481eee19e6d2693a7242b7c563c3","hazelcast/src/test/java/com/hazelcast/test/TestNodeRegistry.java","26","0","0","0","266","338","0"
"hazelcast","956075b1a8b98d578ba533fd283e8d675ab5e99b","hazelcast/src/test/java/com/hazelcast/test/TestNodeRegistry.java","26","0","0","0","271","344","1"
"hazelcast","fe87884b8576b4bb0d8994935b8795d4bcb3d3c4","hazelcast/src/test/java/com/hazelcast/test/TestNodeRegistry.java","26","0","0","0","271","344","1"
"hazelcast","50c5966325df918d461a6bb074569e9ad7239790","hazelcast/src/test/java/com/hazelcast/test/TestNodeRegistry.java","26","0","0","0","271","344","0"
"hazelcast","3d8ce7ed94ef327469e9647d5fb1c17d9eb54bf9","hazelcast-client/src/main/java/com/hazelcast/client/spi/ProxyManager.java","26","0","0","0","273","332","0"
"hazelcast","aa5c4585424b8dc521597ed7bc252abd66f1deb3","hazelcast-client/src/main/java/com/hazelcast/client/spi/ProxyManager.java","26","0","0","0","273","332","0"
"hazelcast","ed2967f96bccf7dd2797c360b2718d7ae34b87c6","hazelcast-client/src/main/java/com/hazelcast/client/spi/ProxyManager.java","26","0","0","0","273","332","2"
"hazelcast","4fc02c3a2ce7bb3c5c0a54a9cf108deae10275f6","hazelcast-client/src/main/java/com/hazelcast/client/cache/impl/AbstractClientCacheProxy.java","26","0","0","0","273","337","0"
"hazelcast","5e5c8a40c0d029c5f0cc49a61b3f21d87f671dc3","hazelcast/src/test/java/com/hazelcast/test/TestNodeRegistry.java","26","0","0","0","275","349","0"
"hazelcast","485f426abc042144ebf9fd213e724556ad967191","hazelcast/src/main/java/com/hazelcast/cache/impl/AbstractCacheProxy.java","26","0","0","0","287","378","1"
"hazelcast","d952e04f172888b73bbc45fd9d450292bf3b70ba","hazelcast-client/src/test/java/com/hazelcast/client/cache/nearcache/ClientNearCacheTestSupport.java","26","0","0","0","321","442","0"
"hazelcast","ec04fb6e911c98884064c11bc7b61ff4bac42c02","hazelcast-client/src/main/java/com/hazelcast/client/proxy/NearCachedClientMapProxy.java","26","0","0","0","336","430","0"
"hazelcast","330efef1f7194aaae5093af2ed205961dacf9e36","hazelcast-client/src/main/java/com/hazelcast/client/cache/impl/AbstractClientCacheProxy.java","26","0","0","0","341","453","1"
"hazelcast","7001ec8c5b1305c796de75c2e3f170c562db8c03","hazelcast/src/test/java/com/hazelcast/internal/nearcache/NearCacheRecordStoreTestSupport.java","26","0","0","1","169","223","0"
"hazelcast","06e739b1a6918c6dce1696873b56bc3d10c48201","hazelcast-client/src/main/java/com/hazelcast/client/impl/HazelcastClientInstanceImpl.java","26","0","0","1","515","600","1"
"hazelcast","937106d611fe527814572ae6ae783010aa8d1b79","hazelcast-client/src/main/java/com/hazelcast/client/impl/HazelcastClientInstanceImpl.java","26","0","0","1","516","601","0"
"hazelcast","489cc81c4df8815a70ce55529ee3e0820c3dd27d","hazelcast-client/src/main/java/com/hazelcast/client/spi/impl/ClientInvocation.java","26","0","0","10","221","292","2"
"orientdb","eda978aeda4e2d46618285fcb1d73642a30164c2","tests/src/test/java/com/orientechnologies/orient/test/internal/index/IndexConcurrencyTest.java","26","0","0","10","224","292","1"
"orientdb","2767a54ee6308493e6a69b4b2951d8d2252bfd6b","tests/src/test/java/com/orientechnologies/orient/test/internal/index/IndexConcurrencyTest.java","26","0","0","10","228","297","0"
"elasticsearch","86a9365c5318b0062492e865f668adfd23177113","core/src/test/java/org/elasticsearch/search/aggregations/pipeline/ExtendedStatsBucketIT.java","26","0","0","10","404","485","2"
"hazelcast","b4f94a00cf1628aa0437ded2c556bae9608f74c6","hazelcast-client/src/main/java/com/hazelcast/client/spi/impl/ClientInvocationFuture.java","26","0","0","12","195","246","0"
"hazelcast","820f4b2d5e993cbc48c7f14e06f7588591085461","hazelcast-client-new/src/main/java/com/hazelcast/client/spi/impl/ClientInvocationFuture.java","26","0","0","12","201","253","1"
"elasticsearch","2b97f5d9ebf1b07fcf61be5cdb1c4bc1250c537d","core/src/main/java/org/elasticsearch/index/mapper/DocumentMapperParser.java","26","0","0","12","258","317","2"
"BroadleafCommerce","46af2881cc598ed3166f37657c66312777482e45","core/broadleaf-framework/src/main/java/org/broadleafcommerce/core/order/dao/OrderDaoImpl.java","26","0","0","13","166","223","2"
"BroadleafCommerce","016c217175392f8c6e3a7b474904986cf9c8ece1","core/broadleaf-framework/src/main/java/org/broadleafcommerce/core/order/dao/OrderDaoImpl.java","26","0","0","13","169","226","2"
"hazelcast","08aa22d4cbd64e4769b7c539b8275096fd74888c","hazelcast/src/main/java/com/hazelcast/partition/impl/ReplicaSyncResponse.java","26","0","0","13","223","276","1"
"netty","1767814a466f9fc6a51c87a84bd73d93eb0ca1d7","common/src/test/java/io/netty/util/NetUtilTest.java","26","0","0","13","607","797","1"
"hazelcast","be3f80e6a3056f8f42d2a644ca3feaae69403114","hazelcast/src/main/java/com/hazelcast/spi/impl/operationservice/impl/operations/Backup.java","26","0","0","14","204","259","0"
"hazelcast","9db1e6ff3a03e162ebe27e01ea7adf623ac550a1","hazelcast/src/main/java/com/hazelcast/spi/impl/operationservice/impl/operations/Backup.java","26","0","0","15","207","263","1"
"neo4j","1b3aad3b619bd72c2c9f79bb7edf642c5dc56a6f","enterprise/security/src/main/java/org/neo4j/server/security/enterprise/auth/UserManagementProcedures.java","26","0","0","16","317","359","1"
"elasticsearch","02d4cbfeeadc3d5dcbe16153d5d90dc9ed54134f","modules/percolator/src/main/java/org/elasticsearch/percolator/PercolatorFieldMapper.java","26","0","0","19","318","411","1"
"elasticsearch","7e0481d906c455bbc92fdc8e8ad3b3809406c89d","src/test/java/org/elasticsearch/action/mlt/MoreLikeThisRequestTests.java","26","0","0","2","133","166","0"
"elasticsearch","78574d248cf10dad1c5a566fda79e1e0c94afe43","core/src/main/java/org/elasticsearch/action/fieldstats/TransportFieldStatsTransportAction.java","26","0","0","2","191","240","1"
"elasticsearch","e6aaaf11ed4a1b8f595f920de1840938eddb7a97","core/src/main/java/org/elasticsearch/action/fieldstats/TransportFieldStatsTransportAction.java","26","0","0","2","191","240","1"
"elasticsearch","a60b8948ba1d836a6eac7cff095519e618939ed8","core/src/main/java/org/elasticsearch/action/fieldstats/TransportFieldStatsTransportAction.java","26","0","0","2","191","240","0"
"neo4j","cca9e04725e7ae20ba97e57506c0a33d2bdf691c","enterprise/causal-clustering/src/main/java/org/neo4j/causalclustering/core/consensus/roles/Leader.java","26","0","0","2","212","286","0"
"orientdb","c1f0f046093d166b58193818b359c73d4a50c228","core/src/main/java/com/orientechnologies/orient/core/type/tree/provider/OMVRBTreeEntryDataProviderAbstract.java","26","0","0","22","217","281","0"
"orientdb","76ffdc9fe1e541460329297a955e8494c36be8f5","core/src/main/java/com/orientechnologies/orient/core/type/tree/provider/OMVRBTreeEntryDataProviderAbstract.java","26","0","0","22","218","282","1"
"hazelcast","ec42990f7730ce16d58fcc0c1760c854b73e2951","hazelcast/src/test/java/com/hazelcast/internal/cluster/impl/AdvancedClusterStateTest.java","26","0","0","23","647","806","0"
"hazelcast","d8a2f9201202c98698c5f5e6f4fe8c38801a44e7","hazelcast/src/main/java/com/hazelcast/concurrent/lock/LockServiceImpl.java","26","0","0","24","279","350","1"
"orientdb","8c11feaaa8038bcbd58fddd594b8a88e99d62380","core/src/main/java/com/orientechnologies/orient/core/sql/parser/OSelectStatement.java","26","0","0","26","203","274","0"
"hazelcast","91c71471a27df97f43aa9f699d8da7fb52fac3dc","hazelcast/src/test/java/com/hazelcast/test/HazelcastTestSupport.java","26","0","0","28","224","286","2"
"hazelcast","f7bda3d16cf978d4687661b1fac4fcef9e768ab0","hazelcast/src/test/java/com/hazelcast/test/HazelcastTestSupport.java","26","0","0","28","228","290","2"
"hazelcast","77f9c8611f0d38c157163a4f72fec9805f41f6f9","hazelcast/src/test/java/com/hazelcast/test/HazelcastTestSupport.java","26","0","0","29","233","296","0"
"hazelcast","7ddb267ac7bdddededfea041486a4437cd62ea76","hazelcast/src/test/java/com/hazelcast/test/HazelcastTestSupport.java","26","0","0","29","234","297","1"
"orientdb","7e540fbdd56b0a82928d8550d791e1c46b5e1646","server/src/main/java/com/orientechnologies/orient/server/network/protocol/http/command/post/OServerCommandPostProperty.java","26","0","0","3","145","191","1"
"elasticsearch","51d53791fe71c9cb62bc992588a57cdfb500383f","core/src/main/java/org/elasticsearch/rest/action/cat/RestThreadPoolAction.java","26","0","0","3","178","246","0"
"ceylon-ide-eclipse","8ac72e61b5d1d52fe7c350f205f667a031f6ac2c","plugins/com.redhat.ceylon.eclipse.ui/src/com/redhat/ceylon/eclipse/code/resolve/JavaHyperlinkDetector.java","26","0","0","3","184","203","0"
"ceylon-ide-eclipse","5b4c3eac8a7c12c0125a77343e602b4e73083595","plugins/com.redhat.ceylon.eclipse.ui/src/com/redhat/ceylon/eclipse/code/resolve/JavaHyperlinkDetector.java","26","0","0","3","185","204","0"
"elasticsearch","2b3760f78b26817b5a2030aa27b1ddf2f17462f6","core/src/main/java/org/elasticsearch/rest/action/cat/RestThreadPoolAction.java","26","0","0","3","186","233","1"
"ceylon-ide-eclipse","2c5cac56cc2bf723f1b1e9eb1e1cd225a7dd97f9","plugins/com.redhat.ceylon.eclipse.ui/src/com/redhat/ceylon/eclipse/code/resolve/JavaHyperlinkDetector.java","26","0","0","3","191","210","1"
"ceylon-ide-eclipse","1b3e73c4ff7128f0311a4ccdfce30fe11513eb04","plugins/com.redhat.ceylon.eclipse.ui/src/com/redhat/ceylon/eclipse/code/resolve/JavaHyperlinkDetector.java","26","0","0","3","192","211","0"
"neo4j","8bf7270a5b79e99c5a3527519f39cc268e9b3048","enterprise/security/src/main/java/org/slf4j/impl/Neo4jLoggerFactory.java","26","0","0","3","262","321","1"
"hazelcast","d952e04f172888b73bbc45fd9d450292bf3b70ba","hazelcast-client-legacy/src/test/java/com/hazelcast/client/cache/nearcache/ClientNearCacheTestSupport.java","26","0","0","3","319","440","0"
"hazelcast","e4a098c04e698118ff5f68b05e32bdc6d813e579","hazelcast/src/test/java/com/hazelcast/test/HazelcastTestSupport.java","26","0","0","30","233","296","1"
"hazelcast","b4c0ebfdf05c8f202a08a582183a486ba1e903e0","hazelcast-client/src/main/java/com/hazelcast/client/connection/nio/ClientConnection.java","26","0","0","30","259","326","0"
"hazelcast","f80d857ea3200fe8a369c4c92f8ea65cd3a2615a","hazelcast-client/src/main/java/com/hazelcast/client/connection/nio/ClientConnection.java","26","0","0","30","260","327","0"
"neo4j","d94daacb45225945a8ab3285f791f8ef58f943b0","community/kernel/src/test/java/org/neo4j/kernel/impl/transaction/state/NeoStoreTransactionTest.java","26","0","0","34","1291","1639","0"
"neo4j","0da6dae6f2ecbbab9a278f3757ef793cbe8d921f","community/kernel/src/test/java/org/neo4j/kernel/impl/transaction/state/NeoStoreTransactionTest.java","26","0","0","34","1295","1644","1"
"elasticsearch","5a64f08f048461a63a0ca1354a5050c954e63d52","core/src/main/java/org/elasticsearch/common/unit/ByteSizeValue.java","26","0","0","34","194","259","0"
"hazelcast","3a1d456848dcafbe8a777d7d33434d63a8db1f0d","hazelcast/src/main/java/com/hazelcast/concurrent/lock/LockStoreImpl.java","26","0","0","36","275","337","2"
"hazelcast","217c507d7725e99aad3a544ca43bd57110eb4f17","hazelcast/src/main/java/com/hazelcast/concurrent/lock/LockStoreImpl.java","26","0","0","36","278","341","1"
"hazelcast","32d1a63e3b7fb7dcfe623c68356a4eaf1a96c328","hazelcast/src/main/java/com/hazelcast/concurrent/lock/LockStoreImpl.java","26","0","0","36","279","342","1"
"hazelcast","6aa65b99d282c65bc558b242857cd3cda6d140f4","hazelcast-client/src/test/java/com/hazelcast/client/queue/ClientQueueTest.java","26","0","0","39","422","537","2"
"hazelcast","91c71471a27df97f43aa9f699d8da7fb52fac3dc","hazelcast-client/src/test/java/com/hazelcast/client/queue/ClientQueueTest.java","26","0","0","39","422","537","3"
"hazelcast","68d0476abb060e2652601b941176864d94e1d1d8","hazelcast-client/src/test/java/com/hazelcast/client/queue/ClientQueueTest.java","26","0","0","39","422","537","0"
"orientdb","9fa8bca3ace62c8a141db035ee55c9d0c3ef61c4","core/src/main/java/com/orientechnologies/orient/core/sql/parser/OAlterClassStatement.java","26","0","0","4","100","121","0"
"elasticsearch","16c4c8c726015c87f57ebb25e445c14d1d02e0c5","src/main/java/org/elasticsearch/index/query/NestedFilterParser.java","26","0","0","4","109","153","1"
"elasticsearch","3df3259a747c6db2d778bba78a485e584ecafbaa","src/main/java/org/elasticsearch/index/query/support/InnerHitsQueryParserHelper.java","26","0","0","4","120","147","0"
"elasticsearch","16c4c8c726015c87f57ebb25e445c14d1d02e0c5","src/main/java/org/elasticsearch/index/query/NestedQueryParser.java","26","0","0","4","127","177","1"
"elasticsearch","bb63d38a659dcb5711f4ab4d1db22bd0f4c2bc52","src/main/java/org/elasticsearch/index/query/NestedQueryParser.java","26","0","0","4","130","183","0"
"elasticsearch","43f71015a8d117265a54e01658302f9ad7903821","core/src/main/java/org/elasticsearch/rest/action/admin/cluster/RestNodesStatsAction.java","26","0","0","4","153","202","0"
"elasticsearch","5d2c334bbd4b1396550c871d4d7b7c2c9a95cd63","src/test/java/org/elasticsearch/index/search/child/ChildrenQueryTests.java","26","0","0","4","179","222","1"
"ceylon-ide-eclipse","587c0225672c90296dea1a29b95a93aedecfd3cf","plugins/com.redhat.ceylon.eclipse.ui/src/com/redhat/ceylon/eclipse/code/resolve/CeylonHyperlinkDetector.java","26","0","0","4","187","204","0"
"hazelcast","4fd9515551932a374a67b01c6c00e0dd8611ebab","hazelcast-client/src/test/java/com/hazelcast/client/queue/ClientQueueTest.java","26","0","0","41","435","554","3"
"elasticsearch","5d2c334bbd4b1396550c871d4d7b7c2c9a95cd63","src/test/java/org/elasticsearch/index/search/child/ChildrenConstantScoreQueryTests.java","26","0","0","5","241","293","1"
"ceylon-ide-eclipse","64a391fbabba6b9bc6b553abfa42466e0ca9673d","plugins/com.redhat.ceylon.eclipse.ui/src/com/redhat/ceylon/eclipse/code/outline/HierarchyPopup.java","26","0","0","5","395","437","0"
"ceylon-ide-eclipse","5b4c3eac8a7c12c0125a77343e602b4e73083595","plugins/com.redhat.ceylon.eclipse.ui/src/com/redhat/ceylon/eclipse/code/outline/HierarchyPopup.java","26","0","0","5","396","438","0"
"hazelcast","b70a48233033b264c57bcae4f85bcae8abb8b889","hazelcast/src/main/java/com/hazelcast/query/impl/AndResultSet.java","26","0","0","6","119","160","0"
"hazelcast","6ac727db661eb934e5608e28e8a3603e7300d710","hazelcast/src/main/java/com/hazelcast/map/impl/operation/MapReplicationOperation.java","26","0","0","6","199","240","0"
"hazelcast","21586825d367940e1c79cf289e97310daab1200d","hazelcast/src/test/java/com/hazelcast/query/impl/IndexTest.java","26","0","0","6","419","518","1"
"hazelcast","772b5217030e0fb94bf07a00d9b5e7b275a82030","hazelcast/src/test/java/com/hazelcast/query/impl/IndexTest.java","26","0","0","6","439","539","0"
"elasticsearch","4aae0178912309eba92e2ae8028facd636c8679a","core/src/main/java/org/elasticsearch/node/service/NodeService.java","26","0","0","6","98","131","1"
"hazelcast","d568e4d926d925d57d4e79e34614390416749301","hazelcast-client/src/main/java/com/hazelcast/client/impl/HazelcastClientInstanceImpl.java","26","0","0","66","612","730","0"
"hazelcast","f5b5e658ea42c43530cc3fd5e132e2fe503ab8b4","hazelcast-client/src/main/java/com/hazelcast/client/impl/HazelcastClientInstanceImpl.java","26","0","0","66","612","730","0"
"hazelcast","5f0d18719463b33ae13bf8fda896a71e0a3f7075","hazelcast-client/src/main/java/com/hazelcast/client/impl/HazelcastClientInstanceImpl.java","26","0","0","66","612","730","2"
"hazelcast","86b064ba3f1e467e74e95d6da24b03122065ce36","hazelcast-client/src/main/java/com/hazelcast/client/impl/HazelcastClientInstanceImpl.java","26","0","0","68","648","773","2"
"hazelcast","5758dedd1bcd1583eb238e314a12eee83980b607","hazelcast-client/src/main/java/com/hazelcast/client/impl/HazelcastClientInstanceImpl.java","26","0","0","68","662","787","2"
"hazelcast","0eb958870a4c207cce8b24f30266418d60a56c4c","hazelcast-client/src/main/java/com/hazelcast/client/impl/HazelcastClientInstanceImpl.java","26","0","0","68","665","790","1"
"hazelcast","592185490d2c3401d8a58d96310cb914db6362e5","hazelcast-client/src/main/java/com/hazelcast/client/impl/HazelcastClientInstanceImpl.java","26","0","0","68","665","791","0"
"orientdb","74bcaf6fe1fccf43f3a64c71773f9740f109943c","core/src/main/java/com/orientechnologies/orient/core/command/traverse/OTraverseRecordProcess.java","26","0","0","7","116","182","1"
"orientdb","20f24346174b51ba167fe0aab157fb622d917d76","core/src/main/java/com/orientechnologies/orient/core/command/traverse/OTraverseRecordProcess.java","26","0","0","7","118","184","0"
"hazelcast","eed851087c0a2f80e7a57991d8f2ff45f743d56a","hazelcast/src/main/java/com/hazelcast/nio/ascii/TextReadHandler.java","26","0","0","7","211","252","0"
"orientdb","4e1de17697f2030cee8bb58b16556727f48827ed","tests/src/test/java/com/orientechnologies/orient/test/database/auto/ConcurrentUpdatesTest.java","26","0","0","7","212","288","0"
"elasticsearch","ca90d9ea82c3ec2162a669b199c63ef5103b2fe9","core/src/test/java/org/elasticsearch/indices/recovery/IndexRecoveryIT.java","26","0","0","7","510","657","1"
"neo4j","4d3b5cd40762b26828c47787e6547cc1ea90238b","community/consistency-check/src/test/java/org/neo4j/consistency/checking/full/FullCheckIntegrationTest.java","26","0","0","73","1819","2402","0"
"elasticsearch","add433944676594b5696bc949e3e8eea38cf037d","src/main/java/org/elasticsearch/index/query/NestedQueryParser.java","26","0","0","9","127","167","0"
"orientdb","46bbcabde62c2b9e61ebaf45dc23f16d9dee7f02","tests/src/test/java/com/orientechnologies/orient/test/database/auto/CollateTest.java","26","0","0","9","242","329","1"
"orientdb","136db63960bbf53514691bf5a0bb8361a5ea5361","tests/src/test/java/com/orientechnologies/orient/test/database/auto/CollateTest.java","26","0","0","9","243","330","0"
"elasticsearch","abc0bc4c7f79490ca18ecf1814673c57bedfa2f7","src/test/java/org/elasticsearch/search/aggregations/bucket/GeoHashGridTests.java","26","0","0","9","246","313","0"
"elasticsearch","98641ff39f81dd7a8906b33718e7ba3921d57453","src/test/java/org/elasticsearch/search/aggregations/bucket/GeoHashGridTests.java","26","0","0","9","246","315","1"
"hazelcast","9df1ae5b6d25628524e4ceec1ac038b990e35c3e","hazelcast-spring/src/main/java/com/hazelcast/spring/HazelcastClientBeanDefinitionParser.java","26","0","1","0","142","203","1"
"elasticsearch","4f8c20f3fe01ab6941588971e0ad739161660ee3","src/main/java/org/elasticsearch/action/support/single/instance/TransportInstanceSingleOperationAction.java","26","0","1","0","244","334","0"
"elasticsearch","4370dfed766b8cc2b68e05db7485a2656210c4c2","src/main/java/org/elasticsearch/action/support/single/instance/TransportInstanceSingleOperationAction.java","26","0","1","0","245","337","0"
"netty","9125060752f5124949e55a6868647c75f88cdb01","example/src/main/java/io/netty/example/portunification/PortUnificationServerHandler.java","26","0","1","1","107","145","0"
"netty","2a6ed67efc4ffb15647313b82e450a3951a6a3bd","example/src/main/java/io/netty/example/portunification/PortUnificationServerHandler.java","26","0","1","1","109","149","1"
"elasticsearch","3f06d9f3b8516bb30a2890a36c2973f08f9c6076","modules/lang-painless/src/main/java/org/elasticsearch/painless/node/SFor.java","26","0","1","1","120","180","0"
"elasticsearch","b49635539d929d6cb5ee56153e2f95872fe4bb16","modules/lang-painless/src/main/java/org/elasticsearch/painless/node/SFor.java","26","0","1","1","121","183","1"
"elasticsearch","a596459ed6580883e83922abffd6651705ff0c1e","src/main/java/org/elasticsearch/cluster/settings/Validator.java","26","0","1","1","187","231","2"
"elasticsearch","e98860dc29226b4d90bffa7282fcffd1c68dba63","modules/elasticsearch/src/main/java/org/elasticsearch/action/index/TransportIndexAction.java","26","0","1","1","225","295","0"
"elasticsearch","848638d53c6feafecedeb65d3d0000a023898121","modules/elasticsearch/src/main/java/org/elasticsearch/action/index/TransportIndexAction.java","26","0","1","1","226","296","0"
"elasticsearch","062abf813b16d94a0485e28286c2d8040cfc4990","core/src/main/java/org/elasticsearch/action/fieldstats/FieldStatsRequest.java","26","0","1","10","157","197","1"
"hazelcast","34a30ebe90a09709a3bb74a1e54b5920dfb9e3ed","hazelcast/src/main/java/com/hazelcast/query/impl/UnsortedIndexStore.java","26","0","1","10","189","224","1"
"hazelcast","783151031567d3e41ebcba493c0c6f0f03e8c56e","hazelcast/src/main/java/com/hazelcast/query/impl/UnsortedIndexStore.java","26","0","1","10","189","224","2"
"hazelcast","8043dfc79ee2cda6f50b9b1b2e88ab13912e61ac","hazelcast/src/main/java/com/hazelcast/query/impl/UnsortedIndexStore.java","26","0","1","10","189","224","2"
"hazelcast","26e401e1921fb3af25c7b73c4632773c980708c5","hazelcast/src/main/java/com/hazelcast/query/impl/UnsortedIndexStore.java","26","0","1","10","189","224","0"
"hazelcast","df854a031b2fa3d314e6764d1aaa76c84eeb877f","hazelcast/src/main/java/com/hazelcast/query/impl/UnsortedIndexStore.java","26","0","1","10","189","224","0"
"elasticsearch","2f7d1189b1453744003c87ebc878633421dfbcaa","src/main/java/org/elasticsearch/cluster/metadata/MetaDataIndexAliasesService.java","26","0","1","10","200","262","1"
"elasticsearch","41fd4d87223a2be57524d3df55639d8df118ce85","src/main/java/org/elasticsearch/index/cache/bitset/BitsetFilterCache.java","26","0","1","10","236","306","1"
"elasticsearch","284491d87473878574be81d912b9548eb57cc673","src/main/java/org/elasticsearch/index/cache/bitset/BitsetFilterCache.java","26","0","1","10","238","308","0"
"elasticsearch","1368229075fd33f7366a91e7218c3ba72d33d35c","src/main/java/org/elasticsearch/index/cache/bitset/BitsetFilterCache.java","26","0","1","10","246","317","0"
"elasticsearch","0457b0b76522586e4c8255e0246aa177f1ae8a89","src/main/java/org/elasticsearch/indices/recovery/RecoveryState.java","26","0","1","107","646","809","1"
"hazelcast","490031a220076fe6cf002b209e986e2edbad57b9","hazelcast-client/src/main/java/com/hazelcast/client/spi/ProxyManager.java","26","0","1","11","249","301","1"
"elasticsearch","c9b0e1de6cbd9acbc9a817a6d24b16d93005b9df","src/main/java/org/elasticsearch/transport/local/LocalTransport.java","26","0","1","11","259","325","1"
"hazelcast","3d8ce7ed94ef327469e9647d5fb1c17d9eb54bf9","hazelcast-client-new/src/main/java/com/hazelcast/client/spi/ProxyManager.java","26","0","1","11","286","346","0"
"hazelcast","aa5c4585424b8dc521597ed7bc252abd66f1deb3","hazelcast-client-new/src/main/java/com/hazelcast/client/spi/ProxyManager.java","26","0","1","11","286","346","0"
"hazelcast","ed2967f96bccf7dd2797c360b2718d7ae34b87c6","hazelcast-client-new/src/main/java/com/hazelcast/client/spi/ProxyManager.java","26","0","1","11","286","346","1"
"orientdb","93ffa8ef31f575e656701e8a8074cbc19653f2f8","client/src/main/java/com/orientechnologies/orient/client/remote/ORemoteConnectionManager.java","26","0","1","12","178","259","0"
"BroadleafCommerce","d259c28d71f28b820dd5908269d5d539d88bdcb6","admin/broadleaf-open-admin-platform/src/main/java/org/broadleafcommerce/openadmin/web/rulebuilder/service/AbstractRuleBuilderFieldService.java","26","0","1","12","189","243","0"
"neo4j","4a4bc99eef885ecb4dd05d675666d37815410116","enterprise/ha/src/main/java/org/neo4j/kernel/ha/cluster/modeswitch/HighAvailabilityModeSwitcher.java","26","0","1","12","326","495","1"
"neo4j","fef7a2cf3f52a40593201391e259231a6461c6ef","enterprise/ha/src/main/java/org/neo4j/kernel/ha/cluster/modeswitch/HighAvailabilityModeSwitcher.java","26","0","1","12","326","498","0"
"hazelcast","7926b47fff8ee4f1241fcd2685e4938613e9c883","hazelcast-client-legacy/src/main/java/com/hazelcast/client/spi/impl/ClientInvocationFuture.java","26","0","1","13","211","277","0"
"hazelcast","e182ba489ff217e411dae82f565bcc566ab2c93c","hazelcast-client-legacy/src/main/java/com/hazelcast/client/spi/impl/ClientInvocationFuture.java","26","0","1","13","213","279","0"
"neo4j","21dc057a8a68245281a22d7bdb8da5ae2103f057","enterprise/core-edge/src/main/java/org/neo4j/coreedge/raft/membership/RaftMembershipManager.java","26","0","1","13","259","323","0"
"neo4j","9a371bafe80ceb4e6cdc8502fbd22f9f8ec3d59d","enterprise/core-edge/src/main/java/org/neo4j/coreedge/raft/membership/RaftMembershipManager.java","26","0","1","13","260","324","1"
"BroadleafCommerce","150979880d535c0bf00fb5aa86c7607f6df0e8d0","core/broadleaf-framework/src/test/java/org/broadleafcommerce/core/offer/service/processor/ItemOfferProcessorTest.java","26","0","1","13","433","591","1"
"neo4j","87838b56dfcfb7b37ca03d26c9eedc8f1e0c38e5","community/bolt/src/main/java/org/neo4j/bolt/v1/runtime/Neo4jError.java","26","0","1","14","178","235","0"
"hazelcast","59c4822d4ad5dfac4cecd11231280baa33d4aa35","hazelcast/src/main/java/com/hazelcast/spi/impl/ProxyServiceImpl.java","26","0","1","14","241","300","1"
"orientdb","e9506470481ca6be46db5a1c37e2c7b02fc613d7","core/src/main/java/com/orientechnologies/orient/core/index/OIndexMultiValues.java","26","0","1","14","296","397","1"
"orientdb","278985a53ab2e77f1e655a930568e0aa6e7f7f65","core/src/main/java/com/orientechnologies/common/concur/resource/OPartitionedObjectPool.java","26","0","1","15","173","235","1"
"hazelcast","39091ff574efe84ae6a3d772a1b7cfce80f4f2e0","hazelcast/src/main/java/com/hazelcast/spi/impl/ProxyServiceImpl.java","26","0","1","15","245","305","0"
"hazelcast","3bd3f0fadd33f90f31f69f753e9aa7a807963ff5","hazelcast-client-new/src/main/java/com/hazelcast/client/spi/impl/ClientInvocation.java","26","0","1","16","202","274","1"
"hazelcast","41969587cb65b106638aac7de143c830066968d4","hazelcast-client-new/src/main/java/com/hazelcast/client/spi/impl/ClientInvocation.java","26","0","1","16","202","274","2"
"hazelcast","5d9345d0e7f6a373bf80d27b2bf94fc798934378","hazelcast-client-new/src/main/java/com/hazelcast/client/spi/impl/ClientInvocation.java","26","0","1","16","202","274","1"
"hazelcast","c90ac3fa538c72581d95d70f8a1c4d772e6253e0","hazelcast-client-new/src/main/java/com/hazelcast/client/spi/impl/ClientInvocation.java","26","0","1","16","202","274","2"
"hazelcast","d0fd18cd0e2fac83d47776ccc1f08639bfc9823f","hazelcast-client-new/src/main/java/com/hazelcast/client/spi/impl/ClientInvocation.java","26","0","1","16","202","274","1"
"hazelcast","f0d8cd8a04cf8fde1398c4e5be46bba62fc98244","hazelcast-client-new/src/main/java/com/hazelcast/client/spi/impl/ClientInvocation.java","26","0","1","16","202","274","1"
"hazelcast","05b27a3d7f9adfb832f8fb0c7927fc71c14df2b4","hazelcast-client-new/src/main/java/com/hazelcast/client/spi/impl/ClientInvocation.java","26","0","1","16","202","274","0"
"hazelcast","30224d288563aa130dc5323bc9dea56d282eb49c","hazelcast-client-new/src/main/java/com/hazelcast/client/spi/impl/ClientInvocation.java","26","0","1","16","216","287","0"
"orientdb","a1eed89dcfdc303c846b0d6159189f720c1bade8","core/src/test/java/com/orientechnologies/orient/core/index/sbtree/local/SBTreeWALTest.java","26","0","1","16","264","348","0"
"orientdb","eb87fd13a08a35e51b139724421fa7adb04049f3","core/src/test/java/com/orientechnologies/orient/core/index/sbtree/local/SBTreeWALTest.java","26","0","1","16","266","351","1"
"orientdb","040b05508933cf63ab4302ba24753d268640088c","core/src/main/java/com/orientechnologies/orient/core/index/OSimpleKeyIndexDefinition.java","26","0","1","17","160","228","2"
"orientdb","c44bbca080721b05af1db86562a16b199916fd3c","core/src/main/java/com/orientechnologies/orient/core/index/OSimpleKeyIndexDefinition.java","26","0","1","17","160","228","1"
"orientdb","eda36859b9b033e1c3c6c69dce74c4959ac3439e","core/src/main/java/com/orientechnologies/orient/core/index/OSimpleKeyIndexDefinition.java","26","0","1","17","160","228","2"
"orientdb","56f9bf3a10535e331c512f9852b1779bbc1d38b0","core/src/main/java/com/orientechnologies/orient/core/index/OSimpleKeyIndexDefinition.java","26","0","1","17","160","228","0"
"orientdb","651d3e7bf092a289b0825affc1709b260f296cf7","core/src/main/java/com/orientechnologies/orient/core/index/OSimpleKeyIndexDefinition.java","26","0","1","17","163","232","1"
"hazelcast","525c34cddd7f4e08d674611e177bab103e4d1881","hazelcast/src/test/java/com/hazelcast/core/HazelcastClusterTest.java","26","0","1","17","391","447","1"
"hazelcast","82fcc4c7c87097d1719bb56112aec0fafdb6bc0e","hazelcast/src/test/java/com/hazelcast/core/HazelcastClusterTest.java","26","0","1","17","392","448","0"
"elasticsearch","e218ead19ed1677fb453f4a75759e2abfd75094a","src/test/java/org/elasticsearch/test/integration/search/child/SimpleChildQuerySearchTests.java","26","0","1","18","1172","1403","0"
"orientdb","daa89846a07faf0215b5d99ec4121ebd7395c41e","core/src/main/java/com/orientechnologies/common/directmemory/OUntrackedDirectMemoryPointer.java","26","0","1","18","156","242","0"
"elasticsearch","ceb7d55857b25eebac461dcba4f0dc4a028c60b9","src/test/java/org/elasticsearch/test/integration/search/child/SimpleChildQuerySearchTests.java","26","0","1","19","1202","1439","0"
"orientdb","252aa4c00e6048e5a77066dc5f770ef6e58dd1ea","core/src/main/java/com/orientechnologies/orient/core/sql/parser/OBetweenCondition.java","26","0","1","19","142","187","1"
"hazelcast","82f1a5c6da6b8a3f431fe81b18e4866c0c5e2c9f","hazelcast/src/test/java/com/hazelcast/collection/impl/txnqueue/TransactionQueueTest.java","26","0","1","19","514","632","0"
"netty","d7bfd44e1093740c573f855972b73ea19eccd8bc","example/src/main/java/io/netty/example/portunification/PortUnificationServerHandler.java","26","0","1","2","108","148","0"
"netty","3f72add89a41b3d94309bccb0d253515c0543b65","example/src/main/java/io/netty/example/portunification/PortUnificationServerHandler.java","26","0","1","2","111","153","0"
"elasticsearch","f995c9c130b9af1c591e7e8be3b0727bcd573481","src/main/java/org/apache/lucene/search/vectorhighlight/CustomFieldQuery.java","26","0","1","2","112","153","0"
"elasticsearch","745b8cbefe56c0f68040339095d6327a81d78161","modules/elasticsearch/src/main/java/org/elasticsearch/search/sort/SortParseElement.java","26","0","1","2","115","149","0"
"elasticsearch","254fb81708ee783f051e2777c80b4997aa77a2e0","src/main/java/org/elasticsearch/cloud/aws/AwsS3Service.java","26","0","1","2","117","156","1"
"elasticsearch","03a86604a4c9f837058e0db8a12dcd66817e1d87","src/main/java/org/elasticsearch/search/highlight/PlainHighlighter.java","26","0","1","2","121","165","1"
"netty","4c186c4c41d6eaa55086e4017fb6e3b4af13397f","codec-http/src/main/java/io/netty/handler/codec/http/HttpContentDecoder.java","26","0","1","2","148","246","1"
"BroadleafCommerce","a9f9c4918a43b4d237fba7a2f4bdea3982b4a1e4","core/broadleaf-framework/src/main/java/org/broadleafcommerce/core/payment/service/OrderToPaymentRequestDTOServiceImpl.java","26","0","1","2","161","252","1"
"elasticsearch","add433944676594b5696bc949e3e8eea38cf037d","src/main/java/org/elasticsearch/search/fetch/innerhits/InnerHitsParseElement.java","26","0","1","2","181","228","0"
"elasticsearch","534f487de3edd7b6a4ca6d6aed7bdbc5b0ae2b7a","src/main/java/org/elasticsearch/action/search/type/TransportSearchScrollQueryThenFetchAction.java","26","0","1","2","199","257","1"
"elasticsearch","44fd962a9f70364a174c47b9204d8eb4f16e22d0","src/main/java/org/elasticsearch/action/search/type/TransportSearchScrollQueryThenFetchAction.java","26","0","1","2","214","272","0"
"elasticsearch","7b0efcbd9672f49ac93a7e4e2b0340b2ce207610","src/main/java/org/elasticsearch/action/search/type/TransportSearchScrollQueryThenFetchAction.java","26","0","1","2","215","273","1"
"elasticsearch","b208a7dbaeeb269e6d1e121f46a29cb6b0f8004f","core/src/main/java/org/elasticsearch/action/update/TransportUpdateAction.java","26","0","1","2","248","295","1"
"elasticsearch","8f2882a442fb6deaab5b645dfc80577193dfb81f","core/src/main/java/org/elasticsearch/action/update/TransportUpdateAction.java","26","0","1","2","249","296","0"
"orientdb","67b44e38d6982f4b915b71290548d72dbd5aaa00","core/src/main/java/com/orientechnologies/common/directmemory/ODirectMemoryPointer.java","26","0","1","20","136","223","1"
"elasticsearch","6e9ad03b27afb07e80072f35785edf114f31d15f","src/main/java/org/elasticsearch/index/mapper/geo/GeoShapeFieldMapper.java","26","0","1","21","217","297","0"
"hazelcast","6d690ea9dc8704a6878052d2f91e046744e16938","hazelcast-client-new/src/main/java/com/hazelcast/client/proxy/ClientReplicatedMapProxy.java","26","0","1","21","394","466","0"
"hazelcast","0880710f355f33d03b8d928ec9d22a0ff4f1ca52","hazelcast-client/src/main/java/com/hazelcast/client/proxy/ClientReplicatedMapProxy.java","26","0","1","22","448","541","2"
"hazelcast","1b19f48fd94c4d1d735c16799001e1937fed4d54","hazelcast-client/src/main/java/com/hazelcast/client/proxy/ClientReplicatedMapProxy.java","26","0","1","22","448","541","2"
"hazelcast","a97645f3f9b1abe24778838215d5756666e2d7e5","hazelcast-client/src/main/java/com/hazelcast/client/proxy/ClientReplicatedMapProxy.java","26","0","1","22","448","541","2"
"hazelcast","e73e5bfd1f14d7899e364d20f14baa2171c29ee5","hazelcast-client/src/main/java/com/hazelcast/client/proxy/ClientReplicatedMapProxy.java","26","0","1","22","448","541","3"
"hazelcast","f5b5e658ea42c43530cc3fd5e132e2fe503ab8b4","hazelcast-client/src/main/java/com/hazelcast/client/proxy/ClientReplicatedMapProxy.java","26","0","1","22","448","541","0"
"elasticsearch","7550fc570ea5ad59f24fe6dd8d40cab7007a1829","modules/elasticsearch/src/main/java/org/elasticsearch/cluster/routing/RoutingNodes.java","26","0","1","25","172","232","0"
"BroadleafCommerce","144680e9ac6a69a34b954adc6841768c28b81aeb","admin/broadleaf-open-admin-platform/src/main/java/org/broadleafcommerce/openadmin/dto/ForeignKey.java","26","0","1","27","143","203","0"
"BroadleafCommerce","7da760ada0cf3c3164075c970c90d47e36b4bef4","admin/broadleaf-open-admin-platform/src/main/java/org/broadleafcommerce/openadmin/dto/ForeignKey.java","26","0","1","27","146","209","0"
"BroadleafCommerce","0a7cc17b76e1c9afb9ac21bb802f3358216aee35","core/broadleaf-framework/src/main/java/org/broadleafcommerce/core/catalog/dao/ProductDaoImpl.java","26","0","1","28","448","628","3"
"elasticsearch","292e53fe77cae17362029d79e6afb937e75eec89","src/main/java/org/elasticsearch/index/query/HasChildFilterParser.java","26","0","1","3","108","152","0"
"elasticsearch","2b42a0f94a794c1fc05bb6c478012a7483a720f1","src/main/java/org/elasticsearch/index/query/HasChildFilterParser.java","26","0","1","3","108","152","0"
"elasticsearch","cc9ab111a04661367cea50e444b5a9e0d4544d1a","src/main/java/org/elasticsearch/index/query/HasChildFilterParser.java","26","0","1","3","108","152","0"
"elasticsearch","5d2c334bbd4b1396550c871d4d7b7c2c9a95cd63","src/main/java/org/elasticsearch/index/query/HasChildFilterParser.java","26","0","1","3","108","152","1"
"elasticsearch","89de3ab6272fe3a9e377993ae32851cffb39ca7e","src/main/java/org/elasticsearch/index/query/HasChildFilterParser.java","26","0","1","3","108","152","2"
"elasticsearch","4670a2e514c16388434334dd847f30925d43766d","src/main/java/org/elasticsearch/index/query/IndicesFilterParser.java","26","0","1","3","112","147","1"
"elasticsearch","029b13cf68691b361f50622b7d948dfdd12f4461","src/main/java/org/elasticsearch/index/query/IndicesQueryParser.java","26","0","1","3","122","158","0"
"elasticsearch","7b8ae54f0fa25e53c7953a057d863b7a571a6ec6","client/sniffer/src/test/java/org/elasticsearch/client/sniff/HostsSnifferTests.java","26","0","1","3","233","273","1"
"elasticsearch","178dc7ebaff001e724374a50025e9217b195023c","core/src/main/java/org/elasticsearch/cluster/metadata/MetaDataIndexTemplateService.java","26","0","1","30","263","338","2"
"elasticsearch","96f4c06f46fbf993357c2ff9c90c6d5ad7d80238","src/main/java/org/elasticsearch/cluster/metadata/MetaDataIndexTemplateService.java","26","0","1","30","266","341","0"
"BroadleafCommerce","300afb753f1ee1d8f081ebbf9cbd93cb57c22816","core/broadleaf-framework/src/main/java/org/broadleafcommerce/core/catalog/dao/ProductDaoImpl.java","26","0","1","30","473","661","0"
"elasticsearch","00c13532a91b947eaac05fb0d53596d51e11fa9f","src/test/java/org/elasticsearch/test/integration/search/highlight/HighlighterSearchTests.java","26","0","1","31","1078","1371","0"
"orientdb","136db63960bbf53514691bf5a0bb8361a5ea5361","core/src/main/java/com/orientechnologies/orient/core/db/tool/ODatabaseImpExpAbstract.java","26","0","1","31","181","259","0"
"orientdb","46bbcabde62c2b9e61ebaf45dc23f16d9dee7f02","core/src/main/java/com/orientechnologies/orient/core/db/tool/ODatabaseImpExpAbstract.java","26","0","1","31","184","262","1"
"elasticsearch","5341404f014fbfd0c0b67c61546df38625d9b4ad","core/src/test/java/org/elasticsearch/index/shard/IndexShardTests.java","26","0","1","31","884","1038","1"
"hazelcast","843e12f8df4a5e6604acd3cff75c6cdd6280acc8","hazelcast/src/test/java/com/hazelcast/map/MapTransactionTest.java","26","0","1","32","936","1122","3"
"hazelcast","2d3a78984b6138fba3dcb15d3410651d59bce24c","hazelcast/src/test/java/com/hazelcast/map/MapTransactionTest.java","26","0","1","33","957","1149","2"
"hazelcast","2ae993668ae0897d3d7e6c907baff63ddaffe900","hazelcast/src/test/java/com/hazelcast/map/MapTransactionTest.java","26","0","1","34","987","1186","2"
"hazelcast","22bdfcfa23a11ee774cc8c5b6308c0925c660aab","hazelcast/src/test/java/com/hazelcast/map/MapTransactionTest.java","26","0","1","39","1080","1293","1"
"elasticsearch","146a6d3730f387106ad08066761d398eb4911335","modules/elasticsearch/src/main/java/org/elasticsearch/search/fetch/FetchPhase.java","26","0","1","4","164","224","1"
"elasticsearch","ca7cd215197540eff550e144a63509c0fb691d5d","modules/elasticsearch/src/main/java/org/elasticsearch/search/fetch/FetchPhase.java","26","0","1","4","165","225","0"
"BroadleafCommerce","2290b85c0c8ab295db8ff58b0af16023f27d8c1a","admin/broadleaf-open-admin-platform/src/main/java/org/broadleafcommerce/openadmin/server/service/persistence/module/provider/MediaFieldPersistenceProvider.java","26","0","1","4","176","216","1"
"elasticsearch","8c50a65699c4f2f8e8fff1a5793c76c7fbbff4c2","modules/elasticsearch/src/main/java/org/elasticsearch/index/percolator/PercolatorService.java","26","0","1","4","194","269","0"
"oryx","fb42815a896689463ed02f27a49d9145ca239fe7","app/oryx-app/src/main/java/com/cloudera/oryx/app/speed/als/ALSSpeedModelManager.java","26","0","1","4","201","271","0"
"elasticsearch","b4512cd4715f62ea3a1a21db328f44d130343755","src/main/java/org/elasticsearch/index/percolator/PercolatorService.java","26","0","1","4","208","283","0"
"hazelcast","b0a815f459c18eed67fcd6e4bf122bad043ef8a5","hazelcast/src/main/java/com/hazelcast/client/impl/protocol/task/AuthenticationBaseMessageTask.java","26","0","1","4","218","270","1"
"elasticsearch","7e3ccf2ee32cef80715b3d47cb30e06426e3002c","core/src/main/java/org/elasticsearch/search/aggregations/bucket/terms/TermsAggregatorFactory.java","26","0","1","4","219","285","0"
"hazelcast","200b42ddac0f3e0c2a8225044985e7b3fd387718","hazelcast/src/main/java/com/hazelcast/client/impl/protocol/task/AuthenticationBaseMessageTask.java","26","0","1","4","225","278","1"
"hazelcast","12830cf4db72fc7d71edd8a20ee15fba533ab6a8","hazelcast/src/main/java/com/hazelcast/client/impl/protocol/task/AuthenticationBaseMessageTask.java","26","0","1","4","226","279","2"
"hazelcast","7e9c6be86f6ab0514ad9a2072353b4724c3624bb","hazelcast/src/test/java/com/hazelcast/map/MapTransactionTest.java","26","0","1","40","1099","1314","2"
"hazelcast","5c5e2ab3a491d69114d747e7a3cf70b0a84353a4","hazelcast/src/test/java/com/hazelcast/map/MapTransactionTest.java","26","0","1","41","1123","1340","2"
"hazelcast","8743306465a8a9cc8c201ede053625b2c5b5c437","hazelcast/src/test/java/com/hazelcast/map/MapTransactionTest.java","26","0","1","41","1123","1340","2"
"hazelcast","460996235d34a997cb48de3967a019aadf00c447","hazelcast/src/test/java/com/hazelcast/map/MapTransactionTest.java","26","0","1","41","1123","1340","0"
"hazelcast","54b6def84288703e393bd992a81cb89a2d49579f","hazelcast/src/test/java/com/hazelcast/map/MapTransactionTest.java","26","0","1","41","1126","1343","1"
"hazelcast","cb96a27bb8e3a99ed10d2c2006a173b5b7c42fa6","hazelcast/src/test/java/com/hazelcast/map/MapTransactionTest.java","26","0","1","42","1139","1357","1"
"hazelcast","5c695f915d3d5ec0116cccdbde70b3551f5dcb5a","hazelcast/src/test/java/com/hazelcast/map/MapTransactionTest.java","26","0","1","43","1160","1380","1"
"hazelcast","18f091e52a095d9121f42b10cd1f289e73085450","hazelcast/src/test/java/com/hazelcast/map/MapTransactionTest.java","26","0","1","43","1161","1381","0"
"orientdb","421563ce0a29745a168071c54982b2b05977c399","core/src/main/java/com/orientechnologies/orient/core/index/OIndexRemote.java","26","0","1","49","392","512","1"
"hazelcast","6fa8fa0639e5b44d288480f8991b18a2b31c1c8f","hazelcast/src/main/java/com/hazelcast/map/operation/MapReplicationOperation.java","26","0","1","5","123","161","1"
"hazelcast","6eb699a47e9cfdfca8bc172ed93c7167297c9e79","hazelcast/src/main/java/com/hazelcast/query/impl/AndResultSet.java","26","0","1","5","124","167","2"
"hazelcast","843341d7de5c6e34bb4bd4972c8c6339fc49d701","hazelcast/src/main/java/com/hazelcast/nio/tcp/WriteHandler.java","26","0","1","5","188","316","1"
"hazelcast","0a0bb8ca3cf5d6f1762df8f950a774ec1a838e29","hazelcast/src/main/java/com/hazelcast/cluster/impl/ClusterStateManager.java","26","0","1","5","260","333","1"
"elasticsearch","fd3b01d81079840f1c0ddef50d1d726624f8e55b","src/main/java/org/elasticsearch/cluster/action/shard/ShardStateAction.java","26","0","1","5","275","376","0"
"elasticsearch","b75d1d885a4f56edf8d1b8cd393298588fbd0123","src/test/java/org/elasticsearch/snapshots/DedicatedClusterSnapshotRestoreTests.java","26","0","1","5","382","488","1"
"elasticsearch","a2d07058e8557539e843fc3c2cace23b56512344","src/test/java/org/elasticsearch/snapshots/DedicatedClusterSnapshotRestoreTests.java","26","0","1","5","383","489","2"
"elasticsearch","c746854e03262135fe0fa723be3bd5fc469e4d3c","test/framework/src/main/java/org/elasticsearch/AnalysisFactoryTestCase.java","26","0","1","5","404","481","0"
"titan","61a915a6afd480c126ad2e5747f3d4c310b2299b","titan-core/src/main/java/com/thinkaurelius/titan/graphdb/relations/RelationComparator.java","26","0","1","5","89","111","0"
"BroadleafCommerce","ba189eaef079fcace3b4299706bf8a02d257c58f","admin/broadleaf-admin-module/src/main/java/org/broadleafcommerce/admin/server/service/handler/CategoryCustomPersistenceHandler.java","26","0","1","6","163","212","1"
"elasticsearch","0cdbcdab64ee37229c709c2f301c8065a5da56ec","core/src/test/java/org/elasticsearch/index/query/BoolQueryBuilderTests.java","26","0","1","6","270","318","2"
"elasticsearch","71bd40517df0c21f860224a2cfb432bb1a77c96a","src/main/java/org/elasticsearch/cluster/action/shard/ShardStateAction.java","26","0","1","6","279","381","1"
"elasticsearch","2b97f5d9ebf1b07fcf61be5cdb1c4bc1250c537d","core/src/main/java/org/elasticsearch/search/aggregations/metrics/cardinality/CardinalityAggregator.java","26","0","1","6","307","434","2"
"elasticsearch","13a347239a48d71486692a72c066e940dec8921b","core/src/test/java/org/elasticsearch/indices/recovery/IndexRecoveryIT.java","26","0","1","6","485","628","2"
"elasticsearch","40f119d85a4eaa39d0a6e594e46f70de725557f0","core/src/test/java/org/elasticsearch/indices/recovery/IndexRecoveryIT.java","26","0","1","6","485","628","1"
"elasticsearch","bbf42d379dc5fac7cddf768b244aa1649efdb10d","core/src/test/java/org/elasticsearch/indices/recovery/IndexRecoveryIT.java","26","0","1","6","485","628","0"
"elasticsearch","c32de1f72b8f1131daf710a2144be31c55cb4f93","core/src/test/java/org/elasticsearch/indices/recovery/IndexRecoveryIT.java","26","0","1","6","492","635","1"
"BroadleafCommerce","3a29129a88f7324cc785681dbe6972f47bbb0082","core/broadleaf-framework-web/src/main/java/org/broadleafcommerce/core/web/order/service/CartStateServiceImpl.java","26","0","1","7","110","157","0"
"BroadleafCommerce","dcf4f5a34f5824533a90d2331f17861ab7853074","admin/broadleaf-open-admin-platform/src/main/java/org/broadleafcommerce/openadmin/server/security/handler/AdminUserCustomPersistenceHandler.java","26","0","1","7","164","233","0"
"hazelcast","7cdb88bd32909c88d5673758a383e0d35dfd39e6","hazelcast/src/main/java/com/hazelcast/util/SortingUtil.java","26","0","1","7","172","240","0"
"hazelcast","bf2d64e6c2d1fa8c279c6ea3e7d37f0ae6f6f3a8","hazelcast/src/main/java/com/hazelcast/replicatedmap/impl/ReplicatedMapEventPublishingService.java","26","0","1","7","177","215","0"
"hazelcast","2f70f48888d89c73b883a5c9bfb6aa1430727dcf","hazelcast/src/main/java/com/hazelcast/query/impl/UnsortedIndexStore.java","26","0","1","7","181","217","1"
"hazelcast","2043fef6ab40ea0b1d71b5e0a8feb4fd0024a4bf","hazelcast/src/main/java/com/hazelcast/query/impl/UnsortedIndexStore.java","26","0","1","7","182","218","0"
"hazelcast","bef9eaaee45912483a17edfa9bf8c70c0d515419","hazelcast/src/main/java/com/hazelcast/query/impl/UnsortedIndexStore.java","26","0","1","7","182","218","0"
"hazelcast","96d2da68ad978e12b54a44bff7c351ada8a01ea7","hazelcast/src/main/java/com/hazelcast/query/impl/UnsortedIndexStore.java","26","0","1","7","182","218","2"
"elasticsearch","4d32cc0b9f6ac41dca4674bbbadbf1e677e5d305","core/src/test/java/org/elasticsearch/index/query/BoolQueryBuilderTests.java","26","0","1","7","286","336","1"
"elasticsearch","b2baf039fdf1a0ddd81bfd3835a7f92b272898c4","core/src/test/java/org/elasticsearch/index/query/BoolQueryBuilderTests.java","26","0","1","7","286","336","1"
"elasticsearch","d2ad2e8eee341c0edea94437b412474ec883251b","core/src/test/java/org/elasticsearch/index/query/BoolQueryBuilderTests.java","26","0","1","7","286","336","2"
"elasticsearch","96e29be7c6b30ee6ffdbf7c1e198b705e2fce306","core/src/test/java/org/elasticsearch/index/query/BoolQueryBuilderTests.java","26","0","1","7","286","336","0"
"elasticsearch","eb956e7c091a02924c9a640d5a17d389f0e5ff3b","src/main/java/org/elasticsearch/index/search/child/ChildrenQuery.java","26","0","1","7","298","389","1"
"elasticsearch","b0e0dd81eb2983c597812b08500d107be5bf634d","src/main/java/org/elasticsearch/discovery/zen/ping/unicast/UnicastZenPing.java","26","0","1","7","338","439","0"
"elasticsearch","021aa09614ea4e309cbe2d4b5ec506251d903233","src/main/java/org/elasticsearch/index/mapper/DocumentMapperParser.java","26","0","1","8","214","274","0"
"elasticsearch","f6c2ee0ab2a307efca6e8800e2b28b4720391208","src/main/java/org/elasticsearch/index/mapper/DocumentMapperParser.java","26","0","1","8","215","275","1"
"BroadleafCommerce","89ab11fc4ad655261735d86bf697f21900eb5357","admin/broadleaf-open-admin-platform/src/main/java/org/broadleafcommerce/openadmin/server/service/DynamicEntityRemoteService.java","26","0","1","8","246","293","0"
"BroadleafCommerce","6d0bcb2414cc6cc3c7f0477dc197ef425dac623d","admin/broadleaf-open-admin-platform/src/main/java/org/broadleafcommerce/openadmin/server/service/DynamicEntityRemoteService.java","26","0","1","8","247","294","0"
"BroadleafCommerce","ba189eaef079fcace3b4299706bf8a02d257c58f","admin/broadleaf-open-admin-platform/src/main/java/org/broadleafcommerce/openadmin/server/service/DynamicEntityRemoteService.java","26","0","1","8","247","294","0"
"BroadleafCommerce","844767fcd4198a37cd5f1415a465ef9d8c32995e","admin/broadleaf-open-admin-platform/src/main/java/org/broadleafcommerce/openadmin/server/service/DynamicEntityRemoteService.java","26","0","1","8","247","294","1"
"BroadleafCommerce","4ffedd5759b771ac46662f9479cdcfe574448c43","admin/broadleaf-open-admin-platform/src/main/java/org/broadleafcommerce/openadmin/server/service/DynamicEntityRemoteService.java","26","0","1","8","250","297","2"
"elasticsearch","0a69f1e283e26e5d9e6a000b68b9f4778de557a1","core/src/test/java/org/elasticsearch/search/aggregations/bucket/GeoHashGridIT.java","26","0","1","8","252","319","2"
"elasticsearch","5a64f08f048461a63a0ca1354a5050c954e63d52","core/src/test/java/org/elasticsearch/search/aggregations/bucket/GeoHashGridIT.java","26","0","1","8","259","328","0"
"elasticsearch","4721f9aa697322f3104e545b4da9c4f720b12b5c","modules/test/integration/src/test/java/org/elasticsearch/test/integration/search/sort/SimpleSortTests.java","26","0","1","8","380","500","0"
"elasticsearch","2b777df21e71eca27d5e65859076a74743ba6919","modules/test/integration/src/test/java/org/elasticsearch/test/integration/search/sort/SimpleSortTests.java","26","0","1","8","391","522","0"
"elasticsearch","3d13c27fa0df12018f35f1b20987c90277e9b6f9","core/src/main/java/org/elasticsearch/index/analysis/AnalysisService.java","26","0","1","9","133","192","1"
"elasticsearch","bbf8f3499b32e0ccf5441f5ae54e09e1a93af3ab","core/src/main/java/org/elasticsearch/index/analysis/AnalysisService.java","26","0","1","9","133","192","1"
"elasticsearch","cebad703feb6e008af2de74503e36730394f854e","core/src/main/java/org/elasticsearch/index/analysis/AnalysisService.java","26","0","1","9","133","192","2"
"elasticsearch","2bd09c4625898d77aa6c015c6f82cf973ed18cb7","core/src/main/java/org/elasticsearch/index/analysis/AnalysisService.java","26","0","1","9","133","192","0"
"elasticsearch","93a8e80affc855f156d9295568409aab3972ffa1","src/main/java/org/elasticsearch/search/aggregations/bucket/geogrid/InternalGeoHashGrid.java","26","0","1","9","225","292","1"
"hazelcast","9963442fc429d55ec57cd50fe7921332738ff1cf","hazelcast/src/main/java/com/hazelcast/internal/partition/operation/ReplicaSyncResponse.java","26","0","1","9","229","292","1"
"hazelcast","bfa50b94f7d17d96907faaedf3e4811680937685","hazelcast/src/main/java/com/hazelcast/internal/partition/operation/PartitionReplicaSyncResponse.java","26","0","1","9","230","293","0"
"hazelcast","ed4e958222141f41588b4221e0e01e501e08a0da","hazelcast/src/main/java/com/hazelcast/internal/partition/operation/ReplicaSyncResponse.java","26","0","1","9","231","294","0"
"elasticsearch","3b959706b3a4033fb09b794e1bc506b878767b85","src/main/java/org/elasticsearch/discovery/zen/fd/NodesFaultDetection.java","26","0","1","9","256","348","2"
"oryx","0c1bfe9ae796c2d7138b2f6b7f2d9de2f60dc015","app/oryx-app-common/src/main/java/com/cloudera/oryx/app/pmml/AppPMMLUtils.java","26","0","10","4","193","293","0"
"netty","21a61ce632047e30daf3f5efcc6900b42cd5651b","handler/src/main/java/io/netty/handler/queue/BufferedWriteHandler.java","26","0","10","6","198","428","0"
"neo4j","b384058c51bab0d6cc1a0baf46ff4c5f6277223b","community/kernel/src/main/java/org/neo4j/kernel/impl/store/NeoStores.java","26","0","12","13","503","667","0"
"elasticsearch","a5127d2ffd44253275d785424ab1bed31ae2f623","src/main/java/org/elasticsearch/common/io/FileSystemUtils.java","26","0","13","0","185","318","0"
"elasticsearch","ff5ad39c7a5f8ea21d3ff86d3ce50668602d7a74","core/src/main/java/org/elasticsearch/env/Environment.java","26","0","13","6","200","336","0"
"hazelcast","0111bd9d508bfdef8b6fc33deac41e4e587030ae","hazelcast/src/main/java/com/hazelcast/version/Version.java","26","0","15","10","128","260","0"
"netty","e4195334988236e7e30a4a802630b14956ce5b4b","transport/src/main/java/io/netty/channel/embedded/EmbeddedChannel.java","26","0","15","4","268","408","1"
"netty","fbaf5d06e65f9adaf57bc6bb9d566b64b40a3830","transport/src/main/java/io/netty/channel/embedded/EmbeddedChannel.java","26","0","15","8","294","436","0"
"elasticsearch","491dc1186ae3a0f01a921d7761c51a8e6b040d50","core/src/main/java/org/elasticsearch/action/support/replication/ReplicationOperation.java","26","0","15","9","276","452","1"
"neo4j","aac20ad73b1ea3e5d85a1071229273904086dd7c","community/kernel/src/main/java/org/neo4j/kernel/impl/transaction/state/TransactionRecordState.java","26","0","16","13","385","620","0"
"hazelcast","078e4faae79ee911646942e59cf0d2a84199cb5c","hazelcast/src/test/java/com/hazelcast/internal/nearcache/AbstractNearCacheBasicTest.java","26","0","17","0","297","521","0"
"elasticsearch","c67a33248688f603cd04c8b996f4de3cbd8ea1ba","core/src/main/java/org/elasticsearch/index/query/GeoDistanceQueryBuilder.java","26","0","17","1","208","313","0"
"elasticsearch","ddecd723a7ea6ddcc795dd01cdcec1092299805f","src/main/java/org/elasticsearch/index/get/GetResult.java","26","0","17","11","243","360","0"
"elasticsearch","42eda48c1593401405056d2d6e96a19cf6133207","src/main/java/org/elasticsearch/index/get/GetResult.java","26","0","17","11","244","361","0"
"elasticsearch","6ab1c9e4426b19af26db98eaf7ca3bc2084b07c3","src/main/java/org/elasticsearch/index/get/GetResult.java","26","0","17","9","239","355","0"
"netty","eb415fded66b5c825aa2818f6223eb8a6480c024","common/src/main/java/io/netty/util/internal/StringUtil.java","26","0","18","0","199","321","0"
"elasticsearch","6b23ee80404ea8cb143abd776968854e263275b9","core/src/main/java/org/elasticsearch/search/aggregations/bucket/histogram/DateHistogramAggregationBuilder.java","26","0","19","2","264","386","2"
"elasticsearch","c8ca015c0bd28caf4fd84862679afc63a9e7d2ac","core/src/main/java/org/elasticsearch/search/aggregations/bucket/histogram/DateHistogramAggregationBuilder.java","26","0","19","2","265","387","0"
"elasticsearch","22187113b6e9eb60392c4f545f08c7304a179d00","core/src/main/java/org/elasticsearch/action/bulk/BulkProcessor.java","26","0","19","4","251","401","0"
"netty","cd0b5ec2db593d45c96bd6b55b0024042534af04","codec-http/src/main/java/io/netty/handler/codec/spdy/SpdyHttpDecoder.java","26","0","2","0","179","284","1"
"netty","af4b71a00e30faf86ef1c2365e965e8f04f65bee","codec-http/src/main/java/io/netty/handler/codec/spdy/SpdyHttpDecoder.java","26","0","2","0","184","288","0"
"elasticsearch","d8f16178d3f21b4f9d17da12e7aa61613fc2c27a","src/main/java/org/elasticsearch/node/service/NodeService.java","26","0","2","10","124","170","1"
"elasticsearch","a6510f924520d8cdda2636ac85a1a1e43f6dfb8c","src/main/java/org/elasticsearch/node/service/NodeService.java","26","0","2","10","125","172","0"
"elasticsearch","27b973830d2c65359e9a54e4d12c221d163d4de2","src/main/java/org/elasticsearch/node/service/NodeService.java","26","0","2","10","125","178","0"
"elasticsearch","cbdaf4950bdf44b9669f0d1a169ac23c18eebab4","src/main/java/org/elasticsearch/node/service/NodeService.java","26","0","2","10","126","179","1"
"elasticsearch","d64d0d6a97ae8dd70ba6018f97dd3c5fc10acd53","src/main/java/org/elasticsearch/search/internal/ContextIndexSearcher.java","26","0","2","12","142","206","1"
"netty","c1932a8537b742aaf15a7cfacf9f76ad8239f3c7","common/src/main/java/io/netty/util/internal/PriorityQueue.java","26","0","2","12","175","256","1"
"elasticsearch","a841a422f6de2e176cfe43ace327adfac85bdf95","src/main/java/org/elasticsearch/indices/InternalIndicesService.java","26","0","2","12","303","389","1"
"elasticsearch","69ac8382595deaebb7906d7c9e535896ab9d08e8","src/main/java/org/elasticsearch/indices/InternalIndicesService.java","26","0","2","12","318","404","0"
"elasticsearch","fb81a3203b601fcbc168e7c279f2d0014a08d719","src/main/java/org/elasticsearch/indices/InternalIndicesService.java","26","0","2","12","319","405","0"
"neo4j","0d843f05ae6a0785ff68416331440d96b0ab20c3","integrationtests/src/test/java/org/neo4j/causalclustering/scenarios/BoltCausalClusteringIT.java","26","0","2","13","497","810","1"
"neo4j","eba75807921f179c3761681f289a1a6e4fbcfe75","integrationtests/src/test/java/org/neo4j/causalclustering/scenarios/BoltCausalClusteringIT.java","26","0","2","14","515","832","0"
"hazelcast","81fe86abd4deed08faf6e617c5d73c2b7d4b5391","hazelcast/src/main/java/com/hazelcast/transaction/impl/TransactionManagerServiceImpl.java","26","0","2","18","280","369","2"
"elasticsearch","6fc5acd760ecb1e8cf408e3f53b2054bd8807fa7","src/main/java/org/elasticsearch/transport/TransportService.java","26","0","2","19","331","449","2"
"elasticsearch","20ed7c172487f500667191df882033ecb6e91df1","core/src/main/java/org/elasticsearch/bootstrap/Bootstrap.java","26","0","2","2","213","308","0"
"orientdb","7a678522a2d83448543bc75d7360ac0857529727","core/src/main/java/com/orientechnologies/orient/core/sql/OCommandExecutorSQLCreateClass.java","26","0","2","3","118","172","0"
"titan","63cd447da2fac871c2528fcec575e19b10e7330b","src/test/java/com/thinkaurelius/faunus/formats/sequence/faunus01/FaunusVertex01Test.java","26","0","2","3","99","119","1"
"elasticsearch","b6a9bd9a31862bf4f73efd0009727134b91c4f27","src/main/java/org/elasticsearch/cluster/routing/ImmutableShardRouting.java","26","0","2","32","228","307","0"
"elasticsearch","e530f03b9445e98728b5fbf203c57ab774928ff3","src/main/java/org/elasticsearch/cluster/routing/ImmutableShardRouting.java","26","0","2","32","228","308","0"
"elasticsearch","a8dcfa5deb65d57ae4814f97c7f5231ed45507c2","src/main/java/org/elasticsearch/cluster/routing/ImmutableShardRouting.java","26","0","2","32","228","312","0"
"elasticsearch","96f1606cdc0fdb7a7e9f749c73ef9e0d326e64b2","src/test/java/org/elasticsearch/search/suggest/CompletionSuggestSearchTests.java","26","0","2","38","955","1175","0"
"orientdb","a56ae91e7d9f772da4288542cee900793c24e5e1","core/src/main/java/com/orientechnologies/orient/core/sql/OCommandExecutorSQLCreateClass.java","26","0","2","4","122","177","0"
"hazelcast","cc3d0fe4536065dc80b0102f7198bccdeb1b5a1d","hazelcast-client-new/src/test/java/com/hazelcast/client/map/ClientMapTest.java","26","0","2","40","799","959","0"
"orientdb","ea1339b2d74756f4efec13f3bb59c93a0a409b47","core/src/main/java/com/orientechnologies/orient/core/sql/OIndexSearchResult.java","26","0","2","5","105","171","1"
"orientdb","26f0f55812f7fc8466a998911d9a81f3ef4e0cc8","core/src/main/java/com/orientechnologies/orient/core/sql/OCommandExecutorSQLAlterClass.java","26","0","2","5","111","169","0"
"antlr4","8af00801037d3b8933f29d0903daac3e9c05349e","tool/src/org/antlr/v4/misc/EscapeSequenceParsing.java","26","0","2","6","136","172","0"
"antlr4","9519bfc36fcab155a4c37fbb32e5e83e02d58a6f","tool/src/org/antlr/v4/misc/EscapeSequenceParsing.java","26","0","2","6","151","187","0"
"elasticsearch","b11f81d744a5c23bf7c20d696939e226905c60e7","src/main/java/org/elasticsearch/common/lucene/search/Queries.java","26","0","2","7","131","191","0"
"hazelcast","b2d12fec8083c2514d8331d4f00846a8fe006b5e","hazelcast/src/main/java/com/hazelcast/cluster/impl/ConfigCheck.java","26","0","2","7","161","232","0"
"hazelcast","f351d4e4d3b5d5e4e4a39c7d328f91b2c161061e","hazelcast/src/main/java/com/hazelcast/cluster/ConfigCheck.java","26","0","2","7","161","232","0"
"hazelcast","ea6df5b26c649fe055f90ebd8edfb6395649a658","hazelcast/src/main/java/com/hazelcast/cluster/impl/ConfigCheck.java","26","0","2","7","161","232","1"
"elasticsearch","371c73e14023917f3892090d2d3d7ff9ac1216b9","core/src/main/java/org/elasticsearch/action/admin/cluster/node/tasks/list/ListTasksResponse.java","26","0","2","8","160","213","3"
"elasticsearch","78574d248cf10dad1c5a566fda79e1e0c94afe43","core/src/main/java/org/elasticsearch/action/admin/cluster/node/tasks/list/ListTasksResponse.java","26","0","2","8","160","213","2"
"elasticsearch","e6aaaf11ed4a1b8f595f920de1840938eddb7a97","core/src/main/java/org/elasticsearch/action/admin/cluster/node/tasks/list/ListTasksResponse.java","26","0","2","8","160","213","2"
"elasticsearch","a60b8948ba1d836a6eac7cff095519e618939ed8","core/src/main/java/org/elasticsearch/action/admin/cluster/node/tasks/list/ListTasksResponse.java","26","0","2","8","160","213","0"
"elasticsearch","b49635539d929d6cb5ee56153e2f95872fe4bb16","modules/lang-painless/src/main/java/org/elasticsearch/painless/Variables.java","26","0","2","9","130","218","1"
"elasticsearch","bf5152278882b74b1a156e90d87adb954eead4e6","test/framework/src/main/java/org/elasticsearch/test/transport/MockTransportService.java","26","0","21","35","516","744","1"
"elasticsearch","a5daa5d3a2f58dda0ab6133ccc5ead4d4a701c3a","test/framework/src/main/java/org/elasticsearch/test/transport/MockTransportService.java","26","0","21","35","520","749","0"
"Android-Universal-Image-Loader","4f3172262de460ad4b59d86f036c8a38aec9ee93","library/src/com/nostra13/universalimageloader/core/decode/BaseImageDecoder.java","26","0","3","0","171","236","0"
"elasticsearch","5c0f09b03ab8e82f260810529d7c42b04d1bd239","core/src/main/java/org/elasticsearch/node/service/NodeService.java","26","0","3","10","147","198","1"
"elasticsearch","c416b23739f87a25bee9d04d9a6487703ae68edc","core/src/main/java/org/elasticsearch/node/service/NodeService.java","26","0","3","10","150","201","0"
"elasticsearch","c32de1f72b8f1131daf710a2144be31c55cb4f93","core/src/test/java/org/elasticsearch/index/IndexWithShadowReplicasIT.java","26","0","3","10","642","822","1"
"elasticsearch","7e53123f1f5539b2466bb9e3666114cb5a613441","core/src/test/java/org/elasticsearch/index/IndexWithShadowReplicasIT.java","26","0","3","10","648","828","1"
"elasticsearch","9a3216dfee351e3dca63d4d0c9845575f1d6ad1f","core/src/main/java/org/elasticsearch/common/lucene/search/Queries.java","26","0","3","11","151","205","2"
"neo4j","3ed66e89e2124dbaed80bc06de50f8f2bb7df860","community/kernel/src/main/java/org/neo4j/kernel/NeoStoreDataSource.java","26","0","3","16","840","1056","2"
"netty","e06fcdbc6a162f085b77e25bed1f847026cfd3ea","transport/src/main/java/io/netty/channel/group/DefaultChannelGroup.java","26","0","3","20","216","284","0"
"elasticsearch","bef1c8511d3f99aa681c49396bf9c707f2e7d8a9","core/src/test/java/org/elasticsearch/action/support/replication/TransportReplicationActionTests.java","26","0","3","22","723","887","0"
"elasticsearch","35861574674581e07ec7554b29a02be4bd89b97d","src/test/java/org/elasticsearch/search/aggregations/bucket/BytesRefHashTests.java","26","0","3","4","191","247","1"
"elasticsearch","01ca81e2a37c9cd38c6dc44ae567d427c059dbe0","src/main/java/org/elasticsearch/ExceptionsHelper.java","26","0","3","8","122","168","0"
"elasticsearch","1ba73d979791577316edb021dfec655655e111e6","core/src/main/java/org/elasticsearch/common/lucene/search/Queries.java","26","0","3","9","142","195","0"
"netty","1f6e96ed150c42be5484691675bf19c44ea67814","codec-http/src/main/java/io/netty/handler/codec/http/HttpContentCompressor.java","26","0","4","0","100","167","0"
"netty","4c186c4c41d6eaa55086e4017fb6e3b4af13397f","codec-http/src/main/java/io/netty/handler/codec/http/HttpContentCompressor.java","26","0","4","0","101","168","1"
"netty","e6ca9882a107c34cf6358c8d7a68561025f06016","codec-http/src/main/java/io/netty/handler/codec/http/HttpContentCompressor.java","26","0","4","0","101","168","1"
"netty","ba6ce5449ee852b782dde9a11933f6a09b123e22","codec-http/src/main/java/io/netty/handler/codec/http/HttpContentCompressor.java","26","0","4","0","101","168","0"
"hazelcast","b9d903ab23dbaad884e6add6488d6b6ab3de3bd2","hazelcast/src/test/java/com/hazelcast/internal/serialization/impl/DataSerializableConventionsTest.java","26","0","4","0","155","225","1"
"netty","3cc405296310643bccddc8c81998c97f25b3201c","codec-http/src/main/java/io/netty/handler/codec/http/HttpContentCompressor.java","26","0","4","1","107","175","1"
"netty","844976a0a2a940eb28293e3f74bc133cbbde0bac","codec-http/src/main/java/io/netty/handler/codec/http/HttpContentCompressor.java","26","0","4","1","108","176","0"
"titan","e7167fe372470cbecec7f2713ca423fb319e455a","titan-core/src/main/java/com/thinkaurelius/titan/graphdb/blueprints/TitanBlueprintsTransaction.java","26","0","4","14","150","251","1"
"titan","070f75a3a577d2703e77fac45710686dc1cd8a99","titan-core/src/main/java/com/thinkaurelius/titan/graphdb/blueprints/TitanBlueprintsTransaction.java","26","0","4","14","151","250","0"
"hazelcast","ae9233fffeff545d037c55373eeeed5d4f7577a2","hazelcast/src/main/java/com/hazelcast/nio/serialization/Data.java","26","0","4","15","179","249","0"
"hazelcast","48ccb689ade8d8b2bd589727a2bc6768649d74a0","hazelcast/src/main/java/com/hazelcast/nio/serialization/Data.java","26","0","4","16","182","253","0"
"hazelcast","46c3160de88fb29d48da82fdc5d33fb52eea313b","hazelcast/src/test/java/com/hazelcast/test/starter/HazelcastStarter.java","26","0","4","2","180","269","0"
"elasticsearch","6a9ef99d0f60253f5e54e4474d0821b47fa4ae3d","core/src/main/java/org/elasticsearch/cluster/routing/allocation/decider/AwarenessAllocationDecider.java","26","0","4","3","134","247","0"
"orientdb","b2d2a8092faec38eb3a9f2a2d60f1ffeb2b9b6a9","graphdb/src/main/java/com/tinkerpop/blueprints/impls/orient/OrientTransactionalGraph.java","26","0","4","4","143","235","0"
"orientdb","e170ecb4ec65e48f7027f9cfe817b38891918875","graphdb/src/main/java/com/tinkerpop/blueprints/impls/orient/OrientTransactionalGraph.java","26","0","4","4","145","237","1"
"netty","521bf83d0f39896f3c87c54bebd1e8c06e86b60b","handler/src/main/java/io/netty/handler/timeout/IdleStateHandler.java","26","0","4","8","247","452","0"
"BroadleafCommerce","7da760ada0cf3c3164075c970c90d47e36b4bef4","core/broadleaf-framework/src/main/java/org/broadleafcommerce/core/offer/domain/OfferImpl.java","26","0","4","83","733","906","1"
"titan","ed88d7286080492045efafb45a69fa4cb6eeb94d","src/main/java/com/thinkaurelius/titan/util/interval/Range.java","26","0","5","10","116","179","0"
"elasticsearch","60bddc28ebd690446c88a454cc24de984fdf0fc5","src/main/java/org/elasticsearch/cluster/routing/ImmutableShardRouting.java","26","0","5","29","228","338","0"
"MapDB","16becd4cfa393c94dd03a4261e8766d70a170978","src/main/java/org/mapdb/Store.java","26","0","5","5","171","237","0"
"netty","ab925abc7db806ead57f8d9ea50ff322ce2ff891","codec-http2/src/main/java/io/netty/handler/codec/http2/DefaultHttp2LocalFlowController.java","26","0","5","8","259","444","0"
"elasticsearch","de9fca9cb26cb90aeaecada6bae35d219b07c5ca","src/test/java/org/elasticsearch/search/aggregations/bucket/DateHistogramTests.java","26","0","6","25","924","1204","2"
"elasticsearch","6c3beaa2ebe4921474addf07ce3aa02a3cb7f915","core/src/main/java/org/elasticsearch/index/query/QueryShardContext.java","26","0","6","32","284","374","0"
"hazelcast","c99737523eb1e3b576d2f4fd450916bb708aff50","hazelcast/src/main/java/com/hazelcast/internal/nearcache/impl/invalidation/RepairingHandler.java","26","0","6","5","143","217","1"
"elasticsearch","6c3beaa2ebe4921474addf07ce3aa02a3cb7f915","core/src/main/java/org/elasticsearch/index/query/NestedQueryBuilder.java","26","0","6","5","204","277","0"
"elasticsearch","371c73e14023917f3892090d2d3d7ff9ac1216b9","core/src/main/java/org/elasticsearch/index/query/NestedQueryBuilder.java","26","0","6","5","205","280","3"
"elasticsearch","78574d248cf10dad1c5a566fda79e1e0c94afe43","core/src/main/java/org/elasticsearch/index/query/NestedQueryBuilder.java","26","0","6","5","205","280","2"
"elasticsearch","e6aaaf11ed4a1b8f595f920de1840938eddb7a97","core/src/main/java/org/elasticsearch/index/query/NestedQueryBuilder.java","26","0","6","5","205","280","2"
"elasticsearch","fed6b7246047cdbfd376c179b6b15c62d9cdf2a1","core/src/main/java/org/elasticsearch/index/query/NestedQueryBuilder.java","26","0","6","5","205","280","1"
"elasticsearch","a60b8948ba1d836a6eac7cff095519e618939ed8","core/src/main/java/org/elasticsearch/index/query/NestedQueryBuilder.java","26","0","6","5","205","280","0"
"elasticsearch","075cb970c068aafb158ed8977c2dba93d8e6c85a","core/src/main/java/org/elasticsearch/index/query/NestedQueryBuilder.java","26","0","6","5","206","281","0"
"MapDB","30e17d451a5d942b722be7e04f340a8a3f2ba9b1","src/main/java/org/mapdb/EngineWrapper.java","26","0","6","66","476","645","0"
"elasticsearch","371c73e14023917f3892090d2d3d7ff9ac1216b9","core/src/main/java/org/elasticsearch/cluster/routing/allocation/command/CancelAllocationCommand.java","26","0","6","8","164","231","3"
"elasticsearch","3f6a3c01dadb1951b597ffdbd068359a2fbc84c8","core/src/main/java/org/elasticsearch/cluster/routing/allocation/command/CancelAllocationCommand.java","26","0","6","8","164","231","1"
"elasticsearch","78574d248cf10dad1c5a566fda79e1e0c94afe43","core/src/main/java/org/elasticsearch/cluster/routing/allocation/command/CancelAllocationCommand.java","26","0","6","8","164","231","2"
"elasticsearch","e6aaaf11ed4a1b8f595f920de1840938eddb7a97","core/src/main/java/org/elasticsearch/cluster/routing/allocation/command/CancelAllocationCommand.java","26","0","6","8","164","231","2"
"elasticsearch","a60b8948ba1d836a6eac7cff095519e618939ed8","core/src/main/java/org/elasticsearch/cluster/routing/allocation/command/CancelAllocationCommand.java","26","0","6","8","164","231","0"
"elasticsearch","6abcd42a05a0e2bc4eaf1add6a41ae7d48f840c2","core/src/main/java/org/elasticsearch/cluster/routing/allocation/command/CancelAllocationCommand.java","26","0","6","8","165","232","0"
"elasticsearch","7678ab52644ebeedf8a3428382cadb065fd24f51","src/main/java/org/elasticsearch/index/fielddata/plain/ParentChildIndexFieldData.java","26","0","6","9","373","493","0"
"BroadleafCommerce","dbcdf4946af5063ae942909c65ff630f49b626a5","common/src/main/java/org/broadleafcommerce/common/rule/MvelHelper.java","26","0","7","1","141","275","0"
"elasticsearch","ae69645e9f88a27111446ccb2487c9325b1c4d3a","core/src/test/java/org/elasticsearch/index/mapper/all/SimpleAllMapperTests.java","26","0","7","14","381","457","2"
"elasticsearch","7adf9929bae22049d157676756b49597bca98426","plugins/cloud-aws/src/test/java/org/elasticsearch/repositories/s3/AbstractS3SnapshotRestoreTest.java","26","0","7","8","388","503","1"
"elasticsearch","61a307f28d069ac57fa2326ab0b75bce759b0145","src/test/java/org/elasticsearch/repositories/s3/AbstractS3SnapshotRestoreTest.java","26","0","7","8","389","503","1"
"elasticsearch","4040f194f528c76c88be70b119cf9d7d6fcea99b","plugins/cloud-aws/src/test/java/org/elasticsearch/repositories/s3/AbstractS3SnapshotRestoreTest.java","26","0","7","8","389","504","0"
"elasticsearch","d680b94eb748585ed7eebdce1c4184fe61829ad5","src/test/java/org/elasticsearch/repositories/s3/AbstractS3SnapshotRestoreTest.java","26","0","7","8","391","505","0"
"elasticsearch","2ebb44d56f2c61cb14afca1caea21a0ecd4130fb","core/src/main/java/org/elasticsearch/search/aggregations/pipeline/movavg/models/HoltWintersModel.java","26","0","8","14","255","424","0"
"elasticsearch","69e21d4cc3aa9a83b23b3f34a2f6be2ff8a60382","core/src/main/java/org/elasticsearch/index/query/HasParentQueryBuilder.java","26","0","8","2","198","271","2"
"elasticsearch","b17a92c9110259fa0f3049374908f9d6b9150f1e","core/src/main/java/org/elasticsearch/index/query/HasParentQueryBuilder.java","26","0","8","2","205","278","1"
"elasticsearch","a758eec78ab04cdda121f43e3e6147cbad8dc4a2","core/src/test/java/org/elasticsearch/search/aggregations/bucket/DateHistogramIT.java","26","0","8","28","1099","1387","2"
"elasticsearch","5098dcaf96744fbc9f1ae5179e530453e9654de0","core/src/test/java/org/elasticsearch/search/aggregations/bucket/DateHistogramIT.java","26","0","8","28","1100","1389","3"
"elasticsearch","e01c0927a6f1faa07990eb3433ea4191e99c4920","core/src/test/java/org/elasticsearch/search/aggregations/bucket/DateHistogramIT.java","26","0","8","28","1104","1391","2"
"elasticsearch","2b3760f78b26817b5a2030aa27b1ddf2f17462f6","core/src/main/java/org/elasticsearch/rest/RestController.java","26","0","8","3","204","329","1"
"elasticsearch","51d53791fe71c9cb62bc992588a57cdfb500383f","core/src/main/java/org/elasticsearch/rest/RestController.java","26","0","8","3","204","330","0"
"elasticsearch","1ac728d22bf6375a78daa171095e918a54932f7c","core/src/main/java/org/elasticsearch/search/aggregations/pipeline/movavg/models/HoltWintersModel.java","26","0","9","14","254","423","2"
"elasticsearch","ae742c4a038b5a1f7cbfdf1697845cd8ea4d71ac","core/src/main/java/org/elasticsearch/search/aggregations/pipeline/movavg/models/HoltWintersModel.java","26","0","9","14","255","424","1"
"BroadleafCommerce","5171fe61ec0ced8f7ed4a2fc93e1741f854e9c65","common/src/main/java/org/broadleafcommerce/common/extensibility/context/merge/AbstractMergeBeanPostProcessor.java","26","0","9","3","161","273","0"
"orientdb","76ffdc9fe1e541460329297a955e8494c36be8f5","client/src/main/java/com/orientechnologies/orient/client/remote/OStorageRemote.java","260","0","4","66","1621","2142","1"
"orientdb","807221944f10678433892c192193cb40989fc482","core/src/main/java/com/orientechnologies/orient/core/db/tool/ODatabaseImport.java","261","0","1","19","1294","1695","0"
"netty","4ee361e3024b33ac3a160e8124ee7f0e5a1f4b42","handler/src/main/java/io/netty/handler/ssl/ReferenceCountedOpenSslEngine.java","261","0","3","39","1505","1962","7"
"titan","4bc081be419e372fa611b672481294033f98f4aa","titan-test/src/main/java/com/thinkaurelius/titan/graphdb/TitanGraphTest.java","262","0","21","41","3641","4692","1"
"titan","376bad20b40a842876fbda80efd2583266c88cfe","titan-test/src/main/java/com/thinkaurelius/titan/graphdb/TitanGraphTest.java","262","0","21","42","3663","4724","0"
"netty","53fc69390130f7a5a33d454a59ad214f6b4176f5","handler/src/main/java/io/netty/handler/ssl/ReferenceCountedOpenSslEngine.java","262","0","4","39","1448","1972","5"
"netty","f343de8fb178103d6dd966a9e81e09f67c201aac","handler/src/main/java/io/netty/handler/ssl/ReferenceCountedOpenSslEngine.java","262","0","4","39","1449","1973","6"
"netty","90a61046c7be6515d52577397cebb06a713f58e0","handler/src/main/java/io/netty/handler/ssl/ReferenceCountedOpenSslEngine.java","262","0","4","39","1453","1975","5"
"netty","70bcb408555b38c58fac236efddc082710686f93","handler/src/main/java/io/netty/handler/ssl/ReferenceCountedOpenSslEngine.java","262","0","4","39","1454","1980","5"
"hazelcast","ecaaec40f356936a3252c08a2bf6f4180fd3c81b","hazelcast/src/main/java/com/hazelcast/config/XmlConfigBuilder.java","262","0","6","1","1038","1156","0"
"netty","40bead56c4d57b33e751ef243c7fb3cfe861bfac","handler/src/main/java/io/netty/handler/ssl/ReferenceCountedOpenSslEngine.java","263","0","4","39","1451","1976","6"
"netty","ed1071d327cdd77bf520befda7f62081374e77bc","handler/src/main/java/io/netty/handler/ssl/ReferenceCountedOpenSslEngine.java","263","0","4","39","1452","1977","5"
"hazelcast","2c84640858569786577afc9fb091d5b1e7e73b8b","hazelcast/src/main/java/com/hazelcast/partition/impl/InternalPartitionServiceImpl.java","263","0","5","36","1657","1936","0"
"ceylon-ide-eclipse","142affd9309b6c998662ff091c36afbdc286ffe0","plugins/com.redhat.ceylon.eclipse.ui/src/com/redhat/ceylon/eclipse/core/model/JDTModelLoader.java","264","0","2","62","1369","1614","0"
"titan","a6d482084d31298b2585952d4f63b13f4c35ddf0","titan-test/src/main/java/com/thinkaurelius/titan/graphdb/TitanGraphTest.java","264","0","21","44","3676","4752","1"
"titan","43df5df06cf3697da19de6fc286f28905647f3f8","titan-test/src/main/java/com/thinkaurelius/titan/graphdb/TitanGraphTest.java","264","0","21","45","3697","4779","0"
"orientdb","0b098ecbb27731eae0d6bc55a5750b000a6b9777","core/src/main/java/com/orientechnologies/orient/core/sql/parser/OMatchStatement.java","264","0","4","45","1088","1337","0"
"hazelcast","53d1a834b092b32ede787d295491e59af6e897ea","hazelcast/src/main/java/com/hazelcast/partition/impl/InternalPartitionServiceImpl.java","264","0","5","36","1660","1939","2"
"hazelcast","2df063d441d3830ee797541830899e3248a8590e","hazelcast/src/main/java/com/hazelcast/partition/impl/InternalPartitionServiceImpl.java","264","0","5","38","1635","1920","1"
"hazelcast","1c52b3168b2cb32e5b01cf28812512ae01cf5b94","hazelcast/src/main/java/com/hazelcast/partition/impl/InternalPartitionServiceImpl.java","264","0","5","38","1637","1922","2"
"netty","270e9d66c5a422b007312cb282097a8cc9b1b091","handler/src/main/java/io/netty/handler/ssl/ReferenceCountedOpenSslEngine.java","264","0","6","39","1480","2022","6"
"orientdb","4acb4341df3d114ea1b924d7b6333991c25cbff2","core/src/main/java/com/orientechnologies/orient/core/sql/parser/OrientSqlTokenManager.java","2648","0","8","0","5747","5780","1"
"hazelcast","e132a6c1f7eab35ac027f5a627603bdd1fd52c13","hazelcast-spring/src/main/java/com/hazelcast/spring/HazelcastConfigBeanDefinitionParser.java","265","0","1","0","1298","1445","2"
"netty","42fba015ce82ab4ab30e547c888db82fe74094e9","handler/src/main/java/io/netty/handler/ssl/ReferenceCountedOpenSslEngine.java","265","0","3","39","1499","1958","8"
"hazelcast","49d70060a7b54249744c4d990d8125c3b7431b06","hazelcast/src/main/java/com/hazelcast/partition/impl/InternalPartitionServiceImpl.java","265","0","5","36","1663","1942","1"
"hazelcast","86b80adb102d46ad1bfdbac4859cf32d6af27669","hazelcast/src/main/java/com/hazelcast/partition/impl/InternalPartitionServiceImpl.java","265","0","5","38","1639","1924","0"
"hazelcast","9065320d7c988e00fb8bc7f519de6dfd9585cb53","hazelcast/src/main/java/com/hazelcast/partition/impl/InternalPartitionServiceImpl.java","265","0","5","38","1668","1948","1"
"hazelcast","8486d5bc378922241564bafce0da3d49d48c5f03","hazelcast/src/main/java/com/hazelcast/partition/impl/InternalPartitionServiceImpl.java","265","0","7","43","1761","2105","1"
"hazelcast","b1029996477aa371bfa39152dd206715db37f39b","hazelcast-spring/src/main/java/com/hazelcast/spring/HazelcastConfigBeanDefinitionParser.java","266","0","1","0","1306","1454","1"
"netty","aab89b058e2e31fb50f5df98325dc40db61fbced","handler/src/main/java/io/netty/handler/ssl/ReferenceCountedOpenSslEngine.java","266","0","6","39","1482","2024","5"
"netty","24f801c7d1d1e66193d6ff0da3b93ce427b2b329","handler/src/main/java/io/netty/handler/ssl/ReferenceCountedOpenSslEngine.java","266","0","6","39","1482","2029","5"
"hazelcast","9ca0dc5838e379cf86603dbd870bc5b0a37986e2","hazelcast-spring/src/main/java/com/hazelcast/spring/HazelcastConfigBeanDefinitionParser.java","267","0","1","0","1308","1456","0"
"orientdb","4d24f33df3c71ab18a47b6d6e762c4eed1c95bda","tools/src/main/java/com/orientechnologies/orient/console/OConsoleDatabaseApp.java","267","0","12","100","1823","2311","2"
"orientdb","4e09ef581ad852b71de8a1f355aea68fc41080ab","tools/src/main/java/com/orientechnologies/orient/console/OConsoleDatabaseApp.java","267","0","12","100","1824","2312","3"
"orientdb","76ffdc9fe1e541460329297a955e8494c36be8f5","tools/src/main/java/com/orientechnologies/orient/console/OConsoleDatabaseApp.java","267","0","12","99","1820","2306","3"
"netty","c4e96d010e3d16810d7130c93169817b3d72b421","handler/src/main/java/io/netty/handler/ssl/ReferenceCountedOpenSslEngine.java","267","0","3","39","1528","1998","8"
"orientdb","c1f0f046093d166b58193818b359c73d4a50c228","client/src/main/java/com/orientechnologies/orient/client/remote/OStorageRemote.java","267","0","4","67","1659","2193","0"
"hazelcast","338401bd3784a3b409e07f15d1edc9670b8f0139","hazelcast/src/main/java/com/hazelcast/partition/impl/InternalPartitionServiceImpl.java","267","0","7","43","1767","2112","0"
"MapDB","00a8930ff0dbd0cf3cc9520013037706899b867d","src/main/java/org/mapdb/Volume.java","268","0","15","236","1892","2558","0"
"ceylon-ide-eclipse","ab2863bb53e370033c2de6e82104198fda13d1ce","plugins/com.redhat.ceylon.eclipse.ui/src/com/redhat/ceylon/eclipse/core/model/JDTModelLoader.java","268","0","2","62","1377","1622","2"
"netty","c8575c42d0964812c0d2617f98efa7cb64c46be8","handler/src/main/java/io/netty/handler/ssl/ReferenceCountedOpenSslEngine.java","268","0","3","39","1531","2005","7"
"orientdb","b2da48e3afbf13d261e339a76b8f2ad78837ff2e","core/src/main/java/com/orientechnologies/orient/core/metadata/schema/OClassImpl.java","268","0","6","100","1926","2455","1"
"netty","0ca2c3016b1e8aa1fa8d789ce3eac68ffff3d912","handler/src/main/java/io/netty/handler/ssl/ReferenceCountedOpenSslEngine.java","269","0","3","39","1534","2010","8"
"orientdb","76ffdc9fe1e541460329297a955e8494c36be8f5","core/src/main/java/com/orientechnologies/orient/core/metadata/schema/OClassImpl.java","269","0","6","100","1924","2456","2"
"hazelcast","0a0bb8ca3cf5d6f1762df8f950a774ec1a838e29","hazelcast/src/main/java/com/hazelcast/partition/impl/InternalPartitionServiceImpl.java","269","0","7","45","1792","2143","1"
"orientdb","3fd79f333e2a5c17bcac9d2ddfe74044e2dfecdd","core/src/main/java/com/orientechnologies/orient/core/sql/parser/OrientSqlTokenManager.java","2694","0","8","0","5831","5864","0"
"Android-Universal-Image-Loader","f976103a9d8c3ce755e31017750aaa4a8519d566","UniversalImageLoader/src/com/nostra13/universalimageloader/core/ImageDecoder.java","27","0","0","0","125","195","0"
"elasticsearch","9abb12541754813f1919a5f65d3bfbe8ce7f8d34","modules/reindex/src/main/java/org/elasticsearch/index/reindex/remote/RemoteRequestBuilders.java","27","0","0","0","150","194","1"
"elasticsearch","9ca5e6e3e12cf4f13eb6ed0140d9073ba89c61c9","src/test/java/org/elasticsearch/test/ExternalNode.java","27","0","0","0","177","226","1"
"hazelcast","1c93e005e88f8bbcfd90c55156ebbe80e2c43a61","hazelcast/src/main/java/com/hazelcast/nio/serialization/ByteBufferObjectDataOutput.java","27","0","0","0","200","270","0"
"hazelcast","d82e4d1e9cd72420b5735d4bfa88b773818456c6","hazelcast/src/main/java/com/hazelcast/nio/serialization/PortableContextImpl.java","27","0","0","0","208","270","0"
"hazelcast","61844df5bad348db96da6fe1d96e889d5e4a2542","hazelcast-client/src/main/java/com/hazelcast/client/txn/proxy/xa/XAResourceProxy.java","27","0","0","0","215","261","0"
"hazelcast","70d4de16ff0ac4518d09aad8c9f2ad9e782fb337","hazelcast/src/main/java/com/hazelcast/internal/serialization/impl/PortableContextImpl.java","27","0","0","0","220","282","1"
"hazelcast","efffe92e8068d71a50749a1f577ec86377fcee0e","hazelcast/src/main/java/com/hazelcast/nio/serialization/impl/PortableContextImpl.java","27","0","0","0","220","282","1"
"hazelcast","0b97d690c05fc22e5c2ab29e4c7697a125ffd691","hazelcast/src/main/java/com/hazelcast/nio/serialization/impl/PortableContextImpl.java","27","0","0","0","220","282","0"
"netty","5f5cdd10895f6ee4800104d1b95e2960e2b2325e","transport-native-epoll/src/main/java/io/netty/channel/epoll/AbstractEpollChannel.java","27","0","0","0","248","341","1"
"netty","d711eb827dbdf75ec2ffada8c409ca629828abd4","transport-native-epoll/src/main/java/io/netty/channel/epoll/AbstractEpollChannel.java","27","0","0","0","251","343","0"
"hazelcast","ed777f64e4d046bb45ae4ee062b463e33526e3ad","hazelcast-client/src/main/java/com/hazelcast/client/spi/ProxyManager.java","27","0","0","0","257","311","1"
"hazelcast","bb3ea0e107980d769862cdbda748cc91529d67b5","hazelcast-client/src/main/java/com/hazelcast/client/spi/ProxyManager.java","27","0","0","0","260","314","0"
"hazelcast","4293be6ecc928a21d75861323e7de68bcfcbd581","hazelcast-client/src/main/java/com/hazelcast/client/spi/impl/ClusterListenerSupport.java","27","0","0","0","261","316","2"
"hazelcast","89d278f650c17e89f5995a68e872e73d0d4b33e1","hazelcast-client/src/main/java/com/hazelcast/client/spi/impl/ClusterListenerSupport.java","27","0","0","0","261","316","2"
"hazelcast","7bbd09998bef0e37932583a7daf1c2af924ef532","hazelcast-client/src/main/java/com/hazelcast/client/spi/impl/ClusterListenerSupport.java","27","0","0","0","261","316","0"
"hazelcast","0603aa048b33b7b63c240c8b0e5c509499c798f7","hazelcast-client/src/main/java/com/hazelcast/client/spi/ProxyManager.java","27","0","0","0","263","319","2"
"hazelcast","63a826655972b744494620ae25871cf0cdc9444f","hazelcast-client/src/main/java/com/hazelcast/client/spi/impl/ClientInvocationServiceSupport.java","27","0","0","0","282","350","2"
"hazelcast","98b898503b40f5fd2d50677d8eb7d145a361ff50","hazelcast-client/src/main/java/com/hazelcast/client/spi/impl/ClientInvocationServiceSupport.java","27","0","0","0","282","350","2"
"hazelcast","8174fdbb0a80cd6c273fb7bd0efca6c3db74e8eb","hazelcast-client/src/main/java/com/hazelcast/client/spi/impl/ClientInvocationServiceSupport.java","27","0","0","0","282","350","0"
"hazelcast","5c695f915d3d5ec0116cccdbde70b3551f5dcb5a","hazelcast-client/src/main/java/com/hazelcast/client/cache/impl/ClientCacheProxy.java","27","0","0","0","285","356","0"
"hazelcast","3d5c4a3e23f4b7b31a94a47965f2d8f351445f95","hazelcast-client/src/main/java/com/hazelcast/client/spi/impl/ClientInvocationServiceSupport.java","27","0","0","0","286","354","1"
"hazelcast","8d64dbcc8fb125d6092f339204db8e4ffc447f9e","hazelcast-client/src/main/java/com/hazelcast/client/spi/impl/ClientInvocationServiceSupport.java","27","0","0","0","289","360","3"
"hazelcast","1db7424d387f04d32e0bea688b1d0337c6f88c11","hazelcast-client/src/main/java/com/hazelcast/client/spi/impl/ClientInvocationServiceSupport.java","27","0","0","0","291","362","4"
"hazelcast","2a0c927e78a54cd69f78bf72eedb256cabbc2eea","hazelcast-client/src/main/java/com/hazelcast/client/spi/impl/ClientInvocationServiceSupport.java","27","0","0","0","291","362","1"
"hazelcast","934929958888f0ee66fecccaadf2e7181cbaa9c2","hazelcast-client/src/main/java/com/hazelcast/client/spi/impl/ClientInvocationServiceSupport.java","27","0","0","0","291","362","4"
"hazelcast","a1304b28474affba4112e799770a0b9dae6c71b6","hazelcast-client/src/main/java/com/hazelcast/client/spi/impl/ClientInvocationServiceSupport.java","27","0","0","0","291","362","4"
"hazelcast","68be93d3c249e366ec0b818c82b7150c8d5c2f01","hazelcast-client/src/main/java/com/hazelcast/client/spi/impl/ClientInvocationServiceSupport.java","27","0","0","0","291","362","0"
"netty","73f472b65d9982997efdf06c1403b73c9460e795","common/src/main/java/io/netty/util/internal/PlatformDependent0.java","27","0","0","0","333","422","1"
"netty","cbc38e938a095b823abc75cb48ed8929deee5ab5","common/src/main/java/io/netty/util/internal/PlatformDependent0.java","27","0","0","0","334","425","0"
"hazelcast","5d9345d0e7f6a373bf80d27b2bf94fc798934378","hazelcast-client/src/test/java/com/hazelcast/client/ClientRegressionWithMockNetworkTest.java","27","0","0","0","605","816","1"
"hazelcast","e3924ae149f91529595ed230f218cdd1ed6c6649","hazelcast-client/src/test/java/com/hazelcast/client/map/ClientMapTest.java","27","0","0","0","827","1000","2"
"mcMMO","616200f20ffd140785cfafdc7b88451906bb938d","src/main/java/com/gmail/nossr50/skills/woodcutting/Woodcutting.java","27","0","0","1","127","230","2"
"hazelcast","d070f1256c8c7fa823e6463487462826384ee1df","hazelcast/src/test/java/com/hazelcast/internal/nearcache/NearCacheRecordStoreTestSupport.java","27","0","0","1","172","227","0"
"hazelcast","2cfbd79e1e84f5987e07cedc09f582d5715c815d","hazelcast/src/test/java/com/hazelcast/cache/nearcache/NearCacheRecordStoreTestSupport.java","27","0","0","1","200","256","0"
"hazelcast","b6934ee6210e560523d52f22a4406232a0c111ff","hazelcast-client/src/test/java/com/hazelcast/client/map/ClientMapTest.java","27","0","0","1","834","1010","0"
"hazelcast","784e58f037655dc9e392f38df88695a54a444969","hazelcast-client/src/main/java/com/hazelcast/client/spi/impl/ClientInvocation.java","27","0","0","10","213","286","1"
"hazelcast","88409156324e39190af11f3608542c21899676a2","hazelcast-client/src/main/java/com/hazelcast/client/spi/impl/ClientInvocation.java","27","0","0","10","213","286","2"
"hazelcast","2510ac6c3f371032d6aceabd20dac63be71957ee","hazelcast-client/src/main/java/com/hazelcast/client/spi/impl/ClientInvocation.java","27","0","0","10","213","286","0"
"hazelcast","e4b8f5199015f03f9bdc06632073d8ea0b298aba","hazelcast/src/test/java/com/hazelcast/cache/impl/journal/BasicCacheJournalTest.java","27","0","0","10","350","435","1"
"hazelcast","4ee69f889b28896ef4174dd1ba5a30f9bac90e6f","hazelcast/src/test/java/com/hazelcast/cache/impl/journal/BasicCacheJournalTest.java","27","0","0","10","357","442","0"
"hazelcast","f2822427f5d349784b7b746e5183419e9e7c6f08","hazelcast/src/main/java/com/hazelcast/impl/TestUtil.java","27","0","0","106","519","651","1"
"hazelcast","42627a464eac6fd373ab45cf8829640c57181ff9","hazelcast/src/main/java/com/hazelcast/impl/TestUtil.java","27","0","0","107","523","655","1"
"hazelcast","f037df903225ed43b334b83fcc3a038db05b6124","hazelcast/src/main/java/com/hazelcast/impl/TestUtil.java","27","0","0","107","523","656","0"
"elasticsearch","db541d6fbe3daecec91bb7701aacfcd284662c2a","core/src/main/java/org/elasticsearch/search/aggregations/pipeline/movavg/MovAvgPipelineAggregator.java","27","0","0","11","231","328","1"
"elasticsearch","ec770373ab65bc77c9cb3ae9e4c0919bdd5219d5","src/main/java/org/elasticsearch/action/termvector/TermVectorResponse.java","27","0","0","11","254","324","1"
"neo4j","d5fff5e078ab50c257cd55a7cd82be15f2783919","community/kernel/src/test/java/org/neo4j/kernel/impl/event/TestTransactionEvents.java","27","0","0","11","696","817","2"
"netty","a980638190c055a596145ec2a6963fa8cd30126a","transport/src/test/java/io/netty/channel/SingleThreadEventLoopTest.java","27","0","0","12","245","321","0"
"neo4j","e7b3407f3dfe22e4029042512fbf88c2d60aa94d","enterprise/ha/src/main/java/org/neo4j/kernel/ha/HighlyAvailableGraphDatabase.java","27","0","0","12","628","745","1"
"neo4j","a2206e2451ffe226128a69a43f7f1f59409a0217","enterprise/ha/src/main/java/org/neo4j/kernel/ha/HighlyAvailableGraphDatabase.java","27","0","0","12","631","748","0"
"BroadleafCommerce","832701924183bbf8da0a2c6ae41a68d175050475","core/broadleaf-framework/src/main/java/org/broadleafcommerce/core/order/dao/OrderDaoImpl.java","27","0","0","14","177","235","2"
"elasticsearch","8e178c4f8e0321929b4147c1c6e1d22e488bea5d","core/src/test/java/org/elasticsearch/index/mapper/core/StringMappingUpgradeTests.java","27","0","0","14","330","372","2"
"netty","9602535b7d0bc349a8912286d3812629175b79e4","codec-http/src/test/java/io/netty/handler/codec/http/HttpContentDecoderTest.java","27","0","0","14","407","511","1"
"neo4j","c1cc6dedba2f5d439027a37c603756de10bba3ea","community/graphdb-api/src/main/java/org/neo4j/graphdb/impl/StandardExpander.java","27","0","0","14","771","926","0"
"BroadleafCommerce","83fb11ed58644108db5d65f28772c299943478f5","core/broadleaf-framework/src/main/java/org/broadleafcommerce/core/offer/domain/CandidateItemOfferImpl.java","27","0","0","15","183","237","1"
"BroadleafCommerce","83fb11ed58644108db5d65f28772c299943478f5","core/broadleaf-framework/src/main/java/org/broadleafcommerce/core/offer/domain/OrderAdjustmentImpl.java","27","0","0","15","203","253","1"
"BroadleafCommerce","83fb11ed58644108db5d65f28772c299943478f5","core/broadleaf-framework/src/main/java/org/broadleafcommerce/core/offer/domain/FulfillmentGroupAdjustmentImpl.java","27","0","0","15","204","255","1"
"elasticsearch","6177c0a90029a48638820f9910195a05636f89b1","core/src/test/java/org/elasticsearch/index/mapper/core/StringMappingUpgradeTests.java","27","0","0","17","369","414","0"
"netty","53fc69390130f7a5a33d454a59ad214f6b4176f5","handler/src/test/java/io/netty/handler/ssl/SslHandlerTest.java","27","0","0","18","573","694","0"
"elasticsearch","9ccdd3303d0a6d6bceea7ef5de74bbae5f0340dd","modules/percolator/src/main/java/org/elasticsearch/percolator/PercolatorFieldMapper.java","27","0","0","19","324","417","0"
"BroadleafCommerce","5fc2059548ec2853d8ff7f828e32709e871ec5e2","common/src/main/java/org/broadleafcommerce/common/extensibility/context/StandardConfigLocations.java","27","0","0","2","62","90","0"
"BroadleafCommerce","169f0bbfec129b2b2db37bf8d20ae4c6d373f6c0","common/src/main/java/org/broadleafcommerce/common/extensibility/context/StandardConfigLocations.java","27","0","0","2","62","93","0"
"neo4j","8a31284a00600fe653939a9b2206e0382deded40","enterprise/security/src/main/java/org/neo4j/server/security/enterprise/auth/PersonalUserManager.java","27","0","0","21","309","355","0"
"hazelcast","a15ce2b6103439db4706d551d3da12e95328e8f5","hazelcast/src/main/java/com/hazelcast/concurrent/lock/LockServiceImpl.java","27","0","0","24","283","354","0"
"hazelcast","49d70060a7b54249744c4d990d8125c3b7431b06","hazelcast-client/src/test/java/com/hazelcast/client/map/ClientMapNearCacheTest.java","27","0","0","26","377","499","1"
"hazelcast","c3c3c0dca59fc9142077f60fd4f9b1212ece4c0d","hazelcast-client/src/test/java/com/hazelcast/client/ClientNearCacheTest.java","27","0","0","27","383","507","0"
"neo4j","5cd87925774e37f1e65429cbda422e5e4f6ff0fb","enterprise/core-edge/src/test/java/org/neo4j/coreedge/discovery/Cluster.java","27","0","0","27","388","478","1"
"hazelcast","2deea892536edaf36b21b80c96c797e5a57b84ff","hazelcast-client/src/test/java/com/hazelcast/client/map/ClientMapNearCacheTest.java","27","0","0","27","414","548","2"
"hazelcast","6bb0070a656245b085512f93f77577f710b5bfaf","hazelcast-client/src/test/java/com/hazelcast/client/map/ClientMapNearCacheTest.java","27","0","0","27","414","548","2"
"hazelcast","e61fb5c3d86ca028d6e3e49a1abcb8e55a938cef","hazelcast-client/src/test/java/com/hazelcast/client/map/ClientMapNearCacheTest.java","27","0","0","27","414","548","0"
"hazelcast","026ee82ef3ca23537c2d3715073b1894e8d65449","hazelcast/src/main/java/com/hazelcast/map/impl/operation/PostJoinMapOperation.java","27","0","0","28","280","350","0"
"hazelcast","9d85b4cb569c630647ad94cda37b110dba783ddf","hazelcast/src/main/java/com/hazelcast/map/impl/operation/PostJoinMapOperation.java","27","0","0","28","281","350","0"
"hazelcast","5045ea3aa95037fee762da0747779999661da359","hazelcast-client/src/test/java/com/hazelcast/client/map/ClientMapNearCacheTest.java","27","0","0","28","435","574","2"
"hazelcast","e8854bfc9889acbc782ebd5c9a9ef93cc0aaf766","hazelcast-client/src/test/java/com/hazelcast/client/map/ClientMapNearCacheTest.java","27","0","0","28","435","574","2"
"hazelcast","ec9060844513d2811d5bee8de0b8282e4becd97b","hazelcast-client/src/test/java/com/hazelcast/client/map/ClientMapNearCacheTest.java","27","0","0","28","435","574","1"
"hazelcast","6aba33ee5d757172927ac84b505f40b8df54a879","hazelcast-client/src/test/java/com/hazelcast/client/map/ClientMapNearCacheTest.java","27","0","0","28","435","574","0"
"hazelcast","3156ce84412412a57132e1f8c26c2d6a50b77b6a","hazelcast/src/main/java/com/hazelcast/map/MapContainer.java","27","0","0","29","245","303","1"
"hazelcast","a7ec759936b5ee731affea3d124296616924c2d4","hazelcast/src/main/java/com/hazelcast/scheduledexecutor/impl/ScheduledExecutorDataSerializerHook.java","27","0","0","3","124","160","0"
"hazelcast","c7646f19153074eada5ced2b7989dfd58ac067a8","hazelcast/src/main/java/com/hazelcast/map/MapContainer.java","27","0","0","30","254","311","2"
"orientdb","2767a54ee6308493e6a69b4b2951d8d2252bfd6b","tests/src/test/java/com/orientechnologies/orient/test/database/auto/SchemaTest.java","27","0","0","31","427","637","0"
"hazelcast","31943085b486a773175de032e173f14bd76899a1","hazelcast-client/src/test/java/com/hazelcast/client/map/ClientMapNearCacheTest.java","27","0","0","32","523","683","0"
"hazelcast","5b10680e77491d29c776d815fa4264ba3c265112","hazelcast-client-new/src/test/java/com/hazelcast/client/map/ClientMapNearCacheTest.java","27","0","0","32","523","683","0"
"hazelcast","988197ee1dbbc81426ef0034df2da425b41351e2","hazelcast-client/src/test/java/com/hazelcast/client/map/ClientMapNearCacheTest.java","27","0","0","32","523","683","1"
"hazelcast","820f4b2d5e993cbc48c7f14e06f7588591085461","hazelcast-client-new/src/test/java/com/hazelcast/client/map/ClientMapNearCacheTest.java","27","0","0","32","526","685","1"
"elasticsearch","0a69f1e283e26e5d9e6a000b68b9f4778de557a1","core/src/main/java/org/elasticsearch/common/unit/ByteSizeValue.java","27","0","0","34","197","262","2"
"elasticsearch","72d2ac13280cc8c9d52361aad9e2193cbf004708","src/test/java/org/elasticsearch/common/bytes/PagedBytesReferenceTest.java","27","0","0","34","443","578","0"
"elasticsearch","5668b1cfc579e5e05f2bb50d78bcdebd75da1ecb","src/test/java/org/elasticsearch/common/bytes/PagedBytesReferenceTest.java","27","0","0","34","444","579","1"
"elasticsearch","d8f16178d3f21b4f9d17da12e7aa61613fc2c27a","src/test/java/org/elasticsearch/common/bytes/PagedBytesReferenceTest.java","27","0","0","34","446","581","1"
"elasticsearch","a6510f924520d8cdda2636ac85a1a1e43f6dfb8c","src/test/java/org/elasticsearch/common/bytes/PagedBytesReferenceTest.java","27","0","0","34","447","582","0"
"hazelcast","2388114ba2aac3aa5417e6dcd6c4b8932db39281","hazelcast/src/main/java/com/hazelcast/query/impl/getters/GetterFactory.java","27","0","0","4","123","155","1"
"elasticsearch","00de8e07fc3df9c763bbc0b6890217dc5b6bee3e","core/src/main/java/org/elasticsearch/rest/action/admin/cluster/RestNodesStatsAction.java","27","0","0","4","154","203","3"
"elasticsearch","17a2fffc9be50102fa5a9da72053c82df23b1a64","core/src/main/java/org/elasticsearch/rest/action/admin/cluster/RestNodesStatsAction.java","27","0","0","4","154","203","2"
"elasticsearch","6796464f167ce293192c43efd1cf28e4434fd5da","core/src/main/java/org/elasticsearch/rest/action/admin/cluster/RestNodesStatsAction.java","27","0","0","4","154","203","4"
"elasticsearch","6baded8e7fb920e920a288bf53764a1da3d617da","core/src/main/java/org/elasticsearch/rest/action/admin/cluster/RestNodesStatsAction.java","27","0","0","4","154","203","3"
"elasticsearch","ef610636b6a2e4b39dfd422d5156f4876b43b48a","core/src/main/java/org/elasticsearch/rest/action/admin/cluster/RestNodesStatsAction.java","27","0","0","4","154","203","1"
"elasticsearch","f5ac0e507661ec127afa07ed8dd34da50b2e4d5d","core/src/main/java/org/elasticsearch/rest/action/admin/cluster/RestNodesStatsAction.java","27","0","0","4","154","203","2"
"elasticsearch","d06a8903fdccf5985bb1b9cbfcb92580d08a544c","core/src/main/java/org/elasticsearch/rest/action/admin/cluster/RestNodesStatsAction.java","27","0","0","4","154","203","0"
"elasticsearch","2aa89820f3ee2bcaff02d05e9740b478c07f054d","client/rest/src/test/java/org/elasticsearch/client/RequestLoggerTests.java","27","0","0","4","159","191","0"
"ceylon-ide-eclipse","68aaddd71bc670b19442ce745a60f7d69e892d27","plugins/com.redhat.ceylon.eclipse.ui/src/com/redhat/ceylon/eclipse/code/resolve/CeylonHyperlinkDetector.java","27","0","0","4","191","208","0"
"ceylon-ide-eclipse","b4ba8fc98718578fcc0f3b71ead6eda969c6e96a","plugins/com.redhat.ceylon.eclipse.ui/src/com/redhat/ceylon/eclipse/code/resolve/CeylonHyperlinkDetector.java","27","0","0","4","193","210","1"
"ceylon-ide-eclipse","1b3e73c4ff7128f0311a4ccdfce30fe11513eb04","plugins/com.redhat.ceylon.eclipse.ui/src/com/redhat/ceylon/eclipse/code/resolve/CeylonHyperlinkDetector.java","27","0","0","4","194","211","0"
"hazelcast","10773b4cd855bdfd84ea80d22b8ed3c977459444","hazelcast/src/main/java/com/hazelcast/multimap/impl/MultiMapProxySupport.java","27","0","0","4","226","269","0"
"hazelcast","217c507d7725e99aad3a544ca43bd57110eb4f17","hazelcast/src/main/java/com/hazelcast/multimap/impl/MultiMapProxySupport.java","27","0","0","4","226","269","0"
"hazelcast","3ee4647695cf740a6f01e39a9831c212eb363199","hazelcast/src/main/java/com/hazelcast/multimap/impl/MultiMapProxySupport.java","27","0","0","4","226","269","1"
"neo4j","e53f7c80d98a2e35ea6a339e7f7fd44c3d2bde74","community/server/src/main/java/org/neo4j/server/rest/transactional/Neo4jJsonCodec.java","27","0","0","4","247","284","0"
"hazelcast","a66ab62588880977a90dcfaabadb8e59fcb1857e","hazelcast/src/main/java/com/hazelcast/instance/HazelcastInstanceImpl.java","27","0","0","42","343","424","1"
"hazelcast","01e94c74c111c319673233e6015bea2cbec73d80","hazelcast-client/src/test/java/com/hazelcast/client/queue/ClientQueueTest.java","27","0","0","42","449","572","2"
"hazelcast","5fe534734d912f88bed5098f3b36f3e2872c8319","hazelcast/src/main/java/com/hazelcast/instance/MemberImpl.java","27","0","0","46","335","412","1"
"netty","bc21443ea904ba37f46c1fb3b9ab99322e3bbb0d","testsuite/src/test/java/io/netty/testsuite/transport/socket/SocketSslEchoTest.java","27","0","0","5","211","263","0"
"junit","e012e06dc326394a3a834d974e9af3fea0e6df91","src/main/java/org/junit/experimental/theories/Theories.java","27","0","0","6","216","254","1"
"neo4j","93b8e01aa126e5059b42d475224f6128595d8302","community/cypher/cypher/src/main/java/org/neo4j/cypher/export/SubGraphExporter.java","27","0","0","6","229","271","1"
"elasticsearch","1f04182b8164ffb19f3805c48d67f0375262b317","core/src/test/java/org/elasticsearch/action/support/TransportActionFilterChainTests.java","27","0","0","6","376","461","0"
"elasticsearch","c9882dd1a0f3c513d4c39e99c8a928ec2a6bab18","core/src/main/java/org/elasticsearch/node/service/NodeService.java","27","0","0","6","98","132","0"
"hazelcast","ce1e746e22553cb26026935f03611d6db2a32491","hazelcast-client/src/main/java/com/hazelcast/client/impl/HazelcastClientInstanceImpl.java","27","0","0","63","601","715","0"
"hazelcast","683dab5a71f2e6d73ad203b98af60ad5f60952ea","hazelcast-client/src/main/java/com/hazelcast/client/impl/HazelcastClientInstanceImpl.java","27","0","0","67","635","756","0"
"hazelcast","e6d8b49edeaeb1fa29318ca23a075f156a39c13b","hazelcast-client/src/main/java/com/hazelcast/client/impl/HazelcastClientInstanceImpl.java","27","0","0","67","635","756","0"
"hazelcast","8a85db7a5b644fa0daf05483cd0d241caab60bcb","hazelcast-client/src/main/java/com/hazelcast/client/impl/HazelcastClientInstanceImpl.java","27","0","0","67","635","756","1"
"hazelcast","0e6b91cbda886f633ff65e705393a70f4fd6a0ee","hazelcast/src/main/java/com/hazelcast/spi/discovery/impl/DefaultDiscoveryService.java","27","0","0","7","188","236","0"
"hazelcast","05b94a07df394150a3d72b419e77efbeaf8ac125","hazelcast/src/main/java/com/hazelcast/internal/cluster/impl/MulticastService.java","27","0","0","7","203","243","2"
"hazelcast","f50f89568cc1ec0152ef2c0f221f8942080ac3b1","hazelcast/src/main/java/com/hazelcast/nio/ascii/TextReadHandler.java","27","0","0","7","208","248","1"
"hazelcast","5458ddbd165b5781f5842d0d5d30b30036b4bb0d","hazelcast/src/main/java/com/hazelcast/internal/cluster/impl/MulticastService.java","27","0","0","7","208","250","1"
"hazelcast","edf552a04847b9be709bd5d7c0151a743c114e7b","hazelcast/src/main/java/com/hazelcast/internal/cluster/impl/MulticastService.java","27","0","0","7","208","251","1"
"titan","cf981127bcf88a6f6b6c160104ce6e97c2c37554","titan-test/src/main/java/com/thinkaurelius/titan/graphdb/TitanGraphPerformanceTest.java","27","0","0","8","298","373","0"
"elasticsearch","e1efd5f6baf8dec1c23c79b346b8a29f234a98bb","core/src/test/java/org/elasticsearch/action/support/TransportActionFilterChainTests.java","27","0","0","8","376","461","0"
"elasticsearch","5f6623c03b87f914faba97064d115370d286127f","core/src/main/java/org/elasticsearch/index/query/NestedQueryParser.java","27","0","0","9","129","169","0"
"hazelcast","ce2dbc391a74c2f7b7824a936afd55c5b2a8db49","hazelcast-spring/src/main/java/com/hazelcast/spring/HazelcastClientBeanDefinitionParser.java","27","0","1","0","143","204","0"
"netty","3ce9ab2e72235bf2ae45f57de11803249419cb69","transport/src/main/java/io/netty/channel/nio/AbstractNioByteChannel.java","27","0","1","0","144","216","0"
"elasticsearch","046abdc281c321cd2128ee7684c0edfcaca07203","core/src/main/java/org/elasticsearch/search/aggregations/bucket/histogram/HistogramParser.java","27","0","1","1","129","162","3"
"BroadleafCommerce","8eab5e85852450205ee185cc484bebf480ca8a7c","core/broadleaf-framework/src/main/java/org/broadleafcommerce/core/search/dao/SolrIndexDaoImpl.java","27","0","1","1","136","183","1"
"netty","20ef4690e74a7a5007468815f070a6c1f5074d0d","transport/src/main/java/io/netty/channel/oio/AbstractOioByteChannel.java","27","0","1","1","141","221","0"
"BroadleafCommerce","b59692373bd2e17a0ce87ea0127e54b35e0d24d8","common/src/main/java/org/broadleafcommerce/common/extensibility/context/merge/handlers/NodeReplaceInsert.java","27","0","1","1","147","200","1"
"BroadleafCommerce","68dd47f378bbb678a5faf7993b406fe175659b0a","common/src/main/java/org/broadleafcommerce/common/extensibility/context/merge/handlers/NodeReplaceInsert.java","27","0","1","1","149","224","1"
"BroadleafCommerce","f7d3c72566f3c712d74d0a8dfb0a1c02897d2d86","common/src/main/java/org/broadleafcommerce/common/extensibility/context/merge/handlers/NodeReplaceInsert.java","27","0","1","1","151","226","0"
"elasticsearch","cde2c91b5adb059f9814051432b0983e74034153","src/main/java/org/elasticsearch/indices/ttl/IndicesTTLService.java","27","0","1","1","281","356","1"
"orientdb","66799e5c8371d8fdc41db882bb71a782db34d706","core/src/main/java/com/orientechnologies/orient/core/sql/operator/OQueryOperatorBetween.java","27","0","1","10","148","227","0"
"elasticsearch","add433944676594b5696bc949e3e8eea38cf037d","src/main/java/org/elasticsearch/index/cache/bitset/BitsetFilterCache.java","27","0","1","10","240","311","0"
"hazelcast","d070f1256c8c7fa823e6463487462826384ee1df","hazelcast/src/main/java/com/hazelcast/map/impl/proxy/NearCachedMapProxyImpl.java","27","0","1","10","368","464","0"
"elasticsearch","01ca81e2a37c9cd38c6dc44ae567d427c059dbe0","src/main/java/org/elasticsearch/indices/recovery/RecoveryState.java","27","0","1","108","656","822","1"
"hazelcast","31e751fe54149f3442b3c9d5a4f1222b7d18482b","hazelcast-client/src/main/java/com/hazelcast/client/util/ClientDelegatingFuture.java","27","0","1","11","175","229","1"
"hazelcast","5a47cb9e423b8b8ed95d6282d2e7b23e951147fd","hazelcast-client/src/main/java/com/hazelcast/client/util/ClientDelegatingFuture.java","27","0","1","11","175","229","2"
"hazelcast","70d4de16ff0ac4518d09aad8c9f2ad9e782fb337","hazelcast-client/src/main/java/com/hazelcast/client/util/ClientDelegatingFuture.java","27","0","1","11","175","229","2"
"hazelcast","de7eeadb70552d48e609f83978b0dbe04dc89c65","hazelcast-client/src/main/java/com/hazelcast/client/util/ClientDelegatingFuture.java","27","0","1","11","175","229","1"
"hazelcast","50ce67e41ed788d508334279c8525decaa195334","hazelcast-client-new/src/main/java/com/hazelcast/client/util/ClientDelegatingFuture.java","27","0","1","11","175","229","0"
"hazelcast","8f12f1640f60ea38ab3dda227071ea97d3b4056c","hazelcast-client/src/main/java/com/hazelcast/client/util/ClientDelegatingFuture.java","27","0","1","11","175","229","0"
"hazelcast","a174b1733ce8bd5ce179650287fe0b9da5d7cc0c","hazelcast-client/src/main/java/com/hazelcast/client/util/ClientDelegatingFuture.java","27","0","1","11","175","229","0"
"elasticsearch","7fc494727183fa1c6d4ba37bc38eccf1d2eadff9","src/main/java/org/elasticsearch/cluster/metadata/MetaDataIndexAliasesService.java","27","0","1","11","205","272","1"
"hazelcast","429f2efd2aae8db7f5328ddf09996a9ed6ff0139","hazelcast-client/src/main/java/com/hazelcast/client/spi/ProxyManager.java","27","0","1","11","244","296","1"
"hazelcast","102cc4ef8d2e7bf4eca5451494ef6bf09deb6e43","hazelcast-client/src/main/java/com/hazelcast/client/spi/ProxyManager.java","27","0","1","11","245","297","0"
"hazelcast","f68ca8d3fc0960f5faace25206e7157a10616bbe","hazelcast-client/src/main/java/com/hazelcast/client/spi/ProxyManager.java","27","0","1","11","247","300","0"
"hazelcast","99f2dd5d8710f0276d0b105ba5c0f19674b6ccdf","hazelcast-client/src/main/java/com/hazelcast/client/spi/ProxyManager.java","27","0","1","11","251","304","1"
"hazelcast","b4f94a00cf1628aa0437ded2c556bae9608f74c6","hazelcast-client/src/main/java/com/hazelcast/client/spi/ProxyManager.java","27","0","1","11","253","306","0"
"hazelcast","ed777f64e4d046bb45ae4ee062b463e33526e3ad","hazelcast-client-new/src/main/java/com/hazelcast/client/spi/ProxyManager.java","27","0","1","11","259","313","1"
"hazelcast","0b99990c091b2e5235b2c7a72b4550327db4260c","hazelcast-client-new/src/main/java/com/hazelcast/client/spi/ProxyManager.java","27","0","1","11","270","329","2"
"hazelcast","2e237d2c442305f51cdbea3740548e8bfb4401ac","hazelcast-client-new/src/main/java/com/hazelcast/client/spi/ProxyManager.java","27","0","1","11","270","329","2"
"hazelcast","a4035afdfc67b757940a15578bc51b4e7b6b0b13","hazelcast-client-new/src/main/java/com/hazelcast/client/spi/ProxyManager.java","27","0","1","11","270","329","0"
"hazelcast","0603aa048b33b7b63c240c8b0e5c509499c798f7","hazelcast-client-new/src/main/java/com/hazelcast/client/spi/ProxyManager.java","27","0","1","11","286","347","1"
"elasticsearch","2e4d18b519a4074d2b0c25f51147f334bfc9c6a1","src/test/java/org/elasticsearch/test/integration/percolator/SimplePercolatorTests.java","27","0","1","11","421","533","0"
"orientdb","694179bbd708b0a0ab131849e7132dbf55ba1a0b","client/src/main/java/com/orientechnologies/orient/client/remote/ORemoteConnectionManager.java","27","0","1","12","140","209","0"
"orientdb","d5de1f43a68d18cac57c872237e61e2da12355c5","client/src/main/java/com/orientechnologies/orient/client/remote/ORemoteConnectionManager.java","27","0","1","12","141","209","0"
"BroadleafCommerce","feb3703ff70ce65d1dd8cb5d4acd7d08e8e28291","admin/broadleaf-open-admin-platform/src/main/java/org/broadleafcommerce/openadmin/web/rulebuilder/service/AbstractRuleBuilderFieldService.java","27","0","1","12","189","245","0"
"elasticsearch","cde7d9af1c1cf1cefbc4a9e49f28796a421c5235","src/main/java/org/elasticsearch/transport/local/LocalTransport.java","27","0","1","12","292","361","0"
"elasticsearch","f5f97391176d8fe22fc21325fc5b6dea13a46e4f","src/main/java/org/elasticsearch/transport/local/LocalTransport.java","27","0","1","12","293","363","1"
"elasticsearch","41d8fbe8f51abd499c9b497238bc5f2141b7926b","core/src/main/java/org/elasticsearch/transport/local/LocalTransport.java","27","0","1","12","294","363","2"
"elasticsearch","17906ca7d615dc4c72cb5cc403f2d561dc1f2ff3","core/src/main/java/org/elasticsearch/index/shard/ShardPath.java","27","0","1","13","161","225","0"
"elasticsearch","6fd893e10de078cd4acd597e8a4c1e494dddec5e","core/src/main/java/org/elasticsearch/index/shard/ShardPath.java","27","0","1","13","163","227","0"
"elasticsearch","8e07b4fba4e200e5fecfc5bf7d34b9086f356ef2","core/src/main/java/org/elasticsearch/index/shard/ShardPath.java","27","0","1","13","164","228","1"
"hazelcast","6adb137d7e8b6abd4405ab26337072a54017cabc","hazelcast-client/src/main/java/com/hazelcast/client/util/ClientDelegatingFuture.java","27","0","1","13","188","248","2"
"hazelcast","660bbd97d28d2282bc4ac0bc66a5405e89cd0813","hazelcast-client/src/main/java/com/hazelcast/client/util/ClientDelegatingFuture.java","27","0","1","13","192","252","1"
"hazelcast","8abd442f52604f881a8f707a91f3ca9688d79c0d","hazelcast-client/src/main/java/com/hazelcast/client/spi/impl/ClientClusterServiceImpl.java","27","0","1","13","208","266","0"
"hazelcast","a11f4b9a8993912ce2725845faccab77e5f24695","hazelcast-client/src/main/java/com/hazelcast/client/txn/proxy/xa/XAResourceProxy.java","27","0","1","13","215","261","1"
"hazelcast","61844df5bad348db96da6fe1d96e889d5e4a2542","hazelcast-client-new/src/main/java/com/hazelcast/client/txn/proxy/xa/XAResourceProxy.java","27","0","1","13","218","264","0"
"hazelcast","a4035afdfc67b757940a15578bc51b4e7b6b0b13","hazelcast-client-new/src/main/java/com/hazelcast/client/proxy/txn/xa/XAResourceProxy.java","27","0","1","13","218","264","0"
"hazelcast","a11f4b9a8993912ce2725845faccab77e5f24695","hazelcast-client-new/src/main/java/com/hazelcast/client/proxy/txn/xa/XAResourceProxy.java","27","0","1","13","218","264","1"
"elasticsearch","164efaecbe42195f08ada58b5fde927ab21fc6e7","core/src/main/java/org/elasticsearch/transport/local/LocalTransport.java","27","0","1","13","297","365","1"
"elasticsearch","a77c68ba0efccbaa9628e371cf37ee3d156e48a3","core/src/main/java/org/elasticsearch/transport/local/LocalTransport.java","27","0","1","13","297","365","1"
"elasticsearch","5b8b15e729d022ac816098c40f401ba25ce7e2e0","core/src/main/java/org/elasticsearch/transport/local/LocalTransport.java","27","0","1","13","297","365","0"
"BroadleafCommerce","1d6d9e9d14cd95417746ef0404084f9e3346758f","core/broadleaf-framework/src/test/java/org/broadleafcommerce/core/offer/service/processor/ItemOfferProcessorTest.java","27","0","1","13","436","594","1"
"hazelcast","a3507ca238034c2ea2fbb21034247eddd69117ef","hazelcast-client/src/main/java/com/hazelcast/client/util/ClientDelegatingFuture.java","27","0","1","14","192","253","1"
"orientdb","87154d21d3773b56833010727fdc7e1c88c9aee3","core/src/main/java/com/orientechnologies/orient/core/index/OIndexMultiValues.java","27","0","1","14","301","405","1"
"orientdb","eda978aeda4e2d46618285fcb1d73642a30164c2","core/src/main/java/com/orientechnologies/orient/core/index/OIndexMultiValues.java","27","0","1","14","301","405","1"
"orientdb","2767a54ee6308493e6a69b4b2951d8d2252bfd6b","core/src/main/java/com/orientechnologies/orient/core/index/OIndexMultiValues.java","27","0","1","14","301","405","0"
"elasticsearch","b91cb8b77917f0e4472d99e135b93a6018728b24","src/main/java/org/elasticsearch/index/query/IndexQueryParserService.java","27","0","1","15","230","291","0"
"elasticsearch","cbe18608ef88be34b8018f76a866f84365808284","src/main/java/org/elasticsearch/index/query/IndexQueryParserService.java","27","0","1","15","231","292","0"
"elasticsearch","be103c188be2ea2b2d7b88ca6192f0b72dd20b09","src/main/java/org/elasticsearch/index/query/IndexQueryParserService.java","27","0","1","15","233","295","0"
"elasticsearch","c67a33248688f603cd04c8b996f4de3cbd8ea1ba","core/src/test/java/org/elasticsearch/index/query/GeoDistanceQueryBuilderTests.java","27","0","1","15","352","413","0"
"elasticsearch","6c23ace68fd9579e02d570d70aea8880ed3929be","src/main/java/org/elasticsearch/common/path/PathTrie.java","27","0","1","16","167","230","0"
"BroadleafCommerce","7da760ada0cf3c3164075c970c90d47e36b4bef4","core/broadleaf-framework/src/main/java/org/broadleafcommerce/core/catalog/domain/Dimension.java","27","0","1","17","133","190","1"
"orientdb","a92b5145e7e20707fd04df3a752691a934d0d3c9","core/src/main/java/com/orientechnologies/orient/core/index/OSimpleKeyIndexDefinition.java","27","0","1","17","165","234","0"
"elasticsearch","c6573e6e560c91db6845393d1afbdb01952483cd","core/src/main/java/org/elasticsearch/index/mapper/BaseGeoPointFieldMapper.java","27","0","1","17","228","291","2"
"orientdb","daa89846a07faf0215b5d99ec4121ebd7395c41e","core/src/main/java/com/orientechnologies/common/directmemory/OTrackedDirectMemoryPointer.java","27","0","1","18","171","229","0"
"elasticsearch","d4d227ba6b0d9598438cb793ef19295f16e20fc2","modules/elasticsearch/src/main/java/org/elasticsearch/index/translog/fs/FsTranslog.java","27","0","1","18","180","234","0"
"elasticsearch","297a4969989f4d61503a609fbdf1139367eb2ddc","modules/elasticsearch/src/main/java/org/elasticsearch/index/translog/fs/FsTranslog.java","27","0","1","18","181","235","0"
"orientdb","a1eed89dcfdc303c846b0d6159189f720c1bade8","core/src/test/java/com/orientechnologies/orient/core/index/sbtreebonsai/local/OSBTreeBonsaiWALTest.java","27","0","1","18","271","362","0"
"orientdb","eb87fd13a08a35e51b139724421fa7adb04049f3","core/src/test/java/com/orientechnologies/orient/core/index/sbtreebonsai/local/OSBTreeBonsaiWALTest.java","27","0","1","18","273","364","1"
"orientdb","072de68013d30fdb0086b3af332c2d4ef3b3038c","core/src/test/java/com/orientechnologies/orient/core/index/sbtree/local/SBTreeWALTest.java","27","0","1","18","289","376","0"
"hazelcast","489cc81c4df8815a70ce55529ee3e0820c3dd27d","hazelcast-client-legacy/src/main/java/com/hazelcast/client/spi/impl/ClientInvocation.java","27","0","1","19","230","289","1"
"neo4j","35a95081e67bf49b62cb45bc522541ee09635951","enterprise/cluster/src/test/java/org/neo4j/cluster/protocol/cluster/ClusterNetworkTest.java","27","0","1","19","414","560","1"
"neo4j","6f1ada5aaa5bb07edf94f944d05b0548602956f2","enterprise/cluster/src/test/java/org/neo4j/cluster/protocol/cluster/ClusterNetworkTest.java","27","0","1","19","414","561","0"
"neo4j","a2206e2451ffe226128a69a43f7f1f59409a0217","enterprise/cluster/src/test/java/org/neo4j/cluster/protocol/cluster/ClusterNetworkTest.java","27","0","1","19","423","571","1"
"orientdb","67b44e38d6982f4b915b71290548d72dbd5aaa00","core/src/test/java/com/orientechnologies/orient/core/storage/impl/local/paginated/ClusterPageTest.java","27","0","1","19","825","1104","1"
"orientdb","daa89846a07faf0215b5d99ec4121ebd7395c41e","core/src/test/java/com/orientechnologies/orient/core/storage/impl/local/paginated/ClusterPageTest.java","27","0","1","19","867","1144","0"
"elasticsearch","72a2416a8c6abbef318bc243a230774ff2578e71","src/main/java/org/apache/lucene/search/vectorhighlight/CustomFieldQuery.java","27","0","1","2","115","156","0"
"BroadleafCommerce","67ffb9c79534286cb9b05a3c32b2eefb3a336600","admin/broadleaf-open-admin-platform/src/main/java/org/broadleafcommerce/openadmin/server/service/persistence/validation/RuleFieldValidator.java","27","0","1","2","117","155","1"
"BroadleafCommerce","a2f2dc1c34ba2468a606704c07bde5e5256efe02","admin/broadleaf-open-admin-platform/src/main/java/org/broadleafcommerce/openadmin/server/service/persistence/validation/RuleFieldValidator.java","27","0","1","2","117","155","2"
"BroadleafCommerce","a600ac52945a7ee2f172cbdfdf466a6e37d63fc2","admin/broadleaf-open-admin-platform/src/main/java/org/broadleafcommerce/openadmin/server/service/persistence/validation/RuleFieldValidator.java","27","0","1","2","117","155","0"
"elasticsearch","5ea6c77dad00b90ed73779a4d936cc61c6fa0a3f","src/main/java/org/elasticsearch/search/highlight/PlainHighlighter.java","27","0","1","2","126","172","0"
"elasticsearch","58e68db1488f969755efc70269bfa5100e52b9c0","src/main/java/org/elasticsearch/search/highlight/PlainHighlighter.java","27","0","1","2","129","174","2"
"elasticsearch","a4978bc67e6bace384bd9cc8620aa83b82e0d6b4","modules/elasticsearch/src/main/java/org/elasticsearch/river/routing/RiversRouter.java","27","0","1","2","135","185","0"
"elasticsearch","e9bc7f7d955f3ea9f4e41c12bef775c3bd03af56","modules/elasticsearch/src/main/java/org/elasticsearch/river/routing/RiversRouter.java","27","0","1","2","139","191","0"
"BroadleafCommerce","d349720f8da15998ca2d360cdeaef614f8244511","common/src/main/java/org/broadleafcommerce/common/extensibility/jpa/convert/MaterializedClobTypeClassTransformer.java","27","0","1","2","140","201","0"
"netty","d5bf1a1187925f76329ec96bd4ea0913bc2d4815","codec-http/src/main/java/io/netty/handler/codec/http/HttpContentDecoder.java","27","0","1","2","150","243","0"
"netty","af4b71a00e30faf86ef1c2365e965e8f04f65bee","codec-http/src/main/java/io/netty/handler/codec/http/HttpContentDecoder.java","27","0","1","2","156","246","0"
"netty","ca5554dfe7707d2cce712d1165a648129e0a9c84","codec-http/src/main/java/io/netty/handler/codec/http/HttpContentDecoder.java","27","0","1","2","156","246","0"
"netty","4a5dc3222488db44b0174297f20b83195601cb8d","codec-http/src/main/java/io/netty/handler/codec/http/HttpContentDecoder.java","27","0","1","2","156","246","1"
"elasticsearch","ea91adf6a1ed28c1a93a6c5d38a6e02ed295ed07","src/main/java/org/elasticsearch/cloud/aws/blobstore/DefaultS3OutputStream.java","27","0","1","2","165","232","0"
"elasticsearch","64358948eff4e3b75134dc9e2776e9dc5a39e156","src/main/java/org/elasticsearch/action/search/type/TransportSearchScrollQueryAndFetchAction.java","27","0","1","2","185","241","0"
"elasticsearch","49439a09e2c1a69da0fdf034fe9dabf1cc83bf30","modules/elasticsearch/src/main/java/org/elasticsearch/index/shard/recovery/RecoverySource.java","27","0","1","2","220","289","0"
"elasticsearch","4ff1b429f1351c17ae5f3a4338a7ac33db49ef70","modules/elasticsearch/src/main/java/org/elasticsearch/index/shard/recovery/RecoverySource.java","27","0","1","2","222","291","0"
"elasticsearch","0d714d580f611de8c8f17f550f177327aac67d97","modules/elasticsearch/src/main/java/org/elasticsearch/rest/action/admin/indices/stats/RestIndicesStatsAction.java","27","0","1","2","340","410","0"
"elasticsearch","032e215f257becb9220355fcfcca31b59cd547f1","modules/elasticsearch/src/main/java/org/elasticsearch/rest/action/admin/indices/stats/RestIndicesStatsAction.java","27","0","1","2","341","411","0"
"hazelcast","0b99990c091b2e5235b2c7a72b4550327db4260c","hazelcast/src/main/java/com/hazelcast/replicatedmap/impl/record/AbstractReplicatedRecordStore.java","27","0","1","20","266","333","2"
"hazelcast","4e5ee0b7ce47bc6549852d65f60e4f72da388509","hazelcast-client/src/main/java/com/hazelcast/client/proxy/ClientReplicatedMapProxy.java","27","0","1","22","456","549","0"
"hazelcast","7b9297fbf98552daab0fcfb3a4ad7376774d5762","hazelcast-client/src/main/java/com/hazelcast/client/proxy/ClientReplicatedMapProxy.java","27","0","1","22","457","550","0"
"hazelcast","cd050d40b89556974e91deed3634f1049fb61a72","hazelcast-client/src/main/java/com/hazelcast/client/proxy/ClientReplicatedMapProxy.java","27","0","1","22","458","552","1"
"hazelcast","144b16f5422237c71d5c1b23e08cdca922368110","hazelcast/src/main/java/com/hazelcast/map/impl/MapContainer.java","27","0","1","23","255","328","0"
"hazelcast","5dd3caeda2bb8c092bb4050230f55932e2439044","hazelcast/src/main/java/com/hazelcast/map/impl/MapContainer.java","27","0","1","23","256","325","2"
"hazelcast","15ad63e930e2d564e6911025f5d234fd4144e345","hazelcast/src/main/java/com/hazelcast/map/MapContainer.java","27","0","1","23","257","327","2"
"hazelcast","b96e4af66a2c140164bd62b7599eff0ba055c1d3","hazelcast/src/main/java/com/hazelcast/map/MapContainer.java","27","0","1","23","257","331","0"
"orientdb","a1eed89dcfdc303c846b0d6159189f720c1bade8","core/src/main/java/com/orientechnologies/orient/core/index/engine/OHashTableIndexEngine.java","27","0","1","25","312","418","1"
"orientdb","eb87fd13a08a35e51b139724421fa7adb04049f3","core/src/main/java/com/orientechnologies/orient/core/index/engine/OHashTableIndexEngine.java","27","0","1","25","313","419","2"
"elasticsearch","16e350b2668d23041fa6882367b45dee7d90a336","src/main/java/org/elasticsearch/search/highlight/SearchContextHighlight.java","27","0","1","26","255","355","0"
"orientdb","2767a54ee6308493e6a69b4b2951d8d2252bfd6b","core/src/main/java/com/orientechnologies/orient/core/index/engine/OHashTableIndexEngine.java","27","0","1","26","311","418","0"
"BroadleafCommerce","15e70fe6b89d008dd88b5e98dbfc66a720db68bb","admin/broadleaf-open-admin-platform/src/main/java/org/broadleafcommerce/openadmin/dto/ForeignKey.java","27","0","1","27","147","210","0"
"orientdb","6d8d349e2271a156b13b4ad5fb39bcacceda0310","core/src/main/java/com/orientechnologies/orient/core/index/engine/OHashTableIndexEngine.java","27","0","1","27","311","419","1"
"hazelcast","84344ecbec7ba822b1c979639865d74a181fbd48","hazelcast/src/test/java/com/hazelcast/map/MapTransactionTest.java","27","0","1","29","874","1048","1"
"elasticsearch","27b53b8edfac1844a33389af9e97bc062f8b69dc","src/main/java/org/elasticsearch/index/query/HasChildFilterParser.java","27","0","1","3","113","158","0"
"elasticsearch","8136a38b3fe5f2c7730d09bfe9ca68bfd51e9785","src/main/java/org/elasticsearch/index/query/HasChildFilterParser.java","27","0","1","3","117","161","2"
"elasticsearch","523a8b4c3e8003316f3e7c6a74bdd5e4e1818dd6","modules/elasticsearch/src/main/java/org/elasticsearch/index/query/xcontent/GeoPolygonFilterParser.java","27","0","1","3","121","173","0"
"elasticsearch","523a8b4c3e8003316f3e7c6a74bdd5e4e1818dd6","modules/elasticsearch/src/main/java/org/elasticsearch/index/query/xcontent/GeoDistanceFilterParser.java","27","0","1","3","132","180","0"
"elasticsearch","91e31e530fcff909c6d8dc441c45088dd3620974","src/main/java/org/elasticsearch/search/highlight/FastVectorHighlighter.java","27","0","1","3","133","187","1"
"elasticsearch","06938e6fb0aa100d9f8980135c205f1d82bd3f5c","src/main/java/org/elasticsearch/search/highlight/FastVectorHighlighter.java","27","0","1","3","133","188","0"
"netty","8269e0f046debf561b42adf4bd9aa9b3c18d6672","codec-http/src/main/java/io/netty/handler/codec/http/HttpContentDecoder.java","27","0","1","3","157","258","0"
"elasticsearch","371c73e14023917f3892090d2d3d7ff9ac1216b9","core/src/main/java/org/elasticsearch/rest/action/search/RestMultiSearchAction.java","27","0","1","3","171","218","3"
"elasticsearch","78574d248cf10dad1c5a566fda79e1e0c94afe43","core/src/main/java/org/elasticsearch/rest/action/search/RestMultiSearchAction.java","27","0","1","3","171","218","2"
"elasticsearch","e6aaaf11ed4a1b8f595f920de1840938eddb7a97","core/src/main/java/org/elasticsearch/rest/action/search/RestMultiSearchAction.java","27","0","1","3","171","218","2"
"elasticsearch","a60b8948ba1d836a6eac7cff095519e618939ed8","core/src/main/java/org/elasticsearch/rest/action/search/RestMultiSearchAction.java","27","0","1","3","171","218","0"
"hazelcast","d831651dd5814c8074c8b4727184701986f16039","hazelcast/src/main/java/com/hazelcast/multimap/impl/MultiMapProxySupport.java","27","0","1","3","223","365","1"
"hazelcast","da8888f97af74b4590dfc1dce3d0bdeb44654000","hazelcast/src/main/java/com/hazelcast/client/impl/protocol/task/AuthenticationBaseMessageTask.java","27","0","1","3","231","290","0"
"hazelcast","11e77aa8ef9f1ba50a9ba8cc015da897bca676f4","hazelcast/src/main/java/com/hazelcast/client/impl/protocol/task/AuthenticationBaseMessageTask.java","27","0","1","3","237","297","2"
"hazelcast","324c12ca123c52820e6a271c2095649a57a9844f","hazelcast/src/main/java/com/hazelcast/client/impl/protocol/task/AuthenticationBaseMessageTask.java","27","0","1","3","238","298","2"
"hazelcast","07b9014099216a702bdfc5d212cb15983a5abece","hazelcast/src/test/java/com/hazelcast/map/MapTransactionTest.java","27","0","1","31","919","1098","0"
"hazelcast","1034eefdec20e532e39cf99fa82360a2b37de959","hazelcast/src/test/java/com/hazelcast/map/MapTransactionTest.java","27","0","1","32","940","1123","2"
"hazelcast","725d83ad155998b947db007e5c476745527cc31e","hazelcast/src/test/java/com/hazelcast/map/MapTransactionTest.java","27","0","1","33","960","1150","0"
"elasticsearch","8a876ea80e26e5c40c5ff400b77d4458b318ec18","src/test/java/org/elasticsearch/test/integration/search/highlight/HighlighterSearchTests.java","27","0","1","35","1283","1582","0"
"hazelcast","6d6baa58a44233270f28a9732e83880de579b0c3","hazelcast/src/test/java/com/hazelcast/map/MapTransactionTest.java","27","0","1","37","1031","1232","3"
"elasticsearch","0a69f1e283e26e5d9e6a000b68b9f4778de557a1","core/src/test/java/org/elasticsearch/aliases/IndexAliasesIT.java","27","0","1","37","859","1058","2"
"elasticsearch","1c741f56b94ae7b00fbf7e59c18d429b6e959a8b","core/src/test/java/org/elasticsearch/aliases/IndexAliasesIT.java","27","0","1","37","859","1058","2"
"elasticsearch","5a64f08f048461a63a0ca1354a5050c954e63d52","core/src/test/java/org/elasticsearch/aliases/IndexAliasesIT.java","27","0","1","37","859","1058","0"
"hazelcast","3665530bd1710b351b7d01dcf10d5480d93fd857","hazelcast/src/test/java/com/hazelcast/map/MapTransactionTest.java","27","0","1","38","1061","1269","1"
"hazelcast","e3a3a38f3f1919020eb5243c31045b0f22361cdd","hazelcast/src/test/java/com/hazelcast/map/MapTransactionTest.java","27","0","1","39","1083","1294","3"
"BroadleafCommerce","39daf198adf294914f54d816a59992514b92b46e","core/broadleaf-framework/src/main/java/org/broadleafcommerce/core/order/service/MergeCartServiceImpl.java","27","0","1","4","127","206","0"
"BroadleafCommerce","0bd582946e8820d5ff5eec2a07e39e826759927c","admin/broadleaf-open-admin-platform/src/main/java/org/broadleafcommerce/openadmin/server/service/persistence/validation/EntityValidatorServiceImpl.java","27","0","1","4","147","215","1"
"elasticsearch","feaccee24660191e0d85ae0be80afb5a183ce769","src/main/java/org/elasticsearch/search/query/QueryPhase.java","27","0","1","4","158","206","0"
"elasticsearch","1f6f81d840420b32a1cfb22ff9002b39316e2f1b","src/main/java/org/elasticsearch/search/query/QueryPhase.java","27","0","1","4","159","208","0"
"elasticsearch","f996b04a9f4555e8a94ce372a72571f774f26169","src/main/java/org/elasticsearch/common/lucene/docset/AndDocIdSet.java","27","0","1","4","168","219","1"
"elasticsearch","06f8a2e1a3473e80e9845545c33ee682b50aaacb","src/main/java/org/elasticsearch/common/lucene/docset/AndDocIdSet.java","27","0","1","4","179","232","0"
"elasticsearch","5e78f14f044fe0e0d875bb942d36610b27edf6b6","modules/elasticsearch/src/main/java/org/elasticsearch/action/admin/indices/status/TransportIndicesStatusAction.java","27","0","1","4","226","294","0"
"elasticsearch","b31f68a0ebdbaa61ff92293dc1914ba7bbad1765","modules/elasticsearch/src/main/java/org/elasticsearch/action/admin/indices/status/TransportIndicesStatusAction.java","27","0","1","4","229","301","0"
"elasticsearch","14d37baa4bcbae00896d8aa69f6b52aab7ba5e14","core/src/main/java/org/elasticsearch/indices/IndexingMemoryController.java","27","0","1","4","248","386","1"
"elasticsearch","8a9b5ccbc4b40a7b7fb2fa31a27350b83ff48f66","core/src/main/java/org/elasticsearch/indices/IndexingMemoryController.java","27","0","1","4","250","388","0"
"elasticsearch","46088b9f8acc057414ba222809b1b6bc3e1a435e","modules/elasticsearch/src/main/java/org/elasticsearch/search/facet/histogram/HistogramFacetProcessor.java","27","0","1","4","86","121","0"
"hazelcast","cd3feee000a902c92572be92c3f16c710b10cd4e","hazelcast/src/main/java/com/hazelcast/map/operation/MapReplicationOperation.java","27","0","1","5","192","229","3"
"hazelcast","7235ef86395b2c8ad3029834cdad7ffd752e71fc","hazelcast/src/main/java/com/hazelcast/nio/tcp/WriteHandler.java","27","0","1","5","192","320","0"
"hazelcast","25ee75460b380345650d2710508c7af9576e850f","hazelcast/src/main/java/com/hazelcast/map/operation/MapReplicationOperation.java","27","0","1","5","194","231","4"
"hazelcast","adbc8e2988688b80d6acf089c9ae7662ef1dca34","hazelcast-client/src/main/java/com/hazelcast/client/spi/impl/ClientInvocationFuture.java","27","0","1","5","208","271","1"
"hazelcast","12fb324ec43a0c4392475dc000c3f05b5f92d7e0","hazelcast-client/src/main/java/com/hazelcast/client/spi/impl/ClientInvocationFuture.java","27","0","1","5","210","273","0"
"neo4j","7723d89e6d1d951e8923fb102da0228db2e4e8f9","community/kernel/src/main/java/org/neo4j/kernel/impl/api/store/StoreNodeRelationshipCursor.java","27","0","1","5","235","301","2"
"neo4j","4f04ee08438d4e1c99095d9d8a9f2ec223af89a9","community/kernel/src/main/java/org/neo4j/kernel/impl/api/store/StoreNodeRelationshipCursor.java","27","0","1","5","239","304","1"
"hazelcast","1ffceca1e7cdee5212b4c4f4085a3a3b6bb66ebc","hazelcast/src/main/java/com/hazelcast/cluster/impl/ClusterStateManager.java","27","0","1","5","253","323","0"
"hazelcast","7e07ef2b7dcefe2f791c4b6d2050a9c44e6bf931","hazelcast/src/main/java/com/hazelcast/cluster/impl/ClusterStateManager.java","27","0","1","5","260","337","1"
"hazelcast","f47e62414e01b588d588130aa856b1ce6e4df464","hazelcast/src/main/java/com/hazelcast/cluster/impl/ClusterStateManager.java","27","0","1","5","268","345","0"
"hazelcast","1b94dc735523acce006c01d1fbfcaab95441365f","hazelcast/src/main/java/com/hazelcast/map/impl/LocalMapStatsProvider.java","27","0","1","5","275","373","1"
"hazelcast","362ce44e73e61c0a55d1b2cef8314c1adc241ec9","hazelcast/src/main/java/com/hazelcast/map/impl/LocalMapStatsProvider.java","27","0","1","5","275","374","0"
"BroadleafCommerce","124c21e9c7542c9042bc77b23e29773625097123","admin/broadleaf-admin-module/src/main/java/org/broadleafcommerce/admin/web/controller/entity/AdminProductController.java","27","0","1","5","289","368","0"
"elasticsearch","c066b6ae4ab4a0834314c9512c25a6bb68a84685","modules/elasticsearch/src/main/java/org/elasticsearch/discovery/zen/ping/multicast/MulticastZenPing.java","27","0","1","5","303","402","0"
"elasticsearch","68868c4d3f1195c04056f43b36136ec234ee4912","modules/elasticsearch/src/main/java/org/elasticsearch/cluster/metadata/MetaDataUpdateSettingsService.java","27","0","1","6","145","197","0"
"elasticsearch","001a6b0ff7a9f2185617cc3dd9dfe76e1cc04162","modules/elasticsearch/src/main/java/org/elasticsearch/cluster/metadata/MetaDataUpdateSettingsService.java","27","0","1","6","153","210","0"
"BroadleafCommerce","58d8258a56593bc913efa9aa60d0ca5f8f173bd8","core/broadleaf-framework-web/src/main/java/org/broadleafcommerce/core/web/service/UpdateCartServiceImpl.java","27","0","1","6","155","208","0"
"BroadleafCommerce","10536839a318b408e911485d2298ecde085f7c42","core/broadleaf-framework-web/src/main/java/org/broadleafcommerce/core/web/service/UpdateCartServiceImpl.java","27","0","1","6","156","209","1"
"BroadleafCommerce","f2e2ca5db03d4386f59c5fd129fe65acae3d90dd","core/broadleaf-framework-web/src/main/java/org/broadleafcommerce/core/web/service/UpdateCartServiceImpl.java","27","0","1","6","156","225","1"
"elasticsearch","4d05c9cfd5cc889be77ec16730517d5417438e92","src/test/java/org/elasticsearch/test/unit/index/fielddata/ordinals/MultiOrdinalsTests.java","27","0","1","6","224","283","1"
"elasticsearch","2dfcc3c74028bcd0d8e5444f7d851e68e91a6d83","src/test/java/org/elasticsearch/test/unit/index/fielddata/ordinals/MultiOrdinalsTests.java","27","0","1","6","245","309","0"
"elasticsearch","78574d248cf10dad1c5a566fda79e1e0c94afe43","core/src/main/java/org/elasticsearch/action/support/replication/ReplicationOperation.java","27","0","1","6","246","349","1"
"elasticsearch","637eeacb202c8770b86ee6e15e50408bc8c57eea","src/test/java/org/elasticsearch/test/unit/index/fielddata/ordinals/MultiOrdinalsTests.java","27","0","1","6","249","313","0"
"elasticsearch","a60b8948ba1d836a6eac7cff095519e618939ed8","core/src/main/java/org/elasticsearch/action/support/replication/ReplicationOperation.java","27","0","1","6","254","375","0"
"neo4j","4d3b5cd40762b26828c47787e6547cc1ea90238b","community/kernel/src/main/java/org/neo4j/kernel/impl/api/store/StorageLayer.java","27","0","1","66","618","727","0"
"BroadleafCommerce","e1b5c5edfd4736a056986859fd02aa1df016375d","common/src/main/java/org/broadleafcommerce/common/config/service/SystemPropertiesServiceImpl.java","27","0","1","7","143","208","0"
"netty","082b5f0dff8de1c1e5e830a7c2346f6794ca239a","codec-http/src/main/java/io/netty/handler/codec/http/HttpContentEncoder.java","27","0","1","7","176","276","0"
"netty","4a5dc3222488db44b0174297f20b83195601cb8d","codec-http/src/main/java/io/netty/handler/codec/http/HttpContentEncoder.java","27","0","1","7","193","296","1"
"netty","70eee55a48daad4222f8ff37d47f7182f05de473","codec-http/src/main/java/io/netty/handler/codec/http/HttpContentEncoder.java","27","0","1","7","193","296","1"
"netty","ca5554dfe7707d2cce712d1165a648129e0a9c84","codec-http/src/main/java/io/netty/handler/codec/http/HttpContentEncoder.java","27","0","1","7","193","296","0"
"netty","a218eb6f6fe07d572c90bc3bfac3f5a8cde6f5ab","codec-http/src/main/java/io/netty/handler/codec/http/HttpContentEncoder.java","27","0","1","7","193","297","1"
"elasticsearch","284a35131cd6a96baba14b31c827e5f6dab7b4ad","modules/test/integration/src/test/java/org/elasticsearch/test/integration/search/TwoInstanceEmbeddedSearchTests.java","27","0","1","7","262","362","0"
"elasticsearch","f430953ca11ed6900fc00e1b723b07388fa37781","src/main/java/org/elasticsearch/index/search/child/ChildrenQuery.java","27","0","1","7","301","392","0"
"elasticsearch","237c4ddf5418ffc997fc083b114bf3c34a3ac00f","src/main/java/org/elasticsearch/index/search/child/ChildrenQuery.java","27","0","1","7","302","393","0"
"elasticsearch","904bee12bc3a3ea4891fe40e8c894f8a52d174a7","modules/test/integration/src/test/java/org/elasticsearch/test/integration/search/sort/SimpleSortTests.java","27","0","1","7","335","442","0"
"elasticsearch","43e45a111cd0405758a30a7cf666cf0466955346","src/main/java/org/elasticsearch/discovery/zen/ping/unicast/UnicastZenPing.java","27","0","1","7","342","443","0"
"elasticsearch","cde83e363aac2195c2dc0f81bbe348bcfe8b4152","modules/lang-expression/src/main/java/org/elasticsearch/script/expression/ExpressionScriptEngineService.java","27","0","1","8","172","235","1"
"neo4j","7643273606f6449b703ac8c3692747b7a2171a07","community/csv/src/main/java/org/neo4j/csv/reader/BufferedCharSeeker.java","27","0","1","8","212","271","1"
"neo4j","130f7e56da0fa1a08005ad32a2b41609ef7ca6c7","community/csv/src/main/java/org/neo4j/csv/reader/BufferedCharSeeker.java","27","0","1","8","214","273","0"
"neo4j","c27173c3f74255b5eaad4563edb24eb005684247","community/csv/src/main/java/org/neo4j/csv/reader/BufferedCharSeeker.java","27","0","1","8","214","273","0"
"neo4j","4eb4b937b6d3f5bab20d8f8cada16e210a6d590c","community/csv/src/main/java/org/neo4j/csv/reader/BufferedCharSeeker.java","27","0","1","8","214","273","1"
"elasticsearch","db4809d9061e6c4158d73eab1e7a9c82aec6521b","core/src/main/java/org/elasticsearch/search/aggregations/bucket/significant/SignificantTermsAggregatorFactory.java","27","0","1","8","252","325","1"
"neo4j","803ec9deafb5ac3785faf698f126a32254d693be","community/server/src/main/java/org/neo4j/server/rest/transactional/TransactionHandle.java","27","0","1","8","291","351","1"
"hazelcast","95e7022bde4d07079451594452085cb7516d6ee1","hazelcast-client-legacy/src/main/java/com/hazelcast/client/proxy/NearCachedClientMapProxy.java","27","0","1","8","320","409","0"
"elasticsearch","c71ae3519fddf4b9cd1516d46fb5f5aa9b5a7c29","core/src/test/java/org/elasticsearch/cluster/routing/OperationRoutingTests.java","27","0","1","8","417","494","0"
"elasticsearch","7acdda74f4a448adad22f51c31739bda57b182b9","modules/elasticsearch/src/main/java/org/elasticsearch/client/transport/TransportClientNodesService.java","27","0","1","9","223","291","0"
"elasticsearch","7beac4ddbfabc2e2cecc06708dc48783aed4b2a1","src/main/java/org/elasticsearch/discovery/zen/fd/NodesFaultDetection.java","27","0","1","9","258","350","1"
"elasticsearch","cb51d3c5762e6f2808f9ab358943b3dc85e9bd95","modules/test/integration/src/test/java/org/elasticsearch/test/integration/search/sort/SimpleSortTests.java","27","0","1","9","420","558","0"
"elasticsearch","c71ae3519fddf4b9cd1516d46fb5f5aa9b5a7c29","core/src/test/java/org/elasticsearch/action/support/replication/ClusterStateCreationUtils.java","27","0","10","0","296","406","0"
"elasticsearch","31ecf1db98ba9822ca5eccd23dc3a09a06e91818","src/main/java/org/elasticsearch/search/suggest/context/CategoryContextMapping.java","27","0","10","11","230","342","2"
"elasticsearch","d84c643f5880a88d2e5c38b487123161f3e01fe0","core/src/main/java/org/elasticsearch/action/fieldstats/FieldStats.java","27","0","11","43","413","577","0"
"elasticsearch","e2e19203d778064efa563dd66993ca4f8faf650e","src/main/java/org/elasticsearch/index/fielddata/IndexFieldData.java","27","0","11","6","108","190","0"
"elasticsearch","f0e1f9215b1864d21214c1b44d7d127580d8950a","src/main/java/org/elasticsearch/index/fielddata/IndexFieldData.java","27","0","12","6","109","195","1"
"elasticsearch","a99ccb6112eb1f1b988e681e38349b27292f58c7","core/src/main/java/org/elasticsearch/common/io/FileSystemUtils.java","27","0","13","0","197","338","1"
"elasticsearch","25fd9e26c4fb042d6f6dea14efcd239577bdbbc4","core/src/main/java/org/elasticsearch/action/admin/cluster/allocation/ClusterAllocationExplanation.java","27","0","13","6","225","306","0"
"elasticsearch","0d5f3958e7d142a7e06437f6095cd55b98d830f3","core/src/main/java/org/elasticsearch/action/support/IndicesOptions.java","27","0","14","10","196","314","0"
"netty","2e509f7bb7a365741bdf79948c51b5e91fa3ce0a","codec-http2/src/main/java/io/netty/handler/codec/http2/Http2Settings.java","27","0","15","3","150","248","1"
"elasticsearch","a5406e1ffa28a76942bffdeba232d3652e4aff72","core/src/main/java/org/elasticsearch/common/settings/Setting.java","27","0","15","31","411","630","0"
"netty","ef729e70213adbfca7b26c2c337eb5d12839fbad","codec-http2/src/main/java/io/netty/handler/codec/http2/Http2Settings.java","27","0","16","3","152","261","0"
"hazelcast","565257f977407eb3a0199d082860209c2958f5f9","hazelcast/src/main/java/com/hazelcast/util/collection/Long2LongHashMap.java","27","0","16","7","328","464","1"
"elasticsearch","201dc87aae5dcc4bbaf092c0033424b8bec15b37","core/src/main/java/org/elasticsearch/action/bulk/BulkItemResponse.java","27","0","17","7","188","296","0"
"elasticsearch","d732c0d19f582afe97397cf120dd500da6a0601b","core/src/main/java/org/elasticsearch/action/bulk/BulkItemResponse.java","27","0","17","7","190","298","1"
"elasticsearch","0cdbcdab64ee37229c709c2f301c8065a5da56ec","core/src/main/java/org/elasticsearch/index/query/BoolQueryBuilder.java","27","0","18","1","209","351","3"
"hazelcast","158aa74e02ecaf3758f928ed2cb78bdc8b265e60","hazelcast/src/main/java/com/hazelcast/util/Preconditions.java","27","0","19","1","143","341","1"
"MapDB","7731be01d18476affed01e7d553093132ece2794","src/main/java/org/mapdb/CompressLZF.java","27","0","2","1","125","338","0"
"elasticsearch","984b94e8b75f4c7f5a5e878548509a36bdeeec37","core/src/main/java/org/elasticsearch/cluster/metadata/MetaDataIndexUpgradeService.java","27","0","2","1","165","243","2"
"hazelcast","8f9018fabd6baf2dcb86985e78c8e79a764364a3","hazelcast/src/main/java/com/hazelcast/internal/metrics/impl/MetricsRegistryImpl.java","27","0","2","11","233","323","0"
"BroadleafCommerce","27ef2467b7432e825811b791c96788f417fc8d4b","common/src/main/java/org/broadleafcommerce/common/web/payment/controller/PaymentGatewayAbstractController.java","27","0","2","13","162","283","0"
"neo4j","990fe648c6b49f319a515dd6b0757553c483ab11","enterprise/cluster/src/main/java/org/neo4j/cluster/com/NetworkSender.java","27","0","2","18","377","485","0"
"neo4j","7cab1fb27831b3107659bee768e6124f0d2f1ea1","community/bolt/src/main/java/org/neo4j/bolt/v1/messaging/PackStreamMessageFormatV1.java","27","0","2","19","281","353","1"
"neo4j","28783f201196c8e95862b4cdee9bf7f2f794c12c","community/bolt/src/main/java/org/neo4j/bolt/v1/messaging/PackStreamMessageFormatV1.java","27","0","2","19","282","358","0"
"MapDB","fa5d835e820c970f594c6bd7936341a9be2268a3","src/main/java/org/mapdb/CompressLZF.java","27","0","2","2","148","374","0"
"hazelcast","a7c193cf15e2a11225d8346a52ede10e9051b045","hazelcast/src/test/java/com/hazelcast/map/EntryProcessorTest.java","27","0","2","21","691","821","1"
"MapDB","d91f859ba6cddcf1c9a0eccb18e61048597b0de2","src/test/java/org/mapdb/SerializerPojoTest.java","27","0","2","23","288","431","2"
"elasticsearch","e1cca9000603b164cc70ff25534381e5df2a8220","src/main/java/org/elasticsearch/index/query/QueryParseContext.java","27","0","2","29","214","294","0"
"orientdb","b2d2a8092faec38eb3a9f2a2d60f1ffeb2b9b6a9","graphdb/src/main/java/com/orientechnologies/orient/graph/sql/OCommandExecutorSQLMoveVertex.java","27","0","2","3","129","199","0"
"netty","c22f1aa4acad4234623c31121f33b2b2f3afffc5","codec-http2/src/main/java/io/netty/handler/codec/http2/WeightedFairQueueByteDistributor.java","27","0","2","3","213","340","2"
"netty","9ac430f16fec1d3b0d0e433b953c0197d70dff10","codec-http2/src/main/java/io/netty/handler/codec/http2/WeightedFairQueueByteDistributor.java","27","0","2","3","214","341","0"
"netty","c1932a8537b742aaf15a7cfacf9f76ad8239f3c7","codec-http2/src/main/java/io/netty/handler/codec/http2/WeightedFairQueueByteDistributor.java","27","0","2","3","216","343","1"
"MapDB","5b14d76ac10326ad73c98aaacbfcf2d41bd4a187","src/test/java/org/mapdb/SerializerPojoTest.java","27","0","2","34","359","530","1"
"MapDB","4288ba82cfa9aa8c261bc9d1af2da9591402749f","src/test/java/org/mapdb/SerializerPojoTest.java","27","0","2","35","363","536","0"
"orientdb","1b0f490c28a9778a74703a4adde48f7066667140","core/src/main/java/com/orientechnologies/orient/core/sql/OCommandExecutorSQLAlterProperty.java","27","0","2","4","127","186","1"
"mcMMO","797ac205671a141bbcca7c33f025ee0e4f9512d4","src/main/java/com/gmail/nossr50/skills/woodcutting/WoodcuttingManager.java","27","0","2","4","135","189","1"
"elasticsearch","9b08f4012e7a1fa48689d0826e145f4be868b844","core/src/main/java/org/elasticsearch/search/aggregations/support/AggregationContext.java","27","0","2","4","140","191","1"
"mcMMO","f6e60bebccddd1a7fdbdf8b63b56e02dec485947","src/main/java/com/gmail/nossr50/skills/woodcutting/WoodcuttingManager.java","27","0","2","4","140","195","0"
"hazelcast","c59ad46ee1277282b4eaa7b489f8a4ac58c4909e","hazelcast-client/src/test/java/com/hazelcast/client/map/ClientMapTest.java","27","0","2","42","861","1041","2"
"elasticsearch","57c0d29114b60f74e43ceb0914c26d490b61a265","src/main/java/org/elasticsearch/common/lucene/search/Queries.java","27","0","2","6","130","184","1"
"elasticsearch","fdc46103d3537c948e1fb41c452c7103580d7607","core/src/test/java/org/elasticsearch/test/rest/ElasticsearchRestTestCase.java","27","0","2","6","268","375","1"
"junit","ed2b51b0c78a079f806ea9157f77f83705f8e04b","src/test/java/org/junit/tests/assertion/AssertionTest.java","27","0","2","64","400","487","1"
"hazelcast","787f7dff1ebc7dd348ad7c7b5131ab952537d7c7","hazelcast/src/main/java/com/hazelcast/internal/cluster/impl/ConfigCheck.java","27","0","2","7","166","239","1"
"elasticsearch","37e20c6f340fcfa745e3605cc1ed0b89070c8f45","core/src/main/java/org/elasticsearch/indices/recovery/RecoveryTargetService.java","27","0","2","7","356","464","4"
"elasticsearch","b4064ce43fc43fecc2b63c63c0d27d52f4656f16","core/src/main/java/org/elasticsearch/indices/recovery/RecoveryTargetService.java","27","0","2","7","357","465","0"
"orientdb","36003489773128ad8d4b145842c5e30ba5ac5154","distributed/src/test/java/com/orientechnologies/orient/server/distributed/DistributedConfigReloadTest.java","27","0","2","8","229","263","0"
"elasticsearch","4ff1b429f1351c17ae5f3a4338a7ac33db49ef70","modules/elasticsearch/src/main/java/org/elasticsearch/index/store/support/AbstractStore.java","27","0","2","8","293","397","0"
"hazelcast","db2efafdcd0aa5c012c49b293965ce166b834979","hazelcast/src/test/java/com/hazelcast/internal/nearcache/AbstractNearCacheBasicTest.java","27","0","21","0","330","583","1"
"hazelcast","565257f977407eb3a0199d082860209c2958f5f9","hazelcast/src/main/java/com/hazelcast/util/collection/LongHashSet.java","27","0","23","1","220","381","1"
"netty","8d043cc4ddf585261b86fafbee52625be9a38f04","common/src/main/java/io/netty/util/internal/NativeLibraryLoader.java","27","0","3","0","171","242","1"
"Android-Universal-Image-Loader","be321892a22cc257aec9a02c5282ca6ad20afc2d","library/src/com/nostra13/universalimageloader/core/decode/BaseImageDecoder.java","27","0","3","0","174","240","1"
"Android-Universal-Image-Loader","6298eaaaa8da8a13cf40899716069b0bfaa10c54","library/src/com/nostra13/universalimageloader/core/decode/BaseImageDecoder.java","27","0","3","0","175","243","0"
"mcMMO","93548317293e2c6c5195544b99d4ce7d900abea1","src/main/java/com/gmail/nossr50/skills/combat/Axes.java","27","0","3","1","120","194","0"
"hazelcast","18b9a6c1941d1844f5b4ec05de2d7e1eb1991efa","hazelcast/src/main/java/com/hazelcast/osgi/OSGiScriptEngineManager.java","27","0","3","11","197","311","0"
"hazelcast","1e84f150839a9b0982d6cad4fd0cb70b19d5952f","hazelcast/src/main/java/com/hazelcast/map/impl/nearcache/NearCacheImpl.java","27","0","3","12","239","293","1"
"elasticsearch","00de8e07fc3df9c763bbc0b6890217dc5b6bee3e","core/src/main/java/org/elasticsearch/common/rounding/Rounding.java","27","0","3","13","241","368","3"
"elasticsearch","17a2fffc9be50102fa5a9da72053c82df23b1a64","core/src/main/java/org/elasticsearch/common/rounding/Rounding.java","27","0","3","13","241","368","2"
"elasticsearch","6796464f167ce293192c43efd1cf28e4434fd5da","core/src/main/java/org/elasticsearch/common/rounding/Rounding.java","27","0","3","13","241","368","4"
"elasticsearch","6baded8e7fb920e920a288bf53764a1da3d617da","core/src/main/java/org/elasticsearch/common/rounding/Rounding.java","27","0","3","13","241","368","3"
"elasticsearch","cd4634bdc653fcb4e9bb10aeee9307ecdcee50db","core/src/main/java/org/elasticsearch/common/rounding/Rounding.java","27","0","3","13","241","368","2"
"elasticsearch","d06a8903fdccf5985bb1b9cbfcb92580d08a544c","core/src/main/java/org/elasticsearch/common/rounding/Rounding.java","27","0","3","13","241","368","0"
"titan","ee1d562528178614735f8e5526856dc1e407c97e","titan-core/src/main/java/com/thinkaurelius/titan/diskstorage/log/kcvs/KCVSLogManager.java","27","0","3","2","136","217","0"
"titan","8e76984347ad0cc94af1cde0ecb9b018e79d526c","titan-core/src/main/java/com/thinkaurelius/titan/diskstorage/log/kcvs/KCVSLogManager.java","27","0","3","2","138","220","0"
"elasticsearch","51d53791fe71c9cb62bc992588a57cdfb500383f","core/src/main/java/org/elasticsearch/rest/action/search/RestMultiSearchAction.java","27","0","3","2","142","207","0"
"elasticsearch","2b3760f78b26817b5a2030aa27b1ddf2f17462f6","core/src/main/java/org/elasticsearch/rest/action/search/RestMultiSearchAction.java","27","0","3","2","143","208","1"
"netty","7d9388a3cc90b322eb1e9ea048a16e31beaad387","transport/src/main/java/io/netty/channel/socket/oio/OioDatagramChannel.java","27","0","3","23","331","414","1"
"hazelcast","5d9345d0e7f6a373bf80d27b2bf94fc798934378","hazelcast-client-new/src/test/java/com/hazelcast/client/ClientRegressionWithMockNetworkTest.java","27","0","3","32","605","816","1"
"elasticsearch","af1513f908d47445a6156573a53c5ad4f463175c","src/test/java/org/elasticsearch/search/aggregations/bucket/BytesRefHashTests.java","27","0","3","4","199","255","0"
"elasticsearch","a1633d6444d960493d71f82eb29b0df4f0624e92","core/src/main/java/org/elasticsearch/action/admin/cluster/node/tasks/list/ListTasksResponse.java","27","0","3","8","169","228","1"
"MapDB","4e428b3d514575952aa0decb2607f9a6950d4e39","src/main/java/org/mapdb/DBMaker.java","27","0","32","1","247","643","1"
"MapDB","826cbf2b64b9aff4c7983acbe946a979b4f2ce35","src/main/java/org/mapdb/DBMaker.java","27","0","32","1","247","645","0"
"elasticsearch","6952f7b5606504666ccac3edb68f43d04d3ebd44","core/src/main/java/org/elasticsearch/action/admin/indices/create/CreateIndexRequest.java","27","0","32","11","313","524","0"
"elasticsearch","78574d248cf10dad1c5a566fda79e1e0c94afe43","core/src/main/java/org/elasticsearch/node/internal/InternalSettingsPreparer.java","27","0","4","0","162","248","2"
"elasticsearch","634ce90dc06f20888a4ff655985a6baccf25a7db","core/src/main/java/org/elasticsearch/search/SearchHits.java","27","0","4","12","173","233","0"
"elasticsearch","ec1afe30ea9c34f7d63da273a3077c28a4849e4f","core/src/main/java/org/elasticsearch/search/SearchHits.java","27","0","4","13","176","237","0"
"hazelcast","97eaaa146cf36d563b23a99ba58f1bbd2cf015c9","hazelcast/src/main/java/com/hazelcast/map/mapstore/writebehind/WriteBehindStore.java","27","0","4","14","254","370","1"
"hazelcast","2356748771aa27289500ca099fb77942e36b2097","hazelcast/src/test/java/com/hazelcast/impl/ClusterLockTest.java","27","0","4","16","570","655","0"
"elasticsearch","31ecf1db98ba9822ca5eccd23dc3a09a06e91818","src/test/java/org/elasticsearch/test/rest/client/RestClient.java","27","0","4","2","170","251","0"
"elasticsearch","6b4699fbf7d9d94d04772002027e6722983c997d","core/src/main/java/org/elasticsearch/cluster/routing/allocation/decider/AwarenessAllocationDecider.java","27","0","4","3","137","249","1"
"hazelcast","23dc01609c7220e3e9784fb94eef7520d17b763b","hazelcast-client/src/test/java/com/hazelcast/client/ClientRegressionTest.java","27","0","4","32","615","831","1"
"hazelcast","317fabec0c90b274c686ba018cc1b465fee244f2","hazelcast-client-new/src/test/java/com/hazelcast/client/ClientRegressionTest.java","27","0","4","32","624","840","0"
"hazelcast","b777381e2f8cfc3d8bcde3a87c5cc9993e31d4a2","hazelcast-client-new/src/test/java/com/hazelcast/client/ClientRegressionTest.java","27","0","4","32","626","842","1"
"elasticsearch","064d27291630e189632b8ef654b1759417e3f8ff","src/main/java/org/elasticsearch/index/fielddata/plain/DoubleArrayAtomicFieldData.java","27","0","4","33","657","851","0"
"elasticsearch","075779a39754d0b680fe7739d042f4360ec59f70","src/main/java/org/elasticsearch/index/fielddata/plain/DoubleArrayAtomicFieldData.java","27","0","4","33","659","853","0"
"hazelcast","7c4a8c104eaf323c86133fbb1620bd1f9f23ab71","hazelcast/src/main/java/com/hazelcast/internal/nearcache/impl/invalidation/RepairingTask.java","27","0","4","5","216","311","1"
"netty","7c412848eff742c42c7aeccb69a172b3d716f7ca","handler/src/main/java/io/netty/handler/timeout/IdleStateHandler.java","27","0","4","8","249","458","0"
"BroadleafCommerce","15e70fe6b89d008dd88b5e98dbfc66a720db68bb","core/broadleaf-framework/src/main/java/org/broadleafcommerce/core/offer/domain/OfferImpl.java","27","0","4","83","733","906","1"
"elasticsearch","75d5b83367145eb382edde2b37285dee75c71f8d","core/src/main/java/org/elasticsearch/index/analysis/Analysis.java","27","0","5","10","258","338","0"
"elasticsearch","0e9594e02dae2859b0b247f8d3c1242acbf0e63d","src/main/java/org/elasticsearch/rest/RestController.java","27","0","5","2","185","254","0"
"netty","23d017849429c18e1890b0a5799e5262df4f269f","transport/src/main/java/io/netty/channel/group/DefaultChannelGroup.java","27","0","5","21","231","311","0"
"elasticsearch","5ccdd4d3d31c7572b0e8fe9f15287be3e244e36b","modules/elasticsearch/src/main/java/org/elasticsearch/common/network/NetworkService.java","27","0","5","7","126","183","0"
"hazelcast","70d4de16ff0ac4518d09aad8c9f2ad9e782fb337","hazelcast-client/src/test/java/com/hazelcast/client/map/ClientSortLimitTest.java","27","0","6","12","415","545","1"
"elasticsearch","0a988ad8f78e6f0d6667d161e6433488ca4bdac0","src/test/java/org/elasticsearch/search/aggregations/bucket/DateHistogramTests.java","27","0","6","26","947","1233","1"
"elasticsearch","37287284e64a0e91ab400a16b187e719b55c8929","src/test/java/org/elasticsearch/search/aggregations/bucket/DateHistogramTests.java","27","0","6","27","988","1281","1"
"elasticsearch","0cf1d16187fcf10e9d0e64402bb6d0ebba5d7b80","core/src/main/java/org/elasticsearch/index/query/QueryShardContext.java","27","0","6","33","294","386","1"
"elasticsearch","2bd09c4625898d77aa6c015c6f82cf973ed18cb7","core/src/main/java/org/elasticsearch/index/query/QueryShardContext.java","27","0","6","39","307","407","1"
"netty","a980638190c055a596145ec2a6963fa8cd30126a","transport/src/main/java/io/netty/bootstrap/ServerBootstrap.java","27","0","6","5","260","337","1"
"netty","05c10fae051163b3b3925ac1bd9b179fc3e3bb00","handler/src/main/java/io/netty/handler/timeout/IdleStateHandler.java","27","0","6","7","251","446","0"
"elasticsearch","67eba23b2da1a562594e766cbff5ea61195c6a63","src/main/java/org/elasticsearch/index/fielddata/plain/ParentChildIndexFieldData.java","27","0","6","9","356","464","1"
"elasticsearch","42718936d936bfd987b384e7a38054462b5e05cc","core/src/test/java/org/elasticsearch/index/mapper/all/SimpleAllMapperTests.java","27","0","7","15","393","471","1"
"ceylon-ide-eclipse","714a9aa82ea608561c17461dcc7303bbe63a6f3d","plugins/com.redhat.ceylon.eclipse.ui/src/com/redhat/ceylon/eclipse/ui/CeylonPlugin.java","27","0","7","21","567","705","1"
"ceylon-ide-eclipse","4fcb7f8a03284c3bf54896019a9647fc283870d2","plugins/com.redhat.ceylon.eclipse.ui/src/com/redhat/ceylon/eclipse/ui/CeylonPlugin.java","27","0","7","21","568","706","0"
"elasticsearch","ce89039926da6550a6d69b4176ceebe8aebdde6e","core/src/main/java/org/elasticsearch/index/query/QueryShardContext.java","27","0","7","44","338","446","1"
"elasticsearch","7a6fe809d0e046018659cbccc1ebbe4b042e1671","src/main/java/org/elasticsearch/index/mapper/DocumentMapper.java","27","0","7","46","414","579","0"
"elasticsearch","123b0723fe279debe0c320ae917b34d26e51c51b","src/main/java/org/elasticsearch/index/mapper/DocumentMapper.java","27","0","7","46","431","597","1"
"BroadleafCommerce","1e8b29ba6d27d72811406cce7db53ed3fa903475","core/broadleaf-framework-web/src/main/java/org/broadleafcommerce/core/web/controller/checkout/BroadleafShippingInfoController.java","27","0","7","6","175","317","0"
"neo4j","3e2c2af5ca337bfd6f39f058033c183955e4b025","community/bolt/src/main/java/org/neo4j/bolt/v1/runtime/BoltStateMachine.java","27","0","9","16","575","803","1"
"neo4j","fd06ce499b9b23c2b5e71977356de559be990c8d","community/bolt/src/main/java/org/neo4j/bolt/v1/runtime/BoltStateMachine.java","27","0","9","16","579","810","0"
"neo4j","7133cda9323ffdaf396536337cfebbdafab1cf1b","community/bolt/src/main/java/org/neo4j/bolt/v1/runtime/BoltStateMachine.java","27","0","9","17","600","837","1"
"neo4j","e5db6293c3260f28a9a9ecdd0970352162530f13","community/bolt/src/main/java/org/neo4j/bolt/v1/runtime/BoltStateMachine.java","27","0","9","17","601","838","0"
"elasticsearch","8a454dae331e607457e9ee2d031cfd2459b88f1b","core/src/main/java/org/elasticsearch/action/fieldstats/FieldStats.java","27","0","9","44","384","533","1"
"hazelcast","4d0f4324005da329ce6260c598c430a098ea9046","hazelcast/src/main/java/com/hazelcast/util/FutureUtil.java","27","0","9","9","231","366","1"
"hazelcast","dfbb16f423ad93ce80a9ad66414bd8fd5f79a0b6","hazelcast/src/main/java/com/hazelcast/util/FutureUtil.java","27","0","9","9","231","366","1"
"hazelcast","b58d0837a50d3bfe5cfef4101d2d6cc3d808435f","hazelcast/src/main/java/com/hazelcast/util/FutureUtil.java","27","0","9","9","231","366","0"
"orientdb","c1f0f046093d166b58193818b359c73d4a50c228","core/src/main/java/com/orientechnologies/orient/core/metadata/schema/OClassImpl.java","270","0","6","100","1942","2480","1"
"orientdb","d8acc2f527fc1084fd9e6cf9e31ff073b7c44f68","core/src/main/java/com/orientechnologies/orient/core/metadata/schema/OClassImpl.java","270","0","6","99","1926","2454","2"
"elasticsearch","c3784326ebbf049256659969fd4fcc4648714455","core/src/test/java/org/elasticsearch/index/engine/InternalEngineTests.java","270","0","7","81","3422","4143","1"
"ceylon-ide-eclipse","b71fb1d2b95a01029a263decb43873c61a793f83","plugins/com.redhat.ceylon.eclipse.ui/src/com/redhat/ceylon/eclipse/core/model/JDTModelLoader.java","271","0","2","62","1387","1634","1"
"ceylon-ide-eclipse","d2e97e5203bb3577455ca3cc3bf012be696a14e4","plugins/com.redhat.ceylon.eclipse.ui/src/com/redhat/ceylon/eclipse/core/model/JDTModelLoader.java","271","0","2","62","1387","1634","1"
"ceylon-ide-eclipse","4c231e431a14819b130fc451bd04222b2098ce21","plugins/com.redhat.ceylon.eclipse.ui/src/com/redhat/ceylon/eclipse/core/model/JDTModelLoader.java","271","0","2","62","1387","1634","1"
"ceylon-ide-eclipse","ac94230210bff53d0d061a3c3bdad16d021c62ee","plugins/com.redhat.ceylon.eclipse.ui/src/com/redhat/ceylon/eclipse/core/model/JDTModelLoader.java","271","0","2","62","1387","1634","0"
"netty","174f4ea005e448785725034223dc757cfe146976","handler/src/main/java/io/netty/handler/ssl/ReferenceCountedOpenSslEngine.java","271","0","6","39","1494","2036","6"
"hazelcast","8b9fcdf858c81f751e862025839d60e8d11c1425","hazelcast/src/main/java/com/hazelcast/partition/impl/InternalPartitionServiceImpl.java","271","0","7","43","1707","2035","1"
"hazelcast","2070ee6f7d06d09124a41e3ee35b15ab032dc22b","hazelcast/src/main/java/com/hazelcast/partition/impl/InternalPartitionServiceImpl.java","271","0","7","43","1708","2036","0"
"elasticsearch","7c46b57ff29e85e2e222020d3ec1aae6d9689816","modules/lang-painless/src/main/java/org/elasticsearch/painless/antlr/PainlessParser.java","272","0","0","0","2834","2920","1"
"MapDB","fdfa476131beb6c31cfa72ca70b62f354a82996b","src/main/java/org/mapdb/BTreeMapJava.java","272","0","1","36","1187","1520","1"
"netty","adcde84253e7ae6d6ae8e64c73c176d9272b26da","handler/src/main/java/io/netty/handler/ssl/ReferenceCountedOpenSslEngine.java","273","0","3","39","1530","2039","6"
"elasticsearch","c72fc5528305fa7eb81b163e523e52272813a16c","core/src/test/java/org/elasticsearch/index/engine/InternalEngineTests.java","273","0","7","81","3423","4146","0"
"orientdb","670bd1416c7195b57e5da071f1370786b11c892f","tools/src/main/java/com/orientechnologies/orient/console/OConsoleDatabaseApp.java","274","0","12","100","1875","2363","2"
"netty","0cf3f54a8d284d76726150a72d1b109969f8b72a","handler/src/main/java/io/netty/handler/ssl/ReferenceCountedOpenSslEngine.java","274","0","3","39","1534","2045","7"
"orientdb","1a904474ba67d29206a2b8cdca91f1038b123e61","core/src/main/java/com/orientechnologies/orient/core/metadata/schema/OClassImpl.java","274","0","6","103","1961","2504","2"
"MapDB","541d04ce0a3c02d9f10da9b5b19b1b559a50f6a4","src/main/java/org/mapdb/BTreeMapJava.java","275","0","1","40","1189","1523","0"
"orientdb","26f0f55812f7fc8466a998911d9a81f3ef4e0cc8","core/src/main/java/com/orientechnologies/orient/core/metadata/schema/OClassImpl.java","275","0","6","103","1975","2518","1"
"orientdb","399dad0757d5b59c38c55ba5fbb71d45c408e1fc","core/src/main/java/com/orientechnologies/orient/core/metadata/schema/OClassImpl.java","276","0","6","103","1971","2517","0"
"hazelcast","d0a64bce60441e32277184dd28eb77187cf13bf4","hazelcast/src/main/java/com/hazelcast/partition/impl/InternalPartitionServiceImpl.java","276","0","7","45","1829","2190","0"
"elasticsearch","620536f85038d68522103d9cd91e4f3377773feb","core/src/test/java/org/elasticsearch/index/engine/InternalEngineTests.java","276","0","8","81","3470","4202","1"
"orientdb","8ce5456de7d0df59426a846c3c950dc946c62ebc","core/src/main/java/com/orientechnologies/orient/core/sql/parser/OrientSqlTokenManager.java","2765","0","8","0","5964","5997","0"
"orientdb","78a5ce254a3f2a44a152ab07d3d93602a5ffe1f4","core/src/main/java/com/orientechnologies/orient/core/metadata/schema/OClassImpl.java","277","0","5","104","1995","2508","0"
"orientdb","242f4bd61583f776a21b68bf6e914bf486f878c9","core/src/main/java/com/orientechnologies/orient/core/metadata/schema/OClassImpl.java","277","0","6","103","1977","2523","0"
"orientdb","eefe33973dbf95af2f11a44f56ef4d94e9a82bf0","client/src/main/java/com/orientechnologies/orient/client/remote/OStorageRemote.java","277","0","6","74","1914","2459","2"
"orientdb","e43642ac7d51dbda02d91a16b7024d9f80c6d272","client/src/main/java/com/orientechnologies/orient/client/remote/OStorageRemote.java","277","0","6","74","1914","2460","1"
"hazelcast","7e07ef2b7dcefe2f791c4b6d2050a9c44e6bf931","hazelcast/src/main/java/com/hazelcast/partition/impl/InternalPartitionServiceImpl.java","277","0","7","46","1836","2200","2"
"orientdb","05100d6811ad42952376dc10bfbb2c64e170fb2f","server/src/main/java/com/orientechnologies/orient/server/network/protocol/binary/ONetworkProtocolBinary.java","278","0","0","6","1646","2136","1"
"hazelcast","ccbfb3fe4f981f5a73b2b381cfe404b417c74caa","hazelcast-spring/src/main/java/com/hazelcast/spring/HazelcastConfigBeanDefinitionParser.java","278","0","1","0","1364","1500","1"
"hazelcast","a23961641da88700aa81802d84a4388b155f8753","hazelcast-spring/src/main/java/com/hazelcast/spring/HazelcastConfigBeanDefinitionParser.java","278","0","1","0","1367","1502","0"
"orientdb","62eb95b6bfd366e8a94d2f89fcc245f3acafd0c0","core/src/main/java/com/orientechnologies/orient/core/sql/parser/OrientSqlTokenManager.java","2788","0","8","0","6016","6049","0"
"orientdb","81ad3dd1a42d9e64cf6d403daddbfe3b8d5e0d70","tools/src/main/java/com/orientechnologies/orient/console/OConsoleDatabaseApp.java","279","0","14","100","1911","2410","1"
"orientdb","471dfc0ea5d64b95a3c4d3494a48dce1ea193dfb","distributed/src/main/java/com/orientechnologies/orient/server/hazelcast/OHazelcastPlugin.java","279","0","7","61","1556","2202","4"
"hazelcast","5edfcafc5c411ff789c09f6628ae32bf8e78ff99","hazelcast/src/main/java/com/hazelcast/query/Parser.java","28","0","0","0","123","151","1"
"ceylon-ide-eclipse","5b4c3eac8a7c12c0125a77343e602b4e73083595","plugins/com.redhat.ceylon.eclipse.ui/src/com/redhat/ceylon/eclipse/code/complete/ControlStructureCompletionProposal.java","28","0","0","0","155","170","0"
"titan","abc6f869fe83b17935119c88fc85a1b2a871f495","titan-core/src/main/java/com/thinkaurelius/titan/diskstorage/keycolumnvalue/inmemory/ColumnValueStore.java","28","0","0","0","155","196","1"
"hazelcast","e1b69c53ca4923affcd7722f012a80e32517e988","hazelcast/src/main/java/com/hazelcast/internal/cluster/impl/MemberMap.java","28","0","0","0","178","290","0"
"elasticsearch","01ca81e2a37c9cd38c6dc44ae567d427c059dbe0","src/test/java/org/elasticsearch/test/ExternalNode.java","28","0","0","0","184","232","0"
"elasticsearch","720ebe347d1410bce178e4f244237b9870403b84","core/src/main/java/org/elasticsearch/bootstrap/Security.java","28","0","0","0","184","348","0"
"netty","9c8d980a74d7cf786aabaa233c692e247767aaac","transport/src/main/java/io/netty/channel/ChannelOutboundBuffer.java","28","0","0","0","203","290","1"
"elasticsearch","09dcd8841052dcb8cfca68384b69bc912b2a9a5d","core/src/main/java/org/elasticsearch/bootstrap/Bootstrap.java","28","0","0","0","210","310","2"
"elasticsearch","73d84e4797441670c259c3916a5e3b42552725b0","core/src/main/java/org/elasticsearch/bootstrap/Bootstrap.java","28","0","0","0","210","310","2"
"elasticsearch","9e6115b06651346293ae50178f2b08e544632f5e","core/src/main/java/org/elasticsearch/bootstrap/Bootstrap.java","28","0","0","0","210","310","0"
"elasticsearch","4438e8fe7d77a32e4b0819aaaaf4d6723ebd4920","core/src/main/java/org/elasticsearch/bootstrap/Bootstrap.java","28","0","0","0","210","312","1"
"hazelcast","cf3f488458ae942d1a88c5565e928c479b23ac5a","hazelcast/src/main/java/com/hazelcast/map/impl/MapEventPublisherSupport.java","28","0","0","0","212","266","0"
"hazelcast","9144e8128c3d271554f7230ee32e4d2e102fe811","hazelcast/src/main/java/com/hazelcast/nio/serialization/PortableContextImpl.java","28","0","0","0","228","275","0"
"elasticsearch","865bbc209604fee308552b95b62b288f003fe8e5","core/src/main/java/org/elasticsearch/plugins/InstallPluginCommand.java","28","0","0","0","255","399","1"
"hazelcast","ffe9301db5174bd688cf5f986f7078484fa6cef7","hazelcast/src/main/java/com/hazelcast/nio/serialization/ByteBufferObjectDataInput.java","28","0","0","0","258","482","0"
"hazelcast","5917446b9901b1bc4ab314eb8c106e22ca50f3e3","hazelcast-client/src/main/java/com/hazelcast/client/cache/impl/AbstractClientCacheProxy.java","28","0","0","0","280","345","2"
"netty","8142aae765b74ba7934b363b562a5ffe4a01a12c","transport/src/main/java/io/netty/bootstrap/AbstractBootstrap.java","28","0","0","0","290","438","1"
"hazelcast","f7dcfaa1c2c8ea6e17860cfcf862f0f141bf3a74","hazelcast-client/src/main/java/com/hazelcast/client/proxy/ClientReplicatedMapProxy.java","28","0","0","0","347","419","1"
"MapDB","0f50921e0ef3d536569b31c370ba8d66c744bde7","src/main/java/org/mapdb/UnsafeStuff.java","28","0","0","0","431","616","3"
"MapDB","46a2e9543526d5010559fb4d951465ecc2289873","src/main/java/org/mapdb/UnsafeStuff.java","28","0","0","0","432","617","1"
"MapDB","72649e80593c3f1fa476c951397a2c9dca467a9c","src/main/java/org/mapdb/UnsafeStuff.java","28","0","0","0","433","615","1"
"MapDB","00a8930ff0dbd0cf3cc9520013037706899b867d","src/main/java/org/mapdb/UnsafeStuff.java","28","0","0","0","438","621","0"
"hazelcast","023c234ec54c59c22c0475ec77a2eb60aca3277c","hazelcast-client/src/test/java/com/hazelcast/client/queue/ClientQueueTest.java","28","0","0","0","466","587","1"
"mcMMO","a5bcc3ce589e545295854dc192f267b1ba3f0d8d","src/main/java/com/gmail/nossr50/skills/woodcutting/Woodcutting.java","28","0","0","1","132","233","0"
"hazelcast","4293be6ecc928a21d75861323e7de68bcfcbd581","hazelcast-client/src/main/java/com/hazelcast/client/spi/impl/ClientInvocation.java","28","0","0","10","222","293","2"
"hazelcast","81e9ea054666b65e882dbb395de0195b3f1c44da","hazelcast-client/src/main/java/com/hazelcast/client/spi/impl/ClientInvocation.java","28","0","0","10","224","299","2"
"netty","505e767a09bc5d55cd0df35b8e0f8c59e9f7c507","transport/src/test/java/io/netty/channel/SingleThreadEventLoopTest.java","28","0","0","10","225","298","1"
"netty","421eabe666f5eb3c760c757e991e4f37213f7333","transport/src/test/java/io/netty/channel/SingleThreadEventLoopTest.java","28","0","0","10","226","299","0"
"netty","505e767a09bc5d55cd0df35b8e0f8c59e9f7c507","transport/src/main/java/io/netty/channel/socket/oio/OioEventLoopGroup.java","28","0","0","11","143","177","1"
"elasticsearch","4b94eb5cb8cc4294ed0e932a5f22c16bd90d4dd7","core/src/main/java/org/elasticsearch/action/fieldstats/FieldStatsRequest.java","28","0","0","13","177","215","2"
"elasticsearch","860efb2ad28db09189c8423e05d0dba53010259c","core/src/main/java/org/elasticsearch/action/fieldstats/FieldStatsRequest.java","28","0","0","13","177","215","2"
"elasticsearch","d3417fb02291f26964d77767020ef345d18c148f","core/src/main/java/org/elasticsearch/action/fieldstats/FieldStatsRequest.java","28","0","0","13","177","215","0"
"elasticsearch","9f8f2ea54b69953e1ee02ca28fde330f08b2286d","core/src/test/java/org/elasticsearch/search/basic/TransportTwoNodesSearchIT.java","28","0","0","13","356","456","0"
"elasticsearch","5a64f08f048461a63a0ca1354a5050c954e63d52","core/src/test/java/org/elasticsearch/search/basic/TransportTwoNodesSearchIT.java","28","0","0","13","357","457","0"
"elasticsearch","0a69f1e283e26e5d9e6a000b68b9f4778de557a1","core/src/test/java/org/elasticsearch/search/basic/TransportTwoNodesSearchIT.java","28","0","0","13","359","459","2"
"elasticsearch","c9722c4b0804f5278c94f337e1e54c329be7a772","core/src/test/java/org/elasticsearch/search/basic/TransportTwoNodesSearchIT.java","28","0","0","13","369","469","0"
"elasticsearch","7adf9929bae22049d157676756b49597bca98426","plugins/delete-by-query/src/test/java/org/elasticsearch/plugin/deletebyquery/DeleteByQueryTests.java","28","0","0","14","351","445","1"
"elasticsearch","4040f194f528c76c88be70b119cf9d7d6fcea99b","plugins/delete-by-query/src/test/java/org/elasticsearch/plugin/deletebyquery/DeleteByQueryTests.java","28","0","0","14","357","452","0"
"BroadleafCommerce","dbcdf4946af5063ae942909c65ff630f49b626a5","core/broadleaf-framework/src/main/java/org/broadleafcommerce/core/offer/domain/CandidateItemOfferImpl.java","28","0","0","15","192","247","0"
"BroadleafCommerce","dbcdf4946af5063ae942909c65ff630f49b626a5","core/broadleaf-framework/src/main/java/org/broadleafcommerce/core/offer/domain/OrderAdjustmentImpl.java","28","0","0","15","203","253","0"
"BroadleafCommerce","dbcdf4946af5063ae942909c65ff630f49b626a5","core/broadleaf-framework/src/main/java/org/broadleafcommerce/core/offer/domain/FulfillmentGroupAdjustmentImpl.java","28","0","0","15","204","255","0"
"hazelcast","db4fb00ba52360f0ec10bf3e6a6d7bc92767daf6","hazelcast/src/main/java/com/hazelcast/internal/partition/PartitionRuntimeState.java","28","0","0","18","201","257","1"
"elasticsearch","64d11b883170393b05316d9a4db9261fd30ae2b8","core/src/test/java/org/elasticsearch/transport/RemoteClusterConnectionTests.java","28","0","0","19","727","910","0"
"hazelcast","28002de9b6d5c2d03a10a15106d3d8ca19262cd3","hazelcast/src/main/java/com/hazelcast/query/impl/getters/AbstractMultiValueGetter.java","28","0","0","2","159","217","1"
"elasticsearch","634ce90dc06f20888a4ff655985a6baccf25a7db","core/src/main/java/org/elasticsearch/action/search/TransportSearchAction.java","28","0","0","2","282","412","0"
"orientdb","0190a833a8532918adf08aa2ffedd28a2ad1a193","distributed/src/test/java/com/orientechnologies/orient/server/distributed/TestSharding.java","28","0","0","2","313","430","0"
"BroadleafCommerce","83fb11ed58644108db5d65f28772c299943478f5","core/broadleaf-framework/src/main/java/org/broadleafcommerce/core/offer/domain/OrderItemAdjustmentImpl.java","28","0","0","21","237","296","1"
"hazelcast","d38202141395360399c9cf97d4453adf5b1581e1","hazelcast-client-new/src/main/java/com/hazelcast/client/spi/impl/ClientInvocation.java","28","0","0","22","221","287","1"
"hazelcast","e1b69c53ca4923affcd7722f012a80e32517e988","hazelcast/src/test/java/com/hazelcast/internal/cluster/impl/AdvancedClusterStateTest.java","28","0","0","23","687","850","0"
"elasticsearch","5706858722452b13465b15930e4f4cb2e8286449","src/test/java/org/elasticsearch/get/GetActionTests.java","28","0","0","25","1106","1356","0"
"neo4j","269c1c2fa4ded11eb10584c2c5fa55b710cdb1b7","community/server/src/test/java/org/neo4j/server/helpers/CommunityServerBuilder.java","28","0","0","25","413","495","1"
"neo4j","cdda46d2875877b744ca96417f56dd749aec1500","community/server/src/test/java/org/neo4j/server/helpers/CommunityServerBuilder.java","28","0","0","25","414","496","0"
"orientdb","2a52733277d84242f992cb2eb3b7962217d8e600","core/src/main/java/com/orientechnologies/orient/core/sql/parser/OSelectStatement.java","28","0","0","26","207","282","1"
"hazelcast","03b31a60a12bfd45af7ebd3373ae78f6fce4b195","hazelcast/src/test/java/com/hazelcast/osgi/HazelcastOSGiServiceTest.java","28","0","0","28","460","612","0"
"hazelcast","cdb8b0e0e259c0992856d553f2aa04499043c84d","hazelcast/src/test/java/com/hazelcast/osgi/HazelcastOSGiServiceTest.java","28","0","0","28","462","598","0"
"hazelcast","3f46545bdca45f33e9257a896121007a1569235f","hazelcast/src/test/java/com/hazelcast/osgi/HazelcastOSGiServiceTest.java","28","0","0","28","462","614","1"
"ceylon-ide-eclipse","5b4c3eac8a7c12c0125a77343e602b4e73083595","plugins/com.redhat.ceylon.eclipse.ui/src/com/redhat/ceylon/eclipse/code/refactor/RevealInferredTypeHandler.java","28","0","0","3","176","200","0"
"elasticsearch","25fd9e26c4fb042d6f6dea14efcd239577bdbbc4","core/src/main/java/org/elasticsearch/action/update/TransportUpdateAction.java","28","0","0","3","249","294","0"
"orientdb","46bbcabde62c2b9e61ebaf45dc23f16d9dee7f02","tests/src/test/java/com/orientechnologies/orient/test/database/auto/SchemaTest.java","28","0","0","31","467","676","1"
"orientdb","136db63960bbf53514691bf5a0bb8361a5ea5361","tests/src/test/java/com/orientechnologies/orient/test/database/auto/SchemaTest.java","28","0","0","31","468","677","0"
"elasticsearch","5a0f2fd1aca2fadda908758e75b72bf24df9574d","core/src/main/java/org/elasticsearch/common/unit/ByteSizeValue.java","28","0","0","34","201","267","1"
"hazelcast","0cd4bb6392267a1761257eb39b69c734d59f536d","hazelcast/src/main/java/com/hazelcast/concurrent/lock/LockStoreImpl.java","28","0","0","36","285","348","2"
"hazelcast","a9da50b15f2d567b31e675013a016c06ebd2eba0","hazelcast/src/main/java/com/hazelcast/concurrent/lock/LockStoreImpl.java","28","0","0","36","287","350","1"
"hazelcast","22ed79c3aec621258c1fef4c5892ccdffe84be7f","hazelcast/src/main/java/com/hazelcast/concurrent/lock/LockStoreImpl.java","28","0","0","36","288","351","2"
"hazelcast","264ea092a185417c64290cfb1f3a09c613639300","hazelcast/src/main/java/com/hazelcast/concurrent/lock/LockStoreImpl.java","28","0","0","36","290","353","1"
"hazelcast","50bbd60a9ae2031621834fa9ce729f448babd684","hazelcast/src/main/java/com/hazelcast/concurrent/lock/LockStoreImpl.java","28","0","0","38","300","366","2"
"elasticsearch","b3274bd770c01c6166bc2ad52e327e879c331c95","src/main/java/org/elasticsearch/index/query/NestedFilterParser.java","28","0","0","4","128","175","0"
"elasticsearch","6e49256fa85617435109fa21780e46c46843759f","src/main/java/org/elasticsearch/index/query/NestedFilterParser.java","28","0","0","4","130","179","0"
"elasticsearch","41fd4d87223a2be57524d3df55639d8df118ce85","src/main/java/org/elasticsearch/index/query/NestedFilterParser.java","28","0","0","4","136","184","1"
"elasticsearch","7594ccbae6ca4af2870ab75aec19c1b822f7361d","src/main/java/org/elasticsearch/index/query/NestedQueryParser.java","28","0","0","4","143","195","1"
"elasticsearch","25accbcd50b70ebb4d6f66ae5f0e6d3727f0e07d","src/main/java/org/elasticsearch/index/query/NestedQueryParser.java","28","0","0","4","144","196","0"
"hazelcast","29fff7aa4ffefb7fe0ab6ab2d48bbf46a5d3ad95","hazelcast-client/src/test/java/com/hazelcast/client/queue/ClientQueueTest.java","28","0","0","43","447","566","2"
"hazelcast","b777381e2f8cfc3d8bcde3a87c5cc9993e31d4a2","hazelcast-client-new/src/test/java/com/hazelcast/client/queue/ClientQueueTest.java","28","0","0","44","456","577","1"
"hazelcast","22bbc7e99d13c8c369e79c69fc354aef865f1706","hazelcast-client-new/src/test/java/com/hazelcast/client/queue/ClientQueueTest.java","28","0","0","44","466","587","1"
"hazelcast","a9da50b15f2d567b31e675013a016c06ebd2eba0","hazelcast-client-new/src/test/java/com/hazelcast/client/queue/ClientQueueTest.java","28","0","0","44","467","588","1"
"hazelcast","317fabec0c90b274c686ba018cc1b465fee244f2","hazelcast-client-new/src/test/java/com/hazelcast/client/queue/ClientQueueTest.java","28","0","0","44","468","589","0"
"hazelcast","023c234ec54c59c22c0475ec77a2eb60aca3277c","hazelcast-client-new/src/test/java/com/hazelcast/client/queue/ClientQueueTest.java","28","0","0","48","486","612","0"
"hazelcast","1bf486cacd7da2401e188bdebae8dd772055207d","hazelcast-client-legacy/src/test/java/com/hazelcast/client/queue/ClientQueueTest.java","28","0","0","48","487","612","0"
"hazelcast","22f709c2362790aad63dcee20c6b8cda20a112b5","hazelcast/src/main/java/com/hazelcast/internal/cluster/impl/MulticastJoiner.java","28","0","0","5","155","204","1"
"hazelcast","b13177055f1d59e2658dad940a812bc04a7bf5f6","hazelcast/src/main/java/com/hazelcast/internal/cluster/impl/MulticastJoiner.java","28","0","0","5","155","204","2"
"hazelcast","f4c33973f2e5f804f6743683b11c8a43922bfc7e","hazelcast/src/main/java/com/hazelcast/internal/cluster/impl/MulticastJoiner.java","28","0","0","5","155","204","1"
"hazelcast","879bc99d4b497d8a95681d2422bbe3e330ff449e","hazelcast/src/main/java/com/hazelcast/internal/cluster/impl/MulticastJoiner.java","28","0","0","5","155","204","0"
"hazelcast","b34e4323899872cfa581b72219c4516e905457e8","hazelcast/src/main/java/com/hazelcast/internal/cluster/impl/MulticastJoiner.java","28","0","0","5","156","205","1"
"junit","34e66740b9117ce85cfd416f9e931b2e533ab16e","src/main/java/org/junit/experimental/theories/Theories.java","28","0","0","6","218","259","0"
"hazelcast","07cd42d5481bc8e9bdc882070746ca7ad10d015b","hazelcast-client/src/main/java/com/hazelcast/client/impl/HazelcastClientInstanceImpl.java","28","0","0","62","599","710","1"
"hazelcast","671d29112c6a1188e0734096c062717bb27a09df","hazelcast-client/src/main/java/com/hazelcast/client/impl/HazelcastClientInstanceImpl.java","28","0","0","66","623","743","1"
"hazelcast","6e7816bfda9b5f61034a18861dae28c8a287a5a5","hazelcast-client/src/main/java/com/hazelcast/client/impl/HazelcastClientInstanceImpl.java","28","0","0","67","634","756","1"
"hazelcast","4a5f7904f6884485ed2a0c4f3670eee056d0610c","hazelcast/src/main/java/com/hazelcast/spi/discovery/impl/DefaultDiscoveryService.java","28","0","0","7","183","231","1"
"orientdb","e9506470481ca6be46db5a1c37e2c7b02fc613d7","tests/src/test/java/com/orientechnologies/orient/test/database/auto/ConcurrentUpdatesTest.java","28","0","0","7","201","299","1"
"hazelcast","a43f8ee8ca77bddba7a0b7c0a5422bc2ee7b1788","hazelcast/src/main/java/com/hazelcast/nio/ascii/TextReadHandler.java","28","0","0","7","214","255","0"
"hazelcast","9b8650d91eb9239fa9da7e09ed4f163cca0e3c5d","hazelcast/src/main/java/com/hazelcast/nio/ascii/TextChannelInboundHandler.java","28","0","0","7","216","257","0"
"hazelcast","217921dba98434f70805ecc14c00aad29df2fb8f","hazelcast/src/main/java/com/hazelcast/internal/cluster/impl/MulticastService.java","28","0","0","7","217","260","0"
"netty","2a6ed67efc4ffb15647313b82e450a3951a6a3bd","testsuite/src/test/java/io/netty/testsuite/transport/socket/SocketSslEchoTest.java","28","0","0","7","229","284","1"
"mcMMO","e31b7d5c48d30f0e79bfc1aaf954cd7d3b9236fa","src/main/java/com/gmail/nossr50/listeners/InventoryListener.java","28","0","0","8","113","148","1"
"mcMMO","ae8b70be0f984e3a0a3283dc4059d66f86116843","src/main/java/com/gmail/nossr50/listeners/InventoryListener.java","28","0","0","8","117","151","0"
"mcMMO","d9bd0ace9a5d1606afd087b8458100e1c9accbef","src/main/java/com/gmail/nossr50/listeners/InventoryListener.java","28","0","0","8","121","158","0"
"mct","8258a874558fb0fab19d7d3c0f101545bdb26038","platform/src/main/java/gov/nasa/arc/mct/gui/housing/Inspector.java","28","0","0","8","340","434","1"
"elasticsearch","046abdc281c321cd2128ee7684c0edfcaca07203","core/src/test/java/org/elasticsearch/search/aggregations/pipeline/MinBucketIT.java","28","0","0","9","354","430","3"
"elasticsearch","acb07c72b9d2fd6e21f9710ffbdf4573c01c9f22","src/test/java/org/elasticsearch/search/aggregations/pipeline/MaxBucketTests.java","28","0","0","9","358","434","1"
"netty","f2f6d68d2e76fd10272949b7726423ddbf6e0377","transport/src/main/java/io/netty/channel/nio/AbstractNioByteChannel.java","28","0","1","0","148","220","0"
"orientdb","7e0e7afd4ee5e981005b0fa72c3d05c201db61be","core/src/main/java/com/orientechnologies/orient/core/sql/OFindReferenceHelper.java","28","0","1","1","136","181","0"
"elasticsearch","8bede7024ff16477340113c8769c4a4feff00d2c","src/main/java/org/elasticsearch/indices/ttl/IndicesTTLService.java","28","0","1","1","277","353","0"
"elasticsearch","2bd09c4625898d77aa6c015c6f82cf973ed18cb7","core/src/main/java/org/elasticsearch/action/fieldstats/FieldStatsRequest.java","28","0","1","10","164","203","0"
"elasticsearch","8a454dae331e607457e9ee2d031cfd2459b88f1b","core/src/main/java/org/elasticsearch/action/fieldstats/FieldStatsRequest.java","28","0","1","10","164","203","0"
"elasticsearch","3d13c27fa0df12018f35f1b20987c90277e9b6f9","core/src/main/java/org/elasticsearch/action/fieldstats/FieldStatsRequest.java","28","0","1","10","164","203","1"
"elasticsearch","78574d248cf10dad1c5a566fda79e1e0c94afe43","core/src/main/java/org/elasticsearch/action/fieldstats/FieldStatsRequest.java","28","0","1","10","168","207","1"
"elasticsearch","e6aaaf11ed4a1b8f595f920de1840938eddb7a97","core/src/main/java/org/elasticsearch/action/fieldstats/FieldStatsRequest.java","28","0","1","10","168","207","1"
"elasticsearch","a60b8948ba1d836a6eac7cff095519e618939ed8","core/src/main/java/org/elasticsearch/action/fieldstats/FieldStatsRequest.java","28","0","1","10","168","207","0"
"orientdb","2a004c4b73a8609cf941b54707f6e23ff7cbea22","core/src/main/java/com/orientechnologies/orient/core/storage/impl/local/paginated/OLocalPaginatedStorage.java","28","0","1","10","239","316","0"
"orientdb","8fb63ddaef6dae34deacb49f4131b08b5a088e31","core/src/main/java/com/orientechnologies/orient/core/storage/impl/local/paginated/OLocalPaginatedStorage.java","28","0","1","10","241","317","1"
"elasticsearch","d6f1ff0150b8b2bb877868ee616906bcf3fae3e4","src/main/java/org/elasticsearch/index/cache/fixedbitset/FixedBitSetFilterCache.java","28","0","1","10","250","317","2"
"elasticsearch","7594ccbae6ca4af2870ab75aec19c1b822f7361d","src/main/java/org/elasticsearch/index/cache/fixedbitset/FixedBitSetFilterCache.java","28","0","1","10","250","320","0"
"hazelcast","94adcc7514abab71a4ead864748a50df7437db76","hazelcast/src/main/java/com/hazelcast/map/impl/proxy/NearCachedMapProxyImpl.java","28","0","1","10","367","465","1"
"hazelcast","a3507ca238034c2ea2fbb21034247eddd69117ef","hazelcast/src/main/java/com/hazelcast/map/impl/proxy/NearCachedMapProxyImpl.java","28","0","1","10","368","466","0"
"orientdb","ac6ba2add76a1f3d3aaa40429729ec87cfad1e1b","core/src/main/java/com/orientechnologies/orient/core/storage/impl/local/paginated/OLocalPaginatedStorage.java","28","0","1","11","245","323","1"
"orientdb","80e2550436da767ebf8944339a885037569a8271","core/src/main/java/com/orientechnologies/orient/core/storage/impl/local/paginated/OLocalPaginatedStorage.java","28","0","1","11","246","324","0"
"elasticsearch","889db1c824d8c573835e8cbadd0c6f3ba25f8fcd","src/main/java/org/elasticsearch/transport/local/LocalTransport.java","28","0","1","11","269","335","1"
"hazelcast","62a2d7a2993e205acd37a462f8c7f9fe10f29dee","hazelcast-client-legacy/src/main/java/com/hazelcast/client/proxy/NearCachedClientMapProxy.java","28","0","1","11","338","429","0"
"hazelcast","d2a92e383bdf14865e3bd445a2a873f5caada6fe","hazelcast-client-legacy/src/main/java/com/hazelcast/client/proxy/NearCachedClientMapProxy.java","28","0","1","11","338","430","1"
"elasticsearch","25fd9e26c4fb042d6f6dea14efcd239577bdbbc4","core/src/main/java/org/elasticsearch/action/fieldstats/FieldStatsRequest.java","28","0","1","12","177","217","0"
"hazelcast","18ee7f5c4c0e3b67539b4654f205fe84fa5da643","hazelcast-client/src/main/java/com/hazelcast/client/nearcache/ClientHeapNearCache.java","28","0","1","12","197","244","2"
"elasticsearch","79309ae7e335451126fe22510c60e6785a88a872","src/main/java/org/elasticsearch/index/gateway/local/LocalIndexShardGateway.java","28","0","1","12","214","281","0"
"elasticsearch","20e968bf627b57b69a4bfd675b2f974619f8b116","src/main/java/org/elasticsearch/index/gateway/local/LocalIndexShardGateway.java","28","0","1","12","219","286","0"
"neo4j","2b87fb4aace868ae6259d95dad0270e0d6e77405","community/kernel/src/main/java/org/neo4j/helpers/ValueUtils.java","28","0","1","12","237","285","1"
"antlr4","dc2c9b039e1497ad924c852e07f3a8f981ed078b","tool/src/org/antlr/v4/codegen/ActionTranslator.java","28","0","1","12","255","312","1"
"hazelcast","490031a220076fe6cf002b209e986e2edbad57b9","hazelcast-client/src/main/java/com/hazelcast/client/spi/impl/ClientClusterServiceImpl.java","28","0","1","13","209","267","1"
"hazelcast","fb7193109a7b7ad79fb0bdbded7a7283f217273b","hazelcast-client/src/main/java/com/hazelcast/client/spi/impl/ClientClusterServiceImpl.java","28","0","1","13","209","267","1"
"hazelcast","42e5849f7ebce11fa76d0780610fba85b1818987","hazelcast-client/src/main/java/com/hazelcast/client/spi/impl/ClientClusterServiceImpl.java","28","0","1","13","209","267","0"
"hazelcast","a46991df10fa389e3520b1ca12271a0027c9e91a","hazelcast-client/src/main/java/com/hazelcast/client/spi/impl/ClientClusterServiceImpl.java","28","0","1","13","211","269","1"
"elasticsearch","19e7b1c737052cca62c684f3ed8e4936f08666be","core/src/main/java/org/elasticsearch/transport/local/LocalTransport.java","28","0","1","13","327","410","1"
"elasticsearch","5379fa04def4cdd63c7bd4edc179dc1bad0bed42","src/test/java/org/elasticsearch/search/innerhits/InnerHitsTests.java","28","0","1","13","755","850","1"
"elasticsearch","ef1f834cf90f31fa3baa3c1d16a31ebcf6827dc8","src/test/java/org/elasticsearch/search/innerhits/InnerHitsTests.java","28","0","1","14","790","888","0"
"elasticsearch","82ad074dfe01ae4af81204a3479fb4be0c2c7f38","src/test/java/org/elasticsearch/search/innerhits/InnerHitsTests.java","28","0","1","14","792","890","2"
"elasticsearch","7a6fe809d0e046018659cbccc1ebbe4b042e1671","src/test/java/org/elasticsearch/search/innerhits/InnerHitsTests.java","28","0","1","14","823","924","0"
"elasticsearch","1af38cf3f3b50cef27044e5e173995c2403befb1","src/main/java/org/elasticsearch/index/query/IndexQueryParserService.java","28","0","1","15","238","300","0"
"orientdb","693119e3f1dab4ea8b67a35575ba1f7d1c0a970b","core/src/main/java/com/orientechnologies/common/concur/resource/OPartitionedObjectPool.java","28","0","1","16","182","248","0"
"hazelcast","0603aa048b33b7b63c240c8b0e5c509499c798f7","hazelcast-client-new/src/main/java/com/hazelcast/client/spi/impl/ClientInvocation.java","28","0","1","16","217","287","0"
"orientdb","c902353d86924562826c9114fd6a1242a65ada6d","core/src/test/java/com/orientechnologies/orient/core/index/sbtree/local/SBTreeWALTestIT.java","28","0","1","16","277","361","0"
"orientdb","202ca5e408bdf2c426b446e8369a915997e6b503","core/src/test/java/com/orientechnologies/orient/core/index/sbtree/local/SBTreeWALTestIT.java","28","0","1","16","280","365","1"
"elasticsearch","4e5714b31fe3d3b9fdedb18064253fa50b79bcc0","src/test/java/org/elasticsearch/test/cache/recycler/MockBigArrays.java","28","0","1","16","388","507","0"
"BroadleafCommerce","67ffb9c79534286cb9b05a3c32b2eefb3a336600","core/broadleaf-framework/src/main/java/org/broadleafcommerce/core/catalog/domain/Dimension.java","28","0","1","17","130","185","1"
"BroadleafCommerce","a2f2dc1c34ba2468a606704c07bde5e5256efe02","core/broadleaf-framework/src/main/java/org/broadleafcommerce/core/catalog/domain/Dimension.java","28","0","1","17","130","185","2"
"BroadleafCommerce","a600ac52945a7ee2f172cbdfdf466a6e37d63fc2","core/broadleaf-framework/src/main/java/org/broadleafcommerce/core/catalog/domain/Dimension.java","28","0","1","17","130","185","0"
"BroadleafCommerce","4c0a8b2c4bddabc4e97467c8022161826c630c8c","core/broadleaf-framework/src/main/java/org/broadleafcommerce/core/catalog/domain/Dimension.java","28","0","1","17","130","187","0"
"BroadleafCommerce","15e70fe6b89d008dd88b5e98dbfc66a720db68bb","core/broadleaf-framework/src/main/java/org/broadleafcommerce/core/catalog/domain/Dimension.java","28","0","1","17","134","191","1"
"orientdb","46bbcabde62c2b9e61ebaf45dc23f16d9dee7f02","tools/src/main/java/com/orientechnologies/orient/stresstest/workload/OCRUDWorkload.java","28","0","1","18","223","319","1"
"elasticsearch","7b68d44ddf2e6522d2b2aa1efead9ccc8b4ef224","core/src/main/java/org/elasticsearch/index/mapper/core/KeywordFieldMapper.java","28","0","1","18","224","290","1"
"orientdb","136db63960bbf53514691bf5a0bb8361a5ea5361","tools/src/main/java/com/orientechnologies/orient/stresstest/workload/OCRUDWorkload.java","28","0","1","18","224","320","0"
"elasticsearch","9080f51340b1b26f8bd171b4c82de8d87ad42b55","core/src/main/java/org/elasticsearch/index/mapper/core/KeywordFieldMapper.java","28","0","1","18","226","292","1"
"elasticsearch","6177c0a90029a48638820f9910195a05636f89b1","core/src/main/java/org/elasticsearch/index/mapper/core/KeywordFieldMapper.java","28","0","1","18","227","295","0"
"elasticsearch","360ce532eb200a676ce96eaafde3ccb1c80d9cd7","core/src/main/java/org/elasticsearch/index/mapper/BaseGeoPointFieldMapper.java","28","0","1","18","238","306","0"
"orientdb","072de68013d30fdb0086b3af332c2d4ef3b3038c","core/src/test/java/com/orientechnologies/orient/core/index/sbtreebonsai/local/OSBTreeBonsaiWALTest.java","28","0","1","18","275","367","0"
"elasticsearch","8dca4b7e079d5099b660d195ead020d325dc4e36","src/main/java/org/elasticsearch/search/aggregations/bucket/histogram/HistogramParser.java","28","0","1","2","102","140","0"
"orientdb","5e69391c85a263fc00edae7b1a3e221b609a1886","graphdb/src/main/java/com/orientechnologies/orient/server/network/protocol/http/OHttpGraphResponse.java","28","0","1","2","114","176","1"
"elasticsearch","d0c712299b68f598cacb4d4b7aa279f5bcfe86b5","src/main/java/org/elasticsearch/cloud/aws/AwsEc2Service.java","28","0","1","2","115","156","1"
"BroadleafCommerce","9a2399ccabc71c63572c786cacfa9d17404bf0db","admin/broadleaf-open-admin-platform/src/main/java/org/broadleafcommerce/openadmin/server/service/persistence/validation/RuleFieldValidator.java","28","0","1","2","117","155","0"
"BroadleafCommerce","e949b136c500559ba4612d339d5abac7febc5819","admin/broadleaf-open-admin-platform/src/main/java/org/broadleafcommerce/openadmin/server/service/persistence/validation/RuleFieldValidator.java","28","0","1","2","117","155","0"
"BroadleafCommerce","65e73bebcc311646d9d62110b258a16f37da5ac4","admin/broadleaf-open-admin-platform/src/main/java/org/broadleafcommerce/openadmin/server/service/persistence/validation/RuleFieldValidator.java","28","0","1","2","117","155","1"
"orientdb","e4ff1f3930bed78c4c4d9e5afc15e727b6046157","graphdb/src/main/java/com/orientechnologies/orient/server/network/protocol/http/OHttpGraphResponse.java","28","0","1","2","117","179","0"
"elasticsearch","bac09e292697be62581f521015cbaebf3ce68104","src/main/java/org/apache/lucene/search/vectorhighlight/CustomFieldQuery.java","28","0","1","2","120","162","0"
"elasticsearch","d390f5250b869bf0e89e97f448ba160321a0c674","src/main/java/org/elasticsearch/river/routing/RiversRouter.java","28","0","1","2","146","199","0"
"netty","6873111d72599453a03493774ce28b175e61c821","codec-http/src/main/java/io/netty/handler/codec/http/HttpContentDecoder.java","28","0","1","2","156","249","0"
"elasticsearch","64358948eff4e3b75134dc9e2776e9dc5a39e156","src/main/java/org/elasticsearch/action/search/type/TransportSearchScrollQueryThenFetchAction.java","28","0","1","2","211","273","0"
"elasticsearch","1764ec56b38ce87f516efdf93bb4ab56e9dd829b","core/src/main/java/org/elasticsearch/action/update/TransportUpdateAction.java","28","0","1","2","249","296","0"
"hazelcast","0dbb30718c00d5c9efd0bae41b174c45984f8f50","hazelcast/src/main/java/com/hazelcast/replicatedmap/impl/record/AbstractReplicatedRecordStore.java","28","0","1","20","274","331","1"
"hazelcast","2310da493333a9d271fb195d684c4a37fe6c5e32","hazelcast/src/main/java/com/hazelcast/replicatedmap/impl/record/AbstractReplicatedRecordStore.java","28","0","1","20","274","331","3"
"hazelcast","d14eb6eccf619d86fec48e8705be10ae68ae6951","hazelcast/src/main/java/com/hazelcast/replicatedmap/impl/record/AbstractReplicatedRecordStore.java","28","0","1","20","274","331","3"
"hazelcast","fcfe840771791fc379a7a715fcfb713f820b6060","hazelcast/src/main/java/com/hazelcast/replicatedmap/impl/record/AbstractReplicatedRecordStore.java","28","0","1","20","274","331","0"
"elasticsearch","5feaa484b5e86187c7b6b45486e3815fe9559767","src/main/java/org/elasticsearch/index/mapper/internal/FieldNamesFieldMapper.java","28","0","1","22","219","289","0"
"hazelcast","f7dcfaa1c2c8ea6e17860cfcf862f0f141bf3a74","hazelcast-client-new/src/main/java/com/hazelcast/client/proxy/ClientReplicatedMapProxy.java","28","0","1","22","416","495","1"
"hazelcast","cab4e034a3db47d0103aa81599f0275ecb07a125","hazelcast-client/src/main/java/com/hazelcast/client/spi/impl/ClientInvocation.java","28","0","1","23","224","298","2"
"elasticsearch","0189a65e6bfc623813c6c088d19a0509fbeb64da","core/src/test/java/org/elasticsearch/VersionTests.java","28","0","1","23","267","341","1"
"elasticsearch","2ccc223ff761043807683f34b29c693af6c94d95","core/src/test/java/org/elasticsearch/VersionTests.java","28","0","1","23","267","342","0"
"hazelcast","2c5344e31d351df944855791f3835ac048a4bd1e","hazelcast/src/main/java/com/hazelcast/map/MapContainer.java","28","0","1","24","256","316","2"
"elasticsearch","1e84c439e593999ae148a459e560380f59ca7124","modules/elasticsearch/src/main/java/org/elasticsearch/cluster/routing/RoutingNodes.java","28","0","1","25","179","240","0"
"hazelcast","9845a4b10b51997d890ce1697618f2868243e05d","hazelcast/src/main/java/com/hazelcast/replicatedmap/impl/ReplicatedMapProxy.java","28","0","1","26","349","422","1"
"hazelcast","a62c5477c62dab1c6ad7960fb103b0065047e2c3","hazelcast/src/main/java/com/hazelcast/replicatedmap/impl/ReplicatedMapProxy.java","28","0","1","26","349","423","1"
"hazelcast","a81fbda8fd40f3133446a31453128173c401c0f0","hazelcast/src/main/java/com/hazelcast/replicatedmap/impl/ReplicatedMapProxy.java","28","0","1","26","349","423","1"
"hazelcast","b9b4ae44b0b33695a072f0245d4746f316bfcb2f","hazelcast/src/main/java/com/hazelcast/replicatedmap/impl/ReplicatedMapProxy.java","28","0","1","26","349","423","0"
"neo4j","cb0be74488f0e16e3d909f3becb79ccd51704ab3","enterprise/core-edge/src/test/java/org/neo4j/coreedge/discovery/Cluster.java","28","0","1","27","398","497","1"
"neo4j","313020b6b4e6afd4b1acb1f7ff35fcd25f7b5465","enterprise/core-edge/src/test/java/org/neo4j/coreedge/discovery/Cluster.java","28","0","1","27","400","499","0"
"hazelcast","d568e4d926d925d57d4e79e34614390416749301","hazelcast/src/main/java/com/hazelcast/map/impl/querycache/event/DefaultQueryCacheEventData.java","28","0","1","28","194","248","0"
"elasticsearch","89de3ab6272fe3a9e377993ae32851cffb39ca7e","src/test/java/org/elasticsearch/search/child/SimpleChildQuerySearchTests.java","28","0","1","29","1524","1836","2"
"elasticsearch","ffcc710e4eca73e2d15a51c697720dcd76423743","src/main/java/org/elasticsearch/index/query/FuzzyLikeThisFieldQueryParser.java","28","0","1","3","101","152","0"
"elasticsearch","17a5575757317962dab4c295bbfacbdb136cc61e","src/main/java/org/elasticsearch/index/query/HasChildFilterParser.java","28","0","1","3","109","157","0"
"elasticsearch","8136a38b3fe5f2c7730d09bfe9ca68bfd51e9785","src/main/java/org/elasticsearch/index/query/IndicesQueryParser.java","28","0","1","3","120","155","2"
"elasticsearch","6945f294e74b40253c9f12da3ab711960a2e4133","src/main/java/org/elasticsearch/index/query/IndicesFilterParser.java","28","0","1","3","121","158","0"
"elasticsearch","27b53b8edfac1844a33389af9e97bc062f8b69dc","src/main/java/org/elasticsearch/index/query/HasParentFilterParser.java","28","0","1","3","132","175","0"
"elasticsearch","292e53fe77cae17362029d79e6afb937e75eec89","src/main/java/org/elasticsearch/index/query/HasParentFilterParser.java","28","0","1","3","132","175","0"
"elasticsearch","5d2c334bbd4b1396550c871d4d7b7c2c9a95cd63","src/main/java/org/elasticsearch/index/query/HasParentFilterParser.java","28","0","1","3","132","175","1"
"titan","8ed7a34830b0a78e03142c2f4be6ea9d63b30fa8","titan-core/src/main/java/com/thinkaurelius/titan/graphdb/database/idassigner/StandardIDPool.java","28","0","1","3","230","292","0"
"hazelcast","565257f977407eb3a0199d082860209c2958f5f9","hazelcast/src/main/java/com/hazelcast/spi/impl/operationexecutor/slowoperationdetector/SlowOperationDetector.java","28","0","1","3","231","314","1"
"hazelcast","564167c1f93b32ce742411106e9ae67eae88a801","hazelcast/src/main/java/com/hazelcast/spi/impl/operationexecutor/slowoperationdetector/SlowOperationDetector.java","28","0","1","3","232","315","0"
"elasticsearch","64880ca4ed3cace87b28ad85e815b6d84b7fc7d8","client/sniffer/src/test/java/org/elasticsearch/client/sniff/HostsSnifferTests.java","28","0","1","3","237","277","0"
"elasticsearch","b00b2b9baaf7d22ba63a2cb6c55ba0218de55324","src/main/java/org/elasticsearch/cluster/metadata/MetaDataIndexTemplateService.java","28","0","1","30","272","347","0"
"elasticsearch","7d08940c781e9eb47b27e6999fc40eb6c59aaf22","src/test/java/org/elasticsearch/cluster/metadata/MetaDataTests.java","28","0","1","36","614","777","1"
"elasticsearch","dedaf9387e57e5e36eb28e4104c007af7b52068b","src/test/java/org/elasticsearch/cluster/metadata/MetaDataTests.java","28","0","1","36","625","788","0"
"elasticsearch","a01475a20b8a5b14da67c9979cdd953aefcc7598","core/src/main/java/org/elasticsearch/common/xcontent/json/JsonXContentGenerator.java","28","0","1","38","298","396","1"
"elasticsearch","841d5a210e12bc629336396893e18872d2b1f46f","core/src/main/java/org/elasticsearch/common/xcontent/json/JsonXContentGenerator.java","28","0","1","38","301","399","0"
"antlr4","507f331bd08bc01c213822508d18bbc4ba769db4","tool/src/org/antlr/v4/codegen/JavaTarget.java","28","0","1","4","110","192","1"
"BroadleafCommerce","9e24c8928af2c7b43df2293fc391f0aa3d00513f","admin/broadleaf-open-admin-platform/src/main/java/org/broadleafcommerce/openadmin/server/service/persistence/validation/EntityValidatorServiceImpl.java","28","0","1","4","155","237","3"
"elasticsearch","2c274e59d574a6c47710d4001478ddf3fd173def","src/main/java/org/elasticsearch/index/percolator/PercolatorService.java","28","0","1","4","219","301","0"
"hazelcast","73673199472b3fb25cf6c72de378a1d2bab18605","hazelcast/src/main/java/com/hazelcast/spi/impl/operationexecutor/slowoperationdetector/SlowOperationDetector.java","28","0","1","4","233","314","1"
"hazelcast","86b064ba3f1e467e74e95d6da24b03122065ce36","hazelcast/src/main/java/com/hazelcast/spi/impl/operationexecutor/slowoperationdetector/SlowOperationDetector.java","28","0","1","4","233","314","2"
"hazelcast","9948976cea0dd05d47e24f303a0b309b4155d329","hazelcast/src/main/java/com/hazelcast/spi/impl/operationexecutor/slowoperationdetector/SlowOperationDetector.java","28","0","1","4","233","314","2"
"hazelcast","82683a8423a0a3209f3dd70ca23835ee63f0d0b8","hazelcast/src/main/java/com/hazelcast/spi/impl/operationexecutor/slowoperationdetector/SlowOperationDetector.java","28","0","1","4","233","314","0"
"elasticsearch","c183e4b6eb2a2c15f1c5524696ee7e2879b366ff","core/src/main/java/org/elasticsearch/indices/IndexingMemoryController.java","28","0","1","4","255","393","1"
"elasticsearch","371c73e14023917f3892090d2d3d7ff9ac1216b9","core/src/main/java/org/elasticsearch/indices/IndexingMemoryController.java","28","0","1","4","256","397","3"
"elasticsearch","78574d248cf10dad1c5a566fda79e1e0c94afe43","core/src/main/java/org/elasticsearch/indices/IndexingMemoryController.java","28","0","1","4","256","397","2"
"elasticsearch","e6aaaf11ed4a1b8f595f920de1840938eddb7a97","core/src/main/java/org/elasticsearch/indices/IndexingMemoryController.java","28","0","1","4","256","397","2"
"elasticsearch","a60b8948ba1d836a6eac7cff095519e618939ed8","core/src/main/java/org/elasticsearch/indices/IndexingMemoryController.java","28","0","1","4","256","397","0"
"neo4j","994db753bce91090d802d093a70bd1fa6a941471","community/kernel/src/main/java/org/neo4j/kernel/impl/index/IndexCommand.java","28","0","1","41","314","386","0"
"hazelcast","cf709cac522a7b877da0c3bf3e373b0089a55b46","hazelcast/src/test/java/com/hazelcast/map/MapTransactionTest.java","28","0","1","44","1189","1415","0"
"hazelcast","cabe7717c22c521124a1e3fbb08b6b64ced364d7","hazelcast/src/test/java/com/hazelcast/map/MapTransactionTest.java","28","0","1","44","1193","1417","1"
"hazelcast","607e46817bb2f8d452c7ced168646daf77a8a7f7","hazelcast/src/test/java/com/hazelcast/map/MapTransactionTest.java","28","0","1","44","1196","1429","1"
"hazelcast","1577e6203517ea9a356c2fe9ef193cac391f7df1","hazelcast/src/test/java/com/hazelcast/map/MapTransactionTest.java","28","0","1","44","1209","1429","0"
"hazelcast","fbcba56efb38034ef1b93d845339262278b4db6d","hazelcast/src/main/java/com/hazelcast/jmx/ManagementService.java","28","0","1","5","137","172","1"
"orientdb","7a678522a2d83448543bc75d7360ac0857529727","core/src/main/java/com/orientechnologies/orient/core/sql/OCommandExecutorSQLLiveSelect.java","28","0","1","5","156","206","0"
"orientdb","87154d21d3773b56833010727fdc7e1c88c9aee3","core/src/main/java/com/orientechnologies/orient/core/index/OIndexRemote.java","28","0","1","50","401","524","0"
"hazelcast","96fd98e7c3cc5b97b45c7eb34d1389f5082c1c35","hazelcast-client/src/main/java/com/hazelcast/client/proxy/ClientMapProxy.java","28","0","1","56","477","571","1"
"orientdb","a56ae91e7d9f772da4288542cee900793c24e5e1","core/src/main/java/com/orientechnologies/orient/core/sql/OCommandExecutorSQLLiveSelect.java","28","0","1","6","160","212","0"
"hazelcast","e5259c9d3150574abe68659f6782c7a3e3d5b15a","hazelcast/src/main/java/com/hazelcast/internal/cluster/impl/MulticastJoiner.java","28","0","1","6","164","217","0"
"hazelcast","a8cc521022eaa74eba9ebf9ad768be2449fefaa9","hazelcast/src/main/java/com/hazelcast/internal/cluster/impl/MulticastJoiner.java","28","0","1","6","165","220","0"
"BroadleafCommerce","3a29129a88f7324cc785681dbe6972f47bbb0082","core/broadleaf-framework-web/src/main/java/org/broadleafcommerce/core/web/checkout/service/CheckoutFormServiceImpl.java","28","0","1","6","174","260","0"
"orientdb","ae7c04d181a8ba0a89222cc681b0534a4f4c190d","core/src/main/java/com/orientechnologies/orient/core/sql/OCommandExecutorSQLLiveSelect.java","28","0","1","6","177","227","1"
"BroadleafCommerce","1027662ed7db094c0911fe6d491c00b5ff8e7925","core/broadleaf-framework-web/src/main/java/org/broadleafcommerce/core/web/processor/UncacheableDataProcessor.java","28","0","1","6","177","249","1"
"hazelcast","951ffdc2e22a155ef94f1bfaaea080af2efc64d6","hazelcast/src/main/java/com/hazelcast/internal/usercodedeployment/impl/ClassLocator.java","28","0","1","6","199","254","1"
"hazelcast","611f7e0f59795f21c3731f7fa65b0f50c4c6f80b","hazelcast/src/main/java/com/hazelcast/nio/tcp/WriteHandler.java","28","0","1","6","201","329","1"
"elasticsearch","a3abfab865788a3828424f78801d19ebd5a78b81","core/src/main/java/org/elasticsearch/index/percolator/PercolatorQueriesRegistry.java","28","0","1","6","242","324","1"
"elasticsearch","2a7f964ca23370896032182d6521cffa8d6b6a24","modules/elasticsearch/src/main/java/org/elasticsearch/index/search/geo/GeoBoundingBoxFilter.java","28","0","1","6","98","150","0"
"orientdb","78c9b7de30b4271fde95052f918bf42231d416e6","core/src/test/java/com/orientechnologies/orient/core/sql/OCommandExecutorSQLSelectTest.java","28","0","1","66","822","1045","5"
"orientdb","5f8fd1e0187f2f21ae96b343b27a2650f0b76fef","core/src/test/java/com/orientechnologies/orient/core/sql/OCommandExecutorSQLSelectTest.java","28","0","1","67","829","1054","5"
"netty","29bed32a89d20024d171bc46973ea99b9c6dd965","codec-http/src/main/java/io/netty/handler/codec/http/HttpContentEncoder.java","28","0","1","7","186","290","0"
"netty","2bda1b530adad4e92039c3e16fc08044634f0cd8","codec-http/src/main/java/io/netty/handler/codec/http/HttpContentEncoder.java","28","0","1","7","203","311","0"
"netty","d92bcff1b6c595e8fea888009b994044bd00793d","codec-http/src/main/java/io/netty/handler/codec/http/HttpContentEncoder.java","28","0","1","7","204","312","0"
"elasticsearch","7961dfa7ab727f1c43684473b3c0b7864e227b1e","src/main/java/org/elasticsearch/index/search/child/ChildrenQuery.java","28","0","1","7","313","407","1"
"elasticsearch","0a69f1e283e26e5d9e6a000b68b9f4778de557a1","core/src/test/java/org/elasticsearch/indices/recovery/IndexRecoveryIT.java","28","0","1","7","498","642","2"
"elasticsearch","5a64f08f048461a63a0ca1354a5050c954e63d52","core/src/test/java/org/elasticsearch/indices/recovery/IndexRecoveryIT.java","28","0","1","7","499","643","0"
"elasticsearch","0322d490a89f28396b310b2b2bf80d94e3577c87","core/src/main/java/org/elasticsearch/search/aggregations/metrics/stats/extended/ExtendedStatsAggregator.java","28","0","1","8","152","192","1"
"elasticsearch","ba29818629861240a5971c31849ddf405a0a831d","core/src/test/java/org/elasticsearch/search/searchafter/SearchAfterBuilderTests.java","28","0","1","8","214","258","0"
"elasticsearch","37f16127c56ae0ce007052cfe05b54895b92e33b","src/main/java/org/elasticsearch/index/query/ScriptFilterParser.java","28","0","1","9","143","198","0"
"elasticsearch","8c1171a6ef7dd307815988b1f199677a070d02cd","modules/elasticsearch/src/main/java/org/elasticsearch/client/transport/TransportClientNodesService.java","28","0","1","9","212","279","0"
"elasticsearch","176f359e8b59dfb72a2789347f026cdda143ee9f","modules/elasticsearch/src/main/java/org/elasticsearch/client/transport/TransportClientNodesService.java","28","0","1","9","214","281","0"
"elasticsearch","0d755472d363de6a96f74edcfb8b4040afd98553","modules/elasticsearch/src/main/java/org/elasticsearch/client/transport/TransportClientNodesService.java","28","0","1","9","228","296","0"
"elasticsearch","4e5714b31fe3d3b9fdedb18064253fa50b79bcc0","src/main/java/org/elasticsearch/index/mapper/DocumentMapperParser.java","28","0","1","9","235","293","0"
"elasticsearch","caacce942922f4dec957b718028f0965179d3e5f","src/main/java/org/elasticsearch/index/mapper/DocumentMapperParser.java","28","0","1","9","236","294","1"
"orientdb","5812204936494a54889d51af4bca0f69a52372f1","core/src/main/java/com/orientechnologies/common/util/OMemory.java","28","0","10","0","141","246","0"
"elasticsearch","04c16b7ba5658c928b9bdd7201ef41ab151540ae","src/main/java/org/elasticsearch/search/suggest/context/CategoryContextMapping.java","28","0","10","12","238","351","1"
"netty","7ef6db3ffd2f10cce835685359dec642bd3c874c","codec-http/src/main/java/io/netty/handler/codec/http/HttpHeaders.java","28","0","100","1","533","1649","0"
"netty","f755e584638e20a4ae62466dd4b7a14954650348","codec-http/src/main/java/io/netty/handler/codec/http/HttpHeaders.java","28","0","100","1","533","1654","0"
"netty","0bc30a123e88bc7b038e0c260937581097a903f7","codec-http/src/main/java/io/netty/handler/codec/http/HttpHeaders.java","28","0","100","1","534","1656","1"
"elasticsearch","25fd9e26c4fb042d6f6dea14efcd239577bdbbc4","core/src/main/java/org/elasticsearch/action/support/replication/ReplicationOperation.java","28","0","12","13","293","453","0"
"elasticsearch","a832987ada172d91baa03a779a21b7541ddd6857","core/src/main/java/org/elasticsearch/common/io/FileSystemUtils.java","28","0","14","0","204","354","0"
"elasticsearch","6796464f167ce293192c43efd1cf28e4434fd5da","core/src/test/java/org/elasticsearch/search/query/SearchQueryIT.java","28","0","14","46","1671","2093","4"
"elasticsearch","6baded8e7fb920e920a288bf53764a1da3d617da","core/src/test/java/org/elasticsearch/search/query/SearchQueryIT.java","28","0","14","46","1671","2093","3"
"elasticsearch","d06a8903fdccf5985bb1b9cbfcb92580d08a544c","core/src/test/java/org/elasticsearch/search/query/SearchQueryIT.java","28","0","14","46","1671","2093","0"
"elasticsearch","00de8e07fc3df9c763bbc0b6890217dc5b6bee3e","core/src/test/java/org/elasticsearch/search/query/SearchQueryIT.java","28","0","14","46","1672","2094","3"
"elasticsearch","9957bdf0ad88e3625ef42c95a80d5edc3aac02f4","core/src/main/java/org/elasticsearch/action/support/replication/ReplicationOperation.java","28","0","15","9","283","463","0"
"elasticsearch","4d32cc0b9f6ac41dca4674bbbadbf1e677e5d305","core/src/main/java/org/elasticsearch/index/query/BoolQueryBuilder.java","28","0","18","1","209","350","2"
"netty","7aefd0cbdbc01aa344c5b2f3261734c4a2afe313","transport/src/main/java/io/netty/bootstrap/AbstractBootstrap.java","28","0","19","1","290","438","0"
"elasticsearch","12d9268db256b728e8d334801739fb46167902b6","src/main/java/org/elasticsearch/index/fielddata/ordinals/OrdinalsBuilder.java","28","0","19","3","276","469","0"
"elasticsearch","829b858c1dbe239c82a6557b2214540e849b19e3","core/src/main/java/org/elasticsearch/common/network/NetworkUtils.java","28","0","2","0","149","214","0"
"elasticsearch","7b5e6512608adcb9e32a29a2185afe7f6f412945","core/src/test/java/org/elasticsearch/indices/cluster/AbstractIndicesClusterStateServiceTestCase.java","28","0","2","1","268","359","0"
"netty","fa6999cd4285d12e01e93c96d4141ec483dfa209","codec-http/src/main/java/io/netty/handler/codec/http/multipart/AbstractMemoryHttpData.java","28","0","2","12","185","230","1"
"elasticsearch","b49853a6199f586e47d44fbf1eae0dbda17c872d","src/main/java/org/elasticsearch/indices/fielddata/cache/IndicesFieldDataCache.java","28","0","2","12","251","339","0"
"elasticsearch","056ad0a8d3df9b34ab9bb81c45bfb72410238497","src/test/java/org/elasticsearch/document/BulkTests.java","28","0","2","12","504","629","1"
"elasticsearch","d35a3b03c842c142fef3dbde4622fee14661055b","src/main/java/org/elasticsearch/search/internal/ContextIndexSearcher.java","28","0","2","14","156","218","0"
"elasticsearch","e9d9ade10f9947dd35f9ccf095c3d36698f0de8c","src/main/java/org/elasticsearch/index/query/IndexQueryParserService.java","28","0","2","14","238","303","0"
"elasticsearch","9ae421a8b2094009023ba7d0717c6d91d7c47035","src/main/java/org/elasticsearch/search/internal/ContextIndexSearcher.java","28","0","2","15","160","223","0"
"hazelcast","d070f1256c8c7fa823e6463487462826384ee1df","hazelcast/src/main/java/com/hazelcast/map/impl/eviction/EvictionChecker.java","28","0","2","2","207","283","0"
"neo4j","d4187298f74a835315180b2ca3a716a6caddea0c","community/primitive-collections/src/main/java/org/neo4j/collection/primitive/hopscotch/HopScotchHashingAlgorithm.java","28","0","2","20","279","416","1"
"neo4j","c4b73f41c621dadf3c18b9f1bb9785f69932d05f","community/kernel/src/main/java/org/neo4j/kernel/impl/store/record/PropertyBlock.java","28","0","2","21","198","259","1"
"neo4j","f44287b7a495e7eebc71863a05453d7bfd7285bf","community/primitive-collections/src/main/java/org/neo4j/collection/primitive/hopscotch/HopScotchHashingAlgorithm.java","28","0","2","21","283","425","0"
"neo4j","3ba4c3eb9ac99cd80673b361aec957e934853e90","community/kernel/src/main/java/org/neo4j/kernel/impl/store/record/PropertyBlock.java","28","0","2","27","222","290","0"
"orientdb","a242cd8fb39fd371e5dfd3ba2f972abc05ebfecb","core/src/main/java/com/orientechnologies/orient/core/sql/OIndexSearchResult.java","28","0","2","5","108","175","0"
"elasticsearch","82fa531ab4c1fb087d357ff15288c070d7393378","core/src/main/java/org/elasticsearch/rest/action/search/RestMultiSearchAction.java","28","0","2","5","159","224","1"
"elasticsearch","90f9b5f60d76ed7998f3b120d1fb2c473f7cdb55","core/src/test/java/org/elasticsearch/test/rest/ElasticsearchRestTestCase.java","28","0","2","6","270","377","0"
"hazelcast","237ded5a5370be91f04df1fc1208e3a4d8727ba1","hazelcast/src/main/java/com/hazelcast/cluster/impl/ConfigCheck.java","28","0","2","7","171","243","0"
"elasticsearch","bef1c8511d3f99aa681c49396bf9c707f2e7d8a9","core/src/main/java/org/elasticsearch/indices/recovery/RecoveryTargetService.java","28","0","2","7","362","471","0"
"hazelcast","4ab01d3de56f9ea7777c8b3dff22f8cddabc6ac7","hazelcast/src/main/java/com/hazelcast/internal/cluster/impl/ConfigCheck.java","28","0","2","8","179","257","0"
"antlr4","53678867ca61ffb4aa79298b40efcc74bebf952c","tool/src/org/antlr/v4/codegen/target/JavaScriptTarget.java","28","0","2","9","136","240","0"
"netty","836ac02ab931088a8608bb33a419fa55f44472d5","transport/src/main/java/io/netty/bootstrap/AbstractBootstrap.java","28","0","20","1","296","448","1"
"elasticsearch","3d2a50c8ea3a0e320147deb64664d08321a7a5d9","core/src/main/java/org/elasticsearch/cluster/node/DiscoveryNode.java","28","0","20","18","257","434","2"
"elasticsearch","83d1e0985d64d1e21bc233c9a4d567d901006722","core/src/main/java/org/elasticsearch/cluster/node/DiscoveryNode.java","28","0","20","18","261","439","0"
"hazelcast","e3d7ef68c3909a3e5e663a53e0e91de6905d3a00","hazelcast/src/test/java/com/hazelcast/internal/nearcache/AbstractNearCacheBasicTest.java","28","0","21","0","323","576","1"
"hazelcast","514d2843f6ad00ea6d72645444f9c8ca9f727295","hazelcast/src/test/java/com/hazelcast/internal/nearcache/AbstractNearCacheBasicTest.java","28","0","21","0","324","581","0"
"elasticsearch","8472775477396a5e95943945e1c6283e8c4a7fa8","core/src/main/java/org/elasticsearch/node/internal/InternalSettingsPreparer.java","28","0","3","0","144","222","1"
"elasticsearch","878301c795e6ad2c47c620c893b3324a564e0d91","core/src/main/java/org/elasticsearch/node/internal/InternalSettingsPreparer.java","28","0","3","0","144","222","2"
"elasticsearch","948da82f90eade59aaf60bb4a5a174dd0932c4a0","core/src/main/java/org/elasticsearch/node/internal/InternalSettingsPreparer.java","28","0","3","0","144","222","1"
"elasticsearch","ae1ed34355caa63eb7bc3d0ab9e13afcc69a0bb2","core/src/main/java/org/elasticsearch/node/internal/InternalSettingsPreparer.java","28","0","3","0","144","222","0"
"elasticsearch","f8d9de8dcaffcdf1cc01ae98cb31f9eaa55c5a2c","core/src/main/java/org/elasticsearch/node/internal/InternalSettingsPreparer.java","28","0","3","0","144","222","0"
"Android-Universal-Image-Loader","b6e2d132d33da62bc72a27f91c76adcf7d5f3db9","library/src/com/nostra13/universalimageloader/core/decode/BaseImageDecoder.java","28","0","3","0","177","245","1"
"elasticsearch","22e63b478306fb3cab6ba8967db6e1f2b73cdfd8","core/src/test/java/org/elasticsearch/index/IndexWithShadowReplicasIT.java","28","0","3","11","702","900","2"
"elasticsearch","371c73e14023917f3892090d2d3d7ff9ac1216b9","core/src/test/java/org/elasticsearch/index/IndexWithShadowReplicasIT.java","28","0","3","11","702","905","3"
"elasticsearch","50b31ce6202683917bd007fde022d5019a501453","core/src/test/java/org/elasticsearch/index/IndexWithShadowReplicasIT.java","28","0","3","11","703","899","0"
"elasticsearch","046abdc281c321cd2128ee7684c0edfcaca07203","core/src/test/java/org/elasticsearch/index/IndexWithShadowReplicasIT.java","28","0","3","11","703","901","3"
"elasticsearch","bdd1d0703dff32309b78d5f288fd71ef196f0347","core/src/test/java/org/elasticsearch/index/IndexWithShadowReplicasIT.java","28","0","3","11","703","904","2"
"elasticsearch","0a8afa2e7269ddbec3755b8f10033e93f55149c2","core/src/test/java/org/elasticsearch/index/IndexWithShadowReplicasIT.java","28","0","3","11","706","904","1"
"elasticsearch","b8934945b4ba6e3b20d7c7b11746c2a834c4f7f4","core/src/test/java/org/elasticsearch/index/IndexWithShadowReplicasIT.java","28","0","3","11","706","907","1"
"elasticsearch","8741691511a93429170ce830d14df3f67395c09f","core/src/test/java/org/elasticsearch/index/IndexWithShadowReplicasIT.java","28","0","3","11","708","910","0"
"neo4j","5733d897307f8751380bb8a40beb028f8f9d0f62","enterprise/causal-clustering/src/test/java/org/neo4j/causalclustering/discovery/Cluster.java","28","0","3","28","391","545","1"
"neo4j","d41dff69b36858b1eb845a50f84bbf7b65deb159","enterprise/causal-clustering/src/test/java/org/neo4j/causalclustering/discovery/Cluster.java","28","0","3","29","398","553","0"
"neo4j","c78d5b9a732e8512a6136e4194de35dbffdeaca6","enterprise/causal-clustering/src/test/java/org/neo4j/causalclustering/discovery/Cluster.java","28","0","3","30","407","563","1"
"neo4j","035903e9ebdada5ea1269b223a6b5ee102763a1d","enterprise/causal-clustering/src/test/java/org/neo4j/causalclustering/discovery/Cluster.java","28","0","3","30","407","565","0"
"elasticsearch","cb5c25ab4fb78c0da392726566ee3d74924454c5","core/src/test/java/org/elasticsearch/common/io/stream/BytesStreamsTests.java","28","0","3","30","578","766","0"
"BroadleafCommerce","a2f2dc1c34ba2468a606704c07bde5e5256efe02","core/broadleaf-framework/src/main/java/org/broadleafcommerce/core/offer/domain/OfferImpl.java","28","0","3","62","635","792","2"
"BroadleafCommerce","65e73bebcc311646d9d62110b258a16f37da5ac4","core/broadleaf-framework/src/main/java/org/broadleafcommerce/core/offer/domain/OfferImpl.java","28","0","3","62","637","794","1"
"netty","bd4df20eb3f97f9d73d49667ddebaa7a14f701b1","common/src/main/java/io/netty/util/concurrent/GlobalEventExecutor.java","28","0","3","9","175","272","1"
"netty","b7e947709ef28f0e60177f99298ef137ea46f18c","common/src/main/java/io/netty/util/concurrent/GlobalEventExecutor.java","28","0","3","9","175","275","0"
"elasticsearch","5df77a8c914a7ee216c9a197174031648c40eba4","core/src/main/java/org/elasticsearch/action/admin/indices/create/CreateIndexRequest.java","28","0","32","11","319","530","2"
"elasticsearch","01f6851691f0e160185acdb2986f0486e9b4f6ec","core/src/main/java/org/elasticsearch/action/admin/indices/create/CreateIndexRequest.java","28","0","33","11","323","538","2"
"elasticsearch","292dd8f992e101f9bffcd58c6c60a24ccbfec746","core/src/main/java/org/elasticsearch/action/admin/indices/create/CreateIndexRequest.java","28","0","33","11","325","540","3"
"hazelcast","68169508cc3ffe85856b9c1571c4ada159600f1c","hazelcast/src/main/java/com/hazelcast/map/impl/MapKeyLoader.java","28","0","4","10","314","440","0"
"elasticsearch","977712f9773c3eecea3958a5b8ddf934207775a6","core/src/main/java/org/elasticsearch/search/SearchHits.java","28","0","4","14","181","243","2"
"hazelcast","86a8460b7e36376816dea524d18b755c5b2fc9e7","hazelcast/src/main/java/com/hazelcast/map/mapstore/writebehind/WriteBehindStore.java","28","0","4","14","256","371","0"
"hazelcast","43402d9f22b18ea6fed39e1c919e0d65b779266c","hazelcast/src/main/java/com/hazelcast/map/impl/mapstore/writebehind/WriteBehindStore.java","28","0","4","14","261","378","2"
"elasticsearch","bd75b731c654f4c845f0781306b8055704706585","src/main/java/org/elasticsearch/cluster/routing/allocation/decider/AwarenessAllocationDecider.java","28","0","4","3","142","250","1"
"orientdb","2cecf185cd655dab83fe4d7e938b509503df5e7d","graphdb/src/main/java/com/tinkerpop/blueprints/impls/orient/OrientTransactionalGraph.java","28","0","4","4","152","244","0"
"hazelcast","a7ec759936b5ee731affea3d124296616924c2d4","hazelcast/src/main/java/com/hazelcast/internal/nearcache/impl/invalidation/RepairingTask.java","28","0","4","5","218","312","0"
"hazelcast","c99737523eb1e3b576d2f4fd450916bb708aff50","hazelcast/src/main/java/com/hazelcast/internal/nearcache/impl/invalidation/RepairingTask.java","28","0","4","5","221","318","1"
"elasticsearch","82278bb7bceedd6ce3c9804161ac9a737b9479b4","src/main/java/org/elasticsearch/ExceptionsHelper.java","28","0","4","9","135","188","1"
"hazelcast","0c51222d1ec3ba019ff9e01da3d9eb12fb8c1a8b","hazelcast/src/main/java/com/hazelcast/map/impl/MapKeyLoader.java","28","0","4","9","309","421","0"
"elasticsearch","6c34452409d2cc468daced1811db60cd81c6fe95","core/src/main/java/org/elasticsearch/search/internal/DefaultSearchContext.java","28","0","4","90","615","777","0"
"elasticsearch","b039360d2ea974b9827df90ee7d425ca15c638d6","core/src/main/java/org/elasticsearch/search/internal/DefaultSearchContext.java","28","0","4","92","624","788","1"
"junit","688854ba468c53884b74952f4daf938a99c44e8c","src/main/java/org/junit/Assert.java","28","0","43","0","283","978","0"
"elasticsearch","8b74c42099d5b7f76b2fa0d3d85d5f03f4e5e234","src/main/java/org/elasticsearch/action/mlt/MoreLikeThisRequest.java","28","0","46","8","384","653","0"
"netty","9128d4f16a8ccb102bbf863b88e6be8e5574333d","transport/src/main/java/io/netty/channel/group/DefaultChannelGroup.java","28","0","5","21","276","366","1"
"netty","f008ac8d4774574630a88fbc04c0c96c114e0457","transport/src/main/java/io/netty/channel/group/DefaultChannelGroup.java","28","0","5","21","276","366","1"
"netty","2b014ce82a71cad586ce3919d31d160fe05366cd","transport/src/main/java/io/netty/channel/group/DefaultChannelGroup.java","28","0","5","21","276","366","0"
"neo4j","1c6e22fad95ec037f0b9c6fd7a9fadb18e8384d1","community/server/src/main/java/org/neo4j/server/rest/transactional/ExecutionResultSerializer.java","28","0","5","3","388","487","0"
"neo4j","92deabf9001437b79c438cdf3364395074aac621","community/server/src/main/java/org/neo4j/server/rest/transactional/ExecutionResultSerializer.java","28","0","5","3","400","488","0"
"neo4j","3cad6b427058f7ea008e0f31ea88a5fdd61b9a82","community/server/src/main/java/org/neo4j/server/rest/transactional/ExecutionResultSerializer.java","28","0","5","3","400","489","1"
"neo4j","ec656d57e9b47b2c7d4da80daf6109ca500455e1","community/server/src/main/java/org/neo4j/server/rest/transactional/ExecutionResultSerializer.java","28","0","5","3","401","489","0"
"elasticsearch","8590fa49a67e94cecf857b0fddfff4d8dfcc7a9c","core/src/main/java/org/elasticsearch/index/query/QueryParseContext.java","28","0","5","39","286","391","2"
"elasticsearch","d0abffc9acb9afddc83ae99ae17848b813fd918f","core/src/main/java/org/elasticsearch/index/query/QueryParseContext.java","28","0","5","39","286","391","1"
"elasticsearch","5f6623c03b87f914faba97064d115370d286127f","core/src/main/java/org/elasticsearch/index/query/QueryParseContext.java","28","0","5","39","286","391","0"
"elasticsearch","75ced057ed17c5b3473795b24338815ab49f3336","core/src/main/java/org/elasticsearch/common/network/NetworkService.java","28","0","5","7","137","194","2"
"hazelcast","b753aeeb27f1b35ef0e8043027a09001e02abf62","hazelcast/src/main/java/com/hazelcast/internal/config/ConfigValidator.java","28","0","6","0","135","230","1"
"elasticsearch","40f889b825dbae9638a580e00f798923de03648c","core/src/main/java/org/elasticsearch/bootstrap/JarHell.java","28","0","6","1","187","288","1"
"elasticsearch","25fd9e26c4fb042d6f6dea14efcd239577bdbbc4","core/src/main/java/org/elasticsearch/bootstrap/JarHell.java","28","0","6","1","187","297","0"
"mcMMO","973279ed40d7d21aa5eaacb55a70d9c086f226a8","src/main/java/com/gmail/nossr50/datatypes/McMMOPlayer.java","28","0","6","11","166","243","0"
"hazelcast","811586187f0af08cfb2c1585e76a14f72b01effc","hazelcast-client/src/test/java/com/hazelcast/client/map/ClientSortLimitTest.java","28","0","6","14","427","560","1"
"hazelcast","317fabec0c90b274c686ba018cc1b465fee244f2","hazelcast-client-new/src/test/java/com/hazelcast/client/map/ClientSortLimitTest.java","28","0","6","14","427","561","0"
"hazelcast","81c89c9ea6abba5b56d32b7341d35eaaa290161c","hazelcast-client/src/test/java/com/hazelcast/client/map/ClientSortLimitTest.java","28","0","6","14","427","561","0"
"hazelcast","00996c02bd33d0296b57856fc3801fce6f016588","hazelcast-client/src/test/java/com/hazelcast/client/map/ClientSortLimitTest.java","28","0","6","14","427","561","1"
"hazelcast","b777381e2f8cfc3d8bcde3a87c5cc9993e31d4a2","hazelcast-client-new/src/test/java/com/hazelcast/client/map/ClientSortLimitTest.java","28","0","6","14","429","563","1"
"elasticsearch","f26311e88b8c8b432305b514a975db603bec326e","core/src/main/java/org/elasticsearch/index/query/QueryParseContext.java","28","0","6","38","282","388","2"
"netty","7c7acdcaac89423de2bc2e8ddf104d5289829013","handler/src/main/java/io/netty/handler/timeout/IdleStateHandler.java","28","0","6","7","251","446","0"
"hazelcast","44dd4c0ef632613153d2932c170a0490dcd30270","hazelcast/src/main/java/com/hazelcast/util/FutureUtil.java","28","0","6","9","232","350","0"
"elasticsearch","56cc87b7ccd41040d8fafcaf2da3680d96d10839","core/src/main/java/org/elasticsearch/action/support/replication/ReplicationOperation.java","28","0","7","13","286","427","0"
"elasticsearch","0a69f1e283e26e5d9e6a000b68b9f4778de557a1","core/src/test/java/org/elasticsearch/index/mapper/all/SimpleAllMapperTests.java","28","0","7","14","397","472","2"
"elasticsearch","5a64f08f048461a63a0ca1354a5050c954e63d52","core/src/test/java/org/elasticsearch/index/mapper/all/SimpleAllMapperTests.java","28","0","7","14","403","479","0"
"hazelcast","c7b962eded1db7b4735b713d950eb548f009331f","hazelcast/src/test/java/com/hazelcast/test/TestHazelcastInstanceFactory.java","28","0","7","17","219","326","0"
"hazelcast","a741bd5edb9ccb73c6cebd412eb3d331d5273ef1","hazelcast/src/test/java/com/hazelcast/test/TestHazelcastInstanceFactory.java","28","0","7","18","222","330","0"
"hazelcast","6d77f28753a0b37e9d55b755959fd9ef7a61b21b","hazelcast/src/test/java/com/hazelcast/test/TestHazelcastInstanceFactory.java","28","0","7","18","222","331","0"
"elasticsearch","68046b64c26384a53e65a4afae5987ebb3e87c9d","src/test/java/org/elasticsearch/bwcompat/BasicBackwardsCompatibilityTest.java","28","0","7","2","209","267","1"
"elasticsearch","6c34452409d2cc468daced1811db60cd81c6fe95","core/src/main/java/org/elasticsearch/index/query/QueryShardContext.java","28","0","7","44","344","452","2"
"elasticsearch","f2f95ea115aa3fa2020d034ae4e10d2ef8837d62","core/src/main/java/org/elasticsearch/common/network/NetworkUtils.java","28","0","8","0","150","213","1"
"elasticsearch","838edab168c2999af7ba16f000c1180814e98570","core/src/main/java/org/elasticsearch/node/Node.java","28","0","8","1","374","484","1"
"hazelcast","d3f848cabe43b262c779743ccc0c0f35b41aea22","hazelcast/src/main/java/com/hazelcast/util/FutureUtil.java","28","0","9","10","257","397","0"
"hazelcast","27d49efcee88ee428254cf38353e8698ea127c45","hazelcast/src/main/java/com/hazelcast/util/FutureUtil.java","28","0","9","10","257","398","1"
"neo4j","36d749e9be2011ad5d7cdb4de6dbac55583e3dda","community/bolt/src/main/java/org/neo4j/bolt/v1/runtime/BoltStateMachine.java","28","0","9","16","590","819","1"
"neo4j","083224bbfc9dfc2e59c049a9c5eedb758eb1c86e","community/bolt/src/main/java/org/neo4j/bolt/v1/runtime/BoltStateMachine.java","28","0","9","16","594","832","1"
"neo4j","87838b56dfcfb7b37ca03d26c9eedc8f1e0c38e5","community/bolt/src/main/java/org/neo4j/bolt/v1/runtime/BoltStateMachine.java","28","0","9","17","607","846","0"
"elasticsearch","ea206237e3d8aa6e9b37a7063e6a2782b3e3cc5c","core/src/main/java/org/elasticsearch/ingest/ConfigurationUtils.java","28","0","9","4","177","272","1"
"elasticsearch","371c73e14023917f3892090d2d3d7ff9ac1216b9","core/src/main/java/org/elasticsearch/ingest/core/ConfigurationUtils.java","28","0","9","4","178","273","3"
"elasticsearch","78574d248cf10dad1c5a566fda79e1e0c94afe43","core/src/main/java/org/elasticsearch/ingest/core/ConfigurationUtils.java","28","0","9","4","178","273","2"
"elasticsearch","e6aaaf11ed4a1b8f595f920de1840938eddb7a97","core/src/main/java/org/elasticsearch/ingest/core/ConfigurationUtils.java","28","0","9","4","178","273","2"
"elasticsearch","a60b8948ba1d836a6eac7cff095519e618939ed8","core/src/main/java/org/elasticsearch/ingest/core/ConfigurationUtils.java","28","0","9","4","178","273","0"
"orientdb","93ffa8ef31f575e656701e8a8074cbc19653f2f8","client/src/main/java/com/orientechnologies/orient/client/remote/OStorageRemote.java","280","0","4","70","1743","2295","0"
"hazelcast","84e0a9b9d444f633dbd2bced60d95bc478086fea","hazelcast/src/main/java/com/hazelcast/partition/impl/InternalPartitionServiceImpl.java","280","0","7","48","1879","2249","1"
"elasticsearch","9d10ffd54763675f1147f6a3024388d202185bdd","core/src/test/java/org/elasticsearch/index/engine/InternalEngineTests.java","280","0","8","81","3478","4210","0"
"netty","eb5dc4bcedc7503738e19ee8635f4df58f7062a2","handler/src/main/java/io/netty/handler/ssl/ReferenceCountedOpenSslEngine.java","281","0","3","39","1528","2015","8"
"netty","7ce0f35b69a30fcfcd37c9602a1be30077336d3e","handler/src/main/java/io/netty/handler/ssl/ReferenceCountedOpenSslEngine.java","281","0","3","39","1532","2020","7"
"hazelcast","a9bda17d674367f544bb3a51dda4f510da16fd9e","hazelcast/src/main/java/com/hazelcast/partition/impl/InternalPartitionServiceImpl.java","281","0","7","48","1883","2254","0"
"netty","86020a2858de8c8cf31892a3bf1010d6f9defa4a","handler/src/main/java/io/netty/handler/ssl/ReferenceCountedOpenSslEngine.java","282","0","3","39","1532","2024","9"
"hazelcast","89e869b74bc1ca35354cd2da111524cc10f9c141","hazelcast/src/main/java/com/hazelcast/partition/impl/InternalPartitionServiceImpl.java","282","0","7","48","1888","2259","1"
"netty","dd055c01c78c3a6ce5b9195890486a6e1ab072d2","handler/src/main/java/io/netty/handler/ssl/ReferenceCountedOpenSslEngine.java","283","0","3","39","1532","2022","7"
"netty","74140dbf53456c30600d7870316c5ac79878a003","handler/src/main/java/io/netty/handler/ssl/ReferenceCountedOpenSslEngine.java","283","0","6","39","1562","2142","5"
"netty","e5455d31b3cfe74b5c6008b68955a10d7d539f9d","handler/src/main/java/io/netty/handler/ssl/ReferenceCountedOpenSslEngine.java","283","0","6","39","1566","2146","0"
"ceylon-ide-eclipse","6090129128533def792ee16da4567750c05fea9c","plugins/com.redhat.ceylon.eclipse.ui/src/com/redhat/ceylon/eclipse/core/model/JDTModelLoader.java","284","0","2","62","1436","1691","0"
"ceylon-ide-eclipse","a663749003c548268129292b909850423aecff16","plugins/com.redhat.ceylon.eclipse.ui/src/com/redhat/ceylon/eclipse/core/model/JDTModelLoader.java","284","0","2","62","1438","1693","1"
"hazelcast","5be933d1a22cd8d1357c6653f9ee36183f0c684d","hazelcast/src/main/java/com/hazelcast/config/XmlConfigBuilder.java","285","0","0","5","1095","1173","2"
"hazelcast","967e7996909f5ef691e1bca2268618076eec0d89","hazelcast/src/main/java/com/hazelcast/config/XmlConfigBuilder.java","285","0","0","5","1098","1177","1"
"orientdb","5f9f40c66e80f07a68d7e9f034db32f18aa1f841","core/src/main/java/com/orientechnologies/orient/core/metadata/schema/OClassImpl.java","285","0","5","107","2051","2576","1"
"orientdb","651d3e7bf092a289b0825affc1709b260f296cf7","core/src/main/java/com/orientechnologies/orient/core/metadata/schema/OClassImpl.java","285","0","5","107","2051","2576","1"
"orientdb","7ac1602bfd79337736223a8264d95442e444a1f4","core/src/main/java/com/orientechnologies/orient/core/metadata/schema/OClassImpl.java","285","0","5","107","2051","2576","0"
"netty","4e04b63746d66aa1c1ef38d1505a9f0cdd62c26b","handler/src/main/java/io/netty/handler/ssl/ReferenceCountedOpenSslEngine.java","286","0","3","39","1551","2052","7"
"orientdb","29d9c9c149f32a2a93865952498f2baf9b3e1f57","distributed/src/main/java/com/orientechnologies/orient/server/hazelcast/OHazelcastPlugin.java","286","0","7","61","1584","2238","1"
"orientdb","65f086eb452cac1fc83cfac710303c5b020d0697","distributed/src/main/java/com/orientechnologies/orient/server/hazelcast/OHazelcastPlugin.java","286","0","7","61","1585","2240","0"
"netty","4d969b964f68e3821f72d71eacbe5cca2f4e1d37","codec-http/src/main/java/io/netty/handler/codec/http/multipart/HttpPostRequestDecoder.java","287","0","17","12","1436","2093","0"
"netty","e9fa40d7707d08ecc3c1f649a13817670b76613a","handler/src/main/java/io/netty/handler/ssl/ReferenceCountedOpenSslEngine.java","287","0","3","39","1557","2065","6"
"orientdb","a6f3fea2095ee1908b51181dbaca446025d9be00","core/src/main/java/com/orientechnologies/orient/core/metadata/schema/OClassImpl.java","287","0","5","107","2066","2593","2"
"orientdb","7ac9dadbe1b8512a204a416b23a1d6acb6dc21b0","server/src/main/java/com/orientechnologies/orient/server/network/protocol/binary/ONetworkProtocolBinary.java","288","0","0","6","1730","2242","0"
"MapDB","a86151e6a26c06b7c00ec9d42a181cf0506b3eb3","src/main/java/org/mapdb/Store.java","288","0","15","75","1546","2031","3"
"netty","a4a92ee14aa7796ad2aae9c12a7be6f6affb1517","codec-http/src/main/java/io/netty/handler/codec/http/multipart/HttpPostRequestDecoder.java","288","0","17","12","1444","2103","2"
"netty","6c0b2be41234c6593d1ca8283f1a766ecc861026","codec-http/src/main/java/io/netty/handler/codec/http/multipart/HttpPostRequestDecoder.java","288","0","17","13","1453","2116","0"
"netty","97bdabad9c62eecb72555911cfa9f74570204943","codec-http/src/main/java/io/netty/handler/codec/http/multipart/HttpPostRequestDecoder.java","288","0","17","13","1456","2119","1"
"hazelcast","485f426abc042144ebf9fd213e724556ad967191","hazelcast/src/main/java/com/hazelcast/internal/partition/impl/InternalPartitionServiceImpl.java","289","0","10","56","1914","2298","2"
"hazelcast","1f042b8c4a4245594691bb6d85a66ceed9b43068","hazelcast/src/main/java/com/hazelcast/internal/partition/impl/InternalPartitionServiceImpl.java","289","0","10","57","1919","2304","1"
"hazelcast","9db1e6ff3a03e162ebe27e01ea7adf623ac550a1","hazelcast/src/main/java/com/hazelcast/internal/partition/impl/InternalPartitionServiceImpl.java","289","0","10","57","1919","2304","1"
"hazelcast","2921cff694583b8638dae2991f427e61d5440a9d","hazelcast/src/main/java/com/hazelcast/internal/partition/impl/InternalPartitionServiceImpl.java","289","0","10","57","1919","2304","0"
"orientdb","c65031e4a5cae04be6faeaeccb01fb18d3e5fb85","client/src/main/java/com/orientechnologies/orient/client/remote/OStorageRemote.java","289","0","4","70","1768","2328","1"
"hazelcast","784e58f037655dc9e392f38df88695a54a444969","hazelcast/src/main/java/com/hazelcast/partition/impl/InternalPartitionServiceImpl.java","289","0","7","50","1911","2296","0"
"netty","0d78c0508da9babeb6825a9d6335535e15cf716d","src/main/java/org/jboss/netty/channel/socket/oio/OioWorker.java","29","0","0","0","175","239","0"
"hazelcast","669af4d95acce86fc25b96a8aaf5ee89a8b29610","hazelcast/src/main/java/com/hazelcast/map/impl/AbstractMapServiceContextSupport.java","29","0","0","0","181","210","0"
"hazelcast","3084a2b6c7f8d928cb38abde92766db1f17520f9","hazelcast/src/main/java/com/hazelcast/map/impl/AbstractMapServiceContextSupport.java","29","0","0","0","182","211","1"
"hazelcast","15ad63e930e2d564e6911025f5d234fd4144e345","hazelcast/src/main/java/com/hazelcast/map/AbstractMapServiceContextSupport.java","29","0","0","0","185","214","0"
"hazelcast","5dd3caeda2bb8c092bb4050230f55932e2439044","hazelcast/src/main/java/com/hazelcast/map/impl/AbstractMapServiceContextSupport.java","29","0","0","0","186","215","0"
"hazelcast","04e8060c418f7e89d3809511d356b4f8e604e471","hazelcast/src/main/java/com/hazelcast/map/impl/AbstractMapServiceContextSupport.java","29","0","0","0","191","221","0"
"hazelcast","5d9345d0e7f6a373bf80d27b2bf94fc798934378","hazelcast-client/src/main/java/com/hazelcast/client/nearcache/ClientHeapNearCache.java","29","0","0","0","200","246","1"
"hazelcast","41969587cb65b106638aac7de143c830066968d4","hazelcast-client/src/main/java/com/hazelcast/client/nearcache/ClientHeapNearCache.java","29","0","0","0","201","247","2"
"hazelcast","d0fd18cd0e2fac83d47776ccc1f08639bfc9823f","hazelcast-client/src/main/java/com/hazelcast/client/nearcache/ClientHeapNearCache.java","29","0","0","0","201","247","1"
"hazelcast","05b27a3d7f9adfb832f8fb0c7927fc71c14df2b4","hazelcast-client/src/main/java/com/hazelcast/client/nearcache/ClientHeapNearCache.java","29","0","0","0","201","247","0"
"hazelcast","a1e5e1945485995c45c8cd9fcc0c1a63ae75ef6f","hazelcast-client/src/main/java/com/hazelcast/client/map/impl/nearcache/ClientHeapNearCache.java","29","0","0","0","214","268","2"
"elasticsearch","00d8a84475926315ccc7ad4d3933c571ee5ffdd1","core/src/main/java/org/elasticsearch/bootstrap/Bootstrap.java","29","0","0","0","214","318","2"
"elasticsearch","069e11ba409a3294ca04c491986fe48aad0b99e6","src/main/java/org/elasticsearch/action/termvectors/TermVectorsWriter.java","29","0","0","0","221","286","1"
"hazelcast","d568e4d926d925d57d4e79e34614390416749301","hazelcast/src/main/java/com/hazelcast/internal/serialization/impl/PortableContextImpl.java","29","0","0","0","228","292","1"
"hazelcast","798cdcb7995ba1e5f635103a6069a2a875f914a6","hazelcast/src/main/java/com/hazelcast/internal/serialization/impl/PortableContextImpl.java","29","0","0","0","229","293","0"
"hazelcast","40ddd41143d152c86066711c2d930b896e2bb556","hazelcast/src/main/java/com/hazelcast/cache/impl/CacheEventHandler.java","29","0","0","0","242","313","1"
"netty","35c01660da784a5ae12829589ad86ea15b56cedb","buffer/src/main/java/io/netty/buffer/PoolChunk.java","29","0","0","0","248","334","1"
"elasticsearch","9f47b376dadebf63807a6d7b0d2bfe3341c042e7","core/src/main/java/org/elasticsearch/plugins/InstallPluginCommand.java","29","0","0","0","255","399","0"
"hazelcast","30a5a07f7bb931038354584f4e49fe355b21ee32","hazelcast-client/src/main/java/com/hazelcast/client/spi/impl/ClientInvocationServiceSupport.java","29","0","0","0","256","320","2"
"hazelcast","1f042b8c4a4245594691bb6d85a66ceed9b43068","hazelcast-client/src/main/java/com/hazelcast/client/spi/impl/ClientInvocationServiceSupport.java","29","0","0","0","257","321","2"
"hazelcast","2510ac6c3f371032d6aceabd20dac63be71957ee","hazelcast-client/src/main/java/com/hazelcast/client/spi/impl/ClientInvocationServiceSupport.java","29","0","0","0","258","322","0"
"hazelcast","c31e229b0c0c230d1698fe67c75d9153474d774b","hazelcast-client/src/main/java/com/hazelcast/client/spi/impl/ClientInvocationServiceSupport.java","29","0","0","0","261","327","3"
"netty","67da6e4bf945f771607454dff40334990396ce7b","buffer/src/main/java/io/netty/buffer/PoolChunk.java","29","0","0","0","262","350","0"
"hazelcast","4d852a9607f963ba2bb9ddb809af4dd8347c1198","hazelcast-client/src/main/java/com/hazelcast/client/spi/impl/ClientInvocationServiceSupport.java","29","0","0","0","263","329","2"
"hazelcast","73673199472b3fb25cf6c72de378a1d2bab18605","hazelcast-client/src/main/java/com/hazelcast/client/spi/impl/ClientInvocationServiceSupport.java","29","0","0","0","265","339","1"
"hazelcast","86b064ba3f1e467e74e95d6da24b03122065ce36","hazelcast-client/src/main/java/com/hazelcast/client/spi/impl/ClientInvocationServiceSupport.java","29","0","0","0","265","339","2"
"hazelcast","9948976cea0dd05d47e24f303a0b309b4155d329","hazelcast-client/src/main/java/com/hazelcast/client/spi/impl/ClientInvocationServiceSupport.java","29","0","0","0","265","339","2"
"hazelcast","82683a8423a0a3209f3dd70ca23835ee63f0d0b8","hazelcast-client/src/main/java/com/hazelcast/client/spi/impl/ClientInvocationServiceSupport.java","29","0","0","0","265","339","0"
"hazelcast","5c78e8bdbc3a2cdce98975d07b649b5f872c3f67","hazelcast-client/src/main/java/com/hazelcast/client/cache/impl/ClientCacheProxy.java","29","0","0","0","289","361","2"
"netty","8fb80e91796e8567aca5e2b8244f853f8631217b","transport/src/main/java/io/netty/bootstrap/AbstractBootstrap.java","29","0","0","0","295","446","0"
"hazelcast","49bc95f245df5503b44ba497a51ae534883f2f4f","hazelcast-client/src/main/java/com/hazelcast/client/cache/impl/ClientCacheProxy.java","29","0","0","0","328","409","1"
"hazelcast","bc601ff794160f270974eb720eb8f6a857998995","hazelcast-client/src/test/java/com/hazelcast/client/queue/ClientQueueTest.java","29","0","0","0","472","595","1"
"hazelcast","1bf486cacd7da2401e188bdebae8dd772055207d","hazelcast-client/src/test/java/com/hazelcast/client/queue/ClientQueueTest.java","29","0","0","0","493","620","0"
"hazelcast","62a2d7a2993e205acd37a462f8c7f9fe10f29dee","hazelcast-client/src/test/java/com/hazelcast/client/ClientRegressionWithMockNetworkTest.java","29","0","0","0","642","835","1"
"hazelcast","d0fd18cd0e2fac83d47776ccc1f08639bfc9823f","hazelcast-client/src/test/java/com/hazelcast/client/ClientRegressionWithMockNetworkTest.java","29","0","0","0","649","867","0"
"orientdb","375c51054059489374d739f25fc830f6025c5326","distributed/src/test/java/com/orientechnologies/orient/server/distributed/asynch/TestAsyncReplMode.java","29","0","0","1","166","187","0"
"ceylon-ide-eclipse","5b4c3eac8a7c12c0125a77343e602b4e73083595","plugins/com.redhat.ceylon.eclipse.ui/src/com/redhat/ceylon/eclipse/code/complete/ModuleCompletions.java","29","0","0","1","288","333","0"
"ceylon-ide-eclipse","64a391fbabba6b9bc6b553abfa42466e0ca9673d","plugins/com.redhat.ceylon.eclipse.ui/src/com/redhat/ceylon/eclipse/code/complete/ModuleCompletions.java","29","0","0","1","288","333","0"
"ceylon-ide-eclipse","86f26fa537e183c4a48c2adbef4b49cf726e931d","plugins/com.redhat.ceylon.eclipse.ui/src/com/redhat/ceylon/eclipse/code/complete/ModuleCompletions.java","29","0","0","1","288","333","1"
"ceylon-ide-eclipse","c5c15a0b33245f13d9fc7d44db226c0458005f73","plugins/com.redhat.ceylon.eclipse.ui/src/com/redhat/ceylon/eclipse/code/complete/ModuleCompletions.java","29","0","0","1","296","344","0"
"hazelcast","42627a464eac6fd373ab45cf8829640c57181ff9","hazelcast/src/main/java/com/hazelcast/query/UnsortedIndexStore.java","29","0","0","10","126","154","0"
"hazelcast","fc6e278674e0cc8f68a53f1b9d210d1e1fb8ed38","hazelcast/src/main/java/com/hazelcast/map/NearCache.java","29","0","0","10","210","258","1"
"hazelcast","bbbdd771f2b15320d7ff1002961ef8202303dcb7","hazelcast-client/src/main/java/com/hazelcast/client/spi/impl/ClientInvocation.java","29","0","0","10","219","277","1"
"netty","ef8dcae9afa672d6081f343754de577fd8e0f689","resolver-dns/src/test/java/io/netty/resolver/dns/DnsNameResolverTest.java","29","0","0","10","564","690","0"
"netty","1848e73ce6ce563af315b6a51b60e2cd1a164fbe","resolver-dns/src/test/java/io/netty/resolver/dns/DnsNameResolverTest.java","29","0","0","10","564","691","1"
"netty","e2d4e222431014506d592af7d379824e21034970","resolver-dns/src/test/java/io/netty/resolver/dns/DnsNameResolverTest.java","29","0","0","10","564","691","1"
"netty","9e76b5319ef9790d8bce27eacbc2aff4ba312cac","resolver-dns/src/test/java/io/netty/resolver/dns/DnsNameResolverTest.java","29","0","0","10","564","691","0"
"hazelcast","0f43bf010a854bc55e021af4bfb8521c4ec6a99f","hazelcast/src/main/java/com/hazelcast/map/NearCache.java","29","0","0","11","209","259","0"
"elasticsearch","f64065c9d2b167bc3e9b74d31085c3694f221d81","src/main/java/org/elasticsearch/action/termvector/TermVectorResponse.java","29","0","0","12","263","334","0"
"elasticsearch","bec07a7eb50c9f122c7b764a9c470362ad515882","core/src/test/java/org/elasticsearch/env/NodeEnvironmentTests.java","29","0","0","12","304","385","1"
"hazelcast","e4b8f5199015f03f9bdc06632073d8ea0b298aba","hazelcast/src/test/java/com/hazelcast/map/impl/journal/BasicMapJournalTest.java","29","0","0","12","372","459","1"
"hazelcast","4ee69f889b28896ef4174dd1ba5a30f9bac90e6f","hazelcast/src/test/java/com/hazelcast/map/impl/journal/BasicMapJournalTest.java","29","0","0","12","379","466","0"
"elasticsearch","ff5ad39c7a5f8ea21d3ff86d3ce50668602d7a74","core/src/test/java/org/elasticsearch/env/NodeEnvironmentTests.java","29","0","0","13","313","395","0"
"neo4j","1bc04c4e88b87bc2e10a07cbe4bd5c8c984e9fc9","community/kernel/src/test/java/org/neo4j/kernel/impl/event/TestTransactionEvents.java","29","0","0","13","797","937","1"
"hazelcast","f74b1afa9ffb561dfa6b3354dd03d4411ddf17f1","hazelcast-client/src/main/java/com/hazelcast/client/spi/impl/ClientCallFuture.java","29","0","0","14","191","244","1"
"hazelcast","a6b0292ab66263a5670b3edc0c1665ab6ac943c9","hazelcast-code-generator/src/main/java/com/hazelcast/client/protocol/generator/CodeGenerationUtils.java","29","0","0","15","120","171","0"
"hazelcast","bb1d8d79a307b7a782172b3ee1fc420dd4e1c127","hazelcast-code-generator/src/main/java/com/hazelcast/client/protocol/generator/CodeGenerationUtils.java","29","0","0","15","120","171","0"
"hazelcast","12a0e4f17e4f13e9ca935b0deb4d66d5b278813a","hazelcast-code-generator/src/main/java/com/hazelcast/client/protocol/generator/CodeGenerationUtils.java","29","0","0","15","120","171","1"
"netty","421eabe666f5eb3c760c757e991e4f37213f7333","transport/src/main/java/io/netty/channel/SingleThreadEventExecutor.java","29","0","0","18","291","357","0"
"elasticsearch","562c3744cab91aa083cb645c67ef57ebb20c8661","core/src/test/java/org/elasticsearch/index/query/functionscore/FunctionScoreTests.java","29","0","0","19","692","839","0"
"mcMMO","2c8bfd6573a0d87c99752d8f879460a19745fe46","src/main/java/com/gmail/nossr50/commands/skills/HerbalismCommand.java","29","0","0","2","105","135","0"
"BroadleafCommerce","dbcdf4946af5063ae942909c65ff630f49b626a5","core/broadleaf-framework/src/main/java/org/broadleafcommerce/core/offer/domain/OrderItemAdjustmentImpl.java","29","0","0","21","237","296","0"
"hazelcast","5a83c2dc64f23721867f0ab3d41531e19cb5cb49","hazelcast-client-new/src/main/java/com/hazelcast/client/spi/impl/ClientInvocation.java","29","0","0","22","223","289","0"
"BroadleafCommerce","0c21b421c1d9c38444c820eea84cad34979e3b37","core/broadleaf-framework/src/main/java/org/broadleafcommerce/core/offer/domain/OrderItemPriceDetailAdjustmentImpl.java","29","0","0","23","237","299","2"
"BroadleafCommerce","beb23ce063b9f0f91520b023d0eee1fd1a2113ba","core/broadleaf-framework/src/main/java/org/broadleafcommerce/core/offer/domain/OrderItemPriceDetailAdjustmentImpl.java","29","0","0","23","237","299","3"
"BroadleafCommerce","19169d660ea7a1105278930452227879922d2123","core/broadleaf-framework/src/main/java/org/broadleafcommerce/core/offer/domain/OrderItemPriceDetailAdjustmentImpl.java","29","0","0","23","237","299","0"
"orientdb","32bcab3904ae06f31e694dacebdb04af0e807381","core/src/main/java/com/orientechnologies/orient/core/sql/parser/OSelectStatement.java","29","0","0","26","210","286","0"
"ceylon-ide-eclipse","142affd9309b6c998662ff091c36afbdc286ffe0","plugins/com.redhat.ceylon.eclipse.ui/src/com/redhat/ceylon/eclipse/code/resolve/JavaHyperlinkDetector.java","29","0","0","3","191","209","0"
"hazelcast","795cb3becfbf4c23600364a5e459380b1f095d58","hazelcast-client/src/main/java/com/hazelcast/client/connection/nio/ClientConnection.java","29","0","0","32","313","384","1"
"hazelcast","0261611ce1d6e95cd84910390d1c0c653fa0dfd2","hazelcast/src/main/java/com/hazelcast/query/impl/getters/GetterFactory.java","29","0","0","4","132","165","0"
"elasticsearch","b3274bd770c01c6166bc2ad52e327e879c331c95","src/main/java/org/elasticsearch/index/query/NestedQueryParser.java","29","0","0","4","145","198","0"
"elasticsearch","6e49256fa85617435109fa21780e46c46843759f","src/main/java/org/elasticsearch/index/query/NestedQueryParser.java","29","0","0","4","147","202","0"
"hazelcast","525c34cddd7f4e08d674611e177bab103e4d1881","hazelcast/src/main/java/com/hazelcast/impl/AbstractJoiner.java","29","0","0","4","156","186","1"
"hazelcast","82fcc4c7c87097d1719bb56112aec0fafdb6bc0e","hazelcast/src/main/java/com/hazelcast/impl/AbstractJoiner.java","29","0","0","4","157","187","0"
"ceylon-ide-eclipse","27e63915462b6c4580322d86ce7ff7259213e7de","plugins/com.redhat.ceylon.eclipse.ui/src/com/redhat/ceylon/eclipse/code/resolve/CeylonHyperlinkDetector.java","29","0","0","4","203","219","0"
"hazelcast","434a169a94f7accbe71d5e18444af9c22288a897","hazelcast/src/main/java/com/hazelcast/nio/tcp/SocketAcceptorThread.java","29","0","0","4","203","263","1"
"hazelcast","13ee2009ce877b5f5755244f773c9b4aa6925c1d","hazelcast/src/main/java/com/hazelcast/instance/HazelcastInstanceImpl.java","29","0","0","42","356","439","0"
"hazelcast","7fae9643d3b482f2712d1e7218c7256fc27463b7","hazelcast-client/src/test/java/com/hazelcast/client/queue/ClientQueueTest.java","29","0","0","44","461","584","0"
"hazelcast","d1d95f0bff6758a328defba275d8f0472daef975","hazelcast-client-new/src/test/java/com/hazelcast/client/queue/ClientQueueTest.java","29","0","0","44","472","595","0"
"elasticsearch","db4809d9061e6c4158d73eab1e7a9c82aec6521b","core/src/main/java/org/elasticsearch/search/aggregations/bucket/terms/TermsAggregatorFactory.java","29","0","0","5","228","301","1"
"neo4j","6deaa8d1740e012916c9f4d8cafe8dbaf6d68e38","community/cypher/cypher/src/main/java/org/neo4j/cypher/export/SubGraphExporter.java","29","0","0","6","233","275","0"
"hazelcast","2ee9e1f24c253f300f4be6cdcc6b24e128a58618","hazelcast-client/src/test/java/com/hazelcast/client/HazelcastClientTest.java","29","0","0","61","674","788","1"
"hazelcast","ab9ac91f04afd7f74531f8297c477a365d9a5a7c","hazelcast/src/main/java/com/hazelcast/instance/HazelcastInstanceFactory.java","29","0","0","7","188","241","1"
"hazelcast","9336337ad4792bd86b643b6fb59f6d7391f2c75d","hazelcast/src/main/java/com/hazelcast/spi/discovery/impl/DefaultDiscoveryService.java","29","0","0","7","191","244","1"
"hazelcast","7cb643fe78207b3068926aa8c628ecb466bdb934","hazelcast/src/main/java/com/hazelcast/internal/cluster/impl/MulticastService.java","29","0","0","7","222","266","0"
"elasticsearch","faee825fea6245b7ffda4715e1676b62f1f73da0","core/src/test/java/org/elasticsearch/index/mapper/RangeFieldMapperTests.java","29","0","0","7","313","390","2"
"elasticsearch","2f8def11b5109eb80b47422a200bf7b7e07c8467","core/src/test/java/org/elasticsearch/index/mapper/RangeFieldMapperTests.java","29","0","0","7","341","426","0"
"mcMMO","c14ceab24d5e27aa7a6cebd35b76e70541a459d3","src/main/java/com/gmail/nossr50/listeners/InventoryListener.java","29","0","0","8","124","161","0"
"mcMMO","5b5b73cde0806b844c6183a696403af15ce87a6a","src/main/java/com/gmail/nossr50/listeners/InventoryListener.java","29","0","0","8","125","163","0"
"elasticsearch","0a69f1e283e26e5d9e6a000b68b9f4778de557a1","core/src/test/java/org/elasticsearch/search/basic/SearchWithRandomExceptionsIT.java","29","0","0","8","184","231","2"
"mct","05f1a5bde8b837c289f84409f3c5189938aaf581","platform/src/main/java/gov/nasa/arc/mct/gui/housing/Inspector.java","29","0","0","8","339","433","0"
"elasticsearch","5a64f08f048461a63a0ca1354a5050c954e63d52","core/src/test/java/org/elasticsearch/search/basic/SearchWithRandomExceptionsIT.java","29","0","0","9","192","239","0"
"netty","d5b7c131dd4de9a1a28e0791746680503fc29907","transport/src/main/java/io/netty/channel/oio/AbstractOioByteChannel.java","29","0","1","1","154","241","1"
"elasticsearch","c7b70fc77061e46affbff1cb6b8ae27bee54525d","test/framework/src/main/java/org/elasticsearch/test/rest/yaml/section/MatchAssertion.java","29","0","1","1","155","198","1"
"BroadleafCommerce","0190a586f4251434b68ccee241c52de0d1cbc386","common/src/main/java/org/broadleafcommerce/common/sitemap/service/SiteMapServiceImpl.java","29","0","1","10","189","270","1"
"elasticsearch","9b5c74d43e652a46deaaa66721de89c606dcbcf7","src/main/java/org/elasticsearch/search/facet/terms/longs/TermsLongFacetExecutor.java","29","0","1","10","193","245","0"
"elasticsearch","9b5c74d43e652a46deaaa66721de89c606dcbcf7","src/main/java/org/elasticsearch/search/facet/terms/doubles/TermsDoubleFacetExecutor.java","29","0","1","10","193","246","0"
"BroadleafCommerce","0fb17b868649d443d493f6238f0e1af0080c3e62","common/src/main/java/org/broadleafcommerce/common/config/service/SystemPropertiesServiceImpl.java","29","0","1","11","179","257","0"
"elasticsearch","6f286c338207f2a333294e9e576d0f1319981148","src/main/java/org/elasticsearch/cluster/metadata/MetaDataIndexAliasesService.java","29","0","1","11","212","279","0"
"elasticsearch","598854dd72d7fb01a7e26a9dad065de3deaa5eb7","src/main/java/org/elasticsearch/transport/local/LocalTransport.java","29","0","1","11","286","353","0"
"elasticsearch","93ca6e2c4bf0741e20218c761618c42db960ecf5","src/test/java/org/elasticsearch/test/integration/search/sort/SimpleSortTests.java","29","0","1","11","705","933","0"
"hazelcast","5d9345d0e7f6a373bf80d27b2bf94fc798934378","hazelcast-client-new/src/main/java/com/hazelcast/client/nearcache/ClientHeapNearCache.java","29","0","1","12","200","246","1"
"hazelcast","c90ac3fa538c72581d95d70f8a1c4d772e6253e0","hazelcast-client-new/src/main/java/com/hazelcast/client/nearcache/ClientHeapNearCache.java","29","0","1","12","200","246","2"
"hazelcast","988197ee1dbbc81426ef0034df2da425b41351e2","hazelcast-client/src/main/java/com/hazelcast/client/nearcache/ClientHeapNearCache.java","29","0","1","12","200","246","0"
"hazelcast","41969587cb65b106638aac7de143c830066968d4","hazelcast-client-new/src/main/java/com/hazelcast/client/nearcache/ClientHeapNearCache.java","29","0","1","12","201","247","2"
"hazelcast","d0fd18cd0e2fac83d47776ccc1f08639bfc9823f","hazelcast-client-new/src/main/java/com/hazelcast/client/nearcache/ClientHeapNearCache.java","29","0","1","12","201","247","1"
"hazelcast","05b27a3d7f9adfb832f8fb0c7927fc71c14df2b4","hazelcast-client-new/src/main/java/com/hazelcast/client/nearcache/ClientHeapNearCache.java","29","0","1","12","201","247","0"
"hazelcast","b6bc4bf67b66e6795d2246169999ba7fe5cb05b6","hazelcast-client/src/main/java/com/hazelcast/client/nearcache/ClientHeapNearCache.java","29","0","1","12","201","248","1"
"hazelcast","fb37e1e0eb1f97c1197f86702965018fdbaa6290","hazelcast-client/src/main/java/com/hazelcast/client/nearcache/ClientHeapNearCache.java","29","0","1","12","201","248","1"
"hazelcast","5006cb3d01dfdf500bf7cd00d1c4a23093575d55","hazelcast-client/src/main/java/com/hazelcast/client/nearcache/ClientHeapNearCache.java","29","0","1","12","201","248","0"
"hazelcast","70d4de16ff0ac4518d09aad8c9f2ad9e782fb337","hazelcast-client/src/main/java/com/hazelcast/client/map/impl/nearcache/ClientHeapNearCache.java","29","0","1","12","214","268","1"
"hazelcast","71e3c55af7eb45716d845d6072b7e24096b7ec10","hazelcast-client/src/main/java/com/hazelcast/client/spi/impl/ClientClusterServiceImpl.java","29","0","1","12","228","285","2"
"hazelcast","d5b6af56230ef0fe067c1b68a412f238383088f5","hazelcast-client/src/main/java/com/hazelcast/client/spi/impl/ClientClusterServiceImpl.java","29","0","1","12","229","286","1"
"elasticsearch","a872c88f03b50b34036617dcc9ed36a0110bc84e","src/main/java/org/elasticsearch/index/gateway/local/LocalIndexShardGateway.java","29","0","1","12","229","298","0"
"antlr4","6c2d4e6225f4ee5fd2b197a794b4eb0e65e84cf1","tool/src/org/antlr/v4/codegen/ActionTranslator.java","29","0","1","12","262","320","0"
"elasticsearch","89ac4d108abab7d6c14bf3b53f266e18aa6deed9","modules/elasticsearch/src/main/java/org/elasticsearch/common/path/PathTrie.java","29","0","1","13","154","212","0"
"orientdb","89a7e436f088017a938f314241ba550e79c738d3","core/src/main/java/com/orientechnologies/orient/core/sql/parser/OExpression.java","29","0","1","14","139","178","0"
"elasticsearch","57108c8575b39e7b6c0e7c2ca4bf20f03e6d0912","modules/elasticsearch/src/main/java/org/elasticsearch/common/path/PathTrie.java","29","0","1","16","167","229","0"
"neo4j","4f04ee08438d4e1c99095d9d8a9f2ec223af89a9","community/kernel/src/main/java/org/neo4j/kernel/impl/coreapi/TxStateTransactionDataSnapshot.java","29","0","1","17","472","554","1"
"neo4j","7723d89e6d1d951e8923fb102da0228db2e4e8f9","community/kernel/src/main/java/org/neo4j/kernel/impl/coreapi/TxStateTransactionDataSnapshot.java","29","0","1","17","473","555","2"
"elasticsearch","a8e5c6eeb087dbfb6fdaecb7bf687cc27a2a9ede","src/test/java/org/elasticsearch/transport/AbstractSimpleTransportTests.java","29","0","1","18","1061","1313","1"
"elasticsearch","90b547cf2c82b03fe42b9cce4ea878d81734228a","src/main/java/org/elasticsearch/index/mapper/internal/UidFieldMapper.java","29","0","1","18","193","263","0"
"elasticsearch","7e5058037b8a5830080da488f067914d24a5f477","core/src/main/java/org/elasticsearch/search/aggregations/support/ValuesSourceConfig.java","29","0","1","18","196","260","2"
"orientdb","202ca5e408bdf2c426b446e8369a915997e6b503","core/src/test/java/com/orientechnologies/orient/core/index/sbtreebonsai/local/OSBTreeBonsaiWALTestIT.java","29","0","1","18","275","369","1"
"orientdb","c902353d86924562826c9114fd6a1242a65ada6d","core/src/test/java/com/orientechnologies/orient/core/index/sbtreebonsai/local/OSBTreeBonsaiWALTestIT.java","29","0","1","18","276","370","0"
"elasticsearch","589360c8b1a46c1509c7e589f06124b91cb3dbaf","src/main/java/org/elasticsearch/index/mapper/internal/UidFieldMapper.java","29","0","1","19","196","267","1"
"netty","58b968b6036dc194dce5a3e70d05d493b2fb6b58","transport/src/main/java/io/netty/channel/DefaultChannelConfig.java","29","0","1","19","203","256","0"
"hazelcast","4293be6ecc928a21d75861323e7de68bcfcbd581","hazelcast-client-legacy/src/main/java/com/hazelcast/client/spi/impl/ClientInvocation.java","29","0","1","19","231","290","1"
"hazelcast","89d278f650c17e89f5995a68e872e73d0d4b33e1","hazelcast-client-legacy/src/main/java/com/hazelcast/client/spi/impl/ClientInvocation.java","29","0","1","19","231","290","2"
"hazelcast","4653486efe9e76439d1f23021ab16bc287ac9bfa","hazelcast-client-legacy/src/main/java/com/hazelcast/client/spi/impl/ClientInvocation.java","29","0","1","19","231","290","0"
"elasticsearch","91f97bb7b6ee995affcdaa8e4779288dc0f6c34a","modules/elasticsearch/src/main/java/org/elasticsearch/index/translog/fs/FsTranslog.java","29","0","1","19","233","288","0"
"elasticsearch","d84c643f5880a88d2e5c38b487123161f3e01fe0","core/src/main/java/org/elasticsearch/index/mapper/core/KeywordFieldMapper.java","29","0","1","19","238","305","0"
"elasticsearch","b0ce09087666b2c66663a8ff8c28fa45eef10542","src/main/java/org/elasticsearch/search/aggregations/bucket/histogram/HistogramParser.java","29","0","1","2","106","144","1"
"BroadleafCommerce","27247d9d4baeb8af61e1498b6032f3477d53ed3e","admin/broadleaf-open-admin-platform/src/main/java/org/broadleafcommerce/openadmin/server/service/persistence/validation/BasicFieldTypeValidator.java","29","0","1","2","108","140","0"
"elasticsearch","ca8b3ac0ba39537d65d763ceb04e210c8f9fa878","src/main/java/org/elasticsearch/search/sort/GeoDistanceSortParser.java","29","0","1","2","118","154","0"
"elasticsearch","583f14833482cf1e8ce2adbcdb2b3fb3cb17c70e","src/main/java/org/elasticsearch/search/aggregations/bucket/range/RangeParser.java","29","0","1","2","119","157","1"
"elasticsearch","4a48b93cf5e35017b635256720e5f767c9583715","src/main/java/org/apache/lucene/search/vectorhighlight/CustomFieldQuery.java","29","0","1","2","122","164","0"
"elasticsearch","c37de66fb6a15df82b383adade895ac270b89446","src/main/java/org/elasticsearch/search/highlight/PlainHighlighter.java","29","0","1","2","133","179","0"
"elasticsearch","432628086fcbd09275013600ac0a112323c109ac","src/main/java/org/elasticsearch/search/highlight/PlainHighlighter.java","29","0","1","2","134","180","1"
"orientdb","b99ef4dc718c6843428505e90b75ec47566fedae","distributed/src/main/java/com/orientechnologies/orient/server/distributed/impl/OClusterHealthChecker.java","29","0","1","2","153","223","1"
"elasticsearch","9539661d40d5eb219f68e1298feddb9359b4a14d","src/main/java/org/elasticsearch/indices/recovery/RecoverySource.java","29","0","1","2","241","307","0"
"elasticsearch","6952f7b5606504666ccac3edb68f43d04d3ebd44","modules/transport-netty4/src/main/java/org/elasticsearch/transport/netty4/Netty4Transport.java","29","0","1","2","320","437","1"
"hazelcast","097da35e4416b196bcbf147674b71b265a02a7e8","hazelcast-client/src/main/java/com/hazelcast/client/spi/impl/ClientInvocation.java","29","0","1","21","225","295","0"
"neo4j","c017fc0e8de10a63ebca559d45a0dd7ffe97a458","community/server/src/main/java/org/neo4j/server/web/Jetty9WebServer.java","29","0","1","21","434","535","1"
"BroadleafCommerce","86c7c1f49cf8d819bf62c336775b16aeea5d2070","admin/broadleaf-open-admin-platform/src/main/java/org/broadleafcommerce/openadmin/dto/MapStructure.java","29","0","1","22","125","179","0"
"elasticsearch","b4d1d899d2d91cce8677deb0930ae622121d1ca1","src/main/java/org/elasticsearch/index/mapper/geo/GeoShapeFieldMapper.java","29","0","1","22","222","303","0"
"elasticsearch","0554f8e875f18b30f1082ed864cdd58fc9c4d0b5","src/main/java/org/elasticsearch/index/mapper/geo/GeoShapeFieldMapper.java","29","0","1","22","223","306","0"
"elasticsearch","1654ae89379aeea586cbdff45a0b1d0cf4d00ebd","src/main/java/org/elasticsearch/index/mapper/geo/GeoShapeFieldMapper.java","29","0","1","22","223","306","0"
"elasticsearch","7694f0b7a09c85dd28bd9553dcd6000a782d09db","src/main/java/org/elasticsearch/index/mapper/geo/GeoShapeFieldMapper.java","29","0","1","22","223","306","1"
"hazelcast","934929958888f0ee66fecccaadf2e7181cbaa9c2","hazelcast-client/src/main/java/com/hazelcast/client/spi/impl/ClientInvocation.java","29","0","1","23","226","300","5"
"elasticsearch","55d112b0436ce1f02a54ad24fa159b2ae999a576","modules/elasticsearch/src/main/java/org/elasticsearch/cluster/routing/RoutingNodes.java","29","0","1","24","184","245","0"
"elasticsearch","2eeb609353070fd518b5a9a0774c63c8892bc110","src/main/java/org/elasticsearch/cluster/routing/RoutingNodes.java","29","0","1","24","188","249","0"
"hazelcast","026908635d1669d602c1610ef76c73d74a370df0","hazelcast/src/main/java/com/hazelcast/map/MapContainer.java","29","0","1","24","263","323","0"
"elasticsearch","fa19239d4441c8048fca6c714b1afb9b99c6c2f1","modules/elasticsearch/src/main/java/org/elasticsearch/indices/store/TransportNodesListShardStoreMetaData.java","29","0","1","24","330","423","0"
"hazelcast","4c17c585b5a00157138cce6595252eaca6adb2dd","hazelcast/src/main/java/com/hazelcast/replicatedmap/impl/ReplicatedMapProxy.java","29","0","1","26","355","429","1"
"hazelcast","a155a553cee4f1fb3d56a825563e1632e6350287","hazelcast/src/main/java/com/hazelcast/replicatedmap/impl/ReplicatedMapProxy.java","29","0","1","26","355","429","2"
"hazelcast","b5f993e6dffe70bfe43b2231c226457fc04a216b","hazelcast/src/main/java/com/hazelcast/replicatedmap/impl/ReplicatedMapProxy.java","29","0","1","26","355","429","2"
"hazelcast","d568e4d926d925d57d4e79e34614390416749301","hazelcast/src/main/java/com/hazelcast/replicatedmap/impl/ReplicatedMapProxy.java","29","0","1","26","355","429","0"
"hazelcast","6545c690b616d41bf33e2d8e46c6dce930dc01c0","hazelcast/src/main/java/com/hazelcast/replicatedmap/impl/ReplicatedMapProxy.java","29","0","1","26","358","432","0"
"elasticsearch","90c2b3a384c036e7f9345b2586e69fda056387fd","core/src/main/java/org/elasticsearch/index/mapper/internal/FieldNamesFieldMapper.java","29","0","1","27","246","323","1"
"elasticsearch","768bfb7d1dbcffb4ddcc9bc029dfd7c2e0a59932","core/src/main/java/org/elasticsearch/index/mapper/internal/FieldNamesFieldMapper.java","29","0","1","27","247","324","0"
"hazelcast","2b9bb4fc17af10b2e6c19753155c0c0aeff8ce05","hazelcast-client-new/src/main/java/com/hazelcast/client/cache/impl/ClientCacheProxy.java","29","0","1","27","289","361","2"
"hazelcast","b4f94a00cf1628aa0437ded2c556bae9608f74c6","hazelcast-client/src/main/java/com/hazelcast/client/cache/impl/ClientCacheProxy.java","29","0","1","27","297","370","0"
"orientdb","b483b7c3b51b4309cac3aea1fc014ac932f889ee","core/src/main/java/com/orientechnologies/orient/core/index/engine/OHashTableIndexEngine.java","29","0","1","27","317","427","0"
"neo4j","f5597b561a5a9bb123d6b374e6aba3d173fd3ead","enterprise/core-edge/src/test/java/org/neo4j/coreedge/discovery/Cluster.java","29","0","1","27","402","501","0"
"elasticsearch","0a69f1e283e26e5d9e6a000b68b9f4778de557a1","core/src/test/java/org/elasticsearch/index/shard/IndexShardTests.java","29","0","1","29","930","1084","3"
"elasticsearch","2ca3433beac19584f2170789d09937d50de077d7","core/src/test/java/org/elasticsearch/index/shard/IndexShardTests.java","29","0","1","29","936","1091","2"
"elasticsearch","1af38cf3f3b50cef27044e5e173995c2403befb1","src/main/java/org/elasticsearch/index/query/MissingFilterParser.java","29","0","1","3","119","170","0"
"elasticsearch","8a94044b69a402f34e0ab701b9f79382524634d3","src/main/java/org/elasticsearch/index/query/HasParentFilterParser.java","29","0","1","3","123","170","2"
"elasticsearch","9077bb6528f843ca8042ff95f8fac47140ef5aa1","modules/elasticsearch/src/main/java/org/elasticsearch/index/query/xcontent/GeoPolygonFilterParser.java","29","0","1","3","124","175","0"
"elasticsearch","9077bb6528f843ca8042ff95f8fac47140ef5aa1","modules/elasticsearch/src/main/java/org/elasticsearch/index/query/xcontent/GeoDistanceFilterParser.java","29","0","1","3","132","178","0"
"elasticsearch","8136a38b3fe5f2c7730d09bfe9ca68bfd51e9785","src/main/java/org/elasticsearch/index/query/HasParentFilterParser.java","29","0","1","3","138","180","2"
"elasticsearch","59e4e586838b9267ccb733ac7fa44db97319cfe3","src/main/java/org/elasticsearch/search/highlight/FastVectorHighlighter.java","29","0","1","3","138","194","1"
"elasticsearch","7f271fd37aff3ad4c03a0d1cc418ed3dca592cbb","src/main/java/org/elasticsearch/cloud/aws/AwsS3Service.java","29","0","1","3","146","195","0"
"elasticsearch","65bda6238839b43c89644bd38cc8dab6c5d8a6e0","src/main/java/org/elasticsearch/cloud/aws/InternalAwsS3Service.java","29","0","1","3","151","201","4"
"MapDB","1d530bd3302982002886aa2f9d213f5745cae55d","src/main/java/org/mapdb/CompressLZF.java","29","0","1","3","151","335","0"
"elasticsearch","dedbedbb77511d470b1ceddb8ce6e58489599d26","modules/elasticsearch/src/main/java/org/elasticsearch/search/highlight/HighlightPhase.java","29","0","1","3","170","216","1"
"ceylon-ide-eclipse","ca01aaf64c65fb5cf72d8f0c0b6824386823f21a","plugins/com.redhat.ceylon.eclipse.ui/src/com/redhat/ceylon/eclipse/code/editor/AdditionalAnnotationCreator.java","29","0","1","3","227","261","1"
"netty","c22f1aa4acad4234623c31121f33b2b2f3afffc5","codec-http2/src/main/java/io/netty/handler/codec/http2/PriorityStreamByteDistributor.java","29","0","1","3","262","424","2"
"netty","9ac430f16fec1d3b0d0e433b953c0197d70dff10","codec-http2/src/main/java/io/netty/handler/codec/http2/PriorityStreamByteDistributor.java","29","0","1","3","263","425","0"
"elasticsearch","371c73e14023917f3892090d2d3d7ff9ac1216b9","core/src/main/java/org/elasticsearch/cluster/metadata/MetaDataIndexTemplateService.java","29","0","1","30","314","401","3"
"elasticsearch","78574d248cf10dad1c5a566fda79e1e0c94afe43","core/src/main/java/org/elasticsearch/cluster/metadata/MetaDataIndexTemplateService.java","29","0","1","30","314","401","2"
"elasticsearch","e6aaaf11ed4a1b8f595f920de1840938eddb7a97","core/src/main/java/org/elasticsearch/cluster/metadata/MetaDataIndexTemplateService.java","29","0","1","30","314","401","2"
"elasticsearch","a60b8948ba1d836a6eac7cff095519e618939ed8","core/src/main/java/org/elasticsearch/cluster/metadata/MetaDataIndexTemplateService.java","29","0","1","30","314","401","0"
"elasticsearch","f995c9c130b9af1c591e7e8be3b0727bcd573481","src/test/java/org/elasticsearch/test/integration/search/highlight/HighlighterSearchTests.java","29","0","1","31","1098","1394","0"
"elasticsearch","8bd54dbf5a7e9b87ed874a0f4f699eb7e1419d36","core/src/test/java/org/elasticsearch/index/shard/IndexShardTests.java","29","0","1","31","904","1058","1"
"elasticsearch","0cc94168dc7665ba3154ddad522885d4aad213a4","core/src/test/java/org/elasticsearch/index/shard/IndexShardTests.java","29","0","1","31","989","1152","1"
"elasticsearch","58e68db1488f969755efc70269bfa5100e52b9c0","src/test/java/org/elasticsearch/test/integration/search/highlight/HighlighterSearchTests.java","29","0","1","32","1141","1435","2"
"elasticsearch","1c513bc262efa9f76be2a957d666088998c3661a","src/test/java/org/elasticsearch/test/integration/search/highlight/HighlighterSearchTests.java","29","0","1","32","1141","1445","0"
"elasticsearch","bc5a6be0e304af767480b31d21472939582d293c","core/src/test/java/org/elasticsearch/index/shard/IndexShardTests.java","29","0","1","32","932","1086","1"
"elasticsearch","432628086fcbd09275013600ac0a112323c109ac","src/test/java/org/elasticsearch/test/integration/search/highlight/HighlighterSearchTests.java","29","0","1","33","1200","1501","1"
"elasticsearch","c37de66fb6a15df82b383adade895ac270b89446","src/test/java/org/elasticsearch/test/integration/search/highlight/HighlighterSearchTests.java","29","0","1","34","1232","1538","0"
"elasticsearch","371c73e14023917f3892090d2d3d7ff9ac1216b9","core/src/main/java/org/elasticsearch/common/xcontent/json/JsonXContentGenerator.java","29","0","1","39","306","404","4"
"BroadleafCommerce","2958e6ba93799ca6858a34889a2668cd1ce9fb81","core/broadleaf-framework/src/main/java/org/broadleafcommerce/core/order/service/MergeCartServiceImpl.java","29","0","1","4","136","224","1"
"BroadleafCommerce","7a0a7c403c946be4bbd8ee1abdaa6699931ef834","core/broadleaf-framework/src/main/java/org/broadleafcommerce/core/order/service/MergeCartServiceImpl.java","29","0","1","4","136","226","0"
"BroadleafCommerce","45b052a6f144b2efab2b01dbc7eb670893bc5d25","core/broadleaf-framework/src/main/java/org/broadleafcommerce/core/order/service/MergeCartServiceImpl.java","29","0","1","4","136","227","1"
"BroadleafCommerce","e57e6d69b369b23f6d854649aeb0e4bd02cf5916","admin/broadleaf-open-admin-platform/src/main/java/org/broadleafcommerce/openadmin/server/service/persistence/validation/EntityValidatorServiceImpl.java","29","0","1","4","157","240","2"
"oryx","2a54e16bc0e4d2def6decfc03b2a56b5e481308d","app/oryx-app/src/main/java/com/cloudera/oryx/app/speed/als/ALSSpeedModelManager.java","29","0","1","4","206","274","0"
"ceylon-ide-eclipse","07e7e29d3756504dc4417eeb0515a88669548b78","plugins/com.redhat.ceylon.eclipse.ui/src/com/redhat/ceylon/eclipse/code/editor/AdditionalAnnotationCreator.java","29","0","1","4","218","247","0"
"elasticsearch","cde7d9af1c1cf1cefbc4a9e49f28796a421c5235","src/main/java/org/elasticsearch/transport/netty/MessageChannelHandler.java","29","0","1","4","239","298","0"
"elasticsearch","f5f97391176d8fe22fc21325fc5b6dea13a46e4f","src/main/java/org/elasticsearch/transport/netty/MessageChannelHandler.java","29","0","1","4","240","300","1"
"elasticsearch","25fd9e26c4fb042d6f6dea14efcd239577bdbbc4","client/sniffer/src/test/java/org/elasticsearch/client/sniff/ElasticsearchHostsSnifferTests.java","29","0","1","4","256","297","0"
"elasticsearch","56cc87b7ccd41040d8fafcaf2da3680d96d10839","client/sniffer/src/test/java/org/elasticsearch/client/sniff/ElasticsearchHostsSnifferTests.java","29","0","1","4","256","297","0"
"elasticsearch","d3417fb02291f26964d77767020ef345d18c148f","client/sniffer/src/test/java/org/elasticsearch/client/sniff/ElasticsearchHostsSnifferTests.java","29","0","1","4","256","297","0"
"elasticsearch","4b94eb5cb8cc4294ed0e932a5f22c16bd90d4dd7","client/sniffer/src/test/java/org/elasticsearch/client/sniff/ElasticsearchHostsSnifferTests.java","29","0","1","4","256","297","2"
"elasticsearch","860efb2ad28db09189c8423e05d0dba53010259c","client/sniffer/src/test/java/org/elasticsearch/client/sniff/ElasticsearchHostsSnifferTests.java","29","0","1","4","256","297","2"
"elasticsearch","120ddd99c34f0e447d5688324b51934184e9c88f","client/sniffer/src/test/java/org/elasticsearch/client/sniff/ElasticsearchHostsSnifferTests.java","29","0","1","4","257","298","1"
"elasticsearch","d865910c137d27031d133e78b0d86d4d0e5c9f8c","core/src/main/java/org/elasticsearch/indices/IndexingMemoryController.java","29","0","1","4","259","401","1"
"elasticsearch","d865910c137d27031d133e78b0d86d4d0e5c9f8c","core/src/main/java/org/elasticsearch/indices/IndexingMemoryController.java","29","0","1","4","259","401","1"
"elasticsearch","0d570352ddd07478c5744856e3b33b23d00cdff5","core/src/main/java/org/elasticsearch/indices/IndexingMemoryController.java","29","0","1","4","259","401","0"
"elasticsearch","0814ea3200d6af6c142ad7d2fa16bce5acfa9665","client/sniffer/src/test/java/org/elasticsearch/client/sniff/ElasticsearchHostsSnifferTests.java","29","0","1","4","260","301","0"
"orientdb","c143ec653bd43c119ce79712eb3302775b077113","core/src/main/java/com/orientechnologies/orient/core/id/ORecordId.java","29","0","1","40","240","330","1"
"orientdb","527d45bb551f10351ecbd295abd46f84c7349784","core/src/main/java/com/orientechnologies/orient/core/id/ORecordId.java","29","0","1","41","244","335","0"
"orientdb","c1f0f046093d166b58193818b359c73d4a50c228","core/src/main/java/com/orientechnologies/orient/core/id/ORecordId.java","29","0","1","41","244","335","0"
"orientdb","76ffdc9fe1e541460329297a955e8494c36be8f5","core/src/main/java/com/orientechnologies/orient/core/id/ORecordId.java","29","0","1","41","244","335","1"
"orientdb","c3943915a7ca022d85b4aea72942208d7cf621c4","core/src/main/java/com/orientechnologies/orient/core/id/ORecordId.java","29","0","1","43","248","341","1"
"orientdb","1efcf654acfd746add2b202f50df617b8ce14939","core/src/main/java/com/orientechnologies/orient/core/sql/operator/OQueryOperatorContainsValue.java","29","0","1","5","132","189","1"
"hazelcast","2787d1290f74c14e6e2f771f38fd30dba54f966c","hazelcast/src/main/java/com/hazelcast/cluster/impl/ClusterStateManager.java","29","0","1","5","278","356","0"
"hazelcast","8325664d744b8c6227d6f6f85d1cb0603ac28ce3","hazelcast/src/main/java/com/hazelcast/cluster/impl/ClusterStateManager.java","29","0","1","5","278","356","0"
"hazelcast","e349d2fd609c0104f6550327550de4112553c942","hazelcast/src/main/java/com/hazelcast/internal/cluster/impl/ClusterStateManager.java","29","0","1","5","278","356","0"
"hazelcast","9b5a117cfd9bca04189108fc373d9d7a466a6da1","hazelcast/src/main/java/com/hazelcast/cluster/impl/ClusterStateManager.java","29","0","1","5","278","356","1"
"hazelcast","c8518584dd572eed18552720fc656a387c922389","hazelcast/src/main/java/com/hazelcast/cluster/impl/ClusterStateManager.java","29","0","1","5","278","356","1"
"hazelcast","84e0a9b9d444f633dbd2bced60d95bc478086fea","hazelcast/src/main/java/com/hazelcast/cluster/impl/ClusterStateManager.java","29","0","1","5","280","359","0"
"BroadleafCommerce","584ce1fdba388ab7b106a26360f100742513894f","admin/broadleaf-admin-module/src/main/java/org/broadleafcommerce/admin/web/controller/entity/AdminProductController.java","29","0","1","5","299","379","0"
"titan","5f904d746f517fc714368c0258df4fd545e3829f","titan-core/src/main/java/com/thinkaurelius/titan/graphdb/relations/RelationComparator.java","29","0","1","5","91","118","0"
"hazelcast","1b9efc8904701294f87a0ee55b084bb9b203cd67","hazelcast-client/src/main/java/com/hazelcast/client/proxy/ClientMapProxy.java","29","0","1","56","485","580","0"
"hazelcast","5dda3d820a68705df3830f553efd68bcaab8a9f7","hazelcast-client/src/main/java/com/hazelcast/client/proxy/ClientMapProxy.java","29","0","1","57","487","583","1"
"elasticsearch","fa19239d4441c8048fca6c714b1afb9b99c6c2f1","modules/elasticsearch/src/main/java/org/elasticsearch/cluster/metadata/MetaDataUpdateSettingsService.java","29","0","1","6","159","216","0"
"orientdb","15fa43fe08450f6eb1d6c8d4c4d8ae2517df1ebe","core/src/main/java/com/orientechnologies/orient/core/sql/OCommandExecutorSQLLiveSelect.java","29","0","1","6","184","234","1"
"hazelcast","f5df32aafc9524e30a5b4466bc5d3a65ef6f6310","hazelcast/src/main/java/com/hazelcast/nio/tcp/WriteHandler.java","29","0","1","6","198","326","1"
"hazelcast","563cd8b09d44e3bc84a4782c4d1bfeca3de13451","hazelcast/src/main/java/com/hazelcast/nio/tcp/WriteHandler.java","29","0","1","6","199","327","1"
"hazelcast","78a17514cef59f38d837a97e9c16c6aa5bc92bb7","hazelcast-client/src/main/java/com/hazelcast/client/spi/impl/ClientInvocationFuture.java","29","0","1","6","219","285","1"
"elasticsearch","73c0cd512ab3bdc03b8071a1012dffb7b9382491","core/src/main/java/org/elasticsearch/index/percolator/PercolatorQueriesRegistry.java","29","0","1","6","239","322","0"
"BroadleafCommerce","7983f44305a80ff9941b54e703d149902741ae0d","common/src/main/java/org/broadleafcommerce/common/resource/service/ResourceBundlingServiceImpl.java","29","0","1","7","204","289","0"
"BroadleafCommerce","a4c6b8b0615cd9afce9835833bf6ea281879e52a","common/src/main/java/org/broadleafcommerce/common/resource/service/ResourceBundlingServiceImpl.java","29","0","1","7","205","290","0"
"elasticsearch","0ba5e9fb90080e30c5482f2b9f7e75ffa10f1f5e","core/src/test/java/org/elasticsearch/search/searchafter/SearchAfterBuilderTests.java","29","0","1","7","210","253","0"
"elasticsearch","6b49457d9db6bdff0bd61fd79d65345fc2187f7c","src/main/java/org/elasticsearch/index/query/ScriptFilterParser.java","29","0","1","8","148","203","0"
"elasticsearch","3674774b737bd607e40b22fb52e80b65e1210e2a","core/src/main/java/org/elasticsearch/search/aggregations/metrics/stats/extended/ExtendedStatsAggregator.java","29","0","1","8","150","190","0"
"elasticsearch","c69fc008d45abecb7644234cb1c6b8d1eafd3eb8","core/src/main/java/org/elasticsearch/search/aggregations/metrics/stats/extended/ExtendedStatsAggregator.java","29","0","1","8","150","190","0"
"elasticsearch","5f24581de31ddcfb1228f93261b78e48515e25b0","core/src/main/java/org/elasticsearch/search/aggregations/metrics/stats/extended/ExtendedStatsAggregator.java","29","0","1","8","150","190","2"
"netty","9128d4f16a8ccb102bbf863b88e6be8e5574333d","transport/src/main/java/io/netty/channel/ThreadPerChannelEventLoopGroup.java","29","0","1","8","158","225","1"
"elasticsearch","3f06d9f3b8516bb30a2890a36c2973f08f9c6076","modules/lang-expression/src/main/java/org/elasticsearch/script/expression/ExpressionScriptEngineService.java","29","0","1","8","186","254","0"
"elasticsearch","d64d0d6a97ae8dd70ba6018f97dd3c5fc10acd53","src/main/java/org/elasticsearch/index/search/child/ChildrenConstantScoreQuery.java","29","0","1","8","266","337","1"
"elasticsearch","e458d4fd93136cfc42708d9311d05bee36f69321","src/main/java/org/elasticsearch/index/search/child/ChildrenConstantScoreQuery.java","29","0","1","8","269","341","0"
"hazelcast","ec04fb6e911c98884064c11bc7b61ff4bac42c02","hazelcast-client-legacy/src/main/java/com/hazelcast/client/proxy/NearCachedClientMapProxy.java","29","0","1","8","328","418","0"
"orientdb","46bbcabde62c2b9e61ebaf45dc23f16d9dee7f02","graphdb/src/main/java/com/orientechnologies/orient/graph/stresstest/OGraphInsertWorkload.java","29","0","1","9","162","226","1"
"orientdb","136db63960bbf53514691bf5a0bb8361a5ea5361","graphdb/src/main/java/com/orientechnologies/orient/graph/stresstest/OGraphInsertWorkload.java","29","0","1","9","163","227","0"
"hazelcast","e4a098c04e698118ff5f68b05e32bdc6d813e579","hazelcast/src/main/java/com/hazelcast/spi/impl/BasicOperationScheduler.java","29","0","1","9","227","306","3"
"hazelcast","7001ec8c5b1305c796de75c2e3f170c562db8c03","hazelcast/src/main/java/com/hazelcast/map/impl/proxy/NearCachedMapProxyImpl.java","29","0","1","9","374","465","2"
"elasticsearch","d692ccf26172af1ae4c08bfa67cba6620b6fb408","core/src/main/java/org/elasticsearch/search/aggregations/bucket/range/IpRangeAggregationBuilder.java","29","0","10","15","284","389","0"
"BroadleafCommerce","2d4ecdd01932d5d7550b0d9ae1185921107f0e59","common/src/main/java/org/broadleafcommerce/common/extensibility/context/merge/AbstractMergeBeanPostProcessor.java","29","0","11","3","178","306","0"
"elasticsearch","fbe27664a65ca7ab5b7dbe1c328ab27423e4313c","core/src/main/java/org/elasticsearch/index/get/GetResult.java","29","0","12","10","231","320","2"
"elasticsearch","1764ec56b38ce87f516efdf93bb4ab56e9dd829b","core/src/main/java/org/elasticsearch/index/get/GetResult.java","29","0","12","10","232","321","0"
"elasticsearch","371c73e14023917f3892090d2d3d7ff9ac1216b9","core/src/main/java/org/elasticsearch/cluster/routing/UnassignedInfo.java","29","0","15","8","213","371","3"
"elasticsearch","78574d248cf10dad1c5a566fda79e1e0c94afe43","core/src/main/java/org/elasticsearch/cluster/routing/UnassignedInfo.java","29","0","15","8","213","371","2"
"elasticsearch","e6aaaf11ed4a1b8f595f920de1840938eddb7a97","core/src/main/java/org/elasticsearch/cluster/routing/UnassignedInfo.java","29","0","15","8","213","371","2"
"elasticsearch","31b0777c911a87b7ebae0efd7d5b14d1e06f3879","core/src/main/java/org/elasticsearch/cluster/routing/UnassignedInfo.java","29","0","15","8","213","371","0"
"elasticsearch","a60b8948ba1d836a6eac7cff095519e618939ed8","core/src/main/java/org/elasticsearch/cluster/routing/UnassignedInfo.java","29","0","15","8","213","371","0"
"elasticsearch","952feb58e41bd0220784c44136b840ea4a740e26","core/src/main/java/org/elasticsearch/search/aggregations/bucket/histogram/HistogramAggregationBuilder.java","29","0","16","2","226","320","1"
"elasticsearch","149ef74b26bb33d3a1d3c1c45c481a01345cd764","core/src/main/java/org/elasticsearch/search/aggregations/bucket/histogram/HistogramAggregationBuilder.java","29","0","16","2","227","321","0"
"orientdb","399dad0757d5b59c38c55ba5fbb71d45c408e1fc","core/src/main/java/com/orientechnologies/orient/core/sql/OCommandExecutorSQLAbstract.java","29","0","2","1","163","244","1"
"orientdb","8fa74c47519bf1b46ce0b700114389e44f89732d","core/src/main/java/com/orientechnologies/orient/core/sql/OCommandExecutorSQLAbstract.java","29","0","2","1","164","245","2"
"orientdb","436345198000b8dbc42d3c0cf74188e86f194b7b","core/src/main/java/com/orientechnologies/orient/core/sql/OCommandExecutorSQLAbstract.java","29","0","2","1","165","246","0"
"elasticsearch","b8396cd2d6a206f3107b9f657d9340503fe3273b","core/src/test/java/org/elasticsearch/indices/settings/UpdateSettingsIT.java","29","0","2","10","371","490","0"
"elasticsearch","1a60e1c3d27d3d1f76b389d6bf008b35856ad88d","core/src/test/java/org/elasticsearch/indices/settings/UpdateSettingsIT.java","29","0","2","11","415","538","1"
"elasticsearch","1ab4e0cba4ea4e9c242cefa41ecb3e38d5c29f22","core/src/test/java/org/elasticsearch/indices/settings/UpdateSettingsIT.java","29","0","2","11","415","538","1"
"elasticsearch","fbe27664a65ca7ab5b7dbe1c328ab27423e4313c","core/src/test/java/org/elasticsearch/indices/settings/UpdateSettingsIT.java","29","0","2","11","415","538","0"
"elasticsearch","5739a7c9fef8416730f501f917173961b51a4486","core/src/test/java/org/elasticsearch/indices/settings/UpdateSettingsIT.java","29","0","2","11","416","539","0"
"elasticsearch","f16c308efdab50a2a62db6aba0a3ad2c23ef0f63","core/src/test/java/org/elasticsearch/indices/settings/UpdateSettingsIT.java","29","0","2","11","419","542","0"
"elasticsearch","371c73e14023917f3892090d2d3d7ff9ac1216b9","core/src/main/java/org/elasticsearch/cluster/routing/allocation/command/MoveAllocationCommand.java","29","0","2","12","164","219","3"
"elasticsearch","3f6a3c01dadb1951b597ffdbd068359a2fbc84c8","core/src/main/java/org/elasticsearch/cluster/routing/allocation/command/MoveAllocationCommand.java","29","0","2","12","164","219","1"
"elasticsearch","6abcd42a05a0e2bc4eaf1add6a41ae7d48f840c2","core/src/main/java/org/elasticsearch/cluster/routing/allocation/command/MoveAllocationCommand.java","29","0","2","12","164","219","0"
"elasticsearch","4e0d65453fefd584379f119b0b460bed6991fab6","core/src/main/java/org/elasticsearch/indices/fielddata/cache/IndicesFieldDataCache.java","29","0","2","12","255","335","1"
"elasticsearch","891689ed1e1cf8291fe6d29eccd203233b33d518","core/src/main/java/org/elasticsearch/indices/fielddata/cache/IndicesFieldDataCache.java","29","0","2","12","256","346","0"
"BroadleafCommerce","628431ac1c597683df264dfda67b07046a837be1","common/src/main/java/org/broadleafcommerce/common/copy/MultiTenantCopyContext.java","29","0","2","13","202","265","0"
"elasticsearch","bd574d92aed0566f0809b78321cd24add59fba59","core/src/main/java/org/elasticsearch/transport/local/LocalTransport.java","29","0","2","13","336","430","0"
"elasticsearch","444c4f1af8c2398d2063b8099b620c1a165afde6","core/src/test/java/org/elasticsearch/index/query/RangeQueryBuilderTests.java","29","0","2","13","423","505","1"
"elasticsearch","724129e6ce372817637a2886f95cca3cf40a165a","src/test/java/org/elasticsearch/document/BulkTests.java","29","0","2","13","554","685","2"
"elasticsearch","0cf1d16187fcf10e9d0e64402bb6d0ebba5d7b80","core/src/test/java/org/elasticsearch/search/innerhits/InnerHitsIT.java","29","0","2","13","992","1111","1"
"hazelcast","8be13173f139312e9bcbe1b1ff65269b165fce5d","hazelcast-client/src/main/java/com/hazelcast/client/util/ClientDelegatingFuture.java","29","0","2","14","203","276","1"
"elasticsearch","7888dbfb313cc3ef95e7250173e52a3599228a1b","core/src/test/java/org/elasticsearch/index/query/RangeQueryBuilderTests.java","29","0","2","14","439","522","0"
"elasticsearch","6666fb1614c602e5637b5949d61d8e457ab3ee77","core/src/test/java/org/elasticsearch/index/query/RangeQueryBuilderTests.java","29","0","2","14","441","524","2"
"elasticsearch","2a32cf338eeba19e5438c873856ad42bc9e75fc9","src/main/java/org/elasticsearch/index/mapper/internal/TTLFieldMapper.java","29","0","2","19","194","251","1"
"elasticsearch","90b547cf2c82b03fe42b9cce4ea878d81734228a","src/main/java/org/elasticsearch/index/mapper/internal/TTLFieldMapper.java","29","0","2","19","194","251","1"
"elasticsearch","d18fb8bfbd4562bd55890103d488c448729e450b","src/main/java/org/elasticsearch/index/mapper/internal/TTLFieldMapper.java","29","0","2","19","194","251","1"
"elasticsearch","9569166f9431cafe322de6d1f96b7bfd6f50b798","src/main/java/org/elasticsearch/index/mapper/internal/TTLFieldMapper.java","29","0","2","19","194","251","0"
"elasticsearch","82c2b1e48e394d3e8223e68bcda0764d5818a377","core/src/main/java/org/elasticsearch/http/netty/cors/CorsHandler.java","29","0","2","2","167","232","1"
"hazelcast","cdb8b0e0e259c0992856d553f2aa04499043c84d","hazelcast/src/test/java/com/hazelcast/test/AbstractHazelcastClassRunner.java","29","0","2","2","289","370","0"
"hazelcast","810540661cf0b9662e3e1bc9b5dabc53a3c052f1","hazelcast/src/test/java/com/hazelcast/test/AbstractHazelcastClassRunner.java","29","0","2","2","293","374","1"
"elasticsearch","b4d1d899d2d91cce8677deb0930ae622121d1ca1","src/main/java/org/elasticsearch/index/mapper/internal/TTLFieldMapper.java","29","0","2","20","196","254","0"
"elasticsearch","d8f18dd812f48c67b84ee6c8aaff3e9d84afc100","src/main/java/org/elasticsearch/index/query/QueryParseContext.java","29","0","2","29","217","297","0"
"elasticsearch","062e038360ba93a7802e32c182eeaa18dbc6e787","core/src/main/java/org/elasticsearch/search/aggregations/support/AggregationContext.java","29","0","2","4","148","203","0"
"titan","3247d28161a1c089cb463c208ae21c5129eee1af","titan-core/src/main/java/com/thinkaurelius/titan/graphdb/database/cache/StandardSchemaCache.java","29","0","2","4","156","203","0"
"titan","736d71a8f5d93e0d3af1279a3edca9adcc4d0f94","titan-core/src/main/java/com/thinkaurelius/titan/graphdb/database/cache/StandardSchemaCache.java","29","0","2","4","157","204","1"
"elasticsearch","5c4c1c5e157cabace5124c327427e2cf644db9d6","core/src/main/java/org/elasticsearch/rest/action/search/RestMultiSearchAction.java","29","0","2","5","162","227","0"
"elasticsearch","5a64f08f048461a63a0ca1354a5050c954e63d52","core/src/test/java/org/elasticsearch/indices/settings/UpdateSettingsIT.java","29","0","2","6","339","447","0"
"elasticsearch","e7c2a8ae4d01d708f59d7869dbde015ccf22938e","core/src/test/java/org/elasticsearch/indices/settings/UpdateSettingsIT.java","29","0","2","6","340","448","1"
"elasticsearch","0a69f1e283e26e5d9e6a000b68b9f4778de557a1","core/src/test/java/org/elasticsearch/bwcompat/OldIndexBackwardsCompatibilityIT.java","29","0","2","6","391","490","2"
"elasticsearch","5a64f08f048461a63a0ca1354a5050c954e63d52","core/src/test/java/org/elasticsearch/bwcompat/OldIndexBackwardsCompatibilityIT.java","29","0","2","6","398","499","0"
"elasticsearch","e74d02138f02a66331b2611b5e70a908bb49cb97","core/src/test/java/org/elasticsearch/search/searchafter/SearchAfterBuilderTests.java","29","0","2","7","222","271","0"
"elasticsearch","046abdc281c321cd2128ee7684c0edfcaca07203","core/src/test/java/org/elasticsearch/search/searchafter/SearchAfterBuilderTests.java","29","0","2","7","225","274","2"
"elasticsearch","046abdc281c321cd2128ee7684c0edfcaca07203","core/src/main/java/org/elasticsearch/indices/recovery/RecoveryTargetService.java","29","0","2","7","411","526","3"
"hazelcast","0eb5a90ed468b6aa285f1711a5d699c9ffb33960","hazelcast/src/main/java/com/hazelcast/util/Preconditions.java","29","0","20","1","152","360","0"
"netty","085a61a310187052e32b4a0e7ae9700dbe926848","transport/src/main/java/io/netty/bootstrap/AbstractBootstrap.java","29","0","20","1","302","455","0"
"Android-Universal-Image-Loader","861ddfe6fc1e8db349bc90fa10a94370daf8076d","library/src/com/nostra13/universalimageloader/core/ImageLoader.java","29","0","21","0","199","429","0"
"elasticsearch","ff697c9ac2b188809b5eb74102e70246c21365c0","core/src/main/java/org/elasticsearch/index/query/SimpleQueryStringBuilder.java","29","0","22","1","255","395","1"
"elasticsearch","df4c7c7aeea329e3db44b508a4d4e1eff720e33b","core/src/main/java/org/elasticsearch/index/query/SimpleQueryStringBuilder.java","29","0","22","1","259","400","1"
"netty","fac0ca83194252e3ea231e927972c1d2c74aa459","transport/src/main/java/io/netty/bootstrap/AbstractBootstrap.java","29","0","22","1","320","502","0"
"elasticsearch","2213a5aa8114244b10a72c8e3fcfda87aca29256","core/src/main/java/org/elasticsearch/node/internal/InternalSettingsPreparer.java","29","0","3","0","138","212","1"
"Android-Universal-Image-Loader","303fa226ab37b10e0036e8efa198281f1c6ac6c9","library/src/com/nostra13/universalimageloader/core/decode/BaseImageDecoder.java","29","0","3","0","182","250","0"
"elasticsearch","4156a4bebb5a811604216196090524f6c989eecd","core/src/test/java/org/elasticsearch/cluster/service/ClusterServiceTests.java","29","0","3","12","747","970","0"
"elasticsearch","ef33183a1974c376e0fc18d0f785b4cc20d3ba14","core/src/test/java/org/elasticsearch/cluster/service/ClusterServiceTests.java","29","0","3","12","748","971","1"
"elasticsearch","1ab4e0cba4ea4e9c242cefa41ecb3e38d5c29f22","core/src/test/java/org/elasticsearch/cluster/service/ClusterServiceTests.java","29","0","3","14","868","1126","1"
"elasticsearch","f16c308efdab50a2a62db6aba0a3ad2c23ef0f63","core/src/test/java/org/elasticsearch/cluster/service/ClusterServiceTests.java","29","0","3","14","872","1130","0"
"elasticsearch","41d8fbe8f51abd499c9b497238bc5f2141b7926b","core/src/test/java/org/elasticsearch/test/rest/client/RestClient.java","29","0","3","2","225","302","1"
"elasticsearch","1f5bd495edb9ec9cd2a8c4ec55b05a58ce14b278","core/src/test/java/org/elasticsearch/test/rest/client/RestClient.java","29","0","3","2","226","301","2"
"elasticsearch","164efaecbe42195f08ada58b5fde927ab21fc6e7","core/src/test/java/org/elasticsearch/test/rest/client/RestClient.java","29","0","3","2","226","303","0"
"elasticsearch","2ecf9af71d88a3910abd468afc65d098896be428","core/src/main/java/org/elasticsearch/bootstrap/Bootstrap.java","29","0","3","2","226","325","0"
"elasticsearch","eaffa975e540a939b69c99b8db7b9d4a9f45522d","core/src/test/java/org/elasticsearch/test/rest/client/RestClient.java","29","0","3","2","227","302","0"
"netty","39b57b889cf77f38b25f45bd38fad58d22a4bb73","transport/src/main/java/io/netty/channel/group/DefaultChannelGroup.java","29","0","3","20","230","301","1"
"netty","39b57b889cf77f38b25f45bd38fad58d22a4bb73","transport/src/main/java/io/netty/channel/group/DefaultChannelGroup.java","29","0","3","20","230","301","1"
"netty","65c2a6ed46c163081fed5307f33489a606177f33","transport/src/main/java/io/netty/channel/group/DefaultChannelGroup.java","29","0","3","20","230","301","1"
"netty","c9d01b2fb59c6ef7905ed0209962a34e3b4ba853","transport/src/main/java/io/netty/channel/group/DefaultChannelGroup.java","29","0","3","20","230","301","0"
"netty","ae904a1f56d80cb3f4ad160006c05319e73d173a","transport/src/main/java/io/netty/channel/socket/oio/OioDatagramChannel.java","29","0","3","23","333","416","0"
"netty","14096d85cdf1db78bbd65d65b33dcf5476c670f3","transport/src/main/java/io/netty/channel/socket/oio/OioDatagramChannel.java","29","0","3","23","335","418","1"
"netty","e33f12f5b8a37b3f2a7291a10a61c8bce6ce73e0","transport/src/main/java/io/netty/channel/socket/oio/OioDatagramChannel.java","29","0","3","23","336","422","1"
"elasticsearch","13c5881f3ec697f53ec44449c66df8f39323d513","core/src/test/java/org/elasticsearch/common/io/stream/BytesStreamsTests.java","29","0","3","31","591","782","1"
"hazelcast","62a2d7a2993e205acd37a462f8c7f9fe10f29dee","hazelcast-client-legacy/src/test/java/com/hazelcast/client/ClientRegressionWithMockNetworkTest.java","29","0","3","34","642","835","1"
"hazelcast","d0fd18cd0e2fac83d47776ccc1f08639bfc9823f","hazelcast-client-new/src/test/java/com/hazelcast/client/ClientRegressionWithMockNetworkTest.java","29","0","3","34","649","867","0"
"orientdb","7a678522a2d83448543bc75d7360ac0857529727","graphdb/src/main/java/com/orientechnologies/orient/graph/sql/OCommandExecutorSQLDeleteVertex.java","29","0","3","4","159","241","0"
"netty","4d94f1d1e1aef8c0cbb745e8f4e876e0e96c3474","codec/src/main/java/io/netty/handler/codec/ByteToMessageDecoder.java","29","0","3","4","170","273","0"
"netty","3049f5ddc483de1afdaa52443fe946133e121808","codec/src/main/java/io/netty/handler/codec/ByteToMessageDecoder.java","29","0","3","4","170","281","1"
"orientdb","a56ae91e7d9f772da4288542cee900793c24e5e1","graphdb/src/main/java/com/orientechnologies/orient/graph/sql/OCommandExecutorSQLDeleteVertex.java","29","0","3","5","163","246","0"
"elasticsearch","f430953ca11ed6900fc00e1b723b07388fa37781","src/main/java/org/elasticsearch/index/search/child/TopChildrenQuery.java","29","0","3","5","261","361","0"
"elasticsearch","09c7c5c82fdd5ce7c133de0379b3b44cf36061f9","core/src/main/java/org/elasticsearch/common/lucene/search/Queries.java","29","0","3","9","150","207","1"
"netty","660e6f4afe6a5e1e53619600a5b14f11dac5537c","codec/src/main/java/io/netty/handler/codec/LengthFieldBasedFrameDecoder.java","29","0","4","0","177","444","1"
"netty","2adebc4c54ae98565db8e2a3c02b2ffaa0c101fe","codec/src/main/java/io/netty/handler/codec/LengthFieldBasedFrameDecoder.java","29","0","4","1","176","448","1"
"netty","81e2db10faaf0389f4e1af8c7132210946203157","codec/src/main/java/io/netty/handler/codec/LengthFieldBasedFrameDecoder.java","29","0","4","1","177","449","0"
"elasticsearch","f23274523a4d957156fa48923cbf651bdeb2813f","src/main/java/org/elasticsearch/action/bench/BenchmarkExecutor.java","29","0","4","1","313","429","0"
"netty","57d28dd42178b35194037a4ded7f26e20e676c62","transport/src/main/java/io/netty/channel/pool/FixedChannelPool.java","29","0","4","4","242","367","1"
"BroadleafCommerce","25cc6d04543ce2d153d288e181a712fa6a0086f4","core/broadleaf-framework/src/main/java/org/broadleafcommerce/core/offer/domain/OfferImpl.java","29","0","4","83","740","913","1"
"BroadleafCommerce","27d1d3f1bb71de25bcdce0eeb55b4a44b5b2dade","core/broadleaf-framework/src/main/java/org/broadleafcommerce/core/offer/domain/OfferImpl.java","29","0","4","83","743","917","1"
"elasticsearch","6f248669029c0509d20b37767ef64d9314ff603b","core/src/main/java/org/elasticsearch/index/shard/ShardPath.java","29","0","5","12","171","245","1"
"elasticsearch","7ab0e2c5321c802068d85c0fa3a0f44e0b02c5a4","core/src/main/java/org/elasticsearch/index/query/QueryParseContext.java","29","0","5","39","294","397","1"
"netty","b5a587fadfd0821088d37d9d23388c343d73eb45","transport/src/main/java/io/netty/channel/nio/AbstractNioChannel.java","29","0","5","4","223","334","0"
"orientdb","da896b0990e83c577baf91886166980d0994e44b","core/src/main/java/com/orientechnologies/orient/core/storage/impl/memory/ODirectMemoryOnlyDiskCache.java","29","0","5","51","502","665","0"
"elasticsearch","b9966fed3675deb09ce344aeb24b25b98b048e79","core/src/main/java/org/elasticsearch/bootstrap/JarHell.java","29","0","6","1","190","296","0"
"elasticsearch","f8e0557be5e8177382c9d1e36bf8dffa979e5446","plugins/repository-s3/src/test/java/org/elasticsearch/repositories/s3/AbstractS3SnapshotRestoreTest.java","29","0","6","10","402","519","0"
"elasticsearch","fef0ffc49e52ea36e2c412a3237fcfebe2d31a55","plugins/repository-s3/src/test/java/org/elasticsearch/repositories/s3/AbstractS3SnapshotRestoreTest.java","29","0","6","10","404","519","1"
"mcMMO","b7bb3f4487cb449ce4fd73530e1060d520da39f2","src/main/java/com/gmail/nossr50/datatypes/McMMOPlayer.java","29","0","6","11","166","243","0"
"elasticsearch","0e5f9898d16e19607c11cca56172dd11f57bb67a","src/test/java/org/elasticsearch/search/aggregations/bucket/DateHistogramTests.java","29","0","6","28","1005","1303","0"
"elasticsearch","f956920acc866062b823fd66d86c59919631f752","src/test/java/org/elasticsearch/search/aggregations/bucket/DateHistogramTests.java","29","0","6","29","1030","1335","1"
"netty","1cc104e1c02f5ee54979d8dfcba5aa4fb20d3503","transport/src/main/java/io/netty/bootstrap/ServerBootstrap.java","29","0","6","3","193","262","1"
"elasticsearch","fe330b868a8324a74714f1be01aa498336e5ff23","core/src/main/java/org/elasticsearch/index/query/QueryParseContext.java","29","0","6","38","285","392","1"
"elasticsearch","371c73e14023917f3892090d2d3d7ff9ac1216b9","core/src/main/java/org/elasticsearch/index/query/RegexpQueryBuilder.java","29","0","6","8","214","287","3"
"elasticsearch","78574d248cf10dad1c5a566fda79e1e0c94afe43","core/src/main/java/org/elasticsearch/index/query/RegexpQueryBuilder.java","29","0","6","8","214","287","2"
"elasticsearch","e6aaaf11ed4a1b8f595f920de1840938eddb7a97","core/src/main/java/org/elasticsearch/index/query/RegexpQueryBuilder.java","29","0","6","8","214","287","2"
"elasticsearch","a60b8948ba1d836a6eac7cff095519e618939ed8","core/src/main/java/org/elasticsearch/index/query/RegexpQueryBuilder.java","29","0","6","8","214","287","0"
"netty","208893aac98ecb94ec190f1834db928e2e7908a0","handler/src/main/java/io/netty/handler/ssl/SniHandler.java","29","0","6","8","250","385","2"
"elasticsearch","d8f16178d3f21b4f9d17da12e7aa61613fc2c27a","src/main/java/org/elasticsearch/common/io/FileSystemUtils.java","29","0","7","2","153","252","1"
"elasticsearch","b352a90454085fde41cfb82d220f39513e6d83bb","core/src/main/java/org/elasticsearch/rest/RestController.java","29","0","7","3","204","292","1"
"elasticsearch","3a46812a335a56c56106aabd98029854ee2b54b3","core/src/main/java/org/elasticsearch/rest/RestController.java","29","0","7","3","206","294","0"
"hazelcast","820f4b2d5e993cbc48c7f14e06f7588591085461","hazelcast-client-new/src/main/java/com/hazelcast/client/proxy/ClientExecutorServiceProxy.java","29","0","7","36","482","604","1"
"hazelcast","99f2dd5d8710f0276d0b105ba5c0f19674b6ccdf","hazelcast-client/src/main/java/com/hazelcast/client/proxy/ClientExecutorServiceProxy.java","29","0","7","36","488","611","1"
"hazelcast","b4f94a00cf1628aa0437ded2c556bae9608f74c6","hazelcast-client/src/main/java/com/hazelcast/client/proxy/ClientExecutorServiceProxy.java","29","0","7","36","491","613","0"
"elasticsearch","b039360d2ea974b9827df90ee7d425ca15c638d6","core/src/main/java/org/elasticsearch/index/query/QueryShardContext.java","29","0","7","44","350","458","3"
"elasticsearch","2f6405ee277ec64269dd13fdfbd8445f96b4516d","core/src/test/java/org/elasticsearch/cluster/ClusterChangedEventTests.java","29","0","8","0","255","376","1"
"elasticsearch","6941966b1654106ed9249cd01c32bfa2e06b452f","core/src/test/java/org/elasticsearch/cluster/ClusterChangedEventTests.java","29","0","8","0","255","376","1"
"elasticsearch","ace83d9d2a97cfe8a8aa9bdd7b46ce71713fb494","core/src/test/java/org/elasticsearch/cluster/ClusterChangedEventTests.java","29","0","8","0","255","376","1"
"elasticsearch","83d1e0985d64d1e21bc233c9a4d567d901006722","core/src/test/java/org/elasticsearch/cluster/ClusterChangedEventTests.java","29","0","8","0","255","376","0"
"elasticsearch","371c73e14023917f3892090d2d3d7ff9ac1216b9","core/src/main/java/org/elasticsearch/node/Node.java","29","0","8","1","444","587","3"
"elasticsearch","78574d248cf10dad1c5a566fda79e1e0c94afe43","core/src/main/java/org/elasticsearch/node/Node.java","29","0","8","1","444","587","2"
"elasticsearch","e6aaaf11ed4a1b8f595f920de1840938eddb7a97","core/src/main/java/org/elasticsearch/node/Node.java","29","0","8","1","444","587","2"
"elasticsearch","a60b8948ba1d836a6eac7cff095519e618939ed8","core/src/main/java/org/elasticsearch/node/Node.java","29","0","8","1","444","587","0"
"BroadleafCommerce","9b556e9914c84a41ae10f07813ea46a5d2023f27","core/broadleaf-profile-web/src/main/java/org/broadleafcommerce/profile/web/core/security/CustomerStateRequestProcessor.java","29","0","8","2","169","352","1"
"elasticsearch","0d81dee0137ebd1c80b5713b44b5581037a2c84b","core/src/test/java/org/elasticsearch/search/aggregations/bucket/DateHistogramIT.java","29","0","8","24","949","1206","1"
"elasticsearch","046abdc281c321cd2128ee7684c0edfcaca07203","core/src/test/java/org/elasticsearch/search/aggregations/bucket/DateHistogramIT.java","29","0","8","24","950","1207","3"
"elasticsearch","22e63b478306fb3cab6ba8967db6e1f2b73cdfd8","core/src/test/java/org/elasticsearch/search/aggregations/bucket/DateHistogramIT.java","29","0","8","24","950","1207","2"
"elasticsearch","6174e21f47244b6d5153d7d0cc1fe28fe863399d","core/src/test/java/org/elasticsearch/search/aggregations/bucket/DateHistogramIT.java","29","0","8","24","950","1207","1"
"elasticsearch","a0818d3b876216c7882b3f6b14c613173409c06c","core/src/test/java/org/elasticsearch/search/aggregations/bucket/DateHistogramIT.java","29","0","8","24","950","1207","2"
"elasticsearch","e74d02138f02a66331b2611b5e70a908bb49cb97","core/src/test/java/org/elasticsearch/search/aggregations/bucket/DateHistogramIT.java","29","0","8","24","950","1207","0"
"elasticsearch","952feb58e41bd0220784c44136b840ea4a740e26","core/src/test/java/org/elasticsearch/search/aggregations/bucket/DateHistogramIT.java","29","0","8","25","973","1240","3"
"netty","9125060752f5124949e55a6868647c75f88cdb01","handler/src/main/java/io/netty/handler/ssl/OpenSslServerContext.java","29","0","8","7","228","350","0"
"elasticsearch","68307aa9f3636bdccd1f1ca90f1d0fd640a019a5","core/src/main/java/org/elasticsearch/common/network/NetworkUtils.java","29","0","9","0","158","224","0"
"elasticsearch","f956920acc866062b823fd66d86c59919631f752","src/test/java/org/elasticsearch/test/ElasticsearchTestCase.java","29","0","9","18","339","462","1"
"elasticsearch","3aed047bdedde1bda189cbfc2f81e65af42e57c5","core/src/test/java/org/elasticsearch/search/aggregations/bucket/DateHistogramIT.java","29","0","9","24","978","1249","0"
"netty","c7038ed8d6e3cc8b7aa2b744c3146f1a1cfe86a3","codec/src/main/java/io/netty/handler/codec/compression/JZlibEncoder.java","29","0","9","5","216","396","0"
"netty","96c5ab62e66975f01d82ac9a913f4457273893fb","codec/src/main/java/io/netty/handler/codec/compression/JZlibEncoder.java","29","0","9","5","217","397","0"
"orientdb","436345198000b8dbc42d3c0cf74188e86f194b7b","core/src/main/java/com/orientechnologies/orient/core/serialization/serializer/OStringSerializerHelper.java","290","0","5","33","805","1048","1"
"orientdb","d21e2159933b891998c72594bfd41d4391ee7671","core/src/main/java/com/orientechnologies/orient/core/storage/cache/local/OWOWCache.java","290","0","5","47","1986","2950","2"
"hazelcast","39cd56204db3d9e9836da4068902f82749e2bfc7","hazelcast/src/main/java/com/hazelcast/partition/impl/InternalPartitionServiceImpl.java","290","0","7","50","1915","2296","0"
"hazelcast","21c3f0711016ec69ddbea7f7278ae46c41a67c50","hazelcast/src/main/java/com/hazelcast/partition/impl/InternalPartitionServiceImpl.java","290","0","7","50","1918","2300","1"
"hazelcast","8f419459821e2d7e744122b4b3a9482e6fc0ebb2","hazelcast/src/main/java/com/hazelcast/partition/impl/InternalPartitionServiceImpl.java","290","0","7","53","1919","2307","0"
"orientdb","80e2550436da767ebf8944339a885037569a8271","core/src/main/java/com/orientechnologies/orient/core/storage/impl/local/OAbstractPaginatedStorage.java","291","0","3","73","1842","2411","1"
"orientdb","2a004c4b73a8609cf941b54707f6e23ff7cbea22","core/src/main/java/com/orientechnologies/orient/core/storage/impl/local/OAbstractPaginatedStorage.java","291","0","3","74","1848","2420","1"
"orientdb","8277a0559c357df96a19b7792393d884a090e86c","core/src/main/java/com/orientechnologies/orient/core/storage/impl/local/OAbstractPaginatedStorage.java","291","0","3","74","1866","2438","2"
"orientdb","9fafc831eb34b52e74e1d8e1caf9678667f4ec26","core/src/main/java/com/orientechnologies/orient/core/storage/impl/local/OAbstractPaginatedStorage.java","291","0","3","74","1919","2517","3"
"orientdb","0656e3be5237f5a0de5eae18b93686dee5832751","core/src/main/java/com/orientechnologies/orient/core/serialization/serializer/OStringSerializerHelper.java","291","0","5","37","825","1073","0"
"MapDB","72649e80593c3f1fa476c951397a2c9dca467a9c","src/main/java/org/mapdb/Store.java","292","0","15","75","1570","2059","2"
"MapDB","00a8930ff0dbd0cf3cc9520013037706899b867d","src/main/java/org/mapdb/Store.java","292","0","15","75","1573","2062","1"
"orientdb","8fa39d7d5c95005f32cdce639549ea94ab583a44","core/src/main/java/com/orientechnologies/orient/core/metadata/schema/OClassImpl.java","292","0","5","106","2083","2619","3"
"orientdb","69ad5ecc3824911ac8d1bfbeab0d379043546afb","client/src/main/java/com/orientechnologies/orient/client/remote/OStorageRemote.java","293","0","4","73","1796","2360","0"
"orientdb","80e2b291f186dd1e98b1ee4352c37db1a0d86f02","core/src/main/java/com/orientechnologies/orient/core/metadata/schema/OClassImpl.java","293","0","5","106","2086","2624","3"
"orientdb","75851ad880131807215f4dda7f6c16e465b4a618","core/src/main/java/com/orientechnologies/orient/core/serialization/serializer/OStringSerializerHelper.java","293","0","6","36","830","1086","1"
"hazelcast","fa1c7b6b500525ad71674b38354c7da76290f7cc","hazelcast/src/main/java/com/hazelcast/config/XmlConfigBuilder.java","294","0","0","7","1152","1243","1"
"hazelcast","285ea2f37f81be480b27c4d255050be62a2af56f","hazelcast/src/main/java/com/hazelcast/config/XmlConfigBuilder.java","295","0","0","7","1154","1245","0"
"hazelcast","f6be21b732301a7d8b6854bb3daa90b1b230f0a3","hazelcast/src/main/java/com/hazelcast/config/XmlConfigBuilder.java","295","0","6","1","1158","1281","1"
"orientdb","9a437f2177c4a6ea5ec1c8f1cf32b5ddfa794fc8","core/src/main/java/com/orientechnologies/orient/core/serialization/serializer/OStringSerializerHelper.java","295","0","6","36","828","1085","0"
"MapDB","9c827618d17a0284836cb6b035fbd11d9535b540","src/main/java/org/mapdb/BTreeMap.java","295","0","6","40","1540","2069","1"
"MapDB","97d73671867b262f477802d46084e8bff59063bf","src/main/java/org/mapdb/BTreeMap.java","295","0","6","40","1541","2070","0"
"orientdb","06f3af5cecd0ddea01cca7806d0fed63e1e900ad","core/src/main/java/com/orientechnologies/orient/core/storage/impl/local/OAbstractPaginatedStorage.java","296","0","3","74","1926","2529","2"
"hazelcast","6dba37518adaa8b14a3c5bb57043912b8779ae6c","hazelcast/src/main/java/com/hazelcast/config/XmlConfigBuilder.java","296","0","6","1","1160","1285","1"
"orientdb","ff95edf2adf836fc17f8f593e8fd1295f40d5464","core/src/main/java/com/orientechnologies/orient/core/metadata/schema/OClassImpl.java","297","0","5","106","2094","2637","2"
"orientdb","b1c41b41d63492702fac9da0bbc12b750c4db9a2","core/src/main/java/com/orientechnologies/orient/core/storage/impl/local/OAbstractPaginatedStorage.java","298","0","3","74","1982","2596","3"
"elasticsearch","8dcb1f5c7c1b5b55bb47e04353456382f9842206","core/src/main/java/org/elasticsearch/index/shard/LocalShardSnapshot.java","3","0","0","0","100","143","0"
"elasticsearch","371c73e14023917f3892090d2d3d7ff9ac1216b9","core/src/main/java/org/elasticsearch/index/mapper/ip/LegacyIpIndexFieldData.java","3","0","0","0","100","146","3"
"elasticsearch","78574d248cf10dad1c5a566fda79e1e0c94afe43","core/src/main/java/org/elasticsearch/index/mapper/ip/LegacyIpIndexFieldData.java","3","0","0","0","100","146","2"
"elasticsearch","e6aaaf11ed4a1b8f595f920de1840938eddb7a97","core/src/main/java/org/elasticsearch/index/mapper/ip/LegacyIpIndexFieldData.java","3","0","0","0","100","146","2"
"elasticsearch","a60b8948ba1d836a6eac7cff095519e618939ed8","core/src/main/java/org/elasticsearch/index/mapper/ip/LegacyIpIndexFieldData.java","3","0","0","0","100","146","0"
"neo4j","803ec9deafb5ac3785faf698f126a32254d693be","community/bolt/src/test/java/org/neo4j/bolt/v1/runtime/integration/TestSessions.java","3","0","0","0","101","132","0"
"netty","32231ee2e05e2979e4c76220945b99c6712fd582","transport-native-epoll/src/main/java/io/netty/channel/epoll/EpollRecvByteAllocatorMessageHandle.java","3","0","0","0","11","40","0"
"hazelcast","40021c746e61cd4f6feae5777f6ea23a492aa4f9","hazelcast/src/main/java/com/hazelcast/map/impl/LazyEntryView.java","3","0","0","0","111","150","2"
"netty","32231ee2e05e2979e4c76220945b99c6712fd582","transport-native-epoll/src/main/java/io/netty/channel/epoll/EpollRecvByteAllocatorStreamingHandle.java","3","0","0","0","12","42","0"
"neo4j","f0b03e0d48342f7b76608313e94292a530d373e0","community/bolt/src/main/java/org/neo4j/bolt/v1/runtime/TransactionStateMachineSPI.java","3","0","0","0","123","158","1"
"neo4j","197393a3c66dacf10c813cdcb731971a30857e16","community/bolt/src/main/java/org/neo4j/bolt/v1/runtime/TransactionStateMachineSPI.java","3","0","0","0","124","158","0"
"neo4j","a401243f8aff453cb8af8e412ea8510f9be786d6","community/kernel/src/main/java/org/neo4j/kernel/impl/traversal/AsOneStartBranch.java","3","0","0","0","129","182","1"
"netty","4ed5b07e4e4cc91c2ba2ed266f92b3f7c176cd76","common/src/main/java/io/netty/util/internal/PlatformDependent0.java","3","0","0","0","139","189","0"
"hazelcast","6fa0069fe8656dfccd16b57e133bed417b591146","hazelcast/src/main/java/com/hazelcast/query/impl/UUIDConverter.java","3","0","0","0","14","37","1"
"junit","bb13b318cd79a68470e93c79635090c7bb565475","src/test/java/org/junit/tests/experimental/rules/EventCollector.java","3","0","0","0","143","177","0"
"netty","74738fbd08eec71dc6c8dd801f79e7f2e3e7f366","common/src/main/java/io/netty/util/internal/PlatformDependent0.java","3","0","0","0","153","207","0"
"neo4j","b5d40e3b9eaa74e7f71b30760b915a5b6d269193","community/kernel/src/main/java/org/neo4j/kernel/impl/proc/ProcedureGDBFacadeSPI.java","3","0","0","0","160","204","0"
"hazelcast","0603aa048b33b7b63c240c8b0e5c509499c798f7","hazelcast-client/src/test/java/com/hazelcast/client/ClientConnectionTest.java","3","0","0","0","172","231","0"
"hazelcast","1db7424d387f04d32e0bea688b1d0337c6f88c11","hazelcast-client/src/test/java/com/hazelcast/client/ClientConnectionTest.java","3","0","0","0","173","231","4"
"hazelcast","4653486efe9e76439d1f23021ab16bc287ac9bfa","hazelcast-client/src/test/java/com/hazelcast/client/ClientConnectionTest.java","3","0","0","0","173","231","1"
"hazelcast","8d64dbcc8fb125d6092f339204db8e4ffc447f9e","hazelcast-client/src/test/java/com/hazelcast/client/ClientConnectionTest.java","3","0","0","0","173","231","1"
"hazelcast","2510ac6c3f371032d6aceabd20dac63be71957ee","hazelcast-client/src/test/java/com/hazelcast/client/ClientConnectionTest.java","3","0","0","0","173","231","0"
"elasticsearch","7b62267008b31c809f30258756045535e44b4bfc","core/src/main/java/org/elasticsearch/search/aggregations/bucket/geogrid/GeoHashGridParams.java","3","0","0","0","19","49","0"
"hazelcast","67db7c70adf6604568aa7e831f0373cf4b411bd0","hazelcast/src/main/java/com/hazelcast/spi/impl/executionservice/impl/CompletableFutureEntry.java","3","0","0","0","22","45","1"
"netty","e70fbe316d63c28c81e175095297b2205e656eca","codec-http/src/main/java/io/netty/handler/codec/http/websocketx/WebSocketProtocolHandler.java","3","0","0","0","23","46","0"
"hazelcast","a20130a01f036402945c6a0ba5456519334af5d9","hazelcast/src/main/java/com/hazelcast/osgi/ScriptEngineActivator.java","3","0","0","0","23","50","0"
"elasticsearch","00de8e07fc3df9c763bbc0b6890217dc5b6bee3e","core/src/main/java/org/elasticsearch/index/shard/ElasticsearchQueryCachingPolicy.java","3","0","0","0","24","57","3"
"elasticsearch","6796464f167ce293192c43efd1cf28e4434fd5da","core/src/main/java/org/elasticsearch/index/shard/ElasticsearchQueryCachingPolicy.java","3","0","0","0","24","57","4"
"elasticsearch","6baded8e7fb920e920a288bf53764a1da3d617da","core/src/main/java/org/elasticsearch/index/shard/ElasticsearchQueryCachingPolicy.java","3","0","0","0","24","57","3"
"elasticsearch","d06a8903fdccf5985bb1b9cbfcb92580d08a544c","core/src/main/java/org/elasticsearch/index/shard/ElasticsearchQueryCachingPolicy.java","3","0","0","0","24","57","0"
"hazelcast","089a8de3ef46501653fe15aa30fa20130f5b9d5c","hazelcast/src/main/java/com/hazelcast/jmx/MBeans.java","3","0","0","0","241","314","1"
"hazelcast","a4b7e0eef6cf80a77a25e3412e18af5872c8098f","hazelcast/src/main/java/com/hazelcast/jmx/MBeans.java","3","0","0","0","241","314","1"
"hazelcast","717f34bef17ab88eae89ff32934f0f4cb1e05118","hazelcast/src/main/java/com/hazelcast/jmx/MBeans.java","3","0","0","0","241","314","0"
"hazelcast","1846ccdf51710299b209a0abe97ce7e80b266514","hazelcast/src/main/java/com/hazelcast/jmx/MBeans.java","3","0","0","0","242","315","1"
"hazelcast","18a030c6fa71ce1824dcabaf0a81fb76d3a5e69c","hazelcast/src/main/java/com/hazelcast/jmx/MBeans.java","3","0","0","0","242","315","2"
"hazelcast","59c5defd95ebf4fec3c7664014c65e4612269447","hazelcast/src/main/java/com/hazelcast/jmx/MBeans.java","3","0","0","0","242","315","2"
"hazelcast","06a8f9556d88448fa2376aacd279ac7eb0faa4c3","hazelcast/src/main/java/com/hazelcast/jmx/MBeans.java","3","0","0","0","242","315","0"
"hazelcast","867fc10b52c7da919de28f51c13599e0fc2a5f60","hazelcast/src/test/java/com/hazelcast/util/JumpingSystemClock.java","3","0","0","0","25","48","0"
"hazelcast","6a047d13568f5eff8144a9158f04ab017b121835","hazelcast/src/test/java/com/hazelcast/cluster/JumpingSystemClock.java","3","0","0","0","25","51","2"
"elasticsearch","1ee6ea92479698e06b67ba498781efd7f951e4cc","core/src/main/java/org/elasticsearch/bootstrap/ESPolicy.java","3","0","0","0","25","55","1"
"hazelcast","a9525037283b683e9cc4c494078091eca10daf62","hazelcast-client/src/test/java/com/hazelcast/client/config/XmlClientConfigBuilderTest.java","3","0","0","0","258","327","1"
"orientdb","a317b8f99c288a4c3e697667983f14194a6b892a","etl/src/main/java/com/orientechnologies/orient/etl/OETLExtractorWorker.java","3","0","0","0","26","56","1"
"hazelcast","2b6f18456c37d310e7679071b8c91c7df48c679d","hazelcast/src/main/java/com/hazelcast/map/impl/MapPartitionAwareService.java","3","0","0","0","26","57","1"
"netty","f38bf74f3ecd3c2ba29c39240dce573fa5083429","src/main/java/io/netty/handler/codec/serialization/CompactObjectOutputStream.java","3","0","0","0","27","51","0"
"hazelcast","707932eed4859d26c9c896f844d9433f2795b290","hazelcast/src/test/java/com/hazelcast/cluster/JumpingSystemClock.java","3","0","0","0","27","54","0"
"hazelcast","ab671ef7d679092659dafa891538330abd4aa241","hazelcast/src/test/java/com/hazelcast/cluster/JumpingSystemClock.java","3","0","0","0","27","54","0"
"hazelcast","56320e88e687e5353bf7bdcdffde3c499bbdcd0f","hazelcast/src/test/java/com/hazelcast/cluster/JumpingSystemClock.java","3","0","0","0","27","54","1"
"orientdb","a2eaf6636bb600c7e6d311b0bb7d112bbaafb4a0","etl/src/main/java/com/orientechnologies/orient/etl/OETLExtractorWorker.java","3","0","0","0","27","59","0"
"neo4j","d693165ae77cf119824aaa7a53ac45b466b15c24","stresstests/src/test/java/org/neo4j/coreedge/stresstests/RepeatUntilOnSelectedMemberCallable.java","3","0","0","0","28","54","1"
"elasticsearch","620536f85038d68522103d9cd91e4f3377773feb","core/src/main/java/org/elasticsearch/index/translog/MultiSnapshot.java","3","0","0","0","28","61","1"
"hazelcast","69748d2e50489b16a8bdbb1082fc259ecfb7590d","hazelcast-client/src/main/java/com/hazelcast/client/connection/nio/AuthenticationFuture.java","3","0","0","0","29","53","0"
"Android-Universal-Image-Loader","3042606a69fcd01d334e6d730c8284c4c108fb09","library/src/com/nostra13/universalimageloader/core/ProcessAndDisplayImageTask.java","3","0","0","0","29","59","0"
"Android-Universal-Image-Loader","e2d84aff036c22ca02c1152f8100ad4d76b5097c","library/src/com/nostra13/universalimageloader/core/ProcessAndDisplayImageTask.java","3","0","0","0","29","59","0"
"Android-Universal-Image-Loader","9634fe37c997bd84932b2b198d8b38913e01a968","library/src/com/nostra13/universalimageloader/core/ProcessAndDisplayImageTask.java","3","0","0","0","29","59","1"
"hazelcast","7d6c49b1a4b2f2fe50f2a3e9fdfb2613d7c73c2e","hazelcast-client/src/test/java/com/hazelcast/client/config/XmlClientConfigBuilderTest.java","3","0","0","0","293","370","0"
"neo4j","886dbb454deaae6adcb4ff26e76f6e225eedca55","enterprise/core-edge/src/main/java/org/neo4j/coreedge/raft/log/segmented/SizeBasedLogPruningStrategy.java","3","0","0","0","30","58","0"
"oryx","eb08674e77479787fa9288f2c824e48af8539ff2","oryx-app-mllib/src/test/java/com/cloudera/oryx/app/mllib/rdf/RandomCategoricalRDFDataGenerator.java","3","0","0","0","30","60","0"
"netty","1cb706ac932bab732257e02fc095d91ff7ed3788","codec-http2/src/main/java/io/netty/handler/codec/http2/internal/hpack/HpackUtil.java","3","0","0","0","300","346","0"
"elasticsearch","1424f09c02927d9caada7f6ea45285b411d88d12","modules/lang-painless/src/main/java/org/elasticsearch/painless/antlr/PainlessLexer.java","3","0","0","0","306","331","0"
"elasticsearch","5337686d8d39568f94b0b976bd9098af69214302","plugins/repository-s3/src/test/java/org/elasticsearch/cloud/aws/AbstractAwsTestCase.java","3","0","0","0","31","62","0"
"hazelcast","21de2ef614b9a92baec6c4f16f26123a59391cdc","hazelcast/src/main/java/com/hazelcast/map/impl/MapPartitionAwareService.java","3","0","0","0","32","65","0"
"elasticsearch","5a64f08f048461a63a0ca1354a5050c954e63d52","core/src/main/java/org/elasticsearch/cluster/metadata/AutoExpandReplicas.java","3","0","0","0","32","93","0"
"elasticsearch","371c73e14023917f3892090d2d3d7ff9ac1216b9","core/src/main/java/org/elasticsearch/common/TimeBasedUUIDGenerator.java","3","0","0","0","34","85","3"
"elasticsearch","78574d248cf10dad1c5a566fda79e1e0c94afe43","core/src/main/java/org/elasticsearch/common/TimeBasedUUIDGenerator.java","3","0","0","0","34","85","2"
"elasticsearch","e6aaaf11ed4a1b8f595f920de1840938eddb7a97","core/src/main/java/org/elasticsearch/common/TimeBasedUUIDGenerator.java","3","0","0","0","34","85","2"
"elasticsearch","a60b8948ba1d836a6eac7cff095519e618939ed8","core/src/main/java/org/elasticsearch/common/TimeBasedUUIDGenerator.java","3","0","0","0","34","85","0"
"elasticsearch","a9a2753f0b07ee644e1babfd9de4f00df17e7b2a","core/src/main/java/org/elasticsearch/client/transport/TransportProxyClient.java","3","0","0","0","35","62","0"
"elasticsearch","9d10ffd54763675f1147f6a3024388d202185bdd","core/src/main/java/org/elasticsearch/index/translog/MultiSnapshot.java","3","0","0","0","35","69","0"
"hazelcast","e1b69c53ca4923affcd7722f012a80e32517e988","hazelcast/src/main/java/com/hazelcast/internal/cluster/impl/operations/VersionedClusterOperation.java","3","0","0","0","35","72","0"
"netty","4bba7526e2f58018817972f38279cc232f519100","buffer/src/main/java/io/netty/buffer/PooledSlicedByteBuf.java","3","0","0","0","353","443","0"
"netty","e7631867d30e26961e121ca05f5e3c078345984f","buffer/src/main/java/io/netty/buffer/PooledSlicedByteBuf.java","3","0","0","0","355","446","1"
"hazelcast","9ed6a43d53fe7c39c9012278c24df730ac55d109","hazelcast/src/main/java/com/hazelcast/replicatedmap/impl/record/ValuesIteratorFactory.java","3","0","0","0","36","62","1"
"hazelcast","9ed6a43d53fe7c39c9012278c24df730ac55d109","hazelcast/src/main/java/com/hazelcast/replicatedmap/impl/record/KeySetIteratorFactory.java","3","0","0","0","36","62","1"
"hazelcast","b725d6d1e1fec94dd065d6e4c877ba9ff56e1b0c","hazelcast/src/main/java/com/hazelcast/replicatedmap/impl/record/ValuesIteratorFactory.java","3","0","0","0","36","62","2"
"hazelcast","b725d6d1e1fec94dd065d6e4c877ba9ff56e1b0c","hazelcast/src/main/java/com/hazelcast/replicatedmap/impl/record/KeySetIteratorFactory.java","3","0","0","0","36","62","2"
"netty","449befa0034e2cf77b3033f62d4f2153cef5a1d7","resolver-dns/src/main/java/io/netty/resolver/dns/SequentialDnsServerAddressStream.java","3","0","0","0","36","62","1"
"netty","719d1dbad1078ea20ea385bd9f2c16847dcb81ae","resolver-dns/src/main/java/io/netty/resolver/dns/SequentialDnsServerAddressStream.java","3","0","0","0","36","62","0"
"elasticsearch","e1efd5f6baf8dec1c23c79b346b8a29f234a98bb","core/src/main/java/org/elasticsearch/common/inject/DefaultConstructionProxyFactory.java","3","0","0","0","36","70","0"
"oryx","27e9046b2bd92243c260efd8bcd0af46b92bdf9e","app/oryx-app-mllib/src/main/java/com/cloudera/oryx/app/batch/mllib/als/EnqueueFeatureVecsAndKnownItemsFn.java","3","0","0","0","37","61","0"
"hazelcast","dd9c5fd8f9085c0f2301daff7de8b5e67307ef3a","hazelcast/src/main/java/com/hazelcast/client/impl/protocol/task/cache/AbstractCacheClientNearCacheInvalidationListener.java","3","0","0","0","37","62","0"
"hazelcast","a7fb3945d20f9ca04699166f984c5277fcb8f3a2","hazelcast/src/main/java/com/hazelcast/wan/impl/WanReplicationPublisherDelegate.java","3","0","0","0","37","69","0"
"Android-Universal-Image-Loader","127b373e4be0588e1c7c750102c5ce04df649740","UniversalImageLoader/src/com/nostra13/universalimageloader/core/DisplayBitmapTask.java","3","0","0","0","38","57","0"
"hazelcast","9ed6a43d53fe7c39c9012278c24df730ac55d109","hazelcast/src/main/java/com/hazelcast/replicatedmap/impl/record/EntrySetIteratorFactory.java","3","0","0","0","38","64","1"
"Android-Universal-Image-Loader","12778d31c9cc34c91527ec80ebf6f63479bcbfbe","UniversalImageLoader/src/com/nostra13/universalimageloader/core/DisplayBitmapTask.java","3","0","0","0","39","58","0"
"elasticsearch","e1efd5f6baf8dec1c23c79b346b8a29f234a98bb","core/src/main/java/org/elasticsearch/common/inject/SingleFieldInjector.java","3","0","0","0","40","67","0"
"hazelcast","361f4256f9318e6e0e4e4727342cc8e95d3c461c","hazelcast/src/main/java/com/hazelcast/map/impl/MapRemoteService.java","3","0","0","0","40","73","2"
"netty","31b319a5dc531d8c02c400d312ab9e85e90e614b","src/main/java/org/jboss/netty/channel/local/DefaultLocalServerChannel.java","3","0","0","0","40","73","1"
"netty","56462ef91a6481c2926dbebadebc114c08a81a8b","src/main/java/org/jboss/netty/channel/local/DefaultLocalServerChannel.java","3","0","0","0","40","73","1"
"hazelcast","3c5f442e9cf8a73a13ea74b8a994f507ae2d2add","hazelcast/src/main/java/com/hazelcast/map/impl/MapRemoteService.java","3","0","0","0","40","73","0"
"hazelcast","f5e7c554bb9da9143454ed807378dd2067ad2152","hazelcast/src/main/java/com/hazelcast/map/impl/MapRemoteService.java","3","0","0","0","40","73","0"
"elasticsearch","1f04182b8164ffb19f3805c48d67f0375262b317","core/src/main/java/org/elasticsearch/common/inject/SingleFieldInjector.java","3","0","0","0","41","70","0"
"hazelcast","56cacd0e17025a819dabd3e61bff248f41a5fb04","hazelcast/src/main/java/com/hazelcast/map/impl/MapRemoteService.java","3","0","0","0","42","75","1"
"netty","31b319a5dc531d8c02c400d312ab9e85e90e614b","src/main/java/org/jboss/netty/channel/socket/oio/OioAcceptedSocketChannel.java","3","0","0","0","43","78","1"
"netty","6d80c641e92588a5317c0b9a9631918a521d52bc","resolver-dns/src/main/java/io/netty/resolver/dns/SequentialDnsServerAddressStream.java","3","0","0","0","44","72","0"
"elasticsearch","a1c766c75cec4aedde226f6f9d0e0b60e6f40592","core/src/main/java/org/elasticsearch/search/aggregations/bucket/nested/NestedAggregatorFactory.java","3","0","0","0","44","74","1"
"hazelcast","6aa478bb5620a41415f1e93043cca925c0c56043","hazelcast/src/main/java/com/hazelcast/config/XmlElements.java","3","0","0","0","45","68","0"
"elasticsearch","30d7b8de2fa043bdca3ca55026aa74f06d404a76","src/main/java/org/elasticsearch/index/fielddata/fieldcomparator/LongValuesComparatorBase.java","3","0","0","0","45","75","0"
"hazelcast","2b274e6521ea45ba3f56fc50cbbe51d807794e3c","hazelcast/src/main/java/com/hazelcast/config/XmlElements.java","3","0","0","0","46","69","0"
"elasticsearch","1441fec0687d9af1b3eb17a6cc7286bab495d01f","src/main/java/org/elasticsearch/index/fielddata/fieldcomparator/LongValuesComparatorBase.java","3","0","0","0","47","77","2"
"neo4j","886dbb454deaae6adcb4ff26e76f6e225eedca55","enterprise/core-edge/src/main/java/org/neo4j/coreedge/raft/log/segmented/EntryBasedLogPruningStrategy.java","3","0","0","0","47","78","0"
"netty","220d95fe0d396821f08329fffd96edc1b47c37c1","src/main/java/org/jboss/netty/channel/local/DefaultLocalServerChannel.java","3","0","0","0","47","83","0"
"netty","fdfe3149ba3f68678fa7f73c574c7c61aa33fa2f","resolver-dns/src/main/java/io/netty/resolver/dns/DnsCacheEntry.java","3","0","0","0","48","77","0"
"hazelcast","ae9233fffeff545d037c55373eeeed5d4f7577a2","hazelcast/src/main/java/com/hazelcast/nio/serialization/ByteArraySerializerAdapter.java","3","0","0","0","49","80","0"
"neo4j","e5ea526b14ce752e94a5460b1c85bf4567d8f97d","community/dbms/src/main/java/org/neo4j/commandline/dbms/StoreLockChecker.java","3","0","0","0","49","87","1"
"elasticsearch","3764789d9641b37d78791b83b9293611261298ff","modules/lang-painless/src/main/java/org/elasticsearch/painless/node/LDefCall.java","3","0","0","0","49","95","1"
"elasticsearch","b49635539d929d6cb5ee56153e2f95872fe4bb16","modules/lang-painless/src/main/java/org/elasticsearch/painless/node/LDefCall.java","3","0","0","0","49","95","1"
"elasticsearch","ed74e53cf517330f10bdb943f05a55148e72a5de","modules/lang-painless/src/main/java/org/elasticsearch/painless/node/LDefCall.java","3","0","0","0","49","95","0"
"hazelcast","cdc9b78260740d11f4a477658abb7b680c47f851","hazelcast/src/main/java/com/hazelcast/partition/impl/ClearReplicaOperation.java","3","0","0","0","50","77","2"
"elasticsearch","c79371fd5b1313414dad6d7d7109f070466ca7eb","modules/transport-netty4/src/main/java/org/elasticsearch/http/netty4/Netty4HttpRequestHandler.java","3","0","0","0","50","79","1"
"netty","6d80c641e92588a5317c0b9a9631918a521d52bc","resolver-dns/src/main/java/io/netty/resolver/dns/ShuffledDnsServerAddressStream.java","3","0","0","0","50","85","0"
"elasticsearch","cc6c07365c89e1608b78a46af7744a67ff5277a1","src/main/java/org/elasticsearch/search/suggest/phrase/PhraseSuggester.java","3","0","0","0","50","87","0"
"elasticsearch","3f06d9f3b8516bb30a2890a36c2973f08f9c6076","modules/lang-painless/src/main/java/org/elasticsearch/painless/node/LDefCall.java","3","0","0","0","50","94","0"
"hazelcast","8a0ac7ed3fb417ee2b530233386b1321924c52e2","hazelcast-client/src/test/java/com/hazelcast/client/cache/ClientCachingProviderTest.java","3","0","0","0","51","67","0"
"elasticsearch","446037ccb815b4e193e91109b8e8715b6080d056","modules/transport-netty4/src/main/java/org/elasticsearch/http/netty4/Netty4HttpRequestHandler.java","3","0","0","0","52","81","0"
"elasticsearch","82613198fe3b899eb39971469a63862ac2997def","modules/transport-netty4/src/main/java/org/elasticsearch/http/netty4/Netty4HttpRequestHandler.java","3","0","0","0","52","82","1"
"netty","220d95fe0d396821f08329fffd96edc1b47c37c1","src/main/java/org/jboss/netty/channel/socket/oio/OioAcceptedSocketChannel.java","3","0","0","0","52","88","0"
"elasticsearch","25fd9e26c4fb042d6f6dea14efcd239577bdbbc4","core/src/main/java/org/elasticsearch/action/search/SearchQueryAndFetchAsyncAction.java","3","0","0","0","53","81","1"
"hazelcast","88e00fc5922e66d115f3befff0b7fa568a0321db","hazelcast/src/main/java/com/hazelcast/map/impl/MapManagedService.java","3","0","0","0","54","86","1"
"hazelcast","e132a6c1f7eab35ac027f5a627603bdd1fd52c13","hazelcast/src/main/java/com/hazelcast/config/XmlElements.java","3","0","0","0","55","77","1"
"elasticsearch","b49635539d929d6cb5ee56153e2f95872fe4bb16","modules/lang-painless/src/main/java/org/elasticsearch/painless/Compiler.java","3","0","0","0","56","146","1"
"elasticsearch","cde83e363aac2195c2dc0f81bbe348bcfe8b4152","modules/lang-painless/src/main/java/org/elasticsearch/painless/Compiler.java","3","0","0","0","56","146","1"
"elasticsearch","1424f09c02927d9caada7f6ea45285b411d88d12","modules/lang-painless/src/main/java/org/elasticsearch/painless/Compiler.java","3","0","0","0","56","146","0"
"hazelcast","eb0c9725251e64caa335c3f5b4d43cd4ad5dce0a","hazelcast/src/main/java/com/hazelcast/config/XmlElements.java","3","0","0","0","56","78","0"
"hazelcast","99f2dd5d8710f0276d0b105ba5c0f19674b6ccdf","hazelcast-client/src/main/java/com/hazelcast/client/txn/proxy/ClientTxnProxy.java","3","0","0","0","56","85","1"
"hazelcast","ed777f64e4d046bb45ae4ee062b463e33526e3ad","hazelcast-client/src/main/java/com/hazelcast/client/txn/proxy/ClientTxnProxy.java","3","0","0","0","56","85","1"
"hazelcast","b4f94a00cf1628aa0437ded2c556bae9608f74c6","hazelcast-client/src/main/java/com/hazelcast/client/txn/proxy/ClientTxnProxy.java","3","0","0","0","56","85","0"
"elasticsearch","9738ef3a90bec148abbe55dec6f6183190fa4713","core/src/main/java/org/elasticsearch/action/search/SearchQueryAndFetchAsyncAction.java","3","0","0","0","57","85","1"
"elasticsearch","5828796848674b656807406947f050626035845a","core/src/test/java/org/elasticsearch/test/engine/AssertingSearcher.java","3","0","0","0","57","92","0"
"elasticsearch","2bd09c4625898d77aa6c015c6f82cf973ed18cb7","core/src/main/java/org/elasticsearch/action/search/SearchQueryAndFetchAsyncAction.java","3","0","0","0","58","86","1"
"hazelcast","bb3ea0e107980d769862cdbda748cc91529d67b5","hazelcast-client/src/main/java/com/hazelcast/client/txn/proxy/ClientTxnProxy.java","3","0","0","0","58","87","0"
"neo4j","7723d89e6d1d951e8923fb102da0228db2e4e8f9","community/kernel/src/main/java/org/neo4j/unsafe/batchinsert/internal/BatchRelationshipIterable.java","3","0","0","0","58","89","2"
"oryx","69df35c2f300fbb8052b8ec5250e98abec351093","framework/oryx-lambda/src/main/java/com/cloudera/oryx/lambda/batch/SaveToHDFSFunction.java","3","0","0","0","60","87","0"
"elasticsearch","e78694ae82e1c1fb538a18c410f325f5a260cd9b","src/main/java/org/elasticsearch/action/admin/indices/optimize/ShardOptimizeRequest.java","3","0","0","0","60","97","0"
"hazelcast","cb1c7d376de36ac63c7e4a720bd1af59cb2d9ace","hazelcast-client/src/test/java/com/hazelcast/client/mapreduce/aggregation/BaseAggregationTest.java","3","0","0","0","61","94","0"
"hazelcast","78ae1a75208f6777bfb81fd68b2d62b446f83759","hazelcast-hibernate/hazelcast-hibernate4/src/main/java/com/hazelcast/hibernate/serialization/Value.java","3","0","0","0","61","97","0"
"elasticsearch","fdf1998f390bf1bb7741c133da7ea35e201f9aed","src/main/java/org/elasticsearch/action/admin/indices/optimize/ShardOptimizeRequest.java","3","0","0","0","61","98","0"
"hazelcast","7e9aaf983ea251e7252a8ed8cd1ea0b00cad40cf","hazelcast-hibernate/hazelcast-hibernate4/src/main/java/com/hazelcast/hibernate/serialization/Value.java","3","0","0","0","62","99","1"
"hazelcast","14a2a1fd1423d7012ae411f79719af1a59c3fa33","hazelcast-client/src/test/java/com/hazelcast/client/mapreduce/aggregation/BaseAggregationTest.java","3","0","0","0","63","96","1"
"hazelcast","864fa20c841a4eb0bcf07d695a06846922ee686f","hazelcast-client/src/test/java/com/hazelcast/client/mapreduce/aggregation/BaseAggregationTest.java","3","0","0","0","63","96","1"
"hazelcast","5ec4f40614d7e8a0cb526bc2ae604d4d5958ffa6","hazelcast-client/src/test/java/com/hazelcast/client/mapreduce/aggregation/BaseAggregationTest.java","3","0","0","0","63","96","0"
"hazelcast","67879e626055a191c7dbbda97c18ba044f556118","hazelcast-client/src/test/java/com/hazelcast/client/mapreduce/aggregation/BaseAggregationTest.java","3","0","0","0","64","97","0"
"hazelcast","36031ce1edc362ea669e6841cdfaab08f0113d52","hazelcast/src/main/java/com/hazelcast/executor/BaseCallableTaskOperation.java","3","0","0","0","64","99","0"
"neo4j","6b75a9235ea38e0c47caacd25cc919023c0c958b","community/lucene-index/src/main/java/org/neo4j/kernel/api/impl/labelscan/LuceneLabelScanIndex.java","3","0","0","0","65","110","0"
"elasticsearch","2e445d3ede953c90e4e1ce69e5f53192115b9dd7","core/src/test/java/org/elasticsearch/test/engine/AssertingSearcher.java","3","0","0","0","66","103","1"
"neo4j","803ec9deafb5ac3785faf698f126a32254d693be","community/server/src/main/java/org/neo4j/server/rest/transactional/TransitionalTxManagementKernelTransaction.java","3","0","0","0","66","95","1"
"elasticsearch","2ed1f7a3390420835f9b270d20c5d512ba197827","core/src/main/java/org/elasticsearch/action/search/DfsQueryPhase.java","3","0","0","0","67","105","1"
"elasticsearch","149629fec657e9948488195087f30583cd561f11","core/src/main/java/org/elasticsearch/action/search/DfsQueryPhase.java","3","0","0","0","68","106","0"
"neo4j","069d4fa96fad00d182daeb9570e124ae87f68f5f","enterprise/security/src/main/java/org/neo4j/server/security/enterprise/auth/plugin/PluginAuthenticationInfo.java","3","0","0","0","68","97","0"
"ceylon-ide-eclipse","65c4e729050764a2a48fa921d809ad9324757eb0","plugins/com.redhat.ceylon.eclipse.ui/src/com/redhat/ceylon/eclipse/code/correct/AssignToIfIsProposal.java","3","0","0","0","72","89","1"
"ceylon-ide-eclipse","765624413a8fc99091a14d8ff74f1ff5e3184e7b","plugins/com.redhat.ceylon.eclipse.ui/src/com/redhat/ceylon/eclipse/code/correct/AssignToIfIsProposal.java","3","0","0","0","73","90","0"
"orientdb","67a525ee2667907cb7ad9b16a4421e07dc8600b2","jdbc/src/main/java/com/orientechnologies/orient/jdbc/OrientJdbcParameterMetadata.java","3","0","0","0","77","118","2"
"hazelcast","867fc10b52c7da919de28f51c13599e0fc2a5f60","hazelcast/src/test/java/com/hazelcast/nio/tcp/DroppingConnection.java","3","0","0","0","79","116","1"
"hazelcast","90bf718e38c5432589010f2319e34acbc39d712c","hazelcast-client/src/main/java/com/hazelcast/client/config/ClientProperty.java","3","0","0","0","80","164","2"
"orientdb","59ff9e59e206fdb92afde6cab8713e98a723877a","jdbc/src/main/java/com/orientechnologies/orient/jdbc/OrientJdbcParameterMetadata.java","3","0","0","0","81","122","0"
"hazelcast","937106d611fe527814572ae6ae783010aa8d1b79","hazelcast-client/src/main/java/com/hazelcast/client/config/ClientProperty.java","3","0","0","0","81","169","0"
"ceylon-ide-eclipse","8d96f3359bce7d498c152a0c145b5b2fee602da9","plugins/com.redhat.ceylon.eclipse.ui/src/com/redhat/ceylon/eclipse/code/correct/MoveDirProposal.java","3","0","0","0","82","101","1"
"neo4j","3599e18da72ec8de97cdc2b250bb7b4cbb86674b","community/server/src/main/java/org/neo4j/server/rest/transactional/TransitionalTxManagementKernelTransaction.java","3","0","0","0","83","114","0"
"ceylon-ide-eclipse","b650ae20d2c444746d3876e76a5262a14c38ce68","plugins/com.redhat.ceylon.eclipse.ui/src/com/redhat/ceylon/eclipse/code/correct/MoveDirProposal.java","3","0","0","0","84","103","0"
"hazelcast","389c25b47e3424ed9556cca74928774f21c029c4","hazelcast/src/main/java/com/hazelcast/executor/impl/BaseCallableTaskOperation.java","3","0","0","0","84","122","0"
"elasticsearch","4ff1b429f1351c17ae5f3a4338a7ac33db49ef70","modules/elasticsearch/src/main/java/org/elasticsearch/index/shard/recovery/RecoveryFileChunkRequest.java","3","0","0","0","84","124","0"
"hazelcast","6acaad40b6d5a8b2de05832a5fba24c4d9833055","hazelcast/src/main/java/com/hazelcast/executor/impl/operations/BaseCallableTaskOperation.java","3","0","0","0","86","124","0"
"hazelcast","f256296d39020e8a85f8b0e2a76b646501e84e7b","hazelcast/src/main/java/com/hazelcast/executor/impl/operations/BaseCallableTaskOperation.java","3","0","0","0","88","134","0"
"hazelcast","733a21722fc9a7b4cd5109fbcf9019bcc1377584","hazelcast/src/main/java/com/hazelcast/map/impl/recordstore/StorageImpl.java","3","0","0","0","91","148","0"
"hazelcast","14520904ee7fad852e9c147f7ec2ed6d515f6321","hazelcast/src/main/java/com/hazelcast/map/impl/recordstore/StorageImpl.java","3","0","0","0","92","149","1"
"elasticsearch","a44655763e150522d58cbd8113fb1b30a475b8c7","core/src/main/java/org/elasticsearch/index/shard/LocalShardSnapshot.java","3","0","0","0","94","135","0"
"elasticsearch","e74d02138f02a66331b2611b5e70a908bb49cb97","core/src/main/java/org/elasticsearch/index/shard/LocalShardSnapshot.java","3","0","0","0","94","137","0"
"neo4j","0fca85a565c0b05bace415fbf60476b66ee06f02","community/shell/src/main/java/org/neo4j/shell/impl/RemotelyAvailableServer.java","3","0","0","0","95","137","0"
"hazelcast","618948653075dce6c3fc23e0a9b67f2da2dda73f","hazelcast/src/main/java/com/hazelcast/concurrent/lock/ConditionImpl.java","3","0","0","0","96","131","2"
"hazelcast","3ee4647695cf740a6f01e39a9831c212eb363199","hazelcast/src/main/java/com/hazelcast/concurrent/lock/operations/BaseLockOperation.java","3","0","0","0","96","132","1"
"hazelcast","5186e0869fd957fd048d838064815d9922b133ec","hazelcast/src/main/java/com/hazelcast/concurrent/lock/operations/BaseLockOperation.java","3","0","0","0","96","132","2"
"hazelcast","217c507d7725e99aad3a544ca43bd57110eb4f17","hazelcast/src/main/java/com/hazelcast/concurrent/lock/operations/BaseLockOperation.java","3","0","0","0","96","132","0"
"elasticsearch","d96388205303fdb93607ea845501379c1dad2b0d","core/src/main/java/org/elasticsearch/index/shard/LocalShardSnapshot.java","3","0","0","0","96","138","1"
"elasticsearch","046abdc281c321cd2128ee7684c0edfcaca07203","core/src/main/java/org/elasticsearch/index/shard/LocalShardSnapshot.java","3","0","0","0","96","139","3"
"elasticsearch","22e63b478306fb3cab6ba8967db6e1f2b73cdfd8","core/src/main/java/org/elasticsearch/index/shard/LocalShardSnapshot.java","3","0","0","0","96","139","2"
"elasticsearch","371c73e14023917f3892090d2d3d7ff9ac1216b9","core/src/main/java/org/elasticsearch/index/shard/LocalShardSnapshot.java","3","0","0","0","96","139","3"
"elasticsearch","78574d248cf10dad1c5a566fda79e1e0c94afe43","core/src/main/java/org/elasticsearch/index/shard/LocalShardSnapshot.java","3","0","0","0","96","139","2"
"elasticsearch","d2f25416e4a14812d0961ddce0da73bee0b68b27","core/src/main/java/org/elasticsearch/index/shard/LocalShardSnapshot.java","3","0","0","0","96","139","1"
"elasticsearch","e6aaaf11ed4a1b8f595f920de1840938eddb7a97","core/src/main/java/org/elasticsearch/index/shard/LocalShardSnapshot.java","3","0","0","0","96","139","2"
"elasticsearch","a60b8948ba1d836a6eac7cff095519e618939ed8","core/src/main/java/org/elasticsearch/index/shard/LocalShardSnapshot.java","3","0","0","0","96","139","0"
"hazelcast","70d4de16ff0ac4518d09aad8c9f2ad9e782fb337","hazelcast/src/main/java/com/hazelcast/executor/impl/operations/BaseCallableTaskOperation.java","3","0","0","0","96","146","1"
"hazelcast","937106d611fe527814572ae6ae783010aa8d1b79","hazelcast-client/src/main/java/com/hazelcast/client/spi/impl/listener/ClientListenerServiceImpl.java","3","0","0","1","100","141","0"
"elasticsearch","557fc8b43720d222fdee9219ad71f9b08ca7b90e","core/src/test/java/org/elasticsearch/search/aggregations/pipeline/bucketmetrics/PercentilesBucketTests.java","3","0","0","1","17","42","1"
"elasticsearch","90c2b3a384c036e7f9345b2586e69fda056387fd","core/src/test/java/org/elasticsearch/index/mapper/core/DateFieldTypeTests.java","3","0","0","1","29","54","2"
"mcMMO","93548317293e2c6c5195544b99d4ce7d900abea1","src/main/java/com/gmail/nossr50/skills/acrobatics/AcrobaticsEventHandler.java","3","0","0","1","32","65","0"
"mcMMO","8dfa8c20f32e391c3d299abc51514a6601ed6e80","src/main/java/com/gmail/nossr50/skills/taming/BeastLoreEventHandler.java","3","0","0","1","33","49","4"
"orientdb","375c51054059489374d739f25fc830f6025c5326","distributed/src/test/java/com/orientechnologies/orient/server/distributed/asynch/TestReplicationVersionIncrementedByOne.java","3","0","0","1","34","42","0"
"elasticsearch","59e4e586838b9267ccb733ac7fa44db97319cfe3","src/main/java/org/elasticsearch/search/highlight/HighlightUtils.java","3","0","0","1","40","69","1"
"mcMMO","8dfa8c20f32e391c3d299abc51514a6601ed6e80","src/main/java/com/gmail/nossr50/skills/acrobatics/DodgeEventHandler.java","3","0","0","1","41","54","4"
"netty","e55a1f11b54333697d0bf72047695bcb914c2333","testsuite/src/test/java/io/netty/testsuite/transport/socket/AbstractServerSocketTest.java","3","0","0","1","41","67","0"
"elasticsearch","4423e1b78fa7b08129ff05a10141b6b934c6e15e","core/src/test/java/org/elasticsearch/script/StoredScriptSourceTests.java","3","0","0","1","41","69","0"
"elasticsearch","4575d79522e4dd64de4571f00bb7826e714a0958","core/src/test/java/org/elasticsearch/index/query/MockRepeatAnalyzer.java","3","0","0","1","41","69","0"
"elasticsearch","d4a6ba8ec9c0eaf092d4e93fc27d7528b8687b27","core/src/test/java/org/elasticsearch/script/StoredScriptSourceTests.java","3","0","0","1","41","69","0"
"elasticsearch","b4e6b6308833d49c0c46157e3f63bc3fc9635e0e","core/src/test/java/org/elasticsearch/index/query/MockRepeatAnalyzer.java","3","0","0","1","41","69","1"
"hazelcast","7ff7078a956747abfb4d9470e78bb85bb1d181fa","hazelcast-client/src/main/java/com/hazelcast/client/spi/impl/listener/ClientListenerServiceImpl.java","3","0","0","1","75","108","1"
"neo4j","a93c570faa774c1a40b635b6a3e6d8ccb61a99e8","enterprise/kernel/src/test/java/org/neo4j/test/TestEnterpriseGraphDatabaseFactory.java","3","0","0","1","78","105","1"
"neo4j","868b4d731485023d2f7477e1133dcd5b263c851d","enterprise/kernel/src/test/java/org/neo4j/test/TestEnterpriseGraphDatabaseFactory.java","3","0","0","1","80","107","0"
"hazelcast","90bf718e38c5432589010f2319e34acbc39d712c","hazelcast-client/src/main/java/com/hazelcast/client/spi/impl/listener/ClientListenerServiceImpl.java","3","0","0","1","89","129","3"
"hazelcast","e69880e26ce2126464e63e83b4acb8a4da1fb844","hazelcast-client/src/main/java/com/hazelcast/client/spi/impl/listener/ClientListenerServiceImpl.java","3","0","0","1","89","129","1"
"hazelcast","7656a31525a04c7cddd282262376092e48384854","hazelcast-client/src/main/java/com/hazelcast/client/spi/impl/listener/ClientListenerServiceImpl.java","3","0","0","1","89","129","0"
"BroadleafCommerce","01d47431828fa3e79dc5494ebca6d57494c68002","core/broadleaf-framework/src/main/java/org/broadleafcommerce/core/search/domain/SearchFacetRangeImpl.java","3","0","0","10","105","142","0"
"hazelcast","727cb1848c02481eee19e6d2693a7242b7c563c3","hazelcast/src/test/java/com/hazelcast/cluster/ConfigCheckTest.java","3","0","0","10","107","145","0"
"BroadleafCommerce","b59692373bd2e17a0ce87ea0127e54b35e0d24d8","core/broadleaf-framework/src/main/java/org/broadleafcommerce/core/search/domain/SearchFacetRangeImpl.java","3","0","0","10","112","151","0"
"elasticsearch","2ca7072b2447d374eb9c58cf81477c2aa01c351c","distribution/tools/plugin-cli/src/test/java/org/elasticsearch/plugins/RemovePluginCommandTests.java","3","0","0","10","128","168","0"
"neo4j","e54ec510544e63dbbb3901755f8d9aa4944192fa","community/lucene-index/src/test/java/org/neo4j/kernel/api/impl/index/LuceneIndexAccessorReaderTest.java","3","0","0","10","133","206","1"
"neo4j","2d56d9104cc300bd4ffd7b025701b56f9233fc0c","community/lucene-index/src/test/java/org/neo4j/kernel/api/impl/index/LuceneIndexAccessorReaderTest.java","3","0","0","10","135","208","0"
"elasticsearch","28fd684eef75592346e72c92177e7dd86af82608","core/src/test/java/org/elasticsearch/ingest/PipelineFactoryTests.java","3","0","0","10","143","181","0"
"elasticsearch","96f1739c0dafc067a289574296642219faca4673","core/src/test/java/org/elasticsearch/index/mapper/MapperServiceTests.java","3","0","0","10","147","219","1"
"neo4j","9c79c33600e5511ac1320496d1bdd614808a973c","enterprise/core-edge/src/test/java/org/neo4j/coreedge/raft/log/RaftLogDurabilityTest.java","3","0","0","10","155","243","1"
"neo4j","886dbb454deaae6adcb4ff26e76f6e225eedca55","enterprise/core-edge/src/test/java/org/neo4j/coreedge/raft/log/RaftLogDurabilityTest.java","3","0","0","10","156","246","0"
"elasticsearch","78ceb9301b8457e7d53c15359114b738c3bbc55b","modules/lang-painless/src/test/java/org/elasticsearch/painless/StringTests.java","3","0","0","10","165","229","0"
"elasticsearch","0ad231546d70cd45ac5d7a32311c1cebb9b42293","core/src/test/java/org/elasticsearch/index/mapper/ObjectMapperTests.java","3","0","0","10","175","227","1"
"elasticsearch","450f47d5b59f19f4d2056042db69732ac5c21bbf","core/src/test/java/org/elasticsearch/index/mapper/ObjectMapperTests.java","3","0","0","10","175","227","1"
"elasticsearch","2a00c9dc46fe7ac5da04ea3e735985d3f02bc7bf","core/src/test/java/org/elasticsearch/index/mapper/ObjectMapperTests.java","3","0","0","10","175","227","0"
"neo4j","21dc057a8a68245281a22d7bdb8da5ae2103f057","enterprise/core-edge/src/test/java/org/neo4j/coreedge/raft/log/segmented/SegmentsTest.java","3","0","0","10","177","285","0"
"neo4j","886dbb454deaae6adcb4ff26e76f6e225eedca55","enterprise/core-edge/src/test/java/org/neo4j/coreedge/raft/log/segmented/SegmentsTest.java","3","0","0","10","177","285","0"
"neo4j","9a371bafe80ceb4e6cdc8502fbd22f9f8ec3d59d","enterprise/core-edge/src/test/java/org/neo4j/coreedge/raft/log/segmented/SegmentsTest.java","3","0","0","10","177","285","1"
"elasticsearch","0a69f1e283e26e5d9e6a000b68b9f4778de557a1","core/src/test/java/org/elasticsearch/index/similarity/SimilarityTests.java","3","0","0","10","184","231","2"
"orientdb","8baec26b49efeffdba1d1c5d07b841612e6253c2","server/src/test/java/com/orientechnologies/orient/server/token/OrientTokenHandlerTest.java","3","0","0","10","186","231","0"
"elasticsearch","5a64f08f048461a63a0ca1354a5050c954e63d52","core/src/test/java/org/elasticsearch/index/similarity/SimilarityTests.java","3","0","0","10","191","240","0"
"hazelcast","b36e3bc376116202da64ecf6960b0ce7139ec8bf","hazelcast/src/test/java/com/hazelcast/spi/impl/operationexecutor/slowoperationdetector/SlowOperationDetectorBasicTest.java","3","0","0","10","212","294","0"
"neo4j","a93c570faa774c1a40b635b6a3e6d8ccb61a99e8","community/consistency-check/src/test/java/org/neo4j/consistency/ConsistencyCheckToolTest.java","3","0","0","10","235","320","1"
"elasticsearch","8d602c6692ebedf12294025e3dc6cfba243798d9","modules/transport-netty4/src/test/java/org/elasticsearch/http/netty4/Netty4HttpChannelTests.java","3","0","0","10","384","492","0"
"elasticsearch","d3cd58eb2f3fdfbeec81f657ca47b2994069c94a","modules/percolator/src/test/java/org/elasticsearch/percolator/PercolatorQuerySearchIT.java","3","0","0","10","397","471","0"
"hazelcast","487f21c149d0e899a5fe0cd2b5bae9c8f7ce468a","hazelcast/src/main/java/com/hazelcast/map/impl/MapEntrySet.java","3","0","0","10","53","84","2"
"hazelcast","08aa22d4cbd64e4769b7c539b8275096fd74888c","hazelcast/src/main/java/com/hazelcast/transaction/impl/BeginTxBackupOperation.java","3","0","0","10","58","90","0"
"hazelcast","bb3ea0e107980d769862cdbda748cc91529d67b5","hazelcast/src/main/java/com/hazelcast/transaction/impl/BeginTxBackupOperation.java","3","0","0","10","58","90","0"
"hazelcast","ad4ddf2df9984cf0d223775b80b2b1d985c5695a","hazelcast/src/main/java/com/hazelcast/transaction/impl/BeginTxBackupOperation.java","3","0","0","10","58","90","1"
"elasticsearch","78574d248cf10dad1c5a566fda79e1e0c94afe43","core/src/main/java/org/elasticsearch/action/admin/cluster/storedscripts/GetStoredScriptRequest.java","3","0","0","10","59","94","1"
"elasticsearch","e6aaaf11ed4a1b8f595f920de1840938eddb7a97","core/src/main/java/org/elasticsearch/action/admin/cluster/storedscripts/GetStoredScriptRequest.java","3","0","0","10","59","94","1"
"elasticsearch","a60b8948ba1d836a6eac7cff095519e618939ed8","core/src/main/java/org/elasticsearch/action/admin/cluster/storedscripts/GetStoredScriptRequest.java","3","0","0","10","59","94","0"
"hazelcast","ed777f64e4d046bb45ae4ee062b463e33526e3ad","hazelcast/src/main/java/com/hazelcast/transaction/impl/BeginTxBackupOperation.java","3","0","0","10","62","94","1"
"elasticsearch","f2acf466aae3c6931ca00dbdc154fe26f6bdd2da","modules/lang-mustache/src/main/java/org/elasticsearch/script/mustache/SearchTemplateResponse.java","3","0","0","10","62","99","0"
"elasticsearch","594f00c5828c8ea9875ae672afe3da41af27509c","modules/lang-mustache/src/main/java/org/elasticsearch/script/mustache/SearchTemplateResponse.java","3","0","0","10","63","101","0"
"neo4j","8c6ea9c74583500328fd0a9ad3469cc3a41b563f","community/kernel/src/test/java/org/neo4j/kernel/impl/transaction/state/TrackingRecordProxy.java","3","0","0","10","67","98","1"
"elasticsearch","099b1a70d5c34da2201290f66899cd968cdb849f","src/test/java/org/elasticsearch/cluster/routing/allocation/decider/DiskThresholdDeciderTests.java","3","0","0","10","684","928","0"
"elasticsearch","83ba677e7f565348e69fd91f7b625f2990a7656c","core/src/test/java/org/elasticsearch/plugins/PluginsServiceTests.java","3","0","0","10","74","103","1"
"elasticsearch","4fd1276542a641cd59309bc7ea3f928321243afe","core/src/main/java/org/elasticsearch/transport/TcpTransportChannel.java","3","0","0","10","74","110","0"
"hazelcast","48ce080fe1f5db112b6c21e19da62612ccc43608","hazelcast/src/main/java/com/hazelcast/map/client/MapAddInterceptorRequest.java","3","0","0","10","75","107","0"
"hazelcast","57535284ee668e1e195cbd884184b6bb8d3641ff","hazelcast/src/main/java/com/hazelcast/map/client/MapAddInterceptorRequest.java","3","0","0","10","76","108","0"
"hazelcast","a4035afdfc67b757940a15578bc51b4e7b6b0b13","hazelcast-client-new/src/main/java/com/hazelcast/client/proxy/txn/ClientTxnMultiMapProxy.java","3","0","0","10","79","111","0"
"BroadleafCommerce","a3b56d046071ae04bde3a0799d053408cbcf621d","common/src/main/java/org/broadleafcommerce/common/i18n/dao/TranslationDaoImpl.java","3","0","0","10","92","129","0"
"orientdb","9695569a5ef48b6d32b1b820409da550fcd166b3","core/src/test/java/com/orientechnologies/orient/core/sql/OCommandExecutorSQLScriptTest.java","3","0","0","10","99","124","2"
"BroadleafCommerce","cab33510774183acc9351cd659e3281b7495f466","core/broadleaf-framework/src/main/java/org/broadleafcommerce/core/search/domain/CategorySearchFacetImpl.java","3","0","0","11","109","152","0"
"orientdb","127ce10262f1c3de42f0e3c50d17e886d67c85e3","core/src/test/java/com/orientechnologies/orient/core/sql/OCommandExecutorSQLScriptTest.java","3","0","0","11","110","139","2"
"elasticsearch","fe91c721519ffe706ee44e375adcad8d5a303e66","distribution/tools/plugin-cli/src/test/java/org/elasticsearch/plugins/RemovePluginCommandTests.java","3","0","0","11","132","173","0"
"hazelcast","5009d4a90be3c901942a0a89cf29a92c074231f1","hazelcast/src/test/java/com/hazelcast/collection/impl/txnset/TransactionalSetAbstractTest.java","3","0","0","11","140","171","0"
"elasticsearch","1ed2e18ded46a4743e43c1b70b18ca359422e3a1","core/src/test/java/org/elasticsearch/index/mapper/MapperServiceTests.java","3","0","0","11","168","246","0"
"elasticsearch","956502365464b6163c31e58952b8084bb25999a3","modules/lang-painless/src/test/java/org/elasticsearch/painless/StringTests.java","3","0","0","11","176","242","0"
"neo4j","9af30da086d5f06bb89d34a9f0c7da244d033cbf","community/bolt/src/test/java/org/neo4j/bolt/v1/transport/integration/AuthenticationIT.java","3","0","0","11","212","303","0"
"neo4j","a93c570faa774c1a40b635b6a3e6d8ccb61a99e8","community/lucene-index/src/test/java/org/neo4j/kernel/api/impl/index/LuceneIndexAccessorTest.java","3","0","0","11","216","291","1"
"neo4j","868b4d731485023d2f7477e1133dcd5b263c851d","community/lucene-index/src/test/java/org/neo4j/kernel/api/impl/index/LuceneIndexAccessorTest.java","3","0","0","11","217","292","0"
"elasticsearch","c97833596869141f747110d0046dd9de325a7f3c","core/src/test/java/org/elasticsearch/cluster/action/shard/ShardStateActionTests.java","3","0","0","11","291","401","1"
"elasticsearch","5a91ad11152fb54724083b696339b78829c8b905","core/src/test/java/org/elasticsearch/cluster/action/shard/ShardStateActionTests.java","3","0","0","11","292","402","0"
"hazelcast","ccbfb3fe4f981f5a73b2b381cfe404b417c74caa","hazelcast-spring/src/test/java/com/hazelcast/spring/TestClientApplicationContext.java","3","0","0","11","295","373","1"
"elasticsearch","9a0ce62550e82954cb8ce1bf1cca0c96eb377845","core/src/test/java/org/elasticsearch/search/geo/GeoShapeQueryTests.java","3","0","0","11","362","445","1"
"elasticsearch","cd5777593abf4709b658fd031d4538afc7756424","modules/transport-netty4/src/test/java/org/elasticsearch/http/netty4/Netty4HttpChannelTests.java","3","0","0","11","403","514","0"
"elasticsearch","6174e21f47244b6d5153d7d0cc1fe28fe863399d","modules/percolator/src/test/java/org/elasticsearch/percolator/PercolatorQuerySearchIT.java","3","0","0","11","483","568","1"
"hazelcast","159c4a53940c2170c905d13fc1fc784cf59279c9","hazelcast/src/main/java/com/hazelcast/map/operation/BaseRemoveOperation.java","3","0","0","11","50","81","1"
"hazelcast","78af4f23bcba7ec0288688e1bd9e49f207eac041","hazelcast/src/main/java/com/hazelcast/map/operation/BaseRemoveOperation.java","3","0","0","11","51","82","0"
"hazelcast","c905c2cdf057d307e47229669f9541fdb0c71873","hazelcast/src/main/java/com/hazelcast/map/impl/operation/BaseRemoveOperation.java","3","0","0","11","58","94","0"
"hazelcast","dd4e704e34aa84246e65037fca5bc0cca4797bdf","hazelcast/src/main/java/com/hazelcast/cluster/impl/BindMessage.java","3","0","0","11","60","91","0"
"hazelcast","525c34cddd7f4e08d674611e177bab103e4d1881","hazelcast/src/main/java/com/hazelcast/monitor/DistributedMemberInfoCallable.java","3","0","0","11","62","92","1"
"hazelcast","82fcc4c7c87097d1719bb56112aec0fafdb6bc0e","hazelcast/src/main/java/com/hazelcast/monitor/DistributedMemberInfoCallable.java","3","0","0","11","63","93","0"
"neo4j","aac20ad73b1ea3e5d85a1071229273904086dd7c","community/kernel/src/test/java/org/neo4j/kernel/impl/transaction/state/TrackingRecordProxy.java","3","0","0","11","72","104","0"
"hazelcast","7001ec8c5b1305c796de75c2e3f170c562db8c03","hazelcast/src/main/java/com/hazelcast/cache/impl/client/CacheSingleInvalidationMessage.java","3","0","0","11","72","106","0"
"neo4j","21dc057a8a68245281a22d7bdb8da5ae2103f057","enterprise/core-edge/src/main/java/org/neo4j/coreedge/raft/state/CoreSnapshot.java","3","0","0","11","73","109","0"
"elasticsearch","4a6f3c78408c316d9f6f212d2664adda13c54a44","core/src/test/java/org/elasticsearch/cluster/routing/allocation/decider/DiskThresholdDeciderTests.java","3","0","0","11","788","1054","0"
"elasticsearch","28109a18a2dc1f30207d09bdfb2148e8d7906337","core/src/test/java/org/elasticsearch/cluster/routing/allocation/decider/DiskThresholdDeciderTests.java","3","0","0","11","800","1066","1"
"elasticsearch","12b46bdbc43c238debd8b8093fe821b7e3bff273","core/src/test/java/org/elasticsearch/plugins/PluginsServiceTests.java","3","0","0","11","92","125","0"
"elasticsearch","8d35bca4dbdbcfe4b5d73495a76fb017d0f2b198","plugins/repository-azure/src/test/java/org/elasticsearch/cloud/azure/storage/AzureStorageServiceTest.java","3","0","0","12","117","159","0"
"orientdb","0190a833a8532918adf08aa2ffedd28a2ad1a193","core/src/test/java/com/orientechnologies/orient/core/sql/OCommandExecutorSQLScriptTest.java","3","0","0","12","120","152","1"
"neo4j","7e353eb373c1368391d8a6cbff32a76104a582d9","enterprise/security/src/test/java/org/neo4j/server/security/enterprise/auth/MultiRealmAuthManagerRule.java","3","0","0","12","120","160","0"
"elasticsearch","fe91c721519ffe706ee44e375adcad8d5a303e66","core/src/test/java/org/elasticsearch/plugins/PluginsServiceTests.java","3","0","0","12","121","155","0"
"neo4j","1b3aad3b619bd72c2c9f79bb7edf642c5dc56a6f","enterprise/security/src/test/java/org/neo4j/server/security/enterprise/auth/MultiRealmAuthManagerRule.java","3","0","0","12","122","162","1"
"hazelcast","951ffdc2e22a155ef94f1bfaaea080af2efc64d6","hazelcast-client/src/test/java/com/hazelcast/client/usercodedeployment/ClientUserCodeDeploymentConfigTest.java","3","0","0","12","145","165","1"
"hazelcast","be65e61f8071098b49b54acb2f09c3cb3246176b","hazelcast-spring/src/test/java/com/hazelcast/spring/context/TestManagedContext.java","3","0","0","12","145","189","0"
"elasticsearch","37287284e64a0e91ab400a16b187e719b55c8929","src/test/java/org/elasticsearch/common/joda/DateMathParserTests.java","3","0","0","12","148","217","1"
"elasticsearch","2eafe8310e1d8d245a657c41d4013af27b05c271","core/src/test/java/org/elasticsearch/index/mapper/MapperServiceTests.java","3","0","0","12","178","274","2"
"antlr4","fdc46c53e6d885307d0ff3f8ceea5474267d1f64","tool/test/org/antlr/v4/test/TestParserProfiler.java","3","0","0","12","185","254","1"
"hazelcast","cdb8b0e0e259c0992856d553f2aa04499043c84d","hazelcast/src/test/java/com/hazelcast/query/impl/IndexSplitBrainTest.java","3","0","0","12","198","244","0"
"hazelcast","1f042b8c4a4245594691bb6d85a66ceed9b43068","hazelcast/src/test/java/com/hazelcast/query/impl/IndexSplitBrainTest.java","3","0","0","12","199","245","1"
"hazelcast","21586825d367940e1c79cf289e97310daab1200d","hazelcast/src/test/java/com/hazelcast/query/impl/IndexSplitBrainTest.java","3","0","0","12","199","245","1"
"hazelcast","810540661cf0b9662e3e1bc9b5dabc53a3c052f1","hazelcast/src/test/java/com/hazelcast/query/impl/IndexSplitBrainTest.java","3","0","0","12","199","245","1"
"hazelcast","b9109d86df3008077ce26aac62f800f10056974a","hazelcast/src/test/java/com/hazelcast/query/impl/IndexSplitBrainTest.java","3","0","0","12","199","245","1"
"hazelcast","2921cff694583b8638dae2991f427e61d5440a9d","hazelcast/src/test/java/com/hazelcast/query/impl/IndexSplitBrainTest.java","3","0","0","12","199","245","0"
"hazelcast","772b5217030e0fb94bf07a00d9b5e7b275a82030","hazelcast/src/test/java/com/hazelcast/query/impl/IndexSplitBrainTest.java","3","0","0","12","199","245","0"
"hazelcast","8f0b3b3d791f2f02f4456b70eb07b442fa820e57","hazelcast/src/test/java/com/hazelcast/query/impl/IndexSplitBrainTest.java","3","0","0","12","199","245","0"
"hazelcast","39af1b08a7ad20506405dfc7dcba4f43ff8d724b","hazelcast/src/test/java/com/hazelcast/query/impl/IndexSplitBrainTest.java","3","0","0","12","202","249","1"
"hazelcast","2921cff694583b8638dae2991f427e61d5440a9d","hazelcast/src/test/java/com/hazelcast/query/impl/IndexIntegrationTest.java","3","0","0","12","242","328","0"
"hazelcast","1f042b8c4a4245594691bb6d85a66ceed9b43068","hazelcast/src/test/java/com/hazelcast/query/impl/IndexIntegrationTest.java","3","0","0","12","242","329","1"
"hazelcast","a23961641da88700aa81802d84a4388b155f8753","hazelcast-spring/src/test/java/com/hazelcast/spring/TestClientApplicationContext.java","3","0","0","12","306","386","0"
"neo4j","c17c5b6eab5ed66601aaa2a57ee5d9a4ddb3a09e","enterprise/kernel/src/test/java/org/neo4j/kernel/impl/api/integrationtest/PropertyConstraintValidationIT.java","3","0","0","12","311","428","0"
"elasticsearch","d3cd58eb2f3fdfbeec81f657ca47b2994069c94a","core/src/test/java/org/elasticsearch/search/geo/GeoShapeQueryTests.java","3","0","0","12","385","472","0"
"hazelcast","8eaee0479890deacacc792b80bf6b471149562b5","hazelcast/src/main/java/com/hazelcast/map/operation/EvictOperation.java","3","0","0","12","74","108","0"
"elasticsearch","38009efedd9f75cc78cbb925a5dc0d10efb8713b","core/src/main/java/org/elasticsearch/index/analysis/ShingleTokenFilterFactory.java","3","0","0","12","76","124","0"
"hazelcast","a512b121ff00348a8cb1945d639e54aa1f55fbd6","hazelcast/src/main/java/com/hazelcast/partition/impl/CheckReplicaVersion.java","3","0","0","12","89","125","0"
"hazelcast","b01ad95e9c86cf4a9fe4d322d7372fec3d4107f9","hazelcast/src/main/java/com/hazelcast/map/impl/operation/KeyBasedMapOperation.java","3","0","0","13","100","140","1"
"hazelcast","159c4a53940c2170c905d13fc1fc784cf59279c9","hazelcast/src/main/java/com/hazelcast/map/operation/KeyBasedMapOperation.java","3","0","0","13","102","142","1"
"hazelcast","99d7a4e25e2067139fbdeaff2ebcad03ed38ffdf","hazelcast/src/main/java/com/hazelcast/map/operation/KeyBasedMapOperation.java","3","0","0","13","102","143","1"
"hazelcast","f37c562ba960a9badc4dcae6fa0ee3e4e98d82a6","hazelcast/src/main/java/com/hazelcast/map/operation/KeyBasedMapOperation.java","3","0","0","13","104","145","0"
"hazelcast","a845db8f9e34f69bc5bbafb3c47f1141c768f97a","hazelcast/src/main/java/com/hazelcast/map/impl/operation/KeyBasedMapOperation.java","3","0","0","13","105","147","0"
"hazelcast","78af4f23bcba7ec0288688e1bd9e49f207eac041","hazelcast/src/main/java/com/hazelcast/map/operation/KeyBasedMapOperation.java","3","0","0","13","107","149","0"
"hazelcast","504866d549cfe898923a00f4e924cabaac916b5c","hazelcast-client/src/test/java/com/hazelcast/client/ringbuffer/RingbufferTest.java","3","0","0","13","115","144","2"
"hazelcast","6b1b23391f376ea1373ebae96c8f5e955531bcdd","hazelcast-client/src/test/java/com/hazelcast/client/ringbuffer/RingbufferTest.java","3","0","0","13","116","147","2"
"hazelcast","4bc70daa1a4ee13006874d617051076c198770df","hazelcast-client/src/test/java/com/hazelcast/client/usercodedeployment/ClientUserCodeDeploymentConfigTest.java","3","0","0","13","160","182","0"
"hazelcast","b1ab638144ded722fac5bb9182c374e7d4f421d7","hazelcast/src/test/java/com/hazelcast/aggregation/AggregatorsSpecTest.java","3","0","0","13","163","194","0"
"neo4j","4f021ca29bae1d5264461a88c40fae307328598f","community/kernel/src/test/java/org/neo4j/helpers/TestArgs.java","3","0","0","13","167","236","1"
"elasticsearch","3e32dd985aabfa5ee653b26bcb6ff97c74a426a2","src/test/java/org/elasticsearch/common/joda/DateMathParserTests.java","3","0","0","13","172","244","2"
"elasticsearch","5fd96d9371f68645ac6ec2ec17c0faeaa21610a8","src/test/java/org/elasticsearch/common/joda/DateMathParserTests.java","3","0","0","13","181","254","1"
"elasticsearch","d010cad503f470106e948a41cd0a06298394ef8a","core/src/test/java/org/elasticsearch/index/mapper/MapperServiceTests.java","3","0","0","13","187","291","0"
"antlr4","0c0fd67082d8f807c9bedabba4c99cdebf6d1de8","tool/test/org/antlr/v4/test/TestParserProfiler.java","3","0","0","13","209","281","0"
"antlr4","29c2712ae1eee9575324db48c2f72c7cb0d28308","tool/test/org/antlr/v4/test/tool/TestParserProfiler.java","3","0","0","13","210","282","0"
"neo4j","6b75a9235ea38e0c47caacd25cc919023c0c958b","community/lucene-index/src/test/java/org/neo4j/kernel/api/impl/schema/DatabaseIndexAccessorTest.java","3","0","0","13","234","349","0"
"neo4j","28783f201196c8e95862b4cdee9bf7f2f794c12c","community/bolt/src/test/java/org/neo4j/bolt/v1/transport/integration/TransportSessionIT.java","3","0","0","13","246","339","0"
"elasticsearch","3aed047bdedde1bda189cbfc2f81e65af42e57c5","modules/percolator/src/test/java/org/elasticsearch/percolator/PercolatorQuerySearchIT.java","3","0","0","13","522","609","0"
"netty","2fd42cfc6b32dacb812c6f2ecef8522cd94718d4","microbench/src/main/java/io/netty/microbench/http2/NoopHttp2RemoteFlowController.java","3","0","0","13","61","93","1"
"hazelcast","0e104a9f57ef6df4b44520699baf61a093a95a16","hazelcast/src/main/java/com/hazelcast/internal/nearcache/impl/invalidation/InvalidationQueue.java","3","0","0","13","65","97","0"
"hazelcast","dfb39dfaeaafc913d827d42aff17a56fe3f9c535","hazelcast/src/main/java/com/hazelcast/map/operation/EntryOperation.java","3","0","0","13","72","109","0"
"hazelcast","72f10e937c2941afb29b702c9a5cf815893d5602","hazelcast/src/main/java/com/hazelcast/concurrent/semaphore/operations/SemaphoreDeadMemberOperation.java","3","0","0","13","74","107","0"
"hazelcast","05b27a3d7f9adfb832f8fb0c7927fc71c14df2b4","hazelcast/src/main/java/com/hazelcast/client/impl/protocol/task/replicatedmap/AbstractReplicatedMapAddEntryListenerMessageTask.java","3","0","0","13","86","126","2"
"hazelcast","ae877df50978fcfb112d6d0cab2c78f80d1ee770","hazelcast/src/main/java/com/hazelcast/client/impl/protocol/task/replicatedmap/AbstractReplicatedMapAddEntryListenerMessageTask.java","3","0","0","13","86","126","1"
"hazelcast","d0fd18cd0e2fac83d47776ccc1f08639bfc9823f","hazelcast/src/main/java/com/hazelcast/client/impl/protocol/task/replicatedmap/AbstractReplicatedMapAddEntryListenerMessageTask.java","3","0","0","13","86","126","2"
"hazelcast","d472cbea8d404ea4e42a5cc0bb455dbec40e7985","hazelcast/src/main/java/com/hazelcast/client/impl/protocol/task/replicatedmap/AbstractReplicatedMapAddEntryListenerMessageTask.java","3","0","0","13","86","126","3"
"hazelcast","d65de8708631978b87d39db7c947a073e0963228","hazelcast/src/main/java/com/hazelcast/client/impl/protocol/task/replicatedmap/AbstractReplicatedMapAddEntryListenerMessageTask.java","3","0","0","13","86","126","2"
"hazelcast","264b730b6e10ae9df6f5d8727209ca007160236f","hazelcast/src/main/java/com/hazelcast/client/impl/protocol/task/replicatedmap/AbstractReplicatedMapAddEntryListenerMessageTask.java","3","0","0","13","86","126","0"
"hazelcast","317fabec0c90b274c686ba018cc1b465fee244f2","hazelcast/src/main/java/com/hazelcast/client/impl/protocol/task/replicatedmap/AbstractReplicatedMapAddEntryListenerMessageTask.java","3","0","0","13","86","126","0"
"hazelcast","6043c666bf0a0df3eaf438da835d9ad38acea4e9","hazelcast/src/main/java/com/hazelcast/map/impl/client/MapAddInterceptorRequest.java","3","0","0","13","89","123","1"
"hazelcast","b777381e2f8cfc3d8bcde3a87c5cc9993e31d4a2","hazelcast/src/main/java/com/hazelcast/client/impl/protocol/task/replicatedmap/AbstractReplicatedMapAddEntryListenerMessageTask.java","3","0","0","13","89","129","1"
"hazelcast","f7dcfaa1c2c8ea6e17860cfcf862f0f141bf3a74","hazelcast/src/main/java/com/hazelcast/client/impl/protocol/task/replicatedmap/AbstractReplicatedMapAddEntryListenerMessageTask.java","3","0","0","13","91","128","1"
"hazelcast","6474545aa5329fefb6b8aca3d96457f3fd89c46c","hazelcast/src/main/java/com/hazelcast/topic/impl/client/AddMessageListenerRequest.java","3","0","0","13","92","130","1"
"hazelcast","f2a552590f59888cfdba1c4cfc42c481e582e76f","hazelcast/src/main/java/com/hazelcast/topic/impl/client/AddMessageListenerRequest.java","3","0","0","13","92","130","1"
"hazelcast","a476ebc118a4c2591a6901e9d093456450e8c205","hazelcast/src/main/java/com/hazelcast/topic/impl/client/AddMessageListenerRequest.java","3","0","0","13","92","130","0"
"hazelcast","2ae993668ae0897d3d7e6c907baff63ddaffe900","hazelcast/src/main/java/com/hazelcast/map/client/MapGetRequest.java","3","0","0","13","95","131","2"
"hazelcast","d831651dd5814c8074c8b4727184701986f16039","hazelcast/src/main/java/com/hazelcast/map/impl/client/MapGetRequest.java","3","0","0","13","95","131","1"
"hazelcast","400f6b0b78511fdc24576d32fb4b7574369a8ae1","hazelcast/src/main/java/com/hazelcast/map/client/MapGetRequest.java","3","0","0","13","95","131","0"
"hazelcast","05b27a3d7f9adfb832f8fb0c7927fc71c14df2b4","hazelcast/src/main/java/com/hazelcast/topic/impl/client/AddMessageListenerRequest.java","3","0","0","13","95","133","2"
"hazelcast","ae877df50978fcfb112d6d0cab2c78f80d1ee770","hazelcast/src/main/java/com/hazelcast/topic/impl/client/AddMessageListenerRequest.java","3","0","0","13","95","133","1"
"hazelcast","d0fd18cd0e2fac83d47776ccc1f08639bfc9823f","hazelcast/src/main/java/com/hazelcast/topic/impl/client/AddMessageListenerRequest.java","3","0","0","13","95","133","2"
"hazelcast","d472cbea8d404ea4e42a5cc0bb455dbec40e7985","hazelcast/src/main/java/com/hazelcast/topic/impl/client/AddMessageListenerRequest.java","3","0","0","13","95","133","3"
"hazelcast","d65de8708631978b87d39db7c947a073e0963228","hazelcast/src/main/java/com/hazelcast/topic/impl/client/AddMessageListenerRequest.java","3","0","0","13","95","133","2"
"hazelcast","264b730b6e10ae9df6f5d8727209ca007160236f","hazelcast/src/main/java/com/hazelcast/topic/impl/client/AddMessageListenerRequest.java","3","0","0","13","95","133","0"
"hazelcast","d551ed762f2dd83eaeffcc7b7b4fc6dad591b31c","hazelcast/src/main/java/com/hazelcast/topic/impl/client/AddMessageListenerRequest.java","3","0","0","13","95","133","0"
"hazelcast","10773b4cd855bdfd84ea80d22b8ed3c977459444","hazelcast/src/main/java/com/hazelcast/map/impl/client/MapGetRequest.java","3","0","0","14","105","142","0"
"neo4j","1f22cd0deabcf1e618e4053524cdbfea4940c059","enterprise/security/src/test/java/org/neo4j/server/security/enterprise/auth/NeoShallowEmbeddedInteraction.java","3","0","0","14","111","150","0"
"neo4j","2e27f92cd55a1b84efcb0d4b6bc95b16450304a2","enterprise/security/src/test/java/org/neo4j/server/security/enterprise/auth/NeoShallowEmbeddedInteraction.java","3","0","0","14","111","151","1"
"hazelcast","06cffdc24c82d1dd0c8d59aa33f46ef5f6910782","hazelcast/src/main/java/com/hazelcast/map/impl/operation/KeyBasedMapOperation.java","3","0","0","14","112","155","1"
"hazelcast","8e16f818bc2f1f07a02ca59bd2dbafb84e476939","hazelcast/src/main/java/com/hazelcast/map/impl/operation/KeyBasedMapOperation.java","3","0","0","14","112","155","1"
"hazelcast","12e2af6c4b59fcb4dc5257758c8a911466677fd8","hazelcast/src/main/java/com/hazelcast/map/impl/operation/KeyBasedMapOperation.java","3","0","0","14","112","155","0"
"hazelcast","290160eb73377fc226cbc5858d1c2c3803b79d6d","hazelcast/src/main/java/com/hazelcast/map/impl/operation/KeyBasedMapOperation.java","3","0","0","14","115","157","2"
"neo4j","98fefdd1e7175c736c092a9a5e97620a1a869f41","community/kernel/src/main/java/org/neo4j/kernel/builtinprocs/BuiltInProcedures.java","3","0","0","14","144","189","1"
"elasticsearch","01e8eaf181148d1ae5239800b5d71bd38c0c2896","src/test/java/org/elasticsearch/common/joda/DateMathParserTests.java","3","0","0","14","186","259","0"
"neo4j","430414797892c2c12c043179bd536d9b78cefefd","community/bolt/src/test/java/org/neo4j/bolt/v1/transport/integration/TransportSessionIT.java","3","0","0","14","267","366","2"
"neo4j","36d749e9be2011ad5d7cdb4de6dbac55583e3dda","community/bolt/src/test/java/org/neo4j/bolt/v1/transport/integration/TransportSessionIT.java","3","0","0","14","283","381","1"
"BroadleafCommerce","8bafebee81bdbf1eecc3a9ddeaa995798fed0b74","admin/broadleaf-open-admin-platform/src/main/java/org/broadleafcommerce/openadmin/dto/FilterAndSortCriteria.java","3","0","0","14","55","93","0"
"orientdb","de410aa8d3455b55f3c39e49780136c0b6c5e64b","core/src/main/java/com/orientechnologies/orient/core/storage/impl/local/OSingleFileSegment.java","3","0","0","14","57","94","0"
"elasticsearch","51b33f1fd549b474e901e70a460440d73a1751ce","modules/percolator/src/test/java/org/elasticsearch/percolator/PercolatorQuerySearchIT.java","3","0","0","14","592","688","1"
"BroadleafCommerce","15e70fe6b89d008dd88b5e98dbfc66a720db68bb","core/broadleaf-framework/src/main/java/org/broadleafcommerce/core/offer/domain/OfferAuditImpl.java","3","0","0","15","122","171","0"
"hazelcast","295c02e1a3b92c1b58a2d2145d17f3ee4a1b2626","hazelcast/src/main/java/com/hazelcast/collection/impl/list/ListProxyImpl.java","3","0","0","15","123","166","2"
"hazelcast","2c9f047c50d17d673fc19ecabccf2239611417b6","hazelcast/src/test/java/com/hazelcast/spi/impl/operationservice/impl/CallIdSequenceWithBackpressureTest.java","3","0","0","15","173","234","0"
"neo4j","63f8a4751adf182a2e37643a3a7c5bdfe2daed3d","community/bolt/src/test/java/org/neo4j/bolt/v1/transport/integration/TransportSessionIT.java","3","0","0","15","284","387","1"
"neo4j","1f8c2d6a9466972520b49477c149e83779757d7a","community/bolt/src/test/java/org/neo4j/bolt/v1/transport/integration/AuthenticationIT.java","3","0","0","15","285","399","1"
"neo4j","ec498f343a1c65d43208bc7d490de0bce33fa1bb","community/bolt/src/test/java/org/neo4j/bolt/v1/transport/integration/TransportSessionIT.java","3","0","0","15","308","413","1"
"neo4j","94422f2c4c67ae144b064b20a290f7323a10a98c","community/bolt/src/test/java/org/neo4j/bolt/v1/transport/integration/TransportSessionIT.java","3","0","0","15","309","414","0"
"elasticsearch","0a2aa0a8c4578ddee5c1e92cb67b1ad302c110d3","plugins/repository-azure/src/main/java/org/elasticsearch/cloud/azure/blobstore/AzureBlobStore.java","3","0","0","15","97","138","0"
"hazelcast","237ded5a5370be91f04df1fc1208e3a4d8727ba1","hazelcast/src/test/java/com/hazelcast/internal/serialization/impl/AbstractSerializationServiceTest.java","3","0","0","16","185","231","0"
"neo4j","b1fd18fb6f2cfbcf3ed32d071fd02b8dafdbd71c","community/bolt/src/test/java/org/neo4j/bolt/v1/transport/integration/AuthenticationIT.java","3","0","0","16","313","438","0"
"neo4j","760f107b155cb776fdb628fa64575a9ed367720b","community/bolt/src/test/java/org/neo4j/bolt/v1/transport/integration/TransportSessionIT.java","3","0","0","16","328","437","0"
"elasticsearch","768e1c20120b921090a7e9bc439aa42c49999bbb","src/main/java/org/elasticsearch/index/translog/fs/FsTranslogFile.java","3","0","0","16","47","86","1"
"hazelcast","ed777f64e4d046bb45ae4ee062b463e33526e3ad","hazelcast/src/main/java/com/hazelcast/transaction/impl/RecoveredTransaction.java","3","0","0","16","79","115","1"
"netty","ab685de7a31d5c4745b9956f975b96c65cf4fc65","buffer/src/test/java/io/netty/buffer/ReadOnlyDirectByteBufferBufTest.java","3","0","0","17","139","188","0"
"orientdb","2d5bcdf2c8dadd899b39e7a9f4ef3de7bdfc1a09","tests/src/test/java/com/orientechnologies/orient/test/database/auto/CRUDDocumentValidationTest.java","3","0","0","17","183","229","1"
"orientdb","48db6e588a63277fd5021b2dd729d853bdc77bbe","tests/src/test/java/com/orientechnologies/orient/test/database/auto/CRUDDocumentValidationTest.java","3","0","0","17","185","231","0"
"neo4j","65a7ca99e28d12d274a84ca1008be13611ca44ab","community/kernel/src/test/java/org/neo4j/helpers/TestArgs.java","3","0","0","17","207","302","0"
"netty","f755e584638e20a4ae62466dd4b7a14954650348","codec-http/src/test/java/io/netty/handler/codec/http/cookie/ClientCookieDecoderTest.java","3","0","0","17","225","274","0"
"neo4j","36205d3138eff7e252a34c1a0224f84ad8747758","community/bolt/src/test/java/org/neo4j/bolt/v1/transport/integration/TransportSessionIT.java","3","0","0","17","345","461","0"
"neo4j","a28cc235c4450cd201655342dcfd1edb07e5520b","community/bolt/src/test/java/org/neo4j/bolt/v1/transport/integration/TransportSessionIT.java","3","0","0","17","348","464","1"
"elasticsearch","2c510f0689b34e71db91f14fba3f03463c379e24","src/main/java/org/elasticsearch/index/translog/fs/FsTranslogFile.java","3","0","0","17","48","88","0"
"hazelcast","8959aa0857797fe82461f8cabc292a4966d2e5fb","hazelcast/src/main/java/com/hazelcast/scheduledexecutor/impl/TaskDefinition.java","3","0","0","18","105","153","0"
"hazelcast","273fe67c209623113eb76929bcfb222386d5fbb1","hazelcast/src/main/java/com/hazelcast/scheduledexecutor/impl/ScheduledTaskStatisticsImpl.java","3","0","0","18","122","175","0"
"elasticsearch","9ad49faa8689581c6eaadd0813baf53abda7ff3d","modules/ingest-common/src/test/java/org/elasticsearch/ingest/common/GrokTests.java","3","0","0","18","256","311","1"
"neo4j","660d2553ac4e5d2024cee6c770149ae313abe0e1","community/bolt/src/test/java/org/neo4j/bolt/v1/transport/integration/AuthenticationIT.java","3","0","0","18","337","470","1"
"neo4j","7e353eb373c1368391d8a6cbff32a76104a582d9","community/bolt/src/test/java/org/neo4j/bolt/v1/transport/integration/AuthenticationIT.java","3","0","0","18","342","476","0"
"neo4j","083224bbfc9dfc2e59c049a9c5eedb758eb1c86e","community/bolt/src/test/java/org/neo4j/bolt/v1/transport/integration/TransportSessionIT.java","3","0","0","18","365","484","1"
"neo4j","87838b56dfcfb7b37ca03d26c9eedc8f1e0c38e5","community/bolt/src/test/java/org/neo4j/bolt/v1/transport/integration/TransportSessionIT.java","3","0","0","18","372","494","0"
"elasticsearch","b1cef5fdf8e1f8e9982a4724986b2731ca4d522b","core/src/main/java/org/elasticsearch/search/aggregations/support/ValuesSourceConfig.java","3","0","0","18","72","111","1"
"hazelcast","5363a25694db45ffa53f4625542fb7fadc8bc8ae","hazelcast/src/main/java/com/hazelcast/map/record/RecordInfo.java","3","0","0","18","97","135","0"
"BroadleafCommerce","711192d5e7efe6d787e38f9b7450cf8d77b2b944","core/broadleaf-framework/src/main/java/org/broadleafcommerce/core/offer/dao/OfferDaoImpl.java","3","0","0","19","143","194","0"
"elasticsearch","fe0c68ec8f39fe36c78ffc701dc93ec26551eb83","core/src/test/java/org/elasticsearch/cluster/node/DiscoveryNodeFiltersTests.java","3","0","0","19","213","280","0"
"neo4j","7723d89e6d1d951e8923fb102da0228db2e4e8f9","community/kernel/src/test/java/org/neo4j/kernel/impl/coreapi/TxStateTransactionDataViewTest.java","3","0","0","19","262","366","2"
"neo4j","acc5c404320c1dddd9d95d96e77df2345a080d70","community/kernel/src/test/java/org/neo4j/kernel/recovery/LatestCheckPointFinderTest.java","3","0","0","19","266","402","0"
"neo4j","4f04ee08438d4e1c99095d9d8a9f2ec223af89a9","community/kernel/src/test/java/org/neo4j/kernel/impl/coreapi/TxStateTransactionDataViewTest.java","3","0","0","19","269","373","1"
"neo4j","2e27f92cd55a1b84efcb0d4b6bc95b16450304a2","enterprise/security/src/test/java/org/neo4j/server/security/enterprise/auth/integration/bolt/LdapAuthenticationIT.java","3","0","0","19","295","467","1"
"neo4j","1f22cd0deabcf1e618e4053524cdbfea4940c059","enterprise/security/src/test/java/org/neo4j/server/security/enterprise/auth/integration/bolt/LdapAuthenticationIT.java","3","0","0","19","296","468","0"
"elasticsearch","e74d02138f02a66331b2611b5e70a908bb49cb97","modules/transport-netty4/src/test/java/org/elasticsearch/transport/netty4/Netty4ScheduledPingTests.java","3","0","0","2","108","149","0"
"elasticsearch","046abdc281c321cd2128ee7684c0edfcaca07203","modules/transport-netty4/src/test/java/org/elasticsearch/transport/netty4/Netty4ScheduledPingTests.java","3","0","0","2","109","150","2"
"hazelcast","d070f1256c8c7fa823e6463487462826384ee1df","hazelcast/src/test/java/com/hazelcast/internal/partition/impl/InternalMigrationListenerTest.java","3","0","0","2","110","143","0"
"hazelcast","7001ec8c5b1305c796de75c2e3f170c562db8c03","hazelcast/src/test/java/com/hazelcast/internal/partition/impl/InternalMigrationListenerTest.java","3","0","0","2","110","144","0"
"hazelcast","317fabec0c90b274c686ba018cc1b465fee244f2","hazelcast-client-new/src/test/java/com/hazelcast/client/impl/ClientTestUtil.java","3","0","0","2","13","18","0"
"hazelcast","66f79f6ef774b881ba5bed2c100688eb5ff25ff3","hazelcast-client/src/main/java/com/hazelcast/client/connection/nio/ClientInSelectorImpl.java","3","0","0","2","14","36","1"
"ceylon-ide-eclipse","0ea005c8c97fe3eaf14b7a6bdf8c81c778ed714a","plugins/com.redhat.ceylon.eclipse.ui/src/com/redhat/ceylon/eclipse/code/navigator/CeylonWorkingSetSorter.java","3","0","0","2","15","18","0"
"hazelcast","aca164603e7b273913597d0027b7ec791fe6f846","hazelcast-client/src/main/java/com/hazelcast/client/connection/nio/ClientInSelectorImpl.java","3","0","0","2","15","37","0"
"mcMMO","c10525ada9ed2c0b77c518089a300e3b4e32e7c1","src/main/java/com/gmail/nossr50/runnables/database/SQLReconnectTask.java","3","0","0","2","18","23","1"
"antlr4","507f331bd08bc01c213822508d18bbc4ba769db4","tool/src/org/antlr/v4/codegen/model/SerializedATN.java","3","0","0","2","19","55","1"
"elasticsearch","046abdc281c321cd2128ee7684c0edfcaca07203","core/src/test/java/org/elasticsearch/discovery/zen/ping/unicast/UnicastZenPingIT.java","3","0","0","2","192","240","3"
"elasticsearch","22e63b478306fb3cab6ba8967db6e1f2b73cdfd8","core/src/test/java/org/elasticsearch/discovery/zen/ping/unicast/UnicastZenPingIT.java","3","0","0","2","192","240","2"
"elasticsearch","3f6a3c01dadb1951b597ffdbd068359a2fbc84c8","core/src/test/java/org/elasticsearch/discovery/zen/ping/unicast/UnicastZenPingIT.java","3","0","0","2","192","240","1"
"elasticsearch","e74d02138f02a66331b2611b5e70a908bb49cb97","core/src/test/java/org/elasticsearch/discovery/zen/ping/unicast/UnicastZenPingIT.java","3","0","0","2","192","240","1"
"elasticsearch","6abcd42a05a0e2bc4eaf1add6a41ae7d48f840c2","core/src/test/java/org/elasticsearch/discovery/zen/ping/unicast/UnicastZenPingIT.java","3","0","0","2","192","240","0"
"hazelcast","b6cc9a554087963df1f4d1ac5166239c0c46049f","hazelcast-client/src/main/java/com/hazelcast/client/connection/nio/ClientOutSelectorImpl.java","3","0","0","2","20","43","0"
"elasticsearch","21f72fed0adb191481821146b7cf83f20cea2891","src/test/java/org/elasticsearch/common/xcontent/cbor/CborXContentParserTests.java","3","0","0","2","20","47","0"
"elasticsearch","577dcb32374cf2528a5deadf0a57f1ea1d5a9cbd","core/src/test/java/org/elasticsearch/discovery/zen/ping/unicast/UnicastZenPingTests.java","3","0","0","2","200","249","0"
"elasticsearch","2f6405ee277ec64269dd13fdfbd8445f96b4516d","core/src/test/java/org/elasticsearch/index/IndexTests.java","3","0","0","2","21","45","1"
"BroadleafCommerce","639a841c79df604a6e65f734259bb164c3e24ad1","core/broadleaf-framework-web/src/main/java/org/broadleafcommerce/core/web/order/security/BroadleafAuthenticationSuccessHandler.java","3","0","0","2","22","44","0"
"BroadleafCommerce","f2e2ca5db03d4386f59c5fd129fe65acae3d90dd","core/broadleaf-framework-web/src/main/java/org/broadleafcommerce/core/web/order/security/BroadleafAuthenticationSuccessHandler.java","3","0","0","2","22","48","0"
"hazelcast","b048dce0170cb250971db16f7847e628592086d1","hazelcast/src/main/java/com/hazelcast/internal/ascii/memcache/GetCommandParser.java","3","0","0","2","23","44","1"
"elasticsearch","25fd9e26c4fb042d6f6dea14efcd239577bdbbc4","client/benchmark/src/main/java/org/elasticsearch/client/benchmark/BenchmarkMain.java","3","0","0","2","24","46","0"
"BroadleafCommerce","d19d9dd1359a42fcdf4bc6dcc39a0dc6e070ce94","core/broadleaf-framework-web/src/main/java/org/broadleafcommerce/core/web/order/security/BroadleafAuthenticationSuccessHandler.java","3","0","0","2","24","47","0"
"BroadleafCommerce","9b556e9914c84a41ae10f07813ea46a5d2023f27","core/broadleaf-framework-web/src/main/java/org/broadleafcommerce/core/web/order/security/BroadleafAuthenticationSuccessHandler.java","3","0","0","2","24","51","0"
"hazelcast","22f447d68679e47111eae7fe9fd2db15956fdf0e","hazelcast/src/test/java/com/hazelcast/internal/memory/impl/TestIgnoreRuleAccordingToUnalignedMemoryAccessSupport.java","3","0","0","2","25","31","0"
"MapDB","5e2cb5ecf8bae2e996aac82ed81ca4c73468c1d1","src/test/java/org/mapdb/Issue381Test.java","3","0","0","2","26","36","0"
"hazelcast","a43f8ee8ca77bddba7a0b7c0a5422bc2ee7b1788","hazelcast/src/main/java/com/hazelcast/internal/ascii/memcache/GetCommandParser.java","3","0","0","2","26","47","0"
"netty","4158152b24c1e20cc9d024486a6bc6a0ee336a92","transport/src/main/java/io/netty/channel/socket/nio/AbstractNioChannelSink.java","3","0","0","2","26","51","0"
"mcMMO","3fe9cfee74b1313c6f88b46a92a6e947ec101f60","src/main/java/com/gmail/nossr50/commands/party/PartyChangeOwnerCommand.java","3","0","0","2","27","34","1"
"elasticsearch","30ab8739a6e11ea7d5f25a62e290932d5f2d740f","core/src/test/java/org/elasticsearch/common/io/stream/ReleasableBytesStreamOutputTests.java","3","0","0","2","27","52","0"
"MapDB","7f9c154a1b82c42aa0cf590f740b4088fa58e647","src/test/java/org/mapdb/issues/Issue674Test.java","3","0","0","2","28","39","0"
"mcMMO","6518d192ec8dec02b303d2bafb2b9276c1310aec","src/main/java/com/gmail/nossr50/commands/party/PartyChangeOwnerCommand.java","3","0","0","2","29","36","0"
"elasticsearch","b1cef5fdf8e1f8e9982a4724986b2731ca4d522b","core/src/main/java/org/elasticsearch/search/aggregations/bucket/range/date/DateRangeParser.java","3","0","0","2","29","53","1"
"BroadleafCommerce","f0a43a10b18a55908684479d3eadcb3822d3cd60","core/broadleaf-framework/src/main/java/org/broadleafcommerce/core/order/service/workflow/remove/RemoveOrderMultishipOptionActivity.java","3","0","0","2","29","55","0"
"elasticsearch","d621b160e9b940add546a6234bc2d17381334f33","src/test/java/org/elasticsearch/rest/action/admin/indices/upgrade/UpgradeReallyOldIndexTest.java","3","0","0","2","29","59","0"
"elasticsearch","5fc6f171210ab5ace1aaf13edf8e9d33862bc070","core/src/test/java/org/elasticsearch/action/fieldcaps/FieldCapabilitiesRequestTests.java","3","0","0","2","30","54","1"
"elasticsearch","5d6c9b0745aeb19695bf575601de0f79bbf02ec5","core/src/test/java/org/elasticsearch/index/engine/LiveVersionMapTests.java","3","0","0","2","30","59","0"
"hazelcast","64946fb8573d31a6383db5553e184365d8dc81d0","hazelcast/src/main/java/com/hazelcast/cluster/impl/DiscoveryJoiner.java","3","0","0","2","31","56","1"
"MapDB","f2831041f07dc03a8d84e2d9113fac216583f250","src/test/java/org/mapdb/Issue523Test.java","3","0","0","2","32","50","0"
"elasticsearch","6b23ee80404ea8cb143abd776968854e263275b9","core/src/test/java/org/elasticsearch/search/aggregations/pipeline/bucketmetrics/PercentilesBucketTests.java","3","0","0","2","33","60","2"
"elasticsearch","adc0807c686b37bf1d96bd3eb9d26face380fe44","src/test/java/org/elasticsearch/action/admin/indices/stats/IndicesStatsBlocksTests.java","3","0","0","2","33","63","0"
"elasticsearch","0e322a7e0bcb9a1441fef7efaf137641156c434e","core/src/test/java/org/elasticsearch/search/aggregations/metrics/percentiles/InternalPercentilesTestCase.java","3","0","0","2","34","62","0"
"elasticsearch","55a879ee8d8bb637199cf3cb83c7dbeabc24c29a","core/src/test/java/org/elasticsearch/search/aggregations/metrics/percentiles/InternalPercentilesTestCase.java","3","0","0","2","34","62","0"
"elasticsearch","0c12d0ce37932b174dc2b2a5a91824e05caac9de","core/src/test/java/org/elasticsearch/search/aggregations/metrics/percentiles/InternalPercentilesTestCase.java","3","0","0","2","34","62","2"
"netty","e556958abc61f487ae2d3a7f1d813f429e9f0ccc","common/src/test/java/io/netty/util/concurrent/SingleThreadEventExecutorTest.java","3","0","0","2","35","56","0"
"orientdb","1e118bb70cd79f6c0a9146563e487a477ec555e0","graphdb/src/test/java/com/tinkerpop/blueprints/impls/orient/TestSelectProjectionVertex.java","3","0","0","2","36","48","0"
"elasticsearch","adc0807c686b37bf1d96bd3eb9d26face380fe44","src/test/java/org/elasticsearch/action/admin/indices/cache/clear/ClearIndicesCacheBlocksTests.java","3","0","0","2","36","65","0"
"elasticsearch","adc0807c686b37bf1d96bd3eb9d26face380fe44","src/test/java/org/elasticsearch/action/admin/indices/segments/IndicesSegmentsBlocksTests.java","3","0","0","2","36","66","0"
"elasticsearch","819fe40d616dd021ea7a80111c0c836caec8f7c3","core/src/test/java/org/elasticsearch/common/netty/ChannelBufferBytesReferenceTests.java","3","0","0","2","37","62","0"
"elasticsearch","319ca8251013be5e2dbec987a716b8e5ea80e4ed","core/src/test/java/org/elasticsearch/search/aggregations/pipeline/bucketmetrics/PercentilesBucketTests.java","3","0","0","2","37","65","0"
"elasticsearch","ad004072bb7e691bf15b3bce8f43d8354fe3ea0d","src/test/java/org/elasticsearch/action/OriginalIndicesTests.java","3","0","0","2","37","67","0"
"elasticsearch","41aa1a7a7138a15fa58d09a3cc641596dbd89647","core/src/main/java/org/elasticsearch/search/aggregations/pipeline/bucketmetrics/percentile/PercentilesBucketParser.java","3","0","0","2","38","68","1"
"netty","115d3576be47804aa985d1749e0cfa427d3714f9","buffer/src/test/java/io/netty/buffer/AbstractPooledByteBufTest.java","3","0","0","2","41","73","1"
"orientdb","05100d6811ad42952376dc10bfbb2c64e170fb2f","distributed/src/test/java/com/orientechnologies/orient/server/distributed/TestDistributeConfigSerialization.java","3","0","0","2","43","52","0"
"neo4j","9c79c33600e5511ac1320496d1bdd614808a973c","enterprise/core-edge/src/test/java/org/neo4j/coreedge/raft/log/debug/ReplayRaftLog.java","3","0","0","2","44","73","1"
"hazelcast","d070f1256c8c7fa823e6463487462826384ee1df","hazelcast/src/test/java/com/hazelcast/map/impl/nearcache/invalidation/BatchNearCacheInvalidationTest.java","3","0","0","2","44","76","0"
"elasticsearch","41a2375c9e609395e21522ee79202645ed2a0af4","core/src/test/java/org/elasticsearch/action/admin/indices/refresh/RefreshBlocksIT.java","3","0","0","2","45","79","0"
"elasticsearch","89ac6a83f134365dcc3b7bdff5a3f14ddab6c2c5","core/src/test/java/org/elasticsearch/action/admin/indices/refresh/RefreshBlocksIT.java","3","0","0","2","45","79","0"
"elasticsearch","adc0807c686b37bf1d96bd3eb9d26face380fe44","src/test/java/org/elasticsearch/action/admin/indices/refresh/RefreshBlocksTests.java","3","0","0","2","45","79","0"
"elasticsearch","aea00a62f3825e388e07007d3c8686f93c2d3f8e","core/src/test/java/org/elasticsearch/action/admin/indices/refresh/RefreshBlocksIT.java","3","0","0","2","45","79","1"
"elasticsearch","ac5701968b3ec30321a1ba377cdd0c4c71aed69c","src/test/java/org/elasticsearch/action/bulk/BulkIntegrationTests.java","3","0","0","2","46","71","0"
"neo4j","886dbb454deaae6adcb4ff26e76f6e225eedca55","enterprise/core-edge/src/test/java/org/neo4j/coreedge/raft/log/debug/ReplayRaftLog.java","3","0","0","2","46","76","0"
"elasticsearch","eb36b82de48750777172ecdc3b019de32535e3f4","core/src/test/java/org/elasticsearch/indices/recovery/PeerRecoveryTargetServiceTests.java","3","0","0","2","46","82","0"
"hazelcast","7001ec8c5b1305c796de75c2e3f170c562db8c03","hazelcast/src/test/java/com/hazelcast/map/impl/nearcache/invalidation/BatchNearCacheInvalidationTest.java","3","0","0","2","47","80","0"
"elasticsearch","2e2e345dcb90e1ec1c48c6bb5348469fc514aea1","src/test/java/org/elasticsearch/indices/exists/types/TypesExistsTests.java","3","0","0","2","48","73","5"
"elasticsearch","65f90b25e0e2306ed53cad6c01e07875a0000a6c","core/src/test/java/org/elasticsearch/indices/recovery/StartRecoveryRequestTests.java","3","0","0","2","50","79","1"
"hazelcast","8a0ac7ed3fb417ee2b530233386b1321924c52e2","hazelcast-client-new/src/test/java/com/hazelcast/client/cache/ClientCachingProviderTest.java","3","0","0","2","51","66","0"
"hazelcast","eb27be82590b03ceea87f54d7438710a46c323f0","hazelcast-client/src/test/java/com/hazelcast/client/cache/ClientCachingProviderTest.java","3","0","0","2","51","82","1"
"orientdb","375c51054059489374d739f25fc830f6025c5326","distributed/src/test/java/com/orientechnologies/orient/server/distributed/asynch/BareBoneBase2ClientTest.java","3","0","0","2","53","69","0"
"elasticsearch","cf00acf5b048608e3d184cc5cc6876ef0af356fb","src/test/java/org/elasticsearch/test/integration/indices/exists/types/TypesExistsTests.java","3","0","0","2","54","81","0"
"neo4j","c6df52ac56269552d27f572a2af61ddce5a9095c","enterprise/causal-clustering/src/main/java/org/neo4j/causalclustering/catchup/storecopy/GetStoreRequestHandler.java","3","0","0","2","57","85","0"
"oryx","d6687d2eb4391d042aa1d5e80653326e501b0fed","app/oryx-app-serving/src/test/java/com/cloudera/oryx/app/serving/als/model/ALSServingInputProducerIT.java","3","0","0","2","57","90","1"
"elasticsearch","28090b3d7366044a8cadb0e6d47c324f94c1684a","core/src/test/java/org/elasticsearch/cluster/action/shard/ShardStateActionTest.java","3","0","0","2","57","90","1"
"elasticsearch","8e07b4fba4e200e5fecfc5bf7d34b9086f356ef2","core/src/test/java/org/elasticsearch/cluster/action/shard/ShardStateActionTest.java","3","0","0","2","57","90","1"
"oryx","49c1ead1c67cc8b980a4be36cff731a14ba4f3fb","app/oryx-app-serving/src/test/java/com/cloudera/oryx/app/serving/als/model/ALSServingInputProducerIT.java","3","0","0","2","57","90","0"
"elasticsearch","17906ca7d615dc4c72cb5cc403f2d561dc1f2ff3","core/src/test/java/org/elasticsearch/cluster/action/shard/ShardStateActionTest.java","3","0","0","2","57","90","0"
"oryx","d16f89b25fc5e12f94af6432274c66e0394c1743","app/oryx-app-serving/src/test/java/com/cloudera/oryx/app/serving/als/model/ALSServingInputProducerIT.java","3","0","0","2","57","92","0"
"oryx","2ca76e7a17cb7b04c628a6e7322fd66328caf514","oryx-app-serving/src/test/java/com/cloudera/oryx/app/serving/als/model/ALSServingInputProducerIT.java","3","0","0","2","57","92","0"
"oryx","66c74821b0219328955c47fac225166c40655fb5","oryx-app-serving/src/test/java/com/cloudera/oryx/app/serving/als/model/ALSServingInputProducerIT.java","3","0","0","2","57","92","1"
"oryx","27e9046b2bd92243c260efd8bcd0af46b92bdf9e","app/oryx-app-serving/src/test/java/com/cloudera/oryx/app/serving/als/model/ALSServingInputProducerIT.java","3","0","0","2","57","93","0"
"hazelcast","482ad20fbe8f493652228cf06776e23f6530acc2","hazelcast/src/test/java/com/hazelcast/collection/impl/list/ListListenerTest.java","3","0","0","2","58","88","0"
"elasticsearch","bbce6e85883ef812a80f5713e001f4ad1de47f22","src/test/java/org/elasticsearch/test/integration/indices/mapping/ConcurrentDynamicTemplateTests.java","3","0","0","2","59","91","0"
"hazelcast","bd5cc0fde4c5cb0d2484b81f3e03d885acb7669b","hazelcast/src/test/java/com/hazelcast/transaction/impl/TransactionImplTest.java","3","0","0","2","65","99","0"
"oryx","fddb336ac30ea3fb0bde91c61ef043f523d7d9fe","framework/kafka-util/src/test/java/com/cloudera/oryx/kafka/util/LargeMessageIT.java","3","0","0","2","66","100","0"
"oryx","d6687d2eb4391d042aa1d5e80653326e501b0fed","framework/kafka-util/src/test/java/com/cloudera/oryx/kafka/util/LargeMessageIT.java","3","0","0","2","67","101","1"
"oryx","cb3d463ccf916877ec6fe5261653d3a32377a7fe","framework/kafka-util/src/test/java/com/cloudera/oryx/kafka/util/LargeMessageIT.java","3","0","0","2","67","104","0"
"oryx","2df9018e62ab1fa9d76c533e6f041279aeda56c0","oryx-app/src/test/java/com/cloudera/oryx/app/speed/kmeans/KMeansSpeedIT.java","3","0","0","2","68","105","1"
"neo4j","31e72727f11b170442df6d1f0f060411ed644dce","community/shell/src/main/java/org/neo4j/shell/kernel/apps/cypher/Dump.java","3","0","0","2","68","98","1"
"neo4j","86273a1afea70eb41cd5825a3093370c6f8692c8","enterprise/causal-clustering/src/main/java/org/neo4j/causalclustering/catchup/storecopy/GetStoreRequestHandler.java","3","0","0","2","71","102","1"
"elasticsearch","1f04182b8164ffb19f3805c48d67f0375262b317","core/src/main/java/org/elasticsearch/rest/action/cat/RestCountAction.java","3","0","0","2","71","103","2"
"elasticsearch","53c829b6bccaec5cf3d38c0d3c41fc9e46181f04","modules/lang-painless/src/test/java/org/elasticsearch/painless/AnalyzerCasterTests.java","3","0","0","2","71","105","0"
"oryx","3b0fc229b3818b52dda4b6b863f9bca5dcfc4d86","framework/kafka-util/src/test/java/com/cloudera/oryx/kafka/util/LargeMessageIT.java","3","0","0","2","71","106","0"
"hazelcast","cdb8b0e0e259c0992856d553f2aa04499043c84d","hazelcast/src/test/java/com/hazelcast/map/impl/querycache/QueryCacheCoalescingTest.java","3","0","0","2","71","88","0"
"neo4j","c6df52ac56269552d27f572a2af61ddce5a9095c","enterprise/causal-clustering/src/main/java/org/neo4j/causalclustering/catchup/storecopy/StoreCopyClient.java","3","0","0","2","73","102","0"
"elasticsearch","3d13c27fa0df12018f35f1b20987c90277e9b6f9","core/src/main/java/org/elasticsearch/action/ingest/PutPipelineTransportAction.java","3","0","0","2","74","105","1"
"elasticsearch","78574d248cf10dad1c5a566fda79e1e0c94afe43","core/src/main/java/org/elasticsearch/action/ingest/PutPipelineTransportAction.java","3","0","0","2","74","105","1"
"elasticsearch","e6aaaf11ed4a1b8f595f920de1840938eddb7a97","core/src/main/java/org/elasticsearch/action/ingest/PutPipelineTransportAction.java","3","0","0","2","74","105","1"
"elasticsearch","2bd09c4625898d77aa6c015c6f82cf973ed18cb7","core/src/main/java/org/elasticsearch/action/ingest/PutPipelineTransportAction.java","3","0","0","2","74","105","0"
"elasticsearch","a60b8948ba1d836a6eac7cff095519e618939ed8","core/src/main/java/org/elasticsearch/action/ingest/PutPipelineTransportAction.java","3","0","0","2","74","105","0"
"neo4j","86273a1afea70eb41cd5825a3093370c6f8692c8","enterprise/causal-clustering/src/main/java/org/neo4j/causalclustering/catchup/storecopy/StoreCopyClient.java","3","0","0","2","76","106","1"
"neo4j","3531ccd0c175975b3e1372e68128f4404561f202","community/neo4j/src/test/java/org/neo4j/index/ShutdownOnIndexUpdateIT.java","3","0","0","2","83","119","0"
"elasticsearch","23049526471c750023e9b02d7ec4d20c31a56002","core/src/test/java/org/elasticsearch/search/aggregations/MetaDataIT.java","3","0","0","2","84","122","0"
"elasticsearch","3add12a9708a12d3e55c923cf7468296ed6147cc","src/test/java/org/elasticsearch/search/functionscore/ExplainableScriptTests.java","3","0","0","2","89","121","0"
"hazelcast","b94365a388067dd9c5b727836a054f043f34f1f2","hazelcast-client/src/main/java/com/hazelcast/client/spi/impl/listener/ClientListenerServiceImpl.java","3","0","0","2","89","129","0"
"elasticsearch","1f04182b8164ffb19f3805c48d67f0375262b317","core/src/test/java/org/elasticsearch/search/functionscore/ExplainableScriptIT.java","3","0","0","2","92","124","0"
"elasticsearch","ef83dbfbe68eff4b72575a2059a333469b274769","core/src/test/java/org/elasticsearch/index/fielddata/FieldDataCacheTests.java","3","0","0","2","95","135","2"
"neo4j","33d8b5a7ef36eb1d2c9e72daa01a416a5a403079","enterprise/kernel/src/test/java/org/neo4j/test/TestEnterpriseGraphDatabaseFactory.java","3","0","0","2","96","127","1"
"elasticsearch","33b8d7a19d6ddd6ad06a5a0cb5ca90175458e036","core/src/test/java/org/elasticsearch/index/fielddata/FieldDataCacheTests.java","3","0","0","2","97","137","0"
"hazelcast","7001ec8c5b1305c796de75c2e3f170c562db8c03","hazelcast/src/test/java/com/hazelcast/internal/nearcache/NearCacheRecordStoreTest.java","3","0","0","20","120","150","0"
"elasticsearch","d6d0c13bd63f28347ebdb0f9364e44921c248b8b","modules/ingest-common/src/test/java/org/elasticsearch/ingest/common/GrokTests.java","3","0","0","20","269","327","0"
"BroadleafCommerce","15e70fe6b89d008dd88b5e98dbfc66a720db68bb","admin/broadleaf-open-admin-platform/src/main/java/org/broadleafcommerce/openadmin/web/form/entity/EntityFormAction.java","3","0","0","20","93","139","0"
"hazelcast","48e063d10ffc125be470385de0a2316dacd9c942","hazelcast/src/main/java/com/hazelcast/scheduledexecutor/impl/ScheduledTaskStatisticsImpl.java","3","0","0","21","132","187","1"
"BroadleafCommerce","7b665e30fc319cf32e2131b74a6f7f6e3072c3cb","core/broadleaf-framework/src/main/java/org/broadleafcommerce/core/offer/domain/OfferCodeImpl.java","3","0","0","21","174","230","3"
"BroadleafCommerce","7a0a7c403c946be4bbd8ee1abdaa6699931ef834","core/broadleaf-profile/src/main/java/org/broadleafcommerce/profile/core/domain/CustomerPaymentImpl.java","3","0","0","21","187","248","0"
"neo4j","e5ea526b14ce752e94a5460b1c85bf4567d8f97d","community/io/src/test/java/org/neo4j/io/fs/FileSystemAbstractionInterruptionTest.java","3","0","0","22","164","216","1"
"neo4j","c3a5cbf00866abb108bf34ce2e0680026fdd2025","community/io/src/test/java/org/neo4j/io/fs/FileSystemAbstractionInterruptionTest.java","3","0","0","22","165","217","0"
"neo4j","36d749e9be2011ad5d7cdb4de6dbac55583e3dda","community/bolt/src/test/java/org/neo4j/bolt/v1/runtime/BoltStateMachineTest.java","3","0","0","22","230","387","1"
"neo4j","96b75bb344012a256b80b3e34629e9c7ad045396","community/server/src/test/java/org/neo4j/server/rest/transactional/integration/TransactionIT.java","3","0","0","22","357","524","1"
"elasticsearch","01502893eb13acd0c128756c1066b2314bbb1b0d","core/src/test/java/org/elasticsearch/rest/RestControllerTests.java","3","0","0","22","419","547","0"
"elasticsearch","577d2a6a1da81c78f0ff48c3f8755c1a04119f76","core/src/test/java/org/elasticsearch/rest/RestControllerTests.java","3","0","0","22","420","546","1"
"hazelcast","21586825d367940e1c79cf289e97310daab1200d","hazelcast/src/test/java/com/hazelcast/query/ParserTest.java","3","0","0","23","149","193","1"
"hazelcast","772b5217030e0fb94bf07a00d9b5e7b275a82030","hazelcast/src/test/java/com/hazelcast/query/ParserTest.java","3","0","0","23","154","198","0"
"BroadleafCommerce","d2254cf438ab766ee82e5a464c83c8d618cb170e","core/broadleaf-framework/src/main/java/org/broadleafcommerce/core/order/domain/FulfillmentOptionImpl.java","3","0","0","23","172","223","0"
"hazelcast","1f042b8c4a4245594691bb6d85a66ceed9b43068","hazelcast/src/test/java/com/hazelcast/map/impl/query/QueryResultSizeLimiterTest.java","3","0","0","23","209","268","1"
"hazelcast","2921cff694583b8638dae2991f427e61d5440a9d","hazelcast/src/test/java/com/hazelcast/map/impl/query/QueryResultSizeLimiterTest.java","3","0","0","23","210","269","0"
"neo4j","94422f2c4c67ae144b064b20a290f7323a10a98c","community/bolt/src/test/java/org/neo4j/bolt/v1/runtime/BoltStateMachineTest.java","3","0","0","23","239","405","0"
"neo4j","1f8c2d6a9466972520b49477c149e83779757d7a","enterprise/security/src/test/java/org/neo4j/server/security/enterprise/auth/LdapRealmTest.java","3","0","0","23","350","479","1"
"neo4j","fc529ced921544da8b5952a52468b9172485e9e8","community/server/src/test/java/org/neo4j/server/rest/transactional/integration/TransactionIT.java","3","0","0","23","390","563","0"
"elasticsearch","5343b87502cf82e7697133ed636f210bd31247cd","core/src/test/java/org/elasticsearch/rest/RestControllerTests.java","3","0","0","23","457","591","0"
"hazelcast","565257f977407eb3a0199d082860209c2958f5f9","hazelcast/src/test/java/com/hazelcast/util/collection/IntHashSetTest.java","3","0","0","24","156","231","1"
"hazelcast","67db7c70adf6604568aa7e831f0373cf4b411bd0","hazelcast/src/test/java/com/hazelcast/spi/impl/executionservice/impl/BasicCompletableFutureTest.java","3","0","0","24","242","330","1"
"hazelcast","75f8da3f6c13ae28d39f9e1068679a1c397fb3d5","hazelcast-jclouds/src/test/java/com/hazelcast/jclouds/ComputeServiceBuilderTest.java","3","0","0","24","284","348","0"
"neo4j","9afb987d9d854a2f0f4e2d896ef0f9086a748d74","community/kernel/src/test/java/org/neo4j/kernel/recovery/LatestCheckPointFinderTest.java","3","0","0","24","302","526","1"
"neo4j","3e2c2af5ca337bfd6f39f058033c183955e4b025","community/bolt/src/test/java/org/neo4j/bolt/v1/runtime/BoltStateMachineTest.java","3","0","0","25","271","449","1"
"neo4j","e34463f7dafbb72552196ee10e7e8e611c94772e","community/kernel/src/test/java/org/neo4j/kernel/recovery/LatestCheckPointFinderTest.java","3","0","0","25","342","575","0"
"neo4j","fd06ce499b9b23c2b5e71977356de559be990c8d","community/bolt/src/test/java/org/neo4j/bolt/v1/runtime/BoltStateMachineTest.java","3","0","0","26","289","475","0"
"hazelcast","402a2d0d137c09b1ff22bfc1c1563a170e5399de","hazelcast/src/main/java/com/hazelcast/monitor/impl/LocalMemoryStatsImpl.java","3","0","0","28","162","220","0"
"BroadleafCommerce","b75b9bf7592f69b51cbc38e491d3afba77bb1747","core/broadleaf-framework/src/main/java/org/broadleafcommerce/core/store/domain/StoreImpl.java","3","0","0","28","191","251","0"
"hazelcast","ea8d5c4fc8e2e627a997c89892e3aa3da9e523e3","hazelcast/src/test/java/com/hazelcast/util/collection/IntHashSetTest.java","3","0","0","28","191","272","0"
"MapDB","709d2254c8d194db50984713a3560a5e3bfc8b94","src/test/java/org/mapdb/DBMakerTest.java","3","0","0","28","296","350","1"
"elasticsearch","2f8f440e8060cf3578e0f67801b1d12329103d20","core/src/test/java/org/elasticsearch/search/suggest/completion/CategoryContextMappingTests.java","3","0","0","28","647","718","2"
"elasticsearch","3a59b6a16c970ab70a49ddc742d56e56d0112f2a","core/src/test/java/org/elasticsearch/search/suggest/completion/CategoryContextMappingTests.java","3","0","0","28","680","759","0"
"hazelcast","4a9bacbdd50bf75b5a43e56b72754cdd6e99cefe","hazelcast/src/main/java/com/hazelcast/monitor/impl/NearCacheStatsImpl.java","3","0","0","29","192","249","1"
"hazelcast","0ff1363160e0b5d17009abb0cd79bce091df7dd1","hazelcast-ra/hazelcast-jca/src/test/java/com/hazelcast/jca/XATestWithJCA.java","3","0","0","3","105","148","0"
"neo4j","a93c570faa774c1a40b635b6a3e6d8ccb61a99e8","community/kernel/src/test/java/org/neo4j/kernel/GraphDatabaseFacadeFactoryTest.java","3","0","0","3","107","148","1"
"hazelcast","70d4de16ff0ac4518d09aad8c9f2ad9e782fb337","hazelcast/src/test/java/com/hazelcast/internal/eviction/EvictionStrategyTest.java","3","0","0","3","111","138","1"
"neo4j","868b4d731485023d2f7477e1133dcd5b263c851d","community/kernel/src/test/java/org/neo4j/kernel/GraphDatabaseFacadeFactoryTest.java","3","0","0","3","111","152","0"
"hazelcast","47a44ef83f429382b9b9033f81a8c7297e51ab03","hazelcast/src/test/java/com/hazelcast/internal/eviction/EvictionStrategyTest.java","3","0","0","3","113","156","0"
"hazelcast","b3a45d9908bab4174b09d59385a02ff3ed7eada1","hazelcast/src/test/java/com/hazelcast/internal/eviction/EvictionStrategyTest.java","3","0","0","3","114","157","1"
"elasticsearch","2ed1f7a3390420835f9b270d20c5d512ba197827","core/src/test/java/org/elasticsearch/action/search/AbstractSearchAsyncActionTookTests.java","3","0","0","3","115","162","1"
"elasticsearch","009fa6465744c2f7026fac851fbee6e53d5000be","core/src/test/java/org/elasticsearch/search/child/ParentFieldLoadingIT.java","3","0","0","3","125","175","2"
"elasticsearch","80cca9e7ad562a547ab899ede4ca8921e81346ca","core/src/test/java/org/elasticsearch/search/child/ParentFieldLoadingIT.java","3","0","0","3","129","179","1"
"elasticsearch","e40409dd7f910c237e52c13394f8b150865e6389","core/src/test/java/org/elasticsearch/search/child/ParentFieldLoadingIT.java","3","0","0","3","129","179","2"
"elasticsearch","b47f5976a52de0c097ebbe1446f601947039b255","core/src/test/java/org/elasticsearch/search/child/ParentFieldLoadingIT.java","3","0","0","3","129","179","0"
"neo4j","f0b03e0d48342f7b76608313e94292a530d373e0","enterprise/causal-clustering/src/test/java/org/neo4j/causalclustering/catchup/tx/TransactionLogCatchUpWriterTest.java","3","0","0","3","132","183","0"
"hazelcast","d568e4d926d925d57d4e79e34614390416749301","hazelcast/src/test/java/com/hazelcast/internal/eviction/EvictionStrategyTest.java","3","0","0","3","134","165","0"
"elasticsearch","41d8fbe8f51abd499c9b497238bc5f2141b7926b","core/src/test/java/org/elasticsearch/discovery/zen/ping/multicast/MulticastZenPingIT.java","3","0","0","3","138","182","1"
"elasticsearch","f9a601c7da8ae050754dbd24f710c0102b7aafa7","plugins/discovery-multicast/src/test/java/org/elasticsearch/plugin/discovery/multicast/MulticastZenPingTests.java","3","0","0","3","140","182","1"
"elasticsearch","164efaecbe42195f08ada58b5fde927ab21fc6e7","plugins/discovery-multicast/src/test/java/org/elasticsearch/plugin/discovery/multicast/MulticastZenPingTests.java","3","0","0","3","142","185","0"
"elasticsearch","046abdc281c321cd2128ee7684c0edfcaca07203","core/src/test/java/org/elasticsearch/action/admin/cluster/reroute/ClusterRerouteTests.java","3","0","0","3","144","183","3"
"elasticsearch","22e63b478306fb3cab6ba8967db6e1f2b73cdfd8","core/src/test/java/org/elasticsearch/action/admin/cluster/reroute/ClusterRerouteTests.java","3","0","0","3","144","183","2"
"elasticsearch","3f6a3c01dadb1951b597ffdbd068359a2fbc84c8","core/src/test/java/org/elasticsearch/action/admin/cluster/reroute/ClusterRerouteTests.java","3","0","0","3","144","183","1"
"elasticsearch","e74d02138f02a66331b2611b5e70a908bb49cb97","core/src/test/java/org/elasticsearch/action/admin/cluster/reroute/ClusterRerouteTests.java","3","0","0","3","144","183","1"
"elasticsearch","6abcd42a05a0e2bc4eaf1add6a41ae7d48f840c2","core/src/test/java/org/elasticsearch/action/admin/cluster/reroute/ClusterRerouteTests.java","3","0","0","3","144","183","0"
"neo4j","5f59285fe3d907abdbf01a92fcd1020403d63f77","community/kernel/src/test/java/org/neo4j/kernel/impl/api/TwoPhaseNodeForRelationshipLockingTest.java","3","0","0","3","150","203","0"
"neo4j","c9b32fdae609ff120e0f3c296861ae442af3228b","community/kernel/src/test/java/org/neo4j/kernel/impl/api/TwoPhaseNodeForRelationshipLockingTest.java","3","0","0","3","151","204","2"
"hazelcast","066e05ebd5b8e1d08c42a5aa2c6e236b925a144d","hazelcast/src/test/java/com/hazelcast/internal/dynamicconfig/DynamicConfigBouncingTest.java","3","0","0","3","162","210","1"
"hazelcast","c9d117501d9d7e1014b9006bc4b711baa42e0c57","hazelcast/src/test/java/com/hazelcast/internal/dynamicconfig/DynamicConfigBouncingTest.java","3","0","0","3","162","226","0"
"orientdb","a2eaf6636bb600c7e6d311b0bb7d112bbaafb4a0","etl/src/main/java/com/orientechnologies/orient/etl/transformer/OETLJSONTransformer.java","3","0","0","3","17","39","0"
"orientdb","80e2550436da767ebf8944339a885037569a8271","core/src/main/java/com/orientechnologies/orient/core/engine/OEngineAbstract.java","3","0","0","3","17","44","0"
"hazelcast","945b0868442af7300617f31669f6adbde0b471e9","hazelcast-hibernate/src/main/java/com/hazelcast/hibernate/HazelcastTimestamper.java","3","0","0","3","18","40","1"
"oryx","3e37e6e1d93a28c4cbc14584101fe0c8c9b46743","oryx-common/src/main/java/com/cloudera/oryx/common/collection/AndPredicate.java","3","0","0","3","20","42","0"
"elasticsearch","e54dd688a1c5c78a2637b7ab264f6eabc0352985","src/test/java/org/elasticsearch/bootstrap/JNANativesTests.java","3","0","0","3","23","48","0"
"BroadleafCommerce","062222dcb20687fb800579a945528ef362dda7d6","core/broadleaf-framework-web/src/main/java/org/broadleafcommerce/core/web/checkout/validator/OrderInfoFormValidator.java","3","0","0","3","23","49","0"
"BroadleafCommerce","48227d6e3aac497dfc0b1806422ec0bbd809f25a","common/src/main/java/org/broadleafcommerce/common/web/BaseUrlResolverImpl.java","3","0","0","3","23","51","0"
"mcMMO","8e02b57369ffec8acff711d34d456e9da38c6614","src/main/java/com/gmail/nossr50/runnables/MobHealthDisplayUpdaterTask.java","3","0","0","3","25","31","0"
"BroadleafCommerce","50bf4ba1726d8dbec6c9b0a78538fd44f2886a05","common/src/main/java/org/broadleafcommerce/common/web/BaseUrlResolverImpl.java","3","0","0","3","25","53","1"
"mcMMO","cfa0daefc5cb66e3082b4d96db72f1f3fd2125ee","src/main/java/com/gmail/nossr50/runnables/StickyPistonTrackerTask.java","3","0","0","3","27","37","0"
"mcMMO","3a8f45a04db19fcf2aa64fadc30911243bf6f8b3","src/main/java/com/gmail/nossr50/runnables/StickyPistonTrackerTask.java","3","0","0","3","27","37","0"
"mcMMO","7a14e61762bd2b211ae6f4ef53b81452b381322c","src/main/java/com/gmail/nossr50/runnables/StickyPistonTrackerTask.java","3","0","0","3","27","37","1"
"BroadleafCommerce","062222dcb20687fb800579a945528ef362dda7d6","core/broadleaf-framework-web/src/main/java/org/broadleafcommerce/core/web/checkout/validator/MultishipAddAddressFormValidator.java","3","0","0","3","27","53","0"
"ceylon-ide-eclipse","983fcab5d7d20b27fc205954b16fe3ed77f9b086","plugins/com.redhat.ceylon.eclipse.ui/src/com/redhat/ceylon/eclipse/code/navigator/CeylonDropAdapterAssistant.java","3","0","0","3","28","33","0"
"mcMMO","4aeda6e9e810f3c86f88976926d8055c00a53654","src/main/java/com/gmail/nossr50/runnables/StickyPistonTrackerTask.java","3","0","0","3","28","38","2"
"mcMMO","74d9fa422f473f9e79a9bab865c5af6e329bdbd5","src/main/java/com/gmail/nossr50/spout/SpoutStart.java","3","0","0","3","28","39","1"
"neo4j","de2b5037c3cf7dedf147f47530dd8f643d00b054","enterprise/cluster/src/test/java/org/neo4j/cluster/protocol/atomicbroadcast/multipaxos/ClusterProtocolAtomicbroadcastTestUtil.java","3","0","0","3","28","52","0"
"BroadleafCommerce","030f8d7b4e8ed22cd62d84d51cd28cfe0ad83412","core/broadleaf-framework-web/src/main/java/org/broadleafcommerce/core/web/api/wrapper/InventoryWrapper.java","3","0","0","3","29","57","0"
"neo4j","077691224f00b8409afdbf750568b0ad8960507b","enterprise/causal-clustering/src/main/java/org/neo4j/causalclustering/catchup/storecopy/StoreFiles.java","3","0","0","3","29","61","0"
"elasticsearch","f2be8d83dcdfc0787ccc7dfd4cd02f4a983b90e6","src/main/java/org/elasticsearch/search/aggregations/bucket/significant/heuristics/SignificantTermsHeuristicModule.java","3","0","0","3","30","59","1"
"hazelcast","e70df64870e70ff5fd0c1825d4feca7392d0102c","hazelcast/src/main/java/com/hazelcast/partition/PartitionDataSerializerHook.java","3","0","0","3","33","57","0"
"hazelcast","22c6e545dabc360bfcc74002333f79ac1ba66845","hazelcast/src/test/java/com/hazelcast/cardinality/CardinalityEstimatorStressTest.java","3","0","0","3","33","62","0"
"hazelcast","bddc9ebc17ec7ede08a970d84c75ea97f0d2afa2","hazelcast/src/test/java/com/hazelcast/cardinality/CardinalityEstimatorStressTest.java","3","0","0","3","33","62","0"
"hazelcast","670388bff073c9582e8d426308d8b7bf87174061","hazelcast/src/test/java/com/hazelcast/cardinality/CardinalityEstimatorStressTest.java","3","0","0","3","33","62","1"
"elasticsearch","d865910c137d27031d133e78b0d86d4d0e5c9f8c","core/src/test/java/org/elasticsearch/common/util/iterable/IterablesTests.java","3","0","0","3","33","76","1"
"hazelcast","8a85db7a5b644fa0daf05483cd0d241caab60bcb","hazelcast-client/src/main/java/com/hazelcast/client/spi/impl/discovery/DiscoveryAddressProvider.java","3","0","0","3","34","58","1"
"elasticsearch","98c91a3bd09cad75bf1a05ddca493dcf3533691d","core/src/test/java/org/elasticsearch/common/bytes/BytesArrayTests.java","3","0","0","3","34","60","1"
"elasticsearch","db1b243343422b63f1ab01f2a4a6f7f0e95496ef","core/src/test/java/org/elasticsearch/search/aggregations/metrics/percentiles/InternalPercentilesTestCase.java","3","0","0","3","34","62","0"
"hazelcast","948f165ab845843aa3517f9233ca70bfc092d4f4","hazelcast/src/main/java/com/hazelcast/internal/cluster/impl/operations/ShutdownNodeOperation.java","3","0","0","3","35","58","0"
"BroadleafCommerce","cd4dba4517e56b14042e5ed1567e933ca3904efd","core/broadleaf-framework/src/main/java/org/broadleafcommerce/core/order/service/workflow/remove/RemoveOrderMultishipOptionActivity.java","3","0","0","3","35","64","0"
"neo4j","96b75bb344012a256b80b3e34629e9c7ad045396","community/primitive-collections/src/test/java/org/neo4j/collection/primitive/PrimitiveLongPeekingIteratorTest.java","3","0","0","3","36","64","0"
"hazelcast","27503f881f6d66975284126f136ccee0a1eba675","hazelcast/src/main/java/com/hazelcast/internal/cluster/impl/operations/ShutdownNodeOperation.java","3","0","0","3","37","60","0"
"hazelcast","6858b0140afd6e96990baa4cbbb2483bc5c3ec2d","hazelcast/src/main/java/com/hazelcast/cluster/impl/operations/ShutdownNodeOperation.java","3","0","0","3","37","60","0"
"hazelcast","ad1790f7ac618c7a5bf8f548c3650937b7ee3a89","hazelcast/src/main/java/com/hazelcast/internal/cluster/impl/operations/ShutdownNodeOperation.java","3","0","0","3","37","60","0"
"hazelcast","64b28543011e49f5668297febc0433662ba75659","hazelcast/src/main/java/com/hazelcast/internal/cluster/impl/operations/ShutdownNodeOperation.java","3","0","0","3","37","60","2"
"hazelcast","c92d480fc84de807408197b4634c86a8e681d426","hazelcast/src/main/java/com/hazelcast/internal/cluster/impl/operations/ShutdownNodeOperation.java","3","0","0","3","37","60","2"
"mcMMO","4992c5009833e6f3c6a3d86879a4cef2f74f726a","src/main/java/com/gmail/nossr50/runnables/items/ChimaeraWingWarmup.java","3","0","0","3","38","50","0"
"hazelcast","86b064ba3f1e467e74e95d6da24b03122065ce36","hazelcast/src/main/java/com/hazelcast/internal/cluster/impl/operations/ShutdownNodeOp.java","3","0","0","3","38","61","2"
"hazelcast","9948976cea0dd05d47e24f303a0b309b4155d329","hazelcast/src/main/java/com/hazelcast/internal/cluster/impl/operations/ShutdownNodeOp.java","3","0","0","3","38","61","2"
"hazelcast","e1b69c53ca4923affcd7722f012a80e32517e988","hazelcast/src/main/java/com/hazelcast/internal/cluster/impl/operations/ShutdownNodeOp.java","3","0","0","3","38","61","0"
"elasticsearch","d39eb2d69131d7a6a8bda29dcac31342bb1a712e","core/src/test/java/org/elasticsearch/index/IndexTests.java","3","0","0","3","38","64","0"
"neo4j","5d6f4e8fcc17d293bc39f4444ad8481033fb26e1","enterprise/causal-clustering/src/main/java/org/neo4j/causalclustering/discovery/HazelcastDiscoveryServiceFactory.java","3","0","0","3","38","68","0"
"elasticsearch","25fd9e26c4fb042d6f6dea14efcd239577bdbbc4","client/transport/src/test/java/org/elasticsearch/transport/client/PreBuiltTransportClientTests.java","3","0","0","3","39","67","0"
"elasticsearch","2b3760f78b26817b5a2030aa27b1ddf2f17462f6","core/src/main/java/org/elasticsearch/rest/action/admin/indices/RestGetIndexTemplateAction.java","3","0","0","3","39","68","1"
"neo4j","bc7b4f37bb44042f85bdaf4a1afca4781b1d2394","enterprise/causal-clustering/src/main/java/org/neo4j/causalclustering/discovery/HazelcastDiscoveryServiceFactory.java","3","0","0","3","39","69","0"
"elasticsearch","9c3e4d6e228a16aa6660b77f80797999a8ee629f","core/src/main/java/org/elasticsearch/rest/action/RestMainAction.java","3","0","0","3","39","72","0"
"BroadleafCommerce","cd4dba4517e56b14042e5ed1567e933ca3904efd","core/broadleaf-framework/src/main/java/org/broadleafcommerce/core/pricing/service/workflow/OfferActivity.java","3","0","0","3","40","74","0"
"hazelcast","d568e4d926d925d57d4e79e34614390416749301","hazelcast/src/test/java/com/hazelcast/collection/impl/list/ListMigrationTest.java","3","0","0","3","41","53","0"
"elasticsearch","a3ade99fcf9d95a8e9c40388d283b69a379f0377","core/src/test/java/org/elasticsearch/common/bytes/BytesArrayTests.java","3","0","0","3","41","70","0"
"neo4j","9a371bafe80ceb4e6cdc8502fbd22f9f8ec3d59d","enterprise/core-edge/src/test/java/org/neo4j/coreedge/raft/state/id_allocation/IdAllocationStateTest.java","3","0","0","3","42","83","1"
"hazelcast","70d4de16ff0ac4518d09aad8c9f2ad9e782fb337","hazelcast/src/test/java/com/hazelcast/collection/impl/list/ListMigrationTest.java","3","0","0","3","43","55","1"
"hazelcast","86b064ba3f1e467e74e95d6da24b03122065ce36","hazelcast/src/main/java/com/hazelcast/util/executor/PoolExecutorThreadFactory.java","3","0","0","3","43","72","2"
"hazelcast","7f8cd30e4e445473271d2e434ad939d156a151ca","hazelcast/src/test/java/com/hazelcast/cache/CacheEvictionTest.java","3","0","0","3","46","58","0"
"elasticsearch","c7c0faa54ddda8134aa23d54d07bed43b24a1817","core/src/main/java/org/elasticsearch/search/aggregations/bucket/nested/NestedAggregatorFactory.java","3","0","0","3","46","76","1"
"antlr4","29c2712ae1eee9575324db48c2f72c7cb0d28308","tool/test/org/antlr/v4/test/tool/TestActionSplitter.java","3","0","0","3","46","83","0"
"elasticsearch","203e80e6505741761f11cc0985fdcd73e078d887","src/test/java/org/elasticsearch/search/aggregations/AggregationsIntegrationTests.java","3","0","0","3","47","77","0"
"elasticsearch","e1efd5f6baf8dec1c23c79b346b8a29f234a98bb","core/src/test/java/org/elasticsearch/monitor/os/OsProbeTests.java","3","0","0","3","47","79","0"
"elasticsearch","adc0807c686b37bf1d96bd3eb9d26face380fe44","src/test/java/org/elasticsearch/indices/exists/indices/IndicesExistsTests.java","3","0","0","3","47","81","0"
"netty","2c1f17faa268b9a1b8ef8f1ddaf832d1397719a3","testsuite/src/main/java/io/netty/testsuite/transport/socket/SocketConnectTest.java","3","0","0","3","48","75","1"
"netty","956a757d37c52d550aebdbfaf3d68863baa2a765","buffer/src/test/java/io/netty/buffer/AbstractPooledByteBufTest.java","3","0","0","3","48","82","0"
"elasticsearch","51d53791fe71c9cb62bc992588a57cdfb500383f","core/src/main/java/org/elasticsearch/rest/action/document/RestMultiGetAction.java","3","0","0","3","49","79","0"
"hazelcast","032a5c08b1f497bedc9a79cb83b7e94e3e9f4b07","hazelcast-cloud/src/main/java/com/hazelcast/aws/impl/DescribeInstances.java","3","0","0","3","51","78","2"
"elasticsearch","4a8759ef4c0ec3ca1c3e2b5fcdf6f258152820e3","core/src/test/java/org/elasticsearch/action/support/IndicesOptionsTests.java","3","0","0","3","51","80","1"
"elasticsearch","495b24655b0b45f9150fb710e70a032dd133c943","core/src/main/java/org/elasticsearch/rest/action/admin/indices/RestUpdateSettingsAction.java","3","0","0","3","51","81","0"
"elasticsearch","98c91a3bd09cad75bf1a05ddca493dcf3533691d","modules/transport-netty4/src/test/java/org/elasticsearch/transport/netty4/ByteBufBytesReferenceTests.java","3","0","0","3","54","80","1"
"hazelcast","085c410cb8631f483937836619741d867e055f0c","hazelcast/src/test/java/com/hazelcast/spi/impl/AbstractInvocationFuture_ClosedExecutorTest.java","3","0","0","3","57","70","1"
"hazelcast","64b28543011e49f5668297febc0433662ba75659","hazelcast/src/test/java/com/hazelcast/spi/impl/AbstractInvocationFuture_ClosedExecutorTest.java","3","0","0","3","57","70","2"
"hazelcast","ad1790f7ac618c7a5bf8f548c3650937b7ee3a89","hazelcast/src/test/java/com/hazelcast/spi/impl/AbstractInvocationFuture_ClosedExecutorTest.java","3","0","0","3","57","70","0"
"elasticsearch","9080f51340b1b26f8bd171b4c82de8d87ad42b55","core/src/test/java/org/elasticsearch/index/query/TermQueryBuilderTests.java","3","0","0","3","57","89","1"
"elasticsearch","68bed9cd3be61d1e226a2876d3650ba67e6e1fe4","core/src/main/java/org/elasticsearch/rest/action/admin/indices/RestUpgradeAction.java","3","0","0","3","58","110","0"
"hazelcast","04b3d5f84e122e135f4d61f6aac629d0f6312bc5","hazelcast-cloud/src/main/java/com/hazelcast/aws/impl/DescribeInstances.java","3","0","0","3","58","84","0"
"hazelcast","b4a1367fad8f544769783aa6426f4b7e868c711f","hazelcast-cloud/src/main/java/com/hazelcast/aws/impl/DescribeInstances.java","3","0","0","3","58","84","0"
"hazelcast","cfa111938e58b54c07e0a8262493bf92ae489b37","hazelcast-cloud/src/main/java/com/hazelcast/aws/impl/DescribeInstances.java","3","0","0","3","58","84","2"
"elasticsearch","a3ade99fcf9d95a8e9c40388d283b69a379f0377","modules/transport-netty4/src/test/java/org/elasticsearch/transport/netty4/ByteBufBytesReferenceTests.java","3","0","0","3","58","86","0"
"elasticsearch","2bd09c4625898d77aa6c015c6f82cf973ed18cb7","core/src/test/java/org/elasticsearch/common/ParseFieldTests.java","3","0","0","3","58","91","0"
"elasticsearch","072748cd672233925e791c408f05fec8fc5a586a","core/src/main/java/org/elasticsearch/rest/action/document/RestIndexAction.java","3","0","0","3","58","94","2"
"hazelcast","2e237d2c442305f51cdbea3740548e8bfb4401ac","hazelcast-cloud/src/main/java/com/hazelcast/aws/impl/DescribeInstances.java","3","0","0","3","59","85","0"
"elasticsearch","40b80ae10460567144bbb0d8dcb606d4a10418ac","core/src/main/java/org/elasticsearch/rest/action/document/RestIndexAction.java","3","0","0","3","59","89","2"
"elasticsearch","0a69f1e283e26e5d9e6a000b68b9f4778de557a1","core/src/main/java/org/elasticsearch/rest/action/admin/indices/settings/RestGetSettingsAction.java","3","0","0","3","60","89","2"
"elasticsearch","0ab3cbe3a3b15a154c79138c6d0e6f8dfa888876","core/src/main/java/org/elasticsearch/rest/action/document/RestIndexAction.java","3","0","0","3","60","97","1"
"elasticsearch","2b3760f78b26817b5a2030aa27b1ddf2f17462f6","core/src/main/java/org/elasticsearch/rest/action/admin/cluster/RestGetStoredScriptAction.java","3","0","0","3","61","89","1"
"hazelcast","82914ab681f7a556333505b597bf2ed1e7da9f30","hazelcast-client-new/src/test/java/com/hazelcast/client/mapreduce/aggregation/BaseAggregationTest.java","3","0","0","3","61","94","0"
"elasticsearch","c8ca015c0bd28caf4fd84862679afc63a9e7d2ac","core/src/test/java/org/elasticsearch/search/aggregations/pipeline/bucketmetrics/PercentilesBucketTests.java","3","0","0","3","61","97","0"
"elasticsearch","4b94eb5cb8cc4294ed0e932a5f22c16bd90d4dd7","core/src/main/java/org/elasticsearch/action/admin/cluster/node/tasks/list/TransportListTasksAction.java","3","0","0","3","61","98","2"
"elasticsearch","860efb2ad28db09189c8423e05d0dba53010259c","core/src/main/java/org/elasticsearch/action/admin/cluster/node/tasks/list/TransportListTasksAction.java","3","0","0","3","61","98","2"
"elasticsearch","d3417fb02291f26964d77767020ef345d18c148f","core/src/main/java/org/elasticsearch/action/admin/cluster/node/tasks/list/TransportListTasksAction.java","3","0","0","3","61","98","0"
"hazelcast","14a2a1fd1423d7012ae411f79719af1a59c3fa33","hazelcast-client-new/src/test/java/com/hazelcast/client/mapreduce/aggregation/BaseAggregationTest.java","3","0","0","3","63","96","1"
"hazelcast","864fa20c841a4eb0bcf07d695a06846922ee686f","hazelcast-client-legacy/src/test/java/com/hazelcast/client/mapreduce/aggregation/BaseAggregationTest.java","3","0","0","3","63","96","1"
"hazelcast","e4a5a9d2d0d01d60d810c15d0d5bf63ffe6f902d","hazelcast-client-new/src/test/java/com/hazelcast/client/mapreduce/aggregation/BaseAggregationTest.java","3","0","0","3","63","96","1"
"hazelcast","5ec4f40614d7e8a0cb526bc2ae604d4d5958ffa6","hazelcast-client-new/src/test/java/com/hazelcast/client/mapreduce/aggregation/BaseAggregationTest.java","3","0","0","3","63","96","0"
"hazelcast","67879e626055a191c7dbbda97c18ba044f556118","hazelcast-client-new/src/test/java/com/hazelcast/client/mapreduce/aggregation/BaseAggregationTest.java","3","0","0","3","64","97","0"
"hazelcast","bc74c4689d8d16cf8e7f23ea69585ad6ed6bbc50","hazelcast-client-legacy/src/test/java/com/hazelcast/client/mapreduce/aggregation/BaseAggregationTest.java","3","0","0","3","64","97","0"
"hazelcast","f28dd07b144444e0f633d0b7db5144497ab9e9db","hazelcast-client/src/test/java/com/hazelcast/client/mapreduce/aggregation/BaseAggregationMultiMapTest.java","3","0","0","3","64","97","0"
"hazelcast","12ab006d948a2cf6a8d147be1e667ab1f93d55cd","hazelcast-client/src/test/java/com/hazelcast/client/mapreduce/aggregation/BaseAggregationMultiMapTest.java","3","0","0","3","64","97","1"
"elasticsearch","51d53791fe71c9cb62bc992588a57cdfb500383f","core/src/main/java/org/elasticsearch/rest/action/cat/RestCountAction.java","3","0","0","3","66","100","0"
"neo4j","317cd647561a0fc04808364cc543fc73edc39976","enterprise/causal-clustering/src/main/java/org/neo4j/causalclustering/catchup/tx/TransactionLogCatchUpWriter.java","3","0","0","3","66","95","1"
"neo4j","dffaacf551b9213f1b818976724f11748a16a674","enterprise/core-edge/src/main/java/org/neo4j/coreedge/catchup/tx/TransactionLogCatchUpWriter.java","3","0","0","3","67","96","0"
"elasticsearch","51d53791fe71c9cb62bc992588a57cdfb500383f","core/src/main/java/org/elasticsearch/rest/action/cat/RestPluginsAction.java","3","0","0","3","68","111","0"
"hazelcast","e33565d5f3e0453cea30bd4333a4d89da0714b88","hazelcast/src/test/java/com/hazelcast/map/MapDestroyTest.java","3","0","0","3","68","99","1"
"elasticsearch","13a347239a48d71486692a72c066e940dec8921b","core/src/test/java/org/elasticsearch/transport/netty/NettyTransportMultiPortIntegrationIT.java","3","0","0","3","68","99","2"
"elasticsearch","40f119d85a4eaa39d0a6e594e46f70de725557f0","core/src/test/java/org/elasticsearch/transport/netty/NettyTransportMultiPortIntegrationIT.java","3","0","0","3","68","99","1"
"hazelcast","749aae665bc6323e1a862ced15797a1c65a40f48","hazelcast/src/test/java/com/hazelcast/map/MapDestroyTest.java","3","0","0","3","68","99","0"
"elasticsearch","bbf42d379dc5fac7cddf768b244aa1649efdb10d","core/src/test/java/org/elasticsearch/transport/netty/NettyTransportMultiPortIntegrationIT.java","3","0","0","3","68","99","0"
"hazelcast","951ffdc2e22a155ef94f1bfaaea080af2efc64d6","hazelcast/src/test/java/com/hazelcast/map/impl/querycache/QueryCacheConfigTest.java","3","0","0","3","69","104","0"
"oryx","d876e6d2abb63862f3f8f047bc9e9c306dafe3af","oryx-lambda-serving/src/test/java/com/cloudera/oryx/lambda/serving/AbstractServingIT.java","3","0","0","3","69","105","0"
"elasticsearch","41d8fbe8f51abd499c9b497238bc5f2141b7926b","core/src/test/java/org/elasticsearch/transport/netty/NettyTransportMultiPortIntegrationIT.java","3","0","0","3","70","101","2"
"hazelcast","37ff66dace1e24ac18f53035b3f7a6c3df4cb693","hazelcast/src/test/java/com/hazelcast/map/MapDestroyTest.java","3","0","0","3","70","102","1"
"elasticsearch","2b3760f78b26817b5a2030aa27b1ddf2f17462f6","core/src/main/java/org/elasticsearch/rest/action/cat/RestCountAction.java","3","0","0","3","71","101","1"
"elasticsearch","e1efd5f6baf8dec1c23c79b346b8a29f234a98bb","core/src/main/java/org/elasticsearch/rest/action/cat/RestCountAction.java","3","0","0","3","71","103","2"
"elasticsearch","048d2734084aac785bd867fc653b6fc8d38c9ab4","core/src/main/java/org/elasticsearch/rest/action/cat/RestCountAction.java","3","0","0","3","72","102","0"
"elasticsearch","164efaecbe42195f08ada58b5fde927ab21fc6e7","core/src/test/java/org/elasticsearch/transport/netty/NettyTransportMultiPortIntegrationIT.java","3","0","0","3","72","103","1"
"hazelcast","2921cff694583b8638dae2991f427e61d5440a9d","hazelcast/src/test/java/com/hazelcast/map/MapDestroyTest.java","3","0","0","3","73","111","0"
"hazelcast","3c5f442e9cf8a73a13ea74b8a994f507ae2d2add","hazelcast/src/test/java/com/hazelcast/map/MapDestroyTest.java","3","0","0","3","73","111","0"
"hazelcast","1f042b8c4a4245594691bb6d85a66ceed9b43068","hazelcast/src/test/java/com/hazelcast/map/MapDestroyTest.java","3","0","0","3","73","111","1"
"neo4j","c6df52ac56269552d27f572a2af61ddce5a9095c","enterprise/causal-clustering/src/test/java/org/neo4j/causalclustering/scenarios/ConvertNonCausalClusteringStoreIT.java","3","0","0","3","74","119","0"
"oryx","ba899dd5f05492b8c6e3e410d6a833c63392bf63","oryx-lambda-serving/src/test/java/com/cloudera/oryx/lambda/serving/AbstractServingIT.java","3","0","0","3","75","113","0"
"hazelcast","dfde0ce89c3c11629fe62b7eba3a8e6b2bbe6e6c","hazelcast/src/test/java/com/hazelcast/internal/partition/StaleReadDuringMigrationTest.java","3","0","0","3","75","91","2"
"elasticsearch","2b3760f78b26817b5a2030aa27b1ddf2f17462f6","core/src/main/java/org/elasticsearch/rest/action/search/RestSuggestAction.java","3","0","0","3","76","103","1"
"neo4j","86273a1afea70eb41cd5825a3093370c6f8692c8","enterprise/causal-clustering/src/test/java/org/neo4j/causalclustering/scenarios/ConvertNonCausalClusteringStoreIT.java","3","0","0","3","76","123","1"
"hazelcast","2db57b1347715b9dbdcf5501adea7bd823bf5b7f","hazelcast/src/test/java/com/hazelcast/internal/partition/StaleReadDuringMigrationTest.java","3","0","0","3","76","92","1"
"netty","d6016b7be8ca012b2da5ebf8c08946de7da7bf75","transport-native-epoll/src/test/java/io/netty/channel/epoll/EpollDomainSocketFdTest.java","3","0","0","3","78","106","0"
"neo4j","136885fdc8d90dee11ce57034b2db343eaadccce","community/shell/src/main/java/org/neo4j/shell/kernel/apps/cypher/Dump.java","3","0","0","3","79","108","0"
"elasticsearch","149629fec657e9948488195087f30583cd561f11","core/src/test/java/org/elasticsearch/action/search/AbstractSearchAsyncActionTookTests.java","3","0","0","3","79","116","0"
"hazelcast","2af0e3527b78f6dfd8819995fa103791450de66c","hazelcast/src/test/java/com/hazelcast/internal/partition/StaleReadDuringMigrationTest.java","3","0","0","3","79","96","2"
"BroadleafCommerce","5fc8196cfb12dffb0b4aa2765bc295c474c02d49","core/broadleaf-framework-web/src/main/java/org/broadleafcommerce/core/web/processor/ProductOptionValueProcessor.java","3","0","0","3","80","109","0"
"elasticsearch","2b3760f78b26817b5a2030aa27b1ddf2f17462f6","core/src/main/java/org/elasticsearch/rest/action/cat/RestPluginsAction.java","3","0","0","3","80","112","1"
"hazelcast","4c22ed73b6dabb441b0c601143aa115c705d0bb5","hazelcast/src/test/java/com/hazelcast/internal/partition/StaleReadDuringMigrationTest.java","3","0","0","3","80","97","0"
"BroadleafCommerce","00a7b3374d3124eeee1086fd21ca35d3ec1e0f36","core/broadleaf-framework-web/src/main/java/org/broadleafcommerce/core/web/processor/ProductOptionValueProcessor.java","3","0","0","3","81","110","0"
"elasticsearch","0c7795f53db146de164ed56f7a8718518c680909","core/src/main/java/org/elasticsearch/rest/action/cat/RestCountAction.java","3","0","0","3","81","113","1"
"MapDB","60a3839ca7e0a27b91f623082567fa4eae55936b","src/test/java/org/mapdb/BindTest.java","3","0","0","3","81","115","0"
"elasticsearch","1f04182b8164ffb19f3805c48d67f0375262b317","core/src/test/java/org/elasticsearch/script/NativeScriptTests.java","3","0","0","3","85","116","0"
"elasticsearch","1fba68a6349404d0c0a6841a52d6982c21d3b58a","src/main/java/org/elasticsearch/rest/action/cat/RestHealthAction.java","3","0","0","3","88","121","1"
"elasticsearch","3f1472505723866794d875c00bde575d988e120d","src/main/java/org/elasticsearch/rest/action/cat/RestHealthAction.java","3","0","0","3","89","122","0"
"elasticsearch","4f442497bf90454de4dd9736953e347e90331108","src/main/java/org/elasticsearch/rest/action/cat/RestHealthAction.java","3","0","0","3","89","122","0"
"elasticsearch","b34f25931343c2c2c69951e5ddfe984816c5a6ea","src/main/java/org/elasticsearch/rest/action/cat/RestHealthAction.java","3","0","0","3","89","122","1"
"neo4j","41f195edd39d03ebe0064a8daa3506631894681b","community/kernel/src/test/java/org/neo4j/kernel/impl/transaction/log/InMemoryLogChannel.java","3","0","0","30","170","224","1"
"hazelcast","33c586d7fe567235e2216b7c79dd29adee22d5d0","hazelcast/src/main/java/com/hazelcast/monitor/impl/NearCacheStatsImpl.java","3","0","0","31","212","271","0"
"neo4j","526a733efa1e55877eeb9e1513dea1560b8fd87a","community/kernel/src/test/java/org/neo4j/kernel/impl/transaction/log/InMemoryLogChannel.java","3","0","0","32","180","236","0"
"MapDB","4471557e61ac9f541ffd60737fe6f2e45fdeb0a0","src/test/java/org/mapdb/DBMakerTest.java","3","0","0","33","330","394","1"
"hazelcast","7ab1db9edc8409f599bf01054636a1643e3cf2d3","hazelcast/src/test/java/com/hazelcast/cache/CacheConfigTest.java","3","0","0","35","297","371","2"
"hazelcast","2cfbd79e1e84f5987e07cedc09f582d5715c815d","hazelcast/src/test/java/com/hazelcast/cache/CacheConfigTest.java","3","0","0","36","318","396","1"
"hazelcast","4a488992e08798ae42140d1bfbe29ade0b957d40","hazelcast/src/test/java/com/hazelcast/cache/CacheConfigTest.java","3","0","0","36","335","418","1"
"hazelcast","2cfbd79e1e84f5987e07cedc09f582d5715c815d","hazelcast/src/test/java/com/hazelcast/cache/nearcache/NearCacheRecordStoreTest.java","3","0","0","37","204","251","0"
"hazelcast","c9145735e1b77145651752c833ce474b9e542791","hazelcast/src/test/java/com/hazelcast/cache/nearcache/NearCacheRecordStoreTest.java","3","0","0","37","204","251","0"
"hazelcast","5ce068887fea87587207a86de8baa062cf8514ac","hazelcast/src/test/java/com/hazelcast/cache/nearcache/NearCacheRecordStoreTest.java","3","0","0","37","204","251","2"
"hazelcast","70d4de16ff0ac4518d09aad8c9f2ad9e782fb337","hazelcast/src/test/java/com/hazelcast/cache/nearcache/NearCacheRecordStoreTest.java","3","0","0","37","205","252","1"
"neo4j","660d2553ac4e5d2024cee6c770149ae313abe0e1","enterprise/security/src/test/java/org/neo4j/server/security/enterprise/auth/AuthProceduresLoggingTest.java","3","0","0","37","500","706","1"
"neo4j","7e353eb373c1368391d8a6cbff32a76104a582d9","enterprise/security/src/test/java/org/neo4j/server/security/enterprise/auth/AuthProceduresLoggingTest.java","3","0","0","37","500","707","0"
"neo4j","9bb4f806d216b0066beb476242dcc4e7da97200a","enterprise/security/src/test/java/org/neo4j/server/security/enterprise/auth/UserManagementProceduresLoggingTest.java","3","0","0","37","501","709","1"
"neo4j","1b3aad3b619bd72c2c9f79bb7edf642c5dc56a6f","enterprise/security/src/test/java/org/neo4j/server/security/enterprise/auth/UserManagementProceduresLoggingTest.java","3","0","0","37","502","709","1"
"neo4j","07530adc6e64325f30ad4ef2b4efa48905cff328","enterprise/security/src/test/java/org/neo4j/server/security/enterprise/auth/UserManagementProceduresLoggingTest.java","3","0","0","37","502","710","0"
"neo4j","163d0bd4868b719bb23dc1d48cbc5f577e5994b6","enterprise/security/src/test/java/org/neo4j/server/security/enterprise/auth/UserManagementProceduresLoggingTest.java","3","0","0","37","503","711","1"
"neo4j","8a31284a00600fe653939a9b2206e0382deded40","enterprise/security/src/test/java/org/neo4j/server/security/enterprise/auth/UserManagementProceduresLoggingTest.java","3","0","0","37","509","719","0"
"neo4j","dcb9fd7851c8a66c89b4548f394323d113178de7","community/primitive-collections/src/test/java/org/neo4j/collection/primitive/PrimitiveArraysUnionTest.java","3","0","0","4","111","151","1"
"neo4j","8c6ea9c74583500328fd0a9ad3469cc3a41b563f","enterprise/backup/src/test/java/org/neo4j/backup/IncrementalBackupTests.java","3","0","0","4","116","159","1"
"hazelcast","b1f86ebb558d143eea1e626a8212bfec73bd0605","hazelcast-client/src/test/java/com/hazelcast/client/cache/nearcache/ClientCacheNearCachePreloaderTest.java","3","0","0","4","129","172","2"
"hazelcast","33c586d7fe567235e2216b7c79dd29adee22d5d0","hazelcast-client/src/test/java/com/hazelcast/client/cache/nearcache/ClientCacheNearCachePreloaderTest.java","3","0","0","4","131","160","1"
"neo4j","c5b5d78669dac8e798d3b7239c93623c6b72e2ea","community/lucene-index/src/test/java/org/neo4j/kernel/impl/api/index/IndexingServiceIntegrationTest.java","3","0","0","4","134","177","0"
"neo4j","3a8d8c551d0fa2126525b8ac23eebc7ed9d6efb5","community/lucene-index/src/test/java/org/neo4j/kernel/impl/api/index/IndexingServiceIntegrationTest.java","3","0","0","4","138","181","2"
"hazelcast","0880710f355f33d03b8d928ec9d22a0ff4f1ca52","hazelcast-client/src/test/java/com/hazelcast/client/cache/nearcache/ClientCacheNearCachePreloaderTest.java","3","0","0","4","141","171","2"
"hazelcast","bb1d17f0994af412631b960bc0c96c29a565b0d7","hazelcast-client/src/test/java/com/hazelcast/client/cache/nearcache/ClientCacheNearCachePreloaderTest.java","3","0","0","4","141","187","1"
"hazelcast","92886bbcab41a65100440aa458dbbf17561aa3a0","hazelcast-client/src/test/java/com/hazelcast/client/cache/nearcache/ClientCacheNearCachePreloaderTest.java","3","0","0","4","148","182","2"
"hazelcast","e4b10eb1bd1583bbfca340d4cde3ad3111ed215c","hazelcast-client/src/test/java/com/hazelcast/client/cache/nearcache/ClientCacheNearCachePreloaderTest.java","3","0","0","4","151","202","1"
"hazelcast","0f550598f8d9f6c62d3bc81f88248d1e11b537c3","hazelcast-client/src/test/java/com/hazelcast/client/cache/nearcache/ClientCacheNearCachePreloaderTest.java","3","0","0","4","152","200","0"
"neo4j","a93c570faa774c1a40b635b6a3e6d8ccb61a99e8","community/neo4j/src/test/java/upgrade/StoreUpgraderInterruptionTestIT.java","3","0","0","4","159","203","1"
"elasticsearch","6abcd42a05a0e2bc4eaf1add6a41ae7d48f840c2","core/src/test/java/org/elasticsearch/cluster/routing/allocation/MaxRetryAllocationDeciderTests.java","3","0","0","4","161","210","0"
"neo4j","b94896e4b75a06d8982d4c92bc8f62c5e206f0dc","community/kernel/src/test/java/org/neo4j/kernel/impl/api/TwoPhaseNodeForRelationshipLockingTest.java","3","0","0","4","162","218","1"
"elasticsearch","3f6a3c01dadb1951b597ffdbd068359a2fbc84c8","core/src/test/java/org/elasticsearch/cluster/routing/allocation/MaxRetryAllocationDeciderTests.java","3","0","0","4","163","212","1"
"neo4j","01b558051d5436aecea5f7f6477fabf686fa3c34","community/kernel/src/test/java/org/neo4j/kernel/impl/api/TwoPhaseNodeForRelationshipLockingTest.java","3","0","0","4","163","219","0"
"neo4j","868b4d731485023d2f7477e1133dcd5b263c851d","community/neo4j/src/test/java/upgrade/StoreUpgraderInterruptionTestIT.java","3","0","0","4","167","213","0"
"neo4j","e6f84e88fecffdd2dd28e4ee978d77df94914908","community/neo4j/src/test/java/upgrade/StoreUpgraderInterruptionTestIT.java","3","0","0","4","184","230","1"
"neo4j","6b75a9235ea38e0c47caacd25cc919023c0c958b","community/neo4j/src/test/java/upgrade/StoreUpgraderInterruptionTestIT.java","3","0","0","4","192","240","0"
"elasticsearch","e23d116bc5411e8aec4f9225272929be6a7dd65b","core/src/test/java/org/elasticsearch/search/child/ParentFieldLoadingBwcIT.java","3","0","0","4","193","250","0"
"elasticsearch","e40409dd7f910c237e52c13394f8b150865e6389","core/src/test/java/org/elasticsearch/search/child/ParentFieldLoadingBwcIT.java","3","0","0","4","196","253","1"
"hazelcast","707932eed4859d26c9c896f844d9433f2795b290","hazelcast/src/test/java/com/hazelcast/replicatedmap/ReplicatedMapMergePolicyTest.java","3","0","0","4","237","320","0"
"hazelcast","0d5f32b92330eb1b4d0a8f2e0c97d32341ec8970","hazelcast/src/main/java/com/hazelcast/queue/DataAwareItemEvent.java","3","0","0","4","24","32","0"
"hazelcast","4a1593fa6ba5c277c4ad2fc320d803b0e63b9339","hazelcast/src/test/java/com/hazelcast/replicatedmap/ReplicatedMapMergePolicyTest.java","3","0","0","4","244","327","0"
"hazelcast","53d96a2042e1c7fa0fe1ccb1ae1a0c152ce97c34","hazelcast/src/main/java/com/hazelcast/queue/DataAwareItemEvent.java","3","0","0","4","26","34","1"
"orientdb","de410aa8d3455b55f3c39e49780136c0b6c5e64b","core/src/main/java/com/orientechnologies/orient/core/storage/impl/local/OStorageVariableParser.java","3","0","0","4","26","56","0"
"neo4j","e7b3407f3dfe22e4029042512fbf88c2d60aa94d","enterprise/cluster/src/test/java/org/neo4j/cluster/com/message/NetworkSenderReceiverTest.java","3","0","0","4","262","354","1"
"neo4j","a2206e2451ffe226128a69a43f7f1f59409a0217","enterprise/cluster/src/test/java/org/neo4j/cluster/com/message/NetworkSenderReceiverTest.java","3","0","0","4","268","361","0"
"hazelcast","0dcac2107149f1a24af61788b11b53bd49eb4a73","hazelcast/src/main/java/com/hazelcast/cluster/impl/operations/HeartbeatOperation.java","3","0","0","4","27","49","0"
"hazelcast","fb6700346872da3eac002c3d2157b9a7da728fa2","hazelcast/src/main/java/com/hazelcast/map/impl/record/ObjectRecordFactory.java","3","0","0","4","27","52","0"
"junit","ee4403455a9573a67668da695fea223f77606326","src/main/java/org/junit/internal/requests/ClassRequest.java","3","0","0","4","28","39","1"
"neo4j","6ae0873e303c40548b80c8463588e28bf99217aa","community/neo4j-harness/src/main/java/org/neo4j/harness/internal/HarnessRegisteredProcs.java","3","0","0","4","30","57","0"
"titan","33a560db97bf3187ac45d1fe4fdf2e6b817bec40","titan-core/src/main/java/com/thinkaurelius/titan/graphdb/database/serialize/attribute/FloatSerializer.java","3","0","0","4","32","46","0"
"oryx","df27388cd4a3029d67283e23ecdd70b83fa4bd9b","app/oryx-app-serving/src/test/java/com/cloudera/oryx/app/serving/als/MostActiveUsersTest.java","3","0","0","4","36","60","0"
"oryx","df27388cd4a3029d67283e23ecdd70b83fa4bd9b","app/oryx-app-serving/src/test/java/com/cloudera/oryx/app/serving/als/MostPopularItemsTest.java","3","0","0","4","36","61","0"
"hazelcast","e4f7959a373b0263506a00fa6941d0020407e6fd","hazelcast/src/main/java/com/hazelcast/client/impl/protocol/parameters/MapIntBooleanResultParameters.java","3","0","0","4","36","66","1"
"orientdb","6d8d349e2271a156b13b4ad5fb39bcacceda0310","tests/src/test/java/com/orientechnologies/orient/test/database/auto/SQLTruncateRecordTest.java","3","0","0","4","37","67","1"
"hazelcast","085c410cb8631f483937836619741d867e055f0c","hazelcast/src/main/java/com/hazelcast/internal/cluster/impl/operations/ShutdownNodeOperation.java","3","0","0","4","40","64","1"
"mcMMO","c10525ada9ed2c0b77c518089a300e3b4e32e7c1","src/main/java/com/gmail/nossr50/runnables/database/UUIDFetcherRunnable.java","3","0","0","4","41","52","1"
"elasticsearch","00de8e07fc3df9c763bbc0b6890217dc5b6bee3e","modules/ingest-common/src/test/java/org/elasticsearch/ingest/common/SplitProcessorFactoryTests.java","3","0","0","4","41","68","3"
"antlr4","29c2712ae1eee9575324db48c2f72c7cb0d28308","tool/test/org/antlr/v4/test/rt/gen/Grammar.java","3","0","0","4","42","52","0"
"elasticsearch","73307a2144fbdf63c551eeccdc7e93dc30e59a92","core/src/main/java/org/elasticsearch/rest/action/admin/cluster/RestPutStoredScriptAction.java","3","0","0","4","42","78","1"
"ceylon-ide-eclipse","4d5b97fe6f981e0af751c6fb3117b6e473a39bf6","plugins/com.redhat.ceylon.eclipse.ui/src/com/redhat/ceylon/eclipse/core/typechecker/IdePhasedUnit.java","3","0","0","4","45","57","0"
"neo4j","c53aab6d4de8c83eda42c64474ec13aa7ecb25f3","community/kernel/src/main/java/org/neo4j/kernel/impl/api/dbms/NonTransactionalDbmsOperations.java","3","0","0","4","47","73","1"
"hazelcast","4b37b0ebf8a268dba38bcdd279b2ad087568b60a","hazelcast/src/main/java/com/hazelcast/map/impl/operation/MultipleEntryWithPredicateOperation.java","3","0","0","4","47","79","0"
"neo4j","b070962e9b00726d50df951106225fa252b7efeb","community/kernel/src/main/java/org/neo4j/kernel/impl/api/dbms/NonTransactionalDbmsOperations.java","3","0","0","4","48","75","0"
"elasticsearch","1cd5e3413d4af43aaff7ad643cc5d13e8e1458a8","core/src/test/java/org/apache/lucene/queries/MinDocQueryTests.java","3","0","0","4","49","77","0"
"hazelcast","02bac7bdd0ad63c7fa868259f28e5c37a63925ca","hazelcast/src/test/java/com/hazelcast/nio/serialization/ByteArrayObjectDataOutputTest.java","3","0","0","4","50","64","1"
"titan","86e5b6e3b408b55a7705c20627e702ca5c1fe313","titan-berkeleyje/src/test/java/com/thinkaurelius/titan/graphdb/berkeleyje/BerkeleyGraphTest.java","3","0","0","4","50","65","0"
"elasticsearch","4b94eb5cb8cc4294ed0e932a5f22c16bd90d4dd7","core/src/main/java/org/elasticsearch/action/admin/cluster/node/stats/NodesStatsResponse.java","3","0","0","4","50","81","2"
"elasticsearch","860efb2ad28db09189c8423e05d0dba53010259c","core/src/main/java/org/elasticsearch/action/admin/cluster/node/stats/NodesStatsResponse.java","3","0","0","4","50","81","2"
"elasticsearch","d3417fb02291f26964d77767020ef345d18c148f","core/src/main/java/org/elasticsearch/action/admin/cluster/node/stats/NodesStatsResponse.java","3","0","0","4","50","81","0"
"neo4j","4e13feaa5058f4f1b623704bbde288b5850c1ec6","community/security/src/test/java/org/neo4j/commandline/admin/security/DeleteCommandTest.java","3","0","0","4","50","90","0"
"elasticsearch","51d53791fe71c9cb62bc992588a57cdfb500383f","core/src/main/java/org/elasticsearch/rest/action/admin/cluster/RestClusterUpdateSettingsAction.java","3","0","0","4","51","90","0"
"elasticsearch","73307a2144fbdf63c551eeccdc7e93dc30e59a92","core/src/main/java/org/elasticsearch/rest/action/admin/indices/RestUpdateSettingsAction.java","3","0","0","4","55","86","1"
"titan","21d712306d38cb33488304cd356b0c812323557d","titan-berkeleyje/src/test/java/com/thinkaurelius/titan/graphdb/berkeleyje/BerkeleyGraphTest.java","3","0","0","4","56","72","0"
"elasticsearch","2b3760f78b26817b5a2030aa27b1ddf2f17462f6","core/src/main/java/org/elasticsearch/rest/action/admin/cluster/RestClusterUpdateSettingsAction.java","3","0","0","4","57","85","1"
"MapDB","443379a6869dc870eb0633aa14460acd8d2b1959","src/test/java/org/mapdb/StoreWALTest.java","3","0","0","4","64","85","1"
"orientdb","1e118bb70cd79f6c0a9146563e487a477ec555e0","graphdb/src/test/java/com/tinkerpop/blueprints/impls/orient/TestSelectProjectionVertexRemote.java","3","0","0","4","65","81","0"
"neo4j","9c79c33600e5511ac1320496d1bdd614808a973c","enterprise/core-edge/src/test/java/org/neo4j/coreedge/raft/log/segmented/StoreChannelPoolTest.java","3","0","0","4","67","110","1"
"neo4j","c3a5cbf00866abb108bf34ce2e0680026fdd2025","community/kernel/src/test/java/org/neo4j/kernel/internal/locker/GlobalStoreLockerTest.java","3","0","0","4","68","101","0"
"hazelcast","1c090ad87906d51892a32c2aa0a32d34002298ec","hazelcast-client/src/test/java/com/hazelcast/client/map/ClientWriteBehindFlushTest.java","3","0","0","4","69","106","1"
"neo4j","6c7da498fdbe7b863acfcc5b1506ed50e55b1727","enterprise/cluster/src/test/java/org/neo4j/cluster/protocol/atomicbroadcast/multipaxos/context/AtomicBroadcastContextImplTest.java","3","0","0","4","77","121","1"
"neo4j","4b43d75466e1910cf1c1ddbf2c2a33412fc8ba2c","enterprise/metrics/src/test/java/org/neo4j/metrics/MetricsKernelExtensionFactoryIT.java","3","0","0","4","78","113","0"
"neo4j","2a8ce50ac294034755064f1eb2ea4593203a7fcb","enterprise/metrics/src/test/java/org/neo4j/metrics/MetricsKernelExtensionFactoryIT.java","3","0","0","4","79","114","1"
"hazelcast","b7ff9c1106d3689634751e0ff1370c15a2398f68","hazelcast-client/src/test/java/com/hazelcast/client/io/ClientSocketInterceptorTest.java","3","0","0","4","80","110","1"
"hazelcast","810540661cf0b9662e3e1bc9b5dabc53a3c052f1","hazelcast/src/test/java/com/hazelcast/map/impl/querycache/QueryCacheCoalescingTest.java","3","0","0","4","80","99","1"
"elasticsearch","e00db235bc1aa0765f5b21a9dc40a4e94197b68c","core/src/test/java/org/elasticsearch/action/search/AbstractSearchAsyncActionTests.java","3","0","0","4","82","119","1"
"elasticsearch","b3e7e85cf110b6d48cab4f82fa1fc689975e81de","core/src/test/java/org/elasticsearch/action/search/AbstractSearchAsyncActionTests.java","3","0","0","4","83","120","0"
"neo4j","868b4d731485023d2f7477e1133dcd5b263c851d","enterprise/metrics/src/test/java/org/neo4j/metrics/output/CsvOutputTest.java","3","0","0","4","83","129","0"
"hazelcast","b1b71398a1860e5187c3aaa1e4b641f8b09d1254","hazelcast-client/src/test/java/com/hazelcast/client/cache/impl/nearcache/invalidation/ClientCacheNearCacheSmokeTest.java","3","0","0","4","86","132","0"
"hazelcast","ad1790f7ac618c7a5bf8f548c3650937b7ee3a89","hazelcast/src/test/java/com/hazelcast/internal/management/ManagementCenterServiceIntegrationTest.java","3","0","0","4","88","104","0"
"hazelcast","1b73d8d9ded0d4662dd69bc3031283f8195f37de","hazelcast/src/test/java/com/hazelcast/internal/management/ManagementCenterServiceTest.java","3","0","0","4","89","103","0"
"netty","3268d6fc2ebfbd83d2f8574607316a6e990cb1f8","codec-http/src/test/java/io/netty/handler/codec/http/websocketx/WebSocketFrameAggregatorTest.java","3","0","0","4","94","130","0"
"neo4j","a93c570faa774c1a40b635b6a3e6d8ccb61a99e8","enterprise/metrics/src/test/java/org/neo4j/metrics/output/CsvOutputTest.java","3","0","0","4","94","143","1"
"hazelcast","cdb8b0e0e259c0992856d553f2aa04499043c84d","hazelcast/src/test/java/com/hazelcast/map/impl/StoreLatencyPlugin_MapIntegrationTest.java","3","0","0","4","95","121","0"
"hazelcast","810540661cf0b9662e3e1bc9b5dabc53a3c052f1","hazelcast/src/test/java/com/hazelcast/map/impl/StoreLatencyPlugin_MapIntegrationTest.java","3","0","0","4","96","123","1"
"hazelcast","9e20ebf00823b002cf624524dd25ded172a14830","hazelcast/src/test/java/com/hazelcast/spi/impl/AbstractCompletableFutureTest.java","3","0","0","43","383","495","1"
"hazelcast","a4d8c77c49156021a3f38af6250e61b7bdc7db6c","hazelcast/src/test/java/com/hazelcast/spi/impl/AbstractCompletableFutureTest.java","3","0","0","43","383","495","1"
"hazelcast","3eeb1de0a2a25fd7b18a8fd2688ffc749bedad2e","hazelcast/src/test/java/com/hazelcast/spi/impl/AbstractCompletableFutureTest.java","3","0","0","43","383","495","0"
"hazelcast","70d4de16ff0ac4518d09aad8c9f2ad9e782fb337","hazelcast/src/test/java/com/hazelcast/cache/config/CacheConfigTest.java","3","0","0","47","500","619","1"
"hazelcast","244e81cbedfc4fbc6f4ccc79ef1f0d969c942128","hazelcast/src/test/java/com/hazelcast/config/InvalidConfigurationTest.java","3","0","0","48","426","529","1"
"hazelcast","4129482de63bc974f46700caa8d99e0aa8b07e5f","hazelcast/src/test/java/com/hazelcast/config/CacheConfigTest.java","3","0","0","48","498","618","1"
"hazelcast","b60a20172d09f77c2aa33b040b8b0a5fa41b05ed","hazelcast/src/test/java/com/hazelcast/internal/management/ManagementCenterServiceIntegrationTest.java","3","0","0","5","100","115","0"
"hazelcast","cdb8b0e0e259c0992856d553f2aa04499043c84d","hazelcast/src/test/java/com/hazelcast/internal/management/ManagementCenterServiceIntegrationTest.java","3","0","0","5","100","115","0"
"hazelcast","0ca68806b7759c19fab3efcf393c83dbe774f9ec","hazelcast/src/test/java/com/hazelcast/internal/management/ManagementCenterServiceIntegrationTest.java","3","0","0","5","100","115","1"
"netty","11f9e9084b2da5e7a0e48c6a5c86be0f41a584de","transport/src/test/java/io/netty/channel/embedded/EmbeddedChannelTest.java","3","0","0","5","100","126","0"
"netty","8dbf5d02e53a72c42467b8dc0a5e1482d5f49af4","testsuite/src/main/java/io/netty/testsuite/transport/socket/SocketRstTest.java","3","0","0","5","102","145","0"
"hazelcast","45fc4414c1dca0d0769d5a4b4e1425af5b0802c5","hazelcast/src/test/java/com/hazelcast/internal/management/ManagementCenterServiceIntegrationTest.java","3","0","0","5","103","120","0"
"hazelcast","810540661cf0b9662e3e1bc9b5dabc53a3c052f1","hazelcast/src/test/java/com/hazelcast/internal/management/ManagementCenterServiceIntegrationTest.java","3","0","0","5","104","121","1"
"orientdb","1b7171c450903f543d2cf0d3f0c805b58b4f701c","graphdb/src/test/java/com/orientechnologies/orient/graph/blueprints/GraphValidationTest.java","3","0","0","5","105","151","1"
"neo4j","0da6dae6f2ecbbab9a278f3757ef793cbe8d921f","enterprise/ha/src/test/java/org/neo4j/kernel/ha/TestBasicHaOperations.java","3","0","0","5","119","172","1"
"neo4j","559b00e493f0ed84c67ee063ceeb207a0c97d66c","enterprise/ha/src/test/java/org/neo4j/kernel/ha/transaction/TransactionPropagatorTest.java","3","0","0","5","123","179","0"
"neo4j","2e6bf156d51a494a381882d384378f627513bfd1","enterprise/ha/src/test/java/org/neo4j/kernel/ha/transaction/TransactionPropagatorTest.java","3","0","0","5","125","181","1"
"neo4j","d94daacb45225945a8ab3285f791f8ef58f943b0","enterprise/ha/src/test/java/org/neo4j/kernel/ha/TestBasicHaOperations.java","3","0","0","5","128","192","0"
"neo4j","e7b3407f3dfe22e4029042512fbf88c2d60aa94d","enterprise/cluster/src/test/java/org/neo4j/cluster/StateMachinesTest.java","3","0","0","5","138","192","1"
"neo4j","a2206e2451ffe226128a69a43f7f1f59409a0217","enterprise/cluster/src/test/java/org/neo4j/cluster/StateMachinesTest.java","3","0","0","5","143","199","0"
"hazelcast","3d6bcba501e62df97fb0d222eb966362c2951a5c","hazelcast/src/test/java/com/hazelcast/spi/impl/operationservice/impl/Invocation_NetworkSplitTest.java","3","0","0","5","190","263","0"
"hazelcast","e1b69c53ca4923affcd7722f012a80e32517e988","hazelcast/src/test/java/com/hazelcast/spi/impl/operationservice/impl/Invocation_NetworkSplitTest.java","3","0","0","5","190","263","0"
"hazelcast","ba37274b98bec73967e5bb3dc5ee687387fb79d6","hazelcast/src/test/java/com/hazelcast/spi/impl/operationservice/impl/Invocation_NetworkSplitTest.java","3","0","0","5","190","263","1"
"neo4j","990fe648c6b49f319a515dd6b0757553c483ab11","enterprise/ha/src/test/java/org/neo4j/kernel/ha/cluster/SwitchToSlaveTest.java","3","0","0","5","222","290","0"
"orientdb","2228c1302483104febb0712814a9865ae5b48cb4","core/src/main/java/com/orientechnologies/orient/core/storage/impl/local/OStorageVariableParser.java","3","0","0","5","28","58","1"
"neo4j","c78d5b9a732e8512a6136e4194de35dbffdeaca6","community/kernel/src/test/java/org/neo4j/kernel/RecoveryTest.java","3","0","0","5","312","404","1"
"hazelcast","08aa22d4cbd64e4769b7c539b8275096fd74888c","hazelcast/src/main/java/com/hazelcast/partition/impl/HasOngoingMigration.java","3","0","0","5","32","56","1"
"hazelcast","4c3a3aace4f0b653e357b1aee6df61856b5ed7b0","hazelcast/src/main/java/com/hazelcast/partition/impl/HasOngoingMigration.java","3","0","0","5","32","56","2"
"hazelcast","ad4ddf2df9984cf0d223775b80b2b1d985c5695a","hazelcast/src/main/java/com/hazelcast/partition/impl/HasOngoingMigration.java","3","0","0","5","32","56","2"
"hazelcast","8fa8695ee7d89fb65b6349f7bea75d17f15713a7","hazelcast/src/main/java/com/hazelcast/partition/impl/HasOngoingMigration.java","3","0","0","5","32","56","0"
"junit","e012e06dc326394a3a834d974e9af3fea0e6df91","src/main/java/org/junit/experimental/theories/PotentialAssignment.java","3","0","0","5","36","45","1"
"netty","505e767a09bc5d55cd0df35b8e0f8c59e9f7c507","transport/src/main/java/io/netty/channel/SingleThreadEventLoop.java","3","0","0","5","36","59","1"
"netty","421eabe666f5eb3c760c757e991e4f37213f7333","transport/src/main/java/io/netty/channel/SingleThreadEventLoop.java","3","0","0","5","37","60","0"
"hazelcast","a43f8ee8ca77bddba7a0b7c0a5422bc2ee7b1788","hazelcast/src/main/java/com/hazelcast/internal/ascii/memcache/BulkGetCommand.java","3","0","0","5","40","67","0"
"neo4j","2bab615d2023ad72e4595f2a58594e6b999385f5","community/kernel/src/main/java/org/neo4j/kernel/api/exceptions/schema/CreateConstraintFailureException.java","3","0","0","5","42","69","0"
"hazelcast","0bf16b5dcf6b8e7bff13dc772d7bb7ab7dfa4998","hazelcast/src/test/java/com/hazelcast/spi/impl/DummyPartitionOperation.java","3","0","0","5","43","53","0"
"hazelcast","5009d4a90be3c901942a0a89cf29a92c074231f1","hazelcast/src/main/java/com/hazelcast/collection/impl/txncollection/operations/CollectionRollbackBackupOperation.java","3","0","0","5","43","70","0"
"orientdb","2a06ddfcd18a9c9797bc721e91faab337f7b6b6b","jdbc/src/test/java/com/orientechnologies/orient/jdbc/OrientJdbcResultSetTest.java","3","0","0","5","44","60","1"
"hazelcast","565257f977407eb3a0199d082860209c2958f5f9","hazelcast/src/main/java/com/hazelcast/ringbuffer/impl/operations/AddAllBackupOperation.java","3","0","0","5","44","73","1"
"orientdb","f4ccd6b0c2e1e33dd9420915e3b4916f9fbebc30","jdbc/src/test/java/com/orientechnologies/orient/jdbc/OrientJdbcResultSetTest.java","3","0","0","5","45","61","0"
"hazelcast","4b9cef83c2c99af4df9d1d0338f29a7dc1c9eda8","hazelcast/src/main/java/com/hazelcast/spi/impl/eventservice/impl/LocalEventDispatcher.java","3","0","0","5","45","71","1"
"hazelcast","e1b69c53ca4923affcd7722f012a80e32517e988","hazelcast/src/main/java/com/hazelcast/internal/cluster/impl/operations/MemberAttributeChangedOp.java","3","0","0","5","45","73","0"
"elasticsearch","2f8def11b5109eb80b47422a200bf7b7e07c8467","core/src/test/java/org/elasticsearch/search/aggregations/bucket/geogrid/GeoHashGridParserTests.java","3","0","0","5","47","73","0"
"hazelcast","5009d4a90be3c901942a0a89cf29a92c074231f1","hazelcast/src/main/java/com/hazelcast/collection/impl/txncollection/operations/CollectionPrepareBackupOperation.java","3","0","0","5","47","74","0"
"hazelcast","704d591b1123a99103cef3052012406491835bb1","hazelcast/src/main/java/com/hazelcast/client/ClientDisconnectionOperation.java","3","0","0","5","47","75","0"
"hazelcast","4ed50dff65bc355d89442c5dbe9b2ab89d786f56","hazelcast/src/main/java/com/hazelcast/scheduledexecutor/impl/ScheduledExecutorMemberBin.java","3","0","0","5","47","79","1"
"hazelcast","c7eef29985d101a17b61f793ebfcef045403b28e","hazelcast/src/main/java/com/hazelcast/client/ClientDisconnectionOperation.java","3","0","0","5","49","77","1"
"hazelcast","27d49efcee88ee428254cf38353e8698ea127c45","hazelcast/src/main/java/com/hazelcast/client/impl/operations/ClientDisconnectionOperation.java","3","0","0","5","51","79","1"
"elasticsearch","9ac3887139c15c6dfbcf13493415b0ff56a912d0","modules/ingest-grok/src/test/java/org/elasticsearch/ingest/grok/GrokProcessorFactoryTests.java","3","0","0","5","56","88","1"
"neo4j","a02a1d2234247d23ceacd27e70f01fd984469319","enterprise/security/src/main/java/org/neo4j/server/security/enterprise/auth/plugin/PluginAuthenticationInfo.java","3","0","0","5","57","86","1"
"neo4j","8ab0685a4620653b3c1764d5bd04598a2e954bb2","enterprise/security/src/main/java/org/neo4j/server/security/enterprise/auth/plugin/PluginAuthenticationInfo.java","3","0","0","5","58","87","1"
"neo4j","ef16d4f8c7d4c89449c7e136c6610c513e10fe4e","enterprise/security/src/main/java/org/neo4j/server/security/enterprise/auth/plugin/PluginAuthenticationInfo.java","3","0","0","5","59","88","0"
"elasticsearch","b007af1f464f49849705356a2eea212ed68643ac","src/main/java/org/elasticsearch/common/lucene/search/function/CombineFunction.java","3","0","0","5","59","91","0"
"netty","a517cce92fee24f2967bba7c84eea835b79fcab1","codec-http2/src/test/java/io/netty/handler/codec/http2/internal/hpack/HuffmanTest.java","3","0","0","5","60","108","1"
"hazelcast","ffe9301db5174bd688cf5f986f7078484fa6cef7","hazelcast/src/main/java/com/hazelcast/map/operation/AddIndexOperation.java","3","0","0","5","61","89","0"
"netty","54559a95956ba26bd75790fad04f7057fe0f6674","codec-http/src/test/java/io/netty/handler/codec/http/HttpClientCodecTest.java","3","0","0","5","65","103","0"
"neo4j","a773f11325b96d4ef22538f3ceaa1cf81ea24560","enterprise/core-edge/src/test/java/org/neo4j/coreedge/catchup/TimeoutLoopTest.java","3","0","0","5","65","114","1"
"neo4j","4e13feaa5058f4f1b623704bbde288b5850c1ec6","community/security/src/test/java/org/neo4j/commandline/admin/security/ListCommandTest.java","3","0","0","5","66","106","0"
"neo4j","8e057a683b13cd7c2d6155e5dc80d673442431c1","enterprise/core-edge/src/test/java/org/neo4j/coreedge/catchup/TimeoutLoopTest.java","3","0","0","5","67","116","0"
"neo4j","9e19238bad14e2ea915c17009903d636f448bfae","community/bolt/src/test/java/org/neo4j/bolt/v1/transport/integration/RejectTransportEncryptionIT.java","3","0","0","5","70","106","0"
"neo4j","691e0ace0344f1b545616bb278d4ea2a30f13308","community/bolt/src/test/java/org/neo4j/bolt/v1/transport/integration/RejectTransportEncryptionIT.java","3","0","0","5","70","107","0"
"hazelcast","a307b7929d169054db70b9dce648d8ade5b84851","hazelcast-jclouds/src/test/java/com/hazelcast/jclouds/ComputeServiceBuilderTest.java","3","0","0","5","71","83","1"
"neo4j","7b890cea4f0be50e697d6ba272edb6b74b84e373","community/security/src/test/java/org/neo4j/commandline/admin/security/ListCommandTest.java","3","0","0","5","72","113","1"
"neo4j","2fb8aea71a2d50c63f1407b9e975c5e8cbf325dc","community/security/src/test/java/org/neo4j/server/security/auth/AuthProceduresTest.java","3","0","0","5","72","117","2"
"neo4j","77bb150cf3bd5187752557148db7b6744ed3709f","community/kernel/src/test/java/org/neo4j/kernel/api/txtracking/TransactionIdTrackerTest.java","3","0","0","5","72","118","0"
"netty","be8c16cd0c54f9013b539741bf2a1db13ddc0126","handler/src/test/java/io/netty/handler/ssl/SniClientTest.java","3","0","0","5","80","105","0"
"netty","e220c568232fe9b479e3ac7a5b66f5a97dcc2c39","handler/src/test/java/io/netty/handler/ssl/SniClientTest.java","3","0","0","5","80","105","0"
"netty","dd055c01c78c3a6ce5b9195890486a6e1ab072d2","handler/src/test/java/io/netty/handler/ssl/SniClientTest.java","3","0","0","5","80","105","1"
"MapDB","d9b73c45511ef0b8c33beb61fc4aee5d635a6d32","src/test/java/org/mapdb/StoreAppendTest.java","3","0","0","5","80","110","2"
"elasticsearch","75d5b83367145eb382edde2b37285dee75c71f8d","core/src/test/java/org/elasticsearch/index/analysis/AnalysisTests.java","3","0","0","5","80","112","0"
"MapDB","b84df1ab7522f9d0e6161dee0cb0261cf8e07297","src/test/java/org/mapdb/StoreAppendTest.java","3","0","0","5","81","111","0"
"hazelcast","3f46545bdca45f33e9257a896121007a1569235f","hazelcast/src/test/java/com/hazelcast/osgi/impl/HazelcastOSGiScriptEngineFactoryTest.java","3","0","0","5","82","122","1"
"neo4j","197393a3c66dacf10c813cdcb731971a30857e16","community/kernel/src/test/java/org/neo4j/kernel/api/txtracking/TransactionIdTrackerTest.java","3","0","0","5","82","129","0"
"hazelcast","f295320580a557b2609ec22ae2abe788b0110bb3","hazelcast/src/test/java/com/hazelcast/osgi/impl/HazelcastOSGiScriptEngineFactoryTest.java","3","0","0","5","83","122","0"
"neo4j","868b4d731485023d2f7477e1133dcd5b263c851d","community/lucene-index/src/test/java/org/neo4j/kernel/api/impl/index/LuceneIndexIT.java","3","0","0","5","89","129","0"
"neo4j","c78d5b9a732e8512a6136e4194de35dbffdeaca6","enterprise/causal-clustering/src/test/java/org/neo4j/causalclustering/backup/ClusterSeedingIT.java","3","0","0","5","89","135","1"
"neo4j","a93c570faa774c1a40b635b6a3e6d8ccb61a99e8","community/lucene-index/src/test/java/org/neo4j/kernel/api/impl/index/LuceneIndexIT.java","3","0","0","5","90","130","1"
"neo4j","5b477991633ccddb51f206e827fed8ec3509e8c1","enterprise/core-edge/src/test/java/org/neo4j/coreedge/core/consensus/membership/MembershipWaiterTest.java","3","0","0","5","90","132","1"
"neo4j","886dbb454deaae6adcb4ff26e76f6e225eedca55","enterprise/core-edge/src/test/java/org/neo4j/coreedge/scenarios/RestartIT.java","3","0","0","5","90","158","0"
"elasticsearch","e1efd5f6baf8dec1c23c79b346b8a29f234a98bb","core/src/test/java/org/elasticsearch/search/functionscore/ExplainableScriptIT.java","3","0","0","5","92","124","0"
"neo4j","9c79c33600e5511ac1320496d1bdd614808a973c","enterprise/core-edge/src/test/java/org/neo4j/coreedge/scenarios/RestartIT.java","3","0","0","5","92","156","1"
"hazelcast","6ac727db661eb934e5608e28e8a3603e7300d710","hazelcast-client/src/test/java/com/hazelcast/client/map/ClientWriteBehindFlushTest.java","3","0","0","5","95","141","0"
"neo4j","61dccb6b78bc1618da0ef9f1a70d7b524b945ab7","community/bolt/src/test/java/org/neo4j/bolt/v1/runtime/integration/TestSessions.java","3","0","0","5","96","126","1"
"neo4j","57d6d3b885ab6d91d2f556a437e082e308316788","enterprise/core-edge/src/test/java/org/neo4j/coreedge/core/consensus/membership/MembershipWaiterTest.java","3","0","0","5","97","142","0"
"elasticsearch","562c3744cab91aa083cb645c67ef57ebb20c8661","core/src/main/java/org/elasticsearch/common/lucene/search/function/ScriptScoreFunction.java","3","0","0","5","98","137","0"
"neo4j","74a1a9548eb21aa21d3b16f5433017523684b770","community/shell/src/main/java/org/neo4j/shell/kernel/ReadOnlyGraphDatabaseProxy.java","3","0","0","52","872","1060","1"
"hazelcast","a18d0e135dc14ea3265896e288923cd1e61a4760","hazelcast/src/test/java/com/hazelcast/cache/instance/CacheHazelcastInstanceAwareTest.java","3","0","0","53","389","515","1"
"neo4j","dc4c2d96ee965fb6411950e6a767a3527872d698","community/shell/src/main/java/org/neo4j/shell/kernel/ReadOnlyGraphDatabaseProxy.java","3","0","0","53","880","1069","0"
"netty","be8b6c6f24e21eb8704720200b84a4a9c8b0ce9f","handler/src/test/java/io/netty/handler/ssl/SslHandlerTest.java","3","0","0","6","104","152","1"
"neo4j","4f021ca29bae1d5264461a88c40fae307328598f","community/consistency-check/src/test/java/org/neo4j/consistency/ConsistencyCheckToolTest.java","3","0","0","6","109","164","1"
"netty","e4195334988236e7e30a4a802630b14956ce5b4b","transport/src/test/java/io/netty/channel/embedded/EmbeddedChannelTest.java","3","0","0","6","111","138","1"
"orientdb","3e920fd2b6c20b8d17f4119cff1edde42a2802bf","core/src/test/java/com/orientechnologies/orient/core/db/hook/CheckHookCallCountTest.java","3","0","0","6","112","132","0"
"orientdb","cbeda542252f709a04865fb875ddd4b785847de1","core/src/test/java/com/orientechnologies/orient/core/db/hook/CheckHookCallCountTest.java","3","0","0","6","112","132","0"
"orientdb","13c84a352a84fa9a8e4b68c8913322c99e1dca97","core/src/test/java/com/orientechnologies/orient/core/db/hook/CheckHookCallCountTest.java","3","0","0","6","112","132","1"
"orientdb","c1f0f046093d166b58193818b359c73d4a50c228","tests/src/test/java/com/orientechnologies/orient/test/database/auto/RecordReloadTest.java","3","0","0","6","118","163","0"
"antlr4","29c2712ae1eee9575324db48c2f72c7cb0d28308","tool/test/org/antlr/v4/test/tool/TestBufferedTokenStream.java","3","0","0","6","122","181","0"
"neo4j","f3a55b31e7ffe56236904e3e19875c29a444226c","enterprise/ha/src/test/java/org/neo4j/ha/BackupHaIT.java","3","0","0","6","124","171","1"
"neo4j","295c17b1e5ea7595338a8af169b71b1e4ee71474","community/kernel/src/test/java/org/neo4j/kernel/counts/LabelCountsTest.java","3","0","0","6","137","199","1"
"hazelcast","0261611ce1d6e95cd84910390d1c0c653fa0dfd2","hazelcast/src/test/java/com/hazelcast/aggregation/AggregatorsTest.java","3","0","0","6","141","203","0"
"elasticsearch","93b04fb7bd9731b806de297650e734cc923727d7","core/src/test/java/org/elasticsearch/index/query/SpanNearQueryBuilderTests.java","3","0","0","6","142","177","1"
"elasticsearch","94087b3274c1f4c98c100886e4ad9aefd32c4582","core/src/test/java/org/elasticsearch/search/collapse/CollapseBuilderTests.java","3","0","0","6","142","181","0"
"hazelcast","dd0e661f64ff3f6c9e0704e5a93d1cb5527a33f2","hazelcast/src/test/java/com/hazelcast/aggregation/AggregatorsSpecTest.java","3","0","0","6","163","195","1"
"neo4j","c7f639a505e07a63948b50208d53357d2a62d096","community/kernel/src/test/java/org/neo4j/kernel/impl/storageengine/impl/recordstorage/RecordStorageEngineTest.java","3","0","0","6","164","212","0"
"elasticsearch","7d4ed5b19ebc25d608d70babab0fb08f0c9ea122","core/src/test/java/org/elasticsearch/cluster/DiskUsageTests.java","3","0","0","6","179","221","1"
"elasticsearch","12f53090417d01134f92281b8285a5783f971887","core/src/test/java/org/elasticsearch/ElasticsearchExceptionTests.java","3","0","0","6","204","268","2"
"hazelcast","47b48594cce33ec1cec54b6fa89af2acf2da2fed","hazelcast/src/test/java/com/hazelcast/spi/impl/operationservice/impl/InvocationNetworkSplitTest.java","3","0","0","6","206","281","1"
"hazelcast","08aa22d4cbd64e4769b7c539b8275096fd74888c","hazelcast/src/test/java/com/hazelcast/spi/impl/operationservice/impl/InvocationNetworkSplitTest.java","3","0","0","6","206","282","1"
"hazelcast","f4c33973f2e5f804f6743683b11c8a43922bfc7e","hazelcast/src/test/java/com/hazelcast/spi/impl/operationservice/impl/Invocation_NetworkSplitTest.java","3","0","0","6","210","290","1"
"hazelcast","0dcac2107149f1a24af61788b11b53bd49eb4a73","hazelcast/src/test/java/com/hazelcast/spi/impl/operationservice/impl/InvocationNetworkSplitTest.java","3","0","0","6","211","288","0"
"hazelcast","2921cff694583b8638dae2991f427e61d5440a9d","hazelcast/src/test/java/com/hazelcast/spi/impl/operationservice/impl/Invocation_NetworkSplitTest.java","3","0","0","6","211","288","0"
"hazelcast","1f042b8c4a4245594691bb6d85a66ceed9b43068","hazelcast/src/test/java/com/hazelcast/spi/impl/operationservice/impl/Invocation_NetworkSplitTest.java","3","0","0","6","211","288","1"
"neo4j","01b8004f6728da75183eae7588ebc532d8257324","enterprise/com/src/test/java/org/neo4j/com/storecopy/StoreCopyClientTest.java","3","0","0","6","250","342","1"
"elasticsearch","5f77ddf45d8e879bbf7e579cf80c895c9b03f46d","core/src/test/java/org/elasticsearch/indices/IndicesRequestCacheTests.java","3","0","0","6","269","340","1"
"neo4j","8c6ea9c74583500328fd0a9ad3469cc3a41b563f","community/kernel/src/test/java/org/neo4j/kernel/impl/transaction/state/TransactionRecordStateTest.java","3","0","0","6","272","355","1"
"hazelcast","389c25b47e3424ed9556cca74928774f21c029c4","hazelcast/src/main/java/com/hazelcast/executor/impl/MemberCallableTaskOperation.java","3","0","0","6","29","53","0"
"hazelcast","5d76b88aee4b43cf38817aad18390e2f0f8d76c2","hazelcast/src/main/java/com/hazelcast/executor/impl/MemberCallableTaskOperation.java","3","0","0","6","29","54","1"
"hazelcast","8076f2ff1d62876a4c31830873ff273c5529feb5","hazelcast/src/main/java/com/hazelcast/executor/impl/MemberCallableTaskOperation.java","3","0","0","6","29","54","1"
"hazelcast","d1619d49557f0bb491b57b62b2eb361776594378","hazelcast/src/main/java/com/hazelcast/executor/impl/MemberCallableTaskOperation.java","3","0","0","6","29","54","0"
"hazelcast","08aa22d4cbd64e4769b7c539b8275096fd74888c","hazelcast/src/main/java/com/hazelcast/executor/impl/operations/MemberCallableTaskOperation.java","3","0","0","6","30","54","1"
"hazelcast","4c3a3aace4f0b653e357b1aee6df61856b5ed7b0","hazelcast/src/main/java/com/hazelcast/executor/impl/operations/MemberCallableTaskOperation.java","3","0","0","6","30","54","2"
"hazelcast","ad4ddf2df9984cf0d223775b80b2b1d985c5695a","hazelcast/src/main/java/com/hazelcast/executor/impl/operations/MemberCallableTaskOperation.java","3","0","0","6","30","54","2"
"hazelcast","8fa8695ee7d89fb65b6349f7bea75d17f15713a7","hazelcast/src/main/java/com/hazelcast/executor/impl/operations/MemberCallableTaskOperation.java","3","0","0","6","30","54","0"
"ceylon-ide-eclipse","aaee4a5cc1ef9278070b92583a7cd1b6d82133b2","plugins/com.redhat.ceylon.eclipse.ui/src/com/redhat/ceylon/eclipse/code/refactor/AbstractRefactoringAction.java","3","0","0","6","32","52","0"
"neo4j","035903e9ebdada5ea1269b223a6b5ee102763a1d","community/kernel/src/test/java/org/neo4j/kernel/RecoveryTest.java","3","0","0","6","334","436","0"
"antlr4","2ffb12028a9eefcf7fa4bc617e10e05eb3c05d5c","runtime/Java/src/org/antlr/v4/runtime/LexerNoViableAltException.java","3","0","0","6","39","81","1"
"elasticsearch","4b94eb5cb8cc4294ed0e932a5f22c16bd90d4dd7","core/src/main/java/org/elasticsearch/action/fieldstats/FieldStatsShardResponse.java","3","0","0","6","40","69","2"
"elasticsearch","860efb2ad28db09189c8423e05d0dba53010259c","core/src/main/java/org/elasticsearch/action/fieldstats/FieldStatsShardResponse.java","3","0","0","6","40","69","2"
"elasticsearch","d3417fb02291f26964d77767020ef345d18c148f","core/src/main/java/org/elasticsearch/action/fieldstats/FieldStatsShardResponse.java","3","0","0","6","40","69","0"
"antlr4","e0e6e0a94c09b6a2a3528bd7f30d0514e6964418","runtime/Java/src/org/antlr/v4/runtime/LexerNoViableAltException.java","3","0","0","6","40","83","0"
"hazelcast","081a9a82ef841f2d91af579f204931cf550e0bbc","hazelcast/src/main/java/com/hazelcast/map/PartitionContainer.java","3","0","0","6","43","71","1"
"hazelcast","5864af6c827f2cb1e2fbe4d5c6462a9a03efafd9","hazelcast/src/main/java/com/hazelcast/map/PartitionContainer.java","3","0","0","6","43","71","1"
"hazelcast","85549e3acb34b7162c3cee3fe727ce5a9d859090","hazelcast/src/main/java/com/hazelcast/map/PartitionContainer.java","3","0","0","6","43","71","1"
"hazelcast","fc6e278674e0cc8f68a53f1b9d210d1e1fb8ed38","hazelcast/src/main/java/com/hazelcast/map/PartitionContainer.java","3","0","0","6","43","71","2"
"hazelcast","f46b12b008e3c5aaceef46dd3181e48476cb7afd","hazelcast/src/main/java/com/hazelcast/map/PartitionContainer.java","3","0","0","6","43","71","0"
"hazelcast","e1b69c53ca4923affcd7722f012a80e32517e988","hazelcast/src/main/java/com/hazelcast/internal/cluster/impl/operations/AuthorizationOp.java","3","0","0","6","44","72","0"
"neo4j","7e353eb373c1368391d8a6cbff32a76104a582d9","community/server/src/main/java/org/neo4j/server/rest/dbms/DelegatingPrincipal.java","3","0","0","6","45","75","0"
"hazelcast","d568e4d926d925d57d4e79e34614390416749301","hazelcast/src/main/java/com/hazelcast/replicatedmap/impl/operation/ValuesOperation.java","3","0","0","6","52","80","0"
"ceylon-ide-eclipse","64a391fbabba6b9bc6b553abfa42466e0ca9673d","plugins/com.redhat.ceylon.eclipse.ui/src/com/redhat/ceylon/eclipse/code/correct/LinkedModeImporter.java","3","0","0","6","53","67","0"
"hazelcast","70d4de16ff0ac4518d09aad8c9f2ad9e782fb337","hazelcast/src/main/java/com/hazelcast/replicatedmap/impl/operation/KeySetOperation.java","3","0","0","6","53","80","1"
"orientdb","39a8884d03c0bc49b8ecf655a22fe80646afa1e6","spatial/src/main/java/com/orientechnologies/spatial/shape/OMultiLineStringShapeBuilder.java","3","0","0","6","53","81","0"
"hazelcast","fbd3e1238608c3819d5f34d87d3a3a7b28a10f50","hazelcast/src/main/java/com/hazelcast/client/impl/protocol/task/mapreduce/MapReduceCancelMessageTask.java","3","0","0","6","53","83","1"
"hazelcast","a4035afdfc67b757940a15578bc51b4e7b6b0b13","hazelcast/src/main/java/com/hazelcast/client/impl/protocol/task/executorservice/AbstractExecutorServiceCancelMessageTask.java","3","0","0","6","55","88","0"
"hazelcast","d38202141395360399c9cf97d4453adf5b1581e1","hazelcast/src/main/java/com/hazelcast/client/impl/protocol/task/executorservice/AbstractExecutorServiceCancelMessageTask.java","3","0","0","6","56","89","1"
"hazelcast","d568e4d926d925d57d4e79e34614390416749301","hazelcast/src/main/java/com/hazelcast/replicatedmap/impl/operation/EntrySetOperation.java","3","0","0","6","57","85","0"
"hazelcast","70d4de16ff0ac4518d09aad8c9f2ad9e782fb337","hazelcast/src/main/java/com/hazelcast/replicatedmap/impl/operation/EntrySetOperation.java","3","0","0","6","58","85","1"
"hazelcast","e1b69c53ca4923affcd7722f012a80e32517e988","hazelcast/src/main/java/com/hazelcast/internal/cluster/impl/operations/MergeClustersOp.java","3","0","0","6","58","89","0"
"netty","918dd54a721458f46888ef8beb2c8f9b2911dee0","common/src/test/java/io/netty/util/internal/AppendableCharSequenceTest.java","3","0","0","6","58","95","1"
"BroadleafCommerce","bcd28749d2f649af1283732c505640ab2f7e56f7","core/broadleaf-framework-web/src/main/java/org/broadleafcommerce/core/web/controller/account/BroadleafUpdateAccountController.java","3","0","0","6","59","100","0"
"neo4j","886dbb454deaae6adcb4ff26e76f6e225eedca55","enterprise/core-edge/src/test/java/org/neo4j/coreedge/raft/log/segmented/PositionCacheTest.java","3","0","0","6","61","113","0"
"hazelcast","1b48e275ad2d52d7d01740ca5ca23ef554a4ea4f","hazelcast/src/main/java/com/hazelcast/map/operation/PutAllBackupOperation.java","3","0","0","6","66","97","0"
"hazelcast","7f72f81a8e601c8b384da33754fba2fdbfa21119","hazelcast/src/main/java/com/hazelcast/map/operation/PutAllBackupOperation.java","3","0","0","6","66","97","0"
"hazelcast","df0d7fd83bf0ba427592c2727a417af3136f8d5f","hazelcast/src/main/java/com/hazelcast/map/operation/PutAllBackupOperation.java","3","0","0","6","66","97","1"
"hazelcast","197b7f6cf80ed8302d0cbc043911becc2ae9a387","hazelcast/src/test/java/com/hazelcast/nio/serialization/ByteArrayObjectDataOutputTest.java","3","0","0","6","72","93","0"
"hazelcast","948f165ab845843aa3517f9233ca70bfc092d4f4","hazelcast/src/test/java/com/hazelcast/cluster/ClusterShutdownTest.java","3","0","0","6","77","99","0"
"hazelcast","7114bf1262dcaea3ab245e4143686dff6d4b2547","hazelcast/src/test/java/com/hazelcast/cluster/ClusterShutdownTest.java","3","0","0","6","83","104","1"
"hazelcast","d9292fd76e89c9672b1233cc5867f1eeedb090c6","hazelcast/src/test/java/com/hazelcast/cache/CacheCreationTest.java","3","0","0","6","84","112","0"
"elasticsearch","1959275622ca35997420213d979a1724944aa4f6","src/test/java/org/elasticsearch/exists/SimpleExistsTests.java","3","0","0","6","84","132","1"
"elasticsearch","e1efd5f6baf8dec1c23c79b346b8a29f234a98bb","core/src/test/java/org/elasticsearch/script/NativeScriptTests.java","3","0","0","6","85","116","0"
"hazelcast","7ff7078a956747abfb4d9470e78bb85bb1d181fa","hazelcast-client-legacy/src/main/java/com/hazelcast/client/spi/impl/listener/ClientListenerServiceImpl.java","3","0","0","6","85","118","1"
"hazelcast","584996c0c9a11facf995848e53a5a2ef79a3889a","hazelcast/src/test/java/com/hazelcast/cache/CacheCreationTest.java","3","0","0","6","86","116","0"
"hazelcast","d568e4d926d925d57d4e79e34614390416749301","hazelcast/src/test/java/com/hazelcast/cache/CacheCreationTest.java","3","0","0","6","86","116","0"
"hazelcast","e4d46ca401d9c016252d3cb1c7eeb98da22b123c","hazelcast/src/test/java/com/hazelcast/cache/CacheCreationTest.java","3","0","0","6","86","116","0"
"hazelcast","b753aeeb27f1b35ef0e8043027a09001e02abf62","hazelcast/src/test/java/com/hazelcast/cache/CacheCreationTest.java","3","0","0","6","86","116","1"
"hazelcast","eae5aabe2df5d86740f725387d4b9c32fb6d5495","hazelcast/src/test/java/com/hazelcast/cache/CacheCreationTest.java","3","0","0","6","86","116","1"
"hazelcast","059e863eb7de6e9f9d4c5a747bdb4690a6c95257","hazelcast-client/src/test/java/com/hazelcast/client/spi/impl/ClientConnectionManagerTranslateTest.java","3","0","0","6","86","125","1"
"neo4j","30d4bb296ca9e258c15176437d519217e1f66dc6","community/server/src/test/java/org/neo4j/server/BaseBootstrapperTest.java","3","0","0","6","86","139","0"
"netty","719d1dbad1078ea20ea385bd9f2c16847dcb81ae","resolver-dns/src/test/java/io/netty/resolver/dns/DnsServerAddressesTest.java","3","0","0","6","87","127","0"
"hazelcast","469fa40f02c9c14d20a9620ee7adf7767e9e5fb2","hazelcast/src/test/java/com/hazelcast/cache/CacheCreationTest.java","3","0","0","6","88","117","1"
"orientdb","58a69086d40df6f8f824b069d343eda7852df1be","tests/src/test/java/com/orientechnologies/orient/test/database/auto/TruncateClusterTest.java","3","0","0","6","88","124","0"
"netty","1856ab3a3516435f5481ff9a3a06233b849b46e7","resolver-dns/src/test/java/io/netty/resolver/dns/DnsServerAddressesTest.java","3","0","0","6","90","130","1"
"elasticsearch","42718936d936bfd987b384e7a38054462b5e05cc","core/src/test/java/org/elasticsearch/index/mapper/id/IdMappingTests.java","3","0","0","6","90","131","0"
"elasticsearch","efc9e8fe7b21148095084c36d55cb2f218a3da88","src/test/java/org/elasticsearch/test/integration/search/preference/SearchPreferenceTests.java","3","0","0","6","93","133","0"
"netty","e55a1f11b54333697d0bf72047695bcb914c2333","transport/src/main/java/io/netty/channel/socket/nio/NioServerSocketChannel.java","3","0","0","6","94","132","0"
"neo4j","41f195edd39d03ebe0064a8daa3506631894681b","community/kernel/src/test/java/org/neo4j/kernel/impl/transaction/log/entry/LogHeaderReaderTest.java","3","0","0","6","98","157","1"
"hazelcast","564167c1f93b32ce742411106e9ae67eae88a801","hazelcast/src/test/java/com/hazelcast/multimap/MultiMapLockTest.java","3","0","0","7","106","139","3"
"elasticsearch","046abdc281c321cd2128ee7684c0edfcaca07203","modules/transport-netty3/src/test/java/org/elasticsearch/transport/netty3/Netty3TransportMultiPortTests.java","3","0","0","7","109","148","2"
"elasticsearch","22e63b478306fb3cab6ba8967db6e1f2b73cdfd8","modules/transport-netty3/src/test/java/org/elasticsearch/transport/netty3/Netty3TransportMultiPortTests.java","3","0","0","7","109","148","1"
"elasticsearch","e74d02138f02a66331b2611b5e70a908bb49cb97","modules/transport-netty3/src/test/java/org/elasticsearch/transport/netty3/Netty3TransportMultiPortTests.java","3","0","0","7","109","148","0"
"elasticsearch","046abdc281c321cd2128ee7684c0edfcaca07203","modules/transport-netty4/src/test/java/org/elasticsearch/transport/netty4/NettyTransportMultiPortTests.java","3","0","0","7","109","149","2"
"elasticsearch","22e63b478306fb3cab6ba8967db6e1f2b73cdfd8","modules/transport-netty4/src/test/java/org/elasticsearch/transport/netty4/NettyTransportMultiPortTests.java","3","0","0","7","109","149","1"
"elasticsearch","e74d02138f02a66331b2611b5e70a908bb49cb97","modules/transport-netty4/src/test/java/org/elasticsearch/transport/netty4/NettyTransportMultiPortTests.java","3","0","0","7","109","149","0"
"elasticsearch","31bf279ec7bdc96eced2b2509a75285ecd586314","core/src/test/java/org/elasticsearch/index/mapper/NumberFieldTypeTests.java","3","0","0","7","113","153","2"
"elasticsearch","fae9dcaed755b47398fb93c23dec81b1d84e8e36","src/test/java/org/elasticsearch/common/joda/DateMathParserTests.java","3","0","0","7","114","160","2"
"hazelcast","5fe199d1da076c961de5918d23c677bb87200d25","hazelcast/src/test/java/com/hazelcast/partition/PartitionMigrationListenerTest.java","3","0","0","7","116","150","0"
"elasticsearch","3759aad7378314efddc90813bd6439ad2ecfd060","core/src/main/java/org/elasticsearch/common/lucene/search/function/CombineFunction.java","3","0","0","7","116","157","2"
"hazelcast","9e5047b704c63949517ce97e5dddd46de7662c63","hazelcast/src/test/java/com/hazelcast/partition/PartitionMigrationListenerTest.java","3","0","0","7","117","151","1"
"neo4j","d18036bcbb3366878fc23702f9c89b83b62f8245","enterprise/core-edge/src/test/java/org/neo4j/coreedge/raft/DelayedRenewableTimeoutServiceTest.java","3","0","0","7","120","203","0"
"neo4j","39268c02b5582a6a8953067aac474bfc0d3e7af2","enterprise/core-edge/src/test/java/org/neo4j/coreedge/raft/DelayedRenewableTimeoutServiceTest.java","3","0","0","7","120","204","1"
"neo4j","035903e9ebdada5ea1269b223a6b5ee102763a1d","enterprise/causal-clustering/src/test/java/org/neo4j/causalclustering/backup/ClusterSeedingIT.java","3","0","0","7","124","187","0"
"elasticsearch","3f06d9f3b8516bb30a2890a36c2973f08f9c6076","modules/lang-painless/src/test/java/org/elasticsearch/painless/StringTests.java","3","0","0","7","127","186","0"
"neo4j","ec0a4490c9fe1e83e37d940b9c1fb896a2521a38","community/server/src/test/java/org/neo4j/server/rest/repr/MapRepresentationTest.java","3","0","0","7","132","176","0"
"elasticsearch","0a69f1e283e26e5d9e6a000b68b9f4778de557a1","core/src/test/java/org/elasticsearch/index/IndexSettingsTests.java","3","0","0","7","136","181","2"
"neo4j","e5ea526b14ce752e94a5460b1c85bf4567d8f97d","enterprise/causal-clustering/src/test/java/org/neo4j/commandline/dbms/UnbindFromClusterCommandTest.java","3","0","0","7","148","209","1"
"hazelcast","0261611ce1d6e95cd84910390d1c0c653fa0dfd2","hazelcast/src/test/java/com/hazelcast/aggregation/AggregatorsPortableTest.java","3","0","0","7","149","220","0"
"netty","f25f1f255d1ab49d21d27c6d44f5c24763fd5979","resolver-dns/src/test/java/io/netty/resolver/dns/SearchDomainTest.java","3","0","0","7","158","239","1"
"neo4j","85b401be093d95407312b03c02fd9df155786430","community/kernel/src/test/java/org/neo4j/kernel/counts/LabelCountsTest.java","3","0","0","7","159","229","0"
"hazelcast","0603aa048b33b7b63c240c8b0e5c509499c798f7","hazelcast-client-new/src/test/java/com/hazelcast/client/ClientConnectionTest.java","3","0","0","7","172","231","0"
"elasticsearch","8e01b093d0307a67a09bcb238452078becb62707","core/src/test/java/org/elasticsearch/cluster/DiskUsageTests.java","3","0","0","7","231","274","0"
"hazelcast","091a3e744a05d09fcec773e575a884646d7693a0","hazelcast-spring/src/test/java/com/hazelcast/spring/TestClientApplicationContext.java","3","0","0","7","242","314","1"
"hazelcast","1c78184690da54e92a3b589307ab66c0cc99eb3e","hazelcast/src/test/java/com/hazelcast/cache/merge/CacheSplitBrainTest.java","3","0","0","7","255","364","1"
"hazelcast","1c8aa690e6d64bbd003dceb14a511c66372f109f","hazelcast/src/test/java/com/hazelcast/cache/merge/CacheSplitBrainTest.java","3","0","0","7","264","377","0"
"hazelcast","929d07c17f918ee0901baef20651c04cf058dd31","hazelcast/src/test/java/com/hazelcast/cache/merge/CacheSplitBrainTest.java","3","0","0","7","268","381","1"
"neo4j","aac20ad73b1ea3e5d85a1071229273904086dd7c","community/kernel/src/test/java/org/neo4j/kernel/impl/transaction/state/TransactionRecordStateTest.java","3","0","0","7","303","408","0"
"neo4j","02db00065c45019d44b85fc53c820b7de6fddaff","community/kernel/src/test/java/org/neo4j/kernel/impl/transaction/log/PhysicalLogicalTransactionStoreTest.java","3","0","0","7","319","400","1"
"hazelcast","6fa8fa0639e5b44d288480f8991b18a2b31c1c8f","hazelcast/src/main/java/com/hazelcast/map/operation/AbstractMapOperation.java","3","0","0","7","34","61","1"
"hazelcast","2743198401f9984683493cadfc80ce2d4937ee7e","hazelcast/src/main/java/com/hazelcast/map/QueryEventFilter.java","3","0","0","7","36","63","1"
"junit","34e66740b9117ce85cfd416f9e931b2e533ab16e","src/main/java/org/junit/experimental/theories/PotentialAssignment.java","3","0","0","7","41","52","0"
"hazelcast","d92a47df773c9714e1811c860fb16abc7d5e550b","hazelcast/src/main/java/com/hazelcast/monitor/impl/HotRestartStateImpl.java","3","0","0","7","41","68","0"
"hazelcast","14cd049f230a8c5c201817964e7bcda15158e01c","hazelcast/src/main/java/com/hazelcast/scheduledexecutor/impl/AbstractScheduledExecutorContainerHolder.java","3","0","0","7","43","74","0"
"hazelcast","390e6627f765363d61fbbd0d80dd43eefd5c91d3","hazelcast/src/main/java/com/hazelcast/map/PartitionContainer.java","3","0","0","7","46","75","0"
"hazelcast","6d369d242883cbaf2f6a79d17081745c7d45b51a","hazelcast/src/main/java/com/hazelcast/map/PartitionContainer.java","3","0","0","7","46","77","0"
"hazelcast","9fd66ee1f6acbcfd7022b0a1fe8811835538664f","hazelcast/src/main/java/com/hazelcast/map/PartitionContainer.java","3","0","0","7","46","77","0"
"hazelcast","a4f2426c3194dd683417bf10301c2bf36914666c","hazelcast/src/main/java/com/hazelcast/map/PartitionContainer.java","3","0","0","7","46","77","0"
"hazelcast","d524ca54fc04c225160d4a4e4daf8f45bd3e8a3b","hazelcast/src/main/java/com/hazelcast/map/PartitionContainer.java","3","0","0","7","46","77","0"
"hazelcast","cfd0e5e936b78a5621a16e43ffef9baeff1c94c7","hazelcast/src/main/java/com/hazelcast/map/PartitionContainer.java","3","0","0","7","46","77","3"
"hazelcast","4c3a3aace4f0b653e357b1aee6df61856b5ed7b0","hazelcast/src/main/java/com/hazelcast/transaction/impl/operations/BeginTxBackupOperation.java","3","0","0","7","50","80","1"
"hazelcast","73dd88db9e90e59c94434b085acfd944bd161028","hazelcast/src/main/java/com/hazelcast/map/operation/EntryBackupOperation.java","3","0","0","7","50","80","1"
"hazelcast","b187d83bea55594862c24b207b19d71e95eb2aaf","hazelcast/src/main/java/com/hazelcast/map/operation/EntryBackupOperation.java","3","0","0","7","50","80","1"
"hazelcast","8fa8695ee7d89fb65b6349f7bea75d17f15713a7","hazelcast/src/main/java/com/hazelcast/transaction/impl/operations/BeginTxBackupOperation.java","3","0","0","7","50","80","0"
"hazelcast","c48d6ac3a23c3aa48005bade999e52f7ed2d9204","hazelcast/src/main/java/com/hazelcast/map/operation/EntryBackupOperation.java","3","0","0","7","50","80","0"
"hazelcast","6b1b23391f376ea1373ebae96c8f5e955531bcdd","hazelcast/src/main/java/com/hazelcast/ringbuffer/impl/client/AddAllRequest.java","3","0","0","7","51","81","1"
"hazelcast","56320e88e687e5353bf7bdcdffde3c499bbdcd0f","hazelcast/src/main/java/com/hazelcast/cluster/impl/ClusterClockImpl.java","3","0","0","7","51","84","0"
"hazelcast","5009d4a90be3c901942a0a89cf29a92c074231f1","hazelcast/src/main/java/com/hazelcast/collection/impl/txncollection/operations/CollectionRollbackOperation.java","3","0","0","7","53","82","0"
"hazelcast","564167c1f93b32ce742411106e9ae67eae88a801","hazelcast/src/main/java/com/hazelcast/ringbuffer/impl/client/AddAllRequest.java","3","0","0","7","53","83","0"
"elasticsearch","9ac3887139c15c6dfbcf13493415b0ff56a912d0","modules/ingest-grok/src/main/java/org/elasticsearch/ingest/grok/GrokProcessor.java","3","0","0","7","55","92","1"
"hazelcast","bb3ea0e107980d769862cdbda748cc91529d67b5","hazelcast/src/main/java/com/hazelcast/transaction/client/CollectXATransactionsRequest.java","3","0","0","7","56","84","0"
"hazelcast","bb3ea0e107980d769862cdbda748cc91529d67b5","hazelcast/src/main/java/com/hazelcast/client/impl/protocol/task/transaction/XATransactionCommitMessageTask.java","3","0","0","7","58","85","0"
"hazelcast","d568e4d926d925d57d4e79e34614390416749301","hazelcast/src/test/java/com/hazelcast/config/IterableNodeListTest.java","3","0","0","7","58","87","0"
"hazelcast","8dce70f48149681945a9329ded6522715a079e4c","hazelcast/src/main/java/com/hazelcast/cluster/impl/operations/RollbackClusterStateOperation.java","3","0","0","7","58","88","0"
"hazelcast","70d4de16ff0ac4518d09aad8c9f2ad9e782fb337","hazelcast/src/test/java/com/hazelcast/config/IterableNodeListTest.java","3","0","0","7","59","88","1"
"hazelcast","2abc192fa3891a226ad3fa1aedbb577abfe4f3ea","hazelcast/src/main/java/com/hazelcast/client/impl/protocol/task/map/MapPutAllMessageTask.java","3","0","0","7","62","92","0"
"hazelcast","d38202141395360399c9cf97d4453adf5b1581e1","hazelcast/src/main/java/com/hazelcast/client/impl/protocol/task/cache/CacheAddInvalidationListenerTask.java","3","0","0","7","63","94","1"
"hazelcast","aeb6fe8794e6c24833e291e79c6b66b4eea71280","hazelcast-cloud/src/main/java/com/hazelcast/aws/impl/DescribeInstances.java","3","0","0","7","63","96","0"
"netty","8afc2cd3787b72ea141b137f25a1aab4128cd8ff","common/src/test/java/io/netty/util/internal/AppendableCharSequenceTest.java","3","0","0","7","64","102","0"
"hazelcast","4e7ff47186f2745b07ed2501acc0f5add899d5b8","hazelcast/src/main/java/com/hazelcast/client/impl/protocol/task/map/MapClearMessageTask.java","3","0","0","7","65","95","1"
"orientdb","adddd500f5b684336e6d81b081c449dabe52977d","server/src/main/java/com/orientechnologies/orient/server/distributed/ODistributedDatabaseChunk.java","3","0","0","7","66","100","1"
"hazelcast","d38202141395360399c9cf97d4453adf5b1581e1","hazelcast/src/main/java/com/hazelcast/client/impl/protocol/task/executorservice/ExecutorServiceSubmitToPartitionMessageTask.java","3","0","0","7","67","98","1"
"hazelcast","a4035afdfc67b757940a15578bc51b4e7b6b0b13","hazelcast/src/main/java/com/hazelcast/client/impl/protocol/task/cache/CacheAddInvalidationListenerTask.java","3","0","0","7","67","99","0"
"hazelcast","7001ec8c5b1305c796de75c2e3f170c562db8c03","hazelcast/src/main/java/com/hazelcast/client/impl/protocol/task/map/MapClearMessageTask.java","3","0","0","7","68","102","0"
"hazelcast","4e7ff47186f2745b07ed2501acc0f5add899d5b8","hazelcast/src/main/java/com/hazelcast/client/impl/protocol/task/map/MapEvictAllMessageTask.java","3","0","0","7","68","98","1"
"hazelcast","7001ec8c5b1305c796de75c2e3f170c562db8c03","hazelcast/src/main/java/com/hazelcast/client/impl/protocol/task/map/MapEvictAllMessageTask.java","3","0","0","7","69","103","0"
"hazelcast","7055202cc7af449ba100132a7820aa265e438df0","hazelcast/src/main/java/com/hazelcast/client/impl/protocol/task/map/MapClearMessageTask.java","3","0","0","7","69","104","0"
"hazelcast","f5b5e658ea42c43530cc3fd5e132e2fe503ab8b4","hazelcast/src/main/java/com/hazelcast/client/impl/protocol/task/map/MapExecuteOnAllKeysMessageTask.java","3","0","0","7","69","99","0"
"hazelcast","7055202cc7af449ba100132a7820aa265e438df0","hazelcast/src/main/java/com/hazelcast/client/impl/protocol/task/map/MapEvictAllMessageTask.java","3","0","0","7","70","105","0"
"netty","ead87b7df8d923417475ead2d7680747b1a72f07","codec-http2/src/main/java/io/netty/handler/codec/http2/DefaultHttp2HeadersDecoder.java","3","0","0","7","70","115","1"
"orientdb","ff95edf2adf836fc17f8f593e8fd1295f40d5464","core/src/test/java/com/orientechnologies/orient/core/metadata/schema/AlterPropertyTest.java","3","0","0","7","71","90","0"
"hazelcast","f5b5e658ea42c43530cc3fd5e132e2fe503ab8b4","hazelcast/src/main/java/com/hazelcast/client/impl/protocol/task/map/MapExecuteWithPredicateMessageTask.java","3","0","0","7","72","103","0"
"hazelcast","a4035afdfc67b757940a15578bc51b4e7b6b0b13","hazelcast/src/main/java/com/hazelcast/client/impl/protocol/task/executorservice/ExecutorServiceSubmitToPartitionMessageTask.java","3","0","0","7","72","104","0"
"hazelcast","f338e3197a1cd79ad614f50e87c829a7ff0aa54c","hazelcast/src/main/java/com/hazelcast/client/impl/protocol/task/executorservice/ExecutorServiceSubmitToPartitionMessageTask.java","3","0","0","7","72","104","0"
"hazelcast","7344e8b8055e1169b00710f926e4c64a514c18be","hazelcast/src/main/java/com/hazelcast/client/impl/protocol/task/executorservice/ExecutorServiceSubmitToPartitionMessageTask.java","3","0","0","7","72","104","1"
"elasticsearch","33b0e662cc7bc9022490536a896e96d21f9e7bba","plugins/repository-azure/src/test/java/org/elasticsearch/cloud/azure/storage/AzureStorageServiceTest.java","3","0","0","7","72","109","1"
"hazelcast","d38202141395360399c9cf97d4453adf5b1581e1","hazelcast/src/main/java/com/hazelcast/client/impl/protocol/task/executorservice/ExecutorServiceSubmitToAddressMessageTask.java","3","0","0","7","75","106","1"
"BroadleafCommerce","f00d993011d65c4824f0a58364a8e2c55ed60cd9","core/broadleaf-framework/src/main/java/org/broadleafcommerce/core/catalog/dao/ProductOptionDaoImpl.java","3","0","0","7","77","110","0"
"titan","69a156e0249a0173b717cdade73db96a53321bcb","titan-hazelcast/src/main/java/com/thinkaurelius/titan/diskstorage/hazelcast/AbstractHazelcastStoreManager.java","3","0","0","7","80","103","1"
"hazelcast","a4035afdfc67b757940a15578bc51b4e7b6b0b13","hazelcast/src/main/java/com/hazelcast/client/impl/protocol/task/executorservice/ExecutorServiceSubmitToAddressMessageTask.java","3","0","0","7","80","112","0"
"hazelcast","f338e3197a1cd79ad614f50e87c829a7ff0aa54c","hazelcast/src/main/java/com/hazelcast/client/impl/protocol/task/executorservice/ExecutorServiceSubmitToAddressMessageTask.java","3","0","0","7","80","112","0"
"hazelcast","7344e8b8055e1169b00710f926e4c64a514c18be","hazelcast/src/main/java/com/hazelcast/client/impl/protocol/task/executorservice/ExecutorServiceSubmitToAddressMessageTask.java","3","0","0","7","80","112","1"
"hazelcast","96d2da68ad978e12b54a44bff7c351ada8a01ea7","hazelcast/src/main/java/com/hazelcast/client/impl/protocol/task/scheduledexecutor/ScheduledExecutorTaskGetResultMessageTask.java","3","0","0","7","80","117","0"
"netty","00fc239995ce7b683993c88bb82b30dbd5fe7982","codec/src/test/java/io/netty/handler/codec/compression/AbstractEncoderTest.java","3","0","0","7","82","119","1"
"oryx","748bc73f06c8ab08fa6842ab85c4c48952fa9187","framework/oryx-common/src/test/java/com/cloudera/oryx/common/math/LinearSystemSolverTest.java","3","0","0","7","84","110","0"
"titan","de5ed8fe8b9525d3a760033fc7a8e2877220b0fe","titan-hazelcast/src/main/java/com/thinkaurelius/titan/diskstorage/hazelcast/AbstractHazelcastStoreManager.java","3","0","0","7","87","111","0"
"elasticsearch","2024067465503a53d5292c67626998942dfffec6","src/test/java/org/elasticsearch/action/bulk/BulkRequestTests.java","3","0","0","7","88","121","0"
"hazelcast","05b27a3d7f9adfb832f8fb0c7927fc71c14df2b4","hazelcast/src/main/java/com/hazelcast/client/impl/protocol/task/list/ListAddListenerMessageTask.java","3","0","0","7","89","124","2"
"hazelcast","ae877df50978fcfb112d6d0cab2c78f80d1ee770","hazelcast/src/main/java/com/hazelcast/client/impl/protocol/task/list/ListAddListenerMessageTask.java","3","0","0","7","89","124","1"
"hazelcast","d0fd18cd0e2fac83d47776ccc1f08639bfc9823f","hazelcast/src/main/java/com/hazelcast/client/impl/protocol/task/list/ListAddListenerMessageTask.java","3","0","0","7","89","124","2"
"hazelcast","d472cbea8d404ea4e42a5cc0bb455dbec40e7985","hazelcast/src/main/java/com/hazelcast/client/impl/protocol/task/list/ListAddListenerMessageTask.java","3","0","0","7","89","124","3"
"hazelcast","d65de8708631978b87d39db7c947a073e0963228","hazelcast/src/main/java/com/hazelcast/client/impl/protocol/task/list/ListAddListenerMessageTask.java","3","0","0","7","89","124","2"
"hazelcast","264b730b6e10ae9df6f5d8727209ca007160236f","hazelcast/src/main/java/com/hazelcast/client/impl/protocol/task/list/ListAddListenerMessageTask.java","3","0","0","7","89","124","0"
"hazelcast","a4035afdfc67b757940a15578bc51b4e7b6b0b13","hazelcast/src/main/java/com/hazelcast/client/impl/protocol/task/list/ListAddListenerMessageTask.java","3","0","0","7","89","124","0"
"elasticsearch","d53e1d213f084119fce1356b30b60d5bf55b5084","qa/evil-tests/src/test/java/org/elasticsearch/plugins/RemovePluginCommandTests.java","3","0","0","8","102","138","1"
"elasticsearch","825edd8dba9f62857e8703edb50d41aeee53c238","core/src/test/java/org/elasticsearch/index/mapper/ObjectMapperTests.java","3","0","0","8","116","159","3"
"hazelcast","e8b908b74646ed28c1038be9385b0946999b8bdf","hazelcast-spring/src/test/java/com/hazelcast/spring/context/TestManagedContext.java","3","0","0","8","121","161","1"
"hazelcast","81660d50f5ee9506b0cb22bcc9bf638c94a8d76f","hazelcast-client/src/test/java/com/hazelcast/client/cache/stats/ClientCacheStatsTest.java","3","0","0","8","126","167","0"
"elasticsearch","84edf36f11da2d9c416a14ae2420c56a32823a38","core/src/test/java/org/elasticsearch/index/mapper/NumberFieldTypeTests.java","3","0","0","8","127","169","0"
"elasticsearch","80e5c0acf8ef0861f6432546579e88451ed396a6","plugins/discovery-gce/src/test/java/org/elasticsearch/discovery/gce/GceDiscoverTests.java","3","0","0","8","128","216","0"
"elasticsearch","8fec3488807de23a06b4c322c4b41a3791b93344","core/src/test/java/org/elasticsearch/search/profile/query/QueryProfilerTests.java","3","0","0","8","135","174","0"
"hazelcast","44a27ec07e839f6ae135b894fb221dd0183dfeee","hazelcast/src/test/java/com/hazelcast/config/XMLConfigBuilderTest.java","3","0","0","8","136","165","0"
"elasticsearch","5616251f22be3824e44f634de83934e7157a8f29","core/src/test/java/org/elasticsearch/search/profile/query/QueryProfilerTests.java","3","0","0","8","137","176","1"
"hazelcast","9d5e318fd3285935cc8dea41ee9f871c7dfa5f14","hazelcast/src/test/java/com/hazelcast/cache/CacheCreationTest.java","3","0","0","8","141","179","0"
"hazelcast","173557969456cde2ef77fd31ed660a262787f122","hazelcast/src/test/java/com/hazelcast/cache/CacheCreationTest.java","3","0","0","8","141","183","1"
"elasticsearch","ed76b9a5187863d85e50306b8eaac8b9b9f385cb","core/src/test/java/org/elasticsearch/search/profile/query/QueryProfilerTests.java","3","0","0","8","153","195","1"
"neo4j","c3a5cbf00866abb108bf34ce2e0680026fdd2025","enterprise/causal-clustering/src/test/java/org/neo4j/commandline/dbms/UnbindFromClusterCommandTest.java","3","0","0","8","156","218","0"
"elasticsearch","a0becd26b1b262efe739b343f108f229b0384c2f","core/src/test/java/org/elasticsearch/index/mapper/ScaledFloatFieldTypeTests.java","3","0","0","8","169","207","1"
"elasticsearch","233c63fc638ffb0d6f54d3e737dbd0cd68dfc182","core/src/test/java/org/apache/lucene/search/uhighlight/CustomUnifiedHighlighterTests.java","3","0","0","8","177","210","2"
"neo4j","65a7ca99e28d12d274a84ca1008be13611ca44ab","community/consistency-check/src/test/java/org/neo4j/consistency/ConsistencyCheckToolTest.java","3","0","0","8","179","257","0"
"hazelcast","f818232b566c635d33a9ced8b410e324dbfc8aa1","hazelcast-spring/src/test/java/com/hazelcast/spring/TestClientApplicationContext.java","3","0","0","8","257","329","0"
"hazelcast","16e68e4d4253fa5c9d6131327b4ef0a91cf6c563","hazelcast/src/main/java/com/hazelcast/map/operation/ReplaceOperation.java","3","0","0","8","31","58","0"
"elasticsearch","5189eb41c7a3a862316849f4571d4e5b21ae41fe","core/src/test/java/org/elasticsearch/http/netty/NettyHttpChannelTests.java","3","0","0","8","318","421","1"
"neo4j","658dcbc50b93c2dcba6807d44739dc4167adf5a2","community/kernel/src/test/java/org/neo4j/kernel/impl/transaction/log/PhysicalLogicalTransactionStoreTest.java","3","0","0","8","361","448","0"
"mcMMO","fb8592495d54013325bf73a1bee771ec242d9315","src/main/java/com/gmail/nossr50/config/HiddenConfig.java","3","0","0","8","43","55","1"
"hazelcast","10773b4cd855bdfd84ea80d22b8ed3c977459444","hazelcast/src/main/java/com/hazelcast/multimap/impl/operations/CountOperation.java","3","0","0","8","43","70","0"
"hazelcast","865e2c98056f088462bba55c352b38a05abfd5d7","hazelcast/src/main/java/com/hazelcast/cluster/Bind.java","3","0","0","8","47","75","0"
"hazelcast","aad74a23fb8d827d138ef892b7ccf03dd6d41128","hazelcast/src/main/java/com/hazelcast/management/request/ThreadDumpRequest.java","3","0","0","8","47","76","0"
"ceylon-ide-eclipse","c5c15a0b33245f13d9fc7d44db226c0458005f73","plugins/com.redhat.ceylon.eclipse.ui/src/com/redhat/ceylon/eclipse/core/model/JavaClassFile.java","3","0","0","8","48","59","0"
"hazelcast","10773b4cd855bdfd84ea80d22b8ed3c977459444","hazelcast/src/main/java/com/hazelcast/multimap/impl/operations/GetAllOperation.java","3","0","0","8","50","76","0"
"elasticsearch","7e60cf3e544f05c89e7a32aa9dc410b95b6bcb24","core/src/main/java/org/elasticsearch/common/util/set/Sets.java","3","0","0","8","51","80","1"
"hazelcast","b2d12fec8083c2514d8331d4f00846a8fe006b5e","hazelcast/src/main/java/com/hazelcast/map/impl/operation/RemoveBackupOperation.java","3","0","0","8","53","83","1"
"hazelcast","08aa22d4cbd64e4769b7c539b8275096fd74888c","hazelcast/src/main/java/com/hazelcast/partition/impl/BaseMigrationOperation.java","3","0","0","8","55","85","1"
"hazelcast","4c3a3aace4f0b653e357b1aee6df61856b5ed7b0","hazelcast/src/main/java/com/hazelcast/partition/impl/BaseMigrationOperation.java","3","0","0","8","55","85","2"
"hazelcast","ad4ddf2df9984cf0d223775b80b2b1d985c5695a","hazelcast/src/main/java/com/hazelcast/partition/impl/BaseMigrationOperation.java","3","0","0","8","55","85","2"
"hazelcast","8fa8695ee7d89fb65b6349f7bea75d17f15713a7","hazelcast/src/main/java/com/hazelcast/partition/impl/BaseMigrationOperation.java","3","0","0","8","55","85","0"
"elasticsearch","5bcae914d9cb875cb83afed871f68009cddb75a2","modules/ingest-common/src/test/java/org/elasticsearch/ingest/common/DateFormatTests.java","3","0","0","8","55","87","1"
"hazelcast","1762467554730e712d3e27dde9bd12b8bfa8929d","hazelcast/src/test/java/com/hazelcast/nio/UnsafeHelperTest.java","3","0","0","8","56","68","0"
"elasticsearch","c4ae23f5d8d54ed45155be5690d0a1d50e7d52f8","plugins/repository-gcs/src/main/java/org/elasticsearch/common/blobstore/gcs/GoogleCloudStorageBlobContainer.java","3","0","0","8","57","90","0"
"hazelcast","1b48e275ad2d52d7d01740ca5ca23ef554a4ea4f","hazelcast/src/main/java/com/hazelcast/map/operation/PartitionWideEntryBackupOperation.java","3","0","0","8","62","95","0"
"hazelcast","59c4822d4ad5dfac4cecd11231280baa33d4aa35","hazelcast/src/main/java/com/hazelcast/map/client/MapPutAllRequest.java","3","0","0","8","63","93","1"
"hazelcast","10773b4cd855bdfd84ea80d22b8ed3c977459444","hazelcast/src/main/java/com/hazelcast/multimap/impl/txn/TxnLockAndGetOperation.java","3","0","0","8","64","93","0"
"elasticsearch","1ef8761b70cd32ce1caaf6142a5ae709120b33dd","src/main/java/org/elasticsearch/search/dfs/AggregatedDfs.java","3","0","0","8","65","98","0"
"hazelcast","12830cf4db72fc7d71edd8a20ee15fba533ab6a8","hazelcast/src/main/java/com/hazelcast/client/impl/protocol/task/map/MapRemoveInterceptorMessageTask.java","3","0","0","8","67","98","0"
"hazelcast","0da2a04eaab1daf7ee512f8b079a4eef0c81751a","hazelcast/src/main/java/com/hazelcast/map/impl/operation/PartitionCheckIfLoadedOperation.java","3","0","0","8","69","105","1"
"hazelcast","1e49fcaebd189049ba01c3d385f4bccb21195f5d","hazelcast/src/main/java/com/hazelcast/map/impl/operation/PartitionCheckIfLoadedOperation.java","3","0","0","8","69","106","1"
"hazelcast","bb3ea0e107980d769862cdbda748cc91529d67b5","hazelcast/src/main/java/com/hazelcast/client/impl/protocol/task/transaction/XACollectTransactionsMessageTask.java","3","0","0","8","70","100","0"
"hazelcast","3d361d8a281aa07a4b858d91717bd1fbc1e3d899","hazelcast/src/main/java/com/hazelcast/map/impl/operation/PartitionCheckIfLoadedOperation.java","3","0","0","8","70","106","3"
"hazelcast","200b42ddac0f3e0c2a8225044985e7b3fd387718","hazelcast/src/main/java/com/hazelcast/client/impl/operations/ClientReAuthOperation.java","3","0","0","8","71","101","0"
"hazelcast","12830cf4db72fc7d71edd8a20ee15fba533ab6a8","hazelcast/src/main/java/com/hazelcast/client/impl/protocol/task/map/MapAddInterceptorMessageTask.java","3","0","0","8","73","106","0"
"neo4j","886dbb454deaae6adcb4ff26e76f6e225eedca55","enterprise/core-edge/src/test/java/org/neo4j/coreedge/raft/log/segmented/ReferenceCounterTest.java","3","0","0","8","74","130","0"
"hazelcast","d9d20943b88faf6aa25ddbdc19feab4571611431","hazelcast/src/main/java/com/hazelcast/client/impl/protocol/task/transaction/XACollectTransactionsMessageTask.java","3","0","0","8","75","106","1"
"hazelcast","01b0907276682b6972cc5d695ffb741b29de4132","hazelcast/src/main/java/com/hazelcast/client/impl/protocol/task/topic/TopicAddMessageListenerMessageTask.java","3","0","0","8","76","111","1"
"hazelcast","05b27a3d7f9adfb832f8fb0c7927fc71c14df2b4","hazelcast/src/main/java/com/hazelcast/client/impl/protocol/task/topic/TopicAddMessageListenerMessageTask.java","3","0","0","8","76","111","4"
"hazelcast","264b730b6e10ae9df6f5d8727209ca007160236f","hazelcast/src/main/java/com/hazelcast/client/impl/protocol/task/topic/TopicAddMessageListenerMessageTask.java","3","0","0","8","76","111","2"
"hazelcast","89d278f650c17e89f5995a68e872e73d0d4b33e1","hazelcast/src/main/java/com/hazelcast/client/impl/protocol/task/topic/TopicAddMessageListenerMessageTask.java","3","0","0","8","76","111","2"
"hazelcast","ae877df50978fcfb112d6d0cab2c78f80d1ee770","hazelcast/src/main/java/com/hazelcast/client/impl/protocol/task/topic/TopicAddMessageListenerMessageTask.java","3","0","0","8","76","111","3"
"hazelcast","b4e980883900ab35ae79d36b5891e6619772cc97","hazelcast/src/main/java/com/hazelcast/client/impl/protocol/task/topic/TopicAddMessageListenerMessageTask.java","3","0","0","8","76","111","2"
"hazelcast","d0fd18cd0e2fac83d47776ccc1f08639bfc9823f","hazelcast/src/main/java/com/hazelcast/client/impl/protocol/task/topic/TopicAddMessageListenerMessageTask.java","3","0","0","8","76","111","4"
"hazelcast","d472cbea8d404ea4e42a5cc0bb455dbec40e7985","hazelcast/src/main/java/com/hazelcast/client/impl/protocol/task/topic/TopicAddMessageListenerMessageTask.java","3","0","0","8","76","111","3"
"hazelcast","d65de8708631978b87d39db7c947a073e0963228","hazelcast/src/main/java/com/hazelcast/client/impl/protocol/task/topic/TopicAddMessageListenerMessageTask.java","3","0","0","8","76","111","2"
"hazelcast","936c878f45afc4fbdd0748f6c51a158d3b5f00ff","hazelcast/src/main/java/com/hazelcast/client/impl/protocol/task/topic/TopicAddMessageListenerMessageTask.java","3","0","0","8","76","111","0"
"BroadleafCommerce","024e2cd7532a2662f5a6bf6f21876f03bcbccb0a","common/src/main/java/org/broadleafcommerce/common/i18n/dao/TranslationDaoImpl.java","3","0","0","8","86","120","0"
"hazelcast","2c9f047c50d17d673fc19ecabccf2239611417b6","hazelcast/src/test/java/com/hazelcast/spi/impl/operationservice/impl/CallIdSequenceWithoutBackpressureTest.java","3","0","0","8","93","119","0"
"elasticsearch","9f12f3c33892380e4cb0fa48b860c23c6d225b5d","core/src/main/java/org/elasticsearch/common/lucene/search/function/WeightFactorFunction.java","3","0","0","8","94","135","2"
"elasticsearch","daf1f184d477c6a9e7e2e5c10ffd4c27fe3e20e3","core/src/main/java/org/elasticsearch/common/lucene/search/function/WeightFactorFunction.java","3","0","0","8","94","135","2"
"elasticsearch","4ec4bad908c92250ad16c101a7e0ff232b3cf687","core/src/main/java/org/elasticsearch/common/lucene/search/function/WeightFactorFunction.java","3","0","0","8","94","135","0"
"elasticsearch","562c3744cab91aa083cb645c67ef57ebb20c8661","core/src/main/java/org/elasticsearch/common/lucene/search/function/WeightFactorFunction.java","3","0","0","8","95","136","0"
"BroadleafCommerce","ccc99f843087cea18fa385a0d8aea9a6abd73d9f","core/broadleaf-framework/src/main/java/org/broadleafcommerce/core/catalog/dao/ProductOptionDaoImpl.java","3","0","0","8","97","134","0"
"hazelcast","787f7dff1ebc7dd348ad7c7b5131ab952537d7c7","hazelcast/src/test/java/com/hazelcast/cluster/ConfigCheckTest.java","3","0","0","9","100","151","1"
"elasticsearch","3ce7b119d28e7d1be7284bd804606a65c2d1a383","core/src/main/java/org/elasticsearch/index/mapper/UidFieldMapper.java","3","0","0","9","103","152","1"
"elasticsearch","96f1739c0dafc067a289574296642219faca4673","core/src/main/java/org/elasticsearch/index/mapper/UidFieldMapper.java","3","0","0","9","104","153","0"
"hazelcast","71ac9a57e18ba9ccb249c366ff15ca472beb4c96","hazelcast-client/src/test/java/com/hazelcast/client/io/ClientSocketInterceptorTest.java","3","0","0","9","109","147","0"
"hazelcast","1d29d573a186ebd9cde1616224a08032aad61c8b","hazelcast-client/src/test/java/com/hazelcast/client/executor/ExecutionDelayTest.java","3","0","0","9","117","156","0"
"hazelcast","317fabec0c90b274c686ba018cc1b465fee244f2","hazelcast-client-new/src/test/java/com/hazelcast/client/executor/ExecutionDelayTest.java","3","0","0","9","117","156","0"
"hazelcast","d772c4cb808f59338eb63bd34a65e1532916330a","hazelcast-client/src/test/java/com/hazelcast/client/executor/ExecutionDelayTest.java","3","0","0","9","117","156","1"
"neo4j","5b867ef859cd2183bee705922db86f1f22052ede","enterprise/security/src/test/java/org/neo4j/server/security/enterprise/auth/MultiRealmAuthManagerRule.java","3","0","0","9","118","155","0"
"hazelcast","b777381e2f8cfc3d8bcde3a87c5cc9993e31d4a2","hazelcast-client-new/src/test/java/com/hazelcast/client/executor/ExecutionDelayTest.java","3","0","0","9","118","157","1"
"elasticsearch","f4594d4302ed84e4ae0ec13a1c06cc1ed640c7e5","qa/evil-tests/src/test/java/org/elasticsearch/plugins/RemovePluginCommandTests.java","3","0","0","9","119","158","0"
"neo4j","debd60404ad96ed7b0ff92fcfa8651174788fbc6","community/bolt/src/test/java/org/neo4j/bolt/v1/transport/integration/Neo4jWithSocket.java","3","0","0","9","119","160","1"
"elasticsearch","58c34f0da918909f481d425d3f3e5346d13a2581","qa/evil-tests/src/test/java/org/elasticsearch/plugins/RemovePluginCommandTests.java","3","0","0","9","123","162","1"
"neo4j","c77e579b40b0208720d51c5db0a07cb433249447","enterprise/core-edge/src/test/java/org/neo4j/coreedge/catchup/tx/BatchingTxApplierTest.java","3","0","0","9","133","193","1"
"elasticsearch","62b821ccf4e2bf221382df85e2785016f74012bc","core/src/test/java/org/elasticsearch/index/mapper/ObjectMapperTests.java","3","0","0","9","141","186","1"
"elasticsearch","130fdef367bd1f49e618d7dd1f2529d74d959940","src/test/java/org/elasticsearch/index/codec/CodecTests.java","3","0","0","9","142","189","0"
"hazelcast","76c71f0c529820ff112e43a2f2237de2fd57a9bc","hazelcast/src/test/java/com/hazelcast/config/XMLConfigBuilderTest.java","3","0","0","9","143","174","0"
"elasticsearch","b665d8a18752aa3000c1a451472f5dec040eedcf","modules/lang-painless/src/test/java/org/elasticsearch/painless/StringTests.java","3","0","0","9","162","225","1"
"neo4j","562320c0be4006685ed6f086c12ef4e1f1964f3c","community/kernel/src/main/java/org/neo4j/kernel/impl/api/index/IndexProxySetup.java","3","0","0","9","167","209","0"
"hazelcast","ed16dbda736c003ef0427c3c8594d9ca482314ab","hazelcast/src/test/java/com/hazelcast/util/HazelcastInstanceFactoryTest.java","3","0","0","9","177","230","0"
"hazelcast","584996c0c9a11facf995848e53a5a2ef79a3889a","hazelcast/src/test/java/com/hazelcast/util/HazelcastInstanceFactoryTest.java","3","0","0","9","177","231","0"
"neo4j","9c79c33600e5511ac1320496d1bdd614808a973c","enterprise/core-edge/src/test/java/org/neo4j/coreedge/raft/log/segmented/SegmentsTest.java","3","0","0","9","177","284","1"
"neo4j","1d091f26f2a97068a7349cd6911070ed409bfcab","community/bolt/src/test/java/org/neo4j/bolt/v1/transport/integration/AuthenticationIT.java","3","0","0","9","180","253","1"
"elasticsearch","c8bf7ecaeda5f0670e67b8af1619d78da595fa21","core/src/test/java/org/apache/lucene/search/uhighlight/CustomUnifiedHighlighterTests.java","3","0","0","9","189","223","0"
"hazelcast","4d1364579e205b6ce571799502d81da34f5f06c8","hazelcast/src/test/java/com/hazelcast/spi/impl/operationexecutor/slowoperationdetector/SlowOperationDetectorBasicTest.java","3","0","0","9","202","280","0"
"neo4j","3ed66e89e2124dbaed80bc06de50f8f2bb7df860","community/kernel/src/test/java/org/neo4j/kernel/NeoStoreDataSourceTest.java","3","0","0","9","209","282","1"
"elasticsearch","cadd31b3a8a6c86e24b559a446cb4ebe54f1f9cb","core/src/test/java/org/elasticsearch/search/profile/query/QueryProfilerTests.java","3","0","0","9","221","276","0"
"elasticsearch","fc4e8fd93767c3a4da78d89c499a32c8143441e0","core/src/test/java/org/elasticsearch/cluster/action/shard/ShardStateActionTests.java","3","0","0","9","235","327","1"
"elasticsearch","296ab3ec16c285bfc37fba40b2ddbde1e56bfc7c","core/src/test/java/org/elasticsearch/cluster/action/shard/ShardStateActionTests.java","3","0","0","9","238","336","0"
"hazelcast","bcf8bd402ddffeeb9823791b2416b557a4ad418c","hazelcast-spring/src/test/java/com/hazelcast/spring/TestClientApplicationContext.java","3","0","0","9","268","342","0"
"hazelcast","16e68e4d4253fa5c9d6131327b4ef0a91cf6c563","hazelcast/src/main/java/com/hazelcast/map/operation/TryPutOperation.java","3","0","0","9","32","60","0"
"elasticsearch","fced8dac7264a8211e1c66d65cd43f1c174dff5f","core/src/test/java/org/elasticsearch/http/netty/NettyHttpChannelTests.java","3","0","0","9","345","453","0"
"elasticsearch","9a0ce62550e82954cb8ce1bf1cca0c96eb377845","modules/percolator/src/test/java/org/elasticsearch/percolator/PercolatorQuerySearchIT.java","3","0","0","9","380","447","1"
"hazelcast","e73ee1bb20113a455f99532226d74fd1fc7fcef6","hazelcast-ra/src/main/java/com/hazelcast/jca/ResourceAdapterImpl.java","3","0","0","9","39","66","0"
"elasticsearch","6abcd42a05a0e2bc4eaf1add6a41ae7d48f840c2","core/src/test/java/org/elasticsearch/cluster/structure/RoutingIteratorTests.java","3","0","0","9","408","511","0"
"elasticsearch","3f6a3c01dadb1951b597ffdbd068359a2fbc84c8","core/src/test/java/org/elasticsearch/cluster/structure/RoutingIteratorTests.java","3","0","0","9","409","512","1"
"hazelcast","5a84641d6ca0ba61f6bc3db3f4d51994ee307736","hazelcast/src/main/java/com/hazelcast/multimap/impl/operations/RemoveAllOperation.java","3","0","0","9","44","73","2"
"hazelcast","cdac811975c69456ff44782af5b54716b74edb65","hazelcast/src/main/java/com/hazelcast/multimap/impl/operations/RemoveAllOperation.java","3","0","0","9","44","73","2"
"hazelcast","e5cc462c1684fa9b06b8a13d7fb5bd4cac539949","hazelcast/src/main/java/com/hazelcast/multimap/impl/operations/RemoveAllOperation.java","3","0","0","9","44","73","1"
"hazelcast","d86080935c0ade00a64fd45af8c2fa1c0cd03dd3","hazelcast/src/main/java/com/hazelcast/multimap/impl/operations/RemoveAllOperation.java","3","0","0","9","44","73","0"
"mcMMO","c10525ada9ed2c0b77c518089a300e3b4e32e7c1","src/main/java/com/gmail/nossr50/config/HiddenConfig.java","3","0","0","9","48","61","0"
"hazelcast","372fa24526f48fc12f62962873b017a193bc589d","hazelcast/src/main/java/com/hazelcast/map/impl/operation/GetEntryViewOperation.java","3","0","0","9","50","80","0"
"hazelcast","b4229fa964db23ec0c710161e6b7618ad068966e","hazelcast/src/main/java/com/hazelcast/map/impl/operation/ReplaceIfSameOperation.java","3","0","0","9","50","81","1"
"hazelcast","32f165cbc33d96609efab90bc4967278c975d0ef","hazelcast/src/main/java/com/hazelcast/map/operation/ReplaceIfSameOperation.java","3","0","0","9","51","81","1"
"hazelcast","978a048b578f8b64513fc7923ed9dbfc4be0b965","hazelcast/src/main/java/com/hazelcast/map/impl/operation/ReplaceIfSameOperation.java","3","0","0","9","51","81","1"
"hazelcast","bd196cff10218f1beb800efd01ce83f83c31b2c7","hazelcast/src/main/java/com/hazelcast/map/operation/ReplaceIfSameOperation.java","3","0","0","9","51","81","0"
"hazelcast","4eef0f6f0630c47a4baca6875343ccd506948bb5","hazelcast/src/main/java/com/hazelcast/cluster/client/MemberAttributeChange.java","3","0","0","9","52","83","0"
"orientdb","46bbcabde62c2b9e61ebaf45dc23f16d9dee7f02","jdbc/src/main/java/com/orientechnologies/orient/jdbc/OrientJdbcDriver.java","3","0","0","9","53","86","1"
"hazelcast","d070f1256c8c7fa823e6463487462826384ee1df","hazelcast/src/main/java/com/hazelcast/cache/impl/client/CacheSingleInvalidationMessage.java","3","0","0","9","54","86","0"
"orientdb","136db63960bbf53514691bf5a0bb8361a5ea5361","jdbc/src/main/java/com/orientechnologies/orient/jdbc/OrientJdbcDriver.java","3","0","0","9","54","87","0"
"hazelcast","7912926c228ec12e235e96e45c170fbd598d07b9","hazelcast/src/main/java/com/hazelcast/core/MemberAttributeEvent.java","3","0","0","9","56","86","1"
"elasticsearch","1f04182b8164ffb19f3805c48d67f0375262b317","core/src/main/java/org/elasticsearch/action/admin/indices/exists/indices/IndicesExistsRequest.java","3","0","0","9","56","92","0"
"hazelcast","4eef0f6f0630c47a4baca6875343ccd506948bb5","hazelcast/src/main/java/com/hazelcast/core/MemberAttributeEvent.java","3","0","0","9","57","87","0"
"elasticsearch","2a6e6866bd6a25f469c07ba0766edec6272e93ac","modules/ingest-common/src/test/java/org/elasticsearch/ingest/common/DateFormatTests.java","3","0","0","9","58","91","0"
"elasticsearch","716212c037bd3e189998e013266d00659b6e7c0f","src/test/java/org/elasticsearch/cluster/routing/allocation/decider/DiskThresholdDeciderTests.java","3","0","0","9","587","813","1"
"hazelcast","e1b69c53ca4923affcd7722f012a80e32517e988","hazelcast/src/main/java/com/hazelcast/internal/cluster/impl/operations/RollbackClusterStateOp.java","3","0","0","9","68","100","0"
"hazelcast","39091ff574efe84ae6a3d772a1b7cfce80f4f2e0","hazelcast/src/main/java/com/hazelcast/map/client/MapPutAllRequest.java","3","0","0","9","68","99","0"
"hazelcast","1c090ad87906d51892a32c2aa0a32d34002298ec","hazelcast/src/main/java/com/hazelcast/multimap/impl/txn/TransactionalMultiMapProxy.java","3","0","0","9","69","96","1"
"hazelcast","81fe86abd4deed08faf6e617c5d73c2b7d4b5391","hazelcast/src/main/java/com/hazelcast/multimap/impl/txn/TransactionalMultiMapProxy.java","3","0","0","9","69","96","2"
"hazelcast","96b3e74683151e521f9c40b0901f6fdf72e32ae3","hazelcast/src/main/java/com/hazelcast/multimap/impl/txn/TransactionalMultiMapProxy.java","3","0","0","9","69","96","2"
"hazelcast","8fac2ea6e17e60e7e680a7e692bac64ccb51f850","hazelcast/src/main/java/com/hazelcast/multimap/impl/txn/TransactionalMultiMapProxy.java","3","0","0","9","69","96","0"
"orientdb","39a8884d03c0bc49b8ecf655a22fe80646afa1e6","spatial/src/main/java/com/orientechnologies/spatial/operator/OLuceneWithinOperator.java","3","0","0","9","74","108","0"
"hazelcast","4ac9450aa6da5a4353517409635a0516daf80fd4","hazelcast/src/test/java/com/hazelcast/spi/impl/operationexecutor/classic/GetOperationRunnerTest.java","3","0","0","9","76","103","0"
"hazelcast","f13b7fabf6b521b1d29157dc8ba0e5b62be86e0d","hazelcast/src/main/java/com/hazelcast/executor/client/CancellationRequest.java","3","0","0","9","79","110","1"
"hazelcast","18d273936c6e3a87d41e36a60d4cc8953652930d","hazelcast/src/main/java/com/hazelcast/executor/client/CancellationRequest.java","3","0","0","9","81","113","0"
"elasticsearch","e03c4938c5f1176bd4c6b6d2aa1aa1bd48245ace","core/src/main/java/org/elasticsearch/common/util/set/Sets.java","3","0","0","9","89","129","0"
"BroadleafCommerce","711192d5e7efe6d787e38f9b7450cf8d77b2b944","common/src/main/java/org/broadleafcommerce/common/config/dao/ModuleConfigurationDaoImpl.java","3","0","0","9","93","130","0"
"neo4j","2bab615d2023ad72e4595f2a58594e6b999385f5","community/kernel/src/main/java/org/neo4j/kernel/impl/constraints/StandardConstraintSemantics.java","3","0","0","9","96","133","0"
"neo4j","2680f481ab89693c03bb0d4166c1467902cc9b14","community/kernel/src/main/java/org/neo4j/kernel/impl/constraints/StandardConstraintSemantics.java","3","0","0","9","98","135","1"
"netty","ba6ce5449ee852b782dde9a11933f6a09b123e22","codec/src/main/java/io/netty/handler/codec/EmptyHeaders.java","3","0","0","97","397","510","0"
"netty","e6ca9882a107c34cf6358c8d7a68561025f06016","codec/src/main/java/io/netty/handler/codec/EmptyHeaders.java","3","0","0","98","402","516","1"
"netty","2e3b8f13ea902b6c1e56ad36473c400ef1012daa","codec/src/main/java/io/netty/handler/codec/protobuf/ProtobufEncoder.java","3","0","1","0","25","72","0"
"netty","96bf71e814c2d7024d38cdeb8dc05a627670f09a","codec/src/main/java/io/netty/handler/codec/protobuf/ProtobufEncoder.java","3","0","1","0","25","72","0"
"netty","cd0b5ec2db593d45c96bd6b55b0024042534af04","codec/src/main/java/io/netty/handler/codec/protobuf/ProtobufEncoder.java","3","0","1","0","25","72","1"
"netty","af4b71a00e30faf86ef1c2365e965e8f04f65bee","codec/src/main/java/io/netty/handler/codec/protobuf/ProtobufEncoder.java","3","0","1","0","27","74","0"
"elasticsearch","7adf9929bae22049d157676756b49597bca98426","plugins/cloud-gce/src/test/java/org/elasticsearch/cloud/gce/AbstractGceTest.java","3","0","1","0","29","59","1"
"elasticsearch","4040f194f528c76c88be70b119cf9d7d6fcea99b","plugins/cloud-gce/src/test/java/org/elasticsearch/cloud/gce/AbstractGceTest.java","3","0","1","0","30","60","0"
"elasticsearch","5337686d8d39568f94b0b976bd9098af69214302","plugins/discovery-ec2/src/test/java/org/elasticsearch/cloud/aws/AbstractAwsTestCase.java","3","0","1","0","31","62","0"
"elasticsearch","b08d453a0a1de1cb090a72b2ad956b69037a70bd","plugins/discovery-ec2/src/test/java/org/elasticsearch/cloud/aws/AbstractAwsTestCase.java","3","0","1","0","34","67","0"
"elasticsearch","9fc4ce294a275f0047070513afe7ec73c375c274","plugins/discovery-ec2/src/test/java/org/elasticsearch/cloud/aws/AbstractAwsTestCase.java","3","0","1","0","37","70","1"
"hazelcast","01897c19aed43c1f865c67a3e589abacad6f0bb7","hazelcast-spring/src/main/java/com/hazelcast/spring/HazelcastInstanceDefinitionParser.java","3","0","1","0","39","89","1"
"hazelcast","a23961641da88700aa81802d84a4388b155f8753","hazelcast-spring/src/main/java/com/hazelcast/spring/HazelcastInstanceDefinitionParser.java","3","0","1","0","41","90","0"
"hazelcast","ccbfb3fe4f981f5a73b2b381cfe404b417c74caa","hazelcast-spring/src/main/java/com/hazelcast/spring/HazelcastInstanceDefinitionParser.java","3","0","1","0","41","91","1"
"hazelcast","eae5aabe2df5d86740f725387d4b9c32fb6d5495","hazelcast-spring/src/main/java/com/hazelcast/spring/HazelcastInstanceDefinitionParser.java","3","0","1","0","41","91","1"
"hazelcast","584996c0c9a11facf995848e53a5a2ef79a3889a","hazelcast-spring/src/main/java/com/hazelcast/spring/HazelcastInstanceDefinitionParser.java","3","0","1","0","41","91","0"
"netty","253cd694ef6317d52d41b220f4dcf5fd69f44ec3","example/src/main/java/io/netty/example/http2/tiles/Http2OrHttpHandler.java","3","0","1","0","43","75","1"
"netty","b39380ad83cda7ebe79d692216e204b8b6b67568","example/src/main/java/io/netty/example/http2/tiles/Http2OrHttpHandler.java","3","0","1","0","43","76","0"
"BroadleafCommerce","2329fd97ddf2e72f443f8be7e7e6baf49987f511","admin/broadleaf-open-admin-platform/src/main/java/org/broadleafcommerce/openadmin/security/AdminSandBoxFilter.java","3","0","1","0","49","82","1"
"elasticsearch","78574d248cf10dad1c5a566fda79e1e0c94afe43","core/src/main/java/org/elasticsearch/action/support/HandledTransportAction.java","3","0","1","0","55","87","1"
"elasticsearch","e6aaaf11ed4a1b8f595f920de1840938eddb7a97","core/src/main/java/org/elasticsearch/action/support/HandledTransportAction.java","3","0","1","0","55","87","1"
"elasticsearch","a60b8948ba1d836a6eac7cff095519e618939ed8","core/src/main/java/org/elasticsearch/action/support/HandledTransportAction.java","3","0","1","0","55","87","0"
"oryx","c766a75f0a21dd2466533971b3d846376cd9dc6f","app/oryx-app-serving/src/main/java/com/cloudera/oryx/app/serving/als/AbstractALSResource.java","3","0","1","0","57","86","0"
"elasticsearch","25fd9e26c4fb042d6f6dea14efcd239577bdbbc4","core/src/main/java/org/elasticsearch/action/support/HandledTransportAction.java","3","0","1","0","59","93","0"
"elasticsearch","046abdc281c321cd2128ee7684c0edfcaca07203","core/src/main/java/org/elasticsearch/search/aggregations/bucket/histogram/InternalDateHistogram.java","3","0","1","0","67","109","3"
"netty","efe37e0d28d220deb9e5f745a2aebcb94261d7e5","transport-native-unix-common/src/main/java/io/netty/channel/unix/UnixChannelUtil.java","3","0","1","1","10","35","2"
"orientdb","eefe33973dbf95af2f11a44f56ef4d94e9a82bf0","core/src/main/java/com/orientechnologies/orient/enterprise/channel/binary/OChannelBinaryProtocol.java","3","0","1","1","101","167","1"
"orientdb","1588c28b4906c47b12518029d176da10704b37e9","core/src/main/java/com/orientechnologies/orient/enterprise/channel/binary/OChannelBinaryProtocol.java","3","0","1","1","102","167","1"
"orientdb","e43642ac7d51dbda02d91a16b7024d9f80c6d272","core/src/main/java/com/orientechnologies/orient/enterprise/channel/binary/OChannelBinaryProtocol.java","3","0","1","1","102","168","0"
"orientdb","3630d8c33e4a5494e5d085504dd957898c427d13","core/src/main/java/com/orientechnologies/orient/enterprise/channel/binary/OChannelBinaryProtocol.java","3","0","1","1","103","168","0"
"elasticsearch","01794bf8ea9da1afc3b2deb01abe1754301f194f","src/test/java/org/elasticsearch/percolator/TTLPercolatorTests.java","3","0","1","1","110","153","1"
"elasticsearch","371c73e14023917f3892090d2d3d7ff9ac1216b9","core/src/main/java/org/elasticsearch/action/admin/indices/shrink/TransportShrinkAction.java","3","0","1","1","119","163","3"
"elasticsearch","78574d248cf10dad1c5a566fda79e1e0c94afe43","core/src/main/java/org/elasticsearch/action/admin/indices/shrink/TransportShrinkAction.java","3","0","1","1","119","163","2"
"elasticsearch","e6aaaf11ed4a1b8f595f920de1840938eddb7a97","core/src/main/java/org/elasticsearch/action/admin/indices/shrink/TransportShrinkAction.java","3","0","1","1","119","163","2"
"elasticsearch","a60b8948ba1d836a6eac7cff095519e618939ed8","core/src/main/java/org/elasticsearch/action/admin/indices/shrink/TransportShrinkAction.java","3","0","1","1","119","163","0"
"elasticsearch","22cbdd930cd0b5f274289c97b951b8dedca8bd4b","src/main/java/org/elasticsearch/action/deletebyquery/TransportShardDeleteByQueryAction.java","3","0","1","1","124","165","1"
"elasticsearch","17a5575757317962dab4c295bbfacbdb136cc61e","src/main/java/org/elasticsearch/action/deletebyquery/TransportShardDeleteByQueryAction.java","3","0","1","1","125","167","0"
"netty","c8a23028adb35330d9bb8dd707b2bd76ee5b7957","transport-native-unix-common/src/main/java/io/netty/channel/unix/UnixChannelUtil.java","3","0","1","1","13","39","0"
"titan","3247d28161a1c089cb463c208ae21c5129eee1af","titan-core/src/main/java/com/thinkaurelius/titan/util/system/TXUtils.java","3","0","1","1","17","27","0"
"hazelcast","2cab9c7f77abcddbb41df97579bcae554c325727","hazelcast/src/main/java/com/hazelcast/query/impl/UUIDConverter.java","3","0","1","1","17","45","1"
"mcMMO","9278ca4d27c0211aa886f7f6c4cb206c3cfcc998","src/main/java/com/gmail/nossr50/listeners/mcSelfListener.java","3","0","1","1","18","41","0"
"hazelcast","669af4d95acce86fc25b96a8aaf5ee89a8b29610","hazelcast/src/main/java/com/hazelcast/map/impl/ListenerAdapters.java","3","0","1","1","18","49","0"
"BroadleafCommerce","c47428fb0783c065f81dbdf641f1155879791b33","common/src/main/java/org/broadleafcommerce/common/web/controller/BroadleafRedirectController.java","3","0","1","1","18","68","0"
"netty","3295145e88de2d7bd6ca45c0966641e5d75123b1","testsuite/src/test/java/io/netty/testsuite/util/TestUtils.java","3","0","1","1","20","47","0"
"hazelcast","7001ec8c5b1305c796de75c2e3f170c562db8c03","hazelcast/src/main/java/com/hazelcast/map/impl/nearcache/invalidation/NonStopInvalidator.java","3","0","1","1","20","48","0"
"hazelcast","d070f1256c8c7fa823e6463487462826384ee1df","hazelcast/src/main/java/com/hazelcast/map/impl/nearcache/invalidation/NonStopInvalidator.java","3","0","1","1","21","49","0"
"netty","96bf71e814c2d7024d38cdeb8dc05a627670f09a","codec/src/main/java/io/netty/handler/codec/MessageToMessageEncoder.java","3","0","1","1","21","74","0"
"BroadleafCommerce","71a31640e8cd3c3e3c1adefa94d96624b8cb01a7","common/src/main/java/org/broadleafcommerce/common/dialect/BroadleafPostgreSQL82Dialect.java","3","0","1","1","22","47","0"
"BroadleafCommerce","bec4f0afe1e20f15b42e8c003e8f0f8dcf7d166c","admin/broadleaf-open-admin-platform/src/main/java/org/broadleafcommerce/openadmin/security/BroadleafAdminLogoutSuccessHandler.java","3","0","1","1","23","58","0"
"elasticsearch","3f06d9f3b8516bb30a2890a36c2973f08f9c6076","modules/lang-painless/src/main/java/org/elasticsearch/painless/node/SContinue.java","3","0","1","1","24","54","0"
"BroadleafCommerce","686351cf0913e2759c4714d2975c684f36acb5b9","admin/broadleaf-open-admin-platform/src/main/java/org/broadleafcommerce/openadmin/security/BroadleafAdminLogoutSuccessHandler.java","3","0","1","1","24","60","0"
"elasticsearch","b49635539d929d6cb5ee56153e2f95872fe4bb16","modules/lang-painless/src/main/java/org/elasticsearch/painless/node/SContinue.java","3","0","1","1","25","55","1"
"BroadleafCommerce","f0a43a10b18a55908684479d3eadcb3822d3cd60","core/broadleaf-framework/src/main/java/org/broadleafcommerce/core/pricing/service/workflow/FulfillmentGroupMerchandiseTotalActivity.java","3","0","1","1","25","56","0"
"elasticsearch","1424f09c02927d9caada7f6ea45285b411d88d12","modules/lang-painless/src/main/java/org/elasticsearch/painless/node/SContinue.java","3","0","1","1","25","56","0"
"elasticsearch","cde83e363aac2195c2dc0f81bbe348bcfe8b4152","modules/lang-painless/src/main/java/org/elasticsearch/painless/node/SContinue.java","3","0","1","1","25","56","1"
"elasticsearch","9944a594b10d5cfa34fcf2fa8ed45ca6d52345fe","test/framework/src/main/java/org/elasticsearch/test/rest/yaml/parser/ClientYamlTestSectionParser.java","3","0","1","1","26","56","1"
"elasticsearch","b49635539d929d6cb5ee56153e2f95872fe4bb16","modules/lang-painless/src/main/java/org/elasticsearch/painless/node/ENull.java","3","0","1","1","26","56","1"
"elasticsearch","1424f09c02927d9caada7f6ea45285b411d88d12","modules/lang-painless/src/main/java/org/elasticsearch/painless/node/ENull.java","3","0","1","1","26","56","0"
"elasticsearch","97cc426a890fa220a926d50faee463cf2cecb3a3","test/framework/src/main/java/org/elasticsearch/test/rest/yaml/parser/ClientYamlTestSectionParser.java","3","0","1","1","27","57","0"
"hazelcast","a43f8ee8ca77bddba7a0b7c0a5422bc2ee7b1788","hazelcast/src/main/java/com/hazelcast/internal/ascii/memcache/MemcacheUtils.java","3","0","1","1","27","58","0"
"BroadleafCommerce","711192d5e7efe6d787e38f9b7450cf8d77b2b944","core/broadleaf-framework/src/main/java/org/broadleafcommerce/core/search/redirect/dao/SearchRedirectDaoImpl.java","3","0","1","1","28","54","1"
"elasticsearch","13a347239a48d71486692a72c066e940dec8921b","plugins/cloud-azure/src/main/java/org/elasticsearch/discovery/azure/AzureDiscoveryModule.java","3","0","1","1","29","57","2"
"oryx","d16f89b25fc5e12f94af6432274c66e0394c1743","app/oryx-app-serving/src/main/java/com/cloudera/oryx/app/serving/als/PopularRepresentativeItems.java","3","0","1","1","29","60","0"
"elasticsearch","7c1211d2ed93640086c5da16871fab24d2bed46b","core/src/main/java/org/elasticsearch/index/analysis/PatternAnalyzer.java","3","0","1","1","31","57","1"
"oryx","27e9046b2bd92243c260efd8bcd0af46b92bdf9e","app/oryx-app-serving/src/main/java/com/cloudera/oryx/app/serving/als/PopularRepresentativeItems.java","3","0","1","1","31","62","0"
"neo4j","2fb8aea71a2d50c63f1407b9e975c5e8cbf325dc","community/kernel/src/main/java/org/neo4j/kernel/impl/factory/DataSourceModule.java","3","0","1","1","313","427","2"
"neo4j","1b3aad3b619bd72c2c9f79bb7edf642c5dc56a6f","community/kernel/src/main/java/org/neo4j/kernel/impl/factory/DataSourceModule.java","3","0","1","1","314","429","1"
"neo4j","530cd9dd6f2874f7121a6905d6d7ad1a6b42f376","community/kernel/src/main/java/org/neo4j/kernel/impl/factory/DataSourceModule.java","3","0","1","1","317","431","1"
"neo4j","13e3d20860f871d1c13c10429f2d4d31d6180c8b","community/kernel/src/main/java/org/neo4j/kernel/impl/factory/DataSourceModule.java","3","0","1","1","318","432","0"
"elasticsearch","2b639ae1b5e62ead1f21e7363b958d81d0df7999","src/main/java/org/elasticsearch/index/search/geo/IndexedGeoBoundingBoxFilter.java","3","0","1","1","32","60","0"
"junit","561a736d4400c32a608a6ee97424c20ca70bf8ae","src/main/java/org/junit/rules/TestWatcher.java","3","0","1","1","33","95","0"
"elasticsearch","4e2dd770aab15857d8f7a01d25d941908498ccb6","src/test/java/org/elasticsearch/index/mapper/null_value/NullValueTests.java","3","0","1","1","34","66","0"
"elasticsearch","3274e7ea6fd74073c30e5194c3447b1707e8b708","src/main/java/org/elasticsearch/search/highlight/vectorhighlight/SourceSimpleFragmentsBuilder.java","3","0","1","1","35","67","1"
"elasticsearch","f995c9c130b9af1c591e7e8be3b0727bcd573481","src/main/java/org/elasticsearch/search/highlight/vectorhighlight/SourceSimpleFragmentsBuilder.java","3","0","1","1","35","68","0"
"BroadleafCommerce","8eb2a431f76dbd13a8c06a21fd4e4ef7b472e630","common/src/main/java/org/broadleafcommerce/common/util/sql/importsql/DemoSqlServerSingleLineSqlCommandExtractor.java","3","0","1","1","35","76","0"
"hazelcast","736438f3040f246101e29a4a23540cab56adcef2","hazelcast-client/src/test/java/com/hazelcast/client/ClientIssueTest.java","3","0","1","1","36","65","2"
"elasticsearch","1424f09c02927d9caada7f6ea45285b411d88d12","modules/lang-painless/src/main/java/org/elasticsearch/painless/node/LStatic.java","3","0","1","1","36","70","0"
"netty","af4b71a00e30faf86ef1c2365e965e8f04f65bee","codec/src/main/java/io/netty/handler/codec/MessageToMessageDecoder.java","3","0","1","1","36","87","0"
"elasticsearch","49439a09e2c1a69da0fdf034fe9dabf1cc83bf30","modules/elasticsearch/src/test/java/org/elasticsearch/index/gateway/CommitPointsTests.java","3","0","1","1","37","72","0"
"elasticsearch","459d59a04ad4eb1671bac50a6faf3a7ad372d0e4","src/main/java/org/elasticsearch/search/suggest/phrase/LinearInterpoatingScorer.java","3","0","1","1","38","65","1"
"elasticsearch","5763b2468669896ce69b7f728626a8c844f4aba4","src/main/java/org/elasticsearch/search/highlight/vectorhighlight/SourceSimpleFragmentsBuilder.java","3","0","1","1","38","71","0"
"elasticsearch","14ae2fb7650f19c02440620061e6915da7711578","src/main/java/org/elasticsearch/search/highlight/vectorhighlight/SourceSimpleFragmentsBuilder.java","3","0","1","1","38","72","0"
"elasticsearch","57c0d29114b60f74e43ceb0914c26d490b61a265","src/main/java/org/elasticsearch/search/suggest/phrase/LinearInterpoatingScorer.java","3","0","1","1","39","66","0"
"elasticsearch","4902dd1da63eec3797d72831b768b9dc2032e76f","src/test/java/org/elasticsearch/search/StressSearchServiceReaperTest.java","3","0","1","1","39","68","0"
"BroadleafCommerce","f55f8066db43d052ca45150e743daa3590b720d8","admin/broadleaf-open-admin-platform/src/main/java/org/broadleafcommerce/openadmin/server/service/persistence/module/provider/AbstractMoneyFieldPersistenceProvider.java","3","0","1","1","39","77","1"
"BroadleafCommerce","47450b06f1783470e6230db310fb5ca33bfe08db","admin/broadleaf-open-admin-platform/src/main/java/org/broadleafcommerce/openadmin/server/service/persistence/module/provider/AbstractMoneyFieldPersistenceProvider.java","3","0","1","1","40","75","1"
"oryx","d16f89b25fc5e12f94af6432274c66e0394c1743","app/oryx-app-serving/src/main/java/com/cloudera/oryx/app/serving/rdf/ClassificationDistribution.java","3","0","1","1","40","76","0"
"neo4j","6eabd27b55177dfd0f40b5c796235b9ec0c7aae6","enterprise/ha/src/main/java/org/neo4j/kernel/ha/cluster/modeswitch/UpdatePullerSwitcher.java","3","0","1","1","41","76","0"
"orientdb","7e6d055e47b83730ea6afea09b9001e7a784ac0f","graphdb/src/test/java/com/orientechnologies/orient/graph/TestGraphIntentMassiveInsert.java","3","0","1","1","42","54","0"
"elasticsearch","00d54fabb259a21e98441f58c04b86b7f13a3a71","src/test/java/org/elasticsearch/indices/cache/query/IndicesQueryCacheTests.java","3","0","1","1","42","76","0"
"oryx","27e9046b2bd92243c260efd8bcd0af46b92bdf9e","app/oryx-app-serving/src/main/java/com/cloudera/oryx/app/serving/rdf/ClassificationDistribution.java","3","0","1","1","42","78","0"
"elasticsearch","c63626b537955d0309c6613642e990b54efd3cbf","src/test/java/org/elasticsearch/index/snapshots/blobstore/FileInfoTest.java","3","0","1","1","43","70","0"
"elasticsearch","eeb96db76b42d5a258af51b4a3861d6a09128a79","src/test/java/org/elasticsearch/action/admin/cluster/state/ClusterStateRequestTest.java","3","0","1","1","43","77","0"
"netty","9bcfef0f10694260a0c066278858b1c528f09ee0","example/src/main/java/io/netty/example/http2/tiles/Http2OrHttpHandler.java","3","0","1","1","45","78","1"
"elasticsearch","04b8245d96b665ce3c353cbd0878adac049871ea","modules/elasticsearch/src/main/java/org/elasticsearch/action/admin/indices/exists/TransportIndicesExistsAction.java","3","0","1","1","46","83","0"
"elasticsearch","3f06d9f3b8516bb30a2890a36c2973f08f9c6076","modules/lang-painless/src/main/java/org/elasticsearch/painless/node/SIf.java","3","0","1","1","46","84","0"
"hazelcast","305ecd0cab00c33d16d84c0f7b2e830a77412712","hazelcast/src/main/java/com/hazelcast/map/impl/mapstore/MapStoreContextFactory.java","3","0","1","1","46","86","1"
"elasticsearch","b85bcde640da53f95e6fcc174e0a32333ecd91cf","src/test/java/org/elasticsearch/test/integration/flt/FuzzyLikeThisActionTests.java","3","0","1","1","46","90","0"
"elasticsearch","00c13532a91b947eaac05fb0d53596d51e11fa9f","src/main/java/org/elasticsearch/search/highlight/vectorhighlight/SourceSimpleFragmentsBuilder.java","3","0","1","1","47","82","0"
"BroadleafCommerce","c65da16ab2aeb8fa0ba91edead23c1c6b90f3a19","common/src/main/java/org/broadleafcommerce/common/util/sql/importsql/DemoSqlServerSingleLineSqlCommandExtractor.java","3","0","1","1","48","97","0"
"orientdb","5eab90c1c26419b9f23b1ed9795e935ef4f82b7b","core/src/test/java/com/orientechnologies/orient/core/sql/ONonBlockingQueryTest.java","3","0","1","1","49","70","0"
"BroadleafCommerce","88b3ca211cb7f2bde186c45ce754544f15e77566","core/broadleaf-framework-web/src/main/java/org/broadleafcommerce/core/web/api/wrapper/SkuWrapper.java","3","0","1","1","49","87","0"
"elasticsearch","3e32dd985aabfa5ee653b26bcb6ff97c74a426a2","src/test/java/org/elasticsearch/indices/recovery/RecoveryStatusTests.java","3","0","1","1","50","77","0"
"elasticsearch","99714ee1bd991fed204620c32e9f59a323018d2f","src/test/java/org/elasticsearch/indices/recovery/RecoveryStatusTests.java","3","0","1","1","51","78","2"
"oryx","49c1ead1c67cc8b980a4be36cff731a14ba4f3fb","framework/kafka-util/src/test/java/com/cloudera/oryx/kafka/util/ProduceConsumeIT.java","3","0","1","1","52","88","0"
"oryx","d6687d2eb4391d042aa1d5e80653326e501b0fed","framework/kafka-util/src/test/java/com/cloudera/oryx/kafka/util/ProduceConsumeIT.java","3","0","1","1","53","89","1"
"elasticsearch","7037670aeb3625a26ac76c4737012a04dee16aeb","core/src/main/java/org/elasticsearch/search/aggregations/bucket/filter/FilterAggregatorBuilder.java","3","0","1","1","53","93","1"
"elasticsearch","b42ca6bcc94e2c20575117450ef80f9ac2bae747","core/src/main/java/org/elasticsearch/action/termvectors/TransportTermVectorsAction.java","3","0","1","1","54","89","1"
"BroadleafCommerce","416b3865b7ebb288d45d43094456acefbd7d5ee7","core/broadleaf-framework/src/main/java/org/broadleafcommerce/core/offer/service/workflow/RecordOfferUsageActivity.java","3","0","1","1","56","109","1"
"hazelcast","b3a45d9908bab4174b09d59385a02ff3ed7eada1","hazelcast/src/main/java/com/hazelcast/map/impl/querycache/subscriber/EvictionOperator.java","3","0","1","1","57","87","1"
"elasticsearch","d2ac95d93c32b84538247551f0c6d19609255340","src/test/java/org/elasticsearch/index/store/DistributorDirectoryTest.java","3","0","1","1","58","90","0"
"elasticsearch","b49635539d929d6cb5ee56153e2f95872fe4bb16","modules/lang-painless/src/main/java/org/elasticsearch/painless/node/EConditional.java","3","0","1","1","58","96","1"
"elasticsearch","cde83e363aac2195c2dc0f81bbe348bcfe8b4152","modules/lang-painless/src/main/java/org/elasticsearch/painless/node/EConditional.java","3","0","1","1","58","96","1"
"elasticsearch","1424f09c02927d9caada7f6ea45285b411d88d12","modules/lang-painless/src/main/java/org/elasticsearch/painless/node/EConditional.java","3","0","1","1","58","96","0"
"oryx","b6b02e9588f7acc5366ee6f9ac69d7abc17896b7","app/oryx-app-serving/src/main/java/com/cloudera/oryx/app/serving/als/MostSurprising.java","3","0","1","1","59","101","0"
"elasticsearch","3f06d9f3b8516bb30a2890a36c2973f08f9c6076","modules/lang-painless/src/main/java/org/elasticsearch/painless/node/EConditional.java","3","0","1","1","59","97","0"
"elasticsearch","6d0efae7139401f497e6cd4ab329fba82dd922bf","core/src/main/java/org/elasticsearch/action/admin/cluster/node/tasks/list/TransportListTasksAction.java","3","0","1","1","60","105","0"
"elasticsearch","776e5d8096c7ddea8996d8c70165f6971aadd776","core/src/main/java/org/elasticsearch/action/termvectors/TransportTermVectorsAction.java","3","0","1","1","61","96","1"
"elasticsearch","7229c9128987bc5d4dfd767780cf3a2282305241","core/src/test/java/org/elasticsearch/http/netty/NettyHttpRequestSizeLimitIT.java","3","0","1","1","61","98","0"
"elasticsearch","2539d94bc95f651971b1c23db395caa603ce4b0f","core/src/main/java/org/elasticsearch/action/termvectors/TransportTermVectorsAction.java","3","0","1","1","62","98","1"
"elasticsearch","502a775a7c938aeda566566fa22416c5260cd858","core/src/test/java/org/elasticsearch/http/netty/NettyHttpRequestSizeLimitIT.java","3","0","1","1","62","99","1"
"elasticsearch","78574d248cf10dad1c5a566fda79e1e0c94afe43","core/src/main/java/org/elasticsearch/action/admin/cluster/node/tasks/list/TransportListTasksAction.java","3","0","1","1","63","114","1"
"elasticsearch","e6aaaf11ed4a1b8f595f920de1840938eddb7a97","core/src/main/java/org/elasticsearch/action/admin/cluster/node/tasks/list/TransportListTasksAction.java","3","0","1","1","63","114","1"
"elasticsearch","a60b8948ba1d836a6eac7cff095519e618939ed8","core/src/main/java/org/elasticsearch/action/admin/cluster/node/tasks/list/TransportListTasksAction.java","3","0","1","1","63","114","0"
"elasticsearch","93ad6969669e65db6ba7f35c375109e3f186675b","core/src/main/java/org/elasticsearch/action/admin/indices/create/TransportCreateIndexAction.java","3","0","1","1","64","100","1"
"elasticsearch","4732ef3484ab91eac3afc0ccde0249f8b67dc506","src/test/java/org/elasticsearch/search/functionscore/FunctionScoreFieldValueTests.java","3","0","1","1","64","105","1"
"oryx","d74573da4b2b89e7fd33199f0c4f90fb9df26833","app/oryx-app-serving/src/main/java/com/cloudera/oryx/app/serving/als/AbstractALSResource.java","3","0","1","1","64","95","0"
"elasticsearch","04cfbe361beb084d24240f95fb4936414e79f386","core/src/main/java/org/elasticsearch/action/admin/indices/create/TransportCreateIndexAction.java","3","0","1","1","65","101","0"
"oryx","b6b02e9588f7acc5366ee6f9ac69d7abc17896b7","app/oryx-app-serving/src/main/java/com/cloudera/oryx/app/serving/als/Because.java","3","0","1","1","65","105","0"
"elasticsearch","467a459f95d8709379bf3e7f415644b246a89dba","core/src/main/java/org/elasticsearch/action/search/type/TransportSearchQueryAndFetchAction.java","3","0","1","1","69","104","2"
"elasticsearch","821021f0e478ca44d828e62c139ea19f0fd7290a","core/src/main/java/org/elasticsearch/action/search/type/TransportSearchQueryAndFetchAction.java","3","0","1","1","70","105","1"
"elasticsearch","10ec2e948a2f1426a5058ca3b2c2e39952f141d8","src/main/java/org/elasticsearch/action/admin/indices/create/TransportCreateIndexAction.java","3","0","1","1","71","109","2"
"oryx","d16f89b25fc5e12f94af6432274c66e0394c1743","app/oryx-app-serving/src/main/java/com/cloudera/oryx/app/serving/als/MostPopularItems.java","3","0","1","1","72","110","0"
"hazelcast","8e20fd580ec4e7de4938dc403d1a547e0b9a4001","hazelcast/src/main/java/com/hazelcast/map/impl/mapstore/MapStoreContextFactory.java","3","0","1","1","72","118","0"
"oryx","27e9046b2bd92243c260efd8bcd0af46b92bdf9e","app/oryx-app-serving/src/main/java/com/cloudera/oryx/app/serving/als/MostPopularItems.java","3","0","1","1","74","112","0"
"elasticsearch","7140d184ab4b46a81459236f83ea86b2c64d1472","plugins/discovery-gce/src/test/java/org/elasticsearch/discovery/gce/GceComputeServiceMock.java","3","0","1","1","78","114","1"
"elasticsearch","1f04182b8164ffb19f3805c48d67f0375262b317","core/src/main/java/org/elasticsearch/action/admin/cluster/node/stats/TransportNodesStatsAction.java","3","0","1","1","78","117","0"
"elasticsearch","1f04182b8164ffb19f3805c48d67f0375262b317","core/src/main/java/org/elasticsearch/action/admin/cluster/node/info/TransportNodesInfoAction.java","3","0","1","1","78","117","0"
"elasticsearch","532806af1a8521b11ab60f1a52374c32c7e8b387","core/src/main/java/org/elasticsearch/action/admin/cluster/node/stats/TransportNodesStatsAction.java","3","0","1","1","78","117","1"
"elasticsearch","9f12f3c33892380e4cb0fa48b860c23c6d225b5d","core/src/test/java/org/elasticsearch/search/functionscore/FunctionScoreFieldValueIT.java","3","0","1","1","83","130","2"
"elasticsearch","51d53791fe71c9cb62bc992588a57cdfb500383f","core/src/main/java/org/elasticsearch/rest/action/cat/RestSnapshotAction.java","3","0","1","1","85","129","0"
"elasticsearch","562c3744cab91aa083cb645c67ef57ebb20c8661","core/src/test/java/org/elasticsearch/search/functionscore/FunctionScoreFieldValueIT.java","3","0","1","1","85","133","0"
"elasticsearch","0d349854d34e1e8819ce3bdb74d3bb178371398e","core/src/main/java/org/elasticsearch/rest/action/cat/RestSnapshotAction.java","3","0","1","1","89","126","1"
"elasticsearch","2b3760f78b26817b5a2030aa27b1ddf2f17462f6","core/src/main/java/org/elasticsearch/rest/action/cat/RestSnapshotAction.java","3","0","1","1","89","128","1"
"elasticsearch","371c73e14023917f3892090d2d3d7ff9ac1216b9","core/src/main/java/org/elasticsearch/rest/action/cat/RestSnapshotAction.java","3","0","1","1","90","129","3"
"elasticsearch","78574d248cf10dad1c5a566fda79e1e0c94afe43","core/src/main/java/org/elasticsearch/rest/action/cat/RestSnapshotAction.java","3","0","1","1","90","129","2"
"elasticsearch","e6aaaf11ed4a1b8f595f920de1840938eddb7a97","core/src/main/java/org/elasticsearch/rest/action/cat/RestSnapshotAction.java","3","0","1","1","90","129","2"
"elasticsearch","a077f4a933b16b4b255ac46b1912eee9602b00c6","core/src/main/java/org/elasticsearch/rest/action/cat/RestSnapshotAction.java","3","0","1","1","90","129","0"
"elasticsearch","a60b8948ba1d836a6eac7cff095519e618939ed8","core/src/main/java/org/elasticsearch/rest/action/cat/RestSnapshotAction.java","3","0","1","1","90","129","0"
"orientdb","76ffdc9fe1e541460329297a955e8494c36be8f5","enterprise/src/main/java/com/orientechnologies/orient/enterprise/channel/binary/OChannelBinaryProtocol.java","3","0","1","1","90","146","1"
"elasticsearch","f64065c9d2b167bc3e9b74d31085c3694f221d81","src/main/java/org/elasticsearch/action/termvector/TransportSingleShardTermVectorAction.java","3","0","1","1","91","135","0"
"orientdb","c1f0f046093d166b58193818b359c73d4a50c228","enterprise/src/main/java/com/orientechnologies/orient/enterprise/channel/binary/OChannelBinaryProtocol.java","3","0","1","1","92","152","0"
"elasticsearch","ec770373ab65bc77c9cb3ae9e4c0919bdd5219d5","src/main/java/org/elasticsearch/action/termvector/TransportSingleShardTermVectorAction.java","3","0","1","1","94","140","1"
"elasticsearch","c97833596869141f747110d0046dd9de325a7f3c","core/src/test/java/org/elasticsearch/transport/netty/NettyScheduledPingTests.java","3","0","1","1","95","134","1"
"elasticsearch","5a91ad11152fb54724083b696339b78829c8b905","core/src/test/java/org/elasticsearch/transport/netty/NettyScheduledPingTests.java","3","0","1","1","97","136","0"
"oryx","3e37e6e1d93a28c4cbc14584101fe0c8c9b46743","oryx-ml-oryx/src/main/java/com/cloudera/oryx/ml/speed/als/ALSSpeedModel.java","3","0","1","10","135","188","0"
"elasticsearch","4cd2f79972bfd1645af6c2218cf9a9e074c09d2f","modules/elasticsearch/src/test/java/org/elasticsearch/deps/joda/SimpleJodaTests.java","3","0","1","10","144","208","0"
"neo4j","45212810fc846a645ae6e869155a7aa27221739f","community/kernel/src/test/java/org/neo4j/graphdb/IndexingAcceptanceTest.java","3","0","1","10","248","349","1"
"hazelcast","2476e8b213f7f7bb5244ba843694941849708762","hazelcast/src/test/java/com/hazelcast/spi/impl/operationservice/impl/IsStillRunningServiceTest.java","3","0","1","10","255","326","1"
"elasticsearch","dc900a08a6c6f346656105fa0e2484ed186f8461","core/src/test/java/org/elasticsearch/search/geo/GeoShapeIntegrationIT.java","3","0","1","10","388","479","0"
"elasticsearch","9a536b2c2b62999d2639e0de49e27dd9d2f980a5","modules/elasticsearch/src/main/java/org/elasticsearch/common/lucene/docset/AllDocSet.java","3","0","1","10","45","86","0"
"hazelcast","57535284ee668e1e195cbd884184b6bb8d3641ff","hazelcast-client/src/test/java/com/hazelcast/client/helpers/SimpleClientInterceptor.java","3","0","1","10","48","71","0"
"neo4j","f44287b7a495e7eebc71863a05453d7bfd7285bf","community/primitive-collections/src/main/java/org/neo4j/collection/primitive/hopscotch/AbstractHopScotchCollection.java","3","0","1","10","62","100","0"
"elasticsearch","4b94eb5cb8cc4294ed0e932a5f22c16bd90d4dd7","core/src/main/java/org/elasticsearch/action/admin/indices/exists/indices/IndicesExistsRequest.java","3","0","1","10","62","99","2"
"elasticsearch","860efb2ad28db09189c8423e05d0dba53010259c","core/src/main/java/org/elasticsearch/action/admin/indices/exists/indices/IndicesExistsRequest.java","3","0","1","10","62","99","2"
"elasticsearch","d3417fb02291f26964d77767020ef345d18c148f","core/src/main/java/org/elasticsearch/action/admin/indices/exists/indices/IndicesExistsRequest.java","3","0","1","10","62","99","0"
"elasticsearch","66cd3ad17edfa10964080d6e4a46a8d114d5595f","src/main/java/org/elasticsearch/cluster/service/PendingClusterTask.java","3","0","1","10","63","98","1"
"elasticsearch","9077bb6528f843ca8042ff95f8fac47140ef5aa1","modules/elasticsearch/src/main/java/org/elasticsearch/index/mapper/xcontent/geo/GeoPointFieldData.java","3","0","1","10","64","110","0"
"BroadleafCommerce","77879457fa96cb9ce4384309d6bea14163b2de5b","core/broadleaf-framework/src/main/java/org/broadleafcommerce/core/search/service/solr/index/GlobalSolrFullReIndexOperation.java","3","0","1","10","64","117","0"
"elasticsearch","f66f0218ca5223218131a74ad93260df792fe997","modules/elasticsearch/src/main/java/org/elasticsearch/threadpool/scaling/ScalingThreadPool.java","3","0","1","10","65","104","0"
"oryx","ceb8f91d84d2bc2e6ad109938f110e96381cf3db","oryx-common/src/test/java/com/cloudera/oryx/common/math/VectorMathTest.java","3","0","1","10","69","103","0"
"hazelcast","5fecf8dbd363df52a8451f5af1c36dc49cfb937b","hazelcast/src/main/java/com/hazelcast/cache/impl/CachePartitionSegment.java","3","0","1","10","69","115","0"
"elasticsearch","f66f0218ca5223218131a74ad93260df792fe997","modules/elasticsearch/src/main/java/org/elasticsearch/threadpool/blocking/BlockingThreadPool.java","3","0","1","10","70","114","0"
"neo4j","c5b5d78669dac8e798d3b7239c93623c6b72e2ea","community/kernel/src/main/java/org/neo4j/kernel/impl/api/index/IndexMap.java","3","0","1","10","72","113","0"
"elasticsearch","e3480a1c0ad9a9d6236af90e34fb60e553a8df46","src/main/java/org/elasticsearch/search/facet/query/InternalQueryFacet.java","3","0","1","10","81","122","0"
"elasticsearch","ad004072bb7e691bf15b3bce8f43d8354fe3ea0d","src/main/java/org/elasticsearch/action/delete/ShardDeleteRequest.java","3","0","1","10","85","125","0"
"hazelcast","09094ed4b8b23f801d4dd283a1b73545694471dc","hazelcast/src/main/java/com/hazelcast/internal/partition/operation/CheckReplicaVersion.java","3","0","1","10","86","124","2"
"netty","6257091d121903f0ad83ae43ecb6697b861727a8","common/src/test/java/io/netty/util/AsciiStringMemoryTest.java","3","0","1","11","140","174","0"
"neo4j","e3ad6851599a1cbe66f7aac56eee42eebe05cd0f","community/kernel/src/test/java/org/neo4j/graphdb/IndexingAcceptanceTest.java","3","0","1","11","288","396","0"
"elasticsearch","7ab0e2c5321c802068d85c0fa3a0f44e0b02c5a4","core/src/test/java/org/elasticsearch/search/geo/GeoShapeIntegrationIT.java","3","0","1","11","420","520","1"
"BroadleafCommerce","169f0bbfec129b2b2db37bf8d20ae4c6d373f6c0","core/broadleaf-framework/src/main/java/org/broadleafcommerce/core/search/service/solr/BroadleafCloudSolrServer.java","3","0","1","11","48","86","0"
"orientdb","50bb0365603295268745639338630da96d9c93fc","server/src/main/java/com/orientechnologies/orient/server/distributed/task/OAbstractRecordReplicatedTask.java","3","0","1","11","53","93","0"
"hazelcast","baa368522ed3c920f4eee5e07815c8d3292589c8","hazelcast/src/main/java/com/hazelcast/map/tx/TxnDeleteOperation.java","3","0","1","11","67","104","1"
"hazelcast","3717f3879e270e3bca8e84c4a9740b78d98aed63","hazelcast/src/main/java/com/hazelcast/partition/SyncReplicaVersion.java","3","0","1","11","72","110","0"
"elasticsearch","e8e684c6c48d3289f154cbb230f6bcd38fa2bc79","src/main/java/org/elasticsearch/action/percolate/PercolateShardRequest.java","3","0","1","11","84","126","0"
"neo4j","a7f45f5f10c903b49edc8c0a81405f620b8e2956","community/kernel/src/test/java/org/neo4j/kernel/impl/proc/FieldInjectionsTest.java","3","0","1","12","102","172","0"
"elasticsearch","fd3b01d81079840f1c0ddef50d1d726624f8e55b","src/main/java/org/elasticsearch/cluster/action/index/NodeMappingRefreshAction.java","3","0","1","12","110","159","0"
"elasticsearch","d3417fb02291f26964d77767020ef345d18c148f","core/src/main/java/org/elasticsearch/action/admin/indices/stats/ShardStats.java","3","0","1","12","114","155","0"
"elasticsearch","5f1634dff4b07905f58b4978b84509fe07a983fd","core/src/test/java/org/elasticsearch/search/aggregations/metrics/ValueCountIT.java","3","0","1","12","212","283","0"
"neo4j","868b4d731485023d2f7477e1133dcd5b263c851d","community/lucene-index/src/test/java/org/neo4j/index/impl/lucene/RecoveryTest.java","3","0","1","12","241","322","0"
"elasticsearch","20ff703e07c692c5e68e6b30a6e6413a34dd10a7","core/src/test/java/org/elasticsearch/search/builder/SearchSourceBuilderTests.java","3","0","1","12","257","305","3"
"elasticsearch","396b8b371cba3f5524334d55239e9ba8b3b7fa1c","core/src/test/java/org/elasticsearch/search/builder/SearchSourceBuilderTests.java","3","0","1","12","312","370","2"
"elasticsearch","7d8726a5e81ba5c3d42182ffdb6b1d413a025b9f","modules/elasticsearch/src/main/java/org/elasticsearch/cluster/routing/allocation/RoutingAllocation.java","3","0","1","12","57","102","0"
"hazelcast","78ae1a75208f6777bfb81fd68b2d62b446f83759","hazelcast-hibernate/hazelcast-hibernate3/src/main/java/com/hazelcast/hibernate/serialization/Value.java","3","0","1","12","61","98","0"
"elasticsearch","b6ae7fbadb0669d015ec6070adca9469be88d29d","src/main/java/org/elasticsearch/index/snapshots/blobstore/RateLimitingInputStream.java","3","0","1","12","62","102","1"
"hazelcast","7e9aaf983ea251e7252a8ed8cd1ea0b00cad40cf","hazelcast-hibernate/hazelcast-hibernate3/src/main/java/com/hazelcast/hibernate/serialization/Value.java","3","0","1","12","62","99","1"
"netty","2d7e957a2388e660af8350342437e29271636a23","buffer/src/main/java/io/netty/buffer/DefaultByteBufHolder.java","3","0","1","12","63","98","1"
"netty","99b11c95b4d9efc180fe2d6f35436a7d49b54106","buffer/src/main/java/io/netty/buffer/DefaultByteBufHolder.java","3","0","1","12","66","106","0"
"elasticsearch","55a879ee8d8bb637199cf3cb83c7dbeabc24c29a","core/src/main/java/org/elasticsearch/search/aggregations/metrics/percentiles/hdr/InternalHDRPercentiles.java","3","0","1","12","75","114","0"
"orientdb","7a678522a2d83448543bc75d7360ac0857529727","server/src/main/java/com/orientechnologies/orient/server/distributed/task/OCopyDatabaseChunkTask.java","3","0","1","12","78","125","0"
"orientdb","a56ae91e7d9f772da4288542cee900793c24e5e1","server/src/main/java/com/orientechnologies/orient/server/distributed/task/OCopyDatabaseChunkTask.java","3","0","1","12","79","126","0"
"orientdb","ce730084aa5f7cde8321f5f9913349040d5b5425","server/src/main/java/com/orientechnologies/orient/server/distributed/task/OCopyDatabaseChunkTask.java","3","0","1","12","79","126","0"
"orientdb","adddd500f5b684336e6d81b081c449dabe52977d","server/src/main/java/com/orientechnologies/orient/server/distributed/task/OCopyDatabaseChunkTask.java","3","0","1","12","79","126","1"
"orientdb","a56ae91e7d9f772da4288542cee900793c24e5e1","server/src/main/java/com/orientechnologies/orient/server/distributed/task/OSQLCommandTask.java","3","0","1","12","82","130","0"
"hazelcast","6474545aa5329fefb6b8aca3d96457f3fd89c46c","hazelcast/src/main/java/com/hazelcast/queue/impl/client/AddListenerRequest.java","3","0","1","12","97","138","1"
"hazelcast","f2a552590f59888cfdba1c4cfc42c481e582e76f","hazelcast/src/main/java/com/hazelcast/queue/impl/client/AddListenerRequest.java","3","0","1","12","97","138","1"
"hazelcast","a476ebc118a4c2591a6901e9d093456450e8c205","hazelcast/src/main/java/com/hazelcast/queue/impl/client/AddListenerRequest.java","3","0","1","12","97","138","0"
"hazelcast","05b27a3d7f9adfb832f8fb0c7927fc71c14df2b4","hazelcast/src/main/java/com/hazelcast/collection/impl/queue/client/AddListenerRequest.java","3","0","1","12","98","138","2"
"hazelcast","ae877df50978fcfb112d6d0cab2c78f80d1ee770","hazelcast/src/main/java/com/hazelcast/collection/impl/queue/client/AddListenerRequest.java","3","0","1","12","98","138","1"
"hazelcast","d0fd18cd0e2fac83d47776ccc1f08639bfc9823f","hazelcast/src/main/java/com/hazelcast/collection/impl/queue/client/AddListenerRequest.java","3","0","1","12","98","138","2"
"hazelcast","d472cbea8d404ea4e42a5cc0bb455dbec40e7985","hazelcast/src/main/java/com/hazelcast/collection/impl/queue/client/AddListenerRequest.java","3","0","1","12","98","138","3"
"hazelcast","d65de8708631978b87d39db7c947a073e0963228","hazelcast/src/main/java/com/hazelcast/collection/impl/queue/client/AddListenerRequest.java","3","0","1","12","98","138","2"
"hazelcast","264b730b6e10ae9df6f5d8727209ca007160236f","hazelcast/src/main/java/com/hazelcast/collection/impl/queue/client/AddListenerRequest.java","3","0","1","12","98","138","0"
"hazelcast","d551ed762f2dd83eaeffcc7b7b4fc6dad591b31c","hazelcast/src/main/java/com/hazelcast/queue/impl/client/AddListenerRequest.java","3","0","1","12","98","138","0"
"BroadleafCommerce","a9195d4ac4004123352a33490d7885e7a7a8a19e","core/broadleaf-framework/src/main/java/org/broadleafcommerce/core/search/redirect/domain/SearchRedirectImpl.java","3","0","1","13","118","170","0"
"BroadleafCommerce","fcf24dee7c3f0aeaf18af14e19eb5a1df17a3f3b","core/broadleaf-framework/src/main/java/org/broadleafcommerce/core/search/redirect/domain/SearchRedirectImpl.java","3","0","1","13","121","173","1"
"BroadleafCommerce","1a9dee96255ff084e3640ffc1f013ed286542577","core/broadleaf-framework/src/main/java/org/broadleafcommerce/core/payment/domain/PaymentInfoDetailImpl.java","3","0","1","13","124","168","1"
"BroadleafCommerce","3c7200b57bd7640325fdfdf6cfdc384b352c0d63","core/broadleaf-framework/src/main/java/org/broadleafcommerce/core/search/redirect/domain/SearchRedirectImpl.java","3","0","1","13","127","179","1"
"elasticsearch","7f74a620a1b58737e09cc1718153611e6efb8eb2","plugins/analysis-kuromoji/src/test/java/org/elasticsearch/index/analysis/KuromojiAnalysisTests.java","3","0","1","13","213","294","1"
"elasticsearch","a42bee5d60b1704c331024671159d799bcfc165f","core/src/test/java/org/elasticsearch/search/builder/SearchSourceBuilderTests.java","3","0","1","13","281","331","0"
"elasticsearch","1c63c823b0e4c07d4ba0e4767840f68162b7b4b8","core/src/test/java/org/elasticsearch/search/builder/SearchSourceBuilderTests.java","3","0","1","13","311","369","2"
"elasticsearch","641c88dc29012c8ea410969a687c763355e2e7ee","core/src/test/java/org/elasticsearch/search/builder/SearchSourceBuilderTests.java","3","0","1","13","316","375","1"
"elasticsearch","3df2a086d4bf3c5608aabf06c1766e10c901af35","core/src/test/java/org/elasticsearch/search/builder/SearchSourceBuilderTests.java","3","0","1","13","320","379","2"
"orientdb","c871bcbc93f785701cc81e159699c0d2229569b3","server/src/main/java/com/orientechnologies/orient/server/distributed/task/OAbstractRecordReplicatedTask.java","3","0","1","13","63","106","0"
"elasticsearch","1d7e20b7121537fb32cc3f1e3300e85bad3a014e","src/main/java/org/elasticsearch/cluster/action/index/MappingUpdatedAction.java","3","0","1","14","123","172","0"
"hazelcast","7001ec8c5b1305c796de75c2e3f170c562db8c03","hazelcast-client/src/main/java/com/hazelcast/client/spi/ClientContext.java","3","0","1","14","132","183","0"
"hazelcast","d568e4d926d925d57d4e79e34614390416749301","hazelcast-client/src/main/java/com/hazelcast/client/spi/ClientContext.java","3","0","1","14","132","183","0"
"hazelcast","dcfdc5d7842f3a769acd3f4023c27434c17da3d6","hazelcast-client/src/main/java/com/hazelcast/client/spi/ClientContext.java","3","0","1","14","132","183","1"
"hazelcast","4a1593fa6ba5c277c4ad2fc320d803b0e63b9339","hazelcast/src/test/java/com/hazelcast/util/scheduler/SecondsBasedEntryTaskSchedulerTest.java","3","0","1","14","152","199","0"
"elasticsearch","7184cf8b5b34f4f25a92f35bf690ce3faf4baa70","plugins/analysis-kuromoji/src/test/java/org/elasticsearch/index/analysis/KuromojiAnalysisTests.java","3","0","1","14","223","309","0"
"elasticsearch","43efcffcc217f5e49ed15593bc3156c2b4db1c73","core/src/test/java/org/elasticsearch/search/builder/SearchSourceBuilderTests.java","3","0","1","14","319","378","0"
"elasticsearch","315744be55b3fb4949c6632d5877bc43bc666d7f","src/main/java/org/elasticsearch/search/suggest/SuggestionSearchContext.java","3","0","1","14","65","106","0"
"elasticsearch","b6a9bd9a31862bf4f73efd0009727134b91c4f27","src/main/java/org/elasticsearch/cluster/routing/allocation/RoutingAllocation.java","3","0","1","14","67","115","0"
"hazelcast","1034eefdec20e532e39cf99fa82360a2b37de959","hazelcast/src/main/java/com/hazelcast/map/tx/TxnSetOperation.java","3","0","1","14","85","125","2"
"hazelcast","50bebee545427d3b6d15fed40d5d89bdc90b7bbe","hazelcast/src/main/java/com/hazelcast/map/tx/TxnSetOperation.java","3","0","1","14","85","125","1"
"hazelcast","5363a25694db45ffa53f4625542fb7fadc8bc8ae","hazelcast/src/main/java/com/hazelcast/map/tx/TxnSetOperation.java","3","0","1","14","85","125","0"
"hazelcast","843e12f8df4a5e6604acd3cff75c6cdd6280acc8","hazelcast/src/main/java/com/hazelcast/map/tx/TxnSetOperation.java","3","0","1","14","85","126","3"
"elasticsearch","f23274523a4d957156fa48923cbf651bdeb2813f","src/main/java/org/elasticsearch/action/bench/CompetitionNodeResult.java","3","0","1","14","86","127","0"
"hazelcast","70d4de16ff0ac4518d09aad8c9f2ad9e782fb337","hazelcast/src/main/java/com/hazelcast/map/impl/recordstore/StorageImpl.java","3","0","1","14","95","152","1"
"hazelcast","712c404a6ba05f461c985cd25f6ea7497554cac7","hazelcast/src/main/java/com/hazelcast/map/impl/recordstore/StorageImpl.java","3","0","1","14","95","152","1"
"hazelcast","1dd497e875dfd5d86f6ea880a8fa9a2ecd76a0e9","hazelcast/src/main/java/com/hazelcast/map/impl/recordstore/StorageImpl.java","3","0","1","14","95","152","0"
"MapDB","c6b651ded7e972c588607f0fcfc9097d2ce106c7","src/main/java/org/mapdb/DataOutput2.java","3","0","1","14","98","146","1"
"elasticsearch","3dff0d0de209437d727a0f309111f5ed49ebfb2e","plugins/repository-azure/src/main/java/org/elasticsearch/cloud/azure/blobstore/AzureBlobStore.java","3","0","1","15","100","145","0"
"hazelcast","0b7ac71e8812dcc24e7ec255c3c4e2fc118385e5","hazelcast-client/src/main/java/com/hazelcast/client/spi/ClientContext.java","3","0","1","15","138","190","0"
"hazelcast","44da73e20295eb48277cec8dc61e382a54772b56","hazelcast/src/test/java/com/hazelcast/spi/impl/operationservice/impl/IsStillRunningServiceTest.java","3","0","1","15","295","375","2"
"hazelcast","a5d62e5a3f7cea78084b2c6d33d965b1175f793d","hazelcast/src/test/java/com/hazelcast/spi/impl/operationservice/impl/IsStillRunningServiceTest.java","3","0","1","15","295","375","1"
"hazelcast","a7f07bfdce4479c7a792837c9eb15b3b2eb45392","hazelcast/src/test/java/com/hazelcast/spi/impl/operationservice/impl/IsStillRunningServiceTest.java","3","0","1","15","295","375","0"
"elasticsearch","589360c8b1a46c1509c7e589f06124b91cb3dbaf","src/test/java/org/elasticsearch/cluster/metadata/MappingMetaDataParserTests.java","3","0","1","15","298","347","2"
"elasticsearch","90b547cf2c82b03fe42b9cce4ea878d81734228a","src/test/java/org/elasticsearch/cluster/metadata/MappingMetaDataParserTests.java","3","0","1","15","298","347","1"
"elasticsearch","cc9ab111a04661367cea50e444b5a9e0d4544d1a","src/test/java/org/elasticsearch/cluster/metadata/MappingMetaDataParserTests.java","3","0","1","15","298","347","0"
"elasticsearch","89de3ab6272fe3a9e377993ae32851cffb39ca7e","src/test/java/org/elasticsearch/cluster/metadata/MappingMetaDataParserTests.java","3","0","1","15","299","348","2"
"elasticsearch","3c1f2918011c22a1bb2b1a8117ed17e903a2771f","src/test/java/org/elasticsearch/test/unit/cluster/metadata/MappingMetaDataParserTests.java","3","0","1","15","300","349","0"
"elasticsearch","5f24581de31ddcfb1228f93261b78e48515e25b0","modules/lang-groovy/src/test/java/org/elasticsearch/messy/tests/StatsTests.java","3","0","1","15","326","414","2"
"elasticsearch","5f24581de31ddcfb1228f93261b78e48515e25b0","test/framework/src/main/java/org/elasticsearch/search/aggregations/metrics/AbstractNumericTestCase.java","3","0","1","15","53","100","1"
"BroadleafCommerce","9a2399ccabc71c63572c786cacfa9d17404bf0db","admin/broadleaf-open-admin-platform/src/main/java/org/broadleafcommerce/openadmin/web/rulebuilder/dto/DataDTO.java","3","0","1","15","69","110","0"
"hazelcast","7001ec8c5b1305c796de75c2e3f170c562db8c03","hazelcast/src/main/java/com/hazelcast/map/impl/nearcache/invalidation/Invalidation.java","3","0","1","15","92","133","0"
"hazelcast","3c9ef00381594290d29566fe2dabeb179e1c5529","hazelcast/src/main/java/com/hazelcast/config/WanPublisherConfig.java","3","0","1","15","96","136","1"
"elasticsearch","6b39aa615e4ce2c007549e85589f9a37ebef3740","src/test/java/org/elasticsearch/cluster/metadata/MappingMetaDataParserTests.java","3","0","1","16","310","360","1"
"elasticsearch","85eb0ea0e718fd9757d1bafa18f8767b1924f00c","src/test/java/org/elasticsearch/cluster/metadata/MappingMetaDataParserTests.java","3","0","1","16","311","361","0"
"elasticsearch","ff3fd99074e4a616d172ab4cb0580872f6cecbbe","test/framework/src/main/java/org/elasticsearch/search/aggregations/metrics/AbstractNumericTestCase.java","3","0","1","16","54","102","0"
"hazelcast","707932eed4859d26c9c896f844d9433f2795b290","hazelcast/src/main/java/com/hazelcast/replicatedmap/impl/record/InternalReplicatedMapStorage.java","3","0","1","16","70","115","0"
"elasticsearch","9077bb6528f843ca8042ff95f8fac47140ef5aa1","modules/elasticsearch/src/main/java/org/elasticsearch/index/field/data/floats/FloatFieldData.java","3","0","1","16","80","132","0"
"hazelcast","50bebee545427d3b6d15fed40d5d89bdc90b7bbe","hazelcast/src/main/java/com/hazelcast/map/record/RecordInfo.java","3","0","1","16","92","133","1"
"netty","732b145842d1442c946998559cbed61747a9cf9a","codec-http2/src/main/java/io/netty/handler/codec/http2/Http2FrameLogger.java","3","0","1","17","100","145","1"
"hazelcast","b688d4f9076d53864a940f4ef394682a44bb3d19","hazelcast-client/src/main/java/com/hazelcast/client/proxy/ClientLockProxy.java","3","0","1","17","105","148","1"
"elasticsearch","149629fec657e9948488195087f30583cd561f11","core/src/test/java/org/elasticsearch/action/search/MockSearchPhaseContext.java","3","0","1","17","107","149","0"
"hazelcast","8bdfbc804657d746c0e5af9e0c9647b5d9826b51","hazelcast-client/src/main/java/com/hazelcast/client/proxy/ClientLockProxy.java","3","0","1","17","107","150","0"
"elasticsearch","2ed1f7a3390420835f9b270d20c5d512ba197827","core/src/test/java/org/elasticsearch/action/search/MockSearchPhaseContext.java","3","0","1","17","110","152","1"
"hazelcast","7812e4cfb5307427c8041eaaed72fb543f28dd47","hazelcast/src/test/java/com/hazelcast/instance/DefaultNodeExtensionTest.java","3","0","1","17","180","232","0"
"hazelcast","5758dedd1bcd1583eb238e314a12eee83980b607","hazelcast/src/test/java/com/hazelcast/instance/DefaultNodeExtensionTest.java","3","0","1","17","181","233","1"
"elasticsearch","25fd9e26c4fb042d6f6dea14efcd239577bdbbc4","core/src/main/java/org/elasticsearch/action/search/SearchTransportService.java","3","0","1","17","225","316","0"
"hazelcast","a9525037283b683e9cc4c494078091eca10daf62","hazelcast-client-legacy/src/test/java/com/hazelcast/client/config/XmlClientConfigBuilderTest.java","3","0","1","17","258","326","1"
"netty","891be30a28c6dc5a1edf1cb5a3690644cf4ff66e","codec-http2/src/test/java/io/netty/handler/codec/http2/Http2ConnectionHandlerTest.java","3","0","1","17","279","349","1"
"netty","f250dfedbeafc4707425dabe1fa773ef75f0e855","codec-http2/src/test/java/io/netty/handler/codec/http2/Http2ConnectionHandlerTest.java","3","0","1","17","292","362","0"
"elasticsearch","1f04182b8164ffb19f3805c48d67f0375262b317","core/src/main/java/org/elasticsearch/search/action/SearchServiceTransportAction.java","3","0","1","17","317","400","0"
"netty","3e9f617504adb6f3ac984a9320020dd2c202739e","codec-mqtt/src/test/java/io/netty/handler/codec/mqtt/MqttCodecTest.java","3","0","1","17","359","472","1"
"elasticsearch","523a8b4c3e8003316f3e7c6a74bdd5e4e1818dd6","modules/elasticsearch/src/main/java/org/elasticsearch/index/field/data/ints/IntFieldData.java","3","0","1","17","85","138","0"
"elasticsearch","06b1d956f80912aaad4d367398a21e7744e67410","core/src/main/java/org/elasticsearch/index/get/GetStats.java","3","0","1","18","119","164","0"
"BroadleafCommerce","25cc6d04543ce2d153d288e181a712fa6a0086f4","common/src/main/java/org/broadleafcommerce/common/config/domain/AbstractModuleConfiguration.java","3","0","1","18","156","227","0"
"elasticsearch","9077bb6528f843ca8042ff95f8fac47140ef5aa1","modules/elasticsearch/src/main/java/org/elasticsearch/index/field/data/longs/LongFieldData.java","3","0","1","18","94","149","0"
"hazelcast","4c1b1b779a2a777ec65393b7af9a0dc4e31d82f5","hazelcast/src/main/java/com/hazelcast/client/impl/protocol/util/SafeBuffer.java","3","0","1","19","96","146","0"
"elasticsearch","523a8b4c3e8003316f3e7c6a74bdd5e4e1818dd6","modules/elasticsearch/src/main/java/org/elasticsearch/index/field/data/longs/LongFieldData.java","3","0","1","19","99","155","0"
"elasticsearch","a518599e27047549347ac58d66d66b7bfd27f988","core/src/test/java/org/elasticsearch/routing/AliasResolveRoutingIT.java","3","0","1","2","100","144","3"
"elasticsearch","39bc001e33489c5033da2bb7520cb907d2dd16ff","core/src/test/java/org/elasticsearch/routing/AliasResolveRoutingIT.java","3","0","1","2","101","147","1"
"elasticsearch","33b8d7a19d6ddd6ad06a5a0cb5ca90175458e036","core/src/main/java/org/elasticsearch/indices/analysis/PreBuiltTokenizers.java","3","0","1","2","124","173","1"
"elasticsearch","b6cdb1d8fb68a747686c2a8cf35e32124b60e544","src/test/java/org/elasticsearch/search/child/ParentFieldLoadingTest.java","3","0","1","2","134","186","0"
"elasticsearch","f6deb4597094ac46ad862f1c5817db66c40c6dea","src/test/java/org/elasticsearch/test/unit/cluster/routing/allocation/ShardsLimitAllocationTests.java","3","0","1","2","145","202","0"
"elasticsearch","70c334ec01afa90ee92ee8d8c6571aaf6757ff7b","src/test/java/org/elasticsearch/test/unit/cluster/routing/allocation/ShardsLimitAllocationTests.java","3","0","1","2","146","203","0"
"orientdb","461a500334a7f2be248cd0b34dc27ae176c1098a","core/src/main/java/com/orientechnologies/orient/core/sql/method/misc/OSQLMethodSplit.java","3","0","1","2","15","43","0"
"BroadleafCommerce","9ec69e93fc7dd021d7b46854fae9cba2851b3f6e","common/src/main/java/org/broadleafcommerce/common/util/dao/TQOrder.java","3","0","1","2","16","35","0"
"Android-Universal-Image-Loader","a3a6db9ef3531b23100e8f786d87dcba833c60f8","library/src/com/nostra13/universalimageloader/core/download/NetworkDeniedImageDownloader.java","3","0","1","2","19","47","0"
"hazelcast","217921dba98434f70805ecc14c00aad29df2fb8f","hazelcast/src/main/java/com/hazelcast/internal/cluster/impl/SplitBrainMulticastListener.java","3","0","1","2","19","47","0"
"hazelcast","879bc99d4b497d8a95681d2422bbe3e330ff449e","hazelcast/src/main/java/com/hazelcast/internal/cluster/impl/SplitBrainMulticastListener.java","3","0","1","2","19","47","0"
"Android-Universal-Image-Loader","300a0ea2f23b836dedeaf92774a2586e98e720b9","library/src/com/nostra13/universalimageloader/core/download/NetworkDeniedImageDownloader.java","3","0","1","2","19","47","1"
"Android-Universal-Image-Loader","300a0ea2f23b836dedeaf92774a2586e98e720b9","library/src/com/nostra13/universalimageloader/core/download/SlowNetworkImageDownloader.java","3","0","1","2","20","49","1"
"Android-Universal-Image-Loader","a3a6db9ef3531b23100e8f786d87dcba833c60f8","library/src/com/nostra13/universalimageloader/core/download/SlowNetworkImageDownloader.java","3","0","1","2","21","50","0"
"hazelcast","565257f977407eb3a0199d082860209c2958f5f9","hazelcast/src/main/java/com/hazelcast/nio/tcp/InSelectorImpl.java","3","0","1","2","21","53","1"
"neo4j","5350ef689b9f62b55098efc6c7f169401094f44a","python-embedded/src/main/java/org/neo4j/cypher/pycompat/ScalaToPythonWrapper.java","3","0","1","2","22","50","0"
"hazelcast","564167c1f93b32ce742411106e9ae67eae88a801","hazelcast/src/main/java/com/hazelcast/nio/tcp/InSelectorImpl.java","3","0","1","2","22","54","0"
"hazelcast","21c679e8a1c8226ecb3d7597b48a6bbd2d011a52","hazelcast-wm/src/main/java/com/hazelcast/web/DestroySessionEntryProcessor.java","3","0","1","2","22","59","1"
"hazelcast","5aa58b497cf248596c24b6e8ce3e05c35a87d498","hazelcast-wm/src/main/java/com/hazelcast/web/DestroySessionEntryProcessor.java","3","0","1","2","22","59","1"
"hazelcast","a36ac6ede30616fc2b702bdd7d0d164df0888372","hazelcast-wm/src/main/java/com/hazelcast/web/DestroySessionEntryProcessor.java","3","0","1","2","22","59","0"
"orientdb","39a8884d03c0bc49b8ecf655a22fe80646afa1e6","spatial/src/main/java/com/orientechnologies/spatial/shape/legacy/OPointLegecyBuilder.java","3","0","1","2","24","34","0"
"orientdb","66f9ab32c765539d71c8116d7eb17eafceb1a20e","core/src/main/java/com/orientechnologies/orient/core/sql/method/misc/OSQLMethodSize.java","3","0","1","2","24","53","0"
"elasticsearch","9ed274822d22385330346b60f4000e0208993c9a","src/main/java/org/elasticsearch/index/codec/PerFieldMappingPostingFormatCodec.java","3","0","1","2","24","58","1"
"orientdb","410bed7c732fcdc0730fc783f6270b2928f30112","core/src/main/java/com/orientechnologies/orient/core/OrientShutdownHook.java","3","0","1","2","25","53","0"
"orientdb","045349144c1a79c6b6372c5b90a7dd9a864efd3a","core/src/main/java/com/orientechnologies/orient/core/sql/method/misc/OSQLMethodSize.java","3","0","1","2","25","54","1"
"hazelcast","285ea2f37f81be480b27c4d255050be62a2af56f","hazelcast/src/main/java/com/hazelcast/queue/QueueEvictionProcessor.java","3","0","1","2","26","38","0"
"orientdb","39a8884d03c0bc49b8ecf655a22fe80646afa1e6","spatial/src/main/java/com/orientechnologies/spatial/shape/legacy/OShapeBuilderLegacyImpl.java","3","0","1","2","27","39","0"
"hazelcast","bd1cf2be6e18e649d51632574fc01d0cef642e69","hazelcast/src/main/java/com/hazelcast/replicatedmap/impl/ReplicatedMapEvictionProcessor.java","3","0","1","2","27","55","1"
"elasticsearch","6e366bae34c0128e6f710f79422eab1412616cb4","src/main/java/org/elasticsearch/index/codec/PerFieldMappingPostingFormatCodec.java","3","0","1","2","27","60","0"
"elasticsearch","06417a85e09543c870e692b774985ca738bfa828","src/main/java/org/elasticsearch/rest/action/admin/cluster/snapshots/get/RestGetSnapshotsAction.java","3","0","1","2","29","58","2"
"BroadleafCommerce","cd4dba4517e56b14042e5ed1567e933ca3904efd","core/broadleaf-framework/src/main/java/org/broadleafcommerce/core/checkout/service/workflow/ValidateCheckoutActivity.java","3","0","1","2","29","60","0"
"elasticsearch","a6510f924520d8cdda2636ac85a1a1e43f6dfb8c","src/main/java/org/elasticsearch/monitor/fs/FsService.java","3","0","1","2","30","63","0"
"hazelcast","98b898503b40f5fd2d50677d8eb7d145a361ff50","hazelcast/src/main/java/com/hazelcast/jmx/LocalStatsDelegate.java","3","0","1","2","31","59","0"
"neo4j","9a371bafe80ceb4e6cdc8502fbd22f9f8ec3d59d","enterprise/core-edge/src/main/java/org/neo4j/coreedge/raft/membership/CoreMemberSetSerializer.java","3","0","1","2","31","95","1"
"BroadleafCommerce","62b0965e0032b033930a114c288fac072e05540c","admin/broadleaf-open-admin-platform/src/main/java/org/broadleafcommerce/openadmin/server/service/persistence/module/provider/DefaultFieldPersistenceProvider.java","3","0","1","2","32","58","1"
"netty","9bcfef0f10694260a0c066278858b1c528f09ee0","example/src/main/java/io/netty/example/http2/helloworld/server/Http2OrHttpHandler.java","3","0","1","2","32","59","1"
"elasticsearch","d8f16178d3f21b4f9d17da12e7aa61613fc2c27a","src/main/java/org/elasticsearch/monitor/fs/JmxFsProbe.java","3","0","1","2","32","60","1"
"BroadleafCommerce","cd4dba4517e56b14042e5ed1567e933ca3904efd","core/broadleaf-framework/src/main/java/org/broadleafcommerce/core/pricing/service/workflow/FulfillmentGroupMerchandiseTotalActivity.java","3","0","1","2","32","66","0"
"BroadleafCommerce","a943eeae9ff5398e1779755ad265d6e1eb0e094c","common/src/main/java/org/broadleafcommerce/common/payment/service/PaymentGatewayTamperProofSealServiceImpl.java","3","0","1","2","32","70","0"
"neo4j","21dc057a8a68245281a22d7bdb8da5ae2103f057","enterprise/core-edge/src/main/java/org/neo4j/coreedge/raft/membership/CoreMemberSetSerializer.java","3","0","1","2","32","96","0"
"BroadleafCommerce","024e2cd7532a2662f5a6bf6f21876f03bcbccb0a","admin/broadleaf-open-admin-platform/src/main/java/org/broadleafcommerce/openadmin/server/dao/SessionFactoryChangeListener.java","3","0","1","2","33","63","0"
"BroadleafCommerce","89ab11fc4ad655261735d86bf697f21900eb5357","admin/broadleaf-open-admin-platform/src/main/java/org/broadleafcommerce/openadmin/server/security/service/navigation/PolymorphicEntitySectionAuthorizationImpl.java","3","0","1","2","33","67","0"
"elasticsearch","2b3760f78b26817b5a2030aa27b1ddf2f17462f6","core/src/main/java/org/elasticsearch/rest/action/admin/cluster/RestSnapshotsStatusAction.java","3","0","1","2","34","63","1"
"elasticsearch","2cf66c4115646f8398d979bf2af5d9c0b06aca03","src/main/java/org/elasticsearch/rest/action/admin/cluster/snapshots/status/RestSnapshotsStatusAction.java","3","0","1","2","34","63","1"
"elasticsearch","3d23a71fa7f3664209028e1ac377fe72609ac169","src/main/java/org/elasticsearch/rest/action/admin/cluster/snapshots/status/RestSnapshotsStatusAction.java","3","0","1","2","34","63","0"
"BroadleafCommerce","a3b56d046071ae04bde3a0799d053408cbcf621d","admin/broadleaf-open-admin-platform/src/main/java/org/broadleafcommerce/openadmin/server/dao/SessionFactoryChangeListener.java","3","0","1","2","34","64","0"
"elasticsearch","51d53791fe71c9cb62bc992588a57cdfb500383f","core/src/main/java/org/elasticsearch/rest/action/admin/cluster/RestSnapshotsStatusAction.java","3","0","1","2","34","64","0"
"oryx","9e84e8c96615104177a505a0ee9784af8d0d8d12","framework/oryx-common/src/main/java/com/cloudera/oryx/common/math/LinearSystemSolver.java","3","0","1","2","34","64","1"
"elasticsearch","14ba36977ed24fd670005800547541a4f2cdfa3a","test/framework/src/main/java/org/elasticsearch/test/rest/yaml/ClientYamlDocsTestClient.java","3","0","1","2","34","67","0"
"BroadleafCommerce","2290b85c0c8ab295db8ff58b0af16023f27d8c1a","admin/broadleaf-open-admin-platform/src/main/java/org/broadleafcommerce/openadmin/server/service/persistence/module/provider/DefaultFieldPersistenceProvider.java","3","0","1","2","35","61","0"
"orientdb","f0530dff33ff85748e0835e4e39c87901e559faa","tests/src/test/java/com/orientechnologies/orient/test/database/auto/SQLBatchTest.java","3","0","1","2","35","64","0"
"oryx","cdcb0aae19f56d45ba9d94585e5f974b8f70b7d7","oryx-lambda/src/main/java/com/cloudera/oryx/lambda/speed/SpeedLayerUpdate.java","3","0","1","2","35","65","0"
"oryx","d16f89b25fc5e12f94af6432274c66e0394c1743","app/oryx-app-serving/src/main/java/com/cloudera/oryx/app/serving/rdf/FeatureImportance.java","3","0","1","2","35","70","0"
"oryx","58153f886aa4d625048774f3570def750710bec1","oryx-lambda/src/main/java/com/cloudera/oryx/lambda/speed/SpeedLayerUpdate.java","3","0","1","2","36","65","1"
"elasticsearch","a6510f924520d8cdda2636ac85a1a1e43f6dfb8c","src/main/java/org/elasticsearch/monitor/fs/JmxFsProbe.java","3","0","1","2","37","65","0"
"oryx","27e9046b2bd92243c260efd8bcd0af46b92bdf9e","app/oryx-app-serving/src/main/java/com/cloudera/oryx/app/serving/rdf/FeatureImportance.java","3","0","1","2","37","72","0"
"orientdb","331294aa28524aabb5128bbffbbdb5afc498cbfe","src/test/java/com/orientechnologies/orient/etl/extractor/OJsonRandomExtractorTest.java","3","0","1","2","37","73","0"
"BroadleafCommerce","cd4dba4517e56b14042e5ed1567e933ca3904efd","core/broadleaf-framework/src/main/java/org/broadleafcommerce/core/order/service/workflow/remove/RemoveOrderItemActivity.java","3","0","1","2","37","75","0"
"orientdb","9076e4945a5441e4b88d7bb3f42eefc05bf4a5ed","src/test/java/com/orientechnologies/orient/etl/extractor/OJsonRandomExtractorTest.java","3","0","1","2","38","75","0"
"orientdb","984c71715a77135a3a3b46473e9b6f816f78fb60","etl/src/test/java/com/orientechnologies/orient/etl/extractor/OJsonRandomExtractorTest.java","3","0","1","2","38","75","0"
"orientdb","36fe694c8f3e92babf28edcd4aeda4d4ec08e667","etl/src/test/java/com/orientechnologies/orient/etl/extractor/OJsonRandomExtractorTest.java","3","0","1","2","38","75","1"
"oryx","748bc73f06c8ab08fa6842ab85c4c48952fa9187","framework/oryx-common/src/main/java/com/cloudera/oryx/common/math/LinearSystemSolver.java","3","0","1","2","39","66","0"
"elasticsearch","d356881664dc7ce60f46aaed4d910f87be3cfea9","src/main/java/org/elasticsearch/rest/action/search/RestSearchScrollAction.java","3","0","1","2","39","69","0"
"orientdb","c1f0f046093d166b58193818b359c73d4a50c228","core/src/main/java/com/orientechnologies/orient/core/conflict/OContentRecordConflictStrategy.java","3","0","1","2","39","79","0"
"elasticsearch","8c4cecb41ba04794c75d0b412d37319750a38b3e","core/src/main/java/org/elasticsearch/common/settings/loader/PropertiesSettingsLoader.java","3","0","1","2","40","69","2"
"elasticsearch","fad5e2d0e10e6c0ffb03a18bc38019e35bf05c6c","src/main/java/org/elasticsearch/rest/action/search/RestSearchScrollAction.java","3","0","1","2","40","69","1"
"elasticsearch","febc7f5d4c2158574d9a22c2e73e8092c5516690","core/src/main/java/org/elasticsearch/common/settings/loader/PropertiesSettingsLoader.java","3","0","1","2","40","69","0"
"orientdb","76ffdc9fe1e541460329297a955e8494c36be8f5","core/src/main/java/com/orientechnologies/orient/core/conflict/OContentRecordConflictStrategy.java","3","0","1","2","40","80","1"
"orientdb","29d9c9c149f32a2a93865952498f2baf9b3e1f57","distributed/src/test/java/com/orientechnologies/orient/server/distributed/DistributedDbDropAndReCreateAnotherTest.java","3","0","1","2","42","76","0"
"neo4j","c3a5cbf00866abb108bf34ce2e0680026fdd2025","community/kernel/src/main/java/org/neo4j/kernel/internal/locker/GlobalStoreLocker.java","3","0","1","2","42","85","0"
"hazelcast","d38202141395360399c9cf97d4453adf5b1581e1","hazelcast/src/main/java/com/hazelcast/client/impl/protocol/task/cache/CacheClearMessageTask.java","3","0","1","2","44","75","1"
"hazelcast","4bc70daa1a4ee13006874d617051076c198770df","hazelcast/src/main/java/com/hazelcast/internal/usercodedeployment/impl/ClassSource.java","3","0","1","2","45","86","0"
"neo4j","1d091f26f2a97068a7349cd6911070ed409bfcab","community/kernel/src/main/java/org/neo4j/kernel/builtinprocs/AlterUserPasswordProcedure.java","3","0","1","2","46","76","1"
"elasticsearch","1a5c36509ff45944b3ce058a3f2c4586119b7ccb","core/src/main/java/org/elasticsearch/search/slice/TermsSliceQuery.java","3","0","1","2","46","83","1"
"elasticsearch","19418749e485b9c86930841da470d614a4f2bd70","src/main/java/org/elasticsearch/rest/action/template/RestGetSearchTemplateAction.java","3","0","1","2","47","75","0"
"elasticsearch","19418749e485b9c86930841da470d614a4f2bd70","src/main/java/org/elasticsearch/rest/action/script/RestGetIndexedScriptAction.java","3","0","1","2","47","76","0"
"hazelcast","d38202141395360399c9cf97d4453adf5b1581e1","hazelcast/src/main/java/com/hazelcast/client/impl/protocol/task/cache/CacheRemoveAllMessageTask.java","3","0","1","2","47","78","1"
"elasticsearch","a49e1c0062aaabcaf573f0ac530237883971436b","core/src/main/java/org/elasticsearch/search/slice/TermsSliceQuery.java","3","0","1","2","48","89","0"
"neo4j","e6f84e88fecffdd2dd28e4ee978d77df94914908","community/lucene-index/src/main/java/org/neo4j/index/lucene/LuceneLabelScanStoreBuilder.java","3","0","1","2","49","87","1"
"hazelcast","d38202141395360399c9cf97d4453adf5b1581e1","hazelcast/src/main/java/com/hazelcast/client/impl/protocol/task/cache/CacheGetAllMessageTask.java","3","0","1","2","50","81","1"
"elasticsearch","fcf4d5a38de733eade12c4af4388aa946bbe5235","src/main/java/org/elasticsearch/action/TransportActionNodeProxy.java","3","0","1","2","50","84","0"
"netty","0bc30a123e88bc7b038e0c260937581097a903f7","codec-http/src/main/java/io/netty/handler/codec/http/HttpHeaderDateFormat.java","3","0","1","2","51","102","1"
"elasticsearch","851cb3ae8aac7041e1a2b3838053d6c52011aa22","src/main/java/org/elasticsearch/rest/action/template/RestGetSearchTemplateAction.java","3","0","1","2","51","79","0"
"netty","0d76e329a04cea5d00c60b0e855208a8ccd59358","example/src/main/java/io/netty/example/applet/AppletDiscardServer.java","3","0","1","2","52","78","0"
"hazelcast","79ca749ae9093b89ca12d0d2ca4fef11a7e63e89","hazelcast-client-new/src/main/java/com/hazelcast/client/impl/ClusterAuthenticator.java","3","0","1","2","52","83","0"
"netty","f755e584638e20a4ae62466dd4b7a14954650348","codec-http/src/main/java/io/netty/handler/codec/http/HttpHeaderDateFormat.java","3","0","1","2","53","105","0"
"elasticsearch","851cb3ae8aac7041e1a2b3838053d6c52011aa22","src/main/java/org/elasticsearch/rest/action/script/RestGetIndexedScriptAction.java","3","0","1","2","53","82","0"
"elasticsearch","2b3760f78b26817b5a2030aa27b1ddf2f17462f6","plugins/jvm-example/src/main/java/org/elasticsearch/plugin/example/ExampleCatAction.java","3","0","1","2","53","83","1"
"hazelcast","22ba15013db95101f4bfddf01eb6172fca2f70ee","hazelcast-client-new/src/main/java/com/hazelcast/client/impl/ClusterAuthenticator.java","3","0","1","2","53","84","0"
"hazelcast","4c66d17c8b22ec8a5d3b153ef1167127e2bd83ae","hazelcast-client-new/src/main/java/com/hazelcast/client/impl/ClusterAuthenticator.java","3","0","1","2","53","84","0"
"hazelcast","a4035afdfc67b757940a15578bc51b4e7b6b0b13","hazelcast-client-new/src/main/java/com/hazelcast/client/impl/ClusterAuthenticator.java","3","0","1","2","53","84","0"
"hazelcast","fcb85d5ce8c3887b875376ea1f986c03201d9f7c","hazelcast-client-new/src/main/java/com/hazelcast/client/impl/ClusterAuthenticator.java","3","0","1","2","53","84","0"
"hazelcast","0b99990c091b2e5235b2c7a72b4550327db4260c","hazelcast-client-new/src/main/java/com/hazelcast/client/impl/ClusterAuthenticator.java","3","0","1","2","53","84","2"
"hazelcast","2e237d2c442305f51cdbea3740548e8bfb4401ac","hazelcast-client-new/src/main/java/com/hazelcast/client/impl/ClusterAuthenticator.java","3","0","1","2","53","84","2"
"hazelcast","ccc4cf5c5afe3eadfdb39332f605f2157820ee89","hazelcast-client-new/src/main/java/com/hazelcast/client/impl/ClusterAuthenticator.java","3","0","1","2","53","84","1"
"hazelcast","d38202141395360399c9cf97d4453adf5b1581e1","hazelcast-client-new/src/main/java/com/hazelcast/client/impl/ClusterAuthenticator.java","3","0","1","2","53","85","1"
"elasticsearch","13a347239a48d71486692a72c066e940dec8921b","plugins/cloud-azure/src/test/java/org/elasticsearch/discovery/azure/AzureMinimumMasterNodesTest.java","3","0","1","2","53","90","2"
"neo4j","a93c570faa774c1a40b635b6a3e6d8ccb61a99e8","community/lucene-index/src/main/java/org/neo4j/index/lucene/LuceneLabelScanStoreBuilder.java","3","0","1","2","56","96","1"
"neo4j","6b75a9235ea38e0c47caacd25cc919023c0c958b","community/lucene-index/src/main/java/org/neo4j/index/lucene/LuceneLabelScanStoreBuilder.java","3","0","1","2","57","95","0"
"elasticsearch","25fd9e26c4fb042d6f6dea14efcd239577bdbbc4","core/src/main/java/org/elasticsearch/action/admin/cluster/node/tasks/list/TransportListTasksAction.java","3","0","1","2","60","100","0"
"oryx","49c1ead1c67cc8b980a4be36cff731a14ba4f3fb","framework/kafka-util/src/test/java/com/cloudera/oryx/kafka/util/ProduceData.java","3","0","1","2","60","90","0"
"neo4j","868b4d731485023d2f7477e1133dcd5b263c851d","community/lucene-index/src/main/java/org/neo4j/index/lucene/LuceneLabelScanStoreBuilder.java","3","0","1","2","64","104","0"
"elasticsearch","2b3760f78b26817b5a2030aa27b1ddf2f17462f6","qa/smoke-test-http/src/test/java/org/elasticsearch/http/TestDeprecationHeaderRestAction.java","3","0","1","2","66","109","1"
"BroadleafCommerce","cd4dba4517e56b14042e5ed1567e933ca3904efd","core/broadleaf-framework/src/main/java/org/broadleafcommerce/core/offer/service/workflow/RecordOfferUsageActivity.java","3","0","1","2","66","119","0"
"orientdb","a242cd8fb39fd371e5dfd3ba2f972abc05ebfecb","lucene/src/test/java/com/orientechnologies/lucene/LuceneReuseTest.java","3","0","1","2","70","102","0"
"neo4j","6452b111869dff085031fc7da5e5f984657ed110","community/procedure-compiler/processor/src/main/java/org/neo4j/tooling/procedure/visitors/ProcedureVisitor.java","3","0","1","2","71","109","1"
"elasticsearch","f613413ce477005a3bfc9bd153eab7d48225e82e","src/test/java/org/elasticsearch/script/GroovySecurityTests.java","3","0","1","2","72","127","0"
"elasticsearch","5351fbd8a0773cbf5efa5490e5e06095789a8edb","src/test/java/org/elasticsearch/script/GroovySecurityTests.java","3","0","1","2","74","131","0"
"elasticsearch","538c44b6bf36a1cb8f80781a3a5bb1634f2b7822","src/test/java/org/elasticsearch/rest/action/admin/indices/upgrade/UpgradeReallyOldIndexTest.java","3","0","1","2","75","109","0"
"neo4j","868b4d731485023d2f7477e1133dcd5b263c851d","community/kernel/src/main/java/org/neo4j/kernel/impl/storemigration/StoreMigrationTool.java","3","0","1","2","81","121","0"
"oryx","fddb336ac30ea3fb0bde91c61ef043f523d7d9fe","framework/oryx-lambda/src/test/java/com/cloudera/oryx/lambda/AbstractLambdaIT.java","3","0","1","2","82","117","0"
"oryx","49c1ead1c67cc8b980a4be36cff731a14ba4f3fb","framework/oryx-lambda/src/test/java/com/cloudera/oryx/lambda/AbstractLambdaIT.java","3","0","1","2","82","117","0"
"oryx","d6687d2eb4391d042aa1d5e80653326e501b0fed","framework/oryx-lambda/src/test/java/com/cloudera/oryx/lambda/AbstractLambdaIT.java","3","0","1","2","82","117","1"
"oryx","3b0fc229b3818b52dda4b6b863f9bca5dcfc4d86","framework/oryx-lambda/src/test/java/com/cloudera/oryx/lambda/AbstractLambdaIT.java","3","0","1","2","83","119","0"
"elasticsearch","13a347239a48d71486692a72c066e940dec8921b","core/src/test/java/org/elasticsearch/index/analysis/CompoundAnalysisTests.java","3","0","1","2","90","128","2"
"neo4j","a93c570faa774c1a40b635b6a3e6d8ccb61a99e8","community/kernel/src/main/java/org/neo4j/kernel/impl/storemigration/StoreMigrationTool.java","3","0","1","2","90","131","1"
"hazelcast","8374d790e0e578b9badfe450165005d26cc0687d","hazelcast/src/test/java/com/hazelcast/map/impl/mapstore/writebehind/WriteBehindWriteDelaySecondsTest.java","3","0","1","2","92","139","0"
"hazelcast","225747bf155c5244163627743980f8cb6e4e403e","hazelcast/src/test/java/com/hazelcast/map/impl/mapstore/writebehind/WriteBehindWriteDelaySecondsTest.java","3","0","1","2","94","142","1"
"hazelcast","f3f750f1b47f0460d68c5518d2059da0b8df14bf","hazelcast/src/test/java/com/hazelcast/map/impl/mapstore/writebehind/WriteBehindWriteDelaySecondsTest.java","3","0","1","2","94","142","1"
"hazelcast","e73264b05e9bb0bd0fc066ced6a31be5dfe9be6f","hazelcast/src/test/java/com/hazelcast/map/impl/mapstore/writebehind/WriteBehindWriteDelaySecondsTest.java","3","0","1","2","94","142","0"
"BroadleafCommerce","fc567e62e73023fd6c3fc16a1a3b891dfd90332d","common/src/test/java/org/broadleafcommerce/common/sitemap/service/SiteMapGeneratorTest.java","3","0","1","2","96","142","1"
"BroadleafCommerce","470b8d97b6c7574a70bb99529c9ed402ffe1ee29","common/src/test/java/org/broadleafcommerce/common/sitemap/service/SiteMapGeneratorTest.java","3","0","1","2","98","144","0"
"hazelcast","7d6c49b1a4b2f2fe50f2a3e9fdfb2613d7c73c2e","hazelcast-client-legacy/src/test/java/com/hazelcast/client/config/XmlClientConfigBuilderTest.java","3","0","1","20","293","368","0"
"netty","b19a12b952398dba12e46db452f0b8220d1e0267","codec-http2/src/test/java/io/netty/handler/codec/http2/DefaultHttp2ConnectionEncoderTest.java","3","0","1","20","311","380","1"
"hazelcast","2cfbd79e1e84f5987e07cedc09f582d5715c815d","hazelcast/src/main/java/com/hazelcast/config/CacheSimpleConfigReadOnly.java","3","0","1","21","100","144","0"
"hazelcast","c9145735e1b77145651752c833ce474b9e542791","hazelcast/src/main/java/com/hazelcast/config/CacheSimpleConfigReadOnly.java","3","0","1","21","100","144","0"
"hazelcast","5ce068887fea87587207a86de8baa062cf8514ac","hazelcast/src/main/java/com/hazelcast/config/CacheSimpleConfigReadOnly.java","3","0","1","21","100","144","2"
"hazelcast","42a346cbde06d2336a5efbf6728a88893d260278","hazelcast-spring/src/test/java/com/hazelcast/spring/cache/AbstractHazelcastCacheReadTimeoutTest.java","3","0","1","21","142","207","0"
"hazelcast","33c586d7fe567235e2216b7c79dd29adee22d5d0","hazelcast-client/src/test/java/com/hazelcast/client/config/XmlClientConfigBuilderTest.java","3","0","1","21","305","384","1"
"elasticsearch","20ff703e07c692c5e68e6b30a6e6413a34dd10a7","core/src/main/java/org/elasticsearch/search/internal/ShardSearchTransportRequest.java","3","0","1","22","121","175","1"
"hazelcast","54954fc7782ab476158ecc3cd232a950d5c7ffc3","hazelcast-client/src/test/java/com/hazelcast/client/config/XmlClientConfigBuilderTest.java","3","0","1","22","315","395","0"
"elasticsearch","3df2a086d4bf3c5608aabf06c1766e10c901af35","core/src/main/java/org/elasticsearch/search/internal/ShardSearchTransportRequest.java","3","0","1","23","125","180","0"
"elasticsearch","2ed1f7a3390420835f9b270d20c5d512ba197827","core/src/main/java/org/elasticsearch/search/internal/ShardSearchTransportRequest.java","3","0","1","23","126","181","1"
"netty","3482651e0c29edfa02f189751c704ebe4fe8f54c","common/src/main/java/io/netty/util/internal/EmptyPriorityQueue.java","3","0","1","25","111","158","0"
"elasticsearch","57108c8575b39e7b6c0e7c2ca4bf20f03e6d0912","plugins/transport/memcached/src/main/java/org/elasticsearch/memcached/MemcachedRestRequest.java","3","0","1","25","111","172","0"
"elasticsearch","ec1afe30ea9c34f7d63da273a3077c28a4849e4f","core/src/main/java/org/elasticsearch/search/internal/ShardSearchTransportRequest.java","3","0","1","25","133","190","0"
"hazelcast","c505bd050adca2b137d39f458734fbb250eb021c","hazelcast-client/src/test/java/com/hazelcast/client/config/XmlClientConfigBuilderTest.java","3","0","1","25","353","437","0"
"elasticsearch","634ce90dc06f20888a4ff655985a6baccf25a7db","core/src/main/java/org/elasticsearch/search/internal/ShardSearchTransportRequest.java","3","0","1","26","139","197","0"
"neo4j","8436dd70584c45c9036e3febb4b1fe42bac81ddb","enterprise/security/src/main/java/org/neo4j/server/security/enterprise/log/SecurityLog.java","3","0","1","27","174","230","0"
"neo4j","951a365a594d7a300c3388374bc1eb59e33b19b4","enterprise/kernel/src/main/java/org/neo4j/kernel/impl/enterprise/SecurityLog.java","3","0","1","27","176","231","0"
"elasticsearch","7a7370e3c83220dcdef7697b139b0b1cf4b8f18a","src/test/java/org/elasticsearch/count/query/SimpleQueryTests.java","3","0","1","29","859","1102","0"
"elasticsearch","c3ab79a10e64291361d2be6fc5e20002352c3aed","src/test/java/org/elasticsearch/count/query/SimpleQueryTests.java","3","0","1","29","861","1104","1"
"elasticsearch","06bfe0550d66e16a26f0dec044f1bd1e3ca83425","src/test/java/org/elasticsearch/count/query/SimpleQueryTests.java","3","0","1","29","865","1108","0"
"hazelcast","5f401c5a7cd66c9419852d8bf95a871995d95c6e","hazelcast/src/test/java/com/hazelcast/map/impl/tx/TxnMapNearCacheLeakTest.java","3","0","1","3","105","147","0"
"netty","8663716d38040537f6660cf2b81ee74549e0ab6d","codec-http/src/test/java/io/netty/handler/codec/http/QueryStringDecoderTest.java","3","0","1","3","107","141","0"
"hazelcast","6089fd2a02f5a274f0bd303d51105069b1bb7e3c","hazelcast/src/test/java/com/hazelcast/collection/TxnMultiMapTest.java","3","0","1","3","112","153","1"
"elasticsearch","578853f264e8ddae5c919b1b7ca35524cb292d62","core/src/test/java/org/elasticsearch/routing/AliasResolveRoutingIT.java","3","0","1","3","120","167","0"
"hazelcast","e4b10eb1bd1583bbfca340d4cde3ad3111ed215c","hazelcast-client/src/test/java/com/hazelcast/client/cache/nearcache/ClientCacheNearCacheBasicTest.java","3","0","1","3","136","184","1"
"hazelcast","0f550598f8d9f6c62d3bc81f88248d1e11b537c3","hazelcast-client/src/test/java/com/hazelcast/client/cache/nearcache/ClientCacheNearCacheBasicTest.java","3","0","1","3","138","183","0"
"elasticsearch","482843e27b6b498e1c045cbae5ad250102e76bac","plugins/discovery-multicast/src/test/java/org/elasticsearch/plugin/discovery/multicast/MulticastZenPingTests.java","3","0","1","3","146","193","0"
"hazelcast","dc17443670da541578f177d36f6b24c57a7f31b4","hazelcast/src/main/java/com/hazelcast/replicatedmap/impl/client/ReplicatedMapPortableHook.java","3","0","1","3","167","201","1"
"hazelcast","46535d992347d80c09f89629618370faf178b7c8","hazelcast/src/main/java/com/hazelcast/replicatedmap/impl/client/ReplicatedMapPortableHook.java","3","0","1","3","174","209","0"
"elasticsearch","06bfe0550d66e16a26f0dec044f1bd1e3ca83425","src/test/java/org/elasticsearch/validate/SimpleValidateQueryTests.java","3","0","1","3","178","244","2"
"orientdb","16ca3308e7a9b4e7a40fe0721494faac38132ad2","core/src/main/java/com/orientechnologies/orient/core/metadata/sequence/OSequenceHelper.java","3","0","1","3","22","30","0"
"hazelcast","1c8aa690e6d64bbd003dceb14a511c66372f109f","hazelcast/src/main/java/com/hazelcast/cache/merge/LatestAccessCacheMergePolicy.java","3","0","1","3","22","50","0"
"hazelcast","53d96a2042e1c7fa0fe1ccb1ae1a0c152ce97c34","hazelcast/src/main/java/com/hazelcast/topic/DataAwareMessage.java","3","0","1","3","23","35","1"
"hazelcast","b0ce34b9ecddab5119836b79b2cecb428664b121","hazelcast/src/main/java/com/hazelcast/topic/DataAwareMessage.java","3","0","1","3","23","35","1"
"hazelcast","ea1c884a2094d673643c44a0e98c44f3b44527b1","hazelcast/src/main/java/com/hazelcast/topic/DataAwareMessage.java","3","0","1","3","23","35","2"
"hazelcast","0d5f32b92330eb1b4d0a8f2e0c97d32341ec8970","hazelcast/src/main/java/com/hazelcast/topic/DataAwareMessage.java","3","0","1","3","23","35","0"
"orientdb","ea1339b2d74756f4efec13f3bb59c93a0a409b47","core/src/main/java/com/orientechnologies/orient/core/metadata/sequence/OSequenceHelper.java","3","0","1","3","23","51","0"
"elasticsearch","146a6d3730f387106ad08066761d398eb4911335","modules/elasticsearch/src/main/java/org/elasticsearch/index/mapper/selector/FieldMappersFieldSelector.java","3","0","1","3","23","53","1"
"orientdb","0cfaa58d80b3649b6ce9089e8e6bd0930e885094","core/src/main/java/com/orientechnologies/orient/core/sql/functions/coll/OSQLFunctionFirst.java","3","0","1","3","24","58","0"
"hazelcast","48ce080fe1f5db112b6c21e19da62612ccc43608","hazelcast/src/main/java/com/hazelcast/map/MapPortableHook.java","3","0","1","3","246","316","0"
"hazelcast","57535284ee668e1e195cbd884184b6bb8d3641ff","hazelcast/src/main/java/com/hazelcast/map/MapPortableHook.java","3","0","1","3","259","329","0"
"BroadleafCommerce","7f32ff7ff4e70f018682687549d718fef88455f8","admin/broadleaf-open-admin-platform/src/main/java/org/broadleafcommerce/openadmin/web/controller/AdminTranslationControllerExtensionManager.java","3","0","1","3","28","57","1"
"elasticsearch","371c73e14023917f3892090d2d3d7ff9ac1216b9","core/src/main/java/org/elasticsearch/cluster/routing/allocation/decider/ReplicaAfterPrimaryActiveAllocationDecider.java","3","0","1","3","28","57","3"
"elasticsearch","78574d248cf10dad1c5a566fda79e1e0c94afe43","core/src/main/java/org/elasticsearch/cluster/routing/allocation/decider/ReplicaAfterPrimaryActiveAllocationDecider.java","3","0","1","3","28","57","2"
"elasticsearch","b41c44370ed46a9bdae8a0986190b38d9aab640f","core/src/main/java/org/elasticsearch/search/rescore/RescorePhase.java","3","0","1","3","28","57","1"
"elasticsearch","e6aaaf11ed4a1b8f595f920de1840938eddb7a97","core/src/main/java/org/elasticsearch/cluster/routing/allocation/decider/ReplicaAfterPrimaryActiveAllocationDecider.java","3","0","1","3","28","57","2"
"elasticsearch","a60b8948ba1d836a6eac7cff095519e618939ed8","core/src/main/java/org/elasticsearch/cluster/routing/allocation/decider/ReplicaAfterPrimaryActiveAllocationDecider.java","3","0","1","3","28","57","0"
"BroadleafCommerce","f0a43a10b18a55908684479d3eadcb3822d3cd60","core/broadleaf-framework/src/main/java/org/broadleafcommerce/core/pricing/service/workflow/TaxActivity.java","3","0","1","3","28","58","0"
"orientdb","dc025634bd8133bb14ce499efe6078c88ed5ad7c","core/src/main/java/com/orientechnologies/orient/core/index/OIndexNotUnique.java","3","0","1","3","28","59","0"
"elasticsearch","7037670aeb3625a26ac76c4737012a04dee16aeb","core/src/main/java/org/elasticsearch/search/aggregations/bucket/filter/FilterParser.java","3","0","1","3","29","59","1"
"elasticsearch","fa16969360ea43667ad11f827bbf86718c18fcc6","src/main/java/org/elasticsearch/action/admin/cluster/node/hotthreads/NodesHotThreadsResponse.java","3","0","1","3","29","59","1"
"elasticsearch","10ec2e948a2f1426a5058ca3b2c2e39952f141d8","src/main/java/org/elasticsearch/action/admin/cluster/node/hotthreads/NodesHotThreadsResponse.java","3","0","1","3","29","59","0"
"elasticsearch","ea41ee9243dd3ec643117af1ff5a9684daf805c6","src/main/java/org/elasticsearch/transport/Transports.java","3","0","1","3","29","60","2"
"hazelcast","a43f8ee8ca77bddba7a0b7c0a5422bc2ee7b1788","hazelcast/src/main/java/com/hazelcast/util/collection/ComposedKeyMap.java","3","0","1","3","30","69","0"
"hazelcast","eca7cec5e3af5e7098dc27a62dea257e072f417d","hazelcast/src/main/java/com/hazelcast/instance/HazelcastInstanceCacheManager.java","3","0","1","3","31","61","0"
"BroadleafCommerce","416b3865b7ebb288d45d43094456acefbd7d5ee7","common/src/main/java/org/broadleafcommerce/common/weave/WeaveArchiveStatus.java","3","0","1","3","31","63","0"
"elasticsearch","5f4c6b04c855a7e56f5308cd8072aefcb0c19373","src/main/java/org/elasticsearch/transport/Transports.java","3","0","1","3","33","66","0"
"hazelcast","49d70060a7b54249744c4d990d8125c3b7431b06","hazelcast/src/main/java/com/hazelcast/map/impl/MapPortableHook.java","3","0","1","3","343","414","1"
"hazelcast","e61fb5c3d86ca028d6e3e49a1abcb8e55a938cef","hazelcast/src/main/java/com/hazelcast/map/impl/MapPortableHook.java","3","0","1","3","351","424","0"
"elasticsearch","33b8d7a19d6ddd6ad06a5a0cb5ca90175458e036","core/src/main/java/org/elasticsearch/indices/analysis/PreBuiltTokenFilters.java","3","0","1","3","355","436","1"
"elasticsearch","0a526be3440406e2a1e6bad4b86f4e93f5467029","core/src/main/java/org/elasticsearch/index/query/SpanFirstQueryBuilder.java","3","0","1","3","36","70","0"
"elasticsearch","c94d0564543c33b57e317a94eaec3534702df4a6","src/main/java/org/elasticsearch/index/query/WrapperQueryParser.java","3","0","1","3","37","69","1"
"elasticsearch","5f6623c03b87f914faba97064d115370d286127f","core/src/main/java/org/elasticsearch/index/query/WrapperQueryParser.java","3","0","1","3","38","70","0"
"elasticsearch","d8c02c2599e2cd30ea973e8f9bf12281e3473ebd","src/main/java/org/elasticsearch/rest/action/search/RestClearScrollAction.java","3","0","1","3","39","70","0"
"orientdb","5499f443102cace2dfa66d6bb93b5715bc0a6393","lucene/src/main/java/com/orientechnologies/lucene/tx/OLuceneTxChangesAbstract.java","3","0","1","3","39","74","0"
"orientdb","99a07688bdc3979e788f469cae7c5d9bd2fa9709","lucene/src/main/java/com/orientechnologies/lucene/tx/OLuceneTxChangesAbstract.java","3","0","1","3","39","79","0"
"netty","2a6ed67efc4ffb15647313b82e450a3951a6a3bd","example/src/main/java/io/netty/example/http/upload/HttpUploadServer.java","3","0","1","3","41","68","1"
"netty","9128d4f16a8ccb102bbf863b88e6be8e5574333d","example/src/main/java/io/netty/example/http/upload/HttpUploadServer.java","3","0","1","3","41","68","1"
"netty","23d017849429c18e1890b0a5799e5262df4f269f","example/src/main/java/io/netty/example/http/upload/HttpUploadServer.java","3","0","1","3","41","68","0"
"hazelcast","d2a92e383bdf14865e3bd445a2a873f5caada6fe","hazelcast/src/main/java/com/hazelcast/map/impl/client/MapAddNearCacheEntryListenerRequest.java","3","0","1","3","41","75","1"
"elasticsearch","984b94e8b75f4c7f5a5e878548509a36bdeeec37","core/src/main/java/org/elasticsearch/action/admin/indices/upgrade/post/UpgradeResponse.java","3","0","1","3","41","76","1"
"elasticsearch","c7d0c3ea1896445b19098d5e8b0058dc5c909d59","src/main/java/org/elasticsearch/index/codec/postingsformat/PostingFormats.java","3","0","1","3","42","105","2"
"elasticsearch","8facdb2e3dc49935a4c4b93967acd33882b113d3","modules/elasticsearch/src/main/java/org/elasticsearch/monitor/process/SigarProcessProbe.java","3","0","1","3","42","76","0"
"oryx","92bff167832b0389e135a60e46f1284c34744e3c","app/oryx-app-serving/src/main/java/com/cloudera/oryx/app/serving/rdf/Train.java","3","0","1","3","43","74","0"
"oryx","92bff167832b0389e135a60e46f1284c34744e3c","app/oryx-app-serving/src/main/java/com/cloudera/oryx/app/serving/kmeans/Add.java","3","0","1","3","43","75","0"
"elasticsearch","63f2e84535251afa875736f91d7cce9a81699101","modules/elasticsearch/src/main/java/org/elasticsearch/monitor/process/SigarProcessProbe.java","3","0","1","3","43","77","0"
"netty","a729e0fcd94009905d219665bdd069eb31433b7c","transport/src/main/java/io/netty/channel/MultithreadEventLoopGroup.java","3","0","1","3","43","83","1"
"elasticsearch","fda6ca4869182a2dfc082490c183eadf8f4e3d05","src/test/java/org/elasticsearch/index/fielddata/AbstractFieldDataTests.java","3","0","1","3","44","76","1"
"orientdb","30ff9985cfca4f3e9a7af445fe2d2c525bdac532","server/src/test/java/com/orientechnologies/orient/core/db/OSequenceRemoteTest.java","3","0","1","3","45","67","0"
"elasticsearch","51de01bae568cb12d39fa30bb7797e1717b15354","src/main/java/org/elasticsearch/rest/action/search/RestClearScrollAction.java","3","0","1","3","45","76","1"
"oryx","518dc444be616e55a8aeb1bd047aaa411ae3281a","app/oryx-app-serving/src/main/java/com/cloudera/oryx/app/serving/rdf/Train.java","3","0","1","3","46","77","0"
"oryx","518dc444be616e55a8aeb1bd047aaa411ae3281a","app/oryx-app-serving/src/main/java/com/cloudera/oryx/app/serving/kmeans/Add.java","3","0","1","3","46","78","0"
"orientdb","7d92a6b03b707e81490ef22a1fa23a1017918c3d","core/src/test/java/com/orientechnologies/orient/core/storage/fs/FileClassicTest.java","3","0","1","3","47","70","0"
"elasticsearch","9bc50ea60945a470ba8bd432407ebe98af996f77","src/test/java/org/elasticsearch/test/integration/indices/store/SimpleDistributorTests.java","3","0","1","3","47","80","0"
"oryx","d16f89b25fc5e12f94af6432274c66e0394c1743","app/oryx-app-serving/src/main/java/com/cloudera/oryx/app/serving/kmeans/Add.java","3","0","1","3","48","79","0"
"elasticsearch","b2b7506ace3d6c873807e23ca7212a1e7ef83ea7","src/main/java/org/elasticsearch/index/fielddata/fieldcomparator/LongValuesComparatorSource.java","3","0","1","3","48","81","1"
"BroadleafCommerce","fc96cd617dc6f16a02dfe01f95486da731a6cd13","core/broadleaf-framework/src/main/java/org/broadleafcommerce/core/order/fulfillment/domain/BandedWeightFulfillmentOptionImpl.java","3","0","1","3","48","83","0"
"elasticsearch","b2b7506ace3d6c873807e23ca7212a1e7ef83ea7","src/main/java/org/elasticsearch/index/fielddata/fieldcomparator/FloatValuesComparatorSource.java","3","0","1","3","49","81","1"
"elasticsearch","16446440e477b7e3d11f97bd3e95894c9b7bd986","src/main/java/org/elasticsearch/index/fielddata/fieldcomparator/LongValuesComparatorSource.java","3","0","1","3","49","82","0"
"elasticsearch","16446440e477b7e3d11f97bd3e95894c9b7bd986","src/main/java/org/elasticsearch/index/fielddata/fieldcomparator/FloatValuesComparatorSource.java","3","0","1","3","50","82","0"
"elasticsearch","78574d248cf10dad1c5a566fda79e1e0c94afe43","core/src/main/java/org/elasticsearch/action/admin/cluster/node/stats/NodesStatsResponse.java","3","0","1","3","50","84","1"
"elasticsearch","e6aaaf11ed4a1b8f595f920de1840938eddb7a97","core/src/main/java/org/elasticsearch/action/admin/cluster/node/stats/NodesStatsResponse.java","3","0","1","3","50","84","1"
"elasticsearch","a60b8948ba1d836a6eac7cff095519e618939ed8","core/src/main/java/org/elasticsearch/action/admin/cluster/node/stats/NodesStatsResponse.java","3","0","1","3","50","84","0"
"orientdb","2ee3b61558840a5368bca7909740f1b6b1cce1b3","core/src/test/java/com/orientechnologies/orient/core/storage/fs/FileClassicTest.java","3","0","1","3","51","74","1"
"orientdb","c65031e4a5cae04be6faeaeccb01fb18d3e5fb85","core/src/test/java/com/orientechnologies/orient/core/storage/fs/FileClassicTest.java","3","0","1","3","51","74","1"
"orientdb","567dc93cca1056c9b2aa72636e7e671ced994a8e","core/src/test/java/com/orientechnologies/orient/core/storage/fs/FileClassicTest.java","3","0","1","3","51","74","0"
"hazelcast","0f0ade6c45384284ab6b222ddf9c2df333fd693c","hazelcast/src/main/java/com/hazelcast/map/impl/MapManagedService.java","3","0","1","3","52","88","0"
"hazelcast","e85f9375177c76b2ee1338c2a1242d082783f816","hazelcast/src/main/java/com/hazelcast/map/impl/MapManagedService.java","3","0","1","3","52","88","0"
"hazelcast","bf57830124f1d8c5233fd61d243cbe0c16161b6c","hazelcast/src/main/java/com/hazelcast/map/impl/MapManagedService.java","3","0","1","3","52","88","1"
"orientdb","29ef0622a3d91def2a4a244705c8296116a784d1","core/src/test/java/com/orientechnologies/orient/core/storage/cache/local/twoq/CacheStateRestorationTest.java","3","0","1","3","54","108","0"
"netty","2a6ed67efc4ffb15647313b82e450a3951a6a3bd","example/src/main/java/io/netty/example/spdy/server/SpdyServer.java","3","0","1","3","54","99","1"
"hazelcast","a4035afdfc67b757940a15578bc51b4e7b6b0b13","hazelcast/src/main/java/com/hazelcast/client/impl/protocol/task/cache/CacheGetAllMessageTask.java","3","0","1","3","56","89","0"
"elasticsearch","b2b7506ace3d6c873807e23ca7212a1e7ef83ea7","src/main/java/org/elasticsearch/index/fielddata/fieldcomparator/DoubleValuesComparatorSource.java","3","0","1","3","58","93","1"
"elasticsearch","16446440e477b7e3d11f97bd3e95894c9b7bd986","src/main/java/org/elasticsearch/index/fielddata/fieldcomparator/DoubleValuesComparatorSource.java","3","0","1","3","59","94","0"
"elasticsearch","eecbf8a559b8bece2e2477d93e35649b5f87b9ee","src/main/java/org/elasticsearch/action/TransportActionNodeProxy.java","3","0","1","3","59","95","1"
"elasticsearch","fa16969360ea43667ad11f827bbf86718c18fcc6","src/main/java/org/elasticsearch/action/TransportActionNodeProxy.java","3","0","1","3","59","95","1"
"elasticsearch","10ec2e948a2f1426a5058ca3b2c2e39952f141d8","src/main/java/org/elasticsearch/action/TransportActionNodeProxy.java","3","0","1","3","59","95","0"
"netty","9125060752f5124949e55a6868647c75f88cdb01","example/src/main/java/io/netty/example/spdy/server/SpdyServer.java","3","0","1","3","60","106","0"
"BroadleafCommerce","e537514341f2711dbf6138bd2e0c9f7c24351122","admin/broadleaf-admin-module/src/main/java/org/broadleafcommerce/admin/web/controller/entity/AdminOfferController.java","3","0","1","3","62","104","0"
"elasticsearch","a7b2bdca4c8779e1fca6d89db8967233e42136ec","src/test/java/org/elasticsearch/index/query/IndexQueryParserFilterDateRangeFormatTests.java","3","0","1","3","62","109","4"
"orientdb","74039254b1ebb8a5d96f93f3a56cf4a38f0c0e20","lucene/src/test/java/com/orientechnologies/lucene/test/LuceneBackupRestoreTest.java","3","0","1","3","62","118","0"
"hazelcast","0a61d1993c8cf9dee111af675c9a52fc605aec63","hazelcast/src/test/java/classloading/AbstractJavaXCacheDependencyTest.java","3","0","1","3","65","110","0"
"elasticsearch","a7b2bdca4c8779e1fca6d89db8967233e42136ec","src/test/java/org/elasticsearch/index/query/IndexQueryParserFilterDateRangeTimezoneTests.java","3","0","1","3","65","112","2"
"elasticsearch","40f119d85a4eaa39d0a6e594e46f70de725557f0","core/src/main/java/org/elasticsearch/cluster/ClusterModule.java","3","0","1","3","69","104","2"
"elasticsearch","5337686d8d39568f94b0b976bd9098af69214302","qa/evil-tests/src/test/java/org/elasticsearch/bootstrap/EvilJarHellTests.java","3","0","1","3","71","101","0"
"hazelcast","9d8dcc2a1755aec6419b50698c80c1d109c89523","hazelcast/src/main/java/com/hazelcast/replicatedmap/impl/operation/ReplicateUpdateOperation.java","3","0","1","3","76","104","1"
"hazelcast","7582e6ffc797749d94f2f2bad6539dad53527127","hazelcast-client/src/test/java/com/hazelcast/client/txn/ClientTxnMultiMapTest.java","3","0","1","3","76","107","2"
"oryx","d16f89b25fc5e12f94af6432274c66e0394c1743","framework/kafka-util/src/main/java/com/cloudera/oryx/kafka/util/ProduceData.java","3","0","1","3","76","109","0"
"oryx","27e9046b2bd92243c260efd8bcd0af46b92bdf9e","framework/kafka-util/src/main/java/com/cloudera/oryx/kafka/util/ProduceData.java","3","0","1","3","77","109","0"
"elasticsearch","80e5c0acf8ef0861f6432546579e88451ed396a6","plugins/discovery-gce/src/test/java/org/elasticsearch/discovery/gce/GceComputeServiceMock.java","3","0","1","3","77","114","0"
"elasticsearch","1959275622ca35997420213d979a1724944aa4f6","src/test/java/org/elasticsearch/index/query/IndexQueryParserFilterDateRangeFormatTests.java","3","0","1","3","77","124","2"
"elasticsearch","7cc2bc8a145456297e7e33a2c22f5ea4b778e04e","src/test/java/org/elasticsearch/index/query/IndexQueryParserFilterDateRangeFormatTests.java","3","0","1","3","77","124","2"
"elasticsearch","7cc2bc8a145456297e7e33a2c22f5ea4b778e04e","src/test/java/org/elasticsearch/index/query/IndexQueryParserFilterDateRangeTimezoneTests.java","3","0","1","3","77","124","0"
"neo4j","530cd9dd6f2874f7121a6905d6d7ad1a6b42f376","community/kernel/src/test/java/org/neo4j/kernel/impl/core/NodeProxySingleRelationshipTest.java","3","0","1","3","78","161","1"
"oryx","d6687d2eb4391d042aa1d5e80653326e501b0fed","framework/kafka-util/src/test/java/com/cloudera/oryx/kafka/util/ProduceData.java","3","0","1","3","79","111","1"
"BroadleafCommerce","1c1207650f20f502eb97fcc72152b1aeaaea215c","admin/broadleaf-contentmanagement-module/src/main/java/org/broadleafcommerce/cms/admin/web/controller/AdminStructuredContentController.java","3","0","1","3","80","132","1"
"neo4j","13e3d20860f871d1c13c10429f2d4d31d6180c8b","community/kernel/src/test/java/org/neo4j/kernel/impl/core/NodeProxySingleRelationshipTest.java","3","0","1","3","80","163","0"
"neo4j","190b92241a3a9b39b8352f5f3cd846f2f10e6b61","community/kernel/src/test/java/org/neo4j/kernel/impl/core/NodeProxySingleRelationshipTest.java","3","0","1","3","80","168","1"
"BroadleafCommerce","1c1207650f20f502eb97fcc72152b1aeaaea215c","admin/broadleaf-contentmanagement-module/src/main/java/org/broadleafcommerce/cms/admin/web/controller/AdminPageController.java","3","0","1","3","82","133","2"
"BroadleafCommerce","4c0a8b2c4bddabc4e97467c8022161826c630c8c","admin/broadleaf-contentmanagement-module/src/main/java/org/broadleafcommerce/cms/admin/web/controller/AdminStructuredContentController.java","3","0","1","3","83","135","0"
"elasticsearch","51d53791fe71c9cb62bc992588a57cdfb500383f","core/src/main/java/org/elasticsearch/rest/action/admin/cluster/RestClusterRerouteAction.java","3","0","1","3","98","150","0"
"elasticsearch","e1efd5f6baf8dec1c23c79b346b8a29f234a98bb","core/src/main/java/org/elasticsearch/search/action/SearchServiceTransportAction.java","3","0","1","30","317","400","0"
"netty","e40c27d9ed1678207c1ca4554e70ed5e2534d93f","codec-http2/src/test/java/io/netty/handler/codec/http2/DefaultHttp2ConnectionDecoderTest.java","3","0","1","30","427","523","2"
"netty","f990f9983dd0e33fb4efb2212856ce5f9749cf85","codec-http2/src/test/java/io/netty/handler/codec/http2/DefaultHttp2ConnectionEncoderTest.java","3","0","1","30","509","616","0"
"netty","3482651e0c29edfa02f189751c704ebe4fe8f54c","codec-http2/src/test/java/io/netty/handler/codec/http2/DefaultHttp2ConnectionEncoderTest.java","3","0","1","31","510","618","0"
"netty","2fd42cfc6b32dacb812c6f2ecef8522cd94718d4","codec-http2/src/test/java/io/netty/handler/codec/http2/DefaultHttp2ConnectionEncoderTest.java","3","0","1","31","513","622","1"
"orientdb","eda978aeda4e2d46618285fcb1d73642a30164c2","core/src/main/java/com/orientechnologies/orient/core/index/hashindex/local/OHashTable.java","3","0","1","31","92","153","1"
"orientdb","331294aa28524aabb5128bbffbbdb5afc498cbfe","src/test/java/com/orientechnologies/orient/etl/transformer/OCSVTransformerTest.java","3","0","1","32","289","354","0"
"orientdb","9076e4945a5441e4b88d7bb3f42eefc05bf4a5ed","src/test/java/com/orientechnologies/orient/etl/transformer/OCSVTransformerTest.java","3","0","1","32","293","359","0"
"neo4j","b353365f238187617b6b4f4f5203fec4dcdef46a","community/server/src/test/java/org/neo4j/server/rest/transactional/integration/QueryResultsSerializationTest.java","3","0","1","33","423","615","0"
"netty","e5d01c4caf07c941199d4531eb8c251664b49ae4","codec-http2/src/test/java/io/netty/handler/codec/http2/DefaultHttp2ConnectionDecoderTest.java","3","0","1","33","470","569","1"
"hazelcast","1c3dd8c96a86869b2914bd7810ba433ed1482921","hazelcast/src/test/java/com/hazelcast/query/SqlPredicateTest.java","3","0","1","34","440","515","0"
"netty","9517edd4983e632f23a58da5633c630fe9c61a51","codec-http2/src/test/java/io/netty/handler/codec/http2/DefaultHttp2ConnectionDecoderTest.java","3","0","1","34","478","578","0"
"hazelcast","aa3d9080bfb9e8b6330d9f5d76f33b137f56f855","hazelcast/src/test/java/com/hazelcast/query/SqlPredicateTest.java","3","0","1","35","447","525","1"
"hazelcast","8a58f1d797cace1c351fcb95b819c86a74d54445","hazelcast/src/test/java/com/hazelcast/query/SqlPredicateTest.java","3","0","1","35","448","526","2"
"neo4j","1c6e22fad95ec037f0b9c6fd7a9fadb18e8384d1","community/server/src/test/java/org/neo4j/server/rest/transactional/integration/QueryResultsSerializationTest.java","3","0","1","36","450","658","0"
"neo4j","124072d355a437c87997b4e42f1fc22c0e2b6dd8","community/server/src/test/java/org/neo4j/server/rest/transactional/integration/QueryResultsSerializationTest.java","3","0","1","36","452","660","1"
"netty","3d6d9f394d763aaed47fdd0c86023afebe3c5a9f","buffer/src/main/java/io/netty/buffer/ReadOnlyByteBuf.java","3","0","1","37","211","283","1"
"hazelcast","2b274e6521ea45ba3f56fc50cbbe51d807794e3c","hazelcast/src/main/java/com/hazelcast/config/CacheSimpleConfig.java","3","0","1","38","186","288","0"
"neo4j","2d56d9104cc300bd4ffd7b025701b56f9233fc0c","community/kernel/src/main/java/org/neo4j/kernel/impl/api/LockingStatementOperations.java","3","0","1","38","309","399","1"
"neo4j","466446d07d56d6559765bffda49071e59cc1aec1","community/kernel/src/main/java/org/neo4j/kernel/impl/api/LockingStatementOperations.java","3","0","1","38","314","404","0"
"antlr4","507f331bd08bc01c213822508d18bbc4ba769db4","tool/test/org/antlr/v4/test/TestLexerExec.java","3","0","1","39","628","723","1"
"elasticsearch","fae9dcaed755b47398fb93c23dec81b1d84e8e36","src/test/java/org/elasticsearch/index/query/IndexQueryParserFilterDateRangeFormatTests.java","3","0","1","4","101","154","1"
"elasticsearch","1d4aee60863de1c64d69cffb999986e1bb88734d","src/test/java/org/elasticsearch/test/integration/explain/ExplainActionTests.java","3","0","1","4","105","144","0"
"netty","253cd694ef6317d52d41b220f4dcf5fd69f44ec3","example/src/main/java/io/netty/example/http2/helloworld/client/Http2ClientInitializer.java","3","0","1","4","106","156","1"
"netty","b39380ad83cda7ebe79d692216e204b8b6b67568","example/src/main/java/io/netty/example/http2/helloworld/client/Http2ClientInitializer.java","3","0","1","4","109","159","0"
"elasticsearch","37287284e64a0e91ab400a16b187e719b55c8929","src/test/java/org/elasticsearch/index/query/IndexQueryParserFilterDateRangeFormatTests.java","3","0","1","4","112","165","0"
"elasticsearch","5a64f08f048461a63a0ca1354a5050c954e63d52","core/src/main/java/org/elasticsearch/cluster/ClusterModule.java","3","0","1","4","116","153","0"
"hazelcast","e92dcb6824f242ac8bcb72623ccd13f982955632","hazelcast/src/test/java/com/hazelcast/collection/TxnMultiMapTest.java","3","0","1","4","119","162","0"
"elasticsearch","6e566cdf6cab837bdbdb5300ca85038fba1488c1","core/src/main/java/org/elasticsearch/cluster/ClusterModule.java","3","0","1","4","121","158","1"
"elasticsearch","0a8afa2e7269ddbec3755b8f10033e93f55149c2","core/src/main/java/org/elasticsearch/cluster/ClusterModule.java","3","0","1","4","125","162","3"
"elasticsearch","371c73e14023917f3892090d2d3d7ff9ac1216b9","core/src/main/java/org/elasticsearch/cluster/ClusterModule.java","3","0","1","4","125","162","3"
"elasticsearch","31b0777c911a87b7ebae0efd7d5b14d1e06f3879","core/src/main/java/org/elasticsearch/cluster/ClusterModule.java","3","0","1","4","125","162","0"
"elasticsearch","f32f35bec4e103a6f5eb347895bbf73bec0fdf76","core/src/main/java/org/elasticsearch/cluster/ClusterModule.java","3","0","1","4","127","164","1"
"orientdb","136db63960bbf53514691bf5a0bb8361a5ea5361","lucene/src/test/java/com/orientechnologies/lucene/test/LuceneAutomaticBackupRestoreTest.java","3","0","1","4","175","283","0"
"orientdb","136db63960bbf53514691bf5a0bb8361a5ea5361","lucene/src/test/java/com/orientechnologies/lucene/tests/OLuceneAutomaticBackupRestoreTest.java","3","0","1","4","176","284","0"
"orientdb","46bbcabde62c2b9e61ebaf45dc23f16d9dee7f02","lucene/src/test/java/com/orientechnologies/lucene/test/LuceneAutomaticBackupRestoreTest.java","3","0","1","4","178","286","1"
"orientdb","46bbcabde62c2b9e61ebaf45dc23f16d9dee7f02","lucene/src/test/java/com/orientechnologies/lucene/tests/OLuceneAutomaticBackupRestoreTest.java","3","0","1","4","179","287","1"
"elasticsearch","105d60ac9c28b1be4ab1e8d04a39c13cf9641c18","modules/test/integration/src/test/java/org/elasticsearch/test/integration/search/geo/GeoDistanceFacetTests.java","3","0","1","4","199","281","0"
"elasticsearch","0d3895533c004cf40d75226efd62ec833981741a","src/test/java/org/elasticsearch/validate/SimpleValidateQueryTests.java","3","0","1","4","201","271","1"
"elasticsearch","513f25ae97b4895019c5afb81286f5bee93fc522","src/test/java/org/elasticsearch/validate/SimpleValidateQueryTests.java","3","0","1","4","204","268","4"
"elasticsearch","f1e23067cd641e27efcc0523161a3904b7d06ae3","modules/elasticsearch/src/main/java/org/elasticsearch/index/mapper/selector/FieldMappersFieldSelector.java","3","0","1","4","25","56","0"
"orientdb","2a52733277d84242f992cb2eb3b7962217d8e600","core/src/main/java/com/orientechnologies/orient/core/sql/parser/OGroupBy.java","3","0","1","4","26","38","1"
"elasticsearch","dc900a08a6c6f346656105fa0e2484ed186f8461","core/src/test/java/org/elasticsearch/search/geo/GeoBoundingBoxIT.java","3","0","1","4","260","329","1"
"elasticsearch","7ab0e2c5321c802068d85c0fa3a0f44e0b02c5a4","core/src/test/java/org/elasticsearch/search/geo/GeoBoundingBoxIT.java","3","0","1","4","271","341","2"
"elasticsearch","96ecec34d16956606ce7c299251bccf9c8644ad6","src/test/java/org/elasticsearch/search/aggregations/bucket/ReverseNestedTests.java","3","0","1","4","282","338","2"
"elasticsearch","d2507c4ac0477f28b441f83eeac07786fb8f42b4","core/src/main/java/org/elasticsearch/cluster/ClusterInfo.java","3","0","1","4","30","70","0"
"titan","cf981127bcf88a6f6b6c160104ce6e97c2c37554","titan-core/src/main/java/com/thinkaurelius/titan/graphdb/transaction/indexcache/ConcurrentIndexCache.java","3","0","1","4","31","44","0"
"netty","23d017849429c18e1890b0a5799e5262df4f269f","transport/src/main/java/io/netty/channel/SingleThreadEventLoop.java","3","0","1","4","31","60","0"
"netty","9128d4f16a8ccb102bbf863b88e6be8e5574333d","transport/src/main/java/io/netty/channel/SingleThreadEventLoop.java","3","0","1","4","32","61","1"
"netty","a980638190c055a596145ec2a6963fa8cd30126a","transport/src/main/java/io/netty/channel/SingleThreadEventLoop.java","3","0","1","4","34","67","0"
"hazelcast","951ffdc2e22a155ef94f1bfaaea080af2efc64d6","hazelcast-client/src/main/java/com/hazelcast/client/impl/querycache/subscriber/ClientQueryCacheConfigurator.java","3","0","1","4","35","68","0"
"BroadleafCommerce","cd4dba4517e56b14042e5ed1567e933ca3904efd","core/broadleaf-framework/src/main/java/org/broadleafcommerce/core/pricing/service/workflow/TaxActivity.java","3","0","1","4","35","69","0"
"netty","20d818ccec9670bea362273be44e1a4c486bcdbe","codec-http/src/main/java/io/netty/handler/codec/http/DefaultHttpMessage.java","3","0","1","4","36","69","0"
"elasticsearch","5337686d8d39568f94b0b976bd9098af69214302","core/src/test/java/org/elasticsearch/bootstrap/SecurityTests.java","3","0","1","4","36","70","0"
"orientdb","a2eaf6636bb600c7e6d311b0bb7d112bbaafb4a0","etl/src/main/java/com/orientechnologies/orient/etl/block/OETLCodeBlock.java","3","0","1","4","37","68","0"
"hazelcast","951ffdc2e22a155ef94f1bfaaea080af2efc64d6","hazelcast/src/main/java/com/hazelcast/internal/usercodedeployment/impl/ClassSource.java","3","0","1","4","37","74","1"
"elasticsearch","371c73e14023917f3892090d2d3d7ff9ac1216b9","core/src/main/java/org/elasticsearch/common/blobstore/support/AbstractBlobContainer.java","3","0","1","4","38","70","3"
"elasticsearch","78574d248cf10dad1c5a566fda79e1e0c94afe43","core/src/main/java/org/elasticsearch/common/blobstore/support/AbstractBlobContainer.java","3","0","1","4","38","70","2"
"elasticsearch","e6aaaf11ed4a1b8f595f920de1840938eddb7a97","core/src/main/java/org/elasticsearch/common/blobstore/support/AbstractBlobContainer.java","3","0","1","4","38","70","2"
"elasticsearch","a60b8948ba1d836a6eac7cff095519e618939ed8","core/src/main/java/org/elasticsearch/common/blobstore/support/AbstractBlobContainer.java","3","0","1","4","38","70","0"
"elasticsearch","371c73e14023917f3892090d2d3d7ff9ac1216b9","core/src/main/java/org/elasticsearch/index/analysis/StopTokenFilterFactory.java","3","0","1","4","39","73","3"
"elasticsearch","78574d248cf10dad1c5a566fda79e1e0c94afe43","core/src/main/java/org/elasticsearch/index/analysis/StopTokenFilterFactory.java","3","0","1","4","39","73","2"
"elasticsearch","e6aaaf11ed4a1b8f595f920de1840938eddb7a97","core/src/main/java/org/elasticsearch/index/analysis/StopTokenFilterFactory.java","3","0","1","4","39","73","2"
"elasticsearch","a60b8948ba1d836a6eac7cff095519e618939ed8","core/src/main/java/org/elasticsearch/index/analysis/StopTokenFilterFactory.java","3","0","1","4","39","73","0"
"hazelcast","5758dedd1bcd1583eb238e314a12eee83980b607","hazelcast/src/main/java/com/hazelcast/internal/diagnostics/BuildInfoPlugin.java","3","0","1","4","40","68","1"
"hazelcast","82673ab9ce0ccc80fdec42894c6cbfa7ce33fc2e","hazelcast/src/main/java/com/hazelcast/internal/diagnostics/BuildInfoPlugin.java","3","0","1","4","40","68","1"
"hazelcast","7812e4cfb5307427c8041eaaed72fb543f28dd47","hazelcast/src/main/java/com/hazelcast/internal/diagnostics/BuildInfoPlugin.java","3","0","1","4","40","68","0"
"elasticsearch","4334404a208554fc092ecde93066af1bd41215c8","src/main/java/org/elasticsearch/search/rescore/RescorePhase.java","3","0","1","4","40","69","0"
"netty","a729e0fcd94009905d219665bdd069eb31433b7c","transport/src/main/java/io/netty/channel/SingleThreadEventLoop.java","3","0","1","4","40","75","1"
"hazelcast","5009d4a90be3c901942a0a89cf29a92c074231f1","hazelcast/src/main/java/com/hazelcast/collection/impl/txnqueue/operations/TxnRollbackBackupOperation.java","3","0","1","4","43","73","0"
"hazelcast","3cc13b14fba6b8e6e2ab9149c8d17561a29c537f","hazelcast/src/main/java/com/hazelcast/collection/impl/txnqueue/operations/TxnRollbackBackupOperation.java","3","0","1","4","45","75","1"
"hazelcast","3cc13b14fba6b8e6e2ab9149c8d17561a29c537f","hazelcast/src/main/java/com/hazelcast/collection/impl/queue/operations/ClearBackupOperation.java","3","0","1","4","45","75","1"
"hazelcast","3cc13b14fba6b8e6e2ab9149c8d17561a29c537f","hazelcast/src/main/java/com/hazelcast/collection/impl/queue/operations/CompareAndRemoveBackupOperation.java","3","0","1","4","45","75","1"
"hazelcast","e7c312280062991ae79e7194e151e12ea3aa2897","hazelcast/src/main/java/com/hazelcast/collection/impl/queue/operations/CompareAndRemoveBackupOperation.java","3","0","1","4","45","75","0"
"elasticsearch","309ee7d581f4b020af8489021de348414077fe0e","src/main/java/org/elasticsearch/common/lucene/all/AllTokenStream.java","3","0","1","4","45","80","0"
"hazelcast","276423b6af4decde07cb2f4b17e6f0f2f7d9ebb9","hazelcast/src/main/java/com/hazelcast/internal/management/operation/UpdatePermissionConfigOperation.java","3","0","1","4","46","77","1"
"hazelcast","d07bad0d4f02db1131fe9ba86f9f821e7af631ae","hazelcast/src/main/java/com/hazelcast/internal/management/operation/UpdatePermissionConfigOperation.java","3","0","1","4","47","78","0"
"elasticsearch","724b14cef67d37c9f6b09dddaf1186327fc054f6","src/test/java/org/elasticsearch/index/mapper/ip/SimpleIpMappingTests.java","3","0","1","4","47","81","0"
"netty","a5006c1969e6bfab2d78699de190441e518f34b8","transport/src/main/java/io/netty/channel/MultithreadEventLoopGroup.java","3","0","1","4","48","89","0"
"hazelcast","3cc13b14fba6b8e6e2ab9149c8d17561a29c537f","hazelcast/src/main/java/com/hazelcast/collection/impl/queue/operations/AddAllBackupOperation.java","3","0","1","4","50","80","1"
"hazelcast","67235ce99477aeeecc86d225926b6456b7ceef20","hazelcast/src/main/java/com/hazelcast/collection/impl/queue/operations/AddAllBackupOperation.java","3","0","1","4","50","80","1"
"hazelcast","a46aa8502977bde24649cec3b52fbb065d6f480f","hazelcast/src/main/java/com/hazelcast/collection/impl/queue/operations/AddAllBackupOperation.java","3","0","1","4","50","80","1"
"hazelcast","e7c312280062991ae79e7194e151e12ea3aa2897","hazelcast/src/main/java/com/hazelcast/collection/impl/queue/operations/AddAllBackupOperation.java","3","0","1","4","50","80","0"
"orientdb","74ee6984c73c6f78524267e4d9ecfbd32ca19ff4","core/src/main/java/com/orientechnologies/orient/core/sql/executor/GetValueFromIndexEntryStep.java","3","0","1","4","51","68","1"
"elasticsearch","d4d227ba6b0d9598438cb793ef19295f16e20fc2","modules/elasticsearch/src/main/java/org/elasticsearch/index/store/fs/MmapFsStore.java","3","0","1","4","51","84","0"
"elasticsearch","d4d227ba6b0d9598438cb793ef19295f16e20fc2","modules/elasticsearch/src/main/java/org/elasticsearch/index/store/fs/NioFsStore.java","3","0","1","4","51","85","0"
"neo4j","7643273606f6449b703ac8c3692747b7a2171a07","community/csv/src/main/java/org/neo4j/csv/reader/Mark.java","3","0","1","4","51","91","1"
"elasticsearch","a7190ea8a3bd7fbf774a8431e88b46c79daf7a4c","modules/elasticsearch/src/main/java/org/elasticsearch/index/store/fs/MmapFsStore.java","3","0","1","4","52","85","0"
"elasticsearch","a7190ea8a3bd7fbf774a8431e88b46c79daf7a4c","modules/elasticsearch/src/main/java/org/elasticsearch/index/store/fs/NioFsStore.java","3","0","1","4","52","86","0"
"elasticsearch","58c606d6d988cd14f50ab7390704babfaf905b83","modules/elasticsearch/src/main/java/org/elasticsearch/search/facet/histogram/ScriptHistogramFacetCollector.java","3","0","1","4","53","90","0"
"hazelcast","cdb8b0e0e259c0992856d553f2aa04499043c84d","hazelcast/src/test/java/com/hazelcast/logging/LoggerTest.java","3","0","1","4","54","71","0"
"orientdb","48207bfd1617a6401ee6a01070ee15715e3efc9e","lucene/src/test/java/com/orientechnologies/lucene/test/GraphEmbeddedTest.java","3","0","1","4","56","100","0"
"elasticsearch","bd559d96d43e0f418818ea1c04c85066859a1192","modules/lang-mustache/src/main/java/org/elasticsearch/script/mustache/RestMultiSearchTemplateAction.java","3","0","1","4","56","104","1"
"elasticsearch","fcf4d5a38de733eade12c4af4388aa946bbe5235","src/main/java/org/elasticsearch/client/transport/support/InternalTransportIndicesAdminClient.java","3","0","1","4","56","89","0"
"elasticsearch","fcf4d5a38de733eade12c4af4388aa946bbe5235","src/main/java/org/elasticsearch/client/transport/support/InternalTransportClusterAdminClient.java","3","0","1","4","56","90","0"
"hazelcast","70d4de16ff0ac4518d09aad8c9f2ad9e782fb337","hazelcast/src/test/java/com/hazelcast/client/protocol/ClientMessageAccumulatorTest.java","3","0","1","4","59","81","1"
"hazelcast","c253c4bbc79d4ef029004a12f3b07def89b52b88","hazelcast/src/test/java/com/hazelcast/client/protocol/ClientMessageAccumulatorTest.java","3","0","1","4","59","81","1"
"hazelcast","3c94770632ce0e807aced6fdb92a2f9207a6583a","hazelcast/src/test/java/com/hazelcast/client/protocol/ClientMessageAccumulatorTest.java","3","0","1","4","59","81","0"
"hazelcast","d568e4d926d925d57d4e79e34614390416749301","hazelcast/src/test/java/com/hazelcast/client/protocol/ClientMessageAccumulatorTest.java","3","0","1","4","59","82","0"
"elasticsearch","eecbf8a559b8bece2e2477d93e35649b5f87b9ee","src/main/java/org/elasticsearch/client/transport/support/InternalTransportIndicesAdminClient.java","3","0","1","4","60","93","1"
"elasticsearch","eecbf8a559b8bece2e2477d93e35649b5f87b9ee","src/main/java/org/elasticsearch/client/transport/support/InternalTransportClusterAdminClient.java","3","0","1","4","60","94","1"
"titan","9258a9dd339b1bf7a4039cf3d7e44807ce3e5a5f","titan-berkeleyje/src/test/java/com/thinkaurelius/titan/graphdb/berkeleyje/BerkeleyGraphTest.java","3","0","1","4","61","81","0"
"elasticsearch","16e888fac36d41c1e0727cf3281c58c2d4365360","core/src/main/java/org/elasticsearch/ingest/processor/GsubProcessor.java","3","0","1","4","61","99","0"
"elasticsearch","0a69f1e283e26e5d9e6a000b68b9f4778de557a1","core/src/test/java/org/elasticsearch/common/geo/GeoDistanceTests.java","3","0","1","4","63","102","2"
"elasticsearch","5a64f08f048461a63a0ca1354a5050c954e63d52","core/src/test/java/org/elasticsearch/common/geo/GeoDistanceTests.java","3","0","1","4","63","103","0"
"elasticsearch","21ff90fed33fc4ce9b1d16e678fc6a2f82dabcc2","modules/ingest-common/src/main/java/org/elasticsearch/ingest/common/ForEachProcessor.java","3","0","1","4","65","103","1"
"elasticsearch","24d7fa6d54339b2ab9459558e507ec958f980ca8","modules/ingest-common/src/main/java/org/elasticsearch/ingest/common/ForEachProcessor.java","3","0","1","4","66","104","0"
"hazelcast","5be128f9b275146e37ed6a2aac55460912394e31","hazelcast/src/main/java/com/hazelcast/map/mapstore/writebehind/WriteBehindManager.java","3","0","1","4","74","98","0"
"orientdb","a9673f851e0b69ef042f9dd73ad7eede41f6aa62","core/src/test/java/com/orientechnologies/orient/core/index/UniqueIndexTest.java","3","0","1","4","76","102","0"
"elasticsearch","7789dfa0c90819a18c33007ac7981fabebbfd73d","core/src/test/java/org/elasticsearch/indices/analyze/HunspellServiceIT.java","3","0","1","4","80","120","0"
"elasticsearch","efc95dc00a8844d9e86427a9d36b9a7b16b55a42","modules/test/integration/src/test/java/org/elasticsearch/test/integration/search/query/SimpleQueryTests.java","3","0","1","4","83","133","0"
"elasticsearch","3a0dd59a15c49f5be0483658f44bd411f62e1ac5","core/src/test/java/org/elasticsearch/indices/analyze/HunspellServiceIT.java","3","0","1","4","84","124","0"
"netty","f2d8a745b156d7002044076e17346955795a114d","buffer/src/main/java/io/netty/buffer/ReadOnlyByteBuf.java","3","0","1","41","227","303","0"
"netty","20894bc99e28191cc3926ae95a23f5c7d3969a33","buffer/src/main/java/io/netty/buffer/ReadOnlyByteBuf.java","3","0","1","44","239","318","0"
"netty","51a536fd3068ecff95dd27adf047299122ade8ea","buffer/src/main/java/io/netty/buffer/ReadOnlyByteBuf.java","3","0","1","44","239","318","0"
"netty","5416f2315e222acf8d9a36a51bcd4142a0f1c022","buffer/src/main/java/io/netty/buffer/ReadOnlyByteBuf.java","3","0","1","44","239","318","0"
"netty","a383988cdb57e56e5211fdf592545fe67331ff6e","buffer/src/main/java/io/netty/buffer/ReadOnlyByteBuf.java","3","0","1","44","239","318","1"
"hazelcast","5c44b6e979be354adce716bc55e3cb12cf4a2d75","hazelcast/src/main/java/com/hazelcast/monitor/impl/LocalMapStatsImpl.java","3","0","1","46","306","385","1"
"hazelcast","9e1dd7c0cedabec58c432e522e3cdd7cbb5b2a1c","hazelcast/src/main/java/com/hazelcast/monitor/impl/LocalMapStatsImpl.java","3","0","1","46","306","385","1"
"hazelcast","e7d3d25abaaedda22678676783d2011dbb173d7f","hazelcast/src/main/java/com/hazelcast/monitor/impl/LocalMapStatsImpl.java","3","0","1","46","306","385","0"
"hazelcast","02928f139660e2264ab264f2a802c813fa7e647f","hazelcast/src/main/java/com/hazelcast/monitor/impl/LocalMapStatsImpl.java","3","0","1","47","313","392","2"
"hazelcast","3683e71539ebd022a4491afd0bf5cc42b428c942","hazelcast/src/main/java/com/hazelcast/monitor/impl/LocalMapStatsImpl.java","3","0","1","48","316","396","0"
"orientdb","acd8d11e683f36a33cd0d0ad9c79b315e5816ca5","graphdb/src/test/java/com/orientechnologies/orient/graph/sql/SQLCreateVertexAndEdgeTest.java","3","0","1","5","119","179","0"
"hazelcast","6a047d13568f5eff8144a9158f04ab017b121835","hazelcast/src/test/java/com/hazelcast/cluster/SystemClockChangeTest.java","3","0","1","5","127","176","3"
"elasticsearch","37f16127c56ae0ce007052cfe05b54895b92e33b","src/test/java/org/elasticsearch/test/integration/search/scriptfilter/ScriptFilterSearchTests.java","3","0","1","5","140","191","0"
"hazelcast","31943085b486a773175de032e173f14bd76899a1","hazelcast/src/test/java/com/hazelcast/multimap/TxnMultiMapTest.java","3","0","1","5","153","207","1"
"hazelcast","246276e2ab158309daa318cdfec1402a453c0d5f","hazelcast/src/test/java/com/hazelcast/multimap/TxnMultiMapTest.java","3","0","1","5","157","211","0"
"hazelcast","07d15d4dc28a6d62ca689ab3eb388adcf78e8f34","hazelcast/src/test/java/com/hazelcast/multimap/TxnMultiMapTest.java","3","0","1","5","172","228","1"
"hazelcast","5b734193826a28fb178453aad8f901da77c8cef7","hazelcast/src/test/java/com/hazelcast/multimap/TxnMultiMapTest.java","3","0","1","5","172","228","1"
"hazelcast","faed8cf32fd7edab4567a3089064d896a6c5adf0","hazelcast/src/test/java/com/hazelcast/multimap/TxnMultiMapTest.java","3","0","1","5","172","228","1"
"hazelcast","ee993f0f3bdf1a35932bf33d4da60846b75bb085","hazelcast/src/test/java/com/hazelcast/multimap/TxnMultiMapTest.java","3","0","1","5","172","228","0"
"hazelcast","09dca6ec53964a7d7265912f1fd5faf46c60135b","hazelcast/src/test/java/com/hazelcast/multimap/TxnMultiMapTest.java","3","0","1","5","178","233","0"
"orientdb","cda93b19cf4a2e4b9f7653145d5d6d0feeeedf98","distribution/src/test/java/com/orientechnologies/distribution/integration/OGitHubIssuesIT.java","3","0","1","5","180","246","0"
"elasticsearch","0a69f1e283e26e5d9e6a000b68b9f4778de557a1","core/src/main/java/org/elasticsearch/cluster/ClusterModule.java","3","0","1","5","196","239","2"
"elasticsearch","04c16b7ba5658c928b9bdd7201ef41ab151540ae","src/main/java/org/elasticsearch/transport/ConnectTransportException.java","3","0","1","5","21","52","0"
"hazelcast","6089fd2a02f5a274f0bd303d51105069b1bb7e3c","hazelcast/src/main/java/com/hazelcast/queue/tx/TransactionalQueueProxy.java","3","0","1","5","34","62","1"
"elasticsearch","39f362326e46b0e0df075288e1b5521f825d2b7b","src/main/java/org/elasticsearch/index/fielddata/fieldcomparator/IntValuesComparator.java","3","0","1","5","35","66","1"
"elasticsearch","39f362326e46b0e0df075288e1b5521f825d2b7b","src/main/java/org/elasticsearch/index/fielddata/fieldcomparator/FloatValuesComparator.java","3","0","1","5","35","67","1"
"elasticsearch","25fd9e26c4fb042d6f6dea14efcd239577bdbbc4","core/src/main/java/org/elasticsearch/action/delete/DeleteResponse.java","3","0","1","5","35","70","0"
"elasticsearch","56cc87b7ccd41040d8fafcaf2da3680d96d10839","core/src/main/java/org/elasticsearch/action/delete/DeleteResponse.java","3","0","1","5","35","70","0"
"elasticsearch","95bca7c3900bdde648e9524c763e9a68945ccc54","core/src/main/java/org/elasticsearch/action/index/IndexResponse.java","3","0","1","5","35","70","1"
"elasticsearch","56cc87b7ccd41040d8fafcaf2da3680d96d10839","core/src/main/java/org/elasticsearch/action/index/IndexResponse.java","3","0","1","5","36","71","0"
"elasticsearch","bc393b6d79bb04e8911459983b1aec1e75ab3768","src/main/java/org/elasticsearch/common/lucene/MinimumScoreCollector.java","3","0","1","5","37","70","0"
"elasticsearch","12d9268db256b728e8d334801739fb46167902b6","src/main/java/org/elasticsearch/common/util/BigFloatArrayList.java","3","0","1","5","37","71","0"
"elasticsearch","25fd9e26c4fb042d6f6dea14efcd239577bdbbc4","core/src/main/java/org/elasticsearch/action/index/IndexResponse.java","3","0","1","5","37","71","0"
"elasticsearch","13a347239a48d71486692a72c066e940dec8921b","plugins/cloud-gce/src/main/java/org/elasticsearch/plugin/cloud/gce/CloudGcePlugin.java","3","0","1","5","37","71","2"
"BroadleafCommerce","35fc9949359b047d4c18fbc6045f42d4143184a3","admin/broadleaf-open-admin-platform/src/main/java/org/broadleafcommerce/openadmin/server/service/persistence/validation/BeanValidationEntityValidatorServiceImpl.java","3","0","1","5","38","101","1"
"hazelcast","e92dcb6824f242ac8bcb72623ccd13f982955632","hazelcast/src/main/java/com/hazelcast/queue/tx/TransactionalQueueProxy.java","3","0","1","5","38","66","0"
"elasticsearch","65541e6912380d39d978c714a29578a538f2d4c0","src/main/java/org/elasticsearch/common/lucene/MinimumScoreCollector.java","3","0","1","5","38","71","0"
"BroadleafCommerce","63fbd9cf0e68a367c947b8ca8fb30c0585b02366","admin/broadleaf-open-admin-platform/src/main/java/org/broadleafcommerce/openadmin/server/service/persistence/validation/BeanValidationEntityValidatorServiceImpl.java","3","0","1","5","39","103","0"
"elasticsearch","ed6a6e31d339b95693d61e12fb7e162f39f15158","modules/elasticsearch/src/main/java/org/elasticsearch/index/query/BaseQueryBuilder.java","3","0","1","5","39","71","0"
"BroadleafCommerce","f00d993011d65c4824f0a58364a8e2c55ed60cd9","admin/broadleaf-open-admin-platform/src/main/java/org/broadleafcommerce/openadmin/server/service/persistence/validation/BeanValidationEntityValidatorServiceImpl.java","3","0","1","5","40","106","0"
"orientdb","76eb89664869753ee518b741fd2009d2255877c8","core/src/main/java/com/orientechnologies/orient/core/sql/functions/sequence/OSQLFunctionSequence.java","3","0","1","5","40","55","0"
"elasticsearch","78574d248cf10dad1c5a566fda79e1e0c94afe43","core/src/main/java/org/elasticsearch/action/fieldstats/FieldStatsShardResponse.java","3","0","1","5","40","72","1"
"elasticsearch","e6aaaf11ed4a1b8f595f920de1840938eddb7a97","core/src/main/java/org/elasticsearch/action/fieldstats/FieldStatsShardResponse.java","3","0","1","5","40","72","1"
"elasticsearch","a60b8948ba1d836a6eac7cff095519e618939ed8","core/src/main/java/org/elasticsearch/action/fieldstats/FieldStatsShardResponse.java","3","0","1","5","40","72","0"
"hazelcast","0eb958870a4c207cce8b24f30266418d60a56c4c","hazelcast/src/main/java/com/hazelcast/internal/diagnostics/BuildInfoPlugin.java","3","0","1","5","44","73","0"
"elasticsearch","e2e19203d778064efa563dd66993ca4f8faf650e","src/main/java/org/elasticsearch/index/fielddata/AbstractIndexFieldData.java","3","0","1","5","45","57","0"
"elasticsearch","3274e7ea6fd74073c30e5194c3447b1707e8b708","src/main/java/org/elasticsearch/search/fetch/version/VersionFetchSubPhase.java","3","0","1","5","45","79","1"
"elasticsearch","811f14465ae3cc15bc41a056c447985196e0b03f","modules/elasticsearch/src/main/java/org/elasticsearch/common/lucene/docset/AllDocSet.java","3","0","1","5","45","86","0"
"BroadleafCommerce","75b7b5da3dfc6648c8ffcdc8cbb5da05e58687f4","common/src/main/java/org/broadleafcommerce/common/config/dao/SystemPropertiesDaoImpl.java","3","0","1","5","46","79","2"
"orientdb","9948eaed9540477b740a215c986f92928fab2bf2","core/src/main/java/com/orientechnologies/orient/core/sql/executor/EmptyDataGeneratorStep.java","3","0","1","5","47","68","1"
"elasticsearch","cc6c07365c89e1608b78a46af7744a67ff5277a1","src/main/java/org/elasticsearch/search/suggest/phrase/MultiCandidateGeneratorWrapper.java","3","0","1","5","47","78","0"
"oryx","49c1ead1c67cc8b980a4be36cff731a14ba4f3fb","framework/oryx-lambda-serving/src/main/java/com/cloudera/oryx/lambda/serving/TopicProducerImpl.java","3","0","1","5","48","82","0"
"netty","a5006c1969e6bfab2d78699de190441e518f34b8","transport/src/main/java/io/netty/channel/SingleThreadEventLoop.java","3","0","1","5","48","84","0"
"orientdb","b18251fe922483b2b6591472b9f435a9214c8c51","core/src/main/java/com/orientechnologies/orient/core/sql/executor/EmptyDataGeneratorStep.java","3","0","1","5","49","70","0"
"elasticsearch","dc9a05228714b6a951301f1f185a1970d3320de6","src/main/java/org/elasticsearch/search/suggest/phrase/MultiCandidateGeneratorWrapper.java","3","0","1","5","49","80","0"
"elasticsearch","80617612cb98cb7f8c872427b00e28ab731b89c1","src/main/java/org/elasticsearch/index/cache/query/parser/resident/ResidentQueryParserCache.java","3","0","1","5","49","86","1"
"hazelcast","3cc13b14fba6b8e6e2ab9149c8d17561a29c537f","hazelcast/src/main/java/com/hazelcast/collection/impl/queue/operations/ContainsOperation.java","3","0","1","5","50","81","1"
"hazelcast","67235ce99477aeeecc86d225926b6456b7ceef20","hazelcast/src/main/java/com/hazelcast/collection/impl/queue/operations/ContainsOperation.java","3","0","1","5","50","81","1"
"hazelcast","a46aa8502977bde24649cec3b52fbb065d6f480f","hazelcast/src/main/java/com/hazelcast/collection/impl/queue/operations/ContainsOperation.java","3","0","1","5","50","81","1"
"hazelcast","e7c312280062991ae79e7194e151e12ea3aa2897","hazelcast/src/main/java/com/hazelcast/collection/impl/queue/operations/ContainsOperation.java","3","0","1","5","50","81","0"
"hazelcast","8aad5200f5667461d3959dacaa6d5d179d7b2add","hazelcast/src/main/java/com/hazelcast/client/impl/protocol/task/AuthenticationMessageTask.java","3","0","1","5","53","86","0"
"elasticsearch","01ca81e2a37c9cd38c6dc44ae567d427c059dbe0","src/main/java/org/elasticsearch/index/store/ram/RamDirectoryService.java","3","0","1","5","53","86","0"
"elasticsearch","9ca5e6e3e12cf4f13eb6ed0140d9073ba89c61c9","src/main/java/org/elasticsearch/index/store/ram/RamDirectoryService.java","3","0","1","5","53","86","1"
"hazelcast","810540661cf0b9662e3e1bc9b5dabc53a3c052f1","hazelcast/src/test/java/com/hazelcast/logging/LoggerTest.java","3","0","1","5","54","71","1"
"hazelcast","59c4822d4ad5dfac4cecd11231280baa33d4aa35","hazelcast/src/main/java/com/hazelcast/collection/operations/client/CompareAndRemoveRequest.java","3","0","1","5","55","87","1"
"orientdb","39a8884d03c0bc49b8ecf655a22fe80646afa1e6","spatial/src/main/java/com/orientechnologies/spatial/shape/OMultiPolygonShapeBuilder.java","3","0","1","5","55","90","0"
"orientdb","5faebee4df823f6b5639fb934ae31252e8893687","core/src/main/java/com/orientechnologies/orient/core/sql/executor/GetValueFromIndexEntryStep.java","3","0","1","5","56","74","0"
"hazelcast","39091ff574efe84ae6a3d772a1b7cfce80f4f2e0","hazelcast/src/main/java/com/hazelcast/collection/operations/client/CompareAndRemoveRequest.java","3","0","1","5","56","88","0"
"neo4j","c27173c3f74255b5eaad4563edb24eb005684247","community/csv/src/main/java/org/neo4j/csv/reader/Mark.java","3","0","1","5","57","99","0"
"elasticsearch","73307a2144fbdf63c551eeccdc7e93dc30e59a92","modules/lang-mustache/src/main/java/org/elasticsearch/script/mustache/RestMultiSearchTemplateAction.java","3","0","1","5","60","109","1"
"hazelcast","d9d20943b88faf6aa25ddbdc19feab4571611431","hazelcast/src/main/java/com/hazelcast/client/impl/protocol/task/cache/CacheGetAllMessageTask.java","3","0","1","5","66","100","1"
"elasticsearch","2b3760f78b26817b5a2030aa27b1ddf2f17462f6","core/src/main/java/org/elasticsearch/rest/action/admin/cluster/RestListTasksAction.java","3","0","1","5","74","107","1"
"elasticsearch","51d53791fe71c9cb62bc992588a57cdfb500383f","core/src/main/java/org/elasticsearch/rest/action/admin/cluster/RestListTasksAction.java","3","0","1","5","78","113","0"
"elasticsearch","e1efd5f6baf8dec1c23c79b346b8a29f234a98bb","core/src/main/java/org/elasticsearch/action/admin/cluster/node/stats/TransportNodesStatsAction.java","3","0","1","5","78","117","0"
"elasticsearch","0814ea3200d6af6c142ad7d2fa16bce5acfa9665","plugins/discovery-file/src/main/java/org/elasticsearch/discovery/file/FileBasedDiscoveryPlugin.java","3","0","1","5","80","118","1"
"elasticsearch","bdd9953aa4f677862777a1684e1ee56abc8e6598","plugins/discovery-file/src/main/java/org/elasticsearch/discovery/file/FileBasedDiscoveryPlugin.java","3","0","1","5","84","122","0"
"mct","b206263ada09ba2bacefecc5ec012695d9b0e8e7","mctCoreTaxonomyProvider/src/test/java/gov/nasa/arc/mct/core/policy/OwnershipTest.java","3","0","1","5","86","141","1"
"hazelcast","9d8dcc2a1755aec6419b50698c80c1d109c89523","hazelcast/src/main/java/com/hazelcast/replicatedmap/impl/operation/ReplicateUpdateToCallerOperation.java","3","0","1","5","88","119","1"
"elasticsearch","c19b7a2f61de08cf7fe4c12da9a5eb65eaabc5c6","src/test/java/org/elasticsearch/indices/analyze/HunspellServiceTests.java","3","0","1","5","95","137","0"
"elasticsearch","5b0512fcc368809057eac0f3fb1b762733afe315","src/test/java/org/elasticsearch/indices/analyze/HunspellServiceTests.java","3","0","1","5","97","139","1"
"netty","2fbce6d470862b8896a44cddf1a061b3b738d206","buffer/src/main/java/io/netty/buffer/ReadOnlyByteBuf.java","3","0","1","55","320","421","1"
"netty","452fd3624081553ed0d2b9b6f59c21789a274f69","buffer/src/main/java/io/netty/buffer/ReadOnlyByteBuf.java","3","0","1","57","328","431","0"
"orientdb","2767a54ee6308493e6a69b4b2951d8d2252bfd6b","core/src/test/java/com/orientechnologies/orient/core/tx/NonDurableTxTest.java","3","0","1","6","100","152","0"
"neo4j","cc0ba94bf17cf529234b73be115bf369e7de0c55","enterprise/ha/src/main/java/org/neo4j/kernel/ha/cluster/member/HighAvailabilitySlaves.java","3","0","1","6","102","142","0"
"elasticsearch","0a69f1e283e26e5d9e6a000b68b9f4778de557a1","core/src/test/java/org/elasticsearch/index/mapper/geo/GeohashMappingGeoPointTests.java","3","0","1","6","115","160","2"
"elasticsearch","5a64f08f048461a63a0ca1354a5050c954e63d52","core/src/test/java/org/elasticsearch/index/mapper/geo/GeohashMappingGeoPointTests.java","3","0","1","6","122","170","0"
"elasticsearch","7e6008f0b9a84c16ba3cd6aeb8a6395e8fbfe88e","core/src/test/java/org/elasticsearch/cluster/routing/RoutingServiceTests.java","3","0","1","6","140","201","3"
"elasticsearch","93beea1f670f1e0d53bc3fd3ee671bc235d5f1aa","core/src/test/java/org/elasticsearch/action/admin/cluster/snapshots/SnapshotBlocksTests.java","3","0","1","6","142","188","0"
"hazelcast","48ccb689ade8d8b2bd589727a2bc6768649d74a0","hazelcast/src/test/java/com/hazelcast/map/IssuesTest.java","3","0","1","6","170","210","0"
"neo4j","c2a95db0bf471e36e256ba6c9933dfd9b7ae333f","community/lucene-index/src/test/java/org/neo4j/index/impl/lucene/legacy/RecoveryTest.java","3","0","1","6","199","263","0"
"neo4j","5fac37423d3ffeea7973d7dbb3c494ef9376d2a9","community/lucene-index/src/test/java/org/neo4j/index/impl/lucene/legacy/RecoveryTest.java","3","0","1","6","200","264","0"
"elasticsearch","b40c1deebe410eb5279579030493e5c63c02075d","core/src/main/java/org/elasticsearch/cluster/ClusterModule.java","3","0","1","6","282","325","1"
"netty","e6ca9882a107c34cf6358c8d7a68561025f06016","codec-http2/src/test/java/io/netty/handler/codec/http2/HttpToHttp2ConnectionHandlerTest.java","3","0","1","6","300","355","1"
"netty","ba6ce5449ee852b782dde9a11933f6a09b123e22","codec-http2/src/test/java/io/netty/handler/codec/http2/HttpToHttp2ConnectionHandlerTest.java","3","0","1","6","306","361","0"
"elasticsearch","578b752425415f0d41bc1881f9e7b67918eb2dc7","modules/elasticsearch/src/main/java/org/elasticsearch/cluster/routing/GroupShardsIterator.java","3","0","1","6","32","64","0"
"elasticsearch","7ca2ef9b93fc9421e860453de50961e90398f6f4","src/main/java/org/elasticsearch/cluster/DiskUsage.java","3","0","1","6","36","67","2"
"orientdb","5537a207baaaddadcc70fbe8a9678e23e7d0b7f7","core/src/main/java/com/orientechnologies/orient/core/sql/functions/coll/OSQLFunctionLast.java","3","0","1","6","37","75","1"
"hazelcast","3e143a05b5f5c32b95b6933ab2bb49aac9ea3fd1","hazelcast/src/main/java/com/hazelcast/query/impl/predicates/NotEqualPredicate.java","3","0","1","6","39","68","1"
"Android-Universal-Image-Loader","e8f9ebc38e6c3fc076355f6a942d559e14631e6f","UniversalImageLoader/src/com/nostra13/universalimageloader/cache/memory/impl/FuzzyKeyMemoryCache.java","3","0","1","6","41","62","0"
"elasticsearch","149629fec657e9948488195087f30583cd561f11","core/src/main/java/org/elasticsearch/search/fetch/ShardFetchSearchRequest.java","3","0","1","6","42","77","0"
"elasticsearch","1a60e1c3d27d3d1f76b389d6bf008b35856ad88d","core/src/main/java/org/elasticsearch/common/logging/ESLoggerFactory.java","3","0","1","6","42","81","1"
"Android-Universal-Image-Loader","014d63e59f0234a12c38d47a82f1920114a54b0e","UniversalImageLoader/src/com/nostra13/universalimageloader/cache/memory/impl/FuzzyKeyMemoryCache.java","3","0","1","6","43","64","0"
"elasticsearch","2ed1f7a3390420835f9b270d20c5d512ba197827","core/src/main/java/org/elasticsearch/search/fetch/ShardFetchSearchRequest.java","3","0","1","6","43","78","1"
"elasticsearch","5ae00a6129ae1a8a8291c51f5967f81d4db4a85c","plugins/cloud-gce/src/main/java/org/elasticsearch/plugin/cloud/gce/CloudGcePlugin.java","3","0","1","6","44","78","1"
"elasticsearch","9077bb6528f843ca8042ff95f8fac47140ef5aa1","modules/elasticsearch/src/main/java/org/elasticsearch/index/mapper/xcontent/geo/SingleValueGeoPointFieldData.java","3","0","1","6","45","81","0"
"elasticsearch","6b4699fbf7d9d94d04772002027e6722983c997d","plugins/cloud-gce/src/main/java/org/elasticsearch/plugin/cloud/gce/CloudGcePlugin.java","3","0","1","6","46","80","0"
"elasticsearch","9077bb6528f843ca8042ff95f8fac47140ef5aa1","modules/elasticsearch/src/main/java/org/elasticsearch/index/field/data/strings/SingleValueStringFieldData.java","3","0","1","6","46","82","0"
"hazelcast","6749a1be6c43760807edb6eab05382fb3534ff66","hazelcast/src/main/java/com/hazelcast/cache/impl/operation/CacheRemoveBackupOperation.java","3","0","1","6","47","79","0"
"hazelcast","6089fd2a02f5a274f0bd303d51105069b1bb7e3c","hazelcast/src/main/java/com/hazelcast/collection/multimap/tx/TransactionalMultiMapProxy.java","3","0","1","6","48","77","1"
"oryx","27e9046b2bd92243c260efd8bcd0af46b92bdf9e","framework/oryx-lambda-serving/src/main/java/com/cloudera/oryx/lambda/serving/TopicProducerImpl.java","3","0","1","6","50","85","0"
"oryx","d6687d2eb4391d042aa1d5e80653326e501b0fed","framework/oryx-lambda-serving/src/main/java/com/cloudera/oryx/lambda/serving/TopicProducerImpl.java","3","0","1","6","52","87","1"
"orientdb","ff5405b7a93397f7f737414cfe77fba48396d0d8","core/src/main/java/com/orientechnologies/orient/core/serialization/serializer/record/OSerializationSetThreadLocal.java","3","0","1","6","52","96","0"
"orientdb","8eb993b603e4850d756d7a5f665afa01f0778231","core/src/main/java/com/orientechnologies/orient/core/db/OrientDBConfig.java","3","0","1","6","53","90","1"
"orientdb","375c51054059489374d739f25fc830f6025c5326","core/src/main/java/com/orientechnologies/orient/core/serialization/serializer/record/OSerializationSetThreadLocal.java","3","0","1","6","53","96","1"
"hazelcast","de42a296f1c17b13eafc1ba71e2bd046666c7970","hazelcast/src/main/java/com/hazelcast/cache/impl/operation/CachePutIfAbsentOperation.java","3","0","1","6","54","94","0"
"hazelcast","e92dcb6824f242ac8bcb72623ccd13f982955632","hazelcast/src/main/java/com/hazelcast/collection/multimap/tx/TransactionalMultiMapProxy.java","3","0","1","6","55","84","0"
"BroadleafCommerce","7dccc8c69dbdb0edb83f85e6c1f8b819e420a815","admin/broadleaf-open-admin-platform/src/main/java/org/broadleafcommerce/openadmin/server/dao/provider/metadata/PasswordFieldMetadataProvider.java","3","0","1","6","55","92","0"
"elasticsearch","1f04182b8164ffb19f3805c48d67f0375262b317","core/src/main/java/org/elasticsearch/transport/RequestHandlerRegistry.java","3","0","1","6","56","93","0"
"hazelcast","8aad5200f5667461d3959dacaa6d5d179d7b2add","hazelcast/src/main/java/com/hazelcast/client/impl/protocol/task/AuthenticationCustomCredentialsMessageTask.java","3","0","1","6","58","92","0"
"hazelcast","59c4822d4ad5dfac4cecd11231280baa33d4aa35","hazelcast/src/main/java/com/hazelcast/collection/operations/client/AddAllRequest.java","3","0","1","6","60","93","1"
"neo4j","9a371bafe80ceb4e6cdc8502fbd22f9f8ec3d59d","enterprise/core-edge/src/main/java/org/neo4j/coreedge/raft/log/EntryRecord.java","3","0","1","6","61","93","1"
"hazelcast","39091ff574efe84ae6a3d772a1b7cfce80f4f2e0","hazelcast/src/main/java/com/hazelcast/collection/operations/client/AddAllRequest.java","3","0","1","6","61","94","0"
"hazelcast","d38202141395360399c9cf97d4453adf5b1581e1","hazelcast/src/main/java/com/hazelcast/client/impl/protocol/task/cache/CacheLoadAllMessageTask.java","3","0","1","6","61","96","1"
"hazelcast","e93e8abae808b3615517adffdbf7207c5a04525f","hazelcast/src/main/java/com/hazelcast/cache/impl/operation/CachePutBackupOperation.java","3","0","1","6","63","101","2"
"hazelcast","f39eefee43c6a29f60d1342f1e4ba4f41036ef47","hazelcast/src/main/java/com/hazelcast/cache/impl/operation/CacheReplaceOperation.java","3","0","1","6","63","99","1"
"hazelcast","4e007a3426015aebfb4a640a624d2e2e9dc90817","hazelcast/src/main/java/com/hazelcast/client/impl/protocol/task/multimap/MultiMapGetMessageTask.java","3","0","1","6","66","101","0"
"hazelcast","8aad5200f5667461d3959dacaa6d5d179d7b2add","hazelcast/src/main/java/com/hazelcast/client/impl/protocol/task/multimap/MultiMapGetMessageTask.java","3","0","1","6","66","101","0"
"hazelcast","92c9e90afd37615e6c37493123b053a4f4a5c145","hazelcast/src/main/java/com/hazelcast/client/impl/protocol/task/multimap/MultiMapGetMessageTask.java","3","0","1","6","66","101","1"
"elasticsearch","22720a1abd4e88cd0c3c860bc0774d1286e2e4d4","src/main/java/org/elasticsearch/search/aggregations/metrics/sum/InternalSum.java","3","0","1","6","72","111","1"
"elasticsearch","cadd31b3a8a6c86e24b559a446cb4ebe54f1f9cb","core/src/main/java/org/elasticsearch/search/profile/query/ProfileWeight.java","3","0","1","6","76","122","0"
"hazelcast","05b27a3d7f9adfb832f8fb0c7927fc71c14df2b4","hazelcast/src/main/java/com/hazelcast/client/impl/protocol/task/queue/QueueAddListenerMessageTask.java","3","0","1","6","81","119","2"
"hazelcast","ae877df50978fcfb112d6d0cab2c78f80d1ee770","hazelcast/src/main/java/com/hazelcast/client/impl/protocol/task/queue/QueueAddListenerMessageTask.java","3","0","1","6","81","119","1"
"hazelcast","d0fd18cd0e2fac83d47776ccc1f08639bfc9823f","hazelcast/src/main/java/com/hazelcast/client/impl/protocol/task/queue/QueueAddListenerMessageTask.java","3","0","1","6","81","119","2"
"hazelcast","d472cbea8d404ea4e42a5cc0bb455dbec40e7985","hazelcast/src/main/java/com/hazelcast/client/impl/protocol/task/queue/QueueAddListenerMessageTask.java","3","0","1","6","81","119","3"
"hazelcast","d65de8708631978b87d39db7c947a073e0963228","hazelcast/src/main/java/com/hazelcast/client/impl/protocol/task/queue/QueueAddListenerMessageTask.java","3","0","1","6","81","119","2"
"hazelcast","264b730b6e10ae9df6f5d8727209ca007160236f","hazelcast/src/main/java/com/hazelcast/client/impl/protocol/task/queue/QueueAddListenerMessageTask.java","3","0","1","6","81","119","0"
"hazelcast","05b27a3d7f9adfb832f8fb0c7927fc71c14df2b4","hazelcast/src/main/java/com/hazelcast/client/impl/protocol/task/set/SetAddListenerMessageTask.java","3","0","1","6","91","130","2"
"hazelcast","ae877df50978fcfb112d6d0cab2c78f80d1ee770","hazelcast/src/main/java/com/hazelcast/client/impl/protocol/task/set/SetAddListenerMessageTask.java","3","0","1","6","91","130","1"
"hazelcast","d0fd18cd0e2fac83d47776ccc1f08639bfc9823f","hazelcast/src/main/java/com/hazelcast/client/impl/protocol/task/set/SetAddListenerMessageTask.java","3","0","1","6","91","130","2"
"hazelcast","d472cbea8d404ea4e42a5cc0bb455dbec40e7985","hazelcast/src/main/java/com/hazelcast/client/impl/protocol/task/set/SetAddListenerMessageTask.java","3","0","1","6","91","130","3"
"hazelcast","d65de8708631978b87d39db7c947a073e0963228","hazelcast/src/main/java/com/hazelcast/client/impl/protocol/task/set/SetAddListenerMessageTask.java","3","0","1","6","91","130","2"
"hazelcast","264b730b6e10ae9df6f5d8727209ca007160236f","hazelcast/src/main/java/com/hazelcast/client/impl/protocol/task/set/SetAddListenerMessageTask.java","3","0","1","6","91","130","0"
"neo4j","990fe648c6b49f319a515dd6b0757553c483ab11","enterprise/ha/src/main/java/org/neo4j/kernel/ha/cluster/member/HighAvailabilitySlaves.java","3","0","1","6","98","139","0"
"elasticsearch","5c1410d031ccb0280d6b2490be6d360a5d4035fd","core/src/test/java/org/elasticsearch/index/mapper/DocumentParserTests.java","3","0","1","67","1082","1266","1"
"hazelcast","324c12ca123c52820e6a271c2095649a57a9844f","hazelcast-client/src/main/java/com/hazelcast/client/spi/impl/listener/ClientListenerServiceImpl.java","3","0","1","7","100","140","2"
"hazelcast","7c9eca04f5b553403367c3372c2e015b643fcb97","hazelcast-client/src/main/java/com/hazelcast/client/spi/impl/listener/ClientListenerServiceImpl.java","3","0","1","7","100","141","1"
"netty","fbaf5d06e65f9adaf57bc6bb9d566b64b40a3830","transport/src/test/java/io/netty/channel/embedded/EmbeddedChannelTest.java","3","0","1","7","166","201","0"
"elasticsearch","20ff703e07c692c5e68e6b30a6e6413a34dd10a7","core/src/test/java/org/elasticsearch/search/internal/ShardSearchTransportRequestTests.java","3","0","1","7","175","217","1"
"elasticsearch","3d63bac51d768f5accb59829868c9b401ec82dc5","src/test/java/org/elasticsearch/validate/SimpleValidateQueryTests.java","3","0","1","7","233","302","1"
"elasticsearch","437c43cd7fe3906e96cfc4eb878bedeb250d5db9","core/src/test/java/org/elasticsearch/cluster/allocation/ClusterRerouteIT.java","3","0","1","7","273","358","0"
"hazelcast","7a0a1fd85af3b0571b72b72243a18983e8a3805d","hazelcast/src/test/java/com/hazelcast/query/impl/extraction/SingleValueDataStructure.java","3","0","1","7","40","52","0"
"hazelcast","d6e7a14e1c7a092d5727131d79a0ad3255540d50","hazelcast/src/test/java/com/hazelcast/query/impl/extraction/SingleValueDataStructure.java","3","0","1","7","40","53","0"
"hazelcast","21586825d367940e1c79cf289e97310daab1200d","hazelcast/src/test/java/com/hazelcast/query/impl/extractor/predicates/SingleValueDataStructure.java","3","0","1","7","40","55","1"
"orientdb","013e0c79c0b54feb82c91243b011bb623913e44b","object/src/test/java/com/orientechnologies/orient/object/db/entity/NestedContainer.java","3","0","1","7","41","71","0"
"orientdb","85252d6cf1dc1113daa69fc432e2facc065c6149","core/src/main/java/com/orientechnologies/orient/core/sql/functions/misc/OSQLFunctionCount.java","3","0","1","7","41","80","1"
"elasticsearch","726f5dccc06bf1813790b6cc39207a5e30db43a0","core/src/test/java/org/elasticsearch/indices/IndicesRequestCacheIT.java","3","0","1","7","420","499","0"
"elasticsearch","9015062dcb1b89f3dae7157a9544c2c7ac6536db","core/src/test/java/org/elasticsearch/indices/IndicesRequestCacheIT.java","3","0","1","7","420","499","0"
"elasticsearch","dc6ed7b8d4208e49e2fc34e43e8c26a74f249e87","core/src/test/java/org/elasticsearch/indices/IndicesRequestCacheIT.java","3","0","1","7","420","499","2"
"elasticsearch","d99b532f0f6e2a6bbadc7421eb5960083687ec73","src/main/java/org/elasticsearch/index/fielddata/fieldcomparator/IntValuesComparator.java","3","0","1","7","43","76","0"
"elasticsearch","17681d7104f17aac0868d1fb6b62e3efe124eb02","src/test/java/org/elasticsearch/test/integration/search/customscore/CustomScoreSearchTests.java","3","0","1","7","435","533","0"
"hazelcast","772b5217030e0fb94bf07a00d9b5e7b275a82030","hazelcast/src/test/java/com/hazelcast/query/impl/extractor/predicates/SingleValueDataStructure.java","3","0","1","7","44","60","0"
"hazelcast","e56ed623e2f90ba7444669e38f971c3206d1c4a0","hazelcast/src/main/java/com/hazelcast/queue/tx/TxnReserveOfferOperation.java","3","0","1","7","45","78","1"
"hazelcast","6749a1be6c43760807edb6eab05382fb3534ff66","hazelcast/src/main/java/com/hazelcast/cache/impl/operation/CacheClearBackupOperation.java","3","0","1","7","46","79","0"
"elasticsearch","148be11f26902cca062055f950571a6fdaab22c0","core/src/main/java/org/elasticsearch/common/blobstore/BlobPath.java","3","0","1","7","46","81","1"
"elasticsearch","371c73e14023917f3892090d2d3d7ff9ac1216b9","core/src/main/java/org/elasticsearch/common/blobstore/BlobPath.java","3","0","1","7","46","81","3"
"elasticsearch","78574d248cf10dad1c5a566fda79e1e0c94afe43","core/src/main/java/org/elasticsearch/common/blobstore/BlobPath.java","3","0","1","7","46","81","2"
"elasticsearch","e6aaaf11ed4a1b8f595f920de1840938eddb7a97","core/src/main/java/org/elasticsearch/common/blobstore/BlobPath.java","3","0","1","7","46","81","2"
"elasticsearch","a60b8948ba1d836a6eac7cff095519e618939ed8","core/src/main/java/org/elasticsearch/common/blobstore/BlobPath.java","3","0","1","7","46","81","0"
"elasticsearch","40cd549c375848729c6ffd381a906c403b31ba4a","src/test/java/org/elasticsearch/test/unit/index/fielddata/StringFieldDataTests.java","3","0","1","7","464","609","0"
"hazelcast","f963f01955d48c55538ee86b08004a22232a050b","hazelcast-client/src/main/java/com/hazelcast/client/txn/proxy/ClientTxnQueueProxy.java","3","0","1","7","47","79","0"
"elasticsearch","5ba06b648778375887d7a526f021f2fe56cdf647","core/src/main/java/org/elasticsearch/search/internal/InternalScrollSearchRequest.java","3","0","1","7","47","83","1"
"hazelcast","b583f88f8f80ac2de344ace2aa3423f128cd037a","hazelcast/src/main/java/com/hazelcast/queue/tx/TxnReserveOfferOperation.java","3","0","1","7","49","83","0"
"hazelcast","70d4de16ff0ac4518d09aad8c9f2ad9e782fb337","hazelcast/src/main/java/com/hazelcast/cache/impl/merge/entry/LazyCacheEntryView.java","3","0","1","7","50","85","1"
"elasticsearch","523a8b4c3e8003316f3e7c6a74bdd5e4e1818dd6","modules/elasticsearch/src/main/java/org/elasticsearch/index/field/data/strings/SingleValueStringFieldData.java","3","0","1","7","51","88","0"
"hazelcast","d831651dd5814c8074c8b4727184701986f16039","hazelcast/src/main/java/com/hazelcast/multimap/impl/operations/client/KeyBasedContainsRequest.java","3","0","1","7","52","74","1"
"elasticsearch","5ae00a6129ae1a8a8291c51f5967f81d4db4a85c","plugins/cloud-azure/src/main/java/org/elasticsearch/plugin/cloud/azure/CloudAzurePlugin.java","3","0","1","7","55","90","1"
"hazelcast","15ad53c4af52bfbbcd79809712ff178529b30ab6","hazelcast/src/main/java/com/hazelcast/queue/impl/tx/TxnReserveOfferOperation.java","3","0","1","7","57","91","1"
"BroadleafCommerce","dbd58b9d1efd79a6183c776a8532b06177e8d529","admin/broadleaf-open-admin-platform/src/main/java/org/broadleafcommerce/openadmin/server/dao/provider/metadata/PasswordFieldMetadataProvider.java","3","0","1","7","61","102","0"
"hazelcast","bc45e6ee9ed996d23bcaa2702c772a11bd4de8fa","hazelcast/src/main/java/com/hazelcast/cache/impl/operation/CacheGetAndReplaceOperation.java","3","0","1","7","62","102","1"
"elasticsearch","366ddfc89a9265e05d23291b02a829f4da1fcbdd","src/main/java/org/elasticsearch/common/lucene/search/function/WeightFactorFunction.java","3","0","1","7","67","107","0"
"elasticsearch","3add12a9708a12d3e55c923cf7468296ed6147cc","src/main/java/org/elasticsearch/common/lucene/search/function/WeightFactorFunction.java","3","0","1","7","67","107","0"
"elasticsearch","e43f3a941b8ae78e6ab4f66d1da17a976d36b666","src/main/java/org/elasticsearch/common/lucene/search/function/WeightFactorFunction.java","3","0","1","7","67","107","1"
"elasticsearch","fdf2bb93716c2a6f2b0d0785df386ecd414994c4","src/main/java/org/elasticsearch/search/aggregations/bucket/significant/UnmappedSignificantTerms.java","3","0","1","7","68","108","0"
"oryx","9116a5ada9a110bd788ea7d980eae7c307c262ba","framework/oryx-common/src/test/java/com/cloudera/oryx/common/math/VectorMathTest.java","3","0","1","7","68","99","0"
"elasticsearch","fdf2bb93716c2a6f2b0d0785df386ecd414994c4","src/main/java/org/elasticsearch/search/aggregations/bucket/terms/UnmappedTerms.java","3","0","1","7","69","107","0"
"elasticsearch","d8cd75544536a211fa5c66e190aa4313213f0308","src/main/java/org/elasticsearch/search/aggregations/bucket/significant/UnmappedSignificantTerms.java","3","0","1","7","70","110","1"
"hazelcast","e93e8abae808b3615517adffdbf7207c5a04525f","hazelcast/src/main/java/com/hazelcast/cache/impl/operation/CachePutOperation.java","3","0","1","7","71","110","2"
"hazelcast","bc45e6ee9ed996d23bcaa2702c772a11bd4de8fa","hazelcast/src/main/java/com/hazelcast/cache/impl/operation/CachePutOperation.java","3","0","1","7","71","114","1"
"orientdb","b27bb99f64f5a211acd2f1639a5895ce09a1b883","distributed/src/test/java/com/orientechnologies/orient/server/distributed/ServerRun.java","3","0","1","7","71","116","0"
"elasticsearch","0806190d1a00e7aee913a88d04318b1f5e734adc","core/src/main/java/org/elasticsearch/search/aggregations/bucket/filter/FilterAggregator.java","3","0","1","7","72","115","0"
"orientdb","50bb0365603295268745639338630da96d9c93fc","distributed/src/test/java/com/orientechnologies/orient/server/distributed/ServerRun.java","3","0","1","7","72","117","0"
"elasticsearch","eecbf8a559b8bece2e2477d93e35649b5f87b9ee","src/main/java/org/elasticsearch/client/transport/support/InternalTransportClient.java","3","0","1","7","75","113","1"
"elasticsearch","ddbfda2c68e6be7067bc8d9f779c3e75289eb99c","core/src/main/java/org/elasticsearch/search/aggregations/bucket/significant/UnmappedSignificantTerms.java","3","0","1","7","75","117","1"
"elasticsearch","61b1f4ad0b88323a238c3f6a1d6d539c4479675a","core/src/main/java/org/elasticsearch/search/aggregations/bucket/significant/UnmappedSignificantTerms.java","3","0","1","7","76","118","0"
"hazelcast","8a97243c2a579cdd79fd8d82dafc065df61ff170","hazelcast/src/test/java/com/hazelcast/nio/IOUtilTest.java","3","0","1","7","81","148","1"
"orientdb","c65031e4a5cae04be6faeaeccb01fb18d3e5fb85","graphdb/src/test/java/com/orientechnologies/orient/graph/sql/OCommandExecutorSQLDeleteEdgeTest.java","3","0","1","7","89","114","1"
"orientdb","1b7171c450903f543d2cf0d3f0c805b58b4f701c","graphdb/src/test/java/com/orientechnologies/orient/graph/sql/OCommandExecutorSQLDeleteEdgeTest.java","3","0","1","7","89","116","1"
"hazelcast","70d4de16ff0ac4518d09aad8c9f2ad9e782fb337","hazelcast-client/src/main/java/com/hazelcast/client/spi/impl/listener/ClientListenerServiceImpl.java","3","0","1","7","89","129","2"
"orientdb","7d92a6b03b707e81490ef22a1fa23a1017918c3d","graphdb/src/test/java/com/orientechnologies/orient/graph/sql/OCommandExecutorSQLDeleteEdgeTest.java","3","0","1","7","91","117","0"
"hazelcast","7656a31525a04c7cddd282262376092e48384854","hazelcast-client-legacy/src/main/java/com/hazelcast/client/spi/impl/listener/ClientListenerServiceImpl.java","3","0","1","7","94","132","0"
"hazelcast","da8888f97af74b4590dfc1dce3d0bdeb44654000","hazelcast-client/src/main/java/com/hazelcast/client/spi/impl/listener/ClientListenerServiceImpl.java","3","0","1","7","95","135","0"
"BroadleafCommerce","982aa0cd224d852d5505bcc49f0f8a3325f9c14d","admin/broadleaf-contentmanagement-module/src/main/java/org/broadleafcommerce/cms/structure/domain/StructuredContentFieldTemplateImpl.java","3","0","1","7","97","137","0"
"hazelcast","ea98077df3b0d6918f9eba95e463e84c7ef0b8a7","hazelcast-client/src/main/java/com/hazelcast/client/spi/impl/listener/ClientListenerServiceImpl.java","3","0","1","7","99","139","1"
"hazelcast","27d49efcee88ee428254cf38353e8698ea127c45","hazelcast-client/src/main/java/com/hazelcast/client/spi/impl/listener/ClientListenerServiceImpl.java","3","0","1","7","99","140","1"
"hazelcast","38a3eee6adfbbcf04ab97600f9c9734f507c6b83","hazelcast/src/test/java/com/hazelcast/cache/CacheCreationTest.java","3","0","1","8","159","204","0"
"netty","74627483d7bdcae3130b2ba173e08ec5f2658377","codec-http2/src/test/java/io/netty/handler/codec/http2/DataCompressionHttp2Test.java","3","0","1","8","301","361","0"
"hazelcast","4eef0f6f0630c47a4baca6875343ccd506948bb5","hazelcast/src/main/java/com/hazelcast/multimap/MultiMapWrapper.java","3","0","1","8","36","70","1"
"hazelcast","4eef0f6f0630c47a4baca6875343ccd506948bb5","hazelcast/src/main/java/com/hazelcast/multimap/operations/RemoveAllOperation.java","3","0","1","8","40","72","1"
"hazelcast","517051da0c9618d83d8dea226ce1d7a94a9c000e","hazelcast/src/main/java/com/hazelcast/map/impl/operation/MapFlushOperation.java","3","0","1","8","42","72","0"
"hazelcast","6ac727db661eb934e5608e28e8a3603e7300d710","hazelcast/src/main/java/com/hazelcast/map/impl/operation/MapFlushOperation.java","3","0","1","8","42","72","0"
"hazelcast","1c090ad87906d51892a32c2aa0a32d34002298ec","hazelcast/src/main/java/com/hazelcast/map/impl/operation/MapFlushOperation.java","3","0","1","8","42","72","1"
"hazelcast","91623113623055f184207f53a0344bbc82ad227f","hazelcast/src/main/java/com/hazelcast/multimap/operations/RemoveAllOperation.java","3","0","1","8","43","76","3"
"hazelcast","7a0a1fd85af3b0571b72b72243a18983e8a3805d","hazelcast/src/test/java/com/hazelcast/query/impl/extraction/MultipleCollectionsDataStructure.java","3","0","1","8","48","61","0"
"hazelcast","d6e7a14e1c7a092d5727131d79a0ad3255540d50","hazelcast/src/test/java/com/hazelcast/query/impl/extraction/MultipleCollectionsDataStructure.java","3","0","1","8","48","62","0"
"hazelcast","b583f88f8f80ac2de344ace2aa3423f128cd037a","hazelcast/src/main/java/com/hazelcast/transaction/impl/RollbackTxBackupOperation.java","3","0","1","8","50","84","0"
"hazelcast","c59ad46ee1277282b4eaa7b489f8a4ac58c4909e","hazelcast/src/main/java/com/hazelcast/query/impl/predicates/InstanceOfPredicate.java","3","0","1","8","51","84","2"
"hazelcast","b6934ee6210e560523d52f22a4406232a0c111ff","hazelcast/src/main/java/com/hazelcast/query/impl/predicates/InstanceOfPredicate.java","3","0","1","8","52","85","0"
"hazelcast","3f7fe149b46863191307baa8ab504a6eaf77b0cc","hazelcast-client/src/main/java/com/hazelcast/client/txn/proxy/ClientTxnQueueProxy.java","3","0","1","8","53","86","0"
"hazelcast","b583f88f8f80ac2de344ace2aa3423f128cd037a","hazelcast/src/main/java/com/hazelcast/transaction/impl/BeginTxBackupOperation.java","3","0","1","8","54","88","0"
"hazelcast","0880710f355f33d03b8d928ec9d22a0ff4f1ca52","hazelcast/src/main/java/com/hazelcast/map/impl/nearcache/KeyStateMarkerImpl.java","3","0","1","8","55","88","2"
"hazelcast","d568e4d926d925d57d4e79e34614390416749301","hazelcast/src/main/java/com/hazelcast/cache/impl/merge/entry/LazyCacheEntryView.java","3","0","1","8","58","94","0"
"elasticsearch","467a459f95d8709379bf3e7f415644b246a89dba","core/src/main/java/org/elasticsearch/search/aggregations/bucket/significant/heuristics/PercentageScore.java","3","0","1","8","59","104","1"
"elasticsearch","ef83dbfbe68eff4b72575a2059a333469b274769","core/src/main/java/org/elasticsearch/index/fielddata/plain/DocValuesIndexFieldData.java","3","0","1","8","59","99","2"
"elasticsearch","821021f0e478ca44d828e62c139ea19f0fd7290a","core/src/main/java/org/elasticsearch/search/aggregations/bucket/significant/heuristics/PercentageScore.java","3","0","1","8","61","106","0"
"hazelcast","59c4822d4ad5dfac4cecd11231280baa33d4aa35","hazelcast/src/main/java/com/hazelcast/topic/client/AddMessageListenerRequest.java","3","0","1","8","61","93","1"
"elasticsearch","974fafb2daa94c91f637cef8cfe568f1cbb22396","src/main/java/org/elasticsearch/action/support/nodes/NodesOperationRequest.java","3","0","1","8","62","102","0"
"hazelcast","78dd601399e9eaeb5227cfd66f807504fa5d5d69","hazelcast/src/main/java/com/hazelcast/internal/nearcache/impl/invalidation/MetaDataGenerator.java","3","0","1","8","62","106","1"
"hazelcast","10773b4cd855bdfd84ea80d22b8ed3c977459444","hazelcast/src/main/java/com/hazelcast/multimap/impl/operations/client/KeyBasedContainsRequest.java","3","0","1","8","62","83","0"
"oryx","fc360fa3282bc438b5a71d6d7c6e2f585e824614","oryx-common/src/test/java/com/cloudera/oryx/common/math/VectorMathTest.java","3","0","1","8","62","94","0"
"elasticsearch","aa6bf5fd1d67f0d17fce87c647f56f7967bd373d","src/main/java/org/elasticsearch/action/support/nodes/NodesOperationRequest.java","3","0","1","8","66","107","0"
"hazelcast","0287d390022e68e3c252acac8db8e0dfc15ecbea","hazelcast/src/main/java/com/hazelcast/collection/impl/txnqueue/operations/TxnRollbackOperation.java","3","0","1","8","67","101","1"
"elasticsearch","fdf2bb93716c2a6f2b0d0785df386ecd414994c4","src/main/java/org/elasticsearch/search/aggregations/metrics/sum/InternalSum.java","3","0","1","8","68","107","0"
"elasticsearch","d8cd75544536a211fa5c66e190aa4313213f0308","src/main/java/org/elasticsearch/search/aggregations/metrics/sum/InternalSum.java","3","0","1","8","70","109","1"
"hazelcast","59c4822d4ad5dfac4cecd11231280baa33d4aa35","hazelcast/src/main/java/com/hazelcast/queue/client/AddListenerRequest.java","3","0","1","8","72","108","1"
"elasticsearch","22720a1abd4e88cd0c3c860bc0774d1286e2e4d4","src/main/java/org/elasticsearch/search/aggregations/metrics/valuecount/InternalValueCount.java","3","0","1","8","73","112","1"
"oryx","6024e00dd45bf69a5dddbb1243fe0518e7e41efe","framework/oryx-common/src/test/java/com/cloudera/oryx/common/math/VectorMathTest.java","3","0","1","8","76","108","0"
"hazelcast","768b06e52b35f4e20f04434b8154389877bc9713","hazelcast-client/src/main/java/com/hazelcast/client/proxy/ClientConditionProxy.java","3","0","1","8","76","115","0"
"hazelcast","8f8a00625dd31eb3915d3251d2f10edbe2a7e0b9","hazelcast/src/main/java/com/hazelcast/replicatedmap/impl/client/ClientReplicatedMapPutTtlRequest.java","3","0","1","8","80","115","0"
"hazelcast","0189aadfaf447e62c18d7177287ec1d8211b0ee8","hazelcast/src/main/java/com/hazelcast/replicatedmap/impl/client/ClientReplicatedMapPutTtlRequest.java","3","0","1","8","81","116","0"
"hazelcast","59c4822d4ad5dfac4cecd11231280baa33d4aa35","hazelcast/src/main/java/com/hazelcast/collection/operations/client/AddEntryListenerRequest.java","3","0","1","8","91","129","1"
"elasticsearch","ae9857cb45b2d9a742a2a728657daaf69bc820af","modules/elasticsearch/src/test/java/org/elasticsearch/deps/joda/SimpleJodaTests.java","3","0","1","9","132","193","0"
"hazelcast","b9109d86df3008077ce26aac62f800f10056974a","hazelcast/src/main/java/com/hazelcast/instance/GroupProperty.java","3","0","1","9","202","666","1"
"hazelcast","8f0b3b3d791f2f02f4456b70eb07b442fa820e57","hazelcast/src/main/java/com/hazelcast/instance/GroupProperty.java","3","0","1","9","204","669","0"
"hazelcast","64946fb8573d31a6383db5553e184365d8dc81d0","hazelcast/src/main/java/com/hazelcast/instance/GroupProperty.java","3","0","1","9","207","687","1"
"hazelcast","9815def4bac321ee2cc1c197dbd37d64396ce844","hazelcast/src/main/java/com/hazelcast/instance/GroupProperty.java","3","0","1","9","208","694","0"
"netty","71727e42dee8e36d3cfc3ef36560b1bd68106f98","buffer/src/main/java/io/netty/buffer/DefaultByteBufHolder.java","3","0","1","9","47","78","0"
"orientdb","694179bbd708b0a0ab131849e7132dbf55ba1a0b","core/src/main/java/com/orientechnologies/orient/core/tx/OTransactionIndexChanges.java","3","0","1","9","47","92","1"
"BroadleafCommerce","a600ac52945a7ee2f172cbdfdf466a6e37d63fc2","admin/broadleaf-open-admin-platform/src/main/java/org/broadleafcommerce/openadmin/web/rulebuilder/dto/DataDTO.java","3","0","1","9","48","86","0"
"orientdb","6061b2a2b5d37ba6f30f9dfa91225ef3b3d718cc","core/src/main/java/com/orientechnologies/orient/core/fetch/remote/ORemoteFetchListener.java","3","0","1","9","49","85","1"
"orientdb","6fdc17421dd682b30aef282fdda3d7f0db88d754","core/src/main/java/com/orientechnologies/orient/core/fetch/remote/ORemoteFetchListener.java","3","0","1","9","50","86","0"
"elasticsearch","e1efd5f6baf8dec1c23c79b346b8a29f234a98bb","core/src/main/java/org/elasticsearch/action/admin/indices/exists/indices/IndicesExistsRequest.java","3","0","1","9","56","92","0"
"neo4j","d4187298f74a835315180b2ca3a716a6caddea0c","community/primitive-collections/src/main/java/org/neo4j/collection/primitive/hopscotch/AbstractHopScotchCollection.java","3","0","1","9","57","94","1"
"hazelcast","39091ff574efe84ae6a3d772a1b7cfce80f4f2e0","hazelcast/src/main/java/com/hazelcast/topic/client/AddMessageListenerRequest.java","3","0","1","9","64","97","0"
"hazelcast","3cc13b14fba6b8e6e2ab9149c8d17561a29c537f","hazelcast/src/main/java/com/hazelcast/collection/impl/txnqueue/operations/TxnReserveOfferOperation.java","3","0","1","9","66","101","1"
"hazelcast","67235ce99477aeeecc86d225926b6456b7ceef20","hazelcast/src/main/java/com/hazelcast/collection/impl/txnqueue/operations/TxnReserveOfferOperation.java","3","0","1","9","66","101","1"
"hazelcast","a46aa8502977bde24649cec3b52fbb065d6f480f","hazelcast/src/main/java/com/hazelcast/collection/impl/txnqueue/operations/TxnReserveOfferOperation.java","3","0","1","9","66","101","1"
"hazelcast","e7c312280062991ae79e7194e151e12ea3aa2897","hazelcast/src/main/java/com/hazelcast/collection/impl/txnqueue/operations/TxnReserveOfferOperation.java","3","0","1","9","66","101","0"
"hazelcast","f9e887588cfe646adc3ae3ec707de95cc5303706","hazelcast/src/main/java/com/hazelcast/queue/impl/tx/TxnReserveOfferOperation.java","3","0","1","9","66","102","0"
"elasticsearch","164efaecbe42195f08ada58b5fde927ab21fc6e7","core/src/test/java/org/elasticsearch/common/network/NetworkAddressTests.java","3","0","1","9","66","108","0"
"hazelcast","7167c10b3f49d6952ccd3671ecde41c8fca10114","hazelcast/src/main/java/com/hazelcast/collection/impl/txnqueue/operations/TxnReserveOfferOperation.java","3","0","1","9","67","102","1"
"hazelcast","3cc13b14fba6b8e6e2ab9149c8d17561a29c537f","hazelcast/src/main/java/com/hazelcast/collection/impl/txnqueue/operations/TxnReservePollOperation.java","3","0","1","9","67","103","1"
"hazelcast","67235ce99477aeeecc86d225926b6456b7ceef20","hazelcast/src/main/java/com/hazelcast/collection/impl/txnqueue/operations/TxnReservePollOperation.java","3","0","1","9","67","103","1"
"hazelcast","c5ff00b2b65c60069e7e807e20c9357f43cc6df4","hazelcast/src/main/java/com/hazelcast/collection/impl/txnqueue/operations/TxnReservePollOperation.java","3","0","1","9","67","103","0"
"elasticsearch","33b8d7a19d6ddd6ad06a5a0cb5ca90175458e036","core/src/main/java/org/elasticsearch/index/fielddata/plain/DocValuesIndexFieldData.java","3","0","1","9","67","108","0"
"hazelcast","7167c10b3f49d6952ccd3671ecde41c8fca10114","hazelcast/src/main/java/com/hazelcast/collection/impl/txnqueue/operations/TxnReservePollOperation.java","3","0","1","9","68","104","1"
"hazelcast","82f1a5c6da6b8a3f431fe81b18e4866c0c5e2c9f","hazelcast/src/main/java/com/hazelcast/collection/impl/txnqueue/operations/TxnReservePollOperation.java","3","0","1","9","69","111","0"
"hazelcast","21586825d367940e1c79cf289e97310daab1200d","hazelcast/src/test/java/com/hazelcast/query/impl/extractor/predicates/CollectionAllPredicatesExtractorTest.java","3","0","1","9","71","102","1"
"hazelcast","e1b69c53ca4923affcd7722f012a80e32517e988","hazelcast/src/main/java/com/hazelcast/internal/cluster/impl/SplitBrainJoinMessage.java","3","0","1","9","71","107","0"
"hazelcast","772b5217030e0fb94bf07a00d9b5e7b275a82030","hazelcast/src/test/java/com/hazelcast/query/impl/extractor/predicates/CollectionAllPredicatesExtractorTest.java","3","0","1","9","73","102","0"
"hazelcast","39091ff574efe84ae6a3d772a1b7cfce80f4f2e0","hazelcast/src/main/java/com/hazelcast/queue/client/AddListenerRequest.java","3","0","1","9","75","112","0"
"hazelcast","0dbf131394b3f71de4518c5914a97bc5ccf01320","hazelcast/src/main/java/com/hazelcast/internal/partition/operation/CheckReplicaVersion.java","3","0","1","9","85","122","2"
"antlr4","ce5fb52989459843c37c510b940cc498cb61c25e","tool/src/org/antlr/v4/codegen/target/GoTarget.java","3","0","1","9","87","122","1"
"hazelcast","39091ff574efe84ae6a3d772a1b7cfce80f4f2e0","hazelcast/src/main/java/com/hazelcast/collection/operations/client/AddEntryListenerRequest.java","3","0","1","9","95","134","0"
"elasticsearch","d32443bfb5fbf14ec51aeda8ace473f9905a5760","core/src/main/java/org/elasticsearch/index/query/TermsQueryBuilder.java","3","0","10","1","57","149","1"
"elasticsearch","296ab3ec16c285bfc37fba40b2ddbde1e56bfc7c","test/framework/src/main/java/org/elasticsearch/test/transport/CapturingTransport.java","3","0","10","20","152","264","0"
"elasticsearch","01f6851691f0e160185acdb2986f0486e9b4f6ec","core/src/main/java/org/elasticsearch/action/admin/indices/settings/put/UpdateSettingsRequest.java","3","0","10","7","107","181","0"
"elasticsearch","292dd8f992e101f9bffcd58c6c60a24ccbfec746","core/src/main/java/org/elasticsearch/action/admin/indices/settings/put/UpdateSettingsRequest.java","3","0","10","7","109","183","1"
"elasticsearch","90247446aa5ec3da2d8b4760049183862ea6b40d","core/src/main/java/org/elasticsearch/common/Numbers.java","3","0","12","5","78","182","2"
"elasticsearch","952feb58e41bd0220784c44136b840ea4a740e26","core/src/main/java/org/elasticsearch/search/aggregations/bucket/terms/Terms.java","3","0","13","5","45","149","1"
"hazelcast","565257f977407eb3a0199d082860209c2958f5f9","hazelcast/src/main/java/com/hazelcast/util/collection/BiInt2ObjectMap.java","3","0","14","0","55","172","1"
"hazelcast","564167c1f93b32ce742411106e9ae67eae88a801","hazelcast/src/main/java/com/hazelcast/util/collection/BiInt2ObjectMap.java","3","0","14","0","55","173","0"
"elasticsearch","1f04182b8164ffb19f3805c48d67f0375262b317","core/src/main/java/org/elasticsearch/action/exists/ExistsRequest.java","3","0","15","8","132","236","0"
"elasticsearch","e1efd5f6baf8dec1c23c79b346b8a29f234a98bb","core/src/main/java/org/elasticsearch/action/exists/ExistsRequest.java","3","0","15","9","132","236","0"
"neo4j","4d9575d67b87b0835afc39fa62a8f5497caf378e","community/server/src/test/java/org/neo4j/server/rest/IndexNodeDocIT.java","3","0","16","13","651","888","1"
"neo4j","1c7b97993abf222aa93945484a0d821619a87119","community/server/src/test/java/org/neo4j/server/rest/IndexNodeDocIT.java","3","0","16","14","675","914","0"
"mcMMO","2e74c079b09b43e40ba92de01e038f6f1caada5a","src/main/java/com/gmail/nossr50/config/AdvancedConfig.java","3","0","17","182","215","297","0"
"BroadleafCommerce","89ab11fc4ad655261735d86bf697f21900eb5357","admin/broadleaf-open-admin-platform/src/main/java/org/broadleafcommerce/openadmin/web/form/component/ListGridAction.java","3","0","18","10","122","267","2"
"hazelcast","a1d4549db8759c2ea0d14aa61aa649b5fbe67081","hazelcast/src/main/java/com/hazelcast/config/RingbufferConfig.java","3","0","19","1","147","360","0"
"elasticsearch","f347bd4a4e6bee51120886ce1f4fedba6d423b8b","core/src/main/java/org/elasticsearch/search/aggregations/bucket/range/DateRangeAggregationBuilder.java","3","0","19","4","120","292","2"
"elasticsearch","a6e3d356ed11c65ec2a0a5d38c10a885e5bc888b","core/src/main/java/org/elasticsearch/search/aggregations/bucket/range/DateRangeAggregationBuilder.java","3","0","19","4","122","313","0"
"elasticsearch","8a4d8909a1e6020a8007097eb3d38f27067201f5","core/src/main/java/org/elasticsearch/search/aggregations/bucket/range/date/DateRangeAggregationBuilder.java","3","0","19","4","124","296","0"
"hazelcast","669af4d95acce86fc25b96a8aaf5ee89a8b29610","hazelcast/src/main/java/com/hazelcast/map/impl/EntryListenerAdaptors.java","3","0","2","0","113","206","0"
"elasticsearch","319878eb1ee2926f74408db95bb4a0a43fd2c5a3","src/main/java/org/elasticsearch/index/query/QueryParserUtils.java","3","0","2","0","16","47","0"
"hazelcast","12fb324ec43a0c4392475dc000c3f05b5f92d7e0","hazelcast/src/main/java/com/hazelcast/util/RandomPicker.java","3","0","2","0","18","55","2"
"BroadleafCommerce","082ec1011974dff9892bc33f90607bc7f2fa7aca","common/src/main/java/org/broadleafcommerce/common/util/ThreadUtils.java","3","0","2","0","19","55","0"
"netty","b533a1361bbbc457c974ca365f8293ec27ffda1c","common/src/main/java/io/netty/util/ConstantPool.java","3","0","2","0","22","55","0"
"oryx","8de37c9b69a6688bc4af8f1d3601161a942aff58","framework/oryx-lambda/src/main/java/com/cloudera/oryx/lambda/HadoopUtils.java","3","0","2","0","22","58","0"
"BroadleafCommerce","6ad67d810e4c01547a89ee47d5fd354f6eb7f3a0","admin/broadleaf-admin-module/src/main/java/org/broadleafcommerce/admin/web/controller/AdminProductTranslationExtensionListener.java","3","0","2","0","24","55","1"
"elasticsearch","cc3f02c0a03686b915b846d1aff04cd90cf29914","src/main/java/org/elasticsearch/index/fielddata/ordinals/GlobalOrdinalsBuilder.java","3","0","2","0","39","72","1"
"elasticsearch","08f7caa56b3519f4569e82cdceb57dee14e19420","src/main/java/org/elasticsearch/index/fielddata/ordinals/GlobalOrdinalsBuilder.java","3","0","2","0","40","73","0"
"neo4j","e7b3407f3dfe22e4029042512fbf88c2d60aa94d","enterprise/cluster/src/test/java/org/neo4j/cluster/protocol/atomicbroadcast/multipaxos/MultiPaxosTest.java","3","0","2","0","57","132","1"
"neo4j","a2206e2451ffe226128a69a43f7f1f59409a0217","enterprise/cluster/src/test/java/org/neo4j/cluster/protocol/atomicbroadcast/multipaxos/MultiPaxosTest.java","3","0","2","0","59","135","0"
"elasticsearch","70f19b2c645c9d8b042aca286310cc14fd9d7717","core/src/test/java/org/elasticsearch/search/aggregations/MetaDataIT.java","3","0","2","0","69","114","1"
"elasticsearch","609d9db470cbe98674823f47ca88ebcc1c1a6f09","core/src/test/java/org/elasticsearch/search/aggregations/bucket/SignificantTermsBackwardCompatibilityIT.java","3","0","2","0","76","109","1"
"netty","7ef6db3ffd2f10cce835685359dec642bd3c874c","transport/src/test/java/io/netty/channel/nio/NioSocketChannelTest.java","3","0","2","1","101","145","1"
"oryx","982cafdf7cb43bde8f4260efd705860b2264acb0","framework/oryx-lambda/src/main/java/com/cloudera/oryx/lambda/AbstractSparkLayer.java","3","0","2","1","167","245","1"
"BroadleafCommerce","030f8d7b4e8ed22cd62d84d51cd28cfe0ad83412","common/src/main/java/org/broadleafcommerce/common/file/domain/FileWorkArea.java","3","0","2","1","19","57","0"
"elasticsearch","5828796848674b656807406947f050626035845a","core/src/main/java/org/elasticsearch/index/shard/ShardUtils.java","3","0","2","1","25","61","0"
"elasticsearch","25fd9e26c4fb042d6f6dea14efcd239577bdbbc4","client/rest/src/main/java/org/elasticsearch/client/ResponseException.java","3","0","2","1","28","63","0"
"elasticsearch","56cc87b7ccd41040d8fafcaf2da3680d96d10839","client/rest/src/main/java/org/elasticsearch/client/ResponseException.java","3","0","2","1","28","63","0"
"elasticsearch","120ddd99c34f0e447d5688324b51934184e9c88f","client/rest/src/main/java/org/elasticsearch/client/ResponseException.java","3","0","2","1","28","63","1"
"elasticsearch","889db1c824d8c573835e8cbadd0c6f3ba25f8fcd","src/main/java/org/elasticsearch/discovery/DiscoverySettings.java","3","0","2","1","31","65","4"
"elasticsearch","0814ea3200d6af6c142ad7d2fa16bce5acfa9665","client/rest/src/main/java/org/elasticsearch/client/ResponseException.java","3","0","2","1","34","69","0"
"netty","5fb18e3415377fd022ac46d3a898b905617cf232","codec-http2/src/main/java/io/netty/handler/codec/http2/Http2Error.java","3","0","2","1","37","64","0"
"hazelcast","6aa478bb5620a41415f1e93043cca925c0c56043","hazelcast/src/main/java/com/hazelcast/cache/impl/HazelcastServerCachingProvider.java","3","0","2","1","37","78","0"
"hazelcast","2921cff694583b8638dae2991f427e61d5440a9d","hazelcast/src/main/java/com/hazelcast/query/impl/predicates/QueryOptimizerFactory.java","3","0","2","1","40","73","0"
"hazelcast","1f042b8c4a4245594691bb6d85a66ceed9b43068","hazelcast/src/main/java/com/hazelcast/query/impl/predicates/QueryOptimizerFactory.java","3","0","2","1","40","74","1"
"netty","cf8e07f62f91f1963d501f6f670a6eef8e548da0","common/src/main/java/io/netty/util/internal/logging/Slf4JLoggerFactory.java","3","0","2","1","41","76","1"
"elasticsearch","25fd9e26c4fb042d6f6dea14efcd239577bdbbc4","core/src/main/java/org/elasticsearch/action/support/ActiveShardsObserver.java","3","0","2","1","58","106","0"
"netty","30e7ab2f7d600791992637368afc240fb1068dfb","codec-http/src/test/java/io/netty/handler/codec/http/multipart/HttpPostRequestDecoderTest.java","3","0","2","1","62","107","0"
"netty","c79a3cdefe4ced7f7effc94a6862a0d1d5af0dae","transport/src/test/java/io/netty/channel/nio/NioSocketChannelTest.java","3","0","2","1","99","143","0"
"hazelcast","b04a2bf45dc85bc1d0513f3ac65ea899616c9c39","hazelcast/src/main/java/com/hazelcast/internal/nearcache/impl/invalidation/MetaDataGenerator.java","3","0","2","10","71","120","0"
"netty","2fd42cfc6b32dacb812c6f2ecef8522cd94718d4","codec-http2/src/main/java/io/netty/handler/codec/http2/DefaultHttp2HeadersDecoder.java","3","0","2","10","71","131","0"
"elasticsearch","65f90b25e0e2306ed53cad6c01e07875a0000a6c","core/src/main/java/org/elasticsearch/indices/recovery/StartRecoveryRequest.java","3","0","2","10","87","137","1"
"elasticsearch","952feb58e41bd0220784c44136b840ea4a740e26","core/src/main/java/org/elasticsearch/search/aggregations/bucket/terms/UnmappedTerms.java","3","0","2","10","92","144","1"
"elasticsearch","e7d352b489272a87b05019869857656de7fb82fc","core/src/main/java/org/elasticsearch/search/aggregations/bucket/terms/UnmappedTerms.java","3","0","2","10","93","145","0"
"elasticsearch","25fd9e26c4fb042d6f6dea14efcd239577bdbbc4","core/src/main/java/org/elasticsearch/action/admin/indices/stats/ShardStats.java","3","0","2","11","114","157","0"
"elasticsearch","2fa1c9fff14adbdbbd373c5b39b553c55e3738f7","core/src/main/java/org/elasticsearch/indices/recovery/StartRecoveryRequest.java","3","0","2","11","93","145","0"
"elasticsearch","1f04182b8164ffb19f3805c48d67f0375262b317","core/src/main/java/org/elasticsearch/discovery/zen/membership/MembershipAction.java","3","0","2","12","138","207","0"
"elasticsearch","1764ec56b38ce87f516efdf93bb4ab56e9dd829b","core/src/test/java/org/elasticsearch/action/bulk/BulkRequestTests.java","3","0","2","13","165","209","0"
"hazelcast","cdb8b0e0e259c0992856d553f2aa04499043c84d","hazelcast-client/src/test/java/com/hazelcast/client/ringbuffer/RingbufferTest.java","3","0","2","14","172","218","0"
"hazelcast","82902a1dc01dba24dd61ed2959d785e039dd7124","hazelcast-client/src/test/java/com/hazelcast/client/ringbuffer/RingbufferTest.java","3","0","2","14","172","219","0"
"hazelcast","810540661cf0b9662e3e1bc9b5dabc53a3c052f1","hazelcast-client/src/test/java/com/hazelcast/client/ringbuffer/RingbufferTest.java","3","0","2","14","173","219","1"
"hazelcast","cb96a27bb8e3a99ed10d2c2006a173b5b7c42fa6","hazelcast-client/src/test/java/com/hazelcast/client/ringbuffer/RingbufferTest.java","3","0","2","14","173","220","1"
"neo4j","21dc057a8a68245281a22d7bdb8da5ae2103f057","enterprise/core-edge/src/main/java/org/neo4j/coreedge/raft/state/membership/RaftMembershipState.java","3","0","2","15","127","190","0"
"elasticsearch","3274e7ea6fd74073c30e5194c3447b1707e8b708","src/main/java/org/elasticsearch/search/fetch/FetchSubPhase.java","3","0","2","15","71","117","1"
"elasticsearch","f6b166f19e145ef4b1557a76e93ea4809ef19479","core/src/main/java/org/elasticsearch/search/aggregations/bucket/range/date/InternalDateRange.java","3","0","2","15","92","139","1"
"elasticsearch","8563c8d8970f27420f5a4c39f95643d5f0191232","core/src/main/java/org/elasticsearch/search/aggregations/bucket/range/date/InternalDateRange.java","3","0","2","15","98","147","0"
"orientdb","eda36859b9b033e1c3c6c69dce74c4959ac3439e","distributed/src/main/java/com/orientechnologies/orient/server/hazelcast/OHazelcastDistributedRequest.java","3","0","2","16","108","157","0"
"orientdb","20c8553a3d57b13b9dadba8041ee0ba577866a96","distributed/src/main/java/com/orientechnologies/orient/server/hazelcast/OHazelcastDistributedRequest.java","3","0","2","16","109","158","1"
"hazelcast","f9a306c6434b4444072c98747befa5b4e1ab372e","hazelcast/src/test/java/com/hazelcast/cluster/ClusterJoinTest.java","3","0","2","18","320","389","1"
"titan","9258a9dd339b1bf7a4039cf3d7e44807ce3e5a5f","titan-core/src/main/java/com/thinkaurelius/titan/example/GraphOfTheGodsFactory.java","3","0","2","2","107","167","0"
"elasticsearch","13a347239a48d71486692a72c066e940dec8921b","core/src/main/java/org/elasticsearch/search/aggregations/AggregationModule.java","3","0","2","2","118","157","2"
"elasticsearch","40f119d85a4eaa39d0a6e594e46f70de725557f0","core/src/main/java/org/elasticsearch/search/aggregations/AggregationModule.java","3","0","2","2","118","157","1"
"elasticsearch","bbf42d379dc5fac7cddf768b244aa1649efdb10d","core/src/main/java/org/elasticsearch/search/aggregations/AggregationModule.java","3","0","2","2","118","157","0"
"hazelcast","7f9ad687397ded1ca221c31c85309c5ee603fe6e","hazelcast-client/src/main/java/com/hazelcast/client/connection/DummyClientConnectionManager.java","3","0","2","2","25","60","0"
"elasticsearch","25fd9e26c4fb042d6f6dea14efcd239577bdbbc4","client/sniffer/src/main/java/org/elasticsearch/client/sniff/SniffOnFailureListener.java","3","0","2","2","27","65","0"
"BroadleafCommerce","83fb11ed58644108db5d65f28772c299943478f5","common/src/main/java/org/broadleafcommerce/common/persistence/DefaultPostLoaderDao.java","3","0","2","2","30","70","0"
"hazelcast","e4f7959a373b0263506a00fa6941d0020407e6fd","hazelcast/src/main/java/com/hazelcast/client/impl/protocol/parameters/GenericResultParameters.java","3","0","2","2","31","68","1"
"elasticsearch","7ab0e2c5321c802068d85c0fa3a0f44e0b02c5a4","core/src/main/java/org/elasticsearch/index/query/OrQueryBuilder.java","3","0","2","2","34","69","1"
"netty","31b319a5dc531d8c02c400d312ab9e85e90e614b","src/main/java/org/jboss/netty/channel/socket/oio/OioServerSocketChannelFactory.java","3","0","2","2","35","128","1"
"netty","56462ef91a6481c2926dbebadebc114c08a81a8b","src/main/java/org/jboss/netty/channel/socket/oio/OioServerSocketChannelFactory.java","3","0","2","2","35","128","1"
"netty","220d95fe0d396821f08329fffd96edc1b47c37c1","src/main/java/org/jboss/netty/channel/socket/oio/OioServerSocketChannelFactory.java","3","0","2","2","35","128","0"
"hazelcast","21de2ef614b9a92baec6c4f16f26123a59391cdc","hazelcast/src/main/java/com/hazelcast/util/ContextMutexFactory.java","3","0","2","2","36","96","0"
"elasticsearch","f71c9a25a182f05a7b54f3b773921b763981c2a5","core/src/main/java/org/elasticsearch/action/admin/indices/upgrade/post/UpgradeResponse.java","3","0","2","2","45","84","0"
"hazelcast","58ee08ae4f1eccb6124e2880fa5a8f6d708e89ce","hazelcast/src/main/java/com/hazelcast/core/MemberLeftException.java","3","0","2","2","51","89","0"
"elasticsearch","e1efd5f6baf8dec1c23c79b346b8a29f234a98bb","core/src/main/java/org/elasticsearch/discovery/zen/membership/MembershipAction.java","3","0","2","22","138","207","0"
"elasticsearch","b3819e7f308f7cc6017d4473c2b0817f2efc2b7c","client/rest-high-level/src/test/java/org/elasticsearch/client/CustomRestHighLevelClientTests.java","3","0","2","3","142","210","0"
"BroadleafCommerce","fd115d220a261dca5689f7e743051efe5655d1d2","common/src/main/java/org/broadleafcommerce/common/exception/ServiceException.java","3","0","2","3","26","66","0"
"elasticsearch","149ef74b26bb33d3a1d3c1c45c481a01345cd764","core/src/main/java/org/elasticsearch/search/aggregations/metrics/percentiles/PercentilesMethod.java","3","0","2","3","32","72","0"
"netty","1f1403697bdcb70de4bd4717cfcbb343e72b5804","example/src/main/java/io/netty/example/objectecho/ObjectEchoClientHandler.java","3","0","2","3","38","73","0"
"elasticsearch","65afa1d93b702c842479100c9e5e738a2efe73eb","src/main/java/org/elasticsearch/common/lucene/search/function/RandomScoreFunction.java","3","0","2","3","38","74","0"
"elasticsearch","852a1103f38ea96d83f7cbae7cd8b8ce5705a53a","src/main/java/org/elasticsearch/action/admin/cluster/reroute/ClusterRerouteResponse.java","3","0","2","3","45","82","0"
"elasticsearch","55e9f169c3c5179591f758fb99b6450daabefc19","src/main/java/org/elasticsearch/action/admin/cluster/reroute/ClusterRerouteResponse.java","3","0","2","3","46","83","2"
"hazelcast","40021c746e61cd4f6feae5777f6ea23a492aa4f9","hazelcast/src/main/java/com/hazelcast/map/impl/EntryViews.java","3","0","2","3","51","72","2"
"BroadleafCommerce","28afdc6932587a86414e22b528791cb3939e04a0","common/src/main/java/org/broadleafcommerce/common/web/resource/resolver/BroadleafCachingResourceResolver.java","3","0","2","3","57","102","1"
"elasticsearch","371c73e14023917f3892090d2d3d7ff9ac1216b9","core/src/main/java/org/elasticsearch/search/aggregations/bucket/filter/FilterAggregationBuilder.java","3","0","2","3","63","107","3"
"elasticsearch","78574d248cf10dad1c5a566fda79e1e0c94afe43","core/src/main/java/org/elasticsearch/search/aggregations/bucket/filter/FilterAggregationBuilder.java","3","0","2","3","63","107","2"
"elasticsearch","dc6ed7b8d4208e49e2fc34e43e8c26a74f249e87","core/src/main/java/org/elasticsearch/search/aggregations/bucket/filter/FilterAggregationBuilder.java","3","0","2","3","63","107","2"
"elasticsearch","e6aaaf11ed4a1b8f595f920de1840938eddb7a97","core/src/main/java/org/elasticsearch/search/aggregations/bucket/filter/FilterAggregationBuilder.java","3","0","2","3","63","107","2"
"elasticsearch","a60b8948ba1d836a6eac7cff095519e618939ed8","core/src/main/java/org/elasticsearch/search/aggregations/bucket/filter/FilterAggregationBuilder.java","3","0","2","3","63","107","0"
"elasticsearch","726f5dccc06bf1813790b6cc39207a5e30db43a0","core/src/main/java/org/elasticsearch/search/aggregations/bucket/filter/FilterAggregationBuilder.java","3","0","2","3","64","109","0"
"hazelcast","e641541f77808713a214b6d1b4ef4d58497824f1","hazelcast/src/main/java/com/hazelcast/map/impl/mapstore/writebehind/WriteBehindManager.java","3","0","2","3","67","112","0"
"hazelcast","faf444fa73602fe57c70e8acc074685b01a4cdcb","hazelcast/src/main/java/com/hazelcast/map/impl/mapstore/writebehind/WriteBehindManager.java","3","0","2","3","67","112","0"
"hazelcast","5b6a9b5083aeeaece4e2dbc851d173fe69bca2a8","hazelcast/src/main/java/com/hazelcast/map/impl/mapstore/writebehind/WriteBehindManager.java","3","0","2","3","67","112","1"
"neo4j","e6f84e88fecffdd2dd28e4ee978d77df94914908","community/lucene-index/src/main/java/org/neo4j/kernel/api/impl/labelscan/LuceneLabelScanIndex.java","3","0","2","3","69","114","1"
"hazelcast","63119743b5e19ef81e95cd509fbb3333a8b85424","hazelcast/src/main/java/com/hazelcast/map/mapstore/writebehind/WriteBehindManager.java","3","0","2","3","72","96","1"
"hazelcast","305ecd0cab00c33d16d84c0f7b2e830a77412712","hazelcast/src/main/java/com/hazelcast/map/impl/mapstore/writebehind/WriteBehindManager.java","3","0","2","3","74","99","1"
"hazelcast","43402d9f22b18ea6fed39e1c919e0d65b779266c","hazelcast/src/main/java/com/hazelcast/map/impl/mapstore/writebehind/WriteBehindManager.java","3","0","2","3","76","101","2"
"hazelcast","913731dce991dec4e616341ed91d6642cf6b5da2","hazelcast/src/main/java/com/hazelcast/map/impl/mapstore/writebehind/WriteBehindManager.java","3","0","2","3","76","101","2"
"hazelcast","8e20fd580ec4e7de4938dc403d1a547e0b9a4001","hazelcast/src/main/java/com/hazelcast/map/impl/mapstore/writebehind/WriteBehindManager.java","3","0","2","3","76","101","0"
"hazelcast","eaf092a780c766ec8f4b38a77402ed73b4333ab8","hazelcast/src/main/java/com/hazelcast/map/impl/mapstore/writebehind/WriteBehindManager.java","3","0","2","3","84","121","0"
"neo4j","18d770da01ef94362a856a706ef8a09e7113f8ae","community/cypher/cypher/src/test/java/org/neo4j/cypher/internal/javacompat/ExecutionResultTest.java","3","0","2","3","85","128","1"
"hazelcast","287ce2a807b5697e12a97529d63fa3387e06aace","hazelcast/src/main/java/com/hazelcast/map/impl/mapstore/writebehind/WriteBehindManager.java","3","0","2","3","85","139","1"
"hazelcast","485f426abc042144ebf9fd213e724556ad967191","hazelcast/src/main/java/com/hazelcast/map/impl/mapstore/writebehind/WriteBehindManager.java","3","0","2","3","87","140","1"
"hazelcast","51bdf8a403e085bb80d7dfad88cfd3a816bfaec8","hazelcast/src/main/java/com/hazelcast/map/impl/mapstore/writebehind/WriteBehindManager.java","3","0","2","3","87","140","1"
"hazelcast","8d373b62327a5c012a5b8f2bad456311df03bf61","hazelcast/src/main/java/com/hazelcast/map/impl/mapstore/writebehind/WriteBehindManager.java","3","0","2","3","87","140","1"
"hazelcast","bdca7fb96516b5d45d3528e94c156da044c0875b","hazelcast/src/main/java/com/hazelcast/map/impl/mapstore/writebehind/WriteBehindManager.java","3","0","2","3","87","140","2"
"hazelcast","535f42ff19d5885605a9de3593bfdf3dc494ceb8","hazelcast/src/main/java/com/hazelcast/map/impl/mapstore/writebehind/WriteBehindManager.java","3","0","2","3","87","140","0"
"orientdb","2767a54ee6308493e6a69b4b2951d8d2252bfd6b","core/src/main/java/com/orientechnologies/orient/core/index/hashindex/local/OHashTable.java","3","0","2","31","95","160","0"
"orientdb","6d8d349e2271a156b13b4ad5fb39bcacceda0310","core/src/main/java/com/orientechnologies/orient/core/index/hashindex/local/OHashTable.java","3","0","2","32","94","161","1"
"orientdb","b483b7c3b51b4309cac3aea1fc014ac932f889ee","core/src/main/java/com/orientechnologies/orient/core/index/hashindex/local/OHashTable.java","3","0","2","33","95","163","0"
"orientdb","694179bbd708b0a0ab131849e7132dbf55ba1a0b","core/src/main/java/com/orientechnologies/orient/core/index/OIndexDictionary.java","3","0","2","4","41","83","1"
"elasticsearch","30ab8739a6e11ea7d5f25a62e290932d5f2d740f","core/src/main/java/org/elasticsearch/common/io/stream/ReleasableBytesStreamOutput.java","3","0","2","4","41","86","0"
"elasticsearch","13a347239a48d71486692a72c066e940dec8921b","core/src/main/java/org/elasticsearch/index/store/IndexStoreModule.java","3","0","2","4","44","80","2"
"orientdb","693119e3f1dab4ea8b67a35575ba1f7d1c0a970b","core/src/main/java/com/orientechnologies/orient/core/index/OIndexDictionary.java","3","0","2","4","46","88","0"
"orientdb","bbbb777e4073e4214e47e2134379d96dcb54486a","core/src/main/java/com/orientechnologies/orient/core/index/OIndexDictionary.java","3","0","2","4","47","90","1"
"orientdb","e9506470481ca6be46db5a1c37e2c7b02fc613d7","core/src/main/java/com/orientechnologies/orient/core/index/OIndexDictionary.java","3","0","2","4","47","90","1"
"orientdb","4e1de17697f2030cee8bb58b16556727f48827ed","core/src/main/java/com/orientechnologies/orient/core/index/OIndexDictionary.java","3","0","2","4","47","90","0"
"elasticsearch","78574d248cf10dad1c5a566fda79e1e0c94afe43","core/src/main/java/org/elasticsearch/action/admin/cluster/snapshots/restore/RestoreSnapshotResponse.java","3","0","2","4","48","87","1"
"elasticsearch","e6aaaf11ed4a1b8f595f920de1840938eddb7a97","core/src/main/java/org/elasticsearch/action/admin/cluster/snapshots/restore/RestoreSnapshotResponse.java","3","0","2","4","48","87","1"
"elasticsearch","a60b8948ba1d836a6eac7cff095519e618939ed8","core/src/main/java/org/elasticsearch/action/admin/cluster/snapshots/restore/RestoreSnapshotResponse.java","3","0","2","4","48","87","0"
"hazelcast","70d4de16ff0ac4518d09aad8c9f2ad9e782fb337","hazelcast/src/main/java/com/hazelcast/map/impl/EntryViews.java","3","0","2","4","65","103","1"
"neo4j","92bba5bb2a9a8b202034eb901d3701068fe40ac5","community/cypher/cypher/src/test/java/org/neo4j/cypher/internal/javacompat/ExecutionResultTest.java","3","0","2","5","104","157","0"
"elasticsearch","a99ccb6112eb1f1b988e681e38349b27292f58c7","core/src/test/java/org/elasticsearch/common/io/FileSystemUtilsTests.java","3","0","2","5","119","177","1"
"netty","9ac430f16fec1d3b0d0e433b953c0197d70dff10","codec-http2/src/test/java/io/netty/handler/codec/http2/UniformStreamByteDistributorTest.java","3","0","2","5","198","270","1"
"hazelcast","21c679e8a1c8226ecb3d7597b48a6bbd2d011a52","hazelcast-wm/src/main/java/com/hazelcast/web/InvalidateSessionAttributesEntryProcessor.java","3","0","2","5","36","68","1"
"hazelcast","5aa58b497cf248596c24b6e8ce3e05c35a87d498","hazelcast-wm/src/main/java/com/hazelcast/web/InvalidateSessionAttributesEntryProcessor.java","3","0","2","5","36","68","1"
"hazelcast","a36ac6ede30616fc2b702bdd7d0d164df0888372","hazelcast-wm/src/main/java/com/hazelcast/web/InvalidateSessionAttributesEntryProcessor.java","3","0","2","5","36","68","0"
"elasticsearch","8f2882a442fb6deaab5b645dfc80577193dfb81f","core/src/main/java/org/elasticsearch/action/delete/DeleteResponse.java","3","0","2","5","38","77","0"
"elasticsearch","8f2882a442fb6deaab5b645dfc80577193dfb81f","core/src/main/java/org/elasticsearch/action/index/IndexResponse.java","3","0","2","5","40","79","0"
"hazelcast","05f9e6021e6859216b8c564cec3c51f83a0f7ebb","hazelcast/src/main/java/com/hazelcast/monitor/impl/LocalMapStatsImpl.java","3","0","2","50","331","424","1"
"orientdb","67a525ee2667907cb7ad9b16a4421e07dc8600b2","jdbc/src/main/java/com/orientechnologies/orient/jdbc/OrientJdbcConnection.java","3","0","2","56","218","329","2"
"orientdb","59ff9e59e206fdb92afde6cab8713e98a723877a","jdbc/src/main/java/com/orientechnologies/orient/jdbc/OrientJdbcConnection.java","3","0","2","56","219","329","0"
"orientdb","1a8d4d6d1b489ef24d1343a420d687ef4934f214","core/src/main/java/com/orientechnologies/orient/core/db/ODatabaseWrapperAbstract.java","3","0","2","57","241","357","1"
"netty","3482651e0c29edfa02f189751c704ebe4fe8f54c","codec-http2/src/test/java/io/netty/handler/codec/http2/UniformStreamByteDistributorTest.java","3","0","2","6","209","283","0"
"netty","80cff236e461191d2fd9acf850be728c0415c9e4","codec-http2/src/test/java/io/netty/handler/codec/http2/UniformStreamByteDistributorTest.java","3","0","2","6","209","283","0"
"netty","6e5b25733f49d2ea843a89b4d547b856142212ec","codec-http2/src/test/java/io/netty/handler/codec/http2/UniformStreamByteDistributorTest.java","3","0","2","6","209","283","1"
"BroadleafCommerce","9391972b70e1796e934f55c53390adf0e0447d33","core/broadleaf-framework/src/main/java/org/broadleafcommerce/core/search/service/solr/SolrContext.java","3","0","2","6","33","87","2"
"elasticsearch","467a459f95d8709379bf3e7f415644b246a89dba","core/src/main/java/org/elasticsearch/index/query/TemplateQueryParser.java","3","0","2","6","67","117","1"
"elasticsearch","821021f0e478ca44d828e62c139ea19f0fd7290a","core/src/main/java/org/elasticsearch/index/query/TemplateQueryParser.java","3","0","2","6","68","118","0"
"orientdb","3202b149fe7742caf8ca7e248e6117e0b0ed1dab","core/src/test/java/com/orientechnologies/orient/core/metadata/schema/AlterSuperclassTest.java","3","0","2","6","83","109","1"
"hazelcast","437aeba769462640e8cc2ce15a2f2b022e3a2db8","hazelcast-client/src/main/java/com/hazelcast/client/spi/impl/listener/ClientListenerServiceImpl.java","3","0","2","7","106","150","0"
"hazelcast","73673199472b3fb25cf6c72de378a1d2bab18605","hazelcast-client/src/main/java/com/hazelcast/client/spi/impl/listener/ClientListenerServiceImpl.java","3","0","2","7","109","154","1"
"hazelcast","73a975ff9864e6f990f3c6e1aa9667c37eaa9ab7","hazelcast-client/src/main/java/com/hazelcast/client/spi/impl/listener/ClientListenerServiceImpl.java","3","0","2","7","109","154","1"
"hazelcast","82683a8423a0a3209f3dd70ca23835ee63f0d0b8","hazelcast-client/src/main/java/com/hazelcast/client/spi/impl/listener/ClientListenerServiceImpl.java","3","0","2","7","109","154","0"
"hazelcast","86b064ba3f1e467e74e95d6da24b03122065ce36","hazelcast-client/src/main/java/com/hazelcast/client/spi/impl/listener/ClientListenerServiceImpl.java","3","0","2","7","111","156","2"
"hazelcast","93fd800d6c6f6781ef95536bba7e2b200fe9678d","hazelcast-client/src/main/java/com/hazelcast/client/spi/impl/listener/ClientListenerServiceImpl.java","3","0","2","7","112","157","2"
"hazelcast","ed8f68e411295c745e130d25aa9cd591c788911a","hazelcast-client/src/main/java/com/hazelcast/client/spi/impl/listener/ClientListenerServiceImpl.java","3","0","2","7","116","161","3"
"hazelcast","16ca2d3050aace997c6168683b5975b93ee67708","hazelcast-client/src/main/java/com/hazelcast/client/spi/impl/listener/ClientListenerServiceImpl.java","3","0","2","7","117","162","1"
"neo4j","653b75d2a834f7faad0eabdee0fb05b3fa2d3650","community/kernel/src/test/java/org/neo4j/kernel/impl/storageengine/impl/recordstorage/RecordStorageEngineRule.java","3","0","2","7","123","169","0"
"netty","94c0ef3c96189b3fb02ee68a4e229d1e3ba6e2df","transport/src/test/java/io/netty/channel/pool/SimpleChannelPoolTest.java","3","0","2","7","224","305","0"
"netty","66c83f7b74b3ea28baa4a0702d621aba8331993a","transport/src/test/java/io/netty/channel/pool/SimpleChannelPoolTest.java","3","0","2","7","228","308","1"
"elasticsearch","ba63d57e825398bba5d17b18df2b40176833ee07","core/src/test/java/org/elasticsearch/cluster/routing/allocation/decider/MockDiskUsagesTests.java","3","0","2","8","143","203","1"
"neo4j","c7f639a505e07a63948b50208d53357d2a62d096","community/kernel/src/test/java/org/neo4j/kernel/impl/storageengine/impl/recordstorage/RecordStorageEngineRule.java","3","0","2","8","177","231","0"
"hazelcast","229bcce2f7bc271971bb7330634656e2cbaf8e42","hazelcast/src/main/java/com/hazelcast/util/executor/HazelcastManagedThread.java","3","0","2","8","47","100","1"
"hazelcast","86b064ba3f1e467e74e95d6da24b03122065ce36","hazelcast/src/main/java/com/hazelcast/util/executor/HazelcastManagedThread.java","3","0","2","8","47","100","2"
"hazelcast","9948976cea0dd05d47e24f303a0b309b4155d329","hazelcast/src/main/java/com/hazelcast/util/executor/HazelcastManagedThread.java","3","0","2","8","47","100","2"
"hazelcast","a12f52fea3c9f9d384c9c47231a6834e478ab241","hazelcast/src/main/java/com/hazelcast/util/executor/HazelcastManagedThread.java","3","0","2","8","47","100","1"
"hazelcast","cd135ce7ae60449a710c49e5d3c2e3d4c98e4cff","hazelcast/src/main/java/com/hazelcast/util/executor/HazelcastManagedThread.java","3","0","2","8","47","100","0"
"neo4j","9a371bafe80ceb4e6cdc8502fbd22f9f8ec3d59d","enterprise/core-edge/src/main/java/org/neo4j/coreedge/raft/state/term/TermState.java","3","0","2","8","65","110","1"
"hazelcast","82f1a5c6da6b8a3f431fe81b18e4866c0c5e2c9f","hazelcast/src/main/java/com/hazelcast/collection/impl/txnqueue/operations/TxnReserveOfferOperation.java","3","0","2","8","67","120","0"
"elasticsearch","1ac728d22bf6375a78daa171095e918a54932f7c","core/src/main/java/org/elasticsearch/search/aggregations/pipeline/movavg/models/EwmaModel.java","3","0","2","8","73","133","2"
"elasticsearch","ae742c4a038b5a1f7cbfdf1697845cd8ea4d71ac","core/src/main/java/org/elasticsearch/search/aggregations/pipeline/movavg/models/EwmaModel.java","3","0","2","8","74","134","1"
"elasticsearch","2ebb44d56f2c61cb14afca1caea21a0ecd4130fb","core/src/main/java/org/elasticsearch/search/aggregations/pipeline/movavg/models/EwmaModel.java","3","0","2","8","81","144","0"
"elasticsearch","3f06d9f3b8516bb30a2890a36c2973f08f9c6076","modules/lang-painless/src/test/java/org/elasticsearch/painless/RemainderTests.java","3","0","2","9","101","142","0"
"elasticsearch","0a69f1e283e26e5d9e6a000b68b9f4778de557a1","plugins/analysis-kuromoji/src/test/java/org/elasticsearch/index/analysis/KuromojiAnalysisTests.java","3","0","2","9","186","263","2"
"elasticsearch","5a64f08f048461a63a0ca1354a5050c954e63d52","plugins/analysis-kuromoji/src/test/java/org/elasticsearch/index/analysis/KuromojiAnalysisTests.java","3","0","2","9","189","265","0"
"elasticsearch","330911389a77957a61cabb890140f86781d45c93","src/test/java/org/elasticsearch/index/analysis/KuromojiAnalysisTests.java","3","0","2","9","189","269","0"
"BroadleafCommerce","efcf031a0fe992dc0e82359a751f9d62ad465264","common/src/main/java/org/broadleafcommerce/common/resource/GeneratedResource.java","3","0","2","9","60","111","0"
"BroadleafCommerce","7da760ada0cf3c3164075c970c90d47e36b4bef4","common/src/main/java/org/broadleafcommerce/common/resource/GeneratedResource.java","3","0","2","9","60","114","0"
"elasticsearch","e3480a1c0ad9a9d6236af90e34fb60e553a8df46","src/main/java/org/elasticsearch/search/facet/filter/InternalFilterFacet.java","3","0","2","9","81","124","0"
"elasticsearch","f16451a4464fe7d0a32d41693fc8c3f517610417","src/main/java/org/elasticsearch/indices/recovery/StartRecoveryRequest.java","3","0","2","9","81","134","1"
"BroadleafCommerce","11b9bbc3f26a276b1394b183501971f50b0bc40a","admin/broadleaf-open-admin-platform/src/main/java/org/broadleafcommerce/openadmin/web/form/component/ListGridAction.java","3","0","21","10","134","294","1"
"BroadleafCommerce","27d1d3f1bb71de25bcdce0eeb55b4a44b5b2dade","core/broadleaf-framework/src/main/java/org/broadleafcommerce/core/store/domain/StoreImpl.java","3","0","22","12","218","420","1"
"neo4j","2e27f92cd55a1b84efcb0d4b6bc95b16450304a2","enterprise/security/src/test/java/org/neo4j/server/security/enterprise/auth/AuthProceduresTestLogic.java","3","0","22","62","807","1016","1"
"neo4j","1f22cd0deabcf1e618e4053524cdbfea4940c059","enterprise/security/src/test/java/org/neo4j/server/security/enterprise/auth/AuthProceduresTestLogic.java","3","0","22","68","856","1071","0"
"elasticsearch","baa2d51e599bdb901e472d15cc0251e6712c1d25","core/src/main/java/org/elasticsearch/index/engine/EngineConfig.java","3","0","23","0","137","307","0"
"BroadleafCommerce","3ff8d6172e8a8daa788bca466a0ef09851d994cf","admin/broadleaf-open-admin-platform/src/main/java/org/broadleafcommerce/openadmin/web/form/component/ListGridAction.java","3","0","23","11","146","318","0"
"hazelcast","2921cff694583b8638dae2991f427e61d5440a9d","hazelcast/src/main/java/com/hazelcast/config/MapStoreConfig.java","3","0","23","5","138","330","0"
"hazelcast","1f042b8c4a4245594691bb6d85a66ceed9b43068","hazelcast/src/main/java/com/hazelcast/config/MapStoreConfig.java","3","0","23","5","138","332","1"
"elasticsearch","f3cddef61e735be96aa0623f457641473c90504f","core/src/main/java/org/elasticsearch/index/engine/EngineConfig.java","3","0","24","0","143","315","1"
"neo4j","61cf94c66e7a8c7053bb8cc8c336751a651c6307","enterprise/security/src/test/java/org/neo4j/server/security/enterprise/auth/AuthProceduresTestLogic.java","3","0","24","75","935","1166","1"
"neo4j","c1f7605eb05731fe0b706c50dd830e2421d84166","enterprise/security/src/test/java/org/neo4j/server/security/enterprise/auth/AuthProceduresTestLogic.java","3","0","24","77","974","1212","0"
"elasticsearch","d6d0c13bd63f28347ebdb0f9364e44921c248b8b","core/src/main/java/org/elasticsearch/index/engine/EngineConfig.java","3","0","25","0","150","333","1"
"elasticsearch","8e151862935d38403c3c7ca4705468830a2bf6be","core/src/main/java/org/elasticsearch/index/engine/EngineConfig.java","3","0","25","0","151","335","0"
"hazelcast","d92a47df773c9714e1811c860fb16abc7d5e550b","hazelcast/src/main/java/com/hazelcast/hotrestart/BackupTaskState.java","3","0","3","0","14","44","0"
"hazelcast","0bed57cfc09dd7f6843404be49b079a861f83ccf","hazelcast/src/main/java/com/hazelcast/util/RandomPicker.java","3","0","3","0","21","69","0"
"hazelcast","294bdc0dcc65cd2539fd87876a307e50397a37a6","hazelcast/src/main/java/com/hazelcast/util/RandomPicker.java","3","0","3","0","21","69","0"
"hazelcast","3c268f4e2408296c187a2abe68e2b460a53f2b6e","hazelcast/src/main/java/com/hazelcast/util/RandomPicker.java","3","0","3","0","21","69","2"
"netty","02dc9ea8c16fbed57aa5e03799a5120f36e78723","common/src/main/java/io/netty/util/internal/QueueFactory.java","3","0","3","0","22","63","1"
"oryx","8de37c9b69a6688bc4af8f1d3601161a942aff58","framework/oryx-common/src/main/java/com/cloudera/oryx/common/lang/JVMUtils.java","3","0","3","0","23","60","0"
"hazelcast","eceed1624d45c027c7067fe5d98bdd24be221fe0","hazelcast/src/main/java/com/hazelcast/internal/util/ThreadLocalRandomProvider.java","3","0","3","0","25","61","1"
"hazelcast","87228bce2d96b7739e0c72f5f683b905192af817","hazelcast/src/main/java/com/hazelcast/internal/util/ThreadLocalRandomProvider.java","3","0","3","0","27","64","0"
"elasticsearch","7ab0e2c5321c802068d85c0fa3a0f44e0b02c5a4","core/src/main/java/org/elasticsearch/index/query/QueryFilterBuilder.java","3","0","3","0","30","71","1"
"oryx","cd8d4fed685a312cde10a2f090221aa23867e2c9","framework/oryx-common/src/main/java/com/cloudera/oryx/common/lang/JVMUtils.java","3","0","3","0","33","69","0"
"elasticsearch","12d9268db256b728e8d334801739fb46167902b6","src/main/java/org/elasticsearch/common/util/IntArrays.java","3","0","3","0","35","67","0"
"netty","e074df2ae6501d99921543369198c53e4d99ed1b","resolver-dns/src/main/java/io/netty/resolver/dns/MultiDnsServerAddressStreamProvider.java","3","0","3","1","23","57","0"
"hazelcast","21de2ef614b9a92baec6c4f16f26123a59391cdc","hazelcast/src/main/java/com/hazelcast/map/impl/operation/MapOperationProviders.java","3","0","3","1","24","67","0"
"neo4j","f0b03e0d48342f7b76608313e94292a530d373e0","community/kernel/src/main/java/org/neo4j/kernel/api/txtracking/TransactionIdTracker.java","3","0","3","1","36","98","1"
"elasticsearch","78574d248cf10dad1c5a566fda79e1e0c94afe43","core/src/main/java/org/elasticsearch/action/support/ToXContentToBytes.java","3","0","3","1","41","83","1"
"elasticsearch","e6aaaf11ed4a1b8f595f920de1840938eddb7a97","core/src/main/java/org/elasticsearch/action/support/ToXContentToBytes.java","3","0","3","1","41","83","1"
"elasticsearch","a60b8948ba1d836a6eac7cff095519e618939ed8","core/src/main/java/org/elasticsearch/action/support/ToXContentToBytes.java","3","0","3","1","41","83","0"
"elasticsearch","f2eae5b6057d562f47768eebade3adcc93326f6a","modules/elasticsearch/src/main/java/org/apache/lucene/store/bytebuffer/ByteBufferFile.java","3","0","3","1","43","82","0"
"netty","6ab9c177acdd87c7fd0a10f128e3ea21402bc05e","codec-http2/src/main/java/io/netty/handler/codec/http2/CleartextHttp2ServerUpgradeHandler.java","3","0","3","1","57","109","1"
"netty","8320a45c156f87afcdb545218f49d561b42843f9","codec-http2/src/main/java/io/netty/handler/codec/http2/CleartextHttp2ServerUpgradeHandler.java","3","0","3","1","58","112","0"
"hazelcast","894288929b44cfe6a5706ed80691c9c37aaa5cd5","hazelcast/src/test/java/com/hazelcast/ringbuffer/impl/RingbufferContainerTest.java","3","0","3","10","176","241","1"
"hazelcast","4ee69f889b28896ef4174dd1ba5a30f9bac90e6f","hazelcast/src/test/java/com/hazelcast/ringbuffer/impl/RingbufferContainerTest.java","3","0","3","10","177","243","0"
"hazelcast","cdb8b0e0e259c0992856d553f2aa04499043c84d","hazelcast/src/test/java/com/hazelcast/transaction/impl/TransactionImpl_TwoPhaseIntegrationTest.java","3","0","3","11","273","333","0"
"hazelcast","810540661cf0b9662e3e1bc9b5dabc53a3c052f1","hazelcast/src/test/java/com/hazelcast/transaction/impl/TransactionImpl_TwoPhaseIntegrationTest.java","3","0","3","11","274","334","1"
"netty","63a02fc04e6ce45aee38b0437ae0279880e5fe40","codec-dns/src/main/java/io/netty/handler/codec/dns/DefaultDnsRawRecord.java","3","0","3","11","82","144","0"
"hazelcast","d07bad0d4f02db1131fe9ba86f9f821e7af631ae","hazelcast/src/main/java/com/hazelcast/internal/dynamicconfig/DynamicSecurityConfig.java","3","0","3","17","98","152","0"
"netty","ae9963a40cbf7714f3f30e0093ff41f2f200b6e8","codec-dns/src/main/java/io/netty/handler/codec/dns/DnsQuestion.java","3","0","3","2","23","71","0"
"netty","8271c8afccf7eb21bf6f994b5f3565f6d55bdee4","codec-dns/src/main/java/io/netty/handler/codec/dns/DnsQuestion.java","3","0","3","2","24","73","0"
"elasticsearch","5828796848674b656807406947f050626035845a","core/src/main/java/org/elasticsearch/common/lucene/index/ElasticsearchLeafReader.java","3","0","3","2","27","70","0"
"junit","c07965ab1b232b04a13ea84fdbcdd8be04ea0182","src/main/java/org/junit/internal/ArrayComparisonFailure.java","3","0","3","2","37","68","1"
"netty","31b319a5dc531d8c02c400d312ab9e85e90e614b","src/main/java/org/jboss/netty/channel/socket/nio/NioDatagramChannelFactory.java","3","0","3","2","40","136","1"
"netty","56462ef91a6481c2926dbebadebc114c08a81a8b","src/main/java/org/jboss/netty/channel/socket/nio/NioDatagramChannelFactory.java","3","0","3","2","40","136","1"
"netty","220d95fe0d396821f08329fffd96edc1b47c37c1","src/main/java/org/jboss/netty/channel/socket/nio/NioDatagramChannelFactory.java","3","0","3","2","40","136","0"
"elasticsearch","046abdc281c321cd2128ee7684c0edfcaca07203","core/src/test/java/org/elasticsearch/common/rounding/RoundingTests.java","3","0","3","2","67","104","3"
"elasticsearch","db541d6fbe3daecec91bb7701aacfcd284662c2a","core/src/test/java/org/elasticsearch/common/rounding/RoundingTests.java","3","0","3","2","72","110","1"
"hazelcast","565257f977407eb3a0199d082860209c2958f5f9","hazelcast/src/main/java/com/hazelcast/util/collection/IntIterator.java","3","0","3","3","35","77","1"
"hazelcast","564167c1f93b32ce742411106e9ae67eae88a801","hazelcast/src/main/java/com/hazelcast/util/collection/LongIterator.java","3","0","3","3","37","81","0"
"elasticsearch","366ddfc89a9265e05d23291b02a829f4da1fcbdd","src/main/java/org/elasticsearch/common/lucene/search/function/RandomScoreFunction.java","3","0","3","3","42","82","0"
"elasticsearch","3add12a9708a12d3e55c923cf7468296ed6147cc","src/main/java/org/elasticsearch/common/lucene/search/function/RandomScoreFunction.java","3","0","3","3","42","82","0"
"elasticsearch","e43f3a941b8ae78e6ab4f66d1da17a976d36b666","src/main/java/org/elasticsearch/common/lucene/search/function/RandomScoreFunction.java","3","0","3","3","42","82","1"
"elasticsearch","371c73e14023917f3892090d2d3d7ff9ac1216b9","core/src/main/java/org/elasticsearch/action/admin/cluster/snapshots/create/CreateSnapshotResponse.java","3","0","3","3","48","95","3"
"elasticsearch","78574d248cf10dad1c5a566fda79e1e0c94afe43","core/src/main/java/org/elasticsearch/action/admin/cluster/snapshots/create/CreateSnapshotResponse.java","3","0","3","3","48","95","2"
"elasticsearch","e6aaaf11ed4a1b8f595f920de1840938eddb7a97","core/src/main/java/org/elasticsearch/action/admin/cluster/snapshots/create/CreateSnapshotResponse.java","3","0","3","3","48","95","2"
"elasticsearch","a60b8948ba1d836a6eac7cff095519e618939ed8","core/src/main/java/org/elasticsearch/action/admin/cluster/snapshots/create/CreateSnapshotResponse.java","3","0","3","3","48","95","0"
"titan","854139c3e9bb3a63ed124e1403d1227aba7632e1","titan-core/src/main/java/com/thinkaurelius/titan/graphdb/transaction/StandardTransactionBuilder.java","3","0","3","38","398","510","0"
"titan","9d605dcb292894a5b4c7c9f8512426c1dae9d6d4","titan-core/src/main/java/com/thinkaurelius/titan/graphdb/transaction/StandardTransactionBuilder.java","3","0","3","38","403","514","1"
"elasticsearch","0a69f1e283e26e5d9e6a000b68b9f4778de557a1","core/src/test/java/org/elasticsearch/action/admin/indices/segments/IndicesSegmentsRequestTests.java","3","0","3","4","56","97","2"
"elasticsearch","01519745007b2d093cdf602783c27a26de82c69b","core/src/test/java/org/elasticsearch/action/admin/indices/segments/IndicesSegmentsRequestTests.java","3","0","3","4","63","105","0"
"elasticsearch","5a64f08f048461a63a0ca1354a5050c954e63d52","core/src/test/java/org/elasticsearch/action/admin/indices/segments/IndicesSegmentsRequestTests.java","3","0","3","4","63","105","0"
"elasticsearch","6dc03ecb10328353e682f5991537af46e80b1fe2","core/src/test/java/org/elasticsearch/action/admin/indices/segments/IndicesSegmentsRequestTests.java","3","0","3","4","63","105","2"
"elasticsearch","c8ca015c0bd28caf4fd84862679afc63a9e7d2ac","core/src/main/java/org/elasticsearch/search/aggregations/pipeline/bucketmetrics/stats/extended/ExtendedStatsBucketPipelineAggregationBuilder.java","3","0","3","4","70","116","0"
"hazelcast","da71d0f28d1ffc206d08657b85ec60e10bdc0e35","hazelcast/src/test/java/com/hazelcast/internal/config/ConfigValidatorTest.java","3","0","3","40","253","338","1"
"hazelcast","3c9ef00381594290d29566fe2dabeb179e1c5529","hazelcast/src/test/java/com/hazelcast/internal/config/ConfigValidatorTest.java","3","0","3","40","256","341","0"
"titan","736d71a8f5d93e0d3af1279a3edca9adcc4d0f94","titan-core/src/main/java/com/thinkaurelius/titan/graphdb/transaction/StandardTransactionBuilder.java","3","0","3","42","421","539","1"
"hazelcast","b753aeeb27f1b35ef0e8043027a09001e02abf62","hazelcast/src/test/java/com/hazelcast/internal/config/ConfigValidatorTest.java","3","0","3","45","277","367","1"
"hazelcast","a659332f75af63da1b89962057e75103c7684900","hazelcast/src/test/java/com/hazelcast/internal/config/ConfigValidatorTest.java","3","0","3","47","293","385","0"
"hazelcast","0ff1363160e0b5d17009abb0cd79bce091df7dd1","hazelcast-ra/hazelcast-jca/src/main/java/com/hazelcast/jca/HazelcastConnectionImpl.java","3","0","3","49","288","388","0"
"netty","20d818ccec9670bea362273be44e1a4c486bcdbe","codec-http/src/main/java/io/netty/handler/codec/http/DefaultHttpResponse.java","3","0","3","5","41","83","0"
"netty","f398f2f7b5bd40a78ca8ddf71cdbc5114c6b13a0","codec-http/src/main/java/io/netty/handler/codec/http/DefaultHttpResponse.java","3","0","3","5","53","97","1"
"orientdb","58a69086d40df6f8f824b069d343eda7852df1be","core/src/main/java/com/orientechnologies/orient/core/db/ODatabaseWrapperAbstract.java","3","0","3","57","246","356","0"
"elasticsearch","25fd9e26c4fb042d6f6dea14efcd239577bdbbc4","core/src/main/java/org/elasticsearch/action/get/MultiGetRequestBuilder.java","3","0","3","6","41","84","0"
"elasticsearch","a3cefd919e81fd7c2c171426b64aa3357bfa6db4","src/main/java/org/elasticsearch/action/get/MultiGetRequestBuilder.java","3","0","3","6","46","90","2"
"hazelcast","565257f977407eb3a0199d082860209c2958f5f9","hazelcast/src/main/java/com/hazelcast/replicatedmap/impl/messages/MultiReplicationMessage.java","3","0","3","6","55","90","1"
"elasticsearch","25fd9e26c4fb042d6f6dea14efcd239577bdbbc4","core/src/main/java/org/elasticsearch/action/admin/cluster/node/info/PluginsAndModules.java","3","0","3","6","58","100","0"
"hazelcast","565257f977407eb3a0199d082860209c2958f5f9","hazelcast/src/main/java/com/hazelcast/core/MemberAttributeEvent.java","3","0","3","6","59","105","1"
"hazelcast","5fe534734d912f88bed5098f3b36f3e2872c8319","hazelcast/src/main/java/com/hazelcast/core/MemberAttributeEvent.java","3","0","3","6","59","105","1"
"hazelcast","2b9bb4fc17af10b2e6c19753155c0c0aeff8ce05","hazelcast/src/main/java/com/hazelcast/core/MemberAttributeEvent.java","3","0","3","6","59","105","0"
"hazelcast","042ff891149165ab7ca37dc91df70aee977d5eac","hazelcast/src/main/java/com/hazelcast/core/MemberAttributeEvent.java","3","0","3","6","60","106","0"
"hazelcast","554bdd4b8f510cf0d0262cd489d950e9f3cc4b1c","hazelcast/src/main/java/com/hazelcast/core/MemberAttributeEvent.java","3","0","3","6","61","107","0"
"orientdb","a129123b5ea8581099d3c8f7e5a4bebaabc8de55","core/src/test/java/com/orientechnologies/orient/core/metadata/schema/AlterSuperclassTest.java","3","0","3","6","92","126","0"
"elasticsearch","78574d248cf10dad1c5a566fda79e1e0c94afe43","core/src/main/java/org/elasticsearch/action/get/MultiGetRequestBuilder.java","3","0","3","7","45","89","1"
"elasticsearch","e6aaaf11ed4a1b8f595f920de1840938eddb7a97","core/src/main/java/org/elasticsearch/action/get/MultiGetRequestBuilder.java","3","0","3","7","45","89","1"
"elasticsearch","a60b8948ba1d836a6eac7cff095519e618939ed8","core/src/main/java/org/elasticsearch/action/get/MultiGetRequestBuilder.java","3","0","3","7","45","89","0"
"elasticsearch","5706858722452b13465b15930e4f4cb2e8286449","src/main/java/org/elasticsearch/action/get/MultiGetRequestBuilder.java","3","0","3","7","50","95","0"
"elasticsearch","371c73e14023917f3892090d2d3d7ff9ac1216b9","core/src/main/java/org/elasticsearch/index/engine/CommitStats.java","3","0","3","8","85","130","3"
"elasticsearch","78574d248cf10dad1c5a566fda79e1e0c94afe43","core/src/main/java/org/elasticsearch/index/engine/CommitStats.java","3","0","3","8","85","130","2"
"elasticsearch","e6aaaf11ed4a1b8f595f920de1840938eddb7a97","core/src/main/java/org/elasticsearch/index/engine/CommitStats.java","3","0","3","8","85","130","2"
"elasticsearch","a60b8948ba1d836a6eac7cff095519e618939ed8","core/src/main/java/org/elasticsearch/index/engine/CommitStats.java","3","0","3","8","85","130","0"
"elasticsearch","ccf548295605bc1248453e6b45b095e72b97b44a","src/main/java/org/elasticsearch/index/query/support/BaseInnerHitBuilder.java","3","0","30","10","180","395","1"
"elasticsearch","3df3259a747c6db2d778bba78a485e584ecafbaa","src/main/java/org/elasticsearch/index/query/support/BaseInnerHitBuilder.java","3","0","31","10","184","403","0"
"elasticsearch","5341404f014fbfd0c0b67c61546df38625d9b4ad","core/src/main/java/org/elasticsearch/index/engine/EngineConfig.java","3","0","34","0","194","410","1"
"elasticsearch","2e445d3ede953c90e4e1ce69e5f53192115b9dd7","core/src/main/java/org/elasticsearch/index/shard/IndexSearcherWrapper.java","3","0","4","0","30","82","1"
"elasticsearch","371c73e14023917f3892090d2d3d7ff9ac1216b9","core/src/main/java/org/elasticsearch/search/aggregations/PipelineAggregatorBuilder.java","3","0","4","0","33","85","3"
"elasticsearch","78574d248cf10dad1c5a566fda79e1e0c94afe43","core/src/main/java/org/elasticsearch/search/aggregations/PipelineAggregatorBuilder.java","3","0","4","0","33","85","2"
"elasticsearch","e6aaaf11ed4a1b8f595f920de1840938eddb7a97","core/src/main/java/org/elasticsearch/search/aggregations/PipelineAggregatorBuilder.java","3","0","4","0","33","85","2"
"elasticsearch","a60b8948ba1d836a6eac7cff095519e618939ed8","core/src/main/java/org/elasticsearch/search/aggregations/PipelineAggregatorBuilder.java","3","0","4","0","33","85","0"
"elasticsearch","b6a83fd8b245b8ac40edb226e95fa68c5d61e01a","src/main/java/org/elasticsearch/index/query/ConstantScoreQueryBuilder.java","3","0","4","0","36","87","0"
"elasticsearch","7caed74d5d52ddaf9bc45f764a0f30369a2b56c7","core/src/test/java/org/elasticsearch/bootstrap/ESPolicyTests.java","3","0","4","0","49","98","0"
"elasticsearch","f3a925fdbec7b336e0501118880630a619625cad","core/src/main/java/org/elasticsearch/transport/TransportActionProxy.java","3","0","4","0","95","151","1"
"netty","afb46b926f9df6f1da91cbd011fa8f43d1566bb8","handler/src/main/java/io/netty/handler/ssl/SslHandshakeCompletionEvent.java","3","0","4","1","29","72","0"
"elasticsearch","2b777df21e71eca27d5e65859076a74743ba6919","modules/elasticsearch/src/main/java/org/elasticsearch/search/sort/FieldSortBuilder.java","3","0","4","1","30","77","0"
"antlr4","1cfb3755b2ed21d691c2c8b16cc23754701a5b2b","runtime/Java/src/org/antlr/v4/runtime/tree/AbstractParseTreeVisitor.java","3","0","4","1","39","164","1"
"antlr4","b3d3235614fe6e47d6a222bacacee543181e7551","runtime/Java/src/org/antlr/v4/runtime/tree/AbstractParseTreeVisitor.java","3","0","4","1","39","168","0"
"hazelcast","2deea892536edaf36b21b80c96c797e5a57b84ff","hazelcast/src/main/java/com/hazelcast/util/QuickMath.java","3","0","4","10","62","129","2"
"netty","bf08ed0b93e54e8e21f23e9d948fd2732dc52171","codec-http2/src/test/java/io/netty/handler/codec/http2/Http2MultiplexCodecTest.java","3","0","4","11","290","399","1"
"netty","7467106630ad6b2522f7953c244546b91b107efe","codec-http2/src/test/java/io/netty/handler/codec/http2/Http2MultiplexCodecTest.java","3","0","4","12","307","422","0"
"elasticsearch","06b1d956f80912aaad4d367398a21e7744e67410","core/src/main/java/org/elasticsearch/index/recovery/RecoveryStats.java","3","0","4","13","92","145","0"
"elasticsearch","3e10810a8e086942227b982906013a6ba4cc24a1","src/main/java/org/elasticsearch/action/admin/indices/mapping/get/GetFieldMappingsRequest.java","3","0","4","14","101","156","0"
"neo4j","6b4d2ef50f5bfcc15046d0045e1ccf73b88ac856","community/security/src/test/java/org/neo4j/commandline/admin/security/UsersCommandIT.java","3","0","4","17","166","306","1"
"BroadleafCommerce","dd9e7d0ba265bdd289192a1775e7b0087cf3983a","admin/broadleaf-open-admin-platform/src/main/java/org/broadleafcommerce/openadmin/web/form/entity/ComboField.java","3","0","4","2","25","70","0"
"elasticsearch","59d9f7e1579ca70973d14e94da0b8794e60f3b85","src/main/java/org/elasticsearch/index/snapshots/blobstore/SnapshotFiles.java","3","0","4","2","33","82","0"
"elasticsearch","380393a5b721e588eb87fabda42153132015987f","plugins/lang-python/src/test/java/org/elasticsearch/script/python/PythonSecurityTests.java","3","0","4","2","63","111","0"
"netty","e8b5f19b82eb116abb4e53a9fb1fa716e7623742","codec-socks/src/test/java/io/netty/handler/codec/socks/SocksCmdResponseTest.java","3","0","4","2","90","127","1"
"elasticsearch","4bdc89fca0ea84c18eaa5b23d28d81c3d3dd3af5","src/main/java/org/elasticsearch/search/aggregations/support/format/ValueParser.java","3","0","4","21","111","181","2"
"elasticsearch","b8be8e432e819de181ceee22e1c664faea3c5b1c","src/main/java/org/elasticsearch/search/aggregations/support/format/ValueParser.java","3","0","4","21","118","188","1"
"elasticsearch","8aff3b6273c7e2553d651e6901ebaf5ae07d7de4","src/main/java/org/elasticsearch/index/query/functionscore/random/RandomScoreFunctionBuilder.java","3","0","4","3","35","81","0"
"BroadleafCommerce","1e8b29ba6d27d72811406cce7db53ed3fa903475","core/broadleaf-framework-web/src/main/java/org/broadleafcommerce/core/web/expression/checkout/PaymentMethodVariableExpression.java","3","0","4","3","49","103","0"
"titan","21d712306d38cb33488304cd356b0c812323557d","titan-core/src/main/java/com/thinkaurelius/titan/diskstorage/keycolumnvalue/StandardStoreFeatures.java","3","0","4","40","263","326","0"
"titan","8ed7a34830b0a78e03142c2f4be6ea9d63b30fa8","titan-core/src/main/java/com/thinkaurelius/titan/diskstorage/keycolumnvalue/StandardStoreFeatures.java","3","0","4","42","277","342","0"
"netty","e6ca9882a107c34cf6358c8d7a68561025f06016","codec-http/src/main/java/io/netty/handler/codec/http/DefaultHttpResponse.java","3","0","4","5","44","96","1"
"netty","ba6ce5449ee852b782dde9a11933f6a09b123e22","codec-http/src/main/java/io/netty/handler/codec/http/DefaultHttpResponse.java","3","0","4","5","44","99","0"
"neo4j","a81cec2835334f193e2fc02122952a18975fdf6c","enterprise/causal-clustering/src/main/java/org/neo4j/causalclustering/core/consensus/log/segmented/InFlightMap.java","3","0","4","5","52","108","0"
"BroadleafCommerce","e2b158361fe61e2d1c05aee848c6137247b2f63e","common/src/main/java/org/broadleafcommerce/common/RequestDTOImpl.java","3","0","4","7","53","106","1"
"netty","77609cf6ed78325ef8c308d6fbc0d045596e46eb","common/src/main/java/io/netty/util/Signal.java","3","0","4","8","65","117","0"
"elasticsearch","25fd9e26c4fb042d6f6dea14efcd239577bdbbc4","client/client-benchmark-noop-api-plugin/src/main/java/org/elasticsearch/plugin/noop/action/search/NoopSearchRequestBuilder.java","3","0","45","5","229","497","0"
"elasticsearch","0ba5e9fb90080e30c5482f2b9f7e75ffa10f1f5e","core/src/main/java/org/elasticsearch/action/search/SearchRequestBuilder.java","3","0","47","4","230","508","1"
"elasticsearch","ba29818629861240a5971c31849ddf405a0a831d","core/src/main/java/org/elasticsearch/action/search/SearchRequestBuilder.java","3","0","47","4","231","509","1"
"elasticsearch","371c73e14023917f3892090d2d3d7ff9ac1216b9","core/src/main/java/org/elasticsearch/action/search/SearchRequestBuilder.java","3","0","48","3","230","509","3"
"elasticsearch","78574d248cf10dad1c5a566fda79e1e0c94afe43","core/src/main/java/org/elasticsearch/action/search/SearchRequestBuilder.java","3","0","48","3","230","509","2"
"elasticsearch","e6aaaf11ed4a1b8f595f920de1840938eddb7a97","core/src/main/java/org/elasticsearch/action/search/SearchRequestBuilder.java","3","0","48","3","230","509","2"
"elasticsearch","6c3beaa2ebe4921474addf07ce3aa02a3cb7f915","core/src/main/java/org/elasticsearch/action/search/SearchRequestBuilder.java","3","0","48","3","230","509","0"
"elasticsearch","a60b8948ba1d836a6eac7cff095519e618939ed8","core/src/main/java/org/elasticsearch/action/search/SearchRequestBuilder.java","3","0","48","3","230","509","0"
"elasticsearch","0cf1d16187fcf10e9d0e64402bb6d0ebba5d7b80","core/src/main/java/org/elasticsearch/action/search/SearchRequestBuilder.java","3","0","48","4","235","515","1"
"elasticsearch","2bd09c4625898d77aa6c015c6f82cf973ed18cb7","core/src/main/java/org/elasticsearch/action/search/SearchRequestBuilder.java","3","0","48","4","235","517","1"
"elasticsearch","25fd9e26c4fb042d6f6dea14efcd239577bdbbc4","core/src/main/java/org/elasticsearch/action/search/SearchRequestBuilder.java","3","0","48","4","236","521","0"
"netty","78586a99b6c23dc7f847838aaae6be70d6d7ca9b","transport/src/main/java/io/netty/channel/ChannelHandlerAdapter.java","3","0","5","0","31","90","0"
"elasticsearch","d6a756fbe2475db5ee00975a5a563077a4300ecf","core/src/main/java/org/elasticsearch/common/util/concurrent/AbstractRunnable.java","3","0","5","1","26","75","0"
"junit","561a736d4400c32a608a6ee97424c20ca70bf8ae","src/main/java/org/junit/rules/TestWatchman.java","3","0","5","1","35","101","0"
"hazelcast","2cfcc5e576b15ff0cec6baf0628089fe7f814729","hazelcast/src/main/java/com/hazelcast/map/impl/InterceptorRegistry.java","3","0","5","1","47","125","0"
"hazelcast","cb32444b6c11c96e4656a9a7e8b35e99418829f9","hazelcast/src/main/java/com/hazelcast/config/WanPublisherConfig.java","3","0","5","11","96","169","0"
"elasticsearch","20f0bebb8797ac427ed93e37e63b596f9ec8e387","core/src/main/java/org/elasticsearch/index/recovery/RecoveryStats.java","3","0","5","12","92","149","2"
"elasticsearch","5d6e84f206c85476d25e4b26e7998db2067e3bac","modules/elasticsearch/src/main/java/org/elasticsearch/search/facet/range/RangeFacet.java","3","0","5","13","66","132","1"
"elasticsearch","105d60ac9c28b1be4ab1e8d04a39c13cf9641c18","modules/elasticsearch/src/main/java/org/elasticsearch/search/facet/range/RangeFacet.java","3","0","5","13","67","137","0"
"elasticsearch","79939222e465543f128fd6b1d46c06eefee7c1ef","modules/elasticsearch/src/main/java/org/elasticsearch/search/facet/range/RangeFacet.java","3","0","5","19","88","164","0"
"BroadleafCommerce","e65e83a67aac3068ecccd421620fbeb9425c13e1","admin/broadleaf-open-admin-platform/src/main/java/org/broadleafcommerce/openadmin/web/controller/AdminTranslationController.java","3","0","5","2","111","225","2"
"elasticsearch","046abdc281c321cd2128ee7684c0edfcaca07203","core/src/test/java/org/elasticsearch/search/suggest/phrase/SmoothingModelTestCase.java","3","0","5","2","125","190","2"
"elasticsearch","e74d02138f02a66331b2611b5e70a908bb49cb97","core/src/test/java/org/elasticsearch/search/suggest/phrase/SmoothingModelTestCase.java","3","0","5","2","128","193","0"
"elasticsearch","78574d248cf10dad1c5a566fda79e1e0c94afe43","core/src/main/java/org/elasticsearch/action/admin/cluster/snapshots/status/SnapshotIndexStatus.java","3","0","5","2","58","110","1"
"elasticsearch","e6aaaf11ed4a1b8f595f920de1840938eddb7a97","core/src/main/java/org/elasticsearch/action/admin/cluster/snapshots/status/SnapshotIndexStatus.java","3","0","5","2","58","110","1"
"elasticsearch","a60b8948ba1d836a6eac7cff095519e618939ed8","core/src/main/java/org/elasticsearch/action/admin/cluster/snapshots/status/SnapshotIndexStatus.java","3","0","5","2","58","110","0"
"elasticsearch","78574d248cf10dad1c5a566fda79e1e0c94afe43","core/src/main/java/org/apache/lucene/spatial/geopoint/search/XGeoPointDistanceRangeQuery.java","3","0","5","2","69","125","1"
"elasticsearch","e6aaaf11ed4a1b8f595f920de1840938eddb7a97","core/src/main/java/org/apache/lucene/spatial/geopoint/search/XGeoPointDistanceRangeQuery.java","3","0","5","2","69","125","1"
"elasticsearch","a60b8948ba1d836a6eac7cff095519e618939ed8","core/src/main/java/org/apache/lucene/spatial/geopoint/search/XGeoPointDistanceRangeQuery.java","3","0","5","2","69","125","0"
"BroadleafCommerce","50738ae16e9e873912b5a85d4c928734cdd685f2","core/broadleaf-framework/src/main/java/org/broadleafcommerce/core/search/service/solr/SolrContext.java","3","0","5","3","33","100","2"
"elasticsearch","37452dbe23bf26d1687c0ca37d3949c8e5348501","test/framework/src/main/java/org/elasticsearch/cli/MockTerminal.java","3","0","5","4","49","88","1"
"elasticsearch","48548f6c3d92ad3668ba21567e37e52e6eec9d5a","test/framework/src/main/java/org/elasticsearch/cli/MockTerminal.java","3","0","5","4","53","100","0"
"elasticsearch","1f04182b8164ffb19f3805c48d67f0375262b317","core/src/main/java/org/elasticsearch/action/support/single/shard/SingleShardRequest.java","3","0","5","4","76","144","0"
"elasticsearch","cdb39cf5dc50e97f53c04fdaf269f718c0134fe7","core/src/main/java/org/elasticsearch/search/aggregations/support/format/ValueFormatter.java","3","0","5","42","192","300","0"
"elasticsearch","e1efd5f6baf8dec1c23c79b346b8a29f234a98bb","core/src/main/java/org/elasticsearch/action/support/single/shard/SingleShardRequest.java","3","0","5","5","76","144","0"
"elasticsearch","aea00a62f3825e388e07007d3c8686f93c2d3f8e","core/src/main/java/org/elasticsearch/action/support/replication/ReplicationRequest.java","3","0","5","9","104","177","2"
"elasticsearch","371c73e14023917f3892090d2d3d7ff9ac1216b9","core/src/main/java/org/elasticsearch/search/aggregations/AggregationBuilder.java","3","0","6","0","37","93","3"
"elasticsearch","78574d248cf10dad1c5a566fda79e1e0c94afe43","core/src/main/java/org/elasticsearch/search/aggregations/AggregationBuilder.java","3","0","6","0","37","93","2"
"elasticsearch","e6aaaf11ed4a1b8f595f920de1840938eddb7a97","core/src/main/java/org/elasticsearch/search/aggregations/AggregationBuilder.java","3","0","6","0","37","93","2"
"elasticsearch","a60b8948ba1d836a6eac7cff095519e618939ed8","core/src/main/java/org/elasticsearch/search/aggregations/AggregationBuilder.java","3","0","6","0","37","93","0"
"netty","a0c466a27673a02c86f364cc78a500050bd91383","handler/src/main/java/io/netty/handler/traffic/GlobalTrafficShapingHandler.java","3","0","6","0","38","136","1"
"junit","44cd8f80dbac11849a42a5d73fc9b5ddc75cd1b4","src/main/java/org/junit/experimental/results/ResultMatchers.java","3","0","6","0","44","80","1"
"junit","44cd8f80dbac11849a42a5d73fc9b5ddc75cd1b4","src/main/java/org/junit/rules/ErrorCollector.java","3","0","6","0","47","112","1"
"elasticsearch","046abdc281c321cd2128ee7684c0edfcaca07203","core/src/main/java/org/elasticsearch/search/aggregations/bucket/histogram/Histogram.java","3","0","6","0","52","116","3"
"netty","cb139043f321836746915e7ada2d507ca45ed734","codec-http/src/main/java/io/netty/handler/codec/http/HttpServerCodec.java","3","0","6","0","64","120","0"
"elasticsearch","130fdef367bd1f49e618d7dd1f2529d74d959940","src/main/java/org/elasticsearch/index/codec/postingsformat/PostingsFormatProvider.java","3","0","6","1","29","110","0"
"elasticsearch","c7d0c3ea1896445b19098d5e8b0058dc5c909d59","src/main/java/org/elasticsearch/index/codec/postingsformat/PostingsFormatProvider.java","3","0","6","1","29","112","2"
"elasticsearch","bef1c8511d3f99aa681c49396bf9c707f2e7d8a9","core/src/main/java/org/elasticsearch/common/util/concurrent/SuspendableRefContainer.java","3","0","6","1","44","118","0"
"elasticsearch","41d8fbe8f51abd499c9b497238bc5f2141b7926b","core/src/test/java/org/elasticsearch/test/transport/CapturingTransport.java","3","0","6","19","117","181","1"
"elasticsearch","78574d248cf10dad1c5a566fda79e1e0c94afe43","core/src/main/java/org/elasticsearch/action/support/nodes/BaseNodesResponse.java","3","0","6","2","61","135","1"
"elasticsearch","e6aaaf11ed4a1b8f595f920de1840938eddb7a97","core/src/main/java/org/elasticsearch/action/support/nodes/BaseNodesResponse.java","3","0","6","2","61","135","1"
"elasticsearch","a60b8948ba1d836a6eac7cff095519e618939ed8","core/src/main/java/org/elasticsearch/action/support/nodes/BaseNodesResponse.java","3","0","6","2","61","135","0"
"hazelcast","38e80b1996d8e72811825846a61a591529ab33cf","hazelcast/src/main/java/com/hazelcast/internal/nearcache/impl/invalidation/Invalidator.java","3","0","6","2","84","158","1"
"elasticsearch","164efaecbe42195f08ada58b5fde927ab21fc6e7","core/src/test/java/org/elasticsearch/test/transport/CapturingTransport.java","3","0","6","20","118","184","0"
"neo4j","7b890cea4f0be50e697d6ba272edb6b74b84e373","enterprise/security/src/test/java/org/neo4j/commandline/admin/security/RolesCommandIT.java","3","0","6","24","256","408","1"
"elasticsearch","9bf4afd88e68ed105b1a829879b2cec85ada7f6e","src/test/java/org/elasticsearch/common/rounding/TimeZoneRoundingTests.java","3","0","6","5","202","300","1"
"hazelcast","d568e4d926d925d57d4e79e34614390416749301","hazelcast/src/test/java/com/hazelcast/config/TopicConfigTest.java","3","0","7","0","57","106","0"
"hazelcast","348281e641ee3c1b3ab056a8a701e4953716854f","hazelcast/src/main/java/com/hazelcast/instance/GroupProperty.java","3","0","7","1","182","641","1"
"netty","2640832a38c105f2320efc8ab390b4985abbf90b","codec-http/src/main/java/io/netty/handler/codec/http/websocketx/TextWebSocketFrame.java","3","0","7","1","35","102","1"
"elasticsearch","41a2375c9e609395e21522ee79202645ed2a0af4","core/src/main/java/org/elasticsearch/action/support/replication/ReplicationRequest.java","3","0","7","11","115","194","1"
"netty","c987dd556e8a1286451eb498cb7592156f5b9b74","codec-http/src/main/java/io/netty/handler/codec/http/websocketx/TextWebSocketFrame.java","3","0","7","3","45","114","0"
"elasticsearch","2cf66c4115646f8398d979bf2af5d9c0b06aca03","src/main/java/org/elasticsearch/action/admin/cluster/snapshots/status/SnapshotsStatusRequest.java","3","0","7","3","58","130","1"
"elasticsearch","3d23a71fa7f3664209028e1ac377fe72609ac169","src/main/java/org/elasticsearch/action/admin/cluster/snapshots/status/SnapshotsStatusRequest.java","3","0","7","4","58","130","0"
"BroadleafCommerce","be82be502a3deed449b9965d9b5b57198599582d","core/broadleaf-framework/src/main/java/org/broadleafcommerce/core/catalog/domain/CategoryProductXrefImpl.java","3","0","7","4","75","149","1"
"elasticsearch","d8cd75544536a211fa5c66e190aa4313213f0308","src/main/java/org/elasticsearch/search/aggregations/InternalAggregation.java","3","0","7","5","85","172","1"
"elasticsearch","fdf2bb93716c2a6f2b0d0785df386ecd414994c4","src/main/java/org/elasticsearch/search/aggregations/InternalAggregation.java","3","0","7","7","94","183","0"
"hazelcast","1b19f48fd94c4d1d735c16799001e1937fed4d54","hazelcast/src/main/java/com/hazelcast/util/UuidUtil.java","3","0","8","0","51","139","0"
"hazelcast","5af8f51c8285f8357f555749944df9e9470f1745","hazelcast/src/main/java/com/hazelcast/instance/GroupProperty.java","3","0","8","1","190","654","0"
"neo4j","b75312862ad14e94a8960b60449bcabebdebd348","community/server/src/test/java/org/neo4j/server/rest/transactional/TransactionDocTest.java","3","0","8","1","200","350","1"
"netty","2640832a38c105f2320efc8ab390b4985abbf90b","codec-http/src/main/java/io/netty/handler/codec/http/websocketx/ContinuationWebSocketFrame.java","3","0","8","1","41","128","1"
"orientdb","4ff84b859e3d13248b65486721dda2a5fd268722","core/src/test/java/com/orientechnologies/orient/core/PostponedEngineStartTest.java","3","0","8","2","425","597","0"
"orientdb","cb2277a57d1cdf28dde1631fb9bec3a7eac0572c","core/src/test/java/com/orientechnologies/orient/core/PostponedEngineStartTest.java","3","0","8","2","428","602","1"
"elasticsearch","fc4e8fd93767c3a4da78d89c499a32c8143441e0","test/framework/src/main/java/org/elasticsearch/test/transport/CapturingTransport.java","3","0","8","20","138","221","1"
"elasticsearch","e7d352b489272a87b05019869857656de7fb82fc","core/src/main/java/org/elasticsearch/search/aggregations/BucketOrder.java","3","0","8","3","40","128","0"
"netty","c987dd556e8a1286451eb498cb7592156f5b9b74","codec-http/src/main/java/io/netty/handler/codec/http/websocketx/ContinuationWebSocketFrame.java","3","0","8","3","51","139","0"
"elasticsearch","1f04182b8164ffb19f3805c48d67f0375262b317","core/src/main/java/org/elasticsearch/action/admin/indices/settings/put/UpdateSettingsRequest.java","3","0","8","6","99","163","0"
"elasticsearch","e1efd5f6baf8dec1c23c79b346b8a29f234a98bb","core/src/main/java/org/elasticsearch/action/admin/indices/settings/put/UpdateSettingsRequest.java","3","0","8","7","99","163","0"
"hazelcast","2921cff694583b8638dae2991f427e61d5440a9d","hazelcast/src/main/java/com/hazelcast/internal/properties/HazelcastProperty.java","3","0","8","9","72","151","0"
"hazelcast","1f042b8c4a4245594691bb6d85a66ceed9b43068","hazelcast/src/main/java/com/hazelcast/instance/HazelcastProperty.java","3","0","8","9","74","155","1"
"neo4j","5f95e03723b8c2c50bf678dc176cbca4790b64ce","community/server/src/test/java/org/neo4j/server/rest/transactional/TransactionDocTest.java","3","0","9","1","217","380","0"
"netty","e2d4e222431014506d592af7d379824e21034970","common/src/main/java/io/netty/util/CharsetUtil.java","3","0","9","1","72","184","0"
"elasticsearch","889db1c824d8c573835e8cbadd0c6f3ba25f8fcd","src/test/java/org/elasticsearch/test/transport/MockTransportService.java","3","0","9","18","194","301","1"
"elasticsearch","01ca81e2a37c9cd38c6dc44ae567d427c059dbe0","src/test/java/org/elasticsearch/test/transport/MockTransportService.java","3","0","9","18","194","302","1"
"BroadleafCommerce","4b899b0b30679392365b1286b26fd502eee6594c","admin/broadleaf-open-admin-platform/src/main/java/org/broadleafcommerce/openadmin/dto/CriteriaTransferObject.java","3","0","9","3","53","137","1"
"elasticsearch","25fd9e26c4fb042d6f6dea14efcd239577bdbbc4","core/src/main/java/org/elasticsearch/action/admin/cluster/snapshots/status/SnapshotsStatusRequest.java","3","0","9","4","68","154","0"
"elasticsearch","b208a7dbaeeb269e6d1e121f46a29cb6b0f8004f","core/src/main/java/org/elasticsearch/action/DocWriteResponse.java","3","0","9","5","107","177","1"
"netty","a8b9e27c92682dd59135622df15005d6ab0b8c09","transport/src/main/java/io/netty/channel/socket/oio/AbstractOioWorker.java","30","0","0","0","158","227","0"
"elasticsearch","6f248669029c0509d20b37767ef64d9314ff603b","core/src/main/java/org/elasticsearch/env/ESFileStore.java","30","0","0","0","187","265","1"
"netty","220d95fe0d396821f08329fffd96edc1b47c37c1","src/main/java/org/jboss/netty/channel/socket/oio/OioServerSocketPipelineSink.java","30","0","0","0","193","248","0"
"netty","31b319a5dc531d8c02c400d312ab9e85e90e614b","src/main/java/org/jboss/netty/channel/socket/oio/OioServerSocketPipelineSink.java","30","0","0","0","197","252","1"
"hazelcast","c4ce1813884d2b6f7146b31557a8c7ad2a9dfc80","hazelcast-client/src/main/java/com/hazelcast/client/map/impl/nearcache/ClientHeapNearCache.java","30","0","0","0","213","267","0"
"netty","e28594952b7e9e0c7eeced17142484ceb0d5d84b","transport/src/main/java/io/netty/channel/ChannelOutboundBuffer.java","30","0","0","0","215","307","0"
"hazelcast","70141681c3ecee84bbc3e81986f4e329c220c12d","hazelcast-client/src/main/java/com/hazelcast/client/spi/impl/ClientInvocation.java","30","0","0","0","220","261","0"
"hazelcast","bb145ca7f5db144e21063646b1f2a610bbb05eb5","hazelcast-client/src/main/java/com/hazelcast/client/spi/impl/ClientInvocation.java","30","0","0","0","220","266","1"
"elasticsearch","aa8d1740e40eb29cf7bbca80e68a2b896b5df452","core/src/main/java/org/elasticsearch/bootstrap/Bootstrap.java","30","0","0","0","225","332","1"
"neo4j","069d4fa96fad00d182daeb9570e124ae87f68f5f","enterprise/security/src/main/java/org/neo4j/server/security/enterprise/auth/MultiRealmAuthManager.java","30","0","0","0","227","270","0"
"elasticsearch","07fe08f004269e37ca63da8c03dfb2de7b4a11e0","core/src/main/java/org/elasticsearch/bootstrap/Bootstrap.java","30","0","0","0","227","334","2"
"hazelcast","d070f1256c8c7fa823e6463487462826384ee1df","hazelcast/src/main/java/com/hazelcast/cache/impl/CacheEventHandler.java","30","0","0","0","259","334","0"
"hazelcast","2ef0bc6dac8cbdab1c6cd7cb17e5aaf9938b8e8b","hazelcast-client/src/main/java/com/hazelcast/client/spi/impl/ClientInvocationServiceSupport.java","30","0","0","0","260","324","1"
"netty","88df53ec1a53912c2e34892247c8218c2fa01838","buffer/src/main/java/io/netty/buffer/PooledUnsafeDirectByteBuf.java","30","0","0","0","261","322","0"
"hazelcast","1f042b8c4a4245594691bb6d85a66ceed9b43068","hazelcast/src/main/java/com/hazelcast/cache/impl/CacheEventHandler.java","30","0","0","0","263","338","1"
"hazelcast","485f426abc042144ebf9fd213e724556ad967191","hazelcast/src/main/java/com/hazelcast/cache/impl/CacheEventHandler.java","30","0","0","0","263","338","2"
"hazelcast","51bdf8a403e085bb80d7dfad88cfd3a816bfaec8","hazelcast/src/main/java/com/hazelcast/cache/impl/CacheEventHandler.java","30","0","0","0","263","338","2"
"hazelcast","8d373b62327a5c012a5b8f2bad456311df03bf61","hazelcast/src/main/java/com/hazelcast/cache/impl/CacheEventHandler.java","30","0","0","0","263","338","2"
"hazelcast","2921cff694583b8638dae2991f427e61d5440a9d","hazelcast/src/main/java/com/hazelcast/cache/impl/CacheEventHandler.java","30","0","0","0","263","338","0"
"hazelcast","68d27904e2dff1ea4d2f60aec52fc0f1db7de58e","hazelcast-client/src/main/java/com/hazelcast/client/spi/impl/ClientInvocationServiceSupport.java","30","0","0","0","265","331","0"
"hazelcast","3edfefd81389d8038bf028fb5b79b4fbb13cd2e0","hazelcast-client/src/main/java/com/hazelcast/client/spi/impl/ClientInvocationServiceSupport.java","30","0","0","0","266","332","1"
"hazelcast","92e1cae092eea0fbfc0a6b9b008b6c785dfba109","hazelcast-client/src/main/java/com/hazelcast/client/spi/impl/ClientInvocationServiceSupport.java","30","0","0","0","277","344","2"
"netty","51a536fd3068ecff95dd27adf047299122ade8ea","buffer/src/main/java/io/netty/buffer/PooledUnsafeDirectByteBuf.java","30","0","0","0","278","343","0"
"netty","5416f2315e222acf8d9a36a51bcd4142a0f1c022","buffer/src/main/java/io/netty/buffer/PooledUnsafeDirectByteBuf.java","30","0","0","0","284","350","0"
"elasticsearch","17c06f06ba4e86504bd3b24a47198bc30536572c","src/main/java/org/elasticsearch/percolator/QueryCollector.java","30","0","0","0","302","394","1"
"elasticsearch","2a844fc457a38650de3aa13ec07e4e8904646e6b","src/main/java/org/elasticsearch/percolator/QueryCollector.java","30","0","0","0","303","395","0"
"hazelcast","05d4a7a008464ccb5e01403795ce8478207adfdc","hazelcast/src/test/java/com/hazelcast/test/TestNodeRegistry.java","30","0","0","0","329","411","1"
"hazelcast","dd4e704e34aa84246e65037fca5bc0cca4797bdf","hazelcast/src/test/java/com/hazelcast/test/TestNodeRegistry.java","30","0","0","0","335","417","0"
"hazelcast","7b0ce9c6c73a465306996b98aebe1c5f7f37cf75","hazelcast/src/test/java/com/hazelcast/test/TestNodeRegistry.java","30","0","0","0","338","422","2"
"hazelcast","56fbb4444ea67d1e99a41408a00f61e2d46603fd","hazelcast/src/test/java/com/hazelcast/test/TestNodeRegistry.java","30","0","0","0","342","427","0"
"hazelcast","d86080935c0ade00a64fd45af8c2fa1c0cd03dd3","hazelcast/src/test/java/com/hazelcast/test/TestNodeRegistry.java","30","0","0","0","342","427","0"
"hazelcast","e914277fc41124d8b178c218e3ff76938f695cb0","hazelcast/src/test/java/com/hazelcast/test/TestNodeRegistry.java","30","0","0","0","342","427","1"
"hazelcast","359b32c4eceb9e0d4b204eb7ed5d4831d4470f2b","hazelcast/src/test/java/com/hazelcast/test/TestNodeRegistry.java","30","0","0","0","343","428","2"
"hazelcast","c37f1bc6a7ba37a6e7d27927eb812336b250521d","hazelcast-client/src/main/java/com/hazelcast/client/proxy/ClientReplicatedMapProxy.java","30","0","0","0","357","429","0"
"hazelcast","78108e9f99edd98a26324bd6f8c0f493b8f78f5d","hazelcast-client/src/main/java/com/hazelcast/client/proxy/ClientReplicatedMapProxy.java","30","0","0","0","467","564","0"
"hazelcast","151c5bd9cdcf1769dc9e1ab0ea43af6bbee8fac8","hazelcast-client/src/main/java/com/hazelcast/client/proxy/ClientReplicatedMapProxy.java","30","0","0","0","467","565","1"
"hazelcast","2510ac6c3f371032d6aceabd20dac63be71957ee","hazelcast-client/src/test/java/com/hazelcast/client/ClientRegressionWithMockNetworkTest.java","30","0","0","0","610","792","1"
"hazelcast","be3f80e6a3056f8f42d2a644ca3feaae69403114","hazelcast-client/src/test/java/com/hazelcast/client/ClientRegressionWithMockNetworkTest.java","30","0","0","0","612","794","4"
"hazelcast","37904dbefb2b76183febe755e191517e04e50b43","hazelcast-client/src/test/java/com/hazelcast/client/ClientRegressionWithMockNetworkTest.java","30","0","0","0","615","797","1"
"netty","5787e2eac9c151f63055b9dd9d5b03dbaa38c3d2","codec-http/src/main/java/io/netty/handler/codec/http/HttpCodecUtil.java","30","0","0","0","89","160","1"
"netty","00d60109163c5f90dd4bd38ef15bfd11e30d1fa5","codec-http/src/main/java/io/netty/handler/codec/http/HttpCodecUtil.java","30","0","0","0","98","171","0"
"hazelcast","3eb746e655f8bd4a99b06a4612489c7f1c7c1ddf","hazelcast-wm/src/test/java/com/hazelcast/wm/test/TestServlet.java","30","0","0","1","103","125","1"
"ceylon-ide-eclipse","5b4c3eac8a7c12c0125a77343e602b4e73083595","plugins/com.redhat.ceylon.eclipse.ui/src/com/redhat/ceylon/eclipse/code/complete/PackageCompletions.java","30","0","0","1","285","327","0"
"hazelcast","937106d611fe527814572ae6ae783010aa8d1b79","hazelcast-client/src/test/java/com/hazelcast/client/ClientRegressionWithMockNetworkTest.java","30","0","0","1","624","807","0"
"hazelcast","5a83c2dc64f23721867f0ab3d41531e19cb5cb49","hazelcast-client/src/main/java/com/hazelcast/client/spi/impl/ClientInvocation.java","30","0","0","10","223","281","0"
"hazelcast","86534e52868df3924b78e92e24e16ba1ffd83ce8","hazelcast-client/src/main/java/com/hazelcast/client/spi/impl/ClientInvocation.java","30","0","0","10","229","300","1"
"elasticsearch","838edab168c2999af7ba16f000c1180814e98570","core/src/main/java/org/elasticsearch/percolator/PercolatorService.java","30","0","0","10","309","370","1"
"elasticsearch","87737d3e02e5727cfe035068bfca5f3e5af13978","core/src/main/java/org/elasticsearch/percolator/PercolatorService.java","30","0","0","10","311","372","0"
"hazelcast","3bd3f0fadd33f90f31f69f753e9aa7a807963ff5","hazelcast-client/src/main/java/com/hazelcast/client/spi/impl/ClientInvocation.java","30","0","0","11","223","281","1"
"hazelcast","41969587cb65b106638aac7de143c830066968d4","hazelcast-client/src/main/java/com/hazelcast/client/spi/impl/ClientInvocation.java","30","0","0","11","223","281","2"
"hazelcast","5d9345d0e7f6a373bf80d27b2bf94fc798934378","hazelcast-client/src/main/java/com/hazelcast/client/spi/impl/ClientInvocation.java","30","0","0","11","223","281","1"
"hazelcast","c90ac3fa538c72581d95d70f8a1c4d772e6253e0","hazelcast-client/src/main/java/com/hazelcast/client/spi/impl/ClientInvocation.java","30","0","0","11","223","281","2"
"hazelcast","d0fd18cd0e2fac83d47776ccc1f08639bfc9823f","hazelcast-client/src/main/java/com/hazelcast/client/spi/impl/ClientInvocation.java","30","0","0","11","223","281","1"
"hazelcast","f0d8cd8a04cf8fde1398c4e5be46bba62fc98244","hazelcast-client/src/main/java/com/hazelcast/client/spi/impl/ClientInvocation.java","30","0","0","11","223","281","1"
"hazelcast","05b27a3d7f9adfb832f8fb0c7927fc71c14df2b4","hazelcast-client/src/main/java/com/hazelcast/client/spi/impl/ClientInvocation.java","30","0","0","11","223","281","0"
"hazelcast","30224d288563aa130dc5323bc9dea56d282eb49c","hazelcast-client/src/main/java/com/hazelcast/client/spi/impl/ClientInvocation.java","30","0","0","11","237","296","0"
"neo4j","b14f438bd8198fc3970a4332e7819af1cf65a7cb","community/kernel/src/main/java/org/neo4j/kernel/impl/transaction/state/NeoStoreIndexStoreView.java","30","0","0","11","330","383","0"
"neo4j","ccdd0e1dcb4122c0d9f8677122dd401f56b6b704","community/kernel/src/main/java/org/neo4j/kernel/impl/transaction/state/NeoStoreIndexStoreView.java","30","0","0","12","335","389","1"
"hazelcast","9b1f1e54a3e9a0fc6cc289f1cde9ed32c6fe5e70","hazelcast-client/src/main/java/com/hazelcast/client/spi/impl/ClientCallFuture.java","30","0","0","15","195","248","0"
"elasticsearch","c9bb686927c01e868d6f4e59a07aee455a5cdfa6","core/src/test/java/org/elasticsearch/snapshots/mockstore/MockRepository.java","30","0","0","15","280","371","0"
"hazelcast","5322983f7b5146877ff41a3511b1cfa5d1aaa38f","hazelcast/src/main/java/com/hazelcast/impl/Entries.java","30","0","0","16","176","218","0"
"hazelcast","7994cf668ffb3c544293c8db025dc1a5db3ca032","hazelcast/src/main/java/com/hazelcast/impl/Entries.java","30","0","0","16","178","220","0"
"BroadleafCommerce","bc0c700a71ec7d2dcb7e0a55969c1f9588ba2b34","core/broadleaf-framework/src/main/java/org/broadleafcommerce/core/order/dao/OrderDaoImpl.java","30","0","0","16","210","283","2"
"BroadleafCommerce","72116c407a0998852b5ff9ca293c2ecd3d4c99bd","core/broadleaf-framework/src/main/java/org/broadleafcommerce/core/order/dao/OrderDaoImpl.java","30","0","0","16","216","286","2"
"hazelcast","1f29b5cd5da384fc26978c09bc2770a53c57838e","hazelcast/src/main/java/com/hazelcast/spi/impl/ExecutionServiceImpl.java","30","0","0","17","451","550","2"
"hazelcast","86b80adb102d46ad1bfdbac4859cf32d6af27669","hazelcast-client/src/main/java/com/hazelcast/client/spi/impl/ClientInvocation.java","30","0","0","18","220","266","0"
"elasticsearch","8661ab0bf952d2a0dc47dc036bdff7d658227572","core/src/main/java/org/elasticsearch/index/search/MatchQuery.java","30","0","0","18","224","297","2"
"hazelcast","0a1bcb70073bdaeb21bc5d81877b254c0b5c18c3","hazelcast/src/test/java/com/hazelcast/internal/cluster/impl/MembershipUpdateTest.java","30","0","0","19","507","666","1"
"hazelcast","0227e9bac367ad91b92652600947f213a89b8bf2","hazelcast/src/test/java/com/hazelcast/internal/cluster/impl/MembershipUpdateTest.java","30","0","0","19","512","671","0"
"mcMMO","9278ca4d27c0211aa886f7f6c4cb206c3cfcc998","src/main/java/com/gmail/nossr50/commands/general/XprateCommand.java","30","0","0","2","112","127","0"
"mcMMO","158b3c43f87a08d413547edff4bf21ab54b249a3","src/main/java/com/gmail/nossr50/commands/party/PartyCommand.java","30","0","0","2","128","154","0"
"mcMMO","a14fc3e3c92780fe8b65955f7c3a11db1f1346a9","src/main/java/com/gmail/nossr50/commands/party/PartyCommand.java","30","0","0","2","129","155","0"
"orientdb","39f34a17e917d1058416be2ec9a2729c7bdf4af5","distributed/src/test/java/com/orientechnologies/orient/server/distributed/TestSharding.java","30","0","0","2","340","466","1"
"orientdb","6957528517766acf842f8c4f43bfbad420fbf1fd","distributed/src/test/java/com/orientechnologies/orient/server/distributed/TestSharding.java","30","0","0","2","341","468","0"
"neo4j","7e353eb373c1368391d8a6cbff32a76104a582d9","enterprise/security/src/main/java/org/neo4j/server/security/enterprise/auth/AuthProcedures.java","30","0","0","20","421","485","0"
"neo4j","4e13feaa5058f4f1b623704bbde288b5850c1ec6","community/security/src/main/java/org/neo4j/commandline/admin/security/UsersCommand.java","30","0","0","23","309","375","0"
"hazelcast","81fe86abd4deed08faf6e617c5d73c2b7d4b5391","hazelcast/src/main/java/com/hazelcast/multimap/impl/txn/TransactionalMultiMapProxySupport.java","30","0","0","3","262","310","2"
"hazelcast","525c34cddd7f4e08d674611e177bab103e4d1881","hazelcast/src/main/java/com/hazelcast/examples/LongRunningTransactionTest.java","30","0","0","3","272","316","1"
"hazelcast","82fcc4c7c87097d1719bb56112aec0fafdb6bc0e","hazelcast/src/main/java/com/hazelcast/examples/LongRunningTransactionTest.java","30","0","0","3","273","317","0"
"elasticsearch","7f5befd95e19badf8b911df5c28a08613b0a9cd0","src/main/java/org/elasticsearch/rest/action/cat/RestThreadPoolAction.java","30","0","0","3","276","328","1"
"elasticsearch","c20713530d2429346536354f297c96dea4353329","src/main/java/org/elasticsearch/rest/action/cat/RestThreadPoolAction.java","30","0","0","3","278","330","0"
"hazelcast","b499b1588bd702a8ca12e6514696fa5e1497ad24","hazelcast-client/src/main/java/com/hazelcast/client/connection/nio/ClientConnection.java","30","0","0","32","318","389","2"
"hazelcast","bb95f69a35a8d8e3ae75b605888b99990ff865b0","hazelcast-client/src/main/java/com/hazelcast/client/connection/nio/ClientConnection.java","30","0","0","32","318","389","1"
"hazelcast","ca4aaabe15a67cbe58e55b64bbd2feae10a62b5d","hazelcast-client/src/main/java/com/hazelcast/client/connection/nio/ClientConnection.java","30","0","0","32","318","389","0"
"elasticsearch","de73910a13d0e82ecd7499e360c547c0793b8743","core/src/main/java/org/elasticsearch/common/unit/ByteSizeValue.java","30","0","0","34","199","266","2"
"hazelcast","cf709cac522a7b877da0c3bf3e373b0089a55b46","hazelcast/src/main/java/com/hazelcast/concurrent/lock/LockStoreImpl.java","30","0","0","37","295","360","1"
"hazelcast","277bd8d8069ab0571cc8863e34b17b7c63360d76","hazelcast/src/main/java/com/hazelcast/concurrent/lock/LockStoreImpl.java","30","0","0","37","311","378","1"
"hazelcast","e4ed42188bd7ebeb79a2e27a912ba50f6b43ed9b","hazelcast/src/main/java/com/hazelcast/concurrent/lock/LockStoreImpl.java","30","0","0","37","311","378","1"
"hazelcast","8400ca8852f129750f8232cdf5db21ffae134e02","hazelcast/src/main/java/com/hazelcast/concurrent/lock/LockStoreImpl.java","30","0","0","37","311","378","0"
"elasticsearch","ef192ff2cffbf8dee6b3d2c3a12122ea75561800","core/src/main/java/org/elasticsearch/common/xcontent/json/JsonXContentGenerator.java","30","0","0","39","320","423","1"
"elasticsearch","292e53fe77cae17362029d79e6afb937e75eec89","src/test/java/org/elasticsearch/index/search/child/ChildrenQueryTests.java","30","0","0","4","206","255","0"
"hazelcast","2c9d003a0c40996287126d3073e68634669ba674","hazelcast/src/main/java/com/hazelcast/nio/tcp/SocketAcceptorThread.java","30","0","0","4","208","268","0"
"hazelcast","82683a8423a0a3209f3dd70ca23835ee63f0d0b8","hazelcast/src/main/java/com/hazelcast/nio/tcp/SocketAcceptorThread.java","30","0","0","4","208","268","0"
"hazelcast","73673199472b3fb25cf6c72de378a1d2bab18605","hazelcast/src/main/java/com/hazelcast/nio/tcp/SocketAcceptorThread.java","30","0","0","4","208","268","1"
"hazelcast","86b064ba3f1e467e74e95d6da24b03122065ce36","hazelcast/src/main/java/com/hazelcast/nio/tcp/SocketAcceptorThread.java","30","0","0","4","209","269","2"
"elasticsearch","49bdd29f91eb3568a8bac28e043f422a208104d1","modules/percolator/src/main/java/org/elasticsearch/percolator/TransportPercolateAction.java","30","0","0","4","221","262","1"
"elasticsearch","6e7e89159bff9dc60b619c0ee752dd88c6d4446a","core/src/main/java/org/elasticsearch/common/xcontent/json/JsonXContentGenerator.java","30","0","0","40","324","427","0"
"elasticsearch","e7b9e65fc3b06e784008a4dd14a8ba305ac30374","core/src/test/java/org/elasticsearch/ExceptionSerializationTests.java","30","0","0","43","729","830","2"
"elasticsearch","cde83e363aac2195c2dc0f81bbe348bcfe8b4152","core/src/test/java/org/elasticsearch/ExceptionSerializationTests.java","30","0","0","44","731","832","2"
"elasticsearch","3f06d9f3b8516bb30a2890a36c2973f08f9c6076","core/src/test/java/org/elasticsearch/ExceptionSerializationTests.java","30","0","0","44","732","833","1"
"elasticsearch","01519745007b2d093cdf602783c27a26de82c69b","core/src/test/java/org/elasticsearch/ExceptionSerializationTests.java","30","0","0","45","749","854","1"
"hazelcast","3b2a17cb17d716902f3a2df64aa360b25de80a6d","hazelcast/src/main/java/com/hazelcast/map/operation/QueryOperation.java","30","0","0","6","187","226","2"
"hazelcast","8f706352ccb43698b7a679ee9dd8e03d56d0540c","hazelcast/src/main/java/com/hazelcast/map/operation/QueryOperation.java","30","0","0","6","190","228","1"
"hazelcast","cd3feee000a902c92572be92c3f16c710b10cd4e","hazelcast/src/main/java/com/hazelcast/map/operation/QueryOperation.java","30","0","0","6","205","246","3"
"hazelcast","267657223110ee9fc436f5496e078547d29c6e4c","hazelcast/src/main/java/com/hazelcast/map/operation/QueryOperation.java","30","0","0","6","208","249","1"
"elasticsearch","88040352050455e537646662a3fbfdd8d554dd17","core/src/test/java/org/elasticsearch/search/SearchRequestTests.java","30","0","0","6","209","251","0"
"mcMMO","e7ee23b8716f25a782624aa82f69502c904d8f92","src/main/java/com/gmail/nossr50/listeners/InventoryListener.java","30","0","0","8","127","165","0"
"neo4j","9afb987d9d854a2f0f4e2d896ef0f9086a748d74","community/kernel/src/main/java/org/neo4j/kernel/recovery/LatestCheckPointFinder.java","30","0","0","8","202","268","1"
"neo4j","e34463f7dafbb72552196ee10e7e8e611c94772e","community/kernel/src/main/java/org/neo4j/kernel/recovery/LatestCheckPointFinder.java","30","0","0","8","203","269","0"
"elasticsearch","e08e92d934e8c97c94f19f5811507175dcec3c58","client/rest-high-level/src/test/java/org/elasticsearch/client/CrudIT.java","30","0","0","8","580","706","0"
"elasticsearch","679ec99fad075ea21b82f6969964c38a8a1a0f70","client/rest-high-level/src/test/java/org/elasticsearch/client/CrudIT.java","30","0","0","8","581","707","1"
"elasticsearch","284491d87473878574be81d912b9548eb57cc673","src/test/java/org/elasticsearch/index/search/child/ChildrenQueryTests.java","30","0","0","9","301","412","0"
"elasticsearch","31fa4dc58b659295aaa48930277dddbbabb271ae","src/test/java/org/elasticsearch/index/search/child/ChildrenQueryTests.java","30","0","0","9","321","432","1"
"netty","58b968b6036dc194dce5a3e70d05d493b2fb6b58","transport/src/main/java/io/netty/channel/nio/AbstractNioByteChannel.java","30","0","1","0","160","231","0"
"BroadleafCommerce","49d12cffdc9aca461330ec8110c850319cf49ec0","admin/broadleaf-open-admin-platform/src/main/java/org/broadleafcommerce/openadmin/web/controller/AdminAbstractController.java","30","0","1","0","243","540","2"
"elasticsearch","1f04182b8164ffb19f3805c48d67f0375262b317","plugins/delete-by-query/src/main/java/org/elasticsearch/action/deletebyquery/TransportDeleteByQueryAction.java","30","0","1","0","270","335","0"
"BroadleafCommerce","a29c634a477834d35509138de4acb2d5b3ddccdd","admin/broadleaf-open-admin-platform/src/main/java/org/broadleafcommerce/openadmin/server/service/persistence/validation/BasicFieldTypeValidator.java","30","0","1","1","100","130","1"
"elasticsearch","b1cef5fdf8e1f8e9982a4724986b2731ca4d522b","core/src/main/java/org/elasticsearch/search/aggregations/bucket/histogram/DateHistogramParser.java","30","0","1","1","126","157","1"
"elasticsearch","5a08e36f9cec26c0b9cbc67c8b8f0a07a6c16b17","modules/lang-painless/src/main/java/org/elasticsearch/painless/node/SFor.java","30","0","1","1","134","197","1"
"BroadleafCommerce","452d7905f4d46235dbb709f3bb788719e32da9b9","core/broadleaf-framework/src/main/java/org/broadleafcommerce/core/search/dao/SolrIndexDaoImpl.java","30","0","1","1","156","209","1"
"elasticsearch","24a7b7224bd834eb57d1026ceb0c455b8c48a206","core/src/test/java/org/elasticsearch/cluster/routing/allocation/RandomAllocationDeciderTests.java","30","0","1","1","167","215","0"
"elasticsearch","a60b8948ba1d836a6eac7cff095519e618939ed8","core/src/test/java/org/elasticsearch/cluster/routing/allocation/RandomAllocationDeciderTests.java","30","0","1","1","167","215","0"
"elasticsearch","e6aaaf11ed4a1b8f595f920de1840938eddb7a97","core/src/test/java/org/elasticsearch/cluster/routing/allocation/RandomAllocationDeciderTests.java","30","0","1","1","167","215","2"
"elasticsearch","6c28235b03fdad898986f613e198c24ca3067e4d","core/src/test/java/org/elasticsearch/cluster/routing/allocation/RandomAllocationDeciderTests.java","30","0","1","1","168","216","2"
"elasticsearch","2cf66c4115646f8398d979bf2af5d9c0b06aca03","src/main/java/org/elasticsearch/action/admin/cluster/snapshots/status/TransportSnapshotsStatusAction.java","30","0","1","1","172","223","4"
"elasticsearch","3d23a71fa7f3664209028e1ac377fe72609ac169","src/main/java/org/elasticsearch/action/admin/cluster/snapshots/status/TransportSnapshotsStatusAction.java","30","0","1","1","173","224","3"
"elasticsearch","ad8a482d198828d22d884263c2c4e76ab8ae2ee1","src/main/java/org/elasticsearch/action/admin/indices/mapping/get/TransportGetFieldMappingsAction.java","30","0","1","1","189","243","1"
"elasticsearch","60bddc28ebd690446c88a454cc24de984fdf0fc5","src/main/java/org/elasticsearch/action/search/type/TransportSearchDfsQueryThenFetchAction.java","30","0","1","1","235","282","0"
"elasticsearch","a8dcfa5deb65d57ae4814f97c7f5231ed45507c2","src/main/java/org/elasticsearch/action/search/type/TransportSearchDfsQueryThenFetchAction.java","30","0","1","1","238","285","0"
"elasticsearch","e1efd5f6baf8dec1c23c79b346b8a29f234a98bb","plugins/delete-by-query/src/main/java/org/elasticsearch/action/deletebyquery/TransportDeleteByQueryAction.java","30","0","1","1","270","335","0"
"elasticsearch","bbe735f2cc18d4275fc2a72270c621da64091f9d","src/main/java/org/elasticsearch/action/mlt/TransportMoreLikeThisAction.java","30","0","1","1","270","341","0"
"elasticsearch","4063354dbe6d08263fd759af59170121ccafd991","plugins/delete-by-query/src/main/java/org/elasticsearch/action/deletebyquery/TransportDeleteByQueryAction.java","30","0","1","1","277","342","0"
"elasticsearch","6e18702ddb071b437c2b7f7d707bb2df1f471998","plugins/delete-by-query/src/main/java/org/elasticsearch/action/deletebyquery/TransportDeleteByQueryAction.java","30","0","1","1","280","345","1"
"BroadleafCommerce","2e43d1b4b2a7cae14ea6299418a9659a139de3b9","admin/broadleaf-open-admin-platform/src/main/java/org/broadleafcommerce/openadmin/server/service/persistence/validation/BasicFieldTypeValidator.java","30","0","1","1","88","118","2"
"BroadleafCommerce","46d66f8cd58af3693e041a38fd820808c7ea7ea2","admin/broadleaf-open-admin-platform/src/main/java/org/broadleafcommerce/openadmin/server/service/persistence/validation/BasicFieldTypeValidator.java","30","0","1","1","99","129","2"
"BroadleafCommerce","a43cc4a0f4fc797cb625f82096d40c4ddd05e15b","common/src/main/java/org/broadleafcommerce/common/sitemap/service/SiteMapServiceImpl.java","30","0","1","10","197","279","1"
"orientdb","69ad5ecc3824911ac8d1bfbeab0d379043546afb","core/src/main/java/com/orientechnologies/orient/core/storage/impl/local/paginated/OLocalPaginatedStorage.java","30","0","1","10","250","328","0"
"orientdb","a1eed89dcfdc303c846b0d6159189f720c1bade8","core/src/test/java/com/orientechnologies/orient/core/index/hashindex/local/OLocalHashTableWALTest.java","30","0","1","10","262","354","0"
"orientdb","eb87fd13a08a35e51b139724421fa7adb04049f3","core/src/test/java/com/orientechnologies/orient/core/index/hashindex/local/OLocalHashTableWALTest.java","30","0","1","10","264","356","1"
"hazelcast","9dbc3c539a4d8279a0d7cf329b1cc1003ce82a33","hazelcast/src/main/java/com/hazelcast/map/impl/proxy/NearCachedMapProxyImpl.java","30","0","1","10","353","438","2"
"BroadleafCommerce","6587e789125cded9b05cc60211e2156c591bfafd","common/src/main/java/org/broadleafcommerce/common/config/service/SystemPropertiesServiceImpl.java","30","0","1","11","182","261","0"
"hazelcast","7001ec8c5b1305c796de75c2e3f170c562db8c03","hazelcast-client/src/main/java/com/hazelcast/client/proxy/NearCachedClientMapProxy.java","30","0","1","11","408","505","2"
"neo4j","4d3b5cd40762b26828c47787e6547cc1ea90238b","community/kernel/src/main/java/org/neo4j/kernel/impl/api/store/StoreSingleNodeCursor.java","30","0","1","12","197","256","0"
"netty","2adebc4c54ae98565db8e2a3c02b2ffaa0c101fe","codec/src/main/java/io/netty/handler/codec/base64/Base64.java","30","0","1","12","207","306","1"
"hazelcast","142f48debf262bbcc8ebf3fb30e729d9da0d1684","hazelcast-client/src/main/java/com/hazelcast/client/txn/XAResourceProxy.java","30","0","1","12","208","257","3"
"hazelcast","70e6d9c0a2efcc7c088c88302a3e3587246bda3c","hazelcast-client/src/main/java/com/hazelcast/client/txn/XAResourceProxy.java","30","0","1","12","208","259","3"
"netty","81e2db10faaf0389f4e1af8c7132210946203157","codec/src/main/java/io/netty/handler/codec/base64/Base64.java","30","0","1","12","208","307","0"
"hazelcast","007dea471ec96d6f8bb71f03a7a3c2257f7df3b1","hazelcast-client/src/main/java/com/hazelcast/client/map/impl/nearcache/ClientHeapNearCache.java","30","0","1","12","213","267","1"
"elasticsearch","b2c48766266db13241b8fc1503453012570238c0","src/main/java/org/elasticsearch/index/gateway/local/LocalIndexShardGateway.java","30","0","1","12","229","298","0"
"neo4j","01fa743af522d870e71c4a7c77de9b062756f70e","community/kernel/src/main/java/org/neo4j/helpers/ValueUtils.java","30","0","1","12","249","297","0"
"neo4j","9361a926d041066711aeb23e6373b8b699ed82f1","community/kernel/src/main/java/org/neo4j/helpers/ValueUtils.java","30","0","1","12","249","297","0"
"neo4j","581d8ca7b5aabf352f4612841b13b05ee3884fab","community/kernel/src/main/java/org/neo4j/helpers/ValueUtils.java","30","0","1","12","249","297","1"
"antlr4","cbef19c2b68fccdc83eb9807fe0b56f12825bddd","tool/src/org/antlr/v4/codegen/ActionTranslator.java","30","0","1","12","268","325","1"
"elasticsearch","f6ebee3785f13ce170168371d0d3e8ddf3f3d219","modules/elasticsearch/src/main/java/org/elasticsearch/index/field/data/doubles/MultiValueDoubleFieldData.java","30","0","1","13","149","191","1"
"hazelcast","e92dcb6824f242ac8bcb72623ccd13f982955632","hazelcast/src/main/java/com/hazelcast/map/tx/TransactionalMapProxy.java","30","0","1","13","158","200","0"
"elasticsearch","8dff55c79efaa62346be63b269d5ca3b5676d41d","modules/elasticsearch/src/main/java/org/elasticsearch/index/mapper/object/RootObjectMapper.java","30","0","1","14","195","263","0"
"orientdb","4e1de17697f2030cee8bb58b16556727f48827ed","core/src/main/java/com/orientechnologies/orient/core/index/OIndexMultiValues.java","30","0","1","14","313","417","0"
"orientdb","693119e3f1dab4ea8b67a35575ba1f7d1c0a970b","core/src/main/java/com/orientechnologies/orient/core/index/OIndexMultiValues.java","30","0","1","14","313","417","0"
"orientdb","bbbb777e4073e4214e47e2134379d96dcb54486a","core/src/main/java/com/orientechnologies/orient/core/index/OIndexMultiValues.java","30","0","1","14","313","417","1"
"hazelcast","3156ce84412412a57132e1f8c26c2d6a50b77b6a","hazelcast/src/main/java/com/hazelcast/spi/impl/ExecutionServiceImpl.java","30","0","1","14","342","432","1"
"orientdb","67b44e38d6982f4b915b71290548d72dbd5aaa00","core/src/test/java/com/orientechnologies/orient/core/index/hashindex/local/cache/LRUListTest.java","30","0","1","15","292","405","1"
"orientdb","49646436cee4497bc6b13ed638598cac2c4ae6e6","core/src/test/java/com/orientechnologies/orient/core/index/hashindex/local/cache/LRUListTest.java","30","0","1","15","293","406","0"
"hazelcast","0880710f355f33d03b8d928ec9d22a0ff4f1ca52","hazelcast/src/main/java/com/hazelcast/internal/nearcache/impl/store/AbstractNearCacheRecordStore.java","30","0","1","15","316","416","2"
"elasticsearch","d64d0d6a97ae8dd70ba6018f97dd3c5fc10acd53","src/test/java/org/elasticsearch/test/cache/recycler/MockBigArrays.java","30","0","1","15","411","533","1"
"elasticsearch","eaffa975e540a939b69c99b8db7b9d4a9f45522d","core/src/main/java/org/elasticsearch/common/path/PathTrie.java","30","0","1","16","168","232","0"
"elasticsearch","1f5bd495edb9ec9cd2a8c4ec55b05a58ce14b278","core/src/main/java/org/elasticsearch/common/path/PathTrie.java","30","0","1","16","172","237","2"
"hazelcast","4b901ebe4026da8c54ce0c7934814d354946fb0a","hazelcast-client-new/src/main/java/com/hazelcast/client/spi/impl/ClientInvocation.java","30","0","1","16","224","294","0"
"elasticsearch","b379bf5668c5bf3a6edffbc2cd9ae97f29a8b7d6","src/test/java/org/elasticsearch/snapshots/SharedClusterSnapshotRestoreTests.java","30","0","1","16","707","895","1"
"elasticsearch","b987615f5e96cb6f568e025a449d1f4d7e5402df","src/test/java/org/elasticsearch/snapshots/SharedClusterSnapshotRestoreTests.java","30","0","1","16","709","896","0"
"elasticsearch","5f6623c03b87f914faba97064d115370d286127f","core/src/test/java/org/elasticsearch/search/innerhits/InnerHitsTests.java","30","0","1","17","1008","1131","0"
"elasticsearch","5c4b864a42604e16747f3d98a68b97618aac8e02","core/src/test/java/org/elasticsearch/search/innerhits/InnerHitsIT.java","30","0","1","17","1012","1135","2"
"elasticsearch","11314336b6f5bf45fdb69a3d7c11ce29386535af","core/src/test/java/org/elasticsearch/search/innerhits/InnerHitsIT.java","30","0","1","17","1015","1139","3"
"netty","af4b71a00e30faf86ef1c2365e965e8f04f65bee","buffer/src/main/java/io/netty/buffer/AbstractMessageBuf.java","30","0","1","17","201","259","0"
"elasticsearch","2bd09c4625898d77aa6c015c6f82cf973ed18cb7","core/src/main/java/org/elasticsearch/index/mapper/core/KeywordFieldMapper.java","30","0","1","17","221","283","1"
"hazelcast","d4aa47450a944e969f2eb5f6438952f6f84a2bd1","hazelcast/src/main/java/com/hazelcast/spi/impl/ExecutionServiceImpl.java","30","0","1","17","367","463","2"
"hazelcast","c7646f19153074eada5ced2b7989dfd58ac067a8","hazelcast/src/main/java/com/hazelcast/spi/impl/ExecutionServiceImpl.java","30","0","1","17","368","464","3"
"elasticsearch","2c7850584d091b4043a53168596ced8e4aebe589","src/test/java/org/elasticsearch/test/integration/search/highlight/HighlighterSearchTests.java","30","0","1","17","571","762","1"
"elasticsearch","b6a83fd8b245b8ac40edb226e95fa68c5d61e01a","src/test/java/org/elasticsearch/test/integration/search/highlight/HighlighterSearchTests.java","30","0","1","17","589","785","1"
"elasticsearch","76fa9023b6378681de34672d2e94227e8b464cfd","core/src/main/java/org/elasticsearch/index/mapper/core/BooleanFieldMapper.java","30","0","1","18","191","244","1"
"elasticsearch","142d7bdd812d5d7ca31b22fbed053392e1e456aa","src/main/java/org/elasticsearch/index/mapper/core/BooleanFieldMapper.java","30","0","1","18","199","257","1"
"BroadleafCommerce","f55f8066db43d052ca45150e743daa3590b720d8","admin/broadleaf-open-admin-platform/src/main/java/org/broadleafcommerce/openadmin/server/service/persistence/validation/BasicFieldTypeValidator.java","30","0","1","2","105","138","1"
"elasticsearch","db541d6fbe3daecec91bb7701aacfcd284662c2a","core/src/main/java/org/elasticsearch/search/aggregations/bucket/histogram/HistogramParser.java","30","0","1","2","114","153","1"
"elasticsearch","728e0e2a2eb4cbb93b87fc22a3e84fddea2a0635","src/main/java/org/elasticsearch/search/aggregations/bucket/range/RangeParser.java","30","0","1","2","119","157","0"
"elasticsearch","7a7de12538ba55149b391a479c96f394b0b8fa61","src/main/java/org/elasticsearch/cloud/aws/AwsEc2Service.java","30","0","1","2","120","161","1"
"hazelcast","1f5585497fc623b77d13d8c09459a718152ef90c","hazelcast/src/test/java/com/hazelcast/test/starter/ConfigConstructor.java","30","0","1","2","130","171","1"
"elasticsearch","9fc4ce294a275f0047070513afe7ec73c375c274","plugins/discovery-ec2/src/main/java/org/elasticsearch/cloud/aws/AwsEc2ServiceImpl.java","30","0","1","2","139","188","1"
"elasticsearch","b08d453a0a1de1cb090a72b2ad956b69037a70bd","plugins/discovery-ec2/src/main/java/org/elasticsearch/cloud/aws/AwsEc2ServiceImpl.java","30","0","1","2","140","189","0"
"elasticsearch","2c386046f5c612b56ca0319429a17169de4f99c8","src/main/java/org/elasticsearch/discovery/ec2/AwsEc2UnicastHostsProvider.java","30","0","1","2","147","201","3"
"elasticsearch","0a69f1e283e26e5d9e6a000b68b9f4778de557a1","core/src/main/java/org/elasticsearch/index/search/stats/SearchSlowLog.java","30","0","1","2","152","199","2"
"elasticsearch","b7cc378aeb85dbb5d31f2fe5ae5c4d06414de6c9","src/main/java/org/elasticsearch/river/routing/RiversRouter.java","30","0","1","2","182","239","0"
"elasticsearch","5ce42b337d01bc75d7dada53791e4bc9bde95341","modules/elasticsearch/src/main/java/org/elasticsearch/rest/action/search/RestSearchAction.java","30","0","1","2","188","234","0"
"netty","9da4250917a709085ac064904db8253f00693dee","example/src/main/java/io/netty/example/http/file/HttpStaticFileServerHandler.java","30","0","1","2","233","392","1"
"netty","1e8a2e69dbf852775a8ae679edee2d25d60bc392","example/src/main/java/io/netty/example/http/file/HttpStaticFileServerHandler.java","30","0","1","2","235","394","0"
"netty","338b60821d91b12e57e9ea303eb7b6b0865fd64c","example/src/main/java/io/netty/example/http/file/HttpStaticFileServerHandler.java","30","0","1","2","235","394","0"
"netty","3e42292d8b5c995a2a8342a91a2a3c1ec807628a","example/src/main/java/io/netty/example/http/file/HttpStaticFileServerHandler.java","30","0","1","2","235","394","1"
"elasticsearch","4c8f3de34b0f85abd8cf263cfbbf796dc6b4f132","src/test/java/org/elasticsearch/test/integration/search/child/SimpleChildQuerySearchTests.java","30","0","1","20","1236","1479","0"
"orientdb","0b098ecbb27731eae0d6bc55a5750b000a6b9777","core/src/main/java/com/orientechnologies/orient/core/sql/parser/OBetweenCondition.java","30","0","1","20","162","209","0"
"elasticsearch","93a8e80affc855f156d9295568409aab3972ffa1","src/main/java/org/elasticsearch/search/aggregations/bucket/range/AbstractRangeBase.java","30","0","1","21","227","286","1"
"hazelcast","315c598318976c53bda5f2b6bdf487f4667a21c3","hazelcast-client/src/main/java/com/hazelcast/client/spi/impl/ClientInvocation.java","30","0","1","21","231","301","0"
"hazelcast","4d088a906ecf02901cff894f757a9461cee05ca8","hazelcast-client/src/main/java/com/hazelcast/client/spi/impl/ClientInvocation.java","30","0","1","21","231","301","0"
"hazelcast","6401f6e2adeb348ed48cf9537caf418a88fc272f","hazelcast-client/src/main/java/com/hazelcast/client/spi/impl/ClientInvocation.java","30","0","1","21","231","301","0"
"hazelcast","cc4fa0d7d92c0aceb7aad80237bf60291d98dee3","hazelcast-client/src/main/java/com/hazelcast/client/spi/impl/ClientInvocation.java","30","0","1","21","231","301","1"
"neo4j","fd58f78ee7e63b03b71e392f12c42f3b13d95a47","community/server/src/main/java/org/neo4j/server/web/Jetty9WebServer.java","30","0","1","21","441","542","0"
"elasticsearch","5812753dbcbac645c2fc8a5ed460178b3e5b60a9","src/main/java/org/elasticsearch/index/mapper/internal/FieldNamesFieldMapper.java","30","0","1","22","225","295","0"
"elasticsearch","5910b17ece360ab03cb86cbfa46bd822c6e0da6b","src/main/java/org/elasticsearch/index/mapper/geo/GeoShapeFieldMapper.java","30","0","1","22","236","319","1"
"hazelcast","65df300ddcacf2cee04f1eee8f75731e147decbf","hazelcast-client-legacy/src/main/java/com/hazelcast/client/proxy/ClientReplicatedMapProxy.java","30","0","1","22","361","435","1"
"hazelcast","78108e9f99edd98a26324bd6f8c0f493b8f78f5d","hazelcast-client-legacy/src/main/java/com/hazelcast/client/proxy/ClientReplicatedMapProxy.java","30","0","1","22","366","440","0"
"hazelcast","c37f1bc6a7ba37a6e7d27927eb812336b250521d","hazelcast-client-new/src/main/java/com/hazelcast/client/proxy/ClientReplicatedMapProxy.java","30","0","1","22","424","503","0"
"hazelcast","a174b1733ce8bd5ce179650287fe0b9da5d7cc0c","hazelcast-client-legacy/src/main/java/com/hazelcast/client/spi/impl/ClientInvocation.java","30","0","1","23","234","296","0"
"elasticsearch","795b889da2bd635c44473c0342ee42ada505b3fc","src/main/java/org/elasticsearch/common/xcontent/json/JsonXContentParser.java","30","0","1","24","181","236","1"
"elasticsearch","e530f03b9445e98728b5fbf203c57ab774928ff3","src/main/java/org/elasticsearch/cluster/routing/RoutingNodes.java","30","0","1","24","189","253","0"
"elasticsearch","589360c8b1a46c1509c7e589f06124b91cb3dbaf","src/main/java/org/elasticsearch/index/mapper/internal/RoutingFieldMapper.java","30","0","1","24","201","271","1"
"elasticsearch","9ca5e6e3e12cf4f13eb6ed0140d9073ba89c61c9","src/main/java/org/elasticsearch/indices/store/TransportNodesListShardStoreMetaData.java","30","0","1","24","341","430","1"
"elasticsearch","7adf2fd497e68ce254e981a26895db58b0fc0c8d","modules/elasticsearch/src/main/java/org/elasticsearch/cluster/routing/RoutingNodes.java","30","0","1","26","201","264","0"
"hazelcast","0b99990c091b2e5235b2c7a72b4550327db4260c","hazelcast-client-new/src/main/java/com/hazelcast/client/cache/impl/ClientCacheProxy.java","30","0","1","27","297","369","2"
"hazelcast","2e237d2c442305f51cdbea3740548e8bfb4401ac","hazelcast-client-new/src/main/java/com/hazelcast/client/cache/impl/ClientCacheProxy.java","30","0","1","27","297","369","2"
"hazelcast","5b10680e77491d29c776d815fa4264ba3c265112","hazelcast-client-new/src/main/java/com/hazelcast/client/cache/impl/ClientCacheProxy.java","30","0","1","27","297","369","2"
"hazelcast","5c78e8bdbc3a2cdce98975d07b649b5f872c3f67","hazelcast-client-new/src/main/java/com/hazelcast/client/cache/impl/ClientCacheProxy.java","30","0","1","27","297","369","0"
"hazelcast","820f4b2d5e993cbc48c7f14e06f7588591085461","hazelcast-client-new/src/main/java/com/hazelcast/client/cache/impl/ClientCacheProxy.java","30","0","1","27","298","370","3"
"hazelcast","5c695f915d3d5ec0116cccdbde70b3551f5dcb5a","hazelcast-client-new/src/main/java/com/hazelcast/client/cache/impl/ClientCacheProxy.java","30","0","1","27","315","389","0"
"hazelcast","5917446b9901b1bc4ab314eb8c106e22ca50f3e3","hazelcast-client-new/src/main/java/com/hazelcast/client/cache/impl/ClientCacheProxy.java","30","0","1","27","316","390","2"
"hazelcast","49bc95f245df5503b44ba497a51ae534883f2f4f","hazelcast-client-new/src/main/java/com/hazelcast/client/cache/impl/ClientCacheProxy.java","30","0","1","29","363","447","1"
"hazelcast","f745f9d46756c8cc57388c8172c0eafbd70c9c46","hazelcast-client-new/src/main/java/com/hazelcast/client/cache/impl/ClientCacheProxy.java","30","0","1","29","364","448","2"
"elasticsearch","6c406d0e0ed532d5b7cfeaeb01b78dcb675cbf0d","src/main/java/org/elasticsearch/index/query/TextQueryParser.java","30","0","1","3","102","139","0"
"elasticsearch","ffcc710e4eca73e2d15a51c697720dcd76423743","src/main/java/org/elasticsearch/index/query/FuzzyLikeThisQueryParser.java","30","0","1","3","103","147","0"
"elasticsearch","1ef24d2a85f1636f95ee6e536f6cfb1aa9eadcfe","core/src/main/java/org/elasticsearch/rest/action/admin/indices/analyze/RestAnalyzeAction.java","30","0","1","3","109","143","1"
"elasticsearch","292e53fe77cae17362029d79e6afb937e75eec89","src/main/java/org/elasticsearch/index/query/HasChildQueryParser.java","30","0","1","3","118","157","0"
"elasticsearch","2b42a0f94a794c1fc05bb6c478012a7483a720f1","src/main/java/org/elasticsearch/index/query/HasChildQueryParser.java","30","0","1","3","118","157","0"
"elasticsearch","cc9ab111a04661367cea50e444b5a9e0d4544d1a","src/main/java/org/elasticsearch/index/query/HasChildQueryParser.java","30","0","1","3","118","157","0"
"elasticsearch","5d2c334bbd4b1396550c871d4d7b7c2c9a95cd63","src/main/java/org/elasticsearch/index/query/HasChildQueryParser.java","30","0","1","3","118","157","1"
"elasticsearch","89de3ab6272fe3a9e377993ae32851cffb39ca7e","src/main/java/org/elasticsearch/index/query/HasChildQueryParser.java","30","0","1","3","118","157","2"
"elasticsearch","17a5575757317962dab4c295bbfacbdb136cc61e","src/main/java/org/elasticsearch/index/query/HasChildQueryParser.java","30","0","1","3","123","169","0"
"elasticsearch","17a5575757317962dab4c295bbfacbdb136cc61e","src/main/java/org/elasticsearch/index/query/HasParentFilterParser.java","30","0","1","3","125","172","0"
"elasticsearch","fa80ca97b252ef72e6bf4d63307acee5ed3abd04","src/main/java/org/elasticsearch/index/query/IndicesFilterParser.java","30","0","1","3","141","183","1"
"orientdb","624f1a5141edc778044c79a56d1ddaf8d4ff8fbb","graphdb/src/main/java/com/orientechnologies/orient/graph/sql/functions/OSQLFunctionShortestPath.java","30","0","1","3","156","218","0"
"elasticsearch","523a8b4c3e8003316f3e7c6a74bdd5e4e1818dd6","plugins/river/twitter/src/main/java/org/elasticsearch/river/twitter/TwitterRiver.java","30","0","1","3","214","275","0"
"netty","23d017849429c18e1890b0a5799e5262df4f269f","example/src/main/java/io/netty/example/http/upload/HttpUploadClient.java","30","0","1","3","240","976","1"
"netty","97bdabad9c62eecb72555911cfa9f74570204943","example/src/main/java/io/netty/example/http/upload/HttpUploadClient.java","30","0","1","3","242","978","0"
"netty","2a6ed67efc4ffb15647313b82e450a3951a6a3bd","example/src/main/java/io/netty/example/http/upload/HttpUploadClient.java","30","0","1","3","246","982","1"
"BroadleafCommerce","37ce7dedd531abdd755c6596255d875d7e92289f","core/broadleaf-framework/src/main/java/org/broadleafcommerce/core/catalog/dao/ProductDaoImpl.java","30","0","1","30","482","671","1"
"elasticsearch","f5b3c08df27813a6f0de09a4d93bc0a71ed855ac","src/main/java/org/elasticsearch/index/query/MissingFilterParser.java","30","0","1","4","128","181","0"
"elasticsearch","ea91adf6a1ed28c1a93a6c5d38a6e02ed295ed07","src/main/java/org/elasticsearch/cloud/aws/InternalAwsS3Service.java","30","0","1","4","158","211","3"
"BroadleafCommerce","73b572fb130796355d80fdc8d5007c0d5f3a84cd","admin/broadleaf-open-admin-platform/src/main/java/org/broadleafcommerce/openadmin/server/service/persistence/validation/EntityValidatorServiceImpl.java","30","0","1","4","158","242","1"
"elasticsearch","b8cd82e5c2a9577dfd521df80f7fbc893145fe41","core/src/main/java/org/elasticsearch/rest/action/search/RestSearchAction.java","30","0","1","4","180","241","2"
"elasticsearch","eb754a71be77efbfceb233573c2dc34f7eb7b702","core/src/main/java/org/elasticsearch/rest/action/search/RestSearchAction.java","30","0","1","4","183","257","0"
"elasticsearch","d395c0a844ad793f9e0e8ba1d87af1bcb6eecb28","modules/elasticsearch/src/main/java/org/elasticsearch/search/facet/datehistogram/DateHistogramFacetProcessor.java","30","0","1","4","184","236","1"
"elasticsearch","19cce0b32917a6034ab50b2e33111f37de418139","src/main/java/org/elasticsearch/transport/netty/MessageChannelHandler.java","30","0","1","4","226","284","1"
"elasticsearch","c9b0e1de6cbd9acbc9a817a6d24b16d93005b9df","src/main/java/org/elasticsearch/transport/netty/MessageChannelHandler.java","30","0","1","4","231","290","0"
"elasticsearch","5a64f08f048461a63a0ca1354a5050c954e63d52","core/src/main/java/org/elasticsearch/common/unit/TimeValue.java","30","0","1","44","254","336","0"
"hazelcast","2c81092eb6e16c06a424d7f692cb8b5bacc736d2","hazelcast/src/main/java/com/hazelcast/map/operation/MapReplicationOperation.java","30","0","1","5","152","193","0"
"hazelcast","db4fb00ba52360f0ec10bf3e6a6d7bc92767daf6","hazelcast/src/main/java/com/hazelcast/internal/partition/impl/PartitionStateManager.java","30","0","1","5","250","330","1"
"hazelcast","cb942ed6b06c7ac37c4dc0883bdce436a412cdb4","hazelcast/src/main/java/com/hazelcast/cluster/impl/ClusterStateManager.java","30","0","1","5","280","359","1"
"hazelcast","4d8aae6dd931c55b38df88e7e066c3f862b36bac","hazelcast/src/main/java/com/hazelcast/cluster/impl/ClusterStateManager.java","30","0","1","5","281","360","0"
"elasticsearch","4ff3e1926b0b0a092a9fcb70f47fb49977ec2d70","src/main/java/org/elasticsearch/index/fielddata/ScriptDocValues.java","30","0","1","51","328","419","0"
"elasticsearch","ac5701968b3ec30321a1ba377cdd0c4c71aed69c","src/main/java/org/elasticsearch/index/fielddata/ScriptDocValues.java","30","0","1","55","340","435","1"
"hazelcast","3aebc8d474501cbcb45fbcc77790438437e3684b","hazelcast-client/src/main/java/com/hazelcast/client/proxy/ClientMapProxy.java","30","0","1","57","489","585","0"
"elasticsearch","7454c7c1924405cff3082ddbf74b769f4fd865be","src/main/java/org/elasticsearch/gateway/local/LocalGateway.java","30","0","1","6","161","211","0"
"elasticsearch","a872c88f03b50b34036617dcc9ed36a0110bc84e","src/main/java/org/elasticsearch/gateway/local/LocalGateway.java","30","0","1","6","161","213","0"
"elasticsearch","3f6a3c01dadb1951b597ffdbd068359a2fbc84c8","core/src/test/java/org/elasticsearch/cluster/routing/allocation/RandomAllocationDeciderTests.java","30","0","1","6","167","215","1"
"elasticsearch","19ff93b09af046d5a5223265698e90ce40b3040d","modules/elasticsearch/src/main/java/org/elasticsearch/index/analysis/SynonymTokenFilterFactory.java","30","0","1","6","176","255","0"
"netty","1cc04e7ddadd5fbe2471dfbb111c4d63ddb0599d","codec-http/src/main/java/io/netty/handler/codec/http/HttpContentEncoder.java","30","0","1","6","179","284","0"
"netty","fcba55329c1bc7072d8c9a0e43f382c139a710ab","codec-http/src/main/java/io/netty/handler/codec/http/HttpContentEncoder.java","30","0","1","6","181","286","0"
"orientdb","80bcaebf6afbb4e77d68a6eb4844de540f62458b","core/src/main/java/com/orientechnologies/orient/core/sql/OCommandExecutorSQLLiveSelect.java","30","0","1","6","184","233","0"
"BroadleafCommerce","0b7138a2f45e718d9ed1b1808581fd2714e53f4a","core/broadleaf-framework-web/src/main/java/org/broadleafcommerce/core/web/processor/UncacheableDataProcessor.java","30","0","1","6","190","263","0"
"elasticsearch","235452329a4ec8b3b7b25080e9171cc9f6115de9","core/src/main/java/org/elasticsearch/index/percolator/PercolatorQueriesRegistry.java","30","0","1","6","246","330","1"
"elasticsearch","fbae6e940b0f7932022ea3da727079219e2dc3bb","src/main/java/org/elasticsearch/index/percolator/PercolatorQueriesRegistry.java","30","0","1","6","256","318","2"
"elasticsearch","38f038f899f2b321a4d691343514b0392411bbbc","src/main/java/org/elasticsearch/index/percolator/PercolatorQueriesRegistry.java","30","0","1","6","257","319","0"
"elasticsearch","596d511466c279c8f5e808599c3aff19e029c477","src/main/java/org/elasticsearch/index/percolator/PercolatorQueriesRegistry.java","30","0","1","6","257","319","0"
"elasticsearch","fda6ca4869182a2dfc082490c183eadf8f4e3d05","src/main/java/org/elasticsearch/index/percolator/PercolatorQueriesRegistry.java","30","0","1","6","257","319","1"
"neo4j","3599e18da72ec8de97cdc2b250bb7b4cbb86674b","community/server/src/main/java/org/neo4j/server/rest/transactional/TransactionHandle.java","30","0","1","6","311","373","0"
"neo4j","13e3d20860f871d1c13c10429f2d4d31d6180c8b","community/kernel/src/main/java/org/neo4j/kernel/impl/api/store/StorageLayer.java","30","0","1","69","629","738","1"
"orientdb","2be5212bdb27f0c211da918620ee66e176ce3b76","core/src/test/java/com/orientechnologies/orient/core/sql/OCommandExecutorSQLSelectTest.java","30","0","1","69","853","1083","5"
"netty","d5bf1a1187925f76329ec96bd4ea0913bc2d4815","codec-http/src/main/java/io/netty/handler/codec/http/HttpContentEncoder.java","30","0","1","7","200","309","0"
"elasticsearch","13805c2a23763da08a15c5f1de618edb95d340dc","test/framework/src/main/java/org/elasticsearch/test/rest/ESRestTestCase.java","30","0","1","7","256","369","1"
"orientdb","3234bb99b3d0e3c6b4c76b52d2d4b4c87560d7c5","core/src/test/java/com/orientechnologies/orient/core/sql/OCommandExecutorSQLSelectTest.java","30","0","1","70","871","1104","4"
"orientdb","18cd65a01da887f62ad650e02aa8a19049df9994","core/src/test/java/com/orientechnologies/orient/core/sql/OCommandExecutorSQLSelectTest.java","30","0","1","71","919","1162","5"
"elasticsearch","2e64edd4e7abaca0bd1f6488dbede37bc1ba88dc","modules/elasticsearch/src/main/java/org/elasticsearch/index/cache/id/simple/SimpleIdCache.java","30","0","1","8","185","259","0"
"elasticsearch","8db27cc5bcaf38067c6bd1f6abf93b023bffe78b","src/main/java/org/elasticsearch/index/cache/id/simple/SimpleIdCache.java","30","0","1","8","191","265","1"
"elasticsearch","2a6e6866bd6a25f469c07ba0766edec6272e93ac","core/src/main/java/org/elasticsearch/search/aggregations/bucket/significant/SignificantTermsAggregatorFactory.java","30","0","1","8","253","328","1"
"elasticsearch","adccdbb3cf60145935d4bc1625005a53fbcf2dea","core/src/main/java/org/elasticsearch/search/aggregations/bucket/significant/SignificantTermsAggregatorFactory.java","30","0","1","8","253","328","1"
"elasticsearch","d5d0f140d6a362a3b069dd55597506f91c97805e","core/src/main/java/org/elasticsearch/search/aggregations/bucket/significant/SignificantTermsAggregatorFactory.java","30","0","1","8","253","328","0"
"elasticsearch","3aed047bdedde1bda189cbfc2f81e65af42e57c5","core/src/main/java/org/elasticsearch/search/aggregations/bucket/significant/SignificantTermsAggregatorFactory.java","30","0","1","8","256","331","0"
"elasticsearch","ce7195d81abafd0a880ebbc2d1514ab608e56b79","core/src/main/java/org/elasticsearch/search/aggregations/bucket/significant/SignificantTermsAggregatorFactory.java","30","0","1","8","288","369","0"
"elasticsearch","e458d4fd93136cfc42708d9311d05bee36f69321","src/main/java/org/elasticsearch/index/search/child/ParentQuery.java","30","0","1","8","318","396","0"
"hazelcast","1f042b8c4a4245594691bb6d85a66ceed9b43068","hazelcast/src/test/java/com/hazelcast/internal/ascii/MemcacheTest.java","30","0","1","9","227","264","1"
"hazelcast","70d4de16ff0ac4518d09aad8c9f2ad9e782fb337","hazelcast/src/test/java/com/hazelcast/internal/ascii/MemcacheTest.java","30","0","1","9","227","264","2"
"hazelcast","2921cff694583b8638dae2991f427e61d5440a9d","hazelcast/src/test/java/com/hazelcast/internal/ascii/MemcacheTest.java","30","0","1","9","227","264","0"
"hazelcast","d568e4d926d925d57d4e79e34614390416749301","hazelcast/src/test/java/com/hazelcast/internal/ascii/MemcacheTest.java","30","0","1","9","228","265","0"
"BroadleafCommerce","2165174b7a2ab0631afe178e161297c13bc468c4","common/src/main/java/org/broadleafcommerce/common/resource/service/ResourceBundlingServiceImpl.java","30","0","1","9","237","334","0"
"BroadleafCommerce","5261324c4a823223f0c5a2c8b6a80e12fa172a8a","common/src/main/java/org/broadleafcommerce/common/resource/service/ResourceBundlingServiceImpl.java","30","0","1","9","237","334","0"
"BroadleafCommerce","856710bd0fb8acb02d2c375dc5b636edc53e2972","common/src/main/java/org/broadleafcommerce/common/resource/service/ResourceBundlingServiceImpl.java","30","0","1","9","237","334","0"
"BroadleafCommerce","766ecec138b439ea0b874ba94e5f37fbf10ae47d","common/src/main/java/org/broadleafcommerce/common/resource/service/ResourceBundlingServiceImpl.java","30","0","1","9","237","334","1"
"elasticsearch","4b2e4becc7c4541923a87c9be879ee0ce688bf20","src/main/java/org/elasticsearch/index/mapper/DocumentMapperParser.java","30","0","1","9","253","310","0"
"orientdb","aa420275d10b70a2e2d334f0182a8f300a229554","core/src/main/java/com/orientechnologies/common/util/OMemory.java","30","0","10","0","149","251","1"
"oryx","fddb336ac30ea3fb0bde91c61ef043f523d7d9fe","app/oryx-app-common/src/main/java/com/cloudera/oryx/app/pmml/AppPMMLUtils.java","30","0","10","3","173","265","0"
"orientdb","a92b5145e7e20707fd04df3a752691a934d0d3c9","core/src/main/java/com/orientechnologies/orient/core/serialization/OMemoryStream.java","30","0","11","38","306","478","1"
"orientdb","b8e6c27d884e64b125b691a0b066979dad05e2b7","core/src/main/java/com/orientechnologies/orient/core/serialization/OMemoryStream.java","30","0","12","39","313","490","0"
"elasticsearch","149ef74b26bb33d3a1d3c1c45c481a01345cd764","core/src/main/java/org/elasticsearch/search/aggregations/support/ValuesSourceAggregationBuilder.java","30","0","12","4","243","361","0"
"elasticsearch","2e445d3ede953c90e4e1ce69e5f53192115b9dd7","core/src/main/java/org/elasticsearch/index/fielddata/IndexFieldData.java","30","0","13","10","143","247","1"
"elasticsearch","5828796848674b656807406947f050626035845a","core/src/main/java/org/elasticsearch/index/fielddata/IndexFieldData.java","30","0","13","10","144","248","0"
"netty","c6d43667d491cdc8327db000dfe261bea0ad4bbb","codec-http/src/main/java/io/netty/handler/codec/http/websocketx/WebSocketClientHandshaker.java","30","0","14","0","227","410","2"
"hazelcast","8fb478edd7f05c3874592dfd54abd9bd62b8e5d3","hazelcast/src/main/java/com/hazelcast/spi/Operation.java","30","0","14","24","311","557","1"
"hazelcast","9edfab7f3f59aa6703b54c44ea249fa6da524874","hazelcast/src/main/java/com/hazelcast/spi/Operation.java","30","0","14","24","311","558","1"
"elasticsearch","0556c93920af457c0dfb41dc2f52013ebc3e136e","test/framework/src/main/java/org/elasticsearch/test/disruption/NetworkDisruption.java","30","0","16","35","297","454","1"
"elasticsearch","577dcb32374cf2528a5deadf0a57f1ea1d5a9cbd","test/framework/src/main/java/org/elasticsearch/test/disruption/NetworkDisruption.java","30","0","16","38","306","466","0"
"orientdb","638a4566b7ab47102ba8c7edcde1c56e535163e8","core/src/main/java/com/orientechnologies/orient/core/sql/OCommandExecutorSQLAbstract.java","30","0","2","1","165","247","0"
"elasticsearch","f71c9a25a182f05a7b54f3b773921b763981c2a5","core/src/main/java/org/elasticsearch/cluster/metadata/MetaDataIndexUpgradeService.java","30","0","2","1","224","326","1"
"elasticsearch","7119ffa7bcb46e043afce45c137fa93c4ff91e72","src/test/java/org/elasticsearch/document/BulkTests.java","30","0","2","11","483","601","2"
"netty","e71a521284359be8a55e7ece5910689f0cfe9ed4","codec-http/src/main/java/io/netty/handler/codec/http/multipart/AbstractMemoryHttpData.java","30","0","2","12","192","238","0"
"elasticsearch","b46d017e5c20538bf8f753935a80a081ed93d1fb","src/test/java/org/elasticsearch/document/BulkTests.java","30","0","2","12","513","634","1"
"elasticsearch","44097b358def60c1a06632bf43e6419d00e6b6d4","src/test/java/org/elasticsearch/document/BulkTests.java","30","0","2","13","565","696","2"
"netty","3482651e0c29edfa02f189751c704ebe4fe8f54c","common/src/main/java/io/netty/util/internal/DefaultPriorityQueue.java","30","0","2","14","205","292","0"
"elasticsearch","0a69f1e283e26e5d9e6a000b68b9f4778de557a1","core/src/test/java/org/elasticsearch/search/innerhits/InnerHitsIT.java","30","0","2","17","1097","1222","3"
"elasticsearch","5a64f08f048461a63a0ca1354a5050c954e63d52","core/src/test/java/org/elasticsearch/search/innerhits/InnerHitsIT.java","30","0","2","17","1098","1223","1"
"elasticsearch","bb15def36e87ab7fffb803bdd146a89f38b0f48f","src/main/java/org/elasticsearch/index/indexing/ShardIndexingService.java","30","0","2","17","216","273","1"
"elasticsearch","d3dc158458640242f5a583199bba2fbfb622ce9c","src/main/java/org/elasticsearch/index/indexing/ShardIndexingService.java","30","0","2","17","217","274","2"
"elasticsearch","6c34452409d2cc468daced1811db60cd81c6fe95","core/src/test/java/org/elasticsearch/search/innerhits/InnerHitsIT.java","30","0","2","18","1117","1246","1"
"MapDB","4e428b3d514575952aa0decb2607f9a6950d4e39","src/main/java/org/mapdb/CompressLZF.java","30","0","2","2","187","371","1"
"hazelcast","9f2e3b5a4595a381d73b411839c452d397fb8eef","hazelcast/src/main/java/com/hazelcast/map/impl/eviction/EvictionChecker.java","30","0","2","2","218","295","0"
"MapDB","939644c06afd0fad14c8a3c6287b2538fce85964","src/main/java/org/mapdb/TxMaker.java","30","0","2","3","221","298","1"
"MapDB","16becd4cfa393c94dd03a4261e8766d70a170978","src/main/java/org/mapdb/TxMaker.java","30","0","2","3","225","312","0"
"hazelcast","1f042b8c4a4245594691bb6d85a66ceed9b43068","hazelcast-client/src/test/java/com/hazelcast/client/ClientRegressionWithMockNetworkTest.java","30","0","2","34","610","792","2"
"hazelcast","934929958888f0ee66fecccaadf2e7181cbaa9c2","hazelcast-client/src/test/java/com/hazelcast/client/ClientRegressionWithMockNetworkTest.java","30","0","2","34","612","794","3"
"hazelcast","6b2fbbcb689c6b1a6da417d3f63067528bb1ae86","hazelcast-client/src/test/java/com/hazelcast/client/ClientRegressionWithMockNetworkTest.java","30","0","2","34","615","797","2"
"hazelcast","7c9eca04f5b553403367c3372c2e015b643fcb97","hazelcast-client/src/test/java/com/hazelcast/client/ClientRegressionWithMockNetworkTest.java","30","0","2","35","625","808","1"
"orientdb","46bbcabde62c2b9e61ebaf45dc23f16d9dee7f02","core/src/main/java/com/orientechnologies/orient/core/sql/OCommandExecutorSQLTruncateClass.java","30","0","2","4","134","187","1"
"orientdb","b56dbdca3950a521c762029daf286bf0e06d8fa1","core/src/main/java/com/orientechnologies/orient/core/sql/OCommandExecutorSQLTruncateClass.java","30","0","2","4","134","187","1"
"orientdb","8c01cab5ac79b59b9f3500f6c524b0ddcdac4804","core/src/main/java/com/orientechnologies/orient/core/sql/OCommandExecutorSQLTruncateClass.java","30","0","2","4","134","187","0"
"orientdb","136db63960bbf53514691bf5a0bb8361a5ea5361","core/src/main/java/com/orientechnologies/orient/core/sql/OCommandExecutorSQLTruncateClass.java","30","0","2","4","135","188","0"
"BroadleafCommerce","00554f66a115324275a4f4f4176ea7c5adedd633","core/broadleaf-framework/src/main/java/org/broadleafcommerce/core/pricing/service/workflow/FulfillmentItemPricingActivity.java","30","0","2","5","198","311","0"
"BroadleafCommerce","0b4d9ac4b3d46f098e7751b167c3334f6743666f","core/broadleaf-framework/src/main/java/org/broadleafcommerce/core/pricing/service/workflow/FulfillmentItemPricingActivity.java","30","0","2","5","198","316","1"
"BroadleafCommerce","93c5d12eeee608f7c749cc4ea02ef8dd54a241f2","core/broadleaf-framework/src/main/java/org/broadleafcommerce/core/pricing/service/workflow/FulfillmentItemPricingActivity.java","30","0","2","5","199","315","1"
"BroadleafCommerce","fdc7d18692bbea8a677af04f5c9dc56a0a6946f1","core/broadleaf-framework/src/main/java/org/broadleafcommerce/core/pricing/service/workflow/FulfillmentItemPricingActivity.java","30","0","2","5","199","320","1"
"BroadleafCommerce","cd4dba4517e56b14042e5ed1567e933ca3904efd","core/broadleaf-framework/src/main/java/org/broadleafcommerce/core/pricing/service/workflow/FulfillmentItemPricingActivity.java","30","0","2","6","205","326","0"
"elasticsearch","0a69f1e283e26e5d9e6a000b68b9f4778de557a1","core/src/test/java/org/elasticsearch/indices/memory/breaker/RandomExceptionCircuitBreakerIT.java","30","0","2","6","223","284","2"
"elasticsearch","5a64f08f048461a63a0ca1354a5050c954e63d52","core/src/test/java/org/elasticsearch/indices/memory/breaker/RandomExceptionCircuitBreakerIT.java","30","0","2","7","231","293","0"
"elasticsearch","e74d02138f02a66331b2611b5e70a908bb49cb97","core/src/main/java/org/elasticsearch/indices/recovery/RecoveryTargetService.java","30","0","2","7","416","533","0"
"hazelcast","60bfdcc3970902ca0db0a92df110fdcd6bb4ec99","hazelcast/src/test/java/com/hazelcast/map/NearCacheTest.java","30","0","2","9","313","412","1"
"hazelcast","a393c111fc0706fc3cbe2062c8df95baa1a86e80","hazelcast/src/test/java/com/hazelcast/map/NearCacheTest.java","30","0","2","9","314","407","2"
"hazelcast","2570c8d0a3f044a52db63e4aa607ed58fbb2e915","hazelcast/src/test/java/com/hazelcast/map/NearCacheTest.java","30","0","2","9","314","413","3"
"elasticsearch","22870cc6c0f6744071b5c8801e14d29684035ad2","core/src/main/java/org/elasticsearch/action/bulk/BulkItemResponse.java","30","0","20","11","288","432","1"
"elasticsearch","d885fe62ea680989f1c27a9206f616cc5bae25ce","core/src/main/java/org/elasticsearch/index/query/SimpleQueryStringBuilder.java","30","0","22","1","255","398","0"
"elasticsearch","04e08f5e491477f573b9e3ac19ee4b57cf7886db","test/framework/src/main/java/org/elasticsearch/test/transport/MockTransportService.java","30","0","22","37","574","833","3"
"elasticsearch","be2a6ce80b2282779159bc017352aa6f216349e2","test/framework/src/main/java/org/elasticsearch/test/transport/MockTransportService.java","30","0","22","37","578","838","0"
"elasticsearch","b379bf5668c5bf3a6edffbc2cd9ae97f29a8b7d6","src/main/java/org/elasticsearch/action/admin/cluster/snapshots/create/CreateSnapshotRequest.java","30","0","26","3","234","467","1"
"elasticsearch","fa16969360ea43667ad11f827bbf86718c18fcc6","src/main/java/org/elasticsearch/action/admin/cluster/snapshots/create/CreateSnapshotRequest.java","30","0","26","3","234","467","1"
"elasticsearch","10ec2e948a2f1426a5058ca3b2c2e39952f141d8","src/main/java/org/elasticsearch/action/admin/cluster/snapshots/create/CreateSnapshotRequest.java","30","0","26","3","234","467","0"
"elasticsearch","31ecf1db98ba9822ca5eccd23dc3a09a06e91818","src/main/java/org/elasticsearch/action/admin/cluster/snapshots/create/CreateSnapshotRequest.java","30","0","28","3","240","489","1"
"elasticsearch","04c16b7ba5658c928b9bdd7201ef41ab151540ae","src/main/java/org/elasticsearch/action/admin/cluster/snapshots/create/CreateSnapshotRequest.java","30","0","28","3","241","490","0"
"elasticsearch","df8a971966b25d9b7025a6421e92f1b42685992c","core/src/main/java/org/elasticsearch/node/service/NodeService.java","30","0","3","10","153","204","0"
"elasticsearch","09fc9485c6fa33809944ddddb09a8276f88967ed","core/src/main/java/org/elasticsearch/node/service/NodeService.java","30","0","3","10","154","205","0"
"elasticsearch","7ab0e2c5321c802068d85c0fa3a0f44e0b02c5a4","core/src/test/java/org/elasticsearch/search/suggest/SuggestSearchIT.java","30","0","3","17","1048","1284","1"
"netty","7e615387905fab9a3350b91a4cb4e8adf8e6d656","transport/src/main/java/io/netty/channel/socket/oio/OioDatagramChannel.java","30","0","3","23","339","425","0"
"elasticsearch","55099df1cb7f09e878a39f15592201c0f02cae4d","core/src/test/java/org/elasticsearch/common/io/stream/BytesStreamsTests.java","30","0","3","33","617","816","0"
"netty","e6ca9882a107c34cf6358c8d7a68561025f06016","codec-http/src/main/java/io/netty/handler/codec/http/DefaultHttpHeaders.java","30","0","3","39","340","448","1"
"netty","a06295fe0ad72358f980d09feb8c971613793527","codec/src/main/java/io/netty/handler/codec/ByteToMessageDecoder.java","30","0","3","4","173","290","0"
"netty","9f88552f12c64ba3d8aafd36b56530860e6b076b","codec/src/main/java/io/netty/handler/codec/ByteToMessageDecoder.java","30","0","3","4","176","290","0"
"netty","9a88c50ffb1233a95d89b83d01d6c9673c8641e7","codec/src/main/java/io/netty/handler/codec/ByteToMessageDecoder.java","30","0","3","4","177","291","0"
"netty","086ae3536cfd10411a36f4aba475e2e348f868b8","codec/src/main/java/io/netty/handler/codec/ByteToMessageDecoder.java","30","0","3","4","180","282","0"
"BroadleafCommerce","67ffb9c79534286cb9b05a3c32b2eefb3a336600","core/broadleaf-framework/src/main/java/org/broadleafcommerce/core/offer/domain/OfferImpl.java","30","0","3","66","666","829","1"
"BroadleafCommerce","75dcaf2c8da7e6833960df5b84be41ef527bd32b","core/broadleaf-framework/src/main/java/org/broadleafcommerce/core/offer/domain/OfferImpl.java","30","0","3","66","666","829","1"
"BroadleafCommerce","cbbfb20ec00bd8509e5a03dd57732d5b0a922d0d","core/broadleaf-framework/src/main/java/org/broadleafcommerce/core/offer/domain/OfferImpl.java","30","0","3","66","666","829","1"
"BroadleafCommerce","a600ac52945a7ee2f172cbdfdf466a6e37d63fc2","core/broadleaf-framework/src/main/java/org/broadleafcommerce/core/offer/domain/OfferImpl.java","30","0","3","66","666","829","0"
"BroadleafCommerce","9a2399ccabc71c63572c786cacfa9d17404bf0db","core/broadleaf-framework/src/main/java/org/broadleafcommerce/core/offer/domain/OfferImpl.java","30","0","3","66","668","831","0"
"elasticsearch","c13df3b6c5020c185c232c590132151896d48d03","core/src/test/java/org/elasticsearch/indices/memory/breaker/CircuitBreakerServiceIT.java","30","0","3","7","320","427","0"
"elasticsearch","0d5a2f25d3e31dda79589d967541b810cd3e692a","core/src/test/java/org/elasticsearch/indices/memory/breaker/CircuitBreakerServiceIT.java","30","0","3","7","321","427","0"
"elasticsearch","0e9186e1373b99e261d80317c836477b7cc31d66","core/src/main/java/org/elasticsearch/discovery/zen/UnicastZenPing.java","30","0","3","8","512","678","0"
"hazelcast","6aba33ee5d757172927ac84b505f40b8df54a879","hazelcast/src/main/java/com/hazelcast/map/impl/NearCache.java","30","0","3","9","216","269","1"
"elasticsearch","9745808c3f199218a42a7e37d5c3120ab5d700aa","src/main/java/org/elasticsearch/action/admin/indices/create/CreateIndexRequest.java","30","0","30","9","304","484","0"
"elasticsearch","78574d248cf10dad1c5a566fda79e1e0c94afe43","core/src/main/java/org/elasticsearch/action/admin/indices/create/CreateIndexRequest.java","30","0","31","10","311","491","1"
"elasticsearch","e6aaaf11ed4a1b8f595f920de1840938eddb7a97","core/src/main/java/org/elasticsearch/action/admin/indices/create/CreateIndexRequest.java","30","0","31","10","311","491","1"
"elasticsearch","a60b8948ba1d836a6eac7cff095519e618939ed8","core/src/main/java/org/elasticsearch/action/admin/indices/create/CreateIndexRequest.java","30","0","31","10","311","491","0"
"elasticsearch","e1efd5f6baf8dec1c23c79b346b8a29f234a98bb","core/src/main/java/org/elasticsearch/action/admin/indices/create/CreateIndexRequest.java","30","0","32","10","316","501","0"
"elasticsearch","1f04182b8164ffb19f3805c48d67f0375262b317","core/src/main/java/org/elasticsearch/action/admin/indices/create/CreateIndexRequest.java","30","0","32","9","316","501","0"
"elasticsearch","25fd9e26c4fb042d6f6dea14efcd239577bdbbc4","core/src/main/java/org/elasticsearch/action/admin/indices/create/CreateIndexRequest.java","30","0","33","11","325","529","0"
"elasticsearch","444dff7b40444bb19c5954562b723c0faeaa3fae","src/test/java/org/elasticsearch/search/aggregations/RandomTests.java","30","0","4","1","219","273","1"
"elasticsearch","428080b49a8032a0ae4af6ff06b306b33dc3ef7c","src/test/java/org/elasticsearch/search/aggregations/RandomTests.java","30","0","4","1","219","277","0"
"elasticsearch","f739abe89e89e999225b6e478ba530c344e8e946","src/main/java/org/elasticsearch/action/bench/BenchmarkExecutor.java","30","0","4","1","322","433","1"
"hazelcast","9edfab7f3f59aa6703b54c44ea249fa6da524874","hazelcast/src/main/java/com/hazelcast/map/impl/MapKeyLoader.java","30","0","4","11","334","466","0"
"hazelcast","d6b5a28cdd0898e8bc92c1ebc6cf1ca25e79afe5","hazelcast/src/main/java/com/hazelcast/map/impl/MapKeyLoader.java","30","0","4","11","334","466","0"
"hazelcast","dcde89bc0b97ab0e39eb414a65730066e6ac0237","hazelcast/src/main/java/com/hazelcast/map/impl/MapKeyLoader.java","30","0","4","11","334","466","2"
"elasticsearch","a7779d8e1d4af96b6c461e0e2341ac7699610067","src/test/java/org/elasticsearch/index/query/SimpleIndexQueryParserTests.java","30","0","4","175","2271","2594","2"
"elasticsearch","36884807b3cc9d660db4da062275c7fdbec8ba67","src/test/java/org/elasticsearch/index/query/SimpleIndexQueryParserTests.java","30","0","4","175","2292","2617","0"
"elasticsearch","784a26321bc1b116939adb32ffc1324e85b4ad89","src/test/java/org/elasticsearch/index/query/SimpleIndexQueryParserTests.java","30","0","4","176","2277","2601","0"
"elasticsearch","f749db26e86064d52d6e3304d5771d49a8f5ace0","src/main/java/org/elasticsearch/cluster/routing/allocation/decider/AwarenessAllocationDecider.java","30","0","4","3","141","251","0"
"netty","bd42987143958b4a5232f76229b914249a51cddf","transport/src/main/java/io/netty/channel/pool/FixedChannelPool.java","30","0","4","4","255","383","0"
"elasticsearch","b41c44370ed46a9bdae8a0986190b38d9aab640f","core/src/test/java/org/elasticsearch/search/functionscore/QueryRescorerIT.java","30","0","4","7","589","709","1"
"elasticsearch","48cb06c9cf50d4c459e14e5576e34e9d7265b517","src/main/java/org/elasticsearch/action/mlt/MoreLikeThisRequest.java","30","0","47","9","398","673","0"
"oryx","efcdff4c4e8f2827aae55879bbb778cd0f7dd99c","oryx-ml/src/main/java/com/cloudera/oryx/ml/MLUpdate.java","30","0","5","1","260","369","0"
"oryx","58153f886aa4d625048774f3570def750710bec1","oryx-ml/src/main/java/com/cloudera/oryx/ml/MLUpdate.java","30","0","5","1","261","370","1"
"oryx","b004d50468963f3cef8e1ba1a319035ba8e17381","framework/oryx-ml/src/main/java/com/cloudera/oryx/ml/MLUpdate.java","30","0","5","1","265","378","0"
"elasticsearch","71166c020adcc862b06153601a7b31ce94fc89e8","core/src/main/java/org/elasticsearch/index/shard/ShardPath.java","30","0","5","12","173","248","0"
"antlr4","43b04f02f6526653aa80ce914778a60d3c04f94f","tool/src/org/antlr/v4/tool/ast/GrammarAST.java","30","0","5","19","169","250","0"
"antlr4","b80c10c56ce341fe7d4828b38a16b443ec98680f","tool/src/org/antlr/v4/tool/ast/GrammarAST.java","30","0","5","19","174","255","1"
"netty","751943ed00e864f1104806c7e03a1207797cf1b6","transport/src/main/java/io/netty/channel/nio/AbstractNioChannel.java","30","0","5","4","233","357","0"
"elasticsearch","371c73e14023917f3892090d2d3d7ff9ac1216b9","core/src/main/java/org/elasticsearch/search/aggregations/pipeline/bucketscript/BucketScriptPipelineAggregatorBuilder.java","30","0","5","5","205","266","3"
"elasticsearch","78574d248cf10dad1c5a566fda79e1e0c94afe43","core/src/main/java/org/elasticsearch/search/aggregations/pipeline/bucketscript/BucketScriptPipelineAggregatorBuilder.java","30","0","5","5","205","266","2"
"elasticsearch","e6aaaf11ed4a1b8f595f920de1840938eddb7a97","core/src/main/java/org/elasticsearch/search/aggregations/pipeline/bucketscript/BucketScriptPipelineAggregatorBuilder.java","30","0","5","5","205","266","2"
"elasticsearch","a60b8948ba1d836a6eac7cff095519e618939ed8","core/src/main/java/org/elasticsearch/search/aggregations/pipeline/bucketscript/BucketScriptPipelineAggregatorBuilder.java","30","0","5","5","205","266","0"
"orientdb","eb87fd13a08a35e51b139724421fa7adb04049f3","core/src/main/java/com/orientechnologies/orient/core/storage/impl/memory/ODirectMemoryOnlyDiskCache.java","30","0","5","53","516","683","1"
"elasticsearch","371c73e14023917f3892090d2d3d7ff9ac1216b9","core/src/main/java/org/elasticsearch/index/query/IndicesQueryBuilder.java","30","0","5","6","188","258","3"
"elasticsearch","78574d248cf10dad1c5a566fda79e1e0c94afe43","core/src/main/java/org/elasticsearch/index/query/IndicesQueryBuilder.java","30","0","5","6","188","258","2"
"elasticsearch","e6aaaf11ed4a1b8f595f920de1840938eddb7a97","core/src/main/java/org/elasticsearch/index/query/IndicesQueryBuilder.java","30","0","5","6","188","258","2"
"elasticsearch","a60b8948ba1d836a6eac7cff095519e618939ed8","core/src/main/java/org/elasticsearch/index/query/IndicesQueryBuilder.java","30","0","5","6","188","258","0"
"elasticsearch","8d321530de539bfa3e09d10e4fd15d3ab05b0c05","src/main/java/org/elasticsearch/cluster/routing/allocation/command/CancelAllocationCommand.java","30","0","5","7","152","220","0"
"elasticsearch","30c6f2fa23c9db62acdbc7d7bfb643e8182c4d67","src/main/java/org/elasticsearch/cluster/routing/allocation/command/CancelAllocationCommand.java","30","0","5","7","153","222","1"
"BroadleafCommerce","6581bb4bda7da43fd221c6d4bbbb2e3110928e56","core/broadleaf-framework/src/main/java/org/broadleafcommerce/core/offer/domain/OfferImpl.java","30","0","5","83","778","978","0"
"BroadleafCommerce","66ae8f00a336acfd1569bda8752f26ebae85a7dc","core/broadleaf-framework/src/main/java/org/broadleafcommerce/core/offer/domain/OfferImpl.java","30","0","5","83","780","980","0"
"netty","0bc30a123e88bc7b038e0c260937581097a903f7","codec-http/src/main/java/io/netty/handler/codec/http/cookie/ServerCookieEncoder.java","30","0","6","0","120","221","1"
"netty","f755e584638e20a4ae62466dd4b7a14954650348","codec-http/src/main/java/io/netty/handler/codec/http/cookie/ServerCookieEncoder.java","30","0","6","0","125","227","0"
"antlr4","f143495ab2efb743c4c719546d8f3cc70b22df9d","runtime/Java/src/org/antlr/v4/runtime/UnbufferedCharStream.java","30","0","6","10","179","329","1"
"elasticsearch","25fd9e26c4fb042d6f6dea14efcd239577bdbbc4","core/src/main/java/org/apache/logging/log4j/core/jmx/Server.java","30","0","6","2","269","393","0"
"elasticsearch","b61dc6d69c7dd519f825e59624b8f6cbdeb8725c","core/src/main/java/org/elasticsearch/common/xcontent/ObjectParser.java","30","0","6","26","249","358","0"
"netty","fa805c4c1308fd3a22d37e1ffcde96c0e898371b","transport/src/main/java/io/netty/bootstrap/ServerBootstrap.java","30","0","6","3","204","275","1"
"netty","2adebc4c54ae98565db8e2a3c02b2ffaa0c101fe","transport/src/main/java/io/netty/bootstrap/ServerBootstrap.java","30","0","6","3","205","276","1"
"netty","81e2db10faaf0389f4e1af8c7132210946203157","transport/src/main/java/io/netty/bootstrap/ServerBootstrap.java","30","0","6","3","209","282","0"
"orientdb","76ffdc9fe1e541460329297a955e8494c36be8f5","core/src/main/java/com/orientechnologies/orient/core/iterator/ORecordIteratorCluster.java","30","0","6","4","159","273","1"
"orientdb","c1f0f046093d166b58193818b359c73d4a50c228","core/src/main/java/com/orientechnologies/orient/core/iterator/ORecordIteratorCluster.java","30","0","6","5","165","280","0"
"netty","1208b90f57b12b081074e02cdd543992c7f1e6d9","handler/src/main/java/io/netty/handler/ssl/SniHandler.java","30","0","6","8","259","398","1"
"netty","f97866dbc6e7edc987de9bf7d31f563ce726833e","handler/src/main/java/io/netty/handler/ssl/SniHandler.java","30","0","6","8","266","420","0"
"mcMMO","87ac1002de7e3c0dd3bf4f89bdebbfd2c62c3f30","src/main/java/com/gmail/nossr50/skills/taming/TamingManager.java","30","0","7","12","190","285","1"
"hazelcast","5b10680e77491d29c776d815fa4264ba3c265112","hazelcast-client-new/src/main/java/com/hazelcast/client/proxy/ClientExecutorServiceProxy.java","30","0","7","36","503","626","0"
"hazelcast","a4035afdfc67b757940a15578bc51b4e7b6b0b13","hazelcast-client-new/src/main/java/com/hazelcast/client/proxy/ClientExecutorServiceProxy.java","30","0","7","36","503","626","0"
"hazelcast","c283f04cab711308ed3018d4e448e35b9061e0d2","hazelcast-client-new/src/main/java/com/hazelcast/client/proxy/ClientExecutorServiceProxy.java","30","0","7","36","503","626","0"
"hazelcast","d38202141395360399c9cf97d4453adf5b1581e1","hazelcast-client-new/src/main/java/com/hazelcast/client/proxy/ClientExecutorServiceProxy.java","30","0","7","36","503","626","1"
"hazelcast","eed2a8c40d592a8e99645faac48f99069eaeaab2","hazelcast-client-new/src/main/java/com/hazelcast/client/proxy/ClientExecutorServiceProxy.java","30","0","7","36","503","626","1"
"elasticsearch","41d8fbe8f51abd499c9b497238bc5f2141b7926b","core/src/main/java/org/elasticsearch/common/network/MulticastChannel.java","30","0","7","7","269","384","1"
"elasticsearch","164efaecbe42195f08ada58b5fde927ab21fc6e7","plugins/discovery-multicast/src/main/java/org/elasticsearch/plugin/discovery/multicast/MulticastChannel.java","30","0","7","7","271","387","0"
"elasticsearch","dc900a08a6c6f346656105fa0e2484ed186f8461","core/src/test/java/org/elasticsearch/search/suggest/SuggestSearchIT.java","30","0","8","12","1052","1292","0"
"elasticsearch","beb7e16a433d0ac8371e8131250fc31bfa6444de","core/src/main/java/org/elasticsearch/action/admin/cluster/health/ClusterHealthResponse.java","30","0","8","19","316","416","1"
"elasticsearch","371c73e14023917f3892090d2d3d7ff9ac1216b9","core/src/main/java/org/elasticsearch/index/query/FuzzyQueryBuilder.java","30","0","9","14","247","374","3"
"elasticsearch","78574d248cf10dad1c5a566fda79e1e0c94afe43","core/src/main/java/org/elasticsearch/index/query/FuzzyQueryBuilder.java","30","0","9","14","247","374","2"
"elasticsearch","e6aaaf11ed4a1b8f595f920de1840938eddb7a97","core/src/main/java/org/elasticsearch/index/query/FuzzyQueryBuilder.java","30","0","9","14","247","374","2"
"elasticsearch","a60b8948ba1d836a6eac7cff095519e618939ed8","core/src/main/java/org/elasticsearch/index/query/FuzzyQueryBuilder.java","30","0","9","14","247","374","0"
"elasticsearch","371c73e14023917f3892090d2d3d7ff9ac1216b9","core/src/main/java/org/elasticsearch/index/query/SpanNotQueryBuilder.java","30","0","9","3","181","271","3"
"elasticsearch","78574d248cf10dad1c5a566fda79e1e0c94afe43","core/src/main/java/org/elasticsearch/index/query/SpanNotQueryBuilder.java","30","0","9","3","181","271","2"
"elasticsearch","e6aaaf11ed4a1b8f595f920de1840938eddb7a97","core/src/main/java/org/elasticsearch/index/query/SpanNotQueryBuilder.java","30","0","9","3","181","271","2"
"elasticsearch","a60b8948ba1d836a6eac7cff095519e618939ed8","core/src/main/java/org/elasticsearch/index/query/SpanNotQueryBuilder.java","30","0","9","3","181","271","0"
"oryx","7f8f3cdde532d5bd1f8f41ab31e10719ed4ab984","oryx-app-common/src/main/java/com/cloudera/oryx/app/pmml/AppPMMLUtils.java","30","0","9","4","175","264","0"
"elasticsearch","28fd684eef75592346e72c92177e7dd86af82608","core/src/main/java/org/elasticsearch/ingest/ConfigurationUtils.java","30","0","9","4","181","278","0"
"elasticsearch","3a82c613e43ebfaa010e5cf5e79cc54cee2d9468","core/src/main/java/org/elasticsearch/ingest/ConfigurationUtils.java","30","0","9","5","185","283","1"
"netty","6cf2748dbb49485b7f0851054dd0ad1776f0c5bd","codec/src/main/java/io/netty/handler/codec/compression/JZlibEncoder.java","30","0","9","5","224","402","0"
"netty","3f7b674db8c9c2fc562b95327e089bb3603c9009","codec/src/main/java/io/netty/handler/codec/compression/JZlibEncoder.java","30","0","9","5","227","407","0"
"orientdb","9bdd162585b56e86b180227805d33351ec66fcfa","core/src/main/java/com/orientechnologies/orient/core/storage/cache/local/OWOWCache.java","300","0","5","47","2023","3005","1"
"orientdb","cc0a317b054f936099eb2628cc720148b99d219a","core/src/main/java/com/orientechnologies/orient/core/storage/cache/local/OWOWCache.java","301","0","5","48","2043","3028","0"
"orientdb","10819e795652509873433f763b217749650d6adb","core/src/main/java/com/orientechnologies/orient/core/storage/impl/local/OAbstractPaginatedStorage.java","303","0","3","74","1999","2618","1"
"orientdb","34381efb703cf53e336dfd3605533e5ce33e452c","core/src/main/java/com/orientechnologies/orient/core/storage/impl/local/OAbstractPaginatedStorage.java","304","0","3","72","1843","2417","1"
"orientdb","bbbb777e4073e4214e47e2134379d96dcb54486a","core/src/main/java/com/orientechnologies/orient/core/storage/impl/local/OAbstractPaginatedStorage.java","304","0","3","74","2001","2622","3"
"orientdb","2ee3b61558840a5368bca7909740f1b6b1cce1b3","core/src/main/java/com/orientechnologies/orient/core/storage/impl/local/OAbstractPaginatedStorage.java","305","0","3","76","2002","2625","3"
"orientdb","693119e3f1dab4ea8b67a35575ba1f7d1c0a970b","core/src/main/java/com/orientechnologies/orient/core/storage/impl/local/OAbstractPaginatedStorage.java","305","0","3","76","2011","2634","2"
"BroadleafCommerce","426027b921471cf5821fc1376fa2096eb77bd9f8","admin/broadleaf-open-admin-platform/src/main/java/org/broadleafcommerce/openadmin/web/service/FormBuilderServiceImpl.java","306","0","1","21","1469","1900","1"
"orientdb","1a8d4d6d1b489ef24d1343a420d687ef4934f214","core/src/main/java/com/orientechnologies/orient/core/metadata/schema/OClassImpl.java","306","0","5","106","2127","2667","1"
"ceylon-ide-eclipse","41f91a2811a2df7ec236186ad6619810a2b5fa1e","plugins/com.redhat.ceylon.eclipse.ui/src/com/redhat/ceylon/eclipse/core/model/JDTModelLoader.java","307","0","2","62","1544","1814","0"
"ceylon-ide-eclipse","2befbdc0e199381878803baeba1212fafadb1a93","plugins/com.redhat.ceylon.eclipse.ui/src/com/redhat/ceylon/eclipse/core/model/JDTModelLoader.java","308","0","2","62","1548","1818","1"
"orientdb","4efad7d79eff8fefd7e2a361c364c193238871c5","core/src/main/java/com/orientechnologies/orient/core/storage/impl/local/OAbstractPaginatedStorage.java","308","0","3","76","2025","2649","2"
"orientdb","f2c3273e9f37bffc0c99099735b1a09364360430","core/src/main/java/com/orientechnologies/orient/core/storage/impl/local/OAbstractPaginatedStorage.java","308","0","3","76","2026","2650","1"
"orientdb","69ad5ecc3824911ac8d1bfbeab0d379043546afb","core/src/main/java/com/orientechnologies/orient/core/storage/impl/local/OAbstractPaginatedStorage.java","308","0","3","76","2198","2828","1"
"elasticsearch","25fd9e26c4fb042d6f6dea14efcd239577bdbbc4","core/src/main/java/org/elasticsearch/bootstrap/JNANatives.java","31","0","0","0","160","230","0"
"elasticsearch","56cc87b7ccd41040d8fafcaf2da3680d96d10839","core/src/main/java/org/elasticsearch/bootstrap/JNANatives.java","31","0","0","0","160","230","0"
"elasticsearch","e41eae9f059ea3fda8be50942b83c7cc0a20776c","core/src/main/java/org/elasticsearch/bootstrap/JNANatives.java","31","0","0","0","160","230","1"
"netty","9d555b0b97618c8bdee03a7fa20b3c0f1e8321dc","transport/src/main/java/io/netty/channel/socket/oio/AbstractOioWorker.java","31","0","0","0","162","242","0"
"elasticsearch","4decc72da6abc426b97789ad149b31eef9aad583","core/src/main/java/org/elasticsearch/index/shard/StoreRecovery.java","31","0","0","0","185","265","0"
"elasticsearch","371c73e14023917f3892090d2d3d7ff9ac1216b9","core/src/main/java/org/elasticsearch/bootstrap/Security.java","31","0","0","0","193","360","3"
"elasticsearch","3d13c27fa0df12018f35f1b20987c90277e9b6f9","core/src/main/java/org/elasticsearch/bootstrap/Security.java","31","0","0","0","193","360","1"
"elasticsearch","2bd09c4625898d77aa6c015c6f82cf973ed18cb7","core/src/main/java/org/elasticsearch/bootstrap/Security.java","31","0","0","0","193","360","0"
"elasticsearch","4c06c533e865954f6da0a0b395c63f44a11a98a1","src/main/java/org/elasticsearch/search/aggregations/bucket/terms/InternalOrder.java","31","0","0","0","198","284","1"
"netty","3d44aeca50682a33747d3c6e41fdfccf93c597f7","transport/src/main/java/io/netty/channel/socket/nio/NioEventLoop.java","31","0","0","0","201","317","1"
"netty","a1b668bb2f3f43ddcb37e1e7a448e5a02e4a78c5","transport/src/main/java/io/netty/channel/socket/nio/NioEventLoop.java","31","0","0","0","205","322","0"
"ceylon-ide-eclipse","3cb33660de43deb63a0b187966d5d9dd99672eba","plugins/com.redhat.ceylon.eclipse.ui/src/com/redhat/ceylon/eclipse/code/editor/FormatAction.java","31","0","0","0","210","241","0"
"ceylon-ide-eclipse","5b4c3eac8a7c12c0125a77343e602b4e73083595","plugins/com.redhat.ceylon.eclipse.ui/src/com/redhat/ceylon/eclipse/code/editor/FormatAction.java","31","0","0","0","214","245","0"
"ceylon-ide-eclipse","64a391fbabba6b9bc6b553abfa42466e0ca9673d","plugins/com.redhat.ceylon.eclipse.ui/src/com/redhat/ceylon/eclipse/code/editor/FormatAction.java","31","0","0","0","214","245","0"
"ceylon-ide-eclipse","d07fc67098fbbc0bc5bdc07fb518f75042d95444","plugins/com.redhat.ceylon.eclipse.ui/src/com/redhat/ceylon/eclipse/code/editor/FormatAction.java","31","0","0","0","214","245","0"
"ceylon-ide-eclipse","64b73d83546ef38e15b029a505fabaa71555941b","plugins/com.redhat.ceylon.eclipse.ui/src/com/redhat/ceylon/eclipse/code/editor/FormatAction.java","31","0","0","0","214","245","1"
"ceylon-ide-eclipse","8ac72e61b5d1d52fe7c350f205f667a031f6ac2c","plugins/com.redhat.ceylon.eclipse.ui/src/com/redhat/ceylon/eclipse/code/editor/FormatAction.java","31","0","0","0","216","247","0"
"elasticsearch","a6c154aa7ade6e74ef31dc639d477d20d7a3b7a6","src/main/java/org/elasticsearch/action/termvectors/TermVectorsWriter.java","31","0","0","0","226","291","0"
"elasticsearch","adf9bd90a488010c13af73895a2bdd0d9abc732e","core/src/main/java/org/elasticsearch/action/termvectors/TermVectorsWriter.java","31","0","0","0","230","296","2"
"elasticsearch","8fd363789128ab4db93258d6eaf34e40b9197018","core/src/main/java/org/elasticsearch/action/termvectors/TermVectorsWriter.java","31","0","0","0","241","310","0"
"hazelcast","a6095bdf9f484ab0b45ff2b0542c0ac66a2b3740","hazelcast/src/main/java/com/hazelcast/map/writebehind/WriteBehindQueueManager.java","31","0","0","0","251","332","1"
"hazelcast","d952e04f172888b73bbc45fd9d450292bf3b70ba","hazelcast/src/main/java/com/hazelcast/cache/impl/CacheEventHandler.java","31","0","0","0","265","339","0"
"hazelcast","f7b062e60d15715c41605a8dede75f345f84db89","hazelcast-client/src/main/java/com/hazelcast/client/spi/impl/ClientInvocationServiceSupport.java","31","0","0","0","270","345","0"
"hazelcast","00dcac7003d900a9c4f7b22645cb9d7e4fef8d8f","hazelcast-client/src/main/java/com/hazelcast/client/spi/impl/ClientInvocationServiceSupport.java","31","0","0","0","271","346","0"
"hazelcast","00cb4cd5f8f59d49dfb5376e2ce013ff0918dd8f","hazelcast-client/src/main/java/com/hazelcast/client/spi/impl/ClientInvocationServiceSupport.java","31","0","0","0","278","354","0"
"hazelcast","12c89254274d2c4379de64ed009e9cda5d724fdb","hazelcast-client/src/main/java/com/hazelcast/client/spi/impl/ClientInvocationServiceSupport.java","31","0","0","0","278","354","0"
"hazelcast","9e3a6441c2c27c97dd49730d16bff3dcf0f295ef","hazelcast-client/src/main/java/com/hazelcast/client/spi/impl/ClientInvocationServiceSupport.java","31","0","0","0","278","354","0"
"hazelcast","40599f3c1a0985c7953c537a378e86d290744a88","hazelcast-client/src/main/java/com/hazelcast/client/spi/impl/ClientInvocationServiceSupport.java","31","0","0","0","278","354","1"
"hazelcast","671d29112c6a1188e0734096c062717bb27a09df","hazelcast-client/src/main/java/com/hazelcast/client/spi/impl/ClientInvocationServiceSupport.java","31","0","0","0","278","354","1"
"netty","bf5960e9eb08396b7fdf17aad963f5e0c4dd1557","buffer/src/main/java/io/netty/buffer/PooledUnsafeDirectByteBuf.java","31","0","0","0","279","344","0"
"netty","f2f6d68d2e76fd10272949b7726423ddbf6e0377","buffer/src/main/java/io/netty/buffer/PooledUnsafeDirectByteBuf.java","31","0","0","0","279","344","0"
"netty","3ce9ab2e72235bf2ae45f57de11803249419cb69","buffer/src/main/java/io/netty/buffer/PooledUnsafeDirectByteBuf.java","31","0","0","0","279","344","1"
"hazelcast","c079ef58b967039c9aff13690b4ed490c66e43c4","hazelcast-client/src/main/java/com/hazelcast/client/spi/impl/ClientInvocationServiceSupport.java","31","0","0","0","279","355","1"
"hazelcast","58fc64be571c13c78dd54f148d859c305ef0979e","hazelcast-client/src/main/java/com/hazelcast/client/spi/impl/ClientInvocationServiceSupport.java","31","0","0","0","288","338","1"
"hazelcast","7f7a2cf3136bc47b7c7f4ecd832fc0a75ad61d79","hazelcast-client/src/main/java/com/hazelcast/client/spi/impl/ClientInvocationServiceSupport.java","31","0","0","0","292","344","0"
"hazelcast","86b80adb102d46ad1bfdbac4859cf32d6af27669","hazelcast-client/src/main/java/com/hazelcast/client/spi/impl/ClientInvocationServiceSupport.java","31","0","0","0","292","344","0"
"hazelcast","23dc01609c7220e3e9784fb94eef7520d17b763b","hazelcast-client/src/main/java/com/hazelcast/client/spi/impl/ClientInvocationServiceSupport.java","31","0","0","0","292","344","1"
"hazelcast","317fabec0c90b274c686ba018cc1b465fee244f2","hazelcast-client/src/main/java/com/hazelcast/client/spi/impl/ClientInvocationServiceSupport.java","31","0","0","0","292","360","1"
"hazelcast","05b27a3d7f9adfb832f8fb0c7927fc71c14df2b4","hazelcast-client/src/main/java/com/hazelcast/client/spi/impl/ClientInvocationServiceSupport.java","31","0","0","0","295","364","0"
"hazelcast","191a6fd5c3d11d24c1c3a43ef70771074cc60ddd","hazelcast-client/src/main/java/com/hazelcast/client/spi/impl/ClientInvocationServiceSupport.java","31","0","0","0","295","364","0"
"hazelcast","98f3206e11791992bdd9a27344bee4c0ba9bfc0a","hazelcast-client/src/main/java/com/hazelcast/client/spi/impl/ClientInvocationServiceSupport.java","31","0","0","0","295","364","0"
"hazelcast","a1494c9e81153be0f5030c30ce2673c1acdeb3b5","hazelcast-client/src/main/java/com/hazelcast/client/spi/impl/ClientInvocationServiceSupport.java","31","0","0","0","295","364","0"
"hazelcast","16eb86ea375507bff218a5e3ee69d3e205fa4823","hazelcast-client/src/main/java/com/hazelcast/client/spi/impl/ClientInvocationServiceSupport.java","31","0","0","0","295","364","1"
"hazelcast","41969587cb65b106638aac7de143c830066968d4","hazelcast-client/src/main/java/com/hazelcast/client/spi/impl/ClientInvocationServiceSupport.java","31","0","0","0","295","364","2"
"hazelcast","8e7e88aef0fb6559e3b6176ded3aa3264e429e06","hazelcast-client/src/main/java/com/hazelcast/client/spi/impl/ClientInvocationServiceSupport.java","31","0","0","0","295","364","1"
"hazelcast","317fabec0c90b274c686ba018cc1b465fee244f2","hazelcast-client-new/src/main/java/com/hazelcast/client/spi/impl/ClientInvocationServiceSupport.java","31","0","0","0","322","398","1"
"hazelcast","d38202141395360399c9cf97d4453adf5b1581e1","hazelcast-client-new/src/main/java/com/hazelcast/client/spi/impl/ClientInvocationServiceSupport.java","31","0","0","0","324","400","2"
"hazelcast","05b27a3d7f9adfb832f8fb0c7927fc71c14df2b4","hazelcast-client-new/src/main/java/com/hazelcast/client/spi/impl/ClientInvocationServiceSupport.java","31","0","0","0","325","402","0"
"hazelcast","191a6fd5c3d11d24c1c3a43ef70771074cc60ddd","hazelcast-client-new/src/main/java/com/hazelcast/client/spi/impl/ClientInvocationServiceSupport.java","31","0","0","0","325","402","0"
"hazelcast","8e7e88aef0fb6559e3b6176ded3aa3264e429e06","hazelcast-client-new/src/main/java/com/hazelcast/client/spi/impl/ClientInvocationServiceSupport.java","31","0","0","0","325","402","0"
"hazelcast","98f3206e11791992bdd9a27344bee4c0ba9bfc0a","hazelcast-client-new/src/main/java/com/hazelcast/client/spi/impl/ClientInvocationServiceSupport.java","31","0","0","0","325","402","0"
"hazelcast","a1494c9e81153be0f5030c30ce2673c1acdeb3b5","hazelcast-client-new/src/main/java/com/hazelcast/client/spi/impl/ClientInvocationServiceSupport.java","31","0","0","0","325","402","0"
"hazelcast","16eb86ea375507bff218a5e3ee69d3e205fa4823","hazelcast-client-new/src/main/java/com/hazelcast/client/spi/impl/ClientInvocationServiceSupport.java","31","0","0","0","325","402","1"
"hazelcast","41969587cb65b106638aac7de143c830066968d4","hazelcast-client-new/src/main/java/com/hazelcast/client/spi/impl/ClientInvocationServiceSupport.java","31","0","0","0","325","402","2"
"hazelcast","f745f9d46756c8cc57388c8172c0eafbd70c9c46","hazelcast-client/src/main/java/com/hazelcast/client/cache/impl/ClientCacheProxy.java","31","0","0","0","333","415","2"
"hazelcast","3eb746e655f8bd4a99b06a4612489c7f1c7c1ddf","hazelcast-client/src/test/java/com/hazelcast/client/ClientRegressionWithMockNetworkTest.java","31","0","0","0","664","864","2"
"hazelcast","8a794d32e7439be3d0069c1a1285ee94cff928bc","hazelcast-client/src/test/java/com/hazelcast/client/ClientRegressionWithMockNetworkTest.java","31","0","0","0","664","864","3"
"hazelcast","c6dda757b3937ef9d6b5c5912ee11e1096e8a526","hazelcast-client/src/test/java/com/hazelcast/client/ClientRegressionWithMockNetworkTest.java","31","0","0","0","664","864","0"
"ceylon-ide-eclipse","5b4c3eac8a7c12c0125a77343e602b4e73083595","plugins/com.redhat.ceylon.eclipse.ui/src/com/redhat/ceylon/eclipse/code/outline/CeylonOutlineBuilder.java","31","0","0","10","174","201","0"
"ceylon-ide-eclipse","64a391fbabba6b9bc6b553abfa42466e0ca9673d","plugins/com.redhat.ceylon.eclipse.ui/src/com/redhat/ceylon/eclipse/code/outline/CeylonOutlineBuilder.java","31","0","0","10","178","206","0"
"hazelcast","31e751fe54149f3442b3c9d5a4f1222b7d18482b","hazelcast-client/src/main/java/com/hazelcast/client/spi/impl/ClientInvocation.java","31","0","0","10","241","314","1"
"hazelcast","772b5217030e0fb94bf07a00d9b5e7b275a82030","hazelcast/src/test/java/com/hazelcast/query/SampleObjects.java","31","0","0","101","432","561","0"
"hazelcast","ace44fd3b67cf101b2a239454dd38fc2c033feb8","hazelcast/src/main/java/com/hazelcast/query/impl/QueryEntry.java","31","0","0","12","192","241","0"
"hazelcast","c5788100c7496b9736a3df88e7bbfe64367665c7","hazelcast/src/main/java/com/hazelcast/query/impl/QueryEntry.java","31","0","0","12","201","253","2"
"netty","2903b91e66c6e6615b7ba67c8c6ff286e392ad95","transport/src/main/java/io/netty/channel/socket/nio/NioSctpChannel.java","31","0","0","12","273","336","0"
"netty","3e783e1b5e9d067271bc8e398230e056379baa75","transport/src/main/java/io/netty/channel/socket/nio/NioSctpChannel.java","31","0","0","12","275","338","0"
"netty","eb23c9d27c84ab7cf2c33f28d2b761673a41b435","transport/src/main/java/io/netty/channel/socket/nio/NioSctpChannel.java","31","0","0","14","273","335","0"
"elasticsearch","53d29e51e01c0b9168e373abd6f713a9237bbc88","core/src/test/java/org/elasticsearch/search/aggregations/pipeline/PercentilesBucketIT.java","31","0","0","14","505","619","1"
"elasticsearch","3839d15ea075a55dcacbc6adae408c5fce119434","core/src/test/java/org/elasticsearch/search/aggregations/pipeline/PercentilesBucketIT.java","31","0","0","14","506","626","2"
"elasticsearch","41aa1a7a7138a15fa58d09a3cc641596dbd89647","core/src/test/java/org/elasticsearch/search/aggregations/pipeline/PercentilesBucketIT.java","31","0","0","14","507","627","3"
"hazelcast","f87c062924429058d057689292b61daad6577e9e","hazelcast/src/main/java/com/hazelcast/spi/impl/ExecutionServiceImpl.java","31","0","0","17","456","555","0"
"elasticsearch","764f7ef2ef09f6382e6d78dff8841b4396c17939","core/src/test/java/org/elasticsearch/env/NodeEnvironmentTests.java","31","0","0","18","381","473","2"
"elasticsearch","f6f129b21fe02da03fdb81f3d4bb2c6aab613573","core/src/test/java/org/elasticsearch/env/NodeEnvironmentTests.java","31","0","0","18","382","474","1"
"neo4j","f80491634c569e9bb3c72bd5bfc0e64e14979a19","community/kernel/src/main/java/org/neo4j/kernel/StandardExpander.java","31","0","0","19","925","1089","0"
"neo4j","df97b6a0f8e2a29beba875d992c8885d25ce3d05","community/kernel/src/main/java/org/neo4j/kernel/StandardExpander.java","31","0","0","19","926","1090","1"
"ceylon-ide-eclipse","6177d3416074013405696779cec25e762311fc38","plugins/com.redhat.ceylon.test.eclipse.plugin/src/com/redhat/ceylon/test/eclipse/plugin/model/TestEventListener.java","31","0","0","2","156","182","1"
"ceylon-ide-eclipse","23ab20826a769197211600e15fbaf5b649c2d60d","plugins/com.redhat.ceylon.test.eclipse.plugin/src/com/redhat/ceylon/test/eclipse/plugin/model/TestEventListener.java","31","0","0","2","158","184","0"
"neo4j","036e0742c9800ed47922595c97274b360cfbc9ef","enterprise/security/src/main/java/org/neo4j/commandline/admin/security/RolesCommand.java","31","0","0","23","333","397","1"
"neo4j","7b890cea4f0be50e697d6ba272edb6b74b84e373","enterprise/security/src/main/java/org/neo4j/commandline/admin/security/RolesCommand.java","31","0","0","23","333","397","1"
"neo4j","c287d3fcff4d41dc2fa317c778efc33d6ca11eba","enterprise/security/src/main/java/org/neo4j/commandline/admin/security/RolesCommand.java","31","0","0","23","333","397","0"
"hazelcast","620258d135b49f217ccf58b36bbbe31f4198bb18","hazelcast/src/test/java/com/hazelcast/replicatedmap/impl/record/LazyIteratorTest.java","31","0","0","28","523","697","1"
"hazelcast","d0a7d416b1220ef4badd98e42991dabe34c7beeb","hazelcast/src/test/java/com/hazelcast/replicatedmap/impl/record/LazyIteratorTest.java","31","0","0","28","529","703","0"
"elasticsearch","59e4e586838b9267ccb733ac7fa44db97319cfe3","src/main/java/org/elasticsearch/search/highlight/PostingsHighlighter.java","31","0","0","3","193","269","1"
"elasticsearch","d94b25278a2554a2d4e63dab9b0eab9ffa96a893","src/main/java/org/elasticsearch/search/highlight/PostingsHighlighter.java","31","0","0","3","193","269","1"
"elasticsearch","e913b6626f45338629751b8d994a6f38de01acc1","src/main/java/org/elasticsearch/search/highlight/PostingsHighlighter.java","31","0","0","3","193","269","1"
"elasticsearch","10e2528cceb404165822862602eb1326ccb1fba5","src/main/java/org/elasticsearch/search/highlight/PostingsHighlighter.java","31","0","0","3","193","269","0"
"hazelcast","10773b4cd855bdfd84ea80d22b8ed3c977459444","hazelcast/src/main/java/com/hazelcast/multimap/impl/txn/TransactionalMultiMapProxySupport.java","31","0","0","3","263","303","0"
"orientdb","5537a207baaaddadcc70fbe8a9678e23e7d0b7f7","tests/src/test/java/com/orientechnologies/orient/test/database/auto/SQLFunctionsTest.java","31","0","0","30","376","501","1"
"orientdb","0cfaa58d80b3649b6ce9089e8e6bd0930e885094","tests/src/test/java/com/orientechnologies/orient/test/database/auto/SQLFunctionsTest.java","31","0","0","30","387","512","0"
"hazelcast","810540661cf0b9662e3e1bc9b5dabc53a3c052f1","hazelcast/src/test/java/com/hazelcast/osgi/HazelcastOSGiServiceTest.java","31","0","0","30","487","626","1"
"elasticsearch","39d38e513d2c185204624c95f62ccd2c79c98709","core/src/test/java/org/elasticsearch/common/bytes/PagedBytesReferenceTests.java","31","0","0","31","433","565","1"
"hazelcast","707932eed4859d26c9c896f844d9433f2795b290","hazelcast/src/test/java/com/hazelcast/replicatedmap/impl/record/LazyIteratorTest.java","31","0","0","32","554","733","0"
"hazelcast","4a1593fa6ba5c277c4ad2fc320d803b0e63b9339","hazelcast/src/test/java/com/hazelcast/replicatedmap/impl/record/LazyIteratorTest.java","31","0","0","32","568","751","0"
"hazelcast","331bc0f4304600231209ea613c6ccc84c2641cca","hazelcast/src/main/java/com/hazelcast/concurrent/lock/LockStoreImpl.java","31","0","0","37","313","380","0"
"hazelcast","554bdd4b8f510cf0d0262cd489d950e9f3cc4b1c","hazelcast/src/main/java/com/hazelcast/concurrent/lock/LockStoreImpl.java","31","0","0","37","313","380","0"
"hazelcast","5a4c820c3dfa4e558ef218bf7670aa0ab2108802","hazelcast/src/main/java/com/hazelcast/concurrent/lock/LockStoreImpl.java","31","0","0","37","313","380","1"
"BroadleafCommerce","1c1207650f20f502eb97fcc72152b1aeaaea215c","admin/broadleaf-open-admin-platform/src/main/java/org/broadleafcommerce/openadmin/dto/PersistencePackage.java","31","0","0","38","198","264","1"
"hazelcast","a15ce2b6103439db4706d551d3da12e95328e8f5","hazelcast/src/main/java/com/hazelcast/concurrent/lock/LockStoreImpl.java","31","0","0","39","310","384","0"
"hazelcast","d8a2f9201202c98698c5f5e6f4fe8c38801a44e7","hazelcast/src/main/java/com/hazelcast/concurrent/lock/LockStoreImpl.java","31","0","0","39","323","397","1"
"elasticsearch","dd86db3347950f7a0a897556d85ec1bb70ea344a","src/test/java/org/elasticsearch/index/search/child/ChildrenQueryTests.java","31","0","0","4","208","257","0"
"elasticsearch","3ce7b119d28e7d1be7284bd804606a65c2d1a383","modules/percolator/src/main/java/org/elasticsearch/percolator/TransportPercolateAction.java","31","0","0","4","224","265","0"
"elasticsearch","27b5c2ad545662621da1850b810daaf97ffbe6e5","core/src/test/java/org/elasticsearch/action/IndicesRequestIT.java","31","0","0","40","634","809","0"
"elasticsearch","6159ca28ae6ffd97260d8533df5a794154d94e11","core/src/test/java/org/elasticsearch/action/IndicesRequestIT.java","31","0","0","40","635","810","0"
"elasticsearch","12f53090417d01134f92281b8285a5783f971887","core/src/test/java/org/elasticsearch/ExceptionSerializationTests.java","31","0","0","45","755","862","2"
"elasticsearch","a44655763e150522d58cbd8113fb1b30a475b8c7","core/src/test/java/org/elasticsearch/ExceptionSerializationTests.java","31","0","0","45","756","864","1"
"elasticsearch","b1cef5fdf8e1f8e9982a4724986b2731ca4d522b","core/src/main/java/org/elasticsearch/search/aggregations/support/AbstractValuesSourceParser.java","31","0","0","6","137","217","1"
"elasticsearch","730f9058a177b899b63dc237cdc9abdd9ac5179c","plugins/ingest-geoip/src/main/java/org/elasticsearch/ingest/geoip/GeoIpProcessor.java","31","0","0","6","246","318","1"
"elasticsearch","3354a816fca4b8ce5af622c848bcd5fd1161e3b7","core/src/test/java/org/elasticsearch/cluster/routing/ShardRoutingTests.java","31","0","0","7","211","291","1"
"hazelcast","ab66f83f3c35313c1fef021eac89c855e6153fa2","hazelcast/src/main/java/com/hazelcast/nio/ascii/TextChannelInboundHandler.java","31","0","0","7","220","262","0"
"elasticsearch","07c2fbf83a6786835462630f640584d1932a4a29","plugins/ingest-geoip/src/main/java/org/elasticsearch/ingest/geoip/GeoIpProcessor.java","31","0","0","7","247","320","0"
"netty","9125060752f5124949e55a6868647c75f88cdb01","testsuite/src/test/java/io/netty/testsuite/transport/socket/SocketSslEchoTest.java","31","0","0","7","265","328","0"
"ceylon-ide-eclipse","13d92f80d0b91b61dfed7cc5107d2dc834166eda","plugins/com.redhat.ceylon.eclipse.ui/src/com/redhat/ceylon/eclipse/core/launch/ModuleLaunchDelegate.java","31","0","0","7","276","319","1"
"orientdb","16079d38520f313144dee6a6a97982d94402b763","core/src/main/java/com/orientechnologies/orient/core/sql/parser/OAlterSequenceStatement.java","31","0","0","8","112","136","1"
"orientdb","ea1339b2d74756f4efec13f3bb59c93a0a409b47","core/src/main/java/com/orientechnologies/orient/core/sql/parser/OAlterSequenceStatement.java","31","0","0","8","113","137","0"
"neo4j","4e13feaa5058f4f1b623704bbde288b5850c1ec6","enterprise/security/src/main/java/org/neo4j/commandline/admin/security/RolesCommand.java","31","0","0","8","265","308","0"
"hazelcast","1b2d38787bc83f56b6916b8ad6147389197e2ce7","hazelcast/src/main/java/com/hazelcast/query/UnsortedIndexStore.java","31","0","0","9","122","149","1"
"netty","2a7bea2ad3102d7290194c5e72fdd15aa9a6e973","transport/src/main/java/io/netty/channel/nio/AbstractNioByteChannel.java","31","0","1","0","171","235","1"
"elasticsearch","b82e2c7083c7aae6b22d9103bb7133d63be3a39e","src/main/java/org/elasticsearch/action/support/broadcast/TransportBroadcastOperationAction.java","31","0","1","0","254","343","0"
"elasticsearch","16e5cdf8d092842b7e4eb25de681f217d9cb48d0","src/main/java/org/elasticsearch/action/support/broadcast/TransportBroadcastOperationAction.java","31","0","1","0","255","342","2"
"elasticsearch","68046b64c26384a53e65a4afae5987ebb3e87c9d","src/main/java/org/elasticsearch/action/support/broadcast/TransportBroadcastOperationAction.java","31","0","1","0","255","342","1"
"elasticsearch","e8e684c6c48d3289f154cbb230f6bcd38fa2bc79","src/main/java/org/elasticsearch/action/support/broadcast/TransportBroadcastOperationAction.java","31","0","1","0","255","342","0"
"elasticsearch","695cd31678ba664744e6fc7113b57b0573be0d72","src/main/java/org/elasticsearch/index/search/geo/IndexedGeoBoundingBoxFilter.java","31","0","1","1","117","165","0"
"netty","67c68ef8ba3458456b8db74b5d51530ed9f363ea","codec-http/src/main/java/io/netty/handler/codec/http/HttpObjectEncoder.java","31","0","1","1","139","193","1"
"elasticsearch","17916237005f0eedc4de8587b3927731be215d6f","test/framework/src/main/java/org/elasticsearch/test/rest/yaml/section/MatchAssertion.java","31","0","1","1","163","206","0"
"netty","869687bd711e1358367203526128d9a2ad90663a","transport/src/main/java/io/netty/channel/oio/AbstractOioByteChannel.java","31","0","1","1","172","262","0"
"BroadleafCommerce","317954fbc073098cb5ac5d2d80c5e197895d029c","core/broadleaf-framework/src/main/java/org/broadleafcommerce/core/checkout/service/workflow/ValidateAndConfirmPaymentActivity.java","31","0","1","1","199","355","0"
"elasticsearch","ee68e753323c194cf0bd6e9b4169848e43f75013","core/src/main/java/org/elasticsearch/action/search/RemoteClusterService.java","31","0","1","1","265","404","0"
"elasticsearch","38b3fec885116b8e15edcdfbe466ac82fe315989","core/src/main/java/org/elasticsearch/action/search/RemoteClusterService.java","31","0","1","1","276","417","0"
"elasticsearch","5a64f08f048461a63a0ca1354a5050c954e63d52","core/src/main/java/org/elasticsearch/indices/ttl/IndicesTTLService.java","31","0","1","1","281","354","0"
"elasticsearch","0a69f1e283e26e5d9e6a000b68b9f4778de557a1","core/src/main/java/org/elasticsearch/indices/ttl/IndicesTTLService.java","31","0","1","1","283","356","2"
"orientdb","1089957b645bde069d3864563bbf1f7c7da8045c","core/src/main/java/com/orientechnologies/orient/core/db/document/ODocumentFieldWalker.java","31","0","1","1","90","149","0"
"orientdb","57a9242cddd76dcfce0bd80832c9e8506ad62cc5","core/src/main/java/com/orientechnologies/orient/core/db/document/ODocumentFieldWalker.java","31","0","1","1","91","150","1"
"orientdb","876254d91ee0d3b1909aa1a3c281f73bfccd2c5e","core/src/main/java/com/orientechnologies/orient/core/storage/impl/local/paginated/OLocalPaginatedStorage.java","31","0","1","10","249","328","0"
"elasticsearch","046abdc281c321cd2128ee7684c0edfcaca07203","core/src/test/java/org/elasticsearch/search/aggregations/pipeline/ExtendedStatsBucketIT.java","31","0","1","10","454","544","3"
"hazelcast","267657223110ee9fc436f5496e078547d29c6e4c","hazelcast/src/main/java/com/hazelcast/query/impl/QueryEntry.java","31","0","1","11","230","284","1"
"hazelcast","3fafb3f6f6a50a39ec838aa1f7e2556b2036eea7","hazelcast/src/main/java/com/hazelcast/query/impl/QueryEntry.java","31","0","1","11","230","284","1"
"hazelcast","86dbd8bd23c2e130470eeb916865d37be5211736","hazelcast/src/main/java/com/hazelcast/query/impl/QueryEntry.java","31","0","1","11","230","284","0"
"elasticsearch","3b959706b3a4033fb09b794e1bc506b878767b85","src/main/java/org/elasticsearch/discovery/zen/fd/MasterFaultDetection.java","31","0","1","11","335","450","2"
"oryx","5dee3554c81652b743b1f73ae3dfb0fdc1fe9943","oryx-ml-oryx-serving/src/main/java/com/cloudera/oryx/ml/serving/als/model/ALSServingModel.java","31","0","1","11","337","403","1"
"elasticsearch","02ba21dd704b64289bb87674d7ebe4be4816a334","modules/elasticsearch/src/main/java/org/elasticsearch/index/mapper/object/RootObjectMapper.java","31","0","1","12","193","260","0"
"hazelcast","139accb8e85eca305e57b2dd8b7e2340cbc75d50","hazelcast-client/src/main/java/com/hazelcast/client/txn/XAResourceProxy.java","31","0","1","12","213","262","2"
"hazelcast","175512d34ec2fecf0c222c1f2ad5de55b0bc629e","hazelcast-client/src/main/java/com/hazelcast/client/txn/XAResourceProxy.java","31","0","1","12","213","263","1"
"orientdb","072de68013d30fdb0086b3af332c2d4ef3b3038c","core/src/test/java/com/orientechnologies/orient/core/index/hashindex/local/OLocalHashTableWALTest.java","31","0","1","12","275","370","0"
"orientdb","a6366e3af3a3ac8bcc2c055cc837d28536384916","core/src/test/java/com/orientechnologies/orient/core/index/hashindex/local/OLocalHashTableWAL.java","31","0","1","12","278","374","1"
"MapDB","88f3f0cc854aa9871f009b2cdec3bc6b63b119d8","src/main/java/org/mapdb/StoreAppend.java","31","0","1","12","342","434","1"
"MapDB","acd38a6452bea5ae8c259cf5b992fec3a7820985","src/main/java/org/mapdb/StoreAppend.java","31","0","1","12","344","436","0"
"elasticsearch","284a35131cd6a96baba14b31c827e5f6dab7b4ad","modules/elasticsearch/src/main/java/org/elasticsearch/search/SearchService.java","31","0","1","13","286","370","0"
"orientdb","6ea7a314d355c6a751a849d1a8f14772fd70d920","core/src/main/java/com/orientechnologies/orient/core/sql/parser/OExpression.java","31","0","1","14","139","182","0"
"orientdb","eefe33973dbf95af2f11a44f56ef4d94e9a82bf0","core/src/main/java/com/orientechnologies/orient/core/sql/parser/OExpression.java","31","0","1","14","144","186","1"
"netty","acbf1b9e7e9c98e1f5209d5ef82c552e41d2bb6a","codec/src/main/java/io/netty/handler/codec/base64/Base64.java","31","0","1","14","218","318","1"
"BroadleafCommerce","67ffb9c79534286cb9b05a3c32b2eefb3a336600","common/src/main/java/org/broadleafcommerce/common/copy/MultiTenantCopyContext.java","31","0","1","14","252","322","1"
"BroadleafCommerce","a2f2dc1c34ba2468a606704c07bde5e5256efe02","common/src/main/java/org/broadleafcommerce/common/copy/MultiTenantCopyContext.java","31","0","1","14","252","322","2"
"BroadleafCommerce","a600ac52945a7ee2f172cbdfdf466a6e37d63fc2","common/src/main/java/org/broadleafcommerce/common/copy/MultiTenantCopyContext.java","31","0","1","14","252","322","0"
"elasticsearch","7b82660ffc1a03d8cdaf3d018f3753be9edf7930","src/test/java/org/elasticsearch/index/translog/AbstractSimpleTranslogTests.java","31","0","1","14","440","552","0"
"elasticsearch","c6fefacb2fb21b0a1e3e99ebfdcff24119ee7027","src/main/java/org/elasticsearch/common/path/PathTrie.java","31","0","1","16","171","233","1"
"hazelcast","fc6416b87c902797899c08d3659417993ef400e6","hazelcast/src/main/java/com/hazelcast/transaction/impl/xa/XAResourceImpl.java","31","0","1","16","258","306","0"
"hazelcast","1c090ad87906d51892a32c2aa0a32d34002298ec","hazelcast/src/main/java/com/hazelcast/transaction/impl/xa/XAResourceImpl.java","31","0","1","16","259","307","1"
"hazelcast","2f70f48888d89c73b883a5c9bfb6aa1430727dcf","hazelcast/src/main/java/com/hazelcast/transaction/impl/xa/XAResourceImpl.java","31","0","1","16","259","307","1"
"hazelcast","408e8124339594aec8d563bf2c6c227c6dd0cd46","hazelcast/src/main/java/com/hazelcast/transaction/impl/xa/XAResourceImpl.java","31","0","1","16","259","307","2"
"hazelcast","4c5e3b2bc83034d30ec898342f30743f17b47212","hazelcast/src/main/java/com/hazelcast/transaction/impl/xa/XAResourceImpl.java","31","0","1","16","259","307","0"
"BroadleafCommerce","9a2399ccabc71c63572c786cacfa9d17404bf0db","common/src/main/java/org/broadleafcommerce/common/copy/MultiTenantCopyContext.java","31","0","1","17","264","337","0"
"BroadleafCommerce","e949b136c500559ba4612d339d5abac7febc5819","common/src/main/java/org/broadleafcommerce/common/copy/MultiTenantCopyContext.java","31","0","1","17","264","337","0"
"BroadleafCommerce","65e73bebcc311646d9d62110b258a16f37da5ac4","common/src/main/java/org/broadleafcommerce/common/copy/MultiTenantCopyContext.java","31","0","1","17","264","337","1"
"elasticsearch","598854dd72d7fb01a7e26a9dad065de3deaa5eb7","src/main/java/org/elasticsearch/discovery/zen/fd/NodesFaultDetection.java","31","0","1","17","277","373","0"
"elasticsearch","955ff05a5e6ebf602cbe7f837cc2de9480457f3f","src/test/java/org/elasticsearch/transport/AbstractSimpleTransportTests.java","31","0","1","18","1076","1331","0"
"orientdb","252aa4c00e6048e5a77066dc5f770ef6e58dd1ea","core/src/main/java/com/orientechnologies/orient/core/sql/parser/OParenthesisExpression.java","31","0","1","18","133","167","1"
"BroadleafCommerce","9a2399ccabc71c63572c786cacfa9d17404bf0db","core/broadleaf-framework/src/main/java/org/broadleafcommerce/core/catalog/domain/Dimension.java","31","0","1","18","152","208","0"
"BroadleafCommerce","e949b136c500559ba4612d339d5abac7febc5819","core/broadleaf-framework/src/main/java/org/broadleafcommerce/core/catalog/domain/Dimension.java","31","0","1","18","152","208","0"
"BroadleafCommerce","65e73bebcc311646d9d62110b258a16f37da5ac4","core/broadleaf-framework/src/main/java/org/broadleafcommerce/core/catalog/domain/Dimension.java","31","0","1","18","152","208","1"
"elasticsearch","f40b72633b0a2c91852aabc1688b4e4125c97c81","core/src/main/java/org/elasticsearch/index/mapper/core/BooleanFieldMapper.java","31","0","1","18","194","247","0"
"elasticsearch","4e2dd770aab15857d8f7a01d25d941908498ccb6","src/main/java/org/elasticsearch/index/mapper/core/BooleanFieldMapper.java","31","0","1","18","202","260","0"
"orientdb","0b098ecbb27731eae0d6bc55a5750b000a6b9777","core/src/main/java/com/orientechnologies/orient/core/sql/parser/OParenthesisExpression.java","31","0","1","19","137","173","0"
"hazelcast","86534e52868df3924b78e92e24e16ba1ffd83ce8","hazelcast-client-legacy/src/main/java/com/hazelcast/client/spi/impl/ClientInvocation.java","31","0","1","19","237","296","0"
"elasticsearch","bf41f56f24cb25d336643dc599e4ffbfb9b56a86","src/main/java/org/elasticsearch/search/sort/GeoDistanceSortParser.java","31","0","1","2","118","154","0"
"elasticsearch","10ec2e948a2f1426a5058ca3b2c2e39952f141d8","src/main/java/org/apache/lucene/search/vectorhighlight/CustomFieldQuery.java","31","0","1","2","126","168","1"
"elasticsearch","522d620eb61270e0ede9de3b3678cf08dff6e6c2","src/main/java/org/apache/lucene/search/vectorhighlight/CustomFieldQuery.java","31","0","1","2","126","168","1"
"elasticsearch","fa16969360ea43667ad11f827bbf86718c18fcc6","src/main/java/org/apache/lucene/search/vectorhighlight/CustomFieldQuery.java","31","0","1","2","126","168","2"
"elasticsearch","1c513bc262efa9f76be2a957d666088998c3661a","src/main/java/org/apache/lucene/search/vectorhighlight/CustomFieldQuery.java","31","0","1","2","126","168","0"
"elasticsearch","0216cef7bd51ba82b3bae94883399a529a19de9e","plugins/discovery-ec2/src/main/java/org/elasticsearch/cloud/aws/AwsEc2ServiceImpl.java","31","0","1","2","141","192","1"
"elasticsearch","41fd4d87223a2be57524d3df55639d8df118ce85","src/main/java/org/elasticsearch/search/fetch/innerhits/InnerHitsParseElement.java","31","0","1","2","160","200","1"
"elasticsearch","31ea01bbc68f64cd7787b97479cb5deba1b529b9","modules/elasticsearch/src/main/java/org/elasticsearch/rest/action/search/RestSearchAction.java","31","0","1","2","190","236","0"
"elasticsearch","534f487de3edd7b6a4ca6d6aed7bdbc5b0ae2b7a","src/main/java/org/elasticsearch/action/search/type/TransportSearchScrollScanAction.java","31","0","1","2","201","258","1"
"BroadleafCommerce","cd4dba4517e56b14042e5ed1567e933ca3904efd","core/broadleaf-framework/src/main/java/org/broadleafcommerce/core/checkout/service/workflow/ValidateAndConfirmPaymentActivity.java","31","0","1","2","207","367","0"
"elasticsearch","af06231d4cb00d730b2689f628255634ef42fc83","modules/transport-netty4/src/main/java/org/elasticsearch/transport/netty4/Netty4Transport.java","31","0","1","2","325","442","0"
"elasticsearch","186c16ea41406b284bce896ab23771a93e93e7ec","modules/transport-netty4/src/main/java/org/elasticsearch/transport/netty4/Netty4Transport.java","31","0","1","2","359","486","0"
"hazelcast","119dd9bc820de7c41785f83021813f2af6b81ebc","hazelcast/src/main/java/com/hazelcast/replicatedmap/impl/record/AbstractReplicatedRecordStore.java","31","0","1","20","284","343","1"
"hazelcast","508de395db2dd7baf93c9faa633334b2b79c07c6","hazelcast/src/main/java/com/hazelcast/replicatedmap/impl/record/AbstractReplicatedRecordStore.java","31","0","1","20","284","345","0"
"elasticsearch","da953700f47924f4948ec3775eb1f42f3109aac7","src/main/java/org/elasticsearch/search/aggregations/bucket/range/AbstractRangeBase.java","31","0","1","21","233","293","0"
"hazelcast","47a44ef83f429382b9b9033f81a8c7297e51ab03","hazelcast-client/src/main/java/com/hazelcast/client/spi/impl/ClientInvocation.java","31","0","1","21","243","315","0"
"hazelcast","173557969456cde2ef77fd31ed660a262787f122","hazelcast-client/src/main/java/com/hazelcast/client/spi/impl/ClientInvocation.java","31","0","1","21","246","318","0"
"hazelcast","89de1ccda29d0ec91e9625b679072b52b2c31fb8","hazelcast-client/src/main/java/com/hazelcast/client/proxy/ClientReplicatedMapProxy.java","31","0","1","22","485","590","1"
"elasticsearch","21f72fed0adb191481821146b7cf83f20cea2891","src/main/java/org/elasticsearch/common/xcontent/json/JsonXContentParser.java","31","0","1","24","184","241","0"
"hazelcast","9535c79edbe80092c005d7aacd68854b57bc9180","hazelcast/src/main/java/com/hazelcast/map/impl/MapContainer.java","31","0","1","24","268","336","3"
"hazelcast","44997b22cca35bc3413b8efefb61cff9a963e641","hazelcast/src/main/java/com/hazelcast/map/MapContainer.java","31","0","1","24","269","337","3"
"elasticsearch","8a69910465d525e0e7c6dafc0603a91bf70dc70b","modules/elasticsearch/src/main/java/org/elasticsearch/indices/store/TransportNodesListShardStoreMetaData.java","31","0","1","24","335","428","0"
"orientdb","eda978aeda4e2d46618285fcb1d73642a30164c2","core/src/main/java/com/orientechnologies/orient/core/sharding/auto/OAutoShardingIndexEngine.java","31","0","1","26","252","332","1"
"orientdb","2767a54ee6308493e6a69b4b2951d8d2252bfd6b","core/src/main/java/com/orientechnologies/orient/core/sharding/auto/OAutoShardingIndexEngine.java","31","0","1","27","257","338","0"
"elasticsearch","5b62c2ae26e541e50800b31f5f1e9a14419cbf7b","src/main/java/org/elasticsearch/index/query/TextQueryParser.java","31","0","1","3","105","142","0"
"elasticsearch","1af38cf3f3b50cef27044e5e173995c2403befb1","src/main/java/org/elasticsearch/index/query/BoolFilterParser.java","31","0","1","3","109","146","0"
"elasticsearch","e9d9ade10f9947dd35f9ccf095c3d36698f0de8c","src/main/java/org/elasticsearch/index/query/BoolFilterParser.java","31","0","1","3","109","147","0"
"elasticsearch","01e8eaf181148d1ae5239800b5d71bd38c0c2896","src/main/java/org/elasticsearch/index/query/RangeQueryParser.java","31","0","1","3","110","146","0"
"elasticsearch","20d5481ac6a077ff1a646961aa9a03084023b4be","src/main/java/org/elasticsearch/index/query/FuzzyLikeThisQueryParser.java","31","0","1","3","111","155","1"
"elasticsearch","27b53b8edfac1844a33389af9e97bc062f8b69dc","src/main/java/org/elasticsearch/index/query/HasChildQueryParser.java","31","0","1","3","120","160","0"
"elasticsearch","9c67be5181085c9a422f06ef970b84489bda84ed","src/main/java/org/elasticsearch/index/query/HasChildQueryParser.java","31","0","1","3","123","163","0"
"netty","9125060752f5124949e55a6868647c75f88cdb01","example/src/main/java/io/netty/example/http/upload/HttpUploadClient.java","31","0","1","3","254","990","0"
"neo4j","c5c87f716fd8ab0decf123ee122f5c1afa873b47","community/kernel/src/main/java/org/neo4j/kernel/impl/proc/ReflectiveProcedureCompiler.java","31","0","1","3","403","494","0"
"elasticsearch","e7a892f6f06105e78984a04d919523a8c6ef73e9","src/main/java/org/elasticsearch/index/query/MoreLikeThisFieldQueryParser.java","31","0","1","3","95","136","1"
"elasticsearch","cc9ab111a04661367cea50e444b5a9e0d4544d1a","src/test/java/org/elasticsearch/search/child/SimpleChildQuerySearchTests.java","31","0","1","31","1580","1901","0"
"hazelcast","afc28992186abaa24b0eca905d475364029eea86","hazelcast-client/src/main/java/com/hazelcast/client/proxy/ClientExecutorServiceProxy.java","31","0","1","34","375","460","0"
"elasticsearch","70303be50c47d277850b28c604e63723c2a2d752","src/main/java/org/elasticsearch/common/lucene/search/MoreLikeThisQuery.java","31","0","1","39","237","313","1"
"elasticsearch","51bf3e6730761674b07d2aeb937d107669c48b9e","src/main/java/org/elasticsearch/common/lucene/search/MoreLikeThisQuery.java","31","0","1","39","243","319","0"
"orientdb","74ee6984c73c6f78524267e4d9ecfbd32ca19ff4","core/src/main/java/com/orientechnologies/orient/core/sql/executor/MatchEdgeTraverser.java","31","0","1","4","143","181","1"
"BroadleafCommerce","db212b0fbec7c36a69bf08d20d879efe5a7ba7b2","admin/broadleaf-open-admin-platform/src/main/java/org/broadleafcommerce/openadmin/server/service/persistence/validation/EntityValidatorServiceImpl.java","31","0","1","4","159","243","1"
"netty","9b99a611ad250f75d5c73a1660a762ca0e0afbd9","common/src/main/java/io/netty/util/Recycler.java","31","0","1","4","263","359","0"
"elasticsearch","0a69f1e283e26e5d9e6a000b68b9f4778de557a1","core/src/main/java/org/elasticsearch/common/unit/TimeValue.java","31","0","1","44","257","339","2"
"hazelcast","2388114ba2aac3aa5417e6dcd6c4b8932db39281","hazelcast/src/test/java/com/hazelcast/query/impl/extractor/specification/ComplexTestDataStructure.java","31","0","1","44","318","403","1"
"orientdb","40eeb1f2dd529f467d5854913f0df623963a7038","core/src/main/java/com/orientechnologies/orient/core/id/ORecordId.java","31","0","1","45","261","358","0"
"elasticsearch","b1cef5fdf8e1f8e9982a4724986b2731ca4d522b","core/src/main/java/org/elasticsearch/search/aggregations/bucket/range/geodistance/GeoDistanceParser.java","31","0","1","5","139","173","1"
"hazelcast","f37c562ba960a9badc4dcae6fa0ee3e4e98d82a6","hazelcast/src/main/java/com/hazelcast/map/operation/MapReplicationOperation.java","31","0","1","5","146","191","0"
"hazelcast","ae9233fffeff545d037c55373eeeed5d4f7577a2","hazelcast/src/main/java/com/hazelcast/map/operation/MapReplicationOperation.java","31","0","1","5","155","196","0"
"hazelcast","7501f614a3b0f9c9018a439a1517b1d84f1c15fb","hazelcast/src/main/java/com/hazelcast/map/operation/MapReplicationOperation.java","31","0","1","5","155","197","0"
"hazelcast","99fae76bc99e0074096750e1ee87859299d4cd8f","hazelcast/src/main/java/com/hazelcast/internal/partition/impl/PartitionStateManager.java","31","0","1","5","234","311","0"
"hazelcast","e349d2fd609c0104f6550327550de4112553c942","hazelcast/src/main/java/com/hazelcast/internal/partition/impl/PartitionStateManager.java","31","0","1","5","253","334","0"
"hazelcast","f4c4f6884c633287e7632d62481e06c9f0b762f5","hazelcast/src/main/java/com/hazelcast/internal/partition/impl/PartitionStateManager.java","31","0","1","5","254","335","1"
"orientdb","461a500334a7f2be248cd0b34dc27ae176c1098a","core/src/main/java/com/orientechnologies/orient/core/sql/filter/OSQLFilterItemAbstract.java","31","0","1","6","133","196","0"
"elasticsearch","6abcd42a05a0e2bc4eaf1add6a41ae7d48f840c2","core/src/test/java/org/elasticsearch/cluster/routing/allocation/RandomAllocationDeciderTests.java","31","0","1","6","173","221","0"
"BroadleafCommerce","67f5c78efc8881497214b2c0782b0426f7179c5f","core/broadleaf-framework-web/src/main/java/org/broadleafcommerce/core/web/checkout/service/CheckoutFormServiceImpl.java","31","0","1","6","178","263","0"
"elasticsearch","ffc74260ac96678adf4704f1e9f743307d41093b","modules/elasticsearch/src/main/java/org/elasticsearch/index/analysis/SynonymTokenFilterFactory.java","31","0","1","6","179","258","0"
"BroadleafCommerce","6b6b4872a370ff52a246fd3b09b48a4ecfd383bf","admin/broadleaf-admin-module/src/main/java/org/broadleafcommerce/admin/server/service/handler/CategoryCustomPersistenceHandler.java","31","0","1","6","186","241","0"
"hazelcast","41d990066b4ca39a924262ca7d2f64117c9eb094","hazelcast-client/src/main/java/com/hazelcast/client/spi/impl/ClientInvocationFuture.java","31","0","1","6","228","298","0"
"elasticsearch","8df5d4c37e225d079e7893111fd927fb0ea4f82d","src/test/java/org/elasticsearch/search/scroll/SearchScrollTests.java","31","0","1","6","317","418","3"
"netty","0065006824005f711136467b211b06abf17e8562","codec-http/src/main/java/io/netty/handler/codec/http/HttpContentEncoder.java","31","0","1","7","203","310","0"
"netty","6873111d72599453a03493774ce28b175e61c821","codec-http/src/main/java/io/netty/handler/codec/http/HttpContentEncoder.java","31","0","1","7","207","316","0"
"netty","d900f8c21d2c8205eff3fb392f1b6f134dc447a1","codec-http/src/main/java/io/netty/handler/codec/http/HttpContentEncoder.java","31","0","1","7","213","326","0"
"orientdb","67b44e38d6982f4b915b71290548d72dbd5aaa00","core/src/test/java/com/orientechnologies/orient/core/index/sbtree/local/SBTreeLeafBucketTest.java","31","0","1","7","237","322","1"
"orientdb","ac6ba2add76a1f3d3aaa40429729ec87cfad1e1b","core/src/test/java/com/orientechnologies/orient/core/index/sbtree/local/SBTreeLeafBucketTest.java","31","0","1","7","237","322","1"
"orientdb","b43eac5ee4b92c9327f3596c5c1986a6c29e1dfb","core/src/test/java/com/orientechnologies/orient/core/index/sbtree/local/SBTreeLeafBucketTest.java","31","0","1","7","237","322","0"
"orientdb","67b44e38d6982f4b915b71290548d72dbd5aaa00","core/src/test/java/com/orientechnologies/orient/core/index/sbtreebonsai/local/OSBTreeBonsaiLeafBucketTest.java","31","0","1","7","241","326","1"
"orientdb","ac6ba2add76a1f3d3aaa40429729ec87cfad1e1b","core/src/test/java/com/orientechnologies/orient/core/index/sbtreebonsai/local/OSBTreeBonsaiLeafBucketTest.java","31","0","1","7","241","326","1"
"orientdb","b43eac5ee4b92c9327f3596c5c1986a6c29e1dfb","core/src/test/java/com/orientechnologies/orient/core/index/sbtreebonsai/local/OSBTreeBonsaiLeafBucketTest.java","31","0","1","7","241","326","0"
"orientdb","daa89846a07faf0215b5d99ec4121ebd7395c41e","core/src/test/java/com/orientechnologies/orient/core/index/sbtreebonsai/local/OSBTreeBonsaiLeafBucketTest.java","31","0","1","7","242","327","0"
"orientdb","daa89846a07faf0215b5d99ec4121ebd7395c41e","core/src/test/java/com/orientechnologies/orient/core/index/sbtree/local/SBTreeLeafBucketTest.java","31","0","1","7","245","330","0"
"elasticsearch","d1cfe0e7cd3562a26461f5137d11396ae979d683","core/src/main/java/org/elasticsearch/search/aggregations/metrics/stats/extended/ExtendedStatsAggregator.java","31","0","1","8","165","205","2"
"elasticsearch","ff3fd99074e4a616d172ab4cb0580872f6cecbbe","core/src/main/java/org/elasticsearch/search/aggregations/metrics/stats/extended/ExtendedStatsAggregator.java","31","0","1","8","165","205","1"
"elasticsearch","e1bfe23c2225da825f3fd1cb205c13e53d5989eb","core/src/main/java/org/elasticsearch/search/aggregations/metrics/stats/extended/ExtendedStatsAggregator.java","31","0","1","8","165","205","0"
"elasticsearch","aeae38025803eead4424a7abd90d16b62021fadc","src/main/java/org/elasticsearch/index/cache/id/simple/SimpleIdCache.java","31","0","1","8","193","267","0"
"elasticsearch","d64d0d6a97ae8dd70ba6018f97dd3c5fc10acd53","src/main/java/org/elasticsearch/index/search/child/ParentQuery.java","31","0","1","8","322","400","1"
"elasticsearch","302c7a521adec8da71192bd9a82113537eac154c","core/src/main/java/org/elasticsearch/index/analysis/AnalysisService.java","31","0","1","9","151","212","0"
"hazelcast","31b0f8103dabb664ad08cbe91435b4de770181a1","hazelcast/src/main/java/com/hazelcast/spi/impl/BasicOperationScheduler.java","31","0","1","9","234","318","1"
"hazelcast","229bcce2f7bc271971bb7330634656e2cbaf8e42","hazelcast/src/main/java/com/hazelcast/spi/impl/BasicOperationScheduler.java","31","0","1","9","235","319","1"
"BroadleafCommerce","980f93444453f04fc1ca63e7fe47a936b5ced979","common/src/main/java/org/broadleafcommerce/common/resource/service/ResourceBundlingServiceImpl.java","31","0","1","9","237","334","0"
"hazelcast","7055202cc7af449ba100132a7820aa265e438df0","hazelcast/src/main/java/com/hazelcast/map/impl/nearcache/BatchInvalidator.java","31","0","1","9","274","362","0"
"hazelcast","0a00c1a6ac6c6b71c59b23615ab208abcbca6fe5","hazelcast/src/main/java/com/hazelcast/map/impl/proxy/NearCachedMapProxyImpl.java","31","0","1","9","391","496","1"
"hazelcast","c200a539b84aa5378c9f67fda067faf5cc70bbba","hazelcast/src/main/java/com/hazelcast/map/impl/proxy/NearCachedMapProxyImpl.java","31","0","1","9","391","496","1"
"hazelcast","601a67715c677e36907648eeb31b52993381146d","hazelcast/src/main/java/com/hazelcast/map/impl/proxy/NearCachedMapProxyImpl.java","31","0","1","9","391","496","0"
"elasticsearch","bb3a59fa705f5276143f7e9b8e1f06ef519987e6","core/src/main/java/org/elasticsearch/search/aggregations/bucket/range/ip/IpRangeAggregationBuilder.java","31","0","10","15","292","398","1"
"elasticsearch","149ef74b26bb33d3a1d3c1c45c481a01345cd764","core/src/main/java/org/elasticsearch/search/aggregations/bucket/range/ip/IpRangeAggregationBuilder.java","31","0","10","15","296","402","0"
"elasticsearch","e16e113691e2bfaba6a075f835f8fd22a62fd0e8","modules/reindex/src/test/java/org/elasticsearch/index/reindex/AsyncBulkByScrollActionTests.java","31","0","10","16","532","688","1"
"netty","85236d5446b4858df20dc6bd270735490c807666","handler/src/main/java/io/netty/handler/ssl/OpenSslServerContext.java","31","0","12","1","283","532","0"
"netty","8687475eb77e794ed56e8285aa0dc982d93a1048","handler/src/main/java/io/netty/handler/ssl/OpenSslServerContext.java","31","0","12","1","289","538","1"
"elasticsearch","b2b7506ace3d6c873807e23ca7212a1e7ef83ea7","src/main/java/org/elasticsearch/index/fielddata/IndexFieldData.java","31","0","12","11","144","242","1"
"elasticsearch","16446440e477b7e3d11f97bd3e95894c9b7bd986","src/main/java/org/elasticsearch/index/fielddata/IndexFieldData.java","31","0","12","11","145","244","0"
"hazelcast","efffe92e8068d71a50749a1f577ec86377fcee0e","hazelcast/src/main/java/com/hazelcast/util/collection/Long2LongHashMap.java","31","0","16","7","342","485","0"
"orientdb","136db63960bbf53514691bf5a0bb8361a5ea5361","core/src/main/java/com/orientechnologies/orient/core/sql/OCommandExecutorSQLAbstract.java","31","0","2","1","171","253","0"
"orientdb","46bbcabde62c2b9e61ebaf45dc23f16d9dee7f02","core/src/main/java/com/orientechnologies/orient/core/sql/OCommandExecutorSQLAbstract.java","31","0","2","1","174","256","1"
"elasticsearch","db57f7ed0eacc21b7fca743e65fdc3c0582078a0","src/main/java/org/elasticsearch/search/aggregations/support/AggregationContext.java","31","0","2","10","202","258","1"
"orientdb","7a678522a2d83448543bc75d7360ac0857529727","server/src/main/java/com/orientechnologies/orient/server/distributed/task/OTxTask.java","31","0","2","11","170","262","0"
"orientdb","50bb0365603295268745639338630da96d9c93fc","server/src/main/java/com/orientechnologies/orient/server/distributed/task/OTxTask.java","31","0","2","11","171","263","0"
"netty","45d20d5c9faf51a506d4d2a9fdb04b9cfd876876","codec-http/src/main/java/io/netty/handler/codec/http/multipart/AbstractMemoryHttpData.java","31","0","2","12","200","246","0"
"elasticsearch","51d53791fe71c9cb62bc992588a57cdfb500383f","core/src/main/java/org/elasticsearch/rest/action/search/RestSearchAction.java","31","0","2","2","180","242","0"
"elasticsearch","2b3760f78b26817b5a2030aa27b1ddf2f17462f6","core/src/main/java/org/elasticsearch/rest/action/search/RestSearchAction.java","31","0","2","2","181","242","1"
"netty","2304913341ef3f239e5509a46921a5c65bbbe360","handler/src/main/java/io/netty/handler/stream/ChunkedWriteHandler.java","31","0","2","2","187","281","2"
"MapDB","826cbf2b64b9aff4c7983acbe946a979b4f2ce35","src/main/java/org/mapdb/CompressLZF.java","31","0","2","2","191","376","0"
"elasticsearch","efde8e8a26f306c6407f4f1cd0ec92e022f4cf2f","core/src/main/java/org/elasticsearch/gateway/GatewayService.java","31","0","2","2","199","288","0"
"elasticsearch","3f18487afa4156c8418922256ed5583dfeafb716","core/src/test/java/org/elasticsearch/index/mapper/geo/GeoPointFieldMapperTests.java","31","0","2","21","645","796","4"
"BroadleafCommerce","581bb0f37f6e68d054827c456d4ce9bed1421f1d","admin/broadleaf-contentmanagement-module/src/main/java/org/broadleafcommerce/cms/web/processor/ContentProcessor.java","31","0","2","3","218","354","0"
"hazelcast","1f042b8c4a4245594691bb6d85a66ceed9b43068","hazelcast/src/main/java/com/hazelcast/client/impl/ClientEngineImpl.java","31","0","2","30","384","481","1"
"hazelcast","415b92c594eae8e44ae3e7099e1b7f89439c3128","hazelcast/src/main/java/com/hazelcast/client/impl/ClientEngineImpl.java","31","0","2","30","384","481","2"
"hazelcast","70d4de16ff0ac4518d09aad8c9f2ad9e782fb337","hazelcast/src/main/java/com/hazelcast/client/impl/ClientEngineImpl.java","31","0","2","30","384","481","2"
"hazelcast","2921cff694583b8638dae2991f427e61d5440a9d","hazelcast/src/main/java/com/hazelcast/client/impl/ClientEngineImpl.java","31","0","2","30","384","481","0"
"hazelcast","1bc391e6078dd617c867c798e9b253d75fd47ab0","hazelcast-client/src/test/java/com/hazelcast/client/ClientRegressionWithMockNetworkTest.java","31","0","2","35","636","821","2"
"hazelcast","eecaf2216893c2e3822687914a7d513d0c32b8c8","hazelcast-client/src/test/java/com/hazelcast/client/ClientRegressionWithMockNetworkTest.java","31","0","2","35","644","833","2"
"orientdb","99e561ee8b2645ca42fb8f21c4fa8fdfaa88316f","core/src/main/java/com/orientechnologies/orient/core/sql/OCommandExecutorSQLAlterProperty.java","31","0","2","4","133","192","1"
"elasticsearch","72ad72248034b2368c8931bb08bc060c73d6e701","modules/elasticsearch/src/main/java/org/elasticsearch/common/lucene/docset/DocSets.java","31","0","2","5","120","168","0"
"elasticsearch","7ba65950ae003db6ebb922883fd8342853fc49e0","src/main/java/org/elasticsearch/discovery/azure/AzureUnicastHostsProvider.java","31","0","2","5","193","269","0"
"elasticsearch","41d8fbe8f51abd499c9b497238bc5f2141b7926b","plugins/cloud-azure/src/main/java/org/elasticsearch/discovery/azure/AzureUnicastHostsProvider.java","31","0","2","5","194","270","1"
"elasticsearch","046abdc281c321cd2128ee7684c0edfcaca07203","core/src/test/java/org/elasticsearch/bwcompat/OldIndexBackwardsCompatibilityIT.java","31","0","2","6","440","552","2"
"elasticsearch","ca90d9ea82c3ec2162a669b199c63ef5103b2fe9","core/src/main/java/org/elasticsearch/indices/recovery/PeerRecoveryTargetService.java","31","0","2","7","423","545","1"
"elasticsearch","53d29e51e01c0b9168e373abd6f713a9237bbc88","core/src/main/java/org/elasticsearch/search/aggregations/AggregatorFactories.java","31","0","2","9","194","257","0"
"netty","246b65c6b6b978ad858a5ee31a7ca0e328668578","transport/src/main/java/io/netty/bootstrap/AbstractBootstrap.java","31","0","20","1","323","490","0"
"elasticsearch","15c936ec023b7f8f67a0a5098b799a5b02540c2e","core/src/main/java/org/elasticsearch/action/bulk/BulkItemResponse.java","31","0","20","11","296","441","0"
"elasticsearch","297a4969989f4d61503a609fbdf1139367eb2ddc","modules/elasticsearch/src/main/java/org/elasticsearch/index/translog/Translog.java","31","0","21","67","393","583","0"
"elasticsearch","50ccb665a0ba4f5f38ef227b27cddf48d28e8203","modules/elasticsearch/src/main/java/org/elasticsearch/index/translog/Translog.java","31","0","22","67","394","588","0"
"elasticsearch","b987615f5e96cb6f568e025a449d1f4d7e5402df","src/main/java/org/elasticsearch/action/admin/cluster/snapshots/create/CreateSnapshotRequest.java","31","0","28","3","243","492","0"
"elasticsearch","371c73e14023917f3892090d2d3d7ff9ac1216b9","core/src/main/java/org/elasticsearch/cluster/RestoreInProgress.java","31","0","29","6","258","482","3"
"elasticsearch","78574d248cf10dad1c5a566fda79e1e0c94afe43","core/src/main/java/org/elasticsearch/cluster/RestoreInProgress.java","31","0","29","6","258","482","2"
"elasticsearch","e6aaaf11ed4a1b8f595f920de1840938eddb7a97","core/src/main/java/org/elasticsearch/cluster/RestoreInProgress.java","31","0","29","6","258","482","2"
"elasticsearch","a60b8948ba1d836a6eac7cff095519e618939ed8","core/src/main/java/org/elasticsearch/cluster/RestoreInProgress.java","31","0","29","6","258","482","0"
"hazelcast","d568e4d926d925d57d4e79e34614390416749301","hazelcast/src/test/java/com/hazelcast/core/standalone/AllTest.java","31","0","3","0","525","607","0"
"hazelcast","70d4de16ff0ac4518d09aad8c9f2ad9e782fb337","hazelcast/src/test/java/com/hazelcast/core/standalone/AllTest.java","31","0","3","1","523","601","1"
"netty","869687bd711e1358367203526128d9a2ad90663a","transport/src/main/java/io/netty/channel/socket/oio/OioDatagramChannel.java","31","0","3","23","348","436","0"
"hazelcast","d041266118126d445f010f961e936ce8f540a573","hazelcast/src/main/java/com/hazelcast/map/impl/mapstore/writebehind/WriteBehindStore.java","31","0","3","25","291","456","1"
"hazelcast","d01c81687873113df54af8a42338e1cc307e3269","hazelcast/src/main/java/com/hazelcast/map/impl/mapstore/writebehind/WriteBehindStore.java","31","0","3","25","292","457","0"
"hazelcast","225747bf155c5244163627743980f8cb6e4e403e","hazelcast/src/main/java/com/hazelcast/map/impl/mapstore/writebehind/WriteBehindStore.java","31","0","3","25","296","461","1"
"elasticsearch","5341404f014fbfd0c0b67c61546df38625d9b4ad","core/src/main/java/org/elasticsearch/indices/memory/IndexingMemoryController.java","31","0","3","3","217","330","0"
"elasticsearch","e1efd5f6baf8dec1c23c79b346b8a29f234a98bb","core/src/main/java/org/elasticsearch/indices/flush/SyncedFlushService.java","31","0","3","32","534","701","1"
"elasticsearch","75cedca0dab933bb6d1679fbddea2d09122d13c9","core/src/main/java/org/elasticsearch/indices/flush/SyncedFlushService.java","31","0","3","32","539","706","1"
"elasticsearch","4fea56ceadbbd042774a89dbdf94c16a4a33df4c","core/src/main/java/org/elasticsearch/indices/flush/SyncedFlushService.java","31","0","3","33","537","705","0"
"elasticsearch","6941966b1654106ed9249cd01c32bfa2e06b452f","core/src/main/java/org/elasticsearch/indices/flush/SyncedFlushService.java","31","0","3","34","546","714","0"
"elasticsearch","ace83d9d2a97cfe8a8aa9bdd7b46ce71713fb494","core/src/main/java/org/elasticsearch/indices/flush/SyncedFlushService.java","31","0","3","34","546","714","0"
"elasticsearch","6ea89004cded88ca4d0ab9cd96c7c44057e47b4f","core/src/main/java/org/elasticsearch/indices/flush/SyncedFlushService.java","31","0","3","34","546","714","1"
"elasticsearch","a2c506acd3d841ac279668fbe52a54b847d0d5cd","core/src/main/java/org/elasticsearch/indices/flush/SyncedFlushService.java","31","0","3","34","546","715","0"
"netty","b029800b68d7024d709eb7749bf804074707fac6","codec/src/main/java/io/netty/handler/codec/ByteToMessageDecoder.java","31","0","3","4","170","300","0"
"hazelcast","0a61d1993c8cf9dee111af675c9a52fc605aec63","hazelcast/src/main/java/com/hazelcast/nio/ClassLoaderUtil.java","31","0","3","5","170","239","1"
"elasticsearch","1f04182b8164ffb19f3805c48d67f0375262b317","core/src/main/java/org/elasticsearch/indices/flush/SyncedFlushService.java","31","0","3","9","534","701","1"
"netty","91b378005461b85f965aa296daa087bc009b9da0","transport-sctp/src/main/java/io/netty/channel/sctp/nio/NioSctpChannel.java","31","0","4","13","321","406","0"
"netty","e33f12f5b8a37b3f2a7291a10a61c8bce6ce73e0","transport-sctp/src/main/java/io/netty/channel/sctp/nio/NioSctpChannel.java","31","0","4","13","329","416","1"
"netty","20ef4690e74a7a5007468815f070a6c1f5074d0d","transport-sctp/src/main/java/io/netty/channel/sctp/nio/NioSctpChannel.java","31","0","4","13","330","417","0"
"elasticsearch","df4c7c7aeea329e3db44b508a4d4e1eff720e33b","core/src/main/java/org/elasticsearch/index/query/SimpleQueryParser.java","31","0","4","2","201","304","1"
"elasticsearch","b007af1f464f49849705356a2eea212ed68643ac","src/main/java/org/elasticsearch/index/query/functionscore/DecayFunctionParser.java","31","0","4","3","247","382","0"
"elasticsearch","064d27291630e189632b8ef654b1759417e3f8ff","src/main/java/org/elasticsearch/index/fielddata/plain/LongArrayAtomicFieldData.java","31","0","4","33","708","912","0"
"elasticsearch","075779a39754d0b680fe7739d042f4360ec59f70","src/main/java/org/elasticsearch/index/fielddata/plain/LongArrayAtomicFieldData.java","31","0","4","33","712","916","0"
"MapDB","68a70468358c4c93df11e548de7eda883513b5d5","src/main/java/org/mapdb/Queues.java","31","0","4","37","339","487","1"
"BroadleafCommerce","945c9a9b199cfa9f1edb1d7c1b2461982b60c91f","core/broadleaf-framework-web/src/main/java/org/broadleafcommerce/core/web/api/endpoint/order/CartEndpoint.java","31","0","4","5","239","354","0"
"elasticsearch","2b03bc83a40e470c977564195f6dcc2c208710d1","src/main/java/org/elasticsearch/index/query/functionscore/DecayFunctionParser.java","31","0","4","5","258","395","1"
"elasticsearch","673655cc7b7ab115257f75e64be4c9d918fc9144","modules/elasticsearch/src/main/java/org/elasticsearch/action/search/SearchRequest.java","31","0","42","12","386","629","0"
"elasticsearch","184a38439f66edc4aca513d62c81741b6bcc6c0a","modules/elasticsearch/src/main/java/org/elasticsearch/action/search/SearchRequest.java","31","0","42","13","388","634","0"
"elasticsearch","d0300b3f59f96c3f4a9aa90ae4e34c1c7c261164","src/main/java/org/elasticsearch/action/mlt/MoreLikeThisRequest.java","31","0","49","11","438","727","1"
"elasticsearch","4decc72da6abc426b97789ad149b31eef9aad583","core/src/main/java/org/elasticsearch/search/aggregations/AggregatorParsers.java","31","0","5","0","164","243","1"
"elasticsearch","70f19b2c645c9d8b042aca286310cc14fd9d7717","core/src/main/java/org/elasticsearch/search/aggregations/AggregatorParsers.java","31","0","5","0","164","243","1"
"elasticsearch","53d29e51e01c0b9168e373abd6f713a9237bbc88","core/src/main/java/org/elasticsearch/search/aggregations/AggregatorParsers.java","31","0","5","0","164","243","0"
"netty","5ddd7cee90d5b59ebacdc3da6a25f548646eddad","codec/src/main/java/io/netty/handler/codec/LengthFieldBasedFrameDecoder.java","31","0","5","0","198","503","0"
"netty","af4b71a00e30faf86ef1c2365e965e8f04f65bee","codec/src/main/java/io/netty/handler/codec/LengthFieldBasedFrameDecoder.java","31","0","5","0","199","496","0"
"oryx","4805a728adf4218828fa58e17784b10565bd6d9f","framework/oryx-ml/src/main/java/com/cloudera/oryx/ml/MLUpdate.java","31","0","5","1","270","384","0"
"elasticsearch","9192219f13a38ec8b9ec67192ba0b8797c45cf82","src/main/java/org/elasticsearch/ExceptionsHelper.java","31","0","5","10","157","214","0"
"netty","2be4bb74a5538b76650b1e6992a8c0eec279f31b","transport/src/main/java/io/netty/channel/pool/FixedChannelPool.java","31","0","5","4","262","407","1"
"elasticsearch","7adf9929bae22049d157676756b49597bca98426","core/src/main/java/org/elasticsearch/discovery/zen/NodeJoinController.java","31","0","5","4","278","398","1"
"elasticsearch","f3c8068ba69142aafa0a5753aa9d897c95aadc8c","core/src/main/java/org/elasticsearch/common/xcontent/ObjectParser.java","31","0","6","27","253","364","0"
"elasticsearch","529ad7fe79f4f2de4b84e408d488d2e347241e76","core/src/main/java/org/elasticsearch/common/network/NetworkService.java","31","0","6","3","135","204","0"
"hazelcast","25e536e8f099b8b76755dada24095680494f348b","hazelcast-client/src/main/java/com/hazelcast/client/impl/statistics/Statistics.java","31","0","6","4","262","382","1"
"hazelcast","e8b908b74646ed28c1038be9385b0946999b8bdf","hazelcast-client/src/main/java/com/hazelcast/client/impl/statistics/Statistics.java","31","0","6","4","263","383","0"
"orientdb","40eeb1f2dd529f467d5854913f0df623963a7038","core/src/main/java/com/orientechnologies/orient/core/iterator/ORecordIteratorCluster.java","31","0","6","5","170","288","0"
"orientdb","13c84a352a84fa9a8e4b68c8913322c99e1dca97","core/src/main/java/com/orientechnologies/orient/core/iterator/ORecordIteratorCluster.java","31","0","6","5","173","291","1"
"MapDB","5dc3c9b2bd6c92a6ee239ea3a63d43ddbd53e741","src/main/java/org/mapdb/Serializer.java","31","0","6","6","573","837","0"
"mcMMO","a2cac82cba84f92e62c91207639c3c64b58f8738","src/main/java/com/gmail/nossr50/skills/taming/TamingManager.java","31","0","7","12","190","285","2"
"mcMMO","47db522cc133e877f917497e41cee29341494821","src/main/java/com/gmail/nossr50/skills/taming/TamingManager.java","31","0","7","12","191","285","1"
"hazelcast","70d4de16ff0ac4518d09aad8c9f2ad9e782fb337","hazelcast-client/src/main/java/com/hazelcast/client/proxy/ClientExecutorServiceProxy.java","31","0","7","36","529","653","1"
"hazelcast","7425829d0c217bbb16de5a89d37cfb278474b47e","hazelcast-client/src/main/java/com/hazelcast/client/proxy/ClientExecutorServiceProxy.java","31","0","7","36","545","668","0"
"hazelcast","8be13173f139312e9bcbe1b1ff65269b165fce5d","hazelcast-client/src/main/java/com/hazelcast/client/proxy/ClientExecutorServiceProxy.java","31","0","7","36","547","670","1"
"hazelcast","660bbd97d28d2282bc4ac0bc66a5405e89cd0813","hazelcast-client/src/main/java/com/hazelcast/client/proxy/ClientExecutorServiceProxy.java","31","0","7","36","551","675","1"
"oryx","eb08674e77479787fa9288f2c824e48af8539ff2","oryx-app-common/src/main/java/com/cloudera/oryx/app/pmml/AppPMMLUtils.java","31","0","7","7","186","261","0"
"hazelcast","a659332f75af63da1b89962057e75103c7684900","hazelcast/src/main/java/com/hazelcast/internal/config/ConfigValidator.java","31","0","8","0","159","268","0"
"BroadleafCommerce","dae7d653fa7c324c19e16c6577dc04aa5eee7671","core/broadleaf-profile-web/src/main/java/org/broadleafcommerce/profile/web/core/security/CustomerStateRequestProcessor.java","31","0","8","2","184","367","1"
"elasticsearch","638dbcc98237f5c0390a2d27fe449061d7fe0f77","core/src/main/java/org/elasticsearch/action/admin/cluster/health/ClusterHealthResponse.java","31","0","8","20","317","418","0"
"elasticsearch","b5f86f6f0544a9ad9fa4ab88bf7397cf361d696a","core/src/test/java/org/elasticsearch/action/support/replication/TransportReplicationActionTests.java","31","0","8","22","869","1104","0"
"elasticsearch","6d9af2fff4833b464fde2c3caaf9948fc1f92460","core/src/test/java/org/elasticsearch/action/support/replication/TransportReplicationActionTests.java","31","0","8","22","872","1107","0"
"netty","ba6ce5449ee852b782dde9a11933f6a09b123e22","codec-http/src/main/java/io/netty/handler/codec/http/HttpHeaderUtil.java","31","0","8","3","144","270","0"
"netty","e6ca9882a107c34cf6358c8d7a68561025f06016","codec-http/src/main/java/io/netty/handler/codec/http/HttpHeaderUtil.java","31","0","8","3","144","271","1"
"elasticsearch","4f694a3312a8bf57794ac9c3613ca6b5a2b52c58","core/src/main/java/org/elasticsearch/index/query/FuzzyQueryBuilder.java","31","0","9","14","245","362","2"
"orientdb","4337d1b4965d08ded05aa923e3c46d66d70a1721","tools/src/main/java/com/orientechnologies/orient/console/OConsoleDatabaseApp.java","310","0","11","113","2173","2737","1"
"ceylon-ide-eclipse","5112f1988917ecabff9d548d5729b7736020d317","plugins/com.redhat.ceylon.eclipse.ui/src/com/redhat/ceylon/eclipse/core/model/JDTModelLoader.java","310","0","2","62","1560","1832","0"
"orientdb","0ffed5d6003d65af5018a5e037d973f6c8773e13","tools/src/main/java/com/orientechnologies/orient/console/OConsoleDatabaseApp.java","311","0","11","113","2175","2739","1"
"hazelcast","8f0bbe84967a11212b66c2ca6051fc473ecb4b6b","hazelcast/src/main/java/com/hazelcast/config/XmlConfigBuilder.java","311","0","6","1","1184","1317","2"
"MapDB","d0e14533fef6983096b9b06aa3e33b5a625f86a3","src/main/java/org/mapdb/HTreeMap.java","311","0","7","19","1486","2000","3"
"orientdb","58a69086d40df6f8f824b069d343eda7852df1be","core/src/main/java/com/orientechnologies/orient/core/metadata/schema/OClassImpl.java","312","0","6","106","2171","2721","0"
"MapDB","74434e7989604ecb9b7d129d34d1fe626af012d5","src/main/java/org/mapdb/HTreeMap.java","312","0","7","19","1489","2003","1"
"hazelcast","9f328452bc1cab61e9a08860fb433be3c5223eb6","hazelcast/src/main/java/com/hazelcast/config/XmlConfigBuilder.java","317","0","6","1","1233","1392","0"
"MapDB","e4992d529dfcc34c84d39a0c55abd3fa880e6ff9","src/main/java/org/mapdb/Store.java","318","0","19","79","1668","2192","0"
"orientdb","3b63af13f43ae6d3e501080e9f95ff2808ff07b3","core/src/main/java/com/orientechnologies/orient/core/metadata/schema/OClassImpl.java","318","0","6","109","2165","2724","0"
"hazelcast","6aa478bb5620a41415f1e93043cca925c0c56043","hazelcast/src/main/java/com/hazelcast/config/XmlConfigBuilder.java","319","0","6","1","1236","1368","0"
"hazelcast","018755fb873c77323a285548ce7ec0f829c0e069","hazelcast/src/main/java/com/hazelcast/query/Parser.java","32","0","0","0","146","197","0"
"netty","4158152b24c1e20cc9d024486a6bc6a0ee336a92","transport/src/main/java/io/netty/channel/socket/oio/AbstractOioWorker.java","32","0","0","0","168","233","0"
"netty","8579f09c594f69870115c019655c98cba5ad47ee","transport/src/main/java/io/netty/channel/socket/oio/AbstractOioWorker.java","32","0","0","0","168","234","1"
"hazelcast","ee487ab0afc82ccec0c923237e282daef9b91c39","hazelcast/src/main/java/com/hazelcast/query/impl/TypeConverters.java","32","0","0","0","169","220","0"
"titan","560c02dc92a77b07cd3fead1f073c16b948eb2be","titan-core/src/main/java/com/thinkaurelius/titan/diskstorage/keycolumnvalue/inmemory/ColumnValueStore.java","32","0","0","0","174","216","0"
"netty","2903b91e66c6e6615b7ba67c8c6ff286e392ad95","transport/src/main/java/io/netty/channel/socket/nio/AbstractNioByteChannel.java","32","0","0","0","189","239","0"
"elasticsearch","5380322947552f8b73cd8eab3e645b001abd8ba1","core/src/main/java/org/elasticsearch/index/shard/StoreRecovery.java","32","0","0","0","189","269","0"
"netty","3e783e1b5e9d067271bc8e398230e056379baa75","transport/src/main/java/io/netty/channel/socket/nio/AbstractNioByteChannel.java","32","0","0","0","190","240","0"
"elasticsearch","7bfb1dfcc136ec2d0290d006b63e112df9c90d7e","core/src/main/java/org/elasticsearch/index/shard/StoreRecovery.java","32","0","0","0","190","270","1"
"elasticsearch","01b18ad219933679256753fa8639c37d11cac1ff","src/main/java/org/elasticsearch/search/aggregations/bucket/terms/InternalOrder.java","32","0","0","0","196","283","0"
"elasticsearch","87d76c3ff8ad3e40efbc9af8dcc88fa9b5feda31","core/src/main/java/org/elasticsearch/bootstrap/Security.java","32","0","0","0","202","379","1"
"netty","ded98ddaf9952770a366b90ccae1fdbacf59d514","transport/src/main/java/io/netty/channel/socket/nio/NioEventLoop.java","32","0","0","0","207","324","1"
"netty","058dfd0a78214c794cfaad39f25a5c43f7587b78","transport/src/main/java/io/netty/channel/socket/nio/NioEventLoop.java","32","0","0","0","207","327","0"
"hazelcast","ed777f64e4d046bb45ae4ee062b463e33526e3ad","hazelcast-client/src/main/java/com/hazelcast/client/txn/XAResourceProxy.java","32","0","0","0","216","266","1"
"elasticsearch","85ce81c34e7749c4f42f5f663c0d4a98aa746f9c","core/src/main/java/org/elasticsearch/bootstrap/Bootstrap.java","32","0","0","0","246","355","2"
"elasticsearch","720ebe347d1410bce178e4f244237b9870403b84","core/src/main/java/org/elasticsearch/bootstrap/Bootstrap.java","32","0","0","0","247","362","1"
"hazelcast","c4c80abef0d656d2782b6dedfebf4270da788a14","hazelcast/src/main/java/com/hazelcast/map/writebehind/WriteBehindQueueManager.java","32","0","0","0","251","332","0"
"elasticsearch","5337686d8d39568f94b0b976bd9098af69214302","core/src/main/java/org/elasticsearch/bootstrap/Bootstrap.java","32","0","0","0","252","370","1"
"hazelcast","2112d78371c8d96c88a5b141cc8c710890ee70ec","hazelcast-client/src/main/java/com/hazelcast/client/spi/impl/ClientInvocationServiceSupport.java","32","0","0","0","280","357","1"
"netty","53fcff2eab7836bcf2be262e1fd12712117c4797","buffer/src/main/java/io/netty/buffer/PooledUnsafeDirectByteBuf.java","32","0","0","0","316","386","0"
"hazelcast","5d9345d0e7f6a373bf80d27b2bf94fc798934378","hazelcast-client-new/src/main/java/com/hazelcast/client/spi/impl/ClientInvocationServiceSupport.java","32","0","0","0","327","404","1"
"hazelcast","6a23b062b685e341e0384299a2c0044cc5a9f3df","hazelcast-client-new/src/main/java/com/hazelcast/client/spi/impl/ClientInvocationServiceSupport.java","32","0","0","0","327","404","1"
"hazelcast","c90ac3fa538c72581d95d70f8a1c4d772e6253e0","hazelcast-client-new/src/main/java/com/hazelcast/client/spi/impl/ClientInvocationServiceSupport.java","32","0","0","0","327","404","2"
"hazelcast","d0fd18cd0e2fac83d47776ccc1f08639bfc9823f","hazelcast-client-new/src/main/java/com/hazelcast/client/spi/impl/ClientInvocationServiceSupport.java","32","0","0","0","327","404","1"
"hazelcast","0d9f8460da1680fa425e00843841683aca541f04","hazelcast-client-new/src/main/java/com/hazelcast/client/spi/impl/ClientInvocationServiceSupport.java","32","0","0","0","327","404","0"
"hazelcast","d0a7d416b1220ef4badd98e42991dabe34c7beeb","hazelcast-client/src/main/java/com/hazelcast/client/proxy/NearCachedClientMapProxy.java","32","0","0","0","341","430","1"
"hazelcast","d9d20943b88faf6aa25ddbdc19feab4571611431","hazelcast-client/src/main/java/com/hazelcast/client/proxy/NearCachedClientMapProxy.java","32","0","0","0","341","431","2"
"hazelcast","21586825d367940e1c79cf289e97310daab1200d","hazelcast-client/src/main/java/com/hazelcast/client/proxy/NearCachedClientMapProxy.java","32","0","0","0","344","434","0"
"hazelcast","a65cac7cdaf9c4c2b8fe1a1eb42e1ee358d75265","hazelcast/src/main/java/com/hazelcast/map/impl/querycache/subscriber/DefaultQueryCache.java","32","0","0","0","376","484","0"
"elasticsearch","85a1b2b406f4bdfd9a7d9f68c2b4be7e9775cfbb","core/src/main/java/org/elasticsearch/transport/RemoteClusterConnection.java","32","0","0","0","384","593","2"
"elasticsearch","25fd9e26c4fb042d6f6dea14efcd239577bdbbc4","core/src/main/java/org/elasticsearch/bootstrap/BootstrapCheck.java","32","0","0","0","397","612","0"
"netty","78586a99b6c23dc7f847838aaae6be70d6d7ca9b","common/src/main/java/io/netty/util/internal/PlatformDependent0.java","32","0","0","0","484","609","1"
"netty","a043cf4a983465cd7c221cefc8915121a30f621e","common/src/main/java/io/netty/util/internal/PlatformDependent0.java","32","0","0","0","494","622","0"
"netty","c2565d8dd224e8c3cfd6138d80fc8ef9dfac8725","common/src/main/java/io/netty/util/internal/PlatformDependent0.java","32","0","0","0","502","630","0"
"netty","5c1c14286d29d57acddf32b227722f7b2e113ed4","common/src/main/java/io/netty/util/internal/PlatformDependent0.java","32","0","0","0","503","635","0"
"netty","90bc60547784877366a3294e6b945a5241b7099f","common/src/main/java/io/netty/util/internal/PlatformDependent0.java","32","0","0","0","504","629","0"
"netty","016629fe3b65b3797e7e9de39a661bac196c41e0","common/src/main/java/io/netty/util/internal/PlatformDependent0.java","32","0","0","0","504","636","1"
"hazelcast","fe87884b8576b4bb0d8994935b8795d4bcb3d3c4","hazelcast/src/main/java/com/hazelcast/cluster/AbstractJoiner.java","32","0","0","10","212","265","1"
"hazelcast","7b0ce9c6c73a465306996b98aebe1c5f7f37cf75","hazelcast/src/main/java/com/hazelcast/cluster/impl/AbstractJoiner.java","32","0","0","10","215","268","1"
"elasticsearch","046abdc281c321cd2128ee7684c0edfcaca07203","core/src/test/java/org/elasticsearch/search/aggregations/pipeline/MaxBucketIT.java","32","0","0","10","399","480","3"
"hazelcast","85549e3acb34b7162c3cee3fe727ce5a9d859090","hazelcast/src/main/java/com/hazelcast/map/NearCache.java","32","0","0","11","217","267","0"
"hazelcast","0603aa048b33b7b63c240c8b0e5c509499c798f7","hazelcast-client/src/main/java/com/hazelcast/client/spi/impl/ClientInvocation.java","32","0","0","11","238","297","0"
"mcMMO","c19d3fd0689b3a65b52e2f7dc9e290ed6dd76f49","src/main/java/com/gmail/nossr50/util/scoreboards/ScoreboardManager.java","32","0","0","11","249","323","0"
"mcMMO","ee86f8244f1b5cb30b6c3df12b17b3c4a5dee35f","src/main/java/com/gmail/nossr50/util/scoreboards/ScoreboardManager.java","32","0","0","11","255","330","0"
"hazelcast","dbb18e25a663c5e6adb487988baadf849f66f29e","hazelcast/src/main/java/com/hazelcast/query/impl/QueryEntry.java","32","0","0","12","198","249","0"
"hazelcast","2acf7bfa306dd8ae711cbd485925413b5a1a68bb","hazelcast/src/main/java/com/hazelcast/query/impl/QueryEntry.java","32","0","0","12","198","250","3"
"BroadleafCommerce","549705a35450c5579156224ccb41957ba6b4f92f","core/broadleaf-framework/src/main/java/org/broadleafcommerce/core/order/service/OrderItemServiceImpl.java","32","0","0","13","287","367","1"
"elasticsearch","e7d352b489272a87b05019869857656de7fb82fc","core/src/test/java/org/elasticsearch/search/aggregations/pipeline/PercentilesBucketIT.java","32","0","0","14","488","603","0"
"neo4j","bf9bf54bd1a70cc5fb7c4bd0daad8cd9c034d54a","community/kernel/src/test/java/org/neo4j/kernel/impl/event/TestTransactionEvents.java","32","0","0","14","860","1013","2"
"elasticsearch","0a816cd3438992497c0a3ec62c928b3b0c985a2c","core/src/test/java/org/elasticsearch/index/query/functionscore/FunctionScoreTests.java","32","0","0","16","614","746","0"
"elasticsearch","ebf96bbc359caa6a44b4570f3337f787fb3bcb75","core/src/test/java/org/elasticsearch/index/query/functionscore/FunctionScoreTests.java","32","0","0","16","625","755","1"
"hazelcast","4e979b8a74c0c3143aa09a274a1954af03820ffc","hazelcast/src/main/java/com/hazelcast/internal/partition/PartitionRuntimeState.java","32","0","0","17","214","272","0"
"hazelcast","0dcac2107149f1a24af61788b11b53bd49eb4a73","hazelcast/src/test/java/com/hazelcast/test/TestNodeRegistry.java","32","0","0","18","388","473","0"
"elasticsearch","f424319f9a6629bbd9730171e8597e3d31a0f355","src/test/java/org/elasticsearch/search/suggest/ContextSuggestSearchTests.java","32","0","0","18","562","675","1"
"mcMMO","36ae84eadaa74f0c161acb7b136d2aacad919011","src/main/java/com/gmail/nossr50/skills/repair/config/RepairConfig.java","32","0","0","2","125","162","0"
"hazelcast","0261611ce1d6e95cd84910390d1c0c653fa0dfd2","hazelcast/src/main/java/com/hazelcast/query/impl/getters/AbstractMultiValueGetter.java","32","0","0","2","176","235","0"
"hazelcast","22c782cf4670330503dee123b73fa483726328a2","hazelcast/src/test/java/com/hazelcast/internal/cluster/impl/MembershipUpdateTest.java","32","0","0","20","559","729","0"
"hazelcast","066e05ebd5b8e1d08c42a5aa2c6e236b925a144d","hazelcast/src/test/java/com/hazelcast/internal/cluster/impl/MembershipUpdateTest.java","32","0","0","20","561","731","1"
"orientdb","9df1e17bf9f8ea115fe2f31b9a501a38380867a5","core/src/main/java/com/orientechnologies/orient/core/sql/parser/OSelectStatement.java","32","0","0","26","223","299","1"
"hazelcast","d831651dd5814c8074c8b4727184701986f16039","hazelcast/src/main/java/com/hazelcast/multimap/impl/txn/TransactionalMultiMapProxySupport.java","32","0","0","3","265","305","1"
"hazelcast","2921cff694583b8638dae2991f427e61d5440a9d","hazelcast-client/src/test/java/com/hazelcast/client/cache/nearcache/ClientNearCacheTestSupport.java","32","0","0","3","382","529","0"
"hazelcast","1f042b8c4a4245594691bb6d85a66ceed9b43068","hazelcast-client/src/test/java/com/hazelcast/client/cache/nearcache/ClientNearCacheTestSupport.java","32","0","0","3","383","530","1"
"orientdb","461a500334a7f2be248cd0b34dc27ae176c1098a","tests/src/test/java/com/orientechnologies/orient/test/database/auto/SQLFunctionsTest.java","32","0","0","31","403","534","0"
"hazelcast","46f1e93e3ce6562811fd8ab1ddbd430a3109f9a1","hazelcast-client/src/main/java/com/hazelcast/client/connection/nio/ClientConnection.java","32","0","0","34","359","437","2"
"hazelcast","5c44b6e979be354adce716bc55e3cb12cf4a2d75","hazelcast-client/src/main/java/com/hazelcast/client/connection/nio/ClientConnection.java","32","0","0","34","370","447","2"
"hazelcast","6b7235b103114e3c61d37c1614c12522e62c9ee7","hazelcast-client/src/main/java/com/hazelcast/client/connection/nio/ClientConnection.java","32","0","0","34","370","447","1"
"hazelcast","99f2dd5d8710f0276d0b105ba5c0f19674b6ccdf","hazelcast-client/src/main/java/com/hazelcast/client/connection/nio/ClientConnection.java","32","0","0","34","370","447","1"
"hazelcast","80a40ac2f605c374e8080f40c30a45839a2ba3c9","hazelcast-client/src/main/java/com/hazelcast/client/connection/nio/ClientConnection.java","32","0","0","34","370","447","0"
"elasticsearch","8a94044b69a402f34e0ab701b9f79382524634d3","src/main/java/org/elasticsearch/index/query/HasParentQueryParser.java","32","0","0","4","137","179","2"
"elasticsearch","03ef756539ffb277e905d5d125a6893e6b44aa24","core/src/main/java/org/elasticsearch/search/fetch/subphase/highlight/FastVectorHighlighter.java","32","0","0","4","161","218","1"
"elasticsearch","f09c4e1cdb6e080af57ac996805de20d6e771491","core/src/main/java/org/elasticsearch/search/fetch/subphase/highlight/FastVectorHighlighter.java","32","0","0","4","164","221","0"
"elasticsearch","ede78ad231240f8200ccac60a32ecec07045b963","core/src/test/java/org/elasticsearch/indices/cluster/IndicesClusterStateServiceRandomUpdatesTests.java","32","0","0","4","213","283","2"
"orientdb","136db63960bbf53514691bf5a0bb8361a5ea5361","server/src/main/java/com/orientechnologies/orient/server/network/protocol/http/command/post/OServerCommandPostDatabase.java","32","0","0","4","214","265","0"
"hazelcast","2921cff694583b8638dae2991f427e61d5440a9d","hazelcast/src/main/java/com/hazelcast/internal/ascii/rest/HttpPostCommandProcessor.java","32","0","0","4","215","249","0"
"hazelcast","1f042b8c4a4245594691bb6d85a66ceed9b43068","hazelcast/src/main/java/com/hazelcast/internal/ascii/rest/HttpPostCommandProcessor.java","32","0","0","4","215","250","1"
"orientdb","46bbcabde62c2b9e61ebaf45dc23f16d9dee7f02","server/src/main/java/com/orientechnologies/orient/server/network/protocol/http/command/post/OServerCommandPostDatabase.java","32","0","0","4","217","268","1"
"orientdb","d5aa3ef8baeb0c7f1f2c946965c3a0c9ffd694cc","server/src/main/java/com/orientechnologies/orient/server/network/protocol/http/command/post/OServerCommandPostDatabase.java","32","0","0","4","217","268","1"
"orientdb","d8a8139ed08a089797e06ea459d211eaf9747099","server/src/main/java/com/orientechnologies/orient/server/network/protocol/http/command/post/OServerCommandPostDatabase.java","32","0","0","4","217","268","0"
"neo4j","a93c570faa774c1a40b635b6a3e6d8ccb61a99e8","community/kernel/src/test/java/org/neo4j/kernel/impl/core/BigJumpingStoreIT.java","32","0","0","4","260","305","1"
"neo4j","868b4d731485023d2f7477e1133dcd5b263c851d","community/kernel/src/test/java/org/neo4j/kernel/impl/core/BigJumpingStoreIT.java","32","0","0","4","263","308","0"
"elasticsearch","634ce90dc06f20888a4ff655985a6baccf25a7db","core/src/test/java/org/elasticsearch/ExceptionSerializationTests.java","32","0","0","45","853","959","0"
"elasticsearch","977712f9773c3eecea3958a5b8ddf934207775a6","core/src/test/java/org/elasticsearch/ExceptionSerializationTests.java","32","0","0","45","854","960","2"
"elasticsearch","47c0e13a3b0f4c64e0fa36c5706c0260a777d68b","core/src/test/java/org/elasticsearch/ExceptionSerializationTests.java","32","0","0","47","883","993","0"
"orientdb","8c11feaaa8038bcbd58fddd594b8a88e99d62380","core/src/main/java/com/orientechnologies/orient/core/sql/parser/OCreateEdgeStatement.java","32","0","0","5","137","154","0"
"hazelcast","cf0869f63f9dce2da4a009df2225fa00c5ea306d","hazelcast/src/main/java/com/hazelcast/impl/MulticastJoiner.java","32","0","0","5","159","197","0"
"hazelcast","8ebfb520d05a2098616f74c693e8f3ce67bb333e","hazelcast/src/main/java/com/hazelcast/internal/cluster/impl/MulticastJoiner.java","32","0","0","5","165","211","1"
"elasticsearch","a846ff93e91020b5a837c45a045191b1c58a86e7","core/src/main/java/org/elasticsearch/search/aggregations/bucket/terms/TermsAggregatorFactory.java","32","0","0","5","233","306","0"
"hazelcast","12fb324ec43a0c4392475dc000c3f05b5f92d7e0","hazelcast/src/main/java/com/hazelcast/cluster/impl/MulticastJoiner.java","32","0","0","6","150","192","2"
"hazelcast","47b48594cce33ec1cec54b6fa89af2acf2da2fed","hazelcast/src/main/java/com/hazelcast/cluster/impl/MulticastJoiner.java","32","0","0","6","150","192","2"
"hazelcast","46ed7f576f342ec825a6d1b632182fa80103359c","hazelcast/src/main/java/com/hazelcast/cluster/MulticastJoiner.java","32","0","0","6","150","192","0"
"hazelcast","0bed57cfc09dd7f6843404be49b079a861f83ccf","hazelcast/src/main/java/com/hazelcast/cluster/impl/MulticastJoiner.java","32","0","0","6","153","196","0"
"elasticsearch","299179e704646dcdc89e46cc04ed13827c691231","core/src/test/java/org/elasticsearch/routing/SimpleRoutingIT.java","32","0","0","6","299","365","0"
"elasticsearch","4ecbce1568a5aab96b57d916a2f72602c9accc51","core/src/test/java/org/elasticsearch/routing/SimpleRoutingIT.java","32","0","0","6","300","366","1"
"elasticsearch","41fd4d87223a2be57524d3df55639d8df118ce85","src/main/java/org/elasticsearch/index/query/NestedQueryParser.java","32","0","0","9","162","216","1"
"elasticsearch","491dc1186ae3a0f01a921d7761c51a8e6b040d50","core/src/test/java/org/elasticsearch/action/support/replication/ReplicationOperationTests.java","32","0","0","9","437","528","1"
"netty","6942dba8555d11d2c3ada35e80e4383ae853c7ba","transport/src/main/java/io/netty/channel/nio/AbstractNioByteChannel.java","32","0","1","0","174","240","0"
"elasticsearch","13805c2a23763da08a15c5f1de618edb95d340dc","core/src/main/java/org/elasticsearch/action/support/tasks/TransportTasksAction.java","32","0","1","0","331","408","1"
"elasticsearch","2b3760f78b26817b5a2030aa27b1ddf2f17462f6","core/src/main/java/org/elasticsearch/action/support/tasks/TransportTasksAction.java","32","0","1","0","331","408","1"
"elasticsearch","2bd09c4625898d77aa6c015c6f82cf973ed18cb7","core/src/main/java/org/elasticsearch/action/support/tasks/TransportTasksAction.java","32","0","1","0","331","408","1"
"elasticsearch","3d13c27fa0df12018f35f1b20987c90277e9b6f9","core/src/main/java/org/elasticsearch/action/support/tasks/TransportTasksAction.java","32","0","1","0","331","408","2"
"elasticsearch","78574d248cf10dad1c5a566fda79e1e0c94afe43","core/src/main/java/org/elasticsearch/action/support/tasks/TransportTasksAction.java","32","0","1","0","331","408","1"
"elasticsearch","e6aaaf11ed4a1b8f595f920de1840938eddb7a97","core/src/main/java/org/elasticsearch/action/support/tasks/TransportTasksAction.java","32","0","1","0","331","408","1"
"elasticsearch","25fd9e26c4fb042d6f6dea14efcd239577bdbbc4","core/src/main/java/org/elasticsearch/action/support/tasks/TransportTasksAction.java","32","0","1","0","331","408","0"
"elasticsearch","51d53791fe71c9cb62bc992588a57cdfb500383f","core/src/main/java/org/elasticsearch/action/support/tasks/TransportTasksAction.java","32","0","1","0","331","408","0"
"elasticsearch","56cc87b7ccd41040d8fafcaf2da3680d96d10839","core/src/main/java/org/elasticsearch/action/support/tasks/TransportTasksAction.java","32","0","1","0","331","408","0"
"elasticsearch","6d0efae7139401f497e6cd4ab329fba82dd922bf","core/src/main/java/org/elasticsearch/action/support/tasks/TransportTasksAction.java","32","0","1","0","331","408","0"
"elasticsearch","a60b8948ba1d836a6eac7cff095519e618939ed8","core/src/main/java/org/elasticsearch/action/support/tasks/TransportTasksAction.java","32","0","1","0","331","408","0"
"elasticsearch","f35cd0e30ad5463f774a310680fae2c3e7055b86","modules/lang-painless/src/main/java/org/elasticsearch/painless/node/SFor.java","32","0","1","1","138","201","0"
"elasticsearch","b49635539d929d6cb5ee56153e2f95872fe4bb16","modules/lang-painless/src/main/java/org/elasticsearch/painless/node/EUnary.java","32","0","1","1","159","220","1"
"elasticsearch","cde83e363aac2195c2dc0f81bbe348bcfe8b4152","modules/lang-painless/src/main/java/org/elasticsearch/painless/node/EUnary.java","32","0","1","1","159","220","1"
"elasticsearch","1424f09c02927d9caada7f6ea45285b411d88d12","modules/lang-painless/src/main/java/org/elasticsearch/painless/node/EUnary.java","32","0","1","1","159","220","0"
"elasticsearch","3f06d9f3b8516bb30a2890a36c2973f08f9c6076","modules/lang-painless/src/main/java/org/elasticsearch/painless/node/EUnary.java","32","0","1","1","160","221","0"
"BroadleafCommerce","49d0c2132c2e715f8750a70131f1f682d6692bf6","core/broadleaf-framework/src/main/java/org/broadleafcommerce/core/search/dao/SolrIndexDaoImpl.java","32","0","1","1","162","219","1"
"BroadleafCommerce","cfde201508525ee05535180f8a50e2aa04839c49","core/broadleaf-framework/src/main/java/org/broadleafcommerce/core/search/dao/SolrIndexDaoImpl.java","32","0","1","1","170","230","1"
"BroadleafCommerce","e010129791f001bb531f7845210f5c6c4480e985","core/broadleaf-framework/src/main/java/org/broadleafcommerce/core/search/dao/SolrIndexDaoImpl.java","32","0","1","1","171","232","0"
"hazelcast","7001ec8c5b1305c796de75c2e3f170c562db8c03","hazelcast/src/main/java/com/hazelcast/cache/impl/CacheEventHandler.java","32","0","1","1","283","361","0"
"elasticsearch","96724e198adc829da8032a55c6cc04811226a261","core/src/main/java/org/elasticsearch/indices/ttl/IndicesTTLService.java","32","0","1","1","293","370","1"
"elasticsearch","d6a756fbe2475db5ee00975a5a563077a4300ecf","core/src/main/java/org/elasticsearch/indices/ttl/IndicesTTLService.java","32","0","1","1","295","370","1"
"elasticsearch","85720d8a1c8a5045129dbcb91b44ed9027989e11","src/main/java/org/elasticsearch/indices/ttl/IndicesTTLService.java","32","0","1","1","298","373","0"
"elasticsearch","10278f115e90382d191b00b11a9f5b8deee662b4","modules/elasticsearch/src/main/java/org/elasticsearch/cluster/routing/operation/plain/PlainOperationRouting.java","32","0","1","10","181","238","0"
"orientdb","34381efb703cf53e336dfd3605533e5ce33e452c","core/src/main/java/com/orientechnologies/common/concur/lock/OLockManager.java","32","0","1","11","189","245","1"
"hazelcast","906196ffe96ad68eea87d7b083066fd32d3e1398","hazelcast/src/main/java/com/hazelcast/query/impl/QueryEntry.java","32","0","1","11","233","287","3"
"elasticsearch","7beac4ddbfabc2e2cecc06708dc48783aed4b2a1","src/main/java/org/elasticsearch/discovery/zen/fd/MasterFaultDetection.java","32","0","1","11","336","451","1"
"hazelcast","605da53365f35d8dbf2842c020b6cf96ce4bb034","hazelcast-client/src/main/java/com/hazelcast/client/txn/XAResourceProxy.java","32","0","1","12","216","265","1"
"orientdb","bbbb777e4073e4214e47e2134379d96dcb54486a","core/src/main/java/com/orientechnologies/orient/core/db/OPartitionedDatabasePool.java","32","0","1","12","238","377","1"
"antlr4","b78e0e9c1e3c64798cd23e4c5efcbe94139edef4","tool/src/org/antlr/v4/codegen/ActionTranslator.java","32","0","1","12","268","325","0"
"elasticsearch","4139bb51806305086fb1eaf3dce68b65f4007560","modules/elasticsearch/src/main/java/org/elasticsearch/index/field/data/doubles/MultiValueDoubleFieldData.java","32","0","1","13","157","199","0"
"hazelcast","d472a8a10ccf0d07ff731bc1e80cc0bd3a58b660","hazelcast/src/main/java/com/hazelcast/queue/impl/QueueStoreWrapper.java","32","0","1","14","211","268","2"
"hazelcast","f880b11ab26dc5e108b04f46815b2762d0192c6d","hazelcast/src/main/java/com/hazelcast/queue/impl/QueueStoreWrapper.java","32","0","1","14","215","271","2"
"netty","65b34704567dd101b1daa452bfff68de6b7842d4","codec/src/main/java/io/netty/handler/codec/base64/Base64.java","32","0","1","14","219","320","0"
"elasticsearch","6dacf61dfc5929d3d44cbe1f1afa4cfab1e300f3","src/test/java/org/elasticsearch/index/translog/AbstractSimpleTranslogTests.java","32","0","1","15","457","572","0"
"hazelcast","229bcce2f7bc271971bb7330634656e2cbaf8e42","hazelcast/src/main/java/com/hazelcast/spi/impl/ExecutionServiceImpl.java","32","0","1","17","401","498","2"
"elasticsearch","00de8e07fc3df9c763bbc0b6890217dc5b6bee3e","core/src/main/java/org/elasticsearch/index/mapper/BooleanFieldMapper.java","32","0","1","19","207","261","3"
"elasticsearch","17a2fffc9be50102fa5a9da72053c82df23b1a64","core/src/main/java/org/elasticsearch/index/mapper/BooleanFieldMapper.java","32","0","1","19","207","261","2"
"elasticsearch","6796464f167ce293192c43efd1cf28e4434fd5da","core/src/main/java/org/elasticsearch/index/mapper/BooleanFieldMapper.java","32","0","1","19","207","261","4"
"elasticsearch","6baded8e7fb920e920a288bf53764a1da3d617da","core/src/main/java/org/elasticsearch/index/mapper/BooleanFieldMapper.java","32","0","1","19","207","261","3"
"elasticsearch","d06a8903fdccf5985bb1b9cbfcb92580d08a544c","core/src/main/java/org/elasticsearch/index/mapper/BooleanFieldMapper.java","32","0","1","19","207","261","0"
"elasticsearch","5bfab76c962e4a854a28611a55f483f8b1981849","core/src/main/java/org/elasticsearch/common/xcontent/support/AbstractXContentParser.java","32","0","1","19","232","319","0"
"titan","63cd447da2fac871c2528fcec575e19b10e7330b","src/main/java/com/thinkaurelius/faunus/mapreduce/util/ElementChecker.java","32","0","1","2","100","110","1"
"elasticsearch","0d11443abaee22089172d3b0d61c212b1c9da8a3","core/src/main/java/org/elasticsearch/rest/action/admin/indices/alias/RestIndicesAliasesAction.java","32","0","1","2","122","158","1"
"elasticsearch","1c741f56b94ae7b00fbf7e59c18d429b6e959a8b","core/src/main/java/org/elasticsearch/rest/action/admin/indices/alias/RestIndicesAliasesAction.java","32","0","1","2","122","158","2"
"elasticsearch","2dc76a32f3dba2edf6d36712c1733efd330a2953","core/src/main/java/org/elasticsearch/rest/action/admin/indices/alias/RestIndicesAliasesAction.java","32","0","1","2","122","158","0"
"elasticsearch","add433944676594b5696bc949e3e8eea38cf037d","src/main/java/org/elasticsearch/search/sort/ScriptSortParser.java","32","0","1","2","159","197","1"
"elasticsearch","16446440e477b7e3d11f97bd3e95894c9b7bd986","src/main/java/org/elasticsearch/search/sort/ScriptSortParser.java","32","0","1","2","160","198","0"
"BroadleafCommerce","3072379213153ee7534fa1e9a7c358f58241e5d5","admin/broadleaf-open-admin-platform/src/main/java/org/broadleafcommerce/openadmin/server/service/persistence/module/criteria/CriteriaTranslatorImpl.java","32","0","1","2","164","254","0"
"BroadleafCommerce","a3b56d046071ae04bde3a0799d053408cbcf621d","admin/broadleaf-open-admin-platform/src/main/java/org/broadleafcommerce/openadmin/server/service/persistence/module/criteria/CriteriaTranslatorImpl.java","32","0","1","2","164","254","0"
"BroadleafCommerce","ffdf8a2a26b7a2600dd1c944ee76688255a89237","admin/broadleaf-open-admin-platform/src/main/java/org/broadleafcommerce/openadmin/server/service/persistence/module/criteria/CriteriaTranslatorImpl.java","32","0","1","2","164","254","0"
"BroadleafCommerce","a6b6aa3f000934c1ab6c1d123b940cb4ebf58355","admin/broadleaf-open-admin-platform/src/main/java/org/broadleafcommerce/openadmin/server/service/persistence/module/criteria/CriteriaTranslatorImpl.java","32","0","1","2","164","254","3"
"elasticsearch","41fd4d87223a2be57524d3df55639d8df118ce85","src/main/java/org/elasticsearch/search/sort/ScriptSortParser.java","32","0","1","2","166","205","2"
"BroadleafCommerce","cd4dba4517e56b14042e5ed1567e933ca3904efd","core/broadleaf-framework/src/main/java/org/broadleafcommerce/core/order/service/workflow/AddWorkflowPriceOrderIfNecessaryActivity.java","32","0","1","2","172","268","0"
"BroadleafCommerce","7da760ada0cf3c3164075c970c90d47e36b4bef4","core/broadleaf-framework-web/src/main/java/org/broadleafcommerce/core/web/processor/ProductOptionsProcessor.java","32","0","1","2","205","264","0"
"netty","1f27c3b39060e544b4d3aaf05b700dd5c433a0cd","transport/src/main/java/io/netty/channel/DefaultChannelConfig.java","32","0","1","21","224","279","0"
"hazelcast","31e751fe54149f3442b3c9d5a4f1222b7d18482b","hazelcast-client-legacy/src/main/java/com/hazelcast/client/spi/impl/ClientInvocation.java","32","0","1","21","249","310","1"
"BroadleafCommerce","a93b02213fc0e0d30021ca130b6bce5f8aa1e184","admin/broadleaf-open-admin-platform/src/main/java/org/broadleafcommerce/openadmin/dto/MapStructure.java","32","0","1","24","138","194","0"
"BroadleafCommerce","7da760ada0cf3c3164075c970c90d47e36b4bef4","admin/broadleaf-open-admin-platform/src/main/java/org/broadleafcommerce/openadmin/dto/MapStructure.java","32","0","1","25","153","213","0"
"elasticsearch","841d5a210e12bc629336396893e18872d2b1f46f","core/src/main/java/org/elasticsearch/common/xcontent/json/JsonXContentParser.java","32","0","1","25","193","249","0"
"elasticsearch","ba755a554f98e724810c0be5a2bbf6d45ab3e623","core/src/main/java/org/elasticsearch/common/xcontent/json/JsonXContentParser.java","32","0","1","25","193","251","1"
"elasticsearch","3e0532a0c549c1ffb52f34307e24b2662819b75d","core/src/main/java/org/elasticsearch/common/xcontent/json/JsonXContentParser.java","32","0","1","25","193","252","1"
"hazelcast","59c4822d4ad5dfac4cecd11231280baa33d4aa35","hazelcast/src/main/java/com/hazelcast/client/ClientEngineImpl.java","32","0","1","25","312","385","1"
"elasticsearch","267afe866f91fa7ad500aaf9c91d3dec769043e4","core/src/main/java/org/elasticsearch/common/xcontent/json/JsonXContentParser.java","32","0","1","26","197","257","0"
"elasticsearch","fb81a3203b601fcbc168e7c279f2d0014a08d719","src/main/java/org/elasticsearch/index/service/InternalIndexService.java","32","0","1","27","423","537","0"
"elasticsearch","73c038fb48d11021029ec86d74b0958897a41b8b","src/main/java/org/elasticsearch/index/query/BoolQueryParser.java","32","0","1","3","105","141","1"
"elasticsearch","1af38cf3f3b50cef27044e5e173995c2403befb1","src/main/java/org/elasticsearch/index/query/FilteredQueryParser.java","32","0","1","3","109","154","0"
"elasticsearch","1959275622ca35997420213d979a1724944aa4f6","src/main/java/org/elasticsearch/index/query/RangeQueryParser.java","32","0","1","3","114","153","2"
"elasticsearch","8136a38b3fe5f2c7730d09bfe9ca68bfd51e9785","src/main/java/org/elasticsearch/index/query/HasChildQueryParser.java","32","0","1","3","127","168","2"
"elasticsearch","10e2528cceb404165822862602eb1326ccb1fba5","src/main/java/org/elasticsearch/search/highlight/FastVectorHighlighter.java","32","0","1","3","138","194","0"
"elasticsearch","92f132aede05533636f2874f8a7b86f09ba806b3","src/main/java/org/elasticsearch/search/highlight/FastVectorHighlighter.java","32","0","1","3","139","195","1"
"elasticsearch","16e350b2668d23041fa6882367b45dee7d90a336","src/main/java/org/elasticsearch/search/highlight/FastVectorHighlighter.java","32","0","1","3","140","195","0"
"elasticsearch","5763b2468669896ce69b7f728626a8c844f4aba4","src/main/java/org/elasticsearch/search/highlight/FastVectorHighlighter.java","32","0","1","3","140","195","0"
"elasticsearch","3274e7ea6fd74073c30e5194c3447b1707e8b708","src/main/java/org/elasticsearch/search/highlight/FastVectorHighlighter.java","32","0","1","3","140","195","1"
"elasticsearch","34441f3897560e9d39517676918042784694176a","src/main/java/org/elasticsearch/index/query/functionscore/FunctionScoreQueryParser.java","32","0","1","3","153","201","0"
"orientdb","15e5c1d0832065467237ea36acf1668edfc84126","graphdb/src/main/java/com/orientechnologies/orient/graph/sql/functions/OSQLFunctionShortestPath.java","32","0","1","3","167","229","0"
"elasticsearch","977712f9773c3eecea3958a5b8ddf934207775a6","core/src/main/java/org/elasticsearch/search/query/QueryPhase.java","32","0","1","3","189","278","1"
"hazelcast","92bcf0fec5fd9a2f6f130b0bbf7a75b175dec349","hazelcast/src/main/java/com/hazelcast/internal/management/TimedMemberStateFactory.java","32","0","1","3","239","288","0"
"hazelcast","e70588833ba9faf0a35ea2d92b79db49f36ac3a0","hazelcast/src/main/java/com/hazelcast/internal/management/TimedMemberStateFactory.java","32","0","1","3","239","288","0"
"hazelcast","c6d31950791ba6ce718d6f9ad50bf620ce35909c","hazelcast/src/main/java/com/hazelcast/internal/management/TimedMemberStateFactory.java","32","0","1","3","239","288","1"
"neo4j","7da776dc0e11452fb2f362b2f9c0888ca00353fc","community/kernel/src/main/java/org/neo4j/kernel/impl/proc/ReflectiveProcedureCompiler.java","32","0","1","3","417","509","0"
"hazelcast","c9f7bbfd83f0daf94c36cc5b246afa9153fb8fd4","hazelcast-client/src/main/java/com/hazelcast/client/proxy/ClientExecutorServiceProxy.java","32","0","1","34","377","462","0"
"elasticsearch","598225f8338bf6bd19ee0d4bf6b7124619c493fc","modules/elasticsearch/src/main/java/org/elasticsearch/index/mapper/xcontent/XContentDocumentMapper.java","32","0","1","38","330","463","0"
"hazelcast","718bfcebf8809c975e362b23e4ffb5a13d6d2197","hazelcast/src/main/java/com/hazelcast/map/impl/event/QueryCacheNaturalFilteringStrategy.java","32","0","1","4","148","262","0"
"BroadleafCommerce","b383b15503de172f81dab0fd919a06679d3bc31d","admin/broadleaf-open-admin-platform/src/main/java/org/broadleafcommerce/openadmin/server/service/persistence/validation/EntityValidatorServiceImpl.java","32","0","1","4","163","247","0"
"BroadleafCommerce","f00d993011d65c4824f0a58364a8e2c55ed60cd9","admin/broadleaf-open-admin-platform/src/main/java/org/broadleafcommerce/openadmin/server/service/persistence/validation/EntityValidatorServiceImpl.java","32","0","1","4","163","247","0"
"BroadleafCommerce","25cc6d04543ce2d153d288e181a712fa6a0086f4","admin/broadleaf-open-admin-platform/src/main/java/org/broadleafcommerce/openadmin/server/service/persistence/validation/EntityValidatorServiceImpl.java","32","0","1","4","163","247","1"
"orientdb","eb87fd13a08a35e51b139724421fa7adb04049f3","core/src/test/java/com/orientechnologies/orient/core/index/hashindex/local/arc/ReadWriteCacheConcurrentTest.java","32","0","1","4","238","302","1"
"orientdb","de410aa8d3455b55f3c39e49780136c0b6c5e64b","core/src/test/java/com/orientechnologies/orient/core/index/hashindex/local/arc/ReadWriteCacheConcurrentTest.java","32","0","1","4","239","303","0"
"orientdb","2228c1302483104febb0712814a9865ae5b48cb4","core/src/test/java/com/orientechnologies/orient/core/index/hashindex/local/arc/ReadWriteCacheConcurrentTest.java","32","0","1","4","240","305","1"
"orientdb","a1eed89dcfdc303c846b0d6159189f720c1bade8","core/src/test/java/com/orientechnologies/orient/core/index/hashindex/local/arc/ReadWriteCacheConcurrentTest.java","32","0","1","4","242","306","0"
"orientdb","49646436cee4497bc6b13ed638598cac2c4ae6e6","core/src/test/java/com/orientechnologies/orient/core/index/hashindex/local/arc/ReadWriteCacheConcurrentTest.java","32","0","1","4","249","317","0"
"elasticsearch","6765635067564840f0696671d60571624e335ffd","core/src/main/java/org/elasticsearch/transport/netty/MessageChannelHandler.java","32","0","1","4","253","319","0"
"elasticsearch","1557c34f2cafa3233b085f814d0e445b083a9644","src/test/java/org/elasticsearch/recovery/RelocationTests.java","32","0","1","4","329","421","1"
"elasticsearch","3c639f0673415bbab64b6de43490494b76ae45b1","core/src/main/java/org/elasticsearch/common/unit/TimeValue.java","32","0","1","44","300","389","1"
"elasticsearch","078f220b6f55645c24550b103e64c2a4ca981663","src/main/java/org/elasticsearch/common/xcontent/support/XContentMapConverter.java","32","0","1","6","137","179","0"
"netty","00310d96af495ebb5531242ca1f9fc4336c1cc9c","codec-http/src/main/java/io/netty/handler/codec/http/HttpContentEncoder.java","32","0","1","6","185","291","1"
"orientdb","a30d7d9f31aa06a5495440aefe76bea980444302","core/src/main/java/com/orientechnologies/orient/core/sql/OCommandExecutorSQLLiveSelect.java","32","0","1","6","193","244","1"
"orientdb","ef1de0eb112ab9b7f185d9c1911e3d12be943aef","core/src/main/java/com/orientechnologies/orient/core/sql/OCommandExecutorSQLLiveSelect.java","32","0","1","6","194","245","0"
"orientdb","62b47795cd8eab70076e508b269dfbe576e12188","core/src/main/java/com/orientechnologies/orient/core/sql/OCommandExecutorSQLLiveSelect.java","32","0","1","6","195","246","0"
"elasticsearch","28ae4d63937f64d4d70c3646191b06f8f303f0a5","src/main/java/org/elasticsearch/http/netty/NettyHttpServerTransport.java","32","0","1","6","276","362","2"
"elasticsearch","d442e089acc712d4dd28f213a88a2b4595df9f0c","src/main/java/org/elasticsearch/http/netty/NettyHttpServerTransport.java","32","0","1","6","277","363","1"
"elasticsearch","2bec59ec3e221e4154671370421f77a5a406cbd5","src/main/java/org/elasticsearch/http/netty/NettyHttpServerTransport.java","32","0","1","6","280","366","2"
"MapDB","47c4f06186a05fdc9c66523857e7c54a87719ff5","src/main/java/org/mapdb/Storage.java","32","0","1","7","203","316","1"
"netty","8753412d07ade518704f738f5a8757369b084f54","codec-http/src/main/java/io/netty/handler/codec/http/HttpContentEncoder.java","32","0","1","7","205","315","0"
"elasticsearch","e56d85439c242dee8ce1f8fec9fd59872dd2efb9","src/main/java/org/elasticsearch/http/netty/NettyHttpServerTransport.java","32","0","1","7","293","378","1"
"elasticsearch","8738583de62a6c4a7cc3f69929f0df6a4843ed55","src/main/java/org/elasticsearch/indices/recovery/RecoveryTarget.java","32","0","1","7","384","489","2"
"orientdb","40d16818b6e87d3ba2c18c7baf054bc0104cb672","core/src/test/java/com/orientechnologies/orient/core/sql/OCommandExecutorSQLSelectTest.java","32","0","1","72","968","1225","4"
"orientdb","2a0eedc5bf30620715d7a2f516a4abc7ffdd421c","core/src/test/java/com/orientechnologies/orient/core/sql/OCommandExecutorSQLSelectTest.java","32","0","1","73","980","1238","3"
"orientdb","934043fd762eb74dcecdbac5c11480573daecf50","core/src/test/java/com/orientechnologies/orient/core/sql/OCommandExecutorSQLSelectTest.java","32","0","1","75","970","1235","4"
"orientdb","5977ae591f2a31b464d8f1cb1d63bdfe49741c2c","core/src/test/java/com/orientechnologies/orient/core/sql/OCommandExecutorSQLSelectTest.java","32","0","1","76","989","1258","3"
"orientdb","89a7e436f088017a938f314241ba550e79c738d3","core/src/test/java/com/orientechnologies/orient/core/sql/OCommandExecutorSQLSelectTest.java","32","0","1","77","993","1264","3"
"orientdb","2f4390c5567d781e5b6f143cba405d8005dedf0c","core/src/test/java/com/orientechnologies/orient/core/sql/OCommandExecutorSQLSelectTest.java","32","0","1","78","1015","1290","3"
"orientdb","4c7c56b3667b0bc6889f647c07e0ec821f179308","core/src/test/java/com/orientechnologies/orient/core/sql/OCommandExecutorSQLSelectTest.java","32","0","1","79","1024","1300","2"
"BroadleafCommerce","0190a586f4251434b68ccee241c52de0d1cbc386","admin/broadleaf-contentmanagement-module/src/main/java/org/broadleafcommerce/cms/file/service/StaticAssetStorageServiceImpl.java","32","0","1","8","292","402","1"
"orientdb","c55d402215059e5ae7c9449ea062256ab8bca3b4","core/src/test/java/com/orientechnologies/orient/core/sql/OCommandExecutorSQLSelectTest.java","32","0","1","80","1031","1311","2"
"orientdb","b80668d3a300628d324103b1111b004808b757d7","core/src/test/java/com/orientechnologies/orient/core/sql/OCommandExecutorSQLSelectTest.java","32","0","1","81","1037","1320","1"
"orientdb","15fa43fe08450f6eb1d6c8d4c4d8ae2517df1ebe","core/src/test/java/com/orientechnologies/orient/core/sql/OCommandExecutorSQLSelectTest.java","32","0","1","82","1046","1331","0"
"orientdb","cb91af4fd2fbb2426c9d1bb301f14738c10f6752","core/src/test/java/com/orientechnologies/orient/core/sql/OCommandExecutorSQLSelectTest.java","32","0","1","84","1079","1393","1"
"BroadleafCommerce","0190a586f4251434b68ccee241c52de0d1cbc386","common/src/main/java/org/broadleafcommerce/common/resource/service/ResourceBundlingServiceImpl.java","32","0","1","9","236","325","1"
"BroadleafCommerce","030f8d7b4e8ed22cd62d84d51cd28cfe0ad83412","common/src/main/java/org/broadleafcommerce/common/resource/service/ResourceBundlingServiceImpl.java","32","0","1","9","237","331","1"
"hazelcast","4e7ff47186f2745b07ed2501acc0f5add899d5b8","hazelcast/src/main/java/com/hazelcast/map/impl/nearcache/BatchInvalidator.java","32","0","1","9","277","367","1"
"hazelcast","1f042b8c4a4245594691bb6d85a66ceed9b43068","hazelcast/src/main/java/com/hazelcast/map/impl/nearcache/BatchInvalidator.java","32","0","1","9","280","370","1"
"hazelcast","485f426abc042144ebf9fd213e724556ad967191","hazelcast/src/main/java/com/hazelcast/map/impl/nearcache/BatchInvalidator.java","32","0","1","9","280","370","2"
"hazelcast","2921cff694583b8638dae2991f427e61d5440a9d","hazelcast/src/main/java/com/hazelcast/map/impl/nearcache/BatchInvalidator.java","32","0","1","9","280","370","0"
"elasticsearch","4c8f3de34b0f85abd8cf263cfbbf796dc6b4f132","src/main/java/org/elasticsearch/index/search/child/ChildrenQuery.java","32","0","1","9","329","424","0"
"hazelcast","d67f6bd5d188debc9ca2483d197b35c84241a8e8","hazelcast/src/main/java/com/hazelcast/map/impl/proxy/NearCachedMapProxyImpl.java","32","0","1","9","394","499","0"
"hazelcast","eceed1624d45c027c7067fe5d98bdd24be221fe0","hazelcast/src/main/java/com/hazelcast/map/impl/proxy/NearCachedMapProxyImpl.java","32","0","1","9","394","499","0"
"hazelcast","6877ba723a85d969dc6b200777f3cca5c2e8b73b","hazelcast/src/main/java/com/hazelcast/map/impl/proxy/NearCachedMapProxyImpl.java","32","0","1","9","394","499","1"
"elasticsearch","262ea9534f23761c05570996674932a506259890","core/src/main/java/org/elasticsearch/search/aggregations/bucket/range/IpRangeAggregationBuilder.java","32","0","10","15","291","397","1"
"elasticsearch","8a4d8909a1e6020a8007097eb3d38f27067201f5","core/src/main/java/org/elasticsearch/search/aggregations/bucket/range/ip/IpRangeAggregationBuilder.java","32","0","10","15","295","401","0"
"elasticsearch","aaa4d57fff41c3ac2bef16a8b42fb7d4cd8821d3","modules/reindex/src/test/java/org/elasticsearch/index/reindex/AsyncBulkByScrollActionTests.java","32","0","10","17","537","694","0"
"junit","25495b3e91e346121e3292e8e01a3cc085b644f3","src/main/java/junit/runner/BaseTestRunner.java","32","0","10","9","240","326","1"
"hazelcast","08aa22d4cbd64e4769b7c539b8275096fd74888c","hazelcast/src/main/java/com/hazelcast/spi/Operation.java","32","0","13","25","301","512","1"
"hazelcast","2b274e6521ea45ba3f56fc50cbbe51d807794e3c","hazelcast/src/main/java/com/hazelcast/config/CacheConfig.java","32","0","14","14","276","407","0"
"hazelcast","5e03a378d74c5a44baf2a2af6289e7ddd236e961","hazelcast/src/main/java/com/hazelcast/config/CacheConfig.java","32","0","17","15","290","435","0"
"hazelcast","6b7235b103114e3c61d37c1614c12522e62c9ee7","hazelcast/src/main/java/com/hazelcast/config/CacheConfig.java","32","0","17","15","290","435","0"
"hazelcast","a830427700937cae27a74c4f66d22b668465b88b","hazelcast/src/main/java/com/hazelcast/config/CacheConfig.java","32","0","17","15","290","435","0"
"hazelcast","e5e19464e30ba34bb66ca5a7a34cb489afc4c1f3","hazelcast/src/main/java/com/hazelcast/config/CacheConfig.java","32","0","17","15","290","435","1"
"elasticsearch","2bd09c4625898d77aa6c015c6f82cf973ed18cb7","core/src/main/java/org/elasticsearch/index/query/BoolQueryBuilder.java","32","0","18","1","243","388","1"
"hazelcast","5f0441f2b540784eb5e97c7fc2d2e72576b156d2","hazelcast/src/main/java/com/hazelcast/util/collection/Long2LongHashMap.java","32","0","18","11","378","539","1"
"elasticsearch","275fdcc08dad1f193e2d0305ed79ebaff7cec0bc","core/src/main/java/org/elasticsearch/ElasticsearchException.java","32","0","19","5","407","556","1"
"elasticsearch","ac32f3d31083040f9e604cbad127ff8fbc7e0763","core/src/main/java/org/elasticsearch/ElasticsearchException.java","32","0","19","5","408","557","0"
"netty","3f82b53bae4120eaf452269f204595b78353ec2b","common/src/main/java/io/netty/util/internal/MacAddressUtil.java","32","0","2","1","144","222","1"
"elasticsearch","b4512cd4715f62ea3a1a21db328f44d130343755","src/main/java/org/elasticsearch/index/indexing/ShardIndexingService.java","32","0","2","14","193","246","0"
"elasticsearch","ab9e33e38daeda7f9520711652a204d31fe6a5d9","src/main/java/org/elasticsearch/index/mapper/internal/TTLFieldMapper.java","32","0","2","19","201","260","0"
"elasticsearch","2b3760f78b26817b5a2030aa27b1ddf2f17462f6","core/src/main/java/org/elasticsearch/index/mapper/TTLFieldMapper.java","32","0","2","19","214","277","1"
"elasticsearch","3aed047bdedde1bda189cbfc2f81e65af42e57c5","core/src/main/java/org/elasticsearch/index/mapper/TTLFieldMapper.java","32","0","2","19","214","278","0"
"elasticsearch","51d53791fe71c9cb62bc992588a57cdfb500383f","core/src/main/java/org/elasticsearch/index/mapper/TTLFieldMapper.java","32","0","2","19","214","278","0"
"elasticsearch","6174e21f47244b6d5153d7d0cc1fe28fe863399d","core/src/main/java/org/elasticsearch/index/mapper/TTLFieldMapper.java","32","0","2","19","214","278","1"
"elasticsearch","e5ed5b908f87f724150334c7ca2b277c85599372","core/src/test/java/org/elasticsearch/index/mapper/geo/GeoPointFieldMapperTests.java","32","0","2","21","646","795","3"
"elasticsearch","432628086fcbd09275013600ac0a112323c109ac","src/main/java/org/elasticsearch/index/mapper/ip/IpFieldMapper.java","32","0","2","24","284","355","0"
"elasticsearch","c298c19177936733821228e4b0d10f956e3e7473","src/main/java/org/elasticsearch/index/mapper/ip/IpFieldMapper.java","32","0","2","25","287","359","0"
"elasticsearch","eb956e7c091a02924c9a640d5a17d389f0e5ff3b","src/main/java/org/elasticsearch/index/mapper/ip/IpFieldMapper.java","32","0","2","25","287","359","0"
"elasticsearch","58e68db1488f969755efc70269bfa5100e52b9c0","src/main/java/org/elasticsearch/index/mapper/ip/IpFieldMapper.java","32","0","2","25","287","359","1"
"hazelcast","424be8730ec29ec8ac5e8559b6b28025d1a5381a","hazelcast-client/src/test/java/com/hazelcast/client/ClientRegressionWithMockNetworkTest.java","32","0","2","35","641","828","0"
"hazelcast","5cc0bea328e4917f259b03d017ca2bd2c78c649f","hazelcast-client/src/test/java/com/hazelcast/client/ClientRegressionWithMockNetworkTest.java","32","0","2","35","649","840","1"
"hazelcast","08994de669ab6e84ec9770110b618042bfc354b6","hazelcast/src/test/java/com/hazelcast/map/EntryProcessorTest.java","32","0","2","37","826","979","1"
"hazelcast","982f30be7ff80ef6316a99f8bfd82fce5321d280","hazelcast/src/test/java/com/hazelcast/map/EntryProcessorTest.java","32","0","2","37","827","980","0"
"orientdb","ff547b5e2f7c0b123c62ecb5240b5e359411fc06","core/src/main/java/com/orientechnologies/orient/core/sql/OCommandExecutorSQLAlterProperty.java","32","0","2","4","136","195","0"
"orientdb","ef9d212668f6f8bdf228c80d56fd4f205603f855","core/src/main/java/com/orientechnologies/orient/core/sql/OCommandExecutorSQLAlterProperty.java","32","0","2","4","137","196","0"
"orientdb","fc62b9e2ad896783cae212f9ef0f23dd8a6cdb7f","core/src/main/java/com/orientechnologies/orient/core/sql/OCommandExecutorSQLAlterProperty.java","32","0","2","4","143","203","0"
"elasticsearch","bb73472107c4e26d1197518a6d1e1966a33df641","core/src/main/java/org/elasticsearch/common/unit/TimeValue.java","32","0","2","43","300","398","0"
"elasticsearch","dec8dc5beceeed5e4ce02d0e66411c0993294a5a","modules/elasticsearch/src/main/java/org/elasticsearch/common/lucene/docset/DocSets.java","32","0","2","5","121","169","0"
"elasticsearch","d4d227ba6b0d9598438cb793ef19295f16e20fc2","modules/elasticsearch/src/main/java/org/elasticsearch/common/io/FileSystemUtils.java","32","0","2","5","138","184","0"
"orientdb","7a678522a2d83448543bc75d7360ac0857529727","core/src/main/java/com/orientechnologies/orient/core/sql/OCommandExecutorSQLTraverse.java","32","0","2","5","176","274","0"
"elasticsearch","164efaecbe42195f08ada58b5fde927ab21fc6e7","plugins/cloud-azure/src/main/java/org/elasticsearch/discovery/azure/AzureUnicastHostsProvider.java","32","0","2","5","198","275","0"
"ceylon-ide-eclipse","f2e75f337febd75c4385a98f3d9fe5b9ca6fecc7","plugins/com.redhat.ceylon.eclipse.ui/src/com/redhat/ceylon/eclipse/code/complete/InvocationCompletionProposal.java","32","0","2","5","268","1357","2"
"hazelcast","b4d6437339e259eedaaaad1dc98abfb30e4024ee","hazelcast/src/test/java/com/hazelcast/test/starter/HazelcastProxyFactory.java","32","0","2","5","285","429","1"
"orientdb","94304f5a84227b916023cd2b4f1b96ffc29dfbca","core/src/main/java/com/orientechnologies/orient/core/sql/OCommandExecutorSQLTraverse.java","32","0","2","6","174","274","0"
"orientdb","221ffccab8be14e4da29628dcf931e973cd51d87","core/src/main/java/com/orientechnologies/orient/core/sql/OCommandExecutorSQLTraverse.java","32","0","2","6","179","278","0"
"BroadleafCommerce","df1d13c99109dd815c7ebb991cb12010a2688fab","common/src/main/java/org/broadleafcommerce/common/file/service/StaticAssetPathServiceImpl.java","32","0","2","7","123","238","0"
"BroadleafCommerce","8234d76b3529b7ec6e52516790c167bdab9f2256","common/src/main/java/org/broadleafcommerce/common/file/service/StaticAssetPathServiceImpl.java","32","0","2","7","123","241","1"
"BroadleafCommerce","0190a586f4251434b68ccee241c52de0d1cbc386","common/src/main/java/org/broadleafcommerce/common/file/service/StaticAssetPathServiceImpl.java","32","0","2","7","124","243","0"
"BroadleafCommerce","030f8d7b4e8ed22cd62d84d51cd28cfe0ad83412","common/src/main/java/org/broadleafcommerce/common/file/service/StaticAssetPathServiceImpl.java","32","0","2","7","124","246","0"
"elasticsearch","cfc106d7213fbdfa78d2c74387586ce2c02d3842","core/src/main/java/org/elasticsearch/indices/recovery/PeerRecoveryTargetService.java","32","0","2","7","434","560","0"
"hazelcast","217cb3896cbefcb9639ba6b6efc873c6b8ccc2e8","hazelcast/src/test/java/com/hazelcast/core/HazelcastTest.java","32","0","2","72","1113","1247","1"
"junit","688854ba468c53884b74952f4daf938a99c44e8c","src/test/java/org/junit/tests/assertion/AssertionTest.java","32","0","2","75","484","587","0"
"hazelcast","564167c1f93b32ce742411106e9ae67eae88a801","hazelcast/src/main/java/com/hazelcast/util/collection/LongHashSet.java","32","0","23","1","237","399","0"
"elasticsearch","1f04182b8164ffb19f3805c48d67f0375262b317","core/src/main/java/org/elasticsearch/action/admin/indices/template/put/PutIndexTemplateRequest.java","32","0","25","16","315","480","0"
"elasticsearch","78574d248cf10dad1c5a566fda79e1e0c94afe43","core/src/main/java/org/elasticsearch/action/admin/indices/template/put/PutIndexTemplateRequest.java","32","0","25","17","314","479","1"
"elasticsearch","e6aaaf11ed4a1b8f595f920de1840938eddb7a97","core/src/main/java/org/elasticsearch/action/admin/indices/template/put/PutIndexTemplateRequest.java","32","0","25","17","314","479","1"
"elasticsearch","a60b8948ba1d836a6eac7cff095519e618939ed8","core/src/main/java/org/elasticsearch/action/admin/indices/template/put/PutIndexTemplateRequest.java","32","0","25","17","314","479","0"
"elasticsearch","e1efd5f6baf8dec1c23c79b346b8a29f234a98bb","core/src/main/java/org/elasticsearch/action/admin/indices/template/put/PutIndexTemplateRequest.java","32","0","25","17","315","480","0"
"elasticsearch","cc37ae13bc8fabe6369a6a3f66817a4a823646fe","src/main/java/org/elasticsearch/action/admin/indices/create/CreateIndexRequest.java","32","0","27","6","309","489","1"
"elasticsearch","9ee08dbb0b247afb881431df0c313024eb768747","test-framework/src/main/java/org/elasticsearch/test/ESTestCase.java","32","0","28","34","435","638","1"
"elasticsearch","5337686d8d39568f94b0b976bd9098af69214302","test-framework/src/main/java/org/elasticsearch/test/ESTestCase.java","32","0","28","34","438","641","0"
"elasticsearch","f4774d17a6cb906f35b866b8ca5b3b4752d87dad","core/src/main/java/org/elasticsearch/node/internal/InternalSettingsPreparer.java","32","0","3","0","174","253","0"
"elasticsearch","13c1c27d5af84a18bac189a2bc92d748c7dff371","core/src/main/java/org/elasticsearch/node/internal/InternalSettingsPreparer.java","32","0","3","0","174","254","1"
"elasticsearch","17a2fffc9be50102fa5a9da72053c82df23b1a64","core/src/test/java/org/elasticsearch/cluster/service/ClusterServiceTests.java","32","0","3","16","961","1232","2"
"netty","e1cc1fbabce9b0d7247e6a955496c78e3772390a","codec/src/main/java/io/netty/handler/codec/ByteToMessageDecoder.java","32","0","3","4","176","308","0"
"orientdb","9b0a6b5a0d74bce339faedfdf33a3918902c1a9e","graphdb/src/main/java/com/orientechnologies/orient/graph/sql/OCommandExecutorSQLDeleteVertex.java","32","0","3","6","184","266","0"
"orientdb","0ec3add02530abf5aa928a7441cad6b3df8ea710","core/src/main/java/com/orientechnologies/orient/core/index/OIndexFullText.java","32","0","3","6","241","349","1"
"elasticsearch","e97353e84a45c79ba3795ad82b60ab9345831fc1","src/test/java/org/elasticsearch/search/rescore/QueryRescorerTests.java","32","0","3","7","599","723","0"
"hazelcast","18ee7f5c4c0e3b67539b4654f205fe84fa5da643","hazelcast/src/main/java/com/hazelcast/map/impl/NearCache.java","32","0","3","9","222","276","3"
"elasticsearch","ba3540675a5e6c24a57ba31490042c1cae22313f","core/src/main/java/org/elasticsearch/index/IndexService.java","32","0","4","21","350","466","3"
"elasticsearch","0a69f1e283e26e5d9e6a000b68b9f4778de557a1","core/src/main/java/org/elasticsearch/index/mapper/core/NumberFieldMapper.java","32","0","4","31","324","427","3"
"elasticsearch","2bd09c4625898d77aa6c015c6f82cf973ed18cb7","core/src/main/java/org/elasticsearch/index/mapper/core/NumberFieldMapper.java","32","0","4","31","326","429","1"
"elasticsearch","abe83c4facab0c32614b8c46314a685b0c378842","core/src/test/java/org/elasticsearch/search/functionscore/QueryRescorerIT.java","32","0","4","8","623","754","0"
"elasticsearch","7e0481d906c455bbc92fdc8e8ad3b3809406c89d","src/main/java/org/elasticsearch/action/mlt/MoreLikeThisRequest.java","32","0","47","11","429","712","0"
"elasticsearch","2051817780a32c23bc7f15c8f10ef20c560e51ad","core/src/main/java/org/elasticsearch/search/aggregations/AggregatorParsers.java","32","0","5","0","167","246","0"
"netty","aedd631dbbae6c1732fe0d800a9024a18e99dce7","codec/src/main/java/io/netty/handler/codec/LengthFieldBasedFrameDecoder.java","32","0","5","0","202","510","0"
"mcMMO","72b106e71fc10aae994e5a4a6d393d54932be551","src/main/java/com/gmail/nossr50/util/commands/CommandUtils.java","32","0","5","17","176","276","2"
"elasticsearch","59d9f7e1579ca70973d14e94da0b8794e60f3b85","src/main/java/org/elasticsearch/index/snapshots/blobstore/BlobStoreIndexShardSnapshots.java","32","0","5","3","174","295","0"
"orientdb","9bdd162585b56e86b180227805d33351ec66fcfa","core/src/main/java/com/orientechnologies/orient/core/storage/impl/memory/ODirectMemoryOnlyDiskCache.java","32","0","5","55","537","715","1"
"orientdb","cc0a317b054f936099eb2628cc720148b99d219a","core/src/main/java/com/orientechnologies/orient/core/storage/impl/memory/ODirectMemoryOnlyDiskCache.java","32","0","5","57","545","725","0"
"elasticsearch","28109a18a2dc1f30207d09bdfb2148e8d7906337","core/src/main/java/org/elasticsearch/cluster/routing/allocation/command/AllocateAllocationCommand.java","32","0","5","7","167","240","1"
"elasticsearch","d0835715c2704aeb9600f1c203bd591a8b77ee68","core/src/main/java/org/elasticsearch/cluster/routing/allocation/command/AllocateAllocationCommand.java","32","0","5","7","167","240","1"
"elasticsearch","d2507c4ac0477f28b441f83eeac07786fb8f42b4","core/src/main/java/org/elasticsearch/cluster/routing/allocation/command/AllocateAllocationCommand.java","32","0","5","7","167","240","0"
"elasticsearch","4a6f3c78408c316d9f6f212d2664adda13c54a44","core/src/main/java/org/elasticsearch/cluster/routing/allocation/command/AllocateAllocationCommand.java","32","0","5","7","168","241","0"
"antlr4","90071c69b850a0f3c79d7a67b3b51f51af61bb80","runtime/Java/src/org/antlr/v4/runtime/UnbufferedCharStream.java","32","0","6","10","182","333","0"
"mcMMO","3fe9cfee74b1313c6f88b46a92a6e947ec101f60","src/main/java/com/gmail/nossr50/util/Misc.java","32","0","6","14","180","275","1"
"hazelcast","20a22131161f34f42bf36619315987d1e609bb22","hazelcast/src/main/java/com/hazelcast/spi/Operation.java","32","0","6","32","296","430","1"
"hazelcast","9fe0388c1b7d3c2660c3ea7c6c78e8d9ae7f06d7","hazelcast/src/main/java/com/hazelcast/spi/Operation.java","32","0","6","32","297","431","0"
"orientdb","807221944f10678433892c192193cb40989fc482","core/src/main/java/com/orientechnologies/orient/core/iterator/ORecordIteratorCluster.java","32","0","6","5","173","293","0"
"hazelcast","baf42d6be2a1e6fa0a9532d61cc2b4e56c48f110","hazelcast/src/main/java/com/hazelcast/spi/impl/operationservice/impl/InvocationRegistry.java","32","0","6","8","237","341","1"
"elasticsearch","5c4c1c5e157cabace5124c327427e2cf644db9d6","core/src/test/java/org/elasticsearch/action/bulk/BulkWithUpdatesIT.java","32","0","6","8","548","683","0"
"elasticsearch","82fa531ab4c1fb087d357ff15288c070d7393378","core/src/test/java/org/elasticsearch/action/bulk/BulkWithUpdatesIT.java","32","0","6","8","550","687","1"
"ceylon-ide-eclipse","f93e5e8440e8a55355a7e2b1aa1d9e3ce4497655","plugins/com.redhat.ceylon.eclipse.ui/src/com/redhat/ceylon/eclipse/code/navigator/GenerateBuildPathActionGroup.java","32","0","7","0","343","465","1"
"ceylon-ide-eclipse","060cc631787d48178296bf6beae2f83f3fab061e","plugins/com.redhat.ceylon.eclipse.ui/src/com/redhat/ceylon/eclipse/code/navigator/GenerateBuildPathActionGroup.java","32","0","7","1","341","463","0"
"mcMMO","2b9b5df1ee87b7f1a5f5527c6242b87ed8d601f1","src/main/java/com/gmail/nossr50/skills/taming/TamingManager.java","32","0","7","12","194","290","0"
"mcMMO","e7e62b8d4000835a3f3d802e51ff2ea8516cdb15","src/main/java/com/gmail/nossr50/skills/taming/TamingManager.java","32","0","7","12","195","292","1"
"elasticsearch","4040f194f528c76c88be70b119cf9d7d6fcea99b","core/src/main/java/org/elasticsearch/discovery/zen/NodeJoinController.java","32","0","7","2","305","439","0"
"elasticsearch","371c73e14023917f3892090d2d3d7ff9ac1216b9","core/src/main/java/org/elasticsearch/discovery/zen/NodeJoinController.java","32","0","7","2","316","454","3"
"elasticsearch","78574d248cf10dad1c5a566fda79e1e0c94afe43","core/src/main/java/org/elasticsearch/discovery/zen/NodeJoinController.java","32","0","7","2","316","454","2"
"elasticsearch","e6aaaf11ed4a1b8f595f920de1840938eddb7a97","core/src/main/java/org/elasticsearch/discovery/zen/NodeJoinController.java","32","0","7","2","316","454","2"
"elasticsearch","31b0777c911a87b7ebae0efd7d5b14d1e06f3879","core/src/main/java/org/elasticsearch/discovery/zen/NodeJoinController.java","32","0","7","2","316","454","0"
"elasticsearch","a60b8948ba1d836a6eac7cff095519e618939ed8","core/src/main/java/org/elasticsearch/discovery/zen/NodeJoinController.java","32","0","7","2","316","454","0"
"elasticsearch","235452329a4ec8b3b7b25080e9171cc9f6115de9","core/src/main/java/org/elasticsearch/index/fielddata/plain/ParentChildIndexFieldData.java","32","0","7","23","438","575","1"
"elasticsearch","a9169e536baff048b50700c6b1daefa6986b6153","core/src/main/java/org/elasticsearch/common/xcontent/ConstructingObjectParser.java","32","0","7","4","216","489","1"
"elasticsearch","e0fbd5df52449d7caeb7eeb7392a595d35b10ef3","src/test/java/org/elasticsearch/test/hamcrest/ElasticsearchAssertions.java","32","0","7","43","406","517","3"
"elasticsearch","5d611a90982a11ba0a4fb5190e7b12ded7d07c6e","src/test/java/org/elasticsearch/test/hamcrest/ElasticsearchAssertions.java","32","0","7","44","412","525","2"
"elasticsearch","d26becc040036b625dde751704d7537742c97e09","core/src/main/java/org/elasticsearch/common/xcontent/ConstructingObjectParser.java","32","0","7","5","219","493","0"
"elasticsearch","0cf1d16187fcf10e9d0e64402bb6d0ebba5d7b80","core/src/main/java/org/elasticsearch/index/query/HasParentQueryBuilder.java","32","0","8","4","234","317","1"
"MapDB","717b008da75918aae78156e9cb999af987f1e326","src/main/java/org/mapdb/Store.java","32","0","8","5","222","310","1"
"MapDB","30e17d451a5d942b722be7e04f340a8a3f2ba9b1","src/main/java/org/mapdb/Store.java","32","0","8","7","230","318","0"
"elasticsearch","3ed0da5a586e8a3d12016aa517ab46032353d179","core/src/test/java/org/elasticsearch/action/bulk/BulkWithUpdatesIT.java","32","0","8","8","666","826","2"
"elasticsearch","fc8cb417e7450ad122882afc5b3aafb24133f855","core/src/main/java/org/elasticsearch/index/query/FuzzyQueryBuilder.java","32","0","9","14","248","365","0"
"hazelcast","ad4ddf2df9984cf0d223775b80b2b1d985c5695a","hazelcast/src/main/java/com/hazelcast/spi/Operation.java","32","0","9","27","295","472","2"
"elasticsearch","74184cb1b08012ee01696723cc29ac33551bd424","core/src/main/java/org/elasticsearch/ingest/ConfigurationUtils.java","32","0","9","7","209","309","1"
"elasticsearch","f7cd86ef6d05243a13f00dcadc77c40dc52b9ef1","core/src/main/java/org/elasticsearch/ingest/ConfigurationUtils.java","32","0","9","7","209","310","0"
"orientdb","09bb268236d600ac63c6af3ff663da34d87e5a8a","tools/src/main/java/com/orientechnologies/orient/console/OConsoleDatabaseApp.java","320","0","11","113","2206","2779","1"
"orientdb","84db4e3c6b62d7eebdbddabf8af86aa3e7026c37","client/src/main/java/com/orientechnologies/orient/client/remote/OStorageRemote.java","320","0","4","71","1874","2445","2"
"hazelcast","1451b18a2114fd1d2c7448aaa28f49d5e1da007c","hazelcast/src/main/java/com/hazelcast/config/XmlConfigBuilder.java","320","0","6","1","1224","1356","1"
"hazelcast","10773b4cd855bdfd84ea80d22b8ed3c977459444","hazelcast/src/main/java/com/hazelcast/config/XmlConfigBuilder.java","320","0","6","1","1225","1358","1"
"hazelcast","96f37de7e28c0866d6d51f5975fff2198c4e9f50","hazelcast/src/main/java/com/hazelcast/config/XmlConfigBuilder.java","320","0","6","1","1226","1359","0"
"hazelcast","c979a5a0a3f52be233fc44824227ab56ac49b6c8","hazelcast/src/main/java/com/hazelcast/config/XmlConfigBuilder.java","321","0","6","1","1227","1360","0"
"hazelcast","d4de7b1268705b70cac5e55acf8b74a12be200b2","hazelcast/src/main/java/com/hazelcast/config/XmlConfigBuilder.java","321","0","6","1","1227","1360","0"
"hazelcast","97f1b4e3497bd48060fa0d38de5f367a51ed03cb","hazelcast/src/main/java/com/hazelcast/config/XmlConfigBuilder.java","321","0","6","1","1227","1360","1"
"orientdb","9fff3857c4940e5cb945f9b031f3aa7609533e6a","tools/src/main/java/com/orientechnologies/orient/console/OConsoleDatabaseApp.java","325","0","11","111","2200","2752","2"
"MapDB","7d669f7b32bf11d20170fea6cb6e8208b58b9dfb","src/main/java/org/mapdb/HTreeMap.java","327","0","6","21","1662","2226","2"
"orientdb","67b44e38d6982f4b915b71290548d72dbd5aaa00","server/src/main/java/com/orientechnologies/orient/server/network/protocol/binary/ONetworkProtocolBinary.java","328","0","0","7","1918","2499","1"
"orientdb","2c4a08deea11d34596f9ccd42d53e0db19cd6f67","tools/src/main/java/com/orientechnologies/orient/console/OConsoleDatabaseApp.java","328","0","11","111","2212","2766","1"
"MapDB","0392d2fca4cf02f7013a84d7acd703c4b5a0f99c","src/main/java/org/mapdb/HTreeMap.java","328","0","6","21","1666","2230","1"
"orientdb","685eae8b02a50116ab0a52606703d99caeba48ee","tools/src/main/java/com/orientechnologies/orient/console/OConsoleDatabaseApp.java","329","0","11","114","2282","2941","0"
"elasticsearch","2ffdd4468d8a2671a160278a3a94714e72347786","modules/reindex/src/main/java/org/elasticsearch/index/reindex/remote/RemoteRequestBuilders.java","33","0","0","0","169","223","1"
"netty","4158152b24c1e20cc9d024486a6bc6a0ee336a92","transport/src/main/java/io/netty/channel/socket/oio/OioServerSocketPipelineSink.java","33","0","0","0","198","246","0"
"netty","2304913341ef3f239e5509a46921a5c65bbbe360","transport/src/main/java/io/netty/channel/socket/oio/OioServerSocketPipelineSink.java","33","0","0","0","199","247","2"
"elasticsearch","71166c020adcc862b06153601a7b31ce94fc89e8","core/src/main/java/org/elasticsearch/env/ESFileStore.java","33","0","0","0","199","280","0"
"Android-Universal-Image-Loader","4f3d5a159ada96e30c5ca47649beda206178fbce","UniversalImageLoader/src/com/nostra13/universalimageloader/core/LoadAndDisplayImageTask.java","33","0","0","0","201","253","1"
"hazelcast","9535c79edbe80092c005d7aacd68854b57bc9180","hazelcast/src/main/java/com/hazelcast/map/impl/AbstractMapServiceContextSupport.java","33","0","0","0","205","237","1"
"hazelcast","6aa478bb5620a41415f1e93043cca925c0c56043","hazelcast/src/main/java/com/hazelcast/config/AbstractCacheConfig.java","33","0","0","0","206","365","0"
"hazelcast","2b274e6521ea45ba3f56fc50cbbe51d807794e3c","hazelcast/src/main/java/com/hazelcast/config/AbstractCacheConfig.java","33","0","0","0","226","375","0"
"elasticsearch","838edab168c2999af7ba16f000c1180814e98570","core/src/main/java/org/elasticsearch/bootstrap/Bootstrap.java","33","0","0","0","257","378","1"
"hazelcast","ed777f64e4d046bb45ae4ee062b463e33526e3ad","hazelcast/src/main/java/com/hazelcast/spi/impl/ServiceManager.java","33","0","0","0","262","319","1"
"hazelcast","bb3ea0e107980d769862cdbda748cc91529d67b5","hazelcast/src/main/java/com/hazelcast/spi/impl/ServiceManager.java","33","0","0","0","264","321","0"
"hazelcast","4f2387d999dddffab887d94286ccd152337cbb3d","hazelcast-client/src/main/java/com/hazelcast/client/proxy/ClientReliableTopicProxy.java","33","0","0","0","265","332","2"
"netty","2b84314fddfbfd1a68b5495ff9d1df85e5b012c3","transport/src/main/java/io/netty/channel/DefaultChannelId.java","33","0","0","0","283","376","1"
"netty","559f1b110aeb0d586308d9ad8fb01f78170dd6e2","transport-native-epoll/src/main/java/io/netty/channel/epoll/AbstractEpollChannel.java","33","0","0","0","294","406","1"
"hazelcast","f62552bfeac3e7ada8a514d7ef0a9533417347bc","hazelcast-client/src/main/java/com/hazelcast/client/spi/impl/ClientInvocationServiceSupport.java","33","0","0","0","296","382","1"
"hazelcast","5d9345d0e7f6a373bf80d27b2bf94fc798934378","hazelcast-client/src/main/java/com/hazelcast/client/spi/impl/ClientInvocationServiceSupport.java","33","0","0","0","301","371","1"
"netty","ff179c343038fea5df3c989386d3422c60f2eb34","transport/src/main/java/io/netty/channel/DefaultChannelId.java","33","0","0","0","308","406","0"
"netty","956a757d37c52d550aebdbfaf3d68863baa2a765","buffer/src/main/java/io/netty/buffer/PooledUnsafeDirectByteBuf.java","33","0","0","0","321","391","0"
"netty","115d3576be47804aa985d1749e0cfa427d3714f9","buffer/src/main/java/io/netty/buffer/PooledUnsafeDirectByteBuf.java","33","0","0","0","322","392","1"
"hazelcast","1ec9b79a96f8c74881d2912c4d7b3c40f62a8b64","hazelcast/src/main/java/com/hazelcast/map/impl/querycache/subscriber/DefaultQueryCache.java","33","0","0","0","373","479","1"
"ceylon-ide-eclipse","3770efda90a944f7758dbd197a3aaba61c2e625b","plugins/com.redhat.ceylon.eclipse.ui/src/com/redhat/ceylon/eclipse/code/hover/AnnotationInformationControl.java","33","0","0","0","389","466","0"
"elasticsearch","aa0b9f9b39dad2a681a9905d20d035c2c3e2865c","core/src/main/java/org/elasticsearch/transport/RemoteClusterConnection.java","33","0","0","0","391","605","0"
"hazelcast","a6c468a7f024f7cc545b0084352b0770243fef43","hazelcast-wm/src/test/java/com/hazelcast/wm/test/TestServlet.java","33","0","0","1","115","137","0"
"ceylon-ide-eclipse","eb5a820ca3648e43df250a89e1118742a841bb2e","plugins/com.redhat.ceylon.eclipse.ui/src/com/redhat/ceylon/eclipse/core/builder/UnitDependencyVisitor.java","33","0","0","10","199","238","0"
"hazelcast","86f6e106a1152a2f5d110436d07b41ff8a06a1f9","hazelcast/src/main/java/com/hazelcast/cluster/AbstractJoiner.java","33","0","0","10","213","262","0"
"hazelcast","46ed7f576f342ec825a6d1b632182fa80103359c","hazelcast/src/main/java/com/hazelcast/cluster/AbstractJoiner.java","33","0","0","10","216","269","0"
"netty","421eabe666f5eb3c760c757e991e4f37213f7333","transport/src/main/java/io/netty/channel/socket/oio/OioEventLoopGroup.java","33","0","0","11","162","197","0"
"hazelcast","5e5c8a40c0d029c5f0cc49a61b3f21d87f671dc3","hazelcast/src/main/java/com/hazelcast/cluster/AbstractJoiner.java","33","0","0","11","218","273","0"
"orientdb","4599eb81e76d5f219c74e02da5d947a5af739b20","lucene/src/main/java/com/orientechnologies/lucene/operator/OLuceneTextOperator.java","33","0","0","11","219","286","0"
"hazelcast","e914277fc41124d8b178c218e3ff76938f695cb0","hazelcast/src/main/java/com/hazelcast/cluster/impl/AbstractJoiner.java","33","0","0","11","221","276","0"
"hazelcast","47b48594cce33ec1cec54b6fa89af2acf2da2fed","hazelcast/src/main/java/com/hazelcast/cluster/impl/AbstractJoiner.java","33","0","0","11","222","277","1"
"hazelcast","70d4de16ff0ac4518d09aad8c9f2ad9e782fb337","hazelcast/src/main/java/com/hazelcast/map/impl/event/MapEventPublisherImpl.java","33","0","0","11","246","326","1"
"hazelcast","8b6e4403969a786368bfb92b2da2802eebf42704","hazelcast-client/src/main/java/com/hazelcast/client/connection/nio/ClientConnectionManagerImpl.java","33","0","0","11","288","345","2"
"hazelcast","b4f94a00cf1628aa0437ded2c556bae9608f74c6","hazelcast-client/src/main/java/com/hazelcast/client/connection/nio/ClientConnectionManagerImpl.java","33","0","0","11","289","347","0"
"netty","15ac6c4a1f8c9283177715899c7cf334590a64be","handler/src/test/java/io/netty/handler/ssl/SSLEngineTest.java","33","0","0","11","638","778","1"
"hazelcast","a8a0fb25aa3b879fe51421a8376c52c8347f1cf3","hazelcast/src/main/java/com/hazelcast/map/impl/event/MapEventPublisherImpl.java","33","0","0","12","252","321","1"
"hazelcast","44dd4c0ef632613153d2932c170a0490dcd30270","hazelcast/src/test/java/com/hazelcast/util/FutureUtilTest.java","33","0","0","12","368","468","0"
"elasticsearch","3ce7b119d28e7d1be7284bd804606a65c2d1a383","core/src/main/java/org/elasticsearch/index/mapper/AllFieldMapper.java","33","0","0","14","221","292","1"
"elasticsearch","96f1739c0dafc067a289574296642219faca4673","core/src/main/java/org/elasticsearch/index/mapper/AllFieldMapper.java","33","0","0","14","228","299","0"
"neo4j","e874bf1efb4105df86f49b88fd982245a8b7f93b","community/kernel/src/test/java/org/neo4j/kernel/impl/event/TestTransactionEvents.java","33","0","0","15","913","1078","1"
"elasticsearch","6c3beaa2ebe4921474addf07ce3aa02a3cb7f915","core/src/test/java/org/elasticsearch/index/query/InnerHitBuilderTests.java","33","0","0","16","323","386","0"
"hazelcast","9ef9a6fbd132807948bcc3591363631fb8e43688","hazelcast/src/test/java/com/hazelcast/test/TestNodeRegistry.java","33","0","0","17","384","470","0"
"hazelcast","24b377020aa3aa78ff0c61e5428c73eb75506e6d","hazelcast/src/test/java/com/hazelcast/test/TestNodeRegistry.java","33","0","0","18","384","470","2"
"hazelcast","00e8eabfdd70dfb70d91312f05495f917e2d27ab","hazelcast/src/test/java/com/hazelcast/test/TestNodeRegistry.java","33","0","0","18","387","474","2"
"hazelcast","47b48594cce33ec1cec54b6fa89af2acf2da2fed","hazelcast/src/test/java/com/hazelcast/test/TestNodeRegistry.java","33","0","0","18","393","478","1"
"elasticsearch","4ec4bad908c92250ad16c101a7e0ff232b3cf687","core/src/test/java/org/elasticsearch/index/query/functionscore/FunctionScoreTests.java","33","0","0","18","668","807","0"
"elasticsearch","9f12f3c33892380e4cb0fa48b860c23c6d225b5d","core/src/test/java/org/elasticsearch/index/query/functionscore/FunctionScoreTests.java","33","0","0","18","669","808","2"
"neo4j","660d2553ac4e5d2024cee6c770149ae313abe0e1","enterprise/security/src/main/java/org/neo4j/server/security/enterprise/auth/AuthProcedures.java","33","0","0","20","430","493","1"
"MapDB","b84df1ab7522f9d0e6161dee0cb0261cf8e07297","src/test/java/org/mapdb/BTreeMapTest.java","33","0","0","25","348","517","0"
"MapDB","5c363e4e996421959f3b33ad3f9554db06ca34db","src/test/java/org/mapdb/BTreeMapTest.java","33","0","0","25","348","517","0"
"MapDB","d9b73c45511ef0b8c33beb61fc4aee5d635a6d32","src/test/java/org/mapdb/BTreeMapTest.java","33","0","0","25","348","517","2"
"elasticsearch","0ff30ade69404af2830c343f3b7052aeb6f77c8f","src/test/java/org/elasticsearch/search/suggest/ContextSuggestSearchTests.java","33","0","0","26","743","896","0"
"hazelcast","cb69ad55ae896c06a493a334c67c2a2b0451a444","hazelcast/src/main/java/com/hazelcast/multimap/impl/MultiMapService.java","33","0","0","27","285","342","2"
"elasticsearch","8e1d3d56b3a8bc9fff5b6b053de605fc26811b12","src/test/java/org/elasticsearch/search/suggest/ContextSuggestSearchTests.java","33","0","0","28","789","951","1"
"hazelcast","3c0d004cd2212a6fab519551c45461a19256accc","hazelcast/src/test/java/com/hazelcast/cache/CacheBasicAbstractTest.java","33","0","0","32","602","707","0"
"hazelcast","49bc95f245df5503b44ba497a51ae534883f2f4f","hazelcast/src/test/java/com/hazelcast/cache/CacheBasicAbstractTest.java","33","0","0","32","603","708","1"
"hazelcast","23f1d9d53622d23a2234bef66fe1bcd67dd21f3a","hazelcast/src/test/java/com/hazelcast/cache/CacheBasicAbstractTest.java","33","0","0","33","634","746","0"
"hazelcast","495e091dcf60a93d6d30d2210b83ffbdd5a0f1cc","hazelcast/src/test/java/com/hazelcast/cache/CacheBasicAbstractTest.java","33","0","0","33","634","748","0"
"hazelcast","8c4789833a41d1b6fb29c1146558db28e2636260","hazelcast-client/src/main/java/com/hazelcast/client/connection/nio/ClientConnection.java","33","0","0","34","370","447","3"
"elasticsearch","17a5575757317962dab4c295bbfacbdb136cc61e","src/main/java/org/elasticsearch/index/query/HasParentQueryParser.java","33","0","0","4","139","181","0"
"netty","3a4d64bb8404f59861acddec954b4ed3aa02f97b","example/src/main/java/io/netty/example/http/upload/HttpUploadServerHandler.java","33","0","0","4","312","417","1"
"hazelcast","525c34cddd7f4e08d674611e177bab103e4d1881","hazelcast/src/main/java/com/hazelcast/examples/AllTest.java","33","0","0","4","524","584","1"
"hazelcast","82fcc4c7c87097d1719bb56112aec0fafdb6bc0e","hazelcast/src/main/java/com/hazelcast/examples/AllTest.java","33","0","0","4","525","585","0"
"hazelcast","525c34cddd7f4e08d674611e177bab103e4d1881","hazelcast/src/main/java/com/hazelcast/impl/MulticastJoiner.java","33","0","0","5","156","187","1"
"hazelcast","82fcc4c7c87097d1719bb56112aec0fafdb6bc0e","hazelcast/src/main/java/com/hazelcast/impl/MulticastJoiner.java","33","0","0","5","157","188","0"
"hazelcast","f76b0c0f1372a7b1f2d84c33f88ac7aed1f61684","hazelcast/src/main/java/com/hazelcast/impl/MulticastJoiner.java","33","0","0","5","160","198","1"
"hazelcast","86f6e106a1152a2f5d110436d07b41ff8a06a1f9","hazelcast/src/main/java/com/hazelcast/cluster/MulticastJoiner.java","33","0","0","6","150","189","0"
"hazelcast","1ce47d7ee0c006ba8890a4689a77b928f03eaebb","hazelcast-client/src/test/java/com/hazelcast/client/HazelcastClientTest.java","33","0","0","65","775","900","0"
"ceylon-ide-eclipse","3a452a4ff5eb54368b1a291222e5bcf1a0226b6c","plugins/com.redhat.ceylon.eclipse.ui/src/com/redhat/ceylon/eclipse/core/launch/ModuleLaunchDelegate.java","33","0","0","7","289","334","0"
"hazelcast","22924902491620e9c41567869e1e4cf5b994c733","hazelcast/src/main/java/com/hazelcast/cluster/AbstractJoiner.java","33","0","0","8","222","261","0"
"hazelcast","c31bc409ed0b1d483992699b52724842a85c7305","hazelcast/src/main/java/com/hazelcast/cluster/AbstractJoiner.java","33","0","0","8","223","262","1"
"mcMMO","8cf16d4a1c57be03f9b1bbe5c25e6a4f21cd2494","src/main/java/com/gmail/nossr50/listeners/InventoryListener.java","33","0","0","9","148","189","0"
"elasticsearch","0a69f1e283e26e5d9e6a000b68b9f4778de557a1","core/src/test/java/org/elasticsearch/gateway/RecoveryFromGatewayIT.java","33","0","0","9","339","455","2"
"elasticsearch","75cedca0dab933bb6d1679fbddea2d09122d13c9","core/src/test/java/org/elasticsearch/gateway/RecoveryFromGatewayIT.java","33","0","0","9","339","456","2"
"elasticsearch","4fea56ceadbbd042774a89dbdf94c16a4a33df4c","core/src/test/java/org/elasticsearch/gateway/RecoveryFromGatewayIT.java","33","0","0","9","340","457","1"
"elasticsearch","5a64f08f048461a63a0ca1354a5050c954e63d52","core/src/test/java/org/elasticsearch/gateway/RecoveryFromGatewayIT.java","33","0","0","9","345","464","0"
"netty","c79a3cdefe4ced7f7effc94a6862a0d1d5af0dae","transport/src/main/java/io/netty/channel/nio/AbstractNioByteChannel.java","33","0","1","0","186","259","0"
"elasticsearch","fbcfddbb77c2763f4c1a8585b28cb7a37e2b5284","modules/lang-painless/src/main/java/org/elasticsearch/painless/node/SFor.java","33","0","1","1","139","205","1"
"elasticsearch","139d3f957fee124ab311376c9ccccc6b6b461c29","modules/lang-painless/src/main/java/org/elasticsearch/painless/node/SFor.java","33","0","1","1","141","207","0"
"netty","789e323b79d642ea2c0a024cb1c839654b7b8fad","codec-http/src/main/java/io/netty/handler/codec/http/HttpObjectEncoder.java","33","0","1","1","143","206","0"
"elasticsearch","a2d07058e8557539e843fc3c2cace23b56512344","src/main/java/org/elasticsearch/action/admin/cluster/snapshots/status/TransportSnapshotsStatusAction.java","33","0","1","1","176","228","4"
"elasticsearch","93beea1f670f1e0d53bc3fd3ee671bc235d5f1aa","core/src/main/java/org/elasticsearch/action/admin/cluster/snapshots/status/TransportSnapshotsStatusAction.java","33","0","1","1","179","231","0"
"elasticsearch","91c7892305472040ea42aead4ba755f0f9736c8b","src/main/java/org/elasticsearch/action/admin/cluster/snapshots/status/TransportSnapshotsStatusAction.java","33","0","1","1","179","232","3"
"elasticsearch","b75d1d885a4f56edf8d1b8cd393298588fbd0123","src/main/java/org/elasticsearch/action/admin/cluster/snapshots/status/TransportSnapshotsStatusAction.java","33","0","1","1","182","235","3"
"elasticsearch","2e2e345dcb90e1ec1c48c6bb5348469fc514aea1","src/main/java/org/elasticsearch/action/admin/cluster/snapshots/status/TransportSnapshotsStatusAction.java","33","0","1","1","183","236","5"
"elasticsearch","974fafb2daa94c91f637cef8cfe568f1cbb22396","src/main/java/org/elasticsearch/action/admin/cluster/snapshots/status/TransportSnapshotsStatusAction.java","33","0","1","1","183","236","4"
"elasticsearch","a6510f924520d8cdda2636ac85a1a1e43f6dfb8c","src/main/java/org/elasticsearch/action/admin/cluster/snapshots/status/TransportSnapshotsStatusAction.java","33","0","1","1","183","236","4"
"elasticsearch","aa6bf5fd1d67f0d17fce87c647f56f7967bd373d","src/main/java/org/elasticsearch/action/admin/cluster/snapshots/status/TransportSnapshotsStatusAction.java","33","0","1","1","183","236","4"
"elasticsearch","adc0807c686b37bf1d96bd3eb9d26face380fe44","src/main/java/org/elasticsearch/action/admin/cluster/snapshots/status/TransportSnapshotsStatusAction.java","33","0","1","1","183","236","0"
"elasticsearch","8c6ba59b83ec750fe118174c4d5b255c4b7f2170","src/main/java/org/elasticsearch/action/admin/indices/analyze/TransportAnalyzeAction.java","33","0","1","1","193","235","2"
"elasticsearch","97559c0614d900a682d01afc241615cf5627fb4c","src/main/java/org/elasticsearch/cluster/settings/Validator.java","33","0","1","1","221","269","0"
"elasticsearch","8b74c42099d5b7f76b2fa0d3d85d5f03f4e5e234","src/main/java/org/elasticsearch/action/mlt/TransportMoreLikeThisAction.java","33","0","1","1","285","357","0"
"elasticsearch","ddea22771e936c470891375dbbe47ea90d66abe6","src/main/java/org/elasticsearch/action/mlt/TransportMoreLikeThisAction.java","33","0","1","1","286","358","0"
"hazelcast","9bf0e5159d64b217e234a3e466d9ca49546cc733","hazelcast/src/main/java/com/hazelcast/map/impl/proxy/NearCachedMapProxyImpl.java","33","0","1","10","457","551","0"
"hazelcast","4b74129ed885af4dd2d7fb95979ba48799b9974b","hazelcast/src/main/java/com/hazelcast/map/impl/proxy/NearCachedMapProxyImpl.java","33","0","1","10","458","553","0"
"hazelcast","32331b3c2b1548fd19542d1005a0c6d49a5a2a9c","hazelcast/src/main/java/com/hazelcast/query/impl/QueryEntry.java","33","0","1","11","149","190","0"
"BroadleafCommerce","14d2bad074311e7279f59a64b76e4670ee10de6e","common/src/main/java/org/broadleafcommerce/common/sitemap/service/SiteMapServiceImpl.java","33","0","1","11","213","310","0"
"hazelcast","d070f1256c8c7fa823e6463487462826384ee1df","hazelcast-client/src/main/java/com/hazelcast/client/proxy/NearCachedClientMapProxy.java","33","0","1","11","411","517","0"
"hazelcast","2deea892536edaf36b21b80c96c797e5a57b84ff","hazelcast-client/src/main/java/com/hazelcast/client/nearcache/ClientHeapNearCache.java","33","0","1","12","238","292","2"
"elasticsearch","2eeaa56d95aa711ce6e83ffc27f8649b2392495b","src/main/java/org/elasticsearch/index/fielddata/fieldcomparator/BytesRefOrdValComparator.java","33","0","1","12","291","414","0"
"hazelcast","e253ba2e3054a341540a218c869c9e1b3f802a43","hazelcast-client/src/main/java/com/hazelcast/client/proxy/NearCachedClientMapProxy.java","33","0","1","12","406","520","2"
"hazelcast","4e5ee0b7ce47bc6549852d65f60e4f72da388509","hazelcast-client/src/main/java/com/hazelcast/client/proxy/NearCachedClientMapProxy.java","33","0","1","12","411","524","0"
"hazelcast","cd050d40b89556974e91deed3634f1049fb61a72","hazelcast-client/src/main/java/com/hazelcast/client/proxy/NearCachedClientMapProxy.java","33","0","1","12","413","526","1"
"neo4j","519368d3751bcc0c0e0662ac2e071a2f8c167480","community/server/src/main/java/org/neo4j/server/AbstractNeoServer.java","33","0","1","12","460","603","0"
"elasticsearch","365cde82d3e36ce67b989c81b3446dcf64de6017","src/test/java/org/elasticsearch/test/integration/search/sort/SimpleSortTests.java","33","0","1","12","793","1048","0"
"elasticsearch","3ed0da5a586e8a3d12016aa517ab46032353d179","core/src/main/java/org/elasticsearch/index/mapper/AllFieldMapper.java","33","0","1","13","221","295","0"
"elasticsearch","04c16b7ba5658c928b9bdd7201ef41ab151540ae","src/main/java/org/elasticsearch/index/mapper/core/BinaryFieldMapper.java","33","0","1","14","193","244","1"
"elasticsearch","6fe9ae29ea3b66d38dfde4ae1394106b725475e9","core/src/main/java/org/elasticsearch/index/mapper/AllFieldMapper.java","33","0","1","14","225","299","1"
"hazelcast","400f6b0b78511fdc24576d32fb4b7574369a8ae1","hazelcast/src/main/java/com/hazelcast/map/tx/TransactionalMapProxySupport.java","33","0","1","14","316","366","1"
"hazelcast","22bdfcfa23a11ee774cc8c5b6308c0925c660aab","hazelcast/src/main/java/com/hazelcast/map/impl/tx/TransactionalMapProxySupport.java","33","0","1","14","323","374","1"
"hazelcast","981bb82c1799a0ff7375feec54431325fea20a85","hazelcast/src/main/java/com/hazelcast/map/tx/TransactionalMapProxySupport.java","33","0","1","14","323","374","1"
"hazelcast","d831651dd5814c8074c8b4727184701986f16039","hazelcast/src/main/java/com/hazelcast/map/impl/tx/TransactionalMapProxySupport.java","33","0","1","14","323","374","1"
"hazelcast","54b6def84288703e393bd992a81cb89a2d49579f","hazelcast/src/main/java/com/hazelcast/map/tx/TransactionalMapProxySupport.java","33","0","1","14","323","374","0"
"hazelcast","e109d74fd7f5d0d9ac02f809d53c019580b44f4d","hazelcast/src/main/java/com/hazelcast/map/tx/TransactionalMapProxySupport.java","33","0","1","14","323","374","0"
"hazelcast","d4b9ed8097a1308b48d24fa911314129e4e5e4b5","hazelcast/src/main/java/com/hazelcast/spi/impl/ExecutionServiceImpl.java","33","0","1","17","406","503","1"
"orientdb","a63fb7283ec4f01d392c8f03143939def5f3ea54","jdbc/src/main/java/com/orientechnologies/orient/jdbc/OrientJdbcDatabaseMetaData.java","33","0","1","177","890","1292","1"
"elasticsearch","583f14833482cf1e8ce2adbcdb2b3fb3cb17c70e","src/main/java/org/elasticsearch/search/aggregations/bucket/range/date/DateRangeParser.java","33","0","1","2","142","182","1"
"elasticsearch","2f7d1189b1453744003c87ebc878633421dfbcaa","src/main/java/org/elasticsearch/rest/action/admin/indices/alias/RestIndicesAliasesAction.java","33","0","1","2","145","181","1"
"elasticsearch","16e350b2668d23041fa6882367b45dee7d90a336","src/main/java/org/elasticsearch/search/highlight/PlainHighlighter.java","33","0","1","2","147","195","0"
"hazelcast","46822d1a5937bf31da46a098d84f41ea90525b46","hazelcast/src/test/java/com/hazelcast/test/starter/ConfigConstructor.java","33","0","1","2","156","202","0"
"elasticsearch","64358948eff4e3b75134dc9e2776e9dc5a39e156","src/main/java/org/elasticsearch/action/search/type/TransportSearchScrollScanAction.java","33","0","1","2","213","274","0"
"elasticsearch","99262e26a08f39f7ae98b407fc2934c9fec4fc91","modules/transport-netty4/src/main/java/org/elasticsearch/transport/netty4/Netty4Transport.java","33","0","1","2","374","505","1"
"elasticsearch","be2a6ce80b2282779159bc017352aa6f216349e2","modules/transport-netty4/src/main/java/org/elasticsearch/transport/netty4/Netty4Transport.java","33","0","1","2","378","509","0"
"elasticsearch","f8df2a22e9171e07125e17f8dd95da2eeb89fe3f","modules/transport-netty4/src/main/java/org/elasticsearch/transport/netty4/Netty4Transport.java","33","0","1","2","378","509","0"
"elasticsearch","04e08f5e491477f573b9e3ac19ee4b57cf7886db","modules/transport-netty4/src/main/java/org/elasticsearch/transport/netty4/Netty4Transport.java","33","0","1","2","378","509","3"
"elasticsearch","fe01c0f83b8a383bbe2f879a317150705eb9966f","modules/transport-netty4/src/main/java/org/elasticsearch/transport/netty4/Netty4Transport.java","33","0","1","2","380","515","1"
"hazelcast","f5f635261fbe41d12a606af98e438325a6476076","hazelcast/src/main/java/com/hazelcast/spi/impl/operationexecutor/classic/ClassicOperationExecutor.java","33","0","1","20","311","456","1"
"hazelcast","805a90a48434a78f1bfa631a774f05df43312150","hazelcast/src/main/java/com/hazelcast/spi/impl/operationexecutor/classic/ClassicOperationExecutor.java","33","0","1","21","323","460","1"
"elasticsearch","0a69f1e283e26e5d9e6a000b68b9f4778de557a1","core/src/test/java/org/elasticsearch/index/mapper/geo/GeoPointFieldMapperTests.java","33","0","1","22","624","767","3"
"elasticsearch","5a64f08f048461a63a0ca1354a5050c954e63d52","core/src/test/java/org/elasticsearch/index/mapper/geo/GeoPointFieldMapperTests.java","33","0","1","22","631","776","1"
"elasticsearch","51d53791fe71c9cb62bc992588a57cdfb500383f","core/src/test/java/org/elasticsearch/action/admin/cluster/node/tasks/TransportTasksActionTests.java","33","0","1","23","600","781","0"
"elasticsearch","2b3760f78b26817b5a2030aa27b1ddf2f17462f6","core/src/test/java/org/elasticsearch/action/admin/cluster/node/tasks/TransportTasksActionTests.java","33","0","1","23","602","783","1"
"elasticsearch","3fc27b0e909ca1126f6cfa03d2b1db3950c376a1","core/src/test/java/org/elasticsearch/search/aggregations/metrics/TopHitsIT.java","33","0","1","23","976","1143","1"
"elasticsearch","952feb58e41bd0220784c44136b840ea4a740e26","core/src/test/java/org/elasticsearch/search/aggregations/metrics/TopHitsIT.java","33","0","1","23","976","1143","2"
"elasticsearch","e7d352b489272a87b05019869857656de7fb82fc","core/src/test/java/org/elasticsearch/search/aggregations/metrics/TopHitsIT.java","33","0","1","23","976","1143","1"
"elasticsearch","076167fbe546f1b91b323e493db36cea5ea7eac9","core/src/test/java/org/elasticsearch/search/aggregations/metrics/TopHitsIT.java","33","0","1","23","976","1143","0"
"hazelcast","4eef0f6f0630c47a4baca6875343ccd506948bb5","hazelcast/src/main/java/com/hazelcast/multimap/MultiMapService.java","33","0","1","24","252","311","1"
"elasticsearch","06667c6aa898895acd624b8a71a6e00ff7ae32b8","src/main/java/org/elasticsearch/index/mapper/geo/GeoShapeFieldMapper.java","33","0","1","24","253","338","0"
"MapDB","3d1ddbf186607d1a5022b699de57dcf5275a3dd0","src/main/java/org/mapdb/volume/ByteBufferVol.java","33","0","1","24","267","368","1"
"BroadleafCommerce","15e70fe6b89d008dd88b5e98dbfc66a720db68bb","admin/broadleaf-open-admin-platform/src/main/java/org/broadleafcommerce/openadmin/dto/MapStructure.java","33","0","1","25","154","214","0"
"orientdb","2228c1302483104febb0712814a9865ae5b48cb4","core/src/main/java/com/orientechnologies/orient/core/db/OrientDBEmbedded.java","33","0","1","25","283","364","1"
"elasticsearch","69ac8382595deaebb7906d7c9e535896ab9d08e8","src/main/java/org/elasticsearch/index/service/InternalIndexService.java","33","0","1","27","448","564","0"
"elasticsearch","899189694f32edc808fd0e0ce3491587e9ae479e","src/main/java/org/elasticsearch/index/query/functionscore/FunctionScoreQueryParser.java","33","0","1","3","143","189","1"
"elasticsearch","fa80ca97b252ef72e6bf4d63307acee5ed3abd04","src/main/java/org/elasticsearch/index/query/IndicesQueryParser.java","33","0","1","3","147","190","0"
"elasticsearch","e7a892f6f06105e78984a04d919523a8c6ef73e9","src/main/java/org/elasticsearch/index/query/MoreLikeThisQueryParser.java","33","0","1","3","88","122","1"
"elasticsearch","5fa072263ded7ec646aace5b56f271d8c837876a","modules/elasticsearch/src/main/java/org/apache/lucene/queryParser/QueryParserSettings.java","33","0","1","32","148","209","0"
"hazelcast","65563ab5f024efe0698b34df7b7f51ab3254ce3e","hazelcast-client/src/main/java/com/hazelcast/client/cache/impl/ClientCacheProxy.java","33","0","1","32","469","566","1"
"hazelcast","17bd5bcdf93ea2810c638dc6564a9c7ff9c3f231","hazelcast-client/src/main/java/com/hazelcast/client/cache/impl/ClientCacheProxy.java","33","0","1","32","471","569","1"
"hazelcast","867311c53f89ad6e665ffe4087b11a1bf02ce983","hazelcast-client/src/main/java/com/hazelcast/client/cache/impl/ClientCacheProxy.java","33","0","1","32","471","569","2"
"hazelcast","a18d0e135dc14ea3265896e288923cd1e61a4760","hazelcast-client/src/main/java/com/hazelcast/client/cache/impl/ClientCacheProxy.java","33","0","1","32","471","569","1"
"hazelcast","daa082f6c3ad48a8a02c7593d35cb344c996bc25","hazelcast-client/src/main/java/com/hazelcast/client/cache/impl/ClientCacheProxy.java","33","0","1","32","471","569","1"
"hazelcast","0cf8d4e4b4bb67c11e3b136f5e719e6d498b7504","hazelcast-client/src/main/java/com/hazelcast/client/cache/impl/ClientCacheProxy.java","33","0","1","32","471","569","0"
"hazelcast","4af90ce062e123cc0e7e1ffb0562e14b5e1eed9e","hazelcast-client/src/main/java/com/hazelcast/client/cache/impl/ClientCacheProxy.java","33","0","1","32","471","569","0"
"hazelcast","e4b8f5199015f03f9bdc06632073d8ea0b298aba","hazelcast-client/src/main/java/com/hazelcast/client/cache/impl/ClientCacheProxy.java","33","0","1","32","471","569","0"
"hazelcast","89a6af8e82b6a95b3067eed8da993cf88e23b643","hazelcast/src/test/java/com/hazelcast/cache/CacheBasicAbstractTest.java","33","0","1","33","647","767","0"
"hazelcast","f753b90cf2fde1de4a52ab7a561fd790df80368e","hazelcast/src/test/java/com/hazelcast/map/BasicTest.java","33","0","1","37","838","978","0"
"hazelcast","8bd49a141e486adf3659c1f4c111fd8df674563a","hazelcast/src/test/java/com/hazelcast/map/BasicTest.java","33","0","1","37","843","984","0"
"elasticsearch","bb4d3f55c0865e9fd49fa2cb5ba03eba360b6ba8","src/main/java/org/elasticsearch/index/query/GeoShapeFilterParser.java","33","0","1","4","129","195","1"
"elasticsearch","e7e1667a26de5472e3419c586682b92c37c6e7d3","src/main/java/org/elasticsearch/index/query/GeoShapeFilterParser.java","33","0","1","4","133","199","0"
"hazelcast","bf208ca94f476ff6133813fcce92ac4e78302ca0","hazelcast/src/main/java/com/hazelcast/map/impl/event/QueryCacheNaturalFilteringStrategy.java","33","0","1","4","152","266","0"
"elasticsearch","61a307f28d069ac57fa2326ab0b75bce759b0145","src/main/java/org/elasticsearch/cloud/aws/InternalAwsS3Service.java","33","0","1","4","158","212","3"
"elasticsearch","d680b94eb748585ed7eebdce1c4184fe61829ad5","src/main/java/org/elasticsearch/cloud/aws/InternalAwsS3Service.java","33","0","1","4","159","213","2"
"elasticsearch","53c7c09972e23e7fdcc83611bb1ff278295614c1","core/src/main/java/org/elasticsearch/index/query/functionscore/FunctionScoreQueryParser.java","33","0","1","4","160","211","1"
"BroadleafCommerce","dbd58b9d1efd79a6183c776a8532b06177e8d529","admin/broadleaf-open-admin-platform/src/main/java/org/broadleafcommerce/openadmin/server/service/persistence/validation/EntityValidatorServiceImpl.java","33","0","1","4","164","249","0"
"BroadleafCommerce","27ef2467b7432e825811b791c96788f417fc8d4b","admin/broadleaf-open-admin-platform/src/main/java/org/broadleafcommerce/openadmin/server/service/persistence/validation/EntityValidatorServiceImpl.java","33","0","1","4","165","247","0"
"elasticsearch","723d2e8b153cbcf94ff3b63fe87915b8465fbb97","modules/elasticsearch/src/main/java/org/elasticsearch/search/fetch/FetchPhase.java","33","0","1","4","185","244","0"
"elasticsearch","8c6b2a30773a805aeaf9668f6496a93581326f45","src/main/java/org/elasticsearch/search/facet/datehistogram/DateHistogramFacetProcessor.java","33","0","1","4","194","245","0"
"elasticsearch","47a6065805ee8e589935af505f1c3bba2c57e3a6","modules/elasticsearch/src/main/java/org/elasticsearch/search/facet/datehistogram/DateHistogramFacetProcessor.java","33","0","1","4","197","249","0"
"elasticsearch","6bf543dca8f9a500da7cbd13410bf4abe6ae5c3d","core/src/main/java/org/elasticsearch/transport/netty/MessageChannelHandler.java","33","0","1","4","265","327","1"
"elasticsearch","3f6a3c01dadb1951b597ffdbd068359a2fbc84c8","core/src/test/java/org/elasticsearch/indices/cluster/IndicesClusterStateServiceRandomUpdatesTests.java","33","0","1","4","267","367","1"
"elasticsearch","8bbc312fdd2442ce5c9ad431ab0c61930069df2f","core/src/test/java/org/elasticsearch/indices/cluster/IndicesClusterStateServiceRandomUpdatesTests.java","33","0","1","4","267","367","1"
"elasticsearch","6abcd42a05a0e2bc4eaf1add6a41ae7d48f840c2","core/src/test/java/org/elasticsearch/indices/cluster/IndicesClusterStateServiceRandomUpdatesTests.java","33","0","1","4","267","367","0"
"elasticsearch","45469a5570156fa866610d3508285097fd5f61db","core/src/test/java/org/elasticsearch/indices/cluster/IndicesClusterStateServiceRandomUpdatesTests.java","33","0","1","4","268","368","1"
"mcMMO","bded936af5c421ea2f0d29cfd9d33c4ef283eec7","src/main/java/com/gmail/nossr50/skills/repair/Repair.java","33","0","1","4","89","114","0"
"hazelcast","0261611ce1d6e95cd84910390d1c0c653fa0dfd2","hazelcast/src/test/java/com/hazelcast/query/impl/extractor/specification/ComplexTestDataStructure.java","33","0","1","44","322","407","0"
"BroadleafCommerce","efe538e3d8c1fdb09c6429aa97cb0205c0a05507","common/src/main/java/org/broadleafcommerce/common/resource/service/ResourceBundlingServiceImpl.java","33","0","1","5","265","359","0"
"elasticsearch","1f6f81d840420b32a1cfb22ff9002b39316e2f1b","src/main/java/org/elasticsearch/common/xcontent/support/XContentMapConverter.java","33","0","1","6","141","183","0"
"hazelcast","4bc70daa1a4ee13006874d617051076c198770df","hazelcast/src/main/java/com/hazelcast/internal/usercodedeployment/impl/ClassLocator.java","33","0","1","6","226","282","0"
"elasticsearch","6fc5acd760ecb1e8cf408e3f53b2054bd8807fa7","src/main/java/org/elasticsearch/http/netty/NettyHttpServerTransport.java","33","0","1","6","284","370","1"
"hazelcast","623ff1855aa985aa276e8395aabf0b534c7a36c3","hazelcast-client-legacy/src/main/java/com/hazelcast/client/proxy/NearCachedClientMapProxy.java","33","0","1","6","322","408","1"
"hazelcast","8def7802f1fbad3ee573323b4b7381892d0994c1","hazelcast/src/main/java/com/hazelcast/internal/partition/impl/PartitionStateManager.java","33","0","1","7","243","321","0"
"hazelcast","127d983822bf447a32033f2b4956b7b746b7e002","hazelcast/src/main/java/com/hazelcast/nio/tcp/WriteHandler.java","33","0","1","7","248","409","0"
"hazelcast","1e1e6751ccc6a8d429315fe0d5e4e4ad9c7196e9","hazelcast-client/src/main/java/com/hazelcast/client/proxy/ClientReliableTopicProxy.java","33","0","1","7","265","340","2"
"hazelcast","2332e689b765b6d3ed0154b68679f2e328554d64","hazelcast-client/src/main/java/com/hazelcast/client/proxy/ClientReliableTopicProxy.java","33","0","1","7","266","342","1"
"hazelcast","3fcd083e9dbaf97bfe0c447d5baa1cb29bbe7d98","hazelcast-client/src/main/java/com/hazelcast/client/proxy/ClientReliableTopicProxy.java","33","0","1","7","266","342","1"
"hazelcast","6adb137d7e8b6abd4405ab26337072a54017cabc","hazelcast-client/src/main/java/com/hazelcast/client/proxy/ClientReliableTopicProxy.java","33","0","1","7","266","342","1"
"hazelcast","ce68e705087b46075d8fe353671b136e10e7c335","hazelcast-client/src/main/java/com/hazelcast/client/proxy/ClientReliableTopicProxy.java","33","0","1","7","266","342","1"
"hazelcast","660bbd97d28d2282bc4ac0bc66a5405e89cd0813","hazelcast-client/src/main/java/com/hazelcast/client/proxy/ClientReliableTopicProxy.java","33","0","1","7","266","342","0"
"elasticsearch","5ccc7beaf4f5f90513982dcd500ed81e3db2c417","src/main/java/org/elasticsearch/http/netty/NettyHttpServerTransport.java","33","0","1","7","287","373","2"
"elasticsearch","95762e8126a7be9f41627dfd098d13691489e6bd","src/main/java/org/elasticsearch/http/netty/NettyHttpServerTransport.java","33","0","1","7","288","372","1"
"elasticsearch","5eeac2fdf6c108e2f9b6305b6577a77e5290ad9e","src/main/java/org/elasticsearch/http/netty/NettyHttpServerTransport.java","33","0","1","7","307","395","0"
"elasticsearch","75ced057ed17c5b3473795b24338815ab49f3336","core/src/main/java/org/elasticsearch/http/netty/NettyHttpServerTransport.java","33","0","1","7","314","404","3"
"hazelcast","21586825d367940e1c79cf289e97310daab1200d","hazelcast-client-legacy/src/main/java/com/hazelcast/client/proxy/NearCachedClientMapProxy.java","33","0","1","7","325","411","0"
"elasticsearch","35b573ff24c1462de77252f53cd60b4dcab23eda","src/main/java/org/elasticsearch/index/search/child/ChildrenQuery.java","33","0","1","7","342","438","1"
"elasticsearch","adadc72da320d6cb380e2f2fdcc477f2052907a0","src/main/java/org/elasticsearch/index/search/child/ChildrenQuery.java","33","0","1","7","344","440","0"
"elasticsearch","635ae29bf1eb3aa83597bc296ff58a5b95ca648a","src/main/java/org/elasticsearch/indices/recovery/RecoveryTarget.java","33","0","1","7","389","492","1"
"elasticsearch","cd04851206de348747d18d3af2080a4d6da8c40c","src/main/java/org/elasticsearch/indices/recovery/RecoveryTarget.java","33","0","1","7","392","495","1"
"neo4j","3da8523ddc5b1463dae1b497f6787835b5663e6a","community/kernel/src/main/java/org/neo4j/kernel/impl/storemigration/participant/StoreMigrator.java","33","0","1","7","600","800","0"
"elasticsearch","8db27cc5bcaf38067c6bd1f6abf93b023bffe78b","src/main/java/org/elasticsearch/index/cache/bloom/simple/SimpleBloomCache.java","33","0","1","8","191","247","1"
"elasticsearch","12d9268db256b728e8d334801739fb46167902b6","src/main/java/org/elasticsearch/search/facet/terms/strings/TermsStringOrdinalsFacetExecutor.java","33","0","1","8","214","278","0"
"hazelcast","565257f977407eb3a0199d082860209c2958f5f9","hazelcast/src/main/java/com/hazelcast/nio/tcp/WriteHandler.java","33","0","1","8","252","414","1"
"hazelcast","564167c1f93b32ce742411106e9ae67eae88a801","hazelcast/src/main/java/com/hazelcast/nio/tcp/WriteHandler.java","33","0","1","8","253","415","0"
"BroadleafCommerce","030f8d7b4e8ed22cd62d84d51cd28cfe0ad83412","admin/broadleaf-contentmanagement-module/src/main/java/org/broadleafcommerce/cms/file/service/StaticAssetStorageServiceImpl.java","33","0","1","8","289","389","0"
"elasticsearch","55e9f169c3c5179591f758fb99b6450daabefc19","src/main/java/org/elasticsearch/discovery/local/LocalDiscovery.java","33","0","1","8","292","381","3"
"netty","d67184b488d163be03437e68ee2ec33ea7add2f6","transport/src/main/java/io/netty/channel/local/LocalChannel.java","33","0","1","8","296","370","0"
"netty","15279b2525f694d1789ce06d74cf2d55a9a64e01","transport/src/main/java/io/netty/channel/local/LocalChannel.java","33","0","1","8","300","374","0"
"netty","6278d88d2f46e5facebc805b1dc0cd015eaf35b9","transport/src/main/java/io/netty/channel/local/LocalChannel.java","33","0","1","8","304","380","1"
"elasticsearch","59a741cee57151ab7e3eb36b6031bde283b89087","src/main/java/org/elasticsearch/index/search/child/ChildrenQuery.java","33","0","1","9","328","422","0"
"elasticsearch","3b01f812d64d8c957ece77261d10a646df1ca3df","src/main/java/org/elasticsearch/index/search/child/ChildrenQuery.java","33","0","1","9","332","427","0"
"elasticsearch","ceb7d55857b25eebac461dcba4f0dc4a028c60b9","src/main/java/org/elasticsearch/index/search/child/ChildrenQuery.java","33","0","1","9","333","428","0"
"orientdb","5780bb8c950c397bd3b8563536ac3e6043bcce64","core/src/main/java/com/orientechnologies/common/util/OMemory.java","33","0","10","0","166","274","0"
"elasticsearch","0ff30ade69404af2830c343f3b7052aeb6f77c8f","src/main/java/org/elasticsearch/search/suggest/context/CategoryContextMapping.java","33","0","10","12","240","353","0"
"oryx","3b0fc229b3818b52dda4b6b863f9bca5dcfc4d86","app/oryx-app-common/src/main/java/com/cloudera/oryx/app/pmml/AppPMMLUtils.java","33","0","10","4","205","298","0"
"junit","a25189631a9eb551a1ac961ca4d2c2db37a687a0","src/main/java/junit/runner/BaseTestRunner.java","33","0","10","9","241","327","0"
"elasticsearch","b1cef5fdf8e1f8e9982a4724986b2731ca4d522b","core/src/main/java/org/elasticsearch/common/xcontent/ObjectParser.java","33","0","11","14","262","487","1"
"elasticsearch","149ef74b26bb33d3a1d3c1c45c481a01345cd764","core/src/main/java/org/elasticsearch/common/xcontent/ObjectParser.java","33","0","11","14","264","489","0"
"hazelcast","618948653075dce6c3fc23e0a9b67f2da2dda73f","hazelcast/src/test/java/com/hazelcast/collection/impl/queue/QueueBasicTest.java","33","0","11","28","424","550","1"
"hazelcast","023c234ec54c59c22c0475ec77a2eb60aca3277c","hazelcast/src/test/java/com/hazelcast/collection/impl/queue/QueueBasicTest.java","33","0","11","32","437","567","0"
"elasticsearch","6174e21f47244b6d5153d7d0cc1fe28fe863399d","core/src/main/java/org/elasticsearch/search/aggregations/metrics/scripted/ScriptedMetricAggregationBuilder.java","33","0","11","4","211","298","1"
"elasticsearch","2bd09c4625898d77aa6c015c6f82cf973ed18cb7","core/src/main/java/org/elasticsearch/index/mapper/geo/GeoPointFieldMapperLegacy.java","33","0","12","13","260","367","1"
"elasticsearch","3d13c27fa0df12018f35f1b20987c90277e9b6f9","core/src/main/java/org/elasticsearch/index/mapper/geo/GeoPointFieldMapperLegacy.java","33","0","12","13","260","367","2"
"elasticsearch","9080f51340b1b26f8bd171b4c82de8d87ad42b55","core/src/main/java/org/elasticsearch/index/mapper/geo/GeoPointFieldMapperLegacy.java","33","0","12","13","260","367","1"
"elasticsearch","d84c643f5880a88d2e5c38b487123161f3e01fe0","core/src/main/java/org/elasticsearch/index/mapper/geo/GeoPointFieldMapperLegacy.java","33","0","12","13","260","367","0"
"elasticsearch","0a69f1e283e26e5d9e6a000b68b9f4778de557a1","core/src/main/java/org/elasticsearch/index/mapper/geo/GeoPointFieldMapperLegacy.java","33","0","12","13","261","367","3"
"elasticsearch","5a64f08f048461a63a0ca1354a5050c954e63d52","core/src/main/java/org/elasticsearch/index/mapper/geo/GeoPointFieldMapperLegacy.java","33","0","12","13","261","368","1"
"elasticsearch","3354a816fca4b8ce5af622c848bcd5fd1161e3b7","core/src/main/java/org/elasticsearch/cluster/routing/UnassignedInfo.java","33","0","12","9","188","320","0"
"elasticsearch","4c21db0dcadb2c2bc9df4aed4576586a4b0e1a2b","src/test/java/org/elasticsearch/test/ElasticsearchTestCase.java","33","0","14","15","355","520","0"
"elasticsearch","9a0ce62550e82954cb8ce1bf1cca0c96eb377845","core/src/test/java/org/elasticsearch/search/query/SearchQueryIT.java","33","0","14","46","1689","2106","1"
"elasticsearch","d3cd58eb2f3fdfbeec81f657ca47b2994069c94a","core/src/test/java/org/elasticsearch/search/query/SearchQueryIT.java","33","0","14","46","1697","2118","0"
"elasticsearch","28109a18a2dc1f30207d09bdfb2148e8d7906337","core/src/main/java/org/elasticsearch/cluster/routing/UnassignedInfo.java","33","0","14","9","200","344","2"
"elasticsearch","0a69f1e283e26e5d9e6a000b68b9f4778de557a1","core/src/main/java/org/elasticsearch/cluster/routing/UnassignedInfo.java","33","0","16","7","205","361","2"
"elasticsearch","5a64f08f048461a63a0ca1354a5050c954e63d52","core/src/main/java/org/elasticsearch/cluster/routing/UnassignedInfo.java","33","0","16","7","206","362","0"
"orientdb","eda978aeda4e2d46618285fcb1d73642a30164c2","core/src/main/java/com/orientechnologies/orient/core/hook/ODocumentHookAbstract.java","33","0","17","10","164","349","1"
"hazelcast","8d8c3da64164bc8d7596f248e44b40e8387ea81e","hazelcast/src/main/java/com/hazelcast/util/collection/Long2LongHashMap.java","33","0","18","11","402","563","0"
"oryx","ceb8f91d84d2bc2e6ad109938f110e96381cf3db","oryx-ml-oryx-serving/src/main/java/com/cloudera/oryx/ml/serving/als/model/ALSServingModel.java","33","0","2","10","366","479","0"
"orientdb","b27bb99f64f5a211acd2f1639a5895ce09a1b883","server/src/main/java/com/orientechnologies/orient/server/distributed/task/OTxTask.java","33","0","2","11","191","288","0"
"elasticsearch","4fa924494d89fb66d6b48deac8cadc1bb9bdb269","src/test/java/org/elasticsearch/document/BulkTests.java","33","0","2","12","537","659","1"
"elasticsearch","61c21f9a0e148db3e450c87c4690bef173ccc821","src/test/java/org/elasticsearch/document/BulkTests.java","33","0","2","13","556","683","0"
"elasticsearch","66cf4ecc54635f99b8f21cbcb7d08409f4835f9f","src/test/java/org/elasticsearch/document/BulkTests.java","33","0","2","13","557","684","1"
"elasticsearch","df4c7c7aeea329e3db44b508a4d4e1eff720e33b","core/src/test/java/org/elasticsearch/index/query/SimpleQueryStringBuilderTests.java","33","0","2","14","281","363","1"
"elasticsearch","1f04182b8164ffb19f3805c48d67f0375262b317","core/src/test/java/org/elasticsearch/action/support/replication/ShardReplicationTests.java","33","0","2","14","592","744","0"
"elasticsearch","41a2375c9e609395e21522ee79202645ed2a0af4","core/src/test/java/org/elasticsearch/action/support/replication/ShardReplicationTests.java","33","0","2","14","604","756","0"
"elasticsearch","b2baf039fdf1a0ddd81bfd3835a7f92b272898c4","core/src/test/java/org/elasticsearch/index/query/SimpleQueryStringBuilderTests.java","33","0","2","15","294","372","2"
"elasticsearch","e1efd5f6baf8dec1c23c79b346b8a29f234a98bb","core/src/test/java/org/elasticsearch/action/support/replication/ShardReplicationTests.java","33","0","2","18","592","744","0"
"neo4j","61dccb6b78bc1618da0ef9f1a70d7b524b945ab7","community/bolt/src/main/java/org/neo4j/bolt/v1/runtime/internal/SessionStateMachine.java","33","0","2","19","663","894","1"
"neo4j","9641576829b1d439954ac158311a4e986f7cb629","community/bolt/src/main/java/org/neo4j/bolt/v1/runtime/internal/SessionStateMachine.java","33","0","2","19","714","965","0"
"elasticsearch","fced8dac7264a8211e1c66d65cd43f1c174dff5f","core/src/main/java/org/elasticsearch/http/netty/cors/CorsHandler.java","33","0","2","2","180","249","0"
"netty","4e528c10fae3abaa932e751c831aa48a23645744","handler/src/main/java/io/netty/handler/stream/ChunkedWriteHandler.java","33","0","2","2","194","287","1"
"netty","4e528c10fae3abaa932e751c831aa48a23645744","handler/src/main/java/io/netty/handler/stream/ChunkedWriteHandler.java","33","0","2","2","194","287","1"
"netty","62f5623d2af2a5bbbfcfc51cbde19929c35de81f","handler/src/main/java/io/netty/handler/stream/ChunkedWriteHandler.java","33","0","2","2","194","287","1"
"netty","4158152b24c1e20cc9d024486a6bc6a0ee336a92","handler/src/main/java/io/netty/handler/stream/ChunkedWriteHandler.java","33","0","2","2","194","287","0"
"netty","8579f09c594f69870115c019655c98cba5ad47ee","handler/src/main/java/io/netty/handler/stream/ChunkedWriteHandler.java","33","0","2","2","195","289","1"
"netty","2174ce36280e2369e7efca3eae49ef623170084f","handler/src/main/java/io/netty/handler/stream/ChunkedWriteHandler.java","33","0","2","2","199","297","2"
"elasticsearch","4040f194f528c76c88be70b119cf9d7d6fcea99b","core/src/main/java/org/elasticsearch/bootstrap/Bootstrap.java","33","0","2","2","256","353","0"
"netty","505993a2fb6016c58d0f95392d7317a6d80f2ac7","common/src/main/java/io/netty/util/internal/InternalThreadLocalMap.java","33","0","2","25","250","321","1"
"netty","e249b453a053d2fcc2e08eb5fbec37dba0a9c29d","common/src/main/java/io/netty/util/internal/InternalThreadLocalMap.java","33","0","2","25","261","335","0"
"elasticsearch","3ed0da5a586e8a3d12016aa517ab46032353d179","core/src/main/java/org/elasticsearch/index/get/ShardGetService.java","33","0","2","3","195","252","0"
"elasticsearch","5a91ad11152fb54724083b696339b78829c8b905","core/src/main/java/org/elasticsearch/gateway/GatewayService.java","33","0","2","3","217","303","0"
"BroadleafCommerce","840b94b60c5e982426bd1272b9261dba322864f1","admin/broadleaf-contentmanagement-module/src/main/java/org/broadleafcommerce/cms/web/processor/ContentProcessor.java","33","0","2","3","222","359","0"
"elasticsearch","c97833596869141f747110d0046dd9de325a7f3c","core/src/main/java/org/elasticsearch/gateway/GatewayService.java","33","0","2","3","234","325","1"
"elasticsearch","719d1e0318209e1f822169adcba90214b1e75995","src/main/java/org/elasticsearch/action/termvector/TermVectorFields.java","33","0","2","3","293","479","0"
"orientdb","7a678522a2d83448543bc75d7360ac0857529727","graphdb/src/main/java/com/orientechnologies/orient/graph/sql/OCommandExecutorSQLCreateEdge.java","33","0","2","4","150","232","1"
"orientdb","73eede11d148a3d311c59132dc6a63f406a78d14","graphdb/src/main/java/com/orientechnologies/orient/graph/sql/OCommandExecutorSQLCreateEdge.java","33","0","2","5","163","246","2"
"BroadleafCommerce","686b1e45bfe346466076030ce1a899e996dbce6b","common/src/main/java/org/broadleafcommerce/common/file/service/StaticAssetPathServiceImpl.java","33","0","2","7","126","248","0"
"hazelcast","83ad29bdf3165334c8d63379affffea2e6bdce18","hazelcast/src/test/java/com/hazelcast/core/HazelcastTest.java","33","0","2","73","1131","1266","0"
"hazelcast","525c34cddd7f4e08d674611e177bab103e4d1881","hazelcast/src/test/java/com/hazelcast/core/HazelcastTest.java","33","0","2","73","1132","1267","1"
"hazelcast","82fcc4c7c87097d1719bb56112aec0fafdb6bc0e","hazelcast/src/test/java/com/hazelcast/core/HazelcastTest.java","33","0","2","73","1133","1268","0"
"elasticsearch","6d0efae7139401f497e6cd4ab329fba82dd922bf","test/framework/src/main/java/org/elasticsearch/test/rest/ESRestTestCase.java","33","0","2","8","288","414","0"
"hazelcast","d30338be9c11ea75b2b0ed006c52299363ebdd97","hazelcast/src/main/java/com/hazelcast/map/impl/proxy/NearCachedMapProxyImpl.java","33","0","2","9","403","500","1"
"hazelcast","0880710f355f33d03b8d928ec9d22a0ff4f1ca52","hazelcast/src/main/java/com/hazelcast/map/impl/proxy/NearCachedMapProxyImpl.java","33","0","2","9","404","501","2"
"elasticsearch","6941966b1654106ed9249cd01c32bfa2e06b452f","core/src/test/java/org/elasticsearch/gateway/PrimaryShardAllocatorTests.java","33","0","22","2","413","562","0"
"elasticsearch","3f6a3c01dadb1951b597ffdbd068359a2fbc84c8","core/src/test/java/org/elasticsearch/gateway/PrimaryShardAllocatorTests.java","33","0","22","2","457","607","2"
"netty","2a14f749796ad754ab43d89e69f55ea44ee758a6","transport/src/main/java/io/netty/channel/embedded/EmbeddedChannel.java","33","0","22","8","356","563","1"
"elasticsearch","2ccc223ff761043807683f34b29c693af6c94d95","core/src/main/java/org/elasticsearch/action/bulk/BulkItemResponse.java","33","0","23","12","316","476","0"
"elasticsearch","0189a65e6bfc623813c6c088d19a0509fbeb64da","core/src/main/java/org/elasticsearch/action/bulk/BulkItemResponse.java","33","0","23","12","317","477","1"
"hazelcast","8f17cac695980d4c36cd2ec9c7a31aa00923175c","hazelcast/src/main/java/com/hazelcast/util/collection/LongHashSet.java","33","0","23","2","243","406","1"
"elasticsearch","650a86e2cef139a0207e6ea815ecb394582ef642","core/src/main/java/org/elasticsearch/index/query/QueryStringQueryBuilder.java","33","0","23","7","255","437","1"
"netty","844976a0a2a940eb28293e3f74bc133cbbde0bac","transport/src/main/java/io/netty/channel/embedded/EmbeddedChannel.java","33","0","23","8","374","594","0"
"elasticsearch","89ac4d108abab7d6c14bf3b53f266e18aa6deed9","modules/elasticsearch/src/main/java/org/elasticsearch/rest/support/RestUtils.java","33","0","3","1","118","200","0"
"elasticsearch","57108c8575b39e7b6c0e7c2ca4bf20f03e6d0912","modules/elasticsearch/src/main/java/org/elasticsearch/rest/support/RestUtils.java","33","0","3","1","124","207","0"
"elasticsearch","6f79d67f810f406d456ef9dab8aa3b8a44b97419","src/test/java/org/elasticsearch/document/BulkTests.java","33","0","3","13","589","726","0"
"elasticsearch","d732c0d19f582afe97397cf120dd500da6a0601b","core/src/test/java/org/elasticsearch/document/BulkTests.java","33","0","3","13","593","730","1"
"orientdb","eb87fd13a08a35e51b139724421fa7adb04049f3","core/src/main/java/com/orientechnologies/orient/core/config/OGlobalConfiguration.java","33","0","3","14","609","986","3"
"orientdb","a1eed89dcfdc303c846b0d6159189f720c1bade8","core/src/main/java/com/orientechnologies/orient/core/config/OGlobalConfiguration.java","33","0","3","14","630","1010","1"
"orientdb","2767a54ee6308493e6a69b4b2951d8d2252bfd6b","core/src/main/java/com/orientechnologies/orient/core/config/OGlobalConfiguration.java","33","0","3","14","632","1013","1"
"orientdb","eda978aeda4e2d46618285fcb1d73642a30164c2","core/src/main/java/com/orientechnologies/orient/core/config/OGlobalConfiguration.java","33","0","3","14","637","1009","3"
"orientdb","3fd79f333e2a5c17bcac9d2ddfe74044e2dfecdd","core/src/main/java/com/orientechnologies/orient/core/config/OGlobalConfiguration.java","33","0","3","14","638","1007","2"
"orientdb","2228c1302483104febb0712814a9865ae5b48cb4","core/src/main/java/com/orientechnologies/orient/core/config/OGlobalConfiguration.java","33","0","3","14","662","1087","1"
"orientdb","de410aa8d3455b55f3c39e49780136c0b6c5e64b","core/src/main/java/com/orientechnologies/orient/core/config/OGlobalConfiguration.java","33","0","3","14","663","1088","0"
"orientdb","46bbcabde62c2b9e61ebaf45dc23f16d9dee7f02","core/src/main/java/com/orientechnologies/orient/core/config/OGlobalConfiguration.java","33","0","3","14","669","1103","1"
"orientdb","136db63960bbf53514691bf5a0bb8361a5ea5361","core/src/main/java/com/orientechnologies/orient/core/config/OGlobalConfiguration.java","33","0","3","14","670","1104","0"
"elasticsearch","201dc87aae5dcc4bbaf092c0033424b8bec15b37","core/src/test/java/org/elasticsearch/document/BulkTests.java","33","0","3","15","622","764","0"
"elasticsearch","00de8e07fc3df9c763bbc0b6890217dc5b6bee3e","core/src/test/java/org/elasticsearch/cluster/service/ClusterServiceTests.java","33","0","3","17","1001","1277","3"
"elasticsearch","6796464f167ce293192c43efd1cf28e4434fd5da","core/src/test/java/org/elasticsearch/cluster/service/ClusterServiceTests.java","33","0","3","17","1001","1277","4"
"elasticsearch","6baded8e7fb920e920a288bf53764a1da3d617da","core/src/test/java/org/elasticsearch/cluster/service/ClusterServiceTests.java","33","0","3","17","1001","1277","3"
"elasticsearch","d06a8903fdccf5985bb1b9cbfcb92580d08a544c","core/src/test/java/org/elasticsearch/cluster/service/ClusterServiceTests.java","33","0","3","17","1001","1277","0"
"elasticsearch","6a8ef0ea74eee0c10799d4209db3ac3fb754bb0b","core/src/test/java/org/elasticsearch/cluster/service/ClusterServiceTests.java","33","0","3","18","1005","1288","0"
"elasticsearch","29ea3059fcc6b91db9a5df24f255e702f26f5314","core/src/test/java/org/elasticsearch/cluster/service/ClusterServiceTests.java","33","0","3","19","1030","1342","0"
"elasticsearch","467a459f95d8709379bf3e7f415644b246a89dba","core/src/test/java/org/elasticsearch/search/aggregations/bucket/SignificantTermsSignificanceScoreIT.java","33","0","3","23","528","622","2"
"elasticsearch","821021f0e478ca44d828e62c139ea19f0fd7290a","core/src/test/java/org/elasticsearch/search/aggregations/bucket/SignificantTermsSignificanceScoreIT.java","33","0","3","23","530","624","1"
"MapDB","0f50921e0ef3d536569b31c370ba8d66c744bde7","src/test/java/org/mapdb/EngineTest.java","33","0","3","43","498","617","2"
"elasticsearch","71849668e9d05fa72efabb83654aa5a3293c309b","src/main/java/org/elasticsearch/action/update/UpdateHelper.java","33","0","3","9","207","256","1"
"hazelcast","42dd3075109d59f1b6847b7a6165b609299cc9d3","hazelcast/src/main/java/com/hazelcast/map/impl/NearCache.java","33","0","3","9","225","279","1"
"hazelcast","72fd9bec4e746f6b7de248a3415d7eba8f5a0f41","hazelcast/src/main/java/com/hazelcast/map/impl/NearCache.java","33","0","3","9","225","279","1"
"hazelcast","988197ee1dbbc81426ef0034df2da425b41351e2","hazelcast/src/main/java/com/hazelcast/map/impl/NearCache.java","33","0","3","9","225","279","1"
"hazelcast","9e1dd7c0cedabec58c432e522e3cdd7cbb5b2a1c","hazelcast/src/main/java/com/hazelcast/map/impl/NearCache.java","33","0","3","9","225","279","0"
"hazelcast","5006cb3d01dfdf500bf7cd00d1c4a23093575d55","hazelcast/src/main/java/com/hazelcast/map/impl/NearCache.java","33","0","3","9","226","280","1"
"elasticsearch","b987615f5e96cb6f568e025a449d1f4d7e5402df","src/main/java/org/elasticsearch/action/admin/cluster/snapshots/restore/RestoreSnapshotRequest.java","33","0","30","3","262","534","0"
"elasticsearch","b379bf5668c5bf3a6edffbc2cd9ae97f29a8b7d6","src/main/java/org/elasticsearch/action/admin/cluster/snapshots/restore/RestoreSnapshotRequest.java","33","0","30","3","265","537","1"
"elasticsearch","fa16969360ea43667ad11f827bbf86718c18fcc6","src/main/java/org/elasticsearch/action/admin/cluster/snapshots/restore/RestoreSnapshotRequest.java","33","0","30","3","265","537","1"
"elasticsearch","10ec2e948a2f1426a5058ca3b2c2e39952f141d8","src/main/java/org/elasticsearch/action/admin/cluster/snapshots/restore/RestoreSnapshotRequest.java","33","0","30","3","265","537","0"
"hazelcast","74b16ca65000a07f9b22b598844707b1a8b1ff2d","hazelcast/src/test/java/com/hazelcast/impl/ClusterLockTest.java","33","0","4","17","637","731","0"
"hazelcast","0b08ef830b8b0c4b3425d1b96b6ed1e574f43383","hazelcast/src/test/java/com/hazelcast/impl/ClusterLockTest.java","33","0","4","17","638","732","0"
"elasticsearch","d84c643f5880a88d2e5c38b487123161f3e01fe0","core/src/main/java/org/elasticsearch/index/mapper/core/LegacyNumberFieldMapper.java","33","0","4","19","279","367","0"
"netty","fd2e142e745b8e99983d74c71a0fd3574449e188","transport/src/main/java/io/netty/channel/CombinedChannelDuplexHandler.java","33","0","4","19","487","616","1"
"netty","78586a99b6c23dc7f847838aaae6be70d6d7ca9b","transport/src/main/java/io/netty/channel/CombinedChannelDuplexHandler.java","33","0","4","19","490","619","0"
"elasticsearch","d885fe62ea680989f1c27a9206f616cc5bae25ce","core/src/main/java/org/elasticsearch/index/query/SimpleQueryParser.java","33","0","4","2","209","313","0"
"elasticsearch","9080f51340b1b26f8bd171b4c82de8d87ad42b55","core/src/main/java/org/elasticsearch/index/mapper/core/NumberFieldMapper.java","33","0","4","28","329","429","1"
"netty","cd6b5def8d5d25d4215bb12654bdd2fcbec0be6f","codec-http/src/main/java/io/netty/handler/codec/http/HttpObjectAggregator.java","33","0","4","3","217","351","0"
"MapDB","6205f336742f1b726e014b6f9f84ab761f91dfd9","src/main/java/org/mapdb/Queues.java","33","0","4","37","345","493","0"
"elasticsearch","38338e7fdbf9797d177f0548c58fd83481cba110","modules/elasticsearch/src/main/java/org/elasticsearch/common/lucene/search/XBooleanFilter.java","33","0","4","5","141","207","0"
"elasticsearch","d0bbe89c16db4acd4a644fbe5cc2c9e8fe4016d7","core/src/test/java/org/elasticsearch/search/functionscore/QueryRescorerIT.java","33","0","4","7","605","728","1"
"elasticsearch","4334404a208554fc092ecde93066af1bd41215c8","src/test/java/org/elasticsearch/search/rescore/QueryRescorerTests.java","33","0","4","7","617","745","0"
"elasticsearch","adb30ac091b0503456d0846f8fb4ef40543ec5d4","core/src/test/java/org/elasticsearch/search/functionscore/QueryRescorerIT.java","33","0","4","7","618","741","0"
"oryx","cdcb0aae19f56d45ba9d94585e5f974b8f70b7d7","oryx-ml/src/main/java/com/cloudera/oryx/ml/MLUpdate.java","33","0","5","1","276","391","0"
"oryx","fddb336ac30ea3fb0bde91c61ef043f523d7d9fe","framework/oryx-ml/src/main/java/com/cloudera/oryx/ml/MLUpdate.java","33","0","5","1","276","392","0"
"hazelcast","565257f977407eb3a0199d082860209c2958f5f9","hazelcast/src/main/java/com/hazelcast/util/SampleableConcurrentHashMap.java","33","0","5","13","210","329","1"
"hazelcast","564167c1f93b32ce742411106e9ae67eae88a801","hazelcast/src/main/java/com/hazelcast/util/SampleableConcurrentHashMap.java","33","0","5","13","211","330","0"
"mcMMO","53fdf750f4fb714055216e76c4625750bb4d41b3","src/main/java/com/gmail/nossr50/util/commands/CommandUtils.java","33","0","5","17","180","280","0"
"elasticsearch","78574d248cf10dad1c5a566fda79e1e0c94afe43","core/src/main/java/org/elasticsearch/action/admin/cluster/stats/ClusterStatsNodes.java","33","0","5","28","398","510","1"
"elasticsearch","e6aaaf11ed4a1b8f595f920de1840938eddb7a97","core/src/main/java/org/elasticsearch/action/admin/cluster/stats/ClusterStatsNodes.java","33","0","5","28","398","510","1"
"elasticsearch","a60b8948ba1d836a6eac7cff095519e618939ed8","core/src/main/java/org/elasticsearch/action/admin/cluster/stats/ClusterStatsNodes.java","33","0","5","28","398","510","0"
"netty","91b378005461b85f965aa296daa087bc009b9da0","transport/src/main/java/io/netty/channel/nio/AbstractNioChannel.java","33","0","5","4","250","382","0"
"netty","20ef4690e74a7a5007468815f070a6c1f5074d0d","transport/src/main/java/io/netty/channel/nio/AbstractNioChannel.java","33","0","5","4","256","389","0"
"elasticsearch","28109a18a2dc1f30207d09bdfb2148e8d7906337","core/src/main/java/org/elasticsearch/cluster/routing/allocation/command/CancelAllocationCommand.java","33","0","5","7","167","234","1"
"elasticsearch","3354a816fca4b8ce5af622c848bcd5fd1161e3b7","core/src/main/java/org/elasticsearch/cluster/routing/allocation/command/CancelAllocationCommand.java","33","0","5","7","167","235","0"
"elasticsearch","4a6f3c78408c316d9f6f212d2664adda13c54a44","core/src/main/java/org/elasticsearch/cluster/routing/allocation/command/CancelAllocationCommand.java","33","0","5","7","169","236","0"
"orientdb","7675b089a17ce9c7f6249f0ba32361e1e44de965","graphdb/src/main/java/com/orientechnologies/orient/graph/sql/OGraphCommandExecutorSQLFactory.java","33","0","6","10","196","297","1"
"elasticsearch","78574d248cf10dad1c5a566fda79e1e0c94afe43","core/src/main/java/org/elasticsearch/action/admin/cluster/node/stats/NodeStats.java","33","0","7","13","281","365","1"
"elasticsearch","e6aaaf11ed4a1b8f595f920de1840938eddb7a97","core/src/main/java/org/elasticsearch/action/admin/cluster/node/stats/NodeStats.java","33","0","7","13","281","365","1"
"elasticsearch","a60b8948ba1d836a6eac7cff095519e618939ed8","core/src/main/java/org/elasticsearch/action/admin/cluster/node/stats/NodeStats.java","33","0","7","13","281","365","0"
"elasticsearch","6e566cdf6cab837bdbdb5300ca85038fba1488c1","core/src/main/java/org/elasticsearch/discovery/zen/NodeJoinController.java","33","0","7","2","317","455","1"
"hazelcast","2530c0266c1bcb0f1ed5e5c0e0834db046c60fa8","hazelcast-client/src/main/java/com/hazelcast/client/proxy/ClientExecutorServiceProxy.java","33","0","7","36","475","585","2"
"hazelcast","f027aaf3d412cddca5f6ce9b12672816a4cccf7d","hazelcast-client/src/main/java/com/hazelcast/client/proxy/ClientExecutorServiceProxy.java","33","0","7","36","478","587","1"
"hazelcast","0ac05fbba9ebc830c86fb2cfcf0abce6ee0310f1","hazelcast-client/src/main/java/com/hazelcast/client/proxy/ClientExecutorServiceProxy.java","33","0","7","36","478","588","2"
"hazelcast","13ee2009ce877b5f5755244f773c9b4aa6925c1d","hazelcast-client/src/main/java/com/hazelcast/client/proxy/ClientExecutorServiceProxy.java","33","0","7","36","478","588","2"
"hazelcast","6918d871867e783305828f93dcae0ebe92258829","hazelcast-client/src/main/java/com/hazelcast/client/proxy/ClientExecutorServiceProxy.java","33","0","7","36","478","588","2"
"hazelcast","102cc4ef8d2e7bf4eca5451494ef6bf09deb6e43","hazelcast-client/src/main/java/com/hazelcast/client/proxy/ClientExecutorServiceProxy.java","33","0","7","36","478","588","0"
"hazelcast","490031a220076fe6cf002b209e986e2edbad57b9","hazelcast-client/src/main/java/com/hazelcast/client/proxy/ClientExecutorServiceProxy.java","33","0","7","36","478","588","0"
"netty","8b13d9656af35469673b4f8109f88d0457de2e90","handler-proxy/src/main/java/io/netty/handler/proxy/ProxyHandler.java","33","0","8","10","304","460","0"
"mcMMO","1254ab232ab2a57470582791d798bc5656d3b2a9","src/main/java/com/gmail/nossr50/util/Misc.java","33","0","8","13","186","299","0"
"mcMMO","e0592b3f622bf0c20112dc714b7a7ba8fec1cb43","src/main/java/com/gmail/nossr50/util/Misc.java","33","0","8","13","187","300","0"
"mcMMO","1ec55c2d7ee21ae6542a944927790b148262ac4a","src/main/java/com/gmail/nossr50/util/Misc.java","33","0","8","13","188","301","1"
"BroadleafCommerce","30307d8a394bb6e772626ac4bb3f97141e850953","core/broadleaf-profile-web/src/main/java/org/broadleafcommerce/profile/web/core/security/CustomerStateRequestProcessor.java","33","0","8","2","181","362","1"
"elasticsearch","371c73e14023917f3892090d2d3d7ff9ac1216b9","core/src/main/java/org/elasticsearch/search/aggregations/bucket/filters/FiltersAggregationBuilder.java","33","0","8","3","223","302","3"
"elasticsearch","78574d248cf10dad1c5a566fda79e1e0c94afe43","core/src/main/java/org/elasticsearch/search/aggregations/bucket/filters/FiltersAggregationBuilder.java","33","0","8","3","223","302","2"
"elasticsearch","e6aaaf11ed4a1b8f595f920de1840938eddb7a97","core/src/main/java/org/elasticsearch/search/aggregations/bucket/filters/FiltersAggregationBuilder.java","33","0","8","3","223","302","2"
"elasticsearch","a60b8948ba1d836a6eac7cff095519e618939ed8","core/src/main/java/org/elasticsearch/search/aggregations/bucket/filters/FiltersAggregationBuilder.java","33","0","8","3","223","302","0"
"elasticsearch","1bdf4a2c5b15ada1c76cb6981677b2525327f74c","core/src/main/java/org/elasticsearch/search/aggregations/bucket/filters/FiltersAggregationBuilder.java","33","0","8","3","224","303","3"
"elasticsearch","20ff703e07c692c5e68e6b30a6e6413a34dd10a7","core/src/main/java/org/elasticsearch/search/aggregations/bucket/filters/FiltersAggregationBuilder.java","33","0","8","3","224","304","2"
"elasticsearch","6c3beaa2ebe4921474addf07ce3aa02a3cb7f915","core/src/main/java/org/elasticsearch/index/query/HasParentQueryBuilder.java","33","0","8","4","241","324","0"
"elasticsearch","371c73e14023917f3892090d2d3d7ff9ac1216b9","core/src/main/java/org/elasticsearch/index/query/HasParentQueryBuilder.java","33","0","8","4","242","326","3"
"elasticsearch","78574d248cf10dad1c5a566fda79e1e0c94afe43","core/src/main/java/org/elasticsearch/index/query/HasParentQueryBuilder.java","33","0","8","4","242","326","2"
"elasticsearch","e6aaaf11ed4a1b8f595f920de1840938eddb7a97","core/src/main/java/org/elasticsearch/index/query/HasParentQueryBuilder.java","33","0","8","4","242","326","2"
"elasticsearch","fed6b7246047cdbfd376c179b6b15c62d9cdf2a1","core/src/main/java/org/elasticsearch/index/query/HasParentQueryBuilder.java","33","0","8","4","242","326","1"
"elasticsearch","a60b8948ba1d836a6eac7cff095519e618939ed8","core/src/main/java/org/elasticsearch/index/query/HasParentQueryBuilder.java","33","0","8","4","242","326","0"
"elasticsearch","075cb970c068aafb158ed8977c2dba93d8e6c85a","core/src/main/java/org/elasticsearch/index/query/HasParentQueryBuilder.java","33","0","8","4","243","327","0"
"elasticsearch","220bd2de6e5ad817d952bd43d8d3f99f1480dba9","core/src/main/java/org/elasticsearch/common/xcontent/ObjectParser.java","33","0","9","12","264","434","1"
"elasticsearch","70e14d5e3fb78a74a89e812fc019882e781c61e4","core/src/main/java/org/elasticsearch/common/xcontent/ObjectParser.java","33","0","9","12","265","435","0"
"elasticsearch","33b9e2065bf52853b59e319f9d69eded2171eff1","core/src/main/java/org/elasticsearch/ingest/ConfigurationUtils.java","33","0","9","7","215","315","0"
"orientdb","b80668d3a300628d324103b1111b004808b757d7","tools/src/main/java/com/orientechnologies/orient/console/OConsoleDatabaseApp.java","330","0","11","114","2290","2951","1"
"orientdb","daa89846a07faf0215b5d99ec4121ebd7395c41e","server/src/main/java/com/orientechnologies/orient/server/network/protocol/binary/ONetworkProtocolBinary.java","332","0","0","8","1917","2486","1"
"orientdb","917d4ea64009dbf848afe60623ce40c224fbc383","core/src/main/java/com/orientechnologies/orient/core/metadata/schema/OClassImpl.java","332","0","6","111","2240","2802","1"
"orientdb","d7d7ae95c10f5b727d96b2a86524b028a99bba0c","server/src/main/java/com/orientechnologies/orient/server/network/protocol/binary/ONetworkProtocolBinary.java","333","0","0","8","1916","2486","2"
"MapDB","e1994b499082f7540359cbd10b761df8a87a7c5f","src/main/java/org/mapdb/Volume.java","334","0","18","244","2321","3110","1"
"MapDB","4304bce91b03ce18dba583413ac5cc9a6f97a0f3","src/main/java/org/mapdb/Volume.java","334","0","18","244","2323","3112","0"
"orientdb","97980df69ea5d9246525696fcce853bd0593dc2e","core/src/main/java/com/orientechnologies/orient/core/metadata/schema/OClassImpl.java","334","0","6","111","2208","2766","0"
"orientdb","2933b9503bb8304e2b2fa3d291080bbdae0cb2a4","core/src/main/java/com/orientechnologies/orient/core/metadata/schema/OClassImpl.java","334","0","6","111","2214","2772","1"
"orientdb","36003489773128ad8d4b145842c5e30ba5ac5154","core/src/main/java/com/orientechnologies/orient/core/metadata/schema/OClassImpl.java","334","0","6","111","2259","2817","0"
"orientdb","66e193c7333c8024349fa44ed510d29b8ff4a92b","server/src/main/java/com/orientechnologies/orient/server/network/protocol/binary/ONetworkProtocolBinary.java","335","0","0","8","1916","2486","1"
"orientdb","2ea1f31ec1c5c4741e7bc0fb819bedc8366cf37f","tools/src/main/java/com/orientechnologies/orient/console/OConsoleDatabaseApp.java","337","0","11","114","2320","2985","1"
"orientdb","c3943915a7ca022d85b4aea72942208d7cf621c4","tools/src/main/java/com/orientechnologies/orient/console/OConsoleDatabaseApp.java","337","0","11","114","2320","2985","1"
"orientdb","40eeb1f2dd529f467d5854913f0df623963a7038","tools/src/main/java/com/orientechnologies/orient/console/OConsoleDatabaseApp.java","337","0","11","114","2320","2985","0"
"orientdb","3645e7be59bfc55e160de868a1b4fc3a2c93bef0","tools/src/main/java/com/orientechnologies/orient/console/OConsoleDatabaseApp.java","337","0","11","114","2328","2998","0"
"MapDB","f2fc046bf15094f12d35ca744e33cd2a6098d189","src/main/java/org/mapdb/BTreeMap.java","337","0","6","41","1641","2201","1"
"MapDB","e4992d529dfcc34c84d39a0c55abd3fa880e6ff9","src/main/java/org/mapdb/HTreeMap.java","338","0","6","21","1698","2264","0"
"orientdb","4988da871bf9d1c1f8f68717fca9761b629ccae3","tools/src/main/java/com/orientechnologies/orient/console/OConsoleDatabaseApp.java","339","0","11","115","2337","3009","2"
"orientdb","af4d2778d4c32d7a669fe89249a4aa08cc9107fd","tools/src/main/java/com/orientechnologies/orient/console/OConsoleDatabaseApp.java","339","0","11","115","2338","3009","1"
"netty","8811041cc66c40bb8ccfba974b2357c52ccc1634","handler/src/main/java/io/netty/handler/ssl/SslUtils.java","34","0","0","0","155","282","1"
"elasticsearch","a40c3a99c9ca2fa576c72ee2f441cbac3df55424","modules/reindex/src/main/java/org/elasticsearch/index/reindex/remote/RemoteRequestBuilders.java","34","0","0","0","171","232","0"
"elasticsearch","97a2c4523de9801b8a0ddbe8b056b128f968e327","core/src/main/java/org/elasticsearch/bootstrap/JNANatives.java","34","0","0","0","181","260","0"
"elasticsearch","085f9e032b536c02efb225625313326f2f382286","core/src/main/java/org/elasticsearch/index/shard/StoreRecovery.java","34","0","0","0","201","283","2"
"hazelcast","31820d92e469159b8152a223f32a3981d4724469","hazelcast/src/main/java/com/hazelcast/map/impl/MapEventPublisherImpl.java","34","0","0","0","243","323","1"
"hazelcast","2c5a20e99039142cf4293982bbd5b53f958e6fb9","hazelcast/src/main/java/com/hazelcast/map/impl/MapEventPublisherImpl.java","34","0","0","0","248","328","0"
"hazelcast","90bf718e38c5432589010f2319e34acbc39d712c","hazelcast-client/src/main/java/com/hazelcast/client/proxy/ClientReliableTopicProxy.java","34","0","0","0","266","334","0"
"elasticsearch","06e526ba5805e5ea34dc8ca7db8414fda3c0b838","core/src/main/java/org/elasticsearch/bootstrap/Bootstrap.java","34","0","0","0","266","378","0"
"elasticsearch","cc0d0525fcff875c0fcee45d435c281dee5c2510","core/src/main/java/org/elasticsearch/bootstrap/Bootstrap.java","34","0","0","0","266","387","0"
"netty","4ae8bdc6ec8d37106f386a7d667a9cd279a8f5d8","common/src/main/java/io/netty/util/internal/MpscLinkedQueue.java","34","0","0","0","267","395","1"
"elasticsearch","596d511466c279c8f5e808599c3aff19e029c477","src/main/java/org/elasticsearch/percolator/QueryCollector.java","34","0","0","0","283","373","0"
"elasticsearch","fda6ca4869182a2dfc082490c183eadf8f4e3d05","src/main/java/org/elasticsearch/percolator/QueryCollector.java","34","0","0","0","288","378","1"
"hazelcast","5a2ae889e8df4217d681ece82e26381a361cd616","hazelcast-client/src/main/java/com/hazelcast/client/connection/nio/ClientConnectionManagerImpl.java","34","0","0","0","299","357","0"
"elasticsearch","cad57959e11ae37936fa7dcf7cc4aaa4ba9b5bb0","core/src/main/java/org/elasticsearch/transport/RemoteClusterConnection.java","34","0","0","0","402","654","1"
"hazelcast","51d7586e9767ff8edcdf5502bcfe3e51cd5de62b","hazelcast-client/src/main/java/com/hazelcast/client/connection/nio/ClientConnectionManagerImpl.java","34","0","0","1","308","370","0"
"hazelcast","98f3206e11791992bdd9a27344bee4c0ba9bfc0a","hazelcast-client/src/main/java/com/hazelcast/client/connection/nio/ClientConnectionManagerImpl.java","34","0","0","1","308","370","0"
"hazelcast","8e7e88aef0fb6559e3b6176ded3aa3264e429e06","hazelcast-client/src/main/java/com/hazelcast/client/connection/nio/ClientConnectionManagerImpl.java","34","0","0","1","308","370","1"
"hazelcast","489cc81c4df8815a70ce55529ee3e0820c3dd27d","hazelcast-client/src/main/java/com/hazelcast/client/connection/nio/ClientConnectionManagerImpl.java","34","0","0","1","312","373","2"
"hazelcast","7ff7078a956747abfb4d9470e78bb85bb1d181fa","hazelcast-client/src/main/java/com/hazelcast/client/connection/nio/ClientConnectionManagerImpl.java","34","0","0","1","312","373","2"
"hazelcast","4c8b9d227c68cf736e726d5a4b6ef1c529ec9f29","hazelcast-client/src/main/java/com/hazelcast/client/connection/nio/ClientConnectionManagerImpl.java","34","0","0","1","312","373","0"
"elasticsearch","9957bdf0ad88e3625ef42c95a80d5edc3aac02f4","core/src/test/java/org/elasticsearch/action/support/replication/ReplicationOperationTests.java","34","0","0","10","477","577","0"
"hazelcast","ce9a693b66cc7bc660bf4137e5d8d5c1c1fdce32","hazelcast-client/src/main/java/com/hazelcast/client/spi/impl/ClientInvocation.java","34","0","0","11","245","306","0"
"hazelcast","0636e7956d5cb082ea6cfbd58ae2cbf110e7a92b","hazelcast-client/src/main/java/com/hazelcast/client/connection/nio/ClientConnectionManagerImpl.java","34","0","0","11","291","348","1"
"hazelcast","b6cc9a554087963df1f4d1ac5166239c0c46049f","hazelcast-client/src/main/java/com/hazelcast/client/connection/nio/ClientConnectionManagerImpl.java","34","0","0","11","299","357","0"
"hazelcast","489cc81c4df8815a70ce55529ee3e0820c3dd27d","hazelcast-client-legacy/src/main/java/com/hazelcast/client/connection/nio/ClientConnectionManagerImpl.java","34","0","0","11","306","367","1"
"hazelcast","7ff7078a956747abfb4d9470e78bb85bb1d181fa","hazelcast-client-legacy/src/main/java/com/hazelcast/client/connection/nio/ClientConnectionManagerImpl.java","34","0","0","11","306","367","1"
"hazelcast","4c8b9d227c68cf736e726d5a4b6ef1c529ec9f29","hazelcast-client-legacy/src/main/java/com/hazelcast/client/connection/nio/ClientConnectionManagerImpl.java","34","0","0","11","306","367","0"
"hazelcast","51d7586e9767ff8edcdf5502bcfe3e51cd5de62b","hazelcast-client-new/src/main/java/com/hazelcast/client/connection/nio/ClientConnectionManagerImpl.java","34","0","0","11","314","375","0"
"orientdb","9df1e17bf9f8ea115fe2f31b9a501a38380867a5","server/src/test/java/com/orientechnologies/orient/core/storage/impl/local/paginated/LocalPaginatedStorageLinkBagCrashRestoreIT.java","34","0","0","12","311","401","1"
"hazelcast","15b09b7de72d7e83ce7b5bb12cd5f24119f37caf","hazelcast/src/main/java/com/hazelcast/internal/networking/nio/NioChannelWriter.java","34","0","0","14","295","469","0"
"hazelcast","8b43849d1a850caa596ad0b0251ad166e6706e91","hazelcast/src/main/java/com/hazelcast/internal/networking/nio/NioChannelWriter.java","34","0","0","14","295","469","0"
"hazelcast","bd87d7282d11a17e22da684a6fd34f084cbba3d2","hazelcast/src/main/java/com/hazelcast/internal/networking/nio/NioChannelWriter.java","34","0","0","14","295","469","1"
"hazelcast","b2fcdf5ade74230911e80258adb2c4abe15cf123","hazelcast/src/main/java/com/hazelcast/internal/networking/nio/NioChannelWriter.java","34","0","0","14","296","470","1"
"hazelcast","c0e817fa17808e7f0726dd2f9040f45354a94e5a","hazelcast/src/main/java/com/hazelcast/internal/networking/nio/NioChannelWriter.java","34","0","0","14","296","470","1"
"hazelcast","e4601b21245c41ac78d469f2aa8afc10a291448f","hazelcast/src/main/java/com/hazelcast/internal/networking/nio/NioChannelWriter.java","34","0","0","14","296","470","0"
"hazelcast","123ec6b723c33195039ffff249bf3b097c6c4f72","hazelcast-client/src/main/java/com/hazelcast/client/spi/impl/ClientCallFuture.java","34","0","0","15","205","259","1"
"hazelcast","6c6c51fb37fbe5c8a87a66da1c77f26f767cb6da","hazelcast-client/src/main/java/com/hazelcast/client/spi/impl/ClientCallFuture.java","34","0","0","15","206","260","0"
"netty","9128d4f16a8ccb102bbf863b88e6be8e5574333d","transport/src/test/java/io/netty/channel/SingleThreadEventLoopTest.java","34","0","0","16","305","399","1"
"elasticsearch","046abdc281c321cd2128ee7684c0edfcaca07203","core/src/test/java/org/elasticsearch/index/query/InnerHitBuilderTests.java","34","0","0","16","329","393","2"
"elasticsearch","e74d02138f02a66331b2611b5e70a908bb49cb97","core/src/test/java/org/elasticsearch/index/query/InnerHitBuilderTests.java","34","0","0","16","330","394","0"
"hazelcast","1cdd05dc0123c83283b6a8f1c51401d1105dcd16","hazelcast/src/test/java/com/hazelcast/test/TestNodeRegistry.java","34","0","0","17","386","472","0"
"elasticsearch","258be2b135e49df263a546a67bcea9aa2c5ef283","core/src/test/java/org/elasticsearch/search/suggest/ContextCompletionSuggestSearchIT.java","34","0","0","19","619","701","1"
"mcMMO","d0b0786284f4c85921dea4194d56a9c86a0ecaae","src/main/java/com/gmail/nossr50/config/skills/repair/RepairConfig.java","34","0","0","2","126","164","1"
"mcMMO","2c8bfd6573a0d87c99752d8f879460a19745fe46","src/main/java/com/gmail/nossr50/commands/skills/TamingCommand.java","34","0","0","2","136","164","0"
"elasticsearch","0b1a7fc2b84854b5e4e6eef9833eb3000d286d58","core/src/main/java/org/elasticsearch/index/search/MatchQuery.java","34","0","0","23","278","376","1"
"elasticsearch","c2259a2edd0e1d3de236d86d089616976325a762","core/src/main/java/org/elasticsearch/index/search/MatchQuery.java","34","0","0","23","279","391","0"
"BroadleafCommerce","83fb11ed58644108db5d65f28772c299943478f5","core/broadleaf-framework/src/main/java/org/broadleafcommerce/core/offer/domain/OrderItemPriceDetailAdjustmentImpl.java","34","0","0","24","265","328","1"
"hazelcast","96aabf3361ceca9decf3ebdec94a8411b0dfa839","hazelcast/src/main/java/com/hazelcast/multimap/MultiMapService.java","34","0","0","25","274","327","2"
"elasticsearch","6d3154e39fa13201399f3e2e7e5049effacd6d74","src/test/java/org/elasticsearch/search/suggest/ContextSuggestSearchTests.java","34","0","0","29","825","992","2"
"elasticsearch","c0aef4adc4ffaf791ed9a42864cc578b7dc50ffc","src/test/java/org/elasticsearch/search/suggest/ContextSuggestSearchTests.java","34","0","0","29","827","994","0"
"elasticsearch","6daeb569697bd63cf4e0299cc1aa4c683eea3d00","core/src/main/java/org/elasticsearch/search/fetch/subphase/highlight/PlainHighlighter.java","34","0","0","3","161","210","2"
"BroadleafCommerce","aa04e6eabcf0eaf9a846268715da4854ac20f528","admin/broadleaf-open-admin-platform/src/main/java/org/broadleafcommerce/openadmin/dto/PersistencePackage.java","34","0","0","33","168","226","0"
"hazelcast","67a3cca98c31ef18535d061745fb64a587ef9a31","hazelcast-client/src/main/java/com/hazelcast/client/connection/nio/ClientConnection.java","34","0","0","34","377","455","0"
"hazelcast","624b7e05d70307ae2881d55c81a707723f377a8b","hazelcast-client/src/test/java/com/hazelcast/client/mapreduce/ClientMapReduceTest.java","34","0","0","35","519","679","0"
"hazelcast","e4a5a9d2d0d01d60d810c15d0d5bf63ffe6f902d","hazelcast-client-new/src/test/java/com/hazelcast/client/mapreduce/ClientMapReduceTest.java","34","0","0","35","521","680","1"
"elasticsearch","292e53fe77cae17362029d79e6afb937e75eec89","src/main/java/org/elasticsearch/index/query/HasParentQueryParser.java","34","0","0","4","140","178","0"
"elasticsearch","9c67be5181085c9a422f06ef970b84489bda84ed","src/main/java/org/elasticsearch/index/query/HasParentQueryParser.java","34","0","0","4","140","178","0"
"elasticsearch","cc9ab111a04661367cea50e444b5a9e0d4544d1a","src/main/java/org/elasticsearch/index/query/HasParentQueryParser.java","34","0","0","4","140","178","0"
"elasticsearch","5d2c334bbd4b1396550c871d4d7b7c2c9a95cd63","src/main/java/org/elasticsearch/index/query/HasParentQueryParser.java","34","0","0","4","140","178","1"
"elasticsearch","89de3ab6272fe3a9e377993ae32851cffb39ca7e","src/main/java/org/elasticsearch/index/query/HasParentQueryParser.java","34","0","0","4","140","178","2"
"elasticsearch","27b53b8edfac1844a33389af9e97bc062f8b69dc","src/main/java/org/elasticsearch/index/query/HasParentQueryParser.java","34","0","0","4","141","179","0"
"hazelcast","b4c0ebfdf05c8f202a08a582183a486ba1e903e0","hazelcast/src/main/java/com/hazelcast/instance/MemberImpl.java","34","0","0","46","325","399","0"
"hazelcast","f80d857ea3200fe8a369c4c92f8ea65cd3a2615a","hazelcast/src/main/java/com/hazelcast/instance/MemberImpl.java","34","0","0","46","327","401","0"
"MapDB","28b7fd27c3460e2cd058ca73633edbfa36fbf684","src/test/java/org/mapdb/SerializerBaseTest.java","34","0","0","47","377","469","0"
"hazelcast","2921cff694583b8638dae2991f427e61d5440a9d","hazelcast/src/main/java/com/hazelcast/internal/cluster/impl/MulticastJoiner.java","34","0","0","5","167","213","0"
"hazelcast","a02dfded4689a8e2986e8ddde755881248231c54","hazelcast/src/main/java/com/hazelcast/internal/cluster/impl/MulticastJoiner.java","34","0","0","5","167","213","0"
"hazelcast","ad1790f7ac618c7a5bf8f548c3650937b7ee3a89","hazelcast/src/main/java/com/hazelcast/internal/cluster/impl/MulticastJoiner.java","34","0","0","5","167","213","0"
"hazelcast","bae6535651931084f31f10b3db73b95540540474","hazelcast/src/main/java/com/hazelcast/internal/cluster/impl/MulticastJoiner.java","34","0","0","5","167","213","0"
"hazelcast","d9008484f4a6b57a5ef0713490c302e51e3bc6eb","hazelcast/src/main/java/com/hazelcast/internal/cluster/impl/MulticastJoiner.java","34","0","0","5","167","213","0"
"hazelcast","1f042b8c4a4245594691bb6d85a66ceed9b43068","hazelcast/src/main/java/com/hazelcast/internal/cluster/impl/MulticastJoiner.java","34","0","0","5","167","213","1"
"hazelcast","bef1952cfa2b240eb5c0f9c2f01ac83dfb8b92ea","hazelcast/src/main/java/com/hazelcast/internal/cluster/impl/MulticastJoiner.java","34","0","0","5","167","213","1"
"hazelcast","c0e00faf6d5f1e12f986d874e8585114554cc506","hazelcast/src/main/java/com/hazelcast/internal/cluster/impl/MulticastJoiner.java","34","0","0","5","167","213","1"
"netty","f2eeed77e0d1a850b9e77212191af457f05cbfbc","transport/src/main/java/io/netty/channel/socket/aio/AioSocketChannel.java","34","0","0","5","278","375","0"
"elasticsearch","292e53fe77cae17362029d79e6afb937e75eec89","src/test/java/org/elasticsearch/index/search/child/ChildrenConstantScoreQueryTests.java","34","0","0","5","284","346","0"
"elasticsearch","bb4d3f55c0865e9fd49fa2cb5ba03eba360b6ba8","src/main/java/org/elasticsearch/index/query/GeoShapeQueryParser.java","34","0","0","6","136","178","1"
"elasticsearch","e7e1667a26de5472e3419c586682b92c37c6e7d3","src/main/java/org/elasticsearch/index/query/GeoShapeQueryParser.java","34","0","0","6","140","182","0"
"hazelcast","0dcac2107149f1a24af61788b11b53bd49eb4a73","hazelcast/src/main/java/com/hazelcast/cluster/impl/MulticastJoiner.java","34","0","0","6","158","202","1"
"hazelcast","299a415c64352f87bb8421843222929b1e7cba27","hazelcast/src/main/java/com/hazelcast/cluster/impl/MulticastJoiner.java","34","0","0","6","161","206","2"
"hazelcast","3c268f4e2408296c187a2abe68e2b460a53f2b6e","hazelcast/src/main/java/com/hazelcast/cluster/impl/MulticastJoiner.java","34","0","0","6","164","210","2"
"hazelcast","f9a306c6434b4444072c98747befa5b4e1ab372e","hazelcast/src/main/java/com/hazelcast/cluster/MulticastJoiner.java","34","0","0","6","167","206","1"
"hazelcast","727cb1848c02481eee19e6d2693a7242b7c563c3","hazelcast/src/main/java/com/hazelcast/cluster/MulticastJoiner.java","34","0","0","6","169","208","0"
"netty","1f27c3b39060e544b4d3aaf05b700dd5c433a0cd","transport/src/main/java/io/netty/channel/nio/AbstractNioByteChannel.java","34","0","1","0","182","256","0"
"elasticsearch","773ea0306b296d148ad09408032d40aa58733cf9","src/main/java/org/elasticsearch/action/admin/indices/analyze/TransportAnalyzeAction.java","34","0","1","1","196","239","0"
"elasticsearch","371c73e14023917f3892090d2d3d7ff9ac1216b9","core/src/main/java/org/elasticsearch/action/admin/cluster/snapshots/status/TransportSnapshotsStatusAction.java","34","0","1","1","200","251","3"
"elasticsearch","78574d248cf10dad1c5a566fda79e1e0c94afe43","core/src/main/java/org/elasticsearch/action/admin/cluster/snapshots/status/TransportSnapshotsStatusAction.java","34","0","1","1","200","251","2"
"elasticsearch","e6aaaf11ed4a1b8f595f920de1840938eddb7a97","core/src/main/java/org/elasticsearch/action/admin/cluster/snapshots/status/TransportSnapshotsStatusAction.java","34","0","1","1","200","251","2"
"elasticsearch","a60b8948ba1d836a6eac7cff095519e618939ed8","core/src/main/java/org/elasticsearch/action/admin/cluster/snapshots/status/TransportSnapshotsStatusAction.java","34","0","1","1","200","251","0"
"elasticsearch","db805cf5a91d03a4eb529d0888ed43417afaadd0","src/main/java/org/elasticsearch/action/mlt/TransportMoreLikeThisAction.java","34","0","1","1","289","361","1"
"elasticsearch","7f0115ba9ac98921d585597a4cf78bda8ec3c8d1","src/main/java/org/elasticsearch/action/mlt/TransportMoreLikeThisAction.java","34","0","1","1","292","364","0"
"orientdb","67b44e38d6982f4b915b71290548d72dbd5aaa00","core/src/main/java/com/orientechnologies/orient/core/storage/impl/local/paginated/OLocalPaginatedStorage.java","34","0","1","10","270","353","1"
"elasticsearch","4cb23a0520c2c361ef1d3ed9ebcca24cba27cb67","src/test/java/org/elasticsearch/search/scroll/SearchScrollTests.java","34","0","1","10","386","494","0"
"orientdb","527d45bb551f10351ecbd295abd46f84c7349784","core/src/main/java/com/orientechnologies/orient/core/tx/OTransactionAbstract.java","34","0","1","12","156","221","0"
"elasticsearch","046abdc281c321cd2128ee7684c0edfcaca07203","core/src/main/java/org/elasticsearch/search/aggregations/pipeline/derivative/DerivativePipelineAggregationBuilder.java","34","0","1","12","229","277","3"
"BroadleafCommerce","73b572fb130796355d80fdc8d5007c0d5f3a84cd","admin/broadleaf-contentmanagement-module/src/main/java/org/broadleafcommerce/cms/admin/server/handler/PageTemplateCustomPersistenceHandler.java","34","0","1","12","229","284","0"
"hazelcast","588e49abb6b223faf1757b146e6731c3289a9475","hazelcast/src/test/java/com/hazelcast/map/nearcache/NearCacheTest.java","34","0","1","12","369","475","0"
"orientdb","7d92a6b03b707e81490ef22a1fa23a1017918c3d","core/src/main/java/com/orientechnologies/orient/core/db/OPartitionedDatabasePool.java","34","0","1","13","249","392","0"
"hazelcast","de648aee4f10deb7e3de9baacf89e31e226dbcaa","hazelcast/src/main/java/com/hazelcast/map/tx/TransactionalMapProxySupport.java","34","0","1","13","253","298","1"
"orientdb","876254d91ee0d3b1909aa1a3c281f73bfccd2c5e","core/src/main/java/com/orientechnologies/orient/core/db/OPartitionedDatabasePool.java","34","0","1","13","253","398","0"
"elasticsearch","caacce942922f4dec957b718028f0965179d3e5f","src/main/java/org/elasticsearch/index/mapper/object/RootObjectMapper.java","34","0","1","14","215","284","1"
"hazelcast","bb3ea0e107980d769862cdbda748cc91529d67b5","hazelcast/src/main/java/com/hazelcast/map/impl/tx/TransactionalMapProxySupport.java","34","0","1","14","330","383","1"
"hazelcast","cb8160735d5c6fe75b44747d20c57a71f94171a7","hazelcast/src/main/java/com/hazelcast/map/impl/tx/TransactionalMapProxySupport.java","34","0","1","14","331","384","0"
"netty","cd0b5ec2db593d45c96bd6b55b0024042534af04","buffer/src/main/java/io/netty/buffer/AbstractMessageBuf.java","34","0","1","18","221","282","1"
"elasticsearch","3e0532a0c549c1ffb52f34307e24b2662819b75d","core/src/main/java/org/elasticsearch/common/xcontent/support/AbstractXContentParser.java","34","0","1","18","238","323","2"
"elasticsearch","267afe866f91fa7ad500aaf9c91d3dec769043e4","core/src/main/java/org/elasticsearch/common/xcontent/support/AbstractXContentParser.java","34","0","1","19","240","326","1"
"elasticsearch","583f14833482cf1e8ce2adbcdb2b3fb3cb17c70e","src/main/java/org/elasticsearch/search/aggregations/bucket/histogram/HistogramParser.java","34","0","1","2","128","169","1"
"elasticsearch","728e0e2a2eb4cbb93b87fc22a3e84fddea2a0635","src/main/java/org/elasticsearch/search/aggregations/bucket/range/date/DateRangeParser.java","34","0","1","2","142","182","0"
"elasticsearch","59e4e586838b9267ccb733ac7fa44db97319cfe3","src/main/java/org/elasticsearch/search/highlight/PlainHighlighter.java","34","0","1","2","146","194","1"
"elasticsearch","92f132aede05533636f2874f8a7b86f09ba806b3","src/main/java/org/elasticsearch/search/highlight/PlainHighlighter.java","34","0","1","2","146","194","1"
"elasticsearch","10e2528cceb404165822862602eb1326ccb1fba5","src/main/java/org/elasticsearch/search/highlight/PlainHighlighter.java","34","0","1","2","146","194","0"
"elasticsearch","f33d103e76a84fb07aca1bc9c83768efb736c851","plugins/discovery-ec2/src/main/java/org/elasticsearch/cloud/aws/AwsEc2ServiceImpl.java","34","0","1","2","169","222","0"
"elasticsearch","284a35131cd6a96baba14b31c827e5f6dab7b4ad","modules/elasticsearch/src/main/java/org/elasticsearch/rest/action/search/RestSearchAction.java","34","0","1","2","192","244","0"
"BroadleafCommerce","15e70fe6b89d008dd88b5e98dbfc66a720db68bb","core/broadleaf-framework-web/src/main/java/org/broadleafcommerce/core/web/processor/ProductOptionsProcessor.java","34","0","1","2","207","266","0"
"BroadleafCommerce","22c42f342ebc50c44086dfbc1a274553b36e417f","core/broadleaf-framework-web/src/main/java/org/broadleafcommerce/core/web/api/wrapper/ProductWrapper.java","34","0","1","2","212","283","0"
"elasticsearch","bfdf8fe5905553e0b60046c2973d3829947a979c","src/main/java/org/elasticsearch/indices/recovery/RecoverySource.java","34","0","1","2","263","334","0"
"elasticsearch","2ed1f7a3390420835f9b270d20c5d512ba197827","core/src/main/java/org/elasticsearch/action/search/RemoteClusterService.java","34","0","1","2","298","440","1"
"elasticsearch","149629fec657e9948488195087f30583cd561f11","core/src/main/java/org/elasticsearch/action/search/RemoteClusterService.java","34","0","1","2","300","441","0"
"elasticsearch","ba755a554f98e724810c0be5a2bbf6d45ab3e623","core/src/main/java/org/elasticsearch/common/xcontent/support/AbstractXContentParser.java","34","0","1","21","252","341","3"
"hazelcast","564167c1f93b32ce742411106e9ae67eae88a801","hazelcast/src/main/java/com/hazelcast/spi/impl/operationexecutor/classic/ClassicOperationExecutor.java","34","0","1","21","331","476","0"
"hazelcast","9cc1be21bcf01770a7e7f8457abd987d6e900af9","hazelcast-client/src/main/java/com/hazelcast/client/proxy/ClientReplicatedMapProxy.java","34","0","1","22","513","616","0"
"netty","1d3560e3890b333a5bafc90aa064cc33f5301f6c","transport/src/main/java/io/netty/channel/DefaultChannelConfig.java","34","0","1","23","243","304","1"
"MapDB","b0937525d09fa3fb437f1c7635df216d8256cfed","src/main/java/org/mapdb/volume/ByteBufferVol.java","34","0","1","24","269","370","0"
"hazelcast","32c992e54122e294d32f424a32ec50f2893d0c10","hazelcast/src/main/java/com/hazelcast/multimap/MultiMapService.java","34","0","1","24","270","328","0"
"orientdb","de410aa8d3455b55f3c39e49780136c0b6c5e64b","core/src/main/java/com/orientechnologies/orient/core/db/OrientDBEmbedded.java","34","0","1","25","289","371","0"
"hazelcast","39091ff574efe84ae6a3d772a1b7cfce80f4f2e0","hazelcast/src/main/java/com/hazelcast/client/ClientEngineImpl.java","34","0","1","25","318","391","0"
"netty","36c6a61d33c480798511723486459f4eea04cb47","resolver-dns/src/test/java/io/netty/resolver/dns/DnsNameResolverTest.java","34","0","1","28","754","905","1"
"elasticsearch","5fd96d9371f68645ac6ec2ec17c0faeaa21610a8","src/main/java/org/elasticsearch/index/query/RangeQueryParser.java","34","0","1","3","115","151","1"
"elasticsearch","8a1e77c50c2bece81a8d0d418148b810121b21be","src/main/java/org/elasticsearch/index/query/FuzzyLikeThisQueryParser.java","34","0","1","3","118","162","0"
"MapDB","36ab1106f61744c7e9553c22edc4e885089fc5ed","src/main/java/org/mapdb/CompressLZF.java","34","0","1","3","151","334","1"
"elasticsearch","a5a46b2349cafcf81295f9cb4200d9989397c8c5","modules/elasticsearch/src/main/java/org/elasticsearch/search/highlight/HighlightPhase.java","34","0","1","3","179","229","0"
"hazelcast","2043fef6ab40ea0b1d71b5e0a8feb4fd0024a4bf","hazelcast-client/src/main/java/com/hazelcast/client/cache/impl/ClientCacheProxy.java","34","0","1","30","393","482","0"
"hazelcast","2f70f48888d89c73b883a5c9bfb6aa1430727dcf","hazelcast-client/src/main/java/com/hazelcast/client/cache/impl/ClientCacheProxy.java","34","0","1","30","396","485","1"
"elasticsearch","6174e21f47244b6d5153d7d0cc1fe28fe863399d","modules/percolator/src/test/java/org/elasticsearch/percolator/PercolatorIT.java","34","0","1","32","1602","1826","2"
"elasticsearch","3aed047bdedde1bda189cbfc2f81e65af42e57c5","modules/percolator/src/test/java/org/elasticsearch/percolator/PercolatorIT.java","34","0","1","32","1605","1830","1"
"elasticsearch","7bfb1dfcc136ec2d0290d006b63e112df9c90d7e","core/src/test/java/org/elasticsearch/index/shard/IndexShardTests.java","34","0","1","34","1076","1256","1"
"elasticsearch","7454c7c1924405cff3082ddbf74b769f4fd865be","src/main/java/org/elasticsearch/indices/store/IndicesStore.java","34","0","1","4","209","283","0"
"elasticsearch","53b1b6e4bb94e1db1bbca764100f2e0206b43f4d","src/main/java/org/elasticsearch/search/facet/datehistogram/DateHistogramFacetProcessor.java","34","0","1","4","218","271","0"
"hazelcast","6089fd2a02f5a274f0bd303d51105069b1bb7e3c","hazelcast/src/main/java/com/hazelcast/collection/multimap/tx/TransactionalMultiMapProxySupport.java","34","0","1","4","255","300","1"
"mcMMO","af578870c70b5c350e41dd079a35296f79b86f6b","src/main/java/com/gmail/nossr50/skills/repair/Repair.java","34","0","1","4","92","118","0"
"orientdb","1efcf654acfd746add2b202f50df617b8ce14939","core/src/main/java/com/orientechnologies/orient/core/sql/operator/OQueryOperatorContains.java","34","0","1","5","137","200","1"
"hazelcast","ec42990f7730ce16d58fcc0c1760c854b73e2951","hazelcast/src/main/java/com/hazelcast/internal/cluster/impl/ClusterStateManager.java","34","0","1","5","294","382","0"
"titan","21d712306d38cb33488304cd356b0c812323557d","titan-core/src/main/java/com/thinkaurelius/titan/diskstorage/idmanagement/ConsistentKeyIDAuthority.java","34","0","1","5","311","422","0"
"elasticsearch","9077bb6528f843ca8042ff95f8fac47140ef5aa1","modules/elasticsearch/src/main/java/org/elasticsearch/common/lucene/geo/GeoBoundingBoxFilter.java","34","0","1","6","107","158","0"
"elasticsearch","9d2fe162fad94b5b4c941d28440409ffd1d4132d","modules/elasticsearch/src/main/java/org/elasticsearch/index/search/geo/GeoBoundingBoxFilter.java","34","0","1","6","112","163","0"
"titan","8ed7a34830b0a78e03142c2f4be6ea9d63b30fa8","titan-core/src/main/java/com/thinkaurelius/titan/diskstorage/idmanagement/ConsistentKeyIDAuthority.java","34","0","1","6","317","430","0"
"hazelcast","6d05ed2b03448161752d3f5811d6151017b523a1","hazelcast/src/main/java/com/hazelcast/mapreduce/impl/task/MapCombineTask.java","34","0","1","7","254","363","2"
"elasticsearch","baaa1a6aa2d08ac5b6b8f00c9f76db0c3f601fd9","src/main/java/org/elasticsearch/index/search/child/ChildrenQuery.java","34","0","1","7","348","444","1"
"elasticsearch","aeae38025803eead4424a7abd90d16b62021fadc","src/main/java/org/elasticsearch/index/cache/bloom/simple/SimpleBloomCache.java","34","0","1","8","193","249","0"
"netty","e307979a0d7318c2d3d0e6723f4beb458a4dd7a0","transport/src/main/java/io/netty/channel/local/LocalChannel.java","34","0","1","8","298","372","0"
"elasticsearch","598854dd72d7fb01a7e26a9dad065de3deaa5eb7","src/main/java/org/elasticsearch/discovery/local/LocalDiscovery.java","34","0","1","8","300","392","0"
"elasticsearch","98deb5537f3fabaff8b184e1bb79e85b2a27d01a","src/test/java/org/elasticsearch/search/scroll/SearchScrollTests.java","34","0","1","8","347","454","2"
"elasticsearch","44fd962a9f70364a174c47b9204d8eb4f16e22d0","src/test/java/org/elasticsearch/search/scroll/SearchScrollTests.java","34","0","1","9","345","448","1"
"orientdb","6a6182db0e6520aae293a0f021bd7843a25b8208","core/src/main/java/com/orientechnologies/common/util/OMemory.java","34","0","10","0","170","276","0"
"orientdb","43680c5a3dc4b14db5e7039876bd30c6c2b07bb5","core/src/main/java/com/orientechnologies/common/util/OMemory.java","34","0","10","0","170","280","1"
"mcMMO","0332c0f5e06228d3cfaf69918446eb794b14d082","src/main/java/com/gmail/nossr50/util/scoreboards/ScoreboardManager.java","34","0","10","14","282","406","1"
"hazelcast","204f4b9d7cd02069b258f98c14c4fc3621c5e94f","hazelcast/src/test/java/com/hazelcast/test/bounce/BounceMemberRule.java","34","0","10","8","293","509","0"
"elasticsearch","046abdc281c321cd2128ee7684c0edfcaca07203","core/src/main/java/org/elasticsearch/node/Node.java","34","0","11","2","529","742","2"
"elasticsearch","e74d02138f02a66331b2611b5e70a908bb49cb97","core/src/main/java/org/elasticsearch/node/Node.java","34","0","11","2","541","755","0"
"netty","260e9ece9035a8102387aedeed8078f3d5ff78e7","handler/src/main/java/io/netty/handler/ssl/OpenSsl.java","34","0","12","0","321","444","1"
"netty","ef0e05320272be28940db2ecb07be7d70a50e958","codec-http/src/main/java/io/netty/handler/codec/http/websocketx/WebSocketClientHandshaker.java","34","0","14","0","235","423","1"
"netty","3288cacf8dee818a7432b3baae41d617ba168b96","codec-http/src/main/java/io/netty/handler/codec/http/websocketx/WebSocketClientHandshaker.java","34","0","14","0","249","448","1"
"netty","7a562943ad5dfc430c75de8cdeb2a2aa0a68244e","codec-http/src/main/java/io/netty/handler/codec/http/websocketx/WebSocketClientHandshaker.java","34","0","14","0","250","449","0"
"orientdb","2767a54ee6308493e6a69b4b2951d8d2252bfd6b","core/src/main/java/com/orientechnologies/orient/core/hook/ODocumentHookAbstract.java","34","0","17","11","169","344","0"
"elasticsearch","6e566cdf6cab837bdbdb5300ca85038fba1488c1","core/src/main/java/org/elasticsearch/cluster/routing/UnassignedInfo.java","34","0","17","9","223","386","1"
"elasticsearch","40cd549c375848729c6ffd381a906c403b31ba4a","src/main/java/org/elasticsearch/index/fielddata/ordinals/OrdinalsBuilder.java","34","0","18","4","246","371","1"
"netty","d964bf6f1838d7dda55e00207802106741011a50","resolver-dns/src/main/java/io/netty/resolver/dns/DnsNameResolver.java","34","0","19","0","420","621","1"
"elasticsearch","95faa35853bff06d14c9071120988c0cba9aae84","src/main/java/org/elasticsearch/bootstrap/Bootstrap.java","34","0","2","1","255","340","1"
"orientdb","278810a05546861b359529b257890e90628369b2","server/src/main/java/com/orientechnologies/orient/server/distributed/task/OTxTask.java","34","0","2","11","193","292","1"
"orientdb","471131963f44913fbf3d6fd1d6d58f4a2d6be709","server/src/main/java/com/orientechnologies/orient/server/distributed/task/OTxTask.java","34","0","2","11","193","292","1"
"orientdb","adddd500f5b684336e6d81b081c449dabe52977d","server/src/main/java/com/orientechnologies/orient/server/distributed/task/OTxTask.java","34","0","2","11","193","292","1"
"orientdb","b102933a6accaaf7fc4687fc79541cffd4c9b577","server/src/main/java/com/orientechnologies/orient/server/distributed/task/OTxTask.java","34","0","2","11","193","292","0"
"orientdb","ce730084aa5f7cde8321f5f9913349040d5b5425","server/src/main/java/com/orientechnologies/orient/server/distributed/task/OTxTask.java","34","0","2","11","193","292","0"
"hazelcast","d568e4d926d925d57d4e79e34614390416749301","hazelcast/src/main/java/com/hazelcast/collection/impl/queue/QueueStoreWrapper.java","34","0","2","11","232","311","0"
"hazelcast","9d0c3a55270c4327e8328e74580f24fa18cc8d07","hazelcast/src/test/java/com/hazelcast/map/NearCacheTest.java","34","0","2","11","361","472","0"
"orientdb","15fa43fe08450f6eb1d6c8d4c4d8ae2517df1ebe","core/src/main/java/com/orientechnologies/orient/core/sql/functions/OSQLFunctionRuntime.java","34","0","2","12","143","220","0"
"netty","1fee1ef74ed8ac515c19a7f8eebd16f41a37b7b6","codec-http/src/main/java/io/netty/handler/codec/http/multipart/AbstractMemoryHttpData.java","34","0","2","12","209","255","0"
"orientdb","a2eaf6636bb600c7e6d311b0bb7d112bbaafb4a0","etl/src/main/java/com/orientechnologies/orient/etl/OETLProcessor.java","34","0","2","12","285","417","0"
"ceylon-ide-eclipse","8a6a98b02ef221ef39cfb22b5d6cd8072f5ab164","plugins/com.redhat.ceylon.eclipse.ui/src/com/redhat/ceylon/eclipse/code/refactor/AliasRefactoring.java","34","0","2","12","315","373","0"
"ceylon-ide-eclipse","64a391fbabba6b9bc6b553abfa42466e0ca9673d","plugins/com.redhat.ceylon.eclipse.ui/src/com/redhat/ceylon/eclipse/code/refactor/AliasRefactoring.java","34","0","2","12","316","374","0"
"ceylon-ide-eclipse","5b4c3eac8a7c12c0125a77343e602b4e73083595","plugins/com.redhat.ceylon.eclipse.ui/src/com/redhat/ceylon/eclipse/code/refactor/AliasRefactoring.java","34","0","2","12","317","375","0"
"ceylon-ide-eclipse","266a61d10bb4124ee958ceea9075ca5a106137b6","plugins/com.redhat.ceylon.eclipse.ui/src/com/redhat/ceylon/eclipse/code/refactor/AliasRefactoring.java","34","0","2","13","320","379","0"
"elasticsearch","0ad231546d70cd45ac5d7a32311c1cebb9b42293","core/src/main/java/org/elasticsearch/index/mapper/RootObjectMapper.java","34","0","2","15","226","299","1"
"elasticsearch","450f47d5b59f19f4d2056042db69732ac5c21bbf","core/src/main/java/org/elasticsearch/index/mapper/RootObjectMapper.java","34","0","2","15","226","299","1"
"elasticsearch","62b821ccf4e2bf221382df85e2785016f74012bc","core/src/main/java/org/elasticsearch/index/mapper/RootObjectMapper.java","34","0","2","15","226","299","1"
"elasticsearch","f93ce94afe44f574897e874e45a6a290b3b94d71","core/src/main/java/org/elasticsearch/index/mapper/RootObjectMapper.java","34","0","2","15","226","299","2"
"elasticsearch","2a00c9dc46fe7ac5da04ea3e735985d3f02bc7bf","core/src/main/java/org/elasticsearch/index/mapper/RootObjectMapper.java","34","0","2","15","226","299","0"
"elasticsearch","12df1e7a6f096e22009f057359cb49e943af4943","core/src/test/java/org/elasticsearch/index/query/SimpleQueryStringBuilderTests.java","34","0","2","15","294","372","1"
"orientdb","46bbcabde62c2b9e61ebaf45dc23f16d9dee7f02","etl/src/main/java/com/orientechnologies/orient/etl/OETLProcessor.java","34","0","2","16","303","423","1"
"orientdb","136db63960bbf53514691bf5a0bb8361a5ea5361","etl/src/main/java/com/orientechnologies/orient/etl/OETLProcessor.java","34","0","2","16","304","424","0"
"elasticsearch","e54dd688a1c5c78a2637b7ab264f6eabc0352985","src/main/java/org/elasticsearch/bootstrap/Bootstrap.java","34","0","2","2","255","341","0"
"elasticsearch","35376107604fd988812c93ad71b824464eb0808a","core/src/main/java/org/elasticsearch/bootstrap/Bootstrap.java","34","0","2","2","262","361","1"
"elasticsearch","4bce7271659889d839388d7df5c61a6d2a5c3c7a","core/src/test/java/org/elasticsearch/index/query/SimpleQueryStringBuilderTests.java","34","0","2","21","447","541","1"
"hazelcast","64e6895fb50f6d48c0f1c85f7a238cd54de22e24","hazelcast/src/test/java/com/hazelcast/concurrent/lock/LockTest.java","34","0","2","22","661","786","0"
"elasticsearch","89de3ab6272fe3a9e377993ae32851cffb39ca7e","src/main/java/org/elasticsearch/index/mapper/internal/ParentFieldMapper.java","34","0","2","23","258","333","2"
"elasticsearch","4e7a1788eaac3bea927103114bfb865809310a10","src/main/java/org/elasticsearch/action/termvector/TermVectorFields.java","34","0","2","3","296","482","1"
"elasticsearch","6c3beaa2ebe4921474addf07ce3aa02a3cb7f915","core/src/test/java/org/elasticsearch/percolator/PercolatorIT.java","34","0","2","33","1642","1877","0"
"elasticsearch","68046b64c26384a53e65a4afae5987ebb3e87c9d","src/main/java/org/elasticsearch/cluster/routing/ImmutableShardRouting.java","34","0","2","34","263","352","1"
"elasticsearch","e34a35244cac6981b03d8c0a7f05e8a2f2942c55","src/main/java/org/elasticsearch/index/query/QueryParseContext.java","34","0","2","37","253","343","1"
"elasticsearch","2cca50d23859a924a4b2bbe17d011984fd697c22","src/main/java/org/elasticsearch/common/xcontent/XContentHelper.java","34","0","2","5","159","203","0"
"elasticsearch","cdd13253deee8c4f0cafe5a048161e4efb9ffce7","core/src/test/java/org/elasticsearch/search/matchedqueries/MatchedQueriesTests.java","34","0","2","5","214","268","0"
"elasticsearch","687be70736ad40752abcf76e36bfa097c1c916e5","src/test/java/org/elasticsearch/search/matchedqueries/MatchedQueriesTests.java","34","0","2","5","215","269","0"
"hazelcast","4332bec7abf93c27a2219bfe36cb9cb3de4ced47","hazelcast/src/test/java/com/hazelcast/test/starter/HazelcastProxyFactory.java","34","0","2","5","287","431","0"
"elasticsearch","129d8ec29aa22b941003b250e0f6ad4849585b41","src/main/java/org/elasticsearch/indices/recovery/RecoveryTarget.java","34","0","2","6","363","471","2"
"elasticsearch","a7190ea8a3bd7fbf774a8431e88b46c79daf7a4c","modules/elasticsearch/src/main/java/org/elasticsearch/common/io/FileSystemUtils.java","34","0","2","7","165","216","0"
"elasticsearch","65f90b25e0e2306ed53cad6c01e07875a0000a6c","core/src/main/java/org/elasticsearch/indices/recovery/PeerRecoveryTargetService.java","34","0","2","7","466","611","1"
"elasticsearch","2fa1c9fff14adbdbbd373c5b39b553c55e3738f7","core/src/main/java/org/elasticsearch/indices/recovery/PeerRecoveryTargetService.java","34","0","2","7","467","612","0"
"hazelcast","2cfbd79e1e84f5987e07cedc09f582d5715c815d","hazelcast/src/main/java/com/hazelcast/config/CacheConfig.java","34","0","20","11","281","490","0"
"Android-Universal-Image-Loader","0b198aa6b2e284985bd372c440c4a10009499fec","library/src/com/nostra13/universalimageloader/core/ImageLoader.java","34","0","21","0","232","497","0"
"hazelcast","ea8d5c4fc8e2e627a997c89892e3aa3da9e523e3","hazelcast/src/main/java/com/hazelcast/util/collection/IntHashSet.java","34","0","23","1","247","410","0"
"elasticsearch","ded442952bb82971d1555cf4386fb48ac03ee108","core/src/main/java/org/elasticsearch/index/query/QueryStringQueryBuilder.java","34","0","24","7","263","449","0"
"elasticsearch","25fd9e26c4fb042d6f6dea14efcd239577bdbbc4","core/src/main/java/org/elasticsearch/action/admin/indices/template/put/PutIndexTemplateRequest.java","34","0","25","19","331","499","0"
"elasticsearch","3a0dd59a15c49f5be0483658f44bd411f62e1ac5","core/src/test/java/org/elasticsearch/test/ESTestCase.java","34","0","25","34","447","647","0"
"elasticsearch","39ecda1dadabbdeba7a306b4e7661b7cb95ff0ea","core/src/test/java/org/elasticsearch/test/ESTestCase.java","34","0","25","34","456","655","1"
"elasticsearch","7789dfa0c90819a18c33007ac7981fabebbfd73d","core/src/test/java/org/elasticsearch/test/ESTestCase.java","34","0","26","34","451","653","0"
"elasticsearch","9ee08dbb0b247afb881431df0c313024eb768747","core/src/main/java/org/elasticsearch/node/internal/InternalSettingsPreparer.java","34","0","3","0","180","260","1"
"elasticsearch","5337686d8d39568f94b0b976bd9098af69214302","core/src/main/java/org/elasticsearch/node/internal/InternalSettingsPreparer.java","34","0","3","0","181","262","0"
"BroadleafCommerce","73b572fb130796355d80fdc8d5007c0d5f3a84cd","admin/broadleaf-contentmanagement-module/src/main/java/org/broadleafcommerce/cms/admin/server/handler/StructuredContentTypeCustomPersistenceHandler.java","34","0","3","10","220","280","0"
"elasticsearch","83366e7017ce31f7727b9a3e7878ef02cdc3a980","core/src/main/java/org/elasticsearch/cluster/block/ClusterBlocks.java","34","0","3","28","270","354","1"
"elasticsearch","889edd00f0de7261a690355129021d2dbeab1aa1","core/src/main/java/org/elasticsearch/cluster/block/ClusterBlocks.java","34","0","3","29","278","363","1"
"hazelcast","3b2694bfe06d6caac40c490921152dd9daaa6f92","hazelcast/src/test/java/com/hazelcast/map/EntryProcessorTest.java","34","0","3","43","933","1114","1"
"orientdb","693119e3f1dab4ea8b67a35575ba1f7d1c0a970b","core/src/main/java/com/orientechnologies/orient/core/index/OIndexFullText.java","34","0","3","5","222","324","0"
"BroadleafCommerce","317919ef2c8f1a943abdeb0dcb6b82e3e2da06eb","core/broadleaf-framework/src/main/java/org/broadleafcommerce/core/payment/service/OrderToPaymentRequestDTOServiceImpl.java","34","0","3","6","203","306","2"
"BroadleafCommerce","a6e2eb962df09107cba9f2caf179fa6150fe3514","core/broadleaf-framework/src/main/java/org/broadleafcommerce/core/payment/service/OrderToPaymentRequestDTOServiceImpl.java","34","0","3","6","211","315","3"
"orientdb","e9506470481ca6be46db5a1c37e2c7b02fc613d7","core/src/main/java/com/orientechnologies/orient/core/index/OIndexFullText.java","34","0","3","6","225","328","1"
"elasticsearch","29f63c78cc2c57fe1b804a81424bdb37a2f73d55","core/src/main/java/org/elasticsearch/indices/recovery/PeerRecoveryTargetService.java","34","0","3","7","468","620","1"
"elasticsearch","d746e14cf3f6d9b25a2c6018eedca249555cf44b","src/main/java/org/elasticsearch/action/admin/indices/create/CreateIndexRequest.java","34","0","30","9","312","492","1"
"elasticsearch","71849668e9d05fa72efabb83654aa5a3293c309b","src/main/java/org/elasticsearch/action/index/IndexRequest.java","34","0","35","20","395","654","1"
"elasticsearch","178629382cae497aaa5b4842208cd570b189bd52","src/main/java/org/elasticsearch/action/index/IndexRequest.java","34","0","35","20","396","655","0"
"MapDB","939644c06afd0fad14c8a3c6287b2538fce85964","src/main/java/org/mapdb/DBMaker.java","34","0","37","5","345","813","1"
"MapDB","16becd4cfa393c94dd03a4261e8766d70a170978","src/main/java/org/mapdb/DBMaker.java","34","0","37","5","347","816","0"
"elasticsearch","467a459f95d8709379bf3e7f415644b246a89dba","core/src/main/java/org/elasticsearch/search/suggest/phrase/PhraseSuggestionBuilder.java","34","0","37","8","342","651","1"
"elasticsearch","821021f0e478ca44d828e62c139ea19f0fd7290a","core/src/main/java/org/elasticsearch/search/suggest/phrase/PhraseSuggestionBuilder.java","34","0","38","8","351","664","0"
"hazelcast","af9c2c5342c948c479cda3a43989826a57e3fe5c","hazelcast/src/test/java/com/hazelcast/impl/ClusterLockTest.java","34","0","4","17","653","752","0"
"elasticsearch","17906ca7d615dc4c72cb5cc403f2d561dc1f2ff3","core/src/main/java/org/elasticsearch/index/IndexService.java","34","0","4","21","364","483","1"
"elasticsearch","6fd893e10de078cd4acd597e8a4c1e494dddec5e","core/src/main/java/org/elasticsearch/index/IndexService.java","34","0","4","21","365","484","1"
"elasticsearch","e5ed5b908f87f724150334c7ca2b277c85599372","core/src/main/java/org/elasticsearch/index/mapper/core/NumberFieldMapper.java","34","0","4","32","307","409","3"
"elasticsearch","00a8b8799f6b7de803bc8afeaf7de392f3d0d28c","core/src/main/java/org/elasticsearch/monitor/os/OsProbe.java","34","0","4","5","264","478","0"
"elasticsearch","ae6331f27e9237c0fbdf2a7a175026fbf91fccd7","core/src/main/java/org/elasticsearch/monitor/os/OsProbe.java","34","0","4","5","265","481","0"
"elasticsearch","47bd2f9ca5f4ab4c7c2cabb3c6ce529809885581","core/src/main/java/org/elasticsearch/search/internal/DefaultSearchContext.java","34","0","4","89","643","804","1"
"elasticsearch","3ea1360625d68c836f2488e5215081e905912e4d","core/src/main/java/org/elasticsearch/search/internal/DefaultSearchContext.java","34","0","4","89","647","808","0"
"elasticsearch","e35293b055f866c1e81a917af22965e3574651ef","core/src/main/java/org/elasticsearch/action/admin/cluster/snapshots/restore/RestoreSnapshotRequest.java","34","0","42","3","331","651","1"
"BroadleafCommerce","14d2bad074311e7279f59a64b76e4670ee10de6e","core/broadleaf-framework-web/src/main/java/org/broadleafcommerce/core/web/api/wrapper/ProductWrapper.java","34","0","47","2","350","654","0"
"elasticsearch","fc90c2affdcf7d8303444bf06ad6c70a9a761c00","core/src/main/java/org/elasticsearch/cluster/routing/allocation/command/CancelAllocationCommand.java","34","0","5","7","167","235","1"
"BroadleafCommerce","8234d76b3529b7ec6e52516790c167bdab9f2256","common/src/main/java/org/broadleafcommerce/common/file/service/BroadleafFileServiceImpl.java","34","0","6","15","252","400","1"
"BroadleafCommerce","030f8d7b4e8ed22cd62d84d51cd28cfe0ad83412","common/src/main/java/org/broadleafcommerce/common/file/service/BroadleafFileServiceImpl.java","34","0","6","15","253","403","0"
"netty","77e112a6d57430702fdb3a38cee4671464d7bb02","codec/src/main/java/io/netty/handler/codec/ByteToMessageDecoder.java","34","0","6","4","220","401","2"
"netty","cd0b5ec2db593d45c96bd6b55b0024042534af04","codec/src/main/java/io/netty/handler/codec/DelimiterBasedFrameDecoder.java","34","0","7","0","179","341","1"
"ceylon-ide-eclipse","e2a7ebd6d34e2a6c156bcad0eacc0190c96d7823","plugins/com.redhat.ceylon.eclipse.ui/src/com/redhat/ceylon/eclipse/code/navigator/GenerateBuildPathActionGroup.java","34","0","7","1","352","475","0"
"mcMMO","8dfa8c20f32e391c3d299abc51514a6601ed6e80","src/main/java/com/gmail/nossr50/skills/taming/TamingManager.java","34","0","7","2","169","269","4"
"hazelcast","386b578a5437daf9b40eb86f31eb12fcd188d25d","hazelcast-client/src/main/java/com/hazelcast/client/proxy/ClientExecutorServiceProxy.java","34","0","7","36","469","579","2"
"hazelcast","dadc52c29f4469d9c2a65867c707a93c84da74bb","hazelcast-client/src/main/java/com/hazelcast/client/proxy/ClientExecutorServiceProxy.java","34","0","7","36","478","587","0"
"hazelcast","cd083d38496be82d434e0f161330dc256538ed0a","hazelcast-client/src/main/java/com/hazelcast/client/proxy/ClientExecutorServiceProxy.java","34","0","7","36","479","588","0"
"hazelcast","5761278217ecc188118a812af46908ed3d531d4d","hazelcast-client/src/main/java/com/hazelcast/client/proxy/ClientExecutorServiceProxy.java","34","0","7","36","480","590","1"
"hazelcast","5b296167dee65b2fee152c72edecacc609996015","hazelcast-client/src/main/java/com/hazelcast/client/proxy/ClientExecutorServiceProxy.java","34","0","7","36","480","590","1"
"hazelcast","d548e8063df22a3ffe8fde3cf576da4b4ba16ed3","hazelcast-client/src/main/java/com/hazelcast/client/proxy/ClientExecutorServiceProxy.java","34","0","7","36","480","590","3"
"hazelcast","d2e4d8ac7c9f39474600d20b25c787d5157331e8","hazelcast-client/src/main/java/com/hazelcast/client/proxy/ClientExecutorServiceProxy.java","34","0","7","36","480","590","0"
"neo4j","559b00e493f0ed84c67ee063ceeb207a0c97d66c","community/kernel/src/main/java/org/neo4j/kernel/impl/util/CappedLogger.java","34","0","7","9","239","344","0"
"elasticsearch","d39eb2d69131d7a6a8bda29dcac31342bb1a712e","core/src/test/java/org/elasticsearch/cluster/ClusterChangedEventTests.java","34","0","8","0","315","441","0"
"netty","9cfa4675548e368f3c905c0df31d18912d43cf08","handler-proxy/src/main/java/io/netty/handler/proxy/ProxyHandler.java","34","0","8","10","295","447","1"
"elasticsearch","726f5dccc06bf1813790b6cc39207a5e30db43a0","core/src/main/java/org/elasticsearch/search/aggregations/bucket/filters/FiltersAggregationBuilder.java","34","0","8","3","229","309","0"
"antlr4","9e5cda85edba2cd2acbbf352c428c6a84c8c8524","runtime/Java/src/org/antlr/v4/runtime/ParserRuleContext.java","34","0","9","14","157","302","0"
"antlr4","94bb7c0af3d910a0c63abc5df0efc52ebcaddfe3","runtime/Java/src/org/antlr/v4/runtime/ParserRuleContext.java","34","0","9","14","164","309","0"
"elasticsearch","7b0efcbd9672f49ac93a7e4e2b0340b2ce207610","src/test/java/org/elasticsearch/test/hamcrest/ElasticsearchAssertions.java","34","0","9","44","428","549","4"
"MapDB","1b07e3a61a35b0b7cef7b622be472b8e2c4c96c2","src/main/java/org/mapdb/HTreeMap.java","340","0","6","34","1719","2289","1"
"MapDB","39b4ea3b1f720aa1cdbf2eb2880a749b06cfbf13","src/main/java/org/mapdb/HTreeMap.java","341","0","6","34","1724","2294","1"
"MapDB","e0e9e773a8924285c658a018cec380556ff10515","src/main/java/org/mapdb/HTreeMap.java","342","0","6","34","1724","2294","0"
"hazelcast","2b274e6521ea45ba3f56fc50cbbe51d807794e3c","hazelcast/src/main/java/com/hazelcast/config/XmlConfigBuilder.java","343","0","7","1","1311","1451","0"
"ceylon-ide-eclipse","97822afc1ab2d5dd03b278b3f862b1680c7eaca3","plugins/com.redhat.ceylon.eclipse.ui/src/com/redhat/ceylon/eclipse/code/hover/DocumentationHover.java","344","0","0","13","1888","2214","1"
"MapDB","c0ddea1d9235497c99f252d0674c32ed30277520","src/main/java/org/mapdb/BTreeMap.java","345","0","6","41","1673","2232","0"
"MapDB","6a4852f365b0b5bc73fab1a61433148e32d7cdd4","src/main/java/org/mapdb/BTreeMap.java","346","0","6","41","1679","2240","1"
"ceylon-ide-eclipse","8939830b54f7b258823b2d6640d954c28c4b4bea","plugins/com.redhat.ceylon.eclipse.ui/src/com/redhat/ceylon/eclipse/code/hover/DocumentationHover.java","348","0","0","13","1912","2242","0"
"ceylon-ide-eclipse","6847baee306006541faf836bf47f311ff5ee8649","plugins/com.redhat.ceylon.eclipse.ui/src/com/redhat/ceylon/eclipse/code/hover/DocumentationHover.java","349","0","0","13","1914","2244","0"
"ceylon-ide-eclipse","1ee25e7da9c5e27e3a99d3512b0a74a8ed9d2d4f","plugins/com.redhat.ceylon.eclipse.ui/src/com/redhat/ceylon/eclipse/code/hover/DocumentationHover.java","349","0","0","13","1925","2256","0"
"orientdb","1ebbf2a01f5f648e1f9954a44bf41a64b36b222a","object/src/main/java/com/orientechnologies/orient/object/enhancement/OObjectEntitySerializer.java","349","0","10","34","990","1287","1"
"Android-Universal-Image-Loader","a89a6cd4aaf575e44f1666785c452c83b60ac76e","UniversalImageLoader/src/com/nostra13/universalimageloader/core/LoadAndDisplayImageTask.java","35","0","0","0","202","254","0"
"Android-Universal-Image-Loader","89670489b98d05275866728aefe77109b9e77600","UniversalImageLoader/src/com/nostra13/universalimageloader/core/LoadAndDisplayImageTask.java","35","0","0","0","203","255","0"
"elasticsearch","0e579155369a6966b9ff81ab1e959367628f005d","src/main/java/org/elasticsearch/search/aggregations/bucket/terms/InternalOrder.java","35","0","0","0","204","290","0"
"neo4j","4d3b5cd40762b26828c47787e6547cc1ea90238b","community/kernel/src/main/java/org/neo4j/kernel/impl/util/diffsets/SuperDiffSets.java","35","0","0","0","218","277","0"
"hazelcast","a46991df10fa389e3520b1ca12271a0027c9e91a","hazelcast-client/src/main/java/com/hazelcast/client/spi/impl/ClusterListenerThread.java","35","0","0","0","244","270","1"
"hazelcast","5a67e0cd5adcec2a7c2a97359f4d015cb6866b82","hazelcast-client/src/main/java/com/hazelcast/client/spi/impl/ClusterListenerThread.java","35","0","0","0","245","271","0"
"hazelcast","490031a220076fe6cf002b209e986e2edbad57b9","hazelcast-client/src/main/java/com/hazelcast/client/spi/impl/ClusterListenerThread.java","35","0","0","0","248","276","1"
"netty","eb1c97b3b99bca59971809260ad2977d5e5c886b","common/src/main/java/io/netty/util/internal/MpscLinkedQueue.java","35","0","0","0","253","379","0"
"elasticsearch","87737d3e02e5727cfe035068bfca5f3e5af13978","core/src/main/java/org/elasticsearch/bootstrap/Bootstrap.java","35","0","0","0","267","388","0"
"ceylon-ide-eclipse","e89324305b6be078e574b3c554a7cc2cdb57e73c","plugins/com.redhat.ceylon.eclipse.ui/src/com/redhat/ceylon/eclipse/code/editor/FormatAction.java","35","0","0","0","274","313","0"
"elasticsearch","3aed047bdedde1bda189cbfc2f81e65af42e57c5","core/src/main/java/org/elasticsearch/search/DefaultSearchContext.java","35","0","0","0","648","808","1"
"elasticsearch","6174e21f47244b6d5153d7d0cc1fe28fe863399d","core/src/main/java/org/elasticsearch/search/DefaultSearchContext.java","35","0","0","0","655","814","2"
"elasticsearch","7894eba2b3fd17bd035b91ec02c1205ef738d6e0","core/src/test/java/org/elasticsearch/index/query/MatchQueryBuilderTests.java","35","0","0","10","373","453","0"
"elasticsearch","914664d89abc5036435a570cb125af66c0d6c6fc","core/src/test/java/org/elasticsearch/index/query/MatchQueryBuilderTests.java","35","0","0","10","381","462","2"
"elasticsearch","09fbb4d06d5576d8582715d622368e47b530ae46","core/src/test/java/org/elasticsearch/index/query/MatchQueryBuilderTests.java","35","0","0","11","410","498","0"
"orientdb","3fd79f333e2a5c17bcac9d2ddfe74044e2dfecdd","server/src/test/java/com/orientechnologies/orient/core/storage/impl/local/paginated/LocalPaginatedStorageLinkBagCrashRestoreIT.java","35","0","0","12","331","426","0"
"orientdb","40eeb1f2dd529f467d5854913f0df623963a7038","server/src/test/java/com/orientechnologies/orient/core/storage/impl/local/paginated/LocalPaginatedStorageLinkBagCrashRestoreIT.java","35","0","0","12","331","426","0"
"orientdb","c3943915a7ca022d85b4aea72942208d7cf621c4","server/src/test/java/com/orientechnologies/orient/core/storage/impl/local/paginated/LocalPaginatedStorageLinkBagCrashRestoreIT.java","35","0","0","12","331","426","1"
"elasticsearch","3f6d80aa662bb757dfb5afd8d946309e162fcf08","core/src/main/java/org/elasticsearch/index/mapper/AllFieldMapper.java","35","0","0","14","233","304","1"
"elasticsearch","1b90c46a53c0b072f969a3d5bd6d0340c594709e","modules/ingest-common/src/test/java/org/elasticsearch/ingest/common/SortProcessorTests.java","35","0","0","14","245","303","1"
"hazelcast","8da36d4f4fbb4aa12aef30d69d56db9e78d8ec6f","hazelcast/src/main/java/com/hazelcast/map/NearCache.java","35","0","0","15","245","298","0"
"elasticsearch","62ef4a30dc351d509512d2116b5426bb2ebc2a86","src/main/java/org/elasticsearch/action/termvector/TermVectorResponse.java","35","0","0","15","283","360","0"
"elasticsearch","150df5f1c5b206ff800c2c5ff7eb8392ec9517ef","src/main/java/org/elasticsearch/action/termvector/TermVectorResponse.java","35","0","0","15","284","361","1"
"netty","08748344d852a07011be6e74bb5ddc6dcf221c45","handler/src/test/java/io/netty/handler/ssl/SslHandlerTest.java","35","0","0","18","620","746","1"
"mcMMO","bded936af5c421ea2f0d29cfd9d33c4ef283eec7","src/main/java/com/gmail/nossr50/skills/repair/config/RepairConfig.java","35","0","0","2","126","164","0"
"mcMMO","1ca53da0e2d9947b1a583d97ffa0647bb9b459ab","src/main/java/com/gmail/nossr50/skills/repair/config/RepairConfig.java","35","0","0","2","128","166","0"
"mcMMO","65692f2a83aa3297862e8c2b85eadad596786d5f","src/main/java/com/gmail/nossr50/config/skills/repair/RepairConfig.java","35","0","0","2","129","168","0"
"elasticsearch","4b94eb5cb8cc4294ed0e932a5f22c16bd90d4dd7","core/src/main/java/org/elasticsearch/action/admin/cluster/snapshots/status/TransportSnapshotsStatusAction.java","35","0","0","2","205","255","2"
"elasticsearch","860efb2ad28db09189c8423e05d0dba53010259c","core/src/main/java/org/elasticsearch/action/admin/cluster/snapshots/status/TransportSnapshotsStatusAction.java","35","0","0","2","205","255","2"
"elasticsearch","d3417fb02291f26964d77767020ef345d18c148f","core/src/main/java/org/elasticsearch/action/admin/cluster/snapshots/status/TransportSnapshotsStatusAction.java","35","0","0","2","205","255","0"
"hazelcast","5bf9e046e54907d3f698fde6a6c8aa9305a3cb87","hazelcast/src/test/java/com/hazelcast/cache/stats/CacheStatsTest.java","35","0","0","20","335","465","1"
"elasticsearch","3b27dce94f579c3d1c3793c080d942e530d920ac","core/src/main/java/org/elasticsearch/index/search/MatchQuery.java","35","0","0","23","286","415","0"
"BroadleafCommerce","dbcdf4946af5063ae942909c65ff630f49b626a5","core/broadleaf-framework/src/main/java/org/broadleafcommerce/core/offer/domain/OrderItemPriceDetailAdjustmentImpl.java","35","0","0","24","274","338","0"
"hazelcast","5a84641d6ca0ba61f6bc3db3f4d51994ee307736","hazelcast/src/main/java/com/hazelcast/multimap/impl/MultiMapService.java","35","0","0","27","299","357","2"
"hazelcast","d86080935c0ade00a64fd45af8c2fa1c0cd03dd3","hazelcast/src/main/java/com/hazelcast/multimap/impl/MultiMapService.java","35","0","0","27","300","358","0"
"elasticsearch","90247446aa5ec3da2d8b4760049183862ea6b40d","core/src/main/java/org/elasticsearch/search/fetch/subphase/highlight/PlainHighlighter.java","35","0","0","3","167","216","0"
"elasticsearch","df59288b729a0712dc0783eebb92661507bbef91","src/test/java/org/elasticsearch/search/suggest/ContextSuggestSearchTests.java","35","0","0","30","858","1030","1"
"elasticsearch","c326738193dffe036757547855c92b903d01d6a5","src/test/java/org/elasticsearch/search/suggest/ContextSuggestSearchTests.java","35","0","0","30","859","1030","0"
"elasticsearch","af6b69e79106219d7c464cd4b130f89103c3a9e2","src/test/java/org/elasticsearch/search/suggest/ContextSuggestSearchTests.java","35","0","0","31","882","1058","0"
"hazelcast","3af9c0792b640c4eb629a23025e5218871effc3c","hazelcast/src/main/java/com/hazelcast/cache/impl/AbstractCacheService.java","35","0","0","32","289","349","3"
"hazelcast","521f9e5ef48c7e06d058e7a8c3e9a7aae820fe80","hazelcast/src/main/java/com/hazelcast/cache/impl/AbstractCacheService.java","35","0","0","32","289","349","1"
"hazelcast","5a16e5ad2333962484c360578bba777dd32ad20e","hazelcast/src/main/java/com/hazelcast/cache/impl/AbstractCacheService.java","35","0","0","32","289","349","0"
"hazelcast","37da3959df4151b304b211df87a6b900c0169cc5","hazelcast/src/main/java/com/hazelcast/cache/impl/AbstractCacheService.java","35","0","0","32","292","353","3"
"hazelcast","277642fd456affe2fecfdb851782ed162bd81261","hazelcast-client/src/main/java/com/hazelcast/client/connection/nio/ClientConnection.java","35","0","0","34","374","452","0"
"hazelcast","e197164cddd666b1a2504115a20281db200805fe","hazelcast/src/test/java/com/hazelcast/test/HazelcastTestSupport.java","35","0","0","35","294","364","0"
"hazelcast","6ba23866467dccb409a4969b9d9436ccf6bb9828","hazelcast/src/test/java/com/hazelcast/test/HazelcastTestSupport.java","35","0","0","36","294","364","0"
"hazelcast","253a1f3e5ca802d97fdd1f5fdd5971e90244641c","hazelcast/src/test/java/com/hazelcast/test/HazelcastTestSupport.java","35","0","0","36","295","367","3"
"elasticsearch","8136a38b3fe5f2c7730d09bfe9ca68bfd51e9785","src/main/java/org/elasticsearch/index/query/HasParentQueryParser.java","35","0","0","4","147","184","2"
"ceylon-ide-eclipse","eee6a882db79fa186b71195f44d21c21756ced78","plugins/com.redhat.ceylon.eclipse.ui/src/com/redhat/ceylon/eclipse/code/refactor/MoveFileRefactoringParticipant.java","35","0","0","4","307","361","0"
"netty","a4a92ee14aa7796ad2aae9c12a7be6f6affb1517","example/src/main/java/io/netty/example/http/upload/HttpUploadServerHandler.java","35","0","0","4","322","429","1"
"netty","97bdabad9c62eecb72555911cfa9f74570204943","example/src/main/java/io/netty/example/http/upload/HttpUploadServerHandler.java","35","0","0","4","324","436","0"
"elasticsearch","fbae6e940b0f7932022ea3da727079219e2dc3bb","src/test/java/org/elasticsearch/index/search/child/ChildrenConstantScoreQueryTests.java","35","0","0","5","283","345","2"
"elasticsearch","38f038f899f2b321a4d691343514b0392411bbbc","src/test/java/org/elasticsearch/index/search/child/ChildrenConstantScoreQueryTests.java","35","0","0","5","283","346","0"
"netty","b09e945830b406c5f088fb548238df719565cf32","transport/src/main/java/io/netty/channel/socket/aio/AioSocketChannel.java","35","0","0","5","283","384","0"
"elasticsearch","dd86db3347950f7a0a897556d85ec1bb70ea344a","src/test/java/org/elasticsearch/index/search/child/ChildrenConstantScoreQueryTests.java","35","0","0","5","286","348","0"
"ceylon-ide-eclipse","da0aefc777cd8f1a00e293e94d277f9ff5468b43","plugins/com.redhat.ceylon.eclipse.ui/src/com/redhat/ceylon/eclipse/code/refactor/MoveFileRefactoringParticipant.java","35","0","0","5","312","367","0"
"ceylon-ide-eclipse","13b0ecd156e0dd5e113c46728cd78e94f8ee14b3","plugins/com.redhat.ceylon.eclipse.ui/src/com/redhat/ceylon/eclipse/code/refactor/MoveFileRefactoringParticipant.java","35","0","0","5","312","370","0"
"elasticsearch","3f6a3c01dadb1951b597ffdbd068359a2fbc84c8","core/src/test/java/org/elasticsearch/cluster/routing/allocation/BalanceConfigurationTests.java","35","0","0","5","322","432","1"
"hazelcast","83504ab6376beba2d569ea38dc59529a2f97fb4f","hazelcast-client/src/test/java/com/hazelcast/client/map/impl/nearcache/ClientMapNearCacheTest.java","35","0","0","56","982","1278","0"
"hazelcast","d070f1256c8c7fa823e6463487462826384ee1df","hazelcast-client/src/test/java/com/hazelcast/client/map/impl/nearcache/ClientMapNearCacheTest.java","35","0","0","58","1004","1315","0"
"elasticsearch","0aba19f4fa5c4fa2ac76ee96996d463a838248ac","core/src/test/java/org/elasticsearch/routing/SimpleRoutingIT.java","35","0","0","6","353","429","0"
"elasticsearch","0fe73b51f9234148c373a02bb85c5e320b28ae33","core/src/test/java/org/elasticsearch/routing/SimpleRoutingIT.java","35","0","0","6","356","433","1"
"hazelcast","9af6389d7a3ab6bd5e3cb3ded4a094034874133a","hazelcast-client/src/test/java/com/hazelcast/client/map/impl/nearcache/ClientMapNearCacheTest.java","35","0","0","60","1041","1345","0"
"elasticsearch","2ed1f7a3390420835f9b270d20c5d512ba197827","core/src/main/java/org/elasticsearch/cluster/routing/OperationRouting.java","35","0","0","7","197","251","1"
"elasticsearch","34093735e34529ee71506049e27405863cec3b0c","core/src/main/java/org/elasticsearch/cluster/routing/OperationRouting.java","35","0","0","7","197","251","1"
"elasticsearch","149629fec657e9948488195087f30583cd561f11","core/src/main/java/org/elasticsearch/cluster/routing/OperationRouting.java","35","0","0","7","197","251","0"
"hazelcast","bbde87bb02aa3fc8509f7f4dedbf291475ad732a","hazelcast/src/main/java/com/hazelcast/instance/HazelcastInstanceFactory.java","35","0","0","7","218","273","0"
"mcMMO","d8ddd27d716331ad98fb2442f362c046a786d5e9","src/main/java/com/gmail/nossr50/listeners/InventoryListener.java","35","0","0","9","149","191","1"
"mcMMO","bc3773ae75cc21642fc04b06e57ab60f370d46e5","src/main/java/com/gmail/nossr50/listeners/InventoryListener.java","35","0","0","9","154","197","0"
"elasticsearch","46a8a48d2320e3e246a7411159acbf8f68a5b501","plugins/ingest/src/main/java/org/elasticsearch/ingest/processor/GeoIpProcessor.java","35","0","0","9","247","320","0"
"elasticsearch","10dcfa33049890c42f79e38a241597dfba429808","core/src/test/java/org/elasticsearch/index/query/MatchQueryBuilderTests.java","35","0","0","9","357","435","1"
"netty","845a7c5753e42e0d38a1485c68d941cc9d54d93e","transport/src/main/java/io/netty/channel/nio/AbstractNioByteChannel.java","35","0","1","0","194","268","1"
"netty","ad0c456209d31522a7729acba2264b432326c5b2","transport/src/main/java/io/netty/channel/nio/AbstractNioByteChannel.java","35","0","1","0","194","270","0"
"netty","77b4ec7e1bc0b8c6111728cc074226dd9cfe1b73","transport/src/main/java/io/netty/channel/nio/AbstractNioByteChannel.java","35","0","1","0","210","286","1"
"netty","d2032254b7b29aca620223c672ffa244171898b5","transport/src/main/java/io/netty/channel/nio/AbstractNioByteChannel.java","35","0","1","0","211","287","0"
"netty","4639d56596f5dd023bcb515d3d9e3f16cbc3217e","codec-http/src/main/java/io/netty/handler/codec/http/HttpObjectEncoder.java","35","0","1","1","161","228","1"
"elasticsearch","25fd9e26c4fb042d6f6dea14efcd239577bdbbc4","core/src/main/java/org/elasticsearch/action/admin/cluster/snapshots/status/TransportSnapshotsStatusAction.java","35","0","1","1","205","257","0"
"netty","476cf97b9789e587e46d87b4798927ee8df2a2bc","transport/src/main/java/io/netty/channel/socket/nio/NioDatagramWorker.java","35","0","1","1","215","304","0"
"elasticsearch","f2840c5ccfd87942ca17489f12ac6e3afc0bf10b","src/main/java/org/elasticsearch/action/mlt/TransportMoreLikeThisAction.java","35","0","1","1","295","367","1"
"elasticsearch","5e4928ca9211e61d577e780d34a6d72920fc9fe8","src/main/java/org/elasticsearch/action/mlt/TransportMoreLikeThisAction.java","35","0","1","1","296","368","0"
"netty","23d017849429c18e1890b0a5799e5262df4f269f","transport/src/main/java/io/netty/channel/ThreadPerChannelEventLoopGroup.java","35","0","1","10","182","251","0"
"hazelcast","8d97f57c9aa15d7db806a3e67580d80f360b8ec5","hazelcast/src/main/java/com/hazelcast/replicatedmap/record/ReplicationPublisher.java","35","0","1","10","331","407","1"
"elasticsearch","30d7b8de2fa043bdca3ca55026aa74f06d404a76","src/main/java/org/elasticsearch/index/fielddata/fieldcomparator/BytesRefOrdValComparator.java","35","0","1","11","275","396","0"
"elasticsearch","598854dd72d7fb01a7e26a9dad065de3deaa5eb7","src/main/java/org/elasticsearch/discovery/zen/fd/MasterFaultDetection.java","35","0","1","11","328","437","0"
"orientdb","f2c3273e9f37bffc0c99099735b1a09364360430","core/src/main/java/com/orientechnologies/orient/core/storage/impl/local/paginated/atomicoperations/OAtomicOperationsManager.java","35","0","1","12","213","292","0"
"ceylon-ide-eclipse","a31f7fb6ba4c90b1da17c7a5cc5c01653281effa","plugins/com.redhat.ceylon.eclipse.ui/src/com/redhat/ceylon/eclipse/code/editor/ToggleBreakpointAdapter.java","35","0","1","12","226","300","1"
"hazelcast","5045ea3aa95037fee762da0747779999661da359","hazelcast-client/src/main/java/com/hazelcast/client/nearcache/ClientHeapNearCache.java","35","0","1","12","260","318","2"
"hazelcast","d30338be9c11ea75b2b0ed006c52299363ebdd97","hazelcast-client/src/main/java/com/hazelcast/client/proxy/NearCachedClientMapProxy.java","35","0","1","12","439","540","1"
"orientdb","252aa4c00e6048e5a77066dc5f770ef6e58dd1ea","core/src/main/java/com/orientechnologies/orient/core/sql/parser/OContainsValueCondition.java","35","0","1","13","119","150","1"
"hazelcast","8da36d4f4fbb4aa12aef30d69d56db9e78d8ec6f","hazelcast/src/main/java/com/hazelcast/map/tx/TransactionalMapProxySupport.java","35","0","1","13","254","299","0"
"orientdb","5f30f708e8f3f6676d5911895c4042496d0dc1fd","core/src/main/java/com/orientechnologies/orient/core/db/OPartitionedDatabasePool.java","35","0","1","13","264","413","2"
"neo4j","7723d89e6d1d951e8923fb102da0228db2e4e8f9","community/kernel/src/main/java/org/neo4j/kernel/impl/api/store/StoreAbstractNodeCursor.java","35","0","1","14","492","578","1"
"neo4j","4f04ee08438d4e1c99095d9d8a9f2ec223af89a9","community/kernel/src/main/java/org/neo4j/kernel/impl/api/store/StoreAbstractNodeCursor.java","35","0","1","14","499","586","0"
"elasticsearch","7184cf8b5b34f4f25a92f35bf690ce3faf4baa70","core/src/test/java/org/elasticsearch/index/query/RangeQueryBuilderTests.java","35","0","1","15","472","539","1"
"elasticsearch","0f2a11695e9c8c9ebf156f421ccd078d0bbe609b","core/src/test/java/org/elasticsearch/index/query/RangeQueryBuilderTests.java","35","0","1","16","497","565","0"
"hazelcast","c99737523eb1e3b576d2f4fd450916bb708aff50","hazelcast/src/main/java/com/hazelcast/internal/nearcache/impl/store/AbstractNearCacheRecordStore.java","35","0","1","17","362","480","1"
"hazelcast","ca54b5e9e38f231e3520143d007a3e1ca227e8cf","hazelcast/src/main/java/com/hazelcast/internal/nearcache/impl/store/AbstractNearCacheRecordStore.java","35","0","1","17","363","481","0"
"elasticsearch","6765635067564840f0696671d60571624e335ffd","core/src/test/java/org/elasticsearch/transport/AbstractSimpleTransportTests.java","35","0","1","19","994","1221","0"
"elasticsearch","728e0e2a2eb4cbb93b87fc22a3e84fddea2a0635","src/main/java/org/elasticsearch/search/aggregations/bucket/histogram/HistogramParser.java","35","0","1","2","128","169","0"
"elasticsearch","cdb39cf5dc50e97f53c04fdaf269f718c0134fe7","core/src/main/java/org/elasticsearch/search/aggregations/bucket/histogram/DateHistogramParser.java","35","0","1","2","172","215","1"
"elasticsearch","d05b4ef7692e3cee6df740b640de5e6e817e8014","src/main/java/org/elasticsearch/tribe/TribeService.java","35","0","1","2","221","298","4"
"elasticsearch","965620c3ffc6e10b1e5598609f511d0716c0ea0e","src/main/java/org/elasticsearch/tribe/TribeService.java","35","0","1","2","223","300","3"
"elasticsearch","80d6539e9c810f0ac7b73b0df26916e8fa6366fc","modules/transport-netty4/src/main/java/org/elasticsearch/transport/netty4/Netty4Transport.java","35","0","1","2","389","518","0"
"elasticsearch","749039ad4f4ff311dcaa17463dafc82d42174db1","modules/transport-netty4/src/main/java/org/elasticsearch/transport/netty4/Netty4Transport.java","35","0","1","2","391","526","1"
"elasticsearch","155de53fe394d18216b72a1947c20d35788564e8","modules/transport-netty4/src/main/java/org/elasticsearch/transport/netty4/Netty4Transport.java","35","0","1","2","393","528","0"
"titan","33a560db97bf3187ac45d1fe4fdf2e6b817bec40","titan-core/src/main/java/com/thinkaurelius/titan/graphdb/relations/AttributeUtil.java","35","0","1","2","69","85","0"
"hazelcast","984fb8140fbef837df190b89197f8d5d06aad0de","hazelcast/src/main/java/com/hazelcast/spi/impl/operationexecutor/classic/ClassicOperationExecutor.java","35","0","1","21","317","461","0"
"elasticsearch","2fb4a0d40cbb96cd642c8b332806aca3b17c6aec","core/src/test/java/org/elasticsearch/action/admin/cluster/node/tasks/TransportTasksActionTests.java","35","0","1","23","614","803","1"
"elasticsearch","d1be2ecfdb0910f1c365ec3d51958a4434b33eb9","core/src/test/java/org/elasticsearch/action/admin/cluster/node/tasks/TransportTasksActionTests.java","35","0","1","23","615","803","0"
"netty","e074df2ae6501d99921543369198c53e4d99ed1b","resolver-dns/src/test/java/io/netty/resolver/dns/DnsNameResolverTest.java","35","0","1","28","758","911","0"
"elasticsearch","7f0115ba9ac98921d585597a4cf78bda8ec3c8d1","src/main/java/org/elasticsearch/index/query/BoolQueryParser.java","35","0","1","3","108","143","0"
"elasticsearch","31fa4dc58b659295aaa48930277dddbbabb271ae","src/main/java/org/elasticsearch/index/query/HasChildQueryParser.java","35","0","1","3","127","174","1"
"elasticsearch","284491d87473878574be81d912b9548eb57cc673","src/main/java/org/elasticsearch/index/query/HasChildQueryParser.java","35","0","1","3","128","175","0"
"elasticsearch","12d1bf848543b9e4c483ffa62161ac8b5be6c35d","src/main/java/org/elasticsearch/index/query/GeoDistanceFilterParser.java","35","0","1","3","134","178","1"
"elasticsearch","6023a3a1a10ee96f5cf969ec67b9d545327f3666","src/main/java/org/elasticsearch/index/query/GeoDistanceFilterParser.java","35","0","1","3","134","178","1"
"elasticsearch","689fd15d786428869a7e311ef6c42f0094ae45a9","src/main/java/org/elasticsearch/index/query/GeoDistanceFilterParser.java","35","0","1","3","134","178","0"
"elasticsearch","30d7b8de2fa043bdca3ca55026aa74f06d404a76","src/main/java/org/elasticsearch/index/query/SimpleQueryStringParser.java","35","0","1","3","142","218","0"
"elasticsearch","1441fec0687d9af1b3eb17a6cc7286bab495d01f","src/main/java/org/elasticsearch/index/query/SimpleQueryStringParser.java","35","0","1","3","143","219","2"
"elasticsearch","b4e80999a7ea9b2ecde0f17ae35634893aa7251a","src/main/java/org/elasticsearch/index/query/functionscore/FunctionScoreQueryParser.java","35","0","1","3","179","231","2"
"hazelcast","078c7e99b3b3d740e6e20c23fcdb0956b3b43c23","hazelcast/src/main/java/com/hazelcast/client/impl/protocol/task/AuthenticationBaseMessageTask.java","35","0","1","3","274","335","3"
"elasticsearch","fcaa0e3261c5e16df58500652c977033cc62229b","modules/elasticsearch/src/main/java/org/apache/lucene/queryParser/QueryParserSettings.java","35","0","1","32","150","211","0"
"elasticsearch","9fdcb0ad0514d1556150abb0622779f77d9b3ed2","src/test/java/org/elasticsearch/search/child/SimpleChildQuerySearchTests.java","35","0","1","32","1634","1961","1"
"elasticsearch","1895ba8271e8e68b3d6cd124257de06774087de5","src/test/java/org/elasticsearch/search/child/SimpleChildQuerySearchTests.java","35","0","1","32","1648","1977","0"
"elasticsearch","c09103c35bfe512f8dd83752451dda2893ed7e8e","core/src/test/java/org/elasticsearch/transport/AbstractSimpleTransportTestCase.java","35","0","1","32","979","1205","0"
"elasticsearch","2172e604197a2740150b2db9f5139486f4d0a9fd","core/src/test/java/org/elasticsearch/transport/AbstractSimpleTransportTestCase.java","35","0","1","32","980","1206","1"
"elasticsearch","fac472f90c521241a56f90c708eafe8bcbc4f939","core/src/test/java/org/elasticsearch/transport/AbstractSimpleTransportTestCase.java","35","0","1","32","980","1206","1"
"elasticsearch","c32de1f72b8f1131daf710a2144be31c55cb4f93","core/src/test/java/org/elasticsearch/transport/AbstractSimpleTransportTestCase.java","35","0","1","32","980","1206","0"
"elasticsearch","e1efd5f6baf8dec1c23c79b346b8a29f234a98bb","core/src/test/java/org/elasticsearch/transport/AbstractSimpleTransportTestCase.java","35","0","1","32","995","1222","0"
"elasticsearch","c97833596869141f747110d0046dd9de325a7f3c","core/src/test/java/org/elasticsearch/transport/AbstractSimpleTransportTestCase.java","35","0","1","33","1021","1263","1"
"elasticsearch","9c67be5181085c9a422f06ef970b84489bda84ed","src/test/java/org/elasticsearch/search/child/SimpleChildQuerySearchTests.java","35","0","1","33","1693","2026","0"
"elasticsearch","5a91ad11152fb54724083b696339b78829c8b905","core/src/test/java/org/elasticsearch/transport/AbstractSimpleTransportTestCase.java","35","0","1","34","1060","1314","0"
"elasticsearch","4decc72da6abc426b97789ad149b31eef9aad583","core/src/test/java/org/elasticsearch/index/shard/IndexShardTests.java","35","0","1","35","1111","1291","0"
"BroadleafCommerce","871a21059363c745a87780bbc75dc3b4a3492f92","admin/broadleaf-open-admin-platform/src/main/java/org/broadleafcommerce/openadmin/server/security/service/AdminSecurityServiceImpl.java","35","0","1","35","341","444","3"
"netty","8dbf5d02e53a72c42467b8dc0a5e1482d5f49af4","transport-native-epoll/src/main/java/io/netty/channel/unix/Socket.java","35","0","1","39","304","389","0"
"elasticsearch","fab44398d9d48f12319bc018d4b436f723b6508e","core/src/main/java/org/elasticsearch/rest/action/admin/indices/analyze/RestAnalyzeAction.java","35","0","1","4","133","168","0"
"elasticsearch","071d578953961ba79e87dffd59a8c73bd1028f0c","core/src/main/java/org/elasticsearch/rest/action/admin/indices/analyze/RestAnalyzeAction.java","35","0","1","4","137","172","0"
"elasticsearch","7feb742a9b3e8a5bceaaf77e2767d116a858d07d","src/main/java/org/elasticsearch/index/query/MissingFilterParser.java","35","0","1","4","140","194","0"
"elasticsearch","526b46402530817f63c4c70ed382fee34b8b7cf3","src/main/java/org/elasticsearch/index/query/MissingFilterParser.java","35","0","1","4","141","195","0"
"elasticsearch","d0c712299b68f598cacb4d4b7aa279f5bcfe86b5","src/main/java/org/elasticsearch/cloud/aws/InternalAwsS3Service.java","35","0","1","4","163","217","1"
"elasticsearch","25fd9e26c4fb042d6f6dea14efcd239577bdbbc4","client/rest/src/test/java/org/elasticsearch/client/RestClientMultipleHostsTests.java","35","0","1","4","240","285","0"
"elasticsearch","56cc87b7ccd41040d8fafcaf2da3680d96d10839","client/rest/src/test/java/org/elasticsearch/client/RestClientMultipleHostsTests.java","35","0","1","4","240","285","0"
"elasticsearch","d3417fb02291f26964d77767020ef345d18c148f","client/rest/src/test/java/org/elasticsearch/client/RestClientMultipleHostsTests.java","35","0","1","4","240","285","0"
"elasticsearch","4b94eb5cb8cc4294ed0e932a5f22c16bd90d4dd7","client/rest/src/test/java/org/elasticsearch/client/RestClientMultipleHostsTests.java","35","0","1","4","240","285","2"
"elasticsearch","860efb2ad28db09189c8423e05d0dba53010259c","client/rest/src/test/java/org/elasticsearch/client/RestClientMultipleHostsTests.java","35","0","1","4","240","285","2"
"elasticsearch","cb4c249a659b0ecee292f45c7f00aefd8ca0411e","src/main/java/org/elasticsearch/search/query/QueryPhase.java","35","0","1","4","241","317","0"
"hazelcast","e92dcb6824f242ac8bcb72623ccd13f982955632","hazelcast/src/main/java/com/hazelcast/collection/multimap/tx/TransactionalMultiMapProxySupport.java","35","0","1","4","263","309","0"
"elasticsearch","73307a2144fbdf63c551eeccdc7e93dc30e59a92","test/framework/src/main/java/org/elasticsearch/test/rest/yaml/ESClientYamlSuiteTestCase.java","35","0","1","4","263","360","1"
"elasticsearch","14ba36977ed24fd670005800547541a4f2cdfa3a","test/framework/src/main/java/org/elasticsearch/test/rest/yaml/ESClientYamlSuiteTestCase.java","35","0","1","4","263","361","0"
"hazelcast","ce13a7ad988af25a5535359aff36f931c3c0987e","hazelcast-client/src/main/java/com/hazelcast/client/nearcache/ClientNearCache.java","35","0","1","5","242","289","1"
"elasticsearch","de243493c9a31354d742c34a66817e8a06798026","src/main/java/org/elasticsearch/index/search/slowlog/ShardSlowLogSearchService.java","35","0","1","6","176","224","0"
"elasticsearch","88b854e2ea5dd2a68b71f44a2fa2cf63b3a79700","src/main/java/org/elasticsearch/index/search/slowlog/ShardSlowLogSearchService.java","35","0","1","6","177","225","1"
"elasticsearch","bd75b731c654f4c845f0781306b8055704706585","src/main/java/org/elasticsearch/index/search/slowlog/ShardSlowLogSearchService.java","35","0","1","6","181","229","1"
"netty","4b1df148a6caf13d7a696f68452bb9243f83dcb9","codec-http/src/main/java/io/netty/handler/codec/http/HttpContentEncoder.java","35","0","1","6","214","323","1"
"elasticsearch","c20713530d2429346536354f297c96dea4353329","src/main/java/org/elasticsearch/index/gateway/local/LocalIndexShardGateway.java","35","0","1","6","232","298","0"
"elasticsearch","e8519084c98bc91897445bb0a188dc0e1cbaabcd","src/main/java/org/elasticsearch/index/gateway/local/LocalIndexShardGateway.java","35","0","1","6","232","298","0"
"elasticsearch","7f5befd95e19badf8b911df5c28a08613b0a9cd0","src/main/java/org/elasticsearch/index/gateway/local/LocalIndexShardGateway.java","35","0","1","6","232","298","1"
"hazelcast","6c0c74c7ff0e86e90293decc32fd1a7cfe98d13d","hazelcast-client/src/main/java/com/hazelcast/client/nearcache/ClientNearCache.java","35","0","1","6","244","294","1"
"elasticsearch","cc2743743c90a117a64bb0c10d1e16e6e1a7e864","core/src/test/java/org/elasticsearch/bwcompat/OldIndexBackwardsCompatibilityIT.java","35","0","1","6","409","508","1"
"elasticsearch","238d390637db61406514ca2de983a871af9000a1","core/src/main/java/org/elasticsearch/cluster/routing/OperationRouting.java","35","0","1","7","187","238","1"
"elasticsearch","371c73e14023917f3892090d2d3d7ff9ac1216b9","core/src/main/java/org/elasticsearch/cluster/routing/OperationRouting.java","35","0","1","7","187","238","3"
"elasticsearch","78574d248cf10dad1c5a566fda79e1e0c94afe43","core/src/main/java/org/elasticsearch/cluster/routing/OperationRouting.java","35","0","1","7","187","238","2"
"elasticsearch","cb2cfdd9c0476bfbe5e1c13a4b3eb84ebb61bb6d","core/src/main/java/org/elasticsearch/cluster/routing/OperationRouting.java","35","0","1","7","187","238","2"
"elasticsearch","e6aaaf11ed4a1b8f595f920de1840938eddb7a97","core/src/main/java/org/elasticsearch/cluster/routing/OperationRouting.java","35","0","1","7","187","238","2"
"elasticsearch","51d3fbf2960dfc37c09a1efd981b3189e0da20cf","core/src/main/java/org/elasticsearch/cluster/routing/OperationRouting.java","35","0","1","7","187","238","0"
"elasticsearch","a60b8948ba1d836a6eac7cff095519e618939ed8","core/src/main/java/org/elasticsearch/cluster/routing/OperationRouting.java","35","0","1","7","187","238","0"
"elasticsearch","0aba19f4fa5c4fa2ac76ee96996d463a838248ac","core/src/main/java/org/elasticsearch/cluster/routing/OperationRouting.java","35","0","1","7","188","239","1"
"elasticsearch","12d9268db256b728e8d334801739fb46167902b6","src/test/java/org/elasticsearch/test/unit/index/fielddata/ordinals/MultiOrdinalsTests.java","35","0","1","7","236","288","0"
"elasticsearch","41d8fbe8f51abd499c9b497238bc5f2141b7926b","core/src/main/java/org/elasticsearch/http/netty/NettyHttpServerTransport.java","35","0","1","7","332","423","2"
"elasticsearch","164efaecbe42195f08ada58b5fde927ab21fc6e7","core/src/main/java/org/elasticsearch/http/netty/NettyHttpServerTransport.java","35","0","1","7","333","424","1"
"elasticsearch","7789dfa0c90819a18c33007ac7981fabebbfd73d","core/src/main/java/org/elasticsearch/http/netty/NettyHttpServerTransport.java","35","0","1","7","333","425","1"
"elasticsearch","c09af6df618f1eb615f7445d8ccf064c68b6be8d","src/main/java/org/elasticsearch/indices/recovery/RecoveryTarget.java","35","0","1","7","387","495","1"
"elasticsearch","24bc8d331eb28a686233573bdcaf9cadd9a6dc5b","src/main/java/org/elasticsearch/indices/recovery/RecoveryTarget.java","35","0","1","7","388","496","2"
"elasticsearch","3e32dd985aabfa5ee653b26bcb6ff97c74a426a2","src/main/java/org/elasticsearch/indices/recovery/RecoveryTarget.java","35","0","1","7","399","508","0"
"elasticsearch","0f2d2d0495509953b75f5f799c50d60eb76f4a5f","src/main/java/org/elasticsearch/indices/recovery/RecoveryTarget.java","35","0","1","7","407","515","2"
"elasticsearch","93fedcbb88f0d1b682d72d4d8c502011796a5767","src/main/java/org/elasticsearch/indices/recovery/RecoveryTarget.java","35","0","1","7","408","516","1"
"elasticsearch","299179e704646dcdc89e46cc04ed13827c691231","core/src/main/java/org/elasticsearch/cluster/routing/OperationRouting.java","35","0","1","8","192","244","1"
"BroadleafCommerce","34682289a3be1f350cf132998f1a4315a3c62b91","admin/broadleaf-contentmanagement-module/src/main/java/org/broadleafcommerce/cms/admin/server/handler/StructuredContentTypeCustomPersistenceHandler.java","35","0","1","8","271","323","0"
"BroadleafCommerce","c60b27b5e87385a5ef951c93e5a55ad41755e45b","admin/broadleaf-contentmanagement-module/src/main/java/org/broadleafcommerce/cms/admin/server/handler/StructuredContentTypeCustomPersistenceHandler.java","35","0","1","8","274","325","1"
"BroadleafCommerce","ef2026cb6129bb9bab949ba7a9aaf56184e73341","admin/broadleaf-contentmanagement-module/src/main/java/org/broadleafcommerce/cms/file/service/StaticAssetStorageServiceImpl.java","35","0","1","8","301","414","1"
"elasticsearch","7b0efcbd9672f49ac93a7e4e2b0340b2ce207610","src/test/java/org/elasticsearch/search/scroll/SearchScrollTests.java","35","0","1","9","350","453","2"
"hazelcast","4ed50dff65bc355d89442c5dbe9b2ab89d786f56","hazelcast/src/test/java/com/hazelcast/test/bounce/BounceMemberRule.java","35","0","10","8","300","515","0"
"BroadleafCommerce","33b32c1cf4476c10a26b626ee988dddaab556e4a","core/broadleaf-framework-web/src/main/java/org/broadleafcommerce/core/web/controller/checkout/BroadleafCheckoutController.java","35","0","11","10","370","651","2"
"elasticsearch","bb96dcd3e6047c3b9eba40be65bcbee9bb6390e0","core/src/main/java/org/elasticsearch/index/query/HasChildQueryBuilder.java","35","0","11","3","268","385","2"
"elasticsearch","2e445d3ede953c90e4e1ce69e5f53192115b9dd7","core/src/main/java/org/elasticsearch/index/query/HasChildQueryBuilder.java","35","0","11","3","277","395","2"
"elasticsearch","3aed047bdedde1bda189cbfc2f81e65af42e57c5","core/src/main/java/org/elasticsearch/search/aggregations/metrics/scripted/ScriptedMetricAggregationBuilder.java","35","0","11","4","234","322","0"
"BroadleafCommerce","082ec1011974dff9892bc33f90607bc7f2fa7aca","core/broadleaf-framework-web/src/main/java/org/broadleafcommerce/core/web/controller/cart/BroadleafCartController.java","35","0","11","8","265","502","2"
"netty","14b902fced27440c499bc2500d2410a6bab99805","common/src/main/java/io/netty/util/ResourceLeakDetector.java","35","0","12","1","326","518","0"
"elasticsearch","4423e1b78fa7b08129ff05a10141b6b934c6e15e","core/src/main/java/org/elasticsearch/script/StoredScriptSource.java","35","0","12","4","231","485","0"
"hazelcast","5186e0869fd957fd048d838064815d9922b133ec","hazelcast/src/main/java/com/hazelcast/spi/Operation.java","35","0","13","26","342","548","2"
"hazelcast","3a1d456848dcafbe8a777d7d33434d63a8db1f0d","hazelcast/src/main/java/com/hazelcast/spi/Operation.java","35","0","13","26","345","564","1"
"hazelcast","4c3a3aace4f0b653e357b1aee6df61856b5ed7b0","hazelcast/src/main/java/com/hazelcast/spi/Operation.java","35","0","13","26","346","565","2"
"hazelcast","564167c1f93b32ce742411106e9ae67eae88a801","hazelcast/src/main/java/com/hazelcast/spi/Operation.java","35","0","13","26","346","565","1"
"hazelcast","c1bd7cec56c01177eaaa9a9c81c411e70652dd6b","hazelcast/src/main/java/com/hazelcast/spi/Operation.java","35","0","13","26","346","565","1"
"hazelcast","42c497fd2cd5fae3f6097086045dc581c227ac64","hazelcast/src/main/java/com/hazelcast/spi/Operation.java","35","0","13","26","346","565","0"
"elasticsearch","14ba36977ed24fd670005800547541a4f2cdfa3a","core/src/main/java/org/elasticsearch/rest/RestRequest.java","35","0","17","20","285","444","0"
"hazelcast","8fa8695ee7d89fb65b6349f7bea75d17f15713a7","hazelcast/src/main/java/com/hazelcast/spi/Operation.java","35","0","17","24","352","605","0"
"hazelcast","d32b58c8344e3ee868d1a84efc3e15aa77ae82f3","hazelcast/src/main/java/com/hazelcast/spi/Operation.java","35","0","17","24","358","622","2"
"elasticsearch","b326f0bc513f5a0c4d13e51387b2b580dd8accf3","core/src/main/java/org/elasticsearch/common/util/concurrent/ThreadContext.java","35","0","17","5","340","526","1"
"elasticsearch","0c724b1878335c68b118db1ebd116bcb532282a2","modules/reindex/src/main/java/org/elasticsearch/index/reindex/AbstractAsyncBulkByScrollAction.java","35","0","2","1","266","401","0"
"elasticsearch","429e517476d95e50ecb9d73d58e5013bd2158e7d","modules/reindex/src/main/java/org/elasticsearch/index/reindex/AbstractAsyncBulkByScrollAction.java","35","0","2","1","267","402","1"
"elasticsearch","9d10ffd54763675f1147f6a3024388d202185bdd","core/src/test/java/org/elasticsearch/indices/cluster/AbstractIndicesClusterStateServiceTestCase.java","35","0","2","1","290","387","0"
"elasticsearch","620536f85038d68522103d9cd91e4f3377773feb","core/src/test/java/org/elasticsearch/indices/cluster/AbstractIndicesClusterStateServiceTestCase.java","35","0","2","1","291","388","1"
"hazelcast","03b27fe06dbca14050c15bf9dd69bde09a95bab0","hazelcast/src/main/java/com/hazelcast/queue/impl/QueueStoreWrapper.java","35","0","2","11","251","330","0"
"hazelcast","f436d03a937cc25bf4ea9b4df41e1f85b1c344cc","hazelcast/src/main/java/com/hazelcast/queue/impl/QueueStoreWrapper.java","35","0","2","11","254","331","1"
"orientdb","1ed5199abe379526f2a6aee6a18f6b7983440eab","core/src/main/java/com/orientechnologies/orient/core/sql/functions/OSQLFunctionRuntime.java","35","0","2","12","143","220","1"
"hazelcast","7c4a8c104eaf323c86133fbb1620bd1f9f23ab71","hazelcast-client/src/main/java/com/hazelcast/client/proxy/NearCachedClientMapProxy.java","35","0","2","12","443","546","3"
"hazelcast","cb76b00ff6fd0766572c8ba66821ae772e5a6eba","hazelcast/src/main/java/com/hazelcast/query/impl/QueryEntry.java","35","0","2","13","171","255","1"
"hazelcast","064bbda65845213d25b7318c3fa82f2be2f4eb98","hazelcast/src/main/java/com/hazelcast/query/impl/QueryEntry.java","35","0","2","13","175","261","0"
"elasticsearch","c09103c35bfe512f8dd83752451dda2893ed7e8e","core/src/main/java/org/elasticsearch/discovery/zen/fd/MasterFaultDetection.java","35","0","2","13","323","438","0"
"elasticsearch","2172e604197a2740150b2db9f5139486f4d0a9fd","core/src/main/java/org/elasticsearch/discovery/zen/fd/MasterFaultDetection.java","35","0","2","13","324","440","1"
"elasticsearch","6c466ed0d824918284692d42fa228a7ed8217fc1","core/src/main/java/org/elasticsearch/index/mapper/internal/ParentFieldMapper.java","35","0","2","14","263","343","2"
"orientdb","a317b8f99c288a4c3e697667983f14194a6b892a","etl/src/main/java/com/orientechnologies/orient/etl/OETLProcessor.java","35","0","2","14","287","402","1"
"elasticsearch","8fd71a5d6d2ceb934494b999917be751ea81c9b0","core/src/test/java/org/elasticsearch/index/query/SimpleQueryStringBuilderTests.java","35","0","2","21","449","543","0"
"hazelcast","c7eb423915dcf58b7a02ce11cf4f54a56eff8736","hazelcast/src/test/java/com/hazelcast/concurrent/lock/LockTest.java","35","0","2","22","665","789","1"
"netty","58b968b6036dc194dce5a3e70d05d493b2fb6b58","transport/src/main/java/io/netty/channel/socket/DefaultSocketChannelConfig.java","35","0","2","27","257","318","0"
"netty","1f27c3b39060e544b4d3aaf05b700dd5c433a0cd","transport/src/main/java/io/netty/channel/socket/DefaultSocketChannelConfig.java","35","0","2","28","261","323","0"
"netty","77b4ec7e1bc0b8c6111728cc074226dd9cfe1b73","transport/src/main/java/io/netty/channel/socket/DefaultSocketChannelConfig.java","35","0","2","29","273","336","1"
"netty","a974fff07d9c3c5ff08d3f120f629abe618e2ab6","codec/src/main/java/io/netty/handler/codec/json/JsonObjectDecoder.java","35","0","2","3","132","215","1"
"netty","17280116c48b91c2dd8988d625f749318150de3b","codec/src/main/java/io/netty/handler/codec/json/JsonObjectDecoder.java","35","0","2","3","132","216","0"
"netty","deda8f15a20e6836f62c6a1f7ac1371ac722003c","codec/src/main/java/io/netty/handler/codec/json/JsonObjectDecoder.java","35","0","2","3","135","219","1"
"netty","d2032254b7b29aca620223c672ffa244171898b5","transport/src/main/java/io/netty/channel/socket/DefaultSocketChannelConfig.java","35","0","2","30","278","342","0"
"netty","9d4fae308c09a2c759dc67db765d311154c8d977","transport/src/main/java/io/netty/channel/socket/DefaultSocketChannelConfig.java","35","0","2","30","279","343","1"
"hazelcast","380097f5f16b1e4e8bde9a34956f10616a3ad6de","hazelcast/src/main/java/com/hazelcast/client/impl/ClientEngineImpl.java","35","0","2","30","415","518","0"
"hazelcast","600bc748dc06c7a0b23ea80babdcedbf8aba04c5","hazelcast/src/main/java/com/hazelcast/client/impl/ClientEngineImpl.java","35","0","2","30","415","518","0"
"hazelcast","a46aa8502977bde24649cec3b52fbb065d6f480f","hazelcast/src/main/java/com/hazelcast/client/impl/ClientEngineImpl.java","35","0","2","30","415","518","0"
"hazelcast","e3b24a4f1451f1f11b5e79891f86fa3215d981a7","hazelcast/src/main/java/com/hazelcast/client/impl/ClientEngineImpl.java","35","0","2","30","415","518","0"
"hazelcast","dba2faf4ec3ff3e3266ead95b962a0940b33ff55","hazelcast/src/main/java/com/hazelcast/client/impl/ClientEngineImpl.java","35","0","2","30","415","518","1"
"netty","3e5dcb5f3efbb26d5e6cf4cd229b03c285d62462","transport/src/main/java/io/netty/channel/socket/DefaultSocketChannelConfig.java","35","0","2","31","287","352","0"
"elasticsearch","9080f51340b1b26f8bd171b4c82de8d87ad42b55","core/src/test/java/org/elasticsearch/percolator/PercolatorIT.java","35","0","2","34","1606","1842","2"
"elasticsearch","0cf1d16187fcf10e9d0e64402bb6d0ebba5d7b80","core/src/test/java/org/elasticsearch/percolator/PercolatorIT.java","35","0","2","34","1669","1906","1"
"elasticsearch","b82e2c7083c7aae6b22d9103bb7133d63be3a39e","src/main/java/org/elasticsearch/cluster/routing/ImmutableShardRouting.java","35","0","2","35","282","372","0"
"hazelcast","16957f0b35e9c1336abb92a33c387549a2b2b9ec","hazelcast/src/test/java/com/hazelcast/core/HazelcastTest.java","35","0","2","74","1160","1298","1"
"netty","00f74b92fa4e10e26ea8b99f2bb95681085a3dc8","common/src/main/java/io/netty/util/internal/NativeLibraryLoader.java","35","0","3","0","247","347","0"
"elasticsearch","5a64f08f048461a63a0ca1354a5050c954e63d52","core/src/main/java/org/elasticsearch/indices/cache/request/IndicesRequestCache.java","35","0","3","13","319","451","0"
"elasticsearch","0a69f1e283e26e5d9e6a000b68b9f4778de557a1","core/src/main/java/org/elasticsearch/indices/cache/request/IndicesRequestCache.java","35","0","3","13","321","453","2"
"MapDB","0f50921e0ef3d536569b31c370ba8d66c744bde7","src/test/java/org/mapdb/StoreDirectTest.java","35","0","3","19","392","731","3"
"MapDB","46a2e9543526d5010559fb4d951465ecc2289873","src/test/java/org/mapdb/StoreDirectTest.java","35","0","3","19","408","747","1"
"elasticsearch","13e1a6fd40da65890b68dda5b78e2e5ae9cd7355","core/src/main/java/org/elasticsearch/cluster/routing/allocation/IndexMetaDataUpdater.java","35","0","3","4","203","315","0"
"MapDB","46a2e9543526d5010559fb4d951465ecc2289873","src/test/java/org/mapdb/EngineTest.java","35","0","3","43","542","662","0"
"elasticsearch","bbf6e6d0bda66a63a8310e4c10852c1788b8000a","core/src/main/java/org/elasticsearch/cluster/routing/allocation/IndexMetaDataUpdater.java","35","0","3","5","209","320","1"
"BroadleafCommerce","37a38e6a290ca93d68eb201db7df8f11bb0dbdb0","core/broadleaf-framework/src/main/java/org/broadleafcommerce/core/payment/service/OrderToPaymentRequestDTOServiceImpl.java","35","0","3","6","205","308","2"
"BroadleafCommerce","4043d329e8028e0a8b13ce19298f16aa1bc01e21","core/broadleaf-framework/src/main/java/org/broadleafcommerce/core/payment/service/OrderToPaymentRequestDTOServiceImpl.java","35","0","3","6","213","319","2"
"BroadleafCommerce","c325d29f552d0eaaf7b93bec4d3067382811d8e0","core/broadleaf-framework/src/main/java/org/broadleafcommerce/core/payment/service/OrderToPaymentRequestDTOServiceImpl.java","35","0","3","7","243","365","0"
"elasticsearch","59a741cee57151ab7e3eb36b6031bde283b89087","src/main/java/org/elasticsearch/index/search/child/TopChildrenQuery.java","35","0","3","7","288","391","0"
"elasticsearch","eb36b82de48750777172ecdc3b019de32535e3f4","core/src/main/java/org/elasticsearch/indices/recovery/PeerRecoveryTargetService.java","35","0","3","7","473","628","0"
"netty","869687bd711e1358367203526128d9a2ad90663a","transport-sctp/src/main/java/io/netty/channel/sctp/nio/NioSctpChannel.java","35","0","4","13","323","406","0"
"elasticsearch","65803f8abdf00817746518677efaec3abe9fbc45","core/src/main/java/org/elasticsearch/index/query/SimpleQueryParser.java","35","0","4","2","220","325","2"
"orientdb","252aa4c00e6048e5a77066dc5f770ef6e58dd1ea","core/src/main/java/com/orientechnologies/orient/core/sql/parser/OBinaryCondition.java","35","0","4","23","179","247","1"
"BroadleafCommerce","0b82dddef8d8a719cf608eae326d394cb23b6218","core/broadleaf-framework/src/main/java/org/broadleafcommerce/core/offer/service/OfferServiceImpl.java","35","0","4","23","264","415","3"
"elasticsearch","a21c0829c7c54ecdd763bcb3e21f34a8eb1c9cf3","modules/elasticsearch/src/main/java/org/elasticsearch/common/lucene/search/XBooleanFilter.java","35","0","4","5","140","200","0"
"hazelcast","6817c4cedd534da777049b687c8a594a170654d7","hazelcast/src/main/java/com/hazelcast/nio/ClassLoaderUtil.java","35","0","4","5","202","294","0"
"elasticsearch","1f04182b8164ffb19f3805c48d67f0375262b317","core/src/main/java/org/elasticsearch/action/admin/cluster/snapshots/restore/RestoreSnapshotRequest.java","35","0","42","3","333","653","0"
"elasticsearch","e1efd5f6baf8dec1c23c79b346b8a29f234a98bb","core/src/main/java/org/elasticsearch/action/admin/cluster/snapshots/restore/RestoreSnapshotRequest.java","35","0","42","4","333","653","0"
"netty","8687475eb77e794ed56e8285aa0dc982d93a1048","transport/src/main/java/io/netty/channel/pool/FixedChannelPool.java","35","0","5","4","278","425","0"
"mcMMO","8e474170e47a445d9a2469347d339854fcfeabca","src/main/java/com/gmail/nossr50/skills/salvage/SalvageManager.java","35","0","5","9","181","266","0"
"mcMMO","b1c1f0e21e6b5f48503e0cef84949a4ee8483826","src/main/java/com/gmail/nossr50/skills/salvage/SalvageManager.java","35","0","5","9","185","271","0"
"BroadleafCommerce","90e4079b981d1ac986d9423fda3ac240f14ab316","core/broadleaf-framework/src/main/java/org/broadleafcommerce/core/offer/domain/OfferImpl.java","35","0","5","92","859","1079","0"
"orientdb","b2d2a8092faec38eb3a9f2a2d60f1ffeb2b9b6a9","graphdb/src/main/java/com/orientechnologies/orient/graph/sql/OGraphCommandExecutorSQLFactory.java","35","0","6","10","199","302","0"
"orientdb","5977ae591f2a31b464d8f1cb1d63bdfe49741c2c","core/src/main/java/com/orientechnologies/orient/core/sql/filter/OSQLFilterItemField.java","35","0","6","11","152","238","1"
"netty","88a52f73671dd91630b2bc0da0ae8fbc910d763b","codec-http2/src/main/java/io/netty/handler/codec/http2/DefaultHttp2LocalFlowController.java","35","0","6","11","380","643","0"
"netty","9ce84dcb21168c45fe6714d3673c9253f35e5cd2","codec-http2/src/main/java/io/netty/handler/codec/http2/DefaultHttp2LocalFlowController.java","35","0","6","11","381","644","1"
"netty","17280116c48b91c2dd8988d625f749318150de3b","codec/src/main/java/io/netty/handler/codec/DelimiterBasedFrameDecoder.java","35","0","7","0","184","356","0"
"netty","af4b71a00e30faf86ef1c2365e965e8f04f65bee","codec/src/main/java/io/netty/handler/codec/DelimiterBasedFrameDecoder.java","35","0","7","0","186","349","0"
"netty","deda8f15a20e6836f62c6a1f7ac1371ac722003c","codec/src/main/java/io/netty/handler/codec/DelimiterBasedFrameDecoder.java","35","0","7","0","186","358","1"
"elasticsearch","3f6a3c01dadb1951b597ffdbd068359a2fbc84c8","core/src/main/java/org/elasticsearch/discovery/zen/NodeJoinController.java","35","0","7","2","340","483","1"
"elasticsearch","73c0cd512ab3bdc03b8071a1012dffb7b9382491","core/src/main/java/org/elasticsearch/index/fielddata/plain/ParentChildIndexFieldData.java","35","0","7","22","440","580","0"
"mcMMO","933b6f278bf76c35d038e11a568d0cc8fd403789","src/main/java/com/gmail/nossr50/util/Misc.java","35","0","8","13","197","313","0"
"BroadleafCommerce","c39c374323b58f14d0638f3b07392dfe5fc5fa5a","core/broadleaf-profile-web/src/main/java/org/broadleafcommerce/profile/web/core/security/CustomerStateRequestProcessor.java","35","0","8","2","187","370","0"
"elasticsearch","e7d352b489272a87b05019869857656de7fb82fc","core/src/test/java/org/elasticsearch/search/aggregations/bucket/DateHistogramIT.java","35","0","8","34","1135","1424","2"
"elasticsearch","0353bd1fb6cf35ee399f2a2041a731783e4f0156","core/src/test/java/org/elasticsearch/search/aggregations/bucket/DateHistogramIT.java","35","0","8","34","1136","1425","2"
"elasticsearch","9ca5e6e3e12cf4f13eb6ed0140d9073ba89c61c9","src/test/java/org/elasticsearch/bwcompat/BasicBackwardsCompatibilityTest.java","35","0","8","5","322","409","2"
"antlr4","661c87b47ceca09488c047acb638362670e3ded0","runtime/Java/src/org/antlr/v4/runtime/ParserRuleContext.java","35","0","9","14","162","283","1"
"elasticsearch","f658a8d137fd40d110135ff8c6ade973d45f8ced","core/src/test/java/org/elasticsearch/search/aggregations/bucket/DateHistogramIT.java","35","0","9","34","1179","1479","0"
"elasticsearch","2e68207d6ddfff5059a0ca8d1bdefc96f780e576","src/main/java/org/elasticsearch/common/lucene/search/MultiPhrasePrefixQuery.java","35","0","9","4","181","275","1"
"elasticsearch","72a2416a8c6abbef318bc243a230774ff2578e71","src/main/java/org/elasticsearch/common/lucene/search/MultiPhrasePrefixQuery.java","35","0","9","5","184","279","1"
"orientdb","30fdb1af8292d0c3de1d0d1123f1e554fd44906b","object/src/main/java/com/orientechnologies/orient/object/enhancement/OObjectEntitySerializer.java","350","0","10","34","996","1293","0"
"orientdb","57b037dd937ddda037578d367e5c4e1298571981","core/src/main/java/com/orientechnologies/orient/core/storage/impl/local/OAbstractPaginatedStorage.java","350","0","3","77","2374","3045","2"
"orientdb","b26d4eb042ae1e965368b6ca96b4e6a6b3a43796","core/src/main/java/com/orientechnologies/orient/core/storage/impl/local/OAbstractPaginatedStorage.java","350","0","3","77","2375","3045","1"
"orientdb","8c11feaaa8038bcbd58fddd594b8a88e99d62380","core/src/main/java/com/orientechnologies/orient/core/sql/parser/OrientSql.java","3528","0","12","110","10778","11601","2"
"orientdb","1ed05e3ee64e495eb37f4ae472bea3d431b83f50","core/src/main/java/com/orientechnologies/orient/core/sql/parser/OrientSql.java","3557","0","12","110","10870","11700","2"
"ceylon-ide-eclipse","8ac72e61b5d1d52fe7c350f205f667a031f6ac2c","plugins/com.redhat.ceylon.eclipse.ui/src/com/redhat/ceylon/eclipse/code/complete/CeylonCompletionProcessor.java","358","0","0","11","1421","1576","0"
"ceylon-ide-eclipse","5b4c3eac8a7c12c0125a77343e602b4e73083595","plugins/com.redhat.ceylon.eclipse.ui/src/com/redhat/ceylon/eclipse/code/complete/CeylonCompletionProcessor.java","358","0","0","11","1477","1650","0"
"ceylon-ide-eclipse","64b73d83546ef38e15b029a505fabaa71555941b","plugins/com.redhat.ceylon.eclipse.ui/src/com/redhat/ceylon/eclipse/code/complete/CeylonCompletionProcessor.java","359","0","0","11","1480","1653","2"
"orientdb","471dfc0ea5d64b95a3c4d3494a48dce1ea193dfb","server/src/main/java/com/orientechnologies/orient/server/network/protocol/binary/ONetworkProtocolBinary.java","359","0","2","14","2104","2738","4"
"orientdb","29d9c9c149f32a2a93865952498f2baf9b3e1f57","server/src/main/java/com/orientechnologies/orient/server/network/protocol/binary/ONetworkProtocolBinary.java","359","0","2","14","2104","2740","1"
"netty","ba6c0321808b5b8da0b795c7a66ee303ef636c94","transport/src/main/java/io/netty/channel/socket/aio/AioSocketChannelConfig.java","36","0","0","0","222","299","1"
"netty","cd9a36d4e76057f94d50e03a0c53b9d30d00be8a","transport/src/main/java/io/netty/channel/socket/aio/AioSocketChannelConfig.java","36","0","0","0","223","300","0"
"elasticsearch","48579cccaba925cb50e04b263e8ba1f731d8409f","core/src/main/java/org/elasticsearch/bootstrap/Security.java","36","0","0","0","228","441","0"
"hazelcast","a512d17503a9a5fca2b9ba57d3e7b23c921f2f96","hazelcast-client/src/main/java/com/hazelcast/client/spi/impl/ClusterListenerThread.java","36","0","0","0","255","281","2"
"elasticsearch","2a328034ef722b5f359caeeafbb33715098635d0","core/src/main/java/org/elasticsearch/bootstrap/Bootstrap.java","36","0","0","0","277","375","0"
"elasticsearch","25fd9e26c4fb042d6f6dea14efcd239577bdbbc4","core/src/main/java/org/elasticsearch/bootstrap/Bootstrap.java","36","0","0","0","278","378","0"
"elasticsearch","d273419d008631e4f2c8a8170ae4b663e1e08367","core/src/main/java/org/elasticsearch/bootstrap/Bootstrap.java","36","0","0","0","282","380","0"
"hazelcast","e206695a160a575c71ab47fc7bfc7cd5a4272e7f","hazelcast/src/main/java/com/hazelcast/spi/impl/operationservice/impl/InvocationMonitor.java","36","0","0","0","359","471","1"
"hazelcast","56c1f0e4443b8b512b4acbe014169fbfe88dfe82","hazelcast/src/main/java/com/hazelcast/spi/impl/operationservice/impl/InvocationMonitor.java","36","0","0","0","365","479","2"
"hazelcast","86b064ba3f1e467e74e95d6da24b03122065ce36","hazelcast/src/main/java/com/hazelcast/spi/impl/operationservice/impl/InvocationMonitor.java","36","0","0","0","365","479","2"
"hazelcast","9948976cea0dd05d47e24f303a0b309b4155d329","hazelcast/src/main/java/com/hazelcast/spi/impl/operationservice/impl/InvocationMonitor.java","36","0","0","0","365","479","2"
"hazelcast","230e4c01bded87190d3a2600c4716b02aa169088","hazelcast/src/main/java/com/hazelcast/spi/impl/operationservice/impl/InvocationMonitor.java","36","0","0","0","365","479","0"
"ceylon-ide-eclipse","5e619a0eea7dffc5d71274f8397c14783ea8bc91","plugins/com.redhat.ceylon.eclipse.ui/src/com/redhat/ceylon/eclipse/code/hover/AnnotationInformationControl.java","36","0","0","0","400","477","0"
"elasticsearch","3df2a086d4bf3c5608aabf06c1766e10c901af35","core/src/main/java/org/elasticsearch/search/DefaultSearchContext.java","36","0","0","0","659","819","0"
"elasticsearch","977712f9773c3eecea3958a5b8ddf934207775a6","core/src/main/java/org/elasticsearch/search/DefaultSearchContext.java","36","0","0","0","662","826","1"
"elasticsearch","20ff703e07c692c5e68e6b30a6e6413a34dd10a7","core/src/main/java/org/elasticsearch/search/DefaultSearchContext.java","36","0","0","0","663","824","1"
"elasticsearch","634ce90dc06f20888a4ff655985a6baccf25a7db","core/src/main/java/org/elasticsearch/search/DefaultSearchContext.java","36","0","0","0","666","831","0"
"elasticsearch","2f8def11b5109eb80b47422a200bf7b7e07c8467","core/src/main/java/org/elasticsearch/search/DefaultSearchContext.java","36","0","0","0","667","831","2"
"elasticsearch","ad8f359deb87745239712ecec89570a295bb8cc7","core/src/test/java/org/elasticsearch/index/query/MatchQueryBuilderTests.java","36","0","0","11","389","469","0"
"hazelcast","5eda2222dbb2eb5a41b649eeb0e3293798b737aa","hazelcast/src/main/java/com/hazelcast/map/impl/event/MapEventPublisherImpl.java","36","0","0","12","259","342","1"
"hazelcast","789fec3a6e311f2b7e0375c14c84bee28393ab89","hazelcast/src/main/java/com/hazelcast/map/impl/event/MapEventPublisherImpl.java","36","0","0","12","262","345","0"
"elasticsearch","74cd32942aa4b023a47079edc794ff8efb6d0a9e","core/src/test/java/org/elasticsearch/index/query/MatchQueryBuilderTests.java","36","0","0","12","403","483","0"
"elasticsearch","4e5714b31fe3d3b9fdedb18064253fa50b79bcc0","src/test/java/org/elasticsearch/common/util/BigArraysTests.java","36","0","0","14","205","243","0"
"elasticsearch","123b0723fe279debe0c320ae917b34d26e51c51b","src/main/java/org/elasticsearch/script/ScriptParameterParser.java","36","0","0","15","194","237","1"
"hazelcast","de648aee4f10deb7e3de9baacf89e31e226dbcaa","hazelcast/src/main/java/com/hazelcast/map/NearCache.java","36","0","0","15","245","298","1"
"elasticsearch","2cd771a23014ccb526fd96b6da539ca7fd912a6a","modules/ingest-common/src/test/java/org/elasticsearch/ingest/common/SortProcessorTests.java","36","0","0","16","276","339","0"
"elasticsearch","383945416866849139755c6761ad162faaadcbe0","src/main/java/org/elasticsearch/index/search/MatchQuery.java","36","0","0","18","246","319","1"
"elasticsearch","aa654a26c9758d6dfb519c6085dd619247fc16b5","src/main/java/org/elasticsearch/index/search/MatchQuery.java","36","0","0","18","246","319","1"
"elasticsearch","fe9de7fba24897b0d608bc8c4d243f69476e6cb2","src/main/java/org/elasticsearch/index/search/MatchQuery.java","36","0","0","18","246","319","0"
"netty","23d017849429c18e1890b0a5799e5262df4f269f","transport/src/test/java/io/netty/channel/SingleThreadEventLoopTest.java","36","0","0","18","350","456","0"
"elasticsearch","9f1d11696726bbe54a7a98a6c7fa0c7febf60c63","core/src/test/java/org/elasticsearch/env/NodeEnvironmentTests.java","36","0","0","19","411","507","0"
"elasticsearch","a77b38cdd1604dfa539bac36ce5a3f79f9f955a1","core/src/test/java/org/elasticsearch/search/suggest/ContextCompletionSuggestSearchIT.java","36","0","0","19","624","705","0"
"mcMMO","3a5de8e2ce04816bc057f005dd53eca7878934db","src/main/java/com/gmail/nossr50/commands/skills/FishingCommand.java","36","0","0","2","154","198","0"
"mcMMO","2c8bfd6573a0d87c99752d8f879460a19745fe46","src/main/java/com/gmail/nossr50/commands/skills/MiningCommand.java","36","0","0","2","162","188","0"
"elasticsearch","8ab7ca5284581d59b3988024894a934504371092","core/src/main/java/org/elasticsearch/index/search/MatchQuery.java","36","0","0","21","279","381","2"
"hazelcast","c8b4bf0b31e09fb2c832fd6c2f63b99b30cbcdb2","hazelcast/src/main/java/com/hazelcast/multimap/MultiMapService.java","36","0","0","25","286","340","1"
"orientdb","3fd79f333e2a5c17bcac9d2ddfe74044e2dfecdd","core/src/main/java/com/orientechnologies/orient/core/sql/parser/OSelectStatement.java","36","0","0","26","238","314","0"
"hazelcast","fc4c1565c729a7721d8816332b7fd4a254fc1433","hazelcast/src/main/java/com/hazelcast/multimap/impl/MultiMapService.java","36","0","0","28","296","354","2"
"hazelcast","8a4364b60b5a4274ab87081d259cd1fdbd424c16","hazelcast/src/main/java/com/hazelcast/multimap/impl/MultiMapService.java","36","0","0","28","298","356","0"
"hazelcast","c4feb143e90da0ac828ba9077c83e15a9d4fb4cd","hazelcast/src/main/java/com/hazelcast/cache/impl/AbstractCacheService.java","36","0","0","32","290","351","1"
"hazelcast","31b746bc11a9f8f1787e58c7f4139784dfb5c404","hazelcast/src/main/java/com/hazelcast/cache/impl/AbstractCacheService.java","36","0","0","32","302","364","3"
"hazelcast","6d3367f4f483c762f0f00f98bc4151ad321a87cb","hazelcast/src/main/java/com/hazelcast/cache/impl/AbstractCacheService.java","36","0","0","32","305","368","4"
"hazelcast","18b320216a2af0109458bdad8f25ab57ca6246e1","hazelcast/src/test/java/com/hazelcast/test/HazelcastTestSupport.java","36","0","0","36","301","375","1"
"hazelcast","d3413a5baeea5e03516b6258dd161ba13ed60a29","hazelcast/src/test/java/com/hazelcast/test/HazelcastTestSupport.java","36","0","0","37","307","382","2"
"elasticsearch","284491d87473878574be81d912b9548eb57cc673","src/main/java/org/elasticsearch/index/query/HasParentQueryParser.java","36","0","0","4","148","192","0"
"BroadleafCommerce","7da760ada0cf3c3164075c970c90d47e36b4bef4","admin/broadleaf-open-admin-platform/src/main/java/org/broadleafcommerce/openadmin/dto/PersistencePackage.java","36","0","0","41","231","302","0"
"hazelcast","a3507ca238034c2ea2fbb21034247eddd69117ef","hazelcast/src/main/java/com/hazelcast/executor/impl/ExecutorServiceProxy.java","36","0","0","45","513","618","0"
"hazelcast","1e42cff0b939d749891bf2c0a4aa694183bfa22d","hazelcast/src/main/java/com/hazelcast/executor/impl/ExecutorServiceProxy.java","36","0","0","45","514","619","1"
"hazelcast","44da73e20295eb48277cec8dc61e382a54772b56","hazelcast/src/main/java/com/hazelcast/executor/impl/ExecutorServiceProxy.java","36","0","0","45","514","619","2"
"hazelcast","4f7f6d1b9c875c79b707d4c0b9e23bd5aa3b709c","hazelcast/src/main/java/com/hazelcast/executor/impl/ExecutorServiceProxy.java","36","0","0","45","514","619","2"
"hazelcast","7ce8ce10c309e04f55a6f50d27a99c73e3b176fa","hazelcast/src/main/java/com/hazelcast/executor/impl/ExecutorServiceProxy.java","36","0","0","45","514","619","3"
"hazelcast","94adcc7514abab71a4ead864748a50df7437db76","hazelcast/src/main/java/com/hazelcast/executor/impl/ExecutorServiceProxy.java","36","0","0","45","514","619","1"
"hazelcast","cda4675da1b3ea08250b2c18415817922e5c40cb","hazelcast/src/main/java/com/hazelcast/executor/impl/ExecutorServiceProxy.java","36","0","0","45","514","619","1"
"hazelcast","f33e87530ea7d8473c849516a61726e321f02c29","hazelcast/src/main/java/com/hazelcast/executor/impl/ExecutorServiceProxy.java","36","0","0","45","514","619","3"
"hazelcast","4f7d7a49a64a09739556c76f1e55ca354b652b1f","hazelcast/src/main/java/com/hazelcast/executor/impl/ExecutorServiceProxy.java","36","0","0","45","514","619","0"
"hazelcast","c9663014dbca779c47d4fa3d54fc1a7fa746965e","hazelcast/src/main/java/com/hazelcast/executor/impl/ExecutorServiceProxy.java","36","0","0","45","515","620","0"
"hazelcast","794b2c123181f6da9ea4c2f96e7bb9f88901f847","hazelcast/src/main/java/com/hazelcast/executor/impl/ExecutorServiceProxy.java","36","0","0","45","515","621","2"
"hazelcast","2476e8b213f7f7bb5244ba843694941849708762","hazelcast/src/main/java/com/hazelcast/executor/impl/ExecutorServiceProxy.java","36","0","0","45","516","622","1"
"MapDB","7d0c7338c9890e2f28b060f2d905aeaad911be12","src/test/java/org/mapdb/SerializerBaseTest.java","36","0","0","49","373","473","1"
"elasticsearch","6abcd42a05a0e2bc4eaf1add6a41ae7d48f840c2","core/src/test/java/org/elasticsearch/cluster/routing/allocation/BalanceConfigurationTests.java","36","0","0","5","329","440","0"
"orientdb","8d068c2f4dce33d5108778c8249ce9d6a5500322","tests/src/test/java/com/orientechnologies/orient/test/database/auto/JSONTest.java","36","0","0","52","899","1150","1"
"orientdb","020cc218f257d4c81cb643f7c0928ecd00bf3835","tests/src/test/java/com/orientechnologies/orient/test/database/auto/JSONTest.java","36","0","0","53","909","1162","0"
"hazelcast","b1b71398a1860e5187c3aaa1e4b641f8b09d1254","hazelcast-client/src/test/java/com/hazelcast/client/map/impl/nearcache/ClientMapNearCacheTest.java","36","0","0","60","1055","1369","0"
"orientdb","252aa4c00e6048e5a77066dc5f770ef6e58dd1ea","graphdb/src/test/java/com/orientechnologies/orient/graph/sql/OMatchStatementExecutionTest.java","36","0","0","63","1150","1392","1"
"elasticsearch","c71ae3519fddf4b9cd1516d46fb5f5aa9b5a7c29","core/src/main/java/org/elasticsearch/cluster/routing/OperationRouting.java","36","0","0","7","202","262","0"
"hazelcast","4c79a4912de9ac2b2ad288f88d16c8e52c6a6dee","hazelcast-code-generator/src/main/java/com/hazelcast/client/protocol/generator/CodecCodeGenerator.java","36","0","0","8","273","329","0"
"BroadleafCommerce","67428294bf8ec538287aa7a1948e464873e3fdf7","core/broadleaf-framework/src/main/java/org/broadleafcommerce/core/order/domain/FulfillmentGroupImpl.java","36","0","0","84","677","813","0"
"ceylon-ide-eclipse","5b4c3eac8a7c12c0125a77343e602b4e73083595","plugins/com.redhat.ceylon.eclipse.ui/src/com/redhat/ceylon/eclipse/util/ModelProxy.java","36","0","0","9","193","235","0"
"elasticsearch","3e08c24991a79cb97286dacac8335f84fe1c6f6e","plugins/ingest/src/main/java/org/elasticsearch/ingest/processor/GeoIpProcessor.java","36","0","0","9","252","325","1"
"elasticsearch","5e78f14f044fe0e0d875bb942d36610b27edf6b6","modules/elasticsearch/src/main/java/org/elasticsearch/action/support/broadcast/TransportBroadcastOperationAction.java","36","0","1","0","277","390","0"
"elasticsearch","b31f68a0ebdbaa61ff92293dc1914ba7bbad1765","modules/elasticsearch/src/main/java/org/elasticsearch/action/support/broadcast/TransportBroadcastOperationAction.java","36","0","1","0","280","395","0"
"netty","a8b9e27c92682dd59135622df15005d6ab0b8c09","transport/src/main/java/io/netty/channel/socket/nio/NioDatagramWorker.java","36","0","1","1","218","307","0"
"elasticsearch","d4d6c3459e45e07e1b861bdb0bf4d07446cfc3c3","src/main/java/org/elasticsearch/action/mlt/TransportMoreLikeThisAction.java","36","0","1","1","294","366","1"
"elasticsearch","513f25ae97b4895019c5afb81286f5bee93fc522","src/main/java/org/elasticsearch/action/mlt/TransportMoreLikeThisAction.java","36","0","1","1","296","370","0"
"elasticsearch","1441fec0687d9af1b3eb17a6cc7286bab495d01f","src/main/java/org/elasticsearch/index/fielddata/fieldcomparator/BytesRefOrdValComparator.java","36","0","1","10","269","387","2"
"elasticsearch","6b23ee80404ea8cb143abd776968854e263275b9","core/src/main/java/org/elasticsearch/search/aggregations/pipeline/derivative/DerivativePipelineAggregationBuilder.java","36","0","1","12","233","281","2"
"elasticsearch","3aed047bdedde1bda189cbfc2f81e65af42e57c5","core/src/main/java/org/elasticsearch/search/aggregations/pipeline/derivative/DerivativePipelineAggregationBuilder.java","36","0","1","12","235","283","0"
"elasticsearch","e74d02138f02a66331b2611b5e70a908bb49cb97","core/src/main/java/org/elasticsearch/search/aggregations/pipeline/derivative/DerivativePipelineAggregationBuilder.java","36","0","1","12","235","283","0"
"elasticsearch","a0818d3b876216c7882b3f6b14c613173409c06c","core/src/main/java/org/elasticsearch/search/aggregations/pipeline/derivative/DerivativePipelineAggregationBuilder.java","36","0","1","12","235","283","2"
"elasticsearch","2076194d8f78599af46617896f006623a2e517f8","src/main/java/org/elasticsearch/index/fielddata/fieldcomparator/BytesRefOrdValComparator.java","36","0","1","12","297","420","1"
"orientdb","0404fb84e15c137a14ee43b23822044842e39f69","core/src/main/java/com/orientechnologies/orient/core/sql/parser/OInstanceofCondition.java","36","0","1","14","150","181","0"
"orientdb","0b098ecbb27731eae0d6bc55a5750b000a6b9777","core/src/main/java/com/orientechnologies/orient/core/sql/parser/OInstanceofCondition.java","36","0","1","14","150","183","0"
"elasticsearch","768e1c20120b921090a7e9bc439aa42c49999bbb","src/test/java/org/elasticsearch/index/translog/AbstractSimpleTranslogTests.java","36","0","1","17","530","662","1"
"elasticsearch","4e6610a798c5eb62a833a3f36b687a5defcda2a0","src/test/java/org/elasticsearch/snapshots/SharedClusterSnapshotRestoreTests.java","36","0","1","17","760","958","2"
"elasticsearch","dab1f76e0360a92767de9adbbd567241913f5faa","src/test/java/org/elasticsearch/snapshots/SharedClusterSnapshotRestoreTests.java","36","0","1","18","801","1009","1"
"elasticsearch","7209f9f40bc253adc7479a0ce276b5a4375aa2c4","src/test/java/org/elasticsearch/snapshots/SharedClusterSnapshotRestoreTests.java","36","0","1","18","810","1022","0"
"elasticsearch","e5bf02b155a41f8dc866f3b4f140da9d97d7c48e","core/src/main/java/org/elasticsearch/common/xcontent/support/AbstractXContentParser.java","36","0","1","19","241","328","2"
"elasticsearch","523a8b4c3e8003316f3e7c6a74bdd5e4e1818dd6","modules/elasticsearch/src/main/java/org/elasticsearch/search/facets/geodistance/GeoDistanceFacetCollectorParser.java","36","0","1","2","134","179","0"
"elasticsearch","583f14833482cf1e8ce2adbcdb2b3fb3cb17c70e","src/main/java/org/elasticsearch/search/aggregations/bucket/range/ipv4/IpRangeParser.java","36","0","1","2","147","188","1"
"elasticsearch","d4366f8493ac8d2f7091404ffd346e4f3c0f9af9","plugins/repository-s3/src/main/java/org/elasticsearch/cloud/aws/InternalAwsS3Service.java","36","0","1","2","149","206","2"
"hazelcast","7c83a64f2156adb88a1d03e4793c9bccd4a77869","hazelcast/src/main/java/com/hazelcast/management/TimedMemberStateFactory.java","36","0","1","2","325","361","1"
"elasticsearch","64418526187d4666f7001c79c5aac1f6cc35c8cc","core/src/main/java/org/elasticsearch/common/xcontent/support/AbstractXContentParser.java","36","0","1","21","259","349","1"
"hazelcast","1f042b8c4a4245594691bb6d85a66ceed9b43068","hazelcast/src/main/java/com/hazelcast/spi/impl/operationexecutor/classic/ClassicOperationExecutor.java","36","0","1","22","323","468","1"
"hazelcast","2921cff694583b8638dae2991f427e61d5440a9d","hazelcast/src/main/java/com/hazelcast/spi/impl/operationexecutor/classic/ClassicOperationExecutor.java","36","0","1","22","324","469","0"
"elasticsearch","9080f51340b1b26f8bd171b4c82de8d87ad42b55","core/src/test/java/org/elasticsearch/index/mapper/geo/GeoPointFieldMapperTests.java","36","0","1","22","681","832","1"
"elasticsearch","90b547cf2c82b03fe42b9cce4ea878d81734228a","src/main/java/org/elasticsearch/index/mapper/internal/BoostFieldMapper.java","36","0","1","24","254","321","0"
"hazelcast","2f06638454ebfd6e5e4611e797d17309344d91a6","hazelcast/src/main/java/com/hazelcast/multimap/MultiMapService.java","36","0","1","24","282","341","0"
"elasticsearch","589360c8b1a46c1509c7e589f06124b91cb3dbaf","src/main/java/org/elasticsearch/index/mapper/internal/BoostFieldMapper.java","36","0","1","25","257","325","1"
"hazelcast","7ef9f661a9e33fd4b6705e656c560c4ca3bd4917","hazelcast/src/test/java/com/hazelcast/internal/cluster/impl/MembershipUpdateTest.java","36","0","1","26","629","811","0"
"elasticsearch","ffcc710e4eca73e2d15a51c697720dcd76423743","src/main/java/org/elasticsearch/index/query/MoreLikeThisFieldQueryParser.java","36","0","1","3","109","150","0"
"elasticsearch","abf9a866788b2fab855b50728670e2aa2dd42c5a","src/main/java/org/elasticsearch/index/query/RangeFilterParser.java","36","0","1","3","125","162","1"
"elasticsearch","7602b13a58a2b38f579fc8c565d5d4da8ae12082","src/main/java/org/elasticsearch/index/query/GeoDistanceFilterParser.java","36","0","1","3","136","180","0"
"BroadleafCommerce","8511691cf6289e4384dbf6cee4dec6120dbc6cef","admin/broadleaf-open-admin-platform/src/main/java/org/broadleafcommerce/openadmin/server/service/persistence/module/criteria/CriteriaTranslatorImpl.java","36","0","1","3","176","261","0"
"elasticsearch","6d8fff65dcfde1b2d0b235707c189f07ac64ae34","src/main/java/org/elasticsearch/index/query/functionscore/FunctionScoreQueryParser.java","36","0","1","3","182","234","0"
"elasticsearch","3b967040da249ce58e848e7c00dad11b42eb3c9f","modules/elasticsearch/src/main/java/org/elasticsearch/index/percolator/PercolatorExecutor.java","36","0","1","30","336","424","0"
"elasticsearch","5a64f08f048461a63a0ca1354a5050c954e63d52","core/src/test/java/org/elasticsearch/snapshots/DedicatedClusterSnapshotRestoreIT.java","36","0","1","30","832","1031","0"
"elasticsearch","0a69f1e283e26e5d9e6a000b68b9f4778de557a1","core/src/test/java/org/elasticsearch/snapshots/DedicatedClusterSnapshotRestoreIT.java","36","0","1","30","832","1032","2"
"netty","3a9f47216143082bdfba62e8940160856767d672","transport/src/test/java/io/netty/channel/DefaultChannelPipelineTest.java","36","0","1","39","980","1198","2"
"elasticsearch","10810f00d490fdae35cdcff6f1a132d7c21c4816","src/main/java/org/elasticsearch/index/search/slowlog/ShardSlowLogSearchService.java","36","0","1","6","186","235","0"
"elasticsearch","46f1e30fa9397763fa22dd11c59d198e94ac37c2","src/main/java/org/elasticsearch/index/gateway/local/LocalIndexShardGateway.java","36","0","1","6","243","308","0"
"elasticsearch","523a8b4c3e8003316f3e7c6a74bdd5e4e1818dd6","modules/elasticsearch/src/main/java/org/elasticsearch/common/lucene/geo/GeoBoundingBoxFilter.java","36","0","1","7","114","158","0"
"BroadleafCommerce","b6936d73a05abef0aa844935f17254d4a4c78665","core/broadleaf-framework-web/src/main/java/org/broadleafcommerce/core/web/processor/BroadleafCacheProcessor.java","36","0","1","7","175","283","0"
"elasticsearch","5b8b15e729d022ac816098c40f401ba25ce7e2e0","core/src/main/java/org/elasticsearch/http/netty/NettyHttpServerTransport.java","36","0","1","7","332","425","0"
"elasticsearch","292e53fe77cae17362029d79e6afb937e75eec89","src/main/java/org/elasticsearch/index/search/child/ChildrenQuery.java","36","0","1","7","350","452","0"
"elasticsearch","99714ee1bd991fed204620c32e9f59a323018d2f","src/main/java/org/elasticsearch/indices/recovery/RecoveryTarget.java","36","0","1","7","413","522","2"
"elasticsearch","34b397597ccdcfd44a84a0b804d83054be0c0c50","src/main/java/org/elasticsearch/indices/recovery/RecoveryTarget.java","36","0","1","7","416","527","0"
"elasticsearch","3787ea27bf1b33b8005547969b358b8d19fddc8f","core/src/test/java/org/elasticsearch/bwcompat/OldIndexBackwardsCompatibilityIT.java","36","0","1","7","427","536","0"
"neo4j","7b0b7a6aa4b0cc227df4d444ca75ff8887c9a2e6","community/kernel/src/main/java/org/neo4j/kernel/impl/storemigration/participant/StoreMigrator.java","36","0","1","7","639","856","2"
"neo4j","7723d89e6d1d951e8923fb102da0228db2e4e8f9","community/kernel/src/main/java/org/neo4j/kernel/impl/storemigration/participant/StoreMigrator.java","36","0","1","7","642","858","2"
"neo4j","4f04ee08438d4e1c99095d9d8a9f2ec223af89a9","community/kernel/src/main/java/org/neo4j/kernel/impl/storemigration/participant/StoreMigrator.java","36","0","1","7","643","859","1"
"titan","a1e70246868f0fc9e3e6e1bd454f2b0b13170c3b","src/main/java/com/thinkaurelius/titan/graphdb/vertices/VertexUtil.java","36","0","1","8","103","139","1"
"BroadleafCommerce","34682289a3be1f350cf132998f1a4315a3c62b91","admin/broadleaf-contentmanagement-module/src/main/java/org/broadleafcommerce/cms/admin/server/handler/PageTemplateCustomPersistenceHandler.java","36","0","1","8","274","327","0"
"BroadleafCommerce","c60b27b5e87385a5ef951c93e5a55ad41755e45b","admin/broadleaf-contentmanagement-module/src/main/java/org/broadleafcommerce/cms/admin/server/handler/PageTemplateCustomPersistenceHandler.java","36","0","1","8","277","329","1"
"hazelcast","7e07ef2b7dcefe2f791c4b6d2050a9c44e6bf931","hazelcast/src/main/java/com/hazelcast/spi/impl/servicemanager/impl/ServiceManagerImpl.java","36","0","1","8","288","344","1"
"hazelcast","2ef0bc6dac8cbdab1c6cd7cb17e5aaf9938b8e8b","hazelcast/src/main/java/com/hazelcast/spi/impl/servicemanager/impl/ServiceManagerImpl.java","36","0","1","8","295","353","1"
"BroadleafCommerce","8234d76b3529b7ec6e52516790c167bdab9f2256","admin/broadleaf-contentmanagement-module/src/main/java/org/broadleafcommerce/cms/file/service/StaticAssetStorageServiceImpl.java","36","0","1","8","303","409","1"
"elasticsearch","9080f51340b1b26f8bd171b4c82de8d87ad42b55","modules/lang-expression/src/main/java/org/elasticsearch/script/expression/ExpressionScriptEngineService.java","36","0","1","9","206","269","1"
"BroadleafCommerce","efd0d832aabb9eac8311d1a61be1d4b2a2860a5d","admin/broadleaf-contentmanagement-module/src/main/java/org/broadleafcommerce/cms/file/service/StaticAssetStorageServiceImpl.java","36","0","1","9","308","410","0"
"hazelcast","da4a5afadf8b24a6aefe47f208296c61deaf2ce6","hazelcast/src/test/java/com/hazelcast/test/bounce/BounceMemberRule.java","36","0","10","9","308","524","2"
"BroadleafCommerce","c648eca7d16c18a9cd5d5ef40971942a691bf230","core/broadleaf-framework-web/src/main/java/org/broadleafcommerce/core/web/controller/checkout/BroadleafCheckoutController.java","36","0","11","10","373","653","0"
"elasticsearch","d273419d008631e4f2c8a8170ae4b663e1e08367","core/src/main/java/org/elasticsearch/node/Node.java","36","0","11","2","630","893","0"
"elasticsearch","f5542ed47fede3d086477995afbc6b330ff71d3e","core/src/main/java/org/elasticsearch/node/Node.java","36","0","11","2","657","921","1"
"elasticsearch","e2977889b80fcaa02f5c7d5814117e796f2580e2","core/src/main/java/org/elasticsearch/node/Node.java","36","0","11","2","658","930","0"
"elasticsearch","69e21d4cc3aa9a83b23b3f34a2f6be2ff8a60382","core/src/main/java/org/elasticsearch/index/query/HasChildQueryBuilder.java","36","0","11","3","291","414","3"
"elasticsearch","b17a92c9110259fa0f3049374908f9d6b9150f1e","core/src/main/java/org/elasticsearch/index/query/HasChildQueryBuilder.java","36","0","11","3","298","421","2"
"elasticsearch","2bd09c4625898d77aa6c015c6f82cf973ed18cb7","core/src/main/java/org/elasticsearch/index/query/HasChildQueryBuilder.java","36","0","11","3","301","425","2"
"BroadleafCommerce","931535456ea2c756d4f2501c48bc8415abcb6e47","core/broadleaf-framework-web/src/main/java/org/broadleafcommerce/core/web/controller/cart/BroadleafCartController.java","36","0","11","8","268","508","1"
"mcMMO","74d9fa422f473f9e79a9bab865c5af6e329bdbd5","src/main/java/com/gmail/nossr50/mcMMO.java","36","0","12","11","373","557","1"
"mcMMO","bfa29cbf02eb3bece2bb4596ed2545c3aaa512d7","src/main/java/com/gmail/nossr50/mcMMO.java","36","0","12","11","376","561","0"
"elasticsearch","c5396839c4bd720980308a9d532d9f955323f489","core/src/main/java/org/elasticsearch/script/StoredScriptSource.java","36","0","12","4","237","492","2"
"elasticsearch","9080f51340b1b26f8bd171b4c82de8d87ad42b55","core/src/main/java/org/elasticsearch/action/fieldstats/FieldStats.java","36","0","12","44","414","583","1"
"elasticsearch","0cdbcdab64ee37229c709c2f301c8065a5da56ec","core/src/test/java/org/elasticsearch/search/query/SearchQueryIT.java","36","0","14","49","1714","2137","2"
"hazelcast","d568e4d926d925d57d4e79e34614390416749301","hazelcast/src/main/java/com/hazelcast/ringbuffer/impl/RingbufferContainer.java","36","0","15","12","291","521","0"
"elasticsearch","73307a2144fbdf63c551eeccdc7e93dc30e59a92","core/src/main/java/org/elasticsearch/rest/RestRequest.java","36","0","16","20","287","443","1"
"hazelcast","4d1c2ddd586f69084c47ed1cdfb10c94b44012ca","hazelcast/src/main/java/com/hazelcast/spi/Operation.java","36","0","16","22","344","628","2"
"hazelcast","d6b5a28cdd0898e8bc92c1ebc6cf1ca25e79afe5","hazelcast/src/main/java/com/hazelcast/spi/Operation.java","36","0","16","22","344","628","1"
"hazelcast","01efb6c2b9630a2b5d82d8a5f5dac36e8143b780","hazelcast/src/main/java/com/hazelcast/spi/Operation.java","36","0","16","22","344","628","0"
"netty","268111208007b1336dc1bbdcb0b9c15427e14e1f","handler/src/main/java/io/netty/handler/traffic/AbstractTrafficShapingHandler.java","36","0","17","5","300","655","0"
"elasticsearch","6ecb0234685c180223a866862bcd31b965e05783","core/src/main/java/org/elasticsearch/common/util/concurrent/ThreadContext.java","36","0","17","5","351","542","0"
"elasticsearch","8a0a1140a9b816de826235c10ce59cf72d48797b","core/src/main/java/org/elasticsearch/common/util/concurrent/ThreadContext.java","36","0","17","5","354","549","1"
"hazelcast","1762467554730e712d3e27dde9bd12b8bfa8929d","hazelcast/src/test/java/com/hazelcast/internal/memory/impl/BaseMemoryAccessorTest.java","36","0","18","16","553","771","0"
"hazelcast","22f447d68679e47111eae7fe9fd2db15956fdf0e","hazelcast/src/test/java/com/hazelcast/internal/memory/impl/BaseMemoryAccessorTest.java","36","0","18","16","565","783","0"
"elasticsearch","428080b49a8032a0ae4af6ff06b306b33dc3ef7c","src/main/java/org/elasticsearch/search/aggregations/support/AggregationContext.java","36","0","2","10","228","292","0"
"oryx","fc360fa3282bc438b5a71d6d7c6e2f585e824614","oryx-ml-oryx-serving/src/main/java/com/cloudera/oryx/ml/serving/als/model/ALSServingModel.java","36","0","2","10","398","527","0"
"hazelcast","92e14613559b3cb3c43651bf62262dc2df6c7311","hazelcast/src/main/java/com/hazelcast/queue/impl/QueueStoreWrapper.java","36","0","2","11","250","329","0"
"hazelcast","316096c5ebab16bc7e0485e6562eea36f6ac2aac","hazelcast/src/main/java/com/hazelcast/queue/impl/QueueStoreWrapper.java","36","0","2","11","251","330","2"
"hazelcast","61ba52f2c6d5035d7588bef5eb046974585ece4a","hazelcast/src/main/java/com/hazelcast/queue/impl/QueueStoreWrapper.java","36","0","2","11","253","330","1"
"hazelcast","26556bcb103a2c71d58cec8e3885e7f80ea51635","hazelcast/src/main/java/com/hazelcast/queue/impl/QueueStoreWrapper.java","36","0","2","11","254","331","2"
"orientdb","0fdf1f3126a766a8ccab1beb9ad62ec302ed3463","core/src/main/java/com/orientechnologies/orient/core/sql/functions/OSQLFunctionRuntime.java","36","0","2","12","143","220","2"
"hazelcast","f332be60ebd23c10a1b73ed223bf031807b83557","hazelcast/src/main/java/com/hazelcast/nio/tcp/nonblocking/NonBlockingSocketWriter.java","36","0","2","12","327","501","0"
"hazelcast","73ad603aebbcc839e3da9e00c62143e8ab870b0a","hazelcast/src/main/java/com/hazelcast/nio/tcp/nonblocking/NonBlockingSocketWriter.java","36","0","2","12","332","506","0"
"hazelcast","b9390d845d809c1e199dd4a23b6c842e27d18d40","hazelcast/src/main/java/com/hazelcast/nio/tcp/nonblocking/NonBlockingSocketWriter.java","36","0","2","12","334","508","0"
"hazelcast","eddc0ecf70e90657b6d5bf9f7ce78267896cac84","hazelcast/src/test/java/com/hazelcast/map/nearcache/NearCacheTest.java","36","0","2","12","401","520","0"
"hazelcast","2deea892536edaf36b21b80c96c797e5a57b84ff","hazelcast/src/test/java/com/hazelcast/map/nearcache/NearCacheTest.java","36","0","2","12","455","586","2"
"elasticsearch","e1efd5f6baf8dec1c23c79b346b8a29f234a98bb","core/src/main/java/org/elasticsearch/discovery/zen/fd/MasterFaultDetection.java","36","0","2","13","323","438","0"
"hazelcast","5045ea3aa95037fee762da0747779999661da359","hazelcast/src/test/java/com/hazelcast/map/nearcache/NearCacheTest.java","36","0","2","13","477","614","2"
"hazelcast","e8854bfc9889acbc782ebd5c9a9ef93cc0aaf766","hazelcast/src/test/java/com/hazelcast/map/nearcache/NearCacheTest.java","36","0","2","13","477","614","2"
"hazelcast","ec9060844513d2811d5bee8de0b8282e4becd97b","hazelcast/src/test/java/com/hazelcast/map/nearcache/NearCacheTest.java","36","0","2","13","477","614","1"
"hazelcast","6aba33ee5d757172927ac84b505f40b8df54a879","hazelcast/src/test/java/com/hazelcast/map/nearcache/NearCacheTest.java","36","0","2","13","477","614","0"
"orientdb","c871bcbc93f785701cc81e159699c0d2229569b3","server/src/main/java/com/orientechnologies/orient/server/distributed/task/OTxTask.java","36","0","2","14","204","306","0"
"elasticsearch","7bc26d1edd6454bf9ea1c396ed7fd2e9635995ea","core/src/main/java/org/elasticsearch/index/mapper/internal/ParentFieldMapper.java","36","0","2","14","265","345","1"
"elasticsearch","e40409dd7f910c237e52c13394f8b150865e6389","core/src/main/java/org/elasticsearch/index/mapper/internal/ParentFieldMapper.java","36","0","2","14","265","345","1"
"elasticsearch","44275f3e3e22d64e1eb1431cb49f32b2491016c9","core/src/main/java/org/elasticsearch/index/mapper/internal/ParentFieldMapper.java","36","0","2","14","265","345","0"
"hazelcast","e3d7ef68c3909a3e5e663a53e0e91de6905d3a00","hazelcast/src/main/java/com/hazelcast/internal/nearcache/impl/store/AbstractNearCacheRecordStore.java","36","0","2","16","374","493","1"
"elasticsearch","3f6d80aa662bb757dfb5afd8d946309e162fcf08","core/src/test/java/org/elasticsearch/index/query/SimpleQueryStringBuilderTests.java","36","0","2","18","359","441","1"
"elasticsearch","cc3f02c0a03686b915b846d1aff04cd90cf29914","src/main/java/org/elasticsearch/index/indexing/ShardIndexingService.java","36","0","2","19","241","306","1"
"elasticsearch","08f7caa56b3519f4569e82cdceb57dee14e19420","src/main/java/org/elasticsearch/index/indexing/ShardIndexingService.java","36","0","2","19","242","307","0"
"elasticsearch","d01a62908a22c6f20a4adf1c147c4f3179c2a007","core/src/main/java/org/elasticsearch/common/joda/DateMathParser.java","36","0","2","2","162","207","1"
"elasticsearch","01e8eaf181148d1ae5239800b5d71bd38c0c2896","src/main/java/org/elasticsearch/common/joda/DateMathParser.java","36","0","2","2","162","208","0"
"elasticsearch","27724bef6a13549e742db0eedb4d54a6d50fc5ae","src/main/java/org/elasticsearch/gateway/GatewayService.java","36","0","2","2","214","293","0"
"elasticsearch","c71da4b999705e5ab367bceefbab51b81e755283","core/src/main/java/org/elasticsearch/gateway/GatewayService.java","36","0","2","2","214","294","1"
"hazelcast","7495b3bd2a81671385b555fbc6ffe8713053aabd","hazelcast/src/test/java/com/hazelcast/test/AbstractHazelcastClassRunner.java","36","0","2","2","318","402","0"
"elasticsearch","e40b2d5dd7e59dc3011a2a7f652ca3554d31cd19","core/src/main/java/org/elasticsearch/index/indexing/ShardIndexingService.java","36","0","2","20","241","307","1"
"elasticsearch","1584c73e4a85037ce83744a384805f234b288548","src/test/java/org/elasticsearch/search/aggregations/bucket/LongTermsTests.java","36","0","2","20","466","611","1"
"elasticsearch","1584c73e4a85037ce83744a384805f234b288548","src/test/java/org/elasticsearch/search/aggregations/bucket/DoubleTermsTests.java","36","0","2","20","466","617","1"
"elasticsearch","1584c73e4a85037ce83744a384805f234b288548","src/test/java/org/elasticsearch/search/aggregations/bucket/StringTermsTests.java","36","0","2","23","593","773","1"
"hazelcast","0880710f355f33d03b8d928ec9d22a0ff4f1ca52","hazelcast-client/src/main/java/com/hazelcast/client/cache/impl/ClientCacheProxy.java","36","0","2","32","410","499","2"
"antlr4","bd4200bb89f069b4cfb04a2d3fb64c102b706cba","tool/src/org/antlr/v4/gui/TreeViewer.java","36","0","2","36","567","765","1"
"orientdb","dca6885c95f754e9a03f1366b7f1ed83a9d92ed4","graphdb/src/main/java/com/orientechnologies/orient/graph/sql/OCommandExecutorSQLCreateEdge.java","36","0","2","5","170","254","1"
"orientdb","7d92a6b03b707e81490ef22a1fa23a1017918c3d","graphdb/src/main/java/com/orientechnologies/orient/graph/sql/OCommandExecutorSQLCreateEdge.java","36","0","2","5","173","257","0"
"elasticsearch","a135c9bd8b4c29c7f147d125762a9a6456cbc35d","src/main/java/org/elasticsearch/transport/netty/MessageChannelHandler.java","36","0","2","5","275","368","0"
"elasticsearch","1f04182b8164ffb19f3805c48d67f0375262b317","core/src/main/java/org/elasticsearch/discovery/zen/fd/MasterFaultDetection.java","36","0","2","9","323","438","0"
"hazelcast","ea8d5c4fc8e2e627a997c89892e3aa3da9e523e3","hazelcast/src/main/java/com/hazelcast/util/collection/LongHashSet.java","36","0","23","2","257","421","0"
"elasticsearch","09816fdf579f71c8eb9cfe3bd7302c89c47d68e6","src/main/java/org/elasticsearch/action/admin/indices/create/CreateIndexRequest.java","36","0","27","6","317","497","0"
"hazelcast","95b267ab7deb035825584655e09479425d152750","hazelcast/src/test/java/com/hazelcast/internal/nearcache/AbstractNearCacheBasicTest.java","36","0","28","0","400","692","0"
"BroadleafCommerce","27ef2467b7432e825811b791c96788f417fc8d4b","admin/broadleaf-contentmanagement-module/src/main/java/org/broadleafcommerce/cms/admin/server/handler/StructuredContentTypeCustomPersistenceHandler.java","36","0","3","10","236","298","0"
"BroadleafCommerce","4c0a8b2c4bddabc4e97467c8022161826c630c8c","admin/broadleaf-contentmanagement-module/src/main/java/org/broadleafcommerce/cms/admin/server/handler/StructuredContentTypeCustomPersistenceHandler.java","36","0","3","10","236","300","0"
"elasticsearch","49bdd29f91eb3568a8bac28e043f422a208104d1","core/src/test/java/org/elasticsearch/index/query/BoolQueryBuilderTests.java","36","0","3","10","365","426","1"
"elasticsearch","3ce7b119d28e7d1be7284bd804606a65c2d1a383","core/src/test/java/org/elasticsearch/index/query/BoolQueryBuilderTests.java","36","0","3","10","369","430","0"
"elasticsearch","00d54fabb259a21e98441f58c04b86b7f13a3a71","src/main/java/org/elasticsearch/indices/cache/query/IndicesQueryCache.java","36","0","3","13","333","460","0"
"hazelcast","df23887e0b596f11c485c176b856095fb3bc5744","hazelcast/src/main/java/com/hazelcast/spi/impl/operationservice/impl/InvocationMonitor.java","36","0","3","5","371","489","1"
"elasticsearch","4c8f3de34b0f85abd8cf263cfbbf796dc6b4f132","src/main/java/org/elasticsearch/index/search/child/TopChildrenQuery.java","36","0","3","7","306","407","0"
"hazelcast","2356748771aa27289500ca099fb77942e36b2097","hazelcast/src/test/java/com/hazelcast/core/HazelcastTest.java","36","0","3","75","1208","1355","0"
"orientdb","1ffb4a74231b07389afced95123a7ef989a442cc","graphdb/src/main/java/com/orientechnologies/orient/graph/sql/OCommandExecutorSQLDeleteVertex.java","36","0","3","9","209","295","0"
"elasticsearch","178629382cae497aaa5b4842208cd570b189bd52","src/main/java/org/elasticsearch/action/update/UpdateHelper.java","36","0","3","9","222","272","0"
"elasticsearch","16ed2fb423fd387faa513cbed991a9fcb64bc572","core/src/test/java/org/elasticsearch/index/query/BoolQueryBuilderTests.java","36","0","4","10","375","442","2"
"elasticsearch","629e2b2aff99f9d534edd8a17c30f12716a1725f","core/src/test/java/org/elasticsearch/index/query/BoolQueryBuilderTests.java","36","0","4","10","385","452","1"
"elasticsearch","13a347239a48d71486692a72c066e940dec8921b","core/src/main/java/org/elasticsearch/index/IndexService.java","36","0","4","21","383","501","3"
"elasticsearch","3f18487afa4156c8418922256ed5583dfeafb716","core/src/main/java/org/elasticsearch/index/mapper/core/NumberFieldMapper.java","36","0","4","31","304","405","4"
"antlr4","bb389782da9fe9a9a1c56c31a5af4f61c39c31fb","tool/src/org/antlr/v4/codegen/model/RuleFunction.java","36","0","4","4","221","290","0"
"BroadleafCommerce","77e6dceb1d6323f4da2c5e8c726b7c337c9bd086","core/broadleaf-framework/src/main/java/org/broadleafcommerce/core/payment/service/OrderToPaymentRequestDTOServiceImpl.java","36","0","4","5","215","326","1"
"hazelcast","762c46de262239f1120e82946b5f1c8eb2f6168b","hazelcast/src/test/java/com/hazelcast/core/HazelcastTest.java","36","0","4","74","1210","1360","1"
"MapDB","461ee2dfb2a75977881f1f67fd1f5df1cc8097aa","src/main/java/org/mapdb/Atomic.java","36","0","41","15","264","662","1"
"MapDB","06b099139f315ca2b996d674ddbbce9ac8640aad","src/main/java/org/mapdb/Atomic.java","36","0","41","15","272","673","0"
"elasticsearch","6abcd42a05a0e2bc4eaf1add6a41ae7d48f840c2","core/src/main/java/org/elasticsearch/cluster/routing/allocation/AllocationService.java","36","0","5","4","304","447","0"
"elasticsearch","4040f194f528c76c88be70b119cf9d7d6fcea99b","core/src/main/java/org/elasticsearch/action/admin/cluster/stats/ClusterStatsNodes.java","36","0","5","55","545","684","0"
"elasticsearch","7adf9929bae22049d157676756b49597bca98426","core/src/main/java/org/elasticsearch/action/admin/cluster/stats/ClusterStatsNodes.java","36","0","5","55","546","685","1"
"orientdb","c902353d86924562826c9114fd6a1242a65ada6d","core/src/main/java/com/orientechnologies/orient/core/storage/impl/local/paginated/wal/OWALSegmentCache.java","36","0","6","0","251","417","0"
"oryx","0a8756ea6c6cc91b5887bf9c46a69cd9c9546cde","framework/oryx-ml/src/main/java/com/cloudera/oryx/ml/MLUpdate.java","36","0","6","1","264","392","0"
"elasticsearch","3ce7b119d28e7d1be7284bd804606a65c2d1a383","core/src/test/java/org/elasticsearch/index/mapper/AllFieldMapperTests.java","36","0","6","14","410","480","1"
"BroadleafCommerce","0190a586f4251434b68ccee241c52de0d1cbc386","common/src/main/java/org/broadleafcommerce/common/file/service/BroadleafFileServiceImpl.java","36","0","6","15","255","403","0"
"elasticsearch","96f1739c0dafc067a289574296642219faca4673","core/src/test/java/org/elasticsearch/index/mapper/AllFieldMapperTests.java","36","0","6","15","418","491","0"
"elasticsearch","74a1959c3b59d9ddd4af8656dfb9b0d575bac557","core/src/main/java/org/elasticsearch/indices/recovery/RecoverySourceHandler.java","36","0","6","2","389","628","0"
"BroadleafCommerce","0a7cc17b76e1c9afb9ac21bb802f3358216aee35","admin/broadleaf-open-admin-platform/src/main/java/org/broadleafcommerce/openadmin/dto/PersistencePerspective.java","36","0","7","20","176","293","1"
"ceylon-ide-eclipse","e2be4da0ab8ded83f49127710961210d6579ba14","plugins/com.redhat.ceylon.eclipse.ui/src/com/redhat/ceylon/eclipse/ui/CeylonPlugin.java","36","0","7","22","624","769","1"
"netty","c8a941d01e85148c21cc01bae80764bc134b1fdd","codec/src/main/java/io/netty/handler/codec/ByteToMessageDecoder.java","36","0","7","4","237","427","0"
"netty","9e1e4f79c76f39c8d6efccbf8351e7d13ced8007","codec/src/main/java/io/netty/handler/codec/ByteToMessageDecoder.java","36","0","7","4","243","438","2"
"mcMMO","6518d192ec8dec02b303d2bafb2b9276c1310aec","src/main/java/com/gmail/nossr50/util/Misc.java","36","0","8","14","202","319","0"
"elasticsearch","6b23ee80404ea8cb143abd776968854e263275b9","core/src/main/java/org/elasticsearch/search/aggregations/bucket/filter/FiltersAggregationBuilder.java","36","0","8","3","240","321","2"
"elasticsearch","c8ca015c0bd28caf4fd84862679afc63a9e7d2ac","core/src/main/java/org/elasticsearch/search/aggregations/bucket/filter/FiltersAggregationBuilder.java","36","0","8","3","242","323","0"
"netty","2fefb2f79c30bcda5b43815d64174aac900e740c","codec-http2/src/main/java/io/netty/handler/codec/http2/HttpConversionUtil.java","36","0","8","3","256","457","1"
"elasticsearch","502217f035aa5495c5d834255e0de61eeeebceeb","core/src/test/java/org/elasticsearch/search/child/ChildQuerySearchIT.java","36","0","8","32","1542","1893","1"
"hazelcast","93fd800d6c6f6781ef95536bba7e2b200fe9678d","hazelcast/src/main/java/com/hazelcast/util/FutureUtil.java","36","0","9","12","296","447","0"
"ceylon-ide-eclipse","d07fc67098fbbc0bc5bdc07fb518f75042d95444","plugins/com.redhat.ceylon.eclipse.ui/src/com/redhat/ceylon/eclipse/code/complete/CeylonCompletionProcessor.java","360","0","0","11","1487","1661","1"
"orientdb","eefe33973dbf95af2f11a44f56ef4d94e9a82bf0","server/src/main/java/com/orientechnologies/orient/server/network/protocol/binary/ONetworkProtocolBinary.java","360","0","2","14","2106","2742","1"
"ceylon-ide-eclipse","64a391fbabba6b9bc6b553abfa42466e0ca9673d","plugins/com.redhat.ceylon.eclipse.ui/src/com/redhat/ceylon/eclipse/code/complete/CeylonCompletionProcessor.java","361","0","0","11","1504","1677","0"
"ceylon-ide-eclipse","c5c15a0b33245f13d9fc7d44db226c0458005f73","plugins/com.redhat.ceylon.eclipse.ui/src/com/redhat/ceylon/eclipse/code/hover/DocumentationHover.java","362","0","1","16","2203","2408","0"
"ceylon-ide-eclipse","0d0745b157f29ce58b8f530a12b39071a830069d","plugins/com.redhat.ceylon.eclipse.ui/src/com/redhat/ceylon/eclipse/code/hover/DocumentationHover.java","362","0","1","16","2204","2409","1"
"ceylon-ide-eclipse","ab2ef420bf16520f52823e22efade17af676f37a","plugins/com.redhat.ceylon.eclipse.ui/src/com/redhat/ceylon/eclipse/code/hover/DocumentationHover.java","363","0","1","16","2209","2414","0"
"orientdb","e43642ac7d51dbda02d91a16b7024d9f80c6d272","server/src/main/java/com/orientechnologies/orient/server/network/protocol/binary/ONetworkProtocolBinary.java","363","0","2","14","2123","2761","0"
"orientdb","eda978aeda4e2d46618285fcb1d73642a30164c2","server/src/main/java/com/orientechnologies/orient/server/network/protocol/binary/ONetworkProtocolBinary.java","363","0","2","15","2142","2784","2"
"MapDB","6d1561ba64e00d980ce47f20ec052a596babb0f6","src/main/java/org/mapdb/BTreeMap.java","363","0","5","41","1678","2255","1"
"ceylon-ide-eclipse","785cfd22c824a5f7da766139e0de3c6d9f7f8f8e","plugins/com.redhat.ceylon.eclipse.ui/src/com/redhat/ceylon/eclipse/code/hover/DocumentationHover.java","365","0","1","16","2073","2333","0"
"orientdb","18cd65a01da887f62ad650e02aa8a19049df9994","core/src/main/java/com/orientechnologies/orient/core/record/impl/ODocumentHelper.java","365","0","4","17","1115","1408","1"
"MapDB","baad84983e82e63239ee8dff410a97b08563cbdb","src/main/java/org/mapdb/BTreeMap.java","365","0","5","41","1680","2257","0"
"MapDB","f61cbbffd6b023b99f5d3c87c48bb57936adb823","src/main/java/org/mapdb/BTreeMap.java","365","0","6","41","1720","2299","0"
"ceylon-ide-eclipse","03cfe473bf97c2dfdbdeb9a9cc2cc2908720793a","plugins/com.redhat.ceylon.eclipse.ui/src/com/redhat/ceylon/eclipse/code/hover/DocumentationHover.java","366","0","1","16","2237","2503","0"
"orientdb","40eeb1f2dd529f467d5854913f0df623963a7038","server/src/main/java/com/orientechnologies/orient/server/network/protocol/binary/ONetworkProtocolBinary.java","366","0","2","16","2159","2770","0"
"orientdb","c3943915a7ca022d85b4aea72942208d7cf621c4","server/src/main/java/com/orientechnologies/orient/server/network/protocol/binary/ONetworkProtocolBinary.java","366","0","2","16","2166","2778","1"
"orientdb","3e8de448de3e38bf97017f99a20fd7d911a0d4a4","core/src/main/java/com/orientechnologies/orient/core/sql/executor/OSelectExecutionPlanner.java","367","0","1","2","1354","1617","0"
"orientdb","cda93b19cf4a2e4b9f7653145d5d6d0feeeedf98","core/src/main/java/com/orientechnologies/orient/core/sql/executor/OSelectExecutionPlanner.java","367","0","1","2","1356","1620","0"
"orientdb","89f1d5e9c5e85589a91537ca470851dd156b7dbf","object/src/main/java/com/orientechnologies/orient/object/enhancement/OObjectEntitySerializer.java","367","0","12","40","1122","1449","0"
"orientdb","f14ba8b2d7fb3dc15617d6d1e9b6b70047b2fbe7","object/src/main/java/com/orientechnologies/orient/object/enhancement/OObjectEntitySerializer.java","367","0","12","40","1122","1450","2"
"ceylon-ide-eclipse","5466151a690df96e90ce0d45322db392d24cc5e2","plugins/com.redhat.ceylon.eclipse.ui/src/com/redhat/ceylon/eclipse/code/hover/DocumentationHover.java","368","0","1","16","2244","2510","0"
"ceylon-ide-eclipse","e1185385f52c9db579a16f53844b6d294b3b5e4e","plugins/com.redhat.ceylon.eclipse.ui/src/com/redhat/ceylon/eclipse/code/hover/DocumentationHover.java","368","0","1","16","2248","2514","0"
"ceylon-ide-eclipse","92115e3f503443fbadaacf32f4b14d3fdb79a252","plugins/com.redhat.ceylon.eclipse.ui/src/com/redhat/ceylon/eclipse/code/hover/DocumentationHover.java","368","0","1","16","2249","2515","0"
"orientdb","3af3276e4ee24b153aa6f9d452401cf083e8e42e","object/src/main/java/com/orientechnologies/orient/object/enhancement/OObjectEntitySerializer.java","368","0","12","40","1124","1452","1"
"hazelcast","c9145735e1b77145651752c833ce474b9e542791","hazelcast/src/main/java/com/hazelcast/config/XmlConfigBuilder.java","368","0","7","1","1422","1571","0"
"orientdb","0da7271778ecbab8c8dcc44f26702210ef11ce17","core/src/main/java/com/orientechnologies/orient/core/sql/parser/OrientSql.java","3685","0","12","110","11156","12002","3"
"orientdb","29739f035814f99ee6daa898d17a63891e6089dd","core/src/main/java/com/orientechnologies/orient/core/sql/parser/OrientSql.java","3688","0","12","110","11165","12011","3"
"orientdb","a1eed89dcfdc303c846b0d6159189f720c1bade8","core/src/main/java/com/orientechnologies/common/collection/closabledictionary/OClosableLRUList.java","37","0","0","0","158","222","0"
"netty","732948b3c4be68c2f5e4b3d3f0dc595363e18abe","handler/src/main/java/io/netty/handler/ssl/SslUtils.java","37","0","0","0","165","299","0"
"elasticsearch","4fea56ceadbbd042774a89dbdf94c16a4a33df4c","core/src/main/java/org/elasticsearch/index/CompositeIndexEventListener.java","37","0","0","0","218","263","0"
"hazelcast","a15c73c3b557982d3d61b01d695917b1aaae38ab","hazelcast/src/main/java/com/hazelcast/util/scheduler/SecondsBasedEntryTaskScheduler.java","37","0","0","0","223","291","3"
"elasticsearch","fe02350e73701abb283084325daf999f580244a4","core/src/main/java/org/elasticsearch/bootstrap/Security.java","37","0","0","0","224","411","1"
"hazelcast","0feff7c98ebd740030acc7f61ae2509933f7cf8e","hazelcast/src/main/java/com/hazelcast/nio/serialization/ByteArrayObjectDataOutput.java","37","0","0","0","245","317","1"
"hazelcast","0004065723dbb3f0219d5fde78068a98bfa22c1c","hazelcast-client/src/main/java/com/hazelcast/client/spi/impl/ClusterListenerThread.java","37","0","0","0","252","280","1"
"hazelcast","5ca2eb7270cb2ae320c78e06be394586b0f1e902","hazelcast/src/main/java/com/hazelcast/map/impl/recordstore/AbstractEvictableRecordStore.java","37","0","0","0","254","351","1"
"hazelcast","adb9c3af7f236cda63c8eed889f117bc5499f84e","hazelcast/src/main/java/com/hazelcast/map/impl/recordstore/AbstractEvictableRecordStore.java","37","0","0","0","254","351","1"
"hazelcast","cd66a09812f63404b4e934e9591e45ce9472a35c","hazelcast/src/main/java/com/hazelcast/map/impl/recordstore/AbstractEvictableRecordStore.java","37","0","0","0","254","351","0"
"hazelcast","7f55789351f24779107e36dd3b141e5275b3df38","hazelcast-client/src/main/java/com/hazelcast/client/spi/impl/ClusterListenerThread.java","37","0","0","0","256","284","0"
"netty","35c01660da784a5ae12829589ad86ea15b56cedb","buffer/src/main/java/io/netty/buffer/PoolArena.java","37","0","0","0","291","371","1"
"neo4j","6d667ae4e93fbe3d455f6a889bc30b4152de2035","community/kernel/src/main/java/org/neo4j/kernel/info/SystemDiagnostics.java","37","0","0","0","307","350","1"
"elasticsearch","d96388205303fdb93607ea845501379c1dad2b0d","core/src/main/java/org/elasticsearch/index/shard/StoreRecovery.java","37","0","0","0","313","437","1"
"elasticsearch","8dcb1f5c7c1b5b55bb47e04353456382f9842206","core/src/main/java/org/elasticsearch/index/shard/StoreRecovery.java","37","0","0","0","314","441","0"
"netty","b2399c2475db14c1038432129545845785a73563","transport-native-epoll/src/main/java/io/netty/channel/epoll/AbstractEpollChannel.java","37","0","0","0","316","441","2"
"netty","32231ee2e05e2979e4c76220945b99c6712fd582","transport-native-epoll/src/main/java/io/netty/channel/epoll/AbstractEpollChannel.java","37","0","0","0","317","445","1"
"netty","b0ddfb9b65344109c55e75ced8a33af4aaea7050","buffer/src/main/java/io/netty/buffer/PoolThreadCache.java","37","0","0","0","322","452","1"
"netty","e79ca269b8bf057f0b4250a9b9e193c398104998","buffer/src/main/java/io/netty/buffer/PoolThreadCache.java","37","0","0","0","327","458","0"
"hazelcast","dad5438f479c8781d8c673cbb6a08f85e7ab9c63","hazelcast-client-new/src/main/java/com/hazelcast/client/cache/impl/AbstractClientCacheProxy.java","37","0","0","0","349","418","0"
"hazelcast","6b9e408e0fccf4fb8a745dec7ae24ec302e69fa4","hazelcast/src/main/java/com/hazelcast/spi/impl/operationservice/impl/InvocationMonitor.java","37","0","0","0","366","480","2"
"elasticsearch","abe83c4facab0c32614b8c46314a685b0c378842","core/src/main/java/org/elasticsearch/search/DefaultSearchContext.java","37","0","0","0","667","831","0"
"ceylon-ide-eclipse","5b4c3eac8a7c12c0125a77343e602b4e73083595","plugins/com.redhat.ceylon.eclipse.ui/src/com/redhat/ceylon/eclipse/code/complete/MemberNameCompletions.java","37","0","0","1","176","203","0"
"hazelcast","727cb1848c02481eee19e6d2693a7242b7c563c3","hazelcast/src/main/java/com/hazelcast/cluster/AbstractJoiner.java","37","0","0","10","253","298","0"
"elasticsearch","952feb58e41bd0220784c44136b840ea4a740e26","core/src/test/java/org/elasticsearch/index/query/MoreLikeThisQueryBuilderTests.java","37","0","0","10","306","368","2"
"elasticsearch","e14ba81ac1bf4c576f96e62fbe1c6f6024b10f5b","core/src/test/java/org/elasticsearch/index/query/MoreLikeThisQueryBuilderTests.java","37","0","0","10","312","381","2"
"ceylon-ide-eclipse","fa5f9b36d0e13258f7bbfa9802536cfa5baf9e80","plugins/com.redhat.ceylon.eclipse.ui/src/com/redhat/ceylon/eclipse/core/builder/UnitDependencyVisitor.java","37","0","0","11","214","253","0"
"hazelcast","525c34cddd7f4e08d674611e177bab103e4d1881","hazelcast/src/main/java/com/hazelcast/cluster/ClusterService.java","37","0","0","14","269","326","1"
"hazelcast","82fcc4c7c87097d1719bb56112aec0fafdb6bc0e","hazelcast/src/main/java/com/hazelcast/cluster/ClusterService.java","37","0","0","14","270","327","0"
"hazelcast","733fb0ce2546c2961d4c468423161554141d3171","hazelcast/src/main/java/com/hazelcast/cluster/ClusterService.java","37","0","0","14","271","329","1"
"hazelcast","7996c29dd2838061a8b256b6dc1e332197e1f582","hazelcast/src/main/java/com/hazelcast/cluster/ClusterService.java","37","0","0","14","273","331","0"
"elasticsearch","1e5138889ed0eff44dc6777eae7a34f4f2091bcb","src/main/java/org/elasticsearch/index/search/MultiMatchQuery.java","37","0","0","17","215","268","1"
"elasticsearch","a12a36ef095a07f430f8f606bb91cb70f091dd59","src/main/java/org/elasticsearch/index/search/MatchQuery.java","37","0","0","18","248","321","0"
"BroadleafCommerce","300afb753f1ee1d8f081ebbf9cbd93cb57c22816","core/broadleaf-framework/src/main/java/org/broadleafcommerce/core/order/dao/OrderDaoImpl.java","37","0","0","18","303","389","1"
"elasticsearch","edc09a7ac581976452ec2025940d9edfc5519940","core/src/test/java/org/elasticsearch/index/query/QueryStringQueryBuilderTests.java","37","0","0","18","361","414","3"
"elasticsearch","2539d94bc95f651971b1c23db395caa603ce4b0f","core/src/main/java/org/elasticsearch/action/termvectors/TermVectorsResponse.java","37","0","0","22","327","404","1"
"elasticsearch","78574d248cf10dad1c5a566fda79e1e0c94afe43","core/src/main/java/org/elasticsearch/action/termvectors/TermVectorsResponse.java","37","0","0","22","327","404","1"
"elasticsearch","e6aaaf11ed4a1b8f595f920de1840938eddb7a97","core/src/main/java/org/elasticsearch/action/termvectors/TermVectorsResponse.java","37","0","0","22","327","404","1"
"elasticsearch","3046055bd0f2bc3d334667b9d8cad2f6b7396cba","core/src/main/java/org/elasticsearch/action/termvectors/TermVectorsResponse.java","37","0","0","22","327","404","0"
"elasticsearch","a60b8948ba1d836a6eac7cff095519e618939ed8","core/src/main/java/org/elasticsearch/action/termvectors/TermVectorsResponse.java","37","0","0","22","327","404","0"
"hazelcast","ee2feaf9a6c87f753e3e4e6be46752d21494bda3","hazelcast/src/test/java/com/hazelcast/nio/UTFEncoderDecoderTest.java","37","0","0","22","329","445","1"
"elasticsearch","549ca3178bb6151b080a97eac6093bf8af459a99","core/src/test/java/org/elasticsearch/index/query/QueryStringQueryBuilderTests.java","37","0","0","22","480","539","1"
"hazelcast","6c0c74c7ff0e86e90293decc32fd1a7cfe98d13d","hazelcast-client/src/test/java/com/hazelcast/client/ClientNearCacheTest.java","37","0","0","24","373","482","1"
"hazelcast","bae945de85dbd9a4f3aea70a6ccdc9accd712809","hazelcast-client/src/test/java/com/hazelcast/client/ClientNearCacheTest.java","37","0","0","24","377","488","1"
"elasticsearch","977712f9773c3eecea3958a5b8ddf934207775a6","core/src/test/java/org/elasticsearch/index/mapper/RangeFieldTypeTests.java","37","0","0","3","172","208","2"
"hazelcast","2b59705f1100a4ba82666c7eb57bd19f7f8e603f","hazelcast-client/src/main/java/com/hazelcast/client/connection/nio/ClientConnection.java","37","0","0","34","376","454","1"
"hazelcast","fb7193109a7b7ad79fb0bdbded7a7283f217273b","hazelcast-client/src/main/java/com/hazelcast/client/connection/nio/ClientConnection.java","37","0","0","34","376","454","1"
"hazelcast","42e5849f7ebce11fa76d0780610fba85b1818987","hazelcast-client/src/main/java/com/hazelcast/client/connection/nio/ClientConnection.java","37","0","0","34","376","454","0"
"hazelcast","48ae1a570495ed08c84b1ded641a593e5474fb83","hazelcast-client/src/main/java/com/hazelcast/client/connection/nio/ClientConnection.java","37","0","0","34","377","455","1"
"hazelcast","490031a220076fe6cf002b209e986e2edbad57b9","hazelcast-client/src/main/java/com/hazelcast/client/connection/nio/ClientConnection.java","37","0","0","34","377","455","1"
"hazelcast","c7fd539c43b8e027a74d0f9118e9f3d48bc930d1","hazelcast-client/src/main/java/com/hazelcast/client/connection/nio/ClientConnection.java","37","0","0","34","377","455","1"
"hazelcast","8abd442f52604f881a8f707a91f3ca9688d79c0d","hazelcast-client/src/main/java/com/hazelcast/client/connection/nio/ClientConnection.java","37","0","0","34","377","455","0"
"hazelcast","468da2cf63c167b6b45e68d2f83b2a0876b4ae90","hazelcast/src/test/java/com/hazelcast/map/impl/mapstore/MapStoreWriteBehindTest.java","37","0","0","38","668","797","0"
"hazelcast","70d4de16ff0ac4518d09aad8c9f2ad9e782fb337","hazelcast/src/main/java/com/hazelcast/internal/serialization/impl/ObjectDataInputStream.java","37","0","0","39","297","358","1"
"BroadleafCommerce","15e70fe6b89d008dd88b5e98dbfc66a720db68bb","admin/broadleaf-open-admin-platform/src/main/java/org/broadleafcommerce/openadmin/dto/PersistencePackage.java","37","0","0","41","232","303","0"
"elasticsearch","13a347239a48d71486692a72c066e940dec8921b","core/src/test/java/org/elasticsearch/action/IndicesRequestIT.java","37","0","0","43","714","901","3"
"hazelcast","c26e287aa160202828b979be8c1f4a08d6161cfb","hazelcast/src/main/java/com/hazelcast/executor/impl/ExecutorServiceProxy.java","37","0","0","45","520","625","2"
"elasticsearch","41a2375c9e609395e21522ee79202645ed2a0af4","core/src/test/java/org/elasticsearch/action/IndicesRequestIT.java","37","0","0","48","723","914","0"
"elasticsearch","40f119d85a4eaa39d0a6e594e46f70de725557f0","core/src/test/java/org/elasticsearch/action/IndicesRequestIT.java","37","0","0","48","732","920","2"
"elasticsearch","aea00a62f3825e388e07007d3c8686f93c2d3f8e","core/src/test/java/org/elasticsearch/action/IndicesRequestIT.java","37","0","0","48","737","928","1"
"hazelcast","330efef1f7194aaae5093af2ed205961dacf9e36","hazelcast-client/src/test/java/com/hazelcast/client/map/impl/nearcache/ClientMapNearCacheTest.java","37","0","0","58","1018","1322","1"
"orientdb","398505d20fc07bdf1d64ea522bceeba545f53c61","src/main/java/com/orientechnologies/orient/etl/transformer/OEdgeTransformer.java","37","0","0","6","172","226","1"
"orientdb","4f67b06624a6808a12595d93ba217e18695b3af6","src/main/java/com/orientechnologies/orient/etl/transformer/OEdgeTransformer.java","37","0","0","6","173","228","0"
"hazelcast","36ca305d9eb6c519576aae53cb4110ffa2ce3857","hazelcast-client/src/test/java/com/hazelcast/client/cache/nearcache/ClientNearCacheTestSupport.java","37","0","0","6","424","580","0"
"hazelcast","397829b87d791d17704b673573e66817486256b4","hazelcast-client/src/test/java/com/hazelcast/client/cache/nearcache/ClientNearCacheTestSupport.java","37","0","0","6","442","602","1"
"hazelcast","59049c2743aa1a4ba06b5d2191c6ce9714ade094","hazelcast-code-generator/src/main/java/com/hazelcast/client/protocol/generator/CodecCodeGenerator.java","37","0","0","8","276","332","1"
"BroadleafCommerce","199d6ccb80b733f82d80f8c51a1150ff24eede2e","core/broadleaf-framework/src/main/java/org/broadleafcommerce/core/order/domain/FulfillmentGroupImpl.java","37","0","0","84","677","813","2"
"BroadleafCommerce","0c21b421c1d9c38444c820eea84cad34979e3b37","core/broadleaf-framework/src/main/java/org/broadleafcommerce/core/order/domain/FulfillmentGroupImpl.java","37","0","0","84","683","822","1"
"neo4j","ce5ba45e82642729b10716005f3fd0d3b9a5e17c","community/lucene-index/src/test/java/org/neo4j/index/impl/lucene/TestLuceneIndex.java","37","0","0","87","1618","1889","1"
"elasticsearch","726f5dccc06bf1813790b6cc39207a5e30db43a0","core/src/test/java/org/elasticsearch/index/query/MoreLikeThisQueryBuilderTests.java","37","0","0","9","284","344","0"
"elasticsearch","dc6ed7b8d4208e49e2fc34e43e8c26a74f249e87","core/src/test/java/org/elasticsearch/index/query/MoreLikeThisQueryBuilderTests.java","37","0","0","9","311","374","2"
"elasticsearch","9015062dcb1b89f3dae7157a9544c2c7ac6536db","core/src/test/java/org/elasticsearch/index/query/MoreLikeThisQueryBuilderTests.java","37","0","0","9","315","379","0"
"neo4j","13e3d20860f871d1c13c10429f2d4d31d6180c8b","community/kernel/src/test/java/org/neo4j/kernel/impl/api/store/StorageLayerRelTypesAndDegreeTest.java","37","0","0","9","529","653","1"
"neo4j","4d3b5cd40762b26828c47787e6547cc1ea90238b","community/kernel/src/test/java/org/neo4j/kernel/impl/api/store/StorageLayerRelTypesAndDegreeTest.java","37","0","0","9","531","654","0"
"BroadleafCommerce","86c7c1f49cf8d819bf62c336775b16aeea5d2070","admin/broadleaf-open-admin-platform/src/main/java/org/broadleafcommerce/openadmin/server/dao/provider/metadata/AbstractFieldMetadataProvider.java","37","0","1","1","194","236","1"
"orientdb","2933b9503bb8304e2b2fa3d291080bbdae0cb2a4","distributed/src/test/java/com/orientechnologies/orient/server/distributed/AbstractServerClusterInsertTest.java","37","0","1","1","366","489","1"
"BroadleafCommerce","95d58d6ec30a9639d80582bd44d72e9fd4d78cf6","admin/broadleaf-open-admin-platform/src/main/java/org/broadleafcommerce/openadmin/server/security/service/navigation/AdminNavigationServiceImpl.java","37","0","1","12","211","270","0"
"ceylon-ide-eclipse","673ae6e8bce3da63ac2e545d4ccf559be038292c","plugins/com.redhat.ceylon.eclipse.ui/src/com/redhat/ceylon/eclipse/code/editor/ToggleBreakpointAdapter.java","37","0","1","12","235","310","0"
"hazelcast","99bfe79bdc04b48bc39f70d12a4f6e626037cf41","hazelcast-client/src/main/java/com/hazelcast/client/nearcache/ClientHeapNearCache.java","37","0","1","12","265","323","2"
"elasticsearch","f6ebee3785f13ce170168371d0d3e8ddf3f3d219","modules/elasticsearch/src/main/java/org/elasticsearch/index/field/data/bytes/MultiValueByteFieldData.java","37","0","1","13","181","224","1"
"elasticsearch","20e968bf627b57b69a4bfd675b2f974619f8b116","src/main/java/org/elasticsearch/index/search/geo/GeoDistanceRangeFilter.java","37","0","1","13","181","236","1"
"elasticsearch","03c9eaf81279a33b756a97cbf7fa18e676dda989","src/main/java/org/elasticsearch/index/search/geo/GeoDistanceRangeFilter.java","37","0","1","13","181","239","0"
"orientdb","0eebccb7757031b5dbb801c7e1c5cd70c504dda1","core/src/main/java/com/orientechnologies/orient/core/db/OPartitionedDatabasePool.java","37","0","1","13","277","432","1"
"hazelcast","41c4478522f68e6a339b372e3cf8be512b9f251e","hazelcast/src/test/java/com/hazelcast/map/nearcache/NearCacheTest.java","37","0","1","13","408","518","1"
"elasticsearch","3338750f14e654d801d0c876947a70987a12a24e","src/main/java/org/elasticsearch/index/mapper/core/BinaryFieldMapper.java","37","0","1","14","207","262","0"
"orientdb","dc025634bd8133bb14ce499efe6078c88ed5ad7c","core/src/main/java/com/orientechnologies/orient/core/index/OIndexOneValue.java","37","0","1","14","259","320","0"
"orientdb","477208cb8dec3cc6c45b296221742f8fa64023e9","core/src/main/java/com/orientechnologies/orient/core/db/OPartitionedDatabasePool.java","37","0","1","14","280","436","0"
"elasticsearch","4b2e4becc7c4541923a87c9be879ee0ce688bf20","src/main/java/org/elasticsearch/index/mapper/object/RootObjectMapper.java","37","0","1","15","232","303","0"
"elasticsearch","3202af0dc15835f3980a3c357dbdfd14d45c129a","modules/elasticsearch/src/main/java/org/elasticsearch/client/transport/TransportClientNodesService.java","37","0","1","16","293","369","0"
"elasticsearch","5e9de0f8bc29b59befe84da5e537bb3b60fa9496","src/test/java/org/elasticsearch/index/translog/AbstractSimpleTranslogTests.java","37","0","1","16","495","619","1"
"hazelcast","d67f6bd5d188debc9ca2483d197b35c84241a8e8","hazelcast/src/main/java/com/hazelcast/internal/nearcache/impl/store/AbstractNearCacheRecordStore.java","37","0","1","17","379","492","0"
"orientdb","49a91931a74e848e49cfd09f1895a76917b25392","jdbc/src/main/java/com/orientechnologies/orient/jdbc/OrientJdbcDatabaseMetaData.java","37","0","1","177","933","1366","0"
"elasticsearch","54ccfda48417b3a7e150212808456c828a81d8e0","src/test/java/org/elasticsearch/index/translog/AbstractSimpleTranslogTests.java","37","0","1","18","540","673","1"
"elasticsearch","2c510f0689b34e71db91f14fba3f03463c379e24","src/test/java/org/elasticsearch/index/translog/AbstractSimpleTranslogTests.java","37","0","1","18","541","674","0"
"orientdb","e9506470481ca6be46db5a1c37e2c7b02fc613d7","core/src/main/java/com/orientechnologies/common/concur/lock/ONewLockManager.java","37","0","1","19","316","441","1"
"neo4j","f3a55b31e7ffe56236904e3e19875c29a444226c","enterprise/com/src/main/java/org/neo4j/com/Server.java","37","0","1","19","604","743","1"
"neo4j","1a11c303d2294b55d03cc5f4974290b5be94f2c3","enterprise/com/src/main/java/org/neo4j/com/Server.java","37","0","1","19","605","744","0"
"elasticsearch","728e0e2a2eb4cbb93b87fc22a3e84fddea2a0635","src/main/java/org/elasticsearch/search/aggregations/bucket/range/ipv4/IpRangeParser.java","37","0","1","2","147","188","0"
"BroadleafCommerce","fd115d220a261dca5689f7e743051efe5655d1d2","admin/broadleaf-open-admin-platform/src/main/java/org/broadleafcommerce/openadmin/server/service/persistence/module/criteria/CriteriaTranslatorImpl.java","37","0","1","2","176","269","0"
"elasticsearch","02c622232071d3d793d0d6030d19aad19f354d35","src/main/java/org/elasticsearch/rest/action/admin/indices/stats/RestIndicesStatsAction.java","37","0","1","2","531","621","0"
"netty","14096d85cdf1db78bbd65d65b33dcf5476c670f3","transport-native-epoll/src/main/java/io/netty/channel/epoll/EpollDatagramChannel.java","37","0","1","21","357","448","1"
"hazelcast","707932eed4859d26c9c896f844d9433f2795b290","hazelcast/src/main/java/com/hazelcast/replicatedmap/impl/ReplicatedMapService.java","37","0","1","23","309","373","0"
"hazelcast","ce13a7ad988af25a5535359aff36f931c3c0987e","hazelcast-client/src/test/java/com/hazelcast/client/ClientNearCacheTest.java","37","0","1","23","373","483","1"
"elasticsearch","16ed2fb423fd387faa513cbed991a9fcb64bc572","core/src/test/java/org/elasticsearch/index/query/functionscore/FunctionScoreQueryBuilderTests.java","37","0","1","23","664","774","2"
"hazelcast","358e12c864a51acfb36b17e7672b67707b41307c","hazelcast/src/main/java/com/hazelcast/multimap/MultiMapService.java","37","0","1","24","284","343","1"
"hazelcast","0d5f32b92330eb1b4d0a8f2e0c97d32341ec8970","hazelcast/src/main/java/com/hazelcast/multimap/MultiMapService.java","37","0","1","24","285","346","0"
"elasticsearch","a4365971a09337bf4d639bbabb2377137c576167","core/src/main/java/org/elasticsearch/index/mapper/KeywordFieldMapper.java","37","0","1","24","294","374","1"
"hazelcast","485f426abc042144ebf9fd213e724556ad967191","hazelcast/src/main/java/com/hazelcast/replicatedmap/impl/ReplicatedMapService.java","37","0","1","24","312","377","1"
"elasticsearch","6174e21f47244b6d5153d7d0cc1fe28fe863399d","core/src/test/java/org/elasticsearch/index/query/functionscore/FunctionScoreQueryBuilderTests.java","37","0","1","24","682","793","2"
"elasticsearch","6f79d67f810f406d456ef9dab8aa3b8a44b97419","src/test/java/org/elasticsearch/snapshots/DedicatedClusterSnapshotRestoreTests.java","37","0","1","25","675","851","2"
"orientdb","dee99a547331cac55a5dd4e06999bb334a4a94e7","core/src/main/java/com/orientechnologies/orient/core/db/OrientDBEmbedded.java","37","0","1","27","324","411","2"
"orientdb","77e9324530f7089267e9d1224bea91c78f5b05c1","core/src/main/java/com/orientechnologies/orient/core/db/OrientDBEmbedded.java","37","0","1","27","325","412","1"
"elasticsearch","a92300c5b5ca64ce690ea37efcba15514d8076e6","src/main/java/org/elasticsearch/index/query/BoolQueryParser.java","37","0","1","3","114","150","2"
"elasticsearch","238efe505b6a511e324073d4ecfd7c6ec675a618","src/main/java/org/elasticsearch/index/query/BoolQueryParser.java","37","0","1","3","115","151","0"
"elasticsearch","010b910333ee16f18b2a2ec81579bc2c3d9a0614","src/main/java/org/elasticsearch/index/query/FieldQueryParser.java","37","0","1","3","115","156","0"
"elasticsearch","ec04435b06dc3eab8033e27c66028348317e1e72","src/main/java/org/apache/lucene/queryParser/QueryParserSettings.java","37","0","1","34","163","227","0"
"BroadleafCommerce","f7135e6ef676ab5135dfbc7573f38ad38f86c298","admin/broadleaf-open-admin-platform/src/main/java/org/broadleafcommerce/openadmin/server/security/service/AdminSecurityServiceImpl.java","37","0","1","35","355","467","1"
"elasticsearch","d031662da34412839680af41648734a2e86a0d96","src/main/java/org/elasticsearch/cluster/metadata/IndexTemplateMetaData.java","37","0","1","37","287","377","0"
"elasticsearch","7a7de12538ba55149b391a479c96f394b0b8fa61","src/main/java/org/elasticsearch/cloud/aws/InternalAwsS3Service.java","37","0","1","4","149","202","1"
"elasticsearch","f33d103e76a84fb07aca1bc9c83768efb736c851","plugins/repository-s3/src/main/java/org/elasticsearch/cloud/aws/InternalAwsS3Service.java","37","0","1","4","149","206","1"
"elasticsearch","f8e0557be5e8177382c9d1e36bf8dffa979e5446","plugins/repository-s3/src/main/java/org/elasticsearch/cloud/aws/InternalAwsS3Service.java","37","0","1","4","156","217","0"
"elasticsearch","3c76e15aabafe866ff0f9d536783246e3416405d","core/src/main/java/org/elasticsearch/index/query/TermsQueryParser.java","37","0","1","4","168","213","1"
"BroadleafCommerce","b53ccbbeb652b1bc7c323d041668e204cffed37b","admin/broadleaf-open-admin-platform/src/main/java/org/broadleafcommerce/openadmin/server/service/persistence/module/provider/MapFieldPersistenceProvider.java","37","0","1","4","231","276","0"
"elasticsearch","7b5e6512608adcb9e32a29a2185afe7f6f412945","core/src/test/java/org/elasticsearch/indices/cluster/IndicesClusterStateServiceRandomUpdatesTests.java","37","0","1","4","298","400","0"
"elasticsearch","1f04182b8164ffb19f3805c48d67f0375262b317","core/src/main/java/org/elasticsearch/indices/store/IndicesStore.java","37","0","1","4","348","462","1"
"hazelcast","a741bd5edb9ccb73c6cebd412eb3d331d5273ef1","hazelcast/src/test/java/com/hazelcast/map/BasicMapTest.java","37","0","1","44","1323","1587","0"
"hazelcast","0eb5a90ed468b6aa285f1711a5d699c9ffb33960","hazelcast/src/test/java/com/hazelcast/map/BasicMapTest.java","37","0","1","44","1361","1633","0"
"hazelcast","6203cd23fe86a10e135927437a199c6917faca5e","hazelcast/src/main/java/com/hazelcast/internal/ascii/rest/HttpPostCommand.java","37","0","1","5","133","183","1"
"orientdb","00de5503b0514dc5600d5630d30bc49b34df2fe4","core/src/main/java/com/orientechnologies/orient/core/sql/operator/OQueryOperatorContainsValue.java","37","0","1","5","145","204","0"
"elasticsearch","dd86db3347950f7a0a897556d85ec1bb70ea344a","src/main/java/org/elasticsearch/index/search/child/ChildrenQuery.java","37","0","1","7","363","465","0"
"elasticsearch","cfc106d7213fbdfa78d2c74387586ce2c02d3842","core/src/test/java/org/elasticsearch/indices/recovery/IndexRecoveryIT.java","37","0","1","7","613","784","0"
"elasticsearch","49439a09e2c1a69da0fdf034fe9dabf1cc83bf30","modules/elasticsearch/src/main/java/org/elasticsearch/index/gateway/CommitPoints.java","37","0","1","8","156","197","0"
"MapDB","151f856bdfd4d74e464459994ceb84e1daa61aba","src/main/java/org/mapdb/Storage.java","37","0","1","8","250","384","0"
"netty","7ae40ace328e273fe5f46d4be009bbff5f94f1d9","transport/src/main/java/io/netty/channel/local/LocalChannel.java","37","0","1","8","299","391","0"
"netty","9b670d819f321bf8f58084d928ff210dce4a8b9c","transport/src/main/java/io/netty/channel/local/LocalChannel.java","37","0","1","8","302","388","1"
"elasticsearch","e1efd5f6baf8dec1c23c79b346b8a29f234a98bb","core/src/main/java/org/elasticsearch/indices/store/IndicesStore.java","37","0","1","8","348","462","1"
"elasticsearch","d84c643f5880a88d2e5c38b487123161f3e01fe0","modules/lang-expression/src/main/java/org/elasticsearch/script/expression/ExpressionScriptEngineService.java","37","0","1","9","208","271","0"
"mcMMO","103bf593f379020613e3bc63c09f153932d92bc3","src/main/java/com/gmail/nossr50/util/scoreboards/ScoreboardManager.java","37","0","10","14","282","406","0"
"mcMMO","864a760e9c39abc42bc518142da4eeaa67cf6b2a","src/main/java/com/gmail/nossr50/util/scoreboards/ScoreboardManager.java","37","0","10","14","294","419","0"
"elasticsearch","78574d248cf10dad1c5a566fda79e1e0c94afe43","core/src/main/java/org/elasticsearch/action/admin/indices/shards/IndicesShardStoresResponse.java","37","0","11","17","293","414","1"
"elasticsearch","e6aaaf11ed4a1b8f595f920de1840938eddb7a97","core/src/main/java/org/elasticsearch/action/admin/indices/shards/IndicesShardStoresResponse.java","37","0","11","17","293","414","1"
"elasticsearch","a60b8948ba1d836a6eac7cff095519e618939ed8","core/src/main/java/org/elasticsearch/action/admin/indices/shards/IndicesShardStoresResponse.java","37","0","11","17","293","414","0"
"elasticsearch","5343b87502cf82e7697133ed636f210bd31247cd","core/src/main/java/org/elasticsearch/node/Node.java","37","0","11","2","666","941","0"
"netty","a725b970928bc993de81c6b883fc0af454672d51","resolver-dns/src/main/java/io/netty/resolver/dns/DnsNameResolver.java","37","0","19","0","433","637","0"
"oryx","3e37e6e1d93a28c4cbc14584101fe0c8c9b46743","oryx-ml-oryx-serving/src/main/java/com/cloudera/oryx/ml/serving/als/model/ALSServingModel.java","37","0","2","10","384","496","0"
"hazelcast","0a00c1a6ac6c6b71c59b23615ab208abcbca6fe5","hazelcast-client/src/main/java/com/hazelcast/client/proxy/NearCachedClientMapProxy.java","37","0","2","11","521","673","1"
"hazelcast","c200a539b84aa5378c9f67fda067faf5cc70bbba","hazelcast-client/src/main/java/com/hazelcast/client/proxy/NearCachedClientMapProxy.java","37","0","2","11","521","673","1"
"hazelcast","601a67715c677e36907648eeb31b52993381146d","hazelcast-client/src/main/java/com/hazelcast/client/proxy/NearCachedClientMapProxy.java","37","0","2","11","521","673","0"
"hazelcast","09bd1799af89fd08fca90af7badcfb4587b22aa2","hazelcast/src/main/java/com/hazelcast/nio/tcp/nonblocking/NonBlockingSocketWriter.java","37","0","2","12","332","509","1"
"elasticsearch","e1efd5f6baf8dec1c23c79b346b8a29f234a98bb","core/src/main/java/org/elasticsearch/action/support/broadcast/node/TransportBroadcastByNodeAction.java","37","0","2","13","403","566","0"
"hazelcast","602047876a37ee652e66998ed446e96e7160e3ed","hazelcast/src/main/java/com/hazelcast/internal/nearcache/impl/store/AbstractNearCacheRecordStore.java","37","0","2","16","372","490","0"
"hazelcast","42dd3075109d59f1b6847b7a6165b609299cc9d3","hazelcast/src/test/java/com/hazelcast/map/nearcache/NearCacheTest.java","37","0","2","16","542","697","2"
"hazelcast","72fd9bec4e746f6b7de248a3415d7eba8f5a0f41","hazelcast/src/test/java/com/hazelcast/map/nearcache/NearCacheTest.java","37","0","2","16","542","697","1"
"hazelcast","988197ee1dbbc81426ef0034df2da425b41351e2","hazelcast/src/test/java/com/hazelcast/map/nearcache/NearCacheTest.java","37","0","2","16","542","697","1"
"hazelcast","31943085b486a773175de032e173f14bd76899a1","hazelcast/src/test/java/com/hazelcast/map/nearcache/NearCacheTest.java","37","0","2","16","542","697","0"
"hazelcast","1e84f150839a9b0982d6cad4fd0cb70b19d5952f","hazelcast/src/test/java/com/hazelcast/map/nearcache/NearCacheTest.java","37","0","2","16","546","702","1"
"elasticsearch","9a3216dfee351e3dca63d4d0c9845575f1d6ad1f","core/src/test/java/org/elasticsearch/index/query/SimpleQueryStringBuilderTests.java","37","0","2","18","366","448","2"
"elasticsearch","889db1c824d8c573835e8cbadd0c6f3ba25f8fcd","src/main/java/org/elasticsearch/gateway/GatewayService.java","37","0","2","2","219","300","1"
"BroadleafCommerce","b5a2da42350007d1598f6629547d05c6419ed0c6","common/src/main/java/org/broadleafcommerce/common/extensibility/context/merge/MergeManager.java","37","0","2","2","258","364","0"
"hazelcast","17a2e109a97cd2ddb9f172ec6e3c69bc116896eb","hazelcast/src/test/java/com/hazelcast/test/AbstractHazelcastClassRunner.java","37","0","2","2","319","403","1"
"elasticsearch","6b39aa615e4ce2c007549e85589f9a37ebef3740","src/main/java/org/elasticsearch/index/mapper/internal/TimestampFieldMapper.java","37","0","2","20","206","270","4"
"elasticsearch","589360c8b1a46c1509c7e589f06124b91cb3dbaf","src/main/java/org/elasticsearch/index/mapper/internal/TimestampFieldMapper.java","37","0","2","21","209","274","5"
"elasticsearch","63090f5d4bb77840d01e938960cf609ec0c6639e","core/src/main/java/org/elasticsearch/index/mapper/ip/IpFieldMapper.java","37","0","2","21","282","353","3"
"elasticsearch","7c104fdb399a8e8ab45e3090e2d8ff5c181b0745","core/src/main/java/org/elasticsearch/index/mapper/ip/IpFieldMapper.java","37","0","2","21","284","355","1"
"elasticsearch","9e4064a9baf2ae6856cac46be48d961390f589e1","src/main/java/org/elasticsearch/index/mapper/ip/IpFieldMapper.java","37","0","2","23","293","365","1"
"hazelcast","27d49efcee88ee428254cf38353e8698ea127c45","hazelcast/src/main/java/com/hazelcast/client/impl/ClientEngineImpl.java","37","0","2","30","425","528","1"
"elasticsearch","69f864156829d5cf844ccd8c72fe5041f4fcf27b","core/src/test/java/org/elasticsearch/index/query/QueryStringQueryBuilderTests.java","37","0","2","32","830","965","2"
"antlr4","99f818b5299e20d93de320d26fc844ca3917ea3f","tool/src/org/antlr/v4/gui/TreeViewer.java","37","0","2","36","569","767","0"
"elasticsearch","029b13cf68691b361f50622b7d948dfdd12f4461","src/main/java/org/elasticsearch/index/query/QueryParseContext.java","37","0","2","38","267","358","0"
"antlr4","f14cce653904adad2e3e551b17eafc1830418370","antlr4-maven-plugin/src/main/java/org/antlr/mojo/antlr4/Antlr4Mojo.java","37","0","2","4","265","507","0"
"elasticsearch","1f04182b8164ffb19f3805c48d67f0375262b317","core/src/main/java/org/elasticsearch/action/support/broadcast/node/TransportBroadcastByNodeAction.java","37","0","2","4","403","566","0"
"elasticsearch","3de8cbb54c091d2f39722cc45827510328824e2c","core/src/main/java/org/elasticsearch/action/support/broadcast/node/TransportBroadcastByNodeAction.java","37","0","2","4","403","566","0"
"elasticsearch","f208aaa47c277d323d52b79241cfb8eef64b5e90","core/src/main/java/org/elasticsearch/action/support/broadcast/node/TransportBroadcastByNodeAction.java","37","0","2","4","403","566","1"
"orientdb","9fa8bca3ace62c8a141db035ee55c9d0c3ef61c4","core/src/main/java/com/orientechnologies/orient/core/sql/OCommandExecutorSQLAlterClass.java","37","0","2","5","134","196","0"
"orientdb","aa1dc8cd7bc9b5679d409be91e0a5f86e8e0fa38","graphdb/src/main/java/com/orientechnologies/orient/graph/sql/OCommandExecutorSQLCreateEdge.java","37","0","2","5","169","247","1"
"elasticsearch","5380322947552f8b73cd8eab3e645b001abd8ba1","core/src/main/java/org/elasticsearch/indices/recovery/RecoveryTarget.java","37","0","2","7","391","505","0"
"BroadleafCommerce","6f15b2e4f1aed76e0e00e3caa0dd2c973755adae","core/broadleaf-framework/src/main/java/org/broadleafcommerce/core/order/domain/FulfillmentGroupImpl.java","37","0","2","82","680","825","1"
"elasticsearch","5a64f08f048461a63a0ca1354a5050c954e63d52","core/src/main/java/org/elasticsearch/common/settings/AbstractScopedSettings.java","37","0","21","1","223","392","0"
"elasticsearch","59e4e586838b9267ccb733ac7fa44db97319cfe3","src/main/java/org/elasticsearch/search/highlight/HighlightBuilder.java","37","0","24","13","286","484","1"
"elasticsearch","e7b9e65fc3b06e784008a4dd14a8ba305ac30374","core/src/test/java/org/elasticsearch/gateway/PrimaryShardAllocatorTests.java","37","0","24","3","539","720","2"
"netty","268111208007b1336dc1bbdcb0b9c15427e14e1f","handler/src/main/java/io/netty/handler/traffic/TrafficCounter.java","37","0","25","1","288","629","0"
"elasticsearch","01ca81e2a37c9cd38c6dc44ae567d427c059dbe0","src/main/java/org/elasticsearch/index/snapshots/blobstore/BlobStoreIndexShardSnapshot.java","37","0","28","1","288","510","0"
"MapDB","a86151e6a26c06b7c00ec9d42a181cf0506b3eb3","src/test/java/org/mapdb/StoreDirectTest.java","37","0","3","19","413","753","2"
"MapDB","0ddada1d67318d1e9f1909def232521f06359891","src/test/java/org/mapdb/StoreDirectTest.java","37","0","3","19","450","787","1"
"hazelcast","20f7aacbad221b16f101290c65ee40f2acfbbcfa","hazelcast/src/test/java/com/hazelcast/map/query/QueryAdvancedTest.java","37","0","3","20","605","715","0"
"netty","c3891a3df44a97570a3072aa4cd62d61fbe73d34","transport/src/main/java/io/netty/channel/group/DefaultChannelGroup.java","37","0","3","26","269","349","0"
"netty","ceaebd37edc2a2ee388d41b997c37e51f4d60d34","transport/src/main/java/io/netty/channel/group/DefaultChannelGroup.java","37","0","3","28","279","362","0"
"hazelcast","7ef9f661a9e33fd4b6705e656c560c4ca3bd4917","hazelcast/src/main/java/com/hazelcast/spi/impl/operationservice/impl/InvocationMonitor.java","37","0","3","5","374","508","0"
"elasticsearch","7e3ccf2ee32cef80715b3d47cb30e06426e3002c","core/src/main/java/org/elasticsearch/search/aggregations/bucket/terms/GlobalOrdinalsStringTermsAggregator.java","37","0","3","6","374","482","0"
"elasticsearch","1a47226d9af373e4627cd360ad8a8a7b93ea7882","core/src/main/java/org/elasticsearch/search/aggregations/bucket/terms/GlobalOrdinalsStringTermsAggregator.java","37","0","3","6","375","483","1"
"elasticsearch","03ad168b241c8ee05169a34a5a2e761f647e687d","src/main/java/org/elasticsearch/common/io/FileSystemUtils.java","37","0","3","8","178","235","2"
"elasticsearch","ff697c9ac2b188809b5eb74102e70246c21365c0","core/src/main/java/org/elasticsearch/index/query/MatchQueryBuilder.java","37","0","31","2","303","468","1"
"elasticsearch","89de3ab6272fe3a9e377993ae32851cffb39ca7e","src/main/java/org/elasticsearch/action/index/IndexRequest.java","37","0","34","20","390","643","2"
"Android-Universal-Image-Loader","dcb5e7982e71f76bf5aac5830e18c713839ff478","library/src/com/nostra13/universalimageloader/utils/ImageSizeUtils.java","37","0","4","0","100","203","1"
"netty","44142efe55bb01c5bff3953a8b2d6aee9b76c6d0","transport/src/main/java/io/netty/channel/socket/oio/OioSctpChannel.java","37","0","4","11","313","400","0"
"hazelcast","86b064ba3f1e467e74e95d6da24b03122065ce36","hazelcast/src/main/java/com/hazelcast/internal/networking/nonblocking/NonBlockingIOThread.java","37","0","4","14","330","470","2"
"elasticsearch","d2507c4ac0477f28b441f83eeac07786fb8f42b4","core/src/main/java/org/elasticsearch/index/IndexService.java","37","0","4","21","385","503","1"
"orientdb","0b098ecbb27731eae0d6bc55a5750b000a6b9777","core/src/main/java/com/orientechnologies/orient/core/sql/parser/OBinaryCondition.java","37","0","4","24","193","262","0"
"MapDB","d3819a5afe95f8a7a17b8b0a69292192550617b8","src/main/java/org/mapdb/Queues.java","37","0","4","36","340","464","1"
"hazelcast","f4c33973f2e5f804f6743683b11c8a43922bfc7e","hazelcast/src/main/java/com/hazelcast/instance/HazelcastInstanceFactory.java","37","0","4","6","262","356","1"
"hazelcast","e1b69c53ca4923affcd7722f012a80e32517e988","hazelcast/src/main/java/com/hazelcast/instance/HazelcastInstanceFactory.java","37","0","4","7","262","356","0"
"BroadleafCommerce","cfa870974f7d4fa0beac1567f10ac97918e6c985","common/src/main/java/org/broadleafcommerce/common/config/RuntimeEnvironmentPropertiesConfigurer.java","37","0","5","6","244","376","0"
"hazelcast","7f7e750832d9fdaf7fb046b17c043754b8ae3eea","hazelcast/src/test/java/com/hazelcast/core/HazelcastTest.java","37","0","5","74","1247","1408","0"
"hazelcast","60ee6ddac16452eeb9c4b3678eb6c5cd9daeafd0","hazelcast/src/test/java/com/hazelcast/core/HazelcastTest.java","37","0","5","75","1263","1425","0"
"titan","63cd447da2fac871c2528fcec575e19b10e7330b","src/main/java/com/thinkaurelius/faunus/FaunusPipeline.java","37","0","51","3","667","1140","1"
"oryx","ed5ee2a4983b0f059e9027b6459240d4e3f06136","framework/oryx-ml/src/main/java/com/cloudera/oryx/ml/MLUpdate.java","37","0","6","1","267","395","0"
"oryx","3b0fc229b3818b52dda4b6b863f9bca5dcfc4d86","framework/oryx-ml/src/main/java/com/cloudera/oryx/ml/MLUpdate.java","37","0","6","1","292","418","0"
"elasticsearch","371c73e14023917f3892090d2d3d7ff9ac1216b9","core/src/main/java/org/elasticsearch/index/query/GeohashCellQuery.java","37","0","6","16","272","389","3"
"elasticsearch","78574d248cf10dad1c5a566fda79e1e0c94afe43","core/src/main/java/org/elasticsearch/index/query/GeohashCellQuery.java","37","0","6","16","272","389","2"
"elasticsearch","e6aaaf11ed4a1b8f595f920de1840938eddb7a97","core/src/main/java/org/elasticsearch/index/query/GeohashCellQuery.java","37","0","6","16","272","389","2"
"elasticsearch","a60b8948ba1d836a6eac7cff095519e618939ed8","core/src/main/java/org/elasticsearch/index/query/GeohashCellQuery.java","37","0","6","16","272","389","0"
"hazelcast","6aa478bb5620a41415f1e93043cca925c0c56043","hazelcast/src/main/java/com/hazelcast/cache/impl/AbstractCacheService.java","37","0","6","25","280","349","0"
"hazelcast","2b274e6521ea45ba3f56fc50cbbe51d807794e3c","hazelcast/src/main/java/com/hazelcast/cache/impl/AbstractCacheService.java","37","0","6","26","285","354","0"
"elasticsearch","3e9daa10401e1935218616d1d04db405d69294e0","core/src/main/java/org/elasticsearch/common/network/NetworkService.java","37","0","6","3","151","222","0"
"hazelcast","641c74275a2a7532249386d5e368a6ce182f4742","hazelcast/src/test/java/com/hazelcast/core/HazelcastTest.java","37","0","6","75","1277","1442","0"
"hazelcast","b160352ca4a1035afbf9def0c927ec2570b95466","hazelcast/src/main/java/com/hazelcast/spi/impl/operationservice/impl/InvocationRegistry.java","37","0","6","8","251","362","0"
"elasticsearch","9333a3c28a147164ec66680a384d2dd05d9a05b7","src/main/java/org/elasticsearch/search/aggregations/support/FieldDataSource.java","37","0","6","82","631","814","0"
"elasticsearch","56f4fcb5df4067a17fdc0c5d61b342825c8a445f","src/main/java/org/elasticsearch/search/aggregations/support/FieldDataSource.java","37","0","6","82","634","818","1"
"BroadleafCommerce","e0505c55160d3a2fe31f55b0103dae63fd5db7dd","common/src/main/java/org/broadleafcommerce/common/file/service/BroadleafFileServiceImpl.java","37","0","7","17","281","427","0"
"BroadleafCommerce","37e05784300af08ae8d046be448d763d1b15e681","common/src/main/java/org/broadleafcommerce/common/file/service/BroadleafFileServiceImpl.java","37","0","7","17","305","457","0"
"hazelcast","bfa50b94f7d17d96907faaedf3e4811680937685","hazelcast/src/main/java/com/hazelcast/internal/partition/impl/PartitionReplicaManager.java","37","0","7","9","312","459","0"
"elasticsearch","3aed047bdedde1bda189cbfc2f81e65af42e57c5","core/src/main/java/org/elasticsearch/script/Script.java","37","0","8","10","200","291","0"
"elasticsearch","6174e21f47244b6d5153d7d0cc1fe28fe863399d","core/src/main/java/org/elasticsearch/script/Script.java","37","0","8","10","201","292","1"
"mcMMO","26174d88f4d2786b22e520c318d01439ee271f1e","src/main/java/com/gmail/nossr50/util/Misc.java","37","0","8","15","209","328","1"
"BroadleafCommerce","04d34ab321aea7ab477af8ab17dc7a26c6442454","core/broadleaf-profile-web/src/main/java/org/broadleafcommerce/profile/web/core/security/CustomerStateRequestProcessor.java","37","0","8","2","184","365","2"
"elasticsearch","cb0824e957dcb7a20e8450f97283874eb61b9abe","core/src/main/java/org/elasticsearch/gateway/AsyncShardFetch.java","37","0","8","3","269","405","0"
"elasticsearch","4a578e9c710a5bf7d7f328440d5d2d54f48ba11f","core/src/main/java/org/elasticsearch/gateway/AsyncShardFetch.java","37","0","8","3","271","407","1"
"elasticsearch","8329bf145aaa2ba1f610aea8586ded7f950f0169","core/src/test/java/org/elasticsearch/search/child/ChildQuerySearchIT.java","37","0","8","34","1607","1965","0"
"elasticsearch","da554fc30c1d4f452f47f6537fad805559c1fa13","core/src/main/java/org/elasticsearch/common/lucene/search/MultiPhrasePrefixQuery.java","37","0","8","5","194","285","0"
"hazelcast","73b2d7ece0ff4e8316dcb8cd984ac85822cea9da","hazelcast/src/test/java/com/hazelcast/core/HazelcastTest.java","37","0","8","75","1302","1473","0"
"elasticsearch","f97ff704cfba4d6374a1656bbd292c83c3c342d5","src/main/java/org/elasticsearch/common/lucene/search/MultiPhrasePrefixQuery.java","37","0","9","5","196","292","0"
"elasticsearch","2a4b7a7fe3438673fab72b41481ee53b77904e2f","core/src/main/java/org/elasticsearch/common/lucene/search/MultiPhrasePrefixQuery.java","37","0","9","5","205","302","2"
"hazelcast","f1e667193683689ef8ded2eb6016dc314680d5f2","hazelcast/src/test/java/com/hazelcast/core/HazelcastTest.java","37","0","9","75","1326","1503","0"
"orientdb","709ff7150457c484fe2d9120971077ebd5439fa3","core/src/main/java/com/orientechnologies/orient/core/sql/parser/OrientSql.java","3708","0","12","110","11234","12084","2"
"orientdb","1ad371443ae2c4951beed3f7a7745a86e000e976","server/src/main/java/com/orientechnologies/orient/server/network/protocol/binary/ONetworkProtocolBinary.java","371","0","2","15","2155","2799","0"
"ceylon-ide-eclipse","005084853f384f82e0b63fbef7fdd5e1effcefea","plugins/com.redhat.ceylon.eclipse.ui/src/com/redhat/ceylon/eclipse/code/hover/DocumentationHover.java","372","0","1","16","2247","2453","2"
"ceylon-ide-eclipse","230dcec37b7216d11679e8588b576d86e77b1f9f","plugins/com.redhat.ceylon.eclipse.ui/src/com/redhat/ceylon/eclipse/code/hover/DocumentationHover.java","372","0","1","16","2247","2455","1"
"orientdb","b2d2a8092faec38eb3a9f2a2d60f1ffeb2b9b6a9","core/src/main/java/com/orientechnologies/orient/core/db/document/ODatabaseDocumentTx.java","372","0","83","85","2097","3085","1"
"ceylon-ide-eclipse","466321986943bbf8a265848e13f004b069b68a5a","plugins/com.redhat.ceylon.eclipse.ui/src/com/redhat/ceylon/eclipse/code/hover/DocumentationHover.java","373","0","1","16","2253","2463","0"
"orientdb","2767a54ee6308493e6a69b4b2951d8d2252bfd6b","server/src/main/java/com/orientechnologies/orient/server/network/protocol/binary/ONetworkProtocolBinary.java","373","0","2","15","2152","2797","0"
"orientdb","c4e02aa9721b907b7f9d37c46bb79ad595d65647","core/src/main/java/com/orientechnologies/orient/core/db/document/ODatabaseDocumentTx.java","373","0","83","85","2101","3091","0"
"ceylon-ide-eclipse","242ce3a47f7b32733240d3b09672c9075b82fff7","plugins/com.redhat.ceylon.eclipse.ui/src/com/redhat/ceylon/eclipse/code/hover/DocumentationHover.java","374","0","1","16","2255","2465","0"
"orientdb","f9609a5f1d133559ab8ca8943b2674ce3cab806d","server/src/main/java/com/orientechnologies/orient/server/network/protocol/binary/ONetworkProtocolBinary.java","374","0","2","15","2158","2802","0"
"orientdb","ccba2dfa72386253046d84b3ad94e17fff54319e","core/src/main/java/com/orientechnologies/orient/core/sql/parser/OrientSql.java","3760","0","12","110","11373","12236","4"
"orientdb","a85db553566ed76fbf5485967ecba91c11825df1","core/src/main/java/com/orientechnologies/orient/core/sql/parser/OrientSql.java","3764","0","12","110","11385","12248","3"
"hazelcast","eb54c0ab1714bf49b8495896a91bbc256bfb5533","hazelcast/src/main/java/com/hazelcast/impl/CMap.java","377","0","1","64","1648","1894","0"
"hazelcast","9a88bb0f382ac91970bc9c96c93111a85cc98bf3","hazelcast/src/main/java/com/hazelcast/impl/CMap.java","377","0","1","64","1654","1899","1"
"hazelcast","a920a448a5cf2f09e85b779649744870a6e624e8","hazelcast/src/main/java/com/hazelcast/impl/CMap.java","378","0","1","64","1653","1898","1"
"ceylon-ide-eclipse","8ac72e61b5d1d52fe7c350f205f667a031f6ac2c","plugins/com.redhat.ceylon.eclipse.ui/src/com/redhat/ceylon/eclipse/code/hover/DocumentationHover.java","379","0","1","16","2252","2569","0"
"hazelcast","9ca61a7f33b7f9ba97d4091f5a051d8611b7d4c8","hazelcast/src/main/java/com/hazelcast/impl/CMap.java","379","0","1","66","1662","1917","0"
"ceylon-ide-eclipse","4433bfc37315967247e145d5462030e29d6d054b","plugins/com.redhat.ceylon.eclipse.ui/src/com/redhat/ceylon/eclipse/core/builder/CompileErrorReporter.java","38","0","0","0","192","212","1"
"Android-Universal-Image-Loader","127b373e4be0588e1c7c750102c5ce04df649740","UniversalImageLoader/src/com/nostra13/universalimageloader/core/LoadAndDisplayImageTask.java","38","0","0","0","229","285","0"
"elasticsearch","c9964d17bf7db7e07e37acbb651d8b54fe644d44","core/src/main/java/org/elasticsearch/bootstrap/Security.java","38","0","0","0","235","427","0"
"netty","220d95fe0d396821f08329fffd96edc1b47c37c1","src/main/java/org/jboss/netty/channel/socket/nio/NioServerSocketPipelineSink.java","38","0","0","0","236","299","0"
"netty","31b319a5dc531d8c02c400d312ab9e85e90e614b","src/main/java/org/jboss/netty/channel/socket/nio/NioServerSocketPipelineSink.java","38","0","0","0","238","301","1"
"hazelcast","cd3feee000a902c92572be92c3f16c710b10cd4e","hazelcast/src/main/java/com/hazelcast/map/AbstractEvictableRecordStore.java","38","0","0","0","247","367","2"
"hazelcast","12eaf0ee52cbf3603e5d0e9a0a552d69a25815eb","hazelcast-client/src/main/java/com/hazelcast/client/spi/impl/ClusterListenerThread.java","38","0","0","0","254","283","2"
"hazelcast","081543dbbb5e57f062566da43cf995b6cf15218f","hazelcast-client/src/main/java/com/hazelcast/client/spi/impl/ClusterListenerThread.java","38","0","0","0","259","288","2"
"netty","fd813f76fa41f315187bf194f74cbc39f7dc9f4f","codec-http/src/main/java/io/netty/handler/codec/spdy/SpdySession.java","38","0","0","0","271","351","0"
"neo4j","7377211c6d970bf4f9ee215e88782b5e26d1ec32","community/kernel/src/main/java/org/neo4j/kernel/info/SystemDiagnostics.java","38","0","0","0","314","358","0"
"netty","8dbf5d02e53a72c42467b8dc0a5e1482d5f49af4","transport-native-epoll/src/main/java/io/netty/channel/epoll/AbstractEpollChannel.java","38","0","0","0","315","447","0"
"hazelcast","2ce318d98ce012defc372be07118c9e4b30457c8","hazelcast-client-new/src/main/java/com/hazelcast/client/cache/impl/AbstractClientCacheProxy.java","38","0","0","0","343","410","1"
"hazelcast","23f1d9d53622d23a2234bef66fe1bcd67dd21f3a","hazelcast-client-new/src/main/java/com/hazelcast/client/cache/impl/AbstractClientCacheProxy.java","38","0","0","0","353","422","1"
"hazelcast","75ffdd2a41af1cc87480813759a974d5509ed91f","hazelcast-client-new/src/main/java/com/hazelcast/client/cache/impl/AbstractClientCacheProxy.java","38","0","0","0","353","422","2"
"hazelcast","d6640a534f7253ee73158f561ae7a2613c189d4d","hazelcast-client-new/src/main/java/com/hazelcast/client/cache/impl/AbstractClientCacheProxy.java","38","0","0","0","353","422","0"
"hazelcast","47272dcf84997e899c65c6de1b3164f849b6ece3","hazelcast/src/main/java/com/hazelcast/map/impl/MapServiceContextImpl.java","38","0","0","0","430","525","1"
"hazelcast","efe2b596a2451843c28c0fce31d9c5b804aaeaa3","hazelcast/src/main/java/com/hazelcast/map/impl/MapServiceContextImpl.java","38","0","0","0","433","529","1"
"hazelcast","0ca453ca3fe29b4130151c5df265e9e2a9ae8ab7","hazelcast/src/main/java/com/hazelcast/map/impl/MapServiceContextImpl.java","38","0","0","0","434","529","0"
"hazelcast","145990d6d9ab612af67b4e603815ca23ad518d03","hazelcast/src/main/java/com/hazelcast/map/impl/MapServiceContextImpl.java","38","0","0","0","434","529","0"
"hazelcast","88e00fc5922e66d115f3befff0b7fa568a0321db","hazelcast/src/main/java/com/hazelcast/map/impl/MapServiceContextImpl.java","38","0","0","0","434","529","1"
"hazelcast","0f0ade6c45384284ab6b222ddf9c2df333fd693c","hazelcast/src/main/java/com/hazelcast/map/impl/MapServiceContextImpl.java","38","0","0","0","439","536","0"
"hazelcast","3c5f442e9cf8a73a13ea74b8a994f507ae2d2add","hazelcast/src/main/java/com/hazelcast/map/impl/MapServiceContextImpl.java","38","0","0","0","439","536","0"
"hazelcast","485805a9cdfcc64f2b85f18f1b0e49e623af5f92","hazelcast/src/main/java/com/hazelcast/map/impl/MapServiceContextImpl.java","38","0","0","0","439","536","0"
"hazelcast","1c090ad87906d51892a32c2aa0a32d34002298ec","hazelcast/src/main/java/com/hazelcast/map/impl/MapServiceContextImpl.java","38","0","0","0","439","536","1"
"elasticsearch","64d11b883170393b05316d9a4db9261fd30ae2b8","core/src/main/java/org/elasticsearch/transport/RemoteClusterConnection.java","38","0","0","0","444","708","0"
"ceylon-ide-eclipse","65c4e729050764a2a48fa921d809ad9324757eb0","plugins/com.redhat.ceylon.eclipse.ui/src/com/redhat/ceylon/eclipse/code/hover/AnnotationInformationControl.java","38","0","0","0","527","624","1"
"ceylon-ide-eclipse","86f26fa537e183c4a48c2adbef4b49cf726e931d","plugins/com.redhat.ceylon.eclipse.ui/src/com/redhat/ceylon/eclipse/code/complete/PackageCompletions.java","38","0","0","1","378","433","1"
"ceylon-ide-eclipse","c5c15a0b33245f13d9fc7d44db226c0458005f73","plugins/com.redhat.ceylon.eclipse.ui/src/com/redhat/ceylon/eclipse/code/complete/PackageCompletions.java","38","0","0","1","386","443","0"
"ceylon-ide-eclipse","0d38532ee118e04d37ee7d71c9199357b9afe3e5","plugins/com.redhat.ceylon.eclipse.ui/src/com/redhat/ceylon/eclipse/code/complete/PackageCompletions.java","38","0","0","16","404","462","2"
"ceylon-ide-eclipse","89519750f096617996b145fcd5934d0406bac2c0","plugins/com.redhat.ceylon.eclipse.ui/src/com/redhat/ceylon/eclipse/code/complete/PackageCompletions.java","38","0","0","16","405","463","0"
"elasticsearch","dab4596b13a33a5142018b6fa4d21fa86390c5b9","src/main/java/org/elasticsearch/index/search/MultiMatchQuery.java","38","0","0","17","215","268","0"
"elasticsearch","0b1a7fc2b84854b5e4e6eef9833eb3000d286d58","core/src/main/java/org/elasticsearch/index/search/MultiMatchQuery.java","38","0","0","17","219","273","1"
"elasticsearch","3b27dce94f579c3d1c3793c080d942e530d920ac","core/src/main/java/org/elasticsearch/index/search/MultiMatchQuery.java","38","0","0","17","220","290","0"
"elasticsearch","7745c64a625f8d411d0dcd0f808f38043af8d819","core/src/main/java/org/elasticsearch/index/search/MultiMatchQuery.java","38","0","0","17","220","290","0"
"elasticsearch","ff697c9ac2b188809b5eb74102e70246c21365c0","core/src/main/java/org/elasticsearch/index/search/MultiMatchQuery.java","38","0","0","17","220","290","1"
"ceylon-ide-eclipse","d07fc67098fbbc0bc5bdc07fb518f75042d95444","plugins/com.redhat.ceylon.eclipse.ui/src/com/redhat/ceylon/eclipse/code/refactor/ExtractParameterRefactoring.java","38","0","0","18","324","365","1"
"neo4j","da9f82618993077074bdc2c6c75706cbfd9b4acb","community/kernel/src/test/java/org/neo4j/kernel/impl/event/TestTransactionEvents.java","38","0","0","19","1070","1259","1"
"netty","452fd3624081553ed0d2b9b6f59c21789a274f69","handler/src/test/java/io/netty/handler/ssl/SslHandlerTest.java","38","0","0","19","686","825","0"
"elasticsearch","94087b3274c1f4c98c100886e4ad9aefd32c4582","core/src/main/java/org/elasticsearch/action/search/TransportSearchAction.java","38","0","0","2","286","383","0"
"hazelcast","ed777f64e4d046bb45ae4ee062b463e33526e3ad","hazelcast/src/main/java/com/hazelcast/transaction/impl/TransactionManagerServiceImpl.java","38","0","0","21","367","432","1"
"elasticsearch","faee825fea6245b7ffda4715e1676b62f1f73da0","core/src/main/java/org/elasticsearch/common/xcontent/support/AbstractXContentParser.java","38","0","0","27","302","400","2"
"hazelcast","e5cc462c1684fa9b06b8a13d7fb5bd4cac539949","hazelcast/src/main/java/com/hazelcast/multimap/impl/MultiMapService.java","38","0","0","28","311","370","1"
"hazelcast","70d4de16ff0ac4518d09aad8c9f2ad9e782fb337","hazelcast/src/main/java/com/hazelcast/multimap/impl/MultiMapService.java","38","0","0","28","326","387","1"
"hazelcast","70d4de16ff0ac4518d09aad8c9f2ad9e782fb337","hazelcast/src/main/java/com/hazelcast/internal/serialization/impl/ObjectDataOutputStream.java","38","0","0","31","229","283","1"
"hazelcast","d568e4d926d925d57d4e79e34614390416749301","hazelcast/src/main/java/com/hazelcast/internal/serialization/impl/ObjectDataOutputStream.java","38","0","0","32","234","290","0"
"hazelcast","23c8fa6ea06ea514d0009b6cb37f8af245bef892","hazelcast/src/main/java/com/hazelcast/cache/impl/AbstractCacheService.java","38","0","0","32","298","359","0"
"hazelcast","0e9329ffb97224ae57b509d4ecfce62647b62bf8","hazelcast/src/main/java/com/hazelcast/cache/impl/AbstractCacheService.java","38","0","0","32","303","364","2"
"hazelcast","244e81cbedfc4fbc6f4ccc79ef1f0d969c942128","hazelcast/src/test/java/com/hazelcast/map/impl/mapstore/MapStoreWriteBehindTest.java","38","0","0","38","684","815","0"
"elasticsearch","68deda6d0300eebbf5a3b3ee0db5593efbee6bfe","core/src/main/java/org/elasticsearch/search/fetch/subphase/highlight/FastVectorHighlighter.java","38","0","0","4","201","259","0"
"elasticsearch","48bfb142b97bc32542f73bece4bf19bce57554c8","core/src/main/java/org/elasticsearch/indices/store/IndicesStore.java","38","0","0","4","340","437","1"
"elasticsearch","1e7c42447999421ea789d51279496017d34b15d0","core/src/main/java/org/elasticsearch/indices/store/IndicesStore.java","38","0","0","4","341","438","0"
"netty","caa15050204c9757f2a3e34511cf1d9d8447cd9c","example/src/main/java/io/netty/example/http/upload/HttpUploadServerHandler.java","38","0","0","4","341","449","0"
"hazelcast","4597f58340450f2413ae9856e410e1cbaf7283af","hazelcast/src/test/java/com/hazelcast/test/HazelcastTestSupport.java","38","0","0","42","339","415","1"
"hazelcast","b1d50054ab3d722fbaad2846ebb94fb52b4b1f42","hazelcast/src/test/java/com/hazelcast/test/HazelcastTestSupport.java","38","0","0","43","341","418","3"
"MapDB","c26b48839e09df5b4643b829e9e2ba7db8c0fefc","src/test/java/org/mapdb/SerializerBaseTest.java","38","0","0","49","380","479","0"
"hazelcast","db0fda1438546ac7bd661383ce9bd5fe06e78940","hazelcast/src/main/java/com/hazelcast/query/impl/ReflectionHelper.java","38","0","0","5","178","221","0"
"elasticsearch","0b1a7fc2b84854b5e4e6eef9833eb3000d286d58","core/src/test/java/org/elasticsearch/index/query/MatchQueryBuilderTests.java","38","0","0","5","268","334","3"
"MapDB","6ebc2e388d863c7bab7df725bca6b4ebeab50c94","src/test/java/org/mapdb/SerializerBaseTest.java","38","0","0","51","419","521","0"
"orientdb","a2eaf6636bb600c7e6d311b0bb7d112bbaafb4a0","etl/src/main/java/com/orientechnologies/orient/etl/transformer/OETLEdgeTransformer.java","38","0","0","6","173","227","0"
"ceylon-ide-eclipse","d90d21e6a9dd04995b217f041061c3f1ec1c864f","plugins/com.redhat.ceylon.test.eclipse.plugin/src/com/redhat/ceylon/test/eclipse/plugin/ui/TestRunViewPart.java","38","0","0","6","406","484","1"
"hazelcast","9d2eb04228da9c121161435410d90125a1ab597a","hazelcast-client/src/test/java/com/hazelcast/client/map/impl/nearcache/ClientMapNearCacheTest.java","38","0","0","61","1043","1367","1"
"hazelcast","2de8ac0961c648eaa187375fb9abd0fc3e429f1b","hazelcast-client/src/test/java/com/hazelcast/client/map/impl/nearcache/ClientMapNearCacheTest.java","38","0","0","63","1055","1382","0"
"hazelcast","36fd2c9d4fed7cdeadcc1b0d851f09f617fa30b4","hazelcast/src/main/java/com/hazelcast/instance/HazelcastInstanceFactory.java","38","0","0","7","231","285","2"
"hazelcast","ea194946da8af29562618d768302111626a4db72","hazelcast/src/main/java/com/hazelcast/instance/HazelcastInstanceFactory.java","38","0","0","7","237","290","1"
"hazelcast","2b1e6cd0c82f253850b9804749e25af7733ab916","hazelcast/src/main/java/com/hazelcast/instance/HazelcastInstanceFactory.java","38","0","0","7","249","307","0"
"hazelcast","360fe358d1ae784e6e5f188eba2e4c1426b97553","hazelcast/src/main/java/com/hazelcast/instance/HazelcastInstanceFactory.java","38","0","0","7","252","310","1"
"hazelcast","367b0dbadc9016a1329590b59db6cc04ccef657b","hazelcast/src/main/java/com/hazelcast/instance/HazelcastInstanceFactory.java","38","0","0","7","252","310","2"
"hazelcast","9089cac78c299b071c537905b57d9a709e2a62ea","hazelcast/src/main/java/com/hazelcast/instance/HazelcastInstanceFactory.java","38","0","0","7","252","310","2"
"hazelcast","d00de529f19935c194d55ec66d0631d5fa486062","hazelcast/src/main/java/com/hazelcast/instance/HazelcastInstanceFactory.java","38","0","0","7","252","310","0"
"hazelcast","f9a306c6434b4444072c98747befa5b4e1ab372e","hazelcast/src/main/java/com/hazelcast/cluster/AbstractJoiner.java","38","0","0","8","236","275","1"
"hazelcast","a6b0292ab66263a5670b3edc0c1665ab6ac943c9","hazelcast-code-generator/src/main/java/com/hazelcast/client/protocol/generator/CodecCodeGenerator.java","38","0","0","8","277","333","0"
"ceylon-ide-eclipse","42985b89d24a9dd8a9c663201ce79247b1ea76f3","plugins/com.redhat.ceylon.eclipse.ui/src/com/redhat/ceylon/eclipse/code/wizard/NewProjectWizard.java","38","0","0","9","272","309","1"
"ceylon-ide-eclipse","cac14d2e70e361bef2d7e95e540604f9c0d557c4","plugins/com.redhat.ceylon.eclipse.ui/src/com/redhat/ceylon/eclipse/code/wizard/NewProjectWizard.java","38","0","0","9","281","318","0"
"netty","91b378005461b85f965aa296daa087bc009b9da0","transport/src/main/java/io/netty/channel/nio/AbstractNioByteChannel.java","38","0","1","0","222","313","0"
"netty","cb139043f321836746915e7ada2d507ca45ed734","codec-http/src/main/java/io/netty/handler/codec/http/HttpObjectEncoder.java","38","0","1","1","174","240","0"
"BroadleafCommerce","73ece9d935a1e52d98129e7b974eb044234d1363","admin/broadleaf-open-admin-platform/src/main/java/org/broadleafcommerce/openadmin/server/dao/provider/metadata/AbstractFieldMetadataProvider.java","38","0","1","1","192","243","0"
"BroadleafCommerce","0aa224ccf0f5db1c7ba1f2e31bd91aa917b59ee6","admin/broadleaf-open-admin-platform/src/main/java/org/broadleafcommerce/openadmin/server/dao/provider/metadata/AbstractFieldMetadataProvider.java","38","0","1","1","199","241","1"
"BroadleafCommerce","6180c1c8e0d1eddd5d010a04ef4e9695eca39ea0","core/broadleaf-framework/src/main/java/org/broadleafcommerce/core/checkout/service/workflow/ValidateAndConfirmPaymentActivity.java","38","0","1","1","227","363","1"
"netty","6765e9f99db352a7f814e10d77338760432db155","transport/src/main/java/io/netty/channel/nio/AbstractNioByteChannel.java","38","0","1","1","231","331","1"
"netty","f3dd4101425165496490f9c975ca2e556773c663","transport/src/main/java/io/netty/channel/nio/AbstractNioByteChannel.java","38","0","1","1","235","336","0"
"elasticsearch","a9e2433dab3ced5de25b8483d56cf293f110d38e","src/main/java/org/elasticsearch/action/bulk/TransportBulkAction.java","38","0","1","1","239","296","0"
"orientdb","71c1ac0b4ae14446a07814dd2ea75d1256785b10","distributed/src/test/java/com/orientechnologies/orient/server/distributed/AbstractServerClusterInsertTest.java","38","0","1","1","381","513","0"
"BroadleafCommerce","1430b47438deda9d5566fe0d88ea6d90f2178eac","admin/broadleaf-admin-module/src/main/java/org/broadleafcommerce/admin/server/service/handler/ProductCustomPersistenceHandler.java","38","0","1","10","317","403","5"
"elasticsearch","5d6e84f206c85476d25e4b26e7998db2067e3bac","modules/elasticsearch/src/main/java/org/elasticsearch/index/mapper/xcontent/geo/MultiValueGeoPointFieldData.java","38","0","1","11","191","233","1"
"hazelcast","9dbc3c539a4d8279a0d7cf329b1cc1003ce82a33","hazelcast-client/src/main/java/com/hazelcast/client/proxy/NearCachedClientMapProxy.java","38","0","1","12","438","551","2"
"elasticsearch","952feb58e41bd0220784c44136b840ea4a740e26","core/src/main/java/org/elasticsearch/search/aggregations/bucket/terms/InternalTerms.java","38","0","1","14","259","347","1"
"elasticsearch","e7d352b489272a87b05019869857656de7fb82fc","core/src/main/java/org/elasticsearch/search/aggregations/bucket/terms/InternalTerms.java","38","0","1","14","263","350","0"
"elasticsearch","35ddc749b18f90d4ba4b71175069d057b282b130","core/src/main/java/org/elasticsearch/index/mapper/object/RootObjectMapper.java","38","0","1","16","240","313","2"
"elasticsearch","e23d116bc5411e8aec4f9225272929be6a7dd65b","core/src/main/java/org/elasticsearch/index/mapper/object/RootObjectMapper.java","38","0","1","16","247","319","1"
"netty","c85319213a7d3fb35729ce4e75448a3c10f91b71","common/src/main/java/io/netty/util/collection/IntObjectHashMap.java","38","0","1","16","310","494","1"
"elasticsearch","fcf8d2408fcc24728b65ec29fad8871630f094de","core/src/test/java/org/elasticsearch/search/scroll/SearchScrollTests.java","38","0","1","16","459","580","1"
"hazelcast","b4c0ebfdf05c8f202a08a582183a486ba1e903e0","hazelcast/src/main/java/com/hazelcast/nio/IOUtil.java","38","0","1","17","227","276","0"
"hazelcast","f80d857ea3200fe8a369c4c92f8ea65cd3a2615a","hazelcast/src/main/java/com/hazelcast/nio/IOUtil.java","38","0","1","17","229","278","0"
"hazelcast","d8c3a1ba9ed031a98696ea72b8a0494d1f2e69d2","hazelcast/src/main/java/com/hazelcast/nio/IOUtil.java","38","0","1","17","244","294","2"
"hazelcast","0a00c1a6ac6c6b71c59b23615ab208abcbca6fe5","hazelcast/src/main/java/com/hazelcast/internal/nearcache/impl/store/AbstractNearCacheRecordStore.java","38","0","1","17","385","499","1"
"hazelcast","549cbdd2e36076d45ad07695267eab19f581cbf7","hazelcast/src/main/java/com/hazelcast/internal/nearcache/impl/store/AbstractNearCacheRecordStore.java","38","0","1","17","385","499","1"
"hazelcast","601a67715c677e36907648eeb31b52993381146d","hazelcast/src/main/java/com/hazelcast/internal/nearcache/impl/store/AbstractNearCacheRecordStore.java","38","0","1","17","385","499","0"
"elasticsearch","a1f5c342afa62f123dd5fd96d3e309a73f128195","src/test/java/org/elasticsearch/index/translog/AbstractSimpleTranslogTests.java","38","0","1","17","537","670","0"
"netty","1ef6f147349c145542d77c987f57e1dfbd405406","transport/src/main/java/io/netty/channel/ChannelHandlerInvokerUtil.java","38","0","1","18","198","252","0"
"netty","3dbca4a9e2d2343e9c8af3bac085fd5b3a44da3b","transport/src/main/java/io/netty/channel/ChannelHandlerInvokerUtil.java","38","0","1","18","201","258","1"
"MapDB","e4945e6b20dc7a610990efe10559ab5c787d297c","src/main/java/org/mapdb/StoreAppend.java","38","0","1","18","387","491","0"
"MapDB","700d81239a72f70492a2ad9ce41d528d441747ac","src/main/java/org/mapdb/StoreAppend.java","38","0","1","18","390","496","0"
"elasticsearch","41fd4d87223a2be57524d3df55639d8df118ce85","src/main/java/org/elasticsearch/search/sort/GeoDistanceSortParser.java","38","0","1","2","181","226","2"
"elasticsearch","34893c057076c3d2f957f700cad8099dad02665f","src/main/java/org/elasticsearch/indices/recovery/RecoverySource.java","38","0","1","2","324","409","0"
"elasticsearch","4fd1276542a641cd59309bc7ea3f928321243afe","modules/transport-netty4/src/main/java/org/elasticsearch/transport/netty4/Netty4Transport.java","38","0","1","2","399","532","1"
"elasticsearch","446037ccb815b4e193e91109b8e8715b6080d056","modules/transport-netty4/src/main/java/org/elasticsearch/transport/netty4/Netty4Transport.java","38","0","1","2","409","545","1"
"elasticsearch","5c8fe598a6bcb11bf0e674ef59c2726eeb8cfbf8","modules/elasticsearch/src/main/java/org/elasticsearch/index/mapper/xcontent/MultiFieldMapper.java","38","0","1","20","219","295","1"
"netty","f40a3f34b17633b884f3d35dc2eb43d0810a0cfa","transport/src/main/java/io/netty/channel/DefaultChannelConfig.java","38","0","1","23","254","315","0"
"elasticsearch","59e4e586838b9267ccb733ac7fa44db97319cfe3","src/test/java/org/elasticsearch/percolator/PercolatorTests.java","38","0","1","24","1307","1520","1"
"elasticsearch","82fa531ab4c1fb087d357ff15288c070d7393378","core/src/main/java/org/elasticsearch/index/mapper/KeywordFieldMapper.java","38","0","1","24","297","383","0"
"elasticsearch","f322f537e41273fd33eb06752c5adcfa5850323f","core/src/main/java/org/elasticsearch/index/mapper/KeywordFieldMapper.java","38","0","1","24","297","383","0"
"elasticsearch","2f8def11b5109eb80b47422a200bf7b7e07c8467","core/src/main/java/org/elasticsearch/index/mapper/KeywordFieldMapper.java","38","0","1","24","297","383","1"
"hazelcast","e641541f77808713a214b6d1b4ef4d58497824f1","hazelcast/src/main/java/com/hazelcast/replicatedmap/impl/ReplicatedMapService.java","38","0","1","24","315","381","0"
"elasticsearch","ec04435b06dc3eab8033e27c66028348317e1e72","src/main/java/org/elasticsearch/index/query/FieldQueryParser.java","38","0","1","3","117","158","0"
"elasticsearch","6c406d0e0ed532d5b7cfeaeb01b78dcb675cbf0d","src/main/java/org/elasticsearch/index/query/FieldQueryParser.java","38","0","1","3","119","160","0"
"elasticsearch","523a8b4c3e8003316f3e7c6a74bdd5e4e1818dd6","modules/elasticsearch/src/main/java/org/elasticsearch/index/query/xcontent/GeoBoundingBoxFilterParser.java","38","0","1","3","132","175","0"
"elasticsearch","a0bbb5445a0fce6029cb399763c591caa53054b7","modules/elasticsearch/src/main/java/org/elasticsearch/search/highlight/HighlightPhase.java","38","0","1","3","201","251","0"
"elasticsearch","634ce90dc06f20888a4ff655985a6baccf25a7db","core/src/main/java/org/elasticsearch/search/query/QueryPhase.java","38","0","1","3","231","331","0"
"elasticsearch","82fa531ab4c1fb087d357ff15288c070d7393378","core/src/main/java/org/elasticsearch/search/query/QueryPhase.java","38","0","1","3","231","331","0"
"elasticsearch","2f8def11b5109eb80b47422a200bf7b7e07c8467","core/src/main/java/org/elasticsearch/search/query/QueryPhase.java","38","0","1","3","231","331","2"
"hazelcast","f256296d39020e8a85f8b0e2a76b646501e84e7b","hazelcast/src/main/java/com/hazelcast/management/TimedMemberStateFactory.java","38","0","1","3","270","321","1"
"hazelcast","d32b58c8344e3ee868d1a84efc3e15aa77ae82f3","hazelcast/src/main/java/com/hazelcast/internal/management/TimedMemberStateFactory.java","38","0","1","3","275","328","1"
"hazelcast","1f042b8c4a4245594691bb6d85a66ceed9b43068","hazelcast/src/main/java/com/hazelcast/internal/management/TimedMemberStateFactory.java","38","0","1","3","282","336","1"
"hazelcast","485f426abc042144ebf9fd213e724556ad967191","hazelcast/src/main/java/com/hazelcast/internal/management/TimedMemberStateFactory.java","38","0","1","3","282","336","2"
"hazelcast","51bdf8a403e085bb80d7dfad88cfd3a816bfaec8","hazelcast/src/main/java/com/hazelcast/internal/management/TimedMemberStateFactory.java","38","0","1","3","282","336","2"
"hazelcast","8d373b62327a5c012a5b8f2bad456311df03bf61","hazelcast/src/main/java/com/hazelcast/internal/management/TimedMemberStateFactory.java","38","0","1","3","282","336","2"
"hazelcast","2921cff694583b8638dae2991f427e61d5440a9d","hazelcast/src/main/java/com/hazelcast/internal/management/TimedMemberStateFactory.java","38","0","1","3","282","336","0"
"BroadleafCommerce","687de485d1001ac69a4535d0246aa592bbaeaf0d","core/broadleaf-framework/src/main/java/org/broadleafcommerce/core/offer/service/discount/domain/PromotableOrderImpl.java","38","0","1","30","261","343","0"
"BroadleafCommerce","26ed2e8b445ae8a1d054836f3d2d8b3ab4fa9f78","admin/broadleaf-open-admin-platform/src/main/java/org/broadleafcommerce/openadmin/server/security/service/AdminSecurityServiceImpl.java","38","0","1","32","353","464","2"
"netty","8fe3c83e4ca9a64c03f5adcb9f056d9e9440a389","transport/src/test/java/io/netty/channel/DefaultChannelPipelineTest.java","38","0","1","39","990","1216","1"
"netty","26a175cd94c50aebdd3bdcba8e3cd0a30f664870","transport/src/test/java/io/netty/channel/DefaultChannelPipelineTest.java","38","0","1","39","993","1219","1"
"elasticsearch","98640310c2adff8f8d164590faf019193201c747","src/main/java/org/elasticsearch/index/query/TermsQueryParser.java","38","0","1","4","171","216","1"
"elasticsearch","8bdfd21b70568a39ebf5232e8c395f5206a7a63f","src/main/java/org/elasticsearch/index/query/TermsQueryParser.java","38","0","1","4","174","218","0"
"BroadleafCommerce","1e8b29ba6d27d72811406cce7db53ed3fa903475","core/broadleaf-framework-web/src/main/java/org/broadleafcommerce/core/web/processor/OnePageCheckoutProcessor.java","38","0","1","4","259","456","0"
"netty","7f92771496ef59eaf6fe86b516f5a8abdb38b9c0","common/src/main/java/io/netty/util/Recycler.java","38","0","1","4","297","405","0"
"elasticsearch","fc4dc5ef217385b0475f81eecba7e004a03a957c","core/src/test/java/org/elasticsearch/indices/cluster/IndicesClusterStateServiceRandomUpdatesTests.java","38","0","1","4","315","423","1"
"netty","2618c2a649772624bb6011e5e63455c3c81be0b0","transport/src/test/java/io/netty/channel/DefaultChannelPipelineTest.java","38","0","1","40","1004","1233","0"
"netty","6492cb98b2e40df4a93a12aef21d5bc89dc8aadb","transport/src/test/java/io/netty/channel/DefaultChannelPipelineTest.java","38","0","1","40","1009","1239","1"
"hazelcast","d568e4d926d925d57d4e79e34614390416749301","hazelcast/src/main/java/com/hazelcast/internal/serialization/impl/ObjectDataInputStream.java","38","0","1","40","304","369","0"
"netty","29fdb160f33776c76f0b46aada48a9c9f3babcbf","transport/src/test/java/io/netty/channel/DefaultChannelPipelineTest.java","38","0","1","41","1037","1272","0"
"elasticsearch","831ea789aae152effe1ce56335a4c1c49fb269cf","src/main/java/org/elasticsearch/search/facet/terms/TermsFacetParser.java","38","0","1","5","149","189","0"
"netty","6aa5f76d4225ea54c344fab28f0393d9b4af19b3","codec-http2/src/main/java/io/netty/handler/codec/http2/DelegatingDecompressorFrameListener.java","38","0","1","5","277","424","0"
"neo4j","71afa4af49178e4945787667e8b99bb10e9f761a","community/kernel/src/test/java/org/neo4j/unsafe/batchinsert/internal/BatchInsertTest.java","38","0","1","52","1235","1608","1"
"neo4j","69729fae020c1253f8bab4bb3c4c2f8d087741fb","community/kernel/src/test/java/org/neo4j/unsafe/batchinsert/internal/BatchInsertTest.java","38","0","1","54","1252","1637","0"
"hazelcast","ec644efadd309597411169c3f8df602b1bfc6ef4","hazelcast/src/main/java/com/hazelcast/internal/partition/impl/PartitionStateManager.java","38","0","1","6","265","344","2"
"elasticsearch","8e137b1450dde3776747e3637799ff817cbb41f9","src/test/java/org/elasticsearch/test/integration/routing/AliasRoutingTests.java","38","0","1","6","314","390","0"
"elasticsearch","5d806bf93eaa1f360187946cec741cf05b7264e1","core/src/test/java/org/elasticsearch/indices/cluster/IndicesClusterStateServiceRandomUpdatesTests.java","38","0","1","6","328","438","0"
"orientdb","0402aed1e4b1aaff933c1a35dee7282cdc248b52","etl/src/main/java/com/orientechnologies/orient/etl/extractor/OCSVExtractor.java","38","0","1","7","215","269","2"
"orientdb","abf6ba2fb52da0ed0fbf5148ca6eaef77f2e0b53","etl/src/main/java/com/orientechnologies/orient/etl/extractor/OCSVExtractor.java","38","0","1","7","216","273","1"
"orientdb","30195404c3c4403c6dececb04d86222fa3a92cbd","etl/src/main/java/com/orientechnologies/orient/etl/extractor/OCSVExtractor.java","38","0","1","7","217","271","0"
"orientdb","482b16b4ca5e168a88d9f9736936f2a9ae3586e0","etl/src/main/java/com/orientechnologies/orient/etl/extractor/OCSVExtractor.java","38","0","1","7","217","272","0"
"orientdb","36fe694c8f3e92babf28edcd4aeda4d4ec08e667","etl/src/main/java/com/orientechnologies/orient/etl/extractor/OCSVExtractor.java","38","0","1","7","221","277","1"
"orientdb","984c71715a77135a3a3b46473e9b6f816f78fb60","etl/src/main/java/com/orientechnologies/orient/etl/extractor/OCSVExtractor.java","38","0","1","7","223","280","0"
"hazelcast","ee3c0eb5648235d687eb48bc7095da0fd312d846","hazelcast/src/main/java/com/hazelcast/instance/HazelcastInstanceFactory.java","38","0","1","7","263","332","1"
"elasticsearch","4d05c9cfd5cc889be77ec16730517d5417438e92","src/main/java/org/elasticsearch/search/facet/terms/strings/TermsStringOrdinalsFacetExecutor.java","38","0","1","8","226","294","1"
"hazelcast","b2df21c79a156ed5b81d91a242ba9d3ed2345b1b","hazelcast/src/main/java/com/hazelcast/internal/partition/impl/PartitionStateManager.java","38","0","1","8","268","348","1"
"hazelcast","bae945de85dbd9a4f3aea70a6ccdc9accd712809","hazelcast-client/src/main/java/com/hazelcast/client/nearcache/ClientNearCache.java","38","0","1","8","270","329","1"
"netty","48662bf41d84a763c324d4fe3376ba0cc2d202b0","transport/src/main/java/io/netty/channel/local/LocalChannel.java","38","0","1","8","294","385","2"
"netty","82b22d6f11e016b660b888645f1134ef608129ab","common/src/main/java/io/netty/util/ResourceLeakDetector.java","38","0","10","1","332","487","0"
"elasticsearch","5828796848674b656807406947f050626035845a","core/src/main/java/org/elasticsearch/index/query/HasChildQueryBuilder.java","38","0","11","3","286","408","1"
"netty","47d55339c947badf0aa1c8786f0fbca80e270082","handler/src/main/java/io/netty/handler/ssl/OpenSsl.java","38","0","12","0","354","480","0"
"elasticsearch","d8f16178d3f21b4f9d17da12e7aa61613fc2c27a","src/main/java/org/elasticsearch/common/http/client/HttpDownloadHelper.java","38","0","15","1","223","394","1"
"elasticsearch","a6510f924520d8cdda2636ac85a1a1e43f6dfb8c","src/main/java/org/elasticsearch/common/http/client/HttpDownloadHelper.java","38","0","15","1","226","397","0"
"elasticsearch","349b7a3a8b33401038af4840bf9abf79e292ff53","src/main/java/org/elasticsearch/watcher/FileWatcher.java","38","0","2","0","206","275","1"
"hazelcast","660bbd97d28d2282bc4ac0bc66a5405e89cd0813","hazelcast-client/src/main/java/com/hazelcast/client/proxy/NearCachedClientMapProxy.java","38","0","2","11","524","676","0"
"hazelcast","d67f6bd5d188debc9ca2483d197b35c84241a8e8","hazelcast-client/src/main/java/com/hazelcast/client/proxy/NearCachedClientMapProxy.java","38","0","2","11","524","676","0"
"hazelcast","6adb137d7e8b6abd4405ab26337072a54017cabc","hazelcast-client/src/main/java/com/hazelcast/client/proxy/NearCachedClientMapProxy.java","38","0","2","11","524","676","1"
"elasticsearch","d84c643f5880a88d2e5c38b487123161f3e01fe0","core/src/test/java/org/elasticsearch/index/query/RangeQueryBuilderTests.java","38","0","2","12","432","518","0"
"elasticsearch","a01475a20b8a5b14da67c9979cdd953aefcc7598","core/src/test/java/org/elasticsearch/index/query/RangeQueryBuilderTests.java","38","0","2","12","437","523","1"
"hazelcast","66a43a3b3b3cbcebd317381f74e268aac229e4fe","hazelcast/src/main/java/com/hazelcast/cache/impl/AbstractHazelcastCacheManager.java","38","0","2","13","268","352","0"
"hazelcast","3d37035d8f2430cb96ed1deae063821f193c383b","hazelcast/src/main/java/com/hazelcast/cache/impl/AbstractHazelcastCacheManager.java","38","0","2","13","271","355","0"
"hazelcast","a830427700937cae27a74c4f66d22b668465b88b","hazelcast/src/main/java/com/hazelcast/cache/impl/AbstractHazelcastCacheManager.java","38","0","2","13","271","355","0"
"hazelcast","e8fce3a29f6fdceb4ff19f0468012e0b279e86d3","hazelcast/src/main/java/com/hazelcast/cache/impl/AbstractHazelcastCacheManager.java","38","0","2","13","271","355","2"
"elasticsearch","371c73e14023917f3892090d2d3d7ff9ac1216b9","core/src/main/java/org/elasticsearch/index/mapper/object/RootObjectMapper.java","38","0","2","16","266","351","3"
"elasticsearch","78574d248cf10dad1c5a566fda79e1e0c94afe43","core/src/main/java/org/elasticsearch/index/mapper/object/RootObjectMapper.java","38","0","2","16","266","351","2"
"elasticsearch","e6aaaf11ed4a1b8f595f920de1840938eddb7a97","core/src/main/java/org/elasticsearch/index/mapper/object/RootObjectMapper.java","38","0","2","16","266","351","2"
"elasticsearch","9570feaf8de61c737d48272b60dc1c7788d2d656","core/src/main/java/org/elasticsearch/index/mapper/object/RootObjectMapper.java","38","0","2","16","266","351","0"
"elasticsearch","a60b8948ba1d836a6eac7cff095519e618939ed8","core/src/main/java/org/elasticsearch/index/mapper/object/RootObjectMapper.java","38","0","2","16","266","351","0"
"elasticsearch","1fe3e36934de9f01d9aa46ccc8cc5b1909b8a961","core/src/main/java/org/elasticsearch/index/mapper/RootObjectMapper.java","38","0","2","17","255","336","3"
"elasticsearch","20644666e545836605d32055d6fa8c77b40a0c9a","core/src/main/java/org/elasticsearch/index/mapper/object/RootObjectMapper.java","38","0","2","17","262","347","1"
"elasticsearch","38bee27b112b62cfd227a86eb330a0349958f190","core/src/main/java/org/elasticsearch/index/mapper/object/RootObjectMapper.java","38","0","2","17","266","351","1"
"elasticsearch","9080f51340b1b26f8bd171b4c82de8d87ad42b55","core/src/main/java/org/elasticsearch/index/mapper/object/RootObjectMapper.java","38","0","2","17","266","351","1"
"elasticsearch","d514977c75c845d1f15baccc4af98db162191bac","core/src/main/java/org/elasticsearch/index/mapper/object/RootObjectMapper.java","38","0","2","17","266","351","1"
"elasticsearch","d84c643f5880a88d2e5c38b487123161f3e01fe0","core/src/main/java/org/elasticsearch/index/mapper/object/RootObjectMapper.java","38","0","2","17","266","351","0"
"orientdb","efdd13cc9525173454c07314a9d28d7b95673a20","core/src/main/java/com/orientechnologies/orient/core/sql/OFilterAnalyzer.java","38","0","2","2","167","252","1"
"elasticsearch","c1e5421b7718a918885e7e5f22ab4e0b7bbbdfc6","core/src/main/java/org/elasticsearch/common/joda/DateMathParser.java","38","0","2","2","172","218","0"
"hazelcast","6d77f28753a0b37e9d55b755959fd9ef7a61b21b","hazelcast/src/test/java/com/hazelcast/test/AbstractHazelcastClassRunner.java","38","0","2","2","357","448","0"
"elasticsearch","0b024ad2f3a65902b4b0791c208ee85b7912ad21","src/main/java/org/elasticsearch/index/indexing/ShardIndexingService.java","38","0","2","20","250","316","1"
"elasticsearch","00275ac1d62cb113d004f49ee876cfae4aba820b","src/main/java/org/elasticsearch/index/indexing/ShardIndexingService.java","38","0","2","21","252","319","0"
"elasticsearch","b6c9eaa24ad314afc83577c4ce3c2eb6798b64bf","core/src/main/java/org/elasticsearch/index/mapper/ip/IpFieldMapper.java","38","0","2","21","288","366","1"
"elasticsearch","724b14cef67d37c9f6b09dddaf1186327fc054f6","src/main/java/org/elasticsearch/index/mapper/ip/IpFieldMapper.java","38","0","2","23","297","369","0"
"elasticsearch","142d7bdd812d5d7ca31b22fbed053392e1e456aa","src/main/java/org/elasticsearch/index/mapper/ip/IpFieldMapper.java","38","0","2","23","298","370","1"
"hazelcast","4a1593fa6ba5c277c4ad2fc320d803b0e63b9339","hazelcast/src/main/java/com/hazelcast/replicatedmap/impl/ReplicatedMapService.java","38","0","2","23","315","382","0"
"elasticsearch","f8e802c0285154c0cc9fc3956dc7e9adbdf1f355","core/src/test/java/org/elasticsearch/action/support/replication/TransportReplicationActionTests.java","38","0","2","23","710","879","3"
"netty","26a7a5ec25fe81fae38f557e6b44bf9c3ea91fea","codec-http2/src/main/java/io/netty/handler/codec/http2/DefaultHttp2ConnectionEncoder.java","38","0","2","24","354","463","1"
"hazelcast","86b064ba3f1e467e74e95d6da24b03122065ce36","hazelcast/src/main/java/com/hazelcast/spi/impl/operationexecutor/impl/OperationExecutorImpl.java","38","0","2","25","388","546","2"
"elasticsearch","58feb5efa0ed66df3ab1c32ad4d613a6964d004e","core/src/test/java/org/elasticsearch/index/query/QueryStringQueryBuilderTests.java","38","0","2","32","838","973","0"
"elasticsearch","563e7ddc830c991dea210f5ed936b06f5f613ac7","core/src/main/java/org/elasticsearch/common/lucene/search/MoreLikeThisQuery.java","38","0","2","39","280","370","0"
"elasticsearch","e14ba81ac1bf4c576f96e62fbe1c6f6024b10f5b","core/src/main/java/org/elasticsearch/common/lucene/search/MoreLikeThisQuery.java","38","0","2","40","283","374","2"
"BroadleafCommerce","6d0bcb2414cc6cc3c7f0477dc197ef425dac623d","admin/broadleaf-open-admin-platform/src/main/java/org/broadleafcommerce/openadmin/dto/PersistencePackage.java","38","0","2","41","243","328","0"
"orientdb","136db63960bbf53514691bf5a0bb8361a5ea5361","graphdb/src/main/java/com/orientechnologies/orient/graph/sql/OCommandExecutorSQLCreateEdge.java","38","0","2","5","165","243","0"
"orientdb","b4695a135c5e16eb9ebbebb1d9a3195a2c44b485","graphdb/src/main/java/com/orientechnologies/orient/graph/sql/OCommandExecutorSQLCreateEdge.java","38","0","2","5","165","243","0"
"orientdb","46bbcabde62c2b9e61ebaf45dc23f16d9dee7f02","graphdb/src/main/java/com/orientechnologies/orient/graph/sql/OCommandExecutorSQLCreateEdge.java","38","0","2","5","165","243","1"
"elasticsearch","10adb71445859a942403c8fbed587175952ca3bf","core/src/main/java/org/elasticsearch/indices/recovery/RecoveryTarget.java","38","0","2","6","399","515","0"
"elasticsearch","650950c7f48535cd3a17cd18f2a3dbdca7542d6b","core/src/main/java/org/elasticsearch/indices/recovery/RecoveryTarget.java","38","0","2","6","400","516","0"
"elasticsearch","a758eec78ab04cdda121f43e3e6147cbad8dc4a2","core/src/main/java/org/elasticsearch/indices/recovery/RecoveryTarget.java","38","0","2","6","403","518","1"
"elasticsearch","5098dcaf96744fbc9f1ae5179e530453e9654de0","core/src/main/java/org/elasticsearch/indices/recovery/RecoveryTarget.java","38","0","2","6","403","519","2"
"elasticsearch","75cedca0dab933bb6d1679fbddea2d09122d13c9","core/src/main/java/org/elasticsearch/indices/recovery/RecoveryTarget.java","38","0","2","6","404","519","2"
"netty","023201f68436109c67cddd9078732f6ce54f7a1f","handler/src/main/java/io/netty/handler/stream/ChunkedWriteHandler.java","38","0","2","7","252","344","0"
"elasticsearch","085f9e032b536c02efb225625313326f2f382286","core/src/main/java/org/elasticsearch/indices/recovery/RecoveryTarget.java","38","0","2","7","398","513","2"
"elasticsearch","4fea56ceadbbd042774a89dbdf94c16a4a33df4c","core/src/main/java/org/elasticsearch/indices/recovery/RecoveryTarget.java","38","0","2","7","401","516","1"
"elasticsearch","85c3c6fe62a758ffb49c2d2fe467f046691c77bd","src/main/java/org/elasticsearch/search/aggregations/metrics/cardinality/HyperLogLogPlusPlus.java","38","0","2","8","410","542","1"
"orientdb","66799e5c8371d8fdc41db882bb71a782db34d706","core/src/test/java/com/orientechnologies/orient/core/sql/OCommandExecutorSQLSelectTest.java","38","0","2","87","1145","1489","0"
"orientdb","18b412e04fac848856967b1b93133c511e3dfbf5","core/src/test/java/com/orientechnologies/orient/core/sql/OCommandExecutorSQLSelectTest.java","38","0","2","88","1156","1504","2"
"orientdb","4571bc8972ceba3d457fb811c8e95f7708918201","core/src/test/java/com/orientechnologies/orient/core/sql/OCommandExecutorSQLSelectTest.java","38","0","2","89","1169","1522","1"
"elasticsearch","8f146f9ab0e15c3074b1dc0064f4115cc700aaa9","src/main/java/org/elasticsearch/discovery/zen/fd/MasterFaultDetection.java","38","0","2","9","338","457","0"
"elasticsearch","154e9d90cdc0e21c62bc1895529ca1605947c972","src/main/java/org/elasticsearch/discovery/zen/fd/MasterFaultDetection.java","38","0","2","9","343","462","1"
"orientdb","fa5599d13aa3ef97cd2ddd319e266dd334b9a398","core/src/test/java/com/orientechnologies/orient/core/sql/OCommandExecutorSQLSelectTest.java","38","0","2","90","1186","1543","0"
"elasticsearch","5668b1cfc579e5e05f2bb50d78bcdebd75da1ecb","src/main/java/org/elasticsearch/index/translog/Translog.java","38","0","21","79","493","699","2"
"elasticsearch","4e5714b31fe3d3b9fdedb18064253fa50b79bcc0","src/main/java/org/elasticsearch/common/util/BigArrays.java","38","0","26","1","439","608","0"
"hazelcast","e4f7959a373b0263506a00fa6941d0020407e6fd","hazelcast/src/main/java/com/hazelcast/client/impl/protocol/util/Int2ObjectHashMap.java","38","0","26","20","388","637","1"
"hazelcast","4c1b1b779a2a777ec65393b7af9a0dc4e31d82f5","hazelcast/src/main/java/com/hazelcast/client/impl/protocol/util/Int2ObjectHashMap.java","38","0","26","20","389","639","0"
"elasticsearch","9ca5e6e3e12cf4f13eb6ed0140d9073ba89c61c9","src/main/java/org/elasticsearch/index/snapshots/blobstore/BlobStoreIndexShardSnapshot.java","38","0","27","1","284","503","1"
"netty","379ac890f4dbec15d19714711f85455a12112c3f","codec-http2/src/main/java/io/netty/handler/codec/http2/Http2FrameCodec.java","38","0","3","1","391","631","0"
"netty","bca35b0449d2ce16a39a86a4be7aa9d5ae2bdb70","codec-http2/src/main/java/io/netty/handler/codec/http2/Http2FrameCodec.java","38","0","3","1","391","631","0"
"netty","15611dadbbf8f8c217c03ce33da89beb54602023","codec-http2/src/main/java/io/netty/handler/codec/http2/Http2FrameCodec.java","38","0","3","1","391","631","1"
"orientdb","b43eac5ee4b92c9327f3596c5c1986a6c29e1dfb","core/src/main/java/com/orientechnologies/orient/core/config/OGlobalConfiguration.java","38","0","3","11","524","790","1"
"orientdb","ac6ba2add76a1f3d3aaa40429729ec87cfad1e1b","core/src/main/java/com/orientechnologies/orient/core/config/OGlobalConfiguration.java","38","0","3","11","524","792","2"
"orientdb","2ee3b61558840a5368bca7909740f1b6b1cce1b3","core/src/main/java/com/orientechnologies/orient/core/config/OGlobalConfiguration.java","38","0","3","11","526","794","3"
"orientdb","567dc93cca1056c9b2aa72636e7e671ced994a8e","core/src/main/java/com/orientechnologies/orient/core/config/OGlobalConfiguration.java","38","0","3","11","528","797","2"
"orientdb","f2c3273e9f37bffc0c99099735b1a09364360430","core/src/main/java/com/orientechnologies/orient/core/config/OGlobalConfiguration.java","38","0","3","11","531","801","1"
"hazelcast","047f1b1478178fdfea8259c38006ad7b17254397","hazelcast/src/test/java/com/hazelcast/impl/ClusterQueueTest.java","38","0","3","14","462","521","0"
"orientdb","eb24b1870a6f02c32534d42cdfdd737929ac5b73","graphdb/src/main/java/com/orientechnologies/orient/graph/gremlin/OGremlinHelper.java","38","0","3","17","237","344","1"
"elasticsearch","7f7f79d622e84bae079a7dda92721cb36f808916","src/test/java/org/elasticsearch/test/integration/routing/AliasRoutingTests.java","38","0","3","5","331","426","0"
"elasticsearch","b49853a6199f586e47d44fbf1eae0dbda17c872d","src/main/java/org/elasticsearch/indices/cache/query/IndicesQueryCache.java","38","0","3","8","365","497","0"
"elasticsearch","ecdcc2df9283446a6e8a876845835e5040247500","src/main/java/org/elasticsearch/search/aggregations/metrics/cardinality/HyperLogLogPlusPlus.java","38","0","3","8","413","549","0"
"elasticsearch","d885fe62ea680989f1c27a9206f616cc5bae25ce","core/src/main/java/org/elasticsearch/index/query/MatchQueryBuilder.java","38","0","31","2","303","471","0"
"netty","f34fc73e89e88da32c36786c8634afa9dc090207","codec-http/src/main/java/io/netty/handler/codec/http/CookieDecoder.java","38","0","4","0","172","253","1"
"netty","cc4c98d7baad8d72df1d8f534e85cfd249ffb67b","codec-http/src/main/java/io/netty/handler/codec/http/CookieDecoder.java","38","0","4","0","172","254","1"
"netty","4c072694be32bb40da04852dc02322cfc9ee1162","codec-http/src/main/java/io/netty/handler/codec/http/CookieDecoder.java","38","0","4","0","173","257","2"
"elasticsearch","6e566cdf6cab837bdbdb5300ca85038fba1488c1","core/src/main/java/org/elasticsearch/action/admin/cluster/allocation/TransportClusterAllocationExplainAction.java","38","0","4","1","254","327","1"
"hazelcast","b67111d940e621dfb23d50553e45d45e65a959d2","hazelcast/src/test/java/com/hazelcast/impl/ClusterQueueTest.java","38","0","4","13","462","524","0"
"elasticsearch","5e36c91e8c37678a930ae1ca6cd2a21d64976b5c","core/src/main/java/org/elasticsearch/rest/support/RestUtils.java","38","0","4","2","147","238","1"
"elasticsearch","ef592a8e17e16104faa9a5c3b6dc06016ba49a01","core/src/main/java/org/elasticsearch/index/IndexService.java","38","0","4","21","387","507","1"
"elasticsearch","76c472973ed6b05b389202fbeb2b6997be94b476","core/src/main/java/org/elasticsearch/index/IndexService.java","38","0","4","21","387","508","1"
"elasticsearch","12d1bf848543b9e4c483ffa62161ac8b5be6c35d","src/main/java/org/elasticsearch/index/query/functionscore/DecayFunctionParser.java","38","0","4","3","285","419","1"
"elasticsearch","689fd15d786428869a7e311ef6c42f0094ae45a9","src/main/java/org/elasticsearch/index/query/functionscore/DecayFunctionParser.java","38","0","4","3","286","420","0"
"MapDB","18146ebd03cf0f6f842ff73fdf2288f275c9733a","src/main/java/org/mapdb/Queues.java","38","0","4","36","344","469","0"
"MapDB","5dc3c9b2bd6c92a6ee239ea3a63d43ddbd53e741","src/main/java/org/mapdb/Queues.java","38","0","4","36","344","483","0"
"hazelcast","5045ea3aa95037fee762da0747779999661da359","hazelcast/src/main/java/com/hazelcast/map/impl/NearCache.java","38","0","5","12","293","367","3"
"hazelcast","2deea892536edaf36b21b80c96c797e5a57b84ff","hazelcast/src/main/java/com/hazelcast/map/impl/NearCache.java","38","0","5","14","273","345","3"
"elasticsearch","6e9dfb334889258ff9205004ed8a851e1bc67d83","core/src/test/java/org/elasticsearch/search/suggest/CompletionSuggestSearchIT.java","38","0","5","35","938","1135","2"
"elasticsearch","39d2377be68036da23a6e9b4c3233d0b63d7cf44","src/main/java/org/apache/lucene/queries/XTermsFilter.java","38","0","5","4","226","329","0"
"netty","f67b14bf350abfda113da116e6c9a335aa60f649","transport/src/main/java/io/netty/channel/nio/AbstractNioChannel.java","38","0","5","4","294","449","1"
"hazelcast","a741bd5edb9ccb73c6cebd412eb3d331d5273ef1","hazelcast/src/main/java/com/hazelcast/nio/ClassLoaderUtil.java","38","0","5","5","216","318","0"
"hazelcast","6d77f28753a0b37e9d55b755959fd9ef7a61b21b","hazelcast/src/main/java/com/hazelcast/nio/ClassLoaderUtil.java","38","0","5","6","216","318","0"
"BroadleafCommerce","d349720f8da15998ca2d360cdeaef614f8244511","common/src/main/java/org/broadleafcommerce/common/config/RuntimeEnvironmentPropertiesConfigurer.java","38","0","5","6","249","385","0"
"hazelcast","1b19f48fd94c4d1d735c16799001e1937fed4d54","hazelcast/src/main/java/com/hazelcast/util/SampleableConcurrentHashMap.java","38","0","5","8","208","313","0"
"hazelcast","e73e5bfd1f14d7899e364d20f14baa2171c29ee5","hazelcast/src/main/java/com/hazelcast/util/SampleableConcurrentHashMap.java","38","0","5","8","216","328","1"
"orientdb","c55d402215059e5ae7c9449ea062256ab8bca3b4","core/src/main/java/com/orientechnologies/orient/core/sql/filter/OSQLFilterItemField.java","38","0","6","11","156","243","1"
"elasticsearch","4def1f4b8e0d2bfd93f13f35c7a6980e5de23de4","modules/elasticsearch/src/main/java/org/elasticsearch/cluster/routing/IndexRoutingTable.java","38","0","6","25","244","343","0"
"antlr4","7525bb6e1dd6d8f68796789dc5f48a6108e7fef6","runtime/Java/src/org/antlr/v4/runtime/DefaultErrorStrategy.java","38","0","7","16","288","585","1"
"elasticsearch","6abcd42a05a0e2bc4eaf1add6a41ae7d48f840c2","core/src/main/java/org/elasticsearch/discovery/zen/NodeJoinController.java","38","0","7","2","357","505","0"
"elasticsearch","577dcb32374cf2528a5deadf0a57f1ea1d5a9cbd","core/src/main/java/org/elasticsearch/discovery/zen/NodeJoinController.java","38","0","7","2","358","506","0"
"elasticsearch","0556c93920af457c0dfb41dc2f52013ebc3e136e","core/src/main/java/org/elasticsearch/discovery/zen/NodeJoinController.java","38","0","7","2","359","507","1"
"elasticsearch","ea80b381c05a78c0b34609b4be402665284efaa6","src/main/java/org/elasticsearch/common/geo/builders/BasePolygonBuilder.java","38","0","7","9","290","474","1"
"antlr4","df142794f601959e4f107417dd4b1082cee9f503","runtime/Java/src/org/antlr/v4/runtime/DefaultErrorStrategy.java","38","0","8","0","256","734","1"
"antlr4","63b5e61c15ce1975002d7ca7f5ad1e2bbbc9216d","runtime/Java/src/org/antlr/v4/runtime/DefaultErrorStrategy.java","38","0","8","0","256","758","0"
"antlr4","1d066e0a6be25c01f5c25760c34d81c46636e12f","runtime/Java/src/org/antlr/v4/runtime/DefaultErrorStrategy.java","38","0","8","0","259","737","0"
"mcMMO","e0358d42d6177005ccff3ee2dc015bea60e10a17","src/main/java/com/gmail/nossr50/util/Misc.java","38","0","8","15","209","328","0"
"netty","6241bb059cd0d565da2f58391f2490296608208f","codec-http2/src/main/java/io/netty/handler/codec/http2/HttpConversionUtil.java","38","0","8","2","268","480","0"
"elasticsearch","b2ced13f3d4920d9278518c5ee472cc3a78bc5e1","core/src/main/java/org/elasticsearch/gateway/AsyncShardFetch.java","38","0","8","3","257","391","1"
"elasticsearch","df8a3006fc8bcdfa2e443bb10d06edf0725b30c1","core/src/main/java/org/elasticsearch/gateway/AsyncShardFetch.java","38","0","8","3","267","402","0"
"elasticsearch","1863ab95f862294db7d105717656bd6452eef9d9","core/src/main/java/org/elasticsearch/gateway/AsyncShardFetch.java","38","0","8","3","272","408","1"
"MapDB","5dc3c9b2bd6c92a6ee239ea3a63d43ddbd53e741","src/main/java/org/mapdb/Store.java","38","0","8","7","272","388","1"
"antlr4","3cbc2af0cc1f1c97f518b11b74294fa9cce05078","runtime/Java/src/org/antlr/v4/runtime/ParserRuleContext.java","38","0","9","14","171","303","0"
"elasticsearch","44fd962a9f70364a174c47b9204d8eb4f16e22d0","src/test/java/org/elasticsearch/test/hamcrest/ElasticsearchAssertions.java","38","0","9","48","452","579","3"
"elasticsearch","233c63fc638ffb0d6f54d3e737dbd0cd68dfc182","core/src/main/java/org/elasticsearch/common/lucene/search/MultiPhrasePrefixQuery.java","38","0","9","5","216","312","1"
"hazelcast","56f60a8149b77f3523ad92b00e6e9a04fef49f79","hazelcast/src/main/java/com/hazelcast/impl/CMap.java","380","0","1","64","1654","1893","2"
"hazelcast","82fcc4c7c87097d1719bb56112aec0fafdb6bc0e","hazelcast/src/main/java/com/hazelcast/impl/CMap.java","380","0","2","63","1654","1950","1"
"hazelcast","525c34cddd7f4e08d674611e177bab103e4d1881","hazelcast/src/main/java/com/hazelcast/impl/CMap.java","380","0","2","64","1653","1949","2"
"orientdb","e524fc0234f83776efd52c68dc390663e2a82146","server/src/main/java/com/orientechnologies/orient/server/network/protocol/binary/ONetworkProtocolBinary.java","382","0","2","16","2208","2847","3"
"orientdb","2a6ac8ff07e7e61f693f39fade49158f94c97e0c","server/src/main/java/com/orientechnologies/orient/server/network/protocol/binary/ONetworkProtocolBinary.java","382","0","2","16","2212","2851","1"
"hazelcast","0c89672210a77fd412d5b2cdcf82e1ff22788f06","hazelcast/src/main/java/com/hazelcast/impl/CMap.java","384","0","3","65","1675","1944","0"
"orientdb","b99ef4dc718c6843428505e90b75ec47566fedae","server/src/main/java/com/orientechnologies/orient/server/network/protocol/binary/ONetworkProtocolBinary.java","386","0","2","16","2246","2907","2"
"orientdb","3e920fd2b6c20b8d17f4119cff1edde42a2802bf","core/src/main/java/com/orientechnologies/orient/core/db/document/ODatabaseDocumentTx.java","386","0","77","85","1995","2978","1"
"orientdb","13c84a352a84fa9a8e4b68c8913322c99e1dca97","core/src/main/java/com/orientechnologies/orient/core/db/document/ODatabaseDocumentTx.java","386","0","77","85","1998","2981","2"
"hazelcast","4382d346c3be663ee763fa66886c2be14065d097","hazelcast/src/main/java/com/hazelcast/impl/CMap.java","387","0","1","66","1675","1924","0"
"orientdb","cb2277a57d1cdf28dde1631fb9bec3a7eac0572c","core/src/main/java/com/orientechnologies/orient/core/db/document/ODatabaseDocumentAbstract.java","387","0","74","91","2090","3015","1"
"hazelcast","40ce26d3876b318b8f2a9f282a991e520d0aa327","hazelcast/src/main/java/com/hazelcast/impl/CMap.java","388","0","1","66","1675","1923","1"
"hazelcast","242b0f9bb3bd45a382ae2f3589d6d4ab6a32ccd6","hazelcast/src/main/java/com/hazelcast/impl/CMap.java","388","0","1","66","1679","1927","3"
"orientdb","7714495a75dd494934a6cfa3c422763d92a19239","server/src/main/java/com/orientechnologies/orient/server/network/protocol/binary/ONetworkProtocolBinary.java","388","0","2","16","2249","2907","1"
"orientdb","40d16818b6e87d3ba2c18c7baf054bc0104cb672","core/src/main/java/com/orientechnologies/orient/core/record/impl/ODocumentHelper.java","389","0","4","18","1188","1501","0"
"orientdb","4ff84b859e3d13248b65486721dda2a5fd268722","core/src/main/java/com/orientechnologies/orient/core/db/document/ODatabaseDocumentAbstract.java","389","0","74","92","2091","3018","0"
"ceylon-ide-eclipse","033cc3cf7caccd3f2cbc674484693987504cb4f9","plugins/com.redhat.ceylon.eclipse.ui/src/com/redhat/ceylon/eclipse/core/builder/CompileErrorReporter.java","39","0","0","0","193","212","0"
"ceylon-ide-eclipse","6034fcf1fb2efbcd5b7923ea19e26afcb4dd3822","plugins/com.redhat.ceylon.eclipse.ui/src/com/redhat/ceylon/eclipse/core/builder/CompileErrorReporter.java","39","0","0","0","196","216","0"
"ceylon-ide-eclipse","c5c15a0b33245f13d9fc7d44db226c0458005f73","plugins/com.redhat.ceylon.eclipse.ui/src/com/redhat/ceylon/eclipse/code/complete/ControlStructureCompletionProposal.java","39","0","0","0","199","217","0"
"ceylon-ide-eclipse","8ac72e61b5d1d52fe7c350f205f667a031f6ac2c","plugins/com.redhat.ceylon.eclipse.ui/src/com/redhat/ceylon/eclipse/code/correct/ConvertIfElseToThenElse.java","39","0","0","0","222","266","0"
"hazelcast","e10683149555d9b72240a7c8b5c3123db37594e6","hazelcast/src/main/java/com/hazelcast/nio/serialization/ByteArrayObjectDataOutput.java","39","0","0","0","246","317","0"
"hazelcast","d53aac421cbf93fdbddb3fecf663800f21c4b638","hazelcast-client/src/main/java/com/hazelcast/client/spi/impl/ClusterListenerThread.java","39","0","0","0","259","288","0"
"hazelcast","8aa6fb962fadb8facc02fce4b33400b1e1621f69","hazelcast-client/src/main/java/com/hazelcast/client/spi/impl/ClusterListenerThread.java","39","0","0","0","260","289","0"
"hazelcast","68e97d70a6af2d3c2efa0e87bec989bb80e0bb44","hazelcast-client/src/main/java/com/hazelcast/client/spi/impl/ClusterListenerThread.java","39","0","0","0","264","293","1"
"netty","8e1007d69326bf2394e596e349d75a96fc006c6e","codec-http/src/main/java/io/netty/handler/codec/spdy/SpdySession.java","39","0","0","0","276","358","0"
"hazelcast","05f9e6021e6859216b8c564cec3c51f83a0f7ebb","hazelcast/src/main/java/com/hazelcast/cache/impl/AbstractInternalCacheProxy.java","39","0","0","0","278","347","3"
"hazelcast","755eae29ec59b3ea173de825f40b90a768cfd989","hazelcast/src/main/java/com/hazelcast/cache/impl/AbstractInternalCacheProxy.java","39","0","0","0","278","347","3"
"hazelcast","8c14b67672af7408fa8b7320fa26ed4ba8a31896","hazelcast/src/main/java/com/hazelcast/cache/impl/AbstractInternalCacheProxy.java","39","0","0","0","278","347","1"
"hazelcast","5b2302ddaf22fee6c5946c96fb655be8abb5762a","hazelcast/src/main/java/com/hazelcast/cache/impl/AbstractInternalCacheProxy.java","39","0","0","0","278","347","0"
"hazelcast","2534b95d1b9d26ff221548d74c8f6c001882c35d","hazelcast/src/main/java/com/hazelcast/nio/serialization/ByteArrayObjectDataInput.java","39","0","0","0","296","522","0"
"netty","67da6e4bf945f771607454dff40334990396ce7b","buffer/src/main/java/io/netty/buffer/PoolArena.java","39","0","0","0","313","396","0"
"elasticsearch","fe89ea1ecf758022dca63118359c6de13b52e565","src/main/java/org/elasticsearch/percolator/QueryCollector.java","39","0","0","0","322","413","0"
"netty","a25c585f39aefc9cfd45d8190239f3443e729c03","buffer/src/main/java/io/netty/buffer/PoolThreadCache.java","39","0","0","0","346","486","0"
"netty","858de5699baacfa0de0810cf8da631f83d6f3e87","buffer/src/main/java/io/netty/buffer/PoolThreadCache.java","39","0","0","0","347","490","1"
"elasticsearch","34662c9e6d2f8a0e15256f8152e7c1e80d853038","core/src/main/java/org/elasticsearch/transport/RemoteClusterConnection.java","39","0","0","0","451","721","1"
"hazelcast","a1e5e1945485995c45c8cd9fcc0c1a63ae75ef6f","hazelcast/src/main/java/com/hazelcast/map/impl/MapServiceContextImpl.java","39","0","0","0","461","561","0"
"elasticsearch","952feb58e41bd0220784c44136b840ea4a740e26","core/src/test/java/org/elasticsearch/search/aggregations/bucket/TermsTests.java","39","0","0","1","167","195","1"
"hazelcast","0603aa048b33b7b63c240c8b0e5c509499c798f7","hazelcast-client/src/main/java/com/hazelcast/client/connection/nio/ClientConnectionManagerImpl.java","39","0","0","1","357","431","0"
"hazelcast","71768d3b6d5aed37f0211853a15e10dc87c776c9","hazelcast-client/src/main/java/com/hazelcast/client/connection/nio/ClientConnectionManagerImpl.java","39","0","0","1","358","432","0"
"hazelcast","4653486efe9e76439d1f23021ab16bc287ac9bfa","hazelcast-client/src/main/java/com/hazelcast/client/connection/nio/ClientConnectionManagerImpl.java","39","0","0","1","361","435","1"
"hazelcast","1db7424d387f04d32e0bea688b1d0337c6f88c11","hazelcast-client/src/main/java/com/hazelcast/client/connection/nio/ClientConnectionManagerImpl.java","39","0","0","1","362","436","5"
"orientdb","a789bccf7422a4af18df2b402856b72b5a27749c","etl/src/main/java/com/orientechnologies/orient/etl/extractor/OJDBCExtractor.java","39","0","0","10","205","250","0"
"neo4j","7723d89e6d1d951e8923fb102da0228db2e4e8f9","community/kernel/src/test/java/org/neo4j/kernel/impl/api/store/StoreSingleNodeCursorTest.java","39","0","0","10","552","681","2"
"neo4j","4f04ee08438d4e1c99095d9d8a9f2ec223af89a9","community/kernel/src/test/java/org/neo4j/kernel/impl/api/store/StoreSingleNodeCursorTest.java","39","0","0","10","553","682","1"
"elasticsearch","2ccc223ff761043807683f34b29c693af6c94d95","core/src/test/java/org/elasticsearch/index/query/MoreLikeThisQueryBuilderTests.java","39","0","0","11","326","396","0"
"elasticsearch","563e7ddc830c991dea210f5ed936b06f5f613ac7","core/src/test/java/org/elasticsearch/index/query/MoreLikeThisQueryBuilderTests.java","39","0","0","11","326","396","0"
"elasticsearch","0189a65e6bfc623813c6c088d19a0509fbeb64da","core/src/test/java/org/elasticsearch/index/query/MoreLikeThisQueryBuilderTests.java","39","0","0","11","326","396","1"
"hazelcast","464ceb2bc27dbe2e0b5d67438073afbd3c75b06b","hazelcast-client-legacy/src/main/java/com/hazelcast/client/connection/nio/ClientConnectionManagerImpl.java","39","0","0","12","356","430","0"
"hazelcast","0603aa048b33b7b63c240c8b0e5c509499c798f7","hazelcast-client-new/src/main/java/com/hazelcast/client/connection/nio/ClientConnectionManagerImpl.java","39","0","0","12","363","437","0"
"hazelcast","71768d3b6d5aed37f0211853a15e10dc87c776c9","hazelcast-client-new/src/main/java/com/hazelcast/client/connection/nio/ClientConnectionManagerImpl.java","39","0","0","12","364","438","0"
"hazelcast","09f2fa4112211c2994eedd606fc8d5d0ca7571eb","hazelcast-client/src/main/java/com/hazelcast/client/connection/nio/ClientConnectionManagerImpl.java","39","0","0","12","365","437","2"
"neo4j","70e2351e3ccf15dc3675c778e2456cb8f6b1a34a","community/kernel/src/main/java/org/neo4j/kernel/impl/coreapi/schema/SchemaImpl.java","39","0","0","12","437","504","1"
"neo4j","9bd62e18d5eed126fd3b3e8393a09f5a57fad514","community/kernel/src/main/java/org/neo4j/kernel/impl/coreapi/schema/SchemaImpl.java","39","0","0","12","445","512","0"
"elasticsearch","73e936a06589a4230285fd86c24f0525986ee0d1","core/src/main/java/org/elasticsearch/index/mapper/AllFieldMapper.java","39","0","0","14","245","320","0"
"elasticsearch","a0818d3b876216c7882b3f6b14c613173409c06c","core/src/test/java/org/elasticsearch/search/aggregations/pipeline/PercentilesBucketIT.java","39","0","0","14","498","612","2"
"elasticsearch","dd21aa41be9300ce7e29e918c9e4a87a9d98db22","core/src/test/java/org/elasticsearch/search/aggregations/pipeline/PercentilesBucketIT.java","39","0","0","14","498","612","1"
"elasticsearch","e74d02138f02a66331b2611b5e70a908bb49cb97","core/src/test/java/org/elasticsearch/search/aggregations/pipeline/PercentilesBucketIT.java","39","0","0","14","498","612","0"
"elasticsearch","046abdc281c321cd2128ee7684c0edfcaca07203","core/src/test/java/org/elasticsearch/search/aggregations/pipeline/PercentilesBucketIT.java","39","0","0","14","499","613","3"
"hazelcast","429f2efd2aae8db7f5328ddf09996a9ed6ff0139","hazelcast-client/src/main/java/com/hazelcast/client/spi/impl/ClientCallFuture.java","39","0","0","15","230","292","1"
"elasticsearch","d885fe62ea680989f1c27a9206f616cc5bae25ce","core/src/main/java/org/elasticsearch/index/search/MultiMatchQuery.java","39","0","0","17","220","293","0"
"ceylon-ide-eclipse","428a7316575fae13e877ed889ec9e7d4260bef05","plugins/com.redhat.ceylon.eclipse.ui/src/com/redhat/ceylon/eclipse/code/refactor/ExtractParameterRefactoring.java","39","0","0","18","326","367","0"
"BroadleafCommerce","7a0a7c403c946be4bbd8ee1abdaa6699931ef834","core/broadleaf-framework/src/main/java/org/broadleafcommerce/core/order/dao/OrderDaoImpl.java","39","0","0","19","310","397","0"
"neo4j","21902a73848847e5fe81baea269f3f8027a62140","community/kernel/src/test/java/org/neo4j/kernel/impl/event/TestTransactionEvents.java","39","0","0","20","1142","1344","0"
"BroadleafCommerce","082ec1011974dff9892bc33f90607bc7f2fa7aca","core/broadleaf-framework/src/main/java/org/broadleafcommerce/core/order/dao/OrderDaoImpl.java","39","0","0","21","344","437","0"
"hazelcast","91c71471a27df97f43aa9f699d8da7fb52fac3dc","hazelcast/src/test/java/com/hazelcast/nio/UTFEncoderDecoderTest.java","39","0","0","23","348","468","1"
"elasticsearch","2f8def11b5109eb80b47422a200bf7b7e07c8467","core/src/main/java/org/elasticsearch/common/xcontent/support/AbstractXContentParser.java","39","0","0","27","307","405","0"
"orientdb","0d271e6eb4c56a0833860751060319e6feaad204","tests/src/test/java/com/orientechnologies/orient/test/database/auto/SchemaTest.java","39","0","0","31","470","664","1"
"elasticsearch","4a30e23365e3da296b3e54223b7dded280b532bd","core/src/main/java/org/elasticsearch/search/fetch/subphase/highlight/FastVectorHighlighter.java","39","0","0","4","202","261","2"
"hazelcast","9a12d6357cf48534678723286b4741f55eb7009c","hazelcast/src/test/java/com/hazelcast/test/HazelcastTestSupport.java","39","0","0","40","333","411","1"
"hazelcast","0a60df25f530116add78d3109773f0bf90f335ea","hazelcast/src/test/java/com/hazelcast/test/HazelcastTestSupport.java","39","0","0","43","347","426","2"
"elasticsearch","7d08940c781e9eb47b27e6999fc40eb6c59aaf22","src/test/java/org/elasticsearch/action/IndicesRequestTests.java","39","0","0","46","757","961","2"
"elasticsearch","2beda3953d75b387d30cf0fba1095f4b766b0b2a","src/test/java/org/elasticsearch/action/IndicesRequestTests.java","39","0","0","46","758","962","0"
"hazelcast","ace44fd3b67cf101b2a239454dd38fc2c033feb8","hazelcast/src/main/java/com/hazelcast/query/impl/ReflectionHelper.java","39","0","0","5","180","223","0"
"netty","e55a1f11b54333697d0bf72047695bcb914c2333","transport/src/main/java/io/netty/channel/socket/aio/AioSocketChannel.java","39","0","0","5","312","428","0"
"elasticsearch","044b3d59cda609b6e3101bc24951f6c564b157f0","core/src/test/java/org/elasticsearch/cluster/routing/allocation/BalanceConfigurationTests.java","39","0","0","5","351","474","0"
"elasticsearch","fb10e595787d5bb0761878bb6a7bd0617a4e65ef","core/src/test/java/org/elasticsearch/cluster/routing/allocation/BalanceConfigurationTests.java","39","0","0","5","352","475","2"
"hazelcast","7001ec8c5b1305c796de75c2e3f170c562db8c03","hazelcast-client/src/test/java/com/hazelcast/client/map/impl/nearcache/ClientMapNearCacheTest.java","39","0","0","58","1020","1324","0"
"orientdb","5637137d4e3704a0d1d7d00ed63b831974e7a9c1","server/src/main/java/com/orientechnologies/orient/server/tx/OTransactionOptimisticProxy.java","39","0","0","6","205","281","1"
"elasticsearch","c9c10273a66df858bca2e45b6b27051c969b78d6","src/test/java/org/elasticsearch/test/unit/cluster/routing/allocation/BalanceConfigurationTests.java","39","0","0","6","396","526","0"
"hazelcast","7001ec8c5b1305c796de75c2e3f170c562db8c03","hazelcast-client/src/test/java/com/hazelcast/client/cache/impl/nearcache/ClientNearCacheTestSupport.java","39","0","0","6","452","612","0"
"orientdb","0b098ecbb27731eae0d6bc55a5750b000a6b9777","graphdb/src/test/java/com/orientechnologies/orient/graph/sql/OMatchStatementExecutionTest.java","39","0","0","69","1257","1540","0"
"elasticsearch","d2507c4ac0477f28b441f83eeac07786fb8f42b4","core/src/test/java/org/elasticsearch/cluster/routing/ShardRoutingTests.java","39","0","0","8","245","326","0"
"hazelcast","46ed7f576f342ec825a6d1b632182fa80103359c","hazelcast/src/main/java/com/hazelcast/instance/HazelcastInstanceFactory.java","39","0","0","8","259","319","0"
"ceylon-ide-eclipse","2254ee6c1d95043ca6eef106218ca4d4dd7ed6e6","plugins/com.redhat.ceylon.eclipse.ui/src/com/redhat/ceylon/eclipse/code/wizard/NewProjectWizard.java","39","0","0","9","282","320","1"
"ceylon-ide-eclipse","3a42c3b0b0cd7353e921e8925b443dc28f95a1d4","plugins/com.redhat.ceylon.eclipse.ui/src/com/redhat/ceylon/eclipse/code/wizard/NewProjectWizard.java","39","0","0","9","286","324","0"
"netty","ca29f1a37d49e86d2b7667ff41cf4dd58e7e1381","transport/src/main/java/io/netty/channel/nio/AbstractNioByteChannel.java","39","0","1","0","197","273","1"
"BroadleafCommerce","4b899b0b30679392365b1286b26fd502eee6594c","admin/broadleaf-open-admin-platform/src/main/java/org/broadleafcommerce/openadmin/web/controller/AdminAbstractController.java","39","0","1","0","286","589","3"
"orientdb","dca6885c95f754e9a03f1366b7f1ed83a9d92ed4","core/src/main/java/com/orientechnologies/orient/core/sql/OCommandExecutorSQLSetAware.java","39","0","1","1","141","209","2"
"orientdb","02ac677170df8ac7ea44599b30aba0788cf53d00","core/src/main/java/com/orientechnologies/orient/core/sql/OCommandExecutorSQLSetAware.java","39","0","1","1","142","210","1"
"elasticsearch","0a69f1e283e26e5d9e6a000b68b9f4778de557a1","core/src/main/java/org/elasticsearch/cluster/settings/Validator.java","39","0","1","1","257","308","2"
"orientdb","a717eb014a6d3a491ebbdb50ba7dcb77c1333102","core/src/test/java/com/orientechnologies/orient/core/tx/IndexChangesInterpretationTest.java","39","0","1","1","264","355","0"
"BroadleafCommerce","b1a58da9c5995e240462e75190bceadf6f12ed7a","core/broadleaf-framework/src/main/java/org/broadleafcommerce/core/search/service/solr/SolrIndexServiceImpl.java","39","0","1","1","265","420","1"
"BroadleafCommerce","711192d5e7efe6d787e38f9b7450cf8d77b2b944","core/broadleaf-framework/src/main/java/org/broadleafcommerce/core/search/service/solr/SolrIndexServiceImpl.java","39","0","1","1","266","421","1"
"BroadleafCommerce","ba189eaef079fcace3b4299706bf8a02d257c58f","admin/broadleaf-admin-module/src/main/java/org/broadleafcommerce/admin/server/service/handler/ProductCustomPersistenceHandler.java","39","0","1","10","323","410","4"
"hazelcast","0dbb30718c00d5c9efd0bae41b174c45984f8f50","hazelcast/src/main/java/com/hazelcast/replicatedmap/impl/record/ReplicationPublisher.java","39","0","1","10","355","434","1"
"hazelcast","7ff5e1a98828060aa9c3839ed89255a9c3be4edc","hazelcast/src/main/java/com/hazelcast/replicatedmap/impl/record/ReplicationPublisher.java","39","0","1","10","355","434","2"
"hazelcast","465d0b08317d9665b8e68c1797f1a096b1635a77","hazelcast/src/main/java/com/hazelcast/replicatedmap/impl/record/ReplicationPublisher.java","39","0","1","10","355","434","0"
"hazelcast","7e9c9a8bacbeae6a864907b841dd7e2f2e4731c4","hazelcast/src/main/java/com/hazelcast/replicatedmap/impl/record/ReplicationPublisher.java","39","0","1","10","356","435","2"
"netty","836ac02ab931088a8608bb33a419fa55f44472d5","transport/src/main/java/io/netty/channel/ThreadPerChannelEventLoopGroup.java","39","0","1","11","215","295","1"
"netty","fc2e6916d996f6f1b16f9478c1c9213007fcbd20","transport/src/main/java/io/netty/channel/ThreadPerChannelEventLoopGroup.java","39","0","1","11","216","296","0"
"netty","a729e0fcd94009905d219665bdd069eb31433b7c","transport/src/main/java/io/netty/channel/ThreadPerChannelEventLoopGroup.java","39","0","1","11","220","313","1"
"hazelcast","324c12ca123c52820e6a271c2095649a57a9844f","hazelcast-client/src/main/java/com/hazelcast/client/spi/impl/listener/ClientSmartListenerService.java","39","0","1","11","367","461","2"
"elasticsearch","4139bb51806305086fb1eaf3dce68b65f4007560","modules/elasticsearch/src/main/java/org/elasticsearch/index/field/data/ints/MultiValueIntFieldData.java","39","0","1","13","189","232","0"
"orientdb","deb33febd5c1e0b590bcbfaaf4de44cc86b278f8","core/src/main/java/com/orientechnologies/common/concur/lock/OLockManager.java","39","0","1","15","190","256","1"
"elasticsearch","105d60ac9c28b1be4ab1e8d04a39c13cf9641c18","modules/test/integration/src/test/java/org/elasticsearch/test/integration/search/facet/SimpleFacetsTests.java","39","0","1","18","1308","1566","0"
"elasticsearch","58c606d6d988cd14f50ab7390704babfaf905b83","modules/test/integration/src/test/java/org/elasticsearch/test/integration/search/facet/SimpleFacetsTests.java","39","0","1","18","1308","1566","0"
"elasticsearch","5d6e84f206c85476d25e4b26e7998db2067e3bac","modules/test/integration/src/test/java/org/elasticsearch/test/integration/search/facet/SimpleFacetsTests.java","39","0","1","18","1308","1566","1"
"elasticsearch","46088b9f8acc057414ba222809b1b6bc3e1a435e","modules/test/integration/src/test/java/org/elasticsearch/test/integration/search/facet/SimpleFacetsTests.java","39","0","1","18","1317","1575","0"
"elasticsearch","90a339ad5e4a61e750d0342be6326de46f45bedc","modules/test/integration/src/test/java/org/elasticsearch/test/integration/search/facet/SimpleFacetsTests.java","39","0","1","18","1321","1579","0"
"elasticsearch","79939222e465543f128fd6b1d46c06eefee7c1ef","modules/test/integration/src/test/java/org/elasticsearch/test/integration/search/facet/SimpleFacetsTests.java","39","0","1","18","1339","1597","0"
"elasticsearch","8bd9e34e39eb586f1180c868f8b07b8c2b2cbdf2","src/main/java/org/apache/lucene/search/vectorhighlight/CustomFieldQuery.java","39","0","1","2","154","196","0"
"elasticsearch","8efa18e6167e276dd220b60c34b516d05252bc22","core/src/main/java/org/elasticsearch/search/aggregations/bucket/histogram/DateHistogramParser.java","39","0","1","2","182","226","2"
"elasticsearch","1d00fe31293ec7e6f7aeb6e067a26c3de1544ad3","core/src/main/java/org/elasticsearch/gateway/PrimaryShardAllocator.java","39","0","1","2","205","291","2"
"elasticsearch","17913c56fb6b0bea9b8740e72f2c4caf93ebdb60","core/src/main/java/org/elasticsearch/gateway/PrimaryShardAllocator.java","39","0","1","2","206","292","1"
"elasticsearch","d0835715c2704aeb9600f1c203bd591a8b77ee68","core/src/main/java/org/elasticsearch/gateway/PrimaryShardAllocator.java","39","0","1","2","207","293","2"
"elasticsearch","087a931cb2ecbae34c4fc87924400c9b6bbd8a41","modules/transport-netty4/src/main/java/org/elasticsearch/transport/netty4/Netty4Transport.java","39","0","1","2","405","543","2"
"netty","20ef4690e74a7a5007468815f070a6c1f5074d0d","transport-native-epoll/src/main/java/io/netty/channel/epoll/EpollDatagramChannel.java","39","0","1","21","365","455","0"
"elasticsearch","d84c643f5880a88d2e5c38b487123161f3e01fe0","core/src/test/java/org/elasticsearch/index/mapper/geo/GeoPointFieldMapperTests.java","39","0","1","22","723","882","0"
"elasticsearch","10e2528cceb404165822862602eb1326ccb1fba5","src/test/java/org/elasticsearch/percolator/PercolatorTests.java","39","0","1","24","1318","1533","0"
"BroadleafCommerce","fcf2ebaf048aa8199952c7c63b351c011f495256","core/broadleaf-framework/src/main/java/org/broadleafcommerce/core/offer/service/discount/domain/PromotableOrderImpl.java","39","0","1","26","257","334","1"
"hazelcast","f963f01955d48c55538ee86b08004a22232a050b","hazelcast/src/main/java/com/hazelcast/client/ClientEngineImpl.java","39","0","1","26","336","412","0"
"elasticsearch","9077bb6528f843ca8042ff95f8fac47140ef5aa1","modules/elasticsearch/src/main/java/org/elasticsearch/index/mapper/xcontent/geo/GeoPointFieldMapper.java","39","0","1","27","308","408","0"
"hazelcast","3f7fe149b46863191307baa8ab504a6eaf77b0cc","hazelcast/src/main/java/com/hazelcast/client/ClientEngineImpl.java","39","0","1","27","339","416","0"
"BroadleafCommerce","188a31ed12b933e8d4c2387911c8c710d6526a8d","core/broadleaf-framework/src/main/java/org/broadleafcommerce/core/offer/service/discount/domain/PromotableOrderImpl.java","39","0","1","29","262","341","0"
"BroadleafCommerce","a943eeae9ff5398e1779755ad265d6e1eb0e094c","core/broadleaf-framework/src/main/java/org/broadleafcommerce/core/offer/service/discount/domain/PromotableOrderImpl.java","39","0","1","29","262","344","1"
"elasticsearch","5b62c2ae26e541e50800b31f5f1e9a14419cbf7b","src/main/java/org/elasticsearch/index/query/FieldQueryParser.java","39","0","1","3","124","165","0"
"elasticsearch","7e1eed9814f32cb7a30481afdf3133bc8f44009e","src/main/java/org/elasticsearch/index/query/RangeFilterParser.java","39","0","1","3","136","173","0"
"elasticsearch","37287284e64a0e91ab400a16b187e719b55c8929","src/main/java/org/elasticsearch/common/joda/DateMathParser.java","39","0","1","3","166","211","1"
"elasticsearch","7aa4c7e256ed2083fa5a10caaf06c578969d118e","src/main/java/org/elasticsearch/gateway/GatewayMetaState.java","39","0","1","3","193","255","1"
"BroadleafCommerce","304ae415140053a2786fe7f835c51faf15349421","core/broadleaf-framework/src/main/java/org/broadleafcommerce/core/offer/service/discount/domain/PromotableOrderImpl.java","39","0","1","30","268","351","1"
"elasticsearch","32f1edf6f7fd90122f8470e398bff6aa246c5d15","modules/elasticsearch/src/main/java/org/elasticsearch/index/percolator/PercolatorExecutor.java","39","0","1","30","358","449","0"
"hazelcast","b753aeeb27f1b35ef0e8043027a09001e02abf62","hazelcast/src/test/java/com/hazelcast/map/impl/mapstore/MapLoaderTest.java","39","0","1","30","675","826","4"
"orientdb","6291aad36ffcf5634db0e0f102f12d545dc4aa94","core/src/main/java/com/orientechnologies/orient/core/db/OrientDBEmbedded.java","39","0","1","31","362","448","0"
"orientdb","8eb993b603e4850d756d7a5f665afa01f0778231","core/src/main/java/com/orientechnologies/orient/core/db/OrientDBEmbedded.java","39","0","1","31","362","449","1"
"elasticsearch","3ce7b119d28e7d1be7284bd804606a65c2d1a383","modules/percolator/src/test/java/org/elasticsearch/percolator/PercolatorIT.java","39","0","1","32","1615","1840","0"
"hazelcast","59ca7b99475abfe77953a65f5bee08c809821fa4","hazelcast/src/main/java/com/hazelcast/cache/impl/AbstractCacheService.java","39","0","1","32","331","398","3"
"BroadleafCommerce","7da760ada0cf3c3164075c970c90d47e36b4bef4","admin/broadleaf-open-admin-platform/src/main/java/org/broadleafcommerce/openadmin/dto/AdornedTargetList.java","39","0","1","34","194","262","0"
"elasticsearch","e34a35244cac6981b03d8c0a7f05e8a2f2942c55","src/test/java/org/elasticsearch/search/child/SimpleChildQuerySearchTests.java","39","0","1","36","1836","2192","2"
"elasticsearch","38f038f899f2b321a4d691343514b0392411bbbc","src/test/java/org/elasticsearch/search/child/SimpleChildQuerySearchTests.java","39","0","1","36","1836","2193","0"
"elasticsearch","79939222e465543f128fd6b1d46c06eefee7c1ef","modules/elasticsearch/src/main/java/org/elasticsearch/search/facet/geodistance/GeoDistanceFacetProcessor.java","39","0","1","4","149","194","0"
"orientdb","5faebee4df823f6b5639fb934ae31252e8893687","core/src/main/java/com/orientechnologies/orient/core/sql/executor/MatchEdgeTraverser.java","39","0","1","4","169","208","0"
"elasticsearch","99f4f09b843570ed1e0264374e59ff51554be35a","core/src/main/java/org/elasticsearch/index/query/TermsQueryParser.java","39","0","1","4","171","217","0"
"elasticsearch","3274e7ea6fd74073c30e5194c3447b1707e8b708","src/main/java/org/elasticsearch/search/fetch/FetchPhase.java","39","0","1","4","185","234","1"
"ceylon-ide-eclipse","5b4c3eac8a7c12c0125a77343e602b4e73083595","plugins/com.redhat.ceylon.eclipse.ui/src/com/redhat/ceylon/eclipse/code/editor/AdditionalAnnotationCreator.java","39","0","1","4","256","297","0"
"elasticsearch","495bf21b461ee15834a81b8f6a1b2311e4058bf6","core/src/main/java/org/elasticsearch/cluster/metadata/MetaDataUpdateSettingsService.java","39","0","1","4","256","338","1"
"elasticsearch","2620200ff7d945c5bc17d2b854b4a6a92fd2120e","core/src/main/java/org/elasticsearch/cluster/metadata/MetaDataUpdateSettingsService.java","39","0","1","4","257","339","1"
"elasticsearch","e13db1b269a070f739cff28094ebe949464ca501","core/src/main/java/org/elasticsearch/cluster/metadata/MetaDataUpdateSettingsService.java","39","0","1","4","257","342","0"
"netty","38b054c65cc655bb4966517abeb32c1246c5c7e3","transport/src/test/java/io/netty/channel/DefaultChannelPipelineTest.java","39","0","1","49","1158","1413","1"
"netty","4c186c4c41d6eaa55086e4017fb6e3b4af13397f","codec-http2/src/main/java/io/netty/handler/codec/http2/CompressorHttp2ConnectionEncoder.java","39","0","1","5","204","314","1"
"netty","844976a0a2a940eb28293e3f74bc133cbbde0bac","codec-http2/src/main/java/io/netty/handler/codec/http2/CompressorHttp2ConnectionEncoder.java","39","0","1","5","207","320","0"
"netty","119383873d84e0da24916e4240e5fdfc4dc0016d","transport/src/test/java/io/netty/channel/DefaultChannelPipelineTest.java","39","0","1","50","1184","1442","0"
"netty","50b97689285003618dc8b7c43365eb4cda0ffc1d","codec-http/src/main/java/io/netty/handler/codec/http/HttpContentEncoder.java","39","0","1","7","216","341","1"
"hazelcast","ed16dbda736c003ef0427c3c8594d9ca482314ab","hazelcast/src/main/java/com/hazelcast/instance/HazelcastInstanceFactory.java","39","0","1","7","266","336","0"
"elasticsearch","589360c8b1a46c1509c7e589f06124b91cb3dbaf","src/test/java/org/elasticsearch/routing/SimpleRoutingTests.java","39","0","1","7","370","448","2"
"elasticsearch","4ff1b429f1351c17ae5f3a4338a7ac33db49ef70","modules/elasticsearch/src/main/java/org/elasticsearch/index/gateway/CommitPoints.java","39","0","1","8","162","203","0"
"hazelcast","48b3eb36612983c4d27ae67be34563ed02665971","hazelcast/src/main/java/com/hazelcast/mapreduce/impl/MapReduceUtil.java","39","0","1","9","242","306","0"
"elasticsearch","c9aca9c6ded5c955c67ef26fc2e1f8297d4fba97","modules/elasticsearch/src/main/java/org/elasticsearch/cluster/service/InternalClusterService.java","39","0","1","9","252","327","1"
"hazelcast","68d27904e2dff1ea4d2f60aec52fc0f1db7de58e","hazelcast/src/main/java/com/hazelcast/spi/impl/servicemanager/impl/ServiceManagerImpl.java","39","0","1","9","321","382","0"
"hazelcast","0a61d1993c8cf9dee111af675c9a52fc605aec63","hazelcast/src/main/java/com/hazelcast/spi/impl/servicemanager/impl/ServiceManagerImpl.java","39","0","1","9","327","388","1"
"hazelcast","40599f3c1a0985c7953c537a378e86d290744a88","hazelcast/src/main/java/com/hazelcast/spi/impl/servicemanager/impl/ServiceManagerImpl.java","39","0","1","9","327","388","1"
"hazelcast","12c89254274d2c4379de64ed009e9cda5d724fdb","hazelcast/src/main/java/com/hazelcast/spi/impl/servicemanager/impl/ServiceManagerImpl.java","39","0","1","9","327","388","0"
"hazelcast","6817c4cedd534da777049b687c8a594a170654d7","hazelcast/src/main/java/com/hazelcast/spi/impl/servicemanager/impl/ServiceManagerImpl.java","39","0","1","9","328","389","0"
"netty","a80ea46b8e6d3b225547ae138a357101b0381268","common/src/main/java/io/netty/util/ResourceLeakDetector.java","39","0","10","1","335","490","1"
"netty","ccd1d777144d88edd78cb25c17887347d2b80bb2","common/src/main/java/io/netty/util/ResourceLeakDetector.java","39","0","11","1","334","517","1"
"BroadleafCommerce","5d35a00b117295257b76021e92e0cc6034536c72","core/broadleaf-framework-web/src/main/java/org/broadleafcommerce/core/web/controller/checkout/BroadleafCheckoutController.java","39","0","11","10","379","660","1"
"BroadleafCommerce","c5097fa914c5e97733a30f336d41017ef2498331","core/broadleaf-framework-web/src/main/java/org/broadleafcommerce/core/web/controller/checkout/BroadleafCheckoutController.java","39","0","11","10","379","660","1"
"BroadleafCommerce","3fcccc564d435591c344e775757fbc04e6f86e2f","core/broadleaf-framework-web/src/main/java/org/broadleafcommerce/core/web/controller/checkout/BroadleafCheckoutController.java","39","0","11","10","379","660","0"
"elasticsearch","1e7c42447999421ea789d51279496017d34b15d0","core/src/main/java/org/elasticsearch/node/Node.java","39","0","11","2","657","923","0"
"elasticsearch","2a328034ef722b5f359caeeafbb33715098635d0","core/src/main/java/org/elasticsearch/node/Node.java","39","0","11","2","657","923","0"
"elasticsearch","48bfb142b97bc32542f73bece4bf19bce57554c8","core/src/main/java/org/elasticsearch/node/Node.java","39","0","11","2","657","923","1"
"elasticsearch","18f57c05cf14a567e453df886a82fb77731da578","core/src/main/java/org/elasticsearch/threadpool/ThreadPool.java","39","0","11","32","582","829","0"
"BroadleafCommerce","1e8b29ba6d27d72811406cce7db53ed3fa903475","core/broadleaf-framework-web/src/main/java/org/broadleafcommerce/core/web/controller/cart/BroadleafCartController.java","39","0","11","9","284","526","0"
"elasticsearch","3aed047bdedde1bda189cbfc2f81e65af42e57c5","core/src/main/java/org/elasticsearch/search/sort/ScriptSortBuilder.java","39","0","12","10","305","419","0"
"elasticsearch","6174e21f47244b6d5153d7d0cc1fe28fe863399d","core/src/main/java/org/elasticsearch/search/sort/ScriptSortBuilder.java","39","0","12","10","308","422","1"
"elasticsearch","b0beb3c8e1e3fbe726e6284032f9c2d8c4f492de","src/main/java/org/elasticsearch/repositories/RepositoriesService.java","39","0","13","1","317","504","1"
"elasticsearch","91c7892305472040ea42aead4ba755f0f9736c8b","src/main/java/org/elasticsearch/repositories/RepositoriesService.java","39","0","13","1","321","509","0"
"netty","16be36a55fded330a92a4869e127b6b7249c6d13","codec-http/src/main/java/io/netty/handler/codec/http/websocketx/WebSocketClientHandshaker.java","39","0","14","0","265","471","0"
"netty","379ac890f4dbec15d19714711f85455a12112c3f","handler/src/main/java/io/netty/handler/ssl/OpenSsl.java","39","0","14","0","380","520","1"
"netty","5e649850898889a8d2f1e526db610a8fca19c1ff","resolver-dns/src/main/java/io/netty/resolver/dns/DnsNameResolver.java","39","0","19","0","433","637","1"
"netty","804e058e27e16e346b565ce4490f6177574e267d","resolver-dns/src/main/java/io/netty/resolver/dns/DnsNameResolver.java","39","0","19","0","437","641","0"
"hazelcast","6d05ed2b03448161752d3f5811d6151017b523a1","hazelcast/src/main/java/com/hazelcast/cache/impl/AbstractHazelcastCacheManager.java","39","0","2","13","271","355","1"
"hazelcast","909a19cfcbd4a6b25e4748445bbb631af3233166","hazelcast/src/main/java/com/hazelcast/cache/impl/AbstractHazelcastCacheManager.java","39","0","2","13","271","355","2"
"hazelcast","e7c7af998df4c52b7a3f9bfcbbb6db971d183982","hazelcast/src/main/java/com/hazelcast/cache/impl/AbstractHazelcastCacheManager.java","39","0","2","13","271","355","0"
"hazelcast","5b2302ddaf22fee6c5946c96fb655be8abb5762a","hazelcast/src/main/java/com/hazelcast/cache/impl/AbstractHazelcastCacheManager.java","39","0","2","13","283","369","0"
"hazelcast","5b2302ddaf22fee6c5946c96fb655be8abb5762a","hazelcast/src/main/java/com/hazelcast/cache/impl/AbstractHazelcastCacheManager.java","39","0","2","13","283","369","0"
"hazelcast","f181f48d2e7a1261553d47e389454dae9f01cc35","hazelcast/src/main/java/com/hazelcast/cache/impl/AbstractHazelcastCacheManager.java","39","0","2","13","283","369","0"
"hazelcast","8c14b67672af7408fa8b7320fa26ed4ba8a31896","hazelcast/src/main/java/com/hazelcast/cache/impl/AbstractHazelcastCacheManager.java","39","0","2","13","283","369","1"
"hazelcast","37da3959df4151b304b211df87a6b900c0169cc5","hazelcast/src/main/java/com/hazelcast/cache/impl/AbstractHazelcastCacheManager.java","39","0","2","13","296","390","2"
"hazelcast","3af9c0792b640c4eb629a23025e5218871effc3c","hazelcast/src/main/java/com/hazelcast/cache/impl/AbstractHazelcastCacheManager.java","39","0","2","13","296","390","2"
"hazelcast","b20667d97929fe1237b2d14d06fdea389e2c9801","hazelcast/src/main/java/com/hazelcast/cache/impl/AbstractHazelcastCacheManager.java","39","0","2","13","296","390","4"
"hazelcast","fa83abec872f0116026f5abc9722ddc15803a6a3","hazelcast/src/main/java/com/hazelcast/cache/impl/AbstractHazelcastCacheManager.java","39","0","2","13","296","390","1"
"hazelcast","7585eb4ecd65d6f538da1cc33ad2853fd3bb17e3","hazelcast/src/main/java/com/hazelcast/cache/impl/AbstractHazelcastCacheManager.java","39","0","2","13","296","390","0"
"hazelcast","31b746bc11a9f8f1787e58c7f4139784dfb5c404","hazelcast/src/main/java/com/hazelcast/cache/impl/AbstractHazelcastCacheManager.java","39","0","2","13","309","405","1"
"elasticsearch","11e4b0168bf73cf10c1d5c3e81aef1036746ee06","core/src/test/java/org/elasticsearch/index/query/RangeQueryBuilderTests.java","39","0","2","13","459","547","0"
"orientdb","65f086eb452cac1fc83cfac710303c5b020d0697","core/src/main/java/com/orientechnologies/common/concur/lock/OOneEntryPerKeyLockManager.java","39","0","2","14","202","277","0"
"hazelcast","895c167beb733f0d881ef57bf1238f7c25e19276","hazelcast/src/main/java/com/hazelcast/nio/IOUtil.java","39","0","2","17","256","317","0"
"elasticsearch","371c73e14023917f3892090d2d3d7ff9ac1216b9","core/src/main/java/org/elasticsearch/index/mapper/ip/LegacyIpFieldMapper.java","39","0","2","18","280","352","3"
"elasticsearch","78574d248cf10dad1c5a566fda79e1e0c94afe43","core/src/main/java/org/elasticsearch/index/mapper/ip/LegacyIpFieldMapper.java","39","0","2","18","280","352","2"
"elasticsearch","e6aaaf11ed4a1b8f595f920de1840938eddb7a97","core/src/main/java/org/elasticsearch/index/mapper/ip/LegacyIpFieldMapper.java","39","0","2","18","280","352","2"
"elasticsearch","a60b8948ba1d836a6eac7cff095519e618939ed8","core/src/main/java/org/elasticsearch/index/mapper/ip/LegacyIpFieldMapper.java","39","0","2","18","280","352","0"
"elasticsearch","9080f51340b1b26f8bd171b4c82de8d87ad42b55","core/src/main/java/org/elasticsearch/index/mapper/ip/IpFieldMapper.java","39","0","2","19","285","358","1"
"elasticsearch","4b94eb5cb8cc4294ed0e932a5f22c16bd90d4dd7","core/src/main/java/org/elasticsearch/action/bulk/TransportBulkAction.java","39","0","2","2","309","380","3"
"hazelcast","d299be2b26d3fe43ecd8d7a4f5230614af902a5e","hazelcast/src/test/java/com/hazelcast/test/AbstractHazelcastClassRunner.java","39","0","2","2","364","456","0"
"hazelcast","161de1152b4bac49dc6ae1aaf1269aa2c9c204c2","hazelcast/src/test/java/com/hazelcast/test/AbstractHazelcastClassRunner.java","39","0","2","2","365","457","0"
"elasticsearch","4e2dd770aab15857d8f7a01d25d941908498ccb6","src/main/java/org/elasticsearch/index/mapper/ip/IpFieldMapper.java","39","0","2","23","301","373","0"
"netty","227e67900e35f0d01fbf3f4aca86877aefa52d79","codec-http2/src/main/java/io/netty/handler/codec/http2/DefaultHttp2ConnectionEncoder.java","39","0","2","24","345","458","1"
"netty","231e6a5b7d92a7455b5c64f8e4a71a6fcc73cfd1","codec/src/main/java/io/netty/handler/codec/json/JsonObjectDecoder.java","39","0","2","3","150","236","0"
"elasticsearch","47f92d7c621eb0b0e4cf350ae21c8553592a324f","core/src/test/java/org/elasticsearch/index/query/QueryStringQueryBuilderTests.java","39","0","2","30","819","945","1"
"elasticsearch","4bce7271659889d839388d7df5c61a6d2a5c3c7a","core/src/test/java/org/elasticsearch/index/query/QueryStringQueryBuilderTests.java","39","0","2","32","856","993","0"
"netty","9d4fae308c09a2c759dc67db765d311154c8d977","transport-native-epoll/src/main/java/io/netty/channel/epoll/EpollDatagramChannelConfig.java","39","0","2","33","296","363","1"
"netty","3e5dcb5f3efbb26d5e6cf4cd229b03c285d62462","transport-native-epoll/src/main/java/io/netty/channel/epoll/EpollDatagramChannelConfig.java","39","0","2","34","304","372","0"
"neo4j","a04c0ff1606865897edea265bfc46e445b3ff481","community/logging/src/test/java/org/neo4j/logging/AssertableLogProvider.java","39","0","2","39","545","650","1"
"antlr4","38739cec5e18a3f9cab9a408b3d9f8fa8c01029e","antlr4-maven-plugin/src/main/java/org/antlr/mojo/antlr4/Antlr4Mojo.java","39","0","2","4","268","510","0"
"neo4j","e3cce44754a86a232bdb6dc3666c86d30edd3bfb","community/logging/src/test/java/org/neo4j/logging/AssertableLogProvider.java","39","0","2","40","554","661","0"
"neo4j","3ec0e927cb481a29815bc3237d2e53fd7cadd271","community/logging/src/test/java/org/neo4j/logging/AssertableLogProvider.java","39","0","2","40","567","676","0"
"orientdb","ea29dd420d87d2a78ca436639a9a191eb8ddc89f","core/src/main/java/com/orientechnologies/orient/core/sql/OCommandExecutorSQLAlterClass.java","39","0","2","5","139","201","0"
"elasticsearch","278e5d3a430289b82a6c8a4ed560f3ec96691939","src/main/java/org/elasticsearch/transport/netty/MessageChannelHandler.java","39","0","2","5","286","386","0"
"netty","1a7d1f70239bc35ab94fa6444ef9846fd71de309","handler/src/main/java/io/netty/handler/stream/ChunkedWriteHandler.java","39","0","2","7","255","348","0"
"elasticsearch","5ebc238a259d189ad35f9e5117c7e6bf0f56e6cc","src/main/java/org/elasticsearch/index/translog/Translog.java","39","0","20","80","501","704","1"
"elasticsearch","af119dfdd95667ea9d92de8e644448fbdc285b4f","src/main/java/org/elasticsearch/index/translog/Translog.java","39","0","20","81","508","714","0"
"hazelcast","565257f977407eb3a0199d082860209c2958f5f9","hazelcast/src/main/java/com/hazelcast/util/collection/Long2ObjectHashMap.java","39","0","25","19","381","580","1"
"hazelcast","565257f977407eb3a0199d082860209c2958f5f9","hazelcast/src/main/java/com/hazelcast/util/collection/Int2ObjectHashMap.java","39","0","25","19","381","627","1"
"hazelcast","564167c1f93b32ce742411106e9ae67eae88a801","hazelcast/src/main/java/com/hazelcast/util/collection/Int2ObjectHashMap.java","39","0","25","19","385","608","0"
"hazelcast","564167c1f93b32ce742411106e9ae67eae88a801","hazelcast/src/main/java/com/hazelcast/util/collection/Long2ObjectHashMap.java","39","0","25","19","386","591","0"
"elasticsearch","10e2528cceb404165822862602eb1326ccb1fba5","src/main/java/org/elasticsearch/search/highlight/HighlightBuilder.java","39","0","26","13","302","510","0"
"elasticsearch","702b2abd1ba59f8541c9209405f15f679d65f401","src/main/java/org/elasticsearch/index/translog/Translog.java","39","0","26","78","517","748","1"
"elasticsearch","0f1c779d2c2aa3ddc482cb813f82f8e230729822","src/main/java/org/elasticsearch/index/translog/Translog.java","39","0","26","78","517","750","0"
"neo4j","906539fcd1c388e4bfb70ec91e06ee3270e985f7","community/import-tool/src/main/java/org/neo4j/tooling/ImportTool.java","39","0","3","0","556","652","1"
"neo4j","aefe9861c7754703b96470fda5beed01ebf445be","community/import-tool/src/main/java/org/neo4j/tooling/ImportTool.java","39","0","3","0","562","659","0"
"netty","bf0a53179a3057ac075c1192f80917ddd5ee1d9e","codec-http2/src/main/java/io/netty/handler/codec/http2/Http2FrameCodec.java","39","0","3","1","395","636","0"
"BroadleafCommerce","f685267de6b85bec3f3c318e64e27decbb02e4df","common/src/main/java/org/broadleafcommerce/common/util/sql/HibernateToolTask.java","39","0","3","12","277","350","1"
"elasticsearch","fb377d48bd12fe43b0c9e5c7658b93d38f8ae708","src/main/java/org/elasticsearch/indices/cache/query/IndicesQueryCache.java","39","0","3","13","403","548","1"
"orientdb","5a252db3fc98fde3fb09313b4e1ac856e15c6388","core/src/main/java/com/orientechnologies/orient/core/config/OGlobalConfiguration.java","39","0","3","14","683","1063","1"
"orientdb","2621f13ac9fcec9d191c3af57271270546d8920f","core/src/main/java/com/orientechnologies/orient/core/config/OGlobalConfiguration.java","39","0","3","14","687","1070","2"
"orientdb","fa7d5c3b04dd95177f06628827c28294c06bb714","core/src/main/java/com/orientechnologies/orient/core/config/OGlobalConfiguration.java","39","0","3","14","687","1071","3"
"orientdb","5812204936494a54889d51af4bca0f69a52372f1","core/src/main/java/com/orientechnologies/orient/core/config/OGlobalConfiguration.java","39","0","3","14","691","1075","1"
"orientdb","202ca5e408bdf2c426b446e8369a915997e6b503","core/src/main/java/com/orientechnologies/orient/core/config/OGlobalConfiguration.java","39","0","3","14","704","1147","1"
"orientdb","c902353d86924562826c9114fd6a1242a65ada6d","core/src/main/java/com/orientechnologies/orient/core/config/OGlobalConfiguration.java","39","0","3","14","704","1152","0"
"orientdb","0d4f28534ef36cda6d883170883ca892ae57dec8","core/src/main/java/com/orientechnologies/orient/core/config/OGlobalConfiguration.java","39","0","3","14","708","1157","1"
"BroadleafCommerce","9b556e9914c84a41ae10f07813ea46a5d2023f27","common/src/main/java/org/broadleafcommerce/common/web/BroadleafSandBoxResolverImpl.java","39","0","3","2","194","295","0"
"elasticsearch","b4d1d899d2d91cce8677deb0930ae622121d1ca1","src/main/java/org/elasticsearch/index/mapper/internal/ParentFieldMapper.java","39","0","3","24","280","363","0"
"netty","c0bb070876834643d0ff9b0089fba65aa25c474e","handler/src/main/java/io/netty/handler/stream/ChunkedWriteHandler.java","39","0","3","5","231","348","1"
"netty","7016b83629ac8ad734b896e4ee34c44cd4dc3788","handler/src/main/java/io/netty/handler/stream/ChunkedWriteHandler.java","39","0","3","5","240","362","2"
"netty","9ff234abedb92596b3c0c2f8c3a969cb533f7cc3","handler/src/main/java/io/netty/handler/stream/ChunkedWriteHandler.java","39","0","3","6","255","364","0"
"BroadleafCommerce","df1d13c99109dd815c7ebb991cb12010a2688fab","admin/broadleaf-contentmanagement-module/src/main/java/org/broadleafcommerce/cms/page/service/PageServiceImpl.java","39","0","3","7","239","334","0"
"elasticsearch","103984a4a16af1c12f03c631ff449a7948dde713","core/src/main/java/org/elasticsearch/discovery/zen/UnicastZenPing.java","39","0","3","8","511","667","2"
"orientdb","31025b47a1a2fd4a94b08cd2a82af0ab1187e0c9","core/src/main/java/com/orientechnologies/orient/core/storage/impl/local/statistic/OStoragePerformanceStatistic.java","39","0","31","0","325","665","1"
"orientdb","5f30f708e8f3f6676d5911895c4042496d0dc1fd","core/src/main/java/com/orientechnologies/orient/core/storage/impl/local/statistic/OStoragePerformanceStatistic.java","39","0","31","0","332","672","0"
"elasticsearch","71849668e9d05fa72efabb83654aa5a3293c309b","src/main/java/org/elasticsearch/action/update/UpdateRequest.java","39","0","36","20","400","618","1"
"netty","36c6a61d33c480798511723486459f4eea04cb47","resolver-dns/src/main/java/io/netty/resolver/dns/UnixResolverDnsServerAddressStreamProvider.java","39","0","4","1","167","234","1"
"netty","4c6d946fbadfb14806f8232b844c5e6a26eff2de","resolver-dns/src/main/java/io/netty/resolver/dns/UnixResolverDnsServerAddressStreamProvider.java","39","0","4","1","167","234","1"
"netty","e074df2ae6501d99921543369198c53e4d99ed1b","resolver-dns/src/main/java/io/netty/resolver/dns/UnixResolverDnsServerAddressStreamProvider.java","39","0","4","1","167","234","0"
"hazelcast","a307b7929d169054db70b9dce648d8ade5b84851","hazelcast-jclouds/src/main/java/com/hazelcast/jclouds/ComputeServiceBuilder.java","39","0","4","1","226","302","1"
"titan","4bb50eed4955f432a43b0a5b60ed6357ba14f004","src/test/java/com/thinkaurelius/titan/graphdb/TitanGraphTest.java","39","0","4","11","507","613","1"
"titan","924872055980faf1f2c1545be81f247e722cc961","src/test/java/com/thinkaurelius/titan/graphdb/TitanGraphTest.java","39","0","4","11","512","617","0"
"titan","dfa482899dc5f4461457b5999de97afb7c285895","src/test/java/com/thinkaurelius/titan/graphdb/TitanGraphTest.java","39","0","4","11","514","620","0"
"titan","bc1e73742882df152df3fc4e41ab3a90754e1292","src/test/java/com/thinkaurelius/titan/graphdb/TitanGraphTest.java","39","0","4","11","515","623","0"
"elasticsearch","203f8433c20ff8a383557ed9a7f801cb26bb3aa1","core/src/main/java/org/elasticsearch/index/query/SimpleQueryParser.java","39","0","4","2","237","333","2"
"hazelcast","772b5217030e0fb94bf07a00d9b5e7b275a82030","hazelcast/src/test/java/com/hazelcast/map/impl/query/QueryBasicTest.java","39","0","4","37","769","884","0"
"BroadleafCommerce","0b82dddef8d8a719cf608eae326d394cb23b6218","core/broadleaf-framework/src/main/java/org/broadleafcommerce/core/offer/domain/OfferImpl.java","39","0","4","77","696","857","3"
"BroadleafCommerce","e537514341f2711dbf6138bd2e0c9f7c24351122","core/broadleaf-framework/src/main/java/org/broadleafcommerce/core/offer/domain/OfferImpl.java","39","0","4","77","697","858","1"
"elasticsearch","43e374f793ead07f8dfcc0acd77c2722fcde6a64","src/main/java/org/elasticsearch/action/update/UpdateRequest.java","39","0","40","21","424","662","0"
"elasticsearch","4b94eb5cb8cc4294ed0e932a5f22c16bd90d4dd7","core/src/main/java/org/elasticsearch/action/admin/cluster/stats/ClusterStatsNodes.java","39","0","5","29","457","577","2"
"elasticsearch","860efb2ad28db09189c8423e05d0dba53010259c","core/src/main/java/org/elasticsearch/action/admin/cluster/stats/ClusterStatsNodes.java","39","0","5","29","457","577","2"
"elasticsearch","d3417fb02291f26964d77767020ef345d18c148f","core/src/main/java/org/elasticsearch/action/admin/cluster/stats/ClusterStatsNodes.java","39","0","5","29","457","577","0"
"elasticsearch","a94fb92ac5936e137cee028fc96d73bd7dc3a03d","src/main/java/org/elasticsearch/search/aggregations/support/ValuesSource.java","39","0","5","87","567","728","0"
"elasticsearch","f30a0e846dd6a5127bddc4e4e3d3159e3841b549","src/main/java/org/elasticsearch/search/aggregations/support/ValuesSource.java","39","0","5","87","568","729","1"
"titan","7720850da32092290f6ee0e375eb22cb367a3310","src/main/java/com/thinkaurelius/faunus/FaunusPipeline.java","39","0","51","3","667","1140","0"
"elasticsearch","96a92da682f71f49764affeed5629b32d8f226d3","core/src/test/java/org/elasticsearch/search/suggest/CompletionSuggestSearchIT.java","39","0","6","35","958","1163","0"
"ceylon-ide-eclipse","6543abbc46412285094909a7f50453f8de782b7a","plugins/com.redhat.ceylon.eclipse.ui/src/com/redhat/ceylon/eclipse/ui/CeylonPlugin.java","39","0","7","23","638","792","0"
"netty","c4fbc0642de213774c479b3fb61d5f05abc8fc62","codec/src/main/java/io/netty/handler/codec/ByteToMessageDecoder.java","39","0","7","5","259","465","1"
"elasticsearch","7c5a954b93ee2c3b65222aee35266f3ca479512a","src/main/java/org/elasticsearch/common/geo/builders/BasePolygonBuilder.java","39","0","7","9","286","471","1"
"elasticsearch","be19ccef573b4e9a839159157d7e6c2645261897","core/src/main/java/org/elasticsearch/gateway/AsyncShardFetch.java","39","0","8","3","290","428","0"
"oryx","eb36daaf73ce1e658c78fd6993685351fbd7c580","app/oryx-app-serving/src/main/java/com/cloudera/oryx/app/serving/als/model/ALSServingModel.java","39","0","8","9","364","513","0"
"elasticsearch","175bda64a026b1a5a33f7e505cf4e17ce9d05c0f","core/src/main/java/org/elasticsearch/threadpool/ThreadPool.java","39","0","9","33","573","791","1"
"elasticsearch","eeac4b9721d42ad133996c07e812035ca767cb22","core/src/main/java/org/elasticsearch/common/lucene/search/MultiPhrasePrefixQuery.java","39","0","9","5","219","317","0"
"hazelcast","32dd392e9e5a25c0463ddd1ccb27a0b671296cc7","hazelcast/src/main/java/com/hazelcast/impl/CMap.java","390","0","3","65","1684","1947","0"
"orientdb","de206edd54c5f37bb337d15fb51d78d47dd38b8c","core/src/main/java/com/orientechnologies/orient/core/record/impl/ODocumentHelper.java","390","0","4","18","1200","1506","1"
"orientdb","1a8d4d6d1b489ef24d1343a420d687ef4934f214","core/src/main/java/com/orientechnologies/orient/core/db/document/ODatabaseDocumentTx.java","391","0","82","82","2069","3085","1"
"orientdb","58a69086d40df6f8f824b069d343eda7852df1be","core/src/main/java/com/orientechnologies/orient/core/db/document/ODatabaseDocumentTx.java","391","0","83","82","2072","3061","0"
"orientdb","a5056da587504ed30cc24efee387c0772d289346","core/src/main/java/com/orientechnologies/orient/core/sql/parser/OrientSql.java","3911","0","12","113","11668","12545","4"
"orientdb","399dad0757d5b59c38c55ba5fbb71d45c408e1fc","core/src/main/java/com/orientechnologies/orient/core/sql/parser/OrientSql.java","3923","0","12","114","11774","12662","1"
"orientdb","140e82bfde96cb77317208169d89f8c6bba7d83f","core/src/main/java/com/orientechnologies/orient/core/sql/parser/OrientSql.java","3924","0","12","114","11715","12594","5"
"hazelcast","517d5f5e81fd6759fd7b648ea5f385942fb601c8","hazelcast/src/main/java/com/hazelcast/impl/CMap.java","393","0","3","65","1687","1949","1"
"orientdb","330416b3db551d1aa8106e36d9aa133804a0be52","core/src/main/java/com/orientechnologies/orient/core/sql/parser/OrientSql.java","3932","0","12","114","11743","12624","4"
"orientdb","1c7b2a2d27182c354b402b3f61663d8fa73c91eb","core/src/main/java/com/orientechnologies/orient/core/sql/parser/OrientSql.java","3938","0","12","114","11768","12651","2"
"orientdb","4588cdc03c1d09fc9097e0e32560578fe9b54f85","core/src/main/java/com/orientechnologies/orient/core/db/document/ODatabaseDocumentTx.java","396","0","79","84","2070","3085","1"
"orientdb","65f086eb452cac1fc83cfac710303c5b020d0697","core/src/main/java/com/orientechnologies/orient/core/db/document/ODatabaseDocumentTx.java","396","0","83","87","2192","3220","0"
"orientdb","deb33febd5c1e0b590bcbfaaf4de44cc86b278f8","core/src/main/java/com/orientechnologies/orient/core/db/document/ODatabaseDocumentTx.java","396","0","83","87","2192","3224","1"
"orientdb","b09f90b88b86a3fc394c518d4035746dee3e7e23","core/src/main/java/com/orientechnologies/orient/core/db/document/ODatabaseDocumentTx.java","397","0","79","84","2072","3087","1"
"orientdb","6957528517766acf842f8c4f43bfbad420fbf1fd","core/src/main/java/com/orientechnologies/orient/core/db/document/ODatabaseDocumentTx.java","398","0","79","84","2083","3099","1"
"orientdb","84e45164d687eee7e2564953cc0b84a6cdad50b7","core/src/main/java/com/orientechnologies/orient/core/db/document/ODatabaseDocumentTx.java","398","0","79","84","2092","3109","0"
"orientdb","0d271e6eb4c56a0833860751060319e6feaad204","core/src/main/java/com/orientechnologies/orient/core/db/document/ODatabaseDocumentTx.java","398","0","79","84","2094","3112","1"
"hazelcast","0b08ef830b8b0c4b3425d1b96b6ed1e574f43383","hazelcast/src/main/java/com/hazelcast/impl/CMap.java","399","0","3","65","1704","1962","1"
"orientdb","c89dbacfb27d44150d7834ef1d2872cceeb0a42c","core/src/main/java/com/orientechnologies/orient/core/db/document/ODatabaseDocumentTx.java","399","0","79","84","2096","3114","0"
"hazelcast","768b06e52b35f4e20f04434b8154389877bc9713","hazelcast/src/main/java/com/hazelcast/concurrent/lock/ConditionImpl.java","4","0","0","0","100","135","0"
"hazelcast","f5cb1bc05582dde9b0f920aceaf3295c58a2d42e","hazelcast/src/main/java/com/hazelcast/partition/impl/PromoteFromBackupOperation.java","4","0","0","0","101","138","1"
"neo4j","4e13feaa5058f4f1b623704bbde288b5850c1ec6","community/security/src/test/java/org/neo4j/commandline/admin/security/CommandTestBase.java","4","0","0","0","105","145","0"
"hazelcast","784e58f037655dc9e392f38df88695a54a444969","hazelcast-client/src/main/java/com/hazelcast/client/spi/impl/ClientExecutionServiceImpl.java","4","0","0","0","107","153","1"
"neo4j","6b4d2ef50f5bfcc15046d0045e1ccf73b88ac856","community/security/src/test/java/org/neo4j/commandline/admin/security/CommandTestBase.java","4","0","0","0","110","154","1"
"neo4j","737bbf8d7a2c473b0df517235b3822c3b4110231","community/bolt/src/test/java/org/neo4j/bolt/v1/runtime/integration/SessionRule.java","4","0","0","0","116","150","0"
"neo4j","0aa66c5acd804a93f5700ddb017c092743aa03d0","community/bolt/src/test/java/org/neo4j/bolt/v1/runtime/integration/SessionRule.java","4","0","0","0","116","151","1"
"neo4j","6b75a9235ea38e0c47caacd25cc919023c0c958b","community/lucene-index/src/main/java/org/neo4j/kernel/api/impl/schema/LuceneSchemaIndex.java","4","0","0","0","137","218","0"
"neo4j","1f22cd0deabcf1e618e4053524cdbfea4940c059","enterprise/core-edge/src/main/java/org/neo4j/coreedge/discovery/HazelcastCoreTopologyService.java","4","0","0","0","142","188","1"
"neo4j","dd79d5226cfe6f3665976835d78cda0ec29798c3","enterprise/core-edge/src/main/java/org/neo4j/coreedge/discovery/HazelcastCoreTopologyService.java","4","0","0","0","144","192","0"
"neo4j","9bb4f806d216b0066beb476242dcc4e7da97200a","integrationtests/src/test/java/org/neo4j/auth/FlatFileStressBase.java","4","0","0","0","159","211","1"
"neo4j","5b867ef859cd2183bee705922db86f1f22052ede","integrationtests/src/test/java/org/neo4j/auth/FlatFileStressBase.java","4","0","0","0","160","212","0"
"hazelcast","b36e3bc376116202da64ecf6960b0ce7139ec8bf","hazelcast/src/test/java/com/hazelcast/spi/impl/operationexecutor/slowoperationdetector/SlowOperationDetectorAbstractTest.java","4","0","0","0","160","215","0"
"neo4j","d792f87317f952c8de3d1eff2982eaab0fc13d0f","community/kernel/src/main/java/org/neo4j/kernel/impl/traversal/AsOneStartBranch.java","4","0","0","0","163","221","0"
"hazelcast","4d1364579e205b6ce571799502d81da34f5f06c8","hazelcast/src/test/java/com/hazelcast/spi/impl/operationexecutor/slowoperationdetector/SlowOperationDetectorAbstractTest.java","4","0","0","0","172","230","0"
"netty","3d6d9f394d763aaed47fdd0c86023afebe3c5a9f","buffer/src/main/java/io/netty/buffer/PooledHeapByteBuf.java","4","0","0","0","199","246","1"
"netty","23d017849429c18e1890b0a5799e5262df4f269f","common/src/main/java/io/netty/util/concurrent/DefaultEventExecutor.java","4","0","0","0","20","46","0"
"netty","23d017849429c18e1890b0a5799e5262df4f269f","transport/src/main/java/io/netty/channel/local/LocalEventLoop.java","4","0","0","0","21","43","0"
"hazelcast","4f58666ac01225fc4e98d48067f2fb67461d114b","hazelcast-client/src/test/java/com/hazelcast/client/topic/ClientReliableTopicTest.java","4","0","0","0","228","287","1"
"hazelcast","a459687b4701f1074e5bc45a11570876090751d2","hazelcast-client/src/test/java/com/hazelcast/client/topic/ClientReliableTopicTest.java","4","0","0","0","231","290","0"
"netty","787f5b28b23651880a9385dbe4a3ffb648b3d47f","codec/src/main/java/io/netty/handler/codec/serialization/CompactObjectOutputStream.java","4","0","0","0","27","49","0"
"netty","f779a4415cedcfa445777b186c8fe1d6341278df","src/main/java/io/netty/handler/codec/serialization/CompactObjectOutputStream.java","4","0","0","0","27","51","0"
"hazelcast","7cb643fe78207b3068926aa8c628ecb466bdb934","hazelcast/src/main/java/com/hazelcast/internal/cluster/impl/JoinMessageTrustChecker.java","4","0","0","0","29","63","0"
"oryx","eb08674e77479787fa9288f2c824e48af8539ff2","oryx-app-mllib/src/test/java/com/cloudera/oryx/app/mllib/rdf/RandomNumericRDFDataGenerator.java","4","0","0","0","30","59","0"
"hazelcast","2534b95d1b9d26ff221548d74c8f6c001882c35d","hazelcast/src/main/java/com/hazelcast/nio/serialization/PortableContextAwareInputStream.java","4","0","0","0","30","62","0"
"oryx","481ec44fd6a5d511ef42eddf47334a725d3a540c","app/oryx-app-mllib/src/main/java/com/cloudera/oryx/app/batch/mllib/kmeans/DunnIndex.java","4","0","0","0","30","63","0"
"netty","a517cce92fee24f2967bba7c84eea835b79fcab1","codec-http2/src/main/java/io/netty/handler/codec/http2/internal/hpack/HpackUtil.java","4","0","0","0","307","359","1"
"neo4j","dffaacf551b9213f1b818976724f11748a16a674","stresstests/src/test/java/org/neo4j/coreedge/stresstests/RepeatUntilOnSelectedMemberCallable.java","4","0","0","0","31","57","0"
"hazelcast","cdb79123049c210b290c83e5b03553ed1b29c05f","hazelcast/src/main/java/com/hazelcast/internal/partition/operation/BeforePromotionOperation.java","4","0","0","0","32","63","2"
"elasticsearch","69b7feeb786a11dcccc5928ddf9204933973a697","core/src/main/java/org/elasticsearch/gateway/PriorityComparator.java","4","0","0","0","32","67","2"
"hazelcast","6749a1be6c43760807edb6eab05382fb3534ff66","hazelcast/src/main/java/com/hazelcast/cache/impl/operation/AbstractBackupCacheOperation.java","4","0","0","0","33","59","0"
"netty","719d1dbad1078ea20ea385bd9f2c16847dcb81ae","resolver-dns/src/main/java/io/netty/resolver/dns/RotationalDnsServerAddresses.java","4","0","0","0","33","60","0"
"hazelcast","501957b586e4584be5a10521e7eba25ad84c7aec","hazelcast/src/main/java/com/hazelcast/spi/impl/operationservice/impl/PartitionInvocation.java","4","0","0","0","34","64","1"
"netty","e33f12f5b8a37b3f2a7291a10a61c8bce6ce73e0","transport/src/main/java/io/netty/channel/socket/nio/NioDatagramChannelOutboundBuffer.java","4","0","0","0","34","66","1"
"netty","591293bfb4f6a48a311d195303ce772fb801ec95","handler/src/main/java/io/netty/handler/ssl/Java8SslParametersUtils.java","4","0","0","0","35","59","0"
"oryx","481ec44fd6a5d511ef42eddf47334a725d3a540c","app/oryx-app-mllib/src/main/java/com/cloudera/oryx/app/batch/mllib/kmeans/DaviesBouldinIndex.java","4","0","0","0","36","71","0"
"elasticsearch","fbe27664a65ca7ab5b7dbe1c328ab27423e4313c","core/src/main/java/org/elasticsearch/common/logging/PrefixLogger.java","4","0","0","0","37","71","0"
"ceylon-ide-eclipse","82d6b5d159a87843bb4f60a2dc708f10f6541dae","plugins/com.redhat.ceylon.eclipse.ui/old-sources/com/redhat/ceylon/eclipse/code/correct/ChangeDeclarationProposal.java","4","0","0","0","39","45","1"
"hazelcast","0603aa048b33b7b63c240c8b0e5c509499c798f7","hazelcast/src/main/java/com/hazelcast/spi/impl/proxyservice/impl/ProxyEventProcessor.java","4","0","0","0","39","63","2"
"hazelcast","86b064ba3f1e467e74e95d6da24b03122065ce36","hazelcast/src/main/java/com/hazelcast/internal/networking/nonblocking/iobalancer/IOBalancerThread.java","4","0","0","0","39","64","2"
"hazelcast","9948976cea0dd05d47e24f303a0b309b4155d329","hazelcast/src/main/java/com/hazelcast/internal/networking/nonblocking/iobalancer/IOBalancerThread.java","4","0","0","0","39","64","2"
"hazelcast","fc57b90d69ddf340538b16de42320c379bc1a829","hazelcast/src/main/java/com/hazelcast/nio/tcp/iobalancer/IOBalancerThread.java","4","0","0","0","39","64","0"
"hazelcast","37ff66dace1e24ac18f53035b3f7a6c3df4cb693","hazelcast/src/main/java/com/hazelcast/map/impl/MapRemoteService.java","4","0","0","0","39","71","1"
"elasticsearch","1f04182b8164ffb19f3805c48d67f0375262b317","core/src/main/java/org/elasticsearch/common/inject/DefaultConstructionProxyFactory.java","4","0","0","0","40","76","0"
"netty","5297eba280555a7b785e7f57975546a2af07e045","codec-http/src/main/java/io/netty/handler/codec/http/websocketx/WebSocketUtil.java","4","0","0","0","41","111","0"
"Android-Universal-Image-Loader","0d2ab7081e55b98db38744b1919eff43de6e6c55","library/src/com/nostra13/universalimageloader/core/DisplayBitmapTask.java","4","0","0","0","41","60","1"
"hazelcast","3d8ce7ed94ef327469e9647d5fb1c17d9eb54bf9","hazelcast/src/main/java/com/hazelcast/spi/impl/proxyservice/impl/ProxyEventProcessor.java","4","0","0","0","41","64","0"
"hazelcast","62268376a7952b81d17e45ad8c1820a085550b63","hazelcast/src/main/java/com/hazelcast/spi/impl/proxyservice/impl/ProxyEventProcessor.java","4","0","0","0","41","65","1"
"elasticsearch","6941966b1654106ed9249cd01c32bfa2e06b452f","core/src/main/java/org/elasticsearch/common/TimeBasedUUIDGenerator.java","4","0","0","0","41","95","0"
"elasticsearch","88d482437a39d0d45aeea19b372c9a9f768b9f40","core/src/main/java/org/elasticsearch/search/aggregations/metrics/cardinality/CardinalityAggregatorFactory.java","4","0","0","0","42","80","0"
"elasticsearch","c169386dd4b8179410ef68f6f48eddc724a407b1","core/src/main/java/org/elasticsearch/search/aggregations/metrics/cardinality/CardinalityAggregatorFactory.java","4","0","0","0","42","80","0"
"elasticsearch","ca28acc373b93968329a7b0d1e91133c83acb0ac","core/src/main/java/org/elasticsearch/search/aggregations/metrics/cardinality/CardinalityAggregatorFactory.java","4","0","0","0","42","80","0"
"elasticsearch","a91b3fcbb9e493c3aac9b46723c8dcad2c23a3ae","core/src/main/java/org/elasticsearch/search/aggregations/metrics/cardinality/CardinalityAggregatorFactory.java","4","0","0","0","42","80","1"
"hazelcast","c942da1755b0c0fa5275412cf96596dd88d92151","hazelcast-client/src/main/java/com/hazelcast/client/spi/impl/ClientNonSmartInvocationServiceImpl.java","4","0","0","0","43","53","0"
"Android-Universal-Image-Loader","861ddfe6fc1e8db349bc90fa10a94370daf8076d","library/src/com/nostra13/universalimageloader/core/DisplayBitmapTask.java","4","0","0","0","43","62","0"
"netty","e879848056a5f53c1055ebbf4f9971b5ab2282d6","codec-http/src/main/java/io/netty/handler/codec/http/websocketx/WebSocketUtil.java","4","0","0","0","44","114","0"
"hazelcast","bb145ca7f5db144e21063646b1f2a610bbb05eb5","hazelcast-client/src/main/java/com/hazelcast/client/spi/impl/ClientNonSmartInvocationServiceImpl.java","4","0","0","0","44","56","1"
"Android-Universal-Image-Loader","9634fe37c997bd84932b2b198d8b38913e01a968","library/src/com/nostra13/universalimageloader/core/DisplayBitmapTask.java","4","0","0","0","45","79","1"
"Android-Universal-Image-Loader","e2d84aff036c22ca02c1152f8100ad4d76b5097c","library/src/com/nostra13/universalimageloader/core/DisplayBitmapTask.java","4","0","0","0","45","80","0"
"elasticsearch","5a64f08f048461a63a0ca1354a5050c954e63d52","core/src/main/java/org/elasticsearch/action/admin/cluster/settings/SettingsUpdater.java","4","0","0","0","47","86","0"
"elasticsearch","ef0e3db0de6928ddca70d18e929223980f283fe1","core/src/main/java/org/elasticsearch/action/admin/cluster/settings/SettingsUpdater.java","4","0","0","0","47","86","0"
"elasticsearch","e7c2a8ae4d01d708f59d7869dbde015ccf22938e","core/src/main/java/org/elasticsearch/action/admin/cluster/settings/SettingsUpdater.java","4","0","0","0","47","86","1"
"hazelcast","63529db467838bb39aec265f0af6a473bfa288e5","hazelcast-client/src/test/java/com/hazelcast/client/map/ClientMapLockTest.java","4","0","0","0","479","592","0"
"hazelcast","ac2dda4566638398a14318604f960e2afce7d3ca","hazelcast/src/main/java/com/hazelcast/partition/impl/PartitionReplicaVersions.java","4","0","0","0","48","61","1"
"hazelcast","2c84640858569786577afc9fb091d5b1e7e73b8b","hazelcast/src/main/java/com/hazelcast/partition/impl/PartitionReplicaVersions.java","4","0","0","0","50","63","0"
"elasticsearch","c79371fd5b1313414dad6d7d7109f070466ca7eb","modules/transport-netty4/src/main/java/org/elasticsearch/transport/netty4/Netty4MessageChannelHandler.java","4","0","0","0","50","87","1"
"hazelcast","09094ed4b8b23f801d4dd283a1b73545694471dc","hazelcast/src/main/java/com/hazelcast/internal/partition/impl/PartitionReplicaVersions.java","4","0","0","0","51","81","2"
"hazelcast","0dbf131394b3f71de4518c5914a97bc5ccf01320","hazelcast/src/main/java/com/hazelcast/internal/partition/impl/PartitionReplicaVersions.java","4","0","0","0","51","81","2"
"hazelcast","4d8aae6dd931c55b38df88e7e066c3f862b36bac","hazelcast/src/main/java/com/hazelcast/partition/impl/PartitionReplicaVersions.java","4","0","0","0","51","81","1"
"hazelcast","9db1e6ff3a03e162ebe27e01ea7adf623ac550a1","hazelcast/src/main/java/com/hazelcast/internal/partition/impl/PartitionReplicaVersions.java","4","0","0","0","51","81","0"
"hazelcast","be3f80e6a3056f8f42d2a644ca3feaae69403114","hazelcast/src/main/java/com/hazelcast/partition/impl/PartitionReplicaVersions.java","4","0","0","0","51","81","0"
"hazelcast","78ae1a75208f6777bfb81fd68b2d62b446f83759","hazelcast-hibernate/hazelcast-hibernate4/src/main/java/com/hazelcast/hibernate/distributed/UnlockEntryProcessor.java","4","0","0","0","51","88","0"
"hazelcast","42c497fd2cd5fae3f6097086045dc581c227ac64","hazelcast-client/src/test/java/com/hazelcast/client/map/ClientMapLockTest.java","4","0","0","0","518","636","0"
"hazelcast","2b270eff14924482f39a32a0483711d08aa1247e","hazelcast-client/src/test/java/com/hazelcast/client/map/ClientMapLockTest.java","4","0","0","0","519","637","2"
"elasticsearch","e1efd5f6baf8dec1c23c79b346b8a29f234a98bb","core/src/main/java/org/elasticsearch/common/inject/assistedinject/AssistedConstructor.java","4","0","0","0","52","103","0"
"hazelcast","50bbd60a9ae2031621834fa9ce729f448babd684","hazelcast/src/main/java/com/hazelcast/concurrent/lock/operations/BaseSignalOperation.java","4","0","0","0","52","78","2"
"hazelcast","7e9aaf983ea251e7252a8ed8cd1ea0b00cad40cf","hazelcast-hibernate/hazelcast-hibernate4/src/main/java/com/hazelcast/hibernate/distributed/UnlockEntryProcessor.java","4","0","0","0","52","89","1"
"elasticsearch","1f04182b8164ffb19f3805c48d67f0375262b317","core/src/main/java/org/elasticsearch/common/inject/assistedinject/AssistedConstructor.java","4","0","0","0","53","104","0"
"netty","02f3df55a858fdd1531f759345e84fdcdefe9bd6","transport/src/main/java/io/netty/channel/socket/nio/SelectorUtil.java","4","0","0","0","54","84","3"
"hazelcast","ea36c8170834327d93a01e4e0373b52b919150ff","hazelcast-client/src/test/java/com/hazelcast/client/map/ClientMapLockTest.java","4","0","0","0","552","677","0"
"elasticsearch","ef83dbfbe68eff4b72575a2059a333469b274769","core/src/main/java/org/elasticsearch/index/fielddata/ordinals/InternalGlobalOrdinalsIndexFieldData.java","4","0","0","0","56","94","2"
"elasticsearch","5343b87502cf82e7697133ed636f210bd31247cd","modules/transport-netty4/src/main/java/org/elasticsearch/http/netty4/Netty4HttpRequestHandler.java","4","0","0","0","57","86","0"
"netty","298e7af6473f359cf7b608e7f9dcbe6526f792dd","transport/src/test/java/io/netty/channel/BaseChannelTest.java","4","0","0","0","57","91","0"
"hazelcast","d070f1256c8c7fa823e6463487462826384ee1df","hazelcast/src/main/java/com/hazelcast/map/impl/nearcache/invalidation/AbstractNearCacheInvalidator.java","4","0","0","0","57","98","0"
"hazelcast","82fcc4c7c87097d1719bb56112aec0fafdb6bc0e","hazelcast/src/main/java/com/hazelcast/nio/ConnectionMonitor.java","4","0","0","0","58","84","0"
"netty","3d44aeca50682a33747d3c6e41fdfccf93c597f7","transport/src/main/java/io/netty/channel/socket/nio/SelectorUtil.java","4","0","0","0","58","88","0"
"hazelcast","0deba7ff1ee19a1c74054acfb9b821c81a2aa7e4","hazelcast/src/main/java/com/hazelcast/internal/diagnostics/SingleLineDiagnosticsLogWriter.java","4","0","0","0","61","95","1"
"hazelcast","c4c80abef0d656d2782b6dedfebf4270da788a14","hazelcast/src/main/java/com/hazelcast/map/record/AbstractRecord.java","4","0","0","0","61","99","0"
"elasticsearch","33b8d7a19d6ddd6ad06a5a0cb5ca90175458e036","core/src/main/java/org/elasticsearch/index/fielddata/ordinals/InternalGlobalOrdinalsIndexFieldData.java","4","0","0","0","62","100","0"
"neo4j","a401243f8aff453cb8af8e412ea8510f9be786d6","community/kernel/src/main/java/org/neo4j/kernel/impl/traversal/TraverserIterator.java","4","0","0","0","62","89","1"
"hazelcast","2b1e6cd0c82f253850b9804749e25af7733ab916","hazelcast/src/main/java/com/hazelcast/partition/impl/PromoteFromBackupOperation.java","4","0","0","0","62","94","2"
"hazelcast","4a91f4eef271a8a8387d2e72b4d9b7fe1ce63c72","hazelcast/src/main/java/com/hazelcast/internal/diagnostics/SingleLineDiagnosticsLogWriter.java","4","0","0","0","62","97","0"
"hazelcast","a6095bdf9f484ab0b45ff2b0542c0ac66a2b3740","hazelcast/src/main/java/com/hazelcast/map/record/AbstractRecord.java","4","0","0","0","63","103","1"
"neo4j","d792f87317f952c8de3d1eff2982eaab0fc13d0f","community/kernel/src/main/java/org/neo4j/kernel/impl/traversal/TraverserIterator.java","4","0","0","0","63","91","0"
"oryx","eff199ff1f6cad1b4ff13829dfb29ff4884d4c31","app/oryx-app-mllib/src/main/java/com/cloudera/oryx/app/batch/mllib/kmeans/AbstractKMeansEvaluation.java","4","0","0","0","63","94","0"
"elasticsearch","3f06d9f3b8516bb30a2890a36c2973f08f9c6076","modules/lang-painless/src/main/java/org/elasticsearch/painless/Compiler.java","4","0","0","0","64","146","0"
"hazelcast","d01c81687873113df54af8a42338e1cc307e3269","hazelcast/src/main/java/com/hazelcast/map/impl/mapstore/writebehind/AbstractWriteBehindProcessor.java","4","0","0","0","65","117","0"
"hazelcast","4a7940a4f5a775a9cca1a283ae88d7fdf0cfc125","hazelcast-hibernate/hazelcast-hibernate4/src/test/java/com/hazelcast/hibernate/LocalRegionFactoryDefaultTest.java","4","0","0","0","66","91","0"
"elasticsearch","596d511466c279c8f5e808599c3aff19e029c477","src/main/java/org/elasticsearch/index/percolator/QueriesLoaderCollector.java","4","0","0","0","67","86","0"
"elasticsearch","0eb3402795b8a854b52423aae7fd7b0bbbcde17a","src/main/java/org/elasticsearch/index/store/LegacyVerification.java","4","0","0","0","68","124","0"
"elasticsearch","026bf2e3ee1ee5c188e57839d9e902962158138b","modules/lang-painless/src/main/java/org/elasticsearch/painless/Compiler.java","4","0","0","0","68","154","1"
"ceylon-ide-eclipse","65c4e729050764a2a48fa921d809ad9324757eb0","plugins/com.redhat.ceylon.eclipse.ui/src/com/redhat/ceylon/eclipse/code/correct/AssignToTryProposal.java","4","0","0","0","68","89","1"
"hazelcast","1cb75df061479377db7a716f236b127b37233410","hazelcast-hibernate/hazelcast-hibernate4/src/test/java/com/hazelcast/hibernate/LocalRegionFactoryDefaultTest.java","4","0","0","0","68","94","0"
"hazelcast","70d4de16ff0ac4518d09aad8c9f2ad9e782fb337","hazelcast/src/main/java/com/hazelcast/map/impl/mapstore/writebehind/AbstractWriteBehindProcessor.java","4","0","0","0","69","122","1"
"hazelcast","d041266118126d445f010f961e936ce8f540a573","hazelcast/src/main/java/com/hazelcast/map/impl/mapstore/writebehind/AbstractWriteBehindProcessor.java","4","0","0","0","69","122","1"
"hazelcast","d568e4d926d925d57d4e79e34614390416749301","hazelcast/src/main/java/com/hazelcast/map/impl/mapstore/writebehind/AbstractWriteBehindProcessor.java","4","0","0","0","69","122","0"
"ceylon-ide-eclipse","765624413a8fc99091a14d8ff74f1ff5e3184e7b","plugins/com.redhat.ceylon.eclipse.ui/src/com/redhat/ceylon/eclipse/code/correct/AssignToTryProposal.java","4","0","0","0","69","90","0"
"hazelcast","a512b121ff00348a8cb1945d639e54aa1f55fbd6","hazelcast/src/main/java/com/hazelcast/partition/impl/PromoteFromBackupOperation.java","4","0","0","0","71","102","1"
"elasticsearch","fda6ca4869182a2dfc082490c183eadf8f4e3d05","src/main/java/org/elasticsearch/index/percolator/QueriesLoaderCollector.java","4","0","0","0","71","90","1"
"ceylon-ide-eclipse","65c4e729050764a2a48fa921d809ad9324757eb0","plugins/com.redhat.ceylon.eclipse.ui/src/com/redhat/ceylon/eclipse/code/correct/AssignToLocalProposal.java","4","0","0","0","75","99","1"
"ceylon-ide-eclipse","765624413a8fc99091a14d8ff74f1ff5e3184e7b","plugins/com.redhat.ceylon.eclipse.ui/src/com/redhat/ceylon/eclipse/code/correct/AssignToLocalProposal.java","4","0","0","0","76","100","0"
"elasticsearch","e88d54bf0aa467d718688eafc5252c1f2021347d","modules/lang-painless/src/main/java/org/elasticsearch/painless/Compiler.java","4","0","0","0","76","175","0"
"hazelcast","5a9cd7a5b832ffa9d744a9e638609a20570f864c","hazelcast/src/main/java/com/hazelcast/mapreduce/impl/task/KeyValueSourceFacade.java","4","0","0","0","77","121","1"
"hazelcast","6d05ed2b03448161752d3f5811d6151017b523a1","hazelcast/src/main/java/com/hazelcast/mapreduce/impl/task/KeyValueSourceFacade.java","4","0","0","0","77","121","2"
"hazelcast","dcd4c4d46297138835d4a2021272d3d0b0e3eb35","hazelcast/src/main/java/com/hazelcast/mapreduce/impl/task/KeyValueSourceFacade.java","4","0","0","0","77","121","2"
"hazelcast","e3492bdc3c16d30719e261157e249b5de2c030ac","hazelcast/src/main/java/com/hazelcast/mapreduce/impl/task/KeyValueSourceFacade.java","4","0","0","0","77","121","0"
"neo4j","6a493f0ced9cbaac6c0f8be0238cba28a6c7650f","enterprise/causal-clustering/src/main/java/org/neo4j/causalclustering/catchup/CatchUpChannelPool.java","4","0","0","0","83","122","0"
"elasticsearch","071b396306234d4f795bad7a4b675d67c83a3bd6","modules/lang-expression/src/main/java/org/elasticsearch/script/expression/ExpressionSearchScript.java","4","0","0","0","83","129","1"
"netty","836ac02ab931088a8608bb33a419fa55f44472d5","transport/src/main/java/io/netty/channel/embedded/EmbeddedEventLoop.java","4","0","0","0","86","122","1"
"hazelcast","9931999dce90f46d2a8af5b5f0aa17d9abb7ede0","hazelcast/src/test/java/com/hazelcast/nio/tcp/DroppingConnection.java","4","0","0","0","86","123","0"
"netty","fc2e6916d996f6f1b16f9478c1c9213007fcbd20","transport/src/main/java/io/netty/channel/embedded/EmbeddedEventLoop.java","4","0","0","0","87","123","0"
"hazelcast","e1b69c53ca4923affcd7722f012a80e32517e988","hazelcast/src/test/java/com/hazelcast/nio/tcp/DroppingConnection.java","4","0","0","0","88","125","0"
"netty","e59ac8e79b14aaf5ac9899234d0aa8b82a4e00ce","transport/src/main/java/io/netty/channel/embedded/EmbeddedEventLoop.java","4","0","0","0","98","137","0"
"hazelcast","7db53c0a19c56ae9c88038c5bf9e46075c9213e0","hazelcast-client/src/test/java/com/hazelcast/client/txn/ClientXAStressTest.java","4","0","0","0","99","132","2"
"elasticsearch","557fc8b43720d222fdee9219ad71f9b08ca7b90e","core/src/main/java/org/elasticsearch/search/aggregations/pipeline/bucketmetrics/stats/extended/ExtendedStatsBucketParser.java","4","0","0","1","29","55","1"
"elasticsearch","319ca8251013be5e2dbec987a716b8e5ea80e4ed","core/src/main/java/org/elasticsearch/search/aggregations/pipeline/bucketmetrics/stats/extended/ExtendedStatsBucketParser.java","4","0","0","1","30","56","0"
"mcMMO","93548317293e2c6c5195544b99d4ce7d900abea1","src/main/java/com/gmail/nossr50/skills/taming/EnvironmentallyAwareEventHandler.java","4","0","0","1","31","42","0"
"hazelcast","82914ab681f7a556333505b597bf2ed1e7da9f30","hazelcast-client-new/src/test/java/com/hazelcast/client/mapreduce/AbstractClientMapReduceJobTest.java","4","0","0","1","32","57","0"
"hazelcast","eaad1b49b604c0621ebc8a47680eec80cd36dfc9","hazelcast/src/test/java/com/hazelcast/core/ProxySplitBrainTest.java","4","0","0","1","35","43","1"
"mcMMO","93548317293e2c6c5195544b99d4ce7d900abea1","src/main/java/com/gmail/nossr50/skills/taming/BeastLoreEventHandler.java","4","0","0","1","35","52","0"
"mcMMO","93548317293e2c6c5195544b99d4ce7d900abea1","src/main/java/com/gmail/nossr50/skills/swords/CounterAttackEventHandler.java","4","0","0","1","39","52","0"
"elasticsearch","16e350b2668d23041fa6882367b45dee7d90a336","src/main/java/org/elasticsearch/search/highlight/HighlightUtils.java","4","0","0","1","41","71","0"
"elasticsearch","5763b2468669896ce69b7f728626a8c844f4aba4","src/main/java/org/elasticsearch/search/highlight/HighlightUtils.java","4","0","0","1","41","71","0"
"elasticsearch","3274e7ea6fd74073c30e5194c3447b1707e8b708","src/main/java/org/elasticsearch/search/highlight/HighlightUtils.java","4","0","0","1","41","71","1"
"hazelcast","a756afd60beecb08c3949ef6f77345b2bb480230","hazelcast/src/test/java/com/hazelcast/core/ProxySplitBrainTest.java","4","0","0","1","42","51","0"
"hazelcast","489cc81c4df8815a70ce55529ee3e0820c3dd27d","hazelcast-client/src/main/java/com/hazelcast/client/util/ClientCancellableDelegatingFuture.java","4","0","0","1","44","79","2"
"netty","0bbc3facec1fa6c83b0bec04bdfbefc424230a3f","testsuite/src/test/java/io/netty/testsuite/transport/socket/AbstractSocketTest.java","4","0","0","1","57","83","1"
"elasticsearch","c70c44005088d4bf0eb7fc5d6f8660c25958a785","plugins/repository-hdfs/src/test/java/org/elasticsearch/repositories/hdfs/HdfsBlobStoreContainerTests.java","4","0","0","1","58","100","1"
"elasticsearch","74f4a14d82058cf55518fe9d64a793d58fb8704c","plugins/repository-hdfs/src/test/java/org/elasticsearch/repositories/hdfs/HdfsBlobStoreContainerTests.java","4","0","0","1","60","102","0"
"elasticsearch","65f90b25e0e2306ed53cad6c01e07875a0000a6c","core/src/main/java/org/elasticsearch/indices/recovery/RemoteRecoveryTargetHandler.java","4","0","0","10","122","172","1"
"BroadleafCommerce","ee97f7439ad2f6cdf419d2b18424c4a2015f74be","core/broadleaf-framework/src/main/java/org/broadleafcommerce/core/catalog/dao/ProductOptionDaoImpl.java","4","0","0","10","132","181","0"
"neo4j","9c79c33600e5511ac1320496d1bdd614808a973c","enterprise/core-edge/src/test/java/org/neo4j/coreedge/raft/log/segmented/RecoveryProtocolTest.java","4","0","0","10","148","228","1"
"neo4j","0d8bfc7bb0a2a82ef77f4104fe2e91bfb3ddd83f","enterprise/core-edge/src/test/java/org/neo4j/coreedge/raft/log/physical/RecoveryProtocolTest.java","4","0","0","10","149","228","0"
"neo4j","886dbb454deaae6adcb4ff26e76f6e225eedca55","enterprise/core-edge/src/test/java/org/neo4j/coreedge/raft/log/segmented/RecoveryProtocolTest.java","4","0","0","10","150","230","0"
"neo4j","700418fa709d3ef4494beac84f3c82831803b960","enterprise/causal-clustering/src/test/java/org/neo4j/causalclustering/core/consensus/log/segmented/RecoveryProtocolTest.java","4","0","0","10","152","232","1"
"neo4j","54a7ee7b102c6b896fb1672cd348f1f05afd22a0","enterprise/core-edge/src/test/java/org/neo4j/coreedge/catchup/tx/BatchingTxApplierTest.java","4","0","0","10","156","225","0"
"netty","8a39b9fedc59e0e7611423b3e2ad550e3cbadc72","codec-http/src/test/java/io/netty/handler/codec/spdy/SpdyHeaderBlockZlibDecoderTest.java","4","0","0","10","174","212","0"
"hazelcast","93d3b9b0343fc15f8292c26dbc1aba53ba9e8bc2","hazelcast-client/src/test/java/com/hazelcast/client/standalone/ClientMapStandaloneTest.java","4","0","0","10","176","237","1"
"neo4j","9c79c33600e5511ac1320496d1bdd614808a973c","enterprise/core-edge/src/test/java/org/neo4j/coreedge/raft/log/segmented/SegmentFileTest.java","4","0","0","10","182","272","1"
"elasticsearch","3f6a3c01dadb1951b597ffdbd068359a2fbc84c8","core/src/test/java/org/elasticsearch/indices/cluster/ClusterStateChanges.java","4","0","0","10","190","253","1"
"hazelcast","059e863eb7de6e9f9d4c5a747bdb4690a6c95257","hazelcast-client/src/test/java/com/hazelcast/client/ClientConnectionTest.java","4","0","0","10","201","259","1"
"hazelcast","ee87b9ee76e4cd2ed189612e752375b2172cbcc8","hazelcast-client/src/test/java/com/hazelcast/client/ClientConnectionTest.java","4","0","0","10","201","259","2"
"hazelcast","ff22f93d3b2b9b6a49960db3f57f0c1590969034","hazelcast-client/src/test/java/com/hazelcast/client/ClientConnectionTest.java","4","0","0","10","201","259","1"
"hazelcast","bab7f1c1ba3f3d6d5cbd04e858e99a3955bfe7b9","hazelcast-client/src/test/java/com/hazelcast/client/ClientConnectionTest.java","4","0","0","10","201","259","0"
"netty","e5455d31b3cfe74b5c6008b68955a10d7d539f9d","resolver-dns/src/test/java/io/netty/resolver/dns/SearchDomainTest.java","4","0","0","10","211","310","0"
"netty","b249714a2d26f923ef2ede5d3488c3c3ed2bada3","resolver-dns/src/test/java/io/netty/resolver/dns/SearchDomainTest.java","4","0","0","10","212","311","0"
"neo4j","dbcc0ba120527f20c902dcb0197569906153cac8","community/kernel/src/test/java/org/neo4j/kernel/builtinprocs/BuiltInProceduresTest.java","4","0","0","10","213","293","0"
"hazelcast","1f042b8c4a4245594691bb6d85a66ceed9b43068","hazelcast/src/test/java/com/hazelcast/spi/impl/operationexecutor/slowoperationdetector/SlowOperationDetectorBasicTest.java","4","0","0","10","229","315","1"
"hazelcast","2921cff694583b8638dae2991f427e61d5440a9d","hazelcast/src/test/java/com/hazelcast/spi/impl/operationexecutor/slowoperationdetector/SlowOperationDetectorBasicTest.java","4","0","0","10","230","317","0"
"neo4j","af2947cf3a7f053c6c020ece7726d611080a6682","community/kernel/src/test/java/org/neo4j/kernel/NeoStoreDataSourceTest.java","4","0","0","10","235","313","0"
"hazelcast","b2603dd8cb27d40dbf0932dc4d80e60a3dde0ace","hazelcast/src/test/java/com/hazelcast/spi/impl/operationexecutor/slowoperationdetector/SlowOperationDetectorBasicTest.java","4","0","0","10","236","321","0"
"neo4j","868b4d731485023d2f7477e1133dcd5b263c851d","community/consistency-check/src/test/java/org/neo4j/consistency/ConsistencyCheckToolTest.java","4","0","0","10","317","415","0"
"hazelcast","5186e0869fd957fd048d838064815d9922b133ec","hazelcast/src/main/java/com/hazelcast/concurrent/lock/operations/LockOperation.java","4","0","0","10","52","80","2"
"hazelcast","dd0e661f64ff3f6c9e0704e5a93d1cb5527a33f2","hazelcast/src/main/java/com/hazelcast/aggregation/impl/MaxAggregator.java","4","0","0","10","55","87","1"
"hazelcast","3a1d456848dcafbe8a777d7d33434d63a8db1f0d","hazelcast/src/main/java/com/hazelcast/concurrent/lock/operations/LockOperation.java","4","0","0","10","56","84","1"
"hazelcast","565257f977407eb3a0199d082860209c2958f5f9","hazelcast/src/main/java/com/hazelcast/internal/ascii/rest/RestValue.java","4","0","0","10","59","90","1"
"hazelcast","564167c1f93b32ce742411106e9ae67eae88a801","hazelcast/src/main/java/com/hazelcast/internal/ascii/rest/RestValue.java","4","0","0","10","60","91","0"
"antlr4","29c2712ae1eee9575324db48c2f72c7cb0d28308","tool/test/org/antlr/v4/test/tool/ErrorQueue.java","4","0","0","10","62","109","0"
"neo4j","3909f01ee129358201f244089119993277afb737","community/cypher/cypher-compiler-2.3/src/main/java/org/neo4j/cypher/internal/compiler/v2_3/codegen/ResultRowImpl.java","4","0","0","10","68","103","0"
"neo4j","e7c6386b8eae6ad78289537e82012839d16603ec","community/cypher/cypher-compiler-2.3/src/main/java/org/neo4j/cypher/internal/compiler/v2_3/codegen/ResultRowImpl.java","4","0","0","10","69","103","0"
"hazelcast","0dcac2107149f1a24af61788b11b53bd49eb4a73","hazelcast/src/main/java/com/hazelcast/cluster/impl/JoinRequest.java","4","0","0","10","75","105","0"
"hazelcast","47b48594cce33ec1cec54b6fa89af2acf2da2fed","hazelcast/src/main/java/com/hazelcast/cluster/impl/JoinRequest.java","4","0","0","10","76","106","1"
"hazelcast","ed777f64e4d046bb45ae4ee062b463e33526e3ad","hazelcast/src/main/java/com/hazelcast/transaction/client/CreateTransactionRequest.java","4","0","0","10","80","111","1"
"hazelcast","ad2f6d1f7625ff5055a44e6f6a38dcea7775ad9c","hazelcast/src/main/java/com/hazelcast/ringbuffer/impl/operations/ReadManyOperation.java","4","0","0","10","83","123","1"
"elasticsearch","977712f9773c3eecea3958a5b8ddf934207775a6","test/framework/src/main/java/org/elasticsearch/test/TestSearchContext.java","4","0","0","102","490","617","1"
"elasticsearch","82fa531ab4c1fb087d357ff15288c070d7393378","test/framework/src/main/java/org/elasticsearch/test/TestSearchContext.java","4","0","0","103","493","621","0"
"elasticsearch","2f8def11b5109eb80b47422a200bf7b7e07c8467","test/framework/src/main/java/org/elasticsearch/test/TestSearchContext.java","4","0","0","103","495","623","2"
"elasticsearch","634ce90dc06f20888a4ff655985a6baccf25a7db","test/framework/src/main/java/org/elasticsearch/test/TestSearchContext.java","4","0","0","103","496","624","0"
"hazelcast","810540661cf0b9662e3e1bc9b5dabc53a3c052f1","hazelcast/src/test/java/com/hazelcast/cluster/ClusterShutdownTest.java","4","0","0","11","104","131","1"
"hazelcast","059e863eb7de6e9f9d4c5a747bdb4690a6c95257","hazelcast-client/src/test/java/com/hazelcast/client/replicatedmap/ClientReplicatedMapLiteMemberTest.java","4","0","0","11","109","153","1"
"hazelcast","bab7f1c1ba3f3d6d5cbd04e858e99a3955bfe7b9","hazelcast-client/src/test/java/com/hazelcast/client/replicatedmap/ClientReplicatedMapLiteMemberTest.java","4","0","0","11","110","154","0"
"elasticsearch","d0d2d2be8c2cbd94949273b4bc848aa0430c10a4","core/src/main/java/org/elasticsearch/action/ingest/SimulatePipelineRequest.java","4","0","0","11","119","164","1"
"hazelcast","3fa5f2992dc12463f602e3a09c1fbecac71b901f","hazelcast/src/test/java/com/hazelcast/map/query/QueryNullIndexingTest.java","4","0","0","11","124","160","0"
"hazelcast","3e143a05b5f5c32b95b6933ab2bb49aac9ea3fd1","hazelcast/src/test/java/com/hazelcast/map/impl/query/QueryNullIndexingTest.java","4","0","0","11","125","161","1"
"elasticsearch","72eb621bcecafd391e300944c19ec2842e13b940","core/src/test/java/org/elasticsearch/common/unit/TimeValueTests.java","4","0","0","11","133","176","1"
"orientdb","b18251fe922483b2b6591472b9f435a9214c8c51","core/src/test/java/com/orientechnologies/orient/core/sql/functions/graph/OSQLFunctionShortestPathTest.java","4","0","0","11","135","167","0"
"elasticsearch","f210605af82ab0642b6294c08163c81b10e84969","core/src/test/java/org/elasticsearch/common/unit/TimeValueTests.java","4","0","0","11","135","179","0"
"neo4j","28783f201196c8e95862b4cdee9bf7f2f794c12c","community/bolt/src/test/java/org/neo4j/bolt/v1/messaging/Neo4jPackTest.java","4","0","0","11","163","239","0"
"hazelcast","317fabec0c90b274c686ba018cc1b465fee244f2","hazelcast-client-new/src/test/java/com/hazelcast/client/txn/ClientTxnMultiMapTest.java","4","0","0","11","185","249","0"
"hazelcast","b777381e2f8cfc3d8bcde3a87c5cc9993e31d4a2","hazelcast-client-new/src/test/java/com/hazelcast/client/txn/ClientTxnMultiMapTest.java","4","0","0","11","186","250","1"
"elasticsearch","6abcd42a05a0e2bc4eaf1add6a41ae7d48f840c2","core/src/test/java/org/elasticsearch/indices/cluster/ClusterStateChanges.java","4","0","0","11","196","260","0"
"elasticsearch","5d806bf93eaa1f360187946cec741cf05b7264e1","core/src/test/java/org/elasticsearch/indices/cluster/ClusterStateChanges.java","4","0","0","11","201","265","0"
"elasticsearch","fc4dc5ef217385b0475f81eecba7e004a03a957c","core/src/test/java/org/elasticsearch/indices/cluster/ClusterStateChanges.java","4","0","0","11","202","266","1"
"hazelcast","cf0869f63f9dce2da4a009df2225fa00c5ea306d","hazelcast/src/main/java/com/hazelcast/impl/GroupProperties.java","4","0","0","11","241","339","0"
"elasticsearch","380fcd1d02abb68493ddc7fe6c8ce3467f96a1aa","src/test/java/org/elasticsearch/index/merge/policy/MergePolicySettingsTest.java","4","0","0","11","247","331","0"
"hazelcast","f76b0c0f1372a7b1f2d84c33f88ac7aed1f61684","hazelcast/src/main/java/com/hazelcast/impl/GroupProperties.java","4","0","0","11","256","360","1"
"neo4j","9d9bb3a75547d4dbfb5fa45920c13b58b72559a8","community/kernel/src/test/java/org/neo4j/kernel/builtinprocs/BuiltInProceduresTest.java","4","0","0","11","282","371","1"
"neo4j","c366586f4fdcdaed34ad9c6c75c1d22cc13aa771","community/kernel/src/test/java/org/neo4j/kernel/builtinprocs/BuiltInProceduresTest.java","4","0","0","11","286","375","0"
"neo4j","2b31d7ad0f8727477761797b349d305d8a3e2fa7","community/kernel/src/test/java/org/neo4j/kernel/builtinprocs/BuiltInProceduresTest.java","4","0","0","11","288","377","1"
"netty","f34fc73e89e88da32c36786c8634afa9dc090207","codec-http/src/test/java/io/netty/handler/codec/http/CookieDecoderTest.java","4","0","0","11","290","346","1"
"netty","cc4c98d7baad8d72df1d8f534e85cfd249ffb67b","codec-http/src/test/java/io/netty/handler/codec/http/CookieDecoderTest.java","4","0","0","11","292","348","1"
"hazelcast","3ee4647695cf740a6f01e39a9831c212eb363199","hazelcast/src/main/java/com/hazelcast/concurrent/lock/operations/LockOperation.java","4","0","0","11","55","84","1"
"hazelcast","572fc337bfcc17ba43b07d01588fde975c70b4d1","hazelcast/src/main/java/com/hazelcast/concurrent/lock/operations/LockOperation.java","4","0","0","11","55","84","2"
"hazelcast","217c507d7725e99aad3a544ca43bd57110eb4f17","hazelcast/src/main/java/com/hazelcast/concurrent/lock/operations/LockOperation.java","4","0","0","11","55","84","0"
"netty","2fd42cfc6b32dacb812c6f2ecef8522cd94718d4","codec-http2/src/main/java/io/netty/handler/codec/http2/DefaultHttp2HeadersEncoder.java","4","0","0","11","65","102","0"
"hazelcast","2df063d441d3830ee797541830899e3248a8590e","hazelcast/src/main/java/com/hazelcast/partition/impl/ReplicaSyncRetryResponse.java","4","0","0","11","72","108","0"
"hazelcast","b1556cb737bd13095ea68036af59c6a61c350931","hazelcast/src/main/java/com/hazelcast/partition/impl/ReplicaSyncRetryResponse.java","4","0","0","11","72","108","0"
"hazelcast","1c52b3168b2cb32e5b01cf28812512ae01cf5b94","hazelcast/src/main/java/com/hazelcast/partition/impl/ReplicaSyncRetryResponse.java","4","0","0","11","72","108","1"
"BroadleafCommerce","28afdc6932587a86414e22b528791cb3939e04a0","core/broadleaf-profile/src/main/java/org/broadleafcommerce/profile/core/dao/CustomerDaoImpl.java","4","0","0","11","73","109","1"
"hazelcast","b0dd6a42ad98ddc9143e5ee580822bd8476f435c","hazelcast/src/main/java/com/hazelcast/map/PartitionContainer.java","4","0","0","11","75","117","2"
"elasticsearch","082632dcacc3baa18971af23dcb91d310eba92c7","core/src/main/java/org/elasticsearch/monitor/os/OsInfo.java","4","0","0","11","81","120","1"
"antlr4","29c2712ae1eee9575324db48c2f72c7cb0d28308","tool/test/org/antlr/v4/test/rt/gen/TestFile.java","4","0","0","11","86","102","0"
"elasticsearch","7a469538bca9c7db04437ed6ad002ab02273458c","core/src/main/java/org/elasticsearch/monitor/os/OsInfo.java","4","0","0","11","87","126","0"
"netty","1cb706ac932bab732257e02fc095d91ff7ed3788","codec-http2/src/test/java/io/netty/handler/codec/http2/internal/hpack/HuffmanTest.java","4","0","0","11","95","150","0"
"neo4j","8ab0685a4620653b3c1764d5bd04598a2e954bb2","community/security/src/test/java/org/neo4j/server/security/auth/BasicAuthManagerTest.java","4","0","0","12","158","237","1"
"neo4j","5515f38aa3fbea663116cb3349f01d67c7242cca","community/bolt/src/test/java/org/neo4j/bolt/v1/transport/socket/ChunkedOutputTest.java","4","0","0","12","184","297","0"
"hazelcast","ab6a19bb0b49334b5406027ff9a4a5ec8387dde0","hazelcast/src/test/java/com/hazelcast/instance/HazelcastInstanceFactoryTest.java","4","0","0","12","194","245","0"
"neo4j","9a449ac6a8534ba82aa0528e878e85195d76fea7","enterprise/security/src/test/java/org/neo4j/server/security/enterprise/auth/InternalFlatFileRealmTest.java","4","0","0","12","309","408","0"
"neo4j","4a4bc99eef885ecb4dd05d675666d37815410116","enterprise/ha/src/test/java/org/neo4j/kernel/ha/cluster/HighAvailabilityMemberStateMachineTest.java","4","0","0","12","593","783","1"
"neo4j","fef7a2cf3f52a40593201391e259231a6461c6ef","enterprise/ha/src/test/java/org/neo4j/kernel/ha/cluster/HighAvailabilityMemberStateMachineTest.java","4","0","0","12","598","788","0"
"elasticsearch","4b94eb5cb8cc4294ed0e932a5f22c16bd90d4dd7","core/src/main/java/org/elasticsearch/action/admin/indices/exists/types/TypesExistsRequest.java","4","0","0","12","68","105","2"
"elasticsearch","860efb2ad28db09189c8423e05d0dba53010259c","core/src/main/java/org/elasticsearch/action/admin/indices/exists/types/TypesExistsRequest.java","4","0","0","12","68","105","2"
"elasticsearch","d3417fb02291f26964d77767020ef345d18c148f","core/src/main/java/org/elasticsearch/action/admin/indices/exists/types/TypesExistsRequest.java","4","0","0","12","68","105","0"
"hazelcast","6d83ecd6f1f6d1136d5e2ecf98052d33c68f49f8","hazelcast/src/main/java/com/hazelcast/map/operation/EvictOperation.java","4","0","0","12","74","108","0"
"neo4j","78501457053bd31052fdcd40c7ae2d551a208003","community/cypher/cypher-compiler-2.3/src/main/java/org/neo4j/cypher/internal/compiler/v2_3/codegen/ResultRowImpl.java","4","0","0","12","78","115","1"
"hazelcast","70d4de16ff0ac4518d09aad8c9f2ad9e782fb337","hazelcast/src/main/java/com/hazelcast/ringbuffer/impl/client/PortableReadResultSet.java","4","0","0","12","78","115","1"
"hazelcast","d568e4d926d925d57d4e79e34614390416749301","hazelcast/src/main/java/com/hazelcast/ringbuffer/impl/client/PortableReadResultSet.java","4","0","0","12","78","115","0"
"hazelcast","d070f1256c8c7fa823e6463487462826384ee1df","hazelcast/src/main/java/com/hazelcast/map/impl/operation/EvictOperation.java","4","0","0","12","79","115","0"
"hazelcast","7001ec8c5b1305c796de75c2e3f170c562db8c03","hazelcast/src/main/java/com/hazelcast/map/impl/operation/EvictOperation.java","4","0","0","12","80","116","0"
"hazelcast","a4035afdfc67b757940a15578bc51b4e7b6b0b13","hazelcast-client-new/src/main/java/com/hazelcast/client/proxy/txn/ClientTxnQueueProxy.java","4","0","0","12","82","114","0"
"hazelcast","31820d92e469159b8152a223f32a3981d4724469","hazelcast/src/main/java/com/hazelcast/map/impl/operation/EvictOperation.java","4","0","0","12","84","118","1"
"hazelcast","2c5a20e99039142cf4293982bbd5b53f958e6fb9","hazelcast/src/main/java/com/hazelcast/map/impl/operation/EvictOperation.java","4","0","0","12","85","119","0"
"hazelcast","c37f1bc6a7ba37a6e7d27927eb812336b250521d","hazelcast/src/main/java/com/hazelcast/client/impl/protocol/task/replicatedmap/AbstractReplicatedMapAddEntryListenerMessageTask.java","4","0","0","13","100","138","0"
"hazelcast","81fe86abd4deed08faf6e617c5d73c2b7d4b5391","hazelcast/src/main/java/com/hazelcast/transaction/impl/xa/XATransactionContextImpl.java","4","0","0","13","103","137","2"
"hazelcast","8fac2ea6e17e60e7e680a7e692bac64ccb51f850","hazelcast/src/main/java/com/hazelcast/transaction/impl/xa/XATransactionContextImpl.java","4","0","0","13","104","138","0"
"hazelcast","da19a121b3e6e1e0898c272d906d8784568c0ac9","hazelcast/src/main/java/com/hazelcast/multimap/impl/operations/client/AddEntryListenerRequest.java","4","0","0","13","104","138","0"
"hazelcast","1c090ad87906d51892a32c2aa0a32d34002298ec","hazelcast/src/main/java/com/hazelcast/transaction/impl/xa/XATransactionContextImpl.java","4","0","0","13","104","138","1"
"hazelcast","de38cc48fa035d1f103c771ab574726ffcd8e28c","hazelcast/src/main/java/com/hazelcast/map/impl/PartitionContainer.java","4","0","0","13","104","163","3"
"hazelcast","b0ce34b9ecddab5119836b79b2cecb428664b121","hazelcast/src/main/java/com/hazelcast/multimap/impl/operations/client/AddEntryListenerRequest.java","4","0","0","13","105","139","1"
"hazelcast","ea1c884a2094d673643c44a0e98c44f3b44527b1","hazelcast/src/main/java/com/hazelcast/multimap/impl/operations/client/AddEntryListenerRequest.java","4","0","0","13","105","139","2"
"hazelcast","53d96a2042e1c7fa0fe1ccb1ae1a0c152ce97c34","hazelcast/src/main/java/com/hazelcast/multimap/impl/operations/client/AddEntryListenerRequest.java","4","0","0","13","105","139","0"
"neo4j","1c6e22fad95ec037f0b9c6fd7a9fadb18e8384d1","community/server/src/main/java/org/neo4j/server/rest/repr/RelationshipRepresentation.java","4","0","0","13","105","144","0"
"hazelcast","1e5c8a91174e1f59f5005535e5cec680c24dc221","hazelcast/src/main/java/com/hazelcast/map/operation/KeyBasedMapOperation.java","4","0","0","13","107","149","0"
"hazelcast","70d4de16ff0ac4518d09aad8c9f2ad9e782fb337","hazelcast/src/test/java/com/hazelcast/internal/ascii/HTTPCommunicator.java","4","0","0","13","168","234","1"
"neo4j","069d4fa96fad00d182daeb9570e124ae87f68f5f","community/security/src/test/java/org/neo4j/server/security/auth/BasicAuthManagerTest.java","4","0","0","13","185","270","0"
"neo4j","84ba2501e70a3ead624f7d30b268987a61873126","enterprise/core-edge/src/test/java/org/neo4j/coreedge/raft/log/segmented/SegmentFileTest.java","4","0","0","13","216","318","0"
"netty","0eb7a42c690bc5071b2ebe3be105b806a63e5730","codec-http/src/test/java/io/netty/handler/codec/http/CookieDecoderTest.java","4","0","0","13","312","375","2"
"elasticsearch","0ccf8a742df544c25edec70d1f91f2aab2028773","core/src/main/java/org/elasticsearch/common/io/stream/InputStreamStreamInput.java","4","0","0","13","63","99","1"
"elasticsearch","cb5c25ab4fb78c0da392726566ee3d74924454c5","core/src/main/java/org/elasticsearch/common/io/stream/InputStreamStreamInput.java","4","0","0","13","66","104","0"
"hazelcast","bef9eaaee45912483a17edfa9bf8c70c0d515419","hazelcast/src/main/java/com/hazelcast/concurrent/semaphore/operations/SemaphoreDetachMemberOperation.java","4","0","0","13","79","113","0"
"hazelcast","6145f09503713562a33899b578bea2bd96952922","hazelcast/src/main/java/com/hazelcast/map/PartitionContainer.java","4","0","0","13","82","134","0"
"hazelcast","6534c4933a2ab5ab8aafb4432874aaf7da8d70de","hazelcast/src/main/java/com/hazelcast/map/impl/client/MapAddInterceptorRequest.java","4","0","0","13","94","128","1"
"neo4j","dbcc0ba120527f20c902dcb0197569906153cac8","community/kernel/src/main/java/org/neo4j/kernel/builtinprocs/BuiltInProcedures.java","4","0","0","14","173","227","0"
"elasticsearch","d01a62908a22c6f20a4adf1c147c4f3179c2a007","core/src/test/java/org/elasticsearch/common/joda/DateMathParserTests.java","4","0","0","14","180","254","1"
"elasticsearch","6fea6c542cca57710191ab23c76029e28e3f217b","core/src/test/java/org/elasticsearch/index/mapper/source/DefaultSourceMappingTests.java","4","0","0","14","234","313","2"
"hazelcast","8fb478edd7f05c3874592dfd54abd9bd62b8e5d3","hazelcast/src/test/java/com/hazelcast/spi/impl/operationservice/impl/CallIdSequenceWithBackpressureTest.java","4","0","0","15","180","242","1"
"elasticsearch","5337686d8d39568f94b0b976bd9098af69214302","qa/evil-tests/src/test/java/org/elasticsearch/bootstrap/BootstrapCliParserTests.java","4","0","0","15","182","252","0"
"hazelcast","143f4fdf7adafe7b1c14046af7f132eb23103918","hazelcast/src/test/java/com/hazelcast/cache/JCacheListenerTest.java","4","0","0","15","200","274","0"
"hazelcast","3d37035d8f2430cb96ed1deae063821f193c383b","hazelcast/src/test/java/com/hazelcast/cache/JCacheListenerTest.java","4","0","0","15","200","274","0"
"hazelcast","e8fce3a29f6fdceb4ff19f0468012e0b279e86d3","hazelcast/src/test/java/com/hazelcast/cache/JCacheListenerTest.java","4","0","0","15","200","274","2"
"netty","cd6b5def8d5d25d4215bb12654bdd2fcbec0be6f","codec-http/src/test/java/io/netty/handler/codec/http/HttpObjectAggregatorTest.java","4","0","0","15","238","323","0"
"elasticsearch","ab9e33e38daeda7f9520711652a204d31fe6a5d9","src/test/java/org/elasticsearch/index/mapper/ttl/TTLMappingTests.java","4","0","0","15","260","330","0"
"elasticsearch","90d044309f18bd20b12ead67a9e41f31e18e3f87","core/src/test/java/org/elasticsearch/index/mapper/core/TextFieldMapperTests.java","4","0","0","15","355","451","1"
"neo4j","e5db6293c3260f28a9a9ecdd0970352162530f13","community/kernel/src/test/java/org/neo4j/kernel/impl/query/Neo4jTransactionalContextTest.java","4","0","0","15","378","500","0"
"hazelcast","4022592bc27993eaa9f71b37a3ec029cf7d30d76","hazelcast/src/main/java/com/hazelcast/map/impl/PartitionContainer.java","4","0","0","16","120","181","1"
"hazelcast","1f042b8c4a4245594691bb6d85a66ceed9b43068","hazelcast/src/main/java/com/hazelcast/map/impl/PartitionContainer.java","4","0","0","16","121","182","1"
"hazelcast","56cacd0e17025a819dabd3e61bff248f41a5fb04","hazelcast/src/main/java/com/hazelcast/map/impl/PartitionContainer.java","4","0","0","16","121","182","1"
"hazelcast","2921cff694583b8638dae2991f427e61d5440a9d","hazelcast/src/main/java/com/hazelcast/map/impl/PartitionContainer.java","4","0","0","16","121","182","0"
"hazelcast","a1e5e1945485995c45c8cd9fcc0c1a63ae75ef6f","hazelcast/src/main/java/com/hazelcast/map/impl/PartitionContainer.java","4","0","0","16","123","185","0"
"hazelcast","9a271c902879c6d77ac6f5d779edb30265612d84","hazelcast/src/main/java/com/hazelcast/map/impl/PartitionContainer.java","4","0","0","16","124","186","0"
"neo4j","1b3aad3b619bd72c2c9f79bb7edf642c5dc56a6f","enterprise/security/src/test/java/org/neo4j/server/security/enterprise/auth/EmbeddedInteraction.java","4","0","0","16","135","178","0"
"neo4j","ba802146bfb948f8ca4bc29d51b2626b9864a1a9","enterprise/security/src/test/java/org/neo4j/server/security/enterprise/auth/EmbeddedInteraction.java","4","0","0","16","135","178","0"
"neo4j","c53aab6d4de8c83eda42c64474ec13aa7ecb25f3","enterprise/security/src/test/java/org/neo4j/server/security/enterprise/auth/EmbeddedInteraction.java","4","0","0","16","135","178","1"
"neo4j","2fb8aea71a2d50c63f1407b9e975c5e8cbf325dc","enterprise/security/src/test/java/org/neo4j/server/security/enterprise/auth/EmbeddedInteraction.java","4","0","0","16","136","179","1"
"neo4j","8a31284a00600fe653939a9b2206e0382deded40","enterprise/security/src/main/java/org/neo4j/server/security/enterprise/auth/UserManagementProcedures.java","4","0","0","16","138","177","0"
"neo4j","036e0742c9800ed47922595c97274b360cfbc9ef","enterprise/security/src/test/java/org/neo4j/server/security/enterprise/auth/EmbeddedInteraction.java","4","0","0","16","140","181","1"
"neo4j","07530adc6e64325f30ad4ef2b4efa48905cff328","enterprise/security/src/main/java/org/neo4j/server/security/enterprise/auth/UserManagementProcedures.java","4","0","0","16","152","192","0"
"neo4j","2b31d7ad0f8727477761797b349d305d8a3e2fa7","community/kernel/src/main/java/org/neo4j/kernel/builtinprocs/BuiltInProcedures.java","4","0","0","16","225","282","1"
"neo4j","4e50ec022d826b946e6f700292eff3db8a8839e9","community/kernel/src/main/java/org/neo4j/kernel/builtinprocs/BuiltInProcedures.java","4","0","0","16","230","287","0"
"neo4j","7cc8aef4d3f24dcc9eaebc6f538c91cf32c97b95","community/kernel/src/main/java/org/neo4j/kernel/builtinprocs/BuiltInProcedures.java","4","0","0","16","231","294","0"
"elasticsearch","ae69645e9f88a27111446ccb2487c9325b1c4d3a","core/src/test/java/org/elasticsearch/index/mapper/ttl/TTLMappingTests.java","4","0","0","16","276","352","1"
"elasticsearch","128f0276d95bca2eb9355eb6650668cd89ef86fe","core/src/test/java/org/elasticsearch/index/mapper/core/TextFieldMapperTests.java","4","0","0","16","379","478","3"
"netty","217f8ce1fd26d7c125612ad6aa4f53819b403d12","codec-http/src/test/java/io/netty/handler/codec/http/CookieDecoderTest.java","4","0","0","16","386","455","0"
"hazelcast","dbb18e25a663c5e6adb487988baadf849f66f29e","hazelcast/src/main/java/com/hazelcast/query/EntryObject.java","4","0","0","16","64","100","0"
"BroadleafCommerce","4b899b0b30679392365b1286b26fd502eee6594c","admin/broadleaf-open-admin-platform/src/main/java/org/broadleafcommerce/openadmin/dto/FilterAndSortCriteria.java","4","0","0","16","77","126","2"
"netty","9d4fae308c09a2c759dc67db765d311154c8d977","transport-native-epoll/src/main/java/io/netty/channel/epoll/EpollDomainSocketChannelConfig.java","4","0","0","17","105","143","1"
"hazelcast","58e4782c607905ce452f830bd68a2412a9e1961e","hazelcast-client-new/src/main/java/com/hazelcast/client/proxy/ClientLockProxy.java","4","0","0","17","109","151","1"
"hazelcast","92c9e90afd37615e6c37493123b053a4f4a5c145","hazelcast-client-new/src/main/java/com/hazelcast/client/proxy/ClientLockProxy.java","4","0","0","17","109","151","1"
"hazelcast","d38202141395360399c9cf97d4453adf5b1581e1","hazelcast-client-new/src/main/java/com/hazelcast/client/proxy/ClientLockProxy.java","4","0","0","17","109","151","1"
"hazelcast","4e007a3426015aebfb4a640a624d2e2e9dc90817","hazelcast-client-new/src/main/java/com/hazelcast/client/proxy/ClientLockProxy.java","4","0","0","17","109","151","0"
"hazelcast","a4035afdfc67b757940a15578bc51b4e7b6b0b13","hazelcast-client-new/src/main/java/com/hazelcast/client/proxy/ClientLockProxy.java","4","0","0","17","109","151","0"
"elasticsearch","60cbb2d7bcadcd04fbd6cfb2c20bb3f95c49dda1","plugins/repository-azure/src/main/java/org/elasticsearch/cloud/azure/blobstore/AzureBlobStore.java","4","0","0","17","109","155","1"
"hazelcast","8aad5200f5667461d3959dacaa6d5d179d7b2add","hazelcast-client-new/src/main/java/com/hazelcast/client/proxy/ClientLockProxy.java","4","0","0","17","110","152","0"
"elasticsearch","a49fe189b0f74b28bd1c9727dda8258ceec912f8","plugins/repository-azure/src/main/java/org/elasticsearch/cloud/azure/blobstore/AzureBlobStore.java","4","0","0","17","110","156","0"
"neo4j","9a371bafe80ceb4e6cdc8502fbd22f9f8ec3d59d","enterprise/core-edge/src/main/java/org/neo4j/coreedge/raft/state/membership/RaftMembershipState.java","4","0","0","17","134","183","1"
"neo4j","b070962e9b00726d50df951106225fa252b7efeb","enterprise/security/src/test/java/org/neo4j/server/security/enterprise/auth/EmbeddedInteraction.java","4","0","0","17","140","185","0"
"elasticsearch","1a60e1c3d27d3d1f76b389d6bf008b35856ad88d","core/src/main/java/org/elasticsearch/common/logging/PrefixMessageFactory.java","4","0","0","17","159","222","1"
"elasticsearch","f8019926b3ee944bf39cdd3c9d5140726c346322","modules/ingest-grok/src/test/java/org/elasticsearch/ingest/grok/GrokTests.java","4","0","0","17","238","295","1"
"hazelcast","0663f03826565103dcfda83b0815da8380112edc","hazelcast/src/test/java/com/hazelcast/query/PredicatesTest.java","4","0","0","17","272","321","4"
"hazelcast","98b249af9499f13c482d9ffa4ce6f1367ddb4586","hazelcast-client/src/main/java/com/hazelcast/client/LockClientProxy.java","4","0","0","17","79","117","0"
"hazelcast","5da39756a924fc9e2ed46c61fcadede40bb5efc7","hazelcast-client/src/main/java/com/hazelcast/client/LockClientProxy.java","4","0","0","17","81","120","0"
"hazelcast","0a71aca191a47577776f118feb67ea9a3b922350","hazelcast-client/src/main/java/com/hazelcast/client/proxy/ClientLockProxy.java","4","0","0","17","97","138","2"
"hazelcast","13ee2009ce877b5f5755244f773c9b4aa6925c1d","hazelcast-client/src/main/java/com/hazelcast/client/proxy/ClientLockProxy.java","4","0","0","17","97","138","2"
"hazelcast","aa06e303947c7ba1ac2fbb9f3e1ed6312100764a","hazelcast-client/src/main/java/com/hazelcast/client/proxy/ClientLockProxy.java","4","0","0","17","97","138","2"
"hazelcast","102cc4ef8d2e7bf4eca5451494ef6bf09deb6e43","hazelcast-client/src/main/java/com/hazelcast/client/proxy/ClientLockProxy.java","4","0","0","17","97","138","0"
"hazelcast","9518e6098309042882113ef36bf7d6a5a61d6349","hazelcast-client/src/main/java/com/hazelcast/client/proxy/ClientLockProxy.java","4","0","0","17","97","138","0"
"hazelcast","5bd0f1b5d3fb7225fbb9ba525531e912511ff351","hazelcast-client/src/main/java/com/hazelcast/client/proxy/ClientLockProxy.java","4","0","0","17","98","138","1"
"hazelcast","c13c39a89cc3f63b1fab4793e8e8c5a21afdc924","hazelcast-client/src/main/java/com/hazelcast/client/proxy/ClientLockProxy.java","4","0","0","17","98","138","2"
"hazelcast","b3d120949bee11e74d37cb694f8ebc1bca251cfb","hazelcast-client/src/main/java/com/hazelcast/client/proxy/ClientLockProxy.java","4","0","0","17","98","138","0"
"netty","3e5dcb5f3efbb26d5e6cf4cd229b03c285d62462","transport-native-epoll/src/main/java/io/netty/channel/epoll/EpollDomainSocketChannelConfig.java","4","0","0","18","113","152","0"
"hazelcast","501957b586e4584be5a10521e7eba25ad84c7aec","hazelcast/src/test/java/com/hazelcast/partition/IndeterminateOperationStateExceptionTest.java","4","0","0","18","158","197","1"
"neo4j","14f2c6432f857024e5c864be41751f36690d638f","community/kernel/src/test/java/org/neo4j/test/DatabaseRule.java","4","0","0","18","183","240","1"
"hazelcast","2112d78371c8d96c88a5b141cc8c710890ee70ec","hazelcast/src/test/java/com/hazelcast/internal/ascii/RestClusterTest.java","4","0","0","18","203","259","1"
"elasticsearch","4bf12a7dca9fddc9544f7698938a9ca35ca1bca4","modules/ingest-grok/src/test/java/org/elasticsearch/ingest/grok/GrokTests.java","4","0","0","18","244","302","0"
"hazelcast","9e20ebf00823b002cf624524dd25ded172a14830","hazelcast/src/test/java/com/hazelcast/executor/CompletableFutureTest.java","4","0","0","18","282","368","0"
"hazelcast","ac8781e631f54c8145a3dcfcada4074507236512","hazelcast/src/test/java/com/hazelcast/executor/CompletableFutureTest.java","4","0","0","18","285","371","0"
"hazelcast","269452c5076a01d8e67f0b8d674f6b55cf0e1d06","hazelcast/src/test/java/com/hazelcast/spi/discovery/DiscoverySpiTest.java","4","0","0","18","324","427","0"
"hazelcast","2d61a67c44972c7c71b5c93be51bbb0154a73f45","hazelcast/src/test/java/com/hazelcast/query/PredicatesTest.java","4","0","0","18","331","394","2"
"elasticsearch","2fb0466f669b030dfdd3cf0f876f4f4a98560781","test/framework/src/test/java/org/elasticsearch/test/rest/yaml/section/DoSectionTests.java","4","0","0","18","379","468","1"
"elasticsearch","6174e21f47244b6d5153d7d0cc1fe28fe863399d","core/src/test/java/org/elasticsearch/search/aggregations/metrics/StatsIT.java","4","0","0","18","394","489","1"
"elasticsearch","7ce06aeb8ca108e45efba3923072766854a90a1e","test/framework/src/test/java/org/elasticsearch/test/rest/yaml/section/DoSectionTests.java","4","0","0","18","416","510","0"
"elasticsearch","577e6a5e147d2222c7b618af3601adb3e3cedf39","test/framework/src/test/java/org/elasticsearch/test/rest/yaml/section/DoSectionTests.java","4","0","0","18","419","513","0"
"BroadleafCommerce","b1a58da9c5995e240462e75190bceadf6f12ed7a","core/broadleaf-framework/src/main/java/org/broadleafcommerce/core/offer/dao/OfferDaoImpl.java","4","0","0","19","136","186","0"
"hazelcast","4b51aed22af3d30c831cb381361da68caa0485bd","hazelcast/src/test/java/com/hazelcast/internal/ascii/RestClusterTest.java","4","0","0","19","209","266","0"
"elasticsearch","b3e5e6a0bada1a90ee80edcbe52cc22d82c640e3","core/src/test/java/org/elasticsearch/cluster/routing/allocation/FilterAllocationDeciderTests.java","4","0","0","2","110","150","0"
"MapDB","63fead272a5b3a8a4599fd7c30ad70b4a43f667b","src/test/java/org/mapdb/LongConcurrentLRUMapTest.java","4","0","0","2","16","23","0"
"BroadleafCommerce","9f01bd6c4edb320ae0086235623ebdc20924768e","integration/src/test/java/org/broadleafcommerce/core/checkout/service/CheckoutTest.java","4","0","0","2","218","378","0"
"mcMMO","3cf01cb6f39f96c0e8c35c1723c426e79fd2bbb5","src/main/java/com/gmail/nossr50/runnables/party/PartyAutoKickTask.java","4","0","0","2","26","35","1"
"BroadleafCommerce","c47428fb0783c065f81dbdf641f1155879791b33","core/broadleaf-framework-web/src/main/java/org/broadleafcommerce/core/web/order/security/BroadleafAuthenticationSuccessHandler.java","4","0","0","2","28","55","0"
"mcMMO","93548317293e2c6c5195544b99d4ce7d900abea1","src/main/java/com/gmail/nossr50/commands/mc/McgodCommand.java","4","0","0","2","29","39","3"
"hazelcast","b3c827d6fa62d8e2df97bedca719446f447fafd3","hazelcast/src/main/java/com/hazelcast/instance/NodeExtensionFactory.java","4","0","0","2","29","52","1"
"hazelcast","0dcac2107149f1a24af61788b11b53bd49eb4a73","hazelcast/src/main/java/com/hazelcast/cluster/impl/operations/MasterConfirmationOperation.java","4","0","0","2","30","51","0"
"hazelcast","47b48594cce33ec1cec54b6fa89af2acf2da2fed","hazelcast/src/main/java/com/hazelcast/cluster/impl/operations/MasterConfirmationOperation.java","4","0","0","2","30","52","1"
"netty","4158152b24c1e20cc9d024486a6bc6a0ee336a92","transport/src/main/java/io/netty/channel/socket/oio/AbstractOioChannelSink.java","4","0","0","2","30","55","0"
"mcMMO","ec6a7e79d655d11826da2eaa46cb080f7c92f38a","src/main/java/com/gmail/nossr50/skills/mining/DemoltionsExpertiseEventHandler.java","4","0","0","2","31","39","0"
"elasticsearch","cc37ae13bc8fabe6369a6a3f66817a4a823646fe","src/test/java/org/elasticsearch/action/admin/indices/CreateIndexTests.java","4","0","0","2","31","57","1"
"BroadleafCommerce","69210a32ed73de6f9cc002c897cc8c24c840fb1b","core/broadleaf-framework-web/src/main/java/org/broadleafcommerce/core/web/order/security/BroadleafAuthenticationSuccessHandler.java","4","0","0","2","32","57","1"
"hazelcast","9815def4bac321ee2cc1c197dbd37d64396ce844","hazelcast/src/main/java/com/hazelcast/cluster/impl/DiscoveryJoiner.java","4","0","0","2","33","58","0"
"mcMMO","886515400dc845c996075c9f6e6240dd4c8c8c31","src/main/java/com/gmail/nossr50/database/commands/MmoupdateCommand.java","4","0","0","2","34","45","1"
"elasticsearch","8fba11dd74cd5d0ee9a3bb1a70b687451394e56e","src/test/java/org/elasticsearch/common/regex/RegexTests.java","4","0","0","2","34","56","0"
"hazelcast","8a85db7a5b644fa0daf05483cd0d241caab60bcb","hazelcast/src/main/java/com/hazelcast/internal/cluster/impl/DiscoveryJoiner.java","4","0","0","2","34","59","1"
"hazelcast","e3bcad88a48d45f99979e5ac55d6ef21ebb6a2d2","hazelcast-build-utils/src/test/java/com/hazelcast/buildutils/ExportPackageViewer.java","4","0","0","2","34","61","0"
"elasticsearch","b1cef5fdf8e1f8e9982a4724986b2731ca4d522b","core/src/main/java/org/elasticsearch/search/aggregations/metrics/stats/extended/ExtendedStatsParser.java","4","0","0","2","35","60","1"
"elasticsearch","25fd9e26c4fb042d6f6dea14efcd239577bdbbc4","client/sniffer/src/test/java/org/elasticsearch/client/sniff/SniffOnFailureListenerTests.java","4","0","0","2","35","62","0"
"hazelcast","cde914700341904b25a04a43f120d8e8b6ace0d1","hazelcast/src/test/java/com/hazelcast/replicatedmap/ReplicatedMapStressTest.java","4","0","0","2","36","44","0"
"hazelcast","474965e6f925df9d4924095c2ffad42fd0067dfc","hazelcast/src/main/java/com/hazelcast/internal/cluster/impl/DiscoveryJoiner.java","4","0","0","2","36","62","1"
"elasticsearch","b1cef5fdf8e1f8e9982a4724986b2731ca4d522b","core/src/main/java/org/elasticsearch/search/aggregations/metrics/geobounds/GeoBoundsParser.java","4","0","0","2","36","62","1"
"hazelcast","4a553f9b78d4cd4414aee65577b8dfbaa42786ad","hazelcast/src/main/java/com/hazelcast/internal/cluster/impl/DiscoveryJoiner.java","4","0","0","2","36","62","0"
"orientdb","b2d2a8092faec38eb3a9f2a2d60f1ffeb2b9b6a9","core/src/test/java/com/orientechnologies/orient/core/db/document/ODatabaseDocumentTxTest.java","4","0","0","2","38","52","1"
"hazelcast","ad1790f7ac618c7a5bf8f548c3650937b7ee3a89","hazelcast/src/test/java/com/hazelcast/internal/management/MancenterServlet.java","4","0","0","2","40","49","0"
"BroadleafCommerce","5fc2059548ec2853d8ff7f828e32709e871ec5e2","integration/src/test/java/org/broadleafcommerce/test/BaseTest.java","4","0","0","2","40","76","0"
"MapDB","45e767968f7691d40bf24d8a296451c7d8a010d3","src/test/java/org/mapdb/issues/Issue746Test.java","4","0","0","2","41","61","0"
"ceylon-ide-eclipse","8ac72e61b5d1d52fe7c350f205f667a031f6ac2c","plugins/com.redhat.ceylon.eclipse.ui/src/com/redhat/ceylon/eclipse/code/correct/DestructureHandler.java","4","0","0","2","42","52","0"
"ceylon-ide-eclipse","765624413a8fc99091a14d8ff74f1ff5e3184e7b","plugins/com.redhat.ceylon.eclipse.ui/src/com/redhat/ceylon/eclipse/code/correct/DestructureHandler.java","4","0","0","2","42","52","0"
"ceylon-ide-eclipse","65c4e729050764a2a48fa921d809ad9324757eb0","plugins/com.redhat.ceylon.eclipse.ui/src/com/redhat/ceylon/eclipse/code/correct/DestructureHandler.java","4","0","0","2","42","52","1"
"ceylon-ide-eclipse","8ac72e61b5d1d52fe7c350f205f667a031f6ac2c","plugins/com.redhat.ceylon.eclipse.ui/src/com/redhat/ceylon/eclipse/code/correct/AssignToLocalHandler.java","4","0","0","2","43","53","0"
"ceylon-ide-eclipse","5b4c3eac8a7c12c0125a77343e602b4e73083595","plugins/com.redhat.ceylon.eclipse.ui/src/com/redhat/ceylon/eclipse/code/correct/AssignToLocalHandler.java","4","0","0","2","43","53","0"
"ceylon-ide-eclipse","8ac72e61b5d1d52fe7c350f205f667a031f6ac2c","plugins/com.redhat.ceylon.eclipse.ui/src/com/redhat/ceylon/eclipse/code/correct/RefineFormalMembersHandler.java","4","0","0","2","43","53","0"
"ceylon-ide-eclipse","5b4c3eac8a7c12c0125a77343e602b4e73083595","plugins/com.redhat.ceylon.eclipse.ui/src/com/redhat/ceylon/eclipse/code/correct/DestructureHandler.java","4","0","0","2","43","53","0"
"ceylon-ide-eclipse","5b4c3eac8a7c12c0125a77343e602b4e73083595","plugins/com.redhat.ceylon.eclipse.ui/src/com/redhat/ceylon/eclipse/code/correct/RefineFormalMembersHandler.java","4","0","0","2","43","53","0"
"ceylon-ide-eclipse","765624413a8fc99091a14d8ff74f1ff5e3184e7b","plugins/com.redhat.ceylon.eclipse.ui/src/com/redhat/ceylon/eclipse/code/correct/AssignToLocalHandler.java","4","0","0","2","43","53","0"
"ceylon-ide-eclipse","d8babdb645d8d8594721684e8986da485e3717db","plugins/com.redhat.ceylon.eclipse.ui/src/com/redhat/ceylon/eclipse/code/correct/DestructureHandler.java","4","0","0","2","43","53","0"
"ceylon-ide-eclipse","64a391fbabba6b9bc6b553abfa42466e0ca9673d","plugins/com.redhat.ceylon.eclipse.ui/src/com/redhat/ceylon/eclipse/code/correct/RefineFormalMembersHandler.java","4","0","0","2","43","53","0"
"ceylon-ide-eclipse","64a391fbabba6b9bc6b553abfa42466e0ca9673d","plugins/com.redhat.ceylon.eclipse.ui/src/com/redhat/ceylon/eclipse/code/correct/AssignToForHandler.java","4","0","0","2","43","53","0"
"ceylon-ide-eclipse","d8babdb645d8d8594721684e8986da485e3717db","plugins/com.redhat.ceylon.eclipse.ui/src/com/redhat/ceylon/eclipse/code/correct/AssignToLocalHandler.java","4","0","0","2","43","53","0"
"ceylon-ide-eclipse","64a391fbabba6b9bc6b553abfa42466e0ca9673d","plugins/com.redhat.ceylon.eclipse.ui/src/com/redhat/ceylon/eclipse/code/correct/DestructureHandler.java","4","0","0","2","43","53","0"
"ceylon-ide-eclipse","d8babdb645d8d8594721684e8986da485e3717db","plugins/com.redhat.ceylon.eclipse.ui/src/com/redhat/ceylon/eclipse/code/correct/RefineFormalMembersHandler.java","4","0","0","2","43","53","0"
"ceylon-ide-eclipse","64a391fbabba6b9bc6b553abfa42466e0ca9673d","plugins/com.redhat.ceylon.eclipse.ui/src/com/redhat/ceylon/eclipse/code/correct/AssignToLocalHandler.java","4","0","0","2","43","53","0"
"ceylon-ide-eclipse","65c4e729050764a2a48fa921d809ad9324757eb0","plugins/com.redhat.ceylon.eclipse.ui/src/com/redhat/ceylon/eclipse/code/correct/AssignToLocalHandler.java","4","0","0","2","43","53","1"
"hazelcast","85c2c5b08ea67c2380367670f35bfb918fa1273f","hazelcast/src/main/java/com/hazelcast/util/executor/PoolExecutorThreadFactory.java","4","0","0","2","44","72","2"
"hazelcast","a3507ca238034c2ea2fbb21034247eddd69117ef","hazelcast/src/test/java/com/hazelcast/util/executor/CancellableDelegatingFutureTest.java","4","0","0","2","45","54","0"
"elasticsearch","459d59a04ad4eb1671bac50a6faf3a7ad372d0e4","src/main/java/org/elasticsearch/search/suggest/phrase/StupidBackoffScorer.java","4","0","0","2","45","72","1"
"elasticsearch","d8f16178d3f21b4f9d17da12e7aa61613fc2c27a","src/test/java/org/elasticsearch/common/blobstore/BlobStoreTest.java","4","0","0","2","46","70","1"
"elasticsearch","57c0d29114b60f74e43ceb0914c26d490b61a265","src/main/java/org/elasticsearch/search/suggest/phrase/StupidBackoffScorer.java","4","0","0","2","46","73","0"
"ceylon-ide-eclipse","8ac72e61b5d1d52fe7c350f205f667a031f6ac2c","plugins/com.redhat.ceylon.eclipse.ui/src/com/redhat/ceylon/eclipse/code/correct/PrintHandler.java","4","0","0","2","47","55","0"
"elasticsearch","a6510f924520d8cdda2636ac85a1a1e43f6dfb8c","src/test/java/org/elasticsearch/common/blobstore/BlobStoreTest.java","4","0","0","2","47","71","0"
"elasticsearch","41a2375c9e609395e21522ee79202645ed2a0af4","core/src/test/java/org/elasticsearch/action/admin/indices/optimize/OptimizeBlocksIT.java","4","0","0","2","49","82","0"
"elasticsearch","89ac6a83f134365dcc3b7bdff5a3f14ddab6c2c5","core/src/test/java/org/elasticsearch/action/admin/indices/optimize/OptimizeBlocksIT.java","4","0","0","2","49","82","0"
"elasticsearch","aea00a62f3825e388e07007d3c8686f93c2d3f8e","core/src/test/java/org/elasticsearch/action/admin/indices/optimize/OptimizeBlocksIT.java","4","0","0","2","49","82","1"
"ceylon-ide-eclipse","5b4c3eac8a7c12c0125a77343e602b4e73083595","plugins/com.redhat.ceylon.eclipse.ui/src/com/redhat/ceylon/eclipse/code/correct/AddParameterListHandler.java","4","0","0","2","50","58","0"
"elasticsearch","41a2375c9e609395e21522ee79202645ed2a0af4","core/src/test/java/org/elasticsearch/action/admin/indices/flush/FlushBlocksIT.java","4","0","0","2","50","83","0"
"elasticsearch","1500beafc7baad4e8cbce0682ed76e429498ea13","qa/evil-tests/src/test/java/org/elasticsearch/node/EvilNodeTests.java","4","0","0","2","51","78","0"
"elasticsearch","6dc03ecb10328353e682f5991537af46e80b1fe2","core/src/test/java/org/elasticsearch/action/admin/indices/flush/FlushBlocksIT.java","4","0","0","2","51","83","2"
"elasticsearch","01519745007b2d093cdf602783c27a26de82c69b","core/src/test/java/org/elasticsearch/action/admin/indices/flush/FlushBlocksIT.java","4","0","0","2","51","84","0"
"BroadleafCommerce","169f0bbfec129b2b2db37bf8d20ae4c6d373f6c0","integration/src/test/java/org/broadleafcommerce/test/BaseTest.java","4","0","0","2","51","95","0"
"orientdb","375c51054059489374d739f25fc830f6025c5326","distributed/src/test/java/com/orientechnologies/orient/server/distributed/asynch/BareBoneBase1ClientTest.java","4","0","0","2","55","75","0"
"hazelcast","83daa0c085a68c3c7a53f3ac2b50a4675ea910aa","hazelcast/src/test/java/com/hazelcast/mapreduce/aggregation/DistinctAggregationTest.java","4","0","0","2","58","75","0"
"elasticsearch","5343b87502cf82e7697133ed636f210bd31247cd","modules/transport-netty4/src/test/java/org/elasticsearch/rest/Netty4BadRequestIT.java","4","0","0","2","58","85","0"
"elasticsearch","5b07f81fcf253f20ba002fe4df0340540426d662","core/src/test/java/org/elasticsearch/indices/recovery/RecoveryStatusTests.java","4","0","0","2","60","89","1"
"elasticsearch","f79fb4ada7995c11874346787db276b6edafaa8f","core/src/test/java/org/elasticsearch/indices/recovery/RecoveryStatusTests.java","4","0","0","2","60","89","1"
"elasticsearch","c4fe8e7bf23f62c25f3d1ebd35de3fe716c45e9a","core/src/test/java/org/elasticsearch/indices/recovery/RecoveryStatusTests.java","4","0","0","2","60","89","0"
"hazelcast","485f426abc042144ebf9fd213e724556ad967191","hazelcast/src/test/java/com/hazelcast/cache/nearcache/CommonNearCacheTestSupport.java","4","0","0","2","65","78","1"
"elasticsearch","fcf4d5a38de733eade12c4af4388aa946bbe5235","src/test/java/org/elasticsearch/client/transport/TransportClientRetryTests.java","4","0","0","2","65","97","0"
"hazelcast","4a7940a4f5a775a9cca1a283ae88d7fdf0cfc125","hazelcast-hibernate/hazelcast-hibernate3/src/test/java/com/hazelcast/hibernate/LocalRegionFactoryDefaultTest.java","4","0","0","2","66","91","0"
"elasticsearch","03267e03da5facdef138a082e9762fb8a04c00e1","core/src/main/java/org/elasticsearch/action/fieldcaps/TransportFieldCapabilitiesIndexAction.java","4","0","0","2","67","101","0"
"elasticsearch","046abdc281c321cd2128ee7684c0edfcaca07203","core/src/main/java/org/elasticsearch/search/aggregations/bucket/histogram/DateHistogramAggregatorFactory.java","4","0","0","2","67","98","3"
"elasticsearch","4040f194f528c76c88be70b119cf9d7d6fcea99b","core/src/test/java/org/elasticsearch/client/transport/TransportClientRetryTests.java","4","0","0","2","67","99","0"
"elasticsearch","7adf9929bae22049d157676756b49597bca98426","core/src/test/java/org/elasticsearch/client/transport/TransportClientRetryTests.java","4","0","0","2","68","100","1"
"oryx","fddb336ac30ea3fb0bde91c61ef043f523d7d9fe","app/oryx-app-mllib/src/test/java/com/cloudera/oryx/app/batch/mllib/als/ALSModelContentIT.java","4","0","0","2","68","103","0"
"hazelcast","1cb75df061479377db7a716f236b127b37233410","hazelcast-hibernate/hazelcast-hibernate3/src/test/java/com/hazelcast/hibernate/LocalRegionFactoryDefaultTest.java","4","0","0","2","68","94","0"
"elasticsearch","78574d248cf10dad1c5a566fda79e1e0c94afe43","core/src/main/java/org/elasticsearch/action/termvectors/TransportShardMultiTermsVectorAction.java","4","0","0","2","69","100","1"
"elasticsearch","984b94e8b75f4c7f5a5e878548509a36bdeeec37","core/src/main/java/org/elasticsearch/rest/action/admin/indices/upgrade/RestUpgradeAction.java","4","0","0","2","69","100","1"
"elasticsearch","e6aaaf11ed4a1b8f595f920de1840938eddb7a97","core/src/main/java/org/elasticsearch/action/termvectors/TransportShardMultiTermsVectorAction.java","4","0","0","2","69","100","1"
"elasticsearch","3046055bd0f2bc3d334667b9d8cad2f6b7396cba","core/src/main/java/org/elasticsearch/action/termvectors/TransportShardMultiTermsVectorAction.java","4","0","0","2","69","100","0"
"elasticsearch","a60b8948ba1d836a6eac7cff095519e618939ed8","core/src/main/java/org/elasticsearch/action/termvectors/TransportShardMultiTermsVectorAction.java","4","0","0","2","69","100","0"
"oryx","d6687d2eb4391d042aa1d5e80653326e501b0fed","app/oryx-app-mllib/src/test/java/com/cloudera/oryx/app/batch/mllib/als/ALSModelContentIT.java","4","0","0","2","69","104","1"
"elasticsearch","4b94eb5cb8cc4294ed0e932a5f22c16bd90d4dd7","core/src/main/java/org/elasticsearch/action/admin/cluster/shards/TransportClusterSearchShardsAction.java","4","0","0","2","69","98","2"
"elasticsearch","860efb2ad28db09189c8423e05d0dba53010259c","core/src/main/java/org/elasticsearch/action/admin/cluster/shards/TransportClusterSearchShardsAction.java","4","0","0","2","69","98","2"
"elasticsearch","d3417fb02291f26964d77767020ef345d18c148f","core/src/main/java/org/elasticsearch/action/admin/cluster/shards/TransportClusterSearchShardsAction.java","4","0","0","2","69","98","0"
"elasticsearch","2539d94bc95f651971b1c23db395caa603ce4b0f","core/src/main/java/org/elasticsearch/action/termvectors/TransportShardMultiTermsVectorAction.java","4","0","0","2","70","101","1"
"elasticsearch","25fd9e26c4fb042d6f6dea14efcd239577bdbbc4","core/src/main/java/org/elasticsearch/action/termvectors/TransportShardMultiTermsVectorAction.java","4","0","0","2","71","102","0"
"neo4j","c82beffff5c25bf973370a9c12bea14888531341","community/graph-algo/src/test/java/org/neo4j/graphalgo/path/AStarPerformanceIT.java","4","0","0","2","71","104","0"
"elasticsearch","f71c9a25a182f05a7b54f3b773921b763981c2a5","core/src/main/java/org/elasticsearch/rest/action/admin/indices/upgrade/RestUpgradeAction.java","4","0","0","2","74","105","0"
"oryx","fddb336ac30ea3fb0bde91c61ef043f523d7d9fe","app/oryx-app-mllib/src/test/java/com/cloudera/oryx/app/batch/mllib/kmeans/KMeansUpdateIT.java","4","0","0","2","75","116","0"
"oryx","49c1ead1c67cc8b980a4be36cff731a14ba4f3fb","app/oryx-app/src/test/java/com/cloudera/oryx/app/speed/kmeans/KMeansSpeedIT.java","4","0","0","2","76","115","0"
"oryx","d6687d2eb4391d042aa1d5e80653326e501b0fed","app/oryx-app-mllib/src/test/java/com/cloudera/oryx/app/batch/mllib/kmeans/KMeansUpdateIT.java","4","0","0","2","76","117","1"
"neo4j","41924e12725ad28b0b894d433c7d5990f5b9f26f","community/dbms/src/main/java/org/neo4j/dbms/archive/Dumper.java","4","0","0","2","77","112","1"
"oryx","2a54e16bc0e4d2def6decfc03b2a56b5e481308d","app/oryx-app/src/test/java/com/cloudera/oryx/app/speed/als/MockALSModelUpdateGenerator.java","4","0","0","2","78","118","0"
"ceylon-ide-eclipse","b1b36937bee77ef264774dd9473ac9318f61cd73","plugins/com.redhat.ceylon.eclipse.ui/src/com/redhat/ceylon/eclipse/code/editor/PasteAsCeylonHandler.java","4","0","0","2","82","108","1"
"hazelcast","3f7fe149b46863191307baa8ab504a6eaf77b0cc","hazelcast-client/src/test/java/com/hazelcast/client/ClientEntryListenerDisconnectTest.java","4","0","0","2","82","133","1"
"elasticsearch","99714ee1bd991fed204620c32e9f59a323018d2f","src/test/java/org/elasticsearch/gateway/RecoveryBackwardsCompatibilityTests.java","4","0","0","2","83","118","2"
"hazelcast","0e104a9f57ef6df4b44520699baf61a093a95a16","hazelcast/src/test/java/com/hazelcast/map/BackupExpirationBouncingMemberTest.java","4","0","0","2","87","126","0"
"hazelcast","a66ab62588880977a90dcfaabadb8e59fcb1857e","hazelcast/src/test/java/com/hazelcast/map/EntryProcessorStressTest.java","4","0","0","2","88","130","0"
"elasticsearch","25fd9e26c4fb042d6f6dea14efcd239577bdbbc4","client/benchmark/src/main/java/org/elasticsearch/client/benchmark/rest/RestClientBenchmark.java","4","0","0","2","89","120","0"
"elasticsearch","1200d8e6472c107cd7c60e38c3386dc4bfc9ba9c","src/test/java/org/elasticsearch/gateway/RecoveryBackwardsCompatibilityTests.java","4","0","0","2","89","125","0"
"neo4j","6c7da498fdbe7b863acfcc5b1506ed50e55b1727","community/kernel/src/test/java/org/neo4j/test/DatabaseRule.java","4","0","0","20","194","253","0"
"hazelcast","d568e4d926d925d57d4e79e34614390416749301","hazelcast/src/test/java/com/hazelcast/internal/ascii/HTTPCommunicator.java","4","0","0","20","199","275","0"
"elasticsearch","6174e21f47244b6d5153d7d0cc1fe28fe863399d","core/src/test/java/org/elasticsearch/search/aggregations/metrics/ExtendedStatsIT.java","4","0","0","20","539","634","1"
"netty","ba6ce5449ee852b782dde9a11933f6a09b123e22","codec-http/src/test/java/io/netty/handler/codec/http/CombinedHttpHeadersTest.java","4","0","0","21","157","202","0"
"BroadleafCommerce","cab33510774183acc9351cd659e3281b7495f466","core/broadleaf-framework/src/main/java/org/broadleafcommerce/core/search/domain/SearchFacetImpl.java","4","0","0","21","174","229","3"
"elasticsearch","2e2e345dcb90e1ec1c48c6bb5348469fc514aea1","src/test/java/org/elasticsearch/indices/state/OpenCloseIndexTests.java","4","0","0","21","269","342","5"
"hazelcast","5085b0cf3da97e4a60b3a3a5958e6a85c0ba5518","hazelcast/src/test/java/com/hazelcast/partition/IndeterminateOperationStateExceptionTest.java","4","0","0","23","193","239","0"
"hazelcast","6e7816bfda9b5f61034a18861dae28c8a287a5a5","hazelcast-client/src/test/java/com/hazelcast/client/spi/impl/discovery/ClientDiscoverySpiTest.java","4","0","0","23","402","531","1"
"hazelcast","21586825d367940e1c79cf289e97310daab1200d","hazelcast/src/test/java/com/hazelcast/query/impl/getters/FieldGetterTest.java","4","0","0","24","217","301","1"
"hazelcast","21586825d367940e1c79cf289e97310daab1200d","hazelcast/src/test/java/com/hazelcast/query/impl/getters/MethodGetterTest.java","4","0","0","24","235","325","1"
"hazelcast","772b5217030e0fb94bf07a00d9b5e7b275a82030","hazelcast/src/test/java/com/hazelcast/query/impl/getters/MethodGetterTest.java","4","0","0","24","244","332","0"
"hazelcast","2112d78371c8d96c88a5b141cc8c710890ee70ec","hazelcast/src/test/java/com/hazelcast/internal/ascii/HTTPCommunicator.java","4","0","0","27","188","247","1"
"hazelcast","4b51aed22af3d30c831cb381361da68caa0485bd","hazelcast/src/test/java/com/hazelcast/internal/ascii/HTTPCommunicator.java","4","0","0","28","193","253","0"
"BroadleafCommerce","47fcc5b2358ef9b1eebd5ecee65955636f5c8580","core/broadleaf-framework/src/main/java/org/broadleafcommerce/core/catalog/domain/ProductOptionImpl.java","4","0","0","28","202","265","3"
"BroadleafCommerce","6ad67d810e4c01547a89ee47d5fd354f6eb7f3a0","core/broadleaf-framework/src/main/java/org/broadleafcommerce/core/catalog/domain/ProductOptionImpl.java","4","0","0","28","203","266","2"
"netty","1351349243128ea7048a98e01e65609af8628d96","codec-http/src/test/java/io/netty/handler/codec/spdy/SpdyHeaderBlockRawDecoderTest.java","4","0","0","28","403","482","1"
"hazelcast","6203cd23fe86a10e135927437a199c6917faca5e","hazelcast/src/test/java/com/hazelcast/internal/ascii/HTTPCommunicator.java","4","0","0","29","197","258","1"
"netty","8a39b9fedc59e0e7611423b3e2ad550e3cbadc72","codec-http/src/test/java/io/netty/handler/codec/spdy/SpdyHeaderBlockRawDecoderTest.java","4","0","0","29","409","489","0"
"elasticsearch","5a64f08f048461a63a0ca1354a5050c954e63d52","core/src/test/java/org/elasticsearch/search/geo/GeoPolygonIT.java","4","0","0","3","102","137","0"
"netty","d67184b488d163be03437e68ee2ec33ea7add2f6","transport/src/test/java/io/netty/channel/local/LocalChannelTest.java","4","0","0","3","104","153","0"
"ceylon-ide-eclipse","e89324305b6be078e574b3c554a7cc2cdb57e73c","plugins/com.redhat.ceylon.eclipse.ui/src/com/redhat/ceylon/eclipse/code/style/FormatterTabIndent.java","4","0","0","3","110","132","0"
"hazelcast","5e03a378d74c5a44baf2a2af6289e7ddd236e961","hazelcast/src/test/java/com/hazelcast/concurrent/semaphore/SemaphoreSplitBrainTest.java","4","0","0","3","115","145","1"
"hazelcast","9dc1af263ab222800e78e7cc531ff9087991b869","hazelcast/src/test/java/com/hazelcast/concurrent/semaphore/SemaphoreSplitBrainTest.java","4","0","0","3","120","151","0"
"neo4j","1f22cd0deabcf1e618e4053524cdbfea4940c059","enterprise/core-edge/src/test/java/org/neo4j/coreedge/discovery/SharedDiscoveryService.java","4","0","0","3","129","163","1"
"elasticsearch","d8d03f45c29f277a6f29776c56e8f6fae9075508","core/src/test/java/org/elasticsearch/monitor/fs/FsProbeTests.java","4","0","0","3","141","178","1"
"netty","6765e9f99db352a7f814e10d77338760432db155","testsuite/src/main/java/io/netty/testsuite/transport/socket/SocketReadPendingTest.java","4","0","0","3","146","200","1"
"netty","f3dd4101425165496490f9c975ca2e556773c663","testsuite/src/main/java/io/netty/testsuite/transport/socket/SocketReadPendingTest.java","4","0","0","3","151","206","0"
"titan","33a560db97bf3187ac45d1fe4fdf2e6b817bec40","titan-core/src/main/java/com/thinkaurelius/titan/graphdb/database/serialize/attribute/BooleanSerializer.java","4","0","0","3","17","24","0"
"hazelcast","fb6700346872da3eac002c3d2157b9a7da728fa2","hazelcast/src/main/java/com/hazelcast/map/impl/record/DataRecordComparator.java","4","0","0","3","21","44","0"
"hazelcast","31b0f8103dabb664ad08cbe91435b4de770181a1","hazelcast/src/main/java/com/hazelcast/util/executor/AbstractExecutorThreadFactory.java","4","0","0","3","23","47","1"
"hazelcast","85c2c5b08ea67c2380367670f35bfb918fa1273f","hazelcast/src/main/java/com/hazelcast/util/executor/AbstractExecutorThreadFactory.java","4","0","0","3","24","47","2"
"mcMMO","3c5bd3cedd3d5043725625b3f5b180c43eb9e5b3","src/main/java/com/gmail/nossr50/runnables/MobHealthDisplayUpdaterTask.java","4","0","0","3","25","31","0"
"mcMMO","906609696ba9474feaea2fb501e669f69f8cbdba","src/main/java/com/gmail/nossr50/runnables/StickyPistonTrackerTask.java","4","0","0","3","25","32","0"
"neo4j","9c79c33600e5511ac1320496d1bdd614808a973c","enterprise/core-edge/src/main/java/org/neo4j/coreedge/raft/log/segmented/SizeBasedLogPruningStrategy.java","4","0","0","3","26","52","1"
"mcMMO","f0ee70871000c51e067cf9f19cc34d0076bfd0c8","src/main/java/com/gmail/nossr50/runnables/UpdaterResultAsyncTask.java","4","0","0","3","27","37","0"
"antlr4","29c2712ae1eee9575324db48c2f72c7cb0d28308","tool/src/org/antlr/v4/codegen/model/SerializedATN.java","4","0","0","3","28","66","0"
"mcMMO","7a08343304d8ffd3b26cd052d2ee96735f9efedb","src/main/java/com/gmail/nossr50/chat/PartyChatManager.java","4","0","0","3","30","40","0"
"mcMMO","c88583c1c09885d8f4dce5a95e0b6c9326889a43","src/main/java/com/gmail/nossr50/chat/PartyChatManager.java","4","0","0","3","32","43","0"
"neo4j","96b75bb344012a256b80b3e34629e9c7ad045396","community/primitive-collections/src/main/java/org/neo4j/collection/primitive/PrimitiveLongPeekingIterator.java","4","0","0","3","32","56","0"
"junit","f34121370f3698a529087013fecc45b0e94fb968","src/main/java/org/junit/internal/runners/statements/RunAfters.java","4","0","0","3","33","43","0"
"junit","561a736d4400c32a608a6ee97424c20ca70bf8ae","src/main/java/org/junit/internal/runners/statements/RunAfters.java","4","0","0","3","34","44","1"
"hazelcast","d1abf041261dea8bb0dbb4a3541ef479f384b5a8","hazelcast/src/main/java/com/hazelcast/nio/tcp/DefaultPacketReader.java","4","0","0","3","34","60","1"
"elasticsearch","c25eb7defe0e8698ae36fb7abb515f8564c2d0eb","src/test/java/org/apache/lucene/store/XSimpleRateLimiterTest.java","4","0","0","3","38","63","0"
"neo4j","9c79c33600e5511ac1320496d1bdd614808a973c","enterprise/core-edge/src/main/java/org/neo4j/coreedge/raft/log/segmented/EntryBasedLogPruningStrategy.java","4","0","0","3","39","65","1"
"elasticsearch","b1cef5fdf8e1f8e9982a4724986b2731ca4d522b","modules/aggs-matrix-stats/src/main/java/org/elasticsearch/search/aggregations/support/MultiValuesSourceAggregatorFactory.java","4","0","0","3","39","69","1"
"hazelcast","5be933d1a22cd8d1357c6653f9ee36183f0c684d","hazelcast/src/main/java/com/hazelcast/util/StreamUtil.java","4","0","0","3","40","63","1"
"hazelcast","de3d876c276b4727c66ed7d150b6685cb8b90eee","hazelcast/src/main/java/com/hazelcast/concurrent/lock/operations/UnlockIfLeaseExpiredOperation.java","4","0","0","3","40","65","2"
"elasticsearch","51d53791fe71c9cb62bc992588a57cdfb500383f","core/src/main/java/org/elasticsearch/rest/action/admin/indices/RestShrinkIndexAction.java","4","0","0","3","40","69","0"
"hazelcast","aeb6fe8794e6c24833e291e79c6b66b4eea71280","hazelcast-cloud/src/main/java/com/hazelcast/cluster/TcpIpJoinerOverAWS.java","4","0","0","3","42","68","0"
"elasticsearch","17ad88d539ded5a935fc7c37e13a565a3b4a697c","core/src/main/java/org/elasticsearch/rest/action/RestMainAction.java","4","0","0","3","42","75","0"
"elasticsearch","1f04182b8164ffb19f3805c48d67f0375262b317","core/src/test/java/org/elasticsearch/monitor/process/ProcessProbeTests.java","4","0","0","3","42","79","0"
"elasticsearch","f71c9a25a182f05a7b54f3b773921b763981c2a5","core/src/test/java/org/elasticsearch/action/admin/indices/upgrade/UpgradeReallyOldIndexIT.java","4","0","0","3","43","75","0"
"hazelcast","3e659e0566c5792551d4b8dff3f88d4d4c1d5565","hazelcast-cloud/src/main/java/com/hazelcast/cluster/TcpIpJoinerOverAWS.java","4","0","0","3","44","70","1"
"junit","ee4403455a9573a67668da695fea223f77606326","src/main/java/org/junit/internal/builders/AllDefaultPossibilitiesBuilder.java","4","0","0","3","45","56","1"
"elasticsearch","49d0ced16c9a3c3d7c477b10c320212a0ca9c3ab","src/test/java/org/elasticsearch/common/regex/RegexTests.java","4","0","0","3","46","71","0"
"elasticsearch","94bc489275d4462a8b2520f6d3ef4f70dc1d6e99","core/src/main/java/org/elasticsearch/search/aggregations/bucket/nested/NestedAggregatorFactory.java","4","0","0","3","47","77","2"
"elasticsearch","d6ddce2be8c5d73381063b8c1f4e511e98e0e02c","core/src/test/java/org/elasticsearch/cluster/block/ClusterBlockTests.java","4","0","0","3","48","80","1"
"elasticsearch","698eb7de9b3b0da7ce8ee8f6ac8efcb38947bbdb","src/test/java/org/elasticsearch/action/support/IndicesOptionsTests.java","4","0","0","3","49","80","1"
"elasticsearch","51d53791fe71c9cb62bc992588a57cdfb500383f","core/src/main/java/org/elasticsearch/rest/action/RestFieldStatsAction.java","4","0","0","3","50","106","0"
"elasticsearch","8453cf0622b610bb1e1b457df9f85b776750dca8","core/src/main/java/org/elasticsearch/rest/action/document/RestGetAction.java","4","0","0","3","50","82","2"
"neo4j","21dc057a8a68245281a22d7bdb8da5ae2103f057","enterprise/core-edge/src/test/java/org/neo4j/coreedge/raft/state/id_allocation/IdAllocationStateTest.java","4","0","0","3","51","92","0"
"elasticsearch","95faa35853bff06d14c9071120988c0cba9aae84","src/main/java/org/elasticsearch/search/aggregations/pipeline/SiblingPipelineAggregator.java","4","0","0","3","52","81","0"
"elasticsearch","a9a2753f0b07ee644e1babfd9de4f00df17e7b2a","core/src/test/java/org/elasticsearch/client/transport/NodeDisconnectIT.java","4","0","0","3","53","79","0"
"hazelcast","a63d893e8e09f106c91038de3449d06d09ee1bd4","hazelcast-client/src/test/java/com/hazelcast/client/listeners/ListenerTests.java","4","0","0","3","53","84","0"
"orientdb","c4e02aa9721b907b7f9d37c46bb79ad595d65647","core/src/test/java/com/orientechnologies/orient/core/db/document/ODatabaseDocumentTxTest.java","4","0","0","3","54","71","0"
"hazelcast","55d14769256b73aeb6f95614d3beb7cc9439605c","hazelcast-client/src/test/java/com/hazelcast/client/listeners/ListenerTests.java","4","0","0","3","54","85","0"
"hazelcast","bf28c4d2b10a1d71e700326653a7b32d9fc5c259","hazelcast-client/src/test/java/com/hazelcast/client/listeners/ListenerTests.java","4","0","0","3","54","85","0"
"hazelcast","0eb5a90ed468b6aa285f1711a5d699c9ffb33960","hazelcast-client/src/test/java/com/hazelcast/client/listeners/ListenerTests.java","4","0","0","3","54","85","1"
"elasticsearch","51d53791fe71c9cb62bc992588a57cdfb500383f","core/src/main/java/org/elasticsearch/rest/action/document/RestGetAction.java","4","0","0","3","54","94","1"
"elasticsearch","d79717c3414d9400ca5627d637744967f0f215f8","src/test/java/org/elasticsearch/client/transport/TransportClientTests.java","4","0","0","3","56","85","0"
"hazelcast","3e659e0566c5792551d4b8dff3f88d4d4c1d5565","hazelcast-cloud/src/main/java/com/hazelcast/aws/security/EC2RequestSigner.java","4","0","0","3","56","87","1"
"hazelcast","37da3959df4151b304b211df87a6b900c0169cc5","hazelcast/src/test/java/com/hazelcast/spi/impl/operationexecutor/slowoperationdetector/SlowOperationDetector_purgeTest.java","4","0","0","3","57","93","0"
"elasticsearch","0d5f3958e7d142a7e06437f6095cd55b98d830f3","core/src/test/java/org/elasticsearch/action/support/IndicesOptionsTests.java","4","0","0","3","58","89","0"
"hazelcast","9074897ccf35e42710c3078d2e564ba53b6f6f94","hazelcast/src/test/java/com/hazelcast/spi/impl/operationexecutor/slowoperationdetector/SlowOperationDetector_purgeTest.java","4","0","0","3","60","96","1"
"elasticsearch","fbe27664a65ca7ab5b7dbe1c328ab27423e4313c","core/src/main/java/org/elasticsearch/rest/action/document/RestGetAction.java","4","0","0","3","61","90","3"
"hazelcast","a63d893e8e09f106c91038de3449d06d09ee1bd4","hazelcast-client/src/test/java/com/hazelcast/client/listeners/ReplicatedMapEntryListenerOnReconnectTest.java","4","0","0","3","63","89","0"
"elasticsearch","51d53791fe71c9cb62bc992588a57cdfb500383f","core/src/main/java/org/elasticsearch/rest/action/document/RestIndexAction.java","4","0","0","3","63","93","1"
"elasticsearch","5a64f08f048461a63a0ca1354a5050c954e63d52","core/src/main/java/org/elasticsearch/rest/action/admin/indices/settings/RestGetSettingsAction.java","4","0","0","3","65","94","0"
"neo4j","3b0df95a5c3de63f2b4685986964486a3eecd62b","enterprise/causal-clustering/src/main/java/org/neo4j/causalclustering/catchup/storecopy/CopiedStoreRecovery.java","4","0","0","3","66","94","1"
"hazelcast","517051da0c9618d83d8dea226ce1d7a94a9c000e","hazelcast/src/test/java/com/hazelcast/map/impl/mapstore/writebehind/WriteBehindFlushTest.java","4","0","0","3","67","96","0"
"elasticsearch","2b3760f78b26817b5a2030aa27b1ddf2f17462f6","core/src/main/java/org/elasticsearch/rest/action/admin/indices/RestGetSettingsAction.java","4","0","0","3","69","98","1"
"elasticsearch","adc0807c686b37bf1d96bd3eb9d26face380fe44","src/test/java/org/elasticsearch/indices/exists/types/TypesExistsTests.java","4","0","0","3","73","103","0"
"elasticsearch","a01475a20b8a5b14da67c9979cdd953aefcc7598","core/src/test/java/org/elasticsearch/threadpool/ThreadPoolStatsTests.java","4","0","0","3","73","111","1"
"elasticsearch","2b3760f78b26817b5a2030aa27b1ddf2f17462f6","core/src/main/java/org/elasticsearch/rest/action/admin/indices/RestUpgradeAction.java","4","0","0","3","74","105","1"
"hazelcast","170b1a4dc1483fca67c38861556e2fe68ca1835d","hazelcast-hibernate/hazelcast-hibernate3/src/test/java/com/hazelcast/hibernate/LocalRegionFactoryDefaultTest.java","4","0","0","3","77","104","2"
"elasticsearch","9080f51340b1b26f8bd171b4c82de8d87ad42b55","core/src/test/java/org/elasticsearch/test/search/aggregations/bucket/SharedSignificantTermsTestMethods.java","4","0","0","3","77","104","1"
"elasticsearch","d84c643f5880a88d2e5c38b487123161f3e01fe0","core/src/test/java/org/elasticsearch/test/search/aggregations/bucket/SharedSignificantTermsTestMethods.java","4","0","0","3","77","104","0"
"hazelcast","1c090ad87906d51892a32c2aa0a32d34002298ec","hazelcast/src/test/java/com/hazelcast/map/impl/mapstore/writebehind/WriteBehindFlushTest.java","4","0","0","3","77","116","1"
"hazelcast","bee8b238a83b9c0237d927b4c367a7cb258b953f","hazelcast-hibernate/hazelcast-hibernate3/src/test/java/com/hazelcast/hibernate/LocalRegionFactoryDefaultTest.java","4","0","0","3","78","105","1"
"hazelcast","e6667194e520431ae4f36ae951ba8afc5072968f","hazelcast-client/src/test/java/com/hazelcast/client/cache/ClientCachingProviderTest.java","4","0","0","3","78","110","0"
"elasticsearch","841d5a210e12bc629336396893e18872d2b1f46f","core/src/test/java/org/elasticsearch/threadpool/ThreadPoolStatsTests.java","4","0","0","3","79","117","0"
"hazelcast","2af0e3527b78f6dfd8819995fa103791450de66c","hazelcast/src/test/java/com/hazelcast/internal/partition/MigrationAwareServiceEventTest.java","4","0","0","3","79","118","2"
"elasticsearch","1764ec56b38ce87f516efdf93bb4ab56e9dd829b","client/client-benchmark-noop-api-plugin/src/main/java/org/elasticsearch/plugin/noop/action/bulk/RestNoopBulkAction.java","4","0","0","3","84","118","0"
"elasticsearch","25fd9e26c4fb042d6f6dea14efcd239577bdbbc4","client/client-benchmark-noop-api-plugin/src/main/java/org/elasticsearch/plugin/noop/action/bulk/RestNoopBulkAction.java","4","0","0","3","84","118","0"
"elasticsearch","56cc87b7ccd41040d8fafcaf2da3680d96d10839","client/client-benchmark-noop-api-plugin/src/main/java/org/elasticsearch/plugin/noop/action/bulk/RestNoopBulkAction.java","4","0","0","3","84","118","0"
"elasticsearch","2b3760f78b26817b5a2030aa27b1ddf2f17462f6","client/client-benchmark-noop-api-plugin/src/main/java/org/elasticsearch/plugin/noop/action/bulk/RestNoopBulkAction.java","4","0","0","3","84","118","1"
"elasticsearch","fbe27664a65ca7ab5b7dbe1c328ab27423e4313c","client/client-benchmark-noop-api-plugin/src/main/java/org/elasticsearch/plugin/noop/action/bulk/RestNoopBulkAction.java","4","0","0","3","84","118","2"
"hazelcast","bb3ea0e107980d769862cdbda748cc91529d67b5","hazelcast/src/test/java/com/hazelcast/xa/HazelcastXAStressTest.java","4","0","0","3","85","116","0"
"elasticsearch","51d53791fe71c9cb62bc992588a57cdfb500383f","client/client-benchmark-noop-api-plugin/src/main/java/org/elasticsearch/plugin/noop/action/bulk/RestNoopBulkAction.java","4","0","0","3","85","121","0"
"elasticsearch","4b94eb5cb8cc4294ed0e932a5f22c16bd90d4dd7","client/client-benchmark-noop-api-plugin/src/main/java/org/elasticsearch/plugin/noop/action/bulk/RestNoopBulkAction.java","4","0","0","3","86","122","2"
"elasticsearch","860efb2ad28db09189c8423e05d0dba53010259c","client/client-benchmark-noop-api-plugin/src/main/java/org/elasticsearch/plugin/noop/action/bulk/RestNoopBulkAction.java","4","0","0","3","86","122","2"
"elasticsearch","d3417fb02291f26964d77767020ef345d18c148f","client/client-benchmark-noop-api-plugin/src/main/java/org/elasticsearch/plugin/noop/action/bulk/RestNoopBulkAction.java","4","0","0","3","86","122","0"
"elasticsearch","3da04293f32b36f2a6dcfb381d85c7f55fc289d6","core/src/test/java/org/elasticsearch/cluster/routing/allocation/SameShardRoutingTests.java","4","0","0","3","89","127","0"
"elasticsearch","6abcd42a05a0e2bc4eaf1add6a41ae7d48f840c2","core/src/test/java/org/elasticsearch/action/search/TransportMultiSearchActionTests.java","4","0","0","3","92","134","0"
"hazelcast","f4c33973f2e5f804f6743683b11c8a43922bfc7e","hazelcast/src/test/java/com/hazelcast/instance/AbstractOutOfMemoryHandlerTest.java","4","0","0","3","93","137","1"
"elasticsearch","0a69f1e283e26e5d9e6a000b68b9f4778de557a1","core/src/test/java/org/elasticsearch/search/geo/GeoPolygonIT.java","4","0","0","3","95","129","2"
"hazelcast","cd8a6335a5d04939b93a85220a7165824d1ee39c","hazelcast/src/test/java/com/hazelcast/instance/AbstractOutOfMemoryHandlerTest.java","4","0","0","3","96","125","0"
"elasticsearch","3f6a3c01dadb1951b597ffdbd068359a2fbc84c8","core/src/test/java/org/elasticsearch/action/search/TransportMultiSearchActionTests.java","4","0","0","3","96","138","1"
"hazelcast","e1b69c53ca4923affcd7722f012a80e32517e988","hazelcast/src/test/java/com/hazelcast/instance/AbstractOutOfMemoryHandlerTest.java","4","0","0","3","96","141","0"
"elasticsearch","2666ecd76f18c93b5c5f574953a912847be5ffea","core/src/test/java/org/elasticsearch/action/search/TransportMultiSearchActionTests.java","4","0","0","3","97","139","0"
"elasticsearch","9333a3c28a147164ec66680a384d2dd05d9a05b7","src/test/java/org/elasticsearch/search/aggregations/support/FieldDataSourceTests.java","4","0","0","3","97","142","0"
"neo4j","f44287b7a495e7eebc71863a05453d7bfd7285bf","community/primitive-collections/src/test/java/org/neo4j/collection/primitive/hopscotch/PrimitiveLongMapTest.java","4","0","0","30","1162","1333","0"
"neo4j","9bb4f806d216b0066beb476242dcc4e7da97200a","enterprise/security/src/test/java/org/neo4j/server/security/enterprise/auth/MultiRealmAuthManagerTest.java","4","0","0","30","433","637","1"
"neo4j","7e353eb373c1368391d8a6cbff32a76104a582d9","enterprise/security/src/test/java/org/neo4j/server/security/enterprise/auth/MultiRealmAuthManagerTest.java","4","0","0","31","431","641","0"
"neo4j","660d2553ac4e5d2024cee6c770149ae313abe0e1","enterprise/security/src/test/java/org/neo4j/server/security/enterprise/auth/MultiRealmAuthManagerTest.java","4","0","0","31","435","645","1"
"neo4j","069d4fa96fad00d182daeb9570e124ae87f68f5f","enterprise/security/src/test/java/org/neo4j/server/security/enterprise/auth/MultiRealmAuthManagerTest.java","4","0","0","34","503","733","0"
"neo4j","9a449ac6a8534ba82aa0528e878e85195d76fea7","enterprise/security/src/test/java/org/neo4j/server/security/enterprise/auth/MultiRealmAuthManagerTest.java","4","0","0","34","503","733","0"
"neo4j","20aaa795484f150244531847263fc72e57dcfb60","enterprise/security/src/test/java/org/neo4j/server/security/enterprise/auth/MultiRealmAuthManagerTest.java","4","0","0","34","503","733","1"
"hazelcast","53ac704622b1288dce7f6ad9594178b7b0108e33","hazelcast/src/test/java/com/hazelcast/internal/adapter/ICacheDataStructureAdapterTest.java","4","0","0","39","317","426","1"
"hazelcast","53ac704622b1288dce7f6ad9594178b7b0108e33","hazelcast/src/test/java/com/hazelcast/internal/adapter/IMapDataStructureAdapterTest.java","4","0","0","39","342","461","1"
"hazelcast","6ac727db661eb934e5608e28e8a3603e7300d710","hazelcast/src/test/java/com/hazelcast/map/impl/mapstore/writebehind/WriteBehindFlushTest.java","4","0","0","4","100","147","0"
"neo4j","b3fe6de9253014a4e84eb42f64e80e236e1b9f43","enterprise/ha/src/test/java/org/neo4j/kernel/ha/TestFailoverWithAdditionalSlaveFailures.java","4","0","0","4","105","150","0"
"hazelcast","7001ec8c5b1305c796de75c2e3f170c562db8c03","hazelcast/src/main/java/com/hazelcast/client/impl/protocol/task/map/MapAddNearCacheInvalidationListenerMessageTask.java","4","0","0","4","108","150","0"
"elasticsearch","adc0807c686b37bf1d96bd3eb9d26face380fe44","src/test/java/org/elasticsearch/indices/warmer/IndicesWarmerBlocksTests.java","4","0","0","4","109","159","0"
"neo4j","86273a1afea70eb41cd5825a3093370c6f8692c8","enterprise/causal-clustering/src/test/java/org/neo4j/causalclustering/scenarios/ConnectionInfoIT.java","4","0","0","4","110","160","1"
"neo4j","c6df52ac56269552d27f572a2af61ddce5a9095c","enterprise/causal-clustering/src/test/java/org/neo4j/causalclustering/scenarios/ConnectionInfoIT.java","4","0","0","4","112","162","0"
"neo4j","debd60404ad96ed7b0ff92fcfa8651174788fbc6","enterprise/security/src/main/java/org/neo4j/server/security/enterprise/auth/AuthProceduresBase.java","4","0","0","4","113","157","1"
"neo4j","29343ac03b8053536d018125a044cd92a4984ccc","enterprise/core-edge/src/test/java/org/neo4j/coreedge/raft/roles/AppendingTest.java","4","0","0","4","115","167","1"
"neo4j","0ee64611da3ec59a112900276491b100b8b8cc59","enterprise/ha/src/test/java/org/neo4j/kernel/ha/lock/ClusterLocksIT.java","4","0","0","4","117","164","0"
"elasticsearch","8c50a65699c4f2f8e8fff1a5793c76c7fbbff4c2","modules/test/integration/src/test/java/org/elasticsearch/test/integration/percolator/RecoveryPercolatorTests.java","4","0","0","4","126","175","0"
"antlr4","6e869b3e806ab199158bb10e835a28b9205687c8","tool/test/org/antlr/v4/test/TestTokenPositionOptions.java","4","0","0","4","134","180","0"
"netty","ce6931e0e51096c5b6f1fc23ac939fb95ee70bc1","transport-native-epoll/src/test/java/io/netty/channel/epoll/EpollSocketChannelTest.java","4","0","0","4","165","210","0"
"antlr4","29c2712ae1eee9575324db48c2f72c7cb0d28308","tool/test/org/antlr/v4/test/rt/gen/CompositeLexerTestMethod.java","4","0","0","4","26","36","0"
"netty","c9174e0733b21dd028f4cf932b30f4ca1c13fea0","transport/src/main/java/io/netty/channel/ChannelInboundMessageHandlerAdapter.java","4","0","0","4","26","47","1"
"antlr4","29c2712ae1eee9575324db48c2f72c7cb0d28308","tool/test/org/antlr/v4/test/rt/gen/CompositeParserTestMethod.java","4","0","0","4","27","37","0"
"hazelcast","aeb6fe8794e6c24833e291e79c6b66b4eea71280","hazelcast-cloud/src/main/java/com/hazelcast/aws/AWSClient.java","4","0","0","4","27","51","0"
"netty","4158152b24c1e20cc9d024486a6bc6a0ee336a92","transport/src/main/java/io/netty/channel/socket/ChannelRunnableWrapper.java","4","0","0","4","34","59","0"
"hazelcast","b97e91fdb1ae20f2064c7fc49f2b24a6ac67f945","hazelcast-wm/src/test/java/com/hazelcast/wm/test/TestWebFilter.java","4","0","0","4","37","62","0"
"elasticsearch","9bc50ea60945a470ba8bd432407ebe98af996f77","src/main/java/org/elasticsearch/index/store/distributor/AbstractDistributor.java","4","0","0","4","37","68","0"
"neo4j","c3210f0fc4e52a143e70390520fe74b92696b860","community/lucene-index/src/main/java/org/neo4j/index/impl/lucene/legacy/MultipleBackupDeletionPolicy.java","4","0","0","4","40","69","1"
"hazelcast","ed777f64e4d046bb45ae4ee062b463e33526e3ad","hazelcast/src/main/java/com/hazelcast/client/impl/protocol/parameters/TransactionRecoverAllResultParameters.java","4","0","0","4","42","68","1"
"hazelcast","4a488992e08798ae42140d1bfbe29ade0b957d40","hazelcast/src/main/java/com/hazelcast/cache/impl/operation/PostJoinCacheOperation.java","4","0","0","4","43","70","1"
"hazelcast","71445b86e01652e31c511fc75f93e6b76f4b8303","hazelcast/src/main/java/com/hazelcast/cache/impl/operation/PostJoinCacheOperation.java","4","0","0","4","43","70","1"
"hazelcast","e02c887e41aba50fe5698d5191033ec679b659fc","hazelcast/src/main/java/com/hazelcast/cache/impl/operation/PostJoinCacheOperation.java","4","0","0","4","43","70","0"
"hazelcast","bb3ea0e107980d769862cdbda748cc91529d67b5","hazelcast/src/main/java/com/hazelcast/transaction/impl/xa/XaReplicationOperation.java","4","0","0","4","44","72","0"
"orientdb","b483b7c3b51b4309cac3aea1fc014ac932f889ee","tests/src/test/java/com/orientechnologies/orient/test/database/auto/SQLTruncateRecordTest.java","4","0","0","4","45","77","0"
"hazelcast","2b1ac3a1e5f6e8de60a0e99a7330280a59e76a8a","hazelcast/src/main/java/com/hazelcast/client/impl/protocol/parameters/MemberCodec.java","4","0","0","4","46","73","0"
"hazelcast","2b9bb4fc17af10b2e6c19753155c0c0aeff8ce05","hazelcast/src/main/java/com/hazelcast/client/impl/protocol/parameters/MemberCodec.java","4","0","0","4","46","73","0"
"hazelcast","4c1b1b779a2a777ec65393b7af9a0dc4e31d82f5","hazelcast/src/main/java/com/hazelcast/client/impl/protocol/parameters/MemberCodec.java","4","0","0","4","46","73","0"
"hazelcast","97c4085030f8acefbabfd0d7bf7f0e1c0df54bfd","hazelcast/src/main/java/com/hazelcast/client/impl/protocol/parameters/MemberCodec.java","4","0","0","4","46","73","0"
"hazelcast","e4f7959a373b0263506a00fa6941d0020407e6fd","hazelcast/src/main/java/com/hazelcast/client/impl/protocol/parameters/MemberCodec.java","4","0","0","4","46","73","1"
"hazelcast","a4035afdfc67b757940a15578bc51b4e7b6b0b13","hazelcast/src/main/java/com/hazelcast/client/impl/protocol/codec/MemberCodec.java","4","0","0","4","48","75","0"
"hazelcast","3a1d456848dcafbe8a777d7d33434d63a8db1f0d","hazelcast/src/main/java/com/hazelcast/concurrent/lock/operations/LocalLockCleanupOperation.java","4","0","0","4","50","76","0"
"hazelcast","324d099b6da7bdbf43a7e527837d90ff94d6929a","hazelcast/src/main/java/com/hazelcast/client/impl/protocol/codec/MemberCodec.java","4","0","0","4","51","78","1"
"hazelcast","e02f2f8c8c24145d06eafc1ffdba95eba8263f42","hazelcast/src/main/java/com/hazelcast/client/impl/protocol/codec/MemberCodec.java","4","0","0","4","52","79","0"
"hazelcast","f5eafdf643a2175508641793170c4cbfddf1b14d","hazelcast/src/test/java/com/hazelcast/osgi/HazelcastOSGiIntegrationTest.java","4","0","0","4","55","65","1"
"elasticsearch","598854dd72d7fb01a7e26a9dad065de3deaa5eb7","src/test/java/org/elasticsearch/discovery/ZenUnicastDiscoveryTests.java","4","0","0","4","55","92","0"
"elasticsearch","4bfad644b356dae90791b97c742961ad76d7f016","src/test/java/org/elasticsearch/search/aggregations/AggregationsIntegrationTests.java","4","0","0","4","57","88","0"
"elasticsearch","becbbf53d50506e98f5d3d8b3d9fb5a1d6469a6c","src/test/java/org/elasticsearch/test/unit/index/analysis/NGramTokenizerFactoryTests.java","4","0","0","4","59","90","1"
"orientdb","a44e6e3670d89aed1a6363e627f0395f2737ab33","core/src/test/java/com/orientechnologies/orient/core/sql/DateBinaryComparatorTest.java","4","0","0","4","61","74","0"
"BroadleafCommerce","682b77e13ecb074229499bca6dcb07d3849af51e","core/broadleaf-framework/src/main/java/org/broadleafcommerce/core/search/dao/SearchFacetDaoImpl.java","4","0","0","4","61","94","3"
"hazelcast","fe5fe72b500ec87086cc396cfea16d1fa6abf951","hazelcast/src/test/java/com/hazelcast/spi/impl/operationexecutor/slowoperationdetector/SlowOperationDetector_purgeTest.java","4","0","0","4","63","101","0"
"hazelcast","b36e3bc376116202da64ecf6960b0ce7139ec8bf","hazelcast/src/test/java/com/hazelcast/spi/impl/operationexecutor/slowoperationdetector/SlowOperationDetector_purgeTest.java","4","0","0","4","64","102","0"
"neo4j","7e26ad9eb29cb1a93495f9473011be6f1fb9dd78","community/dbms/src/test/java/org/neo4j/commandline/dbms/ImportCommandTest.java","4","0","0","4","65","95","1"
"hazelcast","d75a78c86ee1025480b81229eb8d920585b801c1","hazelcast/src/test/java/com/hazelcast/spi/impl/operationexecutor/slowoperationdetector/SlowOperationDetector_purgeTest.java","4","0","0","4","66","104","0"
"hazelcast","1f042b8c4a4245594691bb6d85a66ceed9b43068","hazelcast-client/src/test/java/com/hazelcast/client/ClientMaxAllowedInvocationTest.java","4","0","0","4","67","104","1"
"hazelcast","2112d78371c8d96c88a5b141cc8c710890ee70ec","hazelcast-client/src/test/java/com/hazelcast/client/ClientMaxAllowedInvocationTest.java","4","0","0","4","67","104","1"
"hazelcast","2921cff694583b8638dae2991f427e61d5440a9d","hazelcast-client/src/test/java/com/hazelcast/client/ClientMaxAllowedInvocationTest.java","4","0","0","4","67","104","0"
"hazelcast","e1b69c53ca4923affcd7722f012a80e32517e988","hazelcast/src/test/java/com/hazelcast/internal/partition/DirtyBackupTest.java","4","0","0","4","68","98","0"
"hazelcast","33419632c5546fdf38b0c1ba035b6107e7d310d8","hazelcast-client/src/test/java/com/hazelcast/client/map/ClientMapLoaderExceptionHandlingTest.java","4","0","0","4","69","82","0"
"BroadleafCommerce","77e6dceb1d6323f4da2c5e8c726b7c337c9bd086","core/broadleaf-framework/src/main/java/org/broadleafcommerce/core/search/dao/SearchFacetDaoImpl.java","4","0","0","4","71","111","0"
"elasticsearch","bef1c8511d3f99aa681c49396bf9c707f2e7d8a9","core/src/test/java/org/elasticsearch/common/util/concurrent/SuspendableRefContainerTests.java","4","0","0","4","72","116","0"
"netty","a6c4f651a7772afb0410206908169901ff0bdc81","example/src/main/java/io/netty/example/http/websocketx/client/WebSocketClient.java","4","0","0","4","74","135","0"
"hazelcast","810540661cf0b9662e3e1bc9b5dabc53a3c052f1","hazelcast-client/src/test/java/com/hazelcast/client/impl/ClientLoggerConfigurationTest.java","4","0","0","4","76","93","1"
"elasticsearch","25fd9e26c4fb042d6f6dea14efcd239577bdbbc4","client/rest/src/test/java/org/elasticsearch/client/HeapBufferedAsyncResponseConsumerTests.java","4","0","0","4","78","115","0"
"elasticsearch","293a3cab01f38216a1a2c5bb58ad3a281b75cb86","client/rest/src/test/java/org/elasticsearch/client/HeapBufferedAsyncResponseConsumerTests.java","4","0","0","4","78","115","0"
"elasticsearch","56cc87b7ccd41040d8fafcaf2da3680d96d10839","client/rest/src/test/java/org/elasticsearch/client/HeapBufferedAsyncResponseConsumerTests.java","4","0","0","4","78","115","0"
"elasticsearch","d3417fb02291f26964d77767020ef345d18c148f","client/rest/src/test/java/org/elasticsearch/client/HeapBufferedAsyncResponseConsumerTests.java","4","0","0","4","78","115","0"
"elasticsearch","4b94eb5cb8cc4294ed0e932a5f22c16bd90d4dd7","client/rest/src/test/java/org/elasticsearch/client/HeapBufferedAsyncResponseConsumerTests.java","4","0","0","4","78","115","2"
"elasticsearch","68a94e711a0ed43d6bc3aaf9c53f4f36b23efad7","client/rest/src/test/java/org/elasticsearch/client/HeapBufferedAsyncResponseConsumerTests.java","4","0","0","4","78","115","1"
"elasticsearch","860efb2ad28db09189c8423e05d0dba53010259c","client/rest/src/test/java/org/elasticsearch/client/HeapBufferedAsyncResponseConsumerTests.java","4","0","0","4","78","115","2"
"hazelcast","f96dfcf88d75c7ec50c954625aeabf067d4f0af4","hazelcast/src/test/java/com/hazelcast/collection/list/TransactionListTest.java","4","0","0","4","79","103","1"
"elasticsearch","12471c4f76636f837df363e55367c2fc5837ea75","client/rest/src/test/java/org/elasticsearch/client/HeapBufferedAsyncResponseConsumerTests.java","4","0","0","4","86","124","2"
"MapDB","e0e9e773a8924285c658a018cec380556ff10515","src/test/java/org/mapdb/issues/Issue583Test.java","4","0","0","4","90","122","0"
"elasticsearch","ab1636d54790182f9f2a58ffaada9970c1818440","core/src/test/java/org/elasticsearch/indices/recovery/RecoveryTests.java","4","0","0","4","98","136","0"
"elasticsearch","39a20c3b5b68578a0c9b93d8bbd62a8c81e227cf","src/test/java/org/elasticsearch/search/aggregations/AggregationsBinaryTests.java","4","0","0","4","98","143","0"
"hazelcast","1f11ca3e0b009ee78364a4dd238b40a84df8f797","hazelcast-client/src/test/java/com/hazelcast/client/txn/ClientXAStressTest.java","4","0","0","4","99","132","2"
"hazelcast","4f542740b04aff178bc74352c92df2f355ff810e","hazelcast/src/test/java/com/hazelcast/query/impl/getters/FieldGetterTest.java","4","0","0","40","323","439","0"
"hazelcast","879cf4ddd645191f0cae75aa72e9d43df6e142a8","hazelcast/src/test/java/com/hazelcast/internal/adapter/ICacheDataStructureAdapterTest.java","4","0","0","41","331","445","0"
"hazelcast","879cf4ddd645191f0cae75aa72e9d43df6e142a8","hazelcast/src/test/java/com/hazelcast/internal/adapter/IMapDataStructureAdapterTest.java","4","0","0","41","353","475","0"
"hazelcast","63529db467838bb39aec265f0af6a473bfa288e5","hazelcast-client-new/src/test/java/com/hazelcast/client/map/ClientMapLockTest.java","4","0","0","42","479","592","0"
"hazelcast","42c497fd2cd5fae3f6097086045dc581c227ac64","hazelcast-client-new/src/test/java/com/hazelcast/client/map/ClientMapLockTest.java","4","0","0","45","518","636","0"
"hazelcast","2b270eff14924482f39a32a0483711d08aa1247e","hazelcast-client-new/src/test/java/com/hazelcast/client/map/ClientMapLockTest.java","4","0","0","45","519","637","2"
"hazelcast","ea36c8170834327d93a01e4e0373b52b919150ff","hazelcast-client-new/src/test/java/com/hazelcast/client/map/ClientMapLockTest.java","4","0","0","46","552","677","0"
"netty","bcbc23913e5d705412c2f2f47ddf8159aa1b002f","handler/src/test/java/io/netty/handler/ipfilter/IpSubnetFilterTest.java","4","0","0","5","100","136","1"
"elasticsearch","315319b76325e6385f4c689329f875bf0a43ca6e","core/src/main/java/org/elasticsearch/common/lucene/search/function/ScriptScoreFunction.java","4","0","0","5","102","140","1"
"elasticsearch","371c73e14023917f3892090d2d3d7ff9ac1216b9","core/src/main/java/org/elasticsearch/common/lucene/search/function/ScriptScoreFunction.java","4","0","0","5","103","141","3"
"elasticsearch","78574d248cf10dad1c5a566fda79e1e0c94afe43","core/src/main/java/org/elasticsearch/common/lucene/search/function/ScriptScoreFunction.java","4","0","0","5","103","141","2"
"elasticsearch","3f06d9f3b8516bb30a2890a36c2973f08f9c6076","core/src/main/java/org/elasticsearch/common/lucene/search/function/ScriptScoreFunction.java","4","0","0","5","103","141","0"
"netty","e200e4811b69cc74f97d485843cc4d35ca11b56a","testsuite/src/main/java/io/netty/testsuite/transport/socket/SocketRstTest.java","4","0","0","5","103","146","0"
"elasticsearch","0a4b38b60c2752cdc6de819f5bf3414bd01f88c5","core/src/test/java/org/elasticsearch/index/mapper/ParentFieldMapperTests.java","4","0","0","5","104","140","0"
"elasticsearch","2f8f440e8060cf3578e0f67801b1d12329103d20","core/src/test/java/org/elasticsearch/index/mapper/ParentFieldMapperTests.java","4","0","0","5","106","142","0"
"hazelcast","e5259c9d3150574abe68659f6782c7a3e3d5b15a","hazelcast/src/test/java/com/hazelcast/cluster/SlowMulticastJoinTest.java","4","0","0","5","107","158","0"
"hazelcast","7ef9f661a9e33fd4b6705e656c560c4ca3bd4917","hazelcast/src/test/java/com/hazelcast/spi/impl/operationservice/impl/Invocation_OnMemberLeftTest.java","4","0","0","5","114","155","0"
"elasticsearch","d16efbe47fb0fb48f7d266ba0a1bcf8590fd556e","src/test/java/org/elasticsearch/test/unit/index/mapper/date/SimpleDateMappingTests.java","4","0","0","5","117","167","1"
"elasticsearch","9846a25380808d08f47713a1bd0cc286ebbe5611","modules/test/integration/src/test/java/org/elasticsearch/test/integration/document/GetActionTests.java","4","0","0","5","138","191","1"
"neo4j","94e08b495e36fe37b7de582be7dcc53aa9357e71","enterprise/core-edge/src/test/java/org/neo4j/coreedge/raft/roles/AppendingTest.java","4","0","0","5","140","205","0"
"neo4j","ed50a5b2e1bc6bb50e5d4d59c681673ad75d5808","community/lucene-index/src/test/java/org/neo4j/kernel/impl/api/index/IndexingServiceIntegrationTest.java","4","0","0","5","170","221","1"
"neo4j","9189a1e1ba59d1a1dfce77507e322f766d4991ff","community/lucene-index/src/test/java/org/neo4j/kernel/impl/api/index/IndexingServiceIntegrationTest.java","4","0","0","5","174","225","1"
"elasticsearch","1954f770a1415c4ac2cc2f679ab3b68a3c4778d7","src/test/java/org/elasticsearch/test/unit/common/lucene/uid/VersionsTests.java","4","0","0","5","205","263","1"
"elasticsearch","cb34cccc1e58d6cd56efdf7e201ae91c9aaa9beb","src/test/java/org/elasticsearch/test/unit/common/lucene/uid/VersionsTests.java","4","0","0","5","206","265","0"
"ceylon-ide-eclipse","0663fa54bb660133cd04c29936998eca73657d14","plugins/com.redhat.ceylon.eclipse.ui/src/com/redhat/ceylon/eclipse/core/builder/EnableCeylonNature.java","4","0","0","5","29","40","1"
"netty","505e767a09bc5d55cd0df35b8e0f8c59e9f7c507","transport/src/main/java/io/netty/channel/socket/nio/NioEventLoopGroup.java","4","0","0","5","29","53","1"
"neo4j","abb44045452530bb0da7fb275c808b5cefd2dc33","community/cypher/cypher/src/main/java/org/neo4j/cypher/internal/codegen/RelationshipIdWrapperImpl.java","4","0","0","5","30","59","0"
"netty","421eabe666f5eb3c760c757e991e4f37213f7333","transport/src/main/java/io/netty/channel/socket/nio/NioEventLoopGroup.java","4","0","0","5","32","56","0"
"orientdb","7714495a75dd494934a6cfa3c422763d92a19239","core/src/main/java/com/orientechnologies/orient/core/command/traverse/OTraverseMultiValueProcess.java","4","0","0","5","36","68","1"
"hazelcast","50c5966325df918d461a6bb074569e9ad7239790","hazelcast/src/test/java/com/hazelcast/nio/tcp/FirewallingTcpIpConnectionManager.java","4","0","0","5","39","65","1"
"hazelcast","95b93d3d6a2eef3a75a7dae3cd2cbb53d02628a3","hazelcast/src/test/java/com/hazelcast/nio/tcp/FirewallingMockConnectionManager.java","4","0","0","5","40","65","1"
"hazelcast","3e9f0a4fe67f397b79d6244ff49cfc7cec656c1d","hazelcast/src/test/java/com/hazelcast/nio/tcp/FirewallingMockConnectionManager.java","4","0","0","5","40","66","0"
"neo4j","8f583233901b986777dfe5cfeca786aa0c24cd24","community/cypher/cypher/src/main/java/org/neo4j/cypher/internal/codegen/PrimitiveNodeStream.java","4","0","0","5","40","69","1"
"hazelcast","99fae76bc99e0074096750e1ee87859299d4cd8f","hazelcast/src/main/java/com/hazelcast/internal/partition/operation/ShutdownRequestOperation.java","4","0","0","5","41","66","0"
"hazelcast","d831651dd5814c8074c8b4727184701986f16039","hazelcast/src/main/java/com/hazelcast/multimap/impl/operations/ContainsEntryOperation.java","4","0","0","5","44","71","1"
"hazelcast","d1bae9c134322830de8d4888351f56eb8b5b2de6","hazelcast/src/main/java/com/hazelcast/internal/dynamicconfig/DynamicConfigReplicationOperation.java","4","0","0","5","44","72","0"
"neo4j","abb44045452530bb0da7fb275c808b5cefd2dc33","community/cypher/cypher/src/main/java/org/neo4j/cypher/internal/codegen/PrimitiveRelationshipStream.java","4","0","0","5","44","73","0"
"hazelcast","67235ce99477aeeecc86d225926b6456b7ceef20","hazelcast/src/test/java/com/hazelcast/nio/tcp/FirewallingTcpIpConnectionManager.java","4","0","0","5","45","71","2"
"hazelcast","9af6389d7a3ab6bd5e3cb3ded4a094034874133a","hazelcast/src/main/java/com/hazelcast/internal/dynamicconfig/DynamicConfigReplicationOperation.java","4","0","0","5","46","74","0"
"hazelcast","c9d117501d9d7e1014b9006bc4b711baa42e0c57","hazelcast/src/main/java/com/hazelcast/internal/dynamicconfig/DynamicConfigPreJoinOperation.java","4","0","0","5","47","75","0"
"elasticsearch","25fd9e26c4fb042d6f6dea14efcd239577bdbbc4","core/src/main/java/org/elasticsearch/action/admin/indices/template/get/GetIndexTemplatesResponse.java","4","0","0","5","47","78","0"
"BroadleafCommerce","fc96cd617dc6f16a02dfe01f95486da731a6cd13","common/src/main/java/org/broadleafcommerce/common/weave/ConditionalFieldAnnotationCopyTransformersManagerImpl.java","4","0","0","5","47","80","0"
"elasticsearch","25fd9e26c4fb042d6f6dea14efcd239577bdbbc4","client/benchmark/src/main/java/org/elasticsearch/client/benchmark/ops/search/SearchBenchmarkTask.java","4","0","0","5","48","79","0"
"hazelcast","1c8aa690e6d64bbd003dceb14a511c66372f109f","hazelcast/src/test/java/com/hazelcast/cache/merge/AbstractCacheMergePolicyTest.java","4","0","0","5","50","66","0"
"hazelcast","e4f7959a373b0263506a00fa6941d0020407e6fd","hazelcast/src/main/java/com/hazelcast/client/impl/protocol/parameters/MapIntDataResultParameters.java","4","0","0","5","50","81","1"
"hazelcast","929d07c17f918ee0901baef20651c04cf058dd31","hazelcast/src/test/java/com/hazelcast/cache/merge/AbstractCacheMergePolicyTest.java","4","0","0","5","52","68","1"
"hazelcast","7c42a9fcceff9411a566b719b68940958ed2e197","hazelcast/src/main/java/com/hazelcast/multimap/impl/txn/TxnCommitBackupOperation.java","4","0","0","5","52","78","3"
"hazelcast","978a048b578f8b64513fc7923ed9dbfc4be0b965","hazelcast/src/main/java/com/hazelcast/multimap/impl/txn/TxnCommitBackupOperation.java","4","0","0","5","52","80","0"
"elasticsearch","c55f9bbd9b0b96b755273673c67f309f0a5cf117","core/src/test/java/org/elasticsearch/ingest/processor/SplitProcessorTests.java","4","0","0","5","53","81","2"
"hazelcast","10773b4cd855bdfd84ea80d22b8ed3c977459444","hazelcast/src/main/java/com/hazelcast/multimap/impl/txn/TxnCommitBackupOperation.java","4","0","0","5","55","81","1"
"hazelcast","32f165cbc33d96609efab90bc4967278c975d0ef","hazelcast/src/main/java/com/hazelcast/multimap/impl/txn/TxnCommitBackupOperation.java","4","0","0","5","55","83","2"
"BroadleafCommerce","9a1ae1678f43cd4b706fd2a302879c0f42dc4637","core/broadleaf-framework-web/src/main/java/org/broadleafcommerce/core/web/order/security/MergeCartProcessorImpl.java","4","0","0","5","55","86","2"
"elasticsearch","d26becc040036b625dde751704d7537742c97e09","core/src/main/java/org/elasticsearch/search/aggregations/support/ValuesSourceParserHelper.java","4","0","0","5","56","107","0"
"BroadleafCommerce","40ab929d34f5e9804b086e93b711feb23ee47eca","core/broadleaf-framework-web/src/main/java/org/broadleafcommerce/core/web/order/security/MergeCartProcessorImpl.java","4","0","0","5","57","89","1"
"elasticsearch","f8019926b3ee944bf39cdd3c9d5140726c346322","modules/ingest-grok/src/test/java/org/elasticsearch/ingest/grok/GrokProcessorTests.java","4","0","0","5","58","87","1"
"elasticsearch","9ac3887139c15c6dfbcf13493415b0ff56a912d0","core/src/test/java/org/elasticsearch/ingest/processor/GsubProcessorFactoryTests.java","4","0","0","5","60","88","1"
"elasticsearch","071d578953961ba79e87dffd59a8c73bd1028f0c","core/src/test/java/org/elasticsearch/rest/action/admin/indices/analyze/RestAnalyzeActionTests.java","4","0","0","5","64","97","0"
"neo4j","cad4bb9112a81f549b9a13dbfee451f4d17d8d23","community/kernel/src/test/java/org/neo4j/kernel/impl/security/FileURLAccessRuleTest.java","4","0","0","5","67","95","0"
"elasticsearch","243722680268ddbfc9b7a321d229c08d38773c4c","core/src/test/java/org/elasticsearch/client/transport/TransportClientIT.java","4","0","0","5","68","101","1"
"elasticsearch","fbbb633d81d5501c42343bf493f7af24788e657b","core/src/test/java/org/elasticsearch/client/transport/TransportClientIT.java","4","0","0","5","68","102","0"
"antlr4","29c2712ae1eee9575324db48c2f72c7cb0d28308","tool/src/org/antlr/v4/codegen/JavaTarget.java","4","0","0","5","68","125","0"
"neo4j","97d277a38257d075eca3f31bb52ea93b40f58521","community/kernel/src/test/java/org/neo4j/kernel/impl/security/FileURLAccessRuleTest.java","4","0","0","5","68","97","0"
"elasticsearch","1863ab95f862294db7d105717656bd6452eef9d9","core/src/main/java/org/elasticsearch/search/aggregations/bucket/range/AbstractRangeBuilder.java","4","0","0","5","70","107","2"
"elasticsearch","838edab168c2999af7ba16f000c1180814e98570","core/src/test/java/org/elasticsearch/client/transport/TransportClientIT.java","4","0","0","5","72","102","1"
"elasticsearch","0556c93920af457c0dfb41dc2f52013ebc3e136e","test/framework/src/main/java/org/elasticsearch/test/disruption/NetworkDisruptionTests.java","4","0","0","5","73","103","1"
"hazelcast","d568e4d926d925d57d4e79e34614390416749301","hazelcast/src/test/java/com/hazelcast/cache/CacheManagementTest.java","4","0","0","5","73","104","0"
"elasticsearch","87737d3e02e5727cfe035068bfca5f3e5af13978","core/src/test/java/org/elasticsearch/client/transport/TransportClientIT.java","4","0","0","5","73","104","0"
"hazelcast","70d4de16ff0ac4518d09aad8c9f2ad9e782fb337","hazelcast/src/test/java/com/hazelcast/cache/CacheManagementTest.java","4","0","0","5","73","104","1"
"elasticsearch","6174e21f47244b6d5153d7d0cc1fe28fe863399d","core/src/main/java/org/elasticsearch/search/aggregations/metrics/scripted/ScriptedMetricAggregator.java","4","0","0","5","74","104","1"
"elasticsearch","f7ef600644a9d0a112eb761b7041d0df28d18d86","core/src/main/java/org/elasticsearch/search/aggregations/pipeline/bucketmetrics/percentile/PercentilesBucketPipelineAggregator.java","4","0","0","5","77","120","0"
"elasticsearch","86a9365c5318b0062492e865f668adfd23177113","core/src/main/java/org/elasticsearch/search/aggregations/pipeline/bucketmetrics/percentile/PercentilesBucketPipelineAggregator.java","4","0","0","5","79","122","1"
"hazelcast","05b27a3d7f9adfb832f8fb0c7927fc71c14df2b4","hazelcast/src/main/java/com/hazelcast/client/impl/protocol/task/map/AbstractMapAddEntryListenerMessageTask.java","4","0","0","5","80","111","2"
"hazelcast","aa5c4585424b8dc521597ed7bc252abd66f1deb3","hazelcast/src/main/java/com/hazelcast/client/impl/protocol/task/map/AbstractMapAddEntryListenerMessageTask.java","4","0","0","5","80","111","1"
"hazelcast","adbc8e2988688b80d6acf089c9ae7662ef1dca34","hazelcast/src/main/java/com/hazelcast/client/impl/protocol/task/map/AbstractMapAddEntryListenerMessageTask.java","4","0","0","5","80","111","1"
"hazelcast","ae877df50978fcfb112d6d0cab2c78f80d1ee770","hazelcast/src/main/java/com/hazelcast/client/impl/protocol/task/map/AbstractMapAddEntryListenerMessageTask.java","4","0","0","5","80","111","1"
"hazelcast","264b730b6e10ae9df6f5d8727209ca007160236f","hazelcast/src/main/java/com/hazelcast/client/impl/protocol/task/map/AbstractMapAddEntryListenerMessageTask.java","4","0","0","5","80","111","0"
"titan","8ed7a34830b0a78e03142c2f4be6ea9d63b30fa8","titan-berkeleyje/src/test/java/com/thinkaurelius/titan/graphdb/berkeleyje/BerkeleyGraphTest.java","4","0","0","5","81","107","0"
"neo4j","d693165ae77cf119824aaa7a53ac45b466b15c24","enterprise/core-edge/src/main/java/org/neo4j/coreedge/catchup/storecopy/StoreFetcher.java","4","0","0","5","82","116","1"
"hazelcast","21c064b4c2cb2d43e907d21553082abb3e4ba138","hazelcast/src/test/java/com/hazelcast/replicatedmap/ReplicatedMapHitsAndLastAccessTimeTest.java","4","0","0","5","83","115","1"
"hazelcast","42c9a61addb6c6748816a69618d662f43f579189","hazelcast/src/test/java/com/hazelcast/replicatedmap/ReplicatedMapHitsAndLastAccessTimeTest.java","4","0","0","5","83","115","1"
"hazelcast","7376dc96408d6c44cad34640928dbf21a9528424","hazelcast/src/test/java/com/hazelcast/replicatedmap/ReplicatedMapHitsAndLastAccessTimeTest.java","4","0","0","5","83","115","2"
"hazelcast","e0cd5f1c6d26cc9841afbc06253a7f486a0a1db1","hazelcast/src/test/java/com/hazelcast/replicatedmap/ReplicatedMapHitsAndLastAccessTimeTest.java","4","0","0","5","83","115","2"
"hazelcast","fcf19263e406e0a67085272a6e31da4da9c27948","hazelcast/src/test/java/com/hazelcast/replicatedmap/ReplicatedMapHitsAndLastAccessTimeTest.java","4","0","0","5","83","115","0"
"neo4j","dffaacf551b9213f1b818976724f11748a16a674","enterprise/core-edge/src/main/java/org/neo4j/coreedge/catchup/storecopy/StoreFetcher.java","4","0","0","5","83","117","0"
"elasticsearch","3fbfb3e7e73f6510a2f0b8b86b7026ab641a51d4","core/src/test/java/org/elasticsearch/script/ScriptSettingsTests.java","4","0","0","5","83","120","0"
"hazelcast","b2b3ac4122bb5d642bd2743583efcfb34ade5ce3","hazelcast/src/main/java/com/hazelcast/client/impl/protocol/task/map/AbstractMapAddEntryListenerMessageTask.java","4","0","0","5","85","117","0"
"elasticsearch","48bfb142b97bc32542f73bece4bf19bce57554c8","core/src/test/java/org/elasticsearch/index/replication/IndexLevelReplicationTests.java","4","0","0","5","86","125","1"
"hazelcast","0e104a9f57ef6df4b44520699baf61a093a95a16","hazelcast/src/test/java/com/hazelcast/map/BackupExpirationTest.java","4","0","0","5","94","136","0"
"hazelcast","9725927db19a0d90e8bc6d1cf6a5d285722db6a1","hazelcast/src/test/java/com/hazelcast/internal/partition/MasterSplitTest.java","4","0","0","5","95","122","0"
"netty","e6ca9882a107c34cf6358c8d7a68561025f06016","codec/src/main/java/io/netty/handler/codec/DefaultBinaryHeaders.java","4","0","0","58","284","362","1"
"hazelcast","0ec7a854c3a503467512e9ee38504818732066e5","hazelcast/src/test/java/com/hazelcast/config/CacheConfigTest.java","4","0","0","58","556","695","0"
"hazelcast","b36e3bc376116202da64ecf6960b0ce7139ec8bf","hazelcast/src/test/java/com/hazelcast/spi/impl/operationexecutor/slowoperationdetector/SlowOperationDetector_JsonTest.java","4","0","0","6","101","138","0"
"hazelcast","b2603dd8cb27d40dbf0932dc4d80e60a3dde0ace","hazelcast/src/test/java/com/hazelcast/spi/impl/operationexecutor/slowoperationdetector/SlowOperationDetector_JsonTest.java","4","0","0","6","103","141","0"
"hazelcast","d75a78c86ee1025480b81229eb8d920585b801c1","hazelcast/src/test/java/com/hazelcast/spi/impl/operationexecutor/slowoperationdetector/SlowOperationDetector_JsonTest.java","4","0","0","6","103","141","0"
"hazelcast","0226f1fccc3bf3ff10336b2dc656b76e22afb59b","hazelcast/src/test/java/com/hazelcast/spi/impl/operationexecutor/slowoperationdetector/SlowOperationDetector_JsonTest.java","4","0","0","6","103","141","1"
"hazelcast","357e49e6cc4cca1d9390ee50c61049be61eddcd5","hazelcast/src/test/java/com/hazelcast/query/impl/predicates/DateHandlingPredicateTest.java","4","0","0","6","106","165","0"
"netty","b285994e103b549465115c6a71e684a4f61f304b","handler/src/test/java/io/netty/handler/ipfilter/IpSubnetFilterTest.java","4","0","0","6","107","144","0"
"neo4j","32a785178963ee7f810a2f00a8a7ae8ef4b66b04","enterprise/core-edge/src/test/java/org/neo4j/coreedge/scenarios/CoreServerReplicationIT.java","4","0","0","6","107","185","0"
"netty","799350c369e68462b61c6aef97db2a33ea937434","handler/src/test/java/io/netty/handler/ipfilter/IpSubnetFilterTest.java","4","0","0","6","108","145","0"
"elasticsearch","b73f87b0ea4ec4a66717b30a671c7f4f379a3ca9","client/rest/src/test/java/org/elasticsearch/client/HeapBufferedAsyncResponseConsumerTests.java","4","0","0","6","108","149","0"
"netty","f3c940d20810635cda3e6c0f19ec3a9f621fe1ed","transport/src/main/java/io/netty/channel/socket/nio/NioServerSocketChannel.java","4","0","0","6","112","154","1"
"elasticsearch","f29744cc2fd9607fa3f4761872b7b42b7d5cd960","src/test/java/org/elasticsearch/search/aggregations/ParsingTests.java","4","0","0","6","123","160","0"
"netty","46363095970e1bd8f6046414fcf15b41a9c25452","codec-http/src/test/java/io/netty/handler/codec/http/QueryStringDecoderTest.java","4","0","0","6","134","169","0"
"neo4j","c78d5b9a732e8512a6136e4194de35dbffdeaca6","enterprise/causal-clustering/src/main/java/org/neo4j/causalclustering/core/state/machines/CoreStateMachines.java","4","0","0","6","142","190","1"
"neo4j","3ec0e927cb481a29815bc3237d2e53fd7cadd271","community/lucene-index/src/test/java/org/neo4j/kernel/api/impl/index/UniqueLuceneIndexPopulatorTest.java","4","0","0","6","142","200","0"
"elasticsearch","e1409a9f0e3f52f35633cf47051c3e4258f67636","src/test/java/org/elasticsearch/test/unit/index/mapper/date/SimpleDateMappingTests.java","4","0","0","6","152","201","0"
"elasticsearch","c6629722302b820dcee41735a45381b7f6b0e893","modules/test/integration/src/test/java/org/elasticsearch/test/integration/document/GetActionTests.java","4","0","0","6","154","213","0"
"ceylon-ide-eclipse","e89324305b6be078e574b3c554a7cc2cdb57e73c","plugins/com.redhat.ceylon.eclipse.ui/src/com/redhat/ceylon/eclipse/code/style/FormatterTabLine.java","4","0","0","6","179","204","0"
"hazelcast","40021c746e61cd4f6feae5777f6ea23a492aa4f9","hazelcast/src/test/java/com/hazelcast/map/MergePolicyTest.java","4","0","0","6","192","250","2"
"hazelcast","5edfcafc5c411ff789c09f6628ae32bf8e78ff99","hazelcast/src/test/java/com/hazelcast/query/PredicatesTest.java","4","0","0","6","211","244","1"
"hazelcast","018755fb873c77323a285548ce7ec0f829c0e069","hazelcast/src/test/java/com/hazelcast/query/PredicatesTest.java","4","0","0","6","212","247","0"
"netty","ba6c0321808b5b8da0b795c7a66ee303ef636c94","transport/src/main/java/io/netty/channel/ChannelInboundMessageHandlerAdapter.java","4","0","0","6","30","53","0"
"neo4j","c6df52ac56269552d27f572a2af61ddce5a9095c","enterprise/causal-clustering/src/main/java/org/neo4j/causalclustering/catchup/storecopy/FileHeader.java","4","0","0","6","38","65","0"
"elasticsearch","78574d248cf10dad1c5a566fda79e1e0c94afe43","core/src/main/java/org/elasticsearch/action/admin/cluster/validate/template/RenderSearchTemplateRequest.java","4","0","0","6","41","70","1"
"elasticsearch","e6aaaf11ed4a1b8f595f920de1840938eddb7a97","core/src/main/java/org/elasticsearch/action/admin/cluster/validate/template/RenderSearchTemplateRequest.java","4","0","0","6","41","70","1"
"elasticsearch","a60b8948ba1d836a6eac7cff095519e618939ed8","core/src/main/java/org/elasticsearch/action/admin/cluster/validate/template/RenderSearchTemplateRequest.java","4","0","0","6","41","70","0"
"hazelcast","c942da1755b0c0fa5275412cf96596dd88d92151","hazelcast-client-new/src/main/java/com/hazelcast/client/spi/impl/ClientNonSmartInvocationServiceImpl.java","4","0","0","6","43","53","0"
"hazelcast","d831651dd5814c8074c8b4727184701986f16039","hazelcast/src/main/java/com/hazelcast/multimap/impl/operations/client/GetAllRequest.java","4","0","0","6","46","74","1"
"elasticsearch","4b94eb5cb8cc4294ed0e932a5f22c16bd90d4dd7","core/src/main/java/org/elasticsearch/action/admin/indices/settings/get/GetSettingsResponse.java","4","0","0","6","46","76","2"
"elasticsearch","860efb2ad28db09189c8423e05d0dba53010259c","core/src/main/java/org/elasticsearch/action/admin/indices/settings/get/GetSettingsResponse.java","4","0","0","6","46","76","2"
"elasticsearch","d3417fb02291f26964d77767020ef345d18c148f","core/src/main/java/org/elasticsearch/action/admin/indices/settings/get/GetSettingsResponse.java","4","0","0","6","46","76","0"
"hazelcast","99c2fd47c8afaea689af5a320aa2daf86ddb381e","hazelcast/src/main/java/com/hazelcast/scheduledexecutor/impl/operations/GetAllScheduledOperation.java","4","0","0","6","51","83","1"
"neo4j","cdb0aa228c0b982e175dfe5280b0d18aa4256c7f","community/kernel/src/main/java/org/neo4j/graphdb/impl/notification/NotificationDetail.java","4","0","0","6","52","80","0"
"hazelcast","40599f3c1a0985c7953c537a378e86d290744a88","hazelcast/src/main/java/com/hazelcast/cache/impl/operation/PostJoinCacheOperation.java","4","0","0","6","53","81","1"
"hazelcast","c9d117501d9d7e1014b9006bc4b711baa42e0c57","hazelcast/src/main/java/com/hazelcast/internal/dynamicconfig/AddDynamicConfigOperation.java","4","0","0","6","53","83","0"
"orientdb","693119e3f1dab4ea8b67a35575ba1f7d1c0a970b","core/src/main/java/com/orientechnologies/orient/core/db/ODatabaseRecordThreadLocal.java","4","0","0","6","54","85","0"
"orientdb","bbbb777e4073e4214e47e2134379d96dcb54486a","core/src/main/java/com/orientechnologies/orient/core/db/ODatabaseRecordThreadLocal.java","4","0","0","6","55","86","1"
"orientdb","39a8884d03c0bc49b8ecf655a22fe80646afa1e6","spatial/src/main/java/com/orientechnologies/spatial/functions/OSpatialFunctionsFactory.java","4","0","0","6","57","89","0"
"elasticsearch","7b62267008b31c809f30258756045535e44b4bfc","core/src/test/java/org/elasticsearch/search/aggregations/bucket/geogrid/GeoHashGridParserTests.java","4","0","0","6","58","84","0"
"ceylon-ide-eclipse","5b4c3eac8a7c12c0125a77343e602b4e73083595","plugins/com.redhat.ceylon.eclipse.ui/src/com/redhat/ceylon/eclipse/code/correct/LinkedModeImporter.java","4","0","0","6","59","73","0"
"elasticsearch","faee825fea6245b7ffda4715e1676b62f1f73da0","core/src/test/java/org/elasticsearch/search/aggregations/bucket/geogrid/GeoHashGridParserTests.java","4","0","0","6","59","86","2"
"hazelcast","b949940524e885bddfdd6391e0330ab00b56f34a","hazelcast/src/main/java/com/hazelcast/client/impl/operations/ClientDisconnectionOperation.java","4","0","0","6","61","90","2"
"hazelcast","329a14413091819ed6670a566170cf38b05b92fa","hazelcast/src/test/java/com/hazelcast/map/InMemoryFormatTest.java","4","0","0","6","62","96","1"
"hazelcast","bb3ea0e107980d769862cdbda748cc91529d67b5","hazelcast/src/main/java/com/hazelcast/transaction/impl/xa/XATransactionHolder.java","4","0","0","6","64","90","0"
"elasticsearch","4bf12a7dca9fddc9544f7698938a9ca35ca1bca4","modules/ingest-grok/src/test/java/org/elasticsearch/ingest/grok/GrokProcessorTests.java","4","0","0","6","68","98","0"
"elasticsearch","149ef74b26bb33d3a1d3c1c45c481a01345cd764","core/src/test/java/org/elasticsearch/search/aggregations/bucket/geogrid/GeoHashGridParserTests.java","4","0","0","6","69","97","0"
"elasticsearch","00de8e07fc3df9c763bbc0b6890217dc5b6bee3e","modules/ingest-common/src/test/java/org/elasticsearch/ingest/common/SplitProcessorTests.java","4","0","0","6","71","100","3"
"elasticsearch","b1cef5fdf8e1f8e9982a4724986b2731ca4d522b","core/src/test/java/org/elasticsearch/search/aggregations/bucket/geogrid/GeoHashGridParserTests.java","4","0","0","6","71","98","1"
"orientdb","f3037a5423fac7a154c4e964d4d0f58fd4230345","tests/src/test/java/com/orientechnologies/orient/test/database/auto/NonBlockingQueryTest.java","4","0","0","6","72","86","1"
"neo4j","4e13feaa5058f4f1b623704bbde288b5850c1ec6","community/security/src/test/java/org/neo4j/commandline/admin/security/SetPasswordCommandTest.java","4","0","0","6","75","116","0"
"hazelcast","57b2aea474dc6434bbd0d24bc51419c87c41337b","hazelcast/src/test/java/com/hazelcast/cluster/ClusterShutdownTest.java","4","0","0","6","79","101","0"
"hazelcast","ae877df50978fcfb112d6d0cab2c78f80d1ee770","hazelcast/src/main/java/com/hazelcast/client/impl/protocol/task/multimap/AbstractMultiMapAddEntryListenerMessageTask.java","4","0","0","6","79","114","1"
"neo4j","7b890cea4f0be50e697d6ba272edb6b74b84e373","community/security/src/test/java/org/neo4j/commandline/admin/security/SetPasswordCommandTest.java","4","0","0","6","80","123","1"
"hazelcast","a307b7929d169054db70b9dce648d8ade5b84851","hazelcast-jclouds/src/test/java/com/hazelcast/jclouds/JCloudsDiscoveryStrategyTest.java","4","0","0","6","82","101","1"
"hazelcast","75f8da3f6c13ae28d39f9e1068679a1c397fb3d5","hazelcast-jclouds/src/test/java/com/hazelcast/jclouds/JCloudsDiscoveryStrategyTest.java","4","0","0","6","82","102","0"
"hazelcast","58e4782c607905ce452f830bd68a2412a9e1961e","hazelcast/src/main/java/com/hazelcast/client/impl/protocol/task/multimap/AbstractMultiMapAddEntryListenerMessageTask.java","4","0","0","6","82","114","1"
"hazelcast","97b9ef5ed7362becd2f0d3cbfec6b68c923de082","hazelcast/src/test/java/com/hazelcast/spi/impl/operationservice/impl/AsyncInvocationTest.java","4","0","0","6","86","101","0"
"hazelcast","e47cde9e94b8cfbc6c2095ce20d3c41207fce896","hazelcast/src/test/java/com/hazelcast/spi/impl/operationservice/impl/AsyncInvocationTest.java","4","0","0","6","87","102","1"
"hazelcast","bab7f1c1ba3f3d6d5cbd04e858e99a3955bfe7b9","hazelcast-client/src/test/java/com/hazelcast/client/spi/impl/ClientConnectionManagerTranslateTest.java","4","0","0","6","90","129","0"
"elasticsearch","366ddfc89a9265e05d23291b02a829f4da1fcbdd","src/main/java/org/elasticsearch/common/lucene/search/function/ScriptScoreFunction.java","4","0","0","6","91","132","0"
"neo4j","6d2d3f4cab315b0330bc8c02cc225e0b6822465f","community/cypher/cypher/src/test/java/org/neo4j/cypher/DeleteNodeStressIT.java","4","0","0","6","91","140","1"
"neo4j","2e9e3298914b6ca1a9339d75800a91288690b82c","community/cypher/cypher/src/test/java/org/neo4j/cypher/DeleteNodeStressIT.java","4","0","0","6","91","143","0"
"elasticsearch","e43f3a941b8ae78e6ab4f66d1da17a976d36b666","src/main/java/org/elasticsearch/common/lucene/search/function/ScriptScoreFunction.java","4","0","0","6","92","133","1"
"hazelcast","4d1364579e205b6ce571799502d81da34f5f06c8","hazelcast/src/test/java/com/hazelcast/spi/impl/operationexecutor/slowoperationdetector/SlowOperationDetector_JsonTest.java","4","0","0","6","93","130","0"
"neo4j","5881b930d6621d9f8b0a9178cbae685fa61570b1","community/server/src/test/java/org/neo4j/server/BaseBootstrapperTest.java","4","0","0","6","94","149","0"
"hazelcast","5d50e8d537479cf5e4c00069df8323337d81d9e6","hazelcast/src/test/java/com/hazelcast/cache/JCacheListenerTest.java","4","0","0","6","95","132","1"
"elasticsearch","3add12a9708a12d3e55c923cf7468296ed6147cc","src/main/java/org/elasticsearch/common/lucene/search/function/ScriptScoreFunction.java","4","0","0","6","95","136","0"
"netty","8edfde3f26fe6b52aa4b899ece870bcba730a0e6","common/src/test/java/io/netty/util/HashedWheelTimerTest.java","4","0","0","6","98","127","0"
"neo4j","85bd0034b8f4230b9b7b23a85801695a865cc236","integrationtests/src/test/java/org/neo4j/procedure/ProcedureIT.java","4","0","0","62","549","729","1"
"hazelcast","5fe534734d912f88bed5098f3b36f3e2872c8319","hazelcast/src/main/java/com/hazelcast/client/impl/protocol/task/RegisterMembershipListenerMessageTask.java","4","0","0","7","105","143","1"
"hazelcast","05b27a3d7f9adfb832f8fb0c7927fc71c14df2b4","hazelcast/src/main/java/com/hazelcast/client/impl/protocol/task/RegisterMembershipListenerMessageTask.java","4","0","0","7","105","144","2"
"hazelcast","08e659f992761d79cd0342e77ce17ddb62e33295","hazelcast/src/main/java/com/hazelcast/client/impl/protocol/task/RegisterMembershipListenerMessageTask.java","4","0","0","7","105","144","2"
"hazelcast","97bb74d78cd1e0af68a1390defa30fc956da8390","hazelcast/src/main/java/com/hazelcast/client/impl/protocol/task/RegisterMembershipListenerMessageTask.java","4","0","0","7","105","144","2"
"hazelcast","bc945190541c07a740026d0e1d81368a2d79d78e","hazelcast/src/main/java/com/hazelcast/client/impl/protocol/task/RegisterMembershipListenerMessageTask.java","4","0","0","7","105","144","2"
"hazelcast","d65de8708631978b87d39db7c947a073e0963228","hazelcast/src/main/java/com/hazelcast/client/impl/protocol/task/RegisterMembershipListenerMessageTask.java","4","0","0","7","105","144","2"
"hazelcast","264b730b6e10ae9df6f5d8727209ca007160236f","hazelcast/src/main/java/com/hazelcast/client/impl/protocol/task/RegisterMembershipListenerMessageTask.java","4","0","0","7","105","144","0"
"hazelcast","a4035afdfc67b757940a15578bc51b4e7b6b0b13","hazelcast/src/main/java/com/hazelcast/client/impl/protocol/task/RegisterMembershipListenerMessageTask.java","4","0","0","7","105","144","0"
"hazelcast","2b1ac3a1e5f6e8de60a0e99a7330280a59e76a8a","hazelcast/src/main/java/com/hazelcast/client/impl/protocol/task/RegisterMembershipListenerMessageTask.java","4","0","0","7","106","144","0"
"hazelcast","2b9bb4fc17af10b2e6c19753155c0c0aeff8ce05","hazelcast/src/main/java/com/hazelcast/client/impl/protocol/task/RegisterMembershipListenerMessageTask.java","4","0","0","7","106","144","0"
"hazelcast","97c4085030f8acefbabfd0d7bf7f0e1c0df54bfd","hazelcast/src/main/java/com/hazelcast/client/impl/protocol/task/RegisterMembershipListenerMessageTask.java","4","0","0","7","106","144","0"
"hazelcast","d38202141395360399c9cf97d4453adf5b1581e1","hazelcast/src/main/java/com/hazelcast/client/impl/protocol/task/RegisterMembershipListenerMessageTask.java","4","0","0","7","106","144","1"
"neo4j","8d2e8c6469c5e313638a93adaa910dbf3b026200","community/bolt/src/test/java/org/neo4j/bolt/v1/messaging/Neo4jPackTest.java","4","0","0","7","106","156","1"
"neo4j","ab11c8b305622e6fcf6e699f8b3e47b0dc5b42f3","enterprise/core-edge/src/test/java/org/neo4j/coreedge/raft/log/physical/RecoveryProtocolTest.java","4","0","0","7","107","165","0"
"neo4j","526a733efa1e55877eeb9e1513dea1560b8fd87a","community/kernel/src/test/java/org/neo4j/kernel/impl/transaction/log/entry/LogHeaderReaderTest.java","4","0","0","7","113","183","0"
"elasticsearch","39c064ce8b5eb784942be3f8fa3461c33ea6a7a1","src/test/java/org/elasticsearch/index/mapper/dynamic/DynamicMappingTests.java","4","0","0","7","115","159","3"
"hazelcast","32414b10eb42bcd8b325501cb9d937921970f4e7","hazelcast/src/test/java/com/hazelcast/map/mapstore/MapStoreEvictionTest.java","4","0","0","7","116","151","0"
"hazelcast","48fee3ce8f42c493e08664fa15e8570eade44088","hazelcast/src/test/java/com/hazelcast/map/mapstore/MapStoreEvictionTest.java","4","0","0","7","117","152","2"
"hazelcast","73673199472b3fb25cf6c72de378a1d2bab18605","hazelcast/src/test/java/com/hazelcast/spi/impl/operationexecutor/impl/OperationThreadTest.java","4","0","0","7","121","165","1"
"hazelcast","86b064ba3f1e467e74e95d6da24b03122065ce36","hazelcast/src/test/java/com/hazelcast/spi/impl/operationexecutor/impl/OperationThreadTest.java","4","0","0","7","121","165","2"
"hazelcast","9948976cea0dd05d47e24f303a0b309b4155d329","hazelcast/src/test/java/com/hazelcast/spi/impl/operationexecutor/impl/OperationThreadTest.java","4","0","0","7","121","165","2"
"hazelcast","82683a8423a0a3209f3dd70ca23835ee63f0d0b8","hazelcast/src/test/java/com/hazelcast/spi/impl/operationexecutor/impl/OperationThreadTest.java","4","0","0","7","121","165","0"
"hazelcast","59c5defd95ebf4fec3c7664014c65e4612269447","hazelcast/src/test/java/com/hazelcast/spi/impl/operationexecutor/classic/OperationThreadTest.java","4","0","0","7","122","150","1"
"hazelcast","22bbc7e99d13c8c369e79c69fc354aef865f1706","hazelcast/src/test/java/com/hazelcast/map/mapstore/MapStoreEvictionTest.java","4","0","0","7","125","161","1"
"hazelcast","7176671158500f589a492b21eb1d3e6c03fb29ee","hazelcast/src/test/java/com/hazelcast/map/mapstore/MapStoreEvictionTest.java","4","0","0","7","126","162","0"
"elasticsearch","634ce90dc06f20888a4ff655985a6baccf25a7db","core/src/test/java/org/elasticsearch/search/internal/ShardSearchTransportRequestTests.java","4","0","0","7","129","170","0"
"neo4j","1a11c303d2294b55d03cc5f4974290b5be94f2c3","enterprise/ha/src/test/java/org/neo4j/ha/BackupHaIT.java","4","0","0","7","140","199","0"
"elasticsearch","6159ca28ae6ffd97260d8533df5a794154d94e11","core/src/test/java/org/elasticsearch/client/transport/TransportClientHeadersTests.java","4","0","0","7","142","185","0"
"neo4j","035903e9ebdada5ea1269b223a6b5ee102763a1d","enterprise/causal-clustering/src/main/java/org/neo4j/causalclustering/core/state/machines/CoreStateMachines.java","4","0","0","7","142","191","0"
"elasticsearch","34f7bd1ca4627ade5968e508ac978612e45b61f1","src/test/java/org/elasticsearch/search/aggregations/ParsingTests.java","4","0","0","7","143","181","0"
"elasticsearch","27b5c2ad545662621da1850b810daaf97ffbe6e5","core/src/test/java/org/elasticsearch/client/transport/TransportClientHeadersTests.java","4","0","0","7","143","186","0"
"hazelcast","11e77aa8ef9f1ba50a9ba8cc015da897bca676f4","hazelcast-client/src/test/java/com/hazelcast/client/heartbeat/ClientHeartbeatTest.java","4","0","0","7","160","215","1"
"hazelcast","2a8c619aa2ef11dc8700117a562e641cbc6d0e59","hazelcast-client/src/test/java/com/hazelcast/client/ClientConnectionTest.java","4","0","0","7","185","240","1"
"hazelcast","b683793f8f000c7e168932c892f8e93fb936960e","hazelcast-client/src/test/java/com/hazelcast/client/ClientConnectionTest.java","4","0","0","7","185","246","0"
"hazelcast","b5c65438c6e64b0c0c7e47d409ce81587d047b69","hazelcast-client/src/test/java/com/hazelcast/client/ClientConnectionTest.java","4","0","0","7","186","241","2"
"hazelcast","d9142a21241c88b869ca91e0fd9ba97cfcf873c5","hazelcast-client/src/test/java/com/hazelcast/client/ClientConnectionTest.java","4","0","0","7","186","241","2"
"hazelcast","592185490d2c3401d8a58d96310cb914db6362e5","hazelcast-client/src/test/java/com/hazelcast/client/ClientConnectionTest.java","4","0","0","7","186","241","0"
"hazelcast","b25f7beee98ec0fed649ff01e420cc350b4b63d3","hazelcast-client/src/test/java/com/hazelcast/client/ClientConnectionTest.java","4","0","0","7","193","254","1"
"elasticsearch","164efaecbe42195f08ada58b5fde927ab21fc6e7","core/src/test/java/org/elasticsearch/discovery/zen/ZenDiscoveryIT.java","4","0","0","7","211","264","0"
"elasticsearch","41d8fbe8f51abd499c9b497238bc5f2141b7926b","core/src/test/java/org/elasticsearch/discovery/zen/ZenDiscoveryIT.java","4","0","0","7","212","265","1"
"hazelcast","2921cff694583b8638dae2991f427e61d5440a9d","hazelcast/src/test/java/com/hazelcast/map/MergePolicyTest.java","4","0","0","7","237","321","0"
"hazelcast","584996c0c9a11facf995848e53a5a2ef79a3889a","hazelcast/src/test/java/com/hazelcast/map/MergePolicyTest.java","4","0","0","7","237","321","0"
"hazelcast","9f89f4ba37ca25f6f1ec864fa96176c8ca2a1fa6","hazelcast/src/test/java/com/hazelcast/map/MergePolicyTest.java","4","0","0","7","237","321","0"
"hazelcast","1f042b8c4a4245594691bb6d85a66ceed9b43068","hazelcast/src/test/java/com/hazelcast/map/MergePolicyTest.java","4","0","0","7","237","321","1"
"hazelcast","eae5aabe2df5d86740f725387d4b9c32fb6d5495","hazelcast/src/test/java/com/hazelcast/map/MergePolicyTest.java","4","0","0","7","237","321","1"
"orientdb","62eb95b6bfd366e8a94d2f89fcc245f3acafd0c0","core/src/main/java/com/orientechnologies/orient/core/sql/parser/ORollbackStatement.java","4","0","0","7","27","39","0"
"BroadleafCommerce","1d6d9e9d14cd95417746ef0404084f9e3346758f","integration/src/test/java/org/broadleafcommerce/core/pricing/service/PricingTest.java","4","0","0","7","282","367","0"
"BroadleafCommerce","d8dbf31381e5c689ad90bada81d6092e897818bb","integration/src/test/java/org/broadleafcommerce/core/pricing/service/PricingTest.java","4","0","0","7","288","376","0"
"neo4j","fdae7dbff43d88f441e2484ee0941c5f542226ac","enterprise/com/src/test/java/org/neo4j/com/storecopy/StoreCopyClientTest.java","4","0","0","7","300","401","0"
"hazelcast","f5d26aff52aa632691d3d2b65207afe6e43f83ac","hazelcast/src/main/java/com/hazelcast/internal/partition/operation/FetchPartitionStateOperation.java","4","0","0","7","50","76","1"
"hazelcast","102cc4ef8d2e7bf4eca5451494ef6bf09deb6e43","hazelcast-client/src/main/java/com/hazelcast/client/proxy/ClientCountDownLatchProxy.java","4","0","0","7","54","84","0"
"hazelcast","1b48e275ad2d52d7d01740ca5ca23ef554a4ea4f","hazelcast/src/main/java/com/hazelcast/map/operation/EntryBackupOperation.java","4","0","0","7","54","84","0"
"hazelcast","8fa8695ee7d89fb65b6349f7bea75d17f15713a7","hazelcast/src/main/java/com/hazelcast/transaction/impl/operations/BroadcastTxRollbackOperation.java","4","0","0","7","54","84","0"
"hazelcast","c9502674131421c00dae117d0657feefa8e458a4","hazelcast/src/main/java/com/hazelcast/map/operation/EntryBackupOperation.java","4","0","0","7","54","84","0"
"hazelcast","13ee2009ce877b5f5755244f773c9b4aa6925c1d","hazelcast-client/src/main/java/com/hazelcast/client/proxy/ClientCountDownLatchProxy.java","4","0","0","7","54","84","2"
"hazelcast","4c3a3aace4f0b653e357b1aee6df61856b5ed7b0","hazelcast/src/main/java/com/hazelcast/transaction/impl/operations/BroadcastTxRollbackOperation.java","4","0","0","7","54","84","1"
"hazelcast","df0d7fd83bf0ba427592c2727a417af3136f8d5f","hazelcast/src/main/java/com/hazelcast/map/operation/EntryBackupOperation.java","4","0","0","7","54","84","1"
"hazelcast","2a2bc33f3dcf073d0ebcffe55d7ba18747ded76f","hazelcast/src/main/java/com/hazelcast/map/impl/operation/NearCacheBatchInvalidationOperation.java","4","0","0","7","55","83","0"
"hazelcast","62a2d7a2993e205acd37a462f8c7f9fe10f29dee","hazelcast/src/main/java/com/hazelcast/map/impl/operation/NearCacheBatchInvalidationOperation.java","4","0","0","7","55","83","0"
"hazelcast","7db53c0a19c56ae9c88038c5bf9e46075c9213e0","hazelcast/src/main/java/com/hazelcast/map/impl/operation/NearCacheBatchInvalidationOperation.java","4","0","0","7","55","83","0"
"hazelcast","52a52795addfbb1fa317d0716c26a6320e6cf422","hazelcast/src/main/java/com/hazelcast/map/impl/operation/NearCacheBatchInvalidationOperation.java","4","0","0","7","55","83","1"
"hazelcast","d9173aa8d1e548b218470462551e76d92f4d2576","hazelcast/src/main/java/com/hazelcast/map/impl/operation/NearCacheBatchInvalidationOperation.java","4","0","0","7","55","83","1"
"elasticsearch","2e445d3ede953c90e4e1ce69e5f53192115b9dd7","core/src/main/java/org/elasticsearch/index/fielddata/plain/SortedSetDVOrdinalsIndexFieldData.java","4","0","0","7","55","85","1"
"hazelcast","a4035afdfc67b757940a15578bc51b4e7b6b0b13","hazelcast-client-new/src/main/java/com/hazelcast/client/proxy/ClientCountDownLatchProxy.java","4","0","0","7","57","87","0"
"hazelcast","737ccfe6f9ee794e6a86d4a744e25abcb66a66c4","hazelcast/src/main/java/com/hazelcast/map/operation/EntryBackupOperation.java","4","0","0","7","57","89","2"
"elasticsearch","086ea53a3e965bbebe33dfb899182838e91109ca","core/src/main/java/org/elasticsearch/search/highlight/CustomQueryScorer.java","4","0","0","7","57","93","2"
"neo4j","0a8e56128401353b0c8b50cf4a27827c8b4a4f35","community/kernel/src/main/java/org/neo4j/kernel/impl/core/RelationshipConversion.java","4","0","0","7","60","89","0"
"elasticsearch","16e888fac36d41c1e0727cf3281c58c2d4365360","modules/ingest-grok/src/main/java/org/elasticsearch/ingest/grok/GrokProcessor.java","4","0","0","7","61","99","0"
"hazelcast","ea5d83e404800e8e9e9e1b22a2b75113b4c4c170","hazelcast/src/main/java/com/hazelcast/client/impl/protocol/task/GetPartitionsMessageTask.java","4","0","0","7","66","98","0"
"hazelcast","f5b5e658ea42c43530cc3fd5e132e2fe503ab8b4","hazelcast/src/main/java/com/hazelcast/client/impl/protocol/task/GetPartitionsMessageTask.java","4","0","0","7","66","98","0"
"hazelcast","d9d20943b88faf6aa25ddbdc19feab4571611431","hazelcast/src/main/java/com/hazelcast/client/impl/protocol/task/GetPartitionsMessageTask.java","4","0","0","7","66","98","1"
"hazelcast","b187d83bea55594862c24b207b19d71e95eb2aaf","hazelcast/src/main/java/com/hazelcast/map/operation/PartitionWideEntryBackupOperation.java","4","0","0","7","68","98","1"
"hazelcast","d9d20943b88faf6aa25ddbdc19feab4571611431","hazelcast/src/main/java/com/hazelcast/client/impl/protocol/task/map/MapExecuteOnAllKeysMessageTask.java","4","0","0","7","71","101","1"
"elasticsearch","3a82c613e43ebfaa010e5cf5e79cc54cee2d9468","modules/ingest-common/src/test/java/org/elasticsearch/ingest/common/SetProcessorFactoryTests.java","4","0","0","7","71","103","1"
"hazelcast","fa6115f29334f5ee2fdb2a7b1c285ed13be9973e","hazelcast/src/main/java/com/hazelcast/client/impl/protocol/task/GetPartitionsMessageTask.java","4","0","0","7","72","104","1"
"hazelcast","d9d20943b88faf6aa25ddbdc19feab4571611431","hazelcast/src/main/java/com/hazelcast/client/impl/protocol/task/map/MapExecuteWithPredicateMessageTask.java","4","0","0","7","74","105","1"
"elasticsearch","a3cefd919e81fd7c2c171426b64aa3357bfa6db4","src/main/java/org/elasticsearch/index/mapper/core/Murmur3FieldMapper.java","4","0","0","7","76","111","2"
"hazelcast","6edf9f7fef1ee9b03e3745603a3fead07c051334","hazelcast/src/test/java/com/hazelcast/map/InMemoryFormatTest.java","4","0","0","7","85","128","0"
"orientdb","8988606686b473edd0a1761f89d32af324e912f2","core/src/test/java/com/orientechnologies/orient/core/db/document/ODatabaseDocumentTxTest.java","4","0","0","7","88","127","1"
"hazelcast","05b27a3d7f9adfb832f8fb0c7927fc71c14df2b4","hazelcast/src/main/java/com/hazelcast/cluster/client/RegisterMembershipListenerRequest.java","4","0","0","7","90","125","2"
"hazelcast","ae877df50978fcfb112d6d0cab2c78f80d1ee770","hazelcast/src/main/java/com/hazelcast/cluster/client/RegisterMembershipListenerRequest.java","4","0","0","7","90","125","1"
"hazelcast","264b730b6e10ae9df6f5d8727209ca007160236f","hazelcast/src/main/java/com/hazelcast/cluster/client/RegisterMembershipListenerRequest.java","4","0","0","7","90","125","0"
"hazelcast","4ac9450aa6da5a4353517409635a0516daf80fd4","hazelcast/src/test/java/com/hazelcast/spi/impl/operationservice/impl/InvocationNestedLocalTest.java","4","0","0","7","92","122","0"
"neo4j","e5ea526b14ce752e94a5460b1c85bf4567d8f97d","community/cypher/cypher/src/test/java/org/neo4j/cypher/DeleteRelationshipStressIT.java","4","0","0","7","95","159","1"
"hazelcast","525c34cddd7f4e08d674611e177bab103e4d1881","hazelcast/src/main/java/com/hazelcast/impl/AbstractSimpleRecord.java","4","0","0","77","221","317","1"
"hazelcast","82fcc4c7c87097d1719bb56112aec0fafdb6bc0e","hazelcast/src/main/java/com/hazelcast/impl/AbstractSimpleRecord.java","4","0","0","78","223","320","0"
"hazelcast","8fb478edd7f05c3874592dfd54abd9bd62b8e5d3","hazelcast/src/test/java/com/hazelcast/spi/impl/operationservice/impl/CallIdSequenceWithoutBackpressureTest.java","4","0","0","8","100","126","1"
"hazelcast","501957b586e4584be5a10521e7eba25ad84c7aec","hazelcast/src/test/java/com/hazelcast/test/PacketFiltersUtil.java","4","0","0","8","101","142","1"
"hazelcast","5085b0cf3da97e4a60b3a3a5958e6a85c0ba5518","hazelcast/src/test/java/com/hazelcast/test/PacketFiltersUtil.java","4","0","0","8","101","143","0"
"neo4j","c3a5cbf00866abb108bf34ce2e0680026fdd2025","community/cypher/cypher/src/test/java/org/neo4j/cypher/DeleteRelationshipStressIT.java","4","0","0","8","101","165","0"
"hazelcast","8bccd78b8bd69738aa620adeef1b61025baca895","hazelcast/src/test/java/com/hazelcast/internal/metrics/impl/RenderTest.java","4","0","0","8","104","134","1"
"hazelcast","8f9018fabd6baf2dcb86985e78c8e79a764364a3","hazelcast/src/test/java/com/hazelcast/internal/metrics/impl/RenderTest.java","4","0","0","8","106","137","0"
"elasticsearch","f79fb4ada7995c11874346787db276b6edafaa8f","core/src/main/java/org/elasticsearch/indices/recovery/RemoteRecoveryTargetHandler.java","4","0","0","8","109","155","1"
"orientdb","bf684724948a42700600f83324ee6c04db7adc2c","core/src/test/java/com/orientechnologies/orient/core/db/document/ODatabaseDocumentTxTest.java","4","0","0","8","117","164","0"
"netty","e78ccd6d52450f30e648abca22b8f2afec62f45d","handler/src/test/java/io/netty/handler/ipfilter/IpSubnetFilterTest.java","4","0","0","8","118","157","0"
"elasticsearch","ea206237e3d8aa6e9b37a7063e6a2782b3e3cc5c","core/src/test/java/org/elasticsearch/ingest/PipelineFactoryTests.java","4","0","0","8","124","160","1"
"elasticsearch","1ebc95ee28a3eb020c06675a28036a780001db37","src/test/java/org/elasticsearch/index/merge/policy/MergePolicySettingsTest.java","4","0","0","8","138","191","1"
"netty","396a81c811d6ae79e2edcca35adb0725472609ea","codec-http/src/test/java/io/netty/handler/codec/http/HttpObjectAggregatorTest.java","4","0","0","8","145","190","1"
"orientdb","46bbcabde62c2b9e61ebaf45dc23f16d9dee7f02","core/src/test/java/com/orientechnologies/orient/core/metadata/ClassTest.java","4","0","0","8","147","188","1"
"orientdb","136db63960bbf53514691bf5a0bb8361a5ea5361","core/src/test/java/com/orientechnologies/orient/core/metadata/ClassTest.java","4","0","0","8","148","189","0"
"hazelcast","8eaee0479890deacacc792b80bf6b471149562b5","hazelcast/src/test/java/com/hazelcast/map/ListenerTest.java","4","0","0","8","157","209","0"
"netty","1975fcefe49896e6ce11df16a48b0bad7a074668","resolver-dns/src/test/java/io/netty/resolver/dns/SearchDomainTest.java","4","0","0","8","179","269","0"
"elasticsearch","3ce7b119d28e7d1be7284bd804606a65c2d1a383","core/src/test/java/org/elasticsearch/index/mapper/FieldNamesFieldMapperTests.java","4","0","0","8","194","256","1"
"elasticsearch","96f1739c0dafc067a289574296642219faca4673","core/src/test/java/org/elasticsearch/index/mapper/FieldNamesFieldMapperTests.java","4","0","0","8","195","257","0"
"elasticsearch","6613b3a0d6d35687246fdd67bb61abe890875148","core/src/test/java/org/elasticsearch/indices/memory/IndexingMemoryControllerTests.java","4","0","0","8","197","274","1"
"elasticsearch","5341404f014fbfd0c0b67c61546df38625d9b4ad","core/src/test/java/org/elasticsearch/indices/memory/IndexingMemoryControllerTests.java","4","0","0","8","199","275","0"
"hazelcast","5d08e7b9836f7226dcafc0d70b48f4d1067ed962","hazelcast-client/src/test/java/com/hazelcast/client/heartbeat/ClientHeartbeatTest.java","4","0","0","8","206","276","2"
"elasticsearch","ee68e753323c194cf0bd6e9b4169848e43f75013","core/src/test/java/org/elasticsearch/action/search/RemoteClusterServiceTests.java","4","0","0","8","209","251","0"
"hazelcast","200b42ddac0f3e0c2a8225044985e7b3fd387718","hazelcast-client/src/test/java/com/hazelcast/client/heartbeat/ClientHeartbeatTest.java","4","0","0","8","211","283","0"
"neo4j","e6f84e88fecffdd2dd28e4ee978d77df94914908","community/lucene-index/src/test/java/org/neo4j/kernel/api/impl/schema/LuceneIndexRecoveryIT.java","4","0","0","8","263","362","1"
"neo4j","6b75a9235ea38e0c47caacd25cc919023c0c958b","community/lucene-index/src/test/java/org/neo4j/kernel/api/impl/schema/LuceneIndexRecoveryIT.java","4","0","0","8","264","363","0"
"neo4j","a93c570faa774c1a40b635b6a3e6d8ccb61a99e8","community/lucene-index/src/test/java/org/neo4j/kernel/api/impl/index/LuceneIndexRecoveryIT.java","4","0","0","8","277","379","1"
"neo4j","3ec0e927cb481a29815bc3237d2e53fd7cadd271","community/lucene-index/src/test/java/org/neo4j/kernel/api/impl/index/LuceneIndexRecoveryIT.java","4","0","0","8","280","381","0"
"neo4j","562320c0be4006685ed6f086c12ef4e1f1964f3c","community/lucene-index/src/test/java/org/neo4j/kernel/api/impl/index/LuceneIndexRecoveryIT.java","4","0","0","8","284","385","0"
"hazelcast","62a2d7a2993e205acd37a462f8c7f9fe10f29dee","hazelcast/src/main/java/com/hazelcast/map/impl/nearcache/BatchNearCacheInvalidation.java","4","0","0","8","46","79","0"
"neo4j","cca9e04725e7ae20ba97e57506c0a33d2bdf691c","enterprise/causal-clustering/src/main/java/org/neo4j/causalclustering/core/consensus/outcome/PruneLogCommand.java","4","0","0","8","51","82","0"
"hazelcast","7001ec8c5b1305c796de75c2e3f170c562db8c03","hazelcast/src/main/java/com/hazelcast/map/impl/nearcache/invalidation/BatchNearCacheInvalidation.java","4","0","0","8","52","83","0"
"orientdb","49646436cee4497bc6b13ed638598cac2c4ae6e6","tests/src/test/java/com/orientechnologies/orient/test/database/auto/DbClosedTest.java","4","0","0","8","56","89","0"
"hazelcast","22f447d68679e47111eae7fe9fd2db15956fdf0e","hazelcast/src/test/java/com/hazelcast/nio/UnsafeHelperTest.java","4","0","0","8","60","72","0"
"hazelcast","59c4822d4ad5dfac4cecd11231280baa33d4aa35","hazelcast/src/main/java/com/hazelcast/map/client/MapExecuteOnAllKeysRequest.java","4","0","0","8","65","95","1"
"hazelcast","8dba51f4133de53bb27f8389d1a453a481d91028","hazelcast/src/main/java/com/hazelcast/partition/impl/BaseMigrationOperation.java","4","0","0","8","70","103","1"
"hazelcast","078c7e99b3b3d740e6e20c23fcdb0956b3b43c23","hazelcast/src/main/java/com/hazelcast/client/impl/protocol/task/map/MapRemoveInterceptorMessageTask.java","4","0","0","8","73","104","1"
"elasticsearch","2db3bccd3789ec0648037dd39bab5c7aa5ab8299","core/src/test/java/org/elasticsearch/rest/action/RestActionsTests.java","4","0","0","8","73","107","0"
"netty","ead87b7df8d923417475ead2d7680747b1a72f07","codec-http2/src/main/java/io/netty/handler/codec/http2/DefaultHttp2HeadersEncoder.java","4","0","0","8","73","114","1"
"hazelcast","e349d2fd609c0104f6550327550de4112553c942","hazelcast/src/main/java/com/hazelcast/internal/cluster/impl/operations/ChangeClusterStateOperation.java","4","0","0","8","74","104","0"
"hazelcast","078c7e99b3b3d740e6e20c23fcdb0956b3b43c23","hazelcast/src/main/java/com/hazelcast/client/impl/protocol/task/map/MapAddInterceptorMessageTask.java","4","0","0","8","79","112","1"
"elasticsearch","5706858722452b13465b15930e4f4cb2e8286449","src/main/java/org/elasticsearch/index/mapper/core/Murmur3FieldMapper.java","4","0","0","8","80","116","0"
"elasticsearch","f7cd86ef6d05243a13f00dcadc77c40dc52b9ef1","modules/ingest-common/src/test/java/org/elasticsearch/ingest/common/SetProcessorFactoryTests.java","4","0","0","8","82","115","0"
"orientdb","46bbcabde62c2b9e61ebaf45dc23f16d9dee7f02","tests/src/test/java/com/orientechnologies/orient/test/database/auto/SQLCommandsTest.java","4","0","0","8","83","125","1"
"orientdb","136db63960bbf53514691bf5a0bb8361a5ea5361","tests/src/test/java/com/orientechnologies/orient/test/database/auto/SQLCommandsTest.java","4","0","0","8","84","126","0"
"neo4j","2e27f92cd55a1b84efcb0d4b6bc95b16450304a2","community/security/src/main/java/org/neo4j/server/security/auth/AuthProcedures.java","4","0","0","8","85","117","1"
"neo4j","1f22cd0deabcf1e618e4053524cdbfea4940c059","community/security/src/main/java/org/neo4j/server/security/auth/AuthProcedures.java","4","0","0","8","88","120","0"
"neo4j","2fb8aea71a2d50c63f1407b9e975c5e8cbf325dc","community/security/src/main/java/org/neo4j/server/security/auth/AuthProcedures.java","4","0","0","8","90","122","2"
"netty","d479e939b03cf37746647647917e028b1817e413","codec/src/test/java/io/netty/handler/codec/compression/AbstractEncoderTest.java","4","0","0","8","90","128","0"
"neo4j","1b3aad3b619bd72c2c9f79bb7edf642c5dc56a6f","community/security/src/main/java/org/neo4j/server/security/auth/AuthProcedures.java","4","0","0","8","92","125","1"
"elasticsearch","90743d8db0d3b486590a4ac4f9a7346d8f68b685","core/src/test/java/org/elasticsearch/ingest/processor/DateProcessorFactoryTests.java","4","0","0","9","115","158","1"
"elasticsearch","c4fe8e7bf23f62c25f3d1ebd35de3fe716c45e9a","core/src/main/java/org/elasticsearch/indices/recovery/RemoteRecoveryTargetHandler.java","4","0","0","9","116","163","0"
"elasticsearch","2fa1c9fff14adbdbbd373c5b39b553c55e3738f7","core/src/main/java/org/elasticsearch/indices/recovery/RemoteRecoveryTargetHandler.java","4","0","0","9","116","164","0"
"hazelcast","25b01fcf77453e86aae1ab547d991e4897112a1e","hazelcast-client/src/test/java/com/hazelcast/client/ClientServiceTest.java","4","0","0","9","120","172","0"
"neo4j","8ab0685a4620653b3c1764d5bd04598a2e954bb2","community/bolt/src/test/java/org/neo4j/bolt/v1/transport/integration/Neo4jWithSocket.java","4","0","0","9","122","163","0"
"hazelcast","6dbf726f876f290ece21edcb4e37af996cecac9d","hazelcast/src/test/java/com/hazelcast/executor/CompletableFutureTest.java","4","0","0","9","145","181","0"
"hazelcast","67db7c70adf6604568aa7e831f0373cf4b411bd0","hazelcast/src/test/java/com/hazelcast/executor/CompletableFutureTest.java","4","0","0","9","146","182","1"
"neo4j","68c237b92ed8634317ac5f848080810eefa21395","enterprise/causal-clustering/src/test/java/org/neo4j/causalclustering/catchup/tx/BatchingTxApplierTest.java","4","0","0","9","146","212","1"
"hazelcast","74b5822a94c27a038f04b1ff0c31e769a9240cd7","hazelcast/src/test/java/com/hazelcast/executor/CompletableFutureTest.java","4","0","0","9","155","191","1"
"netty","1351349243128ea7048a98e01e65609af8628d96","codec-http/src/test/java/io/netty/handler/codec/spdy/SpdyHeaderBlockZlibDecoderTest.java","4","0","0","9","168","205","1"
"neo4j","3ec0e927cb481a29815bc3237d2e53fd7cadd271","community/kernel/src/main/java/org/neo4j/kernel/impl/api/index/IndexProxySetup.java","4","0","0","9","172","215","0"
"hazelcast","6d83ecd6f1f6d1136d5e2ecf98052d33c68f49f8","hazelcast/src/test/java/com/hazelcast/map/ListenerTest.java","4","0","0","9","176","231","0"
"netty","6cd086050f0af1c81f8155472cd4160e7a185718","resolver-dns/src/test/java/io/netty/resolver/dns/SearchDomainTest.java","4","0","0","9","197","294","0"
"netty","ba80fbbe05489227d64dcbd4f5e91bef68072c37","resolver-dns/src/test/java/io/netty/resolver/dns/SearchDomainTest.java","4","0","0","9","198","292","0"
"netty","e074df2ae6501d99921543369198c53e4d99ed1b","resolver-dns/src/test/java/io/netty/resolver/dns/SearchDomainTest.java","4","0","0","9","198","292","0"
"netty","5934ae8fd28b2a7b2b9eb892c2192428c2a113d1","resolver-dns/src/test/java/io/netty/resolver/dns/SearchDomainTest.java","4","0","0","9","198","292","1"
"netty","36c6a61d33c480798511723486459f4eea04cb47","resolver-dns/src/test/java/io/netty/resolver/dns/SearchDomainTest.java","4","0","0","9","199","293","1"
"neo4j","98fefdd1e7175c736c092a9a5e97620a1a869f41","community/kernel/src/test/java/org/neo4j/kernel/builtinprocs/BuiltInProceduresTest.java","4","0","0","9","203","281","1"
"hazelcast","25e536e8f099b8b76755dada24095680494f348b","hazelcast-client/src/test/java/com/hazelcast/client/statistics/ClientStatisticsTest.java","4","0","0","9","271","361","1"
"hazelcast","e8b908b74646ed28c1038be9385b0946999b8bdf","hazelcast-client/src/test/java/com/hazelcast/client/statistics/ClientStatisticsTest.java","4","0","0","9","276","367","0"
"hazelcast","b950c11443f9e95ef94f99b432b6aef3ba616756","hazelcast/src/test/java/com/hazelcast/internal/partition/impl/DummyInternalPartition.java","4","0","0","9","47","58","0"
"netty","39250873ae7c3d8c1017db11b1f715838f2688f3","transport/src/main/java/io/netty/channel/embedded/EmbeddedMessageChannel.java","4","0","0","9","47","75","0"
"hazelcast","d2a92e383bdf14865e3bd445a2a873f5caada6fe","hazelcast/src/main/java/com/hazelcast/map/impl/nearcache/BatchNearCacheInvalidation.java","4","0","0","9","48","81","1"
"hazelcast","79fa9f6520652c9b93c26ad612cffd655d62d0e2","hazelcast/src/main/java/com/hazelcast/map/impl/operation/ReplaceIfSameOperation.java","4","0","0","9","50","81","0"
"hazelcast","16e68e4d4253fa5c9d6131327b4ef0a91cf6c563","hazelcast/src/main/java/com/hazelcast/map/operation/ReplaceIfSameOperation.java","4","0","0","9","51","82","0"
"netty","e59ac8e79b14aaf5ac9899234d0aa8b82a4e00ce","transport/src/main/java/io/netty/channel/embedded/EmbeddedMessageChannel.java","4","0","0","9","52","80","0"
"hazelcast","ec303a8cb440c21ee6d4c6e9fe2a47b47347055c","hazelcast-ra/src/main/java/com/hazelcast/jca/ManagedConnectionFactoryImpl.java","4","0","0","9","53","80","1"
"hazelcast","16371a72817578c9f2cc559c71b1cd18a6153b63","hazelcast/src/main/java/com/hazelcast/spi/impl/operationexecutor/classic/DefaultScheduleQueue.java","4","0","0","9","59","93","1"
"elasticsearch","4b94eb5cb8cc4294ed0e932a5f22c16bd90d4dd7","core/src/main/java/org/elasticsearch/action/admin/cluster/shards/ClusterSearchShardsGroup.java","4","0","0","9","59","93","2"
"elasticsearch","860efb2ad28db09189c8423e05d0dba53010259c","core/src/main/java/org/elasticsearch/action/admin/cluster/shards/ClusterSearchShardsGroup.java","4","0","0","9","59","93","2"
"hazelcast","1a36348bea8d2374c9517b53874d88aa7d48a152","hazelcast/src/main/java/com/hazelcast/spi/impl/operationexecutor/classic/DefaultScheduleQueue.java","4","0","0","9","59","93","0"
"elasticsearch","d3417fb02291f26964d77767020ef345d18c148f","core/src/main/java/org/elasticsearch/action/admin/cluster/shards/ClusterSearchShardsGroup.java","4","0","0","9","59","93","0"
"orientdb","731545a32e96d61ede50300ab6b8dd1166de7431","tests/src/test/java/com/orientechnologies/orient/test/database/auto/DbClosedTest.java","4","0","0","9","65","100","0"
"hazelcast","10773b4cd855bdfd84ea80d22b8ed3c977459444","hazelcast/src/main/java/com/hazelcast/multimap/impl/operations/client/GetAllRequest.java","4","0","0","9","66","98","0"
"hazelcast","5a84641d6ca0ba61f6bc3db3f4d51994ee307736","hazelcast/src/main/java/com/hazelcast/multimap/impl/txn/TxnPutOperation.java","4","0","0","9","71","102","2"
"hazelcast","cdac811975c69456ff44782af5b54716b74edb65","hazelcast/src/main/java/com/hazelcast/multimap/impl/txn/TxnPutOperation.java","4","0","0","9","71","102","2"
"hazelcast","e5cc462c1684fa9b06b8a13d7fb5bd4cac539949","hazelcast/src/main/java/com/hazelcast/multimap/impl/txn/TxnPutOperation.java","4","0","0","9","71","102","1"
"hazelcast","39091ff574efe84ae6a3d772a1b7cfce80f4f2e0","hazelcast/src/main/java/com/hazelcast/map/client/MapExecuteOnAllKeysRequest.java","4","0","0","9","71","102","0"
"hazelcast","d86080935c0ade00a64fd45af8c2fa1c0cd03dd3","hazelcast/src/main/java/com/hazelcast/multimap/impl/txn/TxnPutOperation.java","4","0","0","9","71","102","0"
"hazelcast","df0d7fd83bf0ba427592c2727a417af3136f8d5f","hazelcast/src/main/java/com/hazelcast/map/operation/PutBackupOperation.java","4","0","0","9","74","111","1"
"hazelcast","9f4683d5a85f43e66b325518ea73bb172f5fd565","hazelcast/src/main/java/com/hazelcast/map/impl/operation/PartitionCheckIfLoadedOperation.java","4","0","0","9","76","115","0"
"BroadleafCommerce","b1a58da9c5995e240462e75190bceadf6f12ed7a","common/src/main/java/org/broadleafcommerce/common/config/dao/ModuleConfigurationDaoImpl.java","4","0","0","9","84","120","0"
"hazelcast","d568e4d926d925d57d4e79e34614390416749301","hazelcast/src/test/java/com/hazelcast/internal/jmx/LockMBeanTest.java","4","0","0","9","86","116","0"
"hazelcast","70d4de16ff0ac4518d09aad8c9f2ad9e782fb337","hazelcast/src/test/java/com/hazelcast/internal/jmx/LockMBeanTest.java","4","0","0","9","86","117","1"
"hazelcast","cdb8b0e0e259c0992856d553f2aa04499043c84d","hazelcast/src/test/java/com/hazelcast/cluster/ClusterShutdownTest.java","4","0","0","9","92","117","0"
"elasticsearch","3aed047bdedde1bda189cbfc2f81e65af42e57c5","test/framework/src/main/java/org/elasticsearch/test/TestSearchContext.java","4","0","0","96","458","580","1"
"elasticsearch","6174e21f47244b6d5153d7d0cc1fe28fe863399d","test/framework/src/main/java/org/elasticsearch/test/TestSearchContext.java","4","0","0","97","470","594","2"
"elasticsearch","3df2a086d4bf3c5608aabf06c1766e10c901af35","test/framework/src/main/java/org/elasticsearch/test/TestSearchContext.java","4","0","0","98","467","590","0"
"elasticsearch","20ff703e07c692c5e68e6b30a6e6413a34dd10a7","test/framework/src/main/java/org/elasticsearch/test/TestSearchContext.java","4","0","0","99","471","595","1"
"BroadleafCommerce","b59692373bd2e17a0ce87ea0127e54b35e0d24d8","common/src/main/java/org/broadleafcommerce/common/extensibility/context/merge/handlers/MetadataOverrideNodeReplaceInsert.java","4","0","1","0","17","55","0"
"BroadleafCommerce","68dd47f378bbb678a5faf7993b406fe175659b0a","common/src/main/java/org/broadleafcommerce/common/extensibility/context/merge/handlers/MetadataOverrideNodeReplaceInsert.java","4","0","1","0","19","61","0"
"netty","cd0b5ec2db593d45c96bd6b55b0024042534af04","codec/src/main/java/io/netty/handler/codec/bytes/ByteArrayDecoder.java","4","0","1","0","25","73","1"
"netty","1547876e97e9babc17f683e8a47894757a4e1bee","codec/src/main/java/io/netty/handler/codec/bytes/ByteArrayDecoder.java","4","0","1","0","26","74","0"
"oryx","df27388cd4a3029d67283e23ecdd70b83fa4bd9b","app/oryx-app-serving/src/main/java/com/cloudera/oryx/app/serving/kmeans/AbstractKMeansResource.java","4","0","1","0","29","55","0"
"netty","cd0b5ec2db593d45c96bd6b55b0024042534af04","example/src/main/java/io/netty/example/factorial/BigIntegerDecoder.java","4","0","1","0","29","64","1"
"BroadleafCommerce","4598364413cdbd78ae7e97b27d34b7e1f1282784","core/broadleaf-framework/src/main/java/org/broadleafcommerce/core/order/service/workflow/AbstractCheckAvailabilityActivity.java","4","0","1","0","29","65","0"
"oryx","08aa247a098e6225c8499b18f9ffb667856cd7c3","app/oryx-app-serving/src/main/java/com/cloudera/oryx/app/serving/kmeans/AbstractKMeansResource.java","4","0","1","0","30","56","0"
"netty","af4b71a00e30faf86ef1c2365e965e8f04f65bee","example/src/main/java/io/netty/example/factorial/BigIntegerDecoder.java","4","0","1","0","30","65","0"
"BroadleafCommerce","a600ac52945a7ee2f172cbdfdf466a6e37d63fc2","common/src/main/java/org/broadleafcommerce/common/web/filter/IgnorableOpenEntityManagerInViewFilter.java","4","0","1","0","32","62","0"
"elasticsearch","b49635539d929d6cb5ee56153e2f95872fe4bb16","modules/lang-painless/src/main/java/org/elasticsearch/painless/node/LArrayLength.java","4","0","1","0","36","71","1"
"elasticsearch","cde83e363aac2195c2dc0f81bbe348bcfe8b4152","modules/lang-painless/src/main/java/org/elasticsearch/painless/node/LArrayLength.java","4","0","1","0","36","71","1"
"elasticsearch","1424f09c02927d9caada7f6ea45285b411d88d12","modules/lang-painless/src/main/java/org/elasticsearch/painless/node/LArrayLength.java","4","0","1","0","36","71","0"
"elasticsearch","3f06d9f3b8516bb30a2890a36c2973f08f9c6076","modules/lang-painless/src/main/java/org/elasticsearch/painless/node/LArrayLength.java","4","0","1","0","37","72","0"
"elasticsearch","9b247f982849fd844aacfe00b0f465538a63d8e1","plugins/repository-azure/src/test/java/org/elasticsearch/repositories/azure/AzureBlobStoreTests.java","4","0","1","0","46","77","0"
"BroadleafCommerce","68373d1c3f7f8064cea341110ba17b6ac147df7a","admin/broadleaf-open-admin-platform/src/main/java/org/broadleafcommerce/openadmin/security/AdminSandBoxFilter.java","4","0","1","0","54","88","0"
"elasticsearch","db541d6fbe3daecec91bb7701aacfcd284662c2a","core/src/main/java/org/elasticsearch/search/aggregations/bucket/histogram/InternalDateHistogram.java","4","0","1","0","59","97","1"
"elasticsearch","828d8c775409826f1caf0258b2f6c45ea6ece53a","core/src/test/java/org/elasticsearch/search/functionscore/FunctionScoreFieldValueTests.java","4","0","1","1","100","150","0"
"elasticsearch","6fb836c25e6cb31972ca24dc3f9739e7660d620e","src/main/java/org/elasticsearch/action/admin/indices/mapping/delete/TransportDeleteMappingAction.java","4","0","1","1","101","144","1"
"elasticsearch","c09103c35bfe512f8dd83752451dda2893ed7e8e","core/src/test/java/org/elasticsearch/benchmark/transport/BenchmarkNettyLargeMessages.java","4","0","1","1","104","147","0"
"elasticsearch","41d8fbe8f51abd499c9b497238bc5f2141b7926b","core/src/test/java/org/elasticsearch/benchmark/transport/BenchmarkNettyLargeMessages.java","4","0","1","1","104","148","1"
"neo4j","a93c570faa774c1a40b635b6a3e6d8ccb61a99e8","enterprise/enterprise-performance-tests/src/main/java/org/neo4j/perftest/enterprise/ccheck/ConsistencyPerformanceCheck.java","4","0","1","1","114","161","1"
"elasticsearch","ded5b773daeb14de3e42cdd0c67e3c36aff1e232","src/main/java/org/elasticsearch/action/admin/indices/mapping/delete/TransportDeleteMappingAction.java","4","0","1","1","115","160","0"
"neo4j","3ec0e927cb481a29815bc3237d2e53fd7cadd271","enterprise/enterprise-performance-tests/src/main/java/org/neo4j/perftest/enterprise/ccheck/ConsistencyPerformanceCheck.java","4","0","1","1","119","166","0"
"neo4j","881f0824ca29e872b8e85fbe360f4b2c448f0a8a","community/kernel/src/main/java/org/neo4j/kernel/impl/factory/EditionModule.java","4","0","1","1","142","198","2"
"hazelcast","f963f01955d48c55538ee86b08004a22232a050b","hazelcast/src/main/java/com/hazelcast/client/ClientPortableFactory.java","4","0","1","1","16","41","0"
"hazelcast","4e5ee0b7ce47bc6549852d65f60e4f72da388509","hazelcast/src/main/java/com/hazelcast/config/NearCacheConfigAccessor.java","4","0","1","1","16","42","0"
"hazelcast","da85875a90f55daba93fc5e45ba3dc69fd0199af","hazelcast/src/main/java/com/hazelcast/spi/impl/operationservice/impl/operations/PartitionAwareFactoryAccessor.java","4","0","1","1","19","47","0"
"hazelcast","80240b3abd5e08fe8c801bddd18525bdbda492e1","hazelcast/src/main/java/com/hazelcast/query/impl/UUIDConverter.java","4","0","1","1","20","48","0"
"netty","90bc60547784877366a3294e6b945a5241b7099f","common/src/main/java/io/netty/util/internal/ReflectionUtil.java","4","0","1","1","21","50","0"
"elasticsearch","ed798296a55f0a9540b9ed666be76f173131518f","src/main/java/org/elasticsearch/search/fetch/fielddata/FieldDataFieldsParseElement.java","4","0","1","1","22","54","0"
"orientdb","a2eaf6636bb600c7e6d311b0bb7d112bbaafb4a0","etl/src/main/java/com/orientechnologies/orient/etl/transformer/OETLAbstractTransformer.java","4","0","1","1","25","55","0"
"hazelcast","da4a5afadf8b24a6aefe47f208296c61deaf2ce6","hazelcast/src/test/java/com/hazelcast/test/bounce/MemberDriverFactory.java","4","0","1","1","27","59","1"
"elasticsearch","d5f1e6f2363f9c328baaa138b65ca79a617fe7fc","src/main/java/org/apache/lucene/queryparser/classic/ExistsFieldQueryExtension.java","4","0","1","1","28","60","1"
"elasticsearch","fa16969360ea43667ad11f827bbf86718c18fcc6","src/main/java/org/apache/lucene/queryparser/classic/ExistsFieldQueryExtension.java","4","0","1","1","28","60","1"
"elasticsearch","10ec2e948a2f1426a5058ca3b2c2e39952f141d8","src/main/java/org/apache/lucene/queryparser/classic/ExistsFieldQueryExtension.java","4","0","1","1","28","60","0"
"BroadleafCommerce","214bc668a8362a963f5638d120a8cff8a173dfb4","admin/broadleaf-open-admin-platform/src/main/java/org/broadleafcommerce/openadmin/web/service/MediaBuilderServiceImpl.java","4","0","1","1","29","59","0"
"hazelcast","379f7dfc3f62942206e9295b49f981179d7ebaa3","hazelcast/src/test/java/com/hazelcast/test/bounce/MemberDriverFactory.java","4","0","1","1","29","62","0"
"elasticsearch","770ccf421b468f518fffbd7671632569f49d59cb","modules/elasticsearch/src/main/java/org/apache/lucene/queryParser/MissingFieldQueryExtension.java","4","0","1","1","30","64","0"
"elasticsearch","a6510f924520d8cdda2636ac85a1a1e43f6dfb8c","src/main/java/org/elasticsearch/common/Names.java","4","0","1","1","31","59","0"
"elasticsearch","d5f1e6f2363f9c328baaa138b65ca79a617fe7fc","src/main/java/org/apache/lucene/queryparser/classic/MissingFieldQueryExtension.java","4","0","1","1","31","65","1"
"elasticsearch","fa16969360ea43667ad11f827bbf86718c18fcc6","src/main/java/org/apache/lucene/queryparser/classic/MissingFieldQueryExtension.java","4","0","1","1","31","65","1"
"elasticsearch","10ec2e948a2f1426a5058ca3b2c2e39952f141d8","src/main/java/org/apache/lucene/queryparser/classic/MissingFieldQueryExtension.java","4","0","1","1","31","65","0"
"neo4j","507796b06dc34cc294b92b9d5a4115a8c3bfa65d","community/kernel/src/main/java/org/neo4j/kernel/impl/factory/DataSourceModule.java","4","0","1","1","316","430","2"
"elasticsearch","3e32dd985aabfa5ee653b26bcb6ff97c74a426a2","src/test/java/org/elasticsearch/test/rest/section/LengthAssertion.java","4","0","1","1","32","64","0"
"elasticsearch","99714ee1bd991fed204620c32e9f59a323018d2f","src/test/java/org/elasticsearch/test/rest/section/LengthAssertion.java","4","0","1","1","32","65","2"
"netty","11f9e9084b2da5e7a0e48c6a5c86be0f41a584de","transport/src/main/java/io/netty/channel/ChannelInitializer.java","4","0","1","1","32","85","1"
"neo4j","ffb1ce9ef51a4beef61b5067b35e5e116ba8e2a4","community/kernel/src/main/java/org/neo4j/kernel/impl/factory/DataSourceModule.java","4","0","1","1","322","436","1"
"BroadleafCommerce","b5b726974b08d5e67a223114d8bedc4bba9c6236","admin/broadleaf-open-admin-platform/src/main/java/org/broadleafcommerce/openadmin/web/filter/AdminCsrfFilter.java","4","0","1","1","33","53","1"
"BroadleafCommerce","b3abed55c58ddc5cdf6f15eaff7b4b6cf0cca8c8","admin/broadleaf-open-admin-platform/src/main/java/org/broadleafcommerce/openadmin/web/filter/AdminCsrfFilter.java","4","0","1","1","35","74","0"
"oryx","d74573da4b2b89e7fd33199f0c4f90fb9df26833","app/oryx-app-serving/src/main/java/com/cloudera/oryx/app/serving/kmeans/AbstractKMeansResource.java","4","0","1","1","36","64","0"
"BroadleafCommerce","aacde9edcbeff636f03326493a9d244ce547d0f8","admin/broadleaf-open-admin-platform/src/main/java/org/broadleafcommerce/openadmin/web/filter/AdminCsrfFilter.java","4","0","1","1","36","76","0"
"BroadleafCommerce","9a2399ccabc71c63572c786cacfa9d17404bf0db","common/src/main/java/org/broadleafcommerce/common/web/filter/IgnorableOpenEntityManagerInViewFilter.java","4","0","1","1","37","68","0"
"elasticsearch","1424f09c02927d9caada7f6ea45285b411d88d12","modules/lang-painless/src/main/java/org/elasticsearch/painless/node/LVariable.java","4","0","1","1","37","75","0"
"elasticsearch","c9893ba0c2ee8c703953fd45cb8e2bb668db5d49","src/main/java/org/elasticsearch/common/geo/XShapeCollection.java","4","0","1","1","38","82","0"
"elasticsearch","71264c62399aa37aa44f2ac10f2da071d9819c24","core/src/main/java/org/elasticsearch/index/analysis/PatternAnalyzer.java","4","0","1","1","39","66","0"
"oryx","d16f89b25fc5e12f94af6432274c66e0394c1743","app/oryx-app-serving/src/main/java/com/cloudera/oryx/app/serving/als/Estimate.java","4","0","1","1","39","75","0"
"hazelcast","31b0f8103dabb664ad08cbe91435b4de770181a1","hazelcast/src/main/java/com/hazelcast/util/executor/PoolExecutorThreadFactory.java","4","0","1","1","41","71","1"
"oryx","d16f89b25fc5e12f94af6432274c66e0394c1743","app/oryx-app-serving/src/main/java/com/cloudera/oryx/app/serving/als/SimilarityToItem.java","4","0","1","1","41","72","0"
"oryx","27e9046b2bd92243c260efd8bcd0af46b92bdf9e","app/oryx-app-serving/src/main/java/com/cloudera/oryx/app/serving/als/Estimate.java","4","0","1","1","41","77","0"
"elasticsearch","1c63c823b0e4c07d4ba0e4767840f68162b7b4b8","core/src/test/java/org/elasticsearch/index/reindex/AbstractBulkByScrollRequestTestCase.java","4","0","1","1","42","71","2"
"oryx","27e9046b2bd92243c260efd8bcd0af46b92bdf9e","app/oryx-app-serving/src/main/java/com/cloudera/oryx/app/serving/als/SimilarityToItem.java","4","0","1","1","43","74","0"
"netty","8595d85e4a450ac514d4d7e019b7793372fb66e8","codec-http/src/test/java/io/netty/handler/codec/http/HttpServerCodecTest.java","4","0","1","1","44","74","0"
"BroadleafCommerce","27247d9d4baeb8af61e1498b6032f3477d53ed3e","admin/broadleaf-open-admin-platform/src/main/java/org/broadleafcommerce/openadmin/server/service/persistence/module/provider/AbstractMoneyFieldPersistenceProvider.java","4","0","1","1","44","81","0"
"BroadleafCommerce","b668ecc7a550e1a4a3958d50ced3b5014a5e0a8c","core/broadleaf-framework/src/main/java/org/broadleafcommerce/core/offer/service/workflow/RecordOfferUsageActivity.java","4","0","1","1","45","80","2"
"netty","f7a38815363fbf67de0ddd819119808aee386543","codec-http/src/test/java/io/netty/handler/codec/http/HttpServerCodecTest.java","4","0","1","1","46","74","1"
"elasticsearch","ff8fd677ccbd30180295aebc78913512353a9bd2","src/test/java/org/elasticsearch/index/mapper/dynamic/DynamicMappingIntegrationTests.java","4","0","1","1","46","77","0"
"hazelcast","ca54b5e9e38f231e3520143d007a3e1ca227e8cf","hazelcast/src/main/java/com/hazelcast/map/impl/nearcache/invalidation/MemberMapMetaDataFetcher.java","4","0","1","1","48","76","0"
"BroadleafCommerce","a943eeae9ff5398e1779755ad265d6e1eb0e094c","common/src/main/java/org/broadleafcommerce/common/payment/service/PaymentGatewayWebResponsePrintServiceImpl.java","4","0","1","1","48","81","0"
"elasticsearch","13a347239a48d71486692a72c066e940dec8921b","core/src/main/java/org/elasticsearch/index/shard/IndexShardModule.java","4","0","1","1","49","86","2"
"orientdb","7c7d60e2c2cf146d7edd289cc983d4fc7d4d8a69","graphdb/src/test/java/com/orientechnologies/orient/graph/GraphNonBlockingQuery.java","4","0","1","1","52","68","0"
"elasticsearch","25fd9e26c4fb042d6f6dea14efcd239577bdbbc4","core/src/main/java/org/elasticsearch/action/search/TransportSearchScrollAction.java","4","0","1","1","52","81","0"
"hazelcast","ca54b5e9e38f231e3520143d007a3e1ca227e8cf","hazelcast-client/src/main/java/com/hazelcast/client/cache/impl/nearcache/invalidation/ClientCacheMetaDataFetcher.java","4","0","1","1","52","84","0"
"elasticsearch","2bd09c4625898d77aa6c015c6f82cf973ed18cb7","core/src/main/java/org/elasticsearch/action/search/TransportSearchScrollAction.java","4","0","1","1","53","82","0"
"elasticsearch","9738ef3a90bec148abbe55dec6f6183190fa4713","core/src/main/java/org/elasticsearch/action/search/TransportSearchScrollAction.java","4","0","1","1","53","82","0"
"elasticsearch","3d13c27fa0df12018f35f1b20987c90277e9b6f9","core/src/main/java/org/elasticsearch/action/search/TransportSearchScrollAction.java","4","0","1","1","53","82","1"
"hazelcast","a23961641da88700aa81802d84a4388b155f8753","hazelcast-spring/src/main/java/com/hazelcast/spring/HazelcastTypeBeanDefinitionParser.java","4","0","1","1","54","86","0"
"hazelcast","ccbfb3fe4f981f5a73b2b381cfe404b417c74caa","hazelcast-spring/src/main/java/com/hazelcast/spring/HazelcastTypeBeanDefinitionParser.java","4","0","1","1","54","87","1"
"elasticsearch","d3ed795372e1d29455fdd63e0e913e42f210ee0a","src/test/java/org/elasticsearch/indices/template/IndexTemplateFileLoadingTests.java","4","0","1","1","55","90","0"
"elasticsearch","e4244268faac78abda4ac5adabc1ea4dbcc1e575","src/test/java/org/elasticsearch/indices/template/IndexTemplateFileLoadingTests.java","4","0","1","1","58","93","0"
"elasticsearch","65a5366cba354c908e1f3da351692cd298ddb1c7","core/src/main/java/org/elasticsearch/search/aggregations/bucket/filter/FilterAggregatorBuilder.java","4","0","1","1","58","98","0"
"elasticsearch","4c913693a90088aefa1b8184159b41fb747ac3f5","modules/elasticsearch/src/main/java/org/elasticsearch/action/admin/indices/settings/TransportUpdateSettingsAction.java","4","0","1","1","59","97","0"
"elasticsearch","37e20c6f340fcfa745e3605cc1ed0b89070c8f45","core/src/test/java/org/elasticsearch/indices/recovery/RecoveryStatusTests.java","4","0","1","1","60","91","3"
"oryx","d16f89b25fc5e12f94af6432274c66e0394c1743","app/oryx-app-serving/src/main/java/com/cloudera/oryx/app/serving/als/RecommendToAnonymous.java","4","0","1","1","61","101","0"
"orientdb","acbf2b4862985a154884df8442819e48c3eed517","lucene/src/test/java/com/orientechnologies/lucene/test/LuceneBackupRestoreTest.java","4","0","1","1","62","109","1"
"BroadleafCommerce","f0a43a10b18a55908684479d3eadcb3822d3cd60","core/broadleaf-framework/src/main/java/org/broadleafcommerce/core/offer/service/workflow/RecordOfferUsageActivity.java","4","0","1","1","62","112","0"
"oryx","27e9046b2bd92243c260efd8bcd0af46b92bdf9e","app/oryx-app-serving/src/main/java/com/cloudera/oryx/app/serving/als/RecommendToAnonymous.java","4","0","1","1","63","103","0"
"oryx","d16f89b25fc5e12f94af6432274c66e0394c1743","app/oryx-app-serving/src/main/java/com/cloudera/oryx/app/serving/als/Similarity.java","4","0","1","1","64","107","0"
"elasticsearch","a2d07058e8557539e843fc3c2cace23b56512344","src/main/java/org/elasticsearch/action/admin/cluster/shards/TransportClusterSearchShardsAction.java","4","0","1","1","65","97","4"
"elasticsearch","4c913693a90088aefa1b8184159b41fb747ac3f5","modules/elasticsearch/src/main/java/org/elasticsearch/action/admin/indices/open/TransportOpenIndexAction.java","4","0","1","1","66","106","0"
"elasticsearch","4c913693a90088aefa1b8184159b41fb747ac3f5","modules/elasticsearch/src/main/java/org/elasticsearch/action/admin/indices/template/delete/TransportDeleteIndexTemplateAction.java","4","0","1","1","66","107","0"
"oryx","27e9046b2bd92243c260efd8bcd0af46b92bdf9e","app/oryx-app-serving/src/main/java/com/cloudera/oryx/app/serving/als/Similarity.java","4","0","1","1","66","109","0"
"elasticsearch","5d611a90982a11ba0a4fb5190e7b12ded7d07c6e","src/test/java/org/elasticsearch/index/engine/internal/InternalEngineMergeTests.java","4","0","1","1","67","95","0"
"elasticsearch","78574d248cf10dad1c5a566fda79e1e0c94afe43","core/src/main/java/org/elasticsearch/action/admin/cluster/shards/TransportClusterSearchShardsAction.java","4","0","1","1","69","100","1"
"elasticsearch","e6aaaf11ed4a1b8f595f920de1840938eddb7a97","core/src/main/java/org/elasticsearch/action/admin/cluster/shards/TransportClusterSearchShardsAction.java","4","0","1","1","69","100","1"
"elasticsearch","a60b8948ba1d836a6eac7cff095519e618939ed8","core/src/main/java/org/elasticsearch/action/admin/cluster/shards/TransportClusterSearchShardsAction.java","4","0","1","1","69","100","0"
"elasticsearch","2e2e345dcb90e1ec1c48c6bb5348469fc514aea1","src/main/java/org/elasticsearch/action/admin/cluster/shards/TransportClusterSearchShardsAction.java","4","0","1","1","71","104","5"
"elasticsearch","b75d1d885a4f56edf8d1b8cd393298588fbd0123","src/main/java/org/elasticsearch/action/admin/cluster/shards/TransportClusterSearchShardsAction.java","4","0","1","1","71","104","3"
"elasticsearch","adc0807c686b37bf1d96bd3eb9d26face380fe44","src/main/java/org/elasticsearch/action/admin/cluster/shards/TransportClusterSearchShardsAction.java","4","0","1","1","71","104","0"
"elasticsearch","10ec2e948a2f1426a5058ca3b2c2e39952f141d8","src/main/java/org/elasticsearch/action/admin/cluster/shards/TransportClusterSearchShardsAction.java","4","0","1","1","72","106","2"
"elasticsearch","25fd9e26c4fb042d6f6dea14efcd239577bdbbc4","core/src/main/java/org/elasticsearch/action/admin/indices/mapping/put/TransportPutMappingAction.java","4","0","1","1","72","107","0"
"elasticsearch","4c913693a90088aefa1b8184159b41fb747ac3f5","modules/elasticsearch/src/main/java/org/elasticsearch/action/admin/indices/mapping/put/TransportPutMappingAction.java","4","0","1","1","73","116","0"
"orientdb","d0d2b87a67b4820d596ac2fbe2448b1f5fe08669","graphdb/src/test/java/com/orientechnologies/orient/graph/blueprints/GraphGetVertices.java","4","0","1","1","74","150","1"
"hazelcast","62636a2a007993d2b24d665033e0abaaeabf0108","hazelcast/src/test/java/com/hazelcast/map/mapstore/writebehind/WriteBehindOnBackupsTest.java","4","0","1","1","77","113","2"
"elasticsearch","10ec2e948a2f1426a5058ca3b2c2e39952f141d8","src/main/java/org/elasticsearch/action/admin/indices/close/TransportCloseIndexAction.java","4","0","1","1","77","119","2"
"elasticsearch","10ec2e948a2f1426a5058ca3b2c2e39952f141d8","src/main/java/org/elasticsearch/action/admin/cluster/snapshots/restore/TransportRestoreSnapshotAction.java","4","0","1","1","84","118","2"
"elasticsearch","10ec2e948a2f1426a5058ca3b2c2e39952f141d8","src/main/java/org/elasticsearch/action/admin/cluster/snapshots/create/TransportCreateSnapshotAction.java","4","0","1","1","84","119","2"
"elasticsearch","b987615f5e96cb6f568e025a449d1f4d7e5402df","src/main/java/org/elasticsearch/action/admin/cluster/snapshots/create/TransportCreateSnapshotAction.java","4","0","1","1","85","120","2"
"elasticsearch","1f04182b8164ffb19f3805c48d67f0375262b317","core/src/main/java/org/elasticsearch/action/admin/cluster/node/hotthreads/TransportNodesHotThreadsAction.java","4","0","1","1","85","123","0"
"elasticsearch","7ab3d5d04a7c6dfef084e49587a81f7334a85cb4","core/src/test/java/org/elasticsearch/search/aggregations/bucket/significant/SignificantTextAggregatorTests.java","4","0","1","1","85","127","2"
"elasticsearch","c32de1f72b8f1131daf710a2144be31c55cb4f93","core/src/test/java/org/elasticsearch/action/support/master/IndexingMasterFailoverIT.java","4","0","1","1","86","116","0"
"elasticsearch","fac472f90c521241a56f90c708eafe8bcbc4f939","core/src/test/java/org/elasticsearch/action/support/master/IndexingMasterFailoverIT.java","4","0","1","1","87","117","1"
"elasticsearch","2436552840b582e82bb27ac35c61b340d4ada6a6","src/test/java/org/elasticsearch/search/functionscore/FunctionScoreFieldValueTests.java","4","0","1","1","88","134","0"
"elasticsearch","4c913693a90088aefa1b8184159b41fb747ac3f5","modules/elasticsearch/src/main/java/org/elasticsearch/action/admin/indices/mapping/delete/TransportDeleteMappingAction.java","4","0","1","1","90","135","0"
"elasticsearch","01ea89acbf76749186bc1c6173c3a5bc1137dbec","core/src/test/java/org/elasticsearch/search/functionscore/FunctionScoreFieldValueTests.java","4","0","1","1","94","142","1"
"elasticsearch","1d7e20b7121537fb32cc3f1e3300e85bad3a014e","src/main/java/org/elasticsearch/cluster/action/index/NodeMappingRefreshAction.java","4","0","1","10","100","146","0"
"BroadleafCommerce","a03c9209cb9d52a9c05e3922efe91cd3df9ea4b7","admin/broadleaf-contentmanagement-module/src/main/java/org/broadleafcommerce/cms/field/domain/FieldGroupImpl.java","4","0","1","10","103","147","0"
"elasticsearch","95bca7c3900bdde648e9524c763e9a68945ccc54","core/src/test/java/org/elasticsearch/action/index/IndexRequestTests.java","4","0","1","10","115","154","1"
"elasticsearch","eeb96db76b42d5a258af51b4a3861d6a09128a79","src/test/java/org/elasticsearch/cluster/SimpleClusterStateTests.java","4","0","1","10","151","211","0"
"elasticsearch","37287284e64a0e91ab400a16b187e719b55c8929","src/test/java/org/elasticsearch/validate/SimpleValidateQueryTests.java","4","0","1","10","287","367","0"
"elasticsearch","f97ff704cfba4d6374a1656bbd292c83c3c342d5","src/test/java/org/elasticsearch/validate/SimpleValidateQueryTests.java","4","0","1","10","287","367","0"
"elasticsearch","1959275622ca35997420213d979a1724944aa4f6","src/test/java/org/elasticsearch/validate/SimpleValidateQueryTests.java","4","0","1","10","287","367","1"
"elasticsearch","1f04182b8164ffb19f3805c48d67f0375262b317","core/src/main/java/org/elasticsearch/action/admin/indices/exists/types/TypesExistsRequest.java","4","0","1","10","68","107","0"
"hazelcast","47a44ef83f429382b9b9033f81a8c7297e51ab03","hazelcast/src/main/java/com/hazelcast/internal/nearcache/impl/store/HeapNearCacheRecordMap.java","4","0","1","10","74","113","0"
"elasticsearch","4b94eb5cb8cc4294ed0e932a5f22c16bd90d4dd7","core/src/main/java/org/elasticsearch/action/admin/indices/validate/query/ShardValidateQueryRequest.java","4","0","1","10","76","114","2"
"elasticsearch","860efb2ad28db09189c8423e05d0dba53010259c","core/src/main/java/org/elasticsearch/action/admin/indices/validate/query/ShardValidateQueryRequest.java","4","0","1","10","76","114","2"
"elasticsearch","d3417fb02291f26964d77767020ef345d18c148f","core/src/main/java/org/elasticsearch/action/admin/indices/validate/query/ShardValidateQueryRequest.java","4","0","1","10","76","114","0"
"orientdb","3f8a27bc804b4ea21ecc77eac06a343ea3f931d2","core/src/main/java/com/orientechnologies/orient/core/metadata/sequence/OSequenceCached.java","4","0","1","10","81","105","0"
"orientdb","e4b9bb016b8b00e083c072b6512032f9be254f7d","core/src/main/java/com/orientechnologies/orient/core/metadata/sequence/OSequenceCached.java","4","0","1","10","81","105","0"
"orientdb","16079d38520f313144dee6a6a97982d94402b763","core/src/main/java/com/orientechnologies/orient/core/metadata/sequence/OSequenceCached.java","4","0","1","10","81","105","1"
"orientdb","ea1339b2d74756f4efec13f3bb59c93a0a409b47","core/src/main/java/com/orientechnologies/orient/core/metadata/sequence/OSequenceCached.java","4","0","1","10","81","124","0"
"hazelcast","2af0e3527b78f6dfd8819995fa103791450de66c","hazelcast/src/main/java/com/hazelcast/internal/partition/operation/CheckReplicaVersion.java","4","0","1","10","88","126","0"
"hazelcast","358e12c864a51acfb36b17e7672b67707b41307c","hazelcast/src/main/java/com/hazelcast/collection/client/CollectionAddListenerRequest.java","4","0","1","10","92","131","1"
"hazelcast","0d5f32b92330eb1b4d0a8f2e0c97d32341ec8970","hazelcast/src/main/java/com/hazelcast/collection/client/CollectionAddListenerRequest.java","4","0","1","10","94","133","0"
"hazelcast","8400f6fd7b97afcbbe09b54db3ce2cb315945a3e","hazelcast-client/src/main/java/com/hazelcast/client/spi/impl/ClientExecutionServiceImpl.java","4","0","1","11","105","151","2"
"elasticsearch","fdf2bb93716c2a6f2b0d0785df386ecd414994c4","src/main/java/org/elasticsearch/search/aggregations/bucket/terms/StringTerms.java","4","0","1","11","112","159","0"
"elasticsearch","d8cd75544536a211fa5c66e190aa4313213f0308","src/main/java/org/elasticsearch/search/aggregations/bucket/terms/StringTerms.java","4","0","1","11","114","161","1"
"hazelcast","396ad325dd3aea0178fc30f1eb035a9455c16867","hazelcast/src/test/java/com/hazelcast/map/InMemoryFormatTest.java","4","0","1","11","123","175","1"
"hazelcast","883cc0fd01c4fdf6434f020b907d02d5b0851e74","hazelcast/src/test/java/com/hazelcast/map/InMemoryFormatTest.java","4","0","1","11","125","177","0"
"hazelcast","7c1baa91dc4cb5d9c03b04a955a9c3e3824dde65","hazelcast-client/src/main/java/com/hazelcast/client/proxy/ClientScheduledFutureProxy.java","4","0","1","11","172","235","1"
"hazelcast","848fd914e8ef0483f59301258eb88b8f9a51d2de","hazelcast-client/src/main/java/com/hazelcast/client/proxy/ClientScheduledFutureProxy.java","4","0","1","11","172","235","1"
"hazelcast","cdb8b0e0e259c0992856d553f2aa04499043c84d","hazelcast-client/src/main/java/com/hazelcast/client/proxy/ClientScheduledFutureProxy.java","4","0","1","11","172","235","1"
"hazelcast","02b09ccab903e73f9ae8998119fc0e2ebce9fab4","hazelcast-client/src/main/java/com/hazelcast/client/proxy/ClientScheduledFutureProxy.java","4","0","1","11","172","235","0"
"hazelcast","96d2da68ad978e12b54a44bff7c351ada8a01ea7","hazelcast-client/src/main/java/com/hazelcast/client/proxy/ClientScheduledFutureProxy.java","4","0","1","11","172","235","0"
"hazelcast","48e063d10ffc125be470385de0a2316dacd9c942","hazelcast-client/src/main/java/com/hazelcast/client/proxy/ClientScheduledFutureProxy.java","4","0","1","11","175","238","1"
"BroadleafCommerce","024e2cd7532a2662f5a6bf6f21876f03bcbccb0a","admin/broadleaf-open-admin-platform/src/main/java/org/broadleafcommerce/openadmin/server/service/persistence/module/criteria/Restriction.java","4","0","1","11","64","101","2"
"BroadleafCommerce","31d47cb2fa8e903eb75078e6da36b7c2d2ec9a12","admin/broadleaf-open-admin-platform/src/main/java/org/broadleafcommerce/openadmin/server/service/persistence/module/criteria/Restriction.java","4","0","1","11","64","101","1"
"BroadleafCommerce","8f5ba210f06aebdc1db085d9094cdf5e4ab0a156","admin/broadleaf-open-admin-platform/src/main/java/org/broadleafcommerce/openadmin/server/service/persistence/module/criteria/Restriction.java","4","0","1","11","64","101","0"
"elasticsearch","e1efd5f6baf8dec1c23c79b346b8a29f234a98bb","core/src/main/java/org/elasticsearch/action/admin/indices/exists/types/TypesExistsRequest.java","4","0","1","11","68","107","0"
"orientdb","202ca5e408bdf2c426b446e8369a915997e6b503","core/src/main/java/com/orientechnologies/orient/core/storage/impl/local/paginated/wal/OWALPage.java","4","0","1","11","68","112","1"
"hazelcast","fc6ab479ed9fab4939bf5f91fe3773e46310610d","hazelcast/src/main/java/com/hazelcast/cache/impl/CachePartitionSegment.java","4","0","1","11","76","123","0"
"neo4j","b070962e9b00726d50df951106225fa252b7efeb","community/kernel/src/main/java/org/neo4j/kernel/api/ExecutingQuery.java","4","0","1","11","86","128","0"
"hazelcast","ed777f64e4d046bb45ae4ee062b463e33526e3ad","hazelcast-client-new/src/main/java/com/hazelcast/client/txn/proxy/ClientTxnQueueProxy.java","4","0","1","11","90","122","1"
"hazelcast","bb3ea0e107980d769862cdbda748cc91529d67b5","hazelcast-client-new/src/main/java/com/hazelcast/client/txn/proxy/ClientTxnQueueProxy.java","4","0","1","11","90","123","0"
"hazelcast","eafda3d79f96cfc9ce80e1631a5f2996e650b9ee","hazelcast/src/main/java/com/hazelcast/executor/impl/client/TargetCallableRequest.java","4","0","1","11","93","130","0"
"hazelcast","67d2b8f08b8841194f740f80375c8e9919fb4284","hazelcast/src/main/java/com/hazelcast/executor/impl/client/TargetCallableRequest.java","4","0","1","11","97","134","1"
"hazelcast","4ebe6f06fb21ed8bcdc9bc6e2fb13faa3c6cf749","hazelcast/src/main/java/com/hazelcast/map/tx/TxnDeleteOperation.java","4","0","1","12","72","110","1"
"hazelcast","c9e089c8aeaf95c86d4423bbb0f6fcdb7b309983","hazelcast/src/main/java/com/hazelcast/map/tx/TxnDeleteOperation.java","4","0","1","12","72","110","1"
"hazelcast","eed8fd83f5536de88537ac20516d3d255b1eb55b","hazelcast/src/main/java/com/hazelcast/map/tx/TxnDeleteOperation.java","4","0","1","12","72","110","0"
"orientdb","7a678522a2d83448543bc75d7360ac0857529727","server/src/main/java/com/orientechnologies/orient/server/distributed/task/ODeleteRecordTask.java","4","0","1","12","81","126","0"
"orientdb","50bb0365603295268745639338630da96d9c93fc","server/src/main/java/com/orientechnologies/orient/server/distributed/task/ODeleteRecordTask.java","4","0","1","12","82","127","0"
"elasticsearch","ebd95b7eb80cb89dfc4c9567a00cca715f4e999b","modules/elasticsearch/src/main/java/org/elasticsearch/index/cache/IndexCache.java","4","0","1","12","88","132","0"
"elasticsearch","3b5c133c7143e6ff09e947d30ea2222af18556f0","modules/elasticsearch/src/main/java/org/elasticsearch/index/cache/IndexCache.java","4","0","1","12","89","133","0"
"neo4j","c53aab6d4de8c83eda42c64474ec13aa7ecb25f3","community/kernel/src/main/java/org/neo4j/kernel/api/ExecutingQuery.java","4","0","1","12","92","136","1"
"elasticsearch","25fd9e26c4fb042d6f6dea14efcd239577bdbbc4","core/src/main/java/org/elasticsearch/action/get/MultiGetShardRequest.java","4","0","1","12","94","143","0"
"hazelcast","da19a121b3e6e1e0898c272d906d8784568c0ac9","hazelcast/src/main/java/com/hazelcast/collection/client/CollectionAddListenerRequest.java","4","0","1","13","110","152","0"
"hazelcast","53d96a2042e1c7fa0fe1ccb1ae1a0c152ce97c34","hazelcast/src/main/java/com/hazelcast/collection/client/CollectionAddListenerRequest.java","4","0","1","13","113","156","1"
"elasticsearch","5fd96d9371f68645ac6ec2ec17c0faeaa21610a8","src/test/java/org/elasticsearch/deps/joda/SimpleJodaTests.java","4","0","1","13","188","256","1"
"netty","e6ca9882a107c34cf6358c8d7a68561025f06016","codec-http2/src/test/java/io/netty/handler/codec/http2/Http2FrameRoundtripTest.java","4","0","1","13","351","400","1"
"netty","ba6ce5449ee852b782dde9a11933f6a09b123e22","codec-http2/src/test/java/io/netty/handler/codec/http2/Http2FrameRoundtripTest.java","4","0","1","13","352","401","0"
"orientdb","a92b5145e7e20707fd04df3a752691a934d0d3c9","core/src/main/java/com/orientechnologies/orient/core/command/script/OCommandScript.java","4","0","1","13","69","114","1"
"hazelcast","3cc13b14fba6b8e6e2ab9149c8d17561a29c537f","hazelcast/src/main/java/com/hazelcast/collection/impl/queue/operations/PollOperation.java","4","0","1","13","74","110","1"
"hazelcast","67235ce99477aeeecc86d225926b6456b7ceef20","hazelcast/src/main/java/com/hazelcast/collection/impl/queue/operations/PollOperation.java","4","0","1","13","74","110","1"
"hazelcast","a46aa8502977bde24649cec3b52fbb065d6f480f","hazelcast/src/main/java/com/hazelcast/collection/impl/queue/operations/PollOperation.java","4","0","1","13","74","110","1"
"hazelcast","e7c312280062991ae79e7194e151e12ea3aa2897","hazelcast/src/main/java/com/hazelcast/collection/impl/queue/operations/PollOperation.java","4","0","1","13","74","110","0"
"orientdb","9b0a6b5a0d74bce339faedfdf33a3918902c1a9e","graphdb/src/main/java/com/tinkerpop/blueprints/impls/orient/OrientGraphCommand.java","4","0","1","13","76","120","0"
"antlr4","2ffb12028a9eefcf7fa4bc617e10e05eb3c05d5c","runtime/Java/src/org/antlr/v4/runtime/atn/ATNState.java","4","0","1","13","88","210","1"
"antlr4","e0e6e0a94c09b6a2a3528bd7f30d0514e6964418","runtime/Java/src/org/antlr/v4/runtime/atn/ATNState.java","4","0","1","13","89","211","0"
"hazelcast","3cc13b14fba6b8e6e2ab9149c8d17561a29c537f","hazelcast/src/main/java/com/hazelcast/collection/impl/queue/operations/OfferOperation.java","4","0","1","13","92","131","1"
"hazelcast","67235ce99477aeeecc86d225926b6456b7ceef20","hazelcast/src/main/java/com/hazelcast/collection/impl/queue/operations/OfferOperation.java","4","0","1","13","92","131","1"
"hazelcast","a46aa8502977bde24649cec3b52fbb065d6f480f","hazelcast/src/main/java/com/hazelcast/collection/impl/queue/operations/OfferOperation.java","4","0","1","13","92","131","1"
"hazelcast","e7c312280062991ae79e7194e151e12ea3aa2897","hazelcast/src/main/java/com/hazelcast/collection/impl/queue/operations/OfferOperation.java","4","0","1","13","92","131","0"
"elasticsearch","bf7f97d22fe41433bacb45e4f6479665612d0762","src/main/java/org/elasticsearch/indices/recovery/RecoveryFileChunkRequest.java","4","0","1","13","94","135","0"
"elasticsearch","78574d248cf10dad1c5a566fda79e1e0c94afe43","core/src/main/java/org/elasticsearch/action/get/MultiGetShardRequest.java","4","0","1","14","105","157","1"
"elasticsearch","e6aaaf11ed4a1b8f595f920de1840938eddb7a97","core/src/main/java/org/elasticsearch/action/get/MultiGetShardRequest.java","4","0","1","14","105","157","1"
"elasticsearch","a60b8948ba1d836a6eac7cff095519e618939ed8","core/src/main/java/org/elasticsearch/action/get/MultiGetShardRequest.java","4","0","1","14","105","157","0"
"elasticsearch","3eed2625e258c3ee988c41c319dbc7ab11047226","src/main/java/org/elasticsearch/cluster/action/index/NodeMappingCreatedAction.java","4","0","1","14","118","170","1"
"neo4j","a93c570faa774c1a40b635b6a3e6d8ccb61a99e8","community/kernel/src/test/java/org/neo4j/test/TestGraphDatabaseFactory.java","4","0","1","14","176","225","1"
"neo4j","868b4d731485023d2f7477e1133dcd5b263c851d","community/kernel/src/test/java/org/neo4j/test/TestGraphDatabaseFactory.java","4","0","1","14","179","228","0"
"hazelcast","3665530bd1710b351b7d01dcf10d5480d93fd857","hazelcast/src/main/java/com/hazelcast/map/tx/TxnSetOperation.java","4","0","1","14","87","127","0"
"hazelcast","725d83ad155998b947db007e5c476745527cc31e","hazelcast/src/main/java/com/hazelcast/map/tx/TxnSetOperation.java","4","0","1","14","87","127","0"
"hazelcast","6eb8552aecf4df2167d27ed2f0a150035815ab25","hazelcast/src/main/java/com/hazelcast/map/tx/TxnSetOperation.java","4","0","1","14","87","127","3"
"hazelcast","2d3a78984b6138fba3dcb15d3410651d59bce24c","hazelcast/src/main/java/com/hazelcast/map/tx/TxnSetOperation.java","4","0","1","14","87","128","2"
"hazelcast","f20e3dadabc7cb95afcf791a2c9872699868bdb6","hazelcast/src/main/java/com/hazelcast/map/tx/TxnSetOperation.java","4","0","1","14","88","128","1"
"BroadleafCommerce","34682289a3be1f350cf132998f1a4315a3c62b91","core/broadleaf-framework/src/main/java/org/broadleafcommerce/core/catalog/domain/Dimension.java","4","0","1","15","106","154","0"
"elasticsearch","3ac3c7d12c0cb845a8c28cec5b890705b13dc659","src/main/java/org/elasticsearch/cluster/action/index/NodeMappingCreatedAction.java","4","0","1","15","126","179","0"
"neo4j","87a690fbed55b13b44c51cf28a9156d1a45de6f0","community/kernel/src/test/java/org/neo4j/test/TestGraphDatabaseFactory.java","4","0","1","15","194","246","0"
"elasticsearch","18ede79ed5a425c914059e4c73ab2675ef0589d3","src/test/java/org/elasticsearch/index/query/TemplateQueryTest.java","4","0","1","15","310","407","2"
"elasticsearch","f739abe89e89e999225b6e478ba530c344e8e946","src/main/java/org/elasticsearch/action/bench/CompetitionNodeResult.java","4","0","1","16","100","143","1"
"elasticsearch","1ef24d2a85f1636f95ee6e536f6cfb1aa9eadcfe","core/src/main/java/org/elasticsearch/action/admin/indices/analyze/AnalyzeResponse.java","4","0","1","16","119","164","1"
"elasticsearch","20ff703e07c692c5e68e6b30a6e6413a34dd10a7","core/src/main/java/org/elasticsearch/search/internal/ShardSearchLocalRequest.java","4","0","1","16","143","211","1"
"elasticsearch","d1cfe0e7cd3562a26461f5137d11396ae979d683","modules/lang-groovy/src/test/java/org/elasticsearch/messy/tests/StatsTests.java","4","0","1","16","362","454","2"
"elasticsearch","0322d490a89f28396b310b2b2bf80d94e3577c87","modules/lang-groovy/src/test/java/org/elasticsearch/messy/tests/ExtendedStatsTests.java","4","0","1","16","436","518","1"
"hazelcast","8af89d261e006b0bef31465c2991c3cdb2d81f78","hazelcast-client/src/main/java/com/hazelcast/client/proxy/ClientLockProxy.java","4","0","1","16","92","136","0"
"hazelcast","ed4f4d10e194b049930f677d61d7c08a2bfa15ad","hazelcast-client/src/main/java/com/hazelcast/client/proxy/ClientLockProxy.java","4","0","1","16","92","136","0"
"hazelcast","9edbd691f39c17c7f27c61d98fecac0690969b47","hazelcast-client/src/main/java/com/hazelcast/client/proxy/ClientLockProxy.java","4","0","1","16","92","136","1"
"hazelcast","337ada6c765ca1ff34f8d059805cbeb9b1999053","hazelcast-client/src/main/java/com/hazelcast/client/proxy/ClientLockProxy.java","4","0","1","16","94","139","0"
"hazelcast","3c8fa06ab9436dba9d757ca218364772fd57241a","hazelcast-client/src/main/java/com/hazelcast/client/proxy/ClientLockProxy.java","4","0","1","16","94","139","0"
"hazelcast","cfb0b95ecb4fbce016be038f5e9f7c8e0fe9eb8e","hazelcast-client/src/main/java/com/hazelcast/client/proxy/ClientLockProxy.java","4","0","1","16","94","139","1"
"netty","fe8ecea36610f8c23fc19ceb0dac8a518de0561c","codec-http2/src/main/java/io/netty/handler/codec/http2/Http2FrameLogger.java","4","0","1","17","104","150","0"
"hazelcast","c403f3f81e55660652ae7d3aaa0cafab51ced277","hazelcast/src/main/java/com/hazelcast/map/impl/recordstore/StorageImpl.java","4","0","1","17","119","177","1"
"hazelcast","d568e4d926d925d57d4e79e34614390416749301","hazelcast/src/main/java/com/hazelcast/map/impl/recordstore/StorageImpl.java","4","0","1","17","123","183","0"
"elasticsearch","88040352050455e537646662a3fbfdd8d554dd17","core/src/main/java/org/elasticsearch/search/internal/ShardSearchLocalRequest.java","4","0","1","17","144","213","1"
"BroadleafCommerce","711192d5e7efe6d787e38f9b7450cf8d77b2b944","core/broadleaf-framework/src/main/java/org/broadleafcommerce/core/catalog/dao/CategoryDaoImpl.java","4","0","1","17","164","222","0"
"netty","0b3122d8ff632e409524b6f3d54435156e70ffa2","codec-http2/src/test/java/io/netty/handler/codec/http2/Http2FrameCodecTest.java","4","0","1","17","339","451","1"
"netty","e5070b726613cc6c1297ce2cc2dd5ab377cf0fbc","codec-http2/src/test/java/io/netty/handler/codec/http2/Http2FrameCodecTest.java","4","0","1","17","340","452","0"
"hazelcast","5a84641d6ca0ba61f6bc3db3f4d51994ee307736","hazelcast/src/test/java/com/hazelcast/multimap/MultiMapTestsFrom2X.java","4","0","1","17","369","436","2"
"elasticsearch","e1bfe23c2225da825f3fd1cb205c13e53d5989eb","modules/lang-groovy/src/test/java/org/elasticsearch/messy/tests/StatsTests.java","4","0","1","17","377","470","0"
"hazelcast","fa2d62675eff94c116814a8e2918f6ac234855a8","hazelcast/src/main/java/com/hazelcast/map/impl/recordstore/StorageImpl.java","4","0","1","18","124","183","0"
"hazelcast","e12e80c38b2743941e992d9f75d895231cd35c81","hazelcast/src/main/java/com/hazelcast/jmx/QueueMBean.java","4","0","1","18","131","178","0"
"neo4j","cc70fd2dec3bdb31ecd79c7e164b1b11b85a77c2","community/neo4j-harness/src/main/java/org/neo4j/harness/junit/Neo4jRule.java","4","0","1","18","134","185","1"
"elasticsearch","8ace37e2146195d55eab2e5352114300b2a51ac3","plugins/ingest-attachment/src/test/java/org/elasticsearch/ingest/attachment/AttachmentProcessorTests.java","4","0","1","18","195","260","2"
"elasticsearch","3aed047bdedde1bda189cbfc2f81e65af42e57c5","core/src/test/java/org/elasticsearch/search/aggregations/metrics/StatsIT.java","4","0","1","18","421","530","0"
"netty","ba6ce5449ee852b782dde9a11933f6a09b123e22","codec/src/main/java/io/netty/handler/codec/ByteStringValueConverter.java","4","0","1","19","100","141","0"
"elasticsearch","4d05c9cfd5cc889be77ec16730517d5417438e92","src/main/java/org/elasticsearch/index/fielddata/ordinals/SinglePackedOrdinals.java","4","0","1","19","103","152","1"
"elasticsearch","12d9268db256b728e8d334801739fb46167902b6","src/main/java/org/elasticsearch/index/fielddata/ordinals/SinglePackedOrdinals.java","4","0","1","19","106","156","0"
"netty","58b968b6036dc194dce5a3e70d05d493b2fb6b58","transport-udt/src/main/java/io/netty/channel/udt/DefaultUdtServerChannelConfig.java","4","0","1","19","123","168","0"
"neo4j","6ae0873e303c40548b80c8463588e28bf99217aa","community/neo4j-harness/src/main/java/org/neo4j/harness/junit/Neo4jRule.java","4","0","1","19","140","192","0"
"elasticsearch","9742d08f53bca902a65fff1de964ded0d292dc03","src/test/java/org/elasticsearch/action/update/InternalEngineWithControllableTimingForTesting.java","4","0","1","19","158","222","0"
"netty","901c66fa813a759c9dbfe64eed10ba4d6095d4ea","codec-mqtt/src/test/java/io/netty/handler/codec/mqtt/MqttCodecTest.java","4","0","1","19","389","510","0"
"elasticsearch","e1bfe23c2225da825f3fd1cb205c13e53d5989eb","modules/lang-groovy/src/test/java/org/elasticsearch/messy/tests/ExtendedStatsTests.java","4","0","1","19","517","610","0"
"elasticsearch","326fa33d4e805ad0b99a31af388e9ba1c05ed0cb","core/src/test/java/org/elasticsearch/action/bulk/TransportShardBulkActionTests.java","4","0","1","19","530","707","1"
"elasticsearch","cd57395c9814663ded30b84e9706b1920eaf0ee5","core/src/test/java/org/elasticsearch/action/bulk/TransportShardBulkActionTests.java","4","0","1","19","532","709","0"
"netty","ba6ce5449ee852b782dde9a11933f6a09b123e22","codec/src/main/java/io/netty/handler/codec/CharSequenceValueConverter.java","4","0","1","19","94","134","0"
"Android-Universal-Image-Loader","f642fd63cb224abd181ee8d1ee6acc4af814d89b","sample/src/com/nostra13/example/universalimageloader/ImageListActivity.java","4","0","1","2","109","152","0"
"elasticsearch","6855e360a05ff362c3866b9c2235333740d52cd3","core/src/test/java/org/elasticsearch/cluster/routing/allocation/FilterRoutingTests.java","4","0","1","2","118","166","2"
"elasticsearch","d8f16178d3f21b4f9d17da12e7aa61613fc2c27a","src/test/java/org/elasticsearch/indices/store/IndicesStoreIntegrationTests.java","4","0","1","2","136","182","1"
"elasticsearch","a6510f924520d8cdda2636ac85a1a1e43f6dfb8c","src/test/java/org/elasticsearch/indices/store/IndicesStoreIntegrationTests.java","4","0","1","2","137","183","0"
"elasticsearch","c746854e03262135fe0fa723be3bd5fc469e4d3c","core/src/main/java/org/elasticsearch/indices/analysis/PreBuiltTokenizers.java","4","0","1","2","151","203","0"
"elasticsearch","8bede7024ff16477340113c8769c4a4feff00d2c","src/test/java/org/elasticsearch/percolator/TTLPercolatorTests.java","4","0","1","2","154","205","0"
"orientdb","2d2e55f4580b49459d4d6a707e453e087d965570","core/src/main/java/com/orientechnologies/orient/core/sql/method/misc/OSQLMethodAsBoolean.java","4","0","1","2","20","47","0"
"hazelcast","e5259c9d3150574abe68659f6782c7a3e3d5b15a","hazelcast/src/main/java/com/hazelcast/internal/cluster/impl/SplitBrainMulticastListener.java","4","0","1","2","21","50","0"
"titan","7720850da32092290f6ee0e375eb22cb367a3310","src/main/java/com/thinkaurelius/faunus/mapreduce/util/ElementChecker.java","4","0","1","2","23","33","0"
"BroadleafCommerce","45b052a6f144b2efab2b01dbc7eb670893bc5d25","core/broadleaf-framework-web/src/main/java/org/broadleafcommerce/core/web/order/OrderState.java","4","0","1","2","24","63","0"
"elasticsearch","8532dc84e949938536f42f427eb551bbcb0e7cd3","modules/elasticsearch/src/main/java/org/elasticsearch/search/SearchContextException.java","4","0","1","2","26","54","0"
"elasticsearch","2e2e345dcb90e1ec1c48c6bb5348469fc514aea1","src/main/java/org/elasticsearch/cluster/block/ClusterBlockLevel.java","4","0","1","2","27","58","5"
"hazelcast","0dbb30718c00d5c9efd0bae41b174c45984f8f50","hazelcast/src/main/java/com/hazelcast/replicatedmap/impl/ReplicatedMapEvictionProcessor.java","4","0","1","2","31","59","1"
"hazelcast","b4a87b9da3359832b5462f2769e42be156abbcfd","hazelcast/src/main/java/com/hazelcast/replicatedmap/impl/ReplicatedMapEvictionProcessor.java","4","0","1","2","31","59","2"
"hazelcast","d84d7aa0862d3428212a61cd4dca256dc85f9178","hazelcast/src/main/java/com/hazelcast/replicatedmap/impl/ReplicatedMapEvictionProcessor.java","4","0","1","2","31","59","2"
"hazelcast","cde914700341904b25a04a43f120d8e8b6ace0d1","hazelcast/src/main/java/com/hazelcast/replicatedmap/impl/ReplicatedMapEvictionProcessor.java","4","0","1","2","31","59","0"
"hazelcast","fcfe840771791fc379a7a715fcfb713f820b6060","hazelcast/src/main/java/com/hazelcast/replicatedmap/impl/ReplicatedMapEvictionProcessor.java","4","0","1","2","31","59","0"
"orientdb","ff5405b7a93397f7f737414cfe77fba48396d0d8","core/src/main/java/com/orientechnologies/orient/core/conflict/OAutoMergeRecordConflictStrategy.java","4","0","1","2","31","69","0"
"hazelcast","620258d135b49f217ccf58b36bbbe31f4198bb18","hazelcast/src/main/java/com/hazelcast/replicatedmap/impl/ReplicatedMapEvictionProcessor.java","4","0","1","2","32","58","1"
"BroadleafCommerce","f0a43a10b18a55908684479d3eadcb3822d3cd60","core/broadleaf-framework/src/main/java/org/broadleafcommerce/core/pricing/service/workflow/FulfillmentGroupPricingActivity.java","4","0","1","2","32","71","0"
"elasticsearch","faefc772a462546b0127b674c8b6d3dccfd61c7e","modules/test/integration/src/test/java/org/elasticsearch/test/integration/search/basic/SearchWhileCreatingIndexTests.java","4","0","1","2","34","70","0"
"elasticsearch","371c73e14023917f3892090d2d3d7ff9ac1216b9","core/src/main/java/org/elasticsearch/rest/action/admin/indices/RestShrinkIndexAction.java","4","0","1","2","35","62","3"
"elasticsearch","78574d248cf10dad1c5a566fda79e1e0c94afe43","core/src/main/java/org/elasticsearch/rest/action/admin/indices/RestShrinkIndexAction.java","4","0","1","2","35","62","2"
"elasticsearch","e6aaaf11ed4a1b8f595f920de1840938eddb7a97","core/src/main/java/org/elasticsearch/rest/action/admin/indices/RestShrinkIndexAction.java","4","0","1","2","35","62","2"
"elasticsearch","a60b8948ba1d836a6eac7cff095519e618939ed8","core/src/main/java/org/elasticsearch/rest/action/admin/indices/RestShrinkIndexAction.java","4","0","1","2","35","62","0"
"hazelcast","0a61d1993c8cf9dee111af675c9a52fc605aec63","hazelcast-client/src/main/java/com/hazelcast/client/impl/ClientICacheManager.java","4","0","1","2","35","67","0"
"hazelcast","eca7cec5e3af5e7098dc27a62dea257e072f417d","hazelcast-client/src/main/java/com/hazelcast/client/impl/ClientICacheManager.java","4","0","1","2","35","67","0"
"hazelcast","7af47d6eb0e973c39be539676760f8df8dd2b869","hazelcast-client/src/main/java/com/hazelcast/client/impl/ClientICacheManager.java","4","0","1","2","35","67","1"
"neo4j","a8f3d37f50a042fc7b741962cf791d5327eabea2","community/kernel/src/main/java/org/neo4j/kernel/configuration/ConfigurationValidator.java","4","0","1","2","35","68","0"
"elasticsearch","f3cddef61e735be96aa0623f457641473c90504f","core/src/main/java/org/elasticsearch/index/engine/EngineSearcher.java","4","0","1","2","35","70","2"
"elasticsearch","668dac722a4f80911dfb02f6cb6ef73f1b0f42e1","core/src/main/java/org/elasticsearch/index/engine/EngineSearcher.java","4","0","1","2","36","69","0"
"netty","cd0b5ec2db593d45c96bd6b55b0024042534af04","codec-socks/src/main/java/io/netty/handler/codec/socks/SocksAuthResponseDecoder.java","4","0","1","2","38","65","1"
"oryx","d16f89b25fc5e12f94af6432274c66e0394c1743","framework/oryx-lambda/src/main/java/com/cloudera/oryx/lambda/speed/SpeedLayerUpdate.java","4","0","1","2","38","71","0"
"BroadleafCommerce","4668ccc6de84817bb25442ffa3e7e2033477d008","core/broadleaf-framework-web/src/main/java/org/broadleafcommerce/core/web/catalog/SkuHandlerMapping.java","4","0","1","2","38","83","0"
"netty","cd0b5ec2db593d45c96bd6b55b0024042534af04","codec-socks/src/main/java/io/netty/handler/codec/socks/SocksInitResponseDecoder.java","4","0","1","2","39","67","1"
"oryx","27e9046b2bd92243c260efd8bcd0af46b92bdf9e","framework/oryx-lambda/src/main/java/com/cloudera/oryx/lambda/speed/SpeedLayerUpdate.java","4","0","1","2","39","72","0"
"netty","af4b71a00e30faf86ef1c2365e965e8f04f65bee","codec-socks/src/main/java/io/netty/handler/codec/socks/SocksAuthResponseDecoder.java","4","0","1","2","40","67","0"
"netty","af4b71a00e30faf86ef1c2365e965e8f04f65bee","codec-socks/src/main/java/io/netty/handler/codec/socks/SocksInitResponseDecoder.java","4","0","1","2","40","68","0"
"elasticsearch","9ca5e6e3e12cf4f13eb6ed0140d9073ba89c61c9","src/main/java/org/elasticsearch/index/store/StoreModule.java","4","0","1","2","40","73","1"
"elasticsearch","01ca81e2a37c9cd38c6dc44ae567d427c059dbe0","src/main/java/org/elasticsearch/index/store/StoreModule.java","4","0","1","2","43","77","0"
"elasticsearch","d8f16178d3f21b4f9d17da12e7aa61613fc2c27a","src/main/java/org/elasticsearch/index/analysis/compound/HyphenationCompoundWordTokenFilterFactory.java","4","0","1","2","44","78","1"
"hazelcast","b94365a388067dd9c5b727836a054f043f34f1f2","hazelcast-client/src/main/java/com/hazelcast/client/spi/impl/listener/ClientEventRegistration.java","4","0","1","2","45","100","0"
"elasticsearch","2b3760f78b26817b5a2030aa27b1ddf2f17462f6","core/src/main/java/org/elasticsearch/rest/action/admin/indices/RestShrinkIndexAction.java","4","0","1","2","45","73","1"
"elasticsearch","2b3760f78b26817b5a2030aa27b1ddf2f17462f6","core/src/main/java/org/elasticsearch/rest/action/RestMainAction.java","4","0","1","2","46","78","1"
"elasticsearch","a6510f924520d8cdda2636ac85a1a1e43f6dfb8c","src/main/java/org/elasticsearch/index/analysis/compound/HyphenationCompoundWordTokenFilterFactory.java","4","0","1","2","46","80","0"
"BroadleafCommerce","fdafd6e31a483d44f993a79a237a43ed980ed5a9","admin/broadleaf-admin-module/src/main/java/org/broadleafcommerce/admin/server/service/handler/CustomerCustomPersistenceHandler.java","4","0","1","2","47","78","0"
"elasticsearch","3a46812a335a56c56106aabd98029854ee2b54b3","core/src/main/java/org/elasticsearch/rest/action/main/RestMainAction.java","4","0","1","2","47","79","0"
"elasticsearch","dc900a08a6c6f346656105fa0e2484ed186f8461","plugins/delete-by-query/src/main/java/org/elasticsearch/rest/action/deletebyquery/RestDeleteByQueryAction.java","4","0","1","2","48","78","0"
"neo4j","f0b03e0d48342f7b76608313e94292a530d373e0","enterprise/causal-clustering/src/main/java/org/neo4j/causalclustering/core/state/machines/tx/LastCommittedIndexFinder.java","4","0","1","2","48","80","0"
"hazelcast","97bb74d78cd1e0af68a1390defa30fc956da8390","hazelcast/src/main/java/com/hazelcast/client/impl/protocol/task/cache/CacheRemoveAllKeysMessageTask.java","4","0","1","2","48","80","0"
"hazelcast","a4035afdfc67b757940a15578bc51b4e7b6b0b13","hazelcast/src/main/java/com/hazelcast/client/impl/protocol/task/cache/CacheRemoveAllMessageTask.java","4","0","1","2","48","80","0"
"elasticsearch","b352a90454085fde41cfb82d220f39513e6d83bb","core/src/main/java/org/elasticsearch/rest/action/main/RestMainAction.java","4","0","1","2","48","80","1"
"BroadleafCommerce","4a2770ad7b1c8d244b026f013ac6cc58ca65cb61","admin/broadleaf-admin-module/src/main/java/org/broadleafcommerce/admin/server/service/handler/CustomerCustomPersistenceHandler.java","4","0","1","2","48","82","1"
"neo4j","3da8523ddc5b1463dae1b497f6787835b5663e6a","community/kernel/src/main/java/org/neo4j/kernel/impl/api/store/StoreIteratorRelationshipCursor.java","4","0","1","2","49","82","1"
"hazelcast","2921cff694583b8638dae2991f427e61d5440a9d","hazelcast/src/test/java/com/hazelcast/cluster/NodeShutdownEventsTest.java","4","0","1","2","49","88","0"
"hazelcast","d568e4d926d925d57d4e79e34614390416749301","hazelcast/src/test/java/com/hazelcast/cluster/NodeShutdownEventsTest.java","4","0","1","2","49","88","0"
"hazelcast","1f042b8c4a4245594691bb6d85a66ceed9b43068","hazelcast/src/test/java/com/hazelcast/cluster/NodeShutdownEventsTest.java","4","0","1","2","49","88","1"
"hazelcast","70d4de16ff0ac4518d09aad8c9f2ad9e782fb337","hazelcast/src/test/java/com/hazelcast/cluster/NodeShutdownEventsTest.java","4","0","1","2","49","89","2"
"elasticsearch","ab555e0a33d533a708e8e6d78a8e48d797f339ff","src/main/java/org/elasticsearch/rest/action/admin/cluster/reroute/RestClusterRerouteAction.java","4","0","1","2","50","80","1"
"elasticsearch","3ab85bacdd4b6f6e637e23be19de3a86001026df","src/main/java/org/elasticsearch/rest/action/admin/indices/exists/RestIndicesExistsAction.java","4","0","1","2","50","81","1"
"elasticsearch","a331405aff20d6f8b42e646bd38f114cd1edd34a","core/src/main/java/org/elasticsearch/rest/action/admin/cluster/RestClusterAllocationExplainAction.java","4","0","1","2","50","86","1"
"neo4j","9af30da086d5f06bb89d34a9f0c7da244d033cbf","community/kernel/src/main/java/org/neo4j/kernel/builtinprocs/AlterUserPasswordProcedure.java","4","0","1","2","51","81","0"
"elasticsearch","51ae1c4d5302add19ecf1b8403ab31ec91eaad94","core/src/main/java/org/elasticsearch/common/settings/loader/PropertiesSettingsLoader.java","4","0","1","2","51","81","0"
"elasticsearch","a7af34022c32a8302f3117f5fd26ff4dc0a23e7b","core/src/main/java/org/elasticsearch/common/settings/loader/PropertiesSettingsLoader.java","4","0","1","2","51","81","1"
"elasticsearch","709cc9ba657af390afe2e30f41e8785d0e4f238d","core/src/main/java/org/elasticsearch/rest/action/admin/indices/RestGetAliasesAction.java","4","0","1","2","52","121","1"
"elasticsearch","4f8ddd97bfca2afdab35c4dff6932ff54432ead1","src/main/java/org/elasticsearch/rest/action/admin/cluster/reroute/RestClusterRerouteAction.java","4","0","1","2","54","85","0"
"elasticsearch","3ab85bacdd4b6f6e637e23be19de3a86001026df","src/main/java/org/elasticsearch/rest/action/get/RestHeadAction.java","4","0","1","2","54","86","1"
"elasticsearch","7ac44656df9280580c04ffc93f38dba24c385231","core/src/main/java/org/elasticsearch/rest/action/admin/indices/RestGetAliasesAction.java","4","0","1","2","55","124","0"
"elasticsearch","2314b8665b125180359421a86ada50ea94906efe","src/main/java/org/elasticsearch/rest/action/get/RestHeadAction.java","4","0","1","2","55","87","0"
"elasticsearch","51d53791fe71c9cb62bc992588a57cdfb500383f","core/src/main/java/org/elasticsearch/rest/action/admin/cluster/RestClusterAllocationExplainAction.java","4","0","1","2","56","93","0"
"elasticsearch","a3cefd919e81fd7c2c171426b64aa3357bfa6db4","src/main/java/org/elasticsearch/rest/action/get/RestGetAction.java","4","0","1","2","57","89","2"
"elasticsearch","7e0481d906c455bbc92fdc8e8ad3b3809406c89d","src/main/java/org/elasticsearch/rest/action/mlt/RestMoreLikeThisAction.java","4","0","1","2","57","91","0"
"elasticsearch","b352a90454085fde41cfb82d220f39513e6d83bb","core/src/main/java/org/elasticsearch/rest/action/admin/indices/alias/head/RestAliasesExistAction.java","4","0","1","2","58","88","1"
"elasticsearch","5706858722452b13465b15930e4f4cb2e8286449","src/main/java/org/elasticsearch/rest/action/get/RestGetAction.java","4","0","1","2","58","90","0"
"elasticsearch","d0300b3f59f96c3f4a9aa90ae4e34c1c7c261164","src/main/java/org/elasticsearch/rest/action/mlt/RestMoreLikeThisAction.java","4","0","1","2","58","92","1"
"elasticsearch","4185566e9344091a3ddad4090435fc3609fab208","src/main/java/org/elasticsearch/rest/action/script/RestGetIndexedScriptAction.java","4","0","1","2","60","91","2"
"elasticsearch","2b3760f78b26817b5a2030aa27b1ddf2f17462f6","core/src/main/java/org/elasticsearch/rest/action/admin/indices/RestAliasesExistAction.java","4","0","1","2","61","91","1"
"elasticsearch","6bbcc34061695a2a61fcb9303a58739a765b2014","src/test/java/org/elasticsearch/cluster/SpecificMasterNodesTests.java","4","0","1","2","63","99","2"
"hazelcast","bcf85f4b08271a829c66a91e67bb4c663b85500d","hazelcast/src/test/java/com/hazelcast/test/HazelcastParallelClassRunner.java","4","0","1","2","66","99","1"
"elasticsearch","8e742c2096dad1e87e88719902b961e2b7100fa6","src/main/java/org/elasticsearch/rest/action/script/RestGetIndexedScriptAction.java","4","0","1","2","67","100","0"
"elasticsearch","acc095095760c77f3fd7f8f14127b811c5a25ef9","src/main/java/org/elasticsearch/rest/action/admin/indices/template/get/RestGetIndexTemplateAction.java","4","0","1","2","67","105","0"
"elasticsearch","0a8afa2e7269ddbec3755b8f10033e93f55149c2","core/src/main/java/org/elasticsearch/cluster/metadata/MetaDataDeleteIndexService.java","4","0","1","2","71","108","3"
"elasticsearch","371c73e14023917f3892090d2d3d7ff9ac1216b9","core/src/main/java/org/elasticsearch/cluster/metadata/MetaDataDeleteIndexService.java","4","0","1","2","71","108","3"
"elasticsearch","78574d248cf10dad1c5a566fda79e1e0c94afe43","core/src/main/java/org/elasticsearch/cluster/metadata/MetaDataDeleteIndexService.java","4","0","1","2","71","108","2"
"elasticsearch","e6aaaf11ed4a1b8f595f920de1840938eddb7a97","core/src/main/java/org/elasticsearch/cluster/metadata/MetaDataDeleteIndexService.java","4","0","1","2","71","108","2"
"elasticsearch","a60b8948ba1d836a6eac7cff095519e618939ed8","core/src/main/java/org/elasticsearch/cluster/metadata/MetaDataDeleteIndexService.java","4","0","1","2","71","108","0"
"elasticsearch","51d53791fe71c9cb62bc992588a57cdfb500383f","core/src/main/java/org/elasticsearch/rest/action/document/RestBulkAction.java","4","0","1","2","71","131","0"
"BroadleafCommerce","28c29c993d37f222bc59daf04799764a6d2b199b","admin/broadleaf-contentmanagement-module/src/main/java/org/broadleafcommerce/cms/admin/web/controller/AdminAssetController.java","4","0","1","2","72","114","1"
"BroadleafCommerce","2329fd97ddf2e72f443f8be7e7e6baf49987f511","admin/broadleaf-open-admin-platform/src/main/java/org/broadleafcommerce/openadmin/web/filter/BroadleafAdminRequestProcessor.java","4","0","1","2","72","119","1"
"neo4j","0fca85a565c0b05bace415fbf60476b66ee06f02","community/shell/src/test/java/org/neo4j/shell/FreePortIT.java","4","0","1","2","73","111","0"
"neo4j","10c8de2b701629da6caef1ca7abae76436691f23","community/procedure-compiler/processor/src/main/java/org/neo4j/tooling/procedure/visitors/ProcedureVisitor.java","4","0","1","2","74","112","0"
"oryx","fd8a77cc546c2a797833303878774b2697548349","oryx-lambda/src/test/java/com/cloudera/oryx/lambda/AbstractLambdaIT.java","4","0","1","2","80","114","0"
"orientdb","47e5478ecd2c3ecf5cb10e5c3d75215ce76a08e4","distributed/src/test/java/com/orientechnologies/orient/server/distributed/DistributedIndexes.java","4","0","1","2","80","122","1"
"hazelcast","032a5c08b1f497bedc9a79cb83b7e94e3e9f4b07","hazelcast-cloud/src/test/java/com.hazelcast.aws.security/EC2RequestSignerTest.java","4","0","1","2","85","127","2"
"BroadleafCommerce","9f8e041ade4d26cbc3844ff5b57fc4cf76a1cf53","admin/broadleaf-open-admin-platform/src/main/java/org/broadleafcommerce/openadmin/web/filter/BroadleafAdminRequestProcessor.java","4","0","1","2","86","136","0"
"orientdb","80bcaebf6afbb4e77d68a6eb4844de540f62458b","core/src/test/java/com/orientechnologies/orient/core/sql/OLiveQueryTest.java","4","0","1","2","90","141","0"
"orientdb","a30d7d9f31aa06a5495440aefe76bea980444302","core/src/test/java/com/orientechnologies/orient/core/sql/OLiveQueryTest.java","4","0","1","2","90","142","1"
"hazelcast","04b3d5f84e122e135f4d61f6aac629d0f6312bc5","hazelcast-cloud/src/test/java/com/hazelcast/aws/security/EC2RequestSignerTest.java","4","0","1","2","91","135","0"
"hazelcast","2e237d2c442305f51cdbea3740548e8bfb4401ac","hazelcast-cloud/src/test/java/com/hazelcast/aws/security/EC2RequestSignerTest.java","4","0","1","2","91","135","0"
"hazelcast","b4a1367fad8f544769783aa6426f4b7e868c711f","hazelcast-cloud/src/test/java/com.hazelcast.aws.security/EC2RequestSignerTest.java","4","0","1","2","91","135","0"
"hazelcast","cfa111938e58b54c07e0a8262493bf92ae489b37","hazelcast-cloud/src/test/java/com/hazelcast/aws/security/EC2RequestSignerTest.java","4","0","1","2","91","135","2"
"elasticsearch","237c4ddf5418ffc997fc083b114bf3c34a3ac00f","src/main/java/org/elasticsearch/index/search/child/HasChildFilter.java","4","0","1","2","95","140","0"
"orientdb","f97cccb32860eedf8cda7b54983761290488a305","distributed/src/test/java/com/orientechnologies/orient/server/distributed/DistributedIndexes.java","4","0","1","2","99","145","0"
"netty","1f27c3b39060e544b4d3aaf05b700dd5c433a0cd","transport-udt/src/main/java/io/netty/channel/udt/DefaultUdtServerChannelConfig.java","4","0","1","20","128","174","0"
"hazelcast","f5b5e658ea42c43530cc3fd5e132e2fe503ab8b4","hazelcast-client/src/main/java/com/hazelcast/client/proxy/txn/ClientTxnMapProxy.java","4","0","1","20","200","264","0"
"elasticsearch","3aed047bdedde1bda189cbfc2f81e65af42e57c5","core/src/test/java/org/elasticsearch/search/aggregations/metrics/ExtendedStatsIT.java","4","0","1","20","568","677","0"
"elasticsearch","952feb58e41bd0220784c44136b840ea4a740e26","core/src/test/java/org/elasticsearch/search/aggregations/metrics/ExtendedStatsIT.java","4","0","1","20","572","681","1"
"elasticsearch","e7d352b489272a87b05019869857656de7fb82fc","core/src/test/java/org/elasticsearch/search/aggregations/metrics/ExtendedStatsIT.java","4","0","1","20","573","682","0"
"netty","ba6ce5449ee852b782dde9a11933f6a09b123e22","codec-http/src/main/java/io/netty/handler/codec/http/DefaultFullHttpResponse.java","4","0","1","21","113","172","0"
"netty","e6ca9882a107c34cf6358c8d7a68561025f06016","codec-http/src/main/java/io/netty/handler/codec/http/DefaultFullHttpResponse.java","4","0","1","21","114","174","1"
"hazelcast","8af89d261e006b0bef31465c2991c3cdb2d81f78","hazelcast/src/main/java/com/hazelcast/concurrent/lock/LockProxy.java","4","0","1","21","119","165","0"
"hazelcast","5bd0f1b5d3fb7225fbb9ba525531e912511ff351","hazelcast/src/main/java/com/hazelcast/concurrent/lock/LockProxy.java","4","0","1","21","121","166","1"
"hazelcast","3c8fa06ab9436dba9d757ca218364772fd57241a","hazelcast/src/main/java/com/hazelcast/concurrent/lock/LockProxy.java","4","0","1","21","121","168","0"
"hazelcast","9518e6098309042882113ef36bf7d6a5a61d6349","hazelcast/src/main/java/com/hazelcast/concurrent/lock/LockProxy.java","4","0","1","21","121","168","0"
"hazelcast","aa06e303947c7ba1ac2fbb9f3e1ed6312100764a","hazelcast/src/main/java/com/hazelcast/concurrent/lock/LockProxy.java","4","0","1","21","121","168","2"
"elasticsearch","2b15d20f9351b2625825153dc87381eb037b20aa","plugins/ingest-attachment/src/test/java/org/elasticsearch/ingest/attachment/AttachmentProcessorTests.java","4","0","1","21","226","296","0"
"netty","77b4ec7e1bc0b8c6111728cc074226dd9cfe1b73","transport-udt/src/main/java/io/netty/channel/udt/DefaultUdtServerChannelConfig.java","4","0","1","23","144","193","1"
"netty","799350c369e68462b61c6aef97db2a33ea937434","codec-http2/src/test/java/io/netty/handler/codec/http2/WeightedFairQueueByteDistributorDependencyTreeTest.java","4","0","1","23","605","937","0"
"netty","d2032254b7b29aca620223c672ffa244171898b5","transport-udt/src/main/java/io/netty/channel/udt/DefaultUdtServerChannelConfig.java","4","0","1","24","149","199","0"
"netty","9d4fae308c09a2c759dc67db765d311154c8d977","transport-udt/src/main/java/io/netty/channel/udt/DefaultUdtServerChannelConfig.java","4","0","1","24","150","200","1"
"netty","3e5dcb5f3efbb26d5e6cf4cd229b03c285d62462","transport-udt/src/main/java/io/netty/channel/udt/DefaultUdtServerChannelConfig.java","4","0","1","25","158","209","0"
"antlr4","b4a53d56d4324739e823344237c4d7fdf6cac90c","tool/test/org/antlr/v4/test/TestATNConstruction.java","4","0","1","26","437","936","1"
"antlr4","bb389782da9fe9a9a1c56c31a5af4f61c39c31fb","tool/test/org/antlr/v4/test/TestATNConstruction.java","4","0","1","26","447","947","0"
"netty","bca35b0449d2ce16a39a86a4be7aa9d5ae2bdb70","codec-http2/src/test/java/io/netty/handler/codec/http2/Http2FrameCodecTest.java","4","0","1","26","498","665","0"
"neo4j","507796b06dc34cc294b92b9d5a4115a8c3bfa65d","community/kernel/src/main/java/org/neo4j/kernel/api/proc/Neo4jTypes.java","4","0","1","27","129","178","1"
"netty","379ac890f4dbec15d19714711f85455a12112c3f","codec-http2/src/test/java/io/netty/handler/codec/http2/Http2FrameCodecTest.java","4","0","1","27","526","696","0"
"hazelcast","59c4822d4ad5dfac4cecd11231280baa33d4aa35","hazelcast/src/test/java/com/hazelcast/queue/TransactionQueueTest.java","4","0","1","3","100","134","1"
"neo4j","1b3aad3b619bd72c2c9f79bb7edf642c5dc56a6f","community/kernel/src/main/java/org/neo4j/kernel/impl/factory/EditionModule.java","4","0","1","3","100","150","2"
"hazelcast","70d4de16ff0ac4518d09aad8c9f2ad9e782fb337","hazelcast/src/test/java/com/hazelcast/executor/SpecificSetupTest.java","4","0","1","3","108","161","2"
"elasticsearch","b379bf5668c5bf3a6edffbc2cd9ae97f29a8b7d6","src/test/java/org/elasticsearch/snapshots/RepositoriesTests.java","4","0","1","3","110","153","1"
"elasticsearch","b987615f5e96cb6f568e025a449d1f4d7e5402df","src/test/java/org/elasticsearch/snapshots/RepositoriesTests.java","4","0","1","3","112","155","0"
"hazelcast","2921cff694583b8638dae2991f427e61d5440a9d","hazelcast/src/test/java/com/hazelcast/executor/SpecificSetupTest.java","4","0","1","3","115","170","0"
"hazelcast","d568e4d926d925d57d4e79e34614390416749301","hazelcast/src/test/java/com/hazelcast/executor/SpecificSetupTest.java","4","0","1","3","115","170","0"
"hazelcast","1f042b8c4a4245594691bb6d85a66ceed9b43068","hazelcast/src/test/java/com/hazelcast/executor/SpecificSetupTest.java","4","0","1","3","115","170","1"
"hazelcast","d6e7a14e1c7a092d5727131d79a0ad3255540d50","hazelcast/src/test/java/com/hazelcast/test/ObjectTestUtils.java","4","0","1","3","13","23","0"
"hazelcast","3ffe77f22282c1ecbad3ce98484b65f0d1f26f38","hazelcast/src/test/java/com/hazelcast/wan/impl/WanReplicationTest.java","4","0","1","3","139","186","0"
"hazelcast","7c26003a4ca787a3e815559aecae2879e59559bf","hazelcast/src/test/java/com/hazelcast/wan/impl/WanReplicationTest.java","4","0","1","3","139","186","0"
"hazelcast","9dcaf7c00e57b9faa76ca8bd3f62471166dd4898","hazelcast/src/test/java/com/hazelcast/wan/impl/WanReplicationTest.java","4","0","1","3","139","186","0"
"hazelcast","f9d8bfee9afcd1c787bb35a2a176e97373f87751","hazelcast/src/test/java/com/hazelcast/wan/impl/WanReplicationTest.java","4","0","1","3","139","186","0"
"hazelcast","6e2e158581b6d96dc8a27baa2d27cb37d337aed2","hazelcast/src/test/java/com/hazelcast/wan/impl/WanReplicationTest.java","4","0","1","3","139","186","1"
"neo4j","8a31284a00600fe653939a9b2206e0382deded40","community/kernel/src/main/java/org/neo4j/kernel/impl/factory/EditionModule.java","4","0","1","3","141","197","1"
"orientdb","62b47795cd8eab70076e508b269dfbe576e12188","core/src/test/java/com/orientechnologies/orient/core/sql/OLiveQueryTest.java","4","0","1","3","143","210","0"
"elasticsearch","b987615f5e96cb6f568e025a449d1f4d7e5402df","src/test/java/org/elasticsearch/snapshots/DedicatedClusterSnapshotRestoreTests.java","4","0","1","3","145","204","0"
"elasticsearch","b0beb3c8e1e3fbe726e6284032f9c2d8c4f492de","src/test/java/org/elasticsearch/snapshots/DedicatedClusterSnapshotRestoreTests.java","4","0","1","3","147","206","1"
"elasticsearch","fdbefa0cd1a4dd357534ef57b3fb50a045c9ec00","src/test/java/org/elasticsearch/snapshots/DedicatedClusterSnapshotRestoreTests.java","4","0","1","3","148","207","2"
"elasticsearch","0a69f1e283e26e5d9e6a000b68b9f4778de557a1","core/src/test/java/org/elasticsearch/index/mapper/externalvalues/SimpleExternalMappingTests.java","4","0","1","3","165","220","2"
"elasticsearch","5a64f08f048461a63a0ca1354a5050c954e63d52","core/src/test/java/org/elasticsearch/index/mapper/externalvalues/SimpleExternalMappingTests.java","4","0","1","3","172","228","0"
"hazelcast","8af89d261e006b0bef31465c2991c3cdb2d81f78","hazelcast/src/main/java/com/hazelcast/util/ValidationUtil.java","4","0","1","3","23","52","0"
"elasticsearch","e530f03b9445e98728b5fbf203c57ab774928ff3","src/main/java/org/elasticsearch/cluster/routing/allocation/command/AllocationCommands.java","4","0","1","3","25","54","0"
"hazelcast","04c204fcf1f1d07695eb4355106ffdc8e6bc9365","hazelcast/src/main/java/com/hazelcast/config/matcher/RegexConfigPatternMatcher.java","4","0","1","3","26","39","0"
"hazelcast","b272f09c2841829f10930e79896929eab9a6031d","hazelcast/src/main/java/com/hazelcast/spi/impl/operationservice/impl/RemoteInvocationResponseHandler.java","4","0","1","3","34","63","1"
"hazelcast","008f92b65b9a6f5b89c3e0805921ee5d670971c4","hazelcast/src/main/java/com/hazelcast/spi/impl/operationservice/impl/RemoteInvocationResponseHandler.java","4","0","1","3","35","64","0"
"BroadleafCommerce","9f01bd6c4edb320ae0086235623ebdc20924768e","common/src/main/java/org/springframework/orm/jpa/persistenceunit/Jpa2PersistenceUnitInfoDecorator.java","4","0","1","3","37","68","0"
"hazelcast","13960bc753b9224a602e345db1f2a57c347674d2","hazelcast-spring/src/main/java/com/hazelcast/spring/context/SpringManagedContext.java","4","0","1","3","38","65","0"
"elasticsearch","a80639abf5ce9a1b41139ef24b465c93e0c25ce0","src/main/java/org/elasticsearch/index/query/SpanNotQueryBuilder.java","4","0","1","3","38","71","0"
"elasticsearch","5eeac2fdf6c108e2f9b6305b6577a77e5290ad9e","src/main/java/org/elasticsearch/http/netty/HttpRequestHandler.java","4","0","1","3","39","73","0"
"BroadleafCommerce","3c64219a412a918a072ad329eaa0c20a3a918683","core/broadleaf-framework/src/main/java/org/broadleafcommerce/core/pricing/service/fulfillment/provider/FixedPriceFulfillmentPricingProvider.java","4","0","1","3","39","74","0"
"BroadleafCommerce","42fab0f12ab56dc3af4b15636fdb702de7de5d4d","core/broadleaf-framework/src/main/java/org/broadleafcommerce/core/pricing/service/fulfillment/provider/FixedPriceFulfillmentPricingProvider.java","4","0","1","3","39","77","0"
"hazelcast","28299d7c4c35d658e1243f77a60b42141f4d3c74","hazelcast-spring/src/main/java/com/hazelcast/spring/context/SpringManagedContext.java","4","0","1","3","40","68","1"
"BroadleafCommerce","1bdd4b0d5da1bf63763074b1183fd0265ac03a4a","core/broadleaf-framework/src/main/java/org/broadleafcommerce/core/pricing/service/fulfillment/provider/FixedPriceFulfillmentPricingProvider.java","4","0","1","3","40","75","1"
"neo4j","3ba4c3eb9ac99cd80673b361aec957e934853e90","community/kernel/src/main/java/org/neo4j/kernel/impl/api/store/StoreSinglePropertyCursor.java","4","0","1","3","41","71","1"
"hazelcast","e4f7959a373b0263506a00fa6941d0020407e6fd","hazelcast/src/main/java/com/hazelcast/client/impl/protocol/parameters/GetDistributedObjectResultParameters.java","4","0","1","3","42","73","1"
"neo4j","4f04ee08438d4e1c99095d9d8a9f2ec223af89a9","community/kernel/src/main/java/org/neo4j/kernel/impl/api/store/StoreSinglePropertyCursor.java","4","0","1","3","43","73","1"
"elasticsearch","90a339ad5e4a61e750d0342be6326de46f45bedc","modules/elasticsearch/src/main/java/org/elasticsearch/search/facet/range/ScriptRangeFacetCollector.java","4","0","1","3","43","78","0"
"elasticsearch","c746854e03262135fe0fa723be3bd5fc469e4d3c","core/src/main/java/org/elasticsearch/indices/analysis/PreBuiltTokenFilters.java","4","0","1","3","433","518","0"
"hazelcast","51d7586e9767ff8edcdf5502bcfe3e51cd5de62b","hazelcast-client-new/src/main/java/com/hazelcast/client/util/ClientCancellableDelegatingFuture.java","4","0","1","3","44","79","0"
"elasticsearch","fdb98b1dcb1cbdbb6dcf7d4be9cf1f0598963d2f","modules/test/integration/src/test/java/org/elasticsearch/test/integration/search/highlight/SameContentHighlightingTests.java","4","0","1","3","50","87","0"
"neo4j","2bab615d2023ad72e4595f2a58594e6b999385f5","community/kernel/src/main/java/org/neo4j/kernel/api/exceptions/schema/SchemaKernelException.java","4","0","1","3","51","82","0"
"hazelcast","2d4fa2eca3ca69e76861d3b3710a9d20653e0641","hazelcast/src/test/java/com/hazelcast/security/permission/MapPermissionTest.java","4","0","1","3","51","87","1"
"hazelcast","4510f17588637aae6ee791e40c00eb8ddd5e61c2","hazelcast/src/test/java/com/hazelcast/security/permission/MapPermissionTest.java","4","0","1","3","51","87","1"
"hazelcast","e646f4f95dcbfcc5ffa6ef64b31202f34cb56a4b","hazelcast/src/test/java/com/hazelcast/security/permission/MapPermissionTest.java","4","0","1","3","51","87","2"
"hazelcast","04c204fcf1f1d07695eb4355106ffdc8e6bc9365","hazelcast/src/test/java/com/hazelcast/security/permission/MapPermissionTest.java","4","0","1","3","51","87","0"
"hazelcast","cd890cdbe0b125e9a4ef6c2f03cc368382814c3c","hazelcast/src/main/java/com/hazelcast/client/impl/protocol/codec/QueryCacheEventDataCodec.java","4","0","1","3","51","87","0"
"netty","9125060752f5124949e55a6868647c75f88cdb01","example/src/main/java/io/netty/example/http/upload/HttpUploadServer.java","4","0","1","3","52","81","0"
"hazelcast","a4035afdfc67b757940a15578bc51b4e7b6b0b13","hazelcast/src/main/java/com/hazelcast/client/impl/protocol/task/cache/CacheClearMessageTask.java","4","0","1","3","53","88","0"
"netty","4a5dc3222488db44b0174297f20b83195601cb8d","example/src/main/java/io/netty/example/securechat/SecureChatServerHandler.java","4","0","1","3","54","87","1"
"netty","ca5554dfe7707d2cce712d1165a648129e0a9c84","example/src/main/java/io/netty/example/securechat/SecureChatServerHandler.java","4","0","1","3","55","88","0"
"titan","63cd447da2fac871c2528fcec575e19b10e7330b","src/test/java/com/thinkaurelius/faunus/mapreduce/filter/PropertyFilterMapTest.java","4","0","1","3","56","75","1"
"hazelcast","ae0f6a2d3bbf4d06ae5d9dcaf15882bd0c084131","hazelcast/src/main/java/com/hazelcast/map/impl/querycache/subscriber/QueryCacheEndToEndProvider.java","4","0","1","3","57","90","1"
"elasticsearch","db1b243343422b63f1ab01f2a4a6f7f0e95496ef","core/src/test/java/org/elasticsearch/search/aggregations/pipeline/bucketmetrics/percentile/InternalPercentilesBucketTests.java","4","0","1","3","58","93","0"
"elasticsearch","7e60cf3e544f05c89e7a32aa9dc410b95b6bcb24","core/src/main/java/org/elasticsearch/rest/action/admin/indices/RestGetAliasesAction.java","4","0","1","3","61","132","1"
"oryx","df27388cd4a3029d67283e23ecdd70b83fa4bd9b","app/oryx-app-serving/src/main/java/com/cloudera/oryx/app/serving/kmeans/Assign.java","4","0","1","3","61","96","0"
"elasticsearch","770ccf421b468f518fffbd7671632569f49d59cb","modules/elasticsearch/src/test/java/org/elasticsearch/index/cache/filter/FilterCacheTests.java","4","0","1","3","62","100","0"
"elasticsearch","459d59a04ad4eb1671bac50a6faf3a7ad372d0e4","src/main/java/org/elasticsearch/search/suggest/phrase/PhraseSuggester.java","4","0","1","3","62","101","1"
"hazelcast","d568e4d926d925d57d4e79e34614390416749301","hazelcast/src/main/java/com/hazelcast/cache/impl/ClusterWideIterator.java","4","0","1","3","62","103","0"
"orientdb","44c7eba3ff0572ab82bf827257dd137d93819af0","graphdb/src/test/java/com/tinkerpop/blueprints/impls/orient/BlueprintsKeyIndexTest.java","4","0","1","3","63","88","1"
"oryx","d16f89b25fc5e12f94af6432274c66e0394c1743","app/oryx-app-serving/src/main/java/com/cloudera/oryx/app/serving/kmeans/Assign.java","4","0","1","3","64","99","0"
"oryx","27e9046b2bd92243c260efd8bcd0af46b92bdf9e","app/oryx-app-serving/src/main/java/com/cloudera/oryx/app/serving/kmeans/Assign.java","4","0","1","3","66","101","0"
"hazelcast","f332be60ebd23c10a1b73ed223bf031807b83557","hazelcast-client/src/main/java/com/hazelcast/client/connection/nio/ClientReadHandler.java","4","0","1","3","69","109","0"
"orientdb","46bbcabde62c2b9e61ebaf45dc23f16d9dee7f02","lucene/src/test/java/com/orientechnologies/lucene/test/LuceneBackupRestoreTest.java","4","0","1","3","69","126","1"
"elasticsearch","050b7cd0f97c9a7835b837f2f64626f2acc39871","core/src/main/java/org/elasticsearch/rest/action/admin/indices/RestGetAliasesAction.java","4","0","1","3","69","172","0"
"orientdb","136db63960bbf53514691bf5a0bb8361a5ea5361","lucene/src/test/java/com/orientechnologies/lucene/test/LuceneBackupRestoreTest.java","4","0","1","3","70","127","0"
"orientdb","67b44e38d6982f4b915b71290548d72dbd5aaa00","tests/src/test/java/com/orientechnologies/orient/test/database/auto/LiveQueryTest.java","4","0","1","3","74","114","1"
"orientdb","7c7d60e2c2cf146d7edd289cc983d4fc7d4d8a69","graphdb/src/test/java/com/orientechnologies/orient/graph/GraphNonBlockingQueryRemote.java","4","0","1","3","87","108","0"
"elasticsearch","e0aa481bf5426aeb12076f6b1346357073374f05","plugins/mapper-attachments/src/test/java/org/elasticsearch/mapper/attachments/EncryptedDocMapperTests.java","4","0","1","3","87","131","0"
"elasticsearch","976152b23e2fe0b658b5b7c3ed225ff76b0a798b","src/test/java/org/elasticsearch/test/integration/indices/state/SimpleIndexStateTests.java","4","0","1","3","87","136","1"
"oryx","efcdff4c4e8f2827aae55879bbb778cd0f7dd99c","oryx-lambda/src/test/java/com/cloudera/oryx/lambda/AbstractLambdaIT.java","4","0","1","3","88","126","0"
"elasticsearch","0809e4a65fb73a1be6e1b9c717f83b6b21b7e989","plugins/mapper-attachments/src/test/java/org/elasticsearch/mapper/attachments/EncryptedDocMapperTests.java","4","0","1","3","88","132","1"
"elasticsearch","2b3760f78b26817b5a2030aa27b1ddf2f17462f6","core/src/main/java/org/elasticsearch/rest/action/admin/cluster/RestClusterRerouteAction.java","4","0","1","3","95","129","1"
"elasticsearch","371c73e14023917f3892090d2d3d7ff9ac1216b9","core/src/main/java/org/elasticsearch/rest/action/admin/cluster/reroute/RestClusterRerouteAction.java","4","0","1","3","95","129","3"
"elasticsearch","78574d248cf10dad1c5a566fda79e1e0c94afe43","core/src/main/java/org/elasticsearch/rest/action/admin/cluster/reroute/RestClusterRerouteAction.java","4","0","1","3","95","129","2"
"elasticsearch","e6aaaf11ed4a1b8f595f920de1840938eddb7a97","core/src/main/java/org/elasticsearch/rest/action/admin/cluster/reroute/RestClusterRerouteAction.java","4","0","1","3","95","129","2"
"elasticsearch","a60b8948ba1d836a6eac7cff095519e618939ed8","core/src/main/java/org/elasticsearch/rest/action/admin/cluster/reroute/RestClusterRerouteAction.java","4","0","1","3","95","129","0"
"elasticsearch","0a69f1e283e26e5d9e6a000b68b9f4778de557a1","core/src/test/java/org/elasticsearch/indices/state/SimpleIndexStateIT.java","4","0","1","3","97","151","2"
"elasticsearch","5a64f08f048461a63a0ca1354a5050c954e63d52","core/src/test/java/org/elasticsearch/indices/state/SimpleIndexStateIT.java","4","0","1","3","98","152","0"
"netty","cb139043f321836746915e7ada2d507ca45ed734","codec-http/src/test/java/io/netty/handler/codec/http/HttpServerCodecTest.java","4","0","1","3","99","156","0"
"neo4j","ffb1ce9ef51a4beef61b5067b35e5e116ba8e2a4","community/kernel/src/main/java/org/neo4j/kernel/api/proc/Neo4jTypes.java","4","0","1","31","145","196","0"
"orientdb","30195404c3c4403c6dececb04d86222fa3a92cbd","etl/src/test/java/com/orientechnologies/orient/etl/extractor/OCSVExtractorTest.java","4","0","1","33","306","358","0"
"orientdb","abf6ba2fb52da0ed0fbf5148ca6eaef77f2e0b53","etl/src/test/java/com/orientechnologies/orient/etl/extractor/OCSVExtractorTest.java","4","0","1","33","339","399","1"
"orientdb","59ff9e59e206fdb92afde6cab8713e98a723877a","etl/src/test/java/com/orientechnologies/orient/etl/extractor/OCSVExtractorTest.java","4","0","1","33","340","394","0"
"orientdb","29ed663ec9cc6a3349c64fe1410363a1e480ceb1","etl/src/test/java/com/orientechnologies/orient/etl/extractor/OCSVExtractorTest.java","4","0","1","33","340","395","0"
"orientdb","984c71715a77135a3a3b46473e9b6f816f78fb60","etl/src/test/java/com/orientechnologies/orient/etl/extractor/OCSVExtractorTest.java","4","0","1","34","316","369","0"
"orientdb","c8c1b3eca7c77d6c6a3c32ce1cc51e4c4832d94a","etl/src/test/java/com/orientechnologies/orient/etl/extractor/OCSVExtractorTest.java","4","0","1","34","316","369","0"
"orientdb","36fe694c8f3e92babf28edcd4aeda4d4ec08e667","etl/src/test/java/com/orientechnologies/orient/etl/extractor/OCSVExtractorTest.java","4","0","1","34","316","369","1"
"orientdb","67a525ee2667907cb7ad9b16a4421e07dc8600b2","etl/src/test/java/com/orientechnologies/orient/etl/extractor/OCSVExtractorTest.java","4","0","1","34","341","394","2"
"orientdb","21dce961ef7c05042005bc5e56ff656c03ef0e4a","etl/src/test/java/com/orientechnologies/orient/etl/extractor/OCSVExtractorTest.java","4","0","1","34","347","411","1"
"netty","26a7a5ec25fe81fae38f557e6b44bf9c3ea91fea","codec-http2/src/test/java/io/netty/handler/codec/http2/DefaultHttp2ConnectionDecoderTest.java","4","0","1","34","487","587","1"
"orientdb","e7de7f4d41e9ce1a35bf94e2e22d82b3750b6d5c","etl/src/test/java/com/orientechnologies/orient/etl/extractor/OCSVExtractorTest.java","4","0","1","35","365","436","2"
"orientdb","af4d2778d4c32d7a669fe89249a4aa08cc9107fd","etl/src/test/java/com/orientechnologies/orient/etl/extractor/OCSVExtractorTest.java","4","0","1","35","368","446","1"
"orientdb","17496091986496c493f8485a1885d6810c1b4377","etl/src/test/java/com/orientechnologies/orient/etl/extractor/OCSVExtractorTest.java","4","0","1","35","370","448","0"
"orientdb","7d5b35cf88b1863543d756393b5e313fe3070d1b","etl/src/test/java/com/orientechnologies/orient/etl/extractor/OCSVExtractorTest.java","4","0","1","36","376","455","1"
"orientdb","a2eaf6636bb600c7e6d311b0bb7d112bbaafb4a0","etl/src/test/java/com/orientechnologies/orient/etl/extractor/OETLCSVExtractorTest.java","4","0","1","37","389","471","0"
"netty","e65e17c72477a7cd398190c3628bf96d224ea78a","codec/src/test/java/io/netty/handler/codec/compression/SnappyIntegrationTest.java","4","0","1","39","247","329","1"
"hazelcast","9d92e89e761fe6d4368df47311cf7902578295a3","hazelcast/src/main/java/com/hazelcast/replicatedmap/impl/operation/ReplicateUpdateToCallerOperation.java","4","0","1","4","101","133","0"
"orientdb","461a500334a7f2be248cd0b34dc27ae176c1098a","core/src/main/java/com/orientechnologies/orient/core/sql/functions/ODefaultSQLFunctionFactory.java","4","0","1","4","102","137","0"
"orientdb","6f9fabbf0137d4d4f91cf98a6d31dcb63cd51710","core/src/main/java/com/orientechnologies/orient/core/sql/functions/ODefaultSQLFunctionFactory.java","4","0","1","4","105","141","0"
"neo4j","d693165ae77cf119824aaa7a53ac45b466b15c24","enterprise/core-edge/src/main/java/org/neo4j/coreedge/catchup/tx/TxPollingClient.java","4","0","1","4","117","162","1"
"elasticsearch","0f2d2d0495509953b75f5f799c50d60eb76f4a5f","src/test/java/org/elasticsearch/index/shard/IndexShardTests.java","4","0","1","4","118","168","1"
"elasticsearch","523a8b4c3e8003316f3e7c6a74bdd5e4e1818dd6","modules/test/integration/src/test/java/org/elasticsearch/test/integration/search/geo/GeoBoundingBoxTests.java","4","0","1","4","138","203","0"
"elasticsearch","9077bb6528f843ca8042ff95f8fac47140ef5aa1","modules/test/integration/src/test/java/org/elasticsearch/test/integration/search/geo/GeoBoundingBoxTests.java","4","0","1","4","145","210","0"
"hazelcast","2bc0eb541f31f2bceca8883a717789881221fc2f","hazelcast/src/test/java/com/hazelcast/wan/impl/WanReplicationTest.java","4","0","1","4","149","196","1"
"hazelcast","2c1225b03b083e24d80caeb26fd39e5df0ee7fac","hazelcast/src/test/java/com/hazelcast/wan/impl/WanReplicationTest.java","4","0","1","4","149","196","1"
"hazelcast","a453ed2233f97f26407e92b9e64ae987070c2bb6","hazelcast/src/test/java/com/hazelcast/wan/impl/WanReplicationTest.java","4","0","1","4","149","196","0"
"hazelcast","09bd1799af89fd08fca90af7badcfb4587b22aa2","hazelcast/src/main/java/com/hazelcast/mapreduce/aggregation/impl/DistinctValuesAggregation.java","4","0","1","4","150","241","1"
"hazelcast","6f0609accf0399b5744b8a17114f0ffb12a0e730","hazelcast/src/main/java/com/hazelcast/mapreduce/aggregation/impl/DistinctValuesAggregation.java","4","0","1","4","150","241","2"
"hazelcast","83daa0c085a68c3c7a53f3ac2b50a4675ea910aa","hazelcast/src/main/java/com/hazelcast/mapreduce/aggregation/impl/DistinctValuesAggregation.java","4","0","1","4","150","241","0"
"hazelcast","bae7d5dcf12e85f48c49810190ec089eeea0b454","hazelcast/src/main/java/com/hazelcast/mapreduce/aggregation/impl/DistinctValuesAggregation.java","4","0","1","4","152","243","0"
"elasticsearch","19cce0b32917a6034ab50b2e33111f37de418139","src/test/java/org/elasticsearch/test/unit/threadpool/UpdateThreadPoolSettingsTests.java","4","0","1","4","160","232","1"
"netty","8ed4807360371ed81bc40b62394b01dc2bb9a7c2","codec-http/src/test/java/io/netty/handler/codec/http/multipart/HttpPostRequestEncoderTest.java","4","0","1","4","162","211","0"
"hazelcast","565257f977407eb3a0199d082860209c2958f5f9","hazelcast/src/main/java/com/hazelcast/mapreduce/aggregation/impl/DistinctValuesAggregation.java","4","0","1","4","166","268","1"
"elasticsearch","410704fd18acde70a0e7b149ce6e1b9aaa7560dd","core/src/test/java/org/elasticsearch/discovery/zen/ZenDiscoveryTests.java","4","0","1","4","171","219","1"
"elasticsearch","4a6f3c78408c316d9f6f212d2664adda13c54a44","core/src/test/java/org/elasticsearch/cluster/routing/allocation/decider/DiskThresholdDeciderUnitTests.java","4","0","1","4","190","266","0"
"elasticsearch","28109a18a2dc1f30207d09bdfb2148e8d7906337","core/src/test/java/org/elasticsearch/cluster/routing/allocation/decider/DiskThresholdDeciderUnitTests.java","4","0","1","4","198","274","1"
"elasticsearch","ca6cd2bbed3af6723ef7be9b557f1e32ecd13c30","modules/elasticsearch/src/main/java/org/elasticsearch/index/mapper/selector/FieldMappersFieldSelector.java","4","0","1","4","30","62","0"
"hazelcast","175512d34ec2fecf0c222c1f2ad5de55b0bc629e","hazelcast-hibernate/hazelcast-hibernate4/src/main/java/com/hazelcast/hibernate/serialization/Hibernate4CacheEntrySerializerHook.java","4","0","1","4","36","65","1"
"elasticsearch","8bdfd21b70568a39ebf5232e8c395f5206a7a63f","src/main/java/org/elasticsearch/transport/TransportMessage.java","4","0","1","4","38","75","0"
"mcMMO","51777dbe859a07c156e47e04dcdd4421ccad4e09","src/main/java/com/gmail/nossr50/listeners/WorldListener.java","4","0","1","4","40","58","1"
"orientdb","9b0a6b5a0d74bce339faedfdf33a3918902c1a9e","core/src/main/java/com/orientechnologies/orient/core/sql/OCommandExecutorSQLExplain.java","4","0","1","4","42","79","0"
"orientdb","b18251fe922483b2b6591472b9f435a9214c8c51","graphdb/src/main/java/com/orientechnologies/orient/graph/sql/functions/OGraphFunctionFactory.java","4","0","1","4","43","86","0"
"elasticsearch","53be1fe9d05ad5e4a8c4e61e59541b99f6c3b6fd","src/main/java/org/elasticsearch/common/lucene/all/AllTokenStream.java","4","0","1","4","44","79","1"
"elasticsearch","12f53090417d01134f92281b8285a5783f971887","core/src/main/java/org/elasticsearch/common/io/stream/NotSerializableExceptionWrapper.java","4","0","1","4","44","80","2"
"orientdb","0ab77149b361076e9ed98b7b2fcea96ecc871cfd","graphdb/src/main/java/com/orientechnologies/orient/graph/sql/functions/OGraphFunctionFactory.java","4","0","1","4","44","86","1"
"orientdb","9948eaed9540477b740a215c986f92928fab2bf2","graphdb/src/main/java/com/orientechnologies/orient/graph/sql/functions/OGraphFunctionFactory.java","4","0","1","4","44","86","1"
"orientdb","c9527fb5ba41bfac24f39ab9463fb94480b2f391","graphdb/src/main/java/com/orientechnologies/orient/graph/sql/functions/OGraphFunctionFactory.java","4","0","1","4","44","86","0"
"elasticsearch","e97353e84a45c79ba3795ad82b60ab9345831fc1","src/main/java/org/elasticsearch/search/rescore/RescorePhase.java","4","0","1","4","45","74","0"
"netty","9175abc451b3573fc62847960a64c771e7a2c723","transport/src/main/java/io/netty/channel/SingleThreadEventLoop.java","4","0","1","4","45","79","1"
"orientdb","331294aa28524aabb5128bbffbbdb5afc498cbfe","src/test/java/com/orientechnologies/orient/etl/extractor/OJsonExtractorTest.java","4","0","1","4","46","79","0"
"BroadleafCommerce","7ca11dd70fb89de8e023343217ec39211226cb0d","common/src/main/java/org/broadleafcommerce/common/weave/ConditionalDirectCopyTransformersManagerImpl.java","4","0","1","4","47","63","0"
"hazelcast","51678a21f014f83d682756ed6b48fa7cafc01d1c","hazelcast/src/main/java/com/hazelcast/multimap/impl/MultiMapPartitionContainer.java","4","0","1","4","47","78","2"
"orientdb","9076e4945a5441e4b88d7bb3f42eefc05bf4a5ed","src/test/java/com/orientechnologies/orient/etl/extractor/OJsonExtractorTest.java","4","0","1","4","47","82","0"
"orientdb","984c71715a77135a3a3b46473e9b6f816f78fb60","etl/src/test/java/com/orientechnologies/orient/etl/extractor/OJsonExtractorTest.java","4","0","1","4","47","82","0"
"orientdb","36fe694c8f3e92babf28edcd4aeda4d4ec08e667","etl/src/test/java/com/orientechnologies/orient/etl/extractor/OJsonExtractorTest.java","4","0","1","4","47","82","1"
"orientdb","a2eaf6636bb600c7e6d311b0bb7d112bbaafb4a0","etl/src/test/java/com/orientechnologies/orient/etl/extractor/OETLJsonExtractorTest.java","4","0","1","4","48","83","0"
"orientdb","46bbcabde62c2b9e61ebaf45dc23f16d9dee7f02","etl/src/main/java/com/orientechnologies/orient/etl/transformer/OETLCommandTransformer.java","4","0","1","4","48","86","1"
"neo4j","c4b73f41c621dadf3c18b9f1bb9785f69932d05f","community/kernel/src/main/java/org/neo4j/kernel/impl/api/store/StoreSinglePropertyCursor.java","4","0","1","4","49","79","2"
"orientdb","136db63960bbf53514691bf5a0bb8361a5ea5361","etl/src/main/java/com/orientechnologies/orient/etl/transformer/OETLCommandTransformer.java","4","0","1","4","49","87","0"
"mcMMO","988006f913527dfdd3009e10a3760fa11a3e6795","src/main/java/com/gmail/nossr50/skills/alchemy/Alchemy.java","4","0","1","4","50","69","1"
"hazelcast","9f3e4501bfc972d29b09eaf5d394b78cf879446b","hazelcast/src/main/java/com/hazelcast/cache/impl/operation/CacheGetConfigOperation.java","4","0","1","4","52","84","0"
"orientdb","16749f800c390d701c2d41057f197ec262717cf2","graphdb/src/main/java/com/orientechnologies/orient/graph/sql/functions/OGraphFunctionFactory.java","4","0","1","4","52","85","1"
"hazelcast","fe5fe72b500ec87086cc396cfea16d1fa6abf951","hazelcast/src/main/java/com/hazelcast/internal/management/dto/SlowOperationDTO.java","4","0","1","4","53","67","0"
"hazelcast","4eef0f6f0630c47a4baca6875343ccd506948bb5","hazelcast/src/main/java/com/hazelcast/multimap/operations/PutBackupOperation.java","4","0","1","4","53","86","1"
"hazelcast","74d6f72756601ada8fcd5b952384223dac5d5b25","hazelcast/src/main/java/com/hazelcast/multimap/operations/PutBackupOperation.java","4","0","1","4","53","86","2"
"orientdb","2378b402ceb8f862e5d54409f4f189c8fd72ce46","graphdb/src/main/java/com/orientechnologies/orient/graph/sql/functions/OGraphFunctionFactory.java","4","0","1","4","53","86","0"
"hazelcast","e1b69c53ca4923affcd7722f012a80e32517e988","hazelcast/src/main/java/com/hazelcast/internal/cluster/impl/operations/ExplicitSuspicionOp.java","4","0","1","4","53","93","0"
"hazelcast","2b274e6521ea45ba3f56fc50cbbe51d807794e3c","hazelcast/src/main/java/com/hazelcast/cache/impl/operation/CacheGetConfigOperation.java","4","0","1","4","58","91","0"
"BroadleafCommerce","9b556e9914c84a41ae10f07813ea46a5d2023f27","core/broadleaf-framework-web/src/main/java/org/broadleafcommerce/core/web/order/security/MergeCartProcessorImpl.java","4","0","1","4","58","98","0"
"elasticsearch","46088b9f8acc057414ba222809b1b6bc3e1a435e","modules/elasticsearch/src/main/java/org/elasticsearch/search/facet/histogram/ScriptHistogramFacetCollector.java","4","0","1","4","60","97","0"
"hazelcast","49bc95f245df5503b44ba497a51ae534883f2f4f","hazelcast/src/test/java/com/hazelcast/cache/CacheTestSupport.java","4","0","1","4","61","82","1"
"hazelcast","744c1e4f63f0af99d736812cc078c2e7ae4348ae","hazelcast/src/test/java/com/hazelcast/cache/CacheTestSupport.java","4","0","1","4","61","82","1"
"hazelcast","5c695f915d3d5ec0116cccdbde70b3551f5dcb5a","hazelcast/src/test/java/com/hazelcast/cache/CacheTestSupport.java","4","0","1","4","61","82","0"
"elasticsearch","43f71d1ff5cb0e9883a18c1ed26557cd2fac4462","core/src/test/java/org/elasticsearch/index/query/ConstantScoreQueryBuilderTests.java","4","0","1","4","63","102","1"
"hazelcast","9d8dcc2a1755aec6419b50698c80c1d109c89523","hazelcast/src/main/java/com/hazelcast/replicatedmap/impl/operation/SyncReplicatedMapDataOperation.java","4","0","1","4","63","93","1"
"elasticsearch","9333a3c28a147164ec66680a384d2dd05d9a05b7","src/main/java/org/elasticsearch/search/aggregations/support/bytes/ScriptBytesValues.java","4","0","1","4","64","106","0"
"elasticsearch","56f4fcb5df4067a17fdc0c5d61b342825c8a445f","src/main/java/org/elasticsearch/search/aggregations/support/bytes/ScriptBytesValues.java","4","0","1","4","65","107","1"
"titan","78f7182c4a3f837affbad4903aa3a0c6a1ad4fd3","titan-hadoop-parent/titan-hadoop-core/src/main/java/com/thinkaurelius/titan/hadoop/formats/titan/cassandra/TitanCassandraInputFormat.java","4","0","1","4","66","85","0"
"hazelcast","a62c5477c62dab1c6ad7960fb103b0065047e2c3","hazelcast/src/main/java/com/hazelcast/replicatedmap/impl/operation/RequestMapDataOperation.java","4","0","1","4","77","112","1"
"hazelcast","d568e4d926d925d57d4e79e34614390416749301","hazelcast/src/main/java/com/hazelcast/replicatedmap/impl/operation/RequestMapDataOperation.java","4","0","1","4","78","113","0"
"orientdb","f7748791c90eb1a6cb4d90deabc1f92601fff5f5","core/src/main/java/com/orientechnologies/orient/core/sql/functions/ODefaultSQLFunctionFactory.java","4","0","1","4","81","116","3"
"orientdb","5537a207baaaddadcc70fbe8a9678e23e7d0b7f7","core/src/main/java/com/orientechnologies/orient/core/sql/functions/ODefaultSQLFunctionFactory.java","4","0","1","4","82","117","1"
"orientdb","2447d8bec770b425abc6447fbf5abf288819a3de","graphdb/src/test/java/com/tinkerpop/blueprints/impls/orient/BlueprintsKeyIndexTest.java","4","0","1","4","87","122","0"
"elasticsearch","41d8fbe8f51abd499c9b497238bc5f2141b7926b","core/src/test/java/org/elasticsearch/cluster/SpecificMasterNodesIT.java","4","0","1","4","90","138","1"
"netty","e33f12f5b8a37b3f2a7291a10a61c8bce6ce73e0","transport-udt/src/main/java/io/netty/channel/udt/nio/NioUdtAcceptorChannel.java","4","0","1","4","91","131","1"
"elasticsearch","164efaecbe42195f08ada58b5fde927ab21fc6e7","core/src/test/java/org/elasticsearch/cluster/SpecificMasterNodesIT.java","4","0","1","4","91","139","0"
"netty","869687bd711e1358367203526128d9a2ad90663a","transport-udt/src/main/java/io/netty/channel/udt/nio/NioUdtAcceptorChannel.java","4","0","1","4","95","136","0"
"hazelcast","9d92e89e761fe6d4368df47311cf7902578295a3","hazelcast/src/main/java/com/hazelcast/replicatedmap/impl/operation/ReplicateUpdateOperation.java","4","0","1","4","97","128","0"
"orientdb","9948eaed9540477b740a215c986f92928fab2bf2","core/src/main/java/com/orientechnologies/orient/core/sql/functions/ODefaultSQLFunctionFactory.java","4","0","1","4","97","134","1"
"orientdb","b18251fe922483b2b6591472b9f435a9214c8c51","core/src/main/java/com/orientechnologies/orient/core/sql/functions/ODefaultSQLFunctionFactory.java","4","0","1","4","98","135","0"
"orientdb","0cfaa58d80b3649b6ce9089e8e6bd0930e885094","core/src/main/java/com/orientechnologies/orient/core/sql/functions/ODefaultSQLFunctionFactory.java","4","0","1","4","99","134","0"
"neo4j","a93c570faa774c1a40b635b6a3e6d8ccb61a99e8","community/consistency-check-legacy/src/test/java/org/neo4j/legacy/consistency/checking/GraphStoreFixture.java","4","0","1","40","356","440","1"
"neo4j","3ec0e927cb481a29815bc3237d2e53fd7cadd271","community/consistency-check-legacy/src/test/java/org/neo4j/legacy/consistency/checking/GraphStoreFixture.java","4","0","1","40","364","448","0"
"neo4j","562320c0be4006685ed6f086c12ef4e1f1964f3c","community/consistency-check-legacy/src/test/java/org/neo4j/legacy/consistency/checking/GraphStoreFixture.java","4","0","1","40","365","449","0"
"neo4j","0da6dae6f2ecbbab9a278f3757ef793cbe8d921f","community/consistency-check/src/test/java/org/neo4j/consistency/checking/GraphStoreFixture.java","4","0","1","40","366","450","1"
"netty","ab925abc7db806ead57f8d9ea50ff322ce2ff891","codec-http2/src/test/java/io/netty/handler/codec/http2/DefaultHttp2ConnectionDecoderTest.java","4","0","1","40","544","653","0"
"orientdb","76ffdc9fe1e541460329297a955e8494c36be8f5","core/src/main/java/com/orientechnologies/orient/core/storage/impl/local/paginated/OOfflineCluster.java","4","0","1","41","190","266","1"
"orientdb","c1f0f046093d166b58193818b359c73d4a50c228","core/src/main/java/com/orientechnologies/orient/core/storage/impl/local/paginated/OOfflineCluster.java","4","0","1","42","196","273","0"
"netty","5fb18e3415377fd022ac46d3a898b905617cf232","codec-http2/src/test/java/io/netty/handler/codec/http2/DefaultHttp2ConnectionDecoderTest.java","4","0","1","44","592","712","1"
"netty","f990f9983dd0e33fb4efb2212856ce5f9749cf85","codec-http2/src/test/java/io/netty/handler/codec/http2/DefaultHttp2ConnectionDecoderTest.java","4","0","1","46","614","737","0"
"hazelcast","78ae1a75208f6777bfb81fd68b2d62b446f83759","hazelcast/src/test/java/com/hazelcast/config/XMLConfigBuilderTest.java","4","0","1","46","768","878","1"
"hazelcast","eeb6b334651edff028158d90d5a3faea471a042d","hazelcast/src/test/java/com/hazelcast/config/XMLConfigBuilderTest.java","4","0","1","46","768","878","2"
"hazelcast","f766bf9e897d8cabcdd8e354bcdc97cfc4eadc0a","hazelcast/src/test/java/com/hazelcast/config/XMLConfigBuilderTest.java","4","0","1","46","768","878","0"
"hazelcast","5e18f9e8abf8dacee7a75885cc137a44fe0eef1c","hazelcast/src/test/java/com/hazelcast/config/XMLConfigBuilderTest.java","4","0","1","48","781","893","0"
"hazelcast","56026b9c99ece2ca2746ed3c8c5df1da88a050a8","hazelcast/src/test/java/com/hazelcast/config/XMLConfigBuilderTest.java","4","0","1","48","799","915","2"
"hazelcast","e48bec52b35f2dbf7ff0bf7d961549546461a701","hazelcast/src/test/java/com/hazelcast/config/XMLConfigBuilderTest.java","4","0","1","49","798","912","0"
"orientdb","6f9fabbf0137d4d4f91cf98a6d31dcb63cd51710","core/src/main/java/com/orientechnologies/orient/core/sql/method/ODefaultSQLMethodFactory.java","4","0","1","5","102","138","0"
"hazelcast","c7646f19153074eada5ced2b7989dfd58ac067a8","hazelcast-client/src/test/java/com/hazelcast/client/txn/ClientTxnMultiMapTest.java","4","0","1","5","103","145","0"
"hazelcast","a15c73c3b557982d3d61b01d695917b1aaae38ab","hazelcast-client/src/test/java/com/hazelcast/client/txn/ClientTxnMultiMapTest.java","4","0","1","5","103","148","1"
"netty","521bf83d0f39896f3c87c54bebd1e8c06e86b60b","codec-http/src/test/java/io/netty/handler/codec/http/QueryStringDecoderTest.java","4","0","1","5","134","171","0"
"neo4j","dffaacf551b9213f1b818976724f11748a16a674","enterprise/com/src/test/java/org/neo4j/com/storecopy/TransactionCommittingResponseUnpackerTest.java","4","0","1","5","175","236","0"
"neo4j","d693165ae77cf119824aaa7a53ac45b466b15c24","enterprise/com/src/test/java/org/neo4j/com/storecopy/TransactionCommittingResponseUnpackerTest.java","4","0","1","5","176","237","1"
"elasticsearch","c20d4bb69ed29cf11a747f0fdc40ce4237f79ce4","src/test/java/org/elasticsearch/common/lucene/all/SimpleAllTests.java","4","0","1","5","185","256","1"
"elasticsearch","41e4ee22e68a312ab58eb9b2c17382a516a88289","src/test/java/org/elasticsearch/test/unit/threadpool/UpdateThreadPoolSettingsTests.java","4","0","1","5","219","312","0"
"neo4j","b070962e9b00726d50df951106225fa252b7efeb","community/kernel/src/main/java/org/neo4j/kernel/impl/api/security/RestrictedAccessMode.java","4","0","1","5","29","59","0"
"orientdb","6a94e69f80e35d29251d7c442beaa55c6ade09d7","core/src/main/java/com/orientechnologies/orient/core/collate/OCaseInsensitiveCollate.java","4","0","1","5","29","65","1"
"BroadleafCommerce","14d2bad074311e7279f59a64b76e4670ee10de6e","admin/broadleaf-open-admin-platform/src/main/java/org/broadleafcommerce/openadmin/server/service/persistence/PersistenceManagerContext.java","4","0","1","5","30","64","0"
"orientdb","32bcab3904ae06f31e694dacebdb04af0e807381","core/src/main/java/com/orientechnologies/orient/core/sql/parser/OGroupBy.java","4","0","1","5","33","46","0"
"hazelcast","894288929b44cfe6a5706ed80691c9c37aaa5cd5","hazelcast/src/main/java/com/hazelcast/ringbuffer/impl/RingbufferWaitNotifyKey.java","4","0","1","5","34","66","1"
"elasticsearch","2ba4e35cdedc790f4650d1929c1cc1a8a0c239a5","src/test/java/org/elasticsearch/search/aggregations/bucket/ReverseNestedTests.java","4","0","1","5","385","452","0"
"orientdb","694179bbd708b0a0ab131849e7132dbf55ba1a0b","core/src/main/java/com/orientechnologies/orient/core/tx/OTransactionIndexChangesPerKey.java","4","0","1","5","40","75","1"
"elasticsearch","12d9268db256b728e8d334801739fb46167902b6","src/main/java/org/elasticsearch/common/util/BigDoubleArrayList.java","4","0","1","5","41","76","0"
"elasticsearch","7c27d53ee15b4fd411b71a049a204d826960c910","src/main/java/org/elasticsearch/plugin/cloud/azure/CloudAzurePlugin.java","4","0","1","5","42","74","1"
"orientdb","46bbcabde62c2b9e61ebaf45dc23f16d9dee7f02","core/src/main/java/com/orientechnologies/orient/core/sql/functions/OSQLFunctionFactoryTemplate.java","4","0","1","5","46","68","1"
"orientdb","1ffb4a74231b07389afced95123a7ef989a442cc","core/src/main/java/com/orientechnologies/orient/core/sql/OCommandExecutorSQLExplain.java","4","0","1","5","46","84","0"
"orientdb","136db63960bbf53514691bf5a0bb8361a5ea5361","core/src/main/java/com/orientechnologies/orient/core/sql/functions/OSQLFunctionFactoryTemplate.java","4","0","1","5","47","69","0"
"orientdb","f2c3273e9f37bffc0c99099735b1a09364360430","core/src/main/java/com/orientechnologies/orient/core/engine/local/OEngineLocalPaginated.java","4","0","1","5","49","88","0"
"oryx","49c1ead1c67cc8b980a4be36cff731a14ba4f3fb","framework/oryx-lambda/src/main/java/com/cloudera/oryx/lambda/TopicProducerImpl.java","4","0","1","5","50","85","0"
"orientdb","49646436cee4497bc6b13ed638598cac2c4ae6e6","core/src/main/java/com/orientechnologies/orient/core/engine/local/OEngineLocalPaginated.java","4","0","1","5","50","90","0"
"hazelcast","59c4822d4ad5dfac4cecd11231280baa33d4aa35","hazelcast/src/main/java/com/hazelcast/collection/operations/client/RemoveAllRequest.java","4","0","1","5","51","82","1"
"hazelcast","39091ff574efe84ae6a3d772a1b7cfce80f4f2e0","hazelcast/src/main/java/com/hazelcast/collection/operations/client/RemoveAllRequest.java","4","0","1","5","52","83","0"
"elasticsearch","730b83c03cf4cafa0c9fe27a63408af967c9bc12","src/main/java/org/elasticsearch/index/cache/query/parser/resident/ResidentQueryParserCache.java","4","0","1","5","54","91","0"
"hazelcast","adb9c3af7f236cda63c8eed889f117bc5499f84e","hazelcast/src/main/java/com/hazelcast/map/impl/operation/ClearExpiredOperation.java","4","0","1","5","60","92","1"
"hazelcast","e12e80c38b2743941e992d9f75d895231cd35c81","hazelcast/src/main/java/com/hazelcast/jmx/ListMBean.java","4","0","1","5","61","96","0"
"hazelcast","27d49efcee88ee428254cf38353e8698ea127c45","hazelcast/src/main/java/com/hazelcast/client/impl/protocol/task/AuthenticationMessageTask.java","4","0","1","5","62","95","1"
"netty","f398f2f7b5bd40a78ca8ddf71cdbc5114c6b13a0","codec-http/src/main/java/io/netty/handler/codec/http/DefaultHttpMessage.java","4","0","1","5","63","103","1"
"hazelcast","d9d20943b88faf6aa25ddbdc19feab4571611431","hazelcast/src/main/java/com/hazelcast/client/impl/protocol/task/cache/CacheRemoveAllKeysMessageTask.java","4","0","1","5","63","99","1"
"hazelcast","93fd800d6c6f6781ef95536bba7e2b200fe9678d","hazelcast/src/main/java/com/hazelcast/client/impl/protocol/task/AuthenticationMessageTask.java","4","0","1","5","66","100","0"
"elasticsearch","371c73e14023917f3892090d2d3d7ff9ac1216b9","core/src/main/java/org/elasticsearch/index/translog/TranslogSnapshot.java","4","0","1","5","66","105","3"
"elasticsearch","78574d248cf10dad1c5a566fda79e1e0c94afe43","core/src/main/java/org/elasticsearch/index/translog/TranslogSnapshot.java","4","0","1","5","66","105","2"
"elasticsearch","e6aaaf11ed4a1b8f595f920de1840938eddb7a97","core/src/main/java/org/elasticsearch/index/translog/TranslogSnapshot.java","4","0","1","5","66","105","2"
"elasticsearch","a60b8948ba1d836a6eac7cff095519e618939ed8","core/src/main/java/org/elasticsearch/index/translog/TranslogSnapshot.java","4","0","1","5","66","105","0"
"hazelcast","12830cf4db72fc7d71edd8a20ee15fba533ab6a8","hazelcast/src/main/java/com/hazelcast/client/impl/protocol/task/AuthenticationCustomCredentialsMessageTask.java","4","0","1","5","67","101","0"
"hazelcast","f5b5e658ea42c43530cc3fd5e132e2fe503ab8b4","hazelcast/src/main/java/com/hazelcast/client/impl/protocol/task/cache/CacheRemoveAllKeysMessageTask.java","4","0","1","5","67","103","0"
"hazelcast","8b2795d438634112ccaa13d8ff9ed60469d21482","hazelcast/src/test/java/com/hazelcast/cardinality/impl/hyperloglog/HyperLogLogImplTest.java","4","0","1","5","77","123","0"
"elasticsearch","8c6ba59b83ec750fe118174c4d5b255c4b7f2170","src/test/java/org/elasticsearch/test/integration/indices/analyze/AnalyzeActionTests.java","4","0","1","5","83","124","2"
"elasticsearch","e1efd5f6baf8dec1c23c79b346b8a29f234a98bb","core/src/main/java/org/elasticsearch/action/admin/cluster/node/hotthreads/TransportNodesHotThreadsAction.java","4","0","1","5","85","123","0"
"titan","7720850da32092290f6ee0e375eb22cb367a3310","src/test/java/com/thinkaurelius/faunus/mapreduce/filter/PropertyFilterMapTest.java","4","0","1","5","86","115","0"
"netty","2fd42cfc6b32dacb812c6f2ecef8522cd94718d4","codec-http2/src/test/java/io/netty/handler/codec/http2/DefaultHttp2HeadersDecoderTest.java","4","0","1","5","87","117","0"
"hazelcast","98b249af9499f13c482d9ffa4ce6f1367ddb4586","hazelcast-client/src/test/java/com/hazelcast/client/HazelcastClientLockTest.java","4","0","1","5","92","124","0"
"orientdb","136db63960bbf53514691bf5a0bb8361a5ea5361","core/src/main/java/com/orientechnologies/orient/core/sql/method/ODefaultSQLMethodFactory.java","4","0","1","5","97","133","0"
"neo4j","e7b3407f3dfe22e4029042512fbf88c2d60aa94d","enterprise/cluster/src/main/java/org/neo4j/cluster/client/ClusterClient.java","4","0","1","50","474","594","1"
"neo4j","a2206e2451ffe226128a69a43f7f1f59409a0217","enterprise/cluster/src/main/java/org/neo4j/cluster/client/ClusterClient.java","4","0","1","50","481","601","0"
"hazelcast","410d077538e8af21fc7846a758d83cc67801da83","hazelcast/src/test/java/com/hazelcast/config/XMLConfigBuilderTest.java","4","0","1","51","829","949","1"
"hazelcast","5da39756a924fc9e2ed46c61fcadede40bb5efc7","hazelcast-client/src/test/java/com/hazelcast/client/HazelcastClientLockTest.java","4","0","1","6","100","133","0"
"hazelcast","707932eed4859d26c9c896f844d9433f2795b290","hazelcast/src/main/java/com/hazelcast/replicatedmap/impl/operation/ReplicateUpdateOperation.java","4","0","1","6","106","140","0"
"hazelcast","707932eed4859d26c9c896f844d9433f2795b290","hazelcast/src/main/java/com/hazelcast/replicatedmap/impl/operation/ReplicateUpdateToCallerOperation.java","4","0","1","6","109","144","0"
"hazelcast","d568e4d926d925d57d4e79e34614390416749301","hazelcast/src/test/java/com/hazelcast/cache/CacheSerializationTest.java","4","0","1","6","117","146","0"
"netty","08e0c612cf1670a263c5a0c3198b27213c55fd78","codec-http2/src/test/java/io/netty/handler/codec/http2/Http2CodecTest.java","4","0","1","6","143","190","0"
"netty","15611dadbbf8f8c217c03ce33da89beb54602023","codec-http2/src/test/java/io/netty/handler/codec/http2/Http2MultiplexCodecBuilderTest.java","4","0","1","6","149","196","1"
"elasticsearch","b85bcde640da53f95e6fcc174e0a32333ecd91cf","src/test/java/org/elasticsearch/test/integration/mlt/MoreLikeThisActionTests.java","4","0","1","6","152","219","0"
"elasticsearch","ffcc710e4eca73e2d15a51c697720dcd76423743","src/test/java/org/elasticsearch/test/integration/mlt/MoreLikeThisActionTests.java","4","0","1","6","152","219","0"
"elasticsearch","7fd54acd6627b627fdb9caac59dcfb286fc91c4e","src/test/java/org/elasticsearch/test/integration/mlt/MoreLikeThisActionTests.java","4","0","1","6","152","219","1"
"elasticsearch","620536f85038d68522103d9cd91e4f3377773feb","core/src/test/java/org/elasticsearch/index/translog/TranslogDeletionPolicyTests.java","4","0","1","6","165","212","1"
"elasticsearch","9d10ffd54763675f1147f6a3024388d202185bdd","core/src/test/java/org/elasticsearch/index/translog/TranslogDeletionPolicyTests.java","4","0","1","6","167","214","0"
"netty","bf0a53179a3057ac075c1192f80917ddd5ee1d9e","codec-http2/src/test/java/io/netty/handler/codec/http2/Http2MultiplexCodecBuilderTest.java","4","0","1","6","175","229","0"
"elasticsearch","7694f0b7a09c85dd28bd9553dcd6000a782d09db","src/test/java/org/elasticsearch/index/mapper/string/SimpleStringMappingTests.java","4","0","1","6","204","268","1"
"elasticsearch","a4b99e629132abafa21403003bf6a667a10315bb","core/src/test/java/org/elasticsearch/discovery/zen/ZenDiscoveryTests.java","4","0","1","6","206","261","0"
"elasticsearch","1654ae89379aeea586cbdff45a0b1d0cf4d00ebd","src/test/java/org/elasticsearch/index/mapper/string/SimpleStringMappingTests.java","4","0","1","6","207","272","0"
"elasticsearch","6469f6ef0686496df69332ebd4354be291baa30f","src/test/java/org/elasticsearch/index/mapper/string/SimpleStringMappingTests.java","4","0","1","6","217","288","1"
"neo4j","8ab0685a4620653b3c1764d5bd04598a2e954bb2","enterprise/security/src/main/java/org/neo4j/server/security/enterprise/auth/ShiroAuthToken.java","4","0","1","6","38","69","1"
"orientdb","5537a207baaaddadcc70fbe8a9678e23e7d0b7f7","core/src/main/java/com/orientechnologies/orient/core/sql/functions/coll/OSQLFunctionFirst.java","4","0","1","6","38","78","1"
"elasticsearch","385c43c14104ad07a5c5cbafcef7c89b5789a39f","src/test/java/org/elasticsearch/search/aggregations/bucket/ReverseNestedTests.java","4","0","1","6","400","470","1"
"BroadleafCommerce","9b556e9914c84a41ae10f07813ea46a5d2023f27","core/broadleaf-framework-web/src/main/java/org/broadleafcommerce/common/web/security/BroadleafAuthenticationSuccessRedirectStrategy.java","4","0","1","6","42","81","0"
"orientdb","16079d38520f313144dee6a6a97982d94402b763","core/src/main/java/com/orientechnologies/orient/core/metadata/sequence/OSequenceTrigger.java","4","0","1","6","43","59","1"
"oryx","df27388cd4a3029d67283e23ecdd70b83fa4bd9b","app/oryx-app/src/main/java/com/cloudera/oryx/app/speed/kmeans/KMeansSpeedModel.java","4","0","1","6","43","74","0"
"BroadleafCommerce","5e083e58afcd4769f6cd1f5bbadc3edd709550d7","common/src/main/java/org/broadleafcommerce/common/i18n/service/TranslationBatchReadCache.java","4","0","1","6","46","91","0"
"elasticsearch","13a347239a48d71486692a72c066e940dec8921b","plugins/cloud-aws/src/main/java/org/elasticsearch/plugin/cloud/aws/CloudAwsPlugin.java","4","0","1","6","48","81","2"
"elasticsearch","91e050f885624044f519b868df5e5ba9e3e641d8","modules/elasticsearch/src/main/java/org/elasticsearch/index/query/BaseQueryBuilder.java","4","0","1","6","49","82","0"
"hazelcast","3cac1d2599490db9984e94496533ba72164068c1","hazelcast/src/main/java/com/hazelcast/cache/impl/operation/CacheRemoveBackupOperation.java","4","0","1","6","51","83","1"
"hazelcast","78ae1a75208f6777bfb81fd68b2d62b446f83759","hazelcast-hibernate/hazelcast-hibernate3/src/main/java/com/hazelcast/hibernate/distributed/UnlockEntryProcessor.java","4","0","1","6","51","89","0"
"oryx","27e9046b2bd92243c260efd8bcd0af46b92bdf9e","framework/oryx-lambda/src/main/java/com/cloudera/oryx/lambda/TopicProducerImpl.java","4","0","1","6","52","88","0"
"hazelcast","7e9aaf983ea251e7252a8ed8cd1ea0b00cad40cf","hazelcast-hibernate/hazelcast-hibernate3/src/main/java/com/hazelcast/hibernate/distributed/UnlockEntryProcessor.java","4","0","1","6","52","90","1"
"oryx","df27388cd4a3029d67283e23ecdd70b83fa4bd9b","app/oryx-app-serving/src/main/java/com/cloudera/oryx/app/serving/kmeans/model/KMeansServingModel.java","4","0","1","6","53","86","0"
"hazelcast","d6b5a28cdd0898e8bc92c1ebc6cf1ca25e79afe5","hazelcast/src/main/java/com/hazelcast/map/impl/operation/MapLoadAllOperationFactory.java","4","0","1","6","54","84","0"
"oryx","d6687d2eb4391d042aa1d5e80653326e501b0fed","framework/oryx-lambda/src/main/java/com/cloudera/oryx/lambda/TopicProducerImpl.java","4","0","1","6","54","90","1"
"hazelcast","340d72fb3b70ce448f49a1061813a845772f1508","hazelcast/src/main/java/com/hazelcast/map/impl/tx/TxnLockAndGetOperation.java","4","0","1","6","56","90","1"
"elasticsearch","1441fec0687d9af1b3eb17a6cc7286bab495d01f","src/main/java/org/elasticsearch/index/gateway/fs/FsIndexShardGateway.java","4","0","1","6","56","90","2"
"elasticsearch","30d7b8de2fa043bdca3ca55026aa74f06d404a76","src/main/java/org/elasticsearch/index/gateway/fs/FsIndexShardGateway.java","4","0","1","6","56","90","0"
"elasticsearch","e1efd5f6baf8dec1c23c79b346b8a29f234a98bb","core/src/main/java/org/elasticsearch/transport/RequestHandlerRegistry.java","4","0","1","6","59","96","0"
"orientdb","693119e3f1dab4ea8b67a35575ba1f7d1c0a970b","core/src/main/java/com/orientechnologies/orient/core/storage/impl/local/paginated/ORecordSerializationContext.java","4","0","1","6","60","101","0"
"hazelcast","91623113623055f184207f53a0344bbc82ad227f","hazelcast/src/main/java/com/hazelcast/multimap/txn/TxnPutOperation.java","4","0","1","6","60","93","3"
"hazelcast","dc3c91a78a7f39ca33d277a66346a5f9b3bf0ab2","hazelcast/src/main/java/com/hazelcast/multimap/txn/TxnPutOperation.java","4","0","1","6","60","93","2"
"hazelcast","987927623458f51f4fca6f83400d8a9cbf2c7b81","hazelcast/src/main/java/com/hazelcast/multimap/txn/TxnPutOperation.java","4","0","1","6","60","93","0"
"hazelcast","de42a296f1c17b13eafc1ba71e2bd046666c7970","hazelcast/src/main/java/com/hazelcast/cache/impl/operation/CacheReplaceOperation.java","4","0","1","6","63","103","0"
"hazelcast","8b2795d438634112ccaa13d8ff9ed60469d21482","hazelcast/src/test/java/com/hazelcast/cardinality/impl/hyperloglog/HyperLogLogEncoderAbstractTest.java","4","0","1","6","63","104","0"
"BroadleafCommerce","0190a586f4251434b68ccee241c52de0d1cbc386","core/broadleaf-framework/src/main/java/org/broadleafcommerce/core/catalog/service/ProductSiteMapGenerator.java","4","0","1","6","63","116","0"
"elasticsearch","459d59a04ad4eb1671bac50a6faf3a7ad372d0e4","src/main/java/org/elasticsearch/search/suggest/SuggestPhase.java","4","0","1","6","63","95","1"
"orientdb","bbbb777e4073e4214e47e2134379d96dcb54486a","core/src/main/java/com/orientechnologies/orient/core/storage/impl/local/paginated/ORecordSerializationContext.java","4","0","1","6","64","103","1"
"elasticsearch","93a8e80affc855f156d9295568409aab3972ffa1","src/main/java/org/elasticsearch/search/aggregations/bucket/SingleBucketAggregation.java","4","0","1","6","64","105","1"
"hazelcast","37ff66dace1e24ac18f53035b3f7a6c3df4cb693","hazelcast/src/main/java/com/hazelcast/map/impl/nearcache/NearCacheProvider.java","4","0","1","6","64","98","1"
"hazelcast","47272dcf84997e899c65c6de1b3164f849b6ece3","hazelcast/src/main/java/com/hazelcast/map/impl/nearcache/NearCacheProvider.java","4","0","1","6","64","98","1"
"hazelcast","88e00fc5922e66d115f3befff0b7fa568a0321db","hazelcast/src/main/java/com/hazelcast/map/impl/nearcache/NearCacheProvider.java","4","0","1","6","64","98","1"
"hazelcast","145990d6d9ab612af67b4e603815ca23ad518d03","hazelcast/src/main/java/com/hazelcast/map/impl/nearcache/NearCacheProvider.java","4","0","1","6","64","98","0"
"hazelcast","e12e80c38b2743941e992d9f75d895231cd35c81","hazelcast/src/main/java/com/hazelcast/jmx/SetMBean.java","4","0","1","6","65","99","0"
"elasticsearch","da953700f47924f4948ec3775eb1f42f3109aac7","src/main/java/org/elasticsearch/search/aggregations/bucket/SingleBucketAggregation.java","4","0","1","6","66","107","0"
"hazelcast","27d49efcee88ee428254cf38353e8698ea127c45","hazelcast/src/main/java/com/hazelcast/client/impl/protocol/task/AuthenticationCustomCredentialsMessageTask.java","4","0","1","6","68","102","1"
"hazelcast","7001ec8c5b1305c796de75c2e3f170c562db8c03","hazelcast/src/main/java/com/hazelcast/client/impl/protocol/task/cache/CacheClearMessageTask.java","4","0","1","6","68","106","0"
"hazelcast","58e4782c607905ce452f830bd68a2412a9e1961e","hazelcast/src/main/java/com/hazelcast/client/impl/protocol/task/multimap/MultiMapGetMessageTask.java","4","0","1","6","69","105","1"
"hazelcast","d9d20943b88faf6aa25ddbdc19feab4571611431","hazelcast/src/main/java/com/hazelcast/client/impl/protocol/task/multimap/MultiMapEntrySetMessageTask.java","4","0","1","6","70","104","1"
"hazelcast","f5b5e658ea42c43530cc3fd5e132e2fe503ab8b4","hazelcast/src/main/java/com/hazelcast/client/impl/protocol/task/cache/CacheLoadAllMessageTask.java","4","0","1","6","70","105","0"
"hazelcast","0e104a9f57ef6df4b44520699baf61a093a95a16","hazelcast/src/main/java/com/hazelcast/map/impl/operation/ClearExpiredOperation.java","4","0","1","6","71","105","0"
"hazelcast","08e659f992761d79cd0342e77ce17ddb62e33295","hazelcast/src/main/java/com/hazelcast/client/impl/protocol/task/multimap/MultiMapKeySetMessageTask.java","4","0","1","6","71","107","1"
"hazelcast","97bb74d78cd1e0af68a1390defa30fc956da8390","hazelcast/src/main/java/com/hazelcast/client/impl/protocol/task/multimap/MultiMapKeySetMessageTask.java","4","0","1","6","71","107","1"
"hazelcast","f5b5e658ea42c43530cc3fd5e132e2fe503ab8b4","hazelcast/src/main/java/com/hazelcast/client/impl/protocol/task/multimap/MultiMapKeySetMessageTask.java","4","0","1","6","71","107","0"
"hazelcast","078c7e99b3b3d740e6e20c23fcdb0956b3b43c23","hazelcast/src/main/java/com/hazelcast/client/impl/protocol/task/AuthenticationCustomCredentialsMessageTask.java","4","0","1","6","72","106","1"
"elasticsearch","82df50a039551cf6c469f06c3db0f1d6896eadb3","src/main/java/org/elasticsearch/search/aggregations/metrics/sum/InternalSum.java","4","0","1","6","72","111","0"
"hazelcast","d070f1256c8c7fa823e6463487462826384ee1df","hazelcast/src/main/java/com/hazelcast/client/impl/protocol/task/cache/CacheClearMessageTask.java","4","0","1","6","74","114","0"
"neo4j","63f8a4751adf182a2e37643a3a7c5bdfe2daed3d","community/bolt/src/main/java/org/neo4j/bolt/v1/messaging/msgprocess/MessageProcessingCallback.java","4","0","1","6","81","118","0"
"hazelcast","3b44574be6e9ed6f5c3d5644edbac79bedcb9c15","hazelcast/src/test/java/com/hazelcast/security/permission/MapPermissionTest.java","4","0","1","6","85","127","1"
"hazelcast","b47ab1da22729b148333ab384168a35466d1aba5","hazelcast/src/test/java/com/hazelcast/security/permission/MapPermissionTest.java","4","0","1","6","85","127","1"
"hazelcast","ef10c3ecf03e639f5e18b1aca847cdc3a17c881b","hazelcast/src/test/java/com/hazelcast/security/permission/MapPermissionTest.java","4","0","1","6","85","127","0"
"hazelcast","d38202141395360399c9cf97d4453adf5b1581e1","hazelcast/src/main/java/com/hazelcast/client/impl/protocol/task/list/ListAddListenerMessageTask.java","4","0","1","6","91","129","1"
"elasticsearch","13a347239a48d71486692a72c066e940dec8921b","core/src/test/java/org/elasticsearch/client/transport/TransportClientHeadersTests.java","4","0","1","6","98","142","2"
"elasticsearch","62b821ccf4e2bf221382df85e2785016f74012bc","core/src/test/java/org/elasticsearch/index/mapper/DocumentParserTests.java","4","0","1","64","1037","1208","1"
"elasticsearch","0ad231546d70cd45ac5d7a32311c1cebb9b42293","core/src/test/java/org/elasticsearch/index/mapper/DocumentParserTests.java","4","0","1","64","1047","1219","1"
"elasticsearch","450f47d5b59f19f4d2056042db69732ac5c21bbf","core/src/test/java/org/elasticsearch/index/mapper/DocumentParserTests.java","4","0","1","64","1047","1219","1"
"elasticsearch","6f95261632d1c7a8d028073904d29186d086c90a","core/src/test/java/org/elasticsearch/index/mapper/DocumentParserTests.java","4","0","1","64","1047","1219","2"
"elasticsearch","2a00c9dc46fe7ac5da04ea3e735985d3f02bc7bf","core/src/test/java/org/elasticsearch/index/mapper/DocumentParserTests.java","4","0","1","64","1047","1219","0"
"elasticsearch","243a788289ab552b1c881109f30372eddba41738","core/src/test/java/org/elasticsearch/index/mapper/DocumentParserTests.java","4","0","1","66","1088","1264","0"
"elasticsearch","8d83edc4a52e6643620630cf7a20175d88747771","core/src/test/java/org/elasticsearch/index/mapper/DocumentParserTests.java","4","0","1","68","1111","1299","0"
"elasticsearch","b391425da17fe9af20ee7022e89877b3fe388048","core/src/test/java/org/elasticsearch/index/mapper/DocumentParserTests.java","4","0","1","68","1180","1379","1"
"elasticsearch","dd90cf1bbb86ae27c682298abde7020edd0fb44e","core/src/test/java/org/elasticsearch/index/mapper/DocumentParserTests.java","4","0","1","69","1199","1402","0"
"BroadleafCommerce","66b90df8e1d48dea727d19decebcf0b65113f2f1","core/broadleaf-framework/src/main/java/org/broadleafcommerce/core/search/domain/SearchFieldTypeImpl.java","4","0","1","7","101","138","1"
"BroadleafCommerce","9a2399ccabc71c63572c786cacfa9d17404bf0db","core/broadleaf-framework/src/main/java/org/broadleafcommerce/core/search/domain/IndexFieldTypeImpl.java","4","0","1","7","115","152","0"
"elasticsearch","d3e10f911154d5eea93da15fd75b78c861053348","src/test/java/org/elasticsearch/cluster/SimpleClusterStateTests.java","4","0","1","7","115","161","1"
"BroadleafCommerce","71ed100532a1cdcca0779a75bab5b442a72b15e9","core/broadleaf-framework/src/main/java/org/broadleafcommerce/core/search/domain/SearchFieldTypeImpl.java","4","0","1","7","120","160","0"
"elasticsearch","22fa91efa041ec5ec36e6d768e240357d4834590","modules/elasticsearch/src/test/java/org/elasticsearch/index/store/memory/SimpleByteBufferStoreTests.java","4","0","1","7","126","174","0"
"elasticsearch","f2eae5b6057d562f47768eebade3adcc93326f6a","modules/elasticsearch/src/test/java/org/elasticsearch/index/store/memory/SimpleByteBufferStoreTests.java","4","0","1","7","127","175","0"
"elasticsearch","a963385deedca02a6d0000281ecb1ae96130155e","core/src/test/java/org/elasticsearch/index/mapper/date/DateBackwardsCompatibilityTests.java","4","0","1","7","139","206","1"
"elasticsearch","1cb3068737d2516a614382c1e80def36c60cd194","core/src/test/java/org/elasticsearch/index/mapper/date/DateBackwardsCompatibilityTests.java","4","0","1","7","141","208","0"
"elasticsearch","a40cb169b6a53d8855e9f1ed0e312ca347c76f8b","src/test/java/org/elasticsearch/index/mapper/multifield/MultiFieldTests.java","4","0","1","7","351","449","0"
"elasticsearch","14010750704a897b26237892227b12df6ee3600d","src/test/java/org/elasticsearch/index/mapper/multifield/MultiFieldTests.java","4","0","1","7","352","450","2"
"elasticsearch","bd75b731c654f4c845f0781306b8055704706585","src/main/java/org/elasticsearch/index/settings/IndexSettingsService.java","4","0","1","7","41","76","1"
"orientdb","6fe30995241aa77ff3510af15423b738036b52f1","core/src/main/java/com/orientechnologies/orient/core/sql/functions/misc/OSQLFunctionCount.java","4","0","1","7","41","79","0"
"elasticsearch","2ed1f7a3390420835f9b270d20c5d512ba197827","core/src/main/java/org/elasticsearch/cluster/routing/PlainShardsIterator.java","4","0","1","7","44","81","1"
"elasticsearch","d31e41547aad7053d2ffe9f4e84e0538fd373435","core/src/main/java/org/elasticsearch/common/blobstore/BlobPath.java","4","0","1","7","46","81","0"
"elasticsearch","dc2824fe06476eccdddf64d560fc22a81741d8bf","modules/elasticsearch/src/main/java/org/elasticsearch/index/search/nested/NestedChildrenCollector.java","4","0","1","7","50","89","0"
"elasticsearch","7c27d53ee15b4fd411b71a049a204d826960c910","src/main/java/org/elasticsearch/cloud/azure/blobstore/AzureBlobStore.java","4","0","1","7","51","88","1"
"elasticsearch","6b4699fbf7d9d94d04772002027e6722983c997d","plugins/cloud-azure/src/main/java/org/elasticsearch/plugin/cloud/azure/CloudAzurePlugin.java","4","0","1","7","59","94","0"
"hazelcast","db4fb00ba52360f0ec10bf3e6a6d7bc92767daf6","hazelcast/src/main/java/com/hazelcast/internal/partition/operation/MigrationCommitOperation.java","4","0","1","7","63","100","1"
"elasticsearch","78574d248cf10dad1c5a566fda79e1e0c94afe43","core/src/main/java/org/elasticsearch/action/admin/cluster/repositories/verify/VerifyRepositoryResponse.java","4","0","1","7","63","101","1"
"elasticsearch","e6aaaf11ed4a1b8f595f920de1840938eddb7a97","core/src/main/java/org/elasticsearch/action/admin/cluster/repositories/verify/VerifyRepositoryResponse.java","4","0","1","7","63","101","1"
"elasticsearch","a60b8948ba1d836a6eac7cff095519e618939ed8","core/src/main/java/org/elasticsearch/action/admin/cluster/repositories/verify/VerifyRepositoryResponse.java","4","0","1","7","63","101","0"
"hazelcast","e93e8abae808b3615517adffdbf7207c5a04525f","hazelcast/src/main/java/com/hazelcast/cache/impl/operation/CachePutIfAbsentOperation.java","4","0","1","7","65","102","2"
"orientdb","39a8884d03c0bc49b8ecf655a22fe80646afa1e6","spatial/src/main/java/com/orientechnologies/spatial/shape/OGeometryCollectionShapeBuilder.java","4","0","1","7","65","105","0"
"hazelcast","e12e80c38b2743941e992d9f75d895231cd35c81","hazelcast/src/main/java/com/hazelcast/jmx/TopicMBean.java","4","0","1","7","70","105","0"
"hazelcast","e349d2fd609c0104f6550327550de4112553c942","hazelcast/src/main/java/com/hazelcast/internal/partition/operation/MigrationCommitOperation.java","4","0","1","7","71","110","0"
"MapDB","1d530bd3302982002886aa2f9d213f5745cae55d","src/test/java/org/mapdb/Issue332Test.java","4","0","1","7","78","110","0"
"hazelcast","727cb1848c02481eee19e6d2693a7242b7c563c3","hazelcast/src/test/java/com/hazelcast/cluster/ClusterJoinConfigCheckTest.java","4","0","1","7","84","114","0"
"elasticsearch","426becea442191e4a93e19bed4eda933c50bad26","modules/lang-groovy/src/test/java/org/elasticsearch/script/groovy/GroovySecurityTests.java","4","0","1","7","94","161","1"
"elasticsearch","d7dbb2b59587ba3b8d79755ed2d02ad019143df8","modules/lang-groovy/src/test/java/org/elasticsearch/script/groovy/GroovySecurityTests.java","4","0","1","7","95","163","1"
"elasticsearch","77a1649905310fd8e039d99c15cbba6e0458e431","modules/lang-groovy/src/test/java/org/elasticsearch/script/groovy/GroovySecurityTests.java","4","0","1","7","96","164","0"
"elasticsearch","bdddea2dd0ecd3624e5484b3a34e668ca74cd6d0","modules/lang-groovy/src/test/java/org/elasticsearch/script/groovy/GroovySecurityTests.java","4","0","1","7","96","164","0"
"elasticsearch","75da71ff0b4d5f640af760d518c432a0f6a4c691","modules/lang-groovy/src/test/java/org/elasticsearch/script/groovy/GroovySecurityTests.java","4","0","1","7","96","164","1"
"elasticsearch","380393a5b721e588eb87fabda42153132015987f","modules/lang-groovy/src/test/java/org/elasticsearch/script/groovy/GroovySecurityTests.java","4","0","1","7","97","168","0"
"elasticsearch","aab8c1f032328e6ac839868b4e6173887632131f","modules/lang-groovy/src/test/java/org/elasticsearch/script/groovy/GroovySecurityTests.java","4","0","1","8","100","170","0"
"elasticsearch","13a347239a48d71486692a72c066e940dec8921b","core/src/test/java/org/elasticsearch/index/analysis/AnalysisModuleTests.java","4","0","1","8","188","275","2"
"elasticsearch","37782c17453e00c9bacea096c18f98840942f7bb","src/test/java/org/elasticsearch/index/analysis/AnalysisModuleTests.java","4","0","1","8","188","275","1"
"elasticsearch","7c6869d875f6babb4252203c975ea7e7ce54a20f","src/test/java/org/elasticsearch/index/analysis/AnalysisModuleTests.java","4","0","1","8","188","275","0"
"titan","4f70fa55415d4fd6784fb5aa57850121949b786d","titan-es/src/test/java/com/thinkaurelius/titan/diskstorage/es/ElasticSearchConfigTest.java","4","0","1","8","221","273","0"
"titan","37491a904e67614fbac185f651adbc0e9d405b4b","titan-es/src/test/java/com/thinkaurelius/titan/diskstorage/es/ElasticSearchConfigTest.java","4","0","1","8","221","275","1"
"titan","1c0f0f651f910b8d982d09baf9a3dc355be2319b","titan-es/src/test/java/com/thinkaurelius/titan/diskstorage/es/ElasticSearchConfigTest.java","4","0","1","8","226","279","0"
"netty","ba6ce5449ee852b782dde9a11933f6a09b123e22","codec-http2/src/test/java/io/netty/handler/codec/http2/DataCompressionHttp2Test.java","4","0","1","8","293","344","0"
"netty","e6ca9882a107c34cf6358c8d7a68561025f06016","codec-http2/src/test/java/io/netty/handler/codec/http2/DataCompressionHttp2Test.java","4","0","1","8","294","345","1"
"elasticsearch","59117125b4312f2534656d2510742227249366a5","src/test/java/org/elasticsearch/index/mapper/string/SimpleStringMappingTests.java","4","0","1","8","294","379","0"
"hazelcast","7a0a1fd85af3b0571b72b72243a18983e8a3805d","hazelcast/src/test/java/com/hazelcast/query/impl/extraction/SingleCollectionDataStructure.java","4","0","1","8","48","61","0"
"hazelcast","d6e7a14e1c7a092d5727131d79a0ad3255540d50","hazelcast/src/test/java/com/hazelcast/query/impl/extraction/SingleCollectionDataStructure.java","4","0","1","8","48","62","0"
"hazelcast","772b5217030e0fb94bf07a00d9b5e7b275a82030","hazelcast/src/test/java/com/hazelcast/query/impl/extractor/predicates/CollectionDataStructure.java","4","0","1","8","48","65","0"
"hazelcast","21586825d367940e1c79cf289e97310daab1200d","hazelcast/src/test/java/com/hazelcast/query/impl/extractor/predicates/CollectionDataStructure.java","4","0","1","8","48","66","1"
"BroadleafCommerce","f7dd5c236b86075930b6108f75d976a29662c884","admin/broadleaf-open-admin-platform/src/main/java/org/broadleafcommerce/openadmin/server/service/persistence/PersistenceManagerFactory.java","4","0","1","8","50","85","0"
"elasticsearch","149629fec657e9948488195087f30583cd561f11","core/src/main/java/org/elasticsearch/cluster/routing/PlainShardsIterator.java","4","0","1","8","50","88","0"
"hazelcast","b583f88f8f80ac2de344ace2aa3423f128cd037a","hazelcast/src/main/java/com/hazelcast/transaction/impl/BroadcastTxRollbackOperation.java","4","0","1","8","59","93","0"
"elasticsearch","78574d248cf10dad1c5a566fda79e1e0c94afe43","core/src/main/java/org/elasticsearch/action/admin/cluster/shards/ClusterSearchShardsGroup.java","4","0","1","8","59","95","1"
"elasticsearch","e6aaaf11ed4a1b8f595f920de1840938eddb7a97","core/src/main/java/org/elasticsearch/action/admin/cluster/shards/ClusterSearchShardsGroup.java","4","0","1","8","59","95","1"
"elasticsearch","a60b8948ba1d836a6eac7cff095519e618939ed8","core/src/main/java/org/elasticsearch/action/admin/cluster/shards/ClusterSearchShardsGroup.java","4","0","1","8","59","95","0"
"elasticsearch","3a82c613e43ebfaa010e5cf5e79cc54cee2d9468","modules/ingest-common/src/main/java/org/elasticsearch/ingest/common/SetProcessor.java","4","0","1","8","60","100","1"
"elasticsearch","b7d492af4b3166fc1cf324a28534c2d9fcd75a12","modules/elasticsearch/src/main/java/org/elasticsearch/search/internal/InternalSearchResponse.java","4","0","1","8","61","100","0"
"elasticsearch","bbd73d5afa3a80e38818fe6dbbd86c61eec93880","modules/elasticsearch/src/main/java/org/elasticsearch/search/internal/InternalSearchResponse.java","4","0","1","8","62","102","0"
"elasticsearch","10ec2e948a2f1426a5058ca3b2c2e39952f141d8","src/main/java/org/elasticsearch/action/admin/cluster/shards/ClusterSearchShardsGroup.java","4","0","1","8","62","98","0"
"elasticsearch","7e53123f1f5539b2466bb9e3666114cb5a613441","core/src/main/java/org/elasticsearch/index/translog/TranslogStats.java","4","0","1","8","62","98","0"
"elasticsearch","fa16969360ea43667ad11f827bbf86718c18fcc6","src/main/java/org/elasticsearch/action/admin/cluster/shards/ClusterSearchShardsGroup.java","4","0","1","8","62","98","1"
"hazelcast","07c062642dc435bad95ad1f160a468d731fe995e","hazelcast/src/main/java/com/hazelcast/collection/impl/txnqueue/operations/TxnPeekOperation.java","4","0","1","8","63","98","1"
"hazelcast","3cc13b14fba6b8e6e2ab9149c8d17561a29c537f","hazelcast/src/main/java/com/hazelcast/collection/impl/txnqueue/operations/TxnPeekOperation.java","4","0","1","8","63","98","1"
"hazelcast","5bf9e046e54907d3f698fde6a6c8aa9305a3cb87","hazelcast/src/main/java/com/hazelcast/collection/impl/txnqueue/operations/TxnPeekOperation.java","4","0","1","8","63","98","0"
"elasticsearch","7adf9929bae22049d157676756b49597bca98426","core/src/main/java/org/elasticsearch/action/admin/cluster/node/info/PluginsInfo.java","4","0","1","8","64","101","1"
"elasticsearch","4040f194f528c76c88be70b119cf9d7d6fcea99b","core/src/main/java/org/elasticsearch/action/admin/cluster/node/info/PluginsInfo.java","4","0","1","8","65","102","0"
"hazelcast","4eef0f6f0630c47a4baca6875343ccd506948bb5","hazelcast/src/main/java/com/hazelcast/multimap/txn/TxnPutOperation.java","4","0","1","8","68","103","1"
"hazelcast","74d6f72756601ada8fcd5b952384223dac5d5b25","hazelcast/src/main/java/com/hazelcast/multimap/txn/TxnPutOperation.java","4","0","1","8","68","103","2"
"hazelcast","f5d0f6d0c65c355122aa1fd5b9fc9949e7e6258b","hazelcast/src/main/java/com/hazelcast/multimap/txn/TxnPutOperation.java","4","0","1","8","68","103","3"
"hazelcast","08a1bcde262eb98081e2cafb5818ad9f65f852a4","hazelcast/src/main/java/com/hazelcast/multimap/txn/TxnPutOperation.java","4","0","1","8","68","103","0"
"hazelcast","cccff9268542408139435972786267bcffd30fc9","hazelcast/src/main/java/com/hazelcast/queue/tx/QueueTransactionLog.java","4","0","1","8","71","103","0"
"hazelcast","d1ea8e80510675b7fc766af086f6a40d9c39c894","hazelcast/src/main/java/com/hazelcast/queue/tx/QueueTransactionLog.java","4","0","1","8","71","103","0"
"hazelcast","e56ed623e2f90ba7444669e38f971c3206d1c4a0","hazelcast/src/main/java/com/hazelcast/queue/tx/QueueTransactionLog.java","4","0","1","8","71","103","1"
"elasticsearch","f8e6cc6facd454fe1916b0e9b0ed325ea71271be","src/main/java/org/apache/lucene/index/TrackingConcurrentMergeScheduler.java","4","0","1","8","71","110","0"
"elasticsearch","1f04182b8164ffb19f3805c48d67f0375262b317","core/src/main/java/org/elasticsearch/action/termvectors/MultiTermVectorsShardRequest.java","4","0","1","8","71","115","0"
"elasticsearch","82df50a039551cf6c469f06c3db0f1d6896eadb3","src/main/java/org/elasticsearch/search/aggregations/metrics/valuecount/InternalValueCount.java","4","0","1","8","73","112","0"
"elasticsearch","b61dc6d69c7dd519f825e59624b8f6cbdeb8725c","core/src/main/java/org/elasticsearch/ingest/IngestMetadata.java","4","0","1","8","73","122","0"
"hazelcast","b583f88f8f80ac2de344ace2aa3423f128cd037a","hazelcast/src/main/java/com/hazelcast/queue/tx/QueueTransactionLog.java","4","0","1","8","75","107","0"
"elasticsearch","371c73e14023917f3892090d2d3d7ff9ac1216b9","core/src/main/java/org/elasticsearch/common/blobstore/fs/FsBlobContainer.java","4","0","1","8","76","123","4"
"hazelcast","da19a121b3e6e1e0898c272d906d8784568c0ac9","hazelcast/src/main/java/com/hazelcast/map/client/AbstractMapAddEntryListenerRequest.java","4","0","1","8","90","125","0"
"hazelcast","53d96a2042e1c7fa0fe1ccb1ae1a0c152ce97c34","hazelcast/src/main/java/com/hazelcast/map/client/AbstractMapAddEntryListenerRequest.java","4","0","1","8","92","129","1"
"orientdb","b31b75faa4beaa383d3781795ae1b04a84536f64","graphdb/src/test/java/com/orientechnologies/orient/graph/sql/OCommandExecutorSQLDeleteEdgeTest.java","4","0","1","8","94","122","0"
"elasticsearch","720b53b018efbfe0a3814788e5f978318180ff30","core/src/test/java/org/elasticsearch/threadpool/ScheduleWithFixedDelayTests.java","4","0","1","9","156","296","0"
"elasticsearch","9e2221cae5e949a7574ccad333921ad6c9455c39","core/src/test/java/org/elasticsearch/threadpool/ScheduleWithFixedDelayTests.java","4","0","1","9","157","297","0"
"elasticsearch","009fa6465744c2f7026fac851fbee6e53d5000be","core/src/test/java/org/elasticsearch/index/mapper/FieldTypeLookupTests.java","4","0","1","9","163","207","1"
"titan","3b4dd304515746e895b4ea7cd1728c0bcfd5d460","titan-es/src/test/java/com/thinkaurelius/titan/diskstorage/es/ElasticSearchConfigTest.java","4","0","1","9","240","296","0"
"elasticsearch","7f5f4e842ec8b5933612b06e063a76c0718e9bef","src/test/java/org/elasticsearch/validate/SimpleValidateQueryTests.java","4","0","1","9","256","330","1"
"elasticsearch","432628086fcbd09275013600ac0a112323c109ac","src/main/java/org/elasticsearch/common/io/stream/InputStreamStreamInput.java","4","0","1","9","51","87","0"
"BroadleafCommerce","37e793da422e9a294738995ebf0f37be884bf5fd","core/broadleaf-framework/src/main/java/org/broadleafcommerce/core/offer/service/discount/CandidatePromotionItems.java","4","0","1","9","55","90","0"
"orientdb","7a678522a2d83448543bc75d7360ac0857529727","server/src/main/java/com/orientechnologies/orient/server/distributed/task/OResurrectRecordTask.java","4","0","1","9","66","106","0"
"hazelcast","0deba7ff1ee19a1c74054acfb9b821c81a2aa7e4","hazelcast/src/main/java/com/hazelcast/internal/diagnostics/DiagnosticsLogWriter.java","4","0","1","9","67","107","1"
"hazelcast","94180514cba377dc7744ab08ddccf4a208cc94c2","hazelcast/src/main/java/com/hazelcast/internal/diagnostics/DiagnosticsLogWriter.java","4","0","1","9","67","107","2"
"hazelcast","d2d5da420613dc289e370b2b3a6d15b30f1fef64","hazelcast/src/main/java/com/hazelcast/internal/diagnostics/DiagnosticsLogWriter.java","4","0","1","9","67","107","1"
"orientdb","a56ae91e7d9f772da4288542cee900793c24e5e1","server/src/main/java/com/orientechnologies/orient/server/distributed/task/OResurrectRecordTask.java","4","0","1","9","67","107","0"
"hazelcast","15ad53c4af52bfbbcd79809712ff178529b30ab6","hazelcast/src/main/java/com/hazelcast/queue/impl/tx/TransactionalQueueProxy.java","4","0","1","9","69","105","1"
"hazelcast","1c090ad87906d51892a32c2aa0a32d34002298ec","hazelcast/src/main/java/com/hazelcast/collection/impl/txnqueue/TransactionalQueueProxy.java","4","0","1","9","71","111","1"
"hazelcast","81fe86abd4deed08faf6e617c5d73c2b7d4b5391","hazelcast/src/main/java/com/hazelcast/collection/impl/txnqueue/TransactionalQueueProxy.java","4","0","1","9","71","111","2"
"hazelcast","96b3e74683151e521f9c40b0901f6fdf72e32ae3","hazelcast/src/main/java/com/hazelcast/collection/impl/txnqueue/TransactionalQueueProxy.java","4","0","1","9","71","111","2"
"hazelcast","8fac2ea6e17e60e7e680a7e692bac64ccb51f850","hazelcast/src/main/java/com/hazelcast/collection/impl/txnqueue/TransactionalQueueProxy.java","4","0","1","9","71","111","0"
"elasticsearch","e1efd5f6baf8dec1c23c79b346b8a29f234a98bb","core/src/main/java/org/elasticsearch/action/termvectors/MultiTermVectorsShardRequest.java","4","0","1","9","71","115","0"
"hazelcast","f9e887588cfe646adc3ae3ec707de95cc5303706","hazelcast/src/main/java/com/hazelcast/queue/impl/tx/TransactionalQueueProxy.java","4","0","1","9","74","114","0"
"titan","abc6f869fe83b17935119c88fc85a1b2a871f495","titan-core/src/main/java/com/thinkaurelius/titan/diskstorage/keycolumnvalue/inmemory/InMemoryKeyColumnValueStore.java","4","0","1","9","79","108","1"
"elasticsearch","58c606d6d988cd14f50ab7390704babfaf905b83","modules/elasticsearch/src/main/java/org/elasticsearch/search/facet/histogram/KeyValueScriptHistogramFacetCollector.java","4","0","1","9","82","140","0"
"hazelcast","dfde0ce89c3c11629fe62b7eba3a8e6b2bbe6e6c","hazelcast/src/main/java/com/hazelcast/internal/partition/operation/CheckReplicaVersion.java","4","0","1","9","87","124","1"
"titan","560c02dc92a77b07cd3fead1f073c16b948eb2be","titan-core/src/main/java/com/thinkaurelius/titan/diskstorage/keycolumnvalue/inmemory/InMemoryKeyColumnValueStore.java","4","0","1","9","96","125","0"
"elasticsearch","321606d3aa009f92a8f4248fe27b6b1650befe01","core/src/main/java/org/elasticsearch/search/aggregations/bucket/range/ipv4/IPv4RangeBuilder.java","4","0","10","0","41","111","2"
"elasticsearch","f96ea58db8d7b47c3ac9e81ead887b608b71cf77","core/src/main/java/org/elasticsearch/common/lease/Releasables.java","4","0","10","0","51","110","0"
"elasticsearch","d8f16178d3f21b4f9d17da12e7aa61613fc2c27a","src/test/java/org/apache/lucene/util/AbstractRandomizedTest.java","4","0","10","1","192","433","1"
"elasticsearch","a6510f924520d8cdda2636ac85a1a1e43f6dfb8c","src/test/java/org/apache/lucene/util/AbstractRandomizedTest.java","4","0","10","1","200","441","0"
"BroadleafCommerce","e216da5ebb303680f5c60ffcd75979f5876ab5a6","admin/broadleaf-open-admin-platform/src/main/java/org/broadleafcommerce/openadmin/dto/CriteriaTransferObject.java","4","0","10","15","101","210","0"
"elasticsearch","90a7b4868e1b16a682a9dc5e36d093b3d3aa0ef6","core/src/main/java/org/elasticsearch/index/query/TermsQueryBuilder.java","4","0","10","2","66","161","0"
"BroadleafCommerce","01d47431828fa3e79dc5494ebca6d57494c68002","admin/broadleaf-open-admin-platform/src/main/java/org/broadleafcommerce/openadmin/dto/CriteriaTransferObject.java","4","0","10","5","66","165","1"
"elasticsearch","64d11b883170393b05316d9a4db9261fd30ae2b8","core/src/main/java/org/elasticsearch/action/admin/cluster/snapshots/get/GetSnapshotsRequest.java","4","0","11","4","82","180","1"
"elasticsearch","b18bfd6062f616da7443a7682f05eb8bbf598cee","core/src/main/java/org/elasticsearch/action/admin/cluster/snapshots/get/GetSnapshotsRequest.java","4","0","11","4","83","181","0"
"elasticsearch","12cbb3223a540399164734a188460a343eec4068","src/main/java/org/elasticsearch/action/support/replication/ShardReplicationOperationRequest.java","4","0","11","9","127","215","1"
"elasticsearch","f6a0fe5c2fd2f9c6455ae0bc3abf50bebfa9b8a2","src/main/java/org/elasticsearch/action/support/replication/ShardReplicationOperationRequest.java","4","0","11","9","130","229","0"
"hazelcast","2921cff694583b8638dae2991f427e61d5440a9d","hazelcast/src/main/java/com/hazelcast/instance/HazelcastProperties.java","4","0","12","0","65","202","0"
"junit","1cec456a2c5638818959856eb3cef98743cbe08b","src/main/java/org/junit/runner/notification/RunNotifier.java","4","0","12","0","97","166","1"
"elasticsearch","c6ac5ac4336fb45e2ee9cae187717081406bc13d","src/main/java/org/elasticsearch/action/count/CountRequest.java","4","0","12","8","154","267","0"
"elasticsearch","06bfe0550d66e16a26f0dec044f1bd1e3ca83425","src/main/java/org/elasticsearch/action/count/CountRequest.java","4","0","12","8","155","269","0"
"elasticsearch","e50fffdaeb1be950448cc3327cf866768a463461","src/main/java/org/elasticsearch/client/transport/TransportClient.java","4","0","13","30","254","408","0"
"hazelcast","6bb0070a656245b085512f93f77577f710b5bfaf","hazelcast/src/main/java/com/hazelcast/util/QuickMath.java","4","0","14","1","72","208","2"
"neo4j","35a95081e67bf49b62cb45bc522541ee09635951","enterprise/ha/src/main/java/org/neo4j/kernel/ha/HighAvailabilityConsoleLogger.java","4","0","14","1","93","204","1"
"elasticsearch","459a05168c7577134ab4b4e5131ee81a0dc81fe0","src/main/java/org/elasticsearch/client/transport/TransportClient.java","4","0","15","0","144","264","1"
"elasticsearch","1584c73e4a85037ce83744a384805f234b288548","src/main/java/org/elasticsearch/search/aggregations/Aggregator.java","4","0","15","2","87","217","1"
"elasticsearch","01b18ad219933679256753fa8639c37d11cac1ff","src/main/java/org/elasticsearch/search/aggregations/Aggregator.java","4","0","15","3","90","221","0"
"elasticsearch","c58b823e9f076b52e796919346c3cd95eed43ef0","src/main/java/org/elasticsearch/cluster/routing/allocation/RoutingAllocation.java","4","0","15","7","99","225","1"
"netty","cbbcdaa249b95c35a18bc2f64eeda44258943056","handler/src/main/java/io/netty/handler/ssl/SslContextBuilder.java","4","0","16","0","104","217","1"
"netty","864f196c672036015e9ab816a06189913e7d90ce","handler/src/main/java/io/netty/handler/ssl/SslContextBuilder.java","4","0","17","0","107","229","0"
"elasticsearch","5341404f014fbfd0c0b67c61546df38625d9b4ad","core/src/main/java/org/elasticsearch/index/translog/TranslogConfig.java","4","0","17","0","91","196","0"
"elasticsearch","7e53123f1f5539b2466bb9e3666114cb5a613441","core/src/main/java/org/elasticsearch/index/translog/TranslogConfig.java","4","0","17","0","92","197","1"
"hazelcast","ca760fe60b720c65215c2260ccbc0a12ab7f517b","hazelcast/src/main/java/com/hazelcast/config/NetworkConfig.java","4","0","19","10","139","334","1"
"hazelcast","8abe45e2d23bd8f1211e5ebf581c5c15f26549ca","hazelcast/src/main/java/com/hazelcast/config/NetworkConfig.java","4","0","19","10","140","336","0"
"MapDB","b71905ee72ca692a1b3092807755917ac955a0f0","src/main/java/org/mapdb/Engine.java","4","0","19","38","265","624","1"
"BroadleafCommerce","7dccc8c69dbdb0edb83f85e6c1f8b819e420a815","admin/broadleaf-open-admin-platform/src/main/java/org/broadleafcommerce/openadmin/web/form/entity/EntityFormValidator.java","4","0","2","0","24","59","0"
"BroadleafCommerce","487bcf043cb12f9dc30eda0064e00026ffc017ee","common/src/main/java/org/broadleafcommerce/common/web/controller/BroadleafControllerUtility.java","4","0","2","0","27","75","2"
"BroadleafCommerce","3ff8d6172e8a8daa788bca466a0ef09851d994cf","common/src/main/java/org/broadleafcommerce/common/web/controller/BroadleafControllerUtility.java","4","0","2","0","27","78","0"
"elasticsearch","6cdbdaf388b6d8367413e6dee2a7185c94d04b2d","src/main/java/org/elasticsearch/common/lucene/search/NoCacheFilter.java","4","0","2","0","42","79","0"
"netty","b4e5965424e2c90e653cc4cfb2f45da046743b99","resolver/src/main/java/io/netty/resolver/RoundRobinInetAddressResolver.java","4","0","2","0","43","81","0"
"netty","3d29bcfc8ddeda50e0bff0234d0c5240f404ddb5","resolver/src/main/java/io/netty/resolver/InetSocketAddressResolver.java","4","0","2","0","56","92","1"
"hazelcast","c9d117501d9d7e1014b9006bc4b711baa42e0c57","hazelcast/src/main/java/com/hazelcast/internal/util/InvocationUtil.java","4","0","2","0","70","127","0"
"hazelcast","066e05ebd5b8e1d08c42a5aa2c6e236b925a144d","hazelcast/src/main/java/com/hazelcast/internal/util/InvocationUtil.java","4","0","2","0","71","127","1"
"neo4j","08f70f701cc0a56af73fb362e99feb66e0c65e32","community/bolt/src/main/java/org/neo4j/bolt/v1/messaging/BoltResponseMessage.java","4","0","2","1","36","77","1"
"neo4j","08f70f701cc0a56af73fb362e99feb66e0c65e32","community/bolt/src/main/java/org/neo4j/bolt/v1/messaging/BoltRequestMessage.java","4","0","2","1","38","79","1"
"elasticsearch","0a69f1e283e26e5d9e6a000b68b9f4778de557a1","core/src/main/java/org/elasticsearch/gateway/PriorityComparator.java","4","0","2","1","42","81","2"
"elasticsearch","f208aaa47c277d323d52b79241cfb8eef64b5e90","core/src/main/java/org/elasticsearch/gateway/PriorityComparator.java","4","0","2","1","42","81","1"
"elasticsearch","5a64f08f048461a63a0ca1354a5050c954e63d52","core/src/main/java/org/elasticsearch/gateway/PriorityComparator.java","4","0","2","1","42","81","0"
"netty","2712ed9cbb4bba69a8b30102ce036a0b06d41ec5","transport/src/main/java/io/netty/channel/SimpleChannelInboundHandler.java","4","0","2","1","43","120","1"
"netty","72c78ebe75cbe238787ffe900f1d8a0c41667a9d","transport/src/main/java/io/netty/channel/SimpleChannelInboundHandler.java","4","0","2","1","43","128","0"
"elasticsearch","c20713530d2429346536354f297c96dea4353329","src/main/java/org/elasticsearch/repositories/uri/URLRepository.java","4","0","2","1","55","106","0"
"elasticsearch","7f5befd95e19badf8b911df5c28a08613b0a9cd0","src/main/java/org/elasticsearch/repositories/uri/URLRepository.java","4","0","2","1","59","110","1"
"netty","6fb5b14ef59b2188174d1286730bd818cbb99bb6","resolver/src/main/java/io/netty/resolver/InetSocketAddressResolver.java","4","0","2","1","60","97","0"
"BroadleafCommerce","33e4d8ef98866f5227559b0ce18aeb6ce397e5a5","admin/broadleaf-contentmanagement-module/src/main/java/org/broadleafcommerce/cms/web/processor/UrlRewriteProcessor.java","4","0","2","1","61","116","0"
"BroadleafCommerce","a7fcce133d168289a113a4a7258a6cab7aa36e8e","admin/broadleaf-contentmanagement-module/src/main/java/org/broadleafcommerce/cms/web/processor/UrlRewriteProcessor.java","4","0","2","1","63","117","1"
"elasticsearch","428080b49a8032a0ae4af6ff06b306b33dc3ef7c","src/test/java/org/elasticsearch/search/aggregations/CombiTests.java","4","0","2","1","70","114","1"
"elasticsearch","ef83dbfbe68eff4b72575a2059a333469b274769","core/src/main/java/org/elasticsearch/index/fielddata/ordinals/GlobalOrdinalsBuilder.java","4","0","2","1","75","113","2"
"elasticsearch","33b8d7a19d6ddd6ad06a5a0cb5ca90175458e036","core/src/main/java/org/elasticsearch/index/fielddata/ordinals/GlobalOrdinalsBuilder.java","4","0","2","1","79","117","0"
"hazelcast","b160352ca4a1035afbf9def0c927ec2570b95466","hazelcast/src/test/java/com/hazelcast/spi/impl/operationservice/impl/BackpressureRegulatorTest.java","4","0","2","10","221","284","0"
"hazelcast","b2e1658a6fe363d5776a145b00f564f7d6333343","hazelcast/src/test/java/com/hazelcast/spi/impl/operationservice/impl/BackpressureRegulatorTest.java","4","0","2","10","221","298","1"
"BroadleafCommerce","1a5ce59c9c0fe861718300cd2ff7efb08a437dc9","common/src/main/java/org/broadleafcommerce/common/resource/GeneratedResource.java","4","0","2","10","64","119","0"
"BroadleafCommerce","1a5ce59c9c0fe861718300cd2ff7efb08a437dc9","admin/broadleaf-open-admin-platform/src/main/java/org/broadleafcommerce/openadmin/server/service/persistence/module/criteria/Restriction.java","4","0","2","10","67","129","0"
"orientdb","b27bb99f64f5a211acd2f1639a5895ce09a1b883","server/src/main/java/com/orientechnologies/orient/server/distributed/task/OCompletedTxTask.java","4","0","2","10","77","128","0"
"orientdb","ce730084aa5f7cde8321f5f9913349040d5b5425","server/src/main/java/com/orientechnologies/orient/server/distributed/task/OCompletedTxTask.java","4","0","2","10","77","128","0"
"orientdb","adddd500f5b684336e6d81b081c449dabe52977d","server/src/main/java/com/orientechnologies/orient/server/distributed/task/OCompletedTxTask.java","4","0","2","10","77","128","1"
"hazelcast","47a44ef83f429382b9b9033f81a8c7297e51ab03","hazelcast/src/main/java/com/hazelcast/map/impl/querycache/subscriber/QueryCacheRecordHashMap.java","4","0","2","12","86","131","0"
"netty","b39380ad83cda7ebe79d692216e204b8b6b67568","example/src/main/java/io/netty/example/http2/helloworld/server/HelloWorldHttp2Handler.java","4","0","2","14","104","153","0"
"elasticsearch","c1e5421b7718a918885e7e5f22ab4e0b7bbbdfc6","core/src/test/java/org/elasticsearch/common/joda/DateMathParserTests.java","4","0","2","14","210","296","0"
"elasticsearch","62b821ccf4e2bf221382df85e2785016f74012bc","modules/percolator/src/test/java/org/elasticsearch/percolator/PercolatorFieldMapperTests.java","4","0","2","14","365","458","1"
"orientdb","9b0a6b5a0d74bce339faedfdf33a3918902c1a9e","core/src/main/java/com/orientechnologies/orient/core/command/OCommandExecutorAbstract.java","4","0","2","14","87","137","0"
"elasticsearch","0ad231546d70cd45ac5d7a32311c1cebb9b42293","modules/percolator/src/test/java/org/elasticsearch/percolator/PercolatorFieldMapperTests.java","4","0","2","15","386","486","1"
"elasticsearch","450f47d5b59f19f4d2056042db69732ac5c21bbf","modules/percolator/src/test/java/org/elasticsearch/percolator/PercolatorFieldMapperTests.java","4","0","2","15","386","486","1"
"elasticsearch","2a00c9dc46fe7ac5da04ea3e735985d3f02bc7bf","modules/percolator/src/test/java/org/elasticsearch/percolator/PercolatorFieldMapperTests.java","4","0","2","15","386","486","0"
"orientdb","c143ec653bd43c119ce79712eb3302775b077113","core/src/main/java/com/orientechnologies/orient/core/db/record/OPlaceholder.java","4","0","2","15","82","132","1"
"orientdb","1ffb4a74231b07389afced95123a7ef989a442cc","core/src/main/java/com/orientechnologies/orient/core/command/OCommandExecutorAbstract.java","4","0","2","15","90","141","0"
"hazelcast","3c9ef00381594290d29566fe2dabeb179e1c5529","hazelcast/src/main/java/com/hazelcast/config/WanReplicationRef.java","4","0","2","15","99","146","1"
"orientdb","527d45bb551f10351ecbd295abd46f84c7349784","core/src/main/java/com/orientechnologies/orient/core/db/record/OPlaceholder.java","4","0","2","16","86","137","0"
"orientdb","c1f0f046093d166b58193818b359c73d4a50c228","core/src/main/java/com/orientechnologies/orient/core/db/record/OPlaceholder.java","4","0","2","16","86","137","0"
"orientdb","76ffdc9fe1e541460329297a955e8494c36be8f5","core/src/main/java/com/orientechnologies/orient/core/db/record/OPlaceholder.java","4","0","2","16","86","137","1"
"MapDB","116cfc9f8ed8f8bcdcdac62cc297bf226a1328af","src/main/java/org/mapdb/DataOutput2.java","4","0","2","17","108","157","0"
"netty","253cd694ef6317d52d41b220f4dcf5fd69f44ec3","example/src/main/java/io/netty/example/http2/helloworld/server/HelloWorldHttp2Handler.java","4","0","2","17","122","173","1"
"hazelcast","2cfbd79e1e84f5987e07cedc09f582d5715c815d","hazelcast/src/main/java/com/hazelcast/config/CacheConfigReadOnly.java","4","0","2","17","96","143","0"
"hazelcast","fa1c7b6b500525ad71674b38354c7da76290f7cc","hazelcast/src/main/java/com/hazelcast/config/QueueConfig.java","4","0","2","18","101","149","1"
"junit","25495b3e91e346121e3292e8e01a3cc085b644f3","src/main/java/org/junit/internal/builders/AllDefaultPossibilitiesBuilder.java","4","0","2","2","49","67","0"
"elasticsearch","42a7a554b1d279f102a2e0842279bd927bb8e711","core/src/main/java/org/elasticsearch/cluster/metadata/MetaDataDeleteIndexService.java","4","0","2","2","77","119","1"
"elasticsearch","7fc494727183fa1c6d4ba37bc38eccf1d2eadff9","src/test/java/org/elasticsearch/cluster/SpecificMasterNodesTests.java","4","0","2","2","79","126","1"
"netty","0fe67cfba5f655ab545f5ee103bf71bc4df9d5ba","example/src/main/java/io/netty/example/http2/server/HelloWorldHttp2Handler.java","4","0","2","2","84","131","0"
"netty","9ccc1f31551784075f7115bd8245fa8f23dd8e71","example/src/main/java/io/netty/example/http2/server/HelloWorldHttp2Handler.java","4","0","2","2","86","133","1"
"hazelcast","285ea2f37f81be480b27c4d255050be62a2af56f","hazelcast/src/main/java/com/hazelcast/config/QueueConfig.java","4","0","2","20","111","161","0"
"titan","da8901bcea96f225bc445f4e13289b0f04e18e14","src/main/java/com/thinkaurelius/titan/graphdb/transaction/InMemoryTitanGraph.java","4","0","2","24","139","190","0"
"BroadleafCommerce","14d2bad074311e7279f59a64b76e4670ee10de6e","core/broadleaf-framework-web/src/main/java/org/broadleafcommerce/core/web/api/wrapper/SkuWrapper.java","4","0","2","24","149","224","0"
"titan","26bbee89f169c89334baf92b54894fa17230d5d4","src/main/java/com/thinkaurelius/titan/graphdb/transaction/InMemoryTitanGraph.java","4","0","2","25","143","195","0"
"elasticsearch","ad3c042fc40880b47686a8d73b0d3401e66e1fcc","core/src/test/java/org/elasticsearch/search/aggregations/metrics/scripted/ScriptedMetricAggregatorTests.java","4","0","2","3","121","173","1"
"BroadleafCommerce","bb2c3977dbdfc1abfe5e8b1cf7ef7f805f074759","common/src/main/java/org/broadleafcommerce/common/exception/ServiceException.java","4","0","2","3","26","66","0"
"BroadleafCommerce","aacde9edcbeff636f03326493a9d244ce547d0f8","common/src/main/java/org/broadleafcommerce/common/exception/ServiceException.java","4","0","2","3","26","69","0"
"junit","41d44734f41aba0cf6ba5a11ff5d32ffed155027","src/main/java/org/junit/runners/model/MultipleFailureException.java","4","0","2","3","34","70","1"
"elasticsearch","78574d248cf10dad1c5a566fda79e1e0c94afe43","core/src/main/java/org/elasticsearch/action/admin/cluster/snapshots/status/SnapshotsStatusResponse.java","4","0","2","3","48","87","1"
"elasticsearch","e6aaaf11ed4a1b8f595f920de1840938eddb7a97","core/src/main/java/org/elasticsearch/action/admin/cluster/snapshots/status/SnapshotsStatusResponse.java","4","0","2","3","48","87","1"
"elasticsearch","a60b8948ba1d836a6eac7cff095519e618939ed8","core/src/main/java/org/elasticsearch/action/admin/cluster/snapshots/status/SnapshotsStatusResponse.java","4","0","2","3","48","87","0"
"elasticsearch","371c73e14023917f3892090d2d3d7ff9ac1216b9","core/src/main/java/org/elasticsearch/action/admin/cluster/snapshots/get/GetSnapshotsResponse.java","4","0","2","3","49","88","3"
"elasticsearch","78574d248cf10dad1c5a566fda79e1e0c94afe43","core/src/main/java/org/elasticsearch/action/admin/cluster/snapshots/get/GetSnapshotsResponse.java","4","0","2","3","49","88","2"
"elasticsearch","e6aaaf11ed4a1b8f595f920de1840938eddb7a97","core/src/main/java/org/elasticsearch/action/admin/cluster/snapshots/get/GetSnapshotsResponse.java","4","0","2","3","49","88","2"
"elasticsearch","a60b8948ba1d836a6eac7cff095519e618939ed8","core/src/main/java/org/elasticsearch/action/admin/cluster/snapshots/get/GetSnapshotsResponse.java","4","0","2","3","49","88","0"
"neo4j","deb01d37aaa9368817ea70690c8933983b59a87a","enterprise/causal-clustering/src/main/java/org/neo4j/causalclustering/catchup/tx/BatchingTxApplier.java","4","0","2","3","77","125","0"
"hazelcast","96fd98e7c3cc5b97b45c7eb34d1389f5082c1c35","hazelcast-client/src/test/java/com/hazelcast/client/ClientIssueTest.java","4","0","2","3","85","132","1"
"elasticsearch","6f286c338207f2a333294e9e576d0f1319981148","src/test/java/org/elasticsearch/cluster/SpecificMasterNodesTests.java","4","0","2","3","89","139","0"
"hazelcast","e02c887e41aba50fe5698d5191033ec679b659fc","hazelcast/src/main/java/com/hazelcast/map/impl/mapstore/writebehind/WriteBehindManager.java","4","0","2","3","90","129","2"
"hazelcast","e17f18a539c0e66466edf9e2f862155c9ed0c86a","hazelcast/src/main/java/com/hazelcast/map/impl/mapstore/writebehind/WriteBehindManager.java","4","0","2","3","90","129","1"
"hazelcast","2287a062c4ef9424f265f1cdecc1bc0432454a42","hazelcast/src/main/java/com/hazelcast/map/impl/mapstore/writebehind/WriteBehindManager.java","4","0","2","3","90","129","0"
"hazelcast","4a488992e08798ae42140d1bfbe29ade0b957d40","hazelcast/src/main/java/com/hazelcast/map/impl/mapstore/writebehind/WriteBehindManager.java","4","0","2","3","90","145","2"
"junit","17a2f11783fa8e731fe49cf638d51c78468c8c25","src/test/java/org/junit/tests/experimental/AssumptionTest.java","4","0","2","36","219","269","1"
"BroadleafCommerce","1e8b29ba6d27d72811406cce7db53ed3fa903475","core/broadleaf-framework-web/src/main/java/org/broadleafcommerce/core/web/controller/checkout/AbstractCheckoutController.java","4","0","2","4","178","279","0"
"elasticsearch","f2eae5b6057d562f47768eebade3adcc93326f6a","modules/elasticsearch/src/main/java/org/apache/lucene/store/bytebuffer/PlainByteBufferAllocator.java","4","0","2","4","28","70","0"
"elasticsearch","78574d248cf10dad1c5a566fda79e1e0c94afe43","core/src/main/java/org/elasticsearch/action/ingest/SimulateDocumentVerboseResult.java","4","0","2","4","41","75","1"
"elasticsearch","e6aaaf11ed4a1b8f595f920de1840938eddb7a97","core/src/main/java/org/elasticsearch/action/ingest/SimulateDocumentVerboseResult.java","4","0","2","4","41","75","1"
"elasticsearch","a60b8948ba1d836a6eac7cff095519e618939ed8","core/src/main/java/org/elasticsearch/action/ingest/SimulateDocumentVerboseResult.java","4","0","2","4","41","75","0"
"elasticsearch","7adf9929bae22049d157676756b49597bca98426","plugins/cloud-azure/src/test/java/org/elasticsearch/repositories/azure/AbstractAzureRepositoryServiceTest.java","4","0","2","4","62","106","1"
"elasticsearch","4040f194f528c76c88be70b119cf9d7d6fcea99b","plugins/cloud-azure/src/test/java/org/elasticsearch/repositories/azure/AbstractAzureRepositoryServiceTest.java","4","0","2","4","63","108","0"
"elasticsearch","be19ccef573b4e9a839159157d7e6c2645261897","test/framework/src/main/java/org/elasticsearch/test/gateway/TestGatewayAllocator.java","4","0","2","4","83","137","0"
"elasticsearch","4a578e9c710a5bf7d7f328440d5d2d54f48ba11f","test/framework/src/main/java/org/elasticsearch/test/gateway/TestGatewayAllocator.java","4","0","2","4","84","138","1"
"netty","e45db60b5e0c6f1ad3b5c2c675d62948f021d571","codec/src/test/java/io/netty/handler/codec/compression/SnappyIntegrationTest.java","4","0","2","4","99","147","0"
"orientdb","731545a32e96d61ede50300ab6b8dd1166de7431","core/src/main/java/com/orientechnologies/orient/core/engine/local/OEngineLocalPaginated.java","4","0","2","5","56","101","0"
"elasticsearch","bef1c8511d3f99aa681c49396bf9c707f2e7d8a9","core/src/main/java/org/elasticsearch/action/support/ThreadedActionListener.java","4","0","2","5","69","113","0"
"elasticsearch","b4064ce43fc43fecc2b63c63c0d27d52f4656f16","core/src/main/java/org/elasticsearch/action/support/ThreadedActionListener.java","4","0","2","5","80","126","0"
"elasticsearch","25fd9e26c4fb042d6f6dea14efcd239577bdbbc4","core/src/main/java/org/elasticsearch/action/support/ThreadedActionListener.java","4","0","2","5","83","129","0"
"elasticsearch","b00b2b9baaf7d22ba63a2cb6c55ba0218de55324","src/main/java/org/elasticsearch/index/settings/IndexSettingsService.java","4","0","2","6","41","79","0"
"elasticsearch","96f4c06f46fbf993357c2ff9c90c6d5ad7d80238","src/main/java/org/elasticsearch/index/settings/IndexSettingsService.java","4","0","2","6","42","80","0"
"elasticsearch","2ed1f7a3390420835f9b270d20c5d512ba197827","core/src/test/java/org/elasticsearch/search/internal/ShardSearchTransportRequestTests.java","4","0","2","7","190","239","1"
"elasticsearch","149629fec657e9948488195087f30583cd561f11","core/src/test/java/org/elasticsearch/search/internal/ShardSearchTransportRequestTests.java","4","0","2","7","191","240","0"
"elasticsearch","ec1afe30ea9c34f7d63da273a3077c28a4849e4f","core/src/test/java/org/elasticsearch/search/internal/ShardSearchTransportRequestTests.java","4","0","2","7","191","240","0"
"elasticsearch","977712f9773c3eecea3958a5b8ddf934207775a6","core/src/test/java/org/elasticsearch/search/internal/ShardSearchTransportRequestTests.java","4","0","2","7","191","240","2"
"elasticsearch","3df2a086d4bf3c5608aabf06c1766e10c901af35","core/src/test/java/org/elasticsearch/search/internal/ShardSearchTransportRequestTests.java","4","0","2","7","192","238","0"
"elasticsearch","f2eae5b6057d562f47768eebade3adcc93326f6a","modules/elasticsearch/src/main/java/org/elasticsearch/cache/memory/ByteBufferCache.java","4","0","2","7","63","105","0"
"orientdb","bbbb777e4073e4214e47e2134379d96dcb54486a","core/src/main/java/com/orientechnologies/orient/core/db/record/ridbag/sbtree/OSBTreeCollectionManagerShared.java","4","0","2","7","83","135","1"
"elasticsearch","5a8356c86ef2563f6b8183d9b74fa27583521c5d","core/src/test/java/org/elasticsearch/cluster/routing/allocation/decider/MockDiskUsagesTests.java","4","0","2","8","168","232","0"
"netty","93b34e385624afb786e008bf34c969226ac5e8ee","buffer/src/test/java/io/netty/buffer/AbstractCompositeChannelBufferTest.java","4","0","2","8","299","414","1"
"elasticsearch","0a69f1e283e26e5d9e6a000b68b9f4778de557a1","plugins/repository-azure/src/test/java/org/elasticsearch/cloud/azure/AbstractAzureRepositoryServiceTestCase.java","4","0","2","8","75","118","2"
"elasticsearch","5a64f08f048461a63a0ca1354a5050c954e63d52","plugins/repository-azure/src/test/java/org/elasticsearch/cloud/azure/AbstractAzureRepositoryServiceTestCase.java","4","0","2","8","76","119","0"
"elasticsearch","60cbb2d7bcadcd04fbd6cfb2c20bb3f95c49dda1","plugins/repository-azure/src/test/java/org/elasticsearch/cloud/azure/AbstractAzureRepositoryServiceTestCase.java","4","0","2","8","77","122","2"
"hazelcast","36037326828853511ef4a98da2283178868880b8","hazelcast/src/test/java/com/hazelcast/spi/impl/operationservice/impl/BackpressureRegulatorTest.java","4","0","2","9","215","291","0"
"elasticsearch","664d67d41d972fd732251fc891f2b1d75e39cb5d","core/src/test/java/org/elasticsearch/validate/SimpleValidateQueryIT.java","4","0","2","9","217","287","1"
"elasticsearch","78dc1c32ded51a030c49e5bfcee5e2af43c74598","core/src/test/java/org/elasticsearch/validate/SimpleValidateQueryIT.java","4","0","2","9","217","287","2"
"elasticsearch","d3a4a9f87106d654fa052afc0f07d40aec34d516","core/src/test/java/org/elasticsearch/validate/SimpleValidateQueryIT.java","4","0","2","9","217","287","1"
"elasticsearch","da63c87c7f5488505bbf0f843386bec1d2e9078d","core/src/test/java/org/elasticsearch/validate/SimpleValidateQueryIT.java","4","0","2","9","217","287","0"
"netty","b8ae8be96a24dc5c40ae01b184638a9d6f9a3fb9","buffer/src/test/java/io/netty/buffer/AbstractCompositeChannelBufferTest.java","4","0","2","9","305","421","0"
"netty","891cf343ca1063947244851d1b7080819da56c8c","buffer/src/test/java/io/netty/buffer/AbstractCompositeByteBufTest.java","4","0","2","9","306","422","0"
"elasticsearch","7faa9a045afe2e321db3a8980661445507b0469d","src/test/java/org/elasticsearch/index/mapper/string/SimpleStringMappingTests.java","4","0","2","9","368","462","2"
"BroadleafCommerce","15e70fe6b89d008dd88b5e98dbfc66a720db68bb","common/src/main/java/org/broadleafcommerce/common/resource/GeneratedResource.java","4","0","2","9","61","115","0"
"junit","ee4403455a9573a67668da695fea223f77606326","src/main/java/junit/framework/JUnit4TestAdapter.java","4","0","2","9","67","86","1"
"hazelcast","d2a92e383bdf14865e3bd445a2a873f5caada6fe","hazelcast/src/main/java/com/hazelcast/map/impl/operation/MapOperation.java","4","0","2","9","68","105","1"
"hazelcast","5387994dc22a81aea7e60736ccdba8689afc6d47","hazelcast/src/main/java/com/hazelcast/config/NearCacheConfig.java","4","0","21","11","188","430","1"
"hazelcast","bac96c281889dfc0cdf6f219c75074164cec1db5","hazelcast/src/main/java/com/hazelcast/config/NearCacheConfig.java","4","0","21","11","188","436","0"
"neo4j","c53aab6d4de8c83eda42c64474ec13aa7ecb25f3","enterprise/security/src/test/java/org/neo4j/server/security/enterprise/auth/AuthScenariosInteractionTestBase.java","4","0","29","3","495","860","1"
"netty","ba6ce5449ee852b782dde9a11933f6a09b123e22","common/src/main/java/io/netty/util/HashingStrategy.java","4","0","3","0","17","76","0"
"netty","4158152b24c1e20cc9d024486a6bc6a0ee336a92","transport/src/main/java/io/netty/channel/AbstractChannelSink.java","4","0","3","0","31","71","0"
"netty","8579f09c594f69870115c019655c98cba5ad47ee","transport/src/main/java/io/netty/channel/AbstractChannelSink.java","4","0","3","0","31","72","0"
"BroadleafCommerce","1e8b29ba6d27d72811406cce7db53ed3fa903475","common/src/main/java/org/broadleafcommerce/common/util/BLCPaymentMethodUtils.java","4","0","3","0","35","76","0"
"hazelcast","1762467554730e712d3e27dde9bd12b8bfa8929d","hazelcast/src/main/java/com/hazelcast/internal/memory/MemoryAccessorProvider.java","4","0","3","0","41","83","0"
"BroadleafCommerce","f9519f5ac9832d1274034596cbcca326328a3406","common/src/main/java/org/broadleafcommerce/common/web/processor/FormProcessor.java","4","0","3","0","53","103","0"
"elasticsearch","25fd9e26c4fb042d6f6dea14efcd239577bdbbc4","client/rest/src/main/java/org/elasticsearch/client/HeapBufferedAsyncResponseConsumer.java","4","0","3","0","62","112","0"
"elasticsearch","56cc87b7ccd41040d8fafcaf2da3680d96d10839","client/rest/src/main/java/org/elasticsearch/client/HeapBufferedAsyncResponseConsumer.java","4","0","3","0","62","112","0"
"elasticsearch","5af6deb5b5d9d876f8975e587d121808ac402193","client/rest/src/main/java/org/elasticsearch/client/HeapBufferedAsyncResponseConsumer.java","4","0","3","0","62","112","1"
"BroadleafCommerce","0190a586f4251434b68ccee241c52de0d1cbc386","common/src/main/java/org/broadleafcommerce/common/file/service/BroadleafFileUtils.java","4","0","3","1","22","64","0"
"elasticsearch","7ab0e2c5321c802068d85c0fa3a0f44e0b02c5a4","core/src/main/java/org/elasticsearch/index/query/AndQueryBuilder.java","4","0","3","1","35","73","1"
"netty","cd0b5ec2db593d45c96bd6b55b0024042534af04","codec/src/main/java/io/netty/handler/codec/FixedLengthFrameDecoder.java","4","0","3","1","35","86","1"
"hazelcast","22f447d68679e47111eae7fe9fd2db15956fdf0e","hazelcast/src/main/java/com/hazelcast/internal/memory/MemoryAccessorProvider.java","4","0","3","1","41","83","0"
"neo4j","77bb150cf3bd5187752557148db7b6744ed3709f","community/kernel/src/main/java/org/neo4j/kernel/api/txtracking/TransactionIdTracker.java","4","0","3","1","48","111","0"
"neo4j","197393a3c66dacf10c813cdcb731971a30857e16","community/kernel/src/main/java/org/neo4j/kernel/api/txtracking/TransactionIdTracker.java","4","0","3","1","53","117","0"
"elasticsearch","2bd09c4625898d77aa6c015c6f82cf973ed18cb7","core/src/main/java/org/elasticsearch/index/query/ConstantScoreQueryBuilder.java","4","0","3","1","67","117","1"
"elasticsearch","164f7b981eecc6fe04cff612bd6364dacaa811c3","src/test/java/org/elasticsearch/search/aggregations/CombiTests.java","4","0","3","1","92","147","0"
"netty","8271c8afccf7eb21bf6f994b5f3565f6d55bdee4","transport/src/main/java/io/netty/channel/DefaultAddressedEnvelope.java","4","0","3","11","79","128","0"
"neo4j","1b3aad3b619bd72c2c9f79bb7edf642c5dc56a6f","enterprise/security/src/test/java/org/neo4j/server/security/enterprise/auth/integration/bolt/ActiveDirectoryAuthenticationIT.java","4","0","3","12","232","366","0"
"neo4j","2fb8aea71a2d50c63f1407b9e975c5e8cbf325dc","enterprise/security/src/test/java/org/neo4j/server/security/enterprise/auth/integration/bolt/ActiveDirectoryAuthenticationIT.java","4","0","3","12","232","367","1"
"elasticsearch","71849668e9d05fa72efabb83654aa5a3293c309b","src/test/java/org/elasticsearch/test/hamcrest/ElasticsearchAssertions.java","4","0","3","15","99","152","2"
"elasticsearch","178629382cae497aaa5b4842208cd570b189bd52","src/test/java/org/elasticsearch/test/hamcrest/ElasticsearchAssertions.java","4","0","3","16","102","156","1"
"hazelcast","805a90a48434a78f1bfa631a774f05df43312150","hazelcast/src/test/java/com/hazelcast/spi/impl/operationservice/impl/InvocationNestedTest.java","4","0","3","18","214","284","1"
"netty","81e2db10faaf0389f4e1af8c7132210946203157","codec/src/main/java/io/netty/handler/codec/FixedLengthFrameDecoder.java","4","0","3","2","34","85","0"
"netty","2adebc4c54ae98565db8e2a3c02b2ffaa0c101fe","codec/src/main/java/io/netty/handler/codec/FixedLengthFrameDecoder.java","4","0","3","2","35","86","1"
"netty","31b319a5dc531d8c02c400d312ab9e85e90e614b","src/main/java/org/jboss/netty/channel/socket/nio/NioClientSocketChannelFactory.java","4","0","3","2","46","148","1"
"netty","56462ef91a6481c2926dbebadebc114c08a81a8b","src/main/java/org/jboss/netty/channel/socket/nio/NioClientSocketChannelFactory.java","4","0","3","2","46","148","1"
"netty","220d95fe0d396821f08329fffd96edc1b47c37c1","src/main/java/org/jboss/netty/channel/socket/nio/NioClientSocketChannelFactory.java","4","0","3","2","46","148","0"
"netty","31b319a5dc531d8c02c400d312ab9e85e90e614b","src/main/java/org/jboss/netty/channel/socket/nio/NioServerSocketChannelFactory.java","4","0","3","2","47","151","1"
"netty","56462ef91a6481c2926dbebadebc114c08a81a8b","src/main/java/org/jboss/netty/channel/socket/nio/NioServerSocketChannelFactory.java","4","0","3","2","47","151","1"
"netty","220d95fe0d396821f08329fffd96edc1b47c37c1","src/main/java/org/jboss/netty/channel/socket/nio/NioServerSocketChannelFactory.java","4","0","3","2","47","151","0"
"hazelcast","6aa478bb5620a41415f1e93043cca925c0c56043","hazelcast-client/src/main/java/com/hazelcast/client/HazelcastClient.java","4","0","3","2","58","131","0"
"hazelcast","8be13173f139312e9bcbe1b1ff65269b165fce5d","hazelcast/src/main/java/com/hazelcast/client/impl/protocol/util/MessageFlyweight.java","4","0","3","20","160","233","1"
"neo4j","fd58f78ee7e63b03b71e392f12c42f3b13d95a47","enterprise/ha/src/main/java/org/neo4j/kernel/ha/DelegateInvocationHandler.java","4","0","3","3","111","181","1"
"neo4j","0ee64611da3ec59a112900276491b100b8b8cc59","enterprise/ha/src/main/java/org/neo4j/kernel/ha/DelegateInvocationHandler.java","4","0","3","3","113","185","0"
"elasticsearch","634ce90dc06f20888a4ff655985a6baccf25a7db","core/src/test/java/org/elasticsearch/search/aggregations/metrics/scripted/ScriptedMetricAggregatorTests.java","4","0","3","3","139","205","0"
"elasticsearch","2f8def11b5109eb80b47422a200bf7b7e07c8467","core/src/test/java/org/elasticsearch/search/aggregations/metrics/scripted/ScriptedMetricAggregatorTests.java","4","0","3","3","140","206","2"
"hazelcast","733fb0ce2546c2961d4c468423161554141d3171","hazelcast/src/test/java/com/hazelcast/cluster/MemberListTest.java","4","0","3","3","189","263","1"
"netty","fc1429c00c6a365e37363091a3ee14291bb8f010","codec-http/src/main/java/io/netty/handler/codec/http/HttpChunkedInput.java","4","0","3","3","43","100","1"
"junit","e6a20043db694056ac00456f6076091012ecba87","src/main/java/org/junit/internal/ArrayComparisonFailure.java","4","0","3","3","43","75","0"
"elasticsearch","984b94e8b75f4c7f5a5e878548509a36bdeeec37","core/src/main/java/org/elasticsearch/action/admin/indices/upgrade/post/UpgradeSettingsRequest.java","4","0","3","3","54","99","1"
"elasticsearch","1f04182b8164ffb19f3805c48d67f0375262b317","core/src/main/java/org/elasticsearch/action/admin/indices/upgrade/post/UpgradeSettingsRequest.java","4","0","3","3","58","104","0"
"netty","ed9d6c79bca67c181b1325a5059af47d40952a01","codec-http2/src/main/java/io/netty/handler/codec/http2/Http2ServerUpgradeCodec.java","4","0","3","3","91","155","0"
"netty","8d499a2419e616342c6076f1994deba87447fbb5","codec-http2/src/main/java/io/netty/handler/codec/http2/Http2ServerUpgradeCodec.java","4","0","3","3","92","156","1"
"hazelcast","144b16f5422237c71d5c1b23e08cdca922368110","hazelcast/src/test/java/com/hazelcast/map/EmbeddedMapInterceptorTest.java","4","0","3","3","96","161","0"
"hazelcast","42a02ce0cb5acb99196bb707c4a2914432da08a9","hazelcast/src/test/java/com/hazelcast/map/EmbeddedMapInterceptorTest.java","4","0","3","3","96","161","0"
"hazelcast","a8e4bf1173f68e1949a2e05deb8ac9480e86d51f","hazelcast/src/test/java/com/hazelcast/map/EmbeddedMapInterceptorTest.java","4","0","3","3","96","161","0"
"hazelcast","eaf092a780c766ec8f4b38a77402ed73b4333ab8","hazelcast/src/test/java/com/hazelcast/map/EmbeddedMapInterceptorTest.java","4","0","3","3","96","161","0"
"hazelcast","82108ffbb83390896370f198724514dd859cf942","hazelcast/src/test/java/com/hazelcast/map/EmbeddedMapInterceptorTest.java","4","0","3","3","96","161","2"
"hazelcast","2cfbd79e1e84f5987e07cedc09f582d5715c815d","hazelcast/src/main/java/com/hazelcast/config/CacheSimpleConfig.java","4","0","3","36","185","300","0"
"elasticsearch","6174e21f47244b6d5153d7d0cc1fe28fe863399d","modules/lang-mustache/src/main/java/org/elasticsearch/script/mustache/TemplateQueryBuilder.java","4","0","3","4","100","149","1"
"netty","c4fbc0642de213774c479b3fb61d5f05abc8fc62","codec/src/test/java/io/netty/handler/codec/ByteToMessageDecoderTest.java","4","0","3","4","156","203","1"
"netty","91db4b71b2247ed99ef2dba8f914618564b13313","transport-native-epoll/src/main/java/io/netty/channel/unix/FileDescriptor.java","4","0","3","4","47","90","0"
"elasticsearch","e34a35244cac6981b03d8c0a7f05e8a2f2942c55","src/main/java/org/elasticsearch/index/search/child/CustomQueryWrappingFilter.java","4","0","3","4","53","94","2"
"elasticsearch","db394117c45038ea5a40dfa9b6441878f7232ec9","src/main/java/org/elasticsearch/index/search/child/CustomQueryWrappingFilter.java","4","0","3","4","54","95","1"
"elasticsearch","01f6851691f0e160185acdb2986f0486e9b4f6ec","core/src/main/java/org/elasticsearch/action/admin/indices/upgrade/post/UpgradeSettingsRequest.java","4","0","3","4","56","102","0"
"elasticsearch","6b23ee80404ea8cb143abd776968854e263275b9","core/src/main/java/org/elasticsearch/search/aggregations/pipeline/bucketmetrics/stats/extended/ExtendedStatsBucketPipelineAggregationBuilder.java","4","0","3","4","73","119","2"
"elasticsearch","371c73e14023917f3892090d2d3d7ff9ac1216b9","core/src/main/java/org/elasticsearch/search/aggregations/pipeline/bucketmetrics/stats/extended/ExtendedStatsBucketPipelineAggregatorBuilder.java","4","0","3","4","75","121","3"
"elasticsearch","78574d248cf10dad1c5a566fda79e1e0c94afe43","core/src/main/java/org/elasticsearch/search/aggregations/pipeline/bucketmetrics/stats/extended/ExtendedStatsBucketPipelineAggregatorBuilder.java","4","0","3","4","75","121","2"
"elasticsearch","e6aaaf11ed4a1b8f595f920de1840938eddb7a97","core/src/main/java/org/elasticsearch/search/aggregations/pipeline/bucketmetrics/stats/extended/ExtendedStatsBucketPipelineAggregatorBuilder.java","4","0","3","4","75","121","2"
"elasticsearch","a60b8948ba1d836a6eac7cff095519e618939ed8","core/src/main/java/org/elasticsearch/search/aggregations/pipeline/bucketmetrics/stats/extended/ExtendedStatsBucketPipelineAggregatorBuilder.java","4","0","3","4","75","121","0"
"elasticsearch","3aed047bdedde1bda189cbfc2f81e65af42e57c5","modules/lang-mustache/src/main/java/org/elasticsearch/script/mustache/TemplateQueryBuilder.java","4","0","3","4","98","147","0"
"elasticsearch","88040352050455e537646662a3fbfdd8d554dd17","core/src/main/java/org/elasticsearch/search/Scroll.java","4","0","3","5","42","85","0"
"netty","ca29be5e77ef7999b2707cf5d4f32d5e306d568b","codec-http/src/main/java/io/netty/handler/codec/http/HttpChunkedInput.java","4","0","3","5","51","110","0"
"elasticsearch","d8c02c2599e2cd30ea973e8f9bf12281e3473ebd","src/main/java/org/elasticsearch/action/search/ClearScrollResponse.java","4","0","3","5","55","99","0"
"elasticsearch","9ca5e6e3e12cf4f13eb6ed0140d9073ba89c61c9","src/main/java/org/apache/lucene/store/BufferedChecksumIndexOutput.java","4","0","3","5","58","102","1"
"netty","cd275ba67e2d206519bde4b9074371feefa7978d","codec-http/src/test/java/io/netty/handler/codec/http/QueryStringDecoderTest.java","4","0","3","6","203","256","1"
"netty","c46b083c1f0eb0f5e42baeb98f2cfc308c1bfb2a","codec-http/src/test/java/io/netty/handler/codec/http/QueryStringDecoderTest.java","4","0","3","6","203","259","0"
"netty","b533a1361bbbc457c974ca365f8293ec27ffda1c","common/src/main/java/io/netty/util/Signal.java","4","0","3","8","63","111","0"
"elasticsearch","371c73e14023917f3892090d2d3d7ff9ac1216b9","core/src/main/java/org/elasticsearch/action/admin/indices/shrink/ShrinkRequest.java","4","0","3","8","64","108","3"
"elasticsearch","78574d248cf10dad1c5a566fda79e1e0c94afe43","core/src/main/java/org/elasticsearch/action/admin/indices/shrink/ShrinkRequest.java","4","0","3","8","64","108","2"
"elasticsearch","e6aaaf11ed4a1b8f595f920de1840938eddb7a97","core/src/main/java/org/elasticsearch/action/admin/indices/shrink/ShrinkRequest.java","4","0","3","8","64","108","2"
"elasticsearch","a60b8948ba1d836a6eac7cff095519e618939ed8","core/src/main/java/org/elasticsearch/action/admin/indices/shrink/ShrinkRequest.java","4","0","3","8","64","108","0"
"junit","25495b3e91e346121e3292e8e01a3cc085b644f3","src/main/java/junit/framework/JUnit4TestAdapter.java","4","0","3","8","67","96","0"
"elasticsearch","1441fec0687d9af1b3eb17a6cc7286bab495d01f","src/main/java/org/elasticsearch/index/engine/SegmentsStats.java","4","0","3","8","72","120","2"
"elasticsearch","046abdc281c321cd2128ee7684c0edfcaca07203","core/src/test/java/org/elasticsearch/search/aggregations/pipeline/DateDerivativeIT.java","4","0","3","9","420","523","3"
"elasticsearch","5a64f08f048461a63a0ca1354a5050c954e63d52","core/src/main/java/org/elasticsearch/index/IndexSettings.java","4","0","34","2","234","462","0"
"elasticsearch","0a6f40c7f5f3af4e04a8875216e059025e1bbdf3","core/src/main/java/org/elasticsearch/index/IndexSettings.java","4","0","35","1","270","505","0"
"elasticsearch","11bdad1338ef053e4182805ff590470be1cb5951","modules/elasticsearch/src/main/java/org/elasticsearch/index/query/RangeFilterBuilder.java","4","0","36","1","195","376","0"
"elasticsearch","d92dc36213f43c96bb85508e7c83156682d0790d","modules/elasticsearch/src/main/java/org/elasticsearch/index/query/RangeFilterBuilder.java","4","0","37","1","200","385","1"
"elasticsearch","e7c2a8ae4d01d708f59d7869dbde015ccf22938e","core/src/main/java/org/elasticsearch/index/IndexSettings.java","4","0","38","1","292","550","1"
"elasticsearch","ef0e3db0de6928ddca70d18e929223980f283fe1","core/src/main/java/org/elasticsearch/index/IndexSettings.java","4","0","38","2","292","551","0"
"elasticsearch","b8396cd2d6a206f3107b9f657d9340503fe3273b","core/src/main/java/org/elasticsearch/index/IndexSettings.java","4","0","38","2","293","552","0"
"elasticsearch","5739a7c9fef8416730f501f917173961b51a4486","core/src/main/java/org/elasticsearch/index/IndexSettings.java","4","0","38","2","293","553","0"
"netty","a80ea46b8e6d3b225547ae138a357101b0381268","common/src/main/java/io/netty/util/internal/MathUtil.java","4","0","4","0","15","66","1"
"elasticsearch","0c03d0056cc1a0e4ac8bd589c89f0fad9f01c080","core/src/main/java/org/elasticsearch/index/MergeSchedulerConfig.java","4","0","4","0","53","127","0"
"netty","3e5dcb5f3efbb26d5e6cf4cd229b03c285d62462","transport/src/main/java/io/netty/channel/WriteBufferWaterMark.java","4","0","4","1","43","100","0"
"hazelcast","0ff1363160e0b5d17009abb0cd79bce091df7dd1","hazelcast-ra/hazelcast-jca/src/main/java/com/hazelcast/jca/HazelcastTransactionImpl.java","4","0","4","2","60","130","0"
"hazelcast","2b274e6521ea45ba3f56fc50cbbe51d807794e3c","hazelcast-client/src/main/java/com/hazelcast/client/HazelcastClient.java","4","0","4","2","62","143","0"
"elasticsearch","4d05c9cfd5cc889be77ec16730517d5417438e92","src/main/java/org/elasticsearch/index/fielddata/plain/DoubleArrayAtomicFieldData.java","4","0","4","21","222","326","1"
"elasticsearch","12d9268db256b728e8d334801739fb46167902b6","src/main/java/org/elasticsearch/index/fielddata/plain/FloatArrayAtomicFieldData.java","4","0","4","21","227","332","0"
"elasticsearch","5fd96d9371f68645ac6ec2ec17c0faeaa21610a8","src/main/java/org/elasticsearch/search/aggregations/support/format/ValueParser.java","4","0","4","24","131","205","1"
"elasticsearch","2b3760f78b26817b5a2030aa27b1ddf2f17462f6","core/src/main/java/org/elasticsearch/rest/action/document/RestHeadAction.java","4","0","4","3","62","111","1"
"elasticsearch","fbe27664a65ca7ab5b7dbe1c328ab27423e4313c","core/src/main/java/org/elasticsearch/rest/action/document/RestHeadAction.java","4","0","4","3","62","111","2"
"elasticsearch","1764ec56b38ce87f516efdf93bb4ab56e9dd829b","core/src/main/java/org/elasticsearch/rest/action/document/RestHeadAction.java","4","0","4","3","62","111","0"
"elasticsearch","d3cd58eb2f3fdfbeec81f657ca47b2994069c94a","core/src/main/java/org/elasticsearch/rest/action/get/RestHeadAction.java","4","0","4","3","62","112","0"
"neo4j","a9cd199b1086cf1d996764b54caba53b95d3727c","community/kernel/src/test/java/org/neo4j/test/ProcessStreamHandler.java","4","0","4","3","71","124","0"
"netty","d6016b7be8ca012b2da5ebf8c08946de7da7bf75","transport-native-epoll/src/main/java/io/netty/channel/unix/FileDescriptor.java","4","0","4","4","43","84","0"
"hazelcast","27d49efcee88ee428254cf38353e8698ea127c45","hazelcast-client/src/main/java/com/hazelcast/client/spi/impl/listener/ClientEventRegistration.java","4","0","4","4","45","100","1"
"hazelcast","ed777f64e4d046bb45ae4ee062b463e33526e3ad","hazelcast-ra/hazelcast-jca/src/main/java/com/hazelcast/jca/HazelcastTransactionImpl.java","4","0","4","4","71","143","1"
"neo4j","53a98b0736387e9e71640b7ae062697ceee7d966","community/kernel/src/test/java/org/neo4j/test/ProcessStreamHandler.java","4","0","4","4","77","132","0"
"hazelcast","4e5ee0b7ce47bc6549852d65f60e4f72da388509","hazelcast/src/main/java/com/hazelcast/map/impl/nearcache/NearCacheProvider.java","4","0","4","4","90","141","0"
"hazelcast","cd050d40b89556974e91deed3634f1049fb61a72","hazelcast/src/main/java/com/hazelcast/map/impl/nearcache/NearCacheProvider.java","4","0","4","4","93","145","1"
"netty","3957ee32bb6a6dbf8858a05f50a1acdaeccd6d95","codec-http/src/test/java/io/netty/handler/codec/http/QueryStringDecoderTest.java","4","0","4","6","221","279","0"
"netty","3207fac88e040a18f6fd5c8fcc0f37bde1a01183","common/src/main/java/io/netty/util/Signal.java","4","0","4","8","66","118","1"
"elasticsearch","768bfb7d1dbcffb4ddcc9bc029dfd7c2e0a59932","core/src/main/java/org/elasticsearch/index/analysis/NamedAnalyzer.java","4","0","4","8","71","123","0"
"BroadleafCommerce","cda1ce3dcc6fc3875e5464931dfb05433e9032b4","common/src/main/java/org/broadleafcommerce/common/RequestDTOImpl.java","4","0","4","9","64","119","0"
"neo4j","edc549d3d7df786c27ee1dfdefc23901b2e1b88a","community/server/src/main/java/org/neo4j/server/configuration/ConfigurationBuilder.java","4","0","4","9","86","141","1"
"neo4j","673a2d43f0183ad12d9365940576638dafbd75bc","community/server/src/main/java/org/neo4j/server/configuration/ConfigurationBuilder.java","4","0","4","9","89","146","0"
"elasticsearch","5badf68bd9c26578723f2b63c18ff7624cba7810","core/src/main/java/org/elasticsearch/transport/TransportActionProxy.java","4","0","5","0","102","162","0"
"elasticsearch","4e206cd02d3e8622f34f44736798ea8ae3680ea6","src/main/java/org/elasticsearch/common/io/PathUtils.java","4","0","5","0","35","101","1"
"elasticsearch","d437135321587a9090fca25282513ecb98aeba77","src/main/java/org/elasticsearch/common/io/PathUtils.java","4","0","5","0","36","102","0"
"antlr4","3ba70ba1a72550fd05c46aadaaf7a7a3efd6014e","antlr4-maven-plugin/src/main/java/org/antlr/mojo/antlr4/Antlr4ErrorLog.java","4","0","5","0","40","110","0"
"elasticsearch","25fd9e26c4fb042d6f6dea14efcd239577bdbbc4","client/sniffer/src/main/java/org/elasticsearch/client/sniff/SnifferBuilder.java","4","0","5","0","41","92","0"
"elasticsearch","5828796848674b656807406947f050626035845a","core/src/main/java/org/elasticsearch/common/lucene/index/ElasticsearchDirectoryReader.java","4","0","5","0","54","112","0"
"netty","61dbc353ca17af026d346b6fa83788a3ddcf8317","codec-http/src/test/java/io/netty/handler/codec/http/multipart/HttpPostRequestDecoderTest.java","4","0","5","1","175","245","0"
"elasticsearch","1ce10dfb06fe5e90330619b881ce416e8bdf6d9a","src/main/java/org/elasticsearch/index/query/HasChildQueryBuilder.java","4","0","5","1","48","103","0"
"hazelcast","cb32444b6c11c96e4656a9a7e8b35e99418829f9","hazelcast/src/main/java/com/hazelcast/config/WanReplicationRef.java","4","0","5","12","99","168","0"
"hazelcast","67db7c70adf6604568aa7e831f0373cf4b411bd0","hazelcast/src/test/java/com/hazelcast/spi/impl/AbstractCompletableFutureTest.java","4","0","5","17","247","328","1"
"hazelcast","565257f977407eb3a0199d082860209c2958f5f9","hazelcast/src/main/java/com/hazelcast/core/MembershipEvent.java","4","0","5","2","50","134","1"
"hazelcast","5a68f952119730a072369656ebb44c16263cce33","hazelcast/src/main/java/com/hazelcast/core/MembershipEvent.java","4","0","5","2","50","137","0"
"hazelcast","0cac2e039a382283c4005c5273794027e3bf655d","hazelcast/src/main/java/com/hazelcast/core/MembershipEvent.java","4","0","5","2","51","136","0"
"hazelcast","042ff891149165ab7ca37dc91df70aee977d5eac","hazelcast/src/main/java/com/hazelcast/core/MembershipEvent.java","4","0","5","2","51","139","0"
"elasticsearch","f424319f9a6629bbd9730171e8597e3d31a0f355","src/main/java/org/apache/lucene/analysis/PrefixAnalyzer.java","4","0","5","2","66","129","1"
"hazelcast","623ff1855aa985aa276e8395aabf0b534c7a36c3","hazelcast-client-legacy/src/main/java/com/hazelcast/client/spi/impl/listener/ClientEventRegistration.java","4","0","5","3","45","105","0"
"elasticsearch","513611bd48e471a6c9594301149c390476a4bc0d","src/main/java/org/elasticsearch/action/admin/indices/warmer/put/PutWarmerRequest.java","4","0","5","3","69","122","1"
"netty","efeb4cd8cbb148bb252a07f8a2664cd77ea7b5ea","codec-memcache/src/test/java/io/netty/handler/codec/memcache/binary/BinaryMemcacheDecoderTest.java","4","0","5","4","176","271","1"
"hazelcast","2c9f047c50d17d673fc19ecabccf2239611417b6","hazelcast/src/test/java/com/hazelcast/spi/impl/operationservice/impl/InvocationRegistryTest.java","4","0","5","5","134","182","0"
"hazelcast","8fb478edd7f05c3874592dfd54abd9bd62b8e5d3","hazelcast/src/test/java/com/hazelcast/spi/impl/operationservice/impl/InvocationRegistryTest.java","4","0","5","6","143","194","1"
"hazelcast","d38202141395360399c9cf97d4453adf5b1581e1","hazelcast/src/main/java/com/hazelcast/cache/impl/CacheEventSet.java","4","0","5","7","68","124","1"
"hazelcast","a4035afdfc67b757940a15578bc51b4e7b6b0b13","hazelcast/src/main/java/com/hazelcast/cache/impl/CacheEventSet.java","4","0","5","8","73","130","0"
"elasticsearch","6cdbdaf388b6d8367413e6dee2a7185c94d04b2d","src/main/java/org/elasticsearch/index/query/HasParentFilterBuilder.java","4","0","6","0","45","95","0"
"Android-Universal-Image-Loader","e4c86729327074e1cf399e390206b69332371c07","library/src/com/nostra13/universalimageloader/core/DefaultConfigurationFactory.java","4","0","6","0","49","85","1"
"hazelcast","4c1b1b779a2a777ec65393b7af9a0dc4e31d82f5","hazelcast/src/main/java/com/hazelcast/client/impl/protocol/util/BufferBuilder.java","4","0","6","0","50","119","0"
"elasticsearch","c3c9f66d0de89a0ba4a6efce1841a198723840e8","src/test/java/org/elasticsearch/index/mapper/xcontent/VariousDocTest.java","4","0","6","0","76","129","0"
"hazelcast","86b064ba3f1e467e74e95d6da24b03122065ce36","hazelcast/src/main/java/com/hazelcast/instance/HazelcastThreadGroup.java","4","0","6","1","45","103","2"
"elasticsearch","fb218babe30e79d8119f30ea25eed8e6af4dd74f","src/main/java/org/elasticsearch/search/sort/ScriptSortBuilder.java","4","0","6","1","50","110","0"
"elasticsearch","9ee6624fd1ea8036704cc0d709a7d4f5aa0b863d","core/src/test/java/org/elasticsearch/common/network/NetworkUtilsTests.java","4","0","6","1","54","108","0"
"elasticsearch","9742d08f53bca902a65fff1de964ded0d292dc03","src/test/java/org/elasticsearch/action/update/TransportUpdateActionTest.java","4","0","6","2","133","224","0"
"elasticsearch","f2eae5b6057d562f47768eebade3adcc93326f6a","modules/elasticsearch/src/main/java/org/apache/lucene/store/bytebuffer/ByteBufferAllocator.java","4","0","6","2","45","100","0"
"hazelcast","86234067a9384df7e9b2ea44c7bfe7a9f1881c1a","hazelcast/src/main/java/com/hazelcast/internal/nearcache/impl/invalidation/Invalidator.java","4","0","6","2","87","161","0"
"hazelcast","78dd601399e9eaeb5227cfd66f807504fa5d5d69","hazelcast/src/main/java/com/hazelcast/internal/nearcache/impl/invalidation/Invalidator.java","4","0","6","2","91","169","1"
"hazelcast","7001ec8c5b1305c796de75c2e3f170c562db8c03","hazelcast/src/main/java/com/hazelcast/map/impl/nearcache/invalidation/Invalidator.java","4","0","6","2","91","170","0"
"hazelcast","2787357ba4b11f5884730eb3f1a0d5309c2604c5","hazelcast/src/main/java/com/hazelcast/internal/nearcache/impl/invalidation/Invalidator.java","4","0","6","2","92","167","1"
"hazelcast","157db1056dcda6304087974374f7da88aceb2153","hazelcast/src/main/java/com/hazelcast/internal/nearcache/impl/invalidation/Invalidator.java","4","0","6","2","92","169","0"
"hazelcast","b04a2bf45dc85bc1d0513f3ac65ea899616c9c39","hazelcast/src/main/java/com/hazelcast/internal/nearcache/impl/invalidation/Invalidator.java","4","0","6","2","94","170","0"
"elasticsearch","046abdc281c321cd2128ee7684c0edfcaca07203","core/src/main/java/org/elasticsearch/common/network/NetworkModule.java","4","0","6","3","115","182","2"
"netty","de9e666493469d40fa9107a78f9ae421a05f9cf4","codec-http2/src/main/java/io/netty/handler/codec/http2/Http2ServerUpgradeCodec.java","4","0","6","3","120","207","1"
"mcMMO","3fe9cfee74b1313c6f88b46a92a6e947ec101f60","src/main/java/com/gmail/nossr50/util/player/UserManager.java","4","0","6","3","53","100","1"
"elasticsearch","e74d02138f02a66331b2611b5e70a908bb49cb97","core/src/main/java/org/elasticsearch/common/network/NetworkModule.java","4","0","6","4","118","186","0"
"neo4j","e6f84e88fecffdd2dd28e4ee978d77df94914908","community/lucene-index/src/main/java/org/neo4j/kernel/api/impl/schema/LuceneSchemaIndex.java","4","0","6","4","154","235","1"
"elasticsearch","5ba06b648778375887d7a526f021f2fe56cdf647","core/src/main/java/org/elasticsearch/action/search/SearchScrollRequest.java","4","0","6","6","66","120","1"
"BroadleafCommerce","030f8d7b4e8ed22cd62d84d51cd28cfe0ad83412","common/src/main/java/org/broadleafcommerce/common/file/service/BroadleafFileUtils.java","4","0","7","0","34","94","0"
"hazelcast","e4f7959a373b0263506a00fa6941d0020407e6fd","hazelcast/src/main/java/com/hazelcast/client/impl/protocol/util/BitUtil.java","4","0","7","0","46","162","1"
"junit","88f63daafb9eec076c09f532c9f0bd823a150be0","src/main/java/org/junit/experimental/results/ResultMatchers.java","4","0","7","0","58","101","0"
"elasticsearch","cfd83443f1abb4df0029ad3771ce8f1ef99f278e","src/test/java/org/elasticsearch/index/mapper/attachment/test/unit/VariousDocTest.java","4","0","7","1","102","164","0"
"hazelcast","cb1c7d376de36ac63c7e4a720bd1af59cb2d9ace","hazelcast/src/test/java/com/hazelcast/concurrent/lock/LockBasicTest.java","4","0","7","24","322","443","0"
"hazelcast","6e155d9be5cfd35e0c3a4c3ecec056122251acbe","hazelcast/src/test/java/com/hazelcast/concurrent/lock/LockBasicTest.java","4","0","7","25","333","455","1"
"neo4j","e5ea526b14ce752e94a5460b1c85bf4567d8f97d","community/kernel/src/test/java/org/neo4j/test/ImpermanentGraphDatabase.java","4","0","7","3","140","225","1"
"neo4j","c3a5cbf00866abb108bf34ce2e0680026fdd2025","community/kernel/src/test/java/org/neo4j/test/ImpermanentGraphDatabase.java","4","0","7","3","146","220","0"
"mcMMO","6518d192ec8dec02b303d2bafb2b9276c1310aec","src/main/java/com/gmail/nossr50/util/player/UserManager.java","4","0","7","3","56","110","0"
"elasticsearch","25fd9e26c4fb042d6f6dea14efcd239577bdbbc4","core/src/main/java/org/elasticsearch/action/admin/indices/rollover/RolloverResponse.java","4","0","7","4","111","174","0"
"elasticsearch","a846ff93e91020b5a837c45a045191b1c58a86e7","core/src/test/java/org/elasticsearch/common/rounding/TimeZoneRoundingTests.java","4","0","7","5","202","304","4"
"elasticsearch","4063354dbe6d08263fd759af59170121ccafd991","core/src/main/java/org/elasticsearch/action/search/SearchScrollRequest.java","4","0","7","6","69","128","0"
"elasticsearch","78574d248cf10dad1c5a566fda79e1e0c94afe43","core/src/main/java/org/elasticsearch/action/admin/cluster/node/tasks/list/TaskInfo.java","4","0","7","9","114","189","1"
"elasticsearch","e6aaaf11ed4a1b8f595f920de1840938eddb7a97","core/src/main/java/org/elasticsearch/action/admin/cluster/node/tasks/list/TaskInfo.java","4","0","7","9","114","189","1"
"elasticsearch","a60b8948ba1d836a6eac7cff095519e618939ed8","core/src/main/java/org/elasticsearch/action/admin/cluster/node/tasks/list/TaskInfo.java","4","0","7","9","114","189","0"
"oryx","3b0fc229b3818b52dda4b6b863f9bca5dcfc4d86","framework/oryx-common/src/main/java/com/cloudera/oryx/common/pmml/PMMLUtils.java","4","0","8","0","66","132","0"
"oryx","fddb336ac30ea3fb0bde91c61ef043f523d7d9fe","framework/oryx-common/src/main/java/com/cloudera/oryx/common/pmml/PMMLUtils.java","4","0","8","0","66","133","0"
"elasticsearch","20d5481ac6a077ff1a646961aa9a03084023b4be","src/test/java/org/apache/lucene/util/AbstractRandomizedTest.java","4","0","8","1","162","366","1"
"elasticsearch","8a1e77c50c2bece81a8d0d418148b810121b21be","src/test/java/org/apache/lucene/util/AbstractRandomizedTest.java","4","0","8","1","162","367","0"
"elasticsearch","2c1c5c163f24183ce4275c0190f11f85f6ee8311","src/test/java/org/apache/lucene/util/AbstractRandomizedTest.java","4","0","8","1","163","368","0"
"elasticsearch","e47de1f8094eae3721432ebdd12e7db446433a35","src/test/java/org/apache/lucene/util/AbstractRandomizedTest.java","4","0","8","1","172","380","0"
"hazelcast","4f6b7624077b0c7ac03d503510670f1b1a1b9b06","hazelcast/src/test/java/com/hazelcast/concurrent/lock/LockBasicTest.java","4","0","8","28","361","488","2"
"hazelcast","ac5f56d4b4ea497fab357f97d6245ebf043b52d2","hazelcast-spring/src/test/java/com/hazelcast/spring/transaction/TestSpringManagedHazelcastTransaction.java","4","0","8","3","104","180","0"
"elasticsearch","28fd684eef75592346e72c92177e7dd86af82608","core/src/main/java/org/elasticsearch/ingest/Pipeline.java","4","0","8","3","60","122","0"
"hazelcast","29aa409a4effaab80a748ac6a4d04381a5fc223f","hazelcast/src/test/java/com/hazelcast/concurrent/lock/LockBasicTest.java","4","0","8","30","383","512","1"
"hazelcast","44877c4059b2a29b7c72fccde99a655dc790e04d","hazelcast/src/test/java/com/hazelcast/concurrent/lock/LockBasicTest.java","4","0","8","30","383","512","3"
"hazelcast","b9a513bca4008f6a13c94ec892e7a234f233d308","hazelcast/src/test/java/com/hazelcast/concurrent/lock/LockBasicTest.java","4","0","8","30","383","512","2"
"hazelcast","d1346bedcd708dcbec377512ffe9093923daaf5f","hazelcast/src/test/java/com/hazelcast/concurrent/lock/LockBasicTest.java","4","0","8","30","383","512","1"
"hazelcast","1e0954a1dfa0c5a9be7eff340a62978d0cfd9e22","hazelcast/src/test/java/com/hazelcast/concurrent/lock/LockBasicTest.java","4","0","8","30","383","512","0"
"hazelcast","27846f50791fa2733ba326ab9925e40fe5096055","hazelcast/src/test/java/com/hazelcast/concurrent/lock/LockBasicTest.java","4","0","8","30","383","512","0"
"hazelcast","3ea1955304241b9d24855766db1691d507137c51","hazelcast/src/test/java/com/hazelcast/concurrent/lock/LockBasicTest.java","4","0","8","30","383","512","0"
"hazelcast","4a9bacbdd50bf75b5a43e56b72754cdd6e99cefe","hazelcast/src/test/java/com/hazelcast/concurrent/lock/LockBasicTest.java","4","0","8","32","411","545","1"
"elasticsearch","608c7eb9fa9ac763ca4e3e994c9efc63b00de42f","core/src/main/java/org/elasticsearch/common/lease/Releasables.java","4","0","9","0","45","97","0"
"hazelcast","e4f7959a373b0263506a00fa6941d0020407e6fd","hazelcast/src/main/java/com/hazelcast/client/impl/protocol/util/BufferBuilder.java","4","0","9","0","62","143","1"
"mct","c51c585e19c0ee09920cb84aebf4039dd9691380","fastPlotViews/src/main/java/gov/nasa/arc/mct/fastplot/bridge/PlotConstants.java","4","0","9","12","233","374","0"
"elasticsearch","6f8f773f8c9f0d2edae7a9eb05409104daa9844a","src/main/java/org/elasticsearch/index/percolator/stats/PercolateStats.java","4","0","9","5","108","176","0"
"elasticsearch","5c7d7fb399e023639cb007b9c08519b8da36ffe8","src/main/java/org/elasticsearch/search/facet/FacetExecutor.java","4","0","9","8","76","159","0"
"elasticsearch","10f2e0e2ba3e7bf7b9961e587b28d0c4377ac261","src/main/java/org/elasticsearch/action/search/SearchRequestBuilder.java","4","0","94","17","490","1030","1"
"elasticsearch","371c73e14023917f3892090d2d3d7ff9ac1216b9","core/src/main/java/org/elasticsearch/index/shard/StoreRecovery.java","40","0","0","0","294","418","3"
"elasticsearch","78574d248cf10dad1c5a566fda79e1e0c94afe43","core/src/main/java/org/elasticsearch/index/shard/StoreRecovery.java","40","0","0","0","294","418","2"
"elasticsearch","e6aaaf11ed4a1b8f595f920de1840938eddb7a97","core/src/main/java/org/elasticsearch/index/shard/StoreRecovery.java","40","0","0","0","294","418","2"
"elasticsearch","a60b8948ba1d836a6eac7cff095519e618939ed8","core/src/main/java/org/elasticsearch/index/shard/StoreRecovery.java","40","0","0","0","294","418","0"
"hazelcast","48ccb689ade8d8b2bd589727a2bc6768649d74a0","hazelcast/src/main/java/com/hazelcast/nio/serialization/ByteArrayObjectDataInput.java","40","0","0","0","296","522","0"
"elasticsearch","ca65a2ee9e3f303d729a5bcebdf4faced20d5d72","src/main/java/org/elasticsearch/percolator/QueryCollector.java","40","0","0","0","313","404","1"
"neo4j","cc4cfe4680328ea8f5e8b56ce68a9c69d2bf5c10","community/lucene-index/src/main/java/org/neo4j/index/impl/lucene/legacy/FullTxData.java","40","0","0","0","338","424","0"
"elasticsearch","b9c0d4447c92360d136761d34a50d9aa90caaed8","core/src/main/java/org/elasticsearch/transport/RemoteClusterConnection.java","40","0","0","0","455","725","0"
"hazelcast","9a271c902879c6d77ac6f5d779edb30265612d84","hazelcast/src/main/java/com/hazelcast/map/impl/MapServiceContextImpl.java","40","0","0","0","466","567","0"
"orientdb","a2eaf6636bb600c7e6d311b0bb7d112bbaafb4a0","etl/src/main/java/com/orientechnologies/orient/etl/extractor/OETLJDBCExtractor.java","40","0","0","10","201","246","0"
"orientdb","49f66150add1aa247033406a9adcc0d69ef34dcc","etl/src/main/java/com/orientechnologies/orient/etl/extractor/OJDBCExtractor.java","40","0","0","10","206","251","0"
"orientdb","de410aa8d3455b55f3c39e49780136c0b6c5e64b","core/src/main/java/com/orientechnologies/orient/core/storage/impl/local/paginated/wal/OSegmentFile.java","40","0","0","10","261","363","0"
"hazelcast","0dcac2107149f1a24af61788b11b53bd49eb4a73","hazelcast/src/main/java/com/hazelcast/cluster/impl/AbstractJoiner.java","40","0","0","11","278","343","0"
"hazelcast","933a9f8ac692a32fa017fa8b43992e101cb433a2","hazelcast-client/src/main/java/com/hazelcast/client/spi/impl/ClientCallFuture.java","40","0","0","15","233","294","0"
"hazelcast","f68ca8d3fc0960f5faace25206e7157a10616bbe","hazelcast-client/src/main/java/com/hazelcast/client/spi/impl/ClientCallFuture.java","40","0","0","15","233","295","0"
"hazelcast","490031a220076fe6cf002b209e986e2edbad57b9","hazelcast-client/src/main/java/com/hazelcast/client/spi/impl/ClientCallFuture.java","40","0","0","15","237","300","1"
"hazelcast","42e5849f7ebce11fa76d0780610fba85b1818987","hazelcast-client/src/main/java/com/hazelcast/client/spi/impl/ClientCallFuture.java","40","0","0","15","239","303","0"
"ceylon-ide-eclipse","d791e0689379d388209f2c94da89c0265f4dfe59","plugins/com.redhat.ceylon.eclipse.ui/src/com/redhat/ceylon/eclipse/core/model/mirror/JDTType.java","40","0","0","16","236","295","3"
"elasticsearch","c2259a2edd0e1d3de236d86d089616976325a762","core/src/main/java/org/elasticsearch/index/search/MultiMatchQuery.java","40","0","0","19","237","313","0"
"mcMMO","2c8bfd6573a0d87c99752d8f879460a19745fe46","src/main/java/com/gmail/nossr50/commands/skills/RepairCommand.java","40","0","0","2","132","168","0"
"hazelcast","44dd4c0ef632613153d2932c170a0490dcd30270","hazelcast/src/main/java/com/hazelcast/transaction/impl/TransactionManagerServiceImpl.java","40","0","0","21","362","425","0"
"hazelcast","d568e4d926d925d57d4e79e34614390416749301","hazelcast/src/test/java/com/hazelcast/cache/stats/CacheStatsTest.java","40","0","0","22","384","530","0"
"hazelcast","70d4de16ff0ac4518d09aad8c9f2ad9e782fb337","hazelcast/src/test/java/com/hazelcast/cache/stats/CacheStatsTest.java","40","0","0","22","384","531","1"
"hazelcast","0e8d32f113d283e766faf77a39cec13bb8c94ffc","hazelcast/src/test/java/com/hazelcast/cache/stats/CacheStatsTest.java","40","0","0","22","385","547","1"
"hazelcast","de3d876c276b4727c66ed7d150b6685cb8b90eee","hazelcast/src/test/java/com/hazelcast/cache/stats/CacheStatsTest.java","40","0","0","22","394","540","0"
"orientdb","e5e9f684cd8c3515095d3314188961a2821a1c12","core/src/main/java/com/orientechnologies/orient/enterprise/channel/binary/OChannelBinary.java","40","0","0","24","255","350","1"
"hazelcast","6fa8fa0639e5b44d288480f8991b18a2b31c1c8f","hazelcast/src/main/java/com/hazelcast/map/MapContainer.java","40","0","0","26","314","379","1"
"elasticsearch","f1a902865f558e2774317270ec64f545f9595da8","core/src/test/java/org/elasticsearch/index/query/QueryStringQueryBuilderTests.java","40","0","0","28","784","896","1"
"mcMMO","9bd4a0a70762b8a2c01198511b1b8ccf2a36bbd8","src/main/java/com/gmail/nossr50/skills/Axes.java","40","0","0","4","139","173","1"
"mcMMO","299f440f637b05e243d2e72810475d8f9d488a65","src/main/java/com/gmail/nossr50/skills/Axes.java","40","0","0","4","140","174","0"
"hazelcast","f6a9ed0da939abdb8d039d79403362e2f8ac0e68","hazelcast/src/main/java/com/hazelcast/internal/ascii/rest/HttpPostCommandProcessor.java","40","0","0","4","269","305","1"
"hazelcast","550f78cb3fd05969bb8d30e18f00c4332066ab5a","hazelcast/src/main/java/com/hazelcast/internal/ascii/rest/HttpPostCommandProcessor.java","40","0","0","4","272","308","0"
"hazelcast","991c061d964a44728dd418dca6c65ae9d76860c9","hazelcast/src/test/java/com/hazelcast/test/HazelcastTestSupport.java","40","0","0","43","363","454","2"
"hazelcast","f67944216f365787581db6aacbddd0c03302cd12","hazelcast/src/test/java/com/hazelcast/test/HazelcastTestSupport.java","40","0","0","45","375","468","1"
"elasticsearch","ce7195d81abafd0a880ebbc2d1514ab608e56b79","core/src/main/java/org/elasticsearch/search/aggregations/bucket/terms/TermsAggregatorFactory.java","40","0","0","5","305","394","0"
"ceylon-ide-eclipse","02ba80d693cc20964cac457300066c840aedb36e","plugins/com.redhat.ceylon.test.eclipse.plugin/src/com/redhat/ceylon/test/eclipse/plugin/ui/TestRunViewPart.java","40","0","0","6","415","494","0"
"hazelcast","e4b10eb1bd1583bbfca340d4cde3ad3111ed215c","hazelcast-client/src/test/java/com/hazelcast/client/cache/impl/nearcache/ClientNearCacheTestSupport.java","40","0","0","6","445","605","1"
"hazelcast","9d2eb04228da9c121161435410d90125a1ab597a","hazelcast-client/src/test/java/com/hazelcast/client/cache/nearcache/ClientNearCacheTestSupport.java","40","0","0","6","488","664","1"
"MapDB","461ee2dfb2a75977881f1f67fd1f5df1cc8097aa","src/test/java/org/mapdb/SerializerBaseTest.java","40","0","0","60","533","669","1"
"elasticsearch","3215ac11ec1b004a3d98f277321252467b3d763a","core/src/test/java/org/elasticsearch/action/search/SearchPhaseControllerTests.java","40","0","0","8","298","351","2"
"elasticsearch","82613198fe3b899eb39971469a63862ac2997def","modules/transport-netty4/src/main/java/org/elasticsearch/http/netty4/Netty4HttpServerTransport.java","40","0","0","8","457","584","1"
"elasticsearch","f5542ed47fede3d086477995afbc6b330ff71d3e","modules/transport-netty4/src/main/java/org/elasticsearch/http/netty4/Netty4HttpServerTransport.java","40","0","0","8","457","584","1"
"elasticsearch","e2977889b80fcaa02f5c7d5814117e796f2580e2","modules/transport-netty4/src/main/java/org/elasticsearch/http/netty4/Netty4HttpServerTransport.java","40","0","0","8","457","584","0"
"elasticsearch","6f1ed8a3d1f55b7c2be0ee6deb1aee281a1858f5","modules/transport-netty4/src/main/java/org/elasticsearch/http/netty4/Netty4HttpServerTransport.java","40","0","0","8","458","578","1"
"elasticsearch","5343b87502cf82e7697133ed636f210bd31247cd","modules/transport-netty4/src/main/java/org/elasticsearch/http/netty4/Netty4HttpServerTransport.java","40","0","0","8","460","588","0"
"elasticsearch","01502893eb13acd0c128756c1066b2314bbb1b0d","modules/transport-netty4/src/main/java/org/elasticsearch/http/netty4/Netty4HttpServerTransport.java","40","0","0","8","463","583","0"
"ceylon-ide-eclipse","6fa41080b7f9e6cefaca1adae1166671c00bf667","plugins/com.redhat.ceylon.eclipse.ui/src/com/redhat/ceylon/eclipse/code/wizard/NewProjectWizard.java","40","0","0","9","284","322","0"
"elasticsearch","04e82726074cabdf3bb24c1bbf516e4d0fb8b1dd","modules/transport-netty4/src/main/java/org/elasticsearch/http/netty4/Netty4HttpServerTransport.java","40","0","0","9","459","572","0"
"elasticsearch","4ed7c2bd35f16e8ef679c5b99bb7e7b7b9d0558d","modules/transport-netty4/src/main/java/org/elasticsearch/http/netty4/Netty4HttpServerTransport.java","40","0","0","9","460","572","2"
"elasticsearch","968fbaceef298908a6ce6b31e42fb82586743fb7","modules/transport-netty4/src/main/java/org/elasticsearch/http/netty4/Netty4HttpServerTransport.java","40","0","0","9","464","577","1"
"elasticsearch","446037ccb815b4e193e91109b8e8715b6080d056","modules/transport-netty4/src/main/java/org/elasticsearch/http/netty4/Netty4HttpServerTransport.java","40","0","0","9","465","590","0"
"netty","9fb86a380d0b3d2082a0d97a217d221392177625","transport/src/main/java/io/netty/channel/nio/AbstractNioByteChannel.java","40","0","1","0","227","324","0"
"elasticsearch","5278cf0d5e1afa6cf6d0959e839c0ed2408908f8","core/src/main/java/org/elasticsearch/action/admin/indices/analyze/TransportAnalyzeAction.java","40","0","1","1","212","256","0"
"elasticsearch","4a49f4d928d4dedbff0183890d23fa0e9b71b1dc","core/src/main/java/org/elasticsearch/action/admin/indices/analyze/TransportAnalyzeAction.java","40","0","1","1","216","261","1"
"BroadleafCommerce","ef6eca6f229f0354b45090428f089fc3d42033c5","core/broadleaf-framework/src/main/java/org/broadleafcommerce/core/checkout/service/workflow/ValidateAndConfirmPaymentActivity.java","40","0","1","1","243","395","1"
"elasticsearch","30d7b8de2fa043bdca3ca55026aa74f06d404a76","src/main/java/org/elasticsearch/env/NodeEnvironment.java","40","0","1","10","191","237","0"
"elasticsearch","518488b0b299ba26d3ad9503c5ef88ff287709a2","modules/elasticsearch/src/main/java/org/elasticsearch/cluster/service/InternalClusterService.java","40","0","1","10","259","335","0"
"elasticsearch","c066b6ae4ab4a0834314c9512c25a6bb68a84685","modules/elasticsearch/src/main/java/org/elasticsearch/cluster/service/InternalClusterService.java","40","0","1","10","270","346","0"
"BroadleafCommerce","6d0bcb2414cc6cc3c7f0477dc197ef425dac623d","admin/broadleaf-admin-module/src/main/java/org/broadleafcommerce/admin/server/service/handler/ProductCustomPersistenceHandler.java","40","0","1","10","324","411","3"
"elasticsearch","3d13c27fa0df12018f35f1b20987c90277e9b6f9","core/src/main/java/org/elasticsearch/discovery/local/LocalDiscovery.java","40","0","1","10","331","432","1"
"hazelcast","08872f0d67379a183ab344ddbe7f1688504b7c2e","hazelcast/src/main/java/com/hazelcast/replicatedmap/impl/record/ReplicationPublisher.java","40","0","1","10","357","436","0"
"hazelcast","21c064b4c2cb2d43e907d21553082abb3e4ba138","hazelcast/src/main/java/com/hazelcast/replicatedmap/impl/record/ReplicationPublisher.java","40","0","1","10","358","437","1"
"hazelcast","42c9a61addb6c6748816a69618d662f43f579189","hazelcast/src/main/java/com/hazelcast/replicatedmap/impl/record/ReplicationPublisher.java","40","0","1","10","358","437","1"
"hazelcast","508de395db2dd7baf93c9faa633334b2b79c07c6","hazelcast/src/main/java/com/hazelcast/replicatedmap/impl/record/ReplicationPublisher.java","40","0","1","10","358","437","0"
"orientdb","51cd09b34b1aa2e5eaf2cc29ef4b01ffb2cec131","core/src/main/java/com/orientechnologies/orient/core/sql/filter/OSQLTarget.java","40","0","1","11","189","271","0"
"orientdb","3b77afaffe373a7f145ae7509e3d323b120f979b","server/src/main/java/com/orientechnologies/orient/server/plugin/OServerPluginManager.java","40","0","1","11","260","367","0"
"netty","a5006c1969e6bfab2d78699de190441e518f34b8","transport/src/main/java/io/netty/channel/ThreadPerChannelEventLoopGroup.java","40","0","1","12","230","324","0"
"elasticsearch","7a36bed0311752d13c86289ccfdeb976c6ab994d","src/test/java/org/elasticsearch/test/integration/search/sort/SimpleSortTests.java","40","0","1","13","880","1157","1"
"hazelcast","672424ae3e81b7dff16a562e99f25ca8745ac130","hazelcast/src/main/java/com/hazelcast/nio/serialization/SerializationServiceBuilder.java","40","0","1","16","243","314","0"
"hazelcast","e78b610375a31d161665d2990bb6baa41933e0ee","hazelcast/src/main/java/com/hazelcast/nio/serialization/SerializationServiceBuilder.java","40","0","1","16","243","314","0"
"hazelcast","0feff7c98ebd740030acc7f61ae2509933f7cf8e","hazelcast/src/main/java/com/hazelcast/nio/serialization/SerializationServiceBuilder.java","40","0","1","16","243","314","1"
"elasticsearch","b116097ea5d28ed73674a219067e7601e2677944","src/test/java/org/elasticsearch/test/integration/search/sort/SimpleSortTests.java","40","0","1","16","985","1251","1"
"antlr4","f645e175ad69cf53be87b90cdfe80a7d952b3249","tool/src/org/antlr/v4/semantics/SemanticPipeline.java","40","0","1","2","164","300","2"
"elasticsearch","0205fc7ac2ecc541590180b2d8886bff31a8bf0b","src/main/java/org/elasticsearch/index/mapper/geo/GeoShapeFieldMapper.java","40","0","1","24","287","387","1"
"elasticsearch","f996b04a9f4555e8a94ce372a72571f774f26169","src/test/java/org/elasticsearch/percolator/PercolatorTests.java","40","0","1","25","1336","1552","1"
"elasticsearch","06f8a2e1a3473e80e9845545c33ee682b50aaacb","src/test/java/org/elasticsearch/percolator/PercolatorTests.java","40","0","1","26","1358","1577","0"
"elasticsearch","e69b5c342416317e482eeb3099015e2f1d3b75fa","src/test/java/org/elasticsearch/snapshots/DedicatedClusterSnapshotRestoreTests.java","40","0","1","26","722","909","2"
"elasticsearch","b0dde6ee4afccf88a4f13515e8b098e07ac52052","src/test/java/org/elasticsearch/snapshots/DedicatedClusterSnapshotRestoreTests.java","40","0","1","26","727","914","1"
"elasticsearch","a4c92eb67e62027714ddfdc73245389003f00583","src/test/java/org/elasticsearch/snapshots/DedicatedClusterSnapshotRestoreTests.java","40","0","1","26","745","935","1"
"elasticsearch","99714ee1bd991fed204620c32e9f59a323018d2f","src/test/java/org/elasticsearch/snapshots/DedicatedClusterSnapshotRestoreTests.java","40","0","1","26","747","937","2"
"elasticsearch","0c732b8bf30e8cd68a6b00cac7ff156c3d19ade1","src/main/java/org/elasticsearch/index/percolator/PercolatorExecutor.java","40","0","1","28","367","459","0"
"elasticsearch","2e399e5505797cf5916208eefb13338a5d6f66c9","core/src/test/java/org/elasticsearch/index/query/QueryStringQueryBuilderTests.java","40","0","1","28","803","920","0"
"elasticsearch","ee264c69573dd5b68f5e8f4649f6964c6582aed6","core/src/test/java/org/elasticsearch/index/query/QueryStringQueryBuilderTests.java","40","0","1","28","803","920","0"
"elasticsearch","bbf44394a8b95c7c82668339348fe8f7d09c8766","core/src/test/java/org/elasticsearch/index/query/QueryStringQueryBuilderTests.java","40","0","1","28","803","920","1"
"elasticsearch","927b4385a83f5cb8525812f415b83e9e6fa34d01","src/main/java/org/elasticsearch/index/percolator/PercolatorExecutor.java","40","0","1","29","362","453","0"
"elasticsearch","3b33e3f3423b23e8b75e0a21b4a75dfca9f736ad","src/main/java/org/elasticsearch/index/percolator/PercolatorExecutor.java","40","0","1","29","363","454","0"
"elasticsearch","ffcc710e4eca73e2d15a51c697720dcd76423743","src/main/java/org/elasticsearch/index/query/MoreLikeThisQueryParser.java","40","0","1","3","112","148","0"
"elasticsearch","9077bb6528f843ca8042ff95f8fac47140ef5aa1","modules/elasticsearch/src/main/java/org/elasticsearch/index/query/xcontent/GeoBoundingBoxFilterParser.java","40","0","1","3","134","176","0"
"elasticsearch","8db27cc5bcaf38067c6bd1f6abf93b023bffe78b","src/main/java/org/elasticsearch/index/percolator/PercolatorExecutor.java","40","0","1","30","359","450","1"
"BroadleafCommerce","15e70fe6b89d008dd88b5e98dbfc66a720db68bb","admin/broadleaf-open-admin-platform/src/main/java/org/broadleafcommerce/openadmin/dto/AdornedTargetList.java","40","0","1","34","195","263","0"
"BroadleafCommerce","131e0e579d5b03dcc6c5890fd7a45a93416cb0ec","admin/broadleaf-open-admin-platform/src/main/java/org/broadleafcommerce/openadmin/server/security/service/AdminSecurityServiceImpl.java","40","0","1","35","363","476","1"
"netty","51a536fd3068ecff95dd27adf047299122ade8ea","buffer/src/main/java/io/netty/buffer/UnpooledDirectByteBuf.java","40","0","1","35","427","530","0"
"elasticsearch","010b910333ee16f18b2a2ec81579bc2c3d9a0614","src/main/java/org/apache/lucene/queryParser/QueryParserSettings.java","40","0","1","36","174","240","0"
"netty","5416f2315e222acf8d9a36a51bcd4142a0f1c022","buffer/src/main/java/io/netty/buffer/UnpooledDirectByteBuf.java","40","0","1","36","431","535","2"
"elasticsearch","db394117c45038ea5a40dfa9b6441878f7232ec9","src/test/java/org/elasticsearch/search/child/SimpleChildQuerySearchTests.java","40","0","1","37","1881","2246","2"
"elasticsearch","acc095095760c77f3fd7f8f14127b811c5a25ef9","src/main/java/org/elasticsearch/cluster/metadata/IndexTemplateMetaData.java","40","0","1","37","296","387","0"
"elasticsearch","be860c8004d18cb9bfb24e7cc3abcbee212e622d","src/main/java/org/elasticsearch/cluster/metadata/IndexTemplateMetaData.java","40","0","1","37","299","391","2"
"elasticsearch","d1281d283beb85f10dd376292925d78dd83626a0","src/main/java/org/elasticsearch/cluster/node/DiscoveryNodeFilters.java","40","0","1","4","140","172","0"
"elasticsearch","4bbe1b111af4adef6482258bd33744d22ae471d0","modules/elasticsearch/src/main/java/org/elasticsearch/search/highlight/HighlightPhase.java","40","0","1","4","203","255","0"
"elasticsearch","7fbd86aa97fabf6535f9b1ea3d79035ea4927f42","src/main/java/org/elasticsearch/rest/action/search/RestSearchAction.java","40","0","1","4","210","260","1"
"hazelcast","32331b3c2b1548fd19542d1005a0c6d49a5a2a9c","hazelcast/src/main/java/com/hazelcast/query/impl/ReflectionHelper.java","40","0","1","4","211","265","0"
"hazelcast","9144e8128c3d271554f7230ee32e4d2e102fe811","hazelcast/src/main/java/com/hazelcast/query/impl/ReflectionHelper.java","40","0","1","4","211","265","0"
"hazelcast","07c40ffd56d6822933d92704213ca873a8164c0f","hazelcast/src/main/java/com/hazelcast/query/impl/ReflectionHelper.java","40","0","1","4","211","265","2"
"elasticsearch","37e7a54b0e7274c009c06c518a0531d49fde1547","src/main/java/org/elasticsearch/search/facet/datehistogram/DateHistogramFacetProcessor.java","40","0","1","4","222","275","1"
"elasticsearch","5a64f08f048461a63a0ca1354a5050c954e63d52","core/src/main/java/org/elasticsearch/cluster/metadata/MetaDataUpdateSettingsService.java","40","0","1","4","248","329","0"
"hazelcast","5a16e5ad2333962484c360578bba777dd32ad20e","hazelcast/src/test/java/com/hazelcast/test/HazelcastTestSupport.java","40","0","1","45","378","480","1"
"hazelcast","c9d117501d9d7e1014b9006bc4b711baa42e0c57","hazelcast/src/main/java/com/hazelcast/internal/dynamicconfig/ClusterWideConfigurationService.java","40","0","1","49","468","570","0"
"elasticsearch","9b5c74d43e652a46deaaa66721de89c606dcbcf7","src/main/java/org/elasticsearch/search/facet/terms/TermsFacetParser.java","40","0","1","5","153","194","0"
"hazelcast","cd3feee000a902c92572be92c3f16c710b10cd4e","hazelcast/src/main/java/com/hazelcast/map/eviction/EvictionHelper.java","40","0","1","5","274","331","2"
"hazelcast","f20e3dadabc7cb95afcf791a2c9872699868bdb6","hazelcast/src/main/java/com/hazelcast/map/eviction/EvictionHelper.java","40","0","1","5","277","334","0"
"hazelcast","97eaaa146cf36d563b23a99ba58f1bbd2cf015c9","hazelcast/src/main/java/com/hazelcast/map/eviction/EvictionHelper.java","40","0","1","5","281","340","1"
"hazelcast","066e05ebd5b8e1d08c42a5aa2c6e236b925a144d","hazelcast/src/main/java/com/hazelcast/internal/dynamicconfig/ClusterWideConfigurationService.java","40","0","1","52","477","586","1"
"elasticsearch","3ac2f8c789550531fd5ab87b09647631af91b0f1","src/main/java/org/elasticsearch/monitor/jvm/HotThreads.java","40","0","1","6","212","258","1"
"netty","8bbfcb05a08bc0dd11064d964a77da35fc2e5eb8","codec-http2/src/main/java/io/netty/handler/codec/http2/DefaultHttp2RemoteFlowController.java","40","0","1","6","345","540","0"
"elasticsearch","889db1c824d8c573835e8cbadd0c6f3ba25f8fcd","src/main/java/org/elasticsearch/discovery/zen/ping/unicast/UnicastZenPing.java","40","0","1","6","384","492","1"
"netty","e59ae12b4239b08c000bb382cd1d9068fd8a8fea","codec-http/src/main/java/io/netty/handler/codec/http/HttpContentEncoder.java","40","0","1","7","221","347","0"
"elasticsearch","9ee08dbb0b247afb881431df0c313024eb768747","core/src/main/java/org/elasticsearch/http/netty/NettyHttpServerTransport.java","40","0","1","7","343","439","1"
"elasticsearch","5337686d8d39568f94b0b976bd9098af69214302","core/src/main/java/org/elasticsearch/http/netty/NettyHttpServerTransport.java","40","0","1","7","345","442","0"
"titan","ed88d7286080492045efafb45a69fa4cb6eeb94d","src/main/java/com/thinkaurelius/titan/graphdb/vertices/VertexUtil.java","40","0","1","8","125","163","0"
"hazelcast","205c024fa76e667f18068dba06eb6584d18cf6ab","hazelcast/src/main/java/com/hazelcast/internal/partition/impl/PartitionStateManager.java","40","0","1","8","274","354","1"
"hazelcast","415b92c594eae8e44ae3e7099e1b7f89439c3128","hazelcast/src/main/java/com/hazelcast/spi/impl/servicemanager/impl/ServiceManagerImpl.java","40","0","1","9","325","386","2"
"elasticsearch","2bd09c4625898d77aa6c015c6f82cf973ed18cb7","core/src/main/java/org/elasticsearch/discovery/local/LocalDiscovery.java","40","0","1","9","326","425","0"
"orientdb","9df1e17bf9f8ea115fe2f31b9a501a38380867a5","server/src/test/java/com/orientechnologies/orient/core/storage/impl/local/paginated/LocalPaginatedStorageMixCrashRestoreIT.java","40","0","1","9","344","451","1"
"BroadleafCommerce","9a431faefc046d9a5b6168116a8ad7569105d29d","core/broadleaf-framework-web/src/main/java/org/broadleafcommerce/core/web/controller/checkout/BroadleafCheckoutController.java","40","0","11","10","388","670","1"
"elasticsearch","01f6851691f0e160185acdb2986f0486e9b4f6ec","core/src/main/java/org/elasticsearch/action/admin/indices/alias/IndicesAliasesRequest.java","40","0","13","25","329","482","0"
"elasticsearch","4a8759ef4c0ec3ca1c3e2b5fcdf6f258152820e3","core/src/main/java/org/elasticsearch/action/admin/indices/alias/IndicesAliasesRequest.java","40","0","13","25","331","483","1"
"Android-Universal-Image-Loader","127b373e4be0588e1c7c750102c5ce04df649740","UniversalImageLoader/src/com/nostra13/universalimageloader/core/ImageLoader.java","40","0","18","0","240","464","0"
"Android-Universal-Image-Loader","12778d31c9cc34c91527ec80ebf6f63479bcbfbe","UniversalImageLoader/src/com/nostra13/universalimageloader/core/ImageLoader.java","40","0","18","0","241","465","0"
"mct","c51c585e19c0ee09920cb84aebf4039dd9691380","fastPlotViews/src/main/java/gov/nasa/arc/mct/fastplot/settings/PlotSetupPanel.java","40","0","2","0","671","974","0"
"mct","00a1a4e44d41db0509178e7acb449101cb47231f","fastPlotViews/src/main/java/gov/nasa/arc/mct/fastplot/settings/PlotSetupPanel.java","40","0","2","0","671","975","0"
"elasticsearch","13a347239a48d71486692a72c066e940dec8921b","core/src/main/java/org/elasticsearch/cluster/metadata/MetaDataIndexUpgradeService.java","40","0","2","1","265","368","2"
"elasticsearch","444dff7b40444bb19c5954562b723c0faeaa3fae","src/main/java/org/elasticsearch/search/aggregations/bucket/terms/StringTermsAggregator.java","40","0","2","11","240","315","1"
"elasticsearch","e1c11209496173874c2f632028e7d028e730b7e2","src/main/java/org/elasticsearch/search/aggregations/bucket/terms/StringTermsAggregator.java","40","0","2","11","241","317","0"
"hazelcast","d10553a0edb7f7ba2ba2a23e5c8f97ce1ea14cb9","hazelcast/src/main/java/com/hazelcast/cache/impl/AbstractHazelcastCacheManager.java","40","0","2","15","318","415","4"
"elasticsearch","d885fe62ea680989f1c27a9206f616cc5bae25ce","core/src/test/java/org/elasticsearch/index/query/SimpleQueryStringBuilderTests.java","40","0","2","16","325","406","0"
"elasticsearch","d84c643f5880a88d2e5c38b487123161f3e01fe0","core/src/main/java/org/elasticsearch/index/mapper/ip/LegacyIpFieldMapper.java","40","0","2","19","289","362","0"
"elasticsearch","3e32dd985aabfa5ee653b26bcb6ff97c74a426a2","src/main/java/org/elasticsearch/common/joda/DateMathParser.java","40","0","2","2","171","219","2"
"elasticsearch","2bd09c4625898d77aa6c015c6f82cf973ed18cb7","core/src/main/java/org/elasticsearch/index/mapper/ip/IpFieldMapper.java","40","0","2","21","290","368","1"
"elasticsearch","d7a2e7e2ff6f132c1f02ca0726e5437e5ef9bedc","src/main/java/org/elasticsearch/index/mapper/attachment/AttachmentMapper.java","40","0","2","22","271","403","8"
"netty","5fb18e3415377fd022ac46d3a898b905617cf232","codec-http2/src/main/java/io/netty/handler/codec/http2/DefaultHttp2ConnectionEncoder.java","40","0","2","24","347","460","1"
"netty","ab925abc7db806ead57f8d9ea50ff322ce2ff891","codec-http2/src/main/java/io/netty/handler/codec/http2/DefaultHttp2ConnectionEncoder.java","40","0","2","24","367","478","0"
"hazelcast","7080d066a80155a8a0f44cab8ca1409743b6f7ee","hazelcast/src/test/java/com/hazelcast/map/nearcache/NearCacheTest.java","40","0","2","26","603","777","2"
"elasticsearch","cc65a94fd4daaac1a6586350bda309a29a511f7e","core/src/test/java/org/elasticsearch/index/query/QueryStringQueryBuilderTests.java","40","0","2","28","812","933","1"
"elasticsearch","70e3cce904e106e94e4b258b8f88eb191ea0c0d9","core/src/test/java/org/elasticsearch/index/query/QueryStringQueryBuilderTests.java","40","0","2","28","819","942","0"
"netty","db4781282f364b3a57b829db4362d77f449b612c","codec/src/main/java/io/netty/handler/codec/json/JsonObjectDecoder.java","40","0","2","3","153","239","0"
"elasticsearch","6fe9ae29ea3b66d38dfde4ae1394106b725475e9","core/src/main/java/org/elasticsearch/index/get/ShardGetService.java","40","0","2","3","227","288","1"
"hazelcast","12c89254274d2c4379de64ed009e9cda5d724fdb","hazelcast/src/main/java/com/hazelcast/client/impl/ClientEngineImpl.java","40","0","2","31","452","560","1"
"elasticsearch","3f6d80aa662bb757dfb5afd8d946309e162fcf08","core/src/test/java/org/elasticsearch/index/query/QueryStringQueryBuilderTests.java","40","0","2","31","872","1004","1"
"elasticsearch","119f8ed9f025c4280f5540fac1f6e2fb096c1df8","core/src/test/java/org/elasticsearch/index/query/QueryStringQueryBuilderTests.java","40","0","2","31","875","1008","0"
"elasticsearch","6c34452409d2cc468daced1811db60cd81c6fe95","core/src/test/java/org/elasticsearch/percolator/PercolatorIT.java","40","0","2","34","1664","1908","3"
"elasticsearch","ce89039926da6550a6d69b4176ceebe8aebdde6e","core/src/test/java/org/elasticsearch/percolator/PercolatorIT.java","40","0","2","35","1691","1938","2"
"hazelcast","e1b69c53ca4923affcd7722f012a80e32517e988","hazelcast/src/main/java/com/hazelcast/internal/cluster/impl/ClusterStateManager.java","40","0","2","6","351","477","0"
"hazelcast","cd7e7d2bfdffe5b9a371163a7c002c03d7f7365e","hazelcast/src/main/java/com/hazelcast/internal/cluster/impl/ClusterStateManager.java","40","0","2","6","351","478","1"
"hazelcast","4b12b31e4e2a868107895e53d6543fdc201f385c","hazelcast/src/main/java/com/hazelcast/internal/cluster/impl/ClusterStateManager.java","40","0","2","6","352","479","0"
"elasticsearch","82278bb7bceedd6ce3c9804161ac9a737b9479b4","src/main/java/org/elasticsearch/discovery/zen/ping/unicast/UnicastZenPing.java","40","0","2","6","420","553","1"
"netty","845a7c5753e42e0d38a1485c68d941cc9d54d93e","handler/src/main/java/io/netty/handler/stream/ChunkedWriteHandler.java","40","0","2","7","269","365","1"
"netty","dc13b68632957faf6e2e3a57a0e40c11cce45366","handler/src/main/java/io/netty/handler/stream/ChunkedWriteHandler.java","40","0","2","8","248","349","0"
"elasticsearch","5badf68bd9c26578723f2b63c18ff7624cba7810","core/src/main/java/org/elasticsearch/common/util/concurrent/ThreadContext.java","40","0","22","5","407","660","0"
"Android-Universal-Image-Loader","dcb5e7982e71f76bf5aac5830e18c713839ff478","library/src/com/nostra13/universalimageloader/core/ImageLoaderConfiguration.java","40","0","23","1","284","562","1"
"elasticsearch","046abdc281c321cd2128ee7684c0edfcaca07203","test/framework/src/main/java/org/elasticsearch/test/hamcrest/ElasticsearchAssertions.java","40","0","23","54","546","764","2"
"elasticsearch","22e63b478306fb3cab6ba8967db6e1f2b73cdfd8","test/framework/src/main/java/org/elasticsearch/test/hamcrest/ElasticsearchAssertions.java","40","0","23","54","546","764","1"
"elasticsearch","e74d02138f02a66331b2611b5e70a908bb49cb97","test/framework/src/main/java/org/elasticsearch/test/hamcrest/ElasticsearchAssertions.java","40","0","23","54","546","764","0"
"netty","08748344d852a07011be6e74bb5ddc6dcf221c45","transport/src/main/java/io/netty/channel/embedded/EmbeddedChannel.java","40","0","29","8","431","718","2"
"netty","1f0d47dee797df8d437b4151aaa39fcfae73b513","common/src/main/java/io/netty/util/internal/NativeLibraryLoader.java","40","0","3","0","269","375","1"
"orientdb","8a091afe1a10ffcbe1e53d09a765ea5bc2d72709","server/src/main/java/com/orientechnologies/orient/server/distributed/ODistributedAbstractPlugin.java","40","0","3","14","237","332","1"
"hazelcast","82d61e6eb5bc334157d133083b6e8d85db464e40","hazelcast/src/main/java/com/hazelcast/nio/IOUtil.java","40","0","3","14","246","307","0"
"orientdb","67b44e38d6982f4b915b71290548d72dbd5aaa00","core/src/main/java/com/orientechnologies/orient/core/config/OGlobalConfiguration.java","40","0","3","14","600","897","2"
"orientdb","daa89846a07faf0215b5d99ec4121ebd7395c41e","core/src/main/java/com/orientechnologies/orient/core/config/OGlobalConfiguration.java","40","0","3","14","600","910","1"
"orientdb","a2f1c9220aaa0be07af6ef9d27ba4a1df70aae15","core/src/main/java/com/orientechnologies/orient/core/config/OGlobalConfiguration.java","40","0","3","14","606","908","2"
"orientdb","0e868f07cc1b57e059f5c0b6eb9f32f5475fce81","core/src/main/java/com/orientechnologies/orient/core/config/OGlobalConfiguration.java","40","0","3","14","610","916","1"
"elasticsearch","149ef74b26bb33d3a1d3c1c45c481a01345cd764","core/src/main/java/org/elasticsearch/search/aggregations/support/ValuesSourceConfig.java","40","0","3","17","263","347","0"
"BroadleafCommerce","c47428fb0783c065f81dbdf641f1155879791b33","common/src/main/java/org/broadleafcommerce/common/web/BroadleafSandBoxResolverImpl.java","40","0","3","2","197","298","0"
"elasticsearch","d414d89c6281f99c988793a863677eeac5cf2ea0","src/main/java/org/elasticsearch/index/mapper/internal/ParentFieldMapper.java","40","0","3","23","280","363","1"
"elasticsearch","90b547cf2c82b03fe42b9cce4ea878d81734228a","src/main/java/org/elasticsearch/index/mapper/internal/ParentFieldMapper.java","40","0","3","23","281","364","0"
"elasticsearch","1654ae89379aeea586cbdff45a0b1d0cf4d00ebd","src/main/java/org/elasticsearch/index/mapper/internal/ParentFieldMapper.java","40","0","3","24","278","362","0"
"elasticsearch","589360c8b1a46c1509c7e589f06124b91cb3dbaf","src/main/java/org/elasticsearch/index/mapper/internal/ParentFieldMapper.java","40","0","3","24","284","368","1"
"orientdb","d379ae76063a5910ad7c709b45201bae3ec93289","server/src/main/java/com/orientechnologies/orient/server/OClientConnection.java","40","0","3","29","235","312","1"
"orientdb","0fc58500e975f744c7028d4033a789c947e7bb8b","server/src/main/java/com/orientechnologies/orient/server/OClientConnection.java","40","0","3","29","237","315","0"
"elasticsearch","3d13c27fa0df12018f35f1b20987c90277e9b6f9","core/src/main/java/org/elasticsearch/cluster/block/ClusterBlocks.java","40","0","3","31","303","390","1"
"elasticsearch","d6ddce2be8c5d73381063b8c1f4e511e98e0e02c","core/src/main/java/org/elasticsearch/cluster/block/ClusterBlocks.java","40","0","3","31","303","390","1"
"elasticsearch","2bd09c4625898d77aa6c015c6f82cf973ed18cb7","core/src/main/java/org/elasticsearch/cluster/block/ClusterBlocks.java","40","0","3","31","303","390","0"
"hazelcast","b683793f8f000c7e168932c892f8e93fb936960e","hazelcast/src/main/java/com/hazelcast/client/impl/ClientEngineImpl.java","40","0","3","31","455","565","2"
"hazelcast","6679cc974a2863427fb9a0571f689c1557f30202","hazelcast/src/main/java/com/hazelcast/client/impl/ClientEngineImpl.java","40","0","3","32","466","576","1"
"hazelcast","200b42ddac0f3e0c2a8225044985e7b3fd387718","hazelcast/src/main/java/com/hazelcast/client/impl/ClientEngineImpl.java","40","0","3","32","474","585","2"
"orientdb","c89dbacfb27d44150d7834ef1d2872cceeb0a42c","core/src/main/java/com/orientechnologies/orient/core/tx/OTransactionNoTx.java","40","0","3","38","287","385","0"
"orientdb","eda978aeda4e2d46618285fcb1d73642a30164c2","core/src/main/java/com/orientechnologies/orient/core/tx/OTransactionNoTx.java","40","0","3","38","290","388","1"
"orientdb","2767a54ee6308493e6a69b4b2951d8d2252bfd6b","core/src/main/java/com/orientechnologies/orient/core/tx/OTransactionNoTx.java","40","0","3","38","293","391","0"
"netty","2adebc4c54ae98565db8e2a3c02b2ffaa0c101fe","handler/src/main/java/io/netty/handler/stream/ChunkedWriteHandler.java","40","0","3","6","244","352","1"
"netty","2a426b3d447c2a0a6345b6a2bb9ee384f6266a3b","handler/src/main/java/io/netty/handler/stream/ChunkedWriteHandler.java","40","0","3","6","255","361","0"
"netty","81e2db10faaf0389f4e1af8c7132210946203157","handler/src/main/java/io/netty/handler/stream/ChunkedWriteHandler.java","40","0","3","7","248","358","0"
"netty","670d3f53a8189f3c062de48a9fc5e4c0d76abe12","handler/src/main/java/io/netty/handler/stream/ChunkedWriteHandler.java","40","0","3","8","253","358","1"
"netty","ca5554dfe7707d2cce712d1165a648129e0a9c84","handler/src/main/java/io/netty/handler/stream/ChunkedWriteHandler.java","40","0","3","8","255","361","0"
"elasticsearch","c90ba67abb2e8b6ac8e5de9d5ea4a344b7af6107","core/src/main/java/org/elasticsearch/discovery/zen/UnicastZenPing.java","40","0","3","8","513","669","2"
"elasticsearch","567c65b0d57e92cd530dafa7f55de7ba681af13e","core/src/main/java/org/elasticsearch/discovery/zen/UnicastZenPing.java","40","0","3","8","521","678","2"
"netty","4a5dc3222488db44b0174297f20b83195601cb8d","handler/src/main/java/io/netty/handler/stream/ChunkedWriteHandler.java","40","0","3","9","258","367","1"
"elasticsearch","656fa69f2d507577de4df5096285e5dfb6ba47b8","core/src/main/java/org/elasticsearch/search/aggregations/metrics/cardinality/HyperLogLogPlusPlus.java","40","0","3","9","437","582","0"
"elasticsearch","93beea1f670f1e0d53bc3fd3ee671bc235d5f1aa","core/src/main/java/org/elasticsearch/cluster/RestoreInProgress.java","40","0","30","6","264","505","0"
"elasticsearch","09575eb95fa6da57c0e98435d079f50262f4d81b","src/main/java/org/elasticsearch/action/index/IndexRequest.java","40","0","34","20","397","651","2"
"elasticsearch","35e5432354ee968e516ddeefbd842d3f1742b448","src/main/java/org/elasticsearch/action/index/IndexRequest.java","40","0","34","20","397","651","1"
"elasticsearch","cc9ab111a04661367cea50e444b5a9e0d4544d1a","src/main/java/org/elasticsearch/action/index/IndexRequest.java","40","0","34","20","397","651","0"
"netty","3d1133415179daab602db1709bdf01d7a297e9f3","common/src/main/java/io/netty/util/internal/MacAddressUtil.java","40","0","4","1","185","272","0"
"mcMMO","8dfa8c20f32e391c3d299abc51514a6601ed6e80","src/main/java/com/gmail/nossr50/skills/gathering/BlastMining.java","40","0","4","1","199","310","4"
"titan","a1e70246868f0fc9e3e6e1bd454f2b0b13170c3b","src/test/java/com/thinkaurelius/titan/graphdb/TitanGraphTest.java","40","0","4","12","550","670","2"
"titan","99d0fe408262931e0a936d850deafa101862a483","src/test/java/com/thinkaurelius/titan/graphdb/TitanGraphTest.java","40","0","4","12","558","677","1"
"netty","c22f1aa4acad4234623c31121f33b2b2f3afffc5","transport-sctp/src/main/java/io/netty/channel/sctp/oio/OioSctpChannel.java","40","0","4","14","371","471","0"
"antlr4","507f331bd08bc01c213822508d18bbc4ba769db4","tool/src/org/antlr/v4/codegen/OutputModelController.java","40","0","4","42","360","486","0"
"elasticsearch","8fba11dd74cd5d0ee9a3bb1a70b687451394e56e","src/main/java/org/elasticsearch/common/regex/Regex.java","40","0","4","5","132","192","0"
"hazelcast","99bfe79bdc04b48bc39f70d12a4f6e626037cf41","hazelcast/src/main/java/com/hazelcast/map/impl/NearCache.java","40","0","5","12","299","374","3"
"netty","6765e9f99db352a7f814e10d77338760432db155","transport/src/main/java/io/netty/channel/socket/nio/NioSocketChannel.java","40","0","5","14","385","490","1"
"netty","f3dd4101425165496490f9c975ca2e556773c663","transport/src/main/java/io/netty/channel/socket/nio/NioSocketChannel.java","40","0","5","14","389","495","0"
"elasticsearch","2a844fc457a38650de3aa13ec07e4e8904646e6b","src/test/java/org/elasticsearch/search/aggregations/EquivalenceTests.java","40","0","5","2","364","439","0"
"elasticsearch","25fd9e26c4fb042d6f6dea14efcd239577bdbbc4","core/src/main/java/org/elasticsearch/action/admin/cluster/stats/ClusterStatsNodes.java","40","0","5","29","461","581","0"
"elasticsearch","303c9faca559459949ec332deeca0e9a2bc2a025","core/src/test/java/org/elasticsearch/search/aggregations/EquivalenceIT.java","40","0","5","3","425","505","1"
"elasticsearch","8aa1eb6aa4c6538651b31b312dc643529062bc6a","core/src/test/java/org/elasticsearch/search/aggregations/EquivalenceIT.java","40","0","5","3","458","540","0"
"netty","869687bd711e1358367203526128d9a2ad90663a","transport/src/main/java/io/netty/channel/nio/AbstractNioChannel.java","40","0","5","4","305","461","0"
"netty","1cce998bb06f42ff47925390872dcc5c487bbf59","transport/src/main/java/io/netty/channel/nio/AbstractNioChannel.java","40","0","5","4","313","473","0"
"elasticsearch","25fd9e26c4fb042d6f6dea14efcd239577bdbbc4","core/src/main/java/org/elasticsearch/ExceptionsHelper.java","40","0","5","9","192","255","0"
"elasticsearch","635ae29bf1eb3aa83597bc296ff58a5b95ca648a","src/main/java/org/elasticsearch/indices/recovery/ShardRecoveryHandler.java","40","0","6","2","452","650","1"
"hazelcast","557a2678022ff6423f67ac2ff8ac67dfe9f2eb70","hazelcast/src/main/java/com/hazelcast/spi/impl/operationservice/impl/InvocationRegistry.java","40","0","6","8","280","414","1"
"elasticsearch","4e5714b31fe3d3b9fdedb18064253fa50b79bcc0","src/main/java/org/elasticsearch/common/util/BloomFilter.java","40","0","7","12","332","558","0"
"BroadleafCommerce","7da760ada0cf3c3164075c970c90d47e36b4bef4","admin/broadleaf-open-admin-platform/src/main/java/org/broadleafcommerce/openadmin/dto/PersistencePerspective.java","40","0","7","21","193","311","0"
"netty","1861461db230267fec4e887b6b06eff68fa61d6c","codec/src/main/java/io/netty/handler/codec/ByteToMessageDecoder.java","40","0","7","5","261","469","0"
"elasticsearch","128b83e4a5c2d83b57b375bb077c9f9d1af4476e","src/main/java/org/elasticsearch/common/geo/builders/BasePolygonBuilder.java","40","0","7","9","289","474","0"
"hazelcast","6d6ea45a37214e4c4050a9960e72834a9b00df07","hazelcast/src/main/java/com/hazelcast/internal/partition/impl/PartitionReplicaManager.java","40","0","7","9","319","467","0"
"netty","8663716d38040537f6660cf2b81ee74549e0ab6d","codec-http/src/main/java/io/netty/handler/codec/http/QueryStringDecoder.java","40","0","9","0","178","297","0"
"hazelcast","af9c2c5342c948c479cda3a43989826a57e3fe5c","hazelcast/src/main/java/com/hazelcast/impl/CMap.java","400","0","3","65","1701","1963","1"
"orientdb","9b23a8d860257704349b7852bb525137a4e573e4","core/src/main/java/com/orientechnologies/orient/core/db/document/ODatabaseDocumentTx.java","400","0","72","82","1995","2946","3"
"orientdb","cbeda542252f709a04865fb875ddd4b785847de1","core/src/main/java/com/orientechnologies/orient/core/db/document/ODatabaseDocumentTx.java","400","0","72","82","1997","2948","2"
"orientdb","fad816fe14820c1468f7bb3b0799eaf5ace26283","core/src/main/java/com/orientechnologies/orient/core/record/impl/ODocumentHelper.java","401","0","4","18","1202","1509","0"
"orientdb","4bea24361a104b8caaf3ed850ce901e5576118b1","core/src/main/java/com/orientechnologies/orient/core/record/impl/ODocumentHelper.java","401","0","4","18","1214","1523","1"
"orientdb","436345198000b8dbc42d3c0cf74188e86f194b7b","core/src/main/java/com/orientechnologies/orient/core/sql/parser/OrientSql.java","4011","0","12","114","12038","12926","0"
"hazelcast","1aca2ceab66757dabb1d5bd8cff6c5f793ce4669","hazelcast/src/main/java/com/hazelcast/impl/CMap.java","402","0","3","65","1708","1970","1"
"orientdb","bb7fbb8bb5e2274ffaf4aa07b07318f15d40237b","core/src/main/java/com/orientechnologies/orient/core/record/impl/ODocumentHelper.java","402","0","4","18","1218","1527","0"
"orientdb","c1f0f046093d166b58193818b359c73d4a50c228","core/src/main/java/com/orientechnologies/orient/core/db/document/ODatabaseDocumentTx.java","402","0","75","87","2034","3001","1"
"orientdb","7b536d818c7567b3b119ddf9a52942ef1bfb4619","core/src/main/java/com/orientechnologies/orient/core/db/document/ODatabaseDocumentTx.java","404","0","75","87","2036","3005","1"
"orientdb","c3c5a98c4be21b52c2b60762744fbe208285945d","core/src/main/java/com/orientechnologies/orient/core/db/document/ODatabaseDocumentTx.java","404","0","77","88","2094","3088","3"
"orientdb","375c51054059489374d739f25fc830f6025c5326","core/src/main/java/com/orientechnologies/orient/core/db/document/ODatabaseDocumentTx.java","404","0","77","88","2096","3091","2"
"orientdb","46800adf089a519495c9f3a0aab791a7928f3986","core/src/main/java/com/orientechnologies/orient/core/db/document/ODatabaseDocumentTx.java","404","0","77","88","2099","3096","1"
"orientdb","4efad7d79eff8fefd7e2a361c364c193238871c5","core/src/main/java/com/orientechnologies/orient/core/db/document/ODatabaseDocumentTx.java","404","0","77","91","2125","3131","2"
"hazelcast","46ad8cc8a844bef19e7d114d63a4c1c3a569289c","hazelcast/src/main/java/com/hazelcast/impl/CMap.java","405","0","3","65","1713","1979","3"
"hazelcast","55ff6e20d537de521f02406b1cb4000c784f27ec","hazelcast/src/main/java/com/hazelcast/impl/CMap.java","405","0","3","65","1714","1980","1"
"orientdb","76ffdc9fe1e541460329297a955e8494c36be8f5","core/src/main/java/com/orientechnologies/orient/core/db/document/ODatabaseDocumentTx.java","405","0","72","81","1972","2920","2"
"orientdb","48db6e588a63277fd5021b2dd729d853bdc77bbe","core/src/main/java/com/orientechnologies/orient/core/db/document/ODatabaseDocumentAbstract.java","405","0","74","97","2135","3084","1"
"orientdb","96e6d02a4377124728ba4d38315d383ef0afeeb2","core/src/main/java/com/orientechnologies/orient/core/db/document/ODatabaseDocumentTx.java","405","0","75","87","2037","3008","1"
"orientdb","0eadb71d9039612337423a392c243733dc8b2549","core/src/main/java/com/orientechnologies/orient/core/db/document/ODatabaseDocumentTx.java","405","0","77","88","2102","3099","2"
"orientdb","0eb6da9f8ce4b53844c8adb7f87c5cb31d66939b","core/src/main/java/com/orientechnologies/orient/core/db/document/ODatabaseDocumentTx.java","405","0","77","88","2103","3102","1"
"orientdb","69ad5ecc3824911ac8d1bfbeab0d379043546afb","core/src/main/java/com/orientechnologies/orient/core/db/document/ODatabaseDocumentTx.java","405","0","77","91","2126","3134","1"
"orientdb","f3037a5423fac7a154c4e964d4d0f58fd4230345","core/src/main/java/com/orientechnologies/orient/core/db/document/ODatabaseDocumentTx.java","405","0","77","91","2127","3136","2"
"orientdb","029be60c77be0312218cf143168cd3b7347f33e0","core/src/main/java/com/orientechnologies/orient/core/db/document/ODatabaseDocumentTx.java","405","0","77","91","2128","3137","1"
"hazelcast","93178d4da5c88dc7a98ffab448e3738bbedef961","hazelcast/src/main/java/com/hazelcast/impl/CMap.java","406","0","3","67","1732","2003","1"
"hazelcast","60ee6ddac16452eeb9c4b3678eb6c5cd9daeafd0","hazelcast/src/main/java/com/hazelcast/impl/CMap.java","406","0","3","67","1733","2004","0"
"orientdb","b931cd72ebc375e2728434d6628fae26154c3289","core/src/main/java/com/orientechnologies/orient/core/db/document/ODatabaseDocumentAbstract.java","406","0","74","97","2140","3088","0"
"orientdb","2d5bcdf2c8dadd899b39e7a9f4ef3de7bdfc1a09","core/src/main/java/com/orientechnologies/orient/core/db/document/ODatabaseDocumentAbstract.java","407","0","74","97","2136","3085","2"
"orientdb","136db63960bbf53514691bf5a0bb8361a5ea5361","core/src/main/java/com/orientechnologies/orient/core/db/document/ODatabaseDocumentAbstract.java","409","0","74","101","2161","3113","0"
"orientdb","46bbcabde62c2b9e61ebaf45dc23f16d9dee7f02","core/src/main/java/com/orientechnologies/orient/core/db/document/ODatabaseDocumentAbstract.java","409","0","74","101","2164","3116","1"
"hazelcast","9c936dde4e6e20f827aaaf6a0a0e3db2ddd83a7e","hazelcast/src/main/java/com/hazelcast/nio/serialization/ByteArrayObjectDataOutput.java","41","0","0","0","252","326","1"
"hazelcast","6fa0069fe8656dfccd16b57e133bed417b591146","hazelcast/src/main/java/com/hazelcast/query/impl/TypeConverters.java","41","0","0","0","254","292","1"
"hazelcast","1c93e005e88f8bbcfd90c55156ebbe80e2c43a61","hazelcast/src/main/java/com/hazelcast/nio/serialization/ByteArrayObjectDataOutput.java","41","0","0","0","254","327","0"
"hazelcast","d5b6af56230ef0fe067c1b68a412f238383088f5","hazelcast-client/src/main/java/com/hazelcast/client/spi/impl/ClusterListenerThread.java","41","0","0","0","279","314","0"
"hazelcast","3ffa55ac9e71a5e743e4e55a467471eeac338ff7","hazelcast/src/main/java/com/hazelcast/map/AbstractEvictableRecordStore.java","41","0","0","0","285","416","0"
"hazelcast","f20e3dadabc7cb95afcf791a2c9872699868bdb6","hazelcast/src/main/java/com/hazelcast/map/AbstractEvictableRecordStore.java","41","0","0","0","285","416","0"
"hazelcast","7d493fb7feffdd204c4d00a174453bea332d55a2","hazelcast/src/main/java/com/hazelcast/map/AbstractEvictableRecordStore.java","41","0","0","0","285","416","1"
"hazelcast","5917446b9901b1bc4ab314eb8c106e22ca50f3e3","hazelcast/src/main/java/com/hazelcast/cache/impl/AbstractInternalCacheProxy.java","41","0","0","0","292","361","2"
"hazelcast","7af8bdc79fe21ff2beda241499150feaa08bd8ea","hazelcast/src/main/java/com/hazelcast/cache/impl/AbstractInternalCacheProxy.java","41","0","0","0","292","361","2"
"hazelcast","74ace7dcdefdaf63de1dd47daca79c1dfb171fd9","hazelcast/src/main/java/com/hazelcast/cache/impl/AbstractInternalCacheProxy.java","41","0","0","0","292","361","0"
"hazelcast","17681042a785eb0d99c3cdb4c1ce3d18f87bd0b0","hazelcast/src/main/java/com/hazelcast/cache/impl/AbstractInternalCacheProxy.java","41","0","0","0","293","362","1"
"hazelcast","cd3feee000a902c92572be92c3f16c710b10cd4e","hazelcast/src/main/java/com/hazelcast/map/BasicMapContextQuerySupport.java","41","0","0","0","303","378","2"
"netty","4ed5b07e4e4cc91c2ba2ed266f92b3f7c176cd76","buffer/src/main/java/io/netty/buffer/PoolArena.java","41","0","0","0","324","407","0"
"netty","9fb86a380d0b3d2082a0d97a217d221392177625","transport-native-epoll/src/main/java/io/netty/channel/epoll/AbstractEpollChannel.java","41","0","0","0","329","464","0"
"netty","7d60699a4951b4dcaba4cb06029d4432a863b171","transport-native-epoll/src/main/java/io/netty/channel/epoll/AbstractEpollChannel.java","41","0","0","0","330","465","1"
"hazelcast","25ee75460b380345650d2710508c7af9576e850f","hazelcast/src/main/java/com/hazelcast/map/BasicRecordStoreLoader.java","41","0","0","0","332","386","3"
"hazelcast","4c870c902e197ec5dbb497464f2030130663d6db","hazelcast/src/main/java/com/hazelcast/map/impl/MapServiceContextImpl.java","41","0","0","0","440","535","0"
"hazelcast","ebc20f503b5494875786c149722b52cfb7e0e7cc","hazelcast/src/main/java/com/hazelcast/map/impl/MapServiceContextImpl.java","41","0","0","0","445","545","1"
"elasticsearch","e7d352b489272a87b05019869857656de7fb82fc","core/src/test/java/org/elasticsearch/search/aggregations/bucket/TermsTests.java","41","0","0","1","171","199","0"
"elasticsearch","b1cef5fdf8e1f8e9982a4724986b2731ca4d522b","core/src/test/java/org/elasticsearch/search/aggregations/bucket/TermsTests.java","41","0","0","1","177","204","1"
"orientdb","2228c1302483104febb0712814a9865ae5b48cb4","core/src/main/java/com/orientechnologies/orient/core/storage/impl/local/paginated/wal/OSegmentFile.java","41","0","0","10","269","372","1"
"neo4j","b070962e9b00726d50df951106225fa252b7efeb","enterprise/security/src/main/java/org/neo4j/server/security/enterprise/auth/plugin/PluginRealm.java","41","0","0","10","377","456","0"
"hazelcast","723164a6b7b7d0cf74769986ff6b51d523e566ea","hazelcast/src/main/java/com/hazelcast/impl/TestUtil.java","41","0","0","113","565","709","0"
"hazelcast","2149a7a4921b388584c8aa50dd47b319ab6aa50a","hazelcast-client/src/main/java/com/hazelcast/client/spi/impl/ClusterListenerSupport.java","41","0","0","12","328","372","1"
"netty","4ee361e3024b33ac3a160e8124ee7f0e5a1f4b42","handler/src/test/java/io/netty/handler/ssl/SSLEngineTest.java","41","0","0","12","771","919","1"
"MapDB","4b996af8d714bf858c0453fb57619e904a256fdf","src/test/java/org/mapdb/HTreeMap2Test.java","41","0","0","13","357","472","1"
"netty","c4e96d010e3d16810d7130c93169817b3d72b421","handler/src/test/java/io/netty/handler/ssl/SSLEngineTest.java","41","0","0","13","825","998","2"
"MapDB","7167ce8c37511f3ead33b786072cea3feafeb961","src/test/java/org/mapdb/HTreeMap2Test.java","41","0","0","14","366","483","0"
"ceylon-ide-eclipse","a580bfe353e425253eab79f1889b2ca5bba84ed4","plugins/com.redhat.ceylon.eclipse.ui/src/com/redhat/ceylon/eclipse/core/model/mirror/JDTType.java","41","0","0","16","240","300","2"
"orientdb","252aa4c00e6048e5a77066dc5f770ef6e58dd1ea","core/src/main/java/com/orientechnologies/orient/core/sql/parser/OAndBlock.java","41","0","0","17","181","222","1"
"elasticsearch","b94b3b2bcdf610d6abff912e822eac624ff101de","src/test/java/org/elasticsearch/test/hamcrest/ElasticsearchGeoAssertions.java","41","0","0","17","182","250","0"
"orientdb","252aa4c00e6048e5a77066dc5f770ef6e58dd1ea","core/src/main/java/com/orientechnologies/orient/core/sql/parser/OOrBlock.java","41","0","0","18","169","206","1"
"orientdb","3f28ff06185bd235ca8826f55424bde1c90730f5","server/src/main/java/com/orientechnologies/orient/server/network/OServerNetworkListener.java","41","0","0","18","257","355","0"
"hazelcast","48e063d10ffc125be470385de0a2316dacd9c942","hazelcast/src/main/java/com/hazelcast/scheduledexecutor/impl/ScheduledExecutorContainer.java","41","0","0","19","351","466","1"
"hazelcast","02b09ccab903e73f9ae8998119fc0e2ebce9fab4","hazelcast/src/main/java/com/hazelcast/scheduledexecutor/impl/ScheduledExecutorContainer.java","41","0","0","19","352","467","0"
"elasticsearch","3c355b66fef6d4adff1c1871767f65454bf91497","core/src/test/java/org/elasticsearch/index/query/QueryStringQueryBuilderTests.java","41","0","0","19","417","471","2"
"neo4j","d42831f6bb447e7d96ec7c5f0945ba683ba57a97","community/import-tool/src/test/java/org/neo4j/tooling/ImportToolTest.java","41","0","0","19","872","1054","1"
"hazelcast","70e6d9c0a2efcc7c088c88302a3e3587246bda3c","hazelcast/src/main/java/com/hazelcast/transaction/impl/TransactionManagerServiceImpl.java","41","0","0","20","353","413","2"
"neo4j","906539fcd1c388e4bfb70ec91e06ee3270e985f7","community/import-tool/src/test/java/org/neo4j/tooling/ImportToolTest.java","41","0","0","20","887","1075","1"
"neo4j","f458a0a788b87bbbe0849cf5e6e115e8fcd727fa","community/import-tool/src/test/java/org/neo4j/tooling/ImportToolTest.java","41","0","0","20","888","1076","0"
"neo4j","aefe9861c7754703b96470fda5beed01ebf445be","community/import-tool/src/test/java/org/neo4j/tooling/ImportToolTest.java","41","0","0","21","906","1100","0"
"elasticsearch","af959c0c913f7d3af70109feb2975542c3fa9dfa","core/src/test/java/org/elasticsearch/index/query/QueryStringQueryBuilderTests.java","41","0","0","23","503","566","0"
"elasticsearch","01f083ca839606ed475a61be185081f2642ddea1","core/src/test/java/org/elasticsearch/index/mapper/RangeFieldTypeTests.java","41","0","0","3","235","271","3"
"elasticsearch","98c91a3bd09cad75bf1a05ddca493dcf3533691d","test/framework/src/main/java/org/elasticsearch/common/bytes/AbstractBytesReferenceTestCase.java","41","0","0","33","503","647","1"
"elasticsearch","a3ade99fcf9d95a8e9c40388d283b69a379f0377","test/framework/src/main/java/org/elasticsearch/common/bytes/AbstractBytesReferenceTestCase.java","41","0","0","33","504","649","0"
"hazelcast","600651bb0ee2f11e89605b9ee71e1b7293e51415","hazelcast/src/test/java/com/hazelcast/cache/CacheBasicAbstractTest.java","41","0","0","35","658","772","0"
"elasticsearch","5f6623c03b87f914faba97064d115370d286127f","core/src/main/java/org/elasticsearch/index/query/HasParentQueryParser.java","41","0","0","4","171","218","0"
"elasticsearch","94a98daa37df26690de40d0093ec09a6fdcd5aaa","core/src/test/java/org/elasticsearch/index/mapper/RangeFieldTypeTests.java","41","0","0","4","242","279","1"
"elasticsearch","2f8def11b5109eb80b47422a200bf7b7e07c8467","core/src/test/java/org/elasticsearch/index/mapper/RangeFieldTypeTests.java","41","0","0","4","242","280","2"
"elasticsearch","2f8def11b5109eb80b47422a200bf7b7e07c8467","core/src/test/java/org/elasticsearch/index/mapper/RangeFieldTypeTests.java","41","0","0","4","242","280","2"
"elasticsearch","7740cb54a5159889d8508c24ba2c68676602340c","core/src/test/java/org/elasticsearch/index/mapper/RangeFieldTypeTests.java","41","0","0","4","242","280","1"
"elasticsearch","634ce90dc06f20888a4ff655985a6baccf25a7db","core/src/test/java/org/elasticsearch/index/mapper/RangeFieldTypeTests.java","41","0","0","4","242","280","0"
"elasticsearch","51d53791fe71c9cb62bc992588a57cdfb500383f","core/src/main/java/org/elasticsearch/rest/action/admin/indices/RestAnalyzeAction.java","41","0","0","5","155","187","0"
"elasticsearch","2b3760f78b26817b5a2030aa27b1ddf2f17462f6","core/src/main/java/org/elasticsearch/rest/action/admin/indices/RestAnalyzeAction.java","41","0","0","5","156","188","1"
"hazelcast","dbb18e25a663c5e6adb487988baadf849f66f29e","hazelcast/src/main/java/com/hazelcast/query/impl/ReflectionHelper.java","41","0","0","5","188","232","0"
"hazelcast","5fb2e7e152b3deb69afd76df21f01e91944c9812","hazelcast/src/main/java/com/hazelcast/query/impl/ReflectionHelper.java","41","0","0","5","190","235","1"
"hazelcast","458b19c7254a162bfd0f926ae1f553d05852f85a","hazelcast/src/main/java/com/hazelcast/query/impl/ReflectionHelper.java","41","0","0","5","204","253","0"
"elasticsearch","952feb58e41bd0220784c44136b840ea4a740e26","core/src/main/java/org/elasticsearch/search/aggregations/bucket/terms/TermsAggregatorFactory.java","41","0","0","5","256","337","1"
"elasticsearch","82fa531ab4c1fb087d357ff15288c070d7393378","core/src/test/java/org/elasticsearch/index/mapper/RangeFieldTypeTests.java","41","0","0","5","258","299","0"
"netty","ebf33c6e3b3ec94965c07defe2e79f7edec7f64d","transport/src/main/java/io/netty/channel/socket/aio/AioSocketChannel.java","41","0","0","5","314","430","1"
"netty","cd9a36d4e76057f94d50e03a0c53b9d30d00be8a","transport/src/main/java/io/netty/channel/socket/aio/AioSocketChannel.java","41","0","0","5","316","432","1"
"ceylon-ide-eclipse","c8a7d3f151dcf1c8a19c5a3dc0f0f0d86135c65f","plugins/com.redhat.ceylon.eclipse.ui/src/com/redhat/ceylon/eclipse/code/refactor/MoveFileRefactoringParticipant.java","41","0","0","5","351","409","0"
"orientdb","21b4e43a415d7198df6ca1788a0993b2a6041b18","server/src/main/java/com/orientechnologies/orient/server/tx/OTransactionOptimisticProxy.java","41","0","0","6","214","296","0"
"neo4j","af4b2e20ccae1c1fba19ee9c08e46f51c32d79cd","community/lucene-index/src/main/java/org/neo4j/index/impl/lucene/legacy/IndexType.java","41","0","0","6","377","452","1"
"hazelcast","0f550598f8d9f6c62d3bc81f88248d1e11b537c3","hazelcast-client/src/test/java/com/hazelcast/client/cache/impl/nearcache/ClientNearCacheTestSupport.java","41","0","0","6","460","621","0"
"neo4j","116d3b9655a8e4ecba5160344877ab340a701960","community/lucene-index/src/test/java/org/neo4j/index/impl/lucene/TestLuceneIndex.java","41","0","0","89","1663","1950","0"
"neo4j","2fb8aea71a2d50c63f1407b9e975c5e8cbf325dc","enterprise/security/src/main/java/org/neo4j/server/security/enterprise/auth/plugin/PluginRealm.java","41","0","0","9","371","449","1"
"neo4j","c53aab6d4de8c83eda42c64474ec13aa7ecb25f3","enterprise/security/src/main/java/org/neo4j/server/security/enterprise/auth/plugin/PluginRealm.java","41","0","0","9","371","449","1"
"neo4j","1b3aad3b619bd72c2c9f79bb7edf642c5dc56a6f","enterprise/security/src/main/java/org/neo4j/server/security/enterprise/auth/plugin/PluginRealm.java","41","0","0","9","371","449","0"
"netty","e33f12f5b8a37b3f2a7291a10a61c8bce6ce73e0","transport/src/main/java/io/netty/channel/nio/AbstractNioByteChannel.java","41","0","1","0","229","322","1"
"netty","076d4ed5147f186b5e5a25945b77bce63c0d0165","transport/src/main/java/io/netty/channel/nio/AbstractNioByteChannel.java","41","0","1","0","229","327","0"
"netty","20ef4690e74a7a5007468815f070a6c1f5074d0d","transport/src/main/java/io/netty/channel/nio/AbstractNioByteChannel.java","41","0","1","0","230","323","0"
"netty","cac51ab8d68412a3db6b6c3310e5ed0f842865c2","transport/src/main/java/io/netty/channel/nio/AbstractNioByteChannel.java","41","0","1","0","231","326","1"
"netty","7d60699a4951b4dcaba4cb06029d4432a863b171","transport/src/main/java/io/netty/channel/nio/AbstractNioByteChannel.java","41","0","1","0","231","329","1"
"elasticsearch","339790845461344ab7ea5a6f864b3bfdede0b9c0","src/main/java/org/elasticsearch/action/admin/cluster/health/TransportClusterHealthAction.java","41","0","1","1","185","231","0"
"elasticsearch","799bb2491cefbfb7d8da227ef20930a033726bf1","src/main/java/org/elasticsearch/action/admin/indices/analyze/TransportAnalyzeAction.java","41","0","1","1","216","261","0"
"elasticsearch","d4fcf2305723543e62d882457f2d540e12570a57","src/main/java/org/elasticsearch/action/admin/indices/analyze/TransportAnalyzeAction.java","41","0","1","1","217","262","1"
"elasticsearch","b0c21d751d0e1b920f7584bd274b95539ee715c0","src/main/java/org/elasticsearch/indices/memory/IndexingMemoryController.java","41","0","1","1","233","300","3"
"BroadleafCommerce","c9b63e82de0c3a83111f387293afce1ae202c00d","core/broadleaf-framework/src/main/java/org/broadleafcommerce/core/checkout/service/workflow/ValidateAndConfirmPaymentActivity.java","41","0","1","1","241","383","1"
"elasticsearch","e953845058a652d9f8ca1c36bf72bf593e53b80c","modules/elasticsearch/src/main/java/org/elasticsearch/action/bulk/TransportBulkAction.java","41","0","1","1","242","299","0"
"BroadleafCommerce","18138f278ea8ca94b820cf5a935886d34ce9d081","core/broadleaf-framework/src/main/java/org/broadleafcommerce/core/checkout/service/workflow/ValidateAndConfirmPaymentActivity.java","41","0","1","1","247","401","2"
"elasticsearch","184a38439f66edc4aca513d62c81741b6bcc6c0a","modules/elasticsearch/src/main/java/org/elasticsearch/action/search/type/TransportSearchTypeAction.java","41","0","1","1","255","346","0"
"elasticsearch","a1ab48c80429fed4834a33cdf5127fc923dba7e2","src/main/java/org/elasticsearch/action/update/TransportUpdateAction.java","41","0","1","1","323","392","0"
"elasticsearch","fedd1965ead48ca35329e417f66ffd57f115b6e7","src/main/java/org/elasticsearch/action/update/TransportUpdateAction.java","41","0","1","1","332","402","0"
"ceylon-ide-eclipse","2254ee6c1d95043ca6eef106218ca4d4dd7ed6e6","plugins/com.redhat.ceylon.eclipse.ui/src/com/redhat/ceylon/eclipse/code/html/HTML.java","41","0","1","10","287","327","1"
"BroadleafCommerce","e216da5ebb303680f5c60ffcd75979f5876ab5a6","admin/broadleaf-admin-module/src/main/java/org/broadleafcommerce/admin/server/service/handler/ProductCustomPersistenceHandler.java","41","0","1","10","328","416","1"
"orientdb","693119e3f1dab4ea8b67a35575ba1f7d1c0a970b","server/src/main/java/com/orientechnologies/orient/server/token/OrientTokenHandler.java","41","0","1","12","351","417","0"
"orientdb","bbbb777e4073e4214e47e2134379d96dcb54486a","server/src/main/java/com/orientechnologies/orient/server/token/OrientTokenHandler.java","41","0","1","12","352","418","1"
"hazelcast","02f9bd52035dad6991901e12673ec1caf776f8ed","hazelcast/src/main/java/com/hazelcast/query/SqlPredicate.java","41","0","1","14","297","351","1"
"elasticsearch","668bcd0eb7bdfc9460ef497632109ef760fc36ba","src/test/java/org/elasticsearch/test/integration/recovery/RelocationTests.java","41","0","1","14","381","452","0"
"hazelcast","332f996a760d95b0b7006c6fd4a4a0cb7dd9eacd","hazelcast/src/main/java/com/hazelcast/nio/serialization/SerializationServiceBuilder.java","41","0","1","17","251","324","0"
"elasticsearch","2e2bb2520558a50a93468a3bf92d12e14a466b19","core/src/test/java/org/elasticsearch/search/scroll/SearchScrollTests.java","41","0","1","17","486","608","0"
"hazelcast","45f4d014a264eccc643dd0445616d015fac1aa3d","hazelcast/src/main/java/com/hazelcast/collection/CollectionContainer.java","41","0","1","19","287","357","2"
"hazelcast","3c685631afadd1b56bc867b5f5a72a5f2c0b3d72","hazelcast/src/main/java/com/hazelcast/collection/CollectionContainer.java","41","0","1","19","288","358","1"
"hazelcast","a313870f686d1ec813c90aca84f873db6b92e5b9","hazelcast/src/main/java/com/hazelcast/collection/CollectionContainer.java","41","0","1","19","300","370","0"
"antlr4","b5907498de5766db27f4f3140c67d2784c945f00","tool/src/org/antlr/v4/semantics/SemanticPipeline.java","41","0","1","2","166","301","0"
"elasticsearch","16446440e477b7e3d11f97bd3e95894c9b7bd986","src/main/java/org/elasticsearch/search/sort/GeoDistanceSortParser.java","41","0","1","2","178","227","0"
"elasticsearch","add433944676594b5696bc949e3e8eea38cf037d","src/main/java/org/elasticsearch/search/sort/GeoDistanceSortParser.java","41","0","1","2","179","227","1"
"hazelcast","610b9253a8c3af42549dee6e123cc491b6f87098","hazelcast/src/main/java/com/hazelcast/util/ServiceLoader.java","41","0","1","2","224","312","0"
"elasticsearch","9ca5e6e3e12cf4f13eb6ed0140d9073ba89c61c9","src/main/java/org/elasticsearch/indices/recovery/RecoverySource.java","41","0","1","2","331","418","1"
"hazelcast","1957f30d5417b93beeb84dfd6492f1a40de6ce38","hazelcast/src/main/java/com/hazelcast/management/TimedMemberStateFactory.java","41","0","1","2","356","396","0"
"elasticsearch","1764ec56b38ce87f516efdf93bb4ab56e9dd829b","core/src/main/java/org/elasticsearch/search/fetch/subphase/FetchSourceContext.java","41","0","1","21","214","269","0"
"elasticsearch","fbe27664a65ca7ab5b7dbe1c328ab27423e4313c","core/src/main/java/org/elasticsearch/search/fetch/subphase/FetchSourceContext.java","41","0","1","21","215","270","2"
"elasticsearch","19448d777528f1158de04858ef2fcc5b2431bd5e","modules/elasticsearch/src/main/java/org/elasticsearch/index/mapper/xcontent/MultiFieldMapper.java","41","0","1","21","224","301","0"
"elasticsearch","f1e23067cd641e27efcc0523161a3904b7d06ae3","modules/elasticsearch/src/main/java/org/elasticsearch/index/mapper/multifield/MultiFieldMapper.java","41","0","1","22","233","311","0"
"elasticsearch","453217fd7a64c7977be19c0f934313c6a2f6d4bc","src/main/java/org/elasticsearch/index/mapper/geo/GeoShapeFieldMapper.java","41","0","1","24","289","391","0"
"hazelcast","9d92e89e761fe6d4368df47311cf7902578295a3","hazelcast/src/main/java/com/hazelcast/replicatedmap/impl/ReplicatedMapService.java","41","0","1","26","343","411","0"
"elasticsearch","5379fa04def4cdd63c7bd4edc179dc1bad0bed42","src/test/java/org/elasticsearch/snapshots/DedicatedClusterSnapshotRestoreTests.java","41","0","1","27","764","958","0"
"elasticsearch","42b20d601fe2bcece29332a116031616b90d1323","src/test/java/org/elasticsearch/percolator/PercolatorTests.java","41","0","1","28","1459","1697","1"
"hazelcast","eb59a36f2d900c8bedbffade6bfcbb18f80e59ff","hazelcast/src/main/java/com/hazelcast/internal/ascii/rest/HttpPostCommand.java","41","0","1","3","173","237","0"
"BroadleafCommerce","0190a586f4251434b68ccee241c52de0d1cbc386","admin/broadleaf-open-admin-platform/src/main/java/org/broadleafcommerce/openadmin/server/service/persistence/module/criteria/CriteriaTranslatorImpl.java","41","0","1","3","197","282","0"
"hazelcast","d92a47df773c9714e1811c860fb16abc7d5e550b","hazelcast/src/main/java/com/hazelcast/internal/management/TimedMemberStateFactory.java","41","0","1","3","310","370","0"
"elasticsearch","4be7866bd912e2abd1cc24908eb4ce51035b57b6","modules/elasticsearch/src/main/java/org/elasticsearch/index/percolator/PercolatorExecutor.java","41","0","1","30","366","457","0"
"BroadleafCommerce","63aa5cc40c50ecfd1ce037cf6578891c2cf95618","admin/broadleaf-open-admin-platform/src/main/java/org/broadleafcommerce/openadmin/server/security/service/AdminSecurityServiceImpl.java","41","0","1","32","361","473","1"
"hazelcast","8aa4ac0b46d51917dfd3cf6e43946b5705cf4027","hazelcast/src/test/java/com/hazelcast/test/TestNodeRegistry.java","41","0","1","34","464","574","1"
"hazelcast","7e07ef2b7dcefe2f791c4b6d2050a9c44e6bf931","hazelcast/src/test/java/com/hazelcast/test/TestNodeRegistry.java","41","0","1","35","461","571","1"
"elasticsearch","8136a38b3fe5f2c7730d09bfe9ca68bfd51e9785","src/test/java/org/elasticsearch/search/child/SimpleChildQuerySearchTests.java","41","0","1","37","1600","1946","2"
"elasticsearch","cea8c5fefa1429e44963ea51dde4ef18dc8024d9","modules/elasticsearch/src/main/java/org/elasticsearch/search/facet/geodistance/GeoDistanceFacetProcessor.java","41","0","1","4","158","203","0"
"elasticsearch","a624410450d65ce377177777e0ce5d220e6f7770","core/src/main/java/org/elasticsearch/index/query/functionscore/FunctionScoreQueryParser.java","41","0","1","4","185","234","0"
"hazelcast","9721ede14605de666f793eea185c5b382b74fd59","hazelcast/src/main/java/com/hazelcast/query/impl/ReflectionHelper.java","41","0","1","4","214","268","2"
"elasticsearch","e7c2a8ae4d01d708f59d7869dbde015ccf22938e","core/src/main/java/org/elasticsearch/cluster/metadata/MetaDataUpdateSettingsService.java","41","0","1","4","250","330","1"
"elasticsearch","bb421d7ea3a02ca1f462cf4492bde20ae2150bf1","src/main/java/org/elasticsearch/indices/store/IndicesStore.java","41","0","1","4","332","436","2"
"netty","066f95d0472b9535f398019eb1012f4641dcf65e","buffer/src/main/java/io/netty/buffer/UnpooledDirectByteBuf.java","41","0","1","40","484","603","0"
"netty","9594a81b958cb22bc51d9e766477faa12e7a2d0d","buffer/src/main/java/io/netty/buffer/UnpooledDirectByteBuf.java","41","0","1","40","486","605","0"
"netty","ba6ce5449ee852b782dde9a11933f6a09b123e22","codec-http/src/main/java/io/netty/handler/codec/http/DefaultHttpHeaders.java","41","0","1","41","374","462","0"
"orientdb","00de5503b0514dc5600d5630d30bc49b34df2fe4","core/src/main/java/com/orientechnologies/orient/core/sql/operator/OQueryOperatorContains.java","41","0","1","5","147","211","0"
"hazelcast","687678a1938c66c02f4ef94ac766f0e53b3a1ba2","hazelcast/src/main/java/com/hazelcast/client/impl/protocol/parameters/RegisterMembershipListenerEventParameters.java","41","0","1","5","267","323","1"
"hazelcast","4451a9260efa238a34993c17aa155ce6fe1b884e","hazelcast/src/main/java/com/hazelcast/client/impl/protocol/parameters/RegisterMembershipListenerEventParameters.java","41","0","1","5","268","324","2"
"hazelcast","5fe534734d912f88bed5098f3b36f3e2872c8319","hazelcast/src/main/java/com/hazelcast/client/impl/protocol/parameters/RegisterMembershipListenerEventParameters.java","41","0","1","5","268","324","1"
"hazelcast","ca77192b2b20ec5dae289864f25474430334a465","hazelcast/src/main/java/com/hazelcast/client/impl/protocol/parameters/RegisterMembershipListenerEventParameters.java","41","0","1","5","268","324","0"
"hazelcast","268d983e8f25e4c5673b03bbcfe6256da34c533d","hazelcast/src/main/java/com/hazelcast/map/eviction/EvictionHelper.java","41","0","1","5","299","360","0"
"mcMMO","e77be3350f279d7e6502ed8d9d8e28fdf6caef82","src/main/java/com/gmail/nossr50/listeners/mcEntityListener.java","41","0","1","6","154","262","0"
"mcMMO","b4637a825eb91b9425f7a72d4393b9700fb12b44","src/main/java/com/gmail/nossr50/listeners/mcEntityListener.java","41","0","1","6","155","263","1"
"elasticsearch","9ca5e6e3e12cf4f13eb6ed0140d9073ba89c61c9","src/main/java/org/elasticsearch/index/gateway/local/LocalIndexShardGateway.java","41","0","1","6","275","345","1"
"elasticsearch","01ca81e2a37c9cd38c6dc44ae567d427c059dbe0","src/main/java/org/elasticsearch/index/gateway/local/LocalIndexShardGateway.java","41","0","1","6","284","354","0"
"orientdb","21dce961ef7c05042005bc5e56ff656c03ef0e4a","etl/src/main/java/com/orientechnologies/orient/etl/extractor/OCSVExtractor.java","41","0","1","7","222","280","0"
"elasticsearch","a1ab48c80429fed4834a33cdf5127fc923dba7e2","src/test/java/org/elasticsearch/test/integration/routing/AliasRoutingTests.java","41","0","1","7","324","412","0"
"elasticsearch","5795e4fbd7bbd02a5f8905b8c756c1c22d89a03a","src/test/java/org/elasticsearch/routing/SimpleRoutingTests.java","41","0","1","7","365","443","1"
"elasticsearch","90b547cf2c82b03fe42b9cce4ea878d81734228a","src/test/java/org/elasticsearch/routing/SimpleRoutingTests.java","41","0","1","7","365","443","1"
"elasticsearch","caacce942922f4dec957b718028f0965179d3e5f","src/test/java/org/elasticsearch/routing/SimpleRoutingTests.java","41","0","1","7","365","443","1"
"elasticsearch","4b2e4becc7c4541923a87c9be879ee0ce688bf20","src/test/java/org/elasticsearch/routing/SimpleRoutingTests.java","41","0","1","7","365","443","0"
"neo4j","92a487981e219c40e413f946084e6f2efe3018f1","community/kernel/src/main/java/org/neo4j/kernel/impl/storemigration/participant/StoreMigrator.java","41","0","1","7","654","871","1"
"hazelcast","44997b22cca35bc3413b8efefb61cff9a963e641","hazelcast/src/main/java/com/hazelcast/map/eviction/EvictionOperator.java","41","0","1","8","345","419","1"
"elasticsearch","a7bbab7e878b8eefef66e106203de5177265cf5c","src/test/java/org/elasticsearch/test/integration/recovery/RelocationTests.java","41","0","1","8","357","437","0"
"hazelcast","47272dcf84997e899c65c6de1b3164f849b6ece3","hazelcast/src/main/java/com/hazelcast/map/impl/nearcache/NearCacheInvalidatorImpl.java","41","0","1","9","346","443","1"
"hazelcast","37ff66dace1e24ac18f53035b3f7a6c3df4cb693","hazelcast/src/main/java/com/hazelcast/map/impl/nearcache/NearCacheInvalidatorImpl.java","41","0","1","9","347","446","1"
"hazelcast","0e104a9f57ef6df4b44520699baf61a093a95a16","hazelcast/src/test/java/com/hazelcast/test/bounce/BounceMemberRule.java","41","0","10","11","348","566","0"
"hazelcast","e3cc255101184cd77fc95bea451c9a0b2d10f8b9","hazelcast/src/test/java/com/hazelcast/executor/ExecutorServiceTest.java","41","0","10","27","657","797","1"
"hazelcast","379f7dfc3f62942206e9295b49f981179d7ebaa3","hazelcast/src/test/java/com/hazelcast/test/bounce/BounceMemberRule.java","41","0","10","9","341","557","1"
"hazelcast","adb9c3af7f236cda63c8eed889f117bc5499f84e","hazelcast/src/test/java/com/hazelcast/test/bounce/BounceMemberRule.java","41","0","10","9","342","558","1"
"elasticsearch","b17a92c9110259fa0f3049374908f9d6b9150f1e","core/src/test/java/org/elasticsearch/search/child/ChildQuerySearchIT.java","41","0","11","31","1606","1978","1"
"orientdb","aa420275d10b70a2e2d334f0182a8f300a229554","core/src/main/java/com/orientechnologies/common/directmemory/OByteBufferPool.java","41","0","11","7","344","608","1"
"BroadleafCommerce","169f0bbfec129b2b2db37bf8d20ae4c6d373f6c0","core/broadleaf-framework/src/main/java/org/broadleafcommerce/core/search/service/solr/SolrContext.java","41","0","11","8","222","404","0"
"elasticsearch","4bce7271659889d839388d7df5c61a6d2a5c3c7a","core/src/main/java/org/elasticsearch/index/search/SimpleQueryStringQueryParser.java","41","0","12","9","280","379","0"
"netty","01eb428b39156e61624dae303ae9772ba3424b36","codec-http/src/main/java/io/netty/handler/codec/http/QueryStringDecoder.java","41","0","14","1","218","371","0"
"netty","1767814a466f9fc6a51c87a84bd73d93eb0ca1d7","codec-http/src/main/java/io/netty/handler/codec/http/QueryStringDecoder.java","41","0","14","1","219","372","1"
"BroadleafCommerce","abae60151f6416aa4cbf8f37615189b14464b79c","admin/broadleaf-open-admin-platform/src/main/java/org/broadleafcommerce/openadmin/web/controller/entity/AdminBasicEntityController.java","41","0","18","0","551","979","1"
"elasticsearch","82613198fe3b899eb39971469a63862ac2997def","core/src/main/java/org/elasticsearch/rest/RestRequest.java","41","0","18","20","326","495","1"
"elasticsearch","5343b87502cf82e7697133ed636f210bd31247cd","core/src/main/java/org/elasticsearch/rest/RestRequest.java","41","0","18","20","326","496","0"
"netty","f755e584638e20a4ae62466dd4b7a14954650348","codec-http/src/main/java/io/netty/handler/codec/http/cookie/ClientCookieDecoder.java","41","0","2","0","163","262","0"
"netty","0bc30a123e88bc7b038e0c260937581097a903f7","codec-http/src/main/java/io/netty/handler/codec/http/cookie/ClientCookieDecoder.java","41","0","2","0","164","262","1"
"elasticsearch","41d8fbe8f51abd499c9b497238bc5f2141b7926b","plugins/cloud-gce/src/main/java/org/elasticsearch/discovery/gce/GceUnicastHostsProvider.java","41","0","2","1","184","263","1"
"elasticsearch","e16e113691e2bfaba6a075f835f8fd22a62fd0e8","modules/reindex/src/main/java/org/elasticsearch/index/reindex/AbstractAsyncBulkByScrollAction.java","41","0","2","1","347","485","1"
"elasticsearch","149629fec657e9948488195087f30583cd561f11","core/src/main/java/org/elasticsearch/action/support/broadcast/node/TransportBroadcastByNodeAction.java","41","0","2","14","433","606","0"
"elasticsearch","47c0e13a3b0f4c64e0fa36c5706c0260a777d68b","core/src/main/java/org/elasticsearch/action/support/broadcast/node/TransportBroadcastByNodeAction.java","41","0","2","14","433","606","0"
"elasticsearch","2ed1f7a3390420835f9b270d20c5d512ba197827","core/src/main/java/org/elasticsearch/action/support/broadcast/node/TransportBroadcastByNodeAction.java","41","0","2","14","433","606","1"
"elasticsearch","12f53090417d01134f92281b8285a5783f971887","core/src/main/java/org/elasticsearch/action/support/broadcast/node/TransportBroadcastByNodeAction.java","41","0","2","14","434","607","2"
"elasticsearch","ed2865863cfd8f763c0098527c849a1812005970","core/src/test/java/org/elasticsearch/index/query/RangeQueryBuilderTests.java","41","0","2","14","500","584","0"
"orientdb","43302f5c9af3bc3bdbbdd64d2007f8a2d71e2686","core/src/main/java/com/orientechnologies/orient/core/sql/OFilterAnalyzer.java","41","0","2","2","172","260","0"
"elasticsearch","5fd96d9371f68645ac6ec2ec17c0faeaa21610a8","src/main/java/org/elasticsearch/common/joda/DateMathParser.java","41","0","2","2","174","222","1"
"elasticsearch","bfedd11ffa4c48be0afd91793f491b0a8ff0ef8d","src/main/java/org/elasticsearch/index/mapper/internal/TimestampFieldMapper.java","41","0","2","22","221","287","4"
"elasticsearch","5ebc238a259d189ad35f9e5117c7e6bf0f56e6cc","src/test/java/org/elasticsearch/index/engine/internal/InternalEngineTests.java","41","0","2","25","890","1189","1"
"elasticsearch","82c678b5c72396c82ad81798f235cfd04e056a7b","core/src/test/java/org/elasticsearch/index/query/QueryStringQueryBuilderTests.java","41","0","2","30","856","982","1"
"elasticsearch","0821fa23ffa00d449e9deacf15db0c3331bed360","core/src/test/java/org/elasticsearch/index/query/QueryStringQueryBuilderTests.java","41","0","2","30","859","985","0"
"elasticsearch","525101b64d9a22ffff9a29c0309444f721ebb763","core/src/test/java/org/elasticsearch/index/query/QueryStringQueryBuilderTests.java","41","0","2","31","872","1002","0"
"elasticsearch","bb96dcd3e6047c3b9eba40be65bcbee9bb6390e0","plugins/lang-groovy/src/test/java/org/elasticsearch/messy/tests/ChildQuerySearchTests.java","41","0","2","35","1574","1942","1"
"elasticsearch","e23d116bc5411e8aec4f9225272929be6a7dd65b","core/src/test/java/org/elasticsearch/search/child/ChildQuerySearchIT.java","41","0","2","36","1650","2041","2"
"elasticsearch","7ab0e2c5321c802068d85c0fa3a0f44e0b02c5a4","core/src/test/java/org/elasticsearch/search/child/ChildQuerySearchIT.java","41","0","2","36","1674","2065","2"
"elasticsearch","a3abfab865788a3828424f78801d19ebd5a78b81","plugins/lang-groovy/src/test/java/org/elasticsearch/messy/tests/ChildQuerySearchTests.java","41","0","2","37","1590","1961","0"
"elasticsearch","22cbdd930cd0b5f274289c97b951b8dedca8bd4b","src/test/java/org/elasticsearch/search/child/SimpleChildQuerySearchTests.java","41","0","2","37","1613","1965","1"
"elasticsearch","029b13cf68691b361f50622b7d948dfdd12f4461","src/test/java/org/elasticsearch/search/child/SimpleChildQuerySearchTests.java","41","0","2","37","1618","1971","0"
"elasticsearch","17a5575757317962dab4c295bbfacbdb136cc61e","src/test/java/org/elasticsearch/search/child/SimpleChildQuerySearchTests.java","41","0","2","37","1623","1977","0"
"elasticsearch","3c8f8cc09054a6c62c5d8eef529d3f662b887344","src/main/java/org/elasticsearch/index/query/QueryParseContext.java","41","0","2","40","291","386","3"
"hazelcast","7f8cd30e4e445473271d2e434ad939d156a151ca","hazelcast/src/main/java/com/hazelcast/cache/impl/record/CacheRecordHashMap.java","41","0","2","5","232","305","0"
"hazelcast","f4c33973f2e5f804f6743683b11c8a43922bfc7e","hazelcast/src/main/java/com/hazelcast/internal/cluster/impl/ClusterStateManager.java","41","0","2","6","350","475","1"
"elasticsearch","598854dd72d7fb01a7e26a9dad065de3deaa5eb7","src/main/java/org/elasticsearch/discovery/zen/ping/unicast/UnicastZenPing.java","41","0","2","6","401","519","0"
"netty","ad0c456209d31522a7729acba2264b432326c5b2","handler/src/main/java/io/netty/handler/stream/ChunkedWriteHandler.java","41","0","2","7","276","374","0"
"MapDB","6459ff23dbff54b165ad21be661a95c90ec26654","src/main/java/org/mapdb/AsyncWriteEngine.java","41","0","2","8","197","287","1"
"MapDB","7de378271c651a4c59f0e4700564a0572d445b97","src/main/java/org/mapdb/AsyncWriteEngine.java","41","0","2","8","198","287","0"
"titan","afee26ff1f8b69622e709ec8a4cf01d1d304d84b","titan-hbase/src/main/java/com/thinkaurelius/titan/diskstorage/hbase/HBaseStoreManager.java","41","0","2","8","330","445","0"
"Android-Universal-Image-Loader","0d2ab7081e55b98db38744b1919eff43de6e6c55","library/src/com/nostra13/universalimageloader/core/ImageLoader.java","41","0","21","0","267","503","1"
"elasticsearch","d94b25278a2554a2d4e63dab9b0eab9ffa96a893","src/main/java/org/elasticsearch/search/highlight/HighlightBuilder.java","41","0","28","13","318","540","0"
"netty","6cd086050f0af1c81f8155472cd4160e7a185718","resolver-dns/src/main/java/io/netty/resolver/dns/UnixResolverDnsServerAddressStreamProvider.java","41","0","3","1","204","290","0"
"orientdb","726cbc864d89764133a3f2434724f146e55fd4d5","server/src/main/java/com/orientechnologies/orient/server/distributed/ODistributedAbstractPlugin.java","41","0","3","14","239","334","0"
"orientdb","49646436cee4497bc6b13ed638598cac2c4ae6e6","core/src/main/java/com/orientechnologies/orient/core/config/OGlobalConfiguration.java","41","0","3","14","607","919","1"
"hazelcast","70d4de16ff0ac4518d09aad8c9f2ad9e782fb337","hazelcast/src/main/java/com/hazelcast/nio/IOUtil.java","41","0","3","15","253","315","1"
"hazelcast","9abbfcae779a022e00ec79519c3d3d6f30c350ab","hazelcast/src/main/java/com/hazelcast/nio/IOUtil.java","41","0","3","15","255","317","1"
"hazelcast","4239763e8de74d0caf04eda4d9cafc2a182ab7cb","hazelcast/src/main/java/com/hazelcast/nio/IOUtil.java","41","0","3","15","257","317","2"
"orientdb","a58144083db00a618535a63781dd881e85bdebe2","graphdb/src/main/java/com/orientechnologies/orient/graph/gremlin/OGremlinHelper.java","41","0","3","17","252","358","0"
"elasticsearch","cb0824e957dcb7a20e8450f97283874eb61b9abe","core/src/main/java/org/elasticsearch/gateway/ReplicaShardAllocator.java","41","0","3","2","239","350","0"
"elasticsearch","321606d3aa009f92a8f4248fe27b6b1650befe01","core/src/main/java/org/elasticsearch/index/mapper/ip/IpFieldMapper.java","41","0","3","21","313","412","3"
"elasticsearch","889db1c824d8c573835e8cbadd0c6f3ba25f8fcd","src/main/java/org/elasticsearch/cluster/block/ClusterBlocks.java","41","0","3","25","259","338","1"
"orientdb","548b78052e5a3b8fb3bb26dc8addbb6f2a8f80f1","lucene/src/main/java/com/orientechnologies/lucene/engine/OLuceneIndexEngineAbstract.java","41","0","3","29","409","524","0"
"elasticsearch","a1af77882c476604c212e1996f873ce97e7716fe","core/src/main/java/org/elasticsearch/cluster/block/ClusterBlocks.java","41","0","3","31","303","391","0"
"orientdb","0d271e6eb4c56a0833860751060319e6feaad204","core/src/main/java/com/orientechnologies/orient/core/tx/OTransactionNoTx.java","41","0","3","38","291","390","1"
"elasticsearch","c298c19177936733821228e4b0d10f956e3e7473","src/main/java/org/elasticsearch/cluster/ClusterState.java","41","0","3","51","428","569","1"
"orientdb","dc025634bd8133bb14ce499efe6078c88ed5ad7c","core/src/main/java/com/orientechnologies/orient/core/index/OIndexFullText.java","41","0","3","6","275","386","0"
"elasticsearch","577dcb32374cf2528a5deadf0a57f1ea1d5a9cbd","core/src/main/java/org/elasticsearch/discovery/zen/ping/unicast/UnicastZenPing.java","41","0","3","8","469","618","0"
"elasticsearch","0556c93920af457c0dfb41dc2f52013ebc3e136e","core/src/main/java/org/elasticsearch/discovery/zen/ping/unicast/UnicastZenPing.java","41","0","3","9","469","617","1"
"elasticsearch","beb794cb0f2b19fce62c0456cd85e677afaf6288","core/src/main/java/org/elasticsearch/action/index/IndexRequest.java","41","0","30","14","329","554","1"
"elasticsearch","178629382cae497aaa5b4842208cd570b189bd52","src/main/java/org/elasticsearch/action/update/UpdateRequest.java","41","0","39","22","429","665","0"
"netty","91b378005461b85f965aa296daa087bc009b9da0","transport-sctp/src/main/java/io/netty/channel/sctp/oio/OioSctpChannel.java","41","0","4","14","360","452","0"
"netty","5498fd12dc8dd42a1a76e3fd62d05993fcbcb3bf","transport-sctp/src/main/java/io/netty/channel/sctp/oio/OioSctpChannel.java","41","0","4","14","376","472","1"
"elasticsearch","49d0ced16c9a3c3d7c477b10c320212a0ca9c3ab","src/main/java/org/elasticsearch/common/regex/Regex.java","41","0","4","5","134","195","0"
"neo4j","ce5ba45e82642729b10716005f3fd0d3b9a5e17c","community/lucene-index/src/main/java/org/neo4j/index/impl/lucene/LuceneIndex.java","41","0","4","5","399","528","1"
"elasticsearch","ad8a482d198828d22d884263c2c4e76ab8ae2ee1","src/main/java/org/elasticsearch/common/io/FileSystemUtils.java","41","0","4","8","194","257","0"
"hazelcast","5fdda793de15ab4be06a294e013afa671032f9f0","hazelcast/src/test/java/com/hazelcast/internal/serialization/impl/DataSerializableConventionsTest.java","41","0","5","0","217","312","0"
"hazelcast","05f9e6021e6859216b8c564cec3c51f83a0f7ebb","hazelcast/src/main/java/com/hazelcast/map/impl/NearCache.java","41","0","5","12","303","378","1"
"elasticsearch","e3322836b57e7419892555e7ab58ab9b74622950","modules/elasticsearch/src/main/java/org/elasticsearch/cluster/metadata/MetaData.java","41","0","5","33","295","401","0"
"elasticsearch","bef1c8511d3f99aa681c49396bf9c707f2e7d8a9","core/src/main/java/org/elasticsearch/indices/recovery/RecoverySourceHandler.java","41","0","6","2","398","553","0"
"elasticsearch","d2f25416e4a14812d0961ddce0da73bee0b68b27","core/src/main/java/org/elasticsearch/indices/recovery/RecoverySourceHandler.java","41","0","6","2","400","550","2"
"elasticsearch","f79fb4ada7995c11874346787db276b6edafaa8f","core/src/main/java/org/elasticsearch/indices/recovery/RecoverySourceHandler.java","41","0","6","2","400","550","2"
"elasticsearch","b4064ce43fc43fecc2b63c63c0d27d52f4656f16","core/src/main/java/org/elasticsearch/indices/recovery/RecoverySourceHandler.java","41","0","6","2","400","550","0"
"elasticsearch","046abdc281c321cd2128ee7684c0edfcaca07203","core/src/main/java/org/elasticsearch/indices/recovery/RecoverySourceHandler.java","41","0","6","2","413","581","3"
"elasticsearch","22e63b478306fb3cab6ba8967db6e1f2b73cdfd8","core/src/main/java/org/elasticsearch/indices/recovery/RecoverySourceHandler.java","41","0","6","2","413","581","2"
"elasticsearch","c4fe8e7bf23f62c25f3d1ebd35de3fe716c45e9a","core/src/main/java/org/elasticsearch/indices/recovery/RecoverySourceHandler.java","41","0","6","2","413","581","1"
"elasticsearch","e74d02138f02a66331b2611b5e70a908bb49cb97","core/src/main/java/org/elasticsearch/indices/recovery/RecoverySourceHandler.java","41","0","6","2","413","581","0"
"elasticsearch","8741691511a93429170ce830d14df3f67395c09f","core/src/main/java/org/elasticsearch/indices/recovery/RecoverySourceHandler.java","41","0","6","2","418","592","1"
"elasticsearch","dc81afd4f87caf3a2ae16eac727120dd00d1ff25","core/src/main/java/org/elasticsearch/indices/recovery/RecoverySourceHandler.java","41","0","6","2","418","592","2"
"elasticsearch","72ec3d26610e833617925566b5a74a2dafcd9437","core/src/main/java/org/elasticsearch/indices/recovery/RecoverySourceHandler.java","41","0","6","2","418","592","0"
"elasticsearch","b8934945b4ba6e3b20d7c7b11746c2a834c4f7f4","core/src/main/java/org/elasticsearch/indices/recovery/RecoverySourceHandler.java","41","0","6","2","419","593","2"
"elasticsearch","65c0f80b13bcaf4ab5222b0842e49e1f931a537b","core/src/main/java/org/elasticsearch/indices/recovery/RecoverySourceHandler.java","41","0","6","2","421","626","0"
"mcMMO","171026ba23d943366edc15f24d754f6d149f9b01","src/main/java/com/gmail/nossr50/skills/fishing/FishingManager.java","41","0","6","3","191","304","0"
"mcMMO","ed09d1b390c259a8cf9ac8402b8e34aa01941302","src/main/java/com/gmail/nossr50/skills/fishing/FishingManager.java","41","0","6","3","191","304","0"
"mcMMO","df53e2fd4f5f92e3c8752f71a4a2eab16c28e2ff","src/main/java/com/gmail/nossr50/skills/fishing/FishingManager.java","41","0","6","3","191","304","0"
"mcMMO","4210920c5f30dec16b7b5e4e1ee2d07c2b352993","src/main/java/com/gmail/nossr50/skills/fishing/FishingManager.java","41","0","6","3","191","304","1"
"neo4j","7643273606f6449b703ac8c3692747b7a2171a07","community/csv/src/main/java/org/neo4j/csv/reader/Extractors.java","41","0","6","39","725","932","1"
"hazelcast","c1bd7cec56c01177eaaa9a9c81c411e70652dd6b","hazelcast/src/main/java/com/hazelcast/spi/impl/operationservice/impl/InvocationRegistry.java","41","0","6","7","310","450","1"
"hazelcast","f76b0c0f1372a7b1f2d84c33f88ac7aed1f61684","hazelcast/src/test/java/com/hazelcast/impl/ClusterBackupTest.java","41","0","6","9","510","595","1"
"mcMMO","e5cc06e8227da4227d70233bae023a5b018e5da1","src/main/java/com/gmail/nossr50/util/Database.java","41","0","7","2","283","402","2"
"BroadleafCommerce","15e70fe6b89d008dd88b5e98dbfc66a720db68bb","admin/broadleaf-open-admin-platform/src/main/java/org/broadleafcommerce/openadmin/dto/PersistencePerspective.java","41","0","7","21","194","312","0"
"elasticsearch","ed996c3e850b047d52e36e7e865e3f39ccfd7ab6","modules/elasticsearch/src/main/java/org/elasticsearch/cluster/metadata/MetaData.java","41","0","7","32","298","411","0"
"elasticsearch","0a25558f98a2d32eda61d51fef093e2394d02890","core/src/main/java/org/elasticsearch/index/fielddata/ScriptDocValues.java","41","0","7","56","438","600","1"
"elasticsearch","55a157e964ed0ba732c47f78f39c6bc53decebff","core/src/main/java/org/elasticsearch/index/fielddata/ScriptDocValues.java","41","0","7","56","438","605","0"
"elasticsearch","0a69f1e283e26e5d9e6a000b68b9f4778de557a1","core/src/test/java/org/elasticsearch/search/child/ChildQuerySearchIT.java","41","0","9","30","1572","1936","3"
"elasticsearch","dc900a08a6c6f346656105fa0e2484ed186f8461","core/src/test/java/org/elasticsearch/search/child/ChildQuerySearchIT.java","41","0","9","30","1573","1937","1"
"elasticsearch","f0e80e1a7acd80c128c6828771b7bedc11be607d","core/src/test/java/org/elasticsearch/search/child/ChildQuerySearchIT.java","41","0","9","31","1567","1926","1"
"elasticsearch","69e21d4cc3aa9a83b23b3f34a2f6be2ff8a60382","core/src/test/java/org/elasticsearch/search/child/ChildQuerySearchIT.java","41","0","9","31","1570","1930","2"
"elasticsearch","f35bad808c29932b566ec26cab34f32d1129730a","core/src/test/java/org/elasticsearch/search/child/ChildQuerySearchIT.java","41","0","9","31","1571","1931","2"
"oryx","b6b02e9588f7acc5366ee6f9ac69d7abc17896b7","app/oryx-app-serving/src/main/java/com/cloudera/oryx/app/serving/als/model/ALSServingModel.java","41","0","9","8","366","519","0"
"oryx","fb42815a896689463ed02f27a49d9145ca239fe7","app/oryx-app-serving/src/main/java/com/cloudera/oryx/app/serving/als/model/ALSServingModel.java","41","0","9","9","367","506","0"
"ceylon-ide-eclipse","8eea58ac91fc04c14fb768e0d0e27f86f9af638d","plugins/com.redhat.ceylon.eclipse.ui/src/com/redhat/ceylon/eclipse/code/complete/CeylonCompletionProcessor.java","412","0","0","12","1512","1656","1"
"ceylon-ide-eclipse","8c8b077fc87f3617bebff6ab405e91535b32675a","plugins/com.redhat.ceylon.eclipse.ui/src/com/redhat/ceylon/eclipse/code/complete/CeylonCompletionProcessor.java","412","0","0","12","1513","1657","0"
"orientdb","43b1077b53b890550d0f9378eeaa5483f0ec9a73","core/src/main/java/com/orientechnologies/orient/core/serialization/serializer/record/binary/OBinaryComparatorV0.java","416","0","3","2","1097","1228","1"
"orientdb","a44e6e3670d89aed1a6363e627f0395f2737ab33","core/src/main/java/com/orientechnologies/orient/core/serialization/serializer/record/binary/OBinaryComparatorV0.java","416","0","3","2","1098","1229","0"
"hazelcast","db0fda1438546ac7bd661383ce9bd5fe06e78940","hazelcast/src/main/java/com/hazelcast/query/impl/TypeConverters.java","42","0","0","0","202","253","0"
"netty","4158152b24c1e20cc9d024486a6bc6a0ee336a92","transport/src/main/java/io/netty/channel/socket/nio/NioServerSocketPipelineSink.java","42","0","0","0","243","298","0"
"netty","2304913341ef3f239e5509a46921a5c65bbbe360","transport/src/main/java/io/netty/channel/socket/nio/NioServerSocketPipelineSink.java","42","0","0","0","244","299","2"
"hazelcast","783151031567d3e41ebcba493c0c6f0f03e8c56e","hazelcast/src/main/java/com/hazelcast/query/impl/TypeConverters.java","42","0","0","0","252","289","2"
"ceylon-ide-eclipse","8cbc7902295bb39bebb6f294ae78c49c697d8cc7","plugins/com.redhat.ceylon.eclipse.ui/src/com/redhat/ceylon/eclipse/code/correct/RefineFormalMembersProposal.java","42","0","0","0","262","288","2"
"Android-Universal-Image-Loader","a3a6db9ef3531b23100e8f786d87dcba833c60f8","library/src/com/nostra13/universalimageloader/core/LoadAndDisplayImageTask.java","42","0","0","0","270","346","0"
"hazelcast","0e104a9f57ef6df4b44520699baf61a093a95a16","hazelcast/src/main/java/com/hazelcast/map/impl/recordstore/AbstractEvictableRecordStore.java","42","0","0","0","278","382","0"
"elasticsearch","93a8e80affc855f156d9295568409aab3972ffa1","src/main/java/org/elasticsearch/search/aggregations/bucket/histogram/AbstractHistogramBase.java","42","0","0","0","280","355","1"
"Android-Universal-Image-Loader","cd91558a7d39642a30b05749dee272e2228788f7","library/src/com/nostra13/universalimageloader/core/LoadAndDisplayImageTask.java","42","0","0","0","284","347","1"
"ceylon-ide-eclipse","3e6769037dd8b2a3bcffe37c7c81beead84b9470","plugins/com.redhat.ceylon.eclipse.ui/src/com/redhat/ceylon/eclipse/code/correct/RefineFormalMembersProposal.java","42","0","0","0","286","312","1"
"hazelcast","ffe9301db5174bd688cf5f986f7078484fa6cef7","hazelcast/src/main/java/com/hazelcast/nio/serialization/ByteArrayObjectDataInput.java","42","0","0","0","298","525","0"
"hazelcast","5c695f915d3d5ec0116cccdbde70b3551f5dcb5a","hazelcast/src/main/java/com/hazelcast/cache/impl/AbstractInternalCacheProxy.java","42","0","0","0","301","371","0"
"hazelcast","a9758d3446f37660f56809129c58192c034cefdb","hazelcast/src/main/java/com/hazelcast/map/BasicRecordStoreLoader.java","42","0","0","0","310","362","4"
"elasticsearch","0b9b9d7983c4fc6bc5a33ec75cec22e048528ff6","core/src/main/java/org/elasticsearch/bootstrap/Seccomp.java","42","0","0","0","314","521","0"
"elasticsearch","d611ab48550180bd735d2f9819f16932dd38b167","core/src/main/java/org/elasticsearch/bootstrap/Bootstrap.java","42","0","0","0","321","428","0"
"hazelcast","0782ae070ed4bcf6034b0988c50f31d181d06979","hazelcast/src/main/java/com/hazelcast/map/BasicRecordStoreLoader.java","42","0","0","0","328","381","0"
"hazelcast","305ecd0cab00c33d16d84c0f7b2e830a77412712","hazelcast/src/main/java/com/hazelcast/map/impl/BasicRecordStoreLoader.java","42","0","0","0","332","386","1"
"elasticsearch","336ac33eed0593141f4fabb643b9f0582a281ade","core/src/main/java/org/elasticsearch/bootstrap/Seccomp.java","42","0","0","0","345","557","0"
"elasticsearch","0eb1a816c8ad5ba8c630d8af783210fb79b7901b","core/src/main/java/org/elasticsearch/plugins/InstallPluginCommand.java","42","0","0","0","350","508","2"
"elasticsearch","f7a63a5e651304e0b2f317110ba18a2e643b4d0a","core/src/main/java/org/elasticsearch/plugins/InstallPluginCommand.java","42","0","0","0","351","509","1"
"hazelcast","62268376a7952b81d17e45ad8c1820a085550b63","hazelcast-client/src/main/java/com/hazelcast/client/spi/ProxyManager.java","42","0","0","0","379","454","1"
"hazelcast","82108ffbb83390896370f198724514dd859cf942","hazelcast/src/main/java/com/hazelcast/map/impl/MapServiceContextImpl.java","42","0","0","0","386","469","2"
"hazelcast","290160eb73377fc226cbc5858d1c2c3803b79d6d","hazelcast/src/main/java/com/hazelcast/map/impl/MapServiceContextImpl.java","42","0","0","0","391","475","2"
"hazelcast","3da850bf11f1ca129bd489c040336e867c40997b","hazelcast/src/main/java/com/hazelcast/map/impl/MapServiceContextImpl.java","42","0","0","0","509","617","0"
"hazelcast","f5e7c554bb9da9143454ed807378dd2067ad2152","hazelcast-client/src/test/java/com/hazelcast/client/map/impl/nearcache/ClientMapNearCacheTest.java","42","0","0","0","936","1216","0"
"mcMMO","2cd52db8c9b85b0abb7a0f73431d609f454a6fab","src/main/java/com/gmail/nossr50/skills/woodcutting/Woodcutting.java","42","0","0","1","171","264","0"
"elasticsearch","149ef74b26bb33d3a1d3c1c45c481a01345cd764","core/src/test/java/org/elasticsearch/search/aggregations/bucket/TermsTests.java","42","0","0","1","182","209","0"
"ceylon-ide-eclipse","63d9bec060b71a0de75e7534d2bd61dda4744857","plugins/com.redhat.ceylon.eclipse.ui/src/com/redhat/ceylon/eclipse/code/correct/DefinitionGenerator.java","42","0","0","1","214","233","1"
"neo4j","4dec8529ce337fadd79a0c459e6e5286e66637a4","enterprise/security/src/main/java/org/neo4j/server/security/enterprise/auth/plugin/PluginRealm.java","42","0","0","10","386","465","1"
"neo4j","881f0824ca29e872b8e85fbe360f4b2c448f0a8a","enterprise/security/src/main/java/org/neo4j/server/security/enterprise/auth/plugin/PluginRealm.java","42","0","0","10","386","465","1"
"neo4j","8436dd70584c45c9036e3febb4b1fe42bac81ddb","enterprise/security/src/main/java/org/neo4j/server/security/enterprise/auth/plugin/PluginRealm.java","42","0","0","10","386","465","0"
"hazelcast","525c34cddd7f4e08d674611e177bab103e4d1881","hazelcast/src/main/java/com/hazelcast/impl/NearCache.java","42","0","0","12","231","275","1"
"hazelcast","82fcc4c7c87097d1719bb56112aec0fafdb6bc0e","hazelcast/src/main/java/com/hazelcast/impl/NearCache.java","42","0","0","12","232","276","0"
"hazelcast","b193ac05b31a4407659de395492c7c3ce66106ab","hazelcast-client/src/main/java/com/hazelcast/client/spi/impl/ClusterListenerSupport.java","42","0","0","12","338","402","1"
"elasticsearch","c297ca16680bef00d990270edd449c8c1c46be20","src/test/java/org/elasticsearch/test/hamcrest/ElasticsearchGeoAssertions.java","42","0","0","18","194","262","0"
"orientdb","dc025634bd8133bb14ce499efe6078c88ed5ad7c","lucene/src/main/java/com/orientechnologies/lucene/index/OLuceneIndexNotUnique.java","42","0","0","19","323","432","0"
"hazelcast","d568e4d926d925d57d4e79e34614390416749301","hazelcast/src/main/java/com/hazelcast/internal/serialization/impl/DefaultSerializationServiceBuilder.java","42","0","0","19","334","416","0"
"hazelcast","7fbe793dbc598c07cd92080cfcc997a6389b6b73","hazelcast/src/main/java/com/hazelcast/internal/serialization/impl/DefaultSerializationServiceBuilder.java","42","0","0","19","335","416","1"
"hazelcast","237ded5a5370be91f04df1fc1208e3a4d8727ba1","hazelcast/src/main/java/com/hazelcast/internal/serialization/impl/DefaultSerializationServiceBuilder.java","42","0","0","19","336","417","0"
"hazelcast","2921cff694583b8638dae2991f427e61d5440a9d","hazelcast/src/main/java/com/hazelcast/internal/serialization/impl/DefaultSerializationServiceBuilder.java","42","0","0","19","336","417","0"
"hazelcast","5040e03ba45a8d09b3a201fad00fe7969d1cd295","hazelcast/src/main/java/com/hazelcast/internal/serialization/impl/DefaultSerializationServiceBuilder.java","42","0","0","19","336","417","0"
"hazelcast","1f042b8c4a4245594691bb6d85a66ceed9b43068","hazelcast/src/main/java/com/hazelcast/internal/serialization/impl/DefaultSerializationServiceBuilder.java","42","0","0","19","336","417","1"
"hazelcast","70d4de16ff0ac4518d09aad8c9f2ad9e782fb337","hazelcast/src/main/java/com/hazelcast/internal/serialization/impl/DefaultSerializationServiceBuilder.java","42","0","0","19","336","417","2"
"elasticsearch","65803f8abdf00817746518677efaec3abe9fbc45","core/src/test/java/org/elasticsearch/index/query/QueryStringQueryBuilderTests.java","42","0","0","19","423","477","2"
"hazelcast","99c2fd47c8afaea689af5a320aa2daf86ddb381e","hazelcast/src/main/java/com/hazelcast/scheduledexecutor/impl/ScheduledExecutorContainer.java","42","0","0","20","359","468","1"
"elasticsearch","2cf66c4115646f8398d979bf2af5d9c0b06aca03","src/test/java/org/elasticsearch/snapshots/SharedClusterSnapshotRestoreTests.java","42","0","0","20","858","1092","2"
"elasticsearch","69f35aa07f1466419b950900485d709cd94bb52b","core/src/main/java/org/elasticsearch/index/search/MatchQuery.java","42","0","0","21","299","403","0"
"orientdb","d821d02ae8275670247a2ba5bc653a0cd50936b6","core/src/main/java/com/orientechnologies/orient/enterprise/channel/binary/OChannelBinary.java","42","0","0","24","255","350","0"
"neo4j","295f0b57c1581ed1af1f152654c6fa64c1d3abc3","community/kernel/src/test/java/org/neo4j/kernel/impl/core/TestRelationship.java","42","0","0","26","799","895","1"
"hazelcast","d568e4d926d925d57d4e79e34614390416749301","hazelcast/src/main/java/com/hazelcast/multimap/impl/MultiMapService.java","42","0","0","27","336","398","0"
"neo4j","7e1f3697a3610707bf5a979bace81928dbb16462","community/kernel/src/test/java/org/neo4j/kernel/impl/core/TestRelationship.java","42","0","0","27","807","909","0"
"orientdb","a85d865d9660a9b26ae5681675cfb9e6806d5bcf","lucene/src/main/java/com/orientechnologies/lucene/engine/OLuceneIndexEngineAbstract.java","42","0","0","31","416","543","1"
"orientdb","4599eb81e76d5f219c74e02da5d947a5af739b20","lucene/src/main/java/com/orientechnologies/lucene/engine/OLuceneIndexEngineAbstract.java","42","0","0","32","419","548","0"
"oryx","eb08674e77479787fa9288f2c824e48af8539ff2","oryx-app-mllib/src/main/java/com/cloudera/oryx/app/mllib/rdf/RDFUpdate.java","42","0","0","5","502","617","0"
"hazelcast","f5e7c554bb9da9143454ed807378dd2067ad2152","hazelcast-client-legacy/src/test/java/com/hazelcast/client/map/impl/nearcache/ClientMapNearCacheTest.java","42","0","0","61","936","1216","0"
"neo4j","17e9007c3eea6f54aa57da88ade914262ea38c80","community/lucene-index/src/main/java/org/neo4j/index/impl/lucene/legacy/IndexType.java","42","0","0","7","416","499","0"
"ceylon-ide-eclipse","64a391fbabba6b9bc6b553abfa42466e0ca9673d","plugins/com.redhat.ceylon.eclipse.ui/src/com/redhat/ceylon/eclipse/code/correct/LocalProposal.java","42","0","0","8","305","352","0"
"elasticsearch","b75d1d885a4f56edf8d1b8cd393298588fbd0123","src/main/java/org/elasticsearch/action/admin/cluster/health/TransportClusterHealthAction.java","42","0","1","1","201","249","0"
"elasticsearch","6ab314102140db86c70ad892a6e0278ed953d154","src/main/java/org/elasticsearch/action/admin/cluster/health/TransportClusterHealthAction.java","42","0","1","1","215","269","1"
"elasticsearch","129d8ec29aa22b941003b250e0f6ad4849585b41","src/main/java/org/elasticsearch/action/admin/cluster/health/TransportClusterHealthAction.java","42","0","1","1","220","275","0"
"elasticsearch","1f04182b8164ffb19f3805c48d67f0375262b317","core/src/main/java/org/elasticsearch/action/admin/cluster/health/TransportClusterHealthAction.java","42","0","1","1","229","285","0"
"elasticsearch","437c43cd7fe3906e96cfc4eb878bedeb250d5db9","core/src/main/java/org/elasticsearch/action/admin/cluster/health/TransportClusterHealthAction.java","42","0","1","1","229","285","0"
"elasticsearch","065275443d9954220a004d4dcc5138a5f91444f5","core/src/main/java/org/elasticsearch/action/admin/cluster/health/TransportClusterHealthAction.java","42","0","1","1","229","285","2"
"BroadleafCommerce","14f0cd0916a1a9c53296a720ecbd787246fab9c3","core/broadleaf-framework/src/main/java/org/broadleafcommerce/core/checkout/service/workflow/ValidateAndConfirmPaymentActivity.java","42","0","1","1","256","427","1"
"antlr4","e575dc40e3ef70642c5eeff18b4c13fdb7d81bd1","tool/test/org/antlr/v4/test/JavaUnicodeInputStream.java","42","0","1","10","181","257","1"
"elasticsearch","86cb76a0ce8ecb1532cde94a0164f8fa41dbc96b","src/main/java/org/elasticsearch/cluster/routing/operation/plain/PlainOperationRouting.java","42","0","1","10","229","288","1"
"elasticsearch","cbb1c35f94a36e8871301fce435d516db3cd4256","modules/elasticsearch/src/main/java/org/elasticsearch/cluster/service/InternalClusterService.java","42","0","1","10","275","351","0"
"BroadleafCommerce","c84a78a32098f34661e4382ff43ee05149520080","admin/broadleaf-admin-module/src/main/java/org/broadleafcommerce/admin/server/service/handler/ProductCustomPersistenceHandler.java","42","0","1","10","344","443","0"
"elasticsearch","c97833596869141f747110d0046dd9de325a7f3c","core/src/main/java/org/elasticsearch/discovery/local/LocalDiscovery.java","42","0","1","10","348","451","1"
"elasticsearch","5a91ad11152fb54724083b696339b78829c8b905","core/src/main/java/org/elasticsearch/discovery/local/LocalDiscovery.java","42","0","1","11","351","456","0"
"orientdb","de410aa8d3455b55f3c39e49780136c0b6c5e64b","core/src/main/java/com/orientechnologies/orient/core/storage/impl/local/paginated/OLocalPaginatedStorage.java","42","0","1","11","365","469","0"
"elasticsearch","4139bb51806305086fb1eaf3dce68b65f4007560","modules/elasticsearch/src/main/java/org/elasticsearch/index/mapper/geo/MultiValueGeoPointFieldData.java","42","0","1","12","207","250","0"
"elasticsearch","56b11c5ff35418e9f54537f916c5b07644f087e2","modules/elasticsearch/src/main/java/org/elasticsearch/index/mapper/geo/MultiValueGeoPointFieldData.java","42","0","1","12","207","250","0"
"elasticsearch","54880c576b2643da1a436e81e4e06922c09e6cee","modules/elasticsearch/src/main/java/org/elasticsearch/index/mapper/geo/MultiValueGeoPointFieldData.java","42","0","1","12","207","250","1"
"hazelcast","f83d645dd56bb88825a10905cf484c6495f241d6","hazelcast-client-new/src/main/java/com/hazelcast/client/spi/ProxyManager.java","42","0","1","12","364","436","1"
"orientdb","0b098ecbb27731eae0d6bc55a5750b000a6b9777","core/src/main/java/com/orientechnologies/orient/core/sql/parser/OContainsValueCondition.java","42","0","1","14","136","170","0"
"elasticsearch","37edfe060b983964af88ab490850fffeefe4c69c","src/test/java/org/elasticsearch/test/integration/search/sort/SimpleSortTests.java","42","0","1","16","1011","1284","0"
"elasticsearch","b2918d7c2b9fd94d0b0485ccdffe5a0fa1e2ff7e","src/main/java/org/elasticsearch/client/transport/TransportClientNodesService.java","42","0","1","16","331","412","1"
"elasticsearch","9d728fb448058b2cde6548e0b8b79772663ad292","src/main/java/org/elasticsearch/client/transport/TransportClientNodesService.java","42","0","1","16","332","413","0"
"elasticsearch","2df42e4460fa5f0d87363672e305c88d9f30b093","src/test/java/org/elasticsearch/common/lucene/search/XBooleanFilterTests.java","42","0","1","18","451","536","1"
"hazelcast","6a0f7c80572896ad0fca8288e0e68e416fcfe7b6","hazelcast/src/main/java/com/hazelcast/collection/CollectionContainer.java","42","0","1","19","287","357","3"
"hazelcast","142f48debf262bbcc8ebf3fb30e729d9da0d1684","hazelcast/src/main/java/com/hazelcast/transaction/impl/TransactionManagerServiceImpl.java","42","0","1","19","308","367","2"
"orientdb","f2c3273e9f37bffc0c99099735b1a09364360430","core/src/main/java/com/orientechnologies/orient/core/storage/impl/local/paginated/OClusterPositionMap.java","42","0","1","19","424","524","0"
"antlr4","d09276d9fd5f8493229f2f715c66a861c8767048","tool/src/org/antlr/v4/semantics/SemanticPipeline.java","42","0","1","2","171","308","1"
"elasticsearch","867d88795be44f6557dab85b731c002c2856f7e5","src/main/java/org/elasticsearch/indices/recovery/RecoverySource.java","42","0","1","2","335","422","0"
"elasticsearch","72d2ac13280cc8c9d52361aad9e2193cbf004708","src/main/java/org/elasticsearch/common/bytes/PagedBytesReference.java","42","0","1","20","309","439","0"
"hazelcast","d568e4d926d925d57d4e79e34614390416749301","hazelcast/src/main/java/com/hazelcast/map/impl/tx/TransactionalMapProxy.java","42","0","1","20","331","415","0"
"hazelcast","139accb8e85eca305e57b2dd8b7e2340cbc75d50","hazelcast/src/main/java/com/hazelcast/transaction/impl/TransactionManagerServiceImpl.java","42","0","1","20","335","394","1"
"hazelcast","46e05488141001b7d2d0f3f9c39e3e35ce49a6ab","hazelcast/src/main/java/com/hazelcast/replicatedmap/impl/record/AbstractReplicatedRecordStore.java","42","0","1","20","340","414","0"
"hazelcast","2737c4dd6f3a6d2caf98d23fd4baca8f673bb4b8","hazelcast/src/main/java/com/hazelcast/replicatedmap/impl/record/AbstractReplicatedRecordStore.java","42","0","1","20","341","415","0"
"hazelcast","19aa77c4b1ea84a22c9d3b7b60d50670ebad2978","hazelcast/src/main/java/com/hazelcast/replicatedmap/impl/record/AbstractReplicatedRecordStore.java","42","0","1","20","341","416","0"
"hazelcast","1bbf57f43522e59474d73506d793eaa2254dca5e","hazelcast/src/main/java/com/hazelcast/replicatedmap/impl/record/AbstractReplicatedRecordStore.java","42","0","1","20","342","416","0"
"ceylon-ide-eclipse","27e63915462b6c4580322d86ce7ff7259213e7de","plugins/com.redhat.ceylon.eclipse.ui/src/com/redhat/ceylon/eclipse/util/FindAssignmentsVisitor.java","42","0","1","21","244","275","1"
"elasticsearch","d84c643f5880a88d2e5c38b487123161f3e01fe0","core/src/main/java/org/elasticsearch/index/mapper/ip/IpFieldMapper.java","42","0","1","21","331","399","0"
"neo4j","2e27f92cd55a1b84efcb0d4b6bc95b16450304a2","enterprise/security/src/main/java/org/neo4j/server/security/enterprise/auth/InternalFlatFileRealm.java","42","0","1","21","471","579","1"
"neo4j","1f22cd0deabcf1e618e4053524cdbfea4940c059","enterprise/security/src/main/java/org/neo4j/server/security/enterprise/auth/InternalFlatFileRealm.java","42","0","1","21","474","582","0"
"elasticsearch","05f98634d89652eea7a289c56ccd145be0826c8a","modules/elasticsearch/src/main/java/org/elasticsearch/index/mapper/multifield/MultiFieldMapper.java","42","0","1","22","238","317","0"
"elasticsearch","62b821ccf4e2bf221382df85e2785016f74012bc","core/src/test/java/org/elasticsearch/index/mapper/GeoPointFieldMapperTests.java","42","0","1","22","738","897","1"
"elasticsearch","0ad231546d70cd45ac5d7a32311c1cebb9b42293","core/src/test/java/org/elasticsearch/index/mapper/GeoPointFieldMapperTests.java","42","0","1","23","756","923","1"
"elasticsearch","450f47d5b59f19f4d2056042db69732ac5c21bbf","core/src/test/java/org/elasticsearch/index/mapper/GeoPointFieldMapperTests.java","42","0","1","23","756","923","1"
"elasticsearch","2a00c9dc46fe7ac5da04ea3e735985d3f02bc7bf","core/src/test/java/org/elasticsearch/index/mapper/GeoPointFieldMapperTests.java","42","0","1","23","756","923","0"
"elasticsearch","2e68207d6ddfff5059a0ca8d1bdefc96f780e576","src/test/java/org/elasticsearch/test/integration/search/highlight/HighlighterSearchTests.java","42","0","1","24","799","1056","1"
"netty","d2032254b7b29aca620223c672ffa244171898b5","transport/src/main/java/io/netty/channel/DefaultChannelConfig.java","42","0","1","25","276","338","0"
"hazelcast","8f8a00625dd31eb3915d3251d2f10edbe2a7e0b9","hazelcast/src/main/java/com/hazelcast/replicatedmap/impl/ReplicatedMapService.java","42","0","1","26","339","413","2"
"hazelcast","4c75dcc1869e89b9ef9cbf8b90fa4481f17114d7","hazelcast/src/main/java/com/hazelcast/replicatedmap/impl/ReplicatedMapService.java","42","0","1","26","351","420","2"
"hazelcast","151c5bd9cdcf1769dc9e1ab0ea43af6bbee8fac8","hazelcast/src/main/java/com/hazelcast/replicatedmap/impl/ReplicatedMapService.java","42","0","1","26","352","421","2"
"hazelcast","72164ddd01562b066c2e6478184c2a8c4c22fc35","hazelcast/src/main/java/com/hazelcast/replicatedmap/impl/ReplicatedMapService.java","42","0","1","26","352","421","1"
"hazelcast","72164ddd01562b066c2e6478184c2a8c4c22fc35","hazelcast/src/main/java/com/hazelcast/replicatedmap/impl/ReplicatedMapService.java","42","0","1","26","352","421","1"
"hazelcast","1bbf57f43522e59474d73506d793eaa2254dca5e","hazelcast/src/main/java/com/hazelcast/replicatedmap/impl/ReplicatedMapService.java","42","0","1","26","352","421","0"
"elasticsearch","fdef88debb84af1ac82562ee60bc353dccd24027","modules/elasticsearch/src/main/java/org/elasticsearch/index/percolator/PercolatorExecutor.java","42","0","1","30","363","458","0"
"BroadleafCommerce","fda59958ccdbbd3e29c49373e40be2a6fd8dc1b8","admin/broadleaf-open-admin-platform/src/main/java/org/broadleafcommerce/openadmin/server/security/service/AdminSecurityServiceImpl.java","42","0","1","32","424","622","0"
"hazelcast","95b93d3d6a2eef3a75a7dae3cd2cbb53d02628a3","hazelcast/src/test/java/com/hazelcast/test/TestNodeRegistry.java","42","0","1","34","466","576","1"
"elasticsearch","bbffeb1b39b864a8bf6c9844dfa23869e44c8639","src/main/java/org/elasticsearch/cluster/metadata/IndexTemplateMetaData.java","42","0","1","37","307","399","3"
"ceylon-ide-eclipse","05c1e9a8b25443c80f99811d73f9323ad2b50406","plugins/com.redhat.ceylon.eclipse.ui/src/com/redhat/ceylon/eclipse/core/model/mirror/JDTClass.java","42","0","1","39","548","650","1"
"elasticsearch","90a339ad5e4a61e750d0342be6326de46f45bedc","modules/elasticsearch/src/main/java/org/elasticsearch/search/facet/range/RangeFacetProcessor.java","42","0","1","4","130","170","0"
"BroadleafCommerce","a600ac52945a7ee2f172cbdfdf466a6e37d63fc2","admin/broadleaf-open-admin-platform/src/main/java/org/broadleafcommerce/openadmin/web/rulebuilder/MVELToDataWrapperTranslator.java","42","0","1","4","177","220","0"
"elasticsearch","bd87f8de3ac84eb408d5ada0976664545c9228a0","modules/elasticsearch/src/main/java/org/elasticsearch/search/highlight/HighlightPhase.java","42","0","1","4","203","255","0"
"hazelcast","fe87884b8576b4bb0d8994935b8795d4bcb3d3c4","hazelcast/src/main/java/com/hazelcast/query/impl/ReflectionHelper.java","42","0","1","4","213","267","1"
"hazelcast","267657223110ee9fc436f5496e078547d29c6e4c","hazelcast/src/main/java/com/hazelcast/query/impl/ReflectionHelper.java","42","0","1","4","221","276","1"
"hazelcast","86dbd8bd23c2e130470eeb916865d37be5211736","hazelcast/src/main/java/com/hazelcast/query/impl/ReflectionHelper.java","42","0","1","4","222","277","0"
"elasticsearch","195e586fd8cd3f1c1610c04e67960874fdfe616b","src/main/java/org/elasticsearch/search/facet/datehistogram/DateHistogramFacetProcessor.java","42","0","1","4","224","277","0"
"elasticsearch","a7190ea8a3bd7fbf774a8431e88b46c79daf7a4c","modules/elasticsearch/src/main/java/org/elasticsearch/plugins/PluginManager.java","42","0","1","4","240","286","0"
"elasticsearch","fc4dc5ef217385b0475f81eecba7e004a03a957c","core/src/main/java/org/elasticsearch/cluster/metadata/MetaDataUpdateSettingsService.java","42","0","1","4","260","343","1"
"elasticsearch","d61ad4cfce902b33092fd5eefc60cf40f9c73e2b","core/src/main/java/org/elasticsearch/cluster/metadata/MetaDataUpdateSettingsService.java","42","0","1","4","263","343","1"
"elasticsearch","7b5e6512608adcb9e32a29a2185afe7f6f412945","core/src/main/java/org/elasticsearch/cluster/metadata/MetaDataUpdateSettingsService.java","42","0","1","4","263","346","0"
"elasticsearch","ef0e3db0de6928ddca70d18e929223980f283fe1","core/src/main/java/org/elasticsearch/cluster/metadata/MetaDataUpdateSettingsService.java","42","0","1","4","265","345","0"
"elasticsearch","5d806bf93eaa1f360187946cec741cf05b7264e1","core/src/main/java/org/elasticsearch/cluster/metadata/MetaDataUpdateSettingsService.java","42","0","1","4","268","350","0"
"elasticsearch","ec04435b06dc3eab8033e27c66028348317e1e72","src/main/java/org/apache/lucene/queryParser/MapperQueryParser.java","42","0","1","4","276","345","0"
"elasticsearch","99714ee1bd991fed204620c32e9f59a323018d2f","src/main/java/org/elasticsearch/index/gateway/IndexShardGateway.java","42","0","1","4","296","363","2"
"elasticsearch","bdbe86dd2db73c6ff59eebe5b2a0bd251270db2d","src/main/java/org/elasticsearch/indices/store/IndicesStore.java","42","0","1","4","346","452","1"
"elasticsearch","997ea08e7b4aca8d5e064bf22d8822fc94ffa0f7","core/src/test/java/org/elasticsearch/recovery/RelocationIT.java","42","0","1","4","368","455","1"
"elasticsearch","75cedca0dab933bb6d1679fbddea2d09122d13c9","core/src/test/java/org/elasticsearch/recovery/RelocationIT.java","42","0","1","4","369","457","1"
"elasticsearch","bef1c8511d3f99aa681c49396bf9c707f2e7d8a9","core/src/test/java/org/elasticsearch/recovery/RelocationIT.java","42","0","1","4","370","458","0"
"elasticsearch","4fea56ceadbbd042774a89dbdf94c16a4a33df4c","core/src/test/java/org/elasticsearch/recovery/RelocationIT.java","42","0","1","4","371","460","0"
"elasticsearch","c32de1f72b8f1131daf710a2144be31c55cb4f93","core/src/test/java/org/elasticsearch/recovery/RelocationIT.java","42","0","1","4","371","460","0"
"elasticsearch","fac472f90c521241a56f90c708eafe8bcbc4f939","core/src/test/java/org/elasticsearch/recovery/RelocationIT.java","42","0","1","4","371","460","1"
"netty","984b0aa961b21845ab92cd2cddab3f2ee354f4f1","buffer/src/main/java/io/netty/buffer/UnpooledDirectByteBuf.java","42","0","1","40","486","605","0"
"hazelcast","16e950448a7db50289cead4bc1bb1a4da006e545","hazelcast/src/main/java/com/hazelcast/jmx/ManagementService.java","42","0","1","5","195","234","0"
"hazelcast","91dc8370ee2482cbf6a7f5cbaa6c92214d81dc6c","hazelcast/src/main/java/com/hazelcast/map/eviction/EvictionHelper.java","42","0","1","5","292","352","2"
"elasticsearch","a6510f924520d8cdda2636ac85a1a1e43f6dfb8c","src/test/java/org/elasticsearch/recovery/RelocationTests.java","42","0","1","5","443","555","0"
"elasticsearch","d8f16178d3f21b4f9d17da12e7aa61613fc2c27a","src/test/java/org/elasticsearch/recovery/RelocationTests.java","42","0","1","5","444","556","1"
"elasticsearch","24bc8d331eb28a686233573bdcaf9cadd9a6dc5b","src/test/java/org/elasticsearch/recovery/RelocationTests.java","42","0","1","5","446","558","0"
"orientdb","202ca5e408bdf2c426b446e8369a915997e6b503","core/src/test/java/com/orientechnologies/orient/core/storage/impl/local/paginated/wal/WriteAheadLogTest.java","42","0","1","53","1267","1766","1"
"hazelcast","5864af6c827f2cb1e2fbe4d5c6462a9a03efafd9","hazelcast/src/test/java/com/hazelcast/map/BasicTest.java","42","0","1","53","962","1128","1"
"hazelcast","a4f2426c3194dd683417bf10301c2bf36914666c","hazelcast/src/test/java/com/hazelcast/map/BasicTest.java","42","0","1","54","972","1147","0"
"elasticsearch","bd75b731c654f4c845f0781306b8055704706585","src/main/java/org/elasticsearch/cluster/metadata/MetaDataUpdateSettingsService.java","42","0","1","6","209","270","1"
"elasticsearch","de243493c9a31354d742c34a66817e8a06798026","src/main/java/org/elasticsearch/cluster/metadata/MetaDataUpdateSettingsService.java","42","0","1","6","213","275","0"
"BroadleafCommerce","942e9eaee522173e1a9d43f6195e401a7f40c7a0","common/src/main/java/org/broadleafcommerce/common/money/Money.java","42","0","1","66","336","457","0"
"BroadleafCommerce","7da760ada0cf3c3164075c970c90d47e36b4bef4","common/src/main/java/org/broadleafcommerce/common/money/Money.java","42","0","1","66","336","460","0"
"elasticsearch","523a8b4c3e8003316f3e7c6a74bdd5e4e1818dd6","modules/elasticsearch/src/main/java/org/elasticsearch/index/mapper/xcontent/XContentDocumentMapperParser.java","42","0","1","7","216","279","0"
"elasticsearch","9077bb6528f843ca8042ff95f8fac47140ef5aa1","modules/elasticsearch/src/main/java/org/elasticsearch/index/mapper/xcontent/XContentDocumentMapperParser.java","42","0","1","7","217","280","0"
"elasticsearch","fedd1965ead48ca35329e417f66ffd57f115b6e7","src/test/java/org/elasticsearch/test/integration/routing/AliasRoutingTests.java","42","0","1","7","333","423","0"
"elasticsearch","8989d062cd9c90956a3c8a3c03445491f2c57453","src/test/java/org/elasticsearch/routing/SimpleRoutingTests.java","42","0","1","7","372","451","0"
"MapDB","6329a16bf1c15e891291d9013156bc2623e43255","src/main/java/org/mapdb/StorageDirect.java","42","0","1","8","205","347","0"
"hazelcast","dd710b431238cb45633bd2788748e28a2f43f33a","hazelcast/src/main/java/com/hazelcast/internal/partition/impl/PartitionStateManager.java","42","0","1","8","284","366","0"
"netty","e37069b9479d7bd4eb09fffdf8c547d0e56a8695","transport/src/main/java/io/netty/channel/local/LocalChannel.java","42","0","1","8","311","408","1"
"hazelcast","a5bf09a8e6a71ef29582aedc0f5e66e564a3c475","hazelcast/src/main/java/com/hazelcast/spi/impl/BasicOperationScheduler.java","42","0","1","8","367","515","0"
"hazelcast","a1eb32e4a02240540cbb54539fc5e039954b3fd3","hazelcast/src/main/java/com/hazelcast/spi/impl/BasicOperationScheduler.java","42","0","1","8","368","513","3"
"hazelcast","680b36f62d4bcbef2271adf671321528fd3bb9ae","hazelcast/src/test/java/com/hazelcast/map/MapStoreTest.java","42","0","1","87","999","1158","0"
"elasticsearch","49439a09e2c1a69da0fdf034fe9dabf1cc83bf30","modules/elasticsearch/src/main/java/org/elasticsearch/index/shard/recovery/RecoveryTarget.java","42","0","1","9","332","432","0"
"elasticsearch","429e517476d95e50ecb9d73d58e5013bd2158e7d","modules/reindex/src/test/java/org/elasticsearch/index/reindex/AsyncBulkByScrollActionTests.java","42","0","10","20","657","850","1"
"hazelcast","5ca2eb7270cb2ae320c78e06be394586b0f1e902","hazelcast/src/test/java/com/hazelcast/map/EvictionTest.java","42","0","10","27","770","1032","1"
"hazelcast","36031ce1edc362ea669e6841cdfaab08f0113d52","hazelcast/src/test/java/com/hazelcast/executor/ExecutorServiceTest.java","42","0","10","28","680","827","0"
"orientdb","6a6182db0e6520aae293a0f021bd7843a25b8208","core/src/main/java/com/orientechnologies/common/directmemory/OByteBufferPool.java","42","0","11","10","391","690","0"
"MapDB","f2fc046bf15094f12d35ca744e33cd2a6098d189","src/main/java/org/mapdb/Utils.java","42","0","11","22","247","377","1"
"hazelcast","cd66a09812f63404b4e934e9591e45ce9472a35c","hazelcast/src/test/java/com/hazelcast/map/EvictionTest.java","42","0","11","28","824","1104","0"
"orientdb","5780bb8c950c397bd3b8563536ac3e6043bcce64","core/src/main/java/com/orientechnologies/common/directmemory/OByteBufferPool.java","42","0","11","7","353","627","0"
"hazelcast","ddd3c8beff04b04dc146b44e47ec2bd9350ac5e4","hazelcast/src/main/java/com/hazelcast/ringbuffer/impl/RingbufferContainer.java","42","0","15","15","330","595","1"
"elasticsearch","bcc16654d21c5d6c5f43940b77948ada4087521b","src/main/java/org/elasticsearch/cluster/routing/IndexShardRoutingTable.java","42","0","18","27","360","543","1"
"netty","8271c8afccf7eb21bf6f994b5f3565f6d55bdee4","common/src/main/java/io/netty/util/internal/StringUtil.java","42","0","19","0","246","382","0"
"netty","ba6ce5449ee852b782dde9a11933f6a09b123e22","common/src/main/java/io/netty/util/internal/StringUtil.java","42","0","19","0","246","385","0"
"netty","064c0d7826f99382a0a54f6a6caea8ad7d5a52a1","resolver-dns/src/main/java/io/netty/resolver/dns/DnsNameResolver.java","42","0","19","0","492","709","1"
"netty","9fef4ba1bf27b61c004fcecb43d446113db2d623","resolver-dns/src/main/java/io/netty/resolver/dns/DnsNameResolver.java","42","0","19","0","496","712","0"
"elasticsearch","a6510f924520d8cdda2636ac85a1a1e43f6dfb8c","src/main/java/org/elasticsearch/watcher/FileWatcher.java","42","0","2","0","233","305","0"
"elasticsearch","dc900a08a6c6f346656105fa0e2484ed186f8461","core/src/test/java/org/elasticsearch/benchmark/search/child/ChildSearchBenchmark.java","42","0","2","0","278","345","0"
"elasticsearch","7ab0e2c5321c802068d85c0fa3a0f44e0b02c5a4","core/src/test/java/org/elasticsearch/benchmark/search/child/ChildSearchBenchmark.java","42","0","2","0","281","348","1"
"elasticsearch","164efaecbe42195f08ada58b5fde927ab21fc6e7","plugins/cloud-gce/src/main/java/org/elasticsearch/discovery/gce/GceUnicastHostsProvider.java","42","0","2","1","187","267","0"
"elasticsearch","a596459ed6580883e83922abffd6651705ff0c1e","src/main/java/org/elasticsearch/indices/memory/IndexingMemoryController.java","42","0","2","1","240","331","2"
"elasticsearch","97559c0614d900a682d01afc241615cf5627fb4c","src/main/java/org/elasticsearch/indices/memory/IndexingMemoryController.java","42","0","2","1","241","332","0"
"elasticsearch","7119ffa7bcb46e043afce45c137fa93c4ff91e72","src/main/java/org/elasticsearch/indices/memory/IndexingMemoryController.java","42","0","2","1","244","317","2"
"elasticsearch","aaa4d57fff41c3ac2bef16a8b42fb7d4cd8821d3","modules/reindex/src/main/java/org/elasticsearch/index/reindex/AbstractAsyncBulkByScrollAction.java","42","0","2","1","347","485","0"
"hazelcast","0880710f355f33d03b8d928ec9d22a0ff4f1ca52","hazelcast-client/src/main/java/com/hazelcast/client/proxy/NearCachedClientMapProxy.java","42","0","2","12","539","684","2"
"hazelcast","74ace7dcdefdaf63de1dd47daca79c1dfb171fd9","hazelcast/src/main/java/com/hazelcast/cache/impl/AbstractHazelcastCacheManager.java","42","0","2","13","316","412","1"
"hazelcast","05a1cccf5925dbb7ae3d30b55b907bd9cf0e9a39","hazelcast/src/main/java/com/hazelcast/cache/impl/AbstractHazelcastCacheManager.java","42","0","2","14","320","417","0"
"hazelcast","61000aca16c00255d807a401673e75f40f92c130","hazelcast/src/main/java/com/hazelcast/management/ManagementCenterService.java","42","0","2","14","444","551","1"
"elasticsearch","d10f80aea074d8e4094abfcdcdae6256fc7eacee","core/src/main/java/org/elasticsearch/index/indexing/ShardIndexingService.java","42","0","2","20","262","328","0"
"mcMMO","f0ee70871000c51e067cf9f19cc34d0076bfd0c8","src/main/java/com/gmail/nossr50/mcMMO.java","42","0","2","20","374","496","0"
"mcMMO","38e19473028fc19d7774b8aa429b66d015b77bf1","src/main/java/com/gmail/nossr50/mcMMO.java","42","0","2","20","384","508","0"
"mcMMO","4fb4d6fc0ca3bec316bba16c0ac3d8af7be5df79","src/main/java/com/gmail/nossr50/mcMMO.java","42","0","2","21","389","514","1"
"elasticsearch","85eb0ea0e718fd9757d1bafa18f8767b1924f00c","src/main/java/org/elasticsearch/index/mapper/internal/TimestampFieldMapper.java","42","0","2","22","223","289","3"
"netty","2fd42cfc6b32dacb812c6f2ecef8522cd94718d4","codec-http2/src/main/java/io/netty/handler/codec/http2/DefaultHttp2ConnectionEncoder.java","42","0","2","23","383","506","1"
"orientdb","acbf2b4862985a154884df8442819e48c3eed517","lucene/src/main/java/com/orientechnologies/lucene/engine/OLuceneIndexEngineAbstract.java","42","0","2","26","385","489","1"
"elasticsearch","3e32dd985aabfa5ee653b26bcb6ff97c74a426a2","src/main/java/org/elasticsearch/index/gateway/IndexShardGateway.java","42","0","2","3","284","353","0"
"elasticsearch","cad0608cdb28e2b8485e5c01c26579a35cb84356","core/src/main/java/org/elasticsearch/monitor/fs/FsInfo.java","42","0","2","37","417","509","1"
"elasticsearch","27b65e90ca03678a9f7019f6887f1b12ef1e6fb0","core/src/main/java/org/elasticsearch/monitor/fs/FsInfo.java","42","0","2","37","418","511","0"
"elasticsearch","526b46402530817f63c4c70ed382fee34b8b7cf3","src/main/java/org/elasticsearch/index/query/QueryParseContext.java","42","0","2","41","301","402","1"
"elasticsearch","a7b2bdca4c8779e1fca6d89db8967233e42136ec","src/main/java/org/elasticsearch/index/query/QueryParseContext.java","42","0","2","42","304","406","3"
"BroadleafCommerce","016c217175392f8c6e3a7b474904986cf9c8ece1","core/broadleaf-framework/src/main/java/org/broadleafcommerce/core/payment/service/DefaultPaymentGatewayCheckoutService.java","42","0","2","5","250","364","0"
"BroadleafCommerce","832701924183bbf8da0a2c6ae41a68d175050475","core/broadleaf-framework/src/main/java/org/broadleafcommerce/core/payment/service/DefaultPaymentGatewayCheckoutService.java","42","0","2","5","250","364","0"
"BroadleafCommerce","c39457e760afe91196c61cba1d20d1372be80708","core/broadleaf-framework/src/main/java/org/broadleafcommerce/core/payment/service/DefaultPaymentGatewayCheckoutService.java","42","0","2","5","250","364","1"
"hazelcast","df23887e0b596f11c485c176b856095fb3bc5744","hazelcast/src/main/java/com/hazelcast/internal/cluster/impl/ClusterStateManager.java","42","0","2","6","356","485","1"
"elasticsearch","7ca64237a8dd81892a0b6df38841a75c2e719c28","src/main/java/org/elasticsearch/discovery/zen/ping/unicast/UnicastZenPing.java","42","0","2","6","403","525","1"
"elasticsearch","9192219f13a38ec8b9ec67192ba0b8797c45cf82","src/main/java/org/elasticsearch/discovery/zen/ping/unicast/UnicastZenPing.java","42","0","2","6","427","561","0"
"hazelcast","0de2d59f48862f5e69b2924af03842a47ad13bdd","hazelcast/src/test/java/com/hazelcast/map/mapstore/MapStoreTest.java","42","0","2","86","1000","1163","0"
"orientdb","461a500334a7f2be248cd0b34dc27ae176c1098a","core/src/main/java/com/orientechnologies/orient/core/sql/method/OSQLMethodRuntime.java","42","0","2","9","149","223","0"
"Android-Universal-Image-Loader","56f4df896682733c9979b348e46ba77494851304","library/src/com/nostra13/universalimageloader/core/ImageLoaderConfiguration.java","42","0","23","1","306","585","0"
"hazelcast","4129482de63bc974f46700caa8d99e0aa8b07e5f","hazelcast/src/main/java/com/hazelcast/config/CacheConfig.java","42","0","26","11","382","642","1"
"elasticsearch","a44655763e150522d58cbd8113fb1b30a475b8c7","core/src/test/java/org/elasticsearch/gateway/PrimaryShardAllocatorTests.java","42","0","26","3","592","784","0"
"elasticsearch","59d9f7e1579ca70973d14e94da0b8794e60f3b85","src/main/java/org/elasticsearch/index/snapshots/blobstore/BlobStoreIndexShardSnapshot.java","42","0","27","0","291","506","0"
"elasticsearch","2b9cfff90f6a11095c36fae0dce35bbe9d0c6f96","core/src/main/java/org/elasticsearch/common/network/NetworkUtils.java","42","0","3","0","195","272","1"
"elasticsearch","9ee6624fd1ea8036704cc0d709a7d4f5aa0b863d","core/src/main/java/org/elasticsearch/common/network/NetworkUtils.java","42","0","3","0","196","274","0"
"netty","08c1f55d3aa572f60a7b2960ebd286a2709faacb","common/src/main/java/io/netty/util/concurrent/GlobalEventExecutor.java","42","0","3","12","270","357","1"
"orientdb","a2f1c9220aaa0be07af6ef9d27ba4a1df70aae15","distributed/src/main/java/com/orientechnologies/orient/server/hazelcast/OHazelcastDistributedMessageService.java","42","0","3","12","318","445","2"
"elasticsearch","2e445d3ede953c90e4e1ce69e5f53192115b9dd7","core/src/main/java/org/elasticsearch/indices/cache/request/IndicesRequestCache.java","42","0","3","13","347","483","2"
"elasticsearch","5828796848674b656807406947f050626035845a","core/src/main/java/org/elasticsearch/indices/cache/request/IndicesRequestCache.java","42","0","3","13","348","484","1"
"orientdb","731545a32e96d61ede50300ab6b8dd1166de7431","core/src/main/java/com/orientechnologies/orient/core/config/OGlobalConfiguration.java","42","0","3","14","643","962","1"
"neo4j","27793b7cdd404fa255b17808ea9603a622e6bb7e","community/kernel/src/main/java/org/neo4j/kernel/impl/api/KernelTransactionImplementation.java","42","0","3","24","648","821","1"
"neo4j","c53aab6d4de8c83eda42c64474ec13aa7ecb25f3","community/kernel/src/main/java/org/neo4j/kernel/impl/api/KernelTransactionImplementation.java","42","0","3","24","649","822","2"
"orientdb","083c28873b1652f17e91770e55146fcf3c055b49","lucene/src/main/java/com/orientechnologies/lucene/engine/OLuceneIndexEngineAbstract.java","42","0","3","29","414","529","1"
"hazelcast","11e77aa8ef9f1ba50a9ba8cc015da897bca676f4","hazelcast/src/main/java/com/hazelcast/client/impl/ClientEngineImpl.java","42","0","3","30","463","574","2"
"hazelcast","039caae2c04543614a7756619bc9dcba8fd0cc7c","hazelcast/src/main/java/com/hazelcast/client/impl/ClientEngineImpl.java","42","0","3","32","488","602","3"
"elasticsearch","dc900a08a6c6f346656105fa0e2484ed186f8461","core/src/test/java/org/elasticsearch/percolator/PercolatorIT.java","42","0","3","36","1755","2024","3"
"netty","81e2db10faaf0389f4e1af8c7132210946203157","buffer/src/main/java/io/netty/buffer/UnpooledDirectByteBuf.java","42","0","3","38","423","520","0"
"hazelcast","12a0770d42130064f5a63ee306ebee1dfb45349f","hazelcast/src/test/java/com/hazelcast/map/EntryProcessorTest.java","42","0","3","52","1003","1211","0"
"netty","fc1429c00c6a365e37363091a3ee14291bb8f010","handler/src/main/java/io/netty/handler/stream/ChunkedWriteHandler.java","42","0","3","6","267","374","1"
"antlr4","507f331bd08bc01c213822508d18bbc4ba769db4","tool/src/org/antlr/v4/semantics/SymbolChecks.java","42","0","3","7","203","296","1"
"BroadleafCommerce","f76947b536fd7de06da75efb9502285969caad4a","admin/broadleaf-contentmanagement-module/src/main/java/org/broadleafcommerce/cms/page/service/PageServiceImpl.java","42","0","3","7","240","333","0"
"elasticsearch","2fb0466f669b030dfdd3cf0f876f4f4a98560781","test/framework/src/main/java/org/elasticsearch/test/rest/yaml/section/DoSection.java","42","0","3","8","231","312","1"
"netty","d9d3d65716dfe8f5a8d83e5fa83286185bcf0657","transport/src/main/java/io/netty/channel/embedded/EmbeddedChannel.java","42","0","32","8","448","760","1"
"netty","8adb30bbe2785094c92d085757cb1fdc2c1edec9","transport/src/main/java/io/netty/channel/embedded/EmbeddedChannel.java","42","0","32","9","525","856","0"
"netty","869687bd711e1358367203526128d9a2ad90663a","transport-sctp/src/main/java/io/netty/channel/sctp/oio/OioSctpChannel.java","42","0","4","14","379","475","0"
"elasticsearch","38009efedd9f75cc78cbb925a5dc0d10efb8713b","core/src/main/java/org/elasticsearch/index/query/SimpleQueryParser.java","42","0","4","2","253","361","0"
"netty","bf08ed0b93e54e8e21f23e9d948fd2732dc52171","codec-http2/src/main/java/io/netty/handler/codec/http2/Http2MultiplexCodec.java","42","0","4","4","365","478","1"
"netty","7467106630ad6b2522f7953c244546b91b107efe","codec-http2/src/main/java/io/netty/handler/codec/http2/Http2MultiplexCodec.java","42","0","4","4","366","484","0"
"antlr4","7f029a3c80e833bfbcd2009b63c3dd6b9d02ea58","tool/src/org/antlr/v4/codegen/OutputModelController.java","42","0","4","42","362","491","0"
"elasticsearch","741ecf80ff21e1da47ace2e994ae5162884a4174","core/src/main/java/org/elasticsearch/common/regex/Regex.java","42","0","4","5","133","194","1"
"elasticsearch","dc900a08a6c6f346656105fa0e2484ed186f8461","core/src/test/java/org/elasticsearch/index/query/AbstractQueryTestCase.java","42","0","4","8","554","729","4"
"elasticsearch","4fea56ceadbbd042774a89dbdf94c16a4a33df4c","core/src/test/java/org/elasticsearch/index/query/AbstractQueryTestCase.java","42","0","4","8","558","734","5"
"antlr4","fe5f93a0f49c9baca453ded501f9fee4b42f3fa8","tool/src/org/antlr/v4/tool/GrammarTransformPipeline.java","42","0","5","4","267","401","1"
"antlr4","4fc32e1f7cd9882c13ad5a945bd378d4f117eb47","tool/src/org/antlr/v4/tool/GrammarTransformPipeline.java","42","0","5","4","269","403","0"
"elasticsearch","8738583de62a6c4a7cc3f69929f0df6a4843ed55","src/main/java/org/elasticsearch/indices/recovery/ShardRecoveryHandler.java","42","0","6","2","490","700","2"
"elasticsearch","ecc1a3cd8cb1aaf836b1f03dc48d56d008be3d0d","modules/elasticsearch/src/main/java/org/elasticsearch/cluster/routing/IndexRoutingTable.java","42","0","6","25","256","355","0"
"neo4j","130f7e56da0fa1a08005ad32a2b41609ef7ca6c7","community/csv/src/main/java/org/neo4j/csv/reader/Extractors.java","42","0","6","39","734","943","0"
"elasticsearch","c3746b268ca9a9e7e26ec861dd05e654c9bace62","core/src/main/java/org/elasticsearch/index/query/NestedQueryBuilder.java","42","0","6","8","330","418","1"
"hazelcast","70ada36a48c8457c4015adef29358f1a2da3909a","hazelcast/src/main/java/com/hazelcast/spi/impl/operationservice/impl/InvocationRegistry.java","42","0","6","9","300","460","0"
"elasticsearch","5910b17ece360ab03cb86cbfa46bd822c6e0da6b","src/main/java/org/elasticsearch/common/geo/builders/BasePolygonBuilder.java","42","0","7","9","291","485","1"
"elasticsearch","01ca81e2a37c9cd38c6dc44ae567d427c059dbe0","src/test/java/org/elasticsearch/bwcompat/BasicBackwardsCompatibilityTest.java","42","0","8","6","403","505","1"
"elasticsearch","bb3a59fa705f5276143f7e9b8e1f06ef519987e6","core/src/main/java/org/elasticsearch/search/aggregations/bucket/range/geodistance/GeoDistanceAggregationBuilder.java","42","0","9","15","299","417","1"
"elasticsearch","149ef74b26bb33d3a1d3c1c45c481a01345cd764","core/src/main/java/org/elasticsearch/search/aggregations/bucket/range/geodistance/GeoDistanceAggregationBuilder.java","42","0","9","15","304","422","0"
"elasticsearch","9e2221cae5e949a7574ccad333921ad6c9455c39","core/src/main/java/org/elasticsearch/threadpool/ThreadPool.java","42","0","9","33","589","806","0"
"elasticsearch","9e4b5ea242862e35d5433d3432f7b8efcf41bc63","src/main/java/org/elasticsearch/search/aggregations/support/FieldDataSource.java","42","0","9","54","520","669","1"
"elasticsearch","346d8efeb59057367dd91f00b4e185d5cf68c23a","src/main/java/org/elasticsearch/search/aggregations/support/FieldDataSource.java","42","0","9","54","524","674","0"
"oryx","2a54e16bc0e4d2def6decfc03b2a56b5e481308d","app/oryx-app-serving/src/main/java/com/cloudera/oryx/app/serving/als/model/ALSServingModel.java","42","0","9","9","377","520","0"
"orientdb","9df1e17bf9f8ea115fe2f31b9a501a38380867a5","core/src/main/java/com/orientechnologies/orient/core/storage/impl/local/OAbstractPaginatedStorage.java","421","0","8","97","3003","3946","1"
"orientdb","7cbb4aa3c5efac602618da782794be0fbc64e7f9","core/src/main/java/com/orientechnologies/orient/core/db/document/ODatabaseDocumentAbstract.java","422","0","73","102","2190","3142","1"
"orientdb","a9673f851e0b69ef042f9dd73ad7eede41f6aa62","core/src/main/java/com/orientechnologies/orient/core/db/document/ODatabaseDocumentAbstract.java","423","0","73","102","2190","3142","0"
"orientdb","eda978aeda4e2d46618285fcb1d73642a30164c2","core/src/main/java/com/orientechnologies/orient/core/db/document/ODatabaseDocumentTx.java","423","0","82","84","2292","3337","1"
"orientdb","e8a50f5feaa01b99a4fbf4f558dd0b6c8f16d3b6","core/src/main/java/com/orientechnologies/orient/core/sql/parser/OrientSql.java","4230","0","11","122","12572","13513","1"
"orientdb","32c11ba7d5bbded657d28bc2cef1ff6df4ad8b22","core/src/main/java/com/orientechnologies/orient/core/sql/parser/OrientSql.java","4237","0","11","122","12595","13538","0"
"orientdb","42187c979c0e6eb1d6562845b24fd92913d7d3f1","core/src/main/java/com/orientechnologies/orient/core/sql/parser/OrientSql.java","4239","0","11","122","12603","13546","0"
"hazelcast","78ae1a75208f6777bfb81fd68b2d62b446f83759","hazelcast/src/main/java/com/hazelcast/config/XmlConfigBuilder.java","426","0","7","1","1668","1829","1"
"hazelcast","5e18f9e8abf8dacee7a75885cc137a44fe0eef1c","hazelcast/src/main/java/com/hazelcast/config/XmlConfigBuilder.java","426","0","7","1","1669","1830","0"
"hazelcast","e48bec52b35f2dbf7ff0bf7d961549546461a701","hazelcast/src/main/java/com/hazelcast/config/XmlConfigBuilder.java","426","0","7","1","1670","1831","0"
"orientdb","3db765e2fcf80654ee1c76f999c8866d7c062af5","core/src/main/java/com/orientechnologies/orient/core/sql/parser/OrientSql.java","4267","0","11","122","12688","13643","0"
"orientdb","d997cfcacd7bd80c1154ac20fcbeeaeb25e9ee72","core/src/main/java/com/orientechnologies/orient/core/db/document/ODatabaseDocumentTx.java","428","0","82","84","2314","3364","1"
"orientdb","b47e46d58ae070fec696fe791396cf7a149b3238","core/src/main/java/com/orientechnologies/orient/core/db/document/ODatabaseDocumentTx.java","429","0","82","84","2316","3367","1"
"orientdb","2767a54ee6308493e6a69b4b2951d8d2252bfd6b","core/src/main/java/com/orientechnologies/orient/core/db/document/ODatabaseDocumentTx.java","429","0","82","84","2321","3373","0"
"ceylon-ide-eclipse","bd3ee3c8a906f50b50e041545c19d63e346a9f59","plugins/com.redhat.ceylon.eclipse.ui/src/com/redhat/ceylon/eclipse/core/builder/CompileErrorReporter.java","43","0","0","0","205","225","0"
"elasticsearch","952feb58e41bd0220784c44136b840ea4a740e26","core/src/main/java/org/elasticsearch/search/aggregations/bucket/terms/InternalOrder.java","43","0","0","0","286","386","1"
"Android-Universal-Image-Loader","7b0b574a74d1f6e2b9de317eaf92905fcc7d589b","library/src/com/nostra13/universalimageloader/core/LoadAndDisplayImageTask.java","43","0","0","0","288","352","0"
"hazelcast","9275e0e368a551933587f8cab78041f3f35bca35","hazelcast/src/main/java/com/hazelcast/map/impl/AbstractEvictableRecordStore.java","43","0","0","0","288","422","2"
"hazelcast","fcc919dc159c0de93088abba799c5239f53cb849","hazelcast/src/main/java/com/hazelcast/map/impl/AbstractEvictableRecordStore.java","43","0","0","0","288","422","2"
"hazelcast","7e9c9a8bacbeae6a864907b841dd7e2f2e4731c4","hazelcast/src/main/java/com/hazelcast/map/impl/AbstractEvictableRecordStore.java","43","0","0","0","288","422","0"
"elasticsearch","da953700f47924f4948ec3775eb1f42f3109aac7","src/main/java/org/elasticsearch/search/aggregations/bucket/histogram/AbstractHistogramBase.java","43","0","0","0","289","367","0"
"ceylon-ide-eclipse","6aeba6430788113ce925d862092732593f617b02","plugins/com.redhat.ceylon.eclipse.ui/src/com/redhat/ceylon/eclipse/code/correct/RefineFormalMembersProposal.java","43","0","0","0","294","320","1"
"ceylon-ide-eclipse","fcc956407fdd96386d2391fffdbcdf64cd814bfd","plugins/com.redhat.ceylon.eclipse.ui/src/com/redhat/ceylon/eclipse/code/correct/RefineFormalMembersProposal.java","43","0","0","0","295","321","0"
"ceylon-ide-eclipse","22edbf8eb5a279a3d991573fcb015406169fcacd","plugins/com.redhat.ceylon.eclipse.ui/src/com/redhat/ceylon/eclipse/code/correct/RefineFormalMembersProposal.java","43","0","0","0","298","324","2"
"hazelcast","5f5c8e78a2658b73c79f55d2127d23f2e6caf03c","hazelcast/src/main/java/com/hazelcast/map/impl/AbstractEvictableRecordStore.java","43","0","0","0","301","455","1"
"hazelcast","867fc10b52c7da919de28f51c13599e0fc2a5f60","hazelcast/src/main/java/com/hazelcast/util/scheduler/SecondsBasedEntryTaskScheduler.java","43","0","0","0","305","425","0"
"hazelcast","485f426abc042144ebf9fd213e724556ad967191","hazelcast/src/main/java/com/hazelcast/util/scheduler/SecondsBasedEntryTaskScheduler.java","43","0","0","0","306","428","1"
"hazelcast","32414b10eb42bcd8b325501cb9d937921970f4e7","hazelcast/src/main/java/com/hazelcast/map/impl/AbstractEvictableRecordStore.java","43","0","0","0","306","443","0"
"netty","74738fbd08eec71dc6c8dd801f79e7f2e3e7f366","buffer/src/main/java/io/netty/buffer/PoolArena.java","43","0","0","0","324","407","0"
"elasticsearch","2486086980663bce5ff25f5ed7eb25d6a2cfc7c7","core/src/main/java/org/elasticsearch/bootstrap/Bootstrap.java","43","0","0","0","331","438","1"
"netty","6765e9f99db352a7f814e10d77338760432db155","transport-native-epoll/src/main/java/io/netty/channel/epoll/AbstractEpollChannel.java","43","0","0","0","341","484","1"
"netty","e09d2f32fb1c7f2ab8d1e41fdb72e00adb7032ff","transport/src/main/java/io/netty/channel/DefaultChannelId.java","43","0","0","0","356","473","1"
"hazelcast","8e20fd580ec4e7de4938dc403d1a547e0b9a4001","hazelcast/src/main/java/com/hazelcast/map/impl/BasicRecordStoreLoader.java","43","0","0","0","359","435","0"
"netty","c0396818cafc4d3b6a5c8230b9f91b180e813645","buffer/src/main/java/io/netty/buffer/PoolThreadCache.java","43","0","0","0","363","508","0"
"hazelcast","197b7f6cf80ed8302d0cbc043911becc2ae9a387","hazelcast/src/main/java/com/hazelcast/nio/serialization/ByteArrayObjectDataInput.java","43","0","0","0","373","593","0"
"hazelcast","23f64f24f786f7983f76181ab6fc556e003694f7","hazelcast-client/src/main/java/com/hazelcast/client/spi/ProxyManager.java","43","0","0","0","379","454","0"
"hazelcast","623ff1855aa985aa276e8395aabf0b534c7a36c3","hazelcast-client/src/main/java/com/hazelcast/client/spi/ProxyManager.java","43","0","0","0","379","454","0"
"hazelcast","5b2b16c6bc5b8cf596e46087725c723ae6e0cf1c","hazelcast-client/src/main/java/com/hazelcast/client/spi/ProxyManager.java","43","0","0","0","379","454","1"
"hazelcast","4653486efe9e76439d1f23021ab16bc287ac9bfa","hazelcast-client/src/main/java/com/hazelcast/client/spi/ProxyManager.java","43","0","0","0","379","455","2"
"hazelcast","b35fc8b41b2a3d8aaa779330b394467579b97778","hazelcast/src/main/java/com/hazelcast/map/impl/MapServiceContextImpl.java","43","0","0","0","485","588","1"
"hazelcast","2b6f18456c37d310e7679071b8c91c7df48c679d","hazelcast/src/main/java/com/hazelcast/map/impl/MapServiceContextImpl.java","43","0","0","0","492","596","1"
"hazelcast","21de2ef614b9a92baec6c4f16f26123a59391cdc","hazelcast/src/main/java/com/hazelcast/map/impl/MapServiceContextImpl.java","43","0","0","0","498","603","0"
"hazelcast","0dc65895e880eb4cbdd6996e355913992bf987d9","hazelcast/src/main/java/com/hazelcast/map/impl/MapServiceContextImpl.java","43","0","0","0","508","615","0"
"hazelcast","36b35da77f64da0982327ab57ad5824883a33afc","hazelcast/src/main/java/com/hazelcast/map/impl/MapServiceContextImpl.java","43","0","0","0","508","615","0"
"hazelcast","73169d6f336cdba096477afe2951c98595b7a185","hazelcast/src/main/java/com/hazelcast/map/impl/MapServiceContextImpl.java","43","0","0","0","508","615","1"
"hazelcast","7fd1bf93109d765ddb8bcbf38a1d7109bd5caa8e","hazelcast/src/main/java/com/hazelcast/map/impl/MapServiceContextImpl.java","43","0","0","0","512","620","0"
"elasticsearch","9a3216dfee351e3dca63d4d0c9845575f1d6ad1f","core/src/main/java/org/elasticsearch/index/search/MultiMatchQuery.java","43","0","0","11","254","323","2"
"hazelcast","d952e04f172888b73bbc45fd9d450292bf3b70ba","hazelcast/src/main/java/com/hazelcast/cluster/impl/AbstractJoiner.java","43","0","0","11","290","357","2"
"hazelcast","adcaf359f849184e5b0f81a048c5ab6a4d3a08ab","hazelcast/src/main/java/com/hazelcast/cluster/impl/AbstractJoiner.java","43","0","0","11","292","360","1"
"hazelcast","23dc01609c7220e3e9784fb94eef7520d17b763b","hazelcast-client/src/main/java/com/hazelcast/client/spi/impl/ClusterListenerSupport.java","43","0","0","12","341","405","2"
"hazelcast","e7b1a0a805348da2bc4758a089f61e704ab055de","hazelcast-client/src/main/java/com/hazelcast/client/spi/impl/ClusterListenerSupport.java","43","0","0","12","341","405","3"
"hazelcast","074e6dae776fbb63e27c37397cc76417453a9abe","hazelcast-client/src/main/java/com/hazelcast/client/spi/impl/ClusterListenerSupport.java","43","0","0","12","341","405","0"
"hazelcast","81eb7217984566705825a5df4d33ec0c2641f972","hazelcast-client/src/main/java/com/hazelcast/client/spi/impl/ClusterListenerSupport.java","43","0","0","12","342","406","1"
"BroadleafCommerce","c5097fa914c5e97733a30f336d41017ef2498331","core/broadleaf-framework/src/main/java/org/broadleafcommerce/core/order/service/FulfillmentGroupServiceImpl.java","43","0","0","17","307","418","1"
"elasticsearch","4a49f4d928d4dedbff0183890d23fa0e9b71b1dc","core/src/main/java/org/elasticsearch/search/suggest/SuggestUtils.java","43","0","0","18","234","286","1"
"netty","32a560e42ccf7c74645969bb541c90800959052e","transport/src/test/java/io/netty/channel/SingleThreadEventLoopTest.java","43","0","0","21","464","592","1"
"netty","eb1dfb8f5e797e9da3268322ac74440d50d41644","transport/src/test/java/io/netty/channel/SingleThreadEventLoopTest.java","43","0","0","21","476","604","0"
"elasticsearch","01ca81e2a37c9cd38c6dc44ae567d427c059dbe0","src/test/java/org/elasticsearch/snapshots/SharedClusterSnapshotRestoreTests.java","43","0","0","21","941","1196","0"
"elasticsearch","9ca5e6e3e12cf4f13eb6ed0140d9073ba89c61c9","src/test/java/org/elasticsearch/snapshots/SharedClusterSnapshotRestoreTests.java","43","0","0","21","942","1197","1"
"elasticsearch","2149a9403d3483e212f2eb900b57ba16d2cee3fe","src/test/java/org/elasticsearch/snapshots/SharedClusterSnapshotRestoreTests.java","43","0","0","22","949","1207","0"
"elasticsearch","4c1bc3ae4f76f04f6ff17a8ae1ebaeca4ed1aa99","src/test/java/org/elasticsearch/snapshots/SharedClusterSnapshotRestoreTests.java","43","0","0","22","982","1253","1"
"hazelcast","7c83a64f2156adb88a1d03e4793c9bccd4a77869","hazelcast/src/main/java/com/hazelcast/monitor/impl/MemberStateImpl.java","43","0","0","28","271","326","1"
"ceylon-ide-eclipse","86f26fa537e183c4a48c2adbef4b49cf726e931d","plugins/com.redhat.ceylon.eclipse.ui/src/com/redhat/ceylon/eclipse/core/model/CeylonToJavaMatcher.java","43","0","0","3","179","197","1"
"elasticsearch","4704efaef4b08e1191ac81d35eaf20308dcc1274","plugins/ingest-geoip/src/main/java/org/elasticsearch/ingest/geoip/GeoIpProcessor.java","43","0","0","6","279","351","0"
"hazelcast","361f4256f9318e6e0e4e4727342cc8e95d3c461c","hazelcast-client/src/test/java/com/hazelcast/client/map/impl/nearcache/ClientMapNearCacheTest.java","43","0","0","62","953","1237","2"
"hazelcast","2a2bc33f3dcf073d0ebcffe55d7ba18747ded76f","hazelcast-client/src/test/java/com/hazelcast/client/map/impl/nearcache/ClientMapNearCacheTest.java","43","0","0","63","969","1258","1"
"neo4j","c30824a5ed7eecb37165e7efaec969c9e0253b02","community/lucene-index/src/main/java/org/neo4j/index/impl/lucene/legacy/IndexType.java","43","0","0","7","413","496","0"
"mcMMO","254f3b5ac9da8b376605e45861ae3148bfc42e7c","src/main/java/com/gmail/nossr50/skills/alchemy/AlchemyPotionBrewer.java","43","0","0","8","178","229","1"
"ceylon-ide-eclipse","5b4c3eac8a7c12c0125a77343e602b4e73083595","plugins/com.redhat.ceylon.eclipse.ui/src/com/redhat/ceylon/eclipse/code/correct/LocalProposal.java","43","0","0","8","282","329","0"
"ceylon-ide-eclipse","65c4e729050764a2a48fa921d809ad9324757eb0","plugins/com.redhat.ceylon.eclipse.ui/src/com/redhat/ceylon/eclipse/code/correct/LocalProposal.java","43","0","0","8","283","330","1"
"ceylon-ide-eclipse","64a391fbabba6b9bc6b553abfa42466e0ca9673d","plugins/com.redhat.ceylon.eclipse.ui/src/com/redhat/ceylon/eclipse/code/refactor/InvertBooleanRefactoring.java","43","0","0","9","225","258","0"
"ceylon-ide-eclipse","5b4c3eac8a7c12c0125a77343e602b4e73083595","plugins/com.redhat.ceylon.eclipse.ui/src/com/redhat/ceylon/eclipse/code/refactor/InvertBooleanRefactoring.java","43","0","0","9","226","259","0"
"ceylon-ide-eclipse","cf4411f80acca918f3d8303ea20e7ce440406233","plugins/com.redhat.ceylon.eclipse.ui/src/com/redhat/ceylon/eclipse/code/wizard/NewProjectWizard.java","43","0","0","9","296","339","0"
"elasticsearch","12392b5425fe7c96da671affd797f65fc3fa2dc9","modules/transport-netty3/src/main/java/org/elasticsearch/http/netty3/Netty3HttpServerTransport.java","43","0","0","9","456","574","0"
"elasticsearch","2b9cfff90f6a11095c36fae0dce35bbe9d0c6f96","modules/transport-netty3/src/main/java/org/elasticsearch/http/netty3/Netty3HttpServerTransport.java","43","0","0","9","457","562","0"
"elasticsearch","6adfeb4ddeae385222f984347d64d2baabb036e7","modules/transport-netty3/src/main/java/org/elasticsearch/http/netty3/Netty3HttpServerTransport.java","43","0","0","9","459","564","2"
"elasticsearch","968fbaceef298908a6ce6b31e42fb82586743fb7","modules/transport-netty3/src/main/java/org/elasticsearch/http/netty3/Netty3HttpServerTransport.java","43","0","0","9","462","569","1"
"netty","d63413754eb42f4e371ee5163e103e569762172f","transport/src/main/java/io/netty/channel/nio/AbstractNioByteChannel.java","43","0","1","0","243","343","1"
"elasticsearch","a8dcfa5deb65d57ae4814f97c7f5231ed45507c2","src/main/java/org/elasticsearch/action/support/broadcast/TransportBroadcastOperationAction.java","43","0","1","0","313","422","0"
"elasticsearch","78574d248cf10dad1c5a566fda79e1e0c94afe43","core/src/main/java/org/elasticsearch/action/admin/cluster/health/TransportClusterHealthAction.java","43","0","1","1","241","298","1"
"elasticsearch","e6aaaf11ed4a1b8f595f920de1840938eddb7a97","core/src/main/java/org/elasticsearch/action/admin/cluster/health/TransportClusterHealthAction.java","43","0","1","1","241","298","1"
"elasticsearch","a60b8948ba1d836a6eac7cff095519e618939ed8","core/src/main/java/org/elasticsearch/action/admin/cluster/health/TransportClusterHealthAction.java","43","0","1","1","241","298","0"
"elasticsearch","578b752425415f0d41bc1881f9e7b67918eb2dc7","modules/elasticsearch/src/main/java/org/elasticsearch/action/search/type/TransportSearchTypeAction.java","43","0","1","1","245","334","0"
"elasticsearch","faefc772a462546b0127b674c8b6d3dccfd61c7e","modules/elasticsearch/src/main/java/org/elasticsearch/action/search/type/TransportSearchTypeAction.java","43","0","1","1","245","335","0"
"elasticsearch","04f8b556863353edc38cdd3539dd5ad2d13ba39b","modules/elasticsearch/src/main/java/org/elasticsearch/action/bulk/TransportBulkAction.java","43","0","1","1","254","313","0"
"elasticsearch","5e78f14f044fe0e0d875bb942d36610b27edf6b6","modules/elasticsearch/src/main/java/org/elasticsearch/action/search/type/TransportSearchTypeAction.java","43","0","1","1","254","344","0"
"elasticsearch","64358948eff4e3b75134dc9e2776e9dc5a39e156","src/main/java/org/elasticsearch/action/search/type/TransportSearchTypeAction.java","43","0","1","1","264","355","0"
"BroadleafCommerce","fa993466b5ef08e75613c6576f7303a830777598","core/broadleaf-framework/src/main/java/org/broadleafcommerce/core/search/service/solr/SolrIndexServiceImpl.java","43","0","1","1","274","431","0"
"elasticsearch","a7bbab7e878b8eefef66e106203de5177265cf5c","src/main/java/org/elasticsearch/action/bulk/TransportShardBulkAction.java","43","0","1","1","280","356","0"
"BroadleafCommerce","035a68d4f608f9164602b462a176ff3c63ca4e8b","core/broadleaf-framework/src/main/java/org/broadleafcommerce/core/search/service/solr/SolrIndexServiceImpl.java","43","0","1","1","285","442","0"
"BroadleafCommerce","30c8043528f2d53948d56a0e9650c9bd1d45ca09","core/broadleaf-framework/src/main/java/org/broadleafcommerce/core/search/service/solr/SolrIndexServiceImpl.java","43","0","1","1","286","443","2"
"elasticsearch","1441fec0687d9af1b3eb17a6cc7286bab495d01f","src/main/java/org/elasticsearch/env/NodeEnvironment.java","43","0","1","10","198","246","2"
"elasticsearch","82397c05542a794c8629fe611cbca58a3d831780","src/main/java/org/elasticsearch/cluster/routing/operation/plain/PlainOperationRouting.java","43","0","1","10","229","288","0"
"ceylon-ide-eclipse","3a42c3b0b0cd7353e921e8925b443dc28f95a1d4","plugins/com.redhat.ceylon.eclipse.ui/src/com/redhat/ceylon/eclipse/code/html/HTML.java","43","0","1","10","294","334","0"
"elasticsearch","8efa18e6167e276dd220b60c34b516d05252bc22","core/src/main/java/org/elasticsearch/search/aggregations/support/ValuesSourceParser.java","43","0","1","11","210","269","1"
"orientdb","fa7d5c3b04dd95177f06628827c28294c06bb714","core/src/main/java/com/orientechnologies/orient/core/storage/impl/local/paginated/OLocalPaginatedStorage.java","43","0","1","11","357","461","1"
"orientdb","2228c1302483104febb0712814a9865ae5b48cb4","core/src/main/java/com/orientechnologies/orient/core/storage/impl/local/paginated/OLocalPaginatedStorage.java","43","0","1","11","366","470","1"
"hazelcast","4653486efe9e76439d1f23021ab16bc287ac9bfa","hazelcast-client-legacy/src/main/java/com/hazelcast/client/spi/ProxyManager.java","43","0","1","12","351","423","1"
"hazelcast","23f64f24f786f7983f76181ab6fc556e003694f7","hazelcast-client-legacy/src/main/java/com/hazelcast/client/spi/ProxyManager.java","43","0","1","12","361","439","0"
"hazelcast","babf2fa55de20ea0e98bd47bc21a0f37adbd6ad9","hazelcast-client-new/src/main/java/com/hazelcast/client/spi/ProxyManager.java","43","0","1","12","378","452","0"
"hazelcast","097da35e4416b196bcbf147674b71b265a02a7e8","hazelcast-client/src/main/java/com/hazelcast/client/spi/ProxyManager.java","43","0","1","13","399","482","0"
"netty","b2e77beb4603d9df613f23ff02f74944edc94f1f","codec-http/src/main/java/io/netty/handler/codec/http/AbstractDiskHttpData.java","43","0","1","14","273","348","1"
"netty","3edef63fa851317bd1920bfe7c733320f8365b43","codec-http/src/main/java/io/netty/handler/codec/http/AbstractDiskHttpData.java","43","0","1","14","276","351","0"
"orientdb","13683ccc1191b86be3e8c7660d408a2b503a789f","core/src/main/java/com/orientechnologies/orient/core/db/OPartitionedDatabasePool.java","43","0","1","14","305","448","0"
"orientdb","3e8e3faf1f7104dcdb6204fbe9ebbbe77ed54288","core/src/main/java/com/orientechnologies/orient/core/db/OPartitionedDatabasePool.java","43","0","1","14","307","450","1"
"netty","c663a94359b70069b67b8d7f7bc9d0c43dca7674","codec/src/main/java/io/netty/handler/codec/base64/Base64.java","43","0","1","14","321","440","1"
"netty","34ff9cf5f246efddec9da2994d039cd40e896c5e","codec/src/main/java/io/netty/handler/codec/base64/Base64.java","43","0","1","14","327","455","0"
"neo4j","36297e92d45bc9d3867ef07d2802540827d9c505","community/server/src/test/java/org/neo4j/server/rest/transactional/integration/TransactionMatchers.java","43","0","1","15","533","606","0"
"elasticsearch","2ed87b5312c2b0842c739b677f4c8e11e2dbb48a","src/test/java/org/elasticsearch/test/integration/search/sort/SimpleSortTests.java","43","0","1","17","1022","1306","0"
"elasticsearch","ef83dbfbe68eff4b72575a2059a333469b274769","core/src/main/java/org/elasticsearch/index/mapper/IpFieldMapper.java","43","0","1","18","308","373","2"
"orientdb","0ec3add02530abf5aa928a7441cad6b3df8ea710","core/src/main/java/com/orientechnologies/orient/core/storage/impl/local/paginated/wal/OWALPageChangesPortion.java","43","0","1","19","247","306","1"
"antlr4","dc2c9b039e1497ad924c852e07f3a8f981ed078b","tool/src/org/antlr/v4/semantics/SemanticPipeline.java","43","0","1","2","173","310","0"
"orientdb","8e3d77d4afedc209910378eb2172eb7a3af90fc7","server/src/main/java/com/orientechnologies/orient/server/network/protocol/http/command/OServerCommandAuthenticatedDbAbstract.java","43","0","1","2","182","270","1"
"orientdb","e7aa2e5209ae743fbc842b87084ed007782287fb","server/src/main/java/com/orientechnologies/orient/server/network/protocol/http/command/OServerCommandAuthenticatedDbAbstract.java","43","0","1","2","183","271","0"
"elasticsearch","1ef24d2a85f1636f95ee6e536f6cfb1aa9eadcfe","core/src/main/java/org/elasticsearch/action/admin/indices/analyze/TransportAnalyzeAction.java","43","0","1","2","216","262","1"
"elasticsearch","e15d4d1124fb407e8ba003bee083a899a47e6cde","src/main/java/org/elasticsearch/tribe/TribeService.java","43","0","1","2","249","333","6"
"elasticsearch","2d2ba48c0b800d8aa8f4ff59fb89c3ec0a08b4d2","src/main/java/org/elasticsearch/tribe/TribeService.java","43","0","1","2","250","334","4"
"elasticsearch","2e2e345dcb90e1ec1c48c6bb5348469fc514aea1","src/main/java/org/elasticsearch/tribe/TribeService.java","43","0","1","2","250","334","5"
"elasticsearch","adc0807c686b37bf1d96bd3eb9d26face380fe44","src/main/java/org/elasticsearch/tribe/TribeService.java","43","0","1","2","250","334","0"
"hazelcast","1c090ad87906d51892a32c2aa0a32d34002298ec","hazelcast/src/main/java/com/hazelcast/map/impl/tx/TransactionalMapProxy.java","43","0","1","20","330","402","1"
"hazelcast","70d4de16ff0ac4518d09aad8c9f2ad9e782fb337","hazelcast/src/main/java/com/hazelcast/map/impl/tx/TransactionalMapProxy.java","43","0","1","20","330","402","1"
"hazelcast","8fac2ea6e17e60e7e680a7e692bac64ccb51f850","hazelcast/src/main/java/com/hazelcast/map/impl/tx/TransactionalMapProxy.java","43","0","1","20","330","402","0"
"orientdb","4e1de17697f2030cee8bb58b16556727f48827ed","core/src/main/java/com/orientechnologies/common/concur/lock/ONewLockManager.java","43","0","1","21","338","463","0"
"hazelcast","e56ed623e2f90ba7444669e38f971c3206d1c4a0","hazelcast/src/main/java/com/hazelcast/collection/CollectionService.java","43","0","1","23","292","350","1"
"hazelcast","4a1593fa6ba5c277c4ad2fc320d803b0e63b9339","hazelcast/src/main/java/com/hazelcast/replicatedmap/impl/record/AbstractReplicatedRecordStore.java","43","0","1","23","387","468","0"
"hazelcast","b583f88f8f80ac2de344ace2aa3423f128cd037a","hazelcast/src/main/java/com/hazelcast/collection/CollectionService.java","43","0","1","24","295","354","0"
"elasticsearch","3aed047bdedde1bda189cbfc2f81e65af42e57c5","core/src/test/java/org/elasticsearch/index/query/functionscore/FunctionScoreQueryBuilderTests.java","43","0","1","24","699","811","1"
"elasticsearch","49bdd29f91eb3568a8bac28e043f422a208104d1","core/src/test/java/org/elasticsearch/index/query/functionscore/FunctionScoreQueryBuilderTests.java","43","0","1","24","703","814","2"
"elasticsearch","b9600c78918579181164a03ba25579c8ea3b3f9e","core/src/test/java/org/elasticsearch/index/query/functionscore/FunctionScoreQueryBuilderTests.java","43","0","1","24","706","817","3"
"elasticsearch","952feb58e41bd0220784c44136b840ea4a740e26","core/src/test/java/org/elasticsearch/index/query/functionscore/FunctionScoreQueryBuilderTests.java","43","0","1","24","713","823","2"
"elasticsearch","3005366b1322a251a49eadd8d4dad2cb9644ee4f","core/src/test/java/org/elasticsearch/index/query/functionscore/FunctionScoreQueryBuilderTests.java","43","0","1","24","714","825","1"
"elasticsearch","3ce7b119d28e7d1be7284bd804606a65c2d1a383","core/src/test/java/org/elasticsearch/index/query/functionscore/FunctionScoreQueryBuilderTests.java","43","0","1","24","715","826","0"
"elasticsearch","e7d352b489272a87b05019869857656de7fb82fc","core/src/test/java/org/elasticsearch/index/query/functionscore/FunctionScoreQueryBuilderTests.java","43","0","1","24","719","832","1"
"netty","91b378005461b85f965aa296daa087bc009b9da0","transport/src/main/java/io/netty/channel/DefaultChannelConfig.java","43","0","1","25","275","340","0"
"elasticsearch","72a2416a8c6abbef318bc243a230774ff2578e71","src/test/java/org/elasticsearch/test/integration/search/highlight/HighlighterSearchTests.java","43","0","1","25","833","1099","1"
"elasticsearch","11bf7a8b1a7ec88e4d38ee69c8b5c577001fb68d","src/test/java/org/elasticsearch/test/integration/search/highlight/HighlighterSearchTests.java","43","0","1","25","881","1162","0"
"hazelcast","aa93f64600952edbb4010c9c0d2f52d310f324ce","hazelcast/src/main/java/com/hazelcast/replicatedmap/impl/ReplicatedMapService.java","43","0","1","26","342","416","1"
"hazelcast","65c4393adc64d3ff6c248f7502a090ef8921725e","hazelcast/src/main/java/com/hazelcast/client/ClientEngineImpl.java","43","0","1","27","445","532","1"
"netty","449befa0034e2cf77b3033f62d4f2153cef5a1d7","resolver-dns/src/test/java/io/netty/resolver/dns/DnsNameResolverTest.java","43","0","1","28","933","1131","1"
"netty","36f86305124e711712be5e587f783f904676e598","codec/src/main/java/io/netty/handler/codec/compression/Snappy.java","43","0","1","3","261","456","1"
"netty","319b7fa69ac5f4ae53216097184ac2eac42caaab","codec/src/main/java/io/netty/handler/codec/compression/Snappy.java","43","0","1","3","262","457","0"
"hazelcast","46e05488141001b7d2d0f3f9c39e3e35ce49a6ab","hazelcast/src/main/java/com/hazelcast/util/ServiceLoader.java","43","0","1","3","275","374","2"
"hazelcast","9dfbd933bfda3fa1cf525b0b7b9764e0ea5b1cf0","hazelcast/src/main/java/com/hazelcast/util/ServiceLoader.java","43","0","1","3","275","374","2"
"hazelcast","c13264869fc035810ca218778b289a9c7cde076e","hazelcast/src/main/java/com/hazelcast/util/ServiceLoader.java","43","0","1","3","275","374","1"
"hazelcast","c152010ffe0052de8ca6af501788b932ba405a9e","hazelcast/src/main/java/com/hazelcast/util/ServiceLoader.java","43","0","1","3","275","374","2"
"hazelcast","2213b67c7dba4d8dabdb6d6b3f3e31bce700f88f","hazelcast/src/main/java/com/hazelcast/util/ServiceLoader.java","43","0","1","3","275","374","0"
"hazelcast","0a61d1993c8cf9dee111af675c9a52fc605aec63","hazelcast/src/main/java/com/hazelcast/util/ServiceLoader.java","43","0","1","3","279","373","1"
"elasticsearch","202b1e2306e7d18b93309cd3980e48d8ad0b75b9","src/test/java/org/elasticsearch/percolator/PercolatorTests.java","43","0","1","31","1550","1810","0"
"elasticsearch","c00120b8184799e124a66ede5766a965026149b4","src/test/java/org/elasticsearch/percolator/PercolatorTests.java","43","0","1","31","1552","1812","2"
"elasticsearch","0efeeff49a6f686f7e9c96ddb2b195aee8c06e9c","src/test/java/org/elasticsearch/percolator/PercolatorTests.java","43","0","1","32","1572","1835","1"
"elasticsearch","17d34d5c9728c27e3b9117eb6e177c56a90c879b","src/test/java/org/elasticsearch/percolator/PercolatorTests.java","43","0","1","32","1573","1837","1"
"elasticsearch","caacce942922f4dec957b718028f0965179d3e5f","src/test/java/org/elasticsearch/percolator/PercolatorTests.java","43","0","1","32","1573","1837","1"
"elasticsearch","4b2e4becc7c4541923a87c9be879ee0ce688bf20","src/test/java/org/elasticsearch/percolator/PercolatorTests.java","43","0","1","32","1573","1837","0"
"BroadleafCommerce","4236f9f91a123cded7d4a6cc714fed8847b45d27","admin/broadleaf-open-admin-platform/src/main/java/org/broadleafcommerce/openadmin/server/security/service/AdminSecurityServiceImpl.java","43","0","1","32","423","621","0"
"elasticsearch","d3ed795372e1d29455fdd63e0e913e42f210ee0a","src/main/java/org/elasticsearch/cluster/metadata/IndexTemplateMetaData.java","43","0","1","36","314","408","0"
"elasticsearch","a7a2f4747dd6264c1ebbdbd514337d2d3679ff7d","src/test/java/org/elasticsearch/search/child/SimpleChildQuerySearchTests.java","43","0","1","38","1929","2302","1"
"elasticsearch","6cdbdaf388b6d8367413e6dee2a7185c94d04b2d","src/test/java/org/elasticsearch/search/child/SimpleChildQuerySearchTests.java","43","0","1","39","2004","2397","0"
"elasticsearch","b379bf5668c5bf3a6edffbc2cd9ae97f29a8b7d6","src/main/java/org/elasticsearch/cluster/metadata/SnapshotMetaData.java","43","0","1","39","287","372","1"
"hazelcast","304a4256525b16cd74311730ddd1f69a73d0049f","hazelcast/src/main/java/com/hazelcast/query/impl/ReflectionHelper.java","43","0","1","4","216","270","0"
"oryx","0e536a808244ffd416c047e7c365d4f055ea1b8a","app/oryx-app-mllib/src/main/java/com/cloudera/oryx/app/batch/mllib/rdf/RDFUpdate.java","43","0","1","4","501","619","0"
"elasticsearch","8f8fb89c4e2efac57ea29ac132bd1df40026793b","modules/elasticsearch/src/main/java/org/elasticsearch/index/mapper/xcontent/XContentDocumentMapper.java","43","0","1","44","410","561","0"
"elasticsearch","61034f5c866cf8786e7c7a96b3c18c64ddc4054c","modules/elasticsearch/src/main/java/org/elasticsearch/index/mapper/xcontent/XContentDocumentMapper.java","43","0","1","44","413","566","0"
"netty","4c186c4c41d6eaa55086e4017fb6e3b4af13397f","codec-http2/src/main/java/io/netty/handler/codec/http2/DelegatingDecompressorFrameListener.java","43","0","1","5","299","451","1"
"netty","9ce84dcb21168c45fe6714d3673c9253f35e5cd2","codec-http2/src/main/java/io/netty/handler/codec/http2/DelegatingDecompressorFrameListener.java","43","0","1","5","299","451","1"
"netty","88a52f73671dd91630b2bc0da0ae8fbc910d763b","codec-http2/src/main/java/io/netty/handler/codec/http2/DelegatingDecompressorFrameListener.java","43","0","1","5","299","451","0"
"elasticsearch","ac2be641b3e283178f081ef4c5e345dd931a1c13","core/src/test/java/org/elasticsearch/recovery/RelocationIT.java","43","0","1","5","444","554","2"
"elasticsearch","13a347239a48d71486692a72c066e940dec8921b","core/src/test/java/org/elasticsearch/recovery/RelocationIT.java","43","0","1","5","450","558","2"
"elasticsearch","40f119d85a4eaa39d0a6e594e46f70de725557f0","core/src/test/java/org/elasticsearch/recovery/RelocationIT.java","43","0","1","5","450","558","1"
"elasticsearch","bbf42d379dc5fac7cddf768b244aa1649efdb10d","core/src/test/java/org/elasticsearch/recovery/RelocationIT.java","43","0","1","5","450","558","0"
"BroadleafCommerce","a4fa1e56d363860b566115b1c782f1b7e1a8fbba","core/broadleaf-framework/src/main/java/org/broadleafcommerce/core/payment/service/DefaultPaymentGatewayCheckoutService.java","43","0","1","6","256","371","0"
"hazelcast","4a5f7904f6884485ed2a0c4f3670eee056d0610c","hazelcast/src/main/java/com/hazelcast/map/impl/eviction/ExpirationManager.java","43","0","1","6","328","489","0"
"BroadleafCommerce","15e70fe6b89d008dd88b5e98dbfc66a720db68bb","common/src/main/java/org/broadleafcommerce/common/money/Money.java","43","0","1","66","337","461","0"
"BroadleafCommerce","9a6b22c5ed14503b418b1344829123650a375a01","common/src/main/java/org/broadleafcommerce/common/money/Money.java","43","0","1","66","340","461","0"
"BroadleafCommerce","c4536900bc571183c10a7fbe3266dd97530d06d7","common/src/main/java/org/broadleafcommerce/common/money/Money.java","43","0","1","66","340","461","0"
"BroadleafCommerce","f4eeb23940944a32d5ddd3d6ea534798c55cfa34","common/src/main/java/org/broadleafcommerce/common/money/Money.java","43","0","1","66","340","461","0"
"BroadleafCommerce","e7a899ea7bb28bdc856bb322a75f40bff590562a","common/src/main/java/org/broadleafcommerce/common/money/Money.java","43","0","1","66","340","461","1"
"orientdb","1efcf654acfd746add2b202f50df617b8ce14939","core/src/main/java/com/orientechnologies/orient/core/sql/operator/OQueryOperatorEquals.java","43","0","1","8","157","224","1"
"BroadleafCommerce","2329fd97ddf2e72f443f8be7e7e6baf49987f511","core/broadleaf-framework/src/main/java/org/broadleafcommerce/core/search/service/solr/SolrIndexServiceImpl.java","43","0","1","8","299","452","2"
"elasticsearch","48b85421ecb963d33c2d8eae93340e9e1c57c6ff","core/src/main/java/org/elasticsearch/discovery/local/LocalDiscovery.java","43","0","1","8","339","437","0"
"elasticsearch","d74eac94f228a1b9f819cff79660d86d9faf1fb3","core/src/main/java/org/elasticsearch/discovery/local/LocalDiscovery.java","43","0","1","8","339","440","0"
"elasticsearch","d514977c75c845d1f15baccc4af98db162191bac","core/src/main/java/org/elasticsearch/index/mapper/object/DynamicTemplate.java","43","0","1","9","186","237","0"
"elasticsearch","fbae6e940b0f7932022ea3da727079219e2dc3bb","src/main/java/org/elasticsearch/index/cache/id/simple/SimpleIdCache.java","43","0","1","9","254","332","2"
"elasticsearch","4ff1b429f1351c17ae5f3a4338a7ac33db49ef70","modules/elasticsearch/src/main/java/org/elasticsearch/index/shard/recovery/RecoveryTarget.java","43","0","1","9","337","440","0"
"orientdb","3fd79f333e2a5c17bcac9d2ddfe74044e2dfecdd","server/src/test/java/com/orientechnologies/orient/core/storage/impl/local/paginated/LocalPaginatedStorageMixCrashRestoreIT.java","43","0","1","9","379","499","0"
"orientdb","40eeb1f2dd529f467d5854913f0df623963a7038","server/src/test/java/com/orientechnologies/orient/core/storage/impl/local/paginated/LocalPaginatedStorageMixCrashRestoreIT.java","43","0","1","9","379","499","0"
"orientdb","c3943915a7ca022d85b4aea72942208d7cf621c4","server/src/test/java/com/orientechnologies/orient/core/storage/impl/local/paginated/LocalPaginatedStorageMixCrashRestoreIT.java","43","0","1","9","379","499","1"
"netty","21a61ce632047e30daf3f5efcc6900b42cd5651b","handler/src/main/java/io/netty/handler/execution/MemoryAwareThreadPoolExecutor.java","43","0","11","2","295","548","0"
"MapDB","c0ddea1d9235497c99f252d0674c32ed30277520","src/main/java/org/mapdb/Utils.java","43","0","11","23","254","386","0"
"MapDB","28b7fd27c3460e2cd058ca73633edbfa36fbf684","src/main/java/org/mapdb/Pump.java","43","0","13","0","269","546","0"
"elasticsearch","25fd9e26c4fb042d6f6dea14efcd239577bdbbc4","core/src/main/java/org/elasticsearch/action/admin/indices/alias/IndicesAliasesRequest.java","43","0","13","27","357","511","0"
"elasticsearch","56cc87b7ccd41040d8fafcaf2da3680d96d10839","core/src/main/java/org/elasticsearch/action/admin/indices/alias/IndicesAliasesRequest.java","43","0","13","27","357","511","0"
"elasticsearch","aa308fe1595dfcaf1593b4428620d42d0ff55f4b","core/src/main/java/org/elasticsearch/action/admin/indices/alias/IndicesAliasesRequest.java","43","0","13","27","357","511","1"
"elasticsearch","103f587be108429c6bf272e345c4820f4895e5b6","src/main/java/org/elasticsearch/common/io/stream/StreamInput.java","43","0","13","6","186","288","1"
"hazelcast","1d391b8702de52401643cc1d81fda8ce6ff4c2a0","hazelcast/src/main/java/com/hazelcast/ringbuffer/impl/RingbufferContainer.java","43","0","15","15","333","599","0"
"hazelcast","4ee69f889b28896ef4174dd1ba5a30f9bac90e6f","hazelcast/src/main/java/com/hazelcast/ringbuffer/impl/RingbufferContainer.java","43","0","15","15","333","599","0"
"hazelcast","894288929b44cfe6a5706ed80691c9c37aaa5cd5","hazelcast/src/main/java/com/hazelcast/ringbuffer/impl/RingbufferContainer.java","43","0","15","15","333","599","1"
"elasticsearch","03bb28514e275e772c7822fbfb0b295baa64e2a0","core/src/main/java/org/elasticsearch/common/http/client/HttpDownloadHelper.java","43","0","17","2","295","482","0"
"elasticsearch","689fd15d786428869a7e311ef6c42f0094ae45a9","src/main/java/org/elasticsearch/common/geo/GeoUtils.java","43","0","18","0","219","417","0"
"elasticsearch","38d8e3ccc2a8b5df63284fddb0450fead91219d1","src/main/java/org/elasticsearch/indices/memory/IndexingMemoryController.java","43","0","2","1","244","335","2"
"elasticsearch","028acdd06f2e8aec6c0fbc94e81825c040fb3866","core/src/main/java/org/elasticsearch/indices/memory/IndexingMemoryController.java","43","0","2","1","266","383","0"
"elasticsearch","c09103c35bfe512f8dd83752451dda2893ed7e8e","core/src/main/java/org/elasticsearch/discovery/zen/ping/unicast/UnicastZenPing.java","43","0","2","10","451","586","0"
"elasticsearch","e1efd5f6baf8dec1c23c79b346b8a29f234a98bb","core/src/main/java/org/elasticsearch/discovery/zen/ping/unicast/UnicastZenPing.java","43","0","2","10","451","586","0"
"elasticsearch","2172e604197a2740150b2db9f5139486f4d0a9fd","core/src/main/java/org/elasticsearch/discovery/zen/ping/unicast/UnicastZenPing.java","43","0","2","10","451","586","1"
"hazelcast","012e763f9f76449867221dbfb0f4c4f97b96de21","hazelcast/src/main/java/com/hazelcast/spi/impl/AbstractInvocationFuture.java","43","0","2","11","267","409","0"
"hazelcast","7af8bdc79fe21ff2beda241499150feaa08bd8ea","hazelcast/src/main/java/com/hazelcast/cache/impl/AbstractHazelcastCacheManager.java","43","0","2","15","329","427","3"
"hazelcast","f84023c029aa6b892444e150cf4e77073339c3cd","hazelcast/src/main/java/com/hazelcast/cache/impl/AbstractHazelcastCacheManager.java","43","0","2","15","329","443","1"
"titan","abc6f869fe83b17935119c88fc85a1b2a871f495","titan-core/src/main/java/com/thinkaurelius/titan/graphdb/database/StandardTitanGraph.java","43","0","2","16","253","328","1"
"hazelcast","4e6d18aeafe5790acd0957aa2d9a18e95606521d","hazelcast/src/main/java/com/hazelcast/cache/impl/AbstractHazelcastCacheManager.java","43","0","2","16","329","444","1"
"hazelcast","1bfc71314ed00effe6c212f20af4d0092a27f5cc","hazelcast/src/main/java/com/hazelcast/cache/impl/AbstractHazelcastCacheManager.java","43","0","2","16","331","448","1"
"elasticsearch","065275443d9954220a004d4dcc5138a5f91444f5","core/src/main/java/org/elasticsearch/gateway/ReplicaShardAllocator.java","43","0","2","2","223","327","3"
"elasticsearch","7adf9929bae22049d157676756b49597bca98426","core/src/main/java/org/elasticsearch/bootstrap/Bootstrap.java","43","0","2","2","325","440","1"
"mcMMO","c10525ada9ed2c0b77c518089a300e3b4e32e7c1","src/main/java/com/gmail/nossr50/mcMMO.java","43","0","2","21","391","517","1"
"mcMMO","857e12b96edf68bc2e2fdbdf72659ce82612bda1","src/main/java/com/gmail/nossr50/mcMMO.java","43","0","2","21","392","518","0"
"netty","ead87b7df8d923417475ead2d7680747b1a72f07","codec-http2/src/main/java/io/netty/handler/codec/http2/DefaultHttp2ConnectionEncoder.java","43","0","2","23","379","502","2"
"netty","f990f9983dd0e33fb4efb2212856ce5f9749cf85","codec-http2/src/main/java/io/netty/handler/codec/http2/DefaultHttp2ConnectionEncoder.java","43","0","2","24","362","477","0"
"orientdb","23476453326f83d7e5c3529f8ed73fe536764d5f","lucene/src/main/java/com/orientechnologies/lucene/engine/OLuceneIndexEngineAbstract.java","43","0","2","27","412","526","0"
"orientdb","13acd2d886d5227b656905c4ed8c908f7049183a","lucene/src/main/java/com/orientechnologies/lucene/engine/OLuceneIndexEngineAbstract.java","43","0","2","27","415","530","0"
"elasticsearch","1d00fe31293ec7e6f7aeb6e067a26c3de1544ad3","core/src/main/java/org/elasticsearch/gateway/ReplicaShardAllocator.java","43","0","2","3","226","331","1"
"elasticsearch","437c43cd7fe3906e96cfc4eb878bedeb250d5db9","core/src/main/java/org/elasticsearch/gateway/ReplicaShardAllocator.java","43","0","2","3","226","331","1"
"elasticsearch","d0835715c2704aeb9600f1c203bd591a8b77ee68","core/src/main/java/org/elasticsearch/gateway/ReplicaShardAllocator.java","43","0","2","3","226","331","1"
"elasticsearch","d2507c4ac0477f28b441f83eeac07786fb8f42b4","core/src/main/java/org/elasticsearch/gateway/ReplicaShardAllocator.java","43","0","2","3","226","331","0"
"elasticsearch","17913c56fb6b0bea9b8740e72f2c4caf93ebdb60","core/src/main/java/org/elasticsearch/gateway/ReplicaShardAllocator.java","43","0","2","3","227","332","0"
"hazelcast","0c8cc718c094b069e05ea190813119590e67e65f","hazelcast/src/main/java/com/hazelcast/client/impl/ClientEngineImpl.java","43","0","2","33","499","615","0"
"elasticsearch","f26311e88b8c8b432305b514a975db603bec326e","core/src/test/java/org/elasticsearch/percolator/PercolatorTests.java","43","0","2","35","1769","2035","1"
"elasticsearch","b4512cd4715f62ea3a1a21db328f44d130343755","src/main/java/org/elasticsearch/common/xcontent/XContentHelper.java","43","0","2","5","192","239","0"
"hazelcast","053edf2099769698220cccb5d1b0ab26e64275e6","hazelcast/src/main/java/com/hazelcast/cache/impl/record/CacheRecordHashMap.java","43","0","2","5","235","308","0"
"elasticsearch","2083ca0aa373f6558daf9e4ada3b0b076bd7c636","src/main/java/org/elasticsearch/discovery/zen/ping/unicast/UnicastZenPing.java","43","0","2","6","411","539","0"
"elasticsearch","41d8fbe8f51abd499c9b497238bc5f2141b7926b","core/src/main/java/org/elasticsearch/discovery/zen/ping/unicast/UnicastZenPing.java","43","0","2","6","421","552","1"
"elasticsearch","164efaecbe42195f08ada58b5fde927ab21fc6e7","core/src/main/java/org/elasticsearch/discovery/zen/ping/unicast/UnicastZenPing.java","43","0","2","6","431","566","0"
"elasticsearch","1f04182b8164ffb19f3805c48d67f0375262b317","core/src/main/java/org/elasticsearch/discovery/zen/ping/unicast/UnicastZenPing.java","43","0","2","6","451","586","0"
"netty","c1d787bff75d203610758b1d38e566c8b3d54747","handler/src/main/java/io/netty/handler/stream/ChunkedWriteHandler.java","43","0","2","7","261","357","0"
"hazelcast","6fa8fa0639e5b44d288480f8991b18a2b31c1c8f","hazelcast/src/test/java/com/hazelcast/map/mapstore/MapStoreTest.java","43","0","2","89","1079","1256","1"
"hazelcast","aad9e5fa372c939d81a30ff82547e83f82a87478","hazelcast/src/main/java/com/hazelcast/util/HashUtil.java","43","0","2","9","265","380","1"
"hazelcast","7501f614a3b0f9c9018a439a1517b1d84f1c15fb","hazelcast/src/test/java/com/hazelcast/map/mapstore/MapStoreTest.java","43","0","2","90","1106","1289","0"
"hazelcast","2c81092eb6e16c06a424d7f692cb8b5bacc736d2","hazelcast/src/test/java/com/hazelcast/map/mapstore/MapStoreTest.java","43","0","2","91","1133","1322","1"
"elasticsearch","5341404f014fbfd0c0b67c61546df38625d9b4ad","core/src/main/java/org/elasticsearch/index/engine/Engine.java","43","0","25","87","741","1084","0"
"orientdb","7ac1602bfd79337736223a8264d95442e444a1f4","distributed/src/main/java/com/orientechnologies/orient/server/hazelcast/OHazelcastDistributedMessageService.java","43","0","3","12","318","448","0"
"orientdb","0e868f07cc1b57e059f5c0b6eb9f32f5475fce81","distributed/src/main/java/com/orientechnologies/orient/server/hazelcast/OHazelcastDistributedMessageService.java","43","0","3","12","333","465","1"
"hazelcast","4fa834a4a9542126085401c3ccc28fe16fe37d1f","hazelcast/src/test/java/com/hazelcast/map/query/QueryAdvancedTest.java","43","0","3","19","612","710","2"
"hazelcast","e8a8afb9428882d3a673437ad7ab48302e82bc58","hazelcast/src/test/java/com/hazelcast/map/query/QueryAdvancedTest.java","43","0","3","19","612","711","0"
"hazelcast","274568d83996b0476a9751ffebe4fc29af809c54","hazelcast/src/test/java/com/hazelcast/map/query/QueryAdvancedTest.java","43","0","3","19","614","713","0"
"hazelcast","9df10b21d04cc76f7afb6a562d5b8b5a158410d5","hazelcast/src/test/java/com/hazelcast/map/query/QueryAdvancedTest.java","43","0","3","19","614","713","0"
"hazelcast","b7b1cb13c101c439c89b8465c164c32815b0dcdb","hazelcast/src/test/java/com/hazelcast/map/query/QueryAdvancedTest.java","43","0","3","19","614","713","0"
"hazelcast","f2aa20980ca02616ad0fb2eb0451ad99bd6685b2","hazelcast/src/test/java/com/hazelcast/map/query/QueryAdvancedTest.java","43","0","3","19","614","713","0"
"hazelcast","8fc0d61fc2604f4a7580375233291a01f3ba0b81","hazelcast/src/test/java/com/hazelcast/map/query/QueryAdvancedTest.java","43","0","3","19","614","713","1"
"elasticsearch","4a6f3c78408c316d9f6f212d2664adda13c54a44","core/src/main/java/org/elasticsearch/gateway/ReplicaShardAllocator.java","43","0","3","2","227","341","0"
"elasticsearch","28109a18a2dc1f30207d09bdfb2148e8d7906337","core/src/main/java/org/elasticsearch/gateway/ReplicaShardAllocator.java","43","0","3","2","229","345","1"
"elasticsearch","31b0777c911a87b7ebae0efd7d5b14d1e06f3879","core/src/main/java/org/elasticsearch/gateway/ReplicaShardAllocator.java","43","0","3","2","232","345","0"
"elasticsearch","6e566cdf6cab837bdbdb5300ca85038fba1488c1","core/src/main/java/org/elasticsearch/gateway/ReplicaShardAllocator.java","43","0","3","2","235","350","1"
"elasticsearch","3f6a3c01dadb1951b597ffdbd068359a2fbc84c8","core/src/main/java/org/elasticsearch/gateway/ReplicaShardAllocator.java","43","0","3","2","244","356","1"
"elasticsearch","6abcd42a05a0e2bc4eaf1add6a41ae7d48f840c2","core/src/main/java/org/elasticsearch/gateway/ReplicaShardAllocator.java","43","0","3","2","245","357","0"
"elasticsearch","046abdc281c321cd2128ee7684c0edfcaca07203","core/src/main/java/org/elasticsearch/search/aggregations/bucket/histogram/InternalHistogram.java","43","0","3","25","402","510","3"
"elasticsearch","598854dd72d7fb01a7e26a9dad065de3deaa5eb7","src/main/java/org/elasticsearch/cluster/block/ClusterBlocks.java","43","0","3","27","270","351","0"
"elasticsearch","1952b06cfee8219bdc9354a2310eab1115a531e2","core/src/main/java/org/elasticsearch/indices/memory/IndexingMemoryController.java","43","0","3","3","280","432","2"
"hazelcast","324c12ca123c52820e6a271c2095649a57a9844f","hazelcast/src/main/java/com/hazelcast/client/impl/ClientEngineImpl.java","43","0","3","31","487","599","2"
"hazelcast","da8888f97af74b4590dfc1dce3d0bdeb44654000","hazelcast/src/main/java/com/hazelcast/client/impl/ClientEngineImpl.java","43","0","3","31","490","603","0"
"hazelcast","b949940524e885bddfdd6391e0330ab00b56f34a","hazelcast/src/main/java/com/hazelcast/client/impl/ClientEngineImpl.java","43","0","3","32","492","607","3"
"hazelcast","93fd800d6c6f6781ef95536bba7e2b200fe9678d","hazelcast/src/main/java/com/hazelcast/client/impl/ClientEngineImpl.java","43","0","3","32","494","609","2"
"hazelcast","b0a815f459c18eed67fcd6e4bf122bad043ef8a5","hazelcast/src/main/java/com/hazelcast/client/impl/ClientEngineImpl.java","43","0","3","32","499","615","1"
"elasticsearch","eb956e7c091a02924c9a640d5a17d389f0e5ff3b","src/main/java/org/elasticsearch/cluster/ClusterState.java","43","0","3","52","443","585","1"
"elasticsearch","35e5432354ee968e516ddeefbd842d3f1742b448","src/main/java/org/elasticsearch/cluster/ClusterState.java","43","0","3","54","455","593","2"
"netty","1884a5697c0c7957c534711a8f8a7fb0be9b7369","handler/src/main/java/io/netty/handler/stream/ChunkedWriteHandler.java","43","0","3","6","272","377","1"
"elasticsearch","01ca81e2a37c9cd38c6dc44ae567d427c059dbe0","src/test/java/org/elasticsearch/index/store/CorruptedFileTest.java","43","0","3","6","424","517","0"
"elasticsearch","abeefbddea817a7f22ed6c706b31e2761e730510","src/test/java/org/elasticsearch/index/store/CorruptedFileTest.java","43","0","3","6","426","519","0"
"antlr4","961f68c8655d534586cbce49b0bc035ddd986f1f","tool/src/org/antlr/v4/semantics/SymbolChecks.java","43","0","3","7","206","300","0"
"antlr4","ccda6205e61cfbc2491ebbfae1c85397a6057638","tool/src/org/antlr/v4/semantics/SymbolChecks.java","43","0","3","7","207","301","1"
"elasticsearch","b92371a4dcbfa193f5acf698c8f9237037498065","core/src/main/java/org/elasticsearch/action/update/UpdateHelper.java","43","0","3","7","238","314","1"
"elasticsearch","48357e43d3521e92aef23f8100000cd3ab5589c3","core/src/main/java/org/elasticsearch/action/update/UpdateHelper.java","43","0","3","7","241","317","0"
"hazelcast","73149d5b4c4ac59a9b81738428867ad5acfe89e2","hazelcast/src/test/java/com/hazelcast/map/MapStoreTest.java","43","0","3","86","1016","1184","0"
"hazelcast","564167c1f93b32ce742411106e9ae67eae88a801","hazelcast/src/main/java/com/hazelcast/util/HashUtil.java","43","0","3","9","270","389","0"
"elasticsearch","fca4f92fee9fb778388491d6de63f44872018fa8","core/src/main/java/org/elasticsearch/action/index/IndexRequest.java","43","0","31","13","341","576","0"
"elasticsearch","589360c8b1a46c1509c7e589f06124b91cb3dbaf","src/main/java/org/elasticsearch/action/index/IndexRequest.java","43","0","35","20","408","666","2"
"elasticsearch","bdd1d0703dff32309b78d5f288fd71ef196f0347","test/framework/src/main/java/org/elasticsearch/test/ESTestCase.java","43","0","35","33","526","773","1"
"elasticsearch","d4e18f5f45e3ab11e0ae63870b12ee63384fb08d","modules/elasticsearch/src/main/java/org/elasticsearch/action/get/MultiGetRequest.java","43","0","4","23","251","324","0"
"elasticsearch","8f6de29580f0162b897525445cfd47cd81bb0d4f","modules/elasticsearch/src/main/java/org/elasticsearch/action/get/MultiGetRequest.java","43","0","4","24","255","329","0"
"BroadleafCommerce","c2cb4fd5a68752736bfd52b17b5b48fd6b9404c3","core/broadleaf-framework/src/main/java/org/broadleafcommerce/core/offer/service/OfferServiceImpl.java","43","0","4","30","350","519","2"
"hazelcast","bde27c0bee9de26d515dca8a9f859ce228771940","hazelcast/src/test/java/com/hazelcast/map/query/QueryBasicTest.java","43","0","4","38","741","855","1"
"hazelcast","21586825d367940e1c79cf289e97310daab1200d","hazelcast/src/test/java/com/hazelcast/map/impl/query/QueryBasicTest.java","43","0","4","40","787","908","1"
"elasticsearch","b61dc6d69c7dd519f825e59624b8f6cbdeb8725c","core/src/test/java/org/elasticsearch/search/suggest/CompletionSuggestSearchIT.java","43","0","5","38","1005","1211","0"
"BroadleafCommerce","686b1e45bfe346466076030ce1a899e996dbce6b","admin/broadleaf-contentmanagement-module/src/main/java/org/broadleafcommerce/cms/page/service/PageServiceImpl.java","43","0","5","8","250","354","0"
"elasticsearch","2172e604197a2740150b2db9f5139486f4d0a9fd","core/src/main/java/org/elasticsearch/indices/recovery/RecoverySourceHandler.java","43","0","6","2","428","686","1"
"elasticsearch","c09103c35bfe512f8dd83752451dda2893ed7e8e","core/src/main/java/org/elasticsearch/indices/recovery/RecoverySourceHandler.java","43","0","6","2","430","688","0"
"hazelcast","42c497fd2cd5fae3f6097086045dc581c227ac64","hazelcast/src/main/java/com/hazelcast/spi/impl/operationservice/impl/InvocationRegistry.java","43","0","6","7","312","450","0"
"netty","6257091d121903f0ad83ae43ecb6697b861727a8","codec-http2/src/main/java/io/netty/handler/codec/http2/HttpConversionUtil.java","43","0","8","3","284","489","0"
"elasticsearch","8a4d8909a1e6020a8007097eb3d38f27067201f5","core/src/main/java/org/elasticsearch/search/aggregations/bucket/range/geodistance/GeoDistanceAggregationBuilder.java","43","0","9","15","302","420","0"
"elasticsearch","720b53b018efbfe0a3814788e5f978318180ff30","core/src/main/java/org/elasticsearch/threadpool/ThreadPool.java","43","0","9","33","594","812","0"
"hazelcast","56026b9c99ece2ca2746ed3c8c5df1da88a050a8","hazelcast/src/main/java/com/hazelcast/config/XmlConfigBuilder.java","430","0","7","1","1683","1845","2"
"hazelcast","410d077538e8af21fc7846a758d83cc67801da83","hazelcast/src/main/java/com/hazelcast/config/XmlConfigBuilder.java","430","0","7","1","1685","1847","1"
"ceylon-ide-eclipse","d97dcb889258ac748139dde5679efa447466d141","plugins/com.redhat.ceylon.eclipse.ui/src/com/redhat/ceylon/eclipse/code/complete/CeylonCompletionProcessor.java","434","0","0","12","1742","1895","0"
"ceylon-ide-eclipse","7c59028bc7100b0093e1751b41b14305a969927f","plugins/com.redhat.ceylon.eclipse.ui/src/com/redhat/ceylon/eclipse/code/complete/CeylonCompletionProcessor.java","434","0","0","12","1749","1901","0"
"elasticsearch","14d6b0494477d4a3418a6a4da5bc00ad92f8fd07","modules/lang-painless/src/main/java/org/elasticsearch/painless/AnalyzerCaster.java","436","0","1","8","750","927","0"
"hazelcast","ca760fe60b720c65215c2260ccbc0a12ab7f517b","hazelcast/src/main/java/com/hazelcast/config/XmlConfigBuilder.java","437","0","7","1","1711","1879","1"
"hazelcast","8abe45e2d23bd8f1211e5ebf581c5c15f26549ca","hazelcast/src/main/java/com/hazelcast/config/XmlConfigBuilder.java","437","0","7","1","1712","1880","0"
"hazelcast","faa135e2cd24023e9b7a48d5924e7ac6f484cc4d","hazelcast/src/main/java/com/hazelcast/util/scheduler/SecondsBasedEntryTaskScheduler.java","44","0","0","0","249","317","0"
"hazelcast","97eaaa146cf36d563b23a99ba58f1bbd2cf015c9","hazelcast/src/main/java/com/hazelcast/map/AbstractEvictableRecordStore.java","44","0","0","0","291","423","1"
"hazelcast","7ff5e1a98828060aa9c3839ed89255a9c3be4edc","hazelcast/src/main/java/com/hazelcast/map/AbstractEvictableRecordStore.java","44","0","0","0","291","425","0"
"ceylon-ide-eclipse","e80b4c65d8aac2ce7048f2386d139c2f1f0febad","plugins/com.redhat.ceylon.eclipse.ui/src/com/redhat/ceylon/eclipse/code/correct/RefineFormalMembersProposal.java","44","0","0","0","298","324","1"
"hazelcast","157be810b08f7588ae9fbcf4a3692c745367fb7d","hazelcast/src/main/java/com/hazelcast/map/impl/AbstractEvictableRecordStore.java","44","0","0","0","305","458","1"
"hazelcast","9144e8128c3d271554f7230ee32e4d2e102fe811","hazelcast/src/main/java/com/hazelcast/map/BasicMapContextQuerySupport.java","44","0","0","0","313","389","0"
"hazelcast","268d983e8f25e4c5673b03bbcfe6256da34c533d","hazelcast/src/main/java/com/hazelcast/map/BasicMapContextQuerySupport.java","44","0","0","0","318","395","0"
"netty","bb5f9fe078e7d586d04d5858792f10e2fdc20ec3","transport/src/main/java/io/netty/channel/DefaultChannelId.java","44","0","0","0","351","469","0"
"neo4j","a3f2808c794af262e875e100d2c897fcd5c9966f","community/lucene-index/src/main/java/org/neo4j/index/impl/lucene/legacy/FullTxData.java","44","0","0","0","359","448","1"
"elasticsearch","371c73e14023917f3892090d2d3d7ff9ac1216b9","core/src/main/java/org/elasticsearch/plugins/InstallPluginCommand.java","44","0","0","0","375","535","4"
"hazelcast","00cc50ec0d92d2bc1f7dfb8c1cfd4f569ad84cdc","hazelcast/src/main/java/com/hazelcast/map/impl/MapServiceContextImpl.java","44","0","0","0","417","505","2"
"hazelcast","bb70f6bc6049022399a2cb4463fc01e145c36155","hazelcast/src/main/java/com/hazelcast/map/impl/MapServiceContextImpl.java","44","0","0","0","417","505","1"
"hazelcast","e33565d5f3e0453cea30bd4333a4d89da0714b88","hazelcast/src/main/java/com/hazelcast/map/impl/MapServiceContextImpl.java","44","0","0","0","417","505","1"
"hazelcast","749aae665bc6323e1a862ced15797a1c65a40f48","hazelcast/src/main/java/com/hazelcast/map/impl/MapServiceContextImpl.java","44","0","0","0","417","505","0"
"hazelcast","4b9cef83c2c99af4df9d1d0338f29a7dc1c9eda8","hazelcast/src/main/java/com/hazelcast/map/impl/MapServiceContextImpl.java","44","0","0","0","418","506","0"
"netty","3d6d9f394d763aaed47fdd0c86023afebe3c5a9f","buffer/src/main/java/io/netty/buffer/UnpooledDirectByteBuf.java","44","0","0","0","449","553","1"
"neo4j","b1fd18fb6f2cfbcf3ed32d071fd02b8dafdbd71c","enterprise/security/src/main/java/org/neo4j/server/security/enterprise/auth/InternalFlatFileRealm.java","44","0","0","0","513","631","0"
"neo4j","ebaf8617fdfdd21fdac69e479d938a8966fb5156","enterprise/security/src/main/java/org/neo4j/server/security/enterprise/auth/InternalFlatFileRealm.java","44","0","0","0","516","634","1"
"hazelcast","7db53c0a19c56ae9c88038c5bf9e46075c9213e0","hazelcast-client/src/test/java/com/hazelcast/client/map/impl/nearcache/ClientMapNearCacheTest.java","44","0","0","0","997","1297","1"
"hazelcast","c4ce1813884d2b6f7146b31557a8c7ad2a9dfc80","hazelcast-client/src/test/java/com/hazelcast/client/map/impl/nearcache/ClientMapNearCacheTest.java","44","0","0","1","1007","1309","0"
"ceylon-ide-eclipse","ae5d99e4207875067f60b5c2c6c46dcb361dd031","plugins/com.redhat.ceylon.eclipse.ui/src/com/redhat/ceylon/eclipse/code/correct/DefinitionGenerator.java","44","0","0","1","220","239","0"
"elasticsearch","1bcd26627c2c9fe9bf706271808322f57ab91204","core/src/main/java/org/elasticsearch/index/search/MultiMatchQuery.java","44","0","0","11","253","320","1"
"elasticsearch","71aa807acdcc5095d494657774e178770fa687c7","core/src/main/java/org/elasticsearch/index/search/MultiMatchQuery.java","44","0","0","11","254","321","0"
"neo4j","f19f8ea27402554e82d1646d0694f30536dfc3c7","enterprise/security/src/main/java/org/neo4j/server/security/enterprise/auth/plugin/PluginRealm.java","44","0","0","12","394","475","0"
"elasticsearch","6e566cdf6cab837bdbdb5300ca85038fba1488c1","core/src/test/java/org/elasticsearch/discovery/zen/NodeJoinControllerTests.java","44","0","0","13","518","622","1"
"elasticsearch","31b0777c911a87b7ebae0efd7d5b14d1e06f3879","core/src/test/java/org/elasticsearch/discovery/zen/NodeJoinControllerTests.java","44","0","0","13","520","624","0"
"netty","c8575c42d0964812c0d2617f98efa7cb64c46be8","handler/src/test/java/io/netty/handler/ssl/SSLEngineTest.java","44","0","0","14","888","1086","1"
"netty","20a010a2ea5f86f4063311a47e1387ba903cd8fc","codec-http/src/main/java/io/netty/handler/codec/http/DefaultHttpHeaders.java","44","0","0","15","299","366","1"
"netty","3b94154893bba3989673d4eae11228479aa2a3c3","codec-http/src/main/java/io/netty/handler/codec/http/DefaultHttpHeaders.java","44","0","0","15","300","368","0"
"hazelcast","07c225fdc9369c9e20abb2e86eab2f11b6482bef","hazelcast/src/main/java/com/hazelcast/internal/dynamicconfig/DynamicConfigurationAwareConfig.java","44","0","0","156","1006","1225","2"
"hazelcast","066e05ebd5b8e1d08c42a5aa2c6e236b925a144d","hazelcast/src/main/java/com/hazelcast/internal/dynamicconfig/DynamicConfigurationAwareConfig.java","44","0","0","156","1008","1227","1"
"hazelcast","0ac05fbba9ebc830c86fb2cfcf0abce6ee0310f1","hazelcast-client/src/main/java/com/hazelcast/client/spi/impl/ClientCallFuture.java","44","0","0","16","264","326","2"
"hazelcast","7c8697efe71e9fb00b2d7c75f6d75b0d4d779005","hazelcast-client/src/main/java/com/hazelcast/client/spi/impl/ClientCallFuture.java","44","0","0","16","264","326","1"
"hazelcast","628c87fca7a0e84580ea92f8ad9e725c8b64e73c","hazelcast-client/src/main/java/com/hazelcast/client/spi/impl/ClientCallFuture.java","44","0","0","16","264","326","0"
"hazelcast","6918d871867e783305828f93dcae0ebe92258829","hazelcast-client/src/main/java/com/hazelcast/client/spi/impl/ClientCallFuture.java","44","0","0","16","273","334","2"
"orientdb","0b098ecbb27731eae0d6bc55a5750b000a6b9777","core/src/main/java/com/orientechnologies/orient/core/sql/parser/OAndBlock.java","44","0","0","18","191","229","0"
"elasticsearch","087a931cb2ecbae34c4fc87924400c9b6bbd8a41","core/src/test/java/org/elasticsearch/common/util/BigArraysTests.java","44","0","0","18","319","381","1"
"elasticsearch","3cb307462dba82409bd549b3c25f581b03d69244","core/src/test/java/org/elasticsearch/common/util/BigArraysTests.java","44","0","0","18","319","381","2"
"elasticsearch","4fd1276542a641cd59309bc7ea3f928321243afe","core/src/test/java/org/elasticsearch/common/util/BigArraysTests.java","44","0","0","18","319","381","0"
"orientdb","0b098ecbb27731eae0d6bc55a5750b000a6b9777","core/src/main/java/com/orientechnologies/orient/core/sql/parser/OOrBlock.java","44","0","0","19","179","218","0"
"mcMMO","2ed5e8e7174593601fcf7fdaae5afb0d97456c6f","src/main/java/com/gmail/nossr50/config/TreasuresConfig.java","44","0","0","2","181","248","0"
"elasticsearch","6fe9ae29ea3b66d38dfde4ae1394106b725475e9","core/src/main/java/org/elasticsearch/index/termvectors/TermVectorsService.java","44","0","0","2","260","334","3"
"orientdb","f0d561e42b33521aafa30d93eade5f9c28218e47","server/src/main/java/com/orientechnologies/orient/server/network/OServerNetworkListener.java","44","0","0","20","264","364","0"
"elasticsearch","3d23a71fa7f3664209028e1ac377fe72609ac169","src/test/java/org/elasticsearch/snapshots/SharedClusterSnapshotRestoreTests.java","44","0","0","20","872","1108","1"
"elasticsearch","1ba73d979791577316edb021dfec655655e111e6","core/src/main/java/org/elasticsearch/index/search/MatchQuery.java","44","0","0","21","318","432","0"
"elasticsearch","ba29818629861240a5971c31849ddf405a0a831d","core/src/test/java/org/elasticsearch/search/searchafter/SearchAfterIT.java","44","0","0","3","270","314","0"
"elasticsearch","0ba5e9fb90080e30c5482f2b9f7e75ffa10f1f5e","core/src/test/java/org/elasticsearch/search/searchafter/SearchAfterIT.java","44","0","0","4","289","333","0"
"elasticsearch","6941966b1654106ed9249cd01c32bfa2e06b452f","core/src/test/java/org/elasticsearch/search/searchafter/SearchAfterIT.java","44","0","0","4","292","336","0"
"elasticsearch","3b27dce94f579c3d1c3793c080d942e530d920ac","core/src/test/java/org/elasticsearch/index/query/MatchQueryBuilderTests.java","44","0","0","5","300","372","2"
"elasticsearch","7745c64a625f8d411d0dcd0f808f38043af8d819","core/src/test/java/org/elasticsearch/index/query/MatchQueryBuilderTests.java","44","0","0","5","301","373","3"
"hazelcast","bc0d3d78cef30ddc66228ea626b81be78aa71244","hazelcast/src/main/java/com/hazelcast/nio/ssl/SSLSocketChannelWrapper.java","44","0","0","6","217","248","1"
"hazelcast","4d66c8014e1f62f604eecfa1d424028639f4561b","hazelcast/src/main/java/com/hazelcast/nio/ssl/SSLSocketChannelWrapper.java","44","0","0","6","225","262","2"
"hazelcast","beccad0acd20017a4d74a3a858624594b2827f7a","hazelcast-client/src/test/java/com/hazelcast/client/map/impl/nearcache/ClientMapNearCacheTest.java","44","0","0","61","1121","1485","2"
"hazelcast","45b68bd2d511caf0745af9df7517123e8a6a0937","hazelcast-client/src/test/java/com/hazelcast/client/map/impl/nearcache/ClientMapNearCacheTest.java","44","0","0","61","1125","1489","1"
"hazelcast","7db53c0a19c56ae9c88038c5bf9e46075c9213e0","hazelcast-client-legacy/src/test/java/com/hazelcast/client/map/impl/nearcache/ClientMapNearCacheTest.java","44","0","0","64","997","1296","0"
"MapDB","06b099139f315ca2b996d674ddbbce9ac8640aad","src/test/java/org/mapdb/SerializerBaseTest.java","44","0","0","65","590","734","0"
"mcMMO","6cfd81faf9090e001f50b023df64dff99186df5c","src/main/java/com/gmail/nossr50/skills/WoodCutting.java","44","0","0","7","174","219","2"
"mcMMO","598c507849319bfc6180dfcb56be3cc6e90deef6","src/main/java/com/gmail/nossr50/skills/WoodCutting.java","44","0","0","7","176","220","1"
"mcMMO","43e3dd79776667d724514f5bee9be7bba00d823c","src/main/java/com/gmail/nossr50/skills/WoodCutting.java","44","0","0","7","180","226","0"
"neo4j","2ae561d9234e5d86be9b89e22f5730ef42946ba6","community/lucene-index/src/main/java/org/neo4j/index/impl/lucene/legacy/IndexType.java","44","0","0","7","415","499","1"
"mcMMO","733d16cf3512ebeaf4601c09fb46f23c53d174dc","src/main/java/com/gmail/nossr50/skills/alchemy/AlchemyPotionBrewer.java","44","0","0","8","177","228","0"
"mcMMO","04a02cfdc8dacfaa91ab253621d5685ec5c1a2de","src/main/java/com/gmail/nossr50/skills/alchemy/AlchemyPotionBrewer.java","44","0","0","8","178","229","0"
"netty","279712a6a060ce3b77d76772aa398eafbdc255e1","transport/src/main/java/io/netty/channel/socket/aio/AioSocketChannel.java","44","0","0","8","360","482","0"
"netty","c5bd8fd264986b1a3bdbaf5cb4488981ce554b78","transport/src/main/java/io/netty/channel/nio/AbstractNioByteChannel.java","44","0","1","0","245","347","0"
"netty","f4e527c64df0b7ce2c5f7997a782eec481ac22a4","transport/src/main/java/io/netty/channel/nio/AbstractNioByteChannel.java","44","0","1","0","246","348","0"
"netty","869687bd711e1358367203526128d9a2ad90663a","transport/src/main/java/io/netty/channel/nio/AbstractNioByteChannel.java","44","0","1","0","247","347","0"
"netty","3e5dcb5f3efbb26d5e6cf4cd229b03c285d62462","codec-mqtt/src/main/java/io/netty/handler/codec/mqtt/MqttEncoder.java","44","0","1","0","291","390","0"
"elasticsearch","e1efd5f6baf8dec1c23c79b346b8a29f234a98bb","core/src/main/java/org/elasticsearch/action/admin/cluster/health/TransportClusterHealthAction.java","44","0","1","1","229","285","0"
"elasticsearch","60bddc28ebd690446c88a454cc24de984fdf0fc5","src/main/java/org/elasticsearch/action/search/type/TransportSearchTypeAction.java","44","0","1","1","283","373","0"
"antlr4","82330a8a785e340e5d7bdef5cee9c3399fb41623","tool/test/org/antlr/v4/test/JavaUnicodeInputStream.java","44","0","1","10","191","268","0"
"elasticsearch","bac09e292697be62581f521015cbaebf3ce68104","src/main/java/org/apache/lucene/queries/BlendedTermQuery.java","44","0","1","10","221","303","0"
"hazelcast","2d61a67c44972c7c71b5c93be51bbb0154a73f45","hazelcast/src/main/java/com/hazelcast/mapreduce/impl/MapReduceUtil.java","44","0","1","10","260","325","1"
"orientdb","daa89846a07faf0215b5d99ec4121ebd7395c41e","core/src/main/java/com/orientechnologies/orient/core/storage/impl/local/paginated/OLocalPaginatedStorage.java","44","0","1","10","360","463","0"
"orientdb","4412e3667cfb04b079945523373ee4ab3f34b524","core/src/main/java/com/orientechnologies/orient/core/sql/filter/OSQLTarget.java","44","0","1","11","202","283","1"
"elasticsearch","38f038f899f2b321a4d691343514b0392411bbbc","src/main/java/org/elasticsearch/index/cache/id/simple/SimpleIdCache.java","44","0","1","11","277","358","0"
"orientdb","6a9fd739e121b8e74c6e607bde667b674a12a4f0","core/src/main/java/com/orientechnologies/orient/core/storage/impl/local/paginated/OLocalPaginatedStorage.java","44","0","1","12","366","471","0"
"orientdb","1990b3dd93949b04039373bf0cb914fb7adeb007","core/src/main/java/com/orientechnologies/orient/core/db/OPartitionedDatabasePool.java","44","0","1","14","309","453","0"
"elasticsearch","e5fa63e6927ff3628d6bf0ae07a9790370694186","core/src/main/java/org/elasticsearch/common/path/PathTrie.java","44","0","1","17","218","291","3"
"elasticsearch","5278cf0d5e1afa6cf6d0959e839c0ed2408908f8","core/src/main/java/org/elasticsearch/search/suggest/SuggestUtils.java","44","0","1","17","243","299","0"
"elasticsearch","1e2919b03d067036cb2fceeff7b39b9fb278c86e","core/src/main/java/org/elasticsearch/common/lucene/search/function/FiltersFunctionScoreQuery.java","44","0","1","17","301","369","1"
"orientdb","2ee3b61558840a5368bca7909740f1b6b1cce1b3","core/src/main/java/com/orientechnologies/orient/core/storage/impl/local/paginated/OClusterPositionMap.java","44","0","1","19","431","532","2"
"orientdb","50bb0365603295268745639338630da96d9c93fc","core/src/main/java/com/orientechnologies/orient/core/storage/impl/local/paginated/OClusterPositionMap.java","44","0","1","19","432","533","0"
"orientdb","b27bb99f64f5a211acd2f1639a5895ce09a1b883","core/src/main/java/com/orientechnologies/orient/core/storage/impl/local/paginated/OClusterPositionMap.java","44","0","1","19","434","535","0"
"elasticsearch","58dbf6d5cac63709fc1540493ef17085f784d6d2","modules/elasticsearch/src/main/java/org/elasticsearch/gateway/GatewayService.java","44","0","1","2","235","310","0"
"elasticsearch","ff48c649b1378e76ee6917fb12b7c2ab8d409e7c","src/main/java/org/elasticsearch/tribe/TribeService.java","44","0","1","2","257","341","6"
"elasticsearch","598854dd72d7fb01a7e26a9dad065de3deaa5eb7","src/main/java/org/elasticsearch/tribe/TribeService.java","44","0","1","2","258","342","4"
"elasticsearch","889db1c824d8c573835e8cbadd0c6f3ba25f8fcd","src/main/java/org/elasticsearch/tribe/TribeService.java","44","0","1","2","260","344","5"
"elasticsearch","a9aa10ade07754ebef118fafa5c6b7f0a7d0e976","src/main/java/org/elasticsearch/tribe/TribeService.java","44","0","1","2","261","345","6"
"elasticsearch","c63626b537955d0309c6613642e990b54efd3cbf","src/main/java/org/elasticsearch/indices/recovery/RecoverySource.java","44","0","1","2","359","444","0"
"elasticsearch","d17fd26f23ea2b3c8514759142f8747c40936675","src/main/java/org/elasticsearch/indices/recovery/RecoverySource.java","44","0","1","2","360","446","1"
"elasticsearch","3c720730c90563d9aea58291d4e0894d36642ddf","src/main/java/org/elasticsearch/indices/recovery/RecoverySource.java","44","0","1","2","376","467","0"
"hazelcast","6f8dacc3a698febf42c64100be44482aaaf9b9cb","hazelcast/src/main/java/com/hazelcast/internal/serialization/impl/MorphingPortableReader.java","44","0","1","20","266","315","2"
"elasticsearch","1feb9da3f2469be8c19d25900ab19e2de940a586","core/src/main/java/org/elasticsearch/index/mapper/ip/IpFieldMapper.java","44","0","1","21","338","405","2"
"elasticsearch","9af208376592635601b383b4435b29b724007021","core/src/main/java/org/elasticsearch/index/mapper/ip/IpFieldMapper.java","44","0","1","21","338","405","1"
"elasticsearch","4953bf02f68eb8c1ba18f8c6bf816241d6a9f902","core/src/main/java/org/elasticsearch/index/mapper/ip/IpFieldMapper.java","44","0","1","21","338","405","0"
"elasticsearch","de8354dd7fa93dbcc71f5dbf154079f92b2b0bf0","core/src/main/java/org/elasticsearch/index/mapper/ip/IpFieldMapper.java","44","0","1","21","341","408","2"
"elasticsearch","f47b77199d659e9707eec3e016057e414e2f0716","modules/elasticsearch/src/main/java/org/elasticsearch/index/mapper/multifield/MultiFieldMapper.java","44","0","1","22","246","326","0"
"elasticsearch","d84c643f5880a88d2e5c38b487123161f3e01fe0","core/src/main/java/org/elasticsearch/index/mapper/core/LegacyLongFieldMapper.java","44","0","1","22","278","338","0"
"elasticsearch","a6e3d356ed11c65ec2a0a5d38c10a885e5bc888b","core/src/main/java/org/elasticsearch/search/aggregations/bucket/range/RangeAggregator.java","44","0","1","24","297","369","0"
"elasticsearch","baed02bbe2717472b3502ac486fcc26b91e63a95","core/src/main/java/org/elasticsearch/index/mapper/IpFieldMapper.java","44","0","1","24","343","416","0"
"orientdb","2a06ddfcd18a9c9797bc721e91faab337f7b6b6b","jdbc/src/main/java/com/orientechnologies/orient/jdbc/OrientJdbcResultSetMetaData.java","44","0","1","25","231","313","1"
"orientdb","65f086eb452cac1fc83cfac710303c5b020d0697","core/src/main/java/com/orientechnologies/common/concur/lock/OPartitionedLockManager.java","44","0","1","25","353","493","0"
"hazelcast","9d8dcc2a1755aec6419b50698c80c1d109c89523","hazelcast/src/main/java/com/hazelcast/replicatedmap/impl/ReplicatedMapService.java","44","0","1","26","352","423","1"
"hazelcast","c37f1bc6a7ba37a6e7d27927eb812336b250521d","hazelcast/src/main/java/com/hazelcast/replicatedmap/impl/ReplicatedMapService.java","44","0","1","26","352","426","0"
"elasticsearch","41d8fbe8f51abd499c9b497238bc5f2141b7926b","core/src/test/java/org/elasticsearch/snapshots/DedicatedClusterSnapshotRestoreIT.java","44","0","1","38","900","1116","2"
"elasticsearch","164efaecbe42195f08ada58b5fde927ab21fc6e7","core/src/test/java/org/elasticsearch/snapshots/DedicatedClusterSnapshotRestoreIT.java","44","0","1","38","903","1119","1"
"ceylon-ide-eclipse","3a7c898c62617ac724363b342f08ccd63b9d0cbb","plugins/com.redhat.ceylon.eclipse.ui/src/com/redhat/ceylon/eclipse/core/model/mirror/JDTClass.java","44","0","1","39","553","654","0"
"elasticsearch","79939222e465543f128fd6b1d46c06eefee7c1ef","modules/elasticsearch/src/main/java/org/elasticsearch/search/facet/range/RangeFacetProcessor.java","44","0","1","4","139","179","0"
"BroadleafCommerce","0b82dddef8d8a719cf608eae326d394cb23b6218","core/broadleaf-framework/src/main/java/org/broadleafcommerce/core/offer/service/processor/FulfillmentGroupOfferProcessorImpl.java","44","0","1","4","204","256","2"
"BroadleafCommerce","f738bd0e44b790fb8aa6ba0b4935952682728f60","core/broadleaf-framework/src/main/java/org/broadleafcommerce/core/offer/service/processor/FulfillmentGroupOfferProcessorImpl.java","44","0","1","4","205","257","0"
"BroadleafCommerce","363e0843abea47db8e0b2b44e6c0767364289e18","core/broadleaf-framework/src/main/java/org/broadleafcommerce/core/offer/service/processor/FulfillmentGroupOfferProcessorImpl.java","44","0","1","4","220","287","1"
"elasticsearch","051bc8c49e904140422ec7cfb36d3e67891bd84a","src/main/java/org/elasticsearch/rest/action/search/RestSearchAction.java","44","0","1","4","229","274","0"
"hazelcast","65baf9c896fb3d059cd62bd4d8ee2ce96771d43e","hazelcast/src/main/java/com/hazelcast/query/impl/ReflectionHelper.java","44","0","1","4","236","300","1"
"elasticsearch","d8f16178d3f21b4f9d17da12e7aa61613fc2c27a","src/main/java/org/elasticsearch/indices/store/IndicesStore.java","44","0","1","4","351","458","1"
"elasticsearch","a6510f924520d8cdda2636ac85a1a1e43f6dfb8c","src/main/java/org/elasticsearch/indices/store/IndicesStore.java","44","0","1","4","352","459","0"
"netty","53fcff2eab7836bcf2be262e1fd12712117c4797","buffer/src/main/java/io/netty/buffer/UnpooledDirectByteBuf.java","44","0","1","40","492","604","2"
"netty","68b616728a08b78f3af77f288f103c1cb0ba2c9c","buffer/src/main/java/io/netty/buffer/UnpooledDirectByteBuf.java","44","0","1","40","492","604","2"
"netty","6cd9045b969212ffb04b9ee643e7bfdc0224a1d3","buffer/src/main/java/io/netty/buffer/UnpooledDirectByteBuf.java","44","0","1","40","492","604","2"
"netty","a74149e9848fef73d909dd56843e0fbab23f877d","buffer/src/main/java/io/netty/buffer/UnpooledDirectByteBuf.java","44","0","1","40","492","604","2"
"netty","77b4ec7e1bc0b8c6111728cc074226dd9cfe1b73","buffer/src/main/java/io/netty/buffer/UnpooledDirectByteBuf.java","44","0","1","40","492","604","0"
"hazelcast","f773ece7c5225d2f8603c0d7438318533b603a7e","hazelcast/src/test/java/com/hazelcast/map/BasicMapTest.java","44","0","1","42","1282","1539","1"
"hazelcast","4f8baf629d95173c017dff426932eaa3919549c0","hazelcast/src/test/java/com/hazelcast/map/BasicMapTest.java","44","0","1","42","1287","1544","0"
"hazelcast","1d12e55b3d2cf19b5161553cef02c227148a4273","hazelcast/src/test/java/com/hazelcast/map/BasicMapTest.java","44","0","1","42","1312","1571","1"
"hazelcast","c079ef58b967039c9aff13690b4ed490c66e43c4","hazelcast/src/test/java/com/hazelcast/map/BasicMapTest.java","44","0","1","42","1316","1578","0"
"hazelcast","4f4c09d9cc18638b36bc80c8824ce946cd64408d","hazelcast/src/test/java/com/hazelcast/test/HazelcastTestSupport.java","44","0","1","47","403","506","4"
"hazelcast","1c52b3168b2cb32e5b01cf28812512ae01cf5b94","hazelcast/src/test/java/com/hazelcast/test/HazelcastTestSupport.java","44","0","1","48","406","512","3"
"hazelcast","2cf7578c80a0149e53ccaa287ef8f99e6b46eced","hazelcast/src/main/java/com/hazelcast/query/impl/getters/ReflectionHelper.java","44","0","1","5","178","222","2"
"BroadleafCommerce","9a2399ccabc71c63572c786cacfa9d17404bf0db","admin/broadleaf-open-admin-platform/src/main/java/org/broadleafcommerce/openadmin/web/rulebuilder/MVELToDataWrapperTranslator.java","44","0","1","5","184","229","0"
"hazelcast","86a8460b7e36376816dea524d18b755c5b2fc9e7","hazelcast/src/main/java/com/hazelcast/map/eviction/EvictionHelper.java","44","0","1","5","305","367","0"
"elasticsearch","ce7195d81abafd0a880ebbc2d1514ab608e56b79","core/src/main/java/org/elasticsearch/search/aggregations/bucket/terms/GlobalOrdinalsStringTermsAggregator.java","44","0","1","5","353","452","0"
"BroadleafCommerce","7631d21098b2f49aefce26272e398720ee709eec","admin/broadleaf-open-admin-platform/src/main/java/org/broadleafcommerce/openadmin/server/service/persistence/module/FieldManager.java","44","0","1","7","252","318","0"
"BroadleafCommerce","beb23ce063b9f0f91520b023d0eee1fd1a2113ba","admin/broadleaf-open-admin-platform/src/main/java/org/broadleafcommerce/openadmin/server/service/persistence/module/FieldManager.java","44","0","1","7","259","329","1"
"BroadleafCommerce","ec848120d9c9e101acaf47642d34ff9846d09997","admin/broadleaf-open-admin-platform/src/main/java/org/broadleafcommerce/openadmin/server/service/persistence/module/FieldManager.java","44","0","1","7","259","329","1"
"BroadleafCommerce","0c21b421c1d9c38444c820eea84cad34979e3b37","admin/broadleaf-open-admin-platform/src/main/java/org/broadleafcommerce/openadmin/server/service/persistence/module/FieldManager.java","44","0","1","7","259","329","0"
"MapDB","e4e15337e2f73efaf8115394e8e4e104b3fb55f4","src/main/java/org/mapdb/StorageDirect.java","44","0","1","8","182","315","1"
"hazelcast","ce13a7ad988af25a5535359aff36f931c3c0987e","hazelcast/src/main/java/com/hazelcast/spi/impl/BasicOperationScheduler.java","44","0","1","8","363","509","1"
"hazelcast","4ca2889e9b466af9d0cb2f754b689c282072f790","hazelcast/src/main/java/com/hazelcast/spi/impl/BasicOperationScheduler.java","44","0","1","8","375","524","2"
"elasticsearch","e458d4fd93136cfc42708d9311d05bee36f69321","src/main/java/org/elasticsearch/index/search/child/ChildrenQuery.java","44","0","1","8","465","580","0"
"hazelcast","f68ca8d3fc0960f5faace25206e7157a10616bbe","hazelcast-client/src/main/java/com/hazelcast/client/nearcache/ClientNearCache.java","44","0","1","9","290","351","0"
"hazelcast","32f725757391919b9139c3f0a6b7e7046e34c400","hazelcast/src/main/java/com/hazelcast/spi/impl/BasicOperationScheduler.java","44","0","1","9","377","522","2"
"hazelcast","85c2c5b08ea67c2380367670f35bfb918fa1273f","hazelcast/src/main/java/com/hazelcast/spi/impl/BasicOperationScheduler.java","44","0","1","9","378","528","2"
"elasticsearch","24e2847af277cca729760ac910f684fdcafe5f0c","modules/reindex/src/test/java/org/elasticsearch/index/reindex/AsyncBulkByScrollActionTests.java","44","0","10","20","665","858","0"
"hazelcast","6c207cf36d121d04dce3e75c0ad894b87a8472fc","hazelcast/src/test/java/com/hazelcast/executor/ExecutorServiceTest.java","44","0","10","29","719","874","0"
"MapDB","c26b48839e09df5b4643b829e9e2ba7db8c0fefc","src/main/java/org/mapdb/Pump.java","44","0","13","0","271","548","0"
"elasticsearch","e1cca9000603b164cc70ff25534381e5df2a8220","src/main/java/org/elasticsearch/common/io/stream/StreamInput.java","44","0","13","7","186","288","0"
"elasticsearch","60bddc28ebd690446c88a454cc24de984fdf0fc5","src/main/java/org/elasticsearch/cluster/routing/IndexShardRoutingTable.java","44","0","18","28","367","551","0"
"neo4j","345d719d90ad36705621be9b657ee802a741cffb","community/shell/src/main/java/org/neo4j/shell/StartClient.java","44","0","2","0","414","533","0"
"neo4j","2184600a5f95e2164c5a98d2fcde35a492680c4d","community/shell/src/main/java/org/neo4j/shell/StartClient.java","44","0","2","0","419","543","0"
"elasticsearch","2833ad4d6fc65a0104d6311394a01f27e0aac579","core/src/main/java/org/elasticsearch/indices/memory/IndexingMemoryController.java","44","0","2","1","252","346","1"
"neo4j","d080254dedd53946c93ce78a02aafbe3a07f8bd3","community/shell/src/main/java/org/neo4j/shell/kernel/apps/Cd.java","44","0","2","1","304","355","1"
"orientdb","1e118bb70cd79f6c0a9146563e487a477ec555e0","core/src/main/java/com/orientechnologies/orient/core/index/OIndexTxAware.java","44","0","2","10","210","308","1"
"elasticsearch","dc900a08a6c6f346656105fa0e2484ed186f8461","core/src/test/java/org/elasticsearch/search/matchedqueries/MatchedQueriesIT.java","44","0","2","10","302","375","0"
"hazelcast","ad1790f7ac618c7a5bf8f548c3650937b7ee3a89","hazelcast/src/main/java/com/hazelcast/spi/impl/AbstractInvocationFuture.java","44","0","2","11","269","410","0"
"hazelcast","e7c91f0f2fd39005e6a7f691b56de1ec7e240af6","hazelcast/src/main/java/com/hazelcast/spi/impl/AbstractInvocationFuture.java","44","0","2","11","269","410","0"
"hazelcast","f96b7271bf94c8220741db5788082cde767fa917","hazelcast/src/main/java/com/hazelcast/spi/impl/AbstractInvocationFuture.java","44","0","2","11","269","410","0"
"hazelcast","64b28543011e49f5668297febc0433662ba75659","hazelcast/src/main/java/com/hazelcast/spi/impl/AbstractInvocationFuture.java","44","0","2","11","269","410","2"
"hazelcast","c92d480fc84de807408197b4634c86a8e681d426","hazelcast/src/main/java/com/hazelcast/spi/impl/AbstractInvocationFuture.java","44","0","2","11","269","410","2"
"elasticsearch","20ed7c172487f500667191df882033ecb6e91df1","core/src/test/java/org/elasticsearch/search/aggregations/pipeline/DerivativeTests.java","44","0","2","12","504","606","1"
"elasticsearch","2c274e59d574a6c47710d4001478ddf3fd173def","src/main/java/org/elasticsearch/index/indexing/ShardIndexingService.java","44","0","2","17","238","294","0"
"elasticsearch","e23d116bc5411e8aec4f9225272929be6a7dd65b","core/src/main/java/org/elasticsearch/index/mapper/internal/ParentFieldMapper.java","44","0","2","17","311","405","0"
"hazelcast","ea8ff1c274ffffe189038236dcc2702e5e2ee13d","hazelcast/src/main/java/com/hazelcast/cache/impl/AbstractHazelcastCacheManager.java","44","0","2","17","334","450","0"
"hazelcast","8374d790e0e578b9badfe450165005d26cc0687d","hazelcast/src/main/java/com/hazelcast/cache/impl/AbstractHazelcastCacheManager.java","44","0","2","17","334","451","0"
"hazelcast","819029a9600a1af6d82dec2e65ace0e5054aee9b","hazelcast/src/main/java/com/hazelcast/cache/impl/AbstractHazelcastCacheManager.java","44","0","2","17","335","453","0"
"hazelcast","699c26ef7a0dcca3f9aa8ac5cfcd85b08dabc146","hazelcast/src/main/java/com/hazelcast/cache/impl/AbstractHazelcastCacheManager.java","44","0","2","17","335","454","1"
"hazelcast","b753aeeb27f1b35ef0e8043027a09001e02abf62","hazelcast/src/main/java/com/hazelcast/cache/impl/AbstractHazelcastCacheManager.java","44","0","2","17","335","455","2"
"hazelcast","a659332f75af63da1b89962057e75103c7684900","hazelcast/src/main/java/com/hazelcast/cache/impl/AbstractHazelcastCacheManager.java","44","0","2","17","337","457","1"
"hazelcast","e58f0f4f33895ba7da1e84c33b4dffff9b110b12","hazelcast/src/main/java/com/hazelcast/cache/impl/AbstractHazelcastCacheManager.java","44","0","2","17","337","457","1"
"hazelcast","d780f4bb7e30d5c6c43778c234be0825842ede30","hazelcast/src/main/java/com/hazelcast/cache/impl/AbstractHazelcastCacheManager.java","44","0","2","17","337","457","0"
"elasticsearch","6d9af2fff4833b464fde2c3caaf9948fc1f92460","core/src/main/java/org/elasticsearch/cluster/metadata/MetaDataMappingService.java","44","0","2","2","299","393","0"
"mcMMO","4486261413923e160268a0c0e35abcab46d5965f","src/main/java/com/gmail/nossr50/mcMMO.java","44","0","2","20","386","509","0"
"mcMMO","d63c3fc6d0849c37d4eeac664cf4ff37b9bd5f21","src/main/java/com/gmail/nossr50/mcMMO.java","44","0","2","20","388","512","0"
"netty","bc46a99eaa448136ae3a54c248cc3f9dfb8f87e9","codec-http2/src/main/java/io/netty/handler/codec/http2/DefaultHttp2ConnectionEncoder.java","44","0","2","23","394","512","0"
"orientdb","2767a54ee6308493e6a69b4b2951d8d2252bfd6b","lucene/src/main/java/com/orientechnologies/lucene/engine/OLuceneIndexEngineAbstract.java","44","0","2","29","402","511","0"
"orientdb","7938fb54b49a890ecda7774754e6f6564453a271","lucene/src/main/java/com/orientechnologies/lucene/engine/OLuceneIndexEngineAbstract.java","44","0","2","30","406","516","0"
"orientdb","2909570c5529efb87be48f9273d73054ff7b11b1","lucene/src/main/java/com/orientechnologies/lucene/engine/OLuceneIndexEngineAbstract.java","44","0","2","30","407","517","0"
"orientdb","9d2b1a6a09b07fcc8eee0bf1307fea30f73f6c6f","lucene/src/main/java/com/orientechnologies/lucene/engine/OLuceneIndexEngineAbstract.java","44","0","2","30","427","545","0"
"elasticsearch","c1b6e53cbb642afed8a1c60a3f1b22124b528816","src/test/java/org/elasticsearch/percolator/PercolatorTests.java","44","0","2","33","1699","1964","1"
"elasticsearch","2801d06aee684aa6eac86b25785876283e42c519","src/test/java/org/elasticsearch/percolator/PercolatorTests.java","44","0","2","33","1701","1967","0"
"elasticsearch","fe89ea1ecf758022dca63118359c6de13b52e565","src/test/java/org/elasticsearch/percolator/PercolatorTests.java","44","0","2","33","1717","1985","0"
"elasticsearch","fe330b868a8324a74714f1be01aa498336e5ff23","core/src/test/java/org/elasticsearch/percolator/PercolatorTests.java","44","0","2","36","1790","2057","0"
"elasticsearch","6c466ed0d824918284692d42fa228a7ed8217fc1","core/src/test/java/org/elasticsearch/percolator/PercolatorTests.java","44","0","2","37","1797","2068","4"
"elasticsearch","7ab0e2c5321c802068d85c0fa3a0f44e0b02c5a4","core/src/test/java/org/elasticsearch/percolator/PercolatorIT.java","44","0","2","38","1797","2069","4"
"elasticsearch","44275f3e3e22d64e1eb1431cb49f32b2491016c9","core/src/test/java/org/elasticsearch/percolator/PercolatorTests.java","44","0","2","38","1810","2084","2"
"BroadleafCommerce","c880fb0996be00c849e736ac5be5abf168f384f9","core/broadleaf-profile/src/main/java/org/broadleafcommerce/profile/core/service/CustomerServiceImpl.java","44","0","2","38","371","496","1"
"neo4j","562320c0be4006685ed6f086c12ef4e1f1964f3c","community/logging/src/test/java/org/neo4j/logging/AssertableLogProvider.java","44","0","2","42","619","730","0"
"neo4j","33d8b5a7ef36eb1d2c9e72daa01a416a5a403079","community/logging/src/test/java/org/neo4j/logging/AssertableLogProvider.java","44","0","2","43","619","730","1"
"elasticsearch","23fb36cc879f17908445c8bd1415c2a4611c12ca","core/src/main/java/org/elasticsearch/monitor/fs/FsInfo.java","44","0","2","44","481","578","0"
"elasticsearch","743d3f7e4bac5b89888fc3227a98e355ba67619e","src/main/java/org/elasticsearch/transport/netty/MessageChannelHandler.java","44","0","2","5","309","412","0"
"hazelcast","7ef9f661a9e33fd4b6705e656c560c4ca3bd4917","hazelcast/src/main/java/com/hazelcast/internal/cluster/impl/ClusterStateManager.java","44","0","2","6","359","488","0"
"neo4j","c2a95db0bf471e36e256ba6c9933dfd9b7ae333f","community/lucene-index/src/main/java/org/neo4j/index/impl/lucene/legacy/LuceneDataSource.java","44","0","2","6","465","553","0"
"netty","72395bf40073a6772ee06c58b0b08987af198eb5","handler/src/main/java/io/netty/handler/stream/ChunkedWriteHandler.java","44","0","2","7","271","368","0"
"hazelcast","0ec7a854c3a503467512e9ee38504818732066e5","hazelcast/src/main/java/com/hazelcast/config/CacheConfig.java","44","0","26","11","390","650","0"
"orientdb","e9e6148e7b6fe758168c042bbada8c352cb08759","graphdb/src/main/java/com/orientechnologies/orient/graph/sql/OCommandExecutorSQLDeleteVertex.java","44","0","3","10","241","337","1"
"orientdb","a821b78f20a232afd503c25734de218aff1f8aa4","graphdb/src/main/java/com/orientechnologies/orient/graph/sql/OCommandExecutorSQLDeleteVertex.java","44","0","3","10","241","340","1"
"ceylon-ide-eclipse","8a357d578da693e7cc217d99625a5a1ffaca9933","plugins/com.redhat.ceylon.eclipse.ui/src/com/redhat/ceylon/eclipse/code/editor/ToggleBreakpointAdapter.java","44","0","3","13","320","411","1"
"hazelcast","618948653075dce6c3fc23e0a9b67f2da2dda73f","hazelcast/src/test/java/com/hazelcast/collection/impl/queue/QueueAdvancedTest.java","44","0","3","14","487","572","1"
"orientdb","a2f1c9220aaa0be07af6ef9d27ba4a1df70aae15","server/src/main/java/com/orientechnologies/orient/server/distributed/ODistributedAbstractPlugin.java","44","0","3","17","264","364","1"
"orientdb","0e868f07cc1b57e059f5c0b6eb9f32f5475fce81","server/src/main/java/com/orientechnologies/orient/server/distributed/ODistributedAbstractPlugin.java","44","0","3","17","265","366","0"
"hazelcast","8a97243c2a579cdd79fd8d82dafc065df61ff170","hazelcast/src/main/java/com/hazelcast/nio/IOUtil.java","44","0","3","17","272","338","1"
"elasticsearch","a8e5c6eeb087dbfb6fdaecb7bf687cc27a2a9ede","src/main/java/org/elasticsearch/transport/TransportService.java","44","0","3","19","462","601","1"
"elasticsearch","f5f97391176d8fe22fc21325fc5b6dea13a46e4f","src/main/java/org/elasticsearch/transport/TransportService.java","44","0","3","19","462","601","1"
"elasticsearch","955ff05a5e6ebf602cbe7f837cc2de9480457f3f","src/main/java/org/elasticsearch/transport/TransportService.java","44","0","3","19","462","601","0"
"elasticsearch","cde7d9af1c1cf1cefbc4a9e49f28796a421c5235","src/main/java/org/elasticsearch/transport/TransportService.java","44","0","3","19","468","612","0"
"elasticsearch","1863ab95f862294db7d105717656bd6452eef9d9","core/src/main/java/org/elasticsearch/gateway/ReplicaShardAllocator.java","44","0","3","2","239","353","1"
"elasticsearch","371c73e14023917f3892090d2d3d7ff9ac1216b9","core/src/main/java/org/elasticsearch/gateway/ReplicaShardAllocator.java","44","0","3","2","239","353","3"
"elasticsearch","78574d248cf10dad1c5a566fda79e1e0c94afe43","core/src/main/java/org/elasticsearch/gateway/ReplicaShardAllocator.java","44","0","3","2","239","353","2"
"elasticsearch","e6aaaf11ed4a1b8f595f920de1840938eddb7a97","core/src/main/java/org/elasticsearch/gateway/ReplicaShardAllocator.java","44","0","3","2","239","353","2"
"elasticsearch","a60b8948ba1d836a6eac7cff095519e618939ed8","core/src/main/java/org/elasticsearch/gateway/ReplicaShardAllocator.java","44","0","3","2","239","353","0"
"elasticsearch","82ebd28c14f11d17995b1a2bfeb3eda1d93f3b5f","core/src/test/java/org/elasticsearch/cluster/metadata/IndexNameExpressionResolverTests.java","44","0","3","33","675","858","2"
"netty","31e643b32d486f5ccd3019f04c40cb5f989f7f74","handler/src/main/java/io/netty/handler/stream/ChunkedWriteHandler.java","44","0","3","5","244","370","0"
"netty","4b1721af17ec1a4e52d96e83d1fbfaa851b1de0b","handler/src/main/java/io/netty/handler/stream/ChunkedWriteHandler.java","44","0","3","5","246","379","2"
"netty","c24eafed480a78ccbf65ad3751529cfd7f89bd45","handler/src/main/java/io/netty/handler/stream/ChunkedWriteHandler.java","44","0","3","5","249","378","2"
"netty","1c73be21fca57474c8fb1db61e32c311ebd4beff","handler/src/main/java/io/netty/handler/stream/ChunkedWriteHandler.java","44","0","3","6","281","384","1"
"elasticsearch","952feb58e41bd0220784c44136b840ea4a740e26","core/src/main/java/org/elasticsearch/search/aggregations/bucket/terms/GlobalOrdinalsStringTermsAggregator.java","44","0","3","6","374","479","1"
"elasticsearch","d65a9d63a2488ca70605f51a25e3f0ae0ed30ddc","src/test/java/org/elasticsearch/index/store/CorruptedFileTest.java","44","0","3","6","431","524","1"
"hazelcast","584996c0c9a11facf995848e53a5a2ef79a3889a","hazelcast/src/main/java/com/hazelcast/instance/HazelcastInstanceFactory.java","44","0","3","9","299","391","2"
"hazelcast","1f042b8c4a4245594691bb6d85a66ceed9b43068","hazelcast/src/main/java/com/hazelcast/instance/HazelcastInstanceManager.java","44","0","3","9","310","403","1"
"elasticsearch","371c73e14023917f3892090d2d3d7ff9ac1216b9","test/framework/src/main/java/org/elasticsearch/test/ESTestCase.java","44","0","35","33","529","776","2"
"mcMMO","93548317293e2c6c5195544b99d4ce7d900abea1","src/main/java/com/gmail/nossr50/skills/gathering/BlastMining.java","44","0","4","1","207","322","0"
"orientdb","9c9465b244a894bc674702f79e2c54c67d03dc7f","graphdb/src/main/java/com/orientechnologies/orient/graph/sql/OCommandExecutorSQLDeleteVertex.java","44","0","4","10","244","349","0"
"hazelcast","62e009ca9bfba943a26e03715c02d3cc7e7872ec","hazelcast/src/main/java/com/hazelcast/util/HashUtil.java","44","0","4","11","323","464","0"
"hazelcast","59394847664dbfe54de944cb5c4094e74068733a","hazelcast/src/main/java/com/hazelcast/util/HashUtil.java","44","0","4","11","326","465","0"
"titan","da8901bcea96f225bc445f4e13289b0f04e18e14","src/test/java/com/thinkaurelius/titan/graphdb/TitanGraphTest.java","44","0","4","12","606","730","0"
"titan","26bbee89f169c89334baf92b54894fa17230d5d4","src/test/java/com/thinkaurelius/titan/graphdb/TitanGraphTest.java","44","0","4","13","615","744","0"
"elasticsearch","82613198fe3b899eb39971469a63862ac2997def","core/src/main/java/org/elasticsearch/rest/RestController.java","44","0","4","3","291","423","1"
"neo4j","116d3b9655a8e4ecba5160344877ab340a701960","community/lucene-index/src/main/java/org/neo4j/index/impl/lucene/LuceneIndex.java","44","0","4","5","413","544","0"
"hazelcast","06cbdda3edd04f7c36ce779d59b5cf2b97a7b190","hazelcast/src/main/java/com/hazelcast/instance/HazelcastInstanceFactory.java","44","0","4","8","299","395","1"
"hazelcast","361bd27d85a451c7c5a5c26d33d12d603e1f05a9","hazelcast/src/main/java/com/hazelcast/instance/HazelcastInstanceFactory.java","44","0","4","8","299","395","1"
"hazelcast","4eb82706b1987ef5063f7a4bafc11d95b47943f4","hazelcast/src/main/java/com/hazelcast/instance/HazelcastInstanceFactory.java","44","0","4","8","299","395","1"
"hazelcast","ab6a19bb0b49334b5406027ff9a4a5ec8387dde0","hazelcast/src/main/java/com/hazelcast/instance/HazelcastInstanceFactory.java","44","0","4","8","299","395","1"
"hazelcast","c156976e3a4ea9a63387231bd5a9e0b0992047d1","hazelcast/src/main/java/com/hazelcast/instance/HazelcastInstanceFactory.java","44","0","4","8","299","395","0"
"netty","f3c940d20810635cda3e6c0f19ec3a9f621fe1ed","transport/src/main/java/io/netty/channel/socket/nio/NioDatagramChannel.java","44","0","5","20","379","479","1"
"netty","2c1f17faa268b9a1b8ef8f1ddaf832d1397719a3","transport/src/main/java/io/netty/channel/nio/AbstractNioChannel.java","44","0","5","4","344","514","1"
"netty","5e148d56705d0770e124216fde2790f5e220ca5e","transport/src/main/java/io/netty/channel/nio/AbstractNioChannel.java","44","0","5","4","345","518","0"
"hazelcast","3ccf8bba219ff34c67806fe1b5f0e3421ff0046a","hazelcast/src/test/java/com/hazelcast/map/BackupTest.java","44","0","5","7","423","539","0"
"hazelcast","b3dbfb1620cf11f618f5b70b947d36c7fa212637","hazelcast/src/test/java/com/hazelcast/map/BackupTest.java","44","0","5","7","424","540","1"
"hazelcast","2c84640858569786577afc9fb091d5b1e7e73b8b","hazelcast/src/test/java/com/hazelcast/map/BackupTest.java","44","0","5","7","469","594","0"
"hazelcast","5c19ad1c4f4a3ded26889e412c9236eb67425166","hazelcast/src/main/java/com/hazelcast/util/HashUtil.java","44","0","6","10","340","506","0"
"hazelcast","0f249297eb985348403340864fd454fc26588be5","hazelcast/src/main/java/com/hazelcast/util/HashUtil.java","44","0","6","10","343","507","0"
"orientdb","b80668d3a300628d324103b1111b004808b757d7","core/src/main/java/com/orientechnologies/orient/core/sql/filter/OSQLFilterItemField.java","44","0","6","11","169","259","0"
"elasticsearch","371c73e14023917f3892090d2d3d7ff9ac1216b9","core/src/main/java/org/elasticsearch/search/aggregations/AggregatorFactories.java","44","0","6","14","259","340","3"
"elasticsearch","78574d248cf10dad1c5a566fda79e1e0c94afe43","core/src/main/java/org/elasticsearch/search/aggregations/AggregatorFactories.java","44","0","6","14","259","340","2"
"elasticsearch","e6aaaf11ed4a1b8f595f920de1840938eddb7a97","core/src/main/java/org/elasticsearch/search/aggregations/AggregatorFactories.java","44","0","6","14","259","340","2"
"elasticsearch","a60b8948ba1d836a6eac7cff095519e618939ed8","core/src/main/java/org/elasticsearch/search/aggregations/AggregatorFactories.java","44","0","6","14","259","340","0"
"orientdb","040b05508933cf63ab4302ba24753d268640088c","core/src/main/java/com/orientechnologies/orient/core/sql/OChainedIndexProxy.java","44","0","7","37","424","640","2"
"netty","4d6ab1d30de2fd06bc7544ce6301fd6b85d183d7","codec-http2/src/main/java/io/netty/handler/codec/http2/HttpConversionUtil.java","44","0","8","3","288","496","1"
"titan","627201ea7c20d1f72ab1d548ad5ec11041da09ee","titan-core/src/main/java/com/thinkaurelius/titan/diskstorage/Backend.java","44","0","9","18","551","749","2"
"elasticsearch","01ca81e2a37c9cd38c6dc44ae567d427c059dbe0","src/test/java/org/elasticsearch/test/hamcrest/ElasticsearchAssertions.java","44","0","9","49","531","675","4"
"elasticsearch","68046b64c26384a53e65a4afae5987ebb3e87c9d","src/test/java/org/elasticsearch/test/hamcrest/ElasticsearchAssertions.java","44","0","9","49","536","680","4"
"MapDB","4b0c7f416c77fea4953f210a449bfdd05a9d251b","src/main/java/org/mapdb/BTreeMap.java","443","0","5","42","2054","2737","1"
"orientdb","05d10e9ced2a91467778ed614aadba0cd243dcac","core/src/main/java/com/orientechnologies/orient/core/sql/executor/OSelectExecutionPlanner.java","446","0","1","2","1674","2027","1"
"orientdb","0ba4a8da535d4df517b2ec432325cb9fb156f254","core/src/main/java/com/orientechnologies/orient/core/sql/executor/OSelectExecutionPlanner.java","447","0","1","2","1677","2030","0"
"MapDB","7d0c7338c9890e2f28b060f2d905aeaad911be12","src/main/java/org/mapdb/BTreeMap.java","448","0","5","42","2078","2762","0"
"hazelcast","3156ce84412412a57132e1f8c26c2d6a50b77b6a","hazelcast/src/main/java/com/hazelcast/util/scheduler/SecondsBasedEntryTaskScheduler.java","45","0","0","0","254","324","1"
"netty","b91dd0678d290a70817ddc44bb5ced2baed275fd","handler/src/main/java/io/netty/handler/ssl/CipherSuiteConverter.java","45","0","0","0","260","416","1"
"hazelcast","91dc8370ee2482cbf6a7f5cbaa6c92214d81dc6c","hazelcast/src/main/java/com/hazelcast/map/AbstractEvictableRecordStore.java","45","0","0","0","292","424","2"
"hazelcast","86a8460b7e36376816dea524d18b755c5b2fc9e7","hazelcast/src/main/java/com/hazelcast/map/AbstractEvictableRecordStore.java","45","0","0","0","293","425","0"
"hazelcast","6ac727db661eb934e5608e28e8a3603e7300d710","hazelcast/src/main/java/com/hazelcast/map/impl/mapstore/writebehind/DefaultWriteBehindProcessor.java","45","0","0","0","301","430","0"
"hazelcast","7a8d9282ca206e921934a8709d079e3ca00d3c3c","hazelcast/src/main/java/com/hazelcast/map/AbstractEvictableRecordStore.java","45","0","0","0","304","441","0"
"hazelcast","b71ea0beea4c49f1a5f160f71f7fb0b5d62aa1dd","hazelcast/src/main/java/com/hazelcast/map/impl/AbstractEvictableRecordStore.java","45","0","0","0","305","442","1"
"hazelcast","15e21e12f076d57d024b8d68e99c1e568610d487","hazelcast/src/main/java/com/hazelcast/map/impl/AbstractEvictableRecordStore.java","45","0","0","0","317","475","0"
"hazelcast","48e0d6708befe8810164c467fa2f0ba367b071f3","hazelcast/src/main/java/com/hazelcast/map/impl/AbstractEvictableRecordStore.java","45","0","0","0","317","475","0"
"hazelcast","6ca18366e874af84dbb23b82fc47e98d60ee5323","hazelcast/src/main/java/com/hazelcast/map/impl/AbstractEvictableRecordStore.java","45","0","0","0","317","475","0"
"hazelcast","dad5438f479c8781d8c673cbb6a08f85e7ab9c63","hazelcast/src/main/java/com/hazelcast/map/impl/AbstractEvictableRecordStore.java","45","0","0","0","317","475","1"
"hazelcast","fc6519a91894127ac00b73ea68c4c258595a6331","hazelcast/src/main/java/com/hazelcast/map/impl/AbstractEvictableRecordStore.java","45","0","0","0","317","475","1"
"hazelcast","789fec3a6e311f2b7e0375c14c84bee28393ab89","hazelcast/src/main/java/com/hazelcast/map/impl/recordstore/AbstractEvictableRecordStore.java","45","0","0","0","321","457","0"
"hazelcast","4f8baf629d95173c017dff426932eaa3919549c0","hazelcast/src/main/java/com/hazelcast/map/impl/recordstore/AbstractEvictableRecordStore.java","45","0","0","0","322","458","1"
"hazelcast","02bac7bdd0ad63c7fa868259f28e5c37a63925ca","hazelcast/src/main/java/com/hazelcast/nio/serialization/ByteArrayObjectDataInput.java","45","0","0","0","335","549","1"
"netty","d2cb51bc2e86ac485d84cb1a0313b22f4de988d0","buffer/src/main/java/io/netty/buffer/PoolThreadCache.java","45","0","0","0","363","509","0"
"elasticsearch","6db323164e5373a3d5bfb35a41c2cb3005aed241","core/src/main/java/org/elasticsearch/plugins/InstallPluginCommand.java","45","0","0","0","379","542","0"
"hazelcast","06cffdc24c82d1dd0c8d59aa33f46ef5f6910782","hazelcast/src/main/java/com/hazelcast/map/impl/MapServiceContextImpl.java","45","0","0","0","416","503","1"
"hazelcast","57058dd1412dad2b6d2dbcd080bc1dd2c2849623","hazelcast/src/main/java/com/hazelcast/map/impl/MapServiceContextImpl.java","45","0","0","0","416","503","2"
"hazelcast","8e16f818bc2f1f07a02ca59bd2dbafb84e476939","hazelcast/src/main/java/com/hazelcast/map/impl/MapServiceContextImpl.java","45","0","0","0","416","503","1"
"hazelcast","12e2af6c4b59fcb4dc5257758c8a911466677fd8","hazelcast/src/main/java/com/hazelcast/map/impl/MapServiceContextImpl.java","45","0","0","0","416","503","0"
"hazelcast","5ea5810bd0e9cc519e2385c60d03ae5ec9b8be30","hazelcast/src/main/java/com/hazelcast/map/impl/MapServiceContextImpl.java","45","0","0","0","423","510","2"
"neo4j","1f8c2d6a9466972520b49477c149e83779757d7a","enterprise/security/src/main/java/org/neo4j/server/security/enterprise/auth/InternalFlatFileRealm.java","45","0","0","0","536","652","1"
"hazelcast","5458ddbd165b5781f5842d0d5d30b30036b4bb0d","hazelcast/src/main/java/com/hazelcast/map/impl/MapServiceContextImpl.java","45","0","0","0","623","743","1"
"hazelcast","6545c690b616d41bf33e2d8e46c6dce930dc01c0","hazelcast/src/main/java/com/hazelcast/map/impl/MapServiceContextImpl.java","45","0","0","0","623","745","0"
"hazelcast","358bc0567ee888fc2b1167e21d964047cbf60013","hazelcast/src/main/java/com/hazelcast/map/impl/MapServiceContextImpl.java","45","0","0","0","645","770","1"
"hazelcast","fb6700346872da3eac002c3d2157b9a7da728fa2","hazelcast/src/main/java/com/hazelcast/map/impl/MapServiceContextImpl.java","45","0","0","0","663","795","0"
"elasticsearch","4bce7271659889d839388d7df5c61a6d2a5c3c7a","core/src/main/java/org/elasticsearch/index/search/MultiMatchQuery.java","45","0","0","11","253","322","0"
"elasticsearch","47f92d7c621eb0b0e4cf350ae21c8553592a324f","core/src/main/java/org/elasticsearch/index/search/MultiMatchQuery.java","45","0","0","11","261","331","1"
"netty","0ca2c3016b1e8aa1fa8d789ce3eac68ffff3d912","handler/src/test/java/io/netty/handler/ssl/SSLEngineTest.java","45","0","0","15","912","1115","1"
"hazelcast","624b7e05d70307ae2881d55c81a707723f377a8b","hazelcast-client/src/main/java/com/hazelcast/client/spi/impl/ClientCallFuture.java","45","0","0","16","262","325","0"
"hazelcast","eafda3d79f96cfc9ce80e1631a5f2996e650b9ee","hazelcast-client/src/main/java/com/hazelcast/client/spi/impl/ClientCallFuture.java","45","0","0","16","268","330","0"
"hazelcast","1bf82788c4e21094b8d75cce64ee9be4e8adad08","hazelcast-client/src/main/java/com/hazelcast/client/spi/impl/ClientCallFuture.java","45","0","0","16","277","339","1"
"hazelcast","67d2b8f08b8841194f740f80375c8e9919fb4284","hazelcast-client/src/main/java/com/hazelcast/client/spi/impl/ClientCallFuture.java","45","0","0","16","277","339","1"
"hazelcast","ec9060844513d2811d5bee8de0b8282e4becd97b","hazelcast-client/src/main/java/com/hazelcast/client/spi/impl/ClientCallFuture.java","45","0","0","16","277","339","0"
"elasticsearch","57c0d29114b60f74e43ceb0914c26d490b61a265","src/main/java/org/elasticsearch/index/search/MatchQuery.java","45","0","0","18","300","372","1"
"elasticsearch","c3ab79a10e64291361d2be6fc5e20002352c3aed","src/main/java/org/elasticsearch/index/search/MatchQuery.java","45","0","0","18","300","372","1"
"elasticsearch","b11f81d744a5c23bf7c20d696939e226905c60e7","src/main/java/org/elasticsearch/index/search/MatchQuery.java","45","0","0","18","300","372","0"
"hazelcast","273fe67c209623113eb76929bcfb222386d5fbb1","hazelcast/src/main/java/com/hazelcast/scheduledexecutor/impl/ScheduledExecutorContainer.java","45","0","0","20","371","485","0"
"elasticsearch","374b633a4b46c8e121e70a563282d4138a3bdba4","src/main/java/org/elasticsearch/common/bytes/PagedBytesReference.java","45","0","0","21","313","444","0"
"hazelcast","2bc1b2f6482abbd5a624cd21d23526de66133199","hazelcast-cloud/src/main/java/com/hazelcast/aws/utility/CloudyUtility.java","45","0","0","3","211","263","2"
"hazelcast","d77d28b2a6bb4dc6b3d56c574c51c18df2f67e68","hazelcast/src/test/java/com/hazelcast/cache/CacheBasicAbstractTest.java","45","0","0","36","696","820","2"
"hazelcast","9c29e2346aa7f605215555d28be09056c1f51f6d","hazelcast/src/main/java/com/hazelcast/executor/impl/ExecutorServiceProxy.java","45","0","0","45","529","627","0"
"ceylon-ide-eclipse","3b302d76ae62a8cde7b1be7d04161e934c77452f","plugins/com.redhat.ceylon.eclipse.ui/src/com/redhat/ceylon/eclipse/code/refactor/MoveFileRefactoringParticipant.java","45","0","0","5","363","421","0"
"hazelcast","0b7884844111db66ed73a3062c187ad6cb01eb44","hazelcast/src/main/java/com/hazelcast/nio/ssl/SSLSocketChannelWrapper.java","45","0","0","6","228","263","1"
"hazelcast","cdee74d2f2f97d8cbf5410c24e80e42f7c2b044e","hazelcast/src/main/java/com/hazelcast/nio/ssl/SSLSocketChannelWrapper.java","45","0","0","6","230","260","0"
"hazelcast","51394bc1bdb7ac6fa02b80d6855b6520bf2ea9c3","hazelcast/src/main/java/com/hazelcast/nio/ssl/SSLSocketChannelWrapper.java","45","0","0","6","233","268","0"
"hazelcast","fd8466d305ef9b6043b262ab65c6b52f60efa165","hazelcast/src/main/java/com/hazelcast/nio/ssl/SSLSocketChannelWrapper.java","45","0","0","6","233","268","0"
"hazelcast","8e6232b8787ff041e3b32134843fdecf3c003dca","hazelcast/src/main/java/com/hazelcast/nio/ssl/SSLSocketChannelWrapper.java","45","0","0","6","233","268","1"
"orientdb","4c96e93bec24a804b3b3be303097d2d6753d28cc","server/src/main/java/com/orientechnologies/orient/server/tx/OTransactionOptimisticProxy.java","45","0","0","6","237","324","1"
"orientdb","1fa60385a47c5c8fac6de67b95663c780e9b91fa","server/src/main/java/com/orientechnologies/orient/server/tx/OTransactionOptimisticProxy.java","45","0","0","6","239","325","0"
"orientdb","ad2d33fb4fdbc5387934dc847c8536cd2135d820","server/src/main/java/com/orientechnologies/orient/server/tx/OTransactionOptimisticProxy.java","45","0","0","6","247","332","1"
"orientdb","9fd55492fddde82575ed2dd6134ba954a0e4deb3","server/src/main/java/com/orientechnologies/orient/server/tx/OTransactionOptimisticProxy.java","45","0","0","6","252","340","0"
"hazelcast","2de8ac0961c648eaa187375fb9abd0fc3e429f1b","hazelcast-client/src/test/java/com/hazelcast/client/cache/nearcache/ClientNearCacheTestSupport.java","45","0","0","6","523","708","0"
"hazelcast","1f042b8c4a4245594691bb6d85a66ceed9b43068","hazelcast-client/src/test/java/com/hazelcast/client/map/impl/nearcache/ClientMapNearCacheTest.java","45","0","0","65","1013","1317","1"
"hazelcast","fdd243737fd9ca6e2ae7d1cc44617e2f54f37cfa","hazelcast-client/src/test/java/com/hazelcast/client/map/impl/nearcache/ClientMapNearCacheTest.java","45","0","0","65","1013","1317","2"
"hazelcast","2921cff694583b8638dae2991f427e61d5440a9d","hazelcast-client/src/test/java/com/hazelcast/client/map/impl/nearcache/ClientMapNearCacheTest.java","45","0","0","65","1013","1317","0"
"hazelcast","52a52795addfbb1fa317d0716c26a6320e6cf422","hazelcast-client/src/test/java/com/hazelcast/client/map/impl/nearcache/ClientMapNearCacheTest.java","45","0","0","65","1014","1318","2"
"hazelcast","007dea471ec96d6f8bb71f03a7a3c2257f7df3b1","hazelcast-client/src/test/java/com/hazelcast/client/map/impl/nearcache/ClientMapNearCacheTest.java","45","0","0","66","1023","1329","1"
"hazelcast","4e7ff47186f2745b07ed2501acc0f5add899d5b8","hazelcast-client/src/test/java/com/hazelcast/client/map/impl/nearcache/ClientMapNearCacheTest.java","45","0","0","66","1025","1331","1"
"hazelcast","e2d9fdddfd341f23547960712eca30d12e660600","hazelcast/src/main/java/com/hazelcast/nio/ssl/SSLSocketChannelWrapper.java","45","0","0","7","239","277","0"
"hazelcast","6fb03e855d1411dc84a4256ea2ba1c892c5aaa9a","hazelcast/src/main/java/com/hazelcast/nio/ssl/SSLSocketChannelWrapper.java","45","0","0","7","239","278","1"
"elasticsearch","1d00fe31293ec7e6f7aeb6e067a26c3de1544ad3","core/src/test/java/org/elasticsearch/cluster/routing/allocation/ClusterRebalanceRoutingTests.java","45","0","0","7","501","627","2"
"elasticsearch","e530f03b9445e98728b5fbf203c57ab774928ff3","src/test/java/org/elasticsearch/test/unit/cluster/routing/allocation/ClusterRebalanceRoutingTests.java","45","0","0","7","506","632","0"
"elasticsearch","b6a9bd9a31862bf4f73efd0009727134b91c4f27","src/test/java/org/elasticsearch/test/unit/cluster/routing/allocation/ClusterRebalanceRoutingTests.java","45","0","0","7","507","633","0"
"elasticsearch","b8e2d12b2319db5d989130e41abc51ac6532b607","core/src/test/java/org/elasticsearch/action/search/SearchPhaseControllerTests.java","45","0","0","9","325","379","0"
"neo4j","6f215f6f81de35daac3361efda191fe34a131ed9","community/lucene-index/src/test/java/org/neo4j/index/impl/lucene/legacy/TestLuceneIndex.java","45","0","0","91","1732","2026","1"
"elasticsearch","60bddc28ebd690446c88a454cc24de984fdf0fc5","src/main/java/org/elasticsearch/action/support/broadcast/TransportBroadcastOperationAction.java","45","0","1","0","323","433","0"
"elasticsearch","6d9576c217fabef81bc77e5f91da3b4163502d4e","modules/elasticsearch/src/main/java/org/elasticsearch/action/search/type/TransportSearchTypeAction.java","45","0","1","1","270","361","1"
"hazelcast","21345941fe1cf3d761ab689b701039972c46a9a8","hazelcast/src/main/java/com/hazelcast/spi/impl/BasicOperationScheduler.java","45","0","1","10","407","556","0"
"orientdb","136db63960bbf53514691bf5a0bb8361a5ea5361","core/src/main/java/com/orientechnologies/orient/core/sql/filter/OSQLTarget.java","45","0","1","11","204","285","0"
"orientdb","f3ef57b6670c3d42ad0f3248c972f8076e6a3ebc","core/src/main/java/com/orientechnologies/orient/core/sql/filter/OSQLTarget.java","45","0","1","11","204","285","0"
"orientdb","46bbcabde62c2b9e61ebaf45dc23f16d9dee7f02","core/src/main/java/com/orientechnologies/orient/core/sql/filter/OSQLTarget.java","45","0","1","11","204","285","1"
"elasticsearch","4a48b93cf5e35017b635256720e5f767c9583715","src/main/java/org/apache/lucene/queries/BlendedTermQuery.java","45","0","1","11","228","311","0"
"orientdb","b99ef4dc718c6843428505e90b75ec47566fedae","core/src/main/java/com/orientechnologies/orient/core/storage/impl/local/paginated/OLocalPaginatedStorage.java","45","0","1","11","373","478","1"
"orientdb","7714495a75dd494934a6cfa3c422763d92a19239","core/src/main/java/com/orientechnologies/orient/core/storage/impl/local/paginated/OLocalPaginatedStorage.java","45","0","1","11","374","479","0"
"hazelcast","b949940524e885bddfdd6391e0330ab00b56f34a","hazelcast-client/src/main/java/com/hazelcast/client/spi/impl/listener/ClientSmartListenerService.java","45","0","1","11","379","466","3"
"orientdb","252aa4c00e6048e5a77066dc5f770ef6e58dd1ea","core/src/main/java/com/orientechnologies/orient/core/sql/parser/OIndexMatchCondition.java","45","0","1","13","156","188","1"
"orientdb","a6366e3af3a3ac8bcc2c055cc837d28536384916","core/src/test/java/com/orientechnologies/orient/core/index/sbtree/local/SBTreeTestBigValues.java","45","0","1","13","272","368","1"
"orientdb","0b098ecbb27731eae0d6bc55a5750b000a6b9777","core/src/main/java/com/orientechnologies/orient/core/sql/parser/OIndexMatchCondition.java","45","0","1","14","159","193","0"
"orientdb","49646436cee4497bc6b13ed638598cac2c4ae6e6","core/src/main/java/com/orientechnologies/orient/core/storage/impl/local/paginated/OClusterPositionMap.java","45","0","1","18","435","538","0"
"orientdb","32ed7a93a862e2a303d612918db8a340c88dbcc1","core/src/main/java/com/orientechnologies/orient/core/storage/impl/local/paginated/wal/OWALPageChangesPortion.java","45","0","1","19","254","315","0"
"hazelcast","2af0e3527b78f6dfd8819995fa103791450de66c","hazelcast/src/main/java/com/hazelcast/internal/partition/impl/PartitionReplicaStateChecker.java","45","0","1","2","242","316","2"
"hazelcast","6d6ea45a37214e4c4050a9960e72834a9b00df07","hazelcast/src/main/java/com/hazelcast/internal/partition/impl/PartitionReplicaStateChecker.java","45","0","1","2","249","328","0"
"hazelcast","bfa50b94f7d17d96907faaedf3e4811680937685","hazelcast/src/main/java/com/hazelcast/internal/partition/impl/PartitionReplicaStateChecker.java","45","0","1","2","250","329","0"
"elasticsearch","6c2139c18672b50c39c3cc4861b0dc7706d58177","src/main/java/org/elasticsearch/tribe/TribeService.java","45","0","1","2","257","341","4"
"elasticsearch","98aecee5319b6dafb4e446ecb167c235eeacd101","src/main/java/org/elasticsearch/tribe/TribeService.java","45","0","1","2","284","371","4"
"elasticsearch","4da66c4f959c1c22ac013e93564adc99236a78cc","src/main/java/org/elasticsearch/tribe/TribeService.java","45","0","1","2","286","373","3"
"elasticsearch","4c1bc3ae4f76f04f6ff17a8ae1ebaeca4ed1aa99","src/main/java/org/elasticsearch/indices/recovery/RecoverySource.java","45","0","1","2","361","446","1"
"elasticsearch","5bfd75e489ef8a21e8deb4333888d50d779aaad5","src/main/java/org/elasticsearch/indices/recovery/RecoverySource.java","45","0","1","2","361","446","2"
"elasticsearch","99ef3408fb8c3777b385f4b73506ca39c75da6ed","src/main/java/org/elasticsearch/indices/recovery/RecoverySource.java","45","0","1","2","361","446","1"
"elasticsearch","01ca81e2a37c9cd38c6dc44ae567d427c059dbe0","src/main/java/org/elasticsearch/indices/recovery/RecoverySource.java","45","0","1","2","361","446","0"
"elasticsearch","a6d7742cb51bb3e53d120a0abeed585f656d82b5","src/main/java/org/elasticsearch/indices/recovery/RecoverySource.java","45","0","1","2","379","470","0"
"elasticsearch","4677d050487b6825493d1e268683726cbe92eca1","src/main/java/org/elasticsearch/indices/recovery/RecoverySource.java","45","0","1","2","382","473","0"
"elasticsearch","de243493c9a31354d742c34a66817e8a06798026","src/main/java/org/elasticsearch/index/translog/fs/FsTranslog.java","45","0","1","20","329","396","0"
"elasticsearch","bd75b731c654f4c845f0781306b8055704706585","src/main/java/org/elasticsearch/index/translog/fs/FsTranslog.java","45","0","1","20","334","401","1"
"orientdb","f2c3273e9f37bffc0c99099735b1a09364360430","core/src/main/java/com/orientechnologies/orient/core/index/hashindex/local/OHashTableDirectory.java","45","0","1","20","498","612","0"
"ceylon-ide-eclipse","6293b6c6145defe8d2ff03870d529235568592a2","plugins/com.redhat.ceylon.eclipse.ui/src/com/redhat/ceylon/eclipse/util/FindAssignmentsVisitor.java","45","0","1","21","248","279","0"
"hazelcast","a00507315b022460b0fee863f72e4580009092a8","hazelcast/src/main/java/com/hazelcast/internal/serialization/impl/MorphingPortableReader.java","45","0","1","21","276","326","1"
"hazelcast","dc51f93e418767944319a2ed2e1c35ec9b08fc79","hazelcast/src/main/java/com/hazelcast/internal/serialization/impl/MorphingPortableReader.java","45","0","1","21","276","326","1"
"hazelcast","19305a8341456102ebac0796bd907c5c872f4546","hazelcast/src/main/java/com/hazelcast/internal/serialization/impl/MorphingPortableReader.java","45","0","1","21","276","326","0"
"hazelcast","12ad89d43457dfc18befe16acb89acaa2fbbf86b","hazelcast/src/main/java/com/hazelcast/internal/serialization/impl/MorphingPortableReader.java","45","0","1","21","277","327","0"
"netty","869687bd711e1358367203526128d9a2ad90663a","transport-native-epoll/src/main/java/io/netty/channel/epoll/EpollDatagramChannel.java","45","0","1","21","391","498","0"
"elasticsearch","fe1d22af0119bb040e0fa8a259861472f5ce3c11","src/main/java/org/elasticsearch/index/translog/fs/FsTranslog.java","45","0","1","22","339","407","1"
"orientdb","49646436cee4497bc6b13ed638598cac2c4ae6e6","core/src/main/java/com/orientechnologies/common/concur/lock/ONewLockManager.java","45","0","1","22","353","479","0"
"orientdb","7177f9ee131b9ba26b5a3b5a853ba2b0ee239010","jdbc/src/main/java/com/orientechnologies/orient/jdbc/OrientJdbcResultSetMetaData.java","45","0","1","25","248","330","0"
"netty","20ef4690e74a7a5007468815f070a6c1f5074d0d","transport/src/main/java/io/netty/channel/DefaultChannelConfig.java","45","0","1","25","278","348","0"
"elasticsearch","a37f1f55cc437663084eacde78ca7bc6d23463c3","src/test/java/org/elasticsearch/test/integration/search/highlight/HighlighterSearchTests.java","45","0","1","27","924","1219","0"
"hazelcast","1bfc71314ed00effe6c212f20af4d0092a27f5cc","hazelcast/src/test/java/com/hazelcast/cache/CacheBasicAbstractTest.java","45","0","1","36","709","839","1"
"elasticsearch","d621b160e9b940add546a6234bc2d17381334f33","src/test/java/org/elasticsearch/snapshots/DedicatedClusterSnapshotRestoreTests.java","45","0","1","37","839","1036","1"
"hazelcast","2388114ba2aac3aa5417e6dcd6c4b8932db39281","hazelcast/src/main/java/com/hazelcast/query/impl/getters/ReflectionHelper.java","45","0","1","4","157","194","1"
"elasticsearch","57653df7133d02fa09b67343232f33c096100e16","src/main/java/org/elasticsearch/rest/action/search/RestSearchAction.java","45","0","1","4","224","274","0"
"elasticsearch","fad5e2d0e10e6c0ffb03a18bc38019e35bf05c6c","src/main/java/org/elasticsearch/rest/action/search/RestSearchAction.java","45","0","1","4","230","275","1"
"elasticsearch","d356881664dc7ce60f46aaed4d910f87be3cfea9","src/main/java/org/elasticsearch/rest/action/search/RestSearchAction.java","45","0","1","4","231","276","0"
"elasticsearch","96f4c06f46fbf993357c2ff9c90c6d5ad7d80238","src/main/java/org/elasticsearch/cluster/metadata/IndexTemplateMetaData.java","45","0","1","40","348","449","0"
"ceylon-ide-eclipse","ab2863bb53e370033c2de6e82104198fda13d1ce","plugins/com.redhat.ceylon.eclipse.ui/src/com/redhat/ceylon/eclipse/core/model/mirror/JDTClass.java","45","0","1","40","552","655","2"
"elasticsearch","78574d248cf10dad1c5a566fda79e1e0c94afe43","core/src/main/java/org/elasticsearch/cluster/metadata/IndexTemplateMetaData.java","45","0","1","41","357","461","1"
"elasticsearch","e6aaaf11ed4a1b8f595f920de1840938eddb7a97","core/src/main/java/org/elasticsearch/cluster/metadata/IndexTemplateMetaData.java","45","0","1","41","357","461","1"
"elasticsearch","a60b8948ba1d836a6eac7cff095519e618939ed8","core/src/main/java/org/elasticsearch/cluster/metadata/IndexTemplateMetaData.java","45","0","1","41","357","461","0"
"elasticsearch","834c79597ecb77d09567ab3a3b74d47a9209bd21","src/main/java/org/elasticsearch/index/mapper/core/AbstractFieldMapper.java","45","0","1","46","390","510","0"
"hazelcast","0454e62cfd0f817c1545018b2ef2bb14e8335096","hazelcast/src/main/java/com/hazelcast/query/impl/getters/ReflectionHelper.java","45","0","1","5","178","222","0"
"hazelcast","485e00e792090fd60dd1dec674665168dc5f64e1","hazelcast/src/main/java/com/hazelcast/query/impl/getters/ReflectionHelper.java","45","0","1","5","178","222","0"
"hazelcast","e0f29e7df235caaf05e5121f99811eb5a509b34a","hazelcast/src/main/java/com/hazelcast/query/impl/getters/ReflectionHelper.java","45","0","1","5","178","222","1"
"hazelcast","010a0da06277e239160b708d62f417a04e431bbe","hazelcast/src/main/java/com/hazelcast/query/impl/ReflectionHelper.java","45","0","1","5","246","311","0"
"elasticsearch","b4064ce43fc43fecc2b63c63c0d27d52f4656f16","core/src/test/java/org/elasticsearch/recovery/RelocationIT.java","45","0","1","5","429","522","0"
"BroadleafCommerce","3c4ef92e89fc7d1c2398afe083fc23be7c0e18e4","core/broadleaf-framework/src/main/java/org/broadleafcommerce/core/payment/service/DefaultPaymentGatewayCheckoutService.java","45","0","1","6","255","378","0"
"BroadleafCommerce","1894f3e22f2c813c95303cde11521d1d78849a7f","core/broadleaf-framework/src/main/java/org/broadleafcommerce/core/payment/service/DefaultPaymentGatewayCheckoutService.java","45","0","1","6","262","377","0"
"orientdb","e7de7f4d41e9ce1a35bf94e2e22d82b3750b6d5c","etl/src/main/java/com/orientechnologies/orient/etl/extractor/OCSVExtractor.java","45","0","1","7","250","310","1"
"orientdb","7d5b35cf88b1863543d756393b5e313fe3070d1b","etl/src/main/java/com/orientechnologies/orient/etl/extractor/OCSVExtractor.java","45","0","1","7","250","311","0"
"elasticsearch","7ab0e2c5321c802068d85c0fa3a0f44e0b02c5a4","core/src/test/java/org/elasticsearch/search/query/SearchQueryIT.java","45","0","1","70","2003","2471","1"
"hazelcast","09bd1799af89fd08fca90af7badcfb4587b22aa2","hazelcast/src/main/java/com/hazelcast/mapreduce/impl/task/MapCombineTask.java","45","0","1","8","303","422","1"
"hazelcast","bae7d5dcf12e85f48c49810190ec089eeea0b454","hazelcast/src/main/java/com/hazelcast/mapreduce/impl/task/MapCombineTask.java","45","0","1","8","308","427","0"
"netty","d3dcc7f65824ef09ebc5e50a5e7ba882850a9be5","transport/src/main/java/io/netty/channel/local/LocalChannel.java","45","0","1","8","343","444","0"
"elasticsearch","d64d0d6a97ae8dd70ba6018f97dd3c5fc10acd53","src/main/java/org/elasticsearch/index/search/child/ChildrenQuery.java","45","0","1","8","469","583","1"
"orientdb","00de5503b0514dc5600d5630d30bc49b34df2fe4","core/src/main/java/com/orientechnologies/orient/core/sql/operator/OQueryOperatorEquals.java","45","0","1","9","167","235","0"
"BroadleafCommerce","0c21b421c1d9c38444c820eea84cad34979e3b37","core/broadleaf-framework/src/main/java/org/broadleafcommerce/core/catalog/domain/ProductImpl.java","45","0","1","92","741","903","1"
"elasticsearch","a7947b404b3f32df9ebdaa35da836bd4bc0fa760","core/src/main/java/org/elasticsearch/node/Node.java","45","0","11","2","714","1001","3"
"elasticsearch","371c73e14023917f3892090d2d3d7ff9ac1216b9","core/src/main/java/org/elasticsearch/search/aggregations/metrics/scripted/ScriptedMetricAggregationBuilder.java","45","0","11","4","257","348","3"
"elasticsearch","78574d248cf10dad1c5a566fda79e1e0c94afe43","core/src/main/java/org/elasticsearch/search/aggregations/metrics/scripted/ScriptedMetricAggregationBuilder.java","45","0","11","4","257","348","2"
"elasticsearch","e6aaaf11ed4a1b8f595f920de1840938eddb7a97","core/src/main/java/org/elasticsearch/search/aggregations/metrics/scripted/ScriptedMetricAggregationBuilder.java","45","0","11","4","257","348","2"
"elasticsearch","a60b8948ba1d836a6eac7cff095519e618939ed8","core/src/main/java/org/elasticsearch/search/aggregations/metrics/scripted/ScriptedMetricAggregationBuilder.java","45","0","11","4","257","348","0"
"hazelcast","70d4de16ff0ac4518d09aad8c9f2ad9e782fb337","hazelcast/src/test/java/com/hazelcast/executor/ExecutorServiceTest.java","45","0","12","29","832","1032","2"
"hazelcast","5a4c820c3dfa4e558ef218bf7670aa0ab2108802","hazelcast/src/test/java/com/hazelcast/executor/ExecutorServiceTest.java","45","0","12","30","842","1053","0"
"hazelcast","05336c8f78f051d470a189fee7494a0919e97550","hazelcast/src/test/java/com/hazelcast/executor/ExecutorServiceTest.java","45","0","12","30","846","1059","1"
"elasticsearch","7e5058037b8a5830080da488f067914d24a5f477","core/src/main/java/org/elasticsearch/search/aggregations/support/ValuesSourceAggregationBuilder.java","45","0","12","5","321","453","2"
"elasticsearch","b1cef5fdf8e1f8e9982a4724986b2731ca4d522b","core/src/main/java/org/elasticsearch/search/aggregations/support/ValuesSourceAggregationBuilder.java","45","0","12","5","322","454","1"
"elasticsearch","8f13c5ad4de5e45fcb624b18baeb26e1afb66978","src/main/java/org/elasticsearch/repositories/RepositoriesService.java","45","0","12","7","374","569","1"
"elasticsearch","6174e21f47244b6d5153d7d0cc1fe28fe863399d","core/src/main/java/org/elasticsearch/search/aggregations/support/ValuesSourceAggregationBuilder.java","45","0","13","4","319","454","1"
"elasticsearch","3aed047bdedde1bda189cbfc2f81e65af42e57c5","core/src/main/java/org/elasticsearch/search/aggregations/support/ValuesSourceAggregationBuilder.java","45","0","13","4","322","457","0"
"elasticsearch","56cc87b7ccd41040d8fafcaf2da3680d96d10839","core/src/main/java/org/elasticsearch/action/fieldstats/FieldStats.java","45","0","13","43","436","602","0"
"elasticsearch","25fd9e26c4fb042d6f6dea14efcd239577bdbbc4","core/src/main/java/org/elasticsearch/action/fieldstats/FieldStats.java","45","0","13","43","436","604","0"
"elasticsearch","5910b17ece360ab03cb86cbfa46bd822c6e0da6b","src/main/java/org/elasticsearch/common/geo/GeoUtils.java","45","0","18","0","229","428","1"
"Android-Universal-Image-Loader","8ba3407c3b781fbc714377e8b3845242741468d8","UniversalImageLoader/src/com/nostra13/universalimageloader/core/ImageLoader.java","45","0","18","0","245","469","0"
"elasticsearch","474fd2607346308674f65ce336af8fc3c125b53c","core/src/main/java/org/elasticsearch/common/settings/Setting.java","45","0","18","58","550","805","1"
"neo4j","61537df5a0007ae04cb32f96f0931f1bf7202834","community/shell/src/main/java/org/neo4j/shell/kernel/apps/Cd.java","45","0","2","1","306","357","0"
"orientdb","0d271e6eb4c56a0833860751060319e6feaad204","server/src/main/java/com/orientechnologies/orient/server/network/protocol/binary/OBinaryNetworkProtocolAbstract.java","45","0","2","10","336","470","1"
"hazelcast","1bc391e6078dd617c867c798e9b253d75fd47ab0","hazelcast/src/main/java/com/hazelcast/spi/impl/AbstractInvocationFuture.java","45","0","2","11","269","410","0"
"hazelcast","c4feb143e90da0ac828ba9077c83e15a9d4fb4cd","hazelcast/src/main/java/com/hazelcast/cache/impl/AbstractHazelcastCacheManager.java","45","0","2","13","274","353","1"
"hazelcast","2b274e6521ea45ba3f56fc50cbbe51d807794e3c","hazelcast/src/main/java/com/hazelcast/cache/impl/AbstractHazelcastCacheManager.java","45","0","2","13","277","356","0"
"hazelcast","6aa478bb5620a41415f1e93043cca925c0c56043","hazelcast/src/main/java/com/hazelcast/cache/impl/AbstractHazelcastCacheManager.java","45","0","2","13","277","360","0"
"elasticsearch","e70a8d4ee986d0d80457aa7c65eb6f40e28c2805","src/test/java/org/elasticsearch/action/support/replication/ShardReplicationOperationTests.java","45","0","2","14","680","842","1"
"elasticsearch","aea00a62f3825e388e07007d3c8686f93c2d3f8e","core/src/test/java/org/elasticsearch/action/support/replication/ShardReplicationTests.java","45","0","2","14","689","852","1"
"elasticsearch","17906ca7d615dc4c72cb5cc403f2d561dc1f2ff3","core/src/test/java/org/elasticsearch/action/support/replication/ShardReplicationTests.java","45","0","2","14","690","853","1"
"elasticsearch","19a6cb246ee059e9545e49c7943ddd991feb4677","src/test/java/org/elasticsearch/action/support/replication/ShardReplicationOperationTests.java","45","0","2","14","693","856","0"
"titan","560c02dc92a77b07cd3fead1f073c16b948eb2be","titan-core/src/main/java/com/thinkaurelius/titan/graphdb/database/StandardTitanGraph.java","45","0","2","16","253","328","0"
"hazelcast","1e0954a1dfa0c5a9be7eff340a62978d0cfd9e22","hazelcast/src/main/java/com/hazelcast/cache/impl/AbstractHazelcastCacheManager.java","45","0","2","17","340","457","0"
"hazelcast","6c2962bbaddf030517bf61560c7cdb46562f9466","hazelcast/src/main/java/com/hazelcast/cache/impl/AbstractHazelcastCacheManager.java","45","0","2","17","341","460","0"
"elasticsearch","3aed047bdedde1bda189cbfc2f81e65af42e57c5","core/src/main/java/org/elasticsearch/search/aggregations/bucket/range/RangeAggregator.java","45","0","2","18","295","367","1"
"mcMMO","3390a31cc69604247be5a639045b95ba91debf10","src/main/java/com/gmail/nossr50/mcMMO.java","45","0","2","19","385","509","1"
"mcMMO","eddadcc179c548bd0f34c68bb8c0a8df9b2bff23","src/main/java/com/gmail/nossr50/mcMMO.java","45","0","2","21","407","536","0"
"mcMMO","4aeda6e9e810f3c86f88976926d8055c00a53654","src/main/java/com/gmail/nossr50/mcMMO.java","45","0","2","21","408","537","2"
"mcMMO","7a14e61762bd2b211ae6f4ef53b81452b381322c","src/main/java/com/gmail/nossr50/mcMMO.java","45","0","2","21","408","537","1"
"mcMMO","385fe1bb053cbaf2e2d74e0ebc9fc104efb35012","src/main/java/com/gmail/nossr50/mcMMO.java","45","0","2","21","408","537","0"
"netty","6e5b25733f49d2ea843a89b4d547b856142212ec","codec-http2/src/main/java/io/netty/handler/codec/http2/DefaultHttp2ConnectionEncoder.java","45","0","2","23","398","524","1"
"elasticsearch","3b192cfc7488a02387501a598fe177234d4149ae","core/src/test/java/org/elasticsearch/action/support/replication/TransportReplicationActionTests.java","45","0","2","23","741","922","1"
"orientdb","861ddbbd4bc7e4500ec50658f6f7e21b680581d1","lucene/src/main/java/com/orientechnologies/lucene/engine/OLuceneIndexEngineAbstract.java","45","0","2","27","414","533","0"
"orientdb","ed22be16b340133c808215d3ab598f73d2c90bbb","lucene/src/main/java/com/orientechnologies/lucene/engine/OLuceneIndexEngineAbstract.java","45","0","2","27","421","536","1"
"elasticsearch","01b18ad219933679256753fa8639c37d11cac1ff","src/test/java/org/elasticsearch/search/aggregations/bucket/LongTermsTests.java","45","0","2","29","644","843","0"
"elasticsearch","01b18ad219933679256753fa8639c37d11cac1ff","src/test/java/org/elasticsearch/search/aggregations/bucket/DoubleTermsTests.java","45","0","2","29","644","850","0"
"orientdb","5499f443102cace2dfa66d6bb93b5715bc0a6393","lucene/src/main/java/com/orientechnologies/lucene/engine/OLuceneIndexEngineAbstract.java","45","0","2","30","415","536","0"
"orientdb","99a07688bdc3979e788f469cae7c5d9bd2fa9709","lucene/src/main/java/com/orientechnologies/lucene/engine/OLuceneIndexEngineAbstract.java","45","0","2","30","418","539","0"
"elasticsearch","01b18ad219933679256753fa8639c37d11cac1ff","src/test/java/org/elasticsearch/search/aggregations/bucket/StringTermsTests.java","45","0","2","32","781","1015","0"
"elasticsearch","9bb8bd05780d657ead3ce9335f6b66903b759bb5","core/src/test/java/org/elasticsearch/cluster/metadata/IndexNameExpressionResolverTests.java","45","0","2","37","711","902","2"
"elasticsearch","6b67e0bf2fb3e27279dff90ba76fa7c93bb4c828","core/src/test/java/org/elasticsearch/cluster/metadata/IndexNameExpressionResolverTests.java","45","0","2","39","767","974","1"
"elasticsearch","fae9dcaed755b47398fb93c23dec81b1d84e8e36","src/main/java/org/elasticsearch/common/joda/DateMathParser.java","45","0","2","4","213","268","2"
"BroadleafCommerce","ef66b29904681bd4ec0fd078d0bb34a61ddb7d20","core/broadleaf-profile/src/main/java/org/broadleafcommerce/profile/core/service/CustomerServiceImpl.java","45","0","2","40","395","533","1"
"elasticsearch","4a8759ef4c0ec3ca1c3e2b5fcdf6f258152820e3","core/src/test/java/org/elasticsearch/cluster/metadata/IndexNameExpressionResolverTests.java","45","0","2","40","782","991","1"
"BroadleafCommerce","0006af0a508d85e5272619e42d84de6cd274ba65","core/broadleaf-profile/src/main/java/org/broadleafcommerce/profile/core/service/CustomerServiceImpl.java","45","0","2","41","398","534","0"
"elasticsearch","0d5f3958e7d142a7e06437f6095cd55b98d830f3","core/src/test/java/org/elasticsearch/cluster/metadata/IndexNameExpressionResolverTests.java","45","0","2","41","819","1046","0"
"elasticsearch","23f0bf6b68d09e38419158f3ae4cff5eef8d7bcc","core/src/main/java/org/elasticsearch/monitor/fs/FsInfo.java","45","0","2","45","488","590","0"
"elasticsearch","b23adb6d153b94517545dbb8a11aa063f7abe7d3","core/src/main/java/org/elasticsearch/monitor/fs/FsInfo.java","45","0","2","45","488","590","0"
"elasticsearch","d8d03f45c29f277a6f29776c56e8f6fae9075508","core/src/main/java/org/elasticsearch/monitor/fs/FsInfo.java","45","0","2","45","488","590","1"
"elasticsearch","6cd9b92f95374b70eff8e60e4c9f1fd66a6e2e91","src/main/java/org/elasticsearch/transport/netty/MessageChannelHandler.java","45","0","2","5","310","415","0"
"ceylon-ide-eclipse","5b4c3eac8a7c12c0125a77343e602b4e73083595","plugins/com.redhat.ceylon.eclipse.ui/src/com/redhat/ceylon/eclipse/code/editor/ProjectionAnnotationManager.java","45","0","2","6","236","405","0"
"ceylon-ide-eclipse","d07fc67098fbbc0bc5bdc07fb518f75042d95444","plugins/com.redhat.ceylon.eclipse.ui/src/com/redhat/ceylon/eclipse/code/editor/ProjectionAnnotationManager.java","45","0","2","6","236","405","0"
"ceylon-ide-eclipse","64a391fbabba6b9bc6b553abfa42466e0ca9673d","plugins/com.redhat.ceylon.eclipse.ui/src/com/redhat/ceylon/eclipse/code/editor/ProjectionAnnotationManager.java","45","0","2","6","236","405","0"
"ceylon-ide-eclipse","64b73d83546ef38e15b029a505fabaa71555941b","plugins/com.redhat.ceylon.eclipse.ui/src/com/redhat/ceylon/eclipse/code/editor/ProjectionAnnotationManager.java","45","0","2","6","236","405","1"
"neo4j","5fac37423d3ffeea7973d7dbb3c494ef9376d2a9","community/lucene-index/src/main/java/org/neo4j/index/impl/lucene/legacy/LuceneDataSource.java","45","0","2","6","473","562","0"
"netty","80f92f90cbc9a8267cad3f338641982b53478e8a","transport/src/main/java/io/netty/channel/ChannelOutboundBuffer.java","45","0","2","8","405","541","1"
"netty","125070958d3f5bdf8a66bed74179b22c4bc30e7b","transport/src/main/java/io/netty/channel/ChannelOutboundBuffer.java","45","0","2","8","405","543","0"
"netty","0f6cc0cc7bcc546c124ed875d197f0333bca2da9","transport/src/main/java/io/netty/channel/ChannelOutboundBuffer.java","45","0","2","8","407","548","0"
"hazelcast","fc6e278674e0cc8f68a53f1b9d210d1e1fb8ed38","hazelcast/src/test/java/com/hazelcast/map/mapstore/MapStoreTest.java","45","0","2","91","1124","1307","2"
"elasticsearch","2e445d3ede953c90e4e1ce69e5f53192115b9dd7","core/src/main/java/org/elasticsearch/index/engine/Engine.java","45","0","22","87","738","1052","1"
"elasticsearch","7e53123f1f5539b2466bb9e3666114cb5a613441","core/src/main/java/org/elasticsearch/index/engine/Engine.java","45","0","22","87","739","1053","1"
"elasticsearch","4040f194f528c76c88be70b119cf9d7d6fcea99b","core/src/test/java/org/elasticsearch/test/hamcrest/ElasticsearchAssertions.java","45","0","23","52","609","832","1"
"orientdb","9cf416121d18f72a85f2135ddbd9a4fa47522967","graphdb/src/main/java/com/orientechnologies/orient/graph/sql/OCommandExecutorSQLDeleteVertex.java","45","0","3","10","242","338","0"
"BroadleafCommerce","97b8f96f99dd8de36ef964a31703e5615c5b55bc","admin/broadleaf-open-admin-platform/src/main/java/org/broadleafcommerce/openadmin/server/service/persistence/module/AdornedTargetListPersistenceModule.java","45","0","3","16","507","588","1"
"hazelcast","050a0b844d26d02c49d284f902910b0141aefd77","hazelcast/src/test/java/com/hazelcast/map/query/QueryAdvancedTest.java","45","0","3","19","594","680","1"
"hazelcast","5dded66d4f314998c5dd12bac5182199931b66db","hazelcast/src/test/java/com/hazelcast/map/query/QueryAdvancedTest.java","45","0","3","19","603","689","0"
"hazelcast","7ea64cc800059bdcfcd553f602454fb8f7ecd089","hazelcast/src/test/java/com/hazelcast/map/query/QueryAdvancedTest.java","45","0","3","21","652","767","0"
"hazelcast","e7501414169450e60a75b6f9e3efeee58f3139e0","hazelcast/src/test/java/com/hazelcast/map/query/QueryAdvancedTest.java","45","0","3","21","652","767","0"
"hazelcast","91245037da8a22802fc1aa8e4f35d6c82d045d81","hazelcast/src/test/java/com/hazelcast/map/query/QueryAdvancedTest.java","45","0","3","21","652","767","1"
"netty","9d4fae308c09a2c759dc67db765d311154c8d977","transport/src/main/java/io/netty/channel/DefaultChannelConfig.java","45","0","3","23","309","395","1"
"elasticsearch","b6cdb1d8fb68a747686c2a8cf35e32124b60e544","src/main/java/org/elasticsearch/index/mapper/internal/ParentFieldMapper.java","45","0","3","24","307","391","0"
"elasticsearch","39bc001e33489c5033da2bb7520cb907d2dd16ff","core/src/test/java/org/elasticsearch/cluster/metadata/IndexNameExpressionResolverTests.java","45","0","3","34","687","871","1"
"elasticsearch","066afcf3c36910210d50850f8880d38cd40e5dbe","core/src/test/java/org/elasticsearch/cluster/metadata/IndexNameExpressionResolverTests.java","45","0","3","36","711","904","1"
"elasticsearch","d32d16f1171f800b484de008d25019672e6f6e45","core/src/test/java/org/elasticsearch/cluster/metadata/IndexNameExpressionResolverTests.java","45","0","3","36","711","904","1"
"elasticsearch","55b0eced04ea98b9af47a41ce639fa66b1fa59bd","core/src/test/java/org/elasticsearch/cluster/metadata/IndexNameExpressionResolverTests.java","45","0","3","36","711","904","0"
"BroadleafCommerce","e4e8af51f981d511fde89d5c20308107057346cf","core/broadleaf-profile/src/main/java/org/broadleafcommerce/profile/core/service/CustomerServiceImpl.java","45","0","3","42","414","557","0"
"hazelcast","6918d871867e783305828f93dcae0ebe92258829","hazelcast/src/test/java/com/hazelcast/map/EntryProcessorTest.java","45","0","3","51","1072","1310","0"
"hazelcast","737ccfe6f9ee794e6a86d4a744e25abcb66a66c4","hazelcast/src/test/java/com/hazelcast/map/EntryProcessorTest.java","45","0","3","51","1081","1316","2"
"hazelcast","cc891cef828ffa0f03b3628e798874f35aad7836","hazelcast/src/test/java/com/hazelcast/map/EntryProcessorTest.java","45","0","3","51","1083","1320","3"
"hazelcast","6642ac7690afec0a1b3d4b29f76fe045cd52c1e4","hazelcast/src/test/java/com/hazelcast/map/EntryProcessorTest.java","45","0","3","51","1086","1323","1"
"hazelcast","b35fc8b41b2a3d8aaa779330b394467579b97778","hazelcast/src/test/java/com/hazelcast/map/EntryProcessorTest.java","45","0","3","53","1131","1389","1"
"hazelcast","468da2cf63c167b6b45e68d2f83b2a0876b4ae90","hazelcast/src/test/java/com/hazelcast/map/impl/mapstore/MapStoreTest.java","45","0","3","61","1119","1377","0"
"antlr4","08300b457fc1edb24f8c11fc8e7f28b47402ed41","tool/src/org/antlr/v4/semantics/SymbolChecks.java","45","0","3","7","219","315","0"
"elasticsearch","12b46bdbc43c238debd8b8093fe821b7e3bff273","core/src/main/java/org/elasticsearch/plugins/PluginsService.java","45","0","3","8","313","420","0"
"elasticsearch","0a8afa2e7269ddbec3755b8f10033e93f55149c2","test/framework/src/main/java/org/elasticsearch/test/ESTestCase.java","45","0","34","34","533","777","0"
"netty","4d60ea2aeb1071bebcd6471b550e6648a9fe05a1","common/src/main/java/io/netty/util/concurrent/GlobalEventExecutor.java","45","0","4","12","278","388","0"
"netty","49aa907bd05cc58c8ab1a6d72c85835fd7a30394","transport/src/main/java/io/netty/channel/SingleThreadEventExecutor.java","45","0","4","14","347","502","0"
"elasticsearch","2dcc66431033bf9da22cf7b591bef90e1583c005","src/main/java/org/elasticsearch/action/get/MultiGetRequest.java","45","0","4","24","271","346","0"
"hazelcast","22eec650e1217dd1f0eeaf7c18ae23888b12e974","hazelcast/src/test/java/com/hazelcast/map/BackupTest.java","45","0","4","7","425","534","2"
"netty","c4e7ecbb5d7a938a34e5dfa9e6f4b71aa29b2831","transport/src/main/java/io/netty/channel/socket/nio/NioDatagramChannel.java","45","0","5","20","366","462","0"
"mcMMO","7e241e39935ebc116fa7caf528531fafec1fc562","src/main/java/com/gmail/nossr50/skills/repair/RepairManager.java","45","0","5","4","225","352","1"
"elasticsearch","473be0137398f18d40660622fcfaf77756dd93eb","core/src/test/java/org/elasticsearch/search/highlight/HighlighterSearchIT.java","45","0","5","69","1988","2546","2"
"elasticsearch","dc900a08a6c6f346656105fa0e2484ed186f8461","core/src/test/java/org/elasticsearch/search/highlight/HighlighterSearchIT.java","45","0","5","69","2061","2620","0"
"elasticsearch","78dc1c32ded51a030c49e5bfcee5e2af43c74598","core/src/test/java/org/elasticsearch/search/highlight/HighlighterSearchIT.java","45","0","5","69","2065","2628","2"
"elasticsearch","901c25b7ff2ec66ac12e22c90eefd7ed8afc1e36","core/src/test/java/org/elasticsearch/search/highlight/HighlighterSearchIT.java","45","0","5","72","2072","2642","1"
"elasticsearch","6862c48791f1acf622dca2ad749dc746a5394d0c","core/src/test/java/org/elasticsearch/search/highlight/HighlighterSearchIT.java","45","0","5","72","2083","2653","0"
"elasticsearch","b493f0defef0a6dc07a71d428c7702be85a3182e","core/src/test/java/org/elasticsearch/search/highlight/HighlighterSearchIT.java","45","0","5","72","2083","2653","0"
"elasticsearch","d14e06ce515862ba941308ff80711c98e0fd4be0","core/src/test/java/org/elasticsearch/search/highlight/HighlighterSearchIT.java","45","0","5","72","2083","2653","1"
"elasticsearch","2bdc55c9fffb61a1c2fc9a4881d608082424f2a8","core/src/test/java/org/elasticsearch/search/highlight/HighlighterSearchIT.java","45","0","5","73","2122","2695","0"
"elasticsearch","2a1ed8026265878741f67d501f7b1a806c99cea6","core/src/test/java/org/elasticsearch/search/fetch/subphase/highlight/HighlighterSearchIT.java","45","0","5","73","2278","2854","2"
"elasticsearch","230f0b514f5067b0ccc75d2e5fafc33b609df92e","core/src/test/java/org/elasticsearch/search/fetch/subphase/highlight/HighlighterSearchIT.java","45","0","5","73","2278","2855","1"
"elasticsearch","b1a2768d7d92371b7e85abb6f523f62769b2830f","core/src/test/java/org/elasticsearch/search/fetch/subphase/highlight/HighlighterSearchIT.java","45","0","5","73","2278","2855","4"
"elasticsearch","2adc2a19719eeb5781a49e00fbc23f86128103bf","core/src/test/java/org/elasticsearch/search/fetch/subphase/highlight/HighlighterSearchIT.java","45","0","5","73","2278","2855","0"
"elasticsearch","a93af8651cb290951643e9f3c9c7f7cf77ed4107","core/src/test/java/org/elasticsearch/search/fetch/subphase/highlight/HighlighterSearchIT.java","45","0","5","73","2280","2857","1"
"elasticsearch","119d198cc5d7e3111f3fc66d712341cdbb3d80aa","core/src/test/java/org/elasticsearch/search/fetch/subphase/highlight/HighlighterSearchIT.java","45","0","5","74","2294","2872","2"
"elasticsearch","b08352047d5c3dfccec85b37e3de060aea08ed0d","core/src/test/java/org/elasticsearch/search/fetch/subphase/highlight/HighlighterSearchIT.java","45","0","5","74","2294","2873","3"
"elasticsearch","444c4f1af8c2398d2063b8099b620c1a165afde6","core/src/test/java/org/elasticsearch/search/fetch/subphase/highlight/HighlighterSearchIT.java","45","0","5","75","2328","2912","1"
"neo4j","9189a1e1ba59d1a1dfce77507e322f766d4991ff","community/kernel/src/main/java/org/neo4j/kernel/impl/api/index/IndexingService.java","45","0","6","27","592","802","0"
"elasticsearch","8ab7ca5284581d59b3988024894a934504371092","core/src/main/java/org/elasticsearch/common/regex/Regex.java","45","0","6","5","159","226","0"
"elasticsearch","d05aee7eda3a28b11df47e652f44f7d2b185c97d","core/src/main/java/org/elasticsearch/index/query/NestedQueryBuilder.java","45","0","6","8","335","423","0"
"orientdb","e9523413a4390a7485857467f3d5cd197290e5f3","core/src/main/java/com/orientechnologies/orient/core/sql/OChainedIndexProxy.java","45","0","7","38","429","646","0"
"titan","442f468a5b0c962b5c087baa682302976a08cbb8","titan-core/src/main/java/com/thinkaurelius/titan/diskstorage/Backend.java","45","0","7","5","391","548","0"
"netty","ee2558bdf3a27871a3fb61a02b48aa6850bcb5ca","handler/src/main/java/io/netty/handler/ssl/OpenSslClientContext.java","45","0","8","1","263","414","0"
"titan","7bd3abf6dc65777cab11eb9cbd0f5a95b5d3e8fb","titan-core/src/main/java/com/thinkaurelius/titan/diskstorage/Backend.java","45","0","9","17","521","707","0"
"hazelcast","204f4b9d7cd02069b258f98c14c4fc3621c5e94f","hazelcast/src/test/java/com/hazelcast/config/ConfigCompatibilityChecker.java","450","0","0","0","757","862","0"
"orientdb","85252d6cf1dc1113daa69fc432e2facc065c6149","core/src/main/java/com/orientechnologies/orient/core/sql/executor/OSelectExecutionPlanner.java","451","0","1","2","1685","2039","0"
"MapDB","5c363e4e996421959f3b33ad3f9554db06ca34db","src/main/java/org/mapdb/BTreeMap.java","451","0","5","42","2149","2857","0"
"MapDB","5dc3c9b2bd6c92a6ee239ea3a63d43ddbd53e741","src/main/java/org/mapdb/BTreeMap.java","451","0","7","84","2208","3126","0"
"MapDB","60a3839ca7e0a27b91f623082567fa4eae55936b","src/main/java/org/mapdb/BTreeMap.java","455","0","5","43","2167","2886","0"
"MapDB","1ae9efcd313a10ad655a5b881ef9d875d442abb9","src/main/java/org/mapdb/BTreeMap.java","455","0","5","43","2168","2892","0"
"hazelcast","269452c5076a01d8e67f0b8d674f6b55cf0e1d06","hazelcast/src/main/java/com/hazelcast/config/XmlConfigBuilder.java","457","0","7","1","1783","1958","0"
"MapDB","09b51b56dd243db0522fa436f81c268ccef58bb6","src/main/java/org/mapdb/BTreeMap.java","458","0","5","42","2140","2842","0"
"orientdb","1e118bb70cd79f6c0a9146563e487a477ec555e0","core/src/main/java/com/orientechnologies/orient/core/db/document/ODatabaseDocumentTx.java","459","0","82","91","2310","3394","0"
"ceylon-ide-eclipse","10c769050641c47ff20737d26cdc83efd0f51a0e","plugins/com.redhat.ceylon.eclipse.ui/src/com/redhat/ceylon/eclipse/core/builder/DeltaScanner.java","46","0","0","0","160","189","0"
"netty","6765e9f99db352a7f814e10d77338760432db155","handler/src/main/java/io/netty/handler/ssl/CipherSuiteConverter.java","46","0","0","0","263","421","0"
"hazelcast","e56ed623e2f90ba7444669e38f971c3206d1c4a0","hazelcast/src/main/java/com/hazelcast/transaction/impl/TransactionImpl.java","46","0","0","0","264","316","1"
"hazelcast","3f510df2c22bee24d00aae81337364eedc17f178","hazelcast/src/main/java/com/hazelcast/map/AbstractEvictableRecordStore.java","46","0","0","0","292","429","1"
"Android-Universal-Image-Loader","9634fe37c997bd84932b2b198d8b38913e01a968","library/src/com/nostra13/universalimageloader/core/LoadAndDisplayImageTask.java","46","0","0","0","295","377","1"
"hazelcast","f745f9d46756c8cc57388c8172c0eafbd70c9c46","hazelcast/src/main/java/com/hazelcast/cache/impl/AbstractInternalCacheProxy.java","46","0","0","0","327","399","2"
"ceylon-ide-eclipse","90ee6fcf2f0224cada6375f4e1c3adca49731574","plugins/com.redhat.ceylon.eclipse.ui/src/com/redhat/ceylon/eclipse/code/correct/ChangeTypeProposal.java","46","0","0","0","333","362","0"
"netty","88df53ec1a53912c2e34892247c8218c2fa01838","buffer/src/main/java/io/netty/buffer/UnpooledDirectByteBuf.java","46","0","0","0","459","564","0"
"hazelcast","96d2da68ad978e12b54a44bff7c351ada8a01ea7","hazelcast/src/main/java/com/hazelcast/map/impl/MapServiceContextImpl.java","46","0","0","0","626","746","2"
"mcMMO","3ea845cfd9dc9220152ac0aaba2fde00cfb52755","src/main/java/com/gmail/nossr50/skills/mining/Mining.java","46","0","0","1","90","120","1"
"elasticsearch","83906487094439e0d986cf733cc305cec62745c1","core/src/main/java/org/elasticsearch/index/search/MultiMatchQuery.java","46","0","0","11","260","330","2"
"hazelcast","3b0fa32d3c5ed469eb97784a7a5c21ccdab533d9","hazelcast-client/src/main/java/com/hazelcast/client/ConnectionManager.java","46","0","0","12","286","334","0"
"hazelcast","951ffdc2e22a155ef94f1bfaaea080af2efc64d6","hazelcast/src/main/java/com/hazelcast/internal/dynamicconfig/DynamicConfigurationAwareConfig.java","46","0","0","157","1027","1249","0"
"elasticsearch","e024c67561c547b5194d00ea5e5f518a1a96fe63","core/src/test/java/org/elasticsearch/common/util/BigArraysTests.java","46","0","0","19","372","440","0"
"elasticsearch","4b94eb5cb8cc4294ed0e932a5f22c16bd90d4dd7","core/src/main/java/org/elasticsearch/action/admin/cluster/health/TransportClusterHealthAction.java","46","0","0","2","253","309","2"
"elasticsearch","860efb2ad28db09189c8423e05d0dba53010259c","core/src/main/java/org/elasticsearch/action/admin/cluster/health/TransportClusterHealthAction.java","46","0","0","2","253","309","2"
"elasticsearch","d3417fb02291f26964d77767020ef345d18c148f","core/src/main/java/org/elasticsearch/action/admin/cluster/health/TransportClusterHealthAction.java","46","0","0","2","253","309","0"
"MapDB","c52c45e4111f110e495ea8d30e466e8452972c19","src/test/java/org/mapdb/PumpTest.java","46","0","0","20","347","451","2"
"hazelcast","864cc31ab01bc8111ef11270cb3f6f2352d30a5f","hazelcast-code-generator/src/main/java/com/hazelcast/client/protocol/generator/CodeGenerationUtils.java","46","0","0","23","242","314","1"
"ceylon-ide-eclipse","30b484af1265b5a74a73e0e4a43b2068c02e71cb","plugins/com.redhat.ceylon.eclipse.ui/src/com/redhat/ceylon/eclipse/core/debug/model/CeylonJDIDebugTarget.java","46","0","0","25","384","432","1"
"ceylon-ide-eclipse","bc7e36b599ddb26e3fa56e733201615c3b8b34f0","plugins/com.redhat.ceylon.eclipse.ui/src/com/redhat/ceylon/eclipse/core/debug/model/CeylonJDIDebugTarget.java","46","0","0","27","391","441","0"
"ceylon-ide-eclipse","5b4c3eac8a7c12c0125a77343e602b4e73083595","plugins/com.redhat.ceylon.eclipse.ui/src/com/redhat/ceylon/eclipse/code/outline/OutlinePopup.java","46","0","0","3","521","588","0"
"ceylon-ide-eclipse","64a391fbabba6b9bc6b553abfa42466e0ca9673d","plugins/com.redhat.ceylon.eclipse.ui/src/com/redhat/ceylon/eclipse/code/outline/OutlinePopup.java","46","0","0","3","523","589","0"
"hazelcast","2ee9e1f24c253f300f4be6cdcc6b24e128a58618","hazelcast/src/main/java/com/hazelcast/impl/ClientEndpoint.java","46","0","0","30","317","400","1"
"hazelcast","4a1593fa6ba5c277c4ad2fc320d803b0e63b9339","hazelcast-client/src/test/java/com/hazelcast/client/replicatedmap/ClientReplicatedMapTest.java","46","0","0","34","523","670","0"
"hazelcast","d22af9afdcff0a974105cab3f3fd5a85125ce171","hazelcast/src/main/java/com/hazelcast/config/ConfigXmlGenerator.java","46","0","0","4","314","347","1"
"hazelcast","9461eb04eba6998a6d5238a5a1619e44e138ee8a","hazelcast/src/main/java/com/hazelcast/config/ConfigXmlGenerator.java","46","0","0","4","315","348","0"
"hazelcast","5d76b88aee4b43cf38817aad18390e2f0f8d76c2","hazelcast/src/main/java/com/hazelcast/executor/impl/ExecutorServiceProxy.java","46","0","0","45","519","613","2"
"hazelcast","389c25b47e3424ed9556cca74928774f21c029c4","hazelcast/src/main/java/com/hazelcast/executor/impl/ExecutorServiceProxy.java","46","0","0","45","525","619","1"
"hazelcast","8a4364b60b5a4274ab87081d259cd1fdbd424c16","hazelcast/src/main/java/com/hazelcast/executor/impl/ExecutorServiceProxy.java","46","0","0","45","536","634","0"
"hazelcast","4c17c585b5a00157138cce6595252eaca6adb2dd","hazelcast/src/test/java/com/hazelcast/replicatedmap/ReplicatedMapTest.java","46","0","0","47","732","917","2"
"hazelcast","a155a553cee4f1fb3d56a825563e1632e6350287","hazelcast/src/test/java/com/hazelcast/replicatedmap/ReplicatedMapTest.java","46","0","0","47","734","920","3"
"ceylon-ide-eclipse","7cbebf39ce2227b0f3163d0b4b37ca527fdc2543","plugins/com.redhat.ceylon.eclipse.ui/src/com/redhat/ceylon/eclipse/core/debug/presentation/CeylonJDIModelPresentation.java","46","0","0","5","183","214","1"
"ceylon-ide-eclipse","a193b202d65bb5cb30c22d46b5f292e7d1b25e64","plugins/com.redhat.ceylon.eclipse.ui/src/com/redhat/ceylon/eclipse/code/refactor/MoveFileRefactoringParticipant.java","46","0","0","5","367","425","0"
"hazelcast","39091ff574efe84ae6a3d772a1b7cfce80f4f2e0","hazelcast/src/main/java/com/hazelcast/map/proxy/MapProxyImpl.java","46","0","0","50","371","443","0"
"hazelcast","59c4822d4ad5dfac4cecd11231280baa33d4aa35","hazelcast/src/main/java/com/hazelcast/map/proxy/MapProxyImpl.java","46","0","0","50","374","446","1"
"hazelcast","2d61a67c44972c7c71b5c93be51bbb0154a73f45","hazelcast/src/test/java/com/hazelcast/mapreduce/MapReduceTest.java","46","0","0","57","711","905","1"
"hazelcast","91ba7b9c7110f2d9e6db29272b0ed21c460234bc","hazelcast/src/test/java/com/hazelcast/mapreduce/MapReduceTest.java","46","0","0","57","714","910","2"
"hazelcast","2521eeb400fcbf3b79c8365aacfa71a0b9a501a0","hazelcast-client/src/test/java/com/hazelcast/client/map/impl/nearcache/ClientMapNearCacheTest.java","46","0","0","72","1159","1541","0"
"hazelcast","5f03a949aec9c124f8ca2bf7d33ef02c348be39f","hazelcast-client/src/test/java/com/hazelcast/client/map/impl/nearcache/ClientMapNearCacheTest.java","46","0","0","72","1163","1545","0"
"hazelcast","f3d7f868b2946bb666e36c354f3aef8a3c47a8ea","hazelcast/src/main/java/com/hazelcast/impl/MProxyImpl.java","46","0","0","75","858","1040","1"
"hazelcast","381413e66bb1c66823222498fc7fac88c3f3c3c5","hazelcast/src/main/java/com/hazelcast/impl/MProxyImpl.java","46","0","0","76","865","1049","0"
"elasticsearch","392814ea6f5f62f5f1d2232645db92da01d59914","core/src/test/java/org/elasticsearch/ingest/core/IngestDocumentTests.java","46","0","0","86","852","977","1"
"elasticsearch","68d708a75fc2d6ba7dd4f9ae0224c3d92a5739eb","core/src/test/java/org/elasticsearch/search/builder/SearchSourceBuilderTests.java","46","0","0","9","367","426","3"
"netty","901c66fa813a759c9dbfe64eed10ba4d6095d4ea","codec-mqtt/src/main/java/io/netty/handler/codec/mqtt/MqttEncoder.java","46","0","1","0","297","398","0"
"elasticsearch","25fd9e26c4fb042d6f6dea14efcd239577bdbbc4","core/src/main/java/org/elasticsearch/action/admin/cluster/health/TransportClusterHealthAction.java","46","0","1","1","250","309","0"
"elasticsearch","a8dcfa5deb65d57ae4814f97c7f5231ed45507c2","src/main/java/org/elasticsearch/action/search/type/TransportSearchTypeAction.java","46","0","1","1","292","387","0"
"elasticsearch","6f7253c5242e7fb94d959ce291c88f93887e3bde","src/main/java/org/elasticsearch/action/update/TransportUpdateAction.java","46","0","1","1","375","451","0"
"mcMMO","522b085499cc975bb031ba6a04759e1841d49faa","src/main/java/com/gmail/nossr50/skills/mining/Mining.java","46","0","1","1","90","120","0"
"orientdb","731545a32e96d61ede50300ab6b8dd1166de7431","core/src/main/java/com/orientechnologies/orient/core/storage/cache/local/twoq/ConcurrentLRUList.java","46","0","1","10","285","406","0"
"hazelcast","7a4bc86d279f0afb70963667624c207ed0871c6e","hazelcast/src/main/java/com/hazelcast/map/impl/proxy/NearCachedMapProxyImpl.java","46","0","1","10","510","607","0"
"elasticsearch","d84c643f5880a88d2e5c38b487123161f3e01fe0","core/src/main/java/org/elasticsearch/index/mapper/core/LegacyFloatFieldMapper.java","46","0","1","11","283","345","0"
"orientdb","eb87fd13a08a35e51b139724421fa7adb04049f3","core/src/main/java/com/orientechnologies/orient/core/storage/impl/local/paginated/OLocalPaginatedStorage.java","46","0","1","12","371","477","1"
"orientdb","a1eed89dcfdc303c846b0d6159189f720c1bade8","core/src/main/java/com/orientechnologies/orient/core/storage/impl/local/paginated/OLocalPaginatedStorage.java","46","0","1","12","378","484","0"
"netty","08b75e594cbe4f16ec73c3840a3981af7871066f","codec-http/src/main/java/io/netty/handler/codec/http/multipart/AbstractDiskHttpData.java","46","0","1","13","286","357","1"
"hazelcast","0a61d1993c8cf9dee111af675c9a52fc605aec63","hazelcast-client/src/main/java/com/hazelcast/client/spi/ProxyManager.java","46","0","1","13","416","503","1"
"hazelcast","3bf1d6261f9a0f2ee817e2c91f75f3f62288176f","hazelcast/src/main/java/com/hazelcast/query/SqlPredicate.java","46","0","1","14","328","393","0"
"hazelcast","8a58f1d797cace1c351fcb95b819c86a74d54445","hazelcast/src/main/java/com/hazelcast/query/SqlPredicate.java","46","0","1","14","329","392","2"
"hazelcast","b2a15f1f145952b9ba42aede9fc48a3e44ee6791","hazelcast/src/main/java/com/hazelcast/query/SqlPredicate.java","46","0","1","14","329","392","1"
"hazelcast","1c3dd8c96a86869b2914bd7810ba433ed1482921","hazelcast/src/main/java/com/hazelcast/query/SqlPredicate.java","46","0","1","14","329","392","0"
"hazelcast","aa3d9080bfb9e8b6330d9f5d76f33b137f56f855","hazelcast/src/main/java/com/hazelcast/query/SqlPredicate.java","46","0","1","14","331","394","1"
"hazelcast","06c758a0875f9eab2f8a0e440b387a78409c42b8","hazelcast-client/src/main/java/com/hazelcast/client/spi/ProxyManager.java","46","0","1","14","421","504","2"
"hazelcast","9771b45d0419724065ceb12a98099ea577bf9c43","hazelcast-client/src/main/java/com/hazelcast/client/spi/ProxyManager.java","46","0","1","14","427","510","0"
"elasticsearch","29da615afd83d198911f839565257dd03c7fcf39","src/test/java/org/elasticsearch/test/integration/search/sort/SimpleSortTests.java","46","0","1","15","973","1249","1"
"elasticsearch","d6cd2c2b73c0a39e78538c4c7f6e6c70bd1758c7","src/main/java/org/elasticsearch/search/aggregations/bucket/histogram/InternalHistogram.java","46","0","1","16","333","413","1"
"elasticsearch","f347bd4a4e6bee51120886ce1f4fedba6d423b8b","core/src/main/java/org/elasticsearch/search/aggregations/bucket/range/RangeAggregator.java","46","0","1","19","294","363","2"
"elasticsearch","3bdb54e529968ec97cdf58565c4572a3939c78eb","core/src/main/java/org/elasticsearch/tribe/TribeService.java","46","0","1","2","296","389","2"
"hazelcast","81fe86abd4deed08faf6e617c5d73c2b7d4b5391","hazelcast/src/main/java/com/hazelcast/map/impl/tx/TransactionalMapProxy.java","46","0","1","20","342","416","2"
"elasticsearch","b7ad04a5318af8a4ee7c009f23470f9d8a0e1f5a","src/test/java/org/elasticsearch/common/lucene/search/XBooleanFilterTests.java","46","0","1","20","479","568","0"
"elasticsearch","b91df36a627be0f1c78d61b68fe017f2976b8f6e","core/src/main/java/org/elasticsearch/index/mapper/ip/IpFieldMapper.java","46","0","1","21","344","412","0"
"elasticsearch","d84c643f5880a88d2e5c38b487123161f3e01fe0","core/src/main/java/org/elasticsearch/index/mapper/core/LegacyIntegerFieldMapper.java","46","0","1","22","291","354","0"
"elasticsearch","ed01d535065b4104bc54f3aa64459ade56475668","src/main/java/org/elasticsearch/index/translog/fs/FsTranslog.java","46","0","1","22","341","411","0"
"elasticsearch","ffcc710e4eca73e2d15a51c697720dcd76423743","src/main/java/org/elasticsearch/index/mapper/core/FloatFieldMapper.java","46","0","1","23","305","371","0"
"hazelcast","58439dcfa60165cca74369e88a0bdef376125c08","hazelcast-wm/src/main/java/com/hazelcast/web/HazelcastHttpSession.java","46","0","1","25","273","341","3"
"hazelcast","681c11325f08df001987226d77b1f3e751e602b8","hazelcast-wm/src/main/java/com/hazelcast/web/HazelcastHttpSession.java","46","0","1","25","275","344","3"
"netty","63a02fc04e6ce45aee38b0437ae0279880e5fe40","codec-dns/src/main/java/io/netty/handler/codec/dns/AbstractDnsMessage.java","46","0","1","25","363","466","0"
"orientdb","693119e3f1dab4ea8b67a35575ba1f7d1c0a970b","core/src/main/java/com/orientechnologies/orient/core/index/OIndexManagerAbstract.java","46","0","1","27","385","492","0"
"elasticsearch","f09ad507a44367ed6ca29c6f3dae7659a2da1994","src/test/java/org/elasticsearch/test/integration/search/highlight/HighlighterSearchTests.java","46","0","1","28","977","1289","1"
"mcMMO","36ae84eadaa74f0c161acb7b136d2aacad919011","src/main/java/com/gmail/nossr50/skills/repair/Repair.java","46","0","1","3","115","142","0"
"elasticsearch","edaa65dba2cab40aa5f7631438c5a2b2609e5d15","src/main/java/org/elasticsearch/index/query/MultiMatchQueryParser.java","46","0","1","3","139","176","0"
"elasticsearch","f33e35325975f9f4b5202e13ab17ae531454b610","src/main/java/org/elasticsearch/index/query/MultiMatchQueryParser.java","46","0","1","3","141","178","0"
"BroadleafCommerce","d121fa1c90ccefb37909dd1b10665bfa3ce85b97","admin/broadleaf-open-admin-platform/src/main/java/org/broadleafcommerce/openadmin/server/service/persistence/module/criteria/CriteriaTranslatorImpl.java","46","0","1","3","221","325","1"
"elasticsearch","9080f51340b1b26f8bd171b4c82de8d87ad42b55","core/src/main/java/org/elasticsearch/index/mapper/core/TextFieldMapper.java","46","0","1","34","349","431","2"
"elasticsearch","e4244268faac78abda4ac5adabc1ea4dbcc1e575","src/main/java/org/elasticsearch/cluster/metadata/IndexTemplateMetaData.java","46","0","1","37","328","424","1"
"netty","f979c17b67aaf2d7b1184edd60b5bffe8093d9cd","buffer/src/main/java/io/netty/buffer/UnpooledDirectByteBuf.java","46","0","1","37","459","564","0"
"netty","9a5f45a0c1fdeea3b277addccbb73657f38293c5","buffer/src/main/java/io/netty/buffer/UnpooledDirectByteBuf.java","46","0","1","37","461","566","0"
"elasticsearch","13a347239a48d71486692a72c066e940dec8921b","core/src/test/java/org/elasticsearch/snapshots/DedicatedClusterSnapshotRestoreIT.java","46","0","1","38","900","1117","2"
"elasticsearch","40f119d85a4eaa39d0a6e594e46f70de725557f0","core/src/test/java/org/elasticsearch/snapshots/DedicatedClusterSnapshotRestoreIT.java","46","0","1","38","900","1117","1"
"elasticsearch","bbf42d379dc5fac7cddf768b244aa1649efdb10d","core/src/test/java/org/elasticsearch/snapshots/DedicatedClusterSnapshotRestoreIT.java","46","0","1","38","900","1117","0"
"elasticsearch","f0e6addc53bdd82dd55bab96f024012a7ba8456c","src/test/java/org/elasticsearch/snapshots/DedicatedClusterSnapshotRestoreTests.java","46","0","1","38","901","1116","0"
"elasticsearch","93beea1f670f1e0d53bc3fd3ee671bc235d5f1aa","core/src/test/java/org/elasticsearch/snapshots/DedicatedClusterSnapshotRestoreTests.java","46","0","1","38","901","1118","0"
"BroadleafCommerce","90e4079b981d1ac986d9423fda3ac240f14ab316","core/broadleaf-framework/src/main/java/org/broadleafcommerce/core/offer/service/processor/FulfillmentGroupOfferProcessorImpl.java","46","0","1","4","210","267","0"
"elasticsearch","010b910333ee16f18b2a2ec81579bc2c3d9a0614","src/main/java/org/apache/lucene/queryParser/MapperQueryParser.java","46","0","1","4","284","354","0"
"hazelcast","565257f977407eb3a0199d082860209c2958f5f9","hazelcast-build-utils/src/main/java/com/hazelcast/buildutils/HazelcastManifestTransformer.java","46","0","1","4","294","378","1"
"orientdb","8c11feaaa8038bcbd58fddd594b8a88e99d62380","core/src/main/java/com/orientechnologies/orient/core/sql/parser/ODeleteEdgeStatement.java","46","0","1","5","160","188","0"
"elasticsearch","c49276cda71e2282ec8204e485556965f5541bdb","src/main/java/org/elasticsearch/search/facet/terms/TermsFacetParser.java","46","0","1","5","176","221","0"
"hazelcast","63dc3feeee46987cf7d0ec32ee01df821834c753","hazelcast/src/test/java/com/hazelcast/test/HazelcastTestSupport.java","46","0","1","52","423","530","3"
"elasticsearch","fbe27664a65ca7ab5b7dbe1c328ab27423e4313c","core/src/test/java/org/elasticsearch/update/UpdateIT.java","46","0","1","53","856","1069","2"
"elasticsearch","1764ec56b38ce87f516efdf93bb4ab56e9dd829b","core/src/test/java/org/elasticsearch/update/UpdateIT.java","46","0","1","53","870","1085","0"
"elasticsearch","aa654a26c9758d6dfb519c6085dd619247fc16b5","src/test/java/org/elasticsearch/search/query/SimpleQueryTests.java","46","0","1","64","1883","2296","2"
"elasticsearch","3fd89bef944cb02a858aa140e25dea138af4e617","src/test/java/org/elasticsearch/search/query/SimpleQueryTests.java","46","0","1","65","1891","2306","2"
"elasticsearch","a12a36ef095a07f430f8f606bb91cb70f091dd59","src/test/java/org/elasticsearch/search/query/SimpleQueryTests.java","46","0","1","65","1898","2313","1"
"elasticsearch","a4ef418e6eee976a2ee9db1da4aef787e3a04fb1","src/test/java/org/elasticsearch/search/query/SimpleQueryTests.java","46","0","1","66","1909","2326","1"
"elasticsearch","0a69f1e283e26e5d9e6a000b68b9f4778de557a1","core/src/test/java/org/elasticsearch/update/UpdateIT.java","46","0","1","69","964","1221","2"
"elasticsearch","5a64f08f048461a63a0ca1354a5050c954e63d52","core/src/test/java/org/elasticsearch/update/UpdateIT.java","46","0","1","69","967","1224","0"
"BroadleafCommerce","c8420bcc72bb4d4a298f02b3ff3e64cda0415fc9","admin/broadleaf-open-admin-platform/src/main/java/org/broadleafcommerce/openadmin/server/service/persistence/module/FieldManager.java","46","0","1","7","271","343","0"
"BroadleafCommerce","ee4fb3eed68e366125807c723121a0a65d4bd763","admin/broadleaf-open-admin-platform/src/main/java/org/broadleafcommerce/openadmin/server/service/persistence/module/FieldManager.java","46","0","1","7","271","343","0"
"BroadleafCommerce","1dd16e83e9870dc1f98dde92a9a58c6965fb1a25","admin/broadleaf-open-admin-platform/src/main/java/org/broadleafcommerce/openadmin/server/service/persistence/module/FieldManager.java","46","0","1","7","271","343","1"
"elasticsearch","7ab0e2c5321c802068d85c0fa3a0f44e0b02c5a4","core/src/test/java/org/elasticsearch/search/highlight/HighlighterSearchIT.java","46","0","1","73","2086","2643","1"
"netty","91b378005461b85f965aa296daa087bc009b9da0","transport/src/main/java/io/netty/channel/socket/nio/NioDatagramChannel.java","46","0","10","18","412","544","0"
"orientdb","5139eb666eb437621ec5919310345e80d841fe9f","core/src/main/java/com/orientechnologies/common/directmemory/OByteBufferPool.java","46","0","12","10","398","704","0"
"elasticsearch","5e2efcfe091c62ef215016e2981d05339ea945a3","core/src/main/java/org/elasticsearch/common/http/client/HttpDownloadHelper.java","46","0","17","2","306","494","1"
"neo4j","31e72727f11b170442df6d1f0f060411ed644dce","community/shell/src/main/java/org/neo4j/shell/StartClient.java","46","0","2","0","447","575","1"
"neo4j","136885fdc8d90dee11ce57034b2db343eaadccce","community/shell/src/main/java/org/neo4j/shell/StartClient.java","46","0","2","0","448","576","0"
"orientdb","028818e249414663886f3d3fc4020356983fd776","core/src/main/java/com/orientechnologies/orient/core/index/OIndexTxAware.java","46","0","2","10","220","320","0"
"titan","f77a4f7d95c07a0f54fc714dc97ddbb6a19ab431","titan-core/src/main/java/com/thinkaurelius/titan/graphdb/database/StandardTitanGraph.java","46","0","2","18","275","346","0"
"elasticsearch","78574d248cf10dad1c5a566fda79e1e0c94afe43","core/src/main/java/org/elasticsearch/cluster/metadata/AliasMetaData.java","46","0","2","32","267","353","1"
"elasticsearch","e6aaaf11ed4a1b8f595f920de1840938eddb7a97","core/src/main/java/org/elasticsearch/cluster/metadata/AliasMetaData.java","46","0","2","32","267","353","1"
"elasticsearch","a60b8948ba1d836a6eac7cff095519e618939ed8","core/src/main/java/org/elasticsearch/cluster/metadata/AliasMetaData.java","46","0","2","32","267","353","0"
"elasticsearch","a7b2bdca4c8779e1fca6d89db8967233e42136ec","src/test/java/org/elasticsearch/percolator/PercolatorTests.java","46","0","2","34","1750","2016","2"
"elasticsearch","7cc2bc8a145456297e7e33a2c22f5ea4b778e04e","src/test/java/org/elasticsearch/percolator/PercolatorTests.java","46","0","2","35","1771","2040","0"
"elasticsearch","7cc2bc8a145456297e7e33a2c22f5ea4b778e04e","src/main/java/org/elasticsearch/index/query/QueryParseContext.java","46","0","2","42","330","434","1"
"neo4j","87a690fbed55b13b44c51cf28a9156d1a45de6f0","community/logging/src/test/java/org/neo4j/logging/AssertableLogProvider.java","46","0","2","44","638","751","0"
"neo4j","62fc9ea98290c169ca6c7edd64779786e8d365a5","community/logging/src/test/java/org/neo4j/logging/AssertableLogProvider.java","46","0","2","44","644","757","1"
"neo4j","868b4d731485023d2f7477e1133dcd5b263c851d","community/lucene-index/src/main/java/org/neo4j/index/impl/lucene/LuceneDataSource.java","46","0","2","5","478","568","0"
"hazelcast","3d9a33cb61311dab49fe5d9aeb7bf379976ccf7d","hazelcast/src/test/java/com/hazelcast/test/HazelcastTestSupport.java","46","0","2","50","431","549","2"
"neo4j","f13efebd3b366abe29b2da79819eda5d5e365bd6","community/lucene-index/src/main/java/org/neo4j/index/impl/lucene/legacy/LuceneDataSource.java","46","0","2","6","466","554","0"
"hazelcast","085c410cb8631f483937836619741d867e055f0c","hazelcast/src/main/java/com/hazelcast/spi/impl/AbstractInvocationFuture.java","46","0","2","9","273","412","1"
"elasticsearch","5828796848674b656807406947f050626035845a","core/src/main/java/org/elasticsearch/index/engine/Engine.java","46","0","22","88","744","1059","0"
"elasticsearch","39ecda1dadabbdeba7a306b4e7661b7cb95ff0ea","core/src/test/java/org/elasticsearch/test/hamcrest/ElasticsearchAssertions.java","46","0","24","52","611","842","1"
"elasticsearch","41a2375c9e609395e21522ee79202645ed2a0af4","core/src/test/java/org/elasticsearch/test/hamcrest/ElasticsearchAssertions.java","46","0","24","52","619","849","0"
"elasticsearch","3a0dd59a15c49f5be0483658f44bd411f62e1ac5","core/src/test/java/org/elasticsearch/test/hamcrest/ElasticsearchAssertions.java","46","0","24","57","610","841","0"
"netty","ef13d19b8b5d876463d4365b76d3046410a7811a","codec-redis/src/main/java/io/netty/handler/codec/redis/RedisDecoder.java","46","0","3","0","242","307","1"
"netty","06436efaa1b118eac3526d8f77d9e159d0292959","codec-redis/src/main/java/io/netty/handler/codec/redis/RedisDecoder.java","46","0","3","0","242","308","0"
"orientdb","46bbcabde62c2b9e61ebaf45dc23f16d9dee7f02","core/src/main/java/com/orientechnologies/orient/core/db/OPartitionedDatabasePool.java","46","0","3","14","332","496","1"
"orientdb","136db63960bbf53514691bf5a0bb8361a5ea5361","core/src/main/java/com/orientechnologies/orient/core/db/OPartitionedDatabasePool.java","46","0","3","14","333","497","0"
"orientdb","1a8d4d6d1b489ef24d1343a420d687ef4934f214","core/src/main/java/com/orientechnologies/orient/core/config/OGlobalConfiguration.java","46","0","3","14","667","1001","2"
"orientdb","c5ab1463265f47d74ab3b7c4e4b6cad84fc91673","core/src/main/java/com/orientechnologies/orient/core/config/OGlobalConfiguration.java","46","0","3","14","698","1077","2"
"BroadleafCommerce","481115a3a7c7d2e329c840d48b79c157dedec369","admin/broadleaf-open-admin-platform/src/main/java/org/broadleafcommerce/openadmin/server/service/persistence/module/AdornedTargetListPersistenceModule.java","46","0","3","16","510","591","1"
"BroadleafCommerce","d0e8d9330bf555c33d78d01fc75d827933c246d9","admin/broadleaf-open-admin-platform/src/main/java/org/broadleafcommerce/openadmin/server/service/persistence/module/AdornedTargetListPersistenceModule.java","46","0","3","16","510","591","1"
"BroadleafCommerce","e7a7f050b964881b3194c19339ce6ddd3c704088","admin/broadleaf-open-admin-platform/src/main/java/org/broadleafcommerce/openadmin/server/service/persistence/module/AdornedTargetListPersistenceModule.java","46","0","3","16","510","591","1"
"BroadleafCommerce","9eaa5260c4ed3428990f8ec8c265d4cecb3eb08d","admin/broadleaf-open-admin-platform/src/main/java/org/broadleafcommerce/openadmin/server/service/persistence/module/AdornedTargetListPersistenceModule.java","46","0","3","16","510","591","0"
"hazelcast","2e50f1d304a3f30908d44351fb36b6b23a983741","hazelcast/src/test/java/com/hazelcast/queue/ClusterQueueTest.java","46","0","3","16","535","632","0"
"BroadleafCommerce","494dedd74cc7b12831c0a1daa81c60c6713ea5b0","core/broadleaf-profile/src/main/java/org/broadleafcommerce/profile/core/service/CustomerServiceImpl.java","46","0","3","41","409","550","0"
"BroadleafCommerce","d6bca73cab8b12c0336d746a1450fb491d0b70d8","core/broadleaf-profile/src/main/java/org/broadleafcommerce/profile/core/service/CustomerServiceImpl.java","46","0","3","43","417","561","1"
"elasticsearch","fbe27664a65ca7ab5b7dbe1c328ab27423e4313c","core/src/main/java/org/elasticsearch/action/update/UpdateHelper.java","46","0","3","7","256","338","2"
"elasticsearch","fe91c721519ffe706ee44e375adcad8d5a303e66","core/src/main/java/org/elasticsearch/plugins/PluginsService.java","46","0","3","8","317","428","0"
"elasticsearch","ecf81688fb0c0d0f0f85300d0cf9026d7eb535ef","core/src/main/java/org/elasticsearch/action/index/IndexRequest.java","46","0","31","13","359","608","1"
"elasticsearch","6b39aa615e4ce2c007549e85589f9a37ebef3740","src/main/java/org/elasticsearch/action/index/IndexRequest.java","46","0","34","21","416","671","2"
"elasticsearch","578853f264e8ddae5c919b1b7ca35524cb292d62","core/src/main/java/org/elasticsearch/action/index/IndexRequest.java","46","0","35","13","375","651","0"
"elasticsearch","90b547cf2c82b03fe42b9cce4ea878d81734228a","src/main/java/org/elasticsearch/action/index/IndexRequest.java","46","0","35","20","414","672","1"
"hazelcast","8eaee0479890deacacc792b80bf6b471149562b5","hazelcast/src/test/java/com/hazelcast/map/EvictionTest.java","46","0","4","12","536","638","0"
"BroadleafCommerce","67d64d2a7aec86b110e66276589cdfdeeb4ff057","core/broadleaf-framework-web/src/main/java/org/broadleafcommerce/core/web/api/endpoint/order/CartEndpoint.java","46","0","4","6","289","416","0"
"hazelcast","244e81cbedfc4fbc6f4ccc79ef1f0d969c942128","hazelcast/src/test/java/com/hazelcast/map/impl/mapstore/MapStoreTest.java","46","0","4","61","1133","1400","0"
"elasticsearch","da98aab13f4a2f5293ce29dddfb0fb5f7b1155d8","modules/elasticsearch/src/main/java/org/elasticsearch/action/index/IndexRequest.java","46","0","41","20","452","735","1"
"netty","67d3a78123fa3faa85c1a150bd4ee69425079b3d","codec-http2/src/main/java/io/netty/handler/codec/http2/internal/hpack/Encoder.java","46","0","5","1","271","434","1"
"hazelcast","6d83ecd6f1f6d1136d5e2ecf98052d33c68f49f8","hazelcast/src/test/java/com/hazelcast/map/EvictionTest.java","46","0","5","12","555","664","0"
"elasticsearch","afa62e90d9f8277e0426033cab188548bb99a2f1","src/main/java/org/elasticsearch/common/util/BloomFilter.java","46","0","5","14","409","623","1"
"elasticsearch","3e1b7c7a340582cded3fe12ffcca751ac8eba656","src/main/java/org/elasticsearch/common/util/BloomFilter.java","46","0","5","14","413","628","0"
"elasticsearch","620536f85038d68522103d9cd91e4f3377773feb","core/src/main/java/org/elasticsearch/indices/recovery/RecoverySourceHandler.java","46","0","5","3","445","664","1"
"elasticsearch","9d10ffd54763675f1147f6a3024388d202185bdd","core/src/main/java/org/elasticsearch/indices/recovery/RecoverySourceHandler.java","46","0","5","3","446","665","0"
"elasticsearch","6902eafbfece0fa25ca33a092a7bc4260c2ec955","core/src/test/java/org/elasticsearch/search/fetch/subphase/highlight/HighlighterSearchIT.java","46","0","5","76","2364","2952","2"
"elasticsearch","17906ca7d615dc4c72cb5cc403f2d561dc1f2ff3","core/src/main/java/org/elasticsearch/cluster/ClusterState.java","46","0","6","61","624","839","0"
"elasticsearch","93beea1f670f1e0d53bc3fd3ee671bc235d5f1aa","core/src/main/java/org/elasticsearch/cluster/ClusterState.java","46","0","6","61","624","839","0"
"elasticsearch","8e07b4fba4e200e5fecfc5bf7d34b9086f356ef2","core/src/main/java/org/elasticsearch/cluster/ClusterState.java","46","0","6","61","624","839","1"
"hazelcast","c633fc59fe9ea675c736065d660fa8e46ea25794","hazelcast/src/main/java/com/hazelcast/spi/impl/waitnotifyservice/impl/WaitNotifyServiceImpl.java","46","0","6","7","262","325","2"
"mcMMO","6f1ee88b786a4881b69e4ab9dc24ec019704867c","src/main/java/com/gmail/nossr50/util/Database.java","46","0","7","2","283","402","0"
"hazelcast","09094ed4b8b23f801d4dd283a1b73545694471dc","hazelcast/src/main/java/com/hazelcast/internal/partition/impl/PartitionReplicaManager.java","46","0","7","3","300","415","2"
"titan","0221302fd6e14f6d4c85062bd25fcd0608ff1a14","titan-core/src/main/java/com/thinkaurelius/titan/diskstorage/Backend.java","46","0","7","5","389","544","1"
"neo4j","e5ea526b14ce752e94a5460b1c85bf4567d8f97d","community/common/src/main/java/org/neo4j/kernel/lifecycle/LifeSupport.java","46","0","7","7","404","518","1"
"elasticsearch","c63626b537955d0309c6613642e990b54efd3cbf","src/test/java/org/elasticsearch/bwcompat/BasicBackwardsCompatibilityTest.java","46","0","8","15","560","691","1"
"netty","891be30a28c6dc5a1edf1cb5a3690644cf4ff66e","codec-http2/src/main/java/io/netty/handler/codec/http2/Http2ConnectionHandler.java","46","0","8","20","416","616","1"
"orientdb","421563ce0a29745a168071c54982b2b05977c399","core/src/main/java/com/orientechnologies/orient/core/sql/OChainedIndexProxy.java","46","0","8","40","440","665","1"
"orientdb","87154d21d3773b56833010727fdc7e1c88c9aee3","core/src/main/java/com/orientechnologies/orient/core/sql/OChainedIndexProxy.java","46","0","8","41","444","670","0"
"elasticsearch","371c73e14023917f3892090d2d3d7ff9ac1216b9","core/src/main/java/org/elasticsearch/index/query/CommonTermsQueryBuilder.java","46","0","9","12","327","445","3"
"elasticsearch","78574d248cf10dad1c5a566fda79e1e0c94afe43","core/src/main/java/org/elasticsearch/index/query/CommonTermsQueryBuilder.java","46","0","9","12","327","445","2"
"elasticsearch","e6aaaf11ed4a1b8f595f920de1840938eddb7a97","core/src/main/java/org/elasticsearch/index/query/CommonTermsQueryBuilder.java","46","0","9","12","327","445","2"
"elasticsearch","a60b8948ba1d836a6eac7cff095519e618939ed8","core/src/main/java/org/elasticsearch/index/query/CommonTermsQueryBuilder.java","46","0","9","12","327","445","0"
"hazelcast","fd4fcc2010451c9b2a320c06ae801da8d6069643","hazelcast/src/main/java/com/hazelcast/config/XmlConfigBuilder.java","460","0","7","1","1799","1978","1"
"orientdb","29da058c3bc239cf1911da86b63d76a2071dcd28","core/src/main/java/com/orientechnologies/orient/core/sql/parser/OrientSql.java","4615","0","11","129","13612","14625","1"
"orientdb","6ea7a314d355c6a751a849d1a8f14772fd70d920","core/src/main/java/com/orientechnologies/orient/core/sql/parser/OrientSql.java","4622","0","11","129","13634","14649","0"
"orientdb","65f086eb452cac1fc83cfac710303c5b020d0697","core/src/main/java/com/orientechnologies/orient/core/storage/impl/local/OAbstractPaginatedStorage.java","465","0","7","102","3088","4093","1"
"ceylon-ide-eclipse","019d0439061cff2dea30430ad26819efaacba5a9","plugins/com.redhat.ceylon.eclipse.ui/src/com/redhat/ceylon/eclipse/core/builder/DeltaScanner.java","47","0","0","0","159","187","0"
"netty","d63c9f2bdb82c7d686a29a865d37ab3a5455d488","transport-native-epoll/src/main/java/io/netty/channel/epoll/EpollEventLoop.java","47","0","0","0","236","350","0"
"netty","4158152b24c1e20cc9d024486a6bc6a0ee336a92","transport-sctp/src/main/java/io/netty/channel/sctp/SctpServerPipelineSink.java","47","0","0","0","278","338","0"
"netty","2304913341ef3f239e5509a46921a5c65bbbe360","transport-sctp/src/main/java/io/netty/channel/sctp/SctpServerPipelineSink.java","47","0","0","0","279","339","2"
"hazelcast","34af1d4dcfbd18684efa025746c9963a0b4b85a2","hazelcast/src/main/java/com/hazelcast/map/AbstractEvictableRecordStore.java","47","0","0","0","295","433","0"
"hazelcast","268d983e8f25e4c5673b03bbcfe6256da34c533d","hazelcast/src/main/java/com/hazelcast/map/AbstractEvictableRecordStore.java","47","0","0","0","316","459","0"
"hazelcast","44997b22cca35bc3413b8efefb61cff9a963e641","hazelcast/src/main/java/com/hazelcast/map/AbstractEvictableRecordStore.java","47","0","0","0","316","461","1"
"hazelcast","de1275f6d21e5c549283f165b2d724b94d96d297","hazelcast/src/main/java/com/hazelcast/map/impl/recordstore/AbstractEvictableRecordStore.java","47","0","0","0","324","460","1"
"hazelcast","9b2cfd1d99e282ec4778f0e8f455f47dbcef6966","hazelcast/src/main/java/com/hazelcast/map/impl/recordstore/AbstractEvictableRecordStore.java","47","0","0","0","326","463","0"
"hazelcast","1f231b04eb6c1f8be9ff637ba3c60b7a2e90d994","hazelcast/src/main/java/com/hazelcast/map/impl/recordstore/AbstractEvictableRecordStore.java","47","0","0","0","331","488","1"
"hazelcast","49bc95f245df5503b44ba497a51ae534883f2f4f","hazelcast/src/main/java/com/hazelcast/cache/impl/AbstractInternalCacheProxy.java","47","0","0","0","336","409","1"
"hazelcast","d070f1256c8c7fa823e6463487462826384ee1df","hazelcast-client/src/main/java/com/hazelcast/client/cache/impl/AbstractClientCacheProxy.java","47","0","0","0","411","518","0"
"hazelcast","70d4de16ff0ac4518d09aad8c9f2ad9e782fb337","hazelcast-client/src/main/java/com/hazelcast/client/cache/impl/AbstractClientCacheProxy.java","47","0","0","0","414","520","1"
"hazelcast","1f231b04eb6c1f8be9ff637ba3c60b7a2e90d994","hazelcast/src/main/java/com/hazelcast/cluster/impl/AbstractJoiner.java","47","0","0","11","312","384","0"
"hazelcast","9fbcf29872e44317ab94739e42fb72d2845b2f34","hazelcast-client/src/main/java/com/hazelcast/client/ConnectionManager.java","47","0","0","12","288","335","1"
"elasticsearch","58c606d6d988cd14f50ab7390704babfaf905b83","modules/elasticsearch/src/main/java/org/elasticsearch/common/CacheRecycler.java","47","0","0","21","240","321","0"
"BroadleafCommerce","cd4dba4517e56b14042e5ed1567e933ca3904efd","core/broadleaf-framework/src/main/java/org/broadleafcommerce/core/order/service/workflow/add/ValidateAddRequestActivity.java","47","0","0","3","226","309","0"
"neo4j","c0173e1ec2fc0bbf2a5797e1bc1a75f320b6facc","community/import-tool/src/test/java/org/neo4j/tooling/ImportToolTest.java","47","0","0","31","1138","1390","1"
"hazelcast","3501d411f72f972e7a689602bb5aaed391b4e6a8","hazelcast/src/test/java/com/hazelcast/cache/CacheBasicAbstractTest.java","47","0","0","35","671","785","1"
"hazelcast","309c32202d38a410736da6db69fe2560f26f5648","hazelcast/src/test/java/com/hazelcast/cache/CacheBasicAbstractTest.java","47","0","0","36","703","824","0"
"elasticsearch","19e7b1c737052cca62c684f3ed8e4936f08666be","test/framework/src/main/java/org/elasticsearch/transport/AbstractSimpleTransportTestCase.java","47","0","0","41","1304","1598","2"
"hazelcast","44dd4c0ef632613153d2932c170a0490dcd30270","hazelcast/src/main/java/com/hazelcast/executor/ExecutorServiceProxy.java","47","0","0","45","523","617","0"
"ceylon-ide-eclipse","e1185385f52c9db579a16f53844b6d294b3b5e4e","plugins/com.redhat.ceylon.eclipse.ui/src/com/redhat/ceylon/eclipse/core/debug/presentation/CeylonJDIModelPresentation.java","47","0","0","5","187","218","0"
"ceylon-ide-eclipse","07c6da1f66816c9bf75f30ae54fca1a94c7701a7","plugins/com.redhat.ceylon.eclipse.ui/src/com/redhat/ceylon/eclipse/code/moduledependencies/DependencyGraphView.java","47","0","0","6","458","513","0"
"elasticsearch","60c7e0eb91d70a866bbd4e5d5ed56efbc09cb78a","core/src/test/java/org/elasticsearch/indices/recovery/RecoveryStateTest.java","47","0","0","8","449","529","1"
"elasticsearch","fec1802e2f622c1a126c9adda28fa53f1b55529a","core/src/test/java/org/elasticsearch/ingest/IngestDocumentTests.java","47","0","0","88","873","1003","2"
"elasticsearch","4fea56ceadbbd042774a89dbdf94c16a4a33df4c","core/src/test/java/org/elasticsearch/search/builder/SearchSourceBuilderTests.java","47","0","0","9","366","424","2"
"elasticsearch","56834e3c38b509f17f9a23db1edf6ae0444f8159","core/src/test/java/org/elasticsearch/search/builder/SearchSourceBuilderTests.java","47","0","0","9","372","431","3"
"orientdb","2abe14e644bb5c821e29076a7879b51917cf9ac1","core/src/main/java/com/orientechnologies/orient/core/sql/OCommandExecutorSQLSetAware.java","47","0","1","1","169","234","0"
"elasticsearch","09575eb95fa6da57c0e98435d079f50262f4d81b","src/main/java/org/elasticsearch/action/bulk/TransportBulkAction.java","47","0","1","1","269","327","1"
"elasticsearch","668bcd0eb7bdfc9460ef497632109ef760fc36ba","src/main/java/org/elasticsearch/action/bulk/TransportShardBulkAction.java","47","0","1","1","296","376","0"
"elasticsearch","48bfb142b97bc32542f73bece4bf19bce57554c8","core/src/main/java/org/elasticsearch/action/bulk/TransportShardBulkAction.java","47","0","1","1","334","413","3"
"elasticsearch","d3417fb02291f26964d77767020ef345d18c148f","core/src/main/java/org/elasticsearch/action/bulk/TransportShardBulkAction.java","47","0","1","1","335","417","1"
"elasticsearch","1e7c42447999421ea789d51279496017d34b15d0","core/src/main/java/org/elasticsearch/action/bulk/TransportShardBulkAction.java","47","0","1","1","335","418","0"
"elasticsearch","43aabe88e85ead55ca14ca01b40137013e7c51ab","src/main/java/org/elasticsearch/action/update/TransportUpdateAction.java","47","0","1","1","376","452","0"
"BroadleafCommerce","fb0044b4a303be0742a5868c7bdf95b3061d994b","admin/broadleaf-admin-module/src/main/java/org/broadleafcommerce/admin/server/service/handler/ProductCustomPersistenceHandler.java","47","0","1","10","350","439","2"
"hazelcast","f3f7178f54b44d00b60bb659d594490a11d88850","hazelcast/src/main/java/com/hazelcast/map/impl/proxy/NearCachedMapProxyImpl.java","47","0","1","10","510","607","0"
"elasticsearch","d84c643f5880a88d2e5c38b487123161f3e01fe0","core/src/main/java/org/elasticsearch/index/mapper/core/LegacyByteFieldMapper.java","47","0","1","11","289","348","0"
"elasticsearch","d84c643f5880a88d2e5c38b487123161f3e01fe0","core/src/main/java/org/elasticsearch/index/mapper/core/LegacyShortFieldMapper.java","47","0","1","11","291","353","0"
"hazelcast","40599f3c1a0985c7953c537a378e86d290744a88","hazelcast-client/src/main/java/com/hazelcast/client/spi/ProxyManager.java","47","0","1","13","417","504","1"
"hazelcast","6877ba723a85d969dc6b200777f3cca5c2e8b73b","hazelcast-client/src/main/java/com/hazelcast/client/spi/ProxyManager.java","47","0","1","13","417","504","2"
"hazelcast","9c138bc1488f6a398b05389829776717f93b838a","hazelcast-client/src/main/java/com/hazelcast/client/spi/ProxyManager.java","47","0","1","13","417","504","1"
"hazelcast","12c89254274d2c4379de64ed009e9cda5d724fdb","hazelcast-client/src/main/java/com/hazelcast/client/spi/ProxyManager.java","47","0","1","13","417","504","0"
"elasticsearch","ecc1a3cd8cb1aaf836b1f03dc48d56d008be3d0d","modules/elasticsearch/src/main/java/org/elasticsearch/cluster/metadata/MetaDataMappingService.java","47","0","1","16","275","370","0"
"elasticsearch","fdf2bb93716c2a6f2b0d0785df386ecd414994c4","src/main/java/org/elasticsearch/search/aggregations/bucket/histogram/InternalHistogram.java","47","0","1","16","332","412","0"
"orientdb","252aa4c00e6048e5a77066dc5f770ef6e58dd1ea","core/src/main/java/com/orientechnologies/orient/core/sql/parser/OContainsAllCondition.java","47","0","1","17","149","185","1"
"hazelcast","2db57b1347715b9dbdcf5501adea7bd823bf5b7f","hazelcast/src/main/java/com/hazelcast/internal/partition/impl/PartitionReplicaStateChecker.java","47","0","1","2","249","324","1"
"hazelcast","f4c33973f2e5f804f6743683b11c8a43922bfc7e","hazelcast/src/main/java/com/hazelcast/internal/partition/impl/PartitionReplicaStateChecker.java","47","0","1","2","249","324","1"
"hazelcast","4c22ed73b6dabb441b0c601143aa115c705d0bb5","hazelcast/src/main/java/com/hazelcast/internal/partition/impl/PartitionReplicaStateChecker.java","47","0","1","2","249","324","0"
"hazelcast","e1b69c53ca4923affcd7722f012a80e32517e988","hazelcast/src/main/java/com/hazelcast/internal/partition/impl/PartitionReplicaStateChecker.java","47","0","1","2","251","326","0"
"elasticsearch","533af170688a91ab9a6c8dc5a8809fcf2e98ac28","core/src/main/java/org/elasticsearch/tribe/TribeService.java","47","0","1","2","299","392","0"
"hazelcast","4ae6a56279565eb904647b54b60bd6493f0ec703","hazelcast/src/main/java/com/hazelcast/spi/impl/ProxyServiceImpl.java","47","0","1","20","336","409","1"
"elasticsearch","1bc8f82d0a8a9750b9dae8534b4104cbf00b5c34","src/main/java/org/elasticsearch/index/mapper/core/FloatFieldMapper.java","47","0","1","23","305","371","1"
"elasticsearch","c298c19177936733821228e4b0d10f956e3e7473","src/main/java/org/elasticsearch/index/mapper/core/FloatFieldMapper.java","47","0","1","23","306","372","0"
"elasticsearch","ffcc710e4eca73e2d15a51c697720dcd76423743","src/main/java/org/elasticsearch/index/mapper/core/IntegerFieldMapper.java","47","0","1","23","309","375","0"
"elasticsearch","ffcc710e4eca73e2d15a51c697720dcd76423743","src/main/java/org/elasticsearch/index/mapper/core/LongFieldMapper.java","47","0","1","23","310","374","0"
"elasticsearch","ffcc710e4eca73e2d15a51c697720dcd76423743","src/main/java/org/elasticsearch/index/mapper/core/ByteFieldMapper.java","47","0","1","23","312","377","0"
"elasticsearch","ffcc710e4eca73e2d15a51c697720dcd76423743","src/main/java/org/elasticsearch/index/mapper/core/ShortFieldMapper.java","47","0","1","23","314","379","0"
"elasticsearch","ffcc710e4eca73e2d15a51c697720dcd76423743","src/main/java/org/elasticsearch/index/mapper/core/DoubleFieldMapper.java","47","0","1","24","308","375","0"
"hazelcast","20dcc304597556dac17df42b2df70cd10f3d8f24","hazelcast-wm/src/main/java/com/hazelcast/web/HazelcastHttpSession.java","47","0","1","25","272","340","2"
"hazelcast","c57e914305f7b503ce03f55ddc32d023b7666818","hazelcast-wm/src/main/java/com/hazelcast/web/HazelcastHttpSession.java","47","0","1","25","272","340","1"
"hazelcast","249e7d64161e769e5586d25f57789d78c8086d27","hazelcast-wm/src/main/java/com/hazelcast/web/HazelcastHttpSession.java","47","0","1","25","272","340","0"
"hazelcast","33e26506f4466fba25eefee59df80b654a60af62","hazelcast-wm/src/main/java/com/hazelcast/web/HazelcastHttpSession.java","47","0","1","25","275","343","2"
"hazelcast","f66b7db6c960617f61737ff6e7fcfc2e59a5b4f6","hazelcast-wm/src/main/java/com/hazelcast/web/HazelcastHttpSession.java","47","0","1","25","276","344","0"
"elasticsearch","14ae2fb7650f19c02440620061e6915da7711578","src/test/java/org/elasticsearch/test/integration/search/highlight/HighlighterSearchTests.java","47","0","1","29","1042","1370","0"
"elasticsearch","2541847945eca84404e657a5af64147227846158","src/main/java/org/elasticsearch/index/query/MatchQueryParser.java","47","0","1","3","128","166","1"
"elasticsearch","bb4d3f55c0865e9fd49fa2cb5ba03eba360b6ba8","src/main/java/org/elasticsearch/index/query/CommonTermsQueryParser.java","47","0","1","3","187","233","1"
"elasticsearch","fe9de7fba24897b0d608bc8c4d243f69476e6cb2","src/main/java/org/elasticsearch/index/query/CommonTermsQueryParser.java","47","0","1","3","189","234","0"
"BroadleafCommerce","890b0bcc50d07d82acdf5ae687d2abfbffa34597","admin/broadleaf-open-admin-platform/src/main/java/org/broadleafcommerce/openadmin/server/service/persistence/module/criteria/CriteriaTranslatorImpl.java","47","0","1","3","225","330","0"
"elasticsearch","96f4c06f46fbf993357c2ff9c90c6d5ad7d80238","src/main/java/org/elasticsearch/cluster/metadata/MetaDataUpdateSettingsService.java","47","0","1","3","240","313","1"
"elasticsearch","496f50bfc305bb83b7e8d30212225a8026a9d0a9","core/src/main/java/org/elasticsearch/tribe/TribeService.java","47","0","1","3","322","432","1"
"elasticsearch","b4064ce43fc43fecc2b63c63c0d27d52f4656f16","core/src/main/java/org/elasticsearch/action/support/replication/TransportReplicationAction.java","47","0","1","3","694","911","0"
"elasticsearch","bd7ff6946ed9d188bd72108a8fb42e3a673cacdf","src/test/java/org/elasticsearch/test/integration/search/highlight/HighlighterSearchTests.java","47","0","1","30","1049","1379","0"
"netty","6d80c641e92588a5317c0b9a9631918a521d52bc","resolver-dns/src/test/java/io/netty/resolver/dns/DnsNameResolverTest.java","47","0","1","31","1032","1246","0"
"netty","b249714a2d26f923ef2ede5d3488c3c3ed2bada3","resolver-dns/src/test/java/io/netty/resolver/dns/DnsNameResolverTest.java","47","0","1","31","1035","1249","0"
"hazelcast","20b21c92537f993205ae16843747412efc000407","hazelcast/src/main/java/com/hazelcast/cache/impl/AbstractCacheService.java","47","0","1","32","361","430","1"
"hazelcast","0457a081641d0a769e18ca3bec7cfe0191ee8cfc","hazelcast/src/main/java/com/hazelcast/cache/impl/AbstractCacheService.java","47","0","1","32","362","431","2"
"hazelcast","bfae99faf8cf497cf96fb30ccbe60057161e6a16","hazelcast/src/main/java/com/hazelcast/cache/impl/AbstractCacheService.java","47","0","1","32","364","434","4"
"hazelcast","7ab1db9edc8409f599bf01054636a1643e3cf2d3","hazelcast/src/main/java/com/hazelcast/cache/impl/AbstractCacheService.java","47","0","1","32","365","435","2"
"elasticsearch","90d044309f18bd20b12ead67a9e41f31e18e3f87","core/src/main/java/org/elasticsearch/index/mapper/core/TextFieldMapper.java","47","0","1","35","363","446","1"
"hazelcast","6f8dacc3a698febf42c64100be44482aaaf9b9cb","hazelcast/src/test/java/com/hazelcast/cache/CacheBasicAbstractTest.java","47","0","1","38","736","875","0"
"hazelcast","1e9e4599ed1d759fba241a492ec12186d32f59fb","hazelcast/src/test/java/com/hazelcast/cache/CacheBasicAbstractTest.java","47","0","1","38","736","876","0"
"hazelcast","17bd5bcdf93ea2810c638dc6564a9c7ff9c3f231","hazelcast/src/test/java/com/hazelcast/cache/CacheBasicAbstractTest.java","47","0","1","38","736","892","1"
"elasticsearch","b3866689fa1fe9ad85dbd17b287d53757a2d7764","src/main/java/org/elasticsearch/search/fetch/FetchPhase.java","47","0","1","4","232","294","1"
"BroadleafCommerce","66355f234265e6a0d2f7a4ba31b8ab48720e3213","core/broadleaf-framework/src/main/java/org/broadleafcommerce/core/offer/service/processor/FulfillmentGroupOfferProcessorImpl.java","47","0","1","4","237","311","0"
"elasticsearch","b00b2b9baaf7d22ba63a2cb6c55ba0218de55324","src/main/java/org/elasticsearch/cluster/metadata/IndexTemplateMetaData.java","47","0","1","40","354","455","0"
"ceylon-ide-eclipse","4c231e431a14819b130fc451bd04222b2098ce21","plugins/com.redhat.ceylon.eclipse.ui/src/com/redhat/ceylon/eclipse/core/model/mirror/JDTClass.java","47","0","1","41","561","665","1"
"elasticsearch","644dcb99cf18f9ada110716d2bfe9639d7d22221","src/main/java/org/elasticsearch/index/mapper/core/AbstractFieldMapper.java","47","0","1","46","390","512","0"
"MapDB","e4e15337e2f73efaf8115394e8e4e104b3fb55f4","src/main/java/org/mapdb/Storage.java","47","0","1","5","176","293","2"
"elasticsearch","c4f127fb6f1f2beb329ae83ce714ecf7cfe3a809","src/main/java/org/elasticsearch/search/facet/terms/TermsFacetParser.java","47","0","1","5","180","226","1"
"elasticsearch","f74256afcd635d9db9b27f18808a09eb1e3f8727","src/main/java/org/elasticsearch/search/highlight/HighlightPhase.java","47","0","1","6","232","298","0"
"hazelcast","7135af8a09ce704ed35cc2b84bb5e03d90e86e4d","hazelcast/src/main/java/com/hazelcast/jmx/ManagementService.java","47","0","1","7","223","262","2"
"elasticsearch","2f6405ee277ec64269dd13fdfbd8445f96b4516d","core/src/test/java/org/elasticsearch/gateway/MetaDataStateFormatTests.java","47","0","1","8","422","489","1"
"hazelcast","88e00fc5922e66d115f3befff0b7fa568a0321db","hazelcast/src/main/java/com/hazelcast/map/impl/nearcache/NearCacheInvalidatorImpl.java","47","0","1","9","365","467","1"
"BroadleafCommerce","be82be502a3deed449b9965d9b5b57198599582d","core/broadleaf-framework/src/main/java/org/broadleafcommerce/core/catalog/domain/ProductImpl.java","47","0","1","90","738","893","1"
"hazelcast","d568e4d926d925d57d4e79e34614390416749301","hazelcast-client/src/main/java/com/hazelcast/client/proxy/ClientMapProxy.java","47","0","1","91","1318","1589","0"
"netty","e33f12f5b8a37b3f2a7291a10a61c8bce6ce73e0","transport/src/main/java/io/netty/channel/ChannelOutboundBuffer.java","47","0","10","1","381","612","1"
"MapDB","a7c6b0158ee1eb90660a39ef2c0026ea83919fc8","src/main/java/org/mapdb/AsyncWriteEngine.java","47","0","12","3","306","583","0"
"elasticsearch","5379fa04def4cdd63c7bd4edc179dc1bad0bed42","src/main/java/org/elasticsearch/repositories/RepositoriesService.java","47","0","12","7","383","578","0"
"elasticsearch","3e32dd985aabfa5ee653b26bcb6ff97c74a426a2","src/main/java/org/elasticsearch/indices/recovery/RecoveryState.java","47","0","13","77","651","810","0"
"Android-Universal-Image-Loader","062e3e2a3a6ce7329de28df77d19b849625ee11b","UniversalImageLoader/src/com/nostra13/universalimageloader/core/ImageLoader.java","47","0","18","0","249","473","1"
"elasticsearch","8a69910465d525e0e7c6dafc0603a91bf70dc70b","modules/elasticsearch/src/main/java/org/elasticsearch/index/store/support/AbstractStore.java","47","0","2","12","388","509","0"
"elasticsearch","0d5a2f25d3e31dda79589d967541b810cd3e692a","core/src/main/java/org/elasticsearch/action/support/broadcast/node/TransportBroadcastByNodeAction.java","47","0","2","13","428","596","1"
"elasticsearch","78574d248cf10dad1c5a566fda79e1e0c94afe43","core/src/main/java/org/elasticsearch/action/support/broadcast/node/TransportBroadcastByNodeAction.java","47","0","2","14","443","612","2"
"elasticsearch","25fd9e26c4fb042d6f6dea14efcd239577bdbbc4","core/src/main/java/org/elasticsearch/action/support/broadcast/node/TransportBroadcastByNodeAction.java","47","0","2","14","456","629","1"
"netty","79a06eaede237e28ef72e9e4c72c9e8615967a87","codec-http2/src/main/java/io/netty/handler/codec/http2/DefaultHttp2RemoteFlowController.java","47","0","2","15","464","763","0"
"elasticsearch","ee5221bd220b5e23d77a02d217909c4b527b860f","src/main/java/org/elasticsearch/index/mapper/internal/TimestampFieldMapper.java","47","0","2","22","233","299","1"
"elasticsearch","296ab3ec16c285bfc37fba40b2ddbde1e56bfc7c","core/src/test/java/org/elasticsearch/action/support/replication/TransportReplicationActionTests.java","47","0","2","23","754","937","1"
"hazelcast","62d6d6048f8db82bcba99ded8d33d5b98f23b77d","hazelcast/src/main/java/com/hazelcast/client/ClientEngineImpl.java","47","0","2","24","431","529","0"
"hazelcast","8d14f34eae4cd9efdd00e7db91785935779087b0","hazelcast/src/main/java/com/hazelcast/client/ClientEngineImpl.java","47","0","2","24","433","531","2"
"hazelcast","490031a220076fe6cf002b209e986e2edbad57b9","hazelcast/src/main/java/com/hazelcast/client/ClientEngineImpl.java","47","0","2","24","440","539","1"
"elasticsearch","4c06c533e865954f6da0a0b395c63f44a11a98a1","src/test/java/org/elasticsearch/search/aggregations/bucket/StringTermsTests.java","47","0","2","34","803","1041","1"
"elasticsearch","428080b49a8032a0ae4af6ff06b306b33dc3ef7c","src/test/java/org/elasticsearch/search/aggregations/bucket/StringTermsTests.java","47","0","2","34","808","1045","0"
"elasticsearch","79d1633dd6adbeeaf9085286e1488c3e61527020","src/test/java/org/elasticsearch/search/aggregations/bucket/StringTermsTests.java","47","0","2","34","808","1045","0"
"elasticsearch","db57f7ed0eacc21b7fca743e65fdc3c0582078a0","src/test/java/org/elasticsearch/search/aggregations/bucket/StringTermsTests.java","47","0","2","34","808","1045","1"
"elasticsearch","a3d5cdcda8de503c17f39b38d8eafd34cc0a5a8e","src/test/java/org/elasticsearch/search/child/SimpleChildQuerySearchTests.java","47","0","2","39","2022","2499","0"
"elasticsearch","c6623877c9e00eee6ab2744c911520ce16a2eb22","src/test/java/org/elasticsearch/search/child/SimpleChildQuerySearchTests.java","47","0","2","40","2035","2517","0"
"elasticsearch","8a94044b69a402f34e0ab701b9f79382524634d3","src/test/java/org/elasticsearch/search/child/SimpleChildQuerySearchTests.java","47","0","2","40","2040","2522","5"
"elasticsearch","c94d0564543c33b57e317a94eaec3534702df4a6","src/main/java/org/elasticsearch/index/query/QueryParseContext.java","47","0","2","44","343","452","1"
"elasticsearch","687be70736ad40752abcf76e36bfa097c1c916e5","src/main/java/org/elasticsearch/index/query/QueryParseContext.java","47","0","2","45","346","456","0"
"hazelcast","00674fe8446b9bdfef4e7ff7fcf4816e21c177ac","hazelcast/src/test/java/com/hazelcast/test/HazelcastTestSupport.java","47","0","2","52","440","558","2"
"hazelcast","2112d78371c8d96c88a5b141cc8c710890ee70ec","hazelcast/src/main/java/com/hazelcast/spi/impl/AbstractInvocationFuture.java","47","0","2","9","273","412","1"
"hazelcast","2b015e6b174d25a0103059e5bdc56440f98767b3","hazelcast/src/main/java/com/hazelcast/spi/impl/AbstractInvocationFuture.java","47","0","2","9","276","417","0"
"hazelcast","4ca7f16038918a0fa1e680ab06f1237839c7e805","hazelcast/src/main/java/com/hazelcast/spi/impl/AbstractInvocationFuture.java","47","0","2","9","276","417","0"
"hazelcast","d88d16bfdbbc9c921081b1445b3b0930739e9b2b","hazelcast/src/main/java/com/hazelcast/spi/impl/AbstractInvocationFuture.java","47","0","2","9","276","417","1"
"orientdb","c65031e4a5cae04be6faeaeccb01fb18d3e5fb85","server/src/main/java/com/orientechnologies/orient/server/network/protocol/binary/OBinaryNetworkProtocolAbstract.java","47","0","2","9","336","471","1"
"orientdb","7d92a6b03b707e81490ef22a1fa23a1017918c3d","server/src/main/java/com/orientechnologies/orient/server/network/protocol/binary/OBinaryNetworkProtocolAbstract.java","47","0","2","9","337","472","0"
"neo4j","8066343b1fb2eb6ea3b5e0ab8770458d6bfd1b79","community/import-tool/src/main/java/org/neo4j/tooling/ImportTool.java","47","0","3","0","647","777","1"
"neo4j","e363a1f4601dcb959d975051310bd911cfc49095","community/import-tool/src/main/java/org/neo4j/tooling/ImportTool.java","47","0","3","0","651","784","0"
"elasticsearch","d0835715c2704aeb9600f1c203bd591a8b77ee68","core/src/main/java/org/elasticsearch/cluster/InternalClusterInfoService.java","47","0","3","10","301","414","1"
"elasticsearch","d2507c4ac0477f28b441f83eeac07786fb8f42b4","core/src/main/java/org/elasticsearch/cluster/InternalClusterInfoService.java","47","0","3","10","304","417","0"
"orientdb","740ee804311ef5389af971e3993e602451c69751","core/src/main/java/com/orientechnologies/orient/core/config/OGlobalConfiguration.java","47","0","3","14","666","998","2"
"netty","b19a12b952398dba12e46db452f0b8220d1e0267","codec-http2/src/main/java/io/netty/handler/codec/http2/DefaultHttp2ConnectionEncoder.java","47","0","3","25","347","468","1"
"elasticsearch","78574d248cf10dad1c5a566fda79e1e0c94afe43","core/src/main/java/org/elasticsearch/cluster/metadata/MappingMetaData.java","47","0","3","30","282","381","1"
"elasticsearch","e6aaaf11ed4a1b8f595f920de1840938eddb7a97","core/src/main/java/org/elasticsearch/cluster/metadata/MappingMetaData.java","47","0","3","30","282","381","1"
"elasticsearch","a60b8948ba1d836a6eac7cff095519e618939ed8","core/src/main/java/org/elasticsearch/cluster/metadata/MappingMetaData.java","47","0","3","30","282","381","0"
"elasticsearch","2beda3953d75b387d30cf0fba1095f4b766b0b2a","src/test/java/org/elasticsearch/cluster/metadata/MetaDataTests.java","47","0","3","36","704","896","0"
"hazelcast","4b37b0ebf8a268dba38bcdd279b2ad087568b60a","hazelcast/src/test/java/com/hazelcast/map/EntryProcessorTest.java","47","0","3","55","1189","1466","0"
"elasticsearch","78574d248cf10dad1c5a566fda79e1e0c94afe43","core/src/main/java/org/elasticsearch/action/update/UpdateHelper.java","47","0","3","8","269","352","1"
"elasticsearch","e6aaaf11ed4a1b8f595f920de1840938eddb7a97","core/src/main/java/org/elasticsearch/action/update/UpdateHelper.java","47","0","3","8","269","352","1"
"elasticsearch","a60b8948ba1d836a6eac7cff095519e618939ed8","core/src/main/java/org/elasticsearch/action/update/UpdateHelper.java","47","0","3","8","269","352","0"
"elasticsearch","83ba677e7f565348e69fd91f7b625f2990a7656c","core/src/main/java/org/elasticsearch/plugins/PluginsService.java","47","0","3","8","320","427","1"
"elasticsearch","2ccc223ff761043807683f34b29c693af6c94d95","core/src/main/java/org/elasticsearch/action/index/IndexRequest.java","47","0","31","13","362","612","0"
"elasticsearch","972bdc09ee93147c3a1f1def460f3f78977f6c61","core/src/main/java/org/elasticsearch/action/index/IndexRequest.java","47","0","31","13","362","612","0"
"elasticsearch","0189a65e6bfc623813c6c088d19a0509fbeb64da","core/src/main/java/org/elasticsearch/action/index/IndexRequest.java","47","0","31","13","362","612","1"
"elasticsearch","046abdc281c321cd2128ee7684c0edfcaca07203","test/framework/src/main/java/org/elasticsearch/test/ESTestCase.java","47","0","38","38","596","859","2"
"elasticsearch","22e63b478306fb3cab6ba8967db6e1f2b73cdfd8","test/framework/src/main/java/org/elasticsearch/test/ESTestCase.java","47","0","38","38","596","859","1"
"elasticsearch","e74d02138f02a66331b2611b5e70a908bb49cb97","test/framework/src/main/java/org/elasticsearch/test/ESTestCase.java","47","0","38","38","596","859","0"
"elasticsearch","371c73e14023917f3892090d2d3d7ff9ac1216b9","core/src/main/java/org/elasticsearch/action/admin/cluster/allocation/TransportClusterAllocationExplainAction.java","47","0","4","1","263","338","3"
"elasticsearch","78574d248cf10dad1c5a566fda79e1e0c94afe43","core/src/main/java/org/elasticsearch/action/admin/cluster/allocation/TransportClusterAllocationExplainAction.java","47","0","4","1","263","338","2"
"elasticsearch","e6aaaf11ed4a1b8f595f920de1840938eddb7a97","core/src/main/java/org/elasticsearch/action/admin/cluster/allocation/TransportClusterAllocationExplainAction.java","47","0","4","1","263","338","2"
"elasticsearch","a60b8948ba1d836a6eac7cff095519e618939ed8","core/src/main/java/org/elasticsearch/action/admin/cluster/allocation/TransportClusterAllocationExplainAction.java","47","0","4","1","263","338","0"
"elasticsearch","31b0777c911a87b7ebae0efd7d5b14d1e06f3879","core/src/main/java/org/elasticsearch/action/admin/cluster/allocation/TransportClusterAllocationExplainAction.java","47","0","4","1","266","341","0"
"hazelcast","75f8da3f6c13ae28d39f9e1068679a1c397fb3d5","hazelcast-jclouds/src/main/java/com/hazelcast/jclouds/ComputeServiceBuilder.java","47","0","4","12","255","336","0"
"orientdb","23176dc34a7e7079a01b87f9c77bf1bfa356bd50","core/src/main/java/com/orientechnologies/orient/core/config/OGlobalConfiguration.java","47","0","4","14","712","1170","0"
"elasticsearch","4b18800df9a640ce9d8275066494936ffe54ede0","core/src/main/java/org/elasticsearch/rest/RestController.java","47","0","4","4","329","510","0"
"elasticsearch","82f52b17e13159e094bc46be53ee332f847ad583","core/src/main/java/org/elasticsearch/rest/RestController.java","47","0","4","4","330","511","1"
"hazelcast","96fd98e7c3cc5b97b45c7eb34d1389f5082c1c35","hazelcast/src/test/java/com/hazelcast/map/EvictionTest.java","47","0","5","12","548","657","0"
"elasticsearch","29f63c78cc2c57fe1b804a81424bdb37a2f73d55","core/src/main/java/org/elasticsearch/indices/recovery/RecoverySourceHandler.java","47","0","5","2","449","643","1"
"antlr4","fab3a8310752dd71ec9e06ff5b043aca54a95110","tool/src/org/antlr/v4/tool/Rule.java","47","0","5","21","247","363","0"
"antlr4","4b7873783df3f213e5c833cf328ff12e49d2e6fb","tool/src/org/antlr/v4/tool/GrammarTransformPipeline.java","47","0","5","5","298","440","1"
"elasticsearch","d3a4a9f87106d654fa052afc0f07d40aec34d516","core/src/test/java/org/elasticsearch/search/highlight/HighlighterSearchIT.java","47","0","5","71","2085","2650","1"
"elasticsearch","664d67d41d972fd732251fc891f2b1d75e39cb5d","core/src/test/java/org/elasticsearch/search/highlight/HighlighterSearchIT.java","47","0","5","71","2085","2651","1"
"elasticsearch","da63c87c7f5488505bbf0f843386bec1d2e9078d","core/src/test/java/org/elasticsearch/search/highlight/HighlighterSearchIT.java","47","0","5","71","2096","2665","0"
"elasticsearch","6666fb1614c602e5637b5949d61d8e457ab3ee77","core/src/test/java/org/elasticsearch/search/fetch/subphase/highlight/HighlighterSearchIT.java","47","0","5","77","2398","2988","3"
"elasticsearch","145d0813b50a9eb7aa916ab4428bb34595419008","core/src/test/java/org/elasticsearch/search/fetch/subphase/highlight/HighlighterSearchIT.java","47","0","5","78","2418","3009","2"
"elasticsearch","8affb7c8452b3fe5a4e0a25eac4fc55e0e264858","core/src/test/java/org/elasticsearch/search/fetch/subphase/highlight/HighlighterSearchIT.java","47","0","5","79","2438","3030","0"
"elasticsearch","3e32dd985aabfa5ee653b26bcb6ff97c74a426a2","src/main/java/org/elasticsearch/indices/recovery/ShardRecoveryHandler.java","47","0","6","2","516","730","0"
"elasticsearch","99714ee1bd991fed204620c32e9f59a323018d2f","src/main/java/org/elasticsearch/indices/recovery/ShardRecoveryHandler.java","47","0","6","2","519","733","2"
"elasticsearch","93fedcbb88f0d1b682d72d4d8c502011796a5767","src/main/java/org/elasticsearch/indices/recovery/RecoverySourceHandler.java","47","0","6","2","522","735","1"
"neo4j","3a8d8c551d0fa2126525b8ac23eebc7ed9d6efb5","community/kernel/src/main/java/org/neo4j/kernel/impl/api/index/IndexingService.java","47","0","6","27","596","787","1"
"hazelcast","0de2d59f48862f5e69b2924af03842a47ad13bdd","hazelcast/src/test/java/com/hazelcast/map/EvictionTest.java","47","0","7","12","580","696","0"
"BroadleafCommerce","c9b63e82de0c3a83111f387293afce1ae202c00d","admin/broadleaf-admin-module/src/main/java/org/broadleafcommerce/admin/server/service/handler/SkuCustomPersistenceHandler.java","47","0","7","8","399","610","2"
"elasticsearch","12cbb3223a540399164734a188460a343eec4068","src/test/java/org/elasticsearch/bwcompat/BasicBackwardsCompatibilityTest.java","47","0","8","15","563","695","2"
"titan","8c4cb727599bf9ee2811020ce6714c3f8dece52d","titan-core/src/main/java/com/thinkaurelius/titan/diskstorage/Backend.java","47","0","9","18","538","740","1"
"titan","dc361be619d77356c905a95a1f664dfa105d1576","titan-core/src/main/java/com/thinkaurelius/titan/diskstorage/Backend.java","47","0","9","18","538","741","0"
"titan","8d5f50cefca0d20892cc6621c5b53cd463a4a2f8","titan-core/src/main/java/com/thinkaurelius/titan/diskstorage/Backend.java","47","0","9","18","545","749","1"
"elasticsearch","371c73e14023917f3892090d2d3d7ff9ac1216b9","core/src/main/java/org/elasticsearch/index/query/TermsQueryBuilder.java","47","0","9","6","283","402","3"
"elasticsearch","78574d248cf10dad1c5a566fda79e1e0c94afe43","core/src/main/java/org/elasticsearch/index/query/TermsQueryBuilder.java","47","0","9","6","283","402","2"
"elasticsearch","a60b8948ba1d836a6eac7cff095519e618939ed8","core/src/main/java/org/elasticsearch/index/query/TermsQueryBuilder.java","47","0","9","6","283","402","0"
"hazelcast","91c528df16a5c2d54c17eefda809cc24db513caf","hazelcast/src/main/java/com/hazelcast/config/XmlConfigBuilder.java","470","0","7","1","1828","2010","0"
"orientdb","68a2254c66465bf55c3d5ccc6be02996dd216a5f","core/src/main/java/com/orientechnologies/orient/core/storage/impl/local/OAbstractPaginatedStorage.java","470","0","7","102","3121","4142","2"
"orientdb","a2eaf6636bb600c7e6d311b0bb7d112bbaafb4a0","core/src/main/java/com/orientechnologies/orient/core/storage/impl/local/OAbstractPaginatedStorage.java","470","0","8","101","3099","4146","3"
"orientdb","db4419422b763a4cb8fd7b439e3aee089c2ed806","core/src/main/java/com/orientechnologies/orient/core/storage/impl/local/OAbstractPaginatedStorage.java","471","0","3","99","3301","4267","1"
"orientdb","37efff65c1886e91813da274a2c7bfbf0df055a1","core/src/main/java/com/orientechnologies/orient/core/storage/impl/local/OAbstractPaginatedStorage.java","471","0","3","99","3301","4268","0"
"orientdb","46fefeca972ff267f16b66f333dc35356989315d","core/src/main/java/com/orientechnologies/orient/core/storage/impl/local/OAbstractPaginatedStorage.java","472","0","8","101","3109","4163","1"
"hazelcast","b455a2476062222d6f90c146bfe368fc14bb7d53","hazelcast/src/main/java/com/hazelcast/config/XmlConfigBuilder.java","473","0","7","1","1839","2022","1"
"elasticsearch","f132a8f1c84fd835d941db547c0f668e0abdf415","modules/lang-painless/src/main/java/org/elasticsearch/painless/AnalyzerCaster.java","474","0","1","8","806","998","0"
"hazelcast","5d36c39e8f44cf919b8794ee1b6a3fd7a22e2b32","hazelcast/src/main/java/com/hazelcast/config/XmlConfigBuilder.java","474","0","7","1","1834","2018","2"
"hazelcast","d918ddeea821c75cddd067ea365659ec72ebbde2","hazelcast/src/main/java/com/hazelcast/config/XmlConfigBuilder.java","474","0","7","1","1841","2024","1"
"hazelcast","2a6b3fa902c6b5b6660b88a4b90e809ce5c99143","hazelcast/src/main/java/com/hazelcast/config/XmlConfigBuilder.java","475","0","7","1","1836","2020","2"
"hazelcast","e5eb016b473ff0fa604b8bbffa9e21a6977841f4","hazelcast/src/main/java/com/hazelcast/config/XmlConfigBuilder.java","476","0","7","1","1843","2027","1"
"hazelcast","f4a70478d98b3c7ba7e4ed5a9d63a10fc1824f3c","hazelcast/src/main/java/com/hazelcast/config/XmlConfigBuilder.java","476","0","7","1","1845","2029","2"
"elasticsearch","70e3cce904e106e94e4b258b8f88eb191ea0c0d9","modules/lang-painless/src/main/java/org/elasticsearch/painless/AnalyzerCaster.java","478","0","1","8","812","1005","2"
"orientdb","74039254b1ebb8a5d96f93f3a56cf4a38f0c0e20","core/src/main/java/com/orientechnologies/orient/core/storage/impl/local/OAbstractPaginatedStorage.java","478","0","7","102","3136","4161","0"
"orientdb","0ec3add02530abf5aa928a7441cad6b3df8ea710","core/src/main/java/com/orientechnologies/orient/core/storage/impl/local/OAbstractPaginatedStorage.java","478","0","7","102","3142","4167","1"
"MapDB","06b099139f315ca2b996d674ddbbce9ac8640aad","src/main/java/org/mapdb/SerializerBase.java","479","0","1","5","1655","2027","0"
"MapDB","461ee2dfb2a75977881f1f67fd1f5df1cc8097aa","src/main/java/org/mapdb/SerializerBase.java","479","0","1","5","1667","2057","1"
"orientdb","e015a536ea77da4b925b250566f54a7e8420ea2f","core/src/main/java/com/orientechnologies/orient/core/sql/parser/OrientSql.java","4796","0","11","130","14138","15209","0"
"ceylon-ide-eclipse","3dc1d8abd46e6f165faaf2c786738164108cb850","plugins/com.redhat.ceylon.eclipse.ui/src/com/redhat/ceylon/eclipse/core/builder/DeltaScanner.java","48","0","0","0","161","189","0"
"netty","ab158a6ea43beb4990bb53cc991c1e070c98134e","transport-native-epoll/src/main/java/io/netty/channel/epoll/EpollEventLoop.java","48","0","0","0","236","358","1"
"netty","d711eb827dbdf75ec2ffada8c409ca629828abd4","transport-native-epoll/src/main/java/io/netty/channel/epoll/EpollEventLoop.java","48","0","0","0","239","361","0"
"netty","4f069e5c36e56e484e87db16cbc47e656265ee7c","transport-native-epoll/src/main/java/io/netty/channel/epoll/EpollEventLoop.java","48","0","0","0","241","356","0"
"Android-Universal-Image-Loader","ed7aac1d1b6bbb170374dc9dbdca67de2b1c0ed4","library/src/com/nostra13/universalimageloader/core/LoadAndDisplayImageTask.java","48","0","0","0","258","320","1"
"Android-Universal-Image-Loader","861ddfe6fc1e8db349bc90fa10a94370daf8076d","library/src/com/nostra13/universalimageloader/core/LoadAndDisplayImageTask.java","48","0","0","0","268","331","0"
"elasticsearch","20ff703e07c692c5e68e6b30a6e6413a34dd10a7","core/src/main/java/org/elasticsearch/action/search/AbstractSearchAsyncAction.java","48","0","0","0","298","387","1"
"elasticsearch","3df2a086d4bf3c5608aabf06c1766e10c901af35","core/src/main/java/org/elasticsearch/action/search/AbstractSearchAsyncAction.java","48","0","0","0","302","392","0"
"hazelcast","1fef55d9ec85d7a8e0ef24b738e5414cdd9eb11b","hazelcast/src/main/java/com/hazelcast/util/scheduler/SecondsBasedEntryTaskScheduler.java","48","0","0","0","307","397","0"
"hazelcast","2c84640858569786577afc9fb091d5b1e7e73b8b","hazelcast/src/main/java/com/hazelcast/util/scheduler/SecondsBasedEntryTaskScheduler.java","48","0","0","0","307","397","0"
"hazelcast","ac2dda4566638398a14318604f960e2afce7d3ca","hazelcast/src/main/java/com/hazelcast/util/scheduler/SecondsBasedEntryTaskScheduler.java","48","0","0","0","307","397","1"
"Android-Universal-Image-Loader","300a0ea2f23b836dedeaf92774a2586e98e720b9","library/src/com/nostra13/universalimageloader/core/LoadAndDisplayImageTask.java","48","0","0","0","310","391","1"
"hazelcast","1c090ad87906d51892a32c2aa0a32d34002298ec","hazelcast/src/main/java/com/hazelcast/map/impl/mapstore/writebehind/DefaultWriteBehindProcessor.java","48","0","0","0","311","438","1"
"hazelcast","b1b61c82c210a602d5d556676a05f358a7772168","hazelcast/src/main/java/com/hazelcast/map/impl/mapstore/writebehind/DefaultWriteBehindProcessor.java","48","0","0","0","311","438","1"
"hazelcast","ab70f4e9134f38288eb7f2a7edbbdf3c25db3187","hazelcast/src/main/java/com/hazelcast/map/impl/mapstore/writebehind/DefaultWriteBehindProcessor.java","48","0","0","0","311","438","0"
"Android-Universal-Image-Loader","e4c86729327074e1cf399e390206b69332371c07","library/src/com/nostra13/universalimageloader/core/LoadAndDisplayImageTask.java","48","0","0","0","312","394","2"
"ceylon-ide-eclipse","f85933252fb0148e88b82683c309e6d9dcd7c560","plugins/com.redhat.ceylon.eclipse.ui/src/com/redhat/ceylon/eclipse/code/correct/ChangeTypeProposal.java","48","0","0","0","327","357","1"
"ceylon-ide-eclipse","9447e31278f2e9eca57e699588e385be94e2ac62","plugins/com.redhat.ceylon.eclipse.ui/src/com/redhat/ceylon/eclipse/code/search/CeylonSearchQuery.java","48","0","0","0","343","378","0"
"hazelcast","c0e00faf6d5f1e12f986d874e8585114554cc506","hazelcast/src/main/java/com/hazelcast/internal/cluster/impl/AbstractJoiner.java","48","0","0","10","338","415","1"
"hazelcast","a02dfded4689a8e2986e8ddde755881248231c54","hazelcast/src/main/java/com/hazelcast/internal/cluster/impl/AbstractJoiner.java","48","0","0","10","339","416","0"
"elasticsearch","1e5138889ed0eff44dc6777eae7a34f4f2091bcb","src/test/java/org/elasticsearch/search/query/MultiMatchQueryTests.java","48","0","0","11","488","570","1"
"hazelcast","da5c14364a565d62efd16b286c2f46eec771594b","hazelcast-client/src/main/java/com/hazelcast/client/ConnectionManager.java","48","0","0","12","289","340","0"
"hazelcast","1f11ca3e0b009ee78364a4dd238b40a84df8f797","hazelcast-client/src/main/java/com/hazelcast/client/connection/nio/ClientConnectionManagerImpl.java","48","0","0","12","473","559","5"
"elasticsearch","dab4596b13a33a5142018b6fa4d21fa86390c5b9","src/test/java/org/elasticsearch/search/query/MultiMatchQueryTests.java","48","0","0","12","495","579","0"
"elasticsearch","3f6a3c01dadb1951b597ffdbd068359a2fbc84c8","core/src/test/java/org/elasticsearch/discovery/zen/NodeJoinControllerTests.java","48","0","0","16","551","662","1"
"BroadleafCommerce","f0a43a10b18a55908684479d3eadcb3822d3cd60","core/broadleaf-framework/src/main/java/org/broadleafcommerce/core/order/service/workflow/add/ValidateAddRequestActivity.java","48","0","0","2","142","202","0"
"elasticsearch","196e3c360261cc4cf25a4d859b41bca3b189c57d","src/main/java/org/elasticsearch/common/bytes/PagedBytesReference.java","48","0","0","21","322","459","0"
"elasticsearch","cd552e74136d018c2b1b5067157c7b6108070411","src/main/java/org/elasticsearch/common/bytes/PagedBytesReference.java","48","0","0","21","330","468","0"
"elasticsearch","8f324d50b2e4bf76df63a25b5d33320484dacba6","src/main/java/org/elasticsearch/common/bytes/PagedBytesReference.java","48","0","0","21","330","469","1"
"hazelcast","1957f30d5417b93beeb84dfd6492f1a40de6ce38","hazelcast/src/main/java/com/hazelcast/monitor/impl/MemberStateImpl.java","48","0","0","30","282","339","0"
"hazelcast","047f1b1478178fdfea8259c38006ad7b17254397","hazelcast/src/main/java/com/hazelcast/impl/ClientEndpoint.java","48","0","0","30","326","409","0"
"hazelcast","564167c1f93b32ce742411106e9ae67eae88a801","hazelcast/src/main/java/com/hazelcast/cache/impl/AbstractCacheService.java","48","0","0","34","383","452","0"
"hazelcast","7db53c0a19c56ae9c88038c5bf9e46075c9213e0","hazelcast-client/src/main/java/com/hazelcast/client/connection/nio/ClientConnectionManagerImpl.java","48","0","0","4","470","557","5"
"hazelcast","dadc52c29f4469d9c2a65867c707a93c84da74bb","hazelcast/src/main/java/com/hazelcast/executor/ExecutorServiceProxy.java","48","0","0","45","518","610","0"
"hazelcast","8b6165c72d0e5899fb97f09acb2a32b9f5f32372","hazelcast/src/main/java/com/hazelcast/executor/impl/ExecutorServiceProxy.java","48","0","0","45","533","632","0"
"hazelcast","a62c5477c62dab1c6ad7960fb103b0065047e2c3","hazelcast/src/test/java/com/hazelcast/replicatedmap/ReplicatedMapTest.java","48","0","0","51","777","971","2"
"hazelcast","4a1593fa6ba5c277c4ad2fc320d803b0e63b9339","hazelcast/src/test/java/com/hazelcast/replicatedmap/ReplicatedMapTest.java","48","0","0","51","778","972","0"
"hazelcast","a81fbda8fd40f3133446a31453128173c401c0f0","hazelcast/src/test/java/com/hazelcast/replicatedmap/ReplicatedMapTest.java","48","0","0","51","779","974","2"
"ceylon-ide-eclipse","a00e43fdd1b2586d8dccefb9e313fe22e6fb6027","plugins/com.redhat.ceylon.test.eclipse.plugin/src/com/redhat/ceylon/test/eclipse/plugin/ui/TestRunViewPart.java","48","0","0","6","462","549","1"
"ceylon-ide-eclipse","73a91d7f63a211f3e9053e182bc2cfebf778033d","plugins/com.redhat.ceylon.test.eclipse.plugin/src/com/redhat/ceylon/test/eclipse/plugin/ui/TestRunViewPart.java","48","0","0","6","476","565","0"
"elasticsearch","9080f51340b1b26f8bd171b4c82de8d87ad42b55","core/src/test/java/org/elasticsearch/index/query/MatchQueryBuilderTests.java","48","0","0","7","333","413","2"
"hazelcast","525c34cddd7f4e08d674611e177bab103e4d1881","hazelcast/src/main/java/com/hazelcast/impl/MProxyImpl.java","48","0","0","74","853","1033","1"
"hazelcast","82fcc4c7c87097d1719bb56112aec0fafdb6bc0e","hazelcast/src/main/java/com/hazelcast/impl/MProxyImpl.java","48","0","0","74","854","1034","0"
"hazelcast","c6525a34b0512ef2bf8a5b9068ac3f0860ea99a4","hazelcast/src/main/java/com/hazelcast/impl/MProxyImpl.java","48","0","0","76","876","1060","1"
"mcMMO","75cbfa1b1c52dadc338dd7b0ac3fe14e16196aaa","src/main/java/com/gmail/nossr50/skills/alchemy/AlchemyPotionBrewer.java","48","0","0","8","193","250","0"
"elasticsearch","80d0f1e5ea68300d4273393752589f4bfc27bff5","core/src/test/java/org/elasticsearch/indices/recovery/RecoveryStateTest.java","48","0","0","8","452","532","0"
"elasticsearch","10adb71445859a942403c8fbed587175952ca3bf","core/src/test/java/org/elasticsearch/indices/recovery/RecoveryStateTest.java","48","0","0","8","453","533","0"
"elasticsearch","16d9480d785e498092e2d8c57b1ec2ee82ca5150","core/src/test/java/org/elasticsearch/indices/recovery/RecoveryStateTest.java","48","0","0","8","453","533","0"
"elasticsearch","41f8c96fed74e3928b0cc841fcc22ee6b1ca9ff3","core/src/test/java/org/elasticsearch/indices/recovery/RecoveryStateTest.java","48","0","0","8","453","533","1"
"hazelcast","70d4de16ff0ac4518d09aad8c9f2ad9e782fb337","hazelcast-client/src/main/java/com/hazelcast/client/proxy/ClientMapProxy.java","48","0","0","86","1253","1516","1"
"elasticsearch","423b0f5e3d30430c00f18f621c88fe2fcd44e1aa","core/src/test/java/org/elasticsearch/ingest/IngestDocumentTests.java","48","0","0","91","895","1028","0"
"hazelcast","ecaaec40f356936a3252c08a2bf6f4180fd3c81b","hazelcast-spring/src/main/java/com/hazelcast/spring/AbstractHazelcastBeanDefinitionParser.java","48","0","1","1","261","308","0"
"elasticsearch","2539d94bc95f651971b1c23db395caa603ce4b0f","core/src/main/java/org/elasticsearch/index/termvectors/TermVectorsService.java","48","0","1","1","262","340","1"
"elasticsearch","3046055bd0f2bc3d334667b9d8cad2f6b7396cba","core/src/main/java/org/elasticsearch/index/termvectors/TermVectorsService.java","48","0","1","1","269","348","0"
"BroadleafCommerce","6d0bcb2414cc6cc3c7f0477dc197ef425dac623d","admin/broadleaf-contentmanagement-module/src/main/java/org/broadleafcommerce/cms/admin/server/handler/PageTemplateCustomPersistenceHandler.java","48","0","1","12","284","357","0"
"BroadleafCommerce","4c0a8b2c4bddabc4e97467c8022161826c630c8c","admin/broadleaf-contentmanagement-module/src/main/java/org/broadleafcommerce/cms/admin/server/handler/PageTemplateCustomPersistenceHandler.java","48","0","1","12","294","375","0"
"netty","da5da8e212727991eaaad8f06cce108a3d025471","codec-http/src/main/java/io/netty/handler/codec/http/multipart/AbstractDiskHttpData.java","48","0","1","13","298","373","0"
"elasticsearch","cdb39cf5dc50e97f53c04fdaf269f718c0134fe7","core/src/main/java/org/elasticsearch/search/aggregations/support/ValuesSourceParser.java","48","0","1","15","235","298","0"
"elasticsearch","91c4824a0f768f2d3e3651958656384d0735a85e","src/main/java/org/elasticsearch/client/transport/TransportClientNodesService.java","48","0","1","15","385","482","0"
"elasticsearch","78574d248cf10dad1c5a566fda79e1e0c94afe43","core/src/main/java/org/elasticsearch/client/transport/TransportClientNodesService.java","48","0","1","15","411","514","1"
"elasticsearch","4def1f4b8e0d2bfd93f13f35c7a6980e5de23de4","modules/elasticsearch/src/main/java/org/elasticsearch/cluster/metadata/MetaDataMappingService.java","48","0","1","16","278","373","0"
"elasticsearch","315319b76325e6385f4c689329f875bf0a43ca6e","core/src/main/java/org/elasticsearch/common/lucene/search/function/FiltersFunctionScoreQuery.java","48","0","1","16","303","367","1"
"orientdb","69dde5c3af532dfc8b7ec16104aef29d93001eca","core/src/main/java/com/orientechnologies/common/collection/OMultiCollectionIterator.java","48","0","1","18","205","275","0"
"elasticsearch","2ed1f7a3390420835f9b270d20c5d512ba197827","core/src/test/java/org/elasticsearch/ElasticsearchExceptionTests.java","48","0","1","18","812","981","1"
"elasticsearch","149629fec657e9948488195087f30583cd561f11","core/src/test/java/org/elasticsearch/ElasticsearchExceptionTests.java","48","0","1","18","813","982","0"
"elasticsearch","634ce90dc06f20888a4ff655985a6baccf25a7db","core/src/test/java/org/elasticsearch/ElasticsearchExceptionTests.java","48","0","1","18","813","982","0"
"elasticsearch","ec1afe30ea9c34f7d63da273a3077c28a4849e4f","core/src/test/java/org/elasticsearch/ElasticsearchExceptionTests.java","48","0","1","18","813","982","0"
"elasticsearch","977712f9773c3eecea3958a5b8ddf934207775a6","core/src/test/java/org/elasticsearch/ElasticsearchExceptionTests.java","48","0","1","18","813","982","2"
"elasticsearch","5804e9132a3d798b1b1df07e39cce7dcc5ab1dd1","plugins/transport/thrift/src/main/java/org/elasticsearch/thrift/ThriftRestImpl.java","48","0","1","2","139","171","1"
"elasticsearch","3c995d5dcc3c42a4c300926637bfd0931a7e94c9","src/main/java/org/elasticsearch/rest/action/search/RestSearchAction.java","48","0","1","2","250","297","1"
"elasticsearch","5668b1cfc579e5e05f2bb50d78bcdebd75da1ecb","src/main/java/org/elasticsearch/common/bytes/PagedBytesReference.java","48","0","1","20","330","472","1"
"elasticsearch","d84c643f5880a88d2e5c38b487123161f3e01fe0","core/src/main/java/org/elasticsearch/index/mapper/core/LegacyDoubleFieldMapper.java","48","0","1","22","287","350","0"
"elasticsearch","1bc8f82d0a8a9750b9dae8534b4104cbf00b5c34","src/main/java/org/elasticsearch/index/mapper/core/IntegerFieldMapper.java","48","0","1","23","309","375","1"
"elasticsearch","1bc8f82d0a8a9750b9dae8534b4104cbf00b5c34","src/main/java/org/elasticsearch/index/mapper/core/LongFieldMapper.java","48","0","1","23","310","374","1"
"elasticsearch","c298c19177936733821228e4b0d10f956e3e7473","src/main/java/org/elasticsearch/index/mapper/core/IntegerFieldMapper.java","48","0","1","23","310","376","0"
"elasticsearch","c298c19177936733821228e4b0d10f956e3e7473","src/main/java/org/elasticsearch/index/mapper/core/LongFieldMapper.java","48","0","1","23","311","375","0"
"elasticsearch","c298c19177936733821228e4b0d10f956e3e7473","src/main/java/org/elasticsearch/index/mapper/core/ByteFieldMapper.java","48","0","1","23","312","377","0"
"elasticsearch","eb956e7c091a02924c9a640d5a17d389f0e5ff3b","src/main/java/org/elasticsearch/index/mapper/core/ByteFieldMapper.java","48","0","1","23","312","377","0"
"elasticsearch","1bc8f82d0a8a9750b9dae8534b4104cbf00b5c34","src/main/java/org/elasticsearch/index/mapper/core/ByteFieldMapper.java","48","0","1","23","312","377","1"
"elasticsearch","c298c19177936733821228e4b0d10f956e3e7473","src/main/java/org/elasticsearch/index/mapper/core/ShortFieldMapper.java","48","0","1","23","314","379","0"
"elasticsearch","eb956e7c091a02924c9a640d5a17d389f0e5ff3b","src/main/java/org/elasticsearch/index/mapper/core/ShortFieldMapper.java","48","0","1","23","314","379","0"
"elasticsearch","1bc8f82d0a8a9750b9dae8534b4104cbf00b5c34","src/main/java/org/elasticsearch/index/mapper/core/ShortFieldMapper.java","48","0","1","23","314","379","1"
"orientdb","2228c1302483104febb0712814a9865ae5b48cb4","core/src/main/java/com/orientechnologies/orient/core/cache/OCommandCacheSoftRefs.java","48","0","1","23","331","435","1"
"orientdb","de410aa8d3455b55f3c39e49780136c0b6c5e64b","core/src/main/java/com/orientechnologies/orient/core/cache/OCommandCacheSoftRefs.java","48","0","1","23","332","436","0"
"elasticsearch","1bc8f82d0a8a9750b9dae8534b4104cbf00b5c34","src/main/java/org/elasticsearch/index/mapper/core/DoubleFieldMapper.java","48","0","1","24","308","375","1"
"elasticsearch","c298c19177936733821228e4b0d10f956e3e7473","src/main/java/org/elasticsearch/index/mapper/core/DoubleFieldMapper.java","48","0","1","24","309","376","0"
"hazelcast","1fe7b04b372715c75a02795aa0b9f8e9fa871b0a","hazelcast-wm/src/main/java/com/hazelcast/web/HazelcastHttpSession.java","48","0","1","25","279","348","0"
"hazelcast","3a22f63d551457ef86e8450c431ceb5b65149adc","hazelcast-wm/src/main/java/com/hazelcast/web/HazelcastHttpSession.java","48","0","1","25","279","348","0"
"hazelcast","a6c468a7f024f7cc545b0084352b0770243fef43","hazelcast-wm/src/main/java/com/hazelcast/web/HazelcastHttpSession.java","48","0","1","25","279","348","0"
"hazelcast","30a5a07f7bb931038354584f4e49fe355b21ee32","hazelcast-wm/src/main/java/com/hazelcast/web/HazelcastHttpSession.java","48","0","1","25","279","348","1"
"hazelcast","7e622f67a37899e60488221b0793fb3675a5dbb9","hazelcast-wm/src/main/java/com/hazelcast/web/HazelcastHttpSession.java","48","0","1","25","279","348","1"
"elasticsearch","d692ccf26172af1ae4c08bfa67cba6620b6fb408","core/src/main/java/org/elasticsearch/index/mapper/IpFieldMapper.java","48","0","1","25","344","418","0"
"elasticsearch","db541d6fbe3daecec91bb7701aacfcd284662c2a","core/src/main/java/org/elasticsearch/search/aggregations/bucket/histogram/InternalHistogram.java","48","0","1","27","433","543","1"
"elasticsearch","2f97ff09256429b585252d26724aa0c21ec8c27a","core/src/main/java/org/elasticsearch/search/aggregations/bucket/histogram/InternalHistogram.java","48","0","1","27","434","543","2"
"elasticsearch","15588a499104c73b95df831c74cab79db3f3257b","core/src/main/java/org/elasticsearch/search/aggregations/bucket/histogram/InternalHistogram.java","48","0","1","27","444","553","1"
"elasticsearch","f4d6d8139d1f0464e77c103639906e074469af0a","src/main/java/org/elasticsearch/index/query/MatchQueryParser.java","48","0","1","3","131","169","0"
"elasticsearch","17dffe222b923c17614905515773614d6963e13e","src/main/java/org/elasticsearch/index/query/functionscore/FunctionScoreQueryParser.java","48","0","1","3","210","264","2"
"elasticsearch","78574d248cf10dad1c5a566fda79e1e0c94afe43","core/src/main/java/org/elasticsearch/action/support/replication/TransportReplicationAction.java","48","0","1","3","630","832","2"
"elasticsearch","e6aaaf11ed4a1b8f595f920de1840938eddb7a97","core/src/main/java/org/elasticsearch/action/support/replication/TransportReplicationAction.java","48","0","1","3","630","832","2"
"elasticsearch","bef1c8511d3f99aa681c49396bf9c707f2e7d8a9","core/src/main/java/org/elasticsearch/action/support/replication/TransportReplicationAction.java","48","0","1","3","630","832","0"
"elasticsearch","a60b8948ba1d836a6eac7cff095519e618939ed8","core/src/main/java/org/elasticsearch/action/support/replication/TransportReplicationAction.java","48","0","1","3","679","896","1"
"elasticsearch","e1b66b34ea92a29349de07bc209c8f85d680effc","src/test/java/org/elasticsearch/test/integration/search/highlight/HighlighterSearchTests.java","48","0","1","30","1102","1433","0"
"hazelcast","4a488992e08798ae42140d1bfbe29ade0b957d40","hazelcast/src/main/java/com/hazelcast/cache/impl/AbstractCacheService.java","48","0","1","33","378","450","1"
"elasticsearch","7b68d44ddf2e6522d2b2aa1efead9ccc8b4ef224","core/src/main/java/org/elasticsearch/index/mapper/core/TextFieldMapper.java","48","0","1","34","352","434","1"
"elasticsearch","128f0276d95bca2eb9355eb6650668cd89ef86fe","core/src/main/java/org/elasticsearch/index/mapper/core/TextFieldMapper.java","48","0","1","34","355","439","0"
"elasticsearch","14d37baa4bcbae00896d8aa69f6b52aab7ba5e14","core/src/test/java/org/elasticsearch/index/shard/IndexShardTests.java","48","0","1","36","1255","1456","1"
"hazelcast","0261611ce1d6e95cd84910390d1c0c653fa0dfd2","hazelcast/src/main/java/com/hazelcast/query/impl/getters/ReflectionHelper.java","48","0","1","4","158","195","0"
"BroadleafCommerce","66ae8f00a336acfd1569bda8752f26ebae85a7dc","core/broadleaf-framework/src/main/java/org/broadleafcommerce/core/offer/service/processor/FulfillmentGroupOfferProcessorImpl.java","48","0","1","4","217","286","0"
"elasticsearch","2c4f7d1fc3eb8e1dce6df8e5418e23ed88e96c8c","src/main/java/org/elasticsearch/search/fetch/FetchPhase.java","48","0","1","4","232","294","0"
"orientdb","c143ec653bd43c119ce79712eb3302775b077113","core/src/main/java/com/orientechnologies/orient/core/record/ORecordAbstract.java","48","0","1","45","366","497","1"
"orientdb","76ffdc9fe1e541460329297a955e8494c36be8f5","core/src/main/java/com/orientechnologies/orient/core/record/ORecordAbstract.java","48","0","1","46","370","502","1"
"elasticsearch","a963bc1dc9154fcc4880fb36d01c4595d8314bc9","src/main/java/org/elasticsearch/index/mapper/core/AbstractFieldMapper.java","48","0","1","46","399","523","0"
"orientdb","527d45bb551f10351ecbd295abd46f84c7349784","core/src/main/java/com/orientechnologies/orient/core/record/ORecordAbstract.java","48","0","1","47","374","507","0"
"elasticsearch","67ec840d00c2dbcedc0913941f0214fe462733ea","src/test/java/org/elasticsearch/search/query/SimpleQueryTests.java","48","0","1","55","1665","2028","3"
"elasticsearch","c42f7708be601cf195661d7e0c13570e0223fee8","src/test/java/org/elasticsearch/search/query/SimpleQueryTests.java","48","0","1","56","1672","2037","2"
"elasticsearch","f0bce08c30fe61ad3f77fce2bc54f9d28af55fbe","src/test/java/org/elasticsearch/search/query/SimpleQueryTests.java","48","0","1","57","1681","2045","1"
"elasticsearch","abf9a866788b2fab855b50728670e2aa2dd42c5a","src/test/java/org/elasticsearch/search/query/SimpleQueryTests.java","48","0","1","58","1720","2095","2"
"elasticsearch","7e1eed9814f32cb7a30481afdf3133bc8f44009e","src/test/java/org/elasticsearch/search/query/SimpleQueryTests.java","48","0","1","58","1744","2125","1"
"elasticsearch","25f0bba30cd7aef08f60455ecb749271164e4585","src/main/java/org/elasticsearch/monitor/jvm/HotThreads.java","48","0","1","6","230","280","0"
"BroadleafCommerce","663f9520dacb59459f8033c8736be33d9fc3d58d","core/broadleaf-framework/src/main/java/org/broadleafcommerce/core/order/strategy/FulfillmentGroupItemStrategyImpl.java","48","0","1","6","246","333","0"
"elasticsearch","371c73e14023917f3892090d2d3d7ff9ac1216b9","core/src/main/java/org/elasticsearch/search/aggregations/bucket/range/BinaryRangeAggregator.java","48","0","1","6","270","337","3"
"elasticsearch","78574d248cf10dad1c5a566fda79e1e0c94afe43","core/src/main/java/org/elasticsearch/search/aggregations/bucket/range/BinaryRangeAggregator.java","48","0","1","6","270","337","2"
"elasticsearch","e6aaaf11ed4a1b8f595f920de1840938eddb7a97","core/src/main/java/org/elasticsearch/search/aggregations/bucket/range/BinaryRangeAggregator.java","48","0","1","6","270","337","2"
"elasticsearch","a60b8948ba1d836a6eac7cff095519e618939ed8","core/src/main/java/org/elasticsearch/search/aggregations/bucket/range/BinaryRangeAggregator.java","48","0","1","6","270","337","0"
"elasticsearch","383945416866849139755c6761ad162faaadcbe0","src/test/java/org/elasticsearch/search/query/SimpleQueryTests.java","48","0","1","63","1874","2280","2"
"elasticsearch","fe9de7fba24897b0d608bc8c4d243f69476e6cb2","src/test/java/org/elasticsearch/search/query/SimpleQueryTests.java","48","0","1","64","1887","2295","1"
"orientdb","a2eaf6636bb600c7e6d311b0bb7d112bbaafb4a0","etl/src/main/java/com/orientechnologies/orient/etl/extractor/OETLCSVExtractor.java","48","0","1","7","251","330","0"
"elasticsearch","d39eb2d69131d7a6a8bda29dcac31342bb1a712e","core/src/test/java/org/elasticsearch/gateway/MetaDataStateFormatTests.java","48","0","1","8","432","501","0"
"hazelcast","b35fc8b41b2a3d8aaa779330b394467579b97778","hazelcast-client/src/main/java/com/hazelcast/client/proxy/ClientMapProxy.java","48","0","1","85","1262","1532","1"
"hazelcast","4b37b0ebf8a268dba38bcdd279b2ad087568b60a","hazelcast-client/src/main/java/com/hazelcast/client/proxy/ClientMapProxy.java","48","0","1","85","1265","1535","0"
"hazelcast","4e7ff47186f2745b07ed2501acc0f5add899d5b8","hazelcast-client/src/main/java/com/hazelcast/client/proxy/ClientMapProxy.java","48","0","1","86","1276","1548","1"
"BroadleafCommerce","9b46291f594c43e2e3b8499af7358a4d76847805","core/broadleaf-framework/src/main/java/org/broadleafcommerce/core/catalog/domain/ProductImpl.java","48","0","1","88","723","876","1"
"BroadleafCommerce","ffdf8a2a26b7a2600dd1c944ee76688255a89237","core/broadleaf-framework/src/main/java/org/broadleafcommerce/core/catalog/domain/ProductImpl.java","48","0","1","88","725","879","0"
"elasticsearch","1500beafc7baad4e8cbce0682ed76e429498ea13","core/src/main/java/org/elasticsearch/node/Node.java","48","0","11","2","725","1016","2"
"elasticsearch","0cf1d16187fcf10e9d0e64402bb6d0ebba5d7b80","core/src/main/java/org/elasticsearch/index/query/HasChildQueryBuilder.java","48","0","11","6","354","481","2"
"netty","9fe9710315bb89b015a3de0fbf4c1019a10e5c85","buffer/src/main/java/io/netty/buffer/ByteBufUtil.java","48","0","15","0","294","415","0"
"elasticsearch","7b431ecc1645cc420e759567a6d1f531360db990","core/src/main/java/org/elasticsearch/index/query/GeoShapeQueryBuilder.java","48","0","15","2","311","476","0"
"netty","20da5383ce50570ecda48ce84fd13d432fef83b2","codec-http/src/main/java/io/netty/handler/codec/http/HttpUtil.java","48","0","18","1","205","420","1"
"hazelcast","ce2dbc391a74c2f7b7824a936afd55c5b2a8db49","hazelcast-spring/src/main/java/com/hazelcast/spring/AbstractHazelcastBeanDefinitionParser.java","48","0","2","0","282","345","0"
"hazelcast","5f4c3fad22c2d45609374d9c541482d85950cafa","hazelcast/src/main/java/com/hazelcast/internal/management/ManagementCenterService.java","48","0","2","14","463","566","2"
"netty","6e5b25733f49d2ea843a89b4d547b856142212ec","codec-http2/src/main/java/io/netty/handler/codec/http2/DefaultHttp2RemoteFlowController.java","48","0","2","15","473","776","1"
"netty","ca305d86fb45a40ad03a2e7270d58da65eb4aa06","codec-http2/src/main/java/io/netty/handler/codec/http2/DefaultHttp2RemoteFlowController.java","48","0","2","15","512","826","2"
"netty","5fb18e3415377fd022ac46d3a898b905617cf232","codec-http2/src/main/java/io/netty/handler/codec/http2/DefaultHttp2RemoteFlowController.java","48","0","2","15","522","838","1"
"netty","3482651e0c29edfa02f189751c704ebe4fe8f54c","codec-http2/src/main/java/io/netty/handler/codec/http2/DefaultHttp2RemoteFlowController.java","48","0","2","16","477","781","0"
"netty","f990f9983dd0e33fb4efb2212856ce5f9749cf85","codec-http2/src/main/java/io/netty/handler/codec/http2/DefaultHttp2RemoteFlowController.java","48","0","2","16","526","843","0"
"netty","9ce84dcb21168c45fe6714d3673c9253f35e5cd2","codec-http2/src/main/java/io/netty/handler/codec/http2/DefaultHttp2RemoteFlowController.java","48","0","2","16","528","846","1"
"titan","814a5107c5858ef3d4411610feaed4cf74237eb5","titan-core/src/main/java/com/thinkaurelius/titan/graphdb/database/StandardTitanGraph.java","48","0","2","18","275","346","0"
"orientdb","7a678522a2d83448543bc75d7360ac0857529727","core/src/main/java/com/orientechnologies/orient/core/sql/OCommandExecutorSQLCreateIndex.java","48","0","2","2","223","310","0"
"hazelcast","42e5849f7ebce11fa76d0780610fba85b1818987","hazelcast/src/main/java/com/hazelcast/client/ClientEngineImpl.java","48","0","2","24","443","542","0"
"orientdb","a56ae91e7d9f772da4288542cee900793c24e5e1","core/src/main/java/com/orientechnologies/orient/core/sql/OCommandExecutorSQLCreateIndex.java","48","0","2","3","234","322","0"
"elasticsearch","41fd4d87223a2be57524d3df55639d8df118ce85","src/main/java/org/elasticsearch/index/query/QueryParseContext.java","48","0","2","45","359","471","1"
"neo4j","79f734ee16280d98683cdaf45328c1ad3f14b74a","community/logging/src/test/java/org/neo4j/logging/AssertableLogProvider.java","48","0","2","45","660","775","0"
"elasticsearch","add433944676594b5696bc949e3e8eea38cf037d","src/main/java/org/elasticsearch/index/query/QueryParseContext.java","48","0","2","46","365","479","0"
"BroadleafCommerce","67d64d2a7aec86b110e66276589cdfdeeb4ff057","core/broadleaf-framework/src/main/java/org/broadleafcommerce/core/search/service/solr/FileSystemSolrIndexStatusProviderImpl.java","48","0","3","1","288","386","0"
"ceylon-ide-eclipse","64a391fbabba6b9bc6b553abfa42466e0ca9673d","plugins/com.redhat.ceylon.eclipse.ui/src/com/redhat/ceylon/eclipse/code/editor/Navigation.java","48","0","3","13","341","426","0"
"ceylon-ide-eclipse","5b4c3eac8a7c12c0125a77343e602b4e73083595","plugins/com.redhat.ceylon.eclipse.ui/src/com/redhat/ceylon/eclipse/code/editor/ToggleBreakpointAdapter.java","48","0","3","13","349","441","0"
"ceylon-ide-eclipse","1e80b83f3915218a3ffcb2774a50577f5651e905","plugins/com.redhat.ceylon.eclipse.ui/src/com/redhat/ceylon/eclipse/core/model/JDTModuleManager.java","48","0","3","15","248","332","1"
"hazelcast","a342d002b78a0cfa20c853e8b8df046ab0dc235a","hazelcast/src/test/java/com/hazelcast/map/EntryProcessorTest.java","48","0","3","65","1263","1564","1"
"hazelcast","7238d253f0ff418297bd9fd4e8939c8a8a611ade","hazelcast/src/test/java/com/hazelcast/map/EntryProcessorTest.java","48","0","3","66","1288","1598","0"
"elasticsearch","577e6a5e147d2222c7b618af3601adb3e3cedf39","test/framework/src/main/java/org/elasticsearch/test/rest/yaml/section/DoSection.java","48","0","3","8","248","332","0"
"elasticsearch","7d4ed5b19ebc25d608d70babab0fb08f0c9ea122","core/src/main/java/org/elasticsearch/cluster/InternalClusterInfoService.java","48","0","3","8","336","443","1"
"elasticsearch","70303be50c47d277850b28c604e63723c2a2d752","src/main/java/org/elasticsearch/common/lucene/search/XMoreLikeThis.java","48","0","34","3","406","1009","1"
"elasticsearch","51bf3e6730761674b07d2aeb937d107669c48b9e","src/main/java/org/elasticsearch/common/lucene/search/XMoreLikeThis.java","48","0","34","3","410","1024","0"
"elasticsearch","952feb58e41bd0220784c44136b840ea4a740e26","core/src/main/java/org/elasticsearch/search/aggregations/bucket/histogram/InternalHistogram.java","48","0","4","21","374","484","1"
"elasticsearch","e7d352b489272a87b05019869857656de7fb82fc","core/src/main/java/org/elasticsearch/search/aggregations/bucket/histogram/InternalHistogram.java","48","0","4","22","381","492","0"
"elasticsearch","5343b87502cf82e7697133ed636f210bd31247cd","core/src/main/java/org/elasticsearch/rest/RestController.java","48","0","4","4","318","453","0"
"elasticsearch","f4adff652caa2725d0f7b21e32055827ee3b375a","modules/elasticsearch/src/main/java/org/elasticsearch/action/index/IndexRequest.java","48","0","41","20","456","739","0"
"elasticsearch","1ab4e0cba4ea4e9c242cefa41ecb3e38d5c29f22","test/framework/src/main/java/org/elasticsearch/test/ESTestCase.java","48","0","41","41","655","947","1"
"elasticsearch","2a328034ef722b5f359caeeafbb33715098635d0","test/framework/src/main/java/org/elasticsearch/test/ESTestCase.java","48","0","41","41","683","985","0"
"elasticsearch","d273419d008631e4f2c8a8170ae4b663e1e08367","test/framework/src/main/java/org/elasticsearch/test/ESTestCase.java","48","0","41","41","687","991","0"
"netty","4c072694be32bb40da04852dc02322cfc9ee1162","codec-http/src/main/java/io/netty/handler/codec/http/CookieEncoder.java","48","0","5","0","167","265","0"
"netty","d2389a9339b72e12bdab20f11f745df01b190e8a","codec-http2/src/main/java/io/netty/handler/codec/http2/internal/hpack/Encoder.java","48","0","5","1","273","437","0"
"elasticsearch","34b397597ccdcfd44a84a0b804d83054be0c0c50","src/main/java/org/elasticsearch/indices/recovery/RecoverySourceHandler.java","48","0","6","2","530","747","0"
"hazelcast","a02dfded4689a8e2986e8ddde755881248231c54","hazelcast/src/main/java/com/hazelcast/spi/impl/waitnotifyservice/impl/WaitNotifyServiceImpl.java","48","0","6","8","271","335","2"
"netty","52bbfd3310aaa45996673749c66b3137893c5849","handler/src/main/java/io/netty/handler/ssl/OpenSslContext.java","48","0","6","8","442","586","1"
"netty","88dbd96376b7878bf4eec217da158419692fae17","handler/src/main/java/io/netty/handler/ssl/OpenSslContext.java","48","0","6","8","446","592","0"
"elasticsearch","97a9b4ec2fb6691437c86b694b77d56e81efcaa1","src/main/java/org/elasticsearch/common/geo/builders/BasePolygonBuilder.java","48","0","7","10","300","503","1"
"elasticsearch","06667c6aa898895acd624b8a71a6e00ff7ae32b8","src/main/java/org/elasticsearch/common/geo/builders/BasePolygonBuilder.java","48","0","7","10","306","509","0"
"neo4j","c3a5cbf00866abb108bf34ce2e0680026fdd2025","community/common/src/main/java/org/neo4j/kernel/lifecycle/LifeSupport.java","48","0","7","7","420","534","0"
"BroadleafCommerce","4b899b0b30679392365b1286b26fd502eee6594c","admin/broadleaf-admin-module/src/main/java/org/broadleafcommerce/admin/server/service/handler/SkuCustomPersistenceHandler.java","48","0","7","8","401","611","1"
"orientdb","d9e15c97bfcc49c1dce5089d781c8c34fb42f115","graphdb/src/main/java/com/tinkerpop/blueprints/impls/orient/OrientConfigurableGraph.java","48","0","70","11","460","972","1"
"hazelcast","9fb509b63a6a94cfd1d682f5a93da76181bf52a7","hazelcast/src/test/java/com/hazelcast/map/EvictionTest.java","48","0","8","12","595","717","0"
"hazelcast","5c81c5eb7a8d5f74d7a34ab0eebca018287f2105","hazelcast/src/test/java/com/hazelcast/map/EvictionTest.java","48","0","8","15","659","806","3"
"netty","e8ee6a2772508dcbdff76880aa99f9dd5d5e508d","common/src/main/java/io/netty/util/HashedWheelTimer.java","48","0","8","2","348","570","0"
"netty","9a5f45a0c1fdeea3b277addccbb73657f38293c5","common/src/main/java/io/netty/util/HashedWheelTimer.java","48","0","8","2","349","571","0"
"netty","f250dfedbeafc4707425dabe1fa773ef75f0e855","codec-http2/src/main/java/io/netty/handler/codec/http2/Http2ConnectionHandler.java","48","0","8","20","422","622","0"
"netty","5fb18e3415377fd022ac46d3a898b905617cf232","codec-http2/src/main/java/io/netty/handler/codec/http2/HttpConversionUtil.java","48","0","8","3","304","512","0"
"orientdb","c65031e4a5cae04be6faeaeccb01fb18d3e5fb85","server/src/main/java/com/orientechnologies/orient/server/OClientConnectionManager.java","48","0","8","9","248","384","1"
"orientdb","7d92a6b03b707e81490ef22a1fa23a1017918c3d","server/src/main/java/com/orientechnologies/orient/server/OClientConnectionManager.java","48","0","8","9","249","385","0"
"hazelcast","3e0bfe927c731c4268bbedab35124b2a2b79ff27","hazelcast/src/test/java/com/hazelcast/map/EvictionTest.java","48","0","9","15","670","826","2"
"hazelcast","91dc8370ee2482cbf6a7f5cbaa6c92214d81dc6c","hazelcast/src/test/java/com/hazelcast/map/EvictionTest.java","48","0","9","19","706","867","2"
"hazelcast","f20e3dadabc7cb95afcf791a2c9872699868bdb6","hazelcast/src/test/java/com/hazelcast/map/EvictionTest.java","48","0","9","19","706","871","0"
"MapDB","5c363e4e996421959f3b33ad3f9554db06ca34db","src/main/java/org/mapdb/SerializerBase.java","480","0","1","6","1667","2041","0"
"MapDB","09b51b56dd243db0522fa436f81c268ccef58bb6","src/main/java/org/mapdb/SerializerBase.java","480","0","1","6","1668","2042","0"
"orientdb","76ffdc9fe1e541460329297a955e8494c36be8f5","core/src/main/java/com/orientechnologies/orient/core/record/impl/ODocument.java","481","0","50","34","1725","2474","2"
"orientdb","c1f0f046093d166b58193818b359c73d4a50c228","core/src/main/java/com/orientechnologies/orient/core/record/impl/ODocument.java","483","0","50","34","1739","2488","1"
"orientdb","b0847f2be78a910ae8b375c231a19a2cbc0c6694","core/src/main/java/com/orientechnologies/orient/core/storage/impl/local/OAbstractPaginatedStorage.java","483","0","7","102","3167","4191","1"
"orientdb","eb87fd13a08a35e51b139724421fa7adb04049f3","core/src/main/java/com/orientechnologies/orient/core/storage/impl/local/OAbstractPaginatedStorage.java","483","0","7","102","3178","4205","2"
"orientdb","87154d21d3773b56833010727fdc7e1c88c9aee3","core/src/main/java/com/orientechnologies/orient/core/storage/impl/local/OAbstractPaginatedStorage.java","484","0","8","101","3178","4253","2"
"MapDB","7d0c7338c9890e2f28b060f2d905aeaad911be12","src/main/java/org/mapdb/SerializerBase.java","485","0","1","5","1575","1927","1"
"MapDB","6ebc2e388d863c7bab7df725bca6b4ebeab50c94","src/main/java/org/mapdb/SerializerBase.java","485","0","1","5","1586","1940","0"
"elasticsearch","53c829b6bccaec5cf3d38c0d3c41fc9e46181f04","modules/lang-painless/src/main/java/org/elasticsearch/painless/AnalyzerCaster.java","485","0","1","8","862","1065","0"
"orientdb","7aaf38df75dfa0f1d2611214f977c3479cbcfcd6","core/src/main/java/com/orientechnologies/orient/core/storage/impl/local/OAbstractPaginatedStorage.java","485","0","7","102","3182","4208","1"
"orientdb","dc025634bd8133bb14ce499efe6078c88ed5ad7c","core/src/main/java/com/orientechnologies/orient/core/storage/impl/local/OAbstractPaginatedStorage.java","487","0","8","101","3191","4267","1"
"hazelcast","e132a6c1f7eab35ac027f5a627603bdd1fd52c13","hazelcast/src/main/java/com/hazelcast/config/XmlConfigBuilder.java","488","0","7","1","1889","2075","3"
"orientdb","a1eed89dcfdc303c846b0d6159189f720c1bade8","core/src/main/java/com/orientechnologies/orient/core/storage/impl/local/OAbstractPaginatedStorage.java","488","0","7","103","3196","4223","1"
"orientdb","2228c1302483104febb0712814a9865ae5b48cb4","core/src/main/java/com/orientechnologies/orient/core/storage/impl/local/OAbstractPaginatedStorage.java","488","0","8","101","3198","4274","1"
"hazelcast","b1029996477aa371bfa39152dd206715db37f39b","hazelcast/src/main/java/com/hazelcast/config/XmlConfigBuilder.java","489","0","7","1","1896","2083","2"
"orientdb","b66f5d4d70380c005c4b915ab03af32534f19e64","core/src/main/java/com/orientechnologies/orient/core/storage/impl/local/OAbstractPaginatedStorage.java","489","0","7","100","3216","4261","2"
"orientdb","de410aa8d3455b55f3c39e49780136c0b6c5e64b","core/src/main/java/com/orientechnologies/orient/core/storage/impl/local/OAbstractPaginatedStorage.java","489","0","8","101","3200","4276","0"
"ceylon-ide-eclipse","c57c19aaa0946167352637f9b8b01743aa67fe72","plugins/com.redhat.ceylon.eclipse.ui/src/com/redhat/ceylon/eclipse/core/builder/DeltaScanner.java","49","0","0","0","166","195","1"
"netty","e48b8f5c498b6f6e487f5a8d474b6066de7f1411","transport-native-epoll/src/main/java/io/netty/channel/epoll/EpollEventLoop.java","49","0","0","0","233","354","0"
"netty","32231ee2e05e2979e4c76220945b99c6712fd582","transport-native-epoll/src/main/java/io/netty/channel/epoll/EpollEventLoop.java","49","0","0","0","239","380","0"
"netty","ab1bb9136b384e4722feebe2f0e9377cd88fd39a","transport-native-epoll/src/main/java/io/netty/channel/epoll/EpollEventLoop.java","49","0","0","0","240","362","1"
"Android-Universal-Image-Loader","bbf3b71476e1c14c92edfa58adc6800b6dfb813b","library/src/com/nostra13/universalimageloader/core/LoadAndDisplayImageTask.java","49","0","0","0","312","393","1"
"netty","e714ec12b882e1e112b1f175818a316152d73ca5","transport/src/main/java/io/netty/channel/socket/nio/NioClientSocketPipelineSink.java","49","0","0","0","321","440","1"
"netty","26bb9576da2e23f74f27dcf83843199051a14aab","transport/src/main/java/io/netty/channel/socket/nio/NioClientSocketPipelineSink.java","49","0","0","0","322","434","3"
"hazelcast","bb3ea0e107980d769862cdbda748cc91529d67b5","hazelcast/src/main/java/com/hazelcast/map/impl/BasicMapContextQuerySupport.java","49","0","0","0","323","428","1"
"hazelcast","cb8160735d5c6fe75b44747d20c57a71f94171a7","hazelcast/src/main/java/com/hazelcast/map/impl/BasicMapContextQuerySupport.java","49","0","0","0","327","432","0"
"netty","12a57545690aec0a263305442769fe0cf726aa44","transport-native-kqueue/src/main/java/io/netty/channel/kqueue/AbstractKQueueChannel.java","49","0","0","0","344","480","1"
"netty","2f8fe2af01c1bd5f6e02a3a10ea949318705a325","transport-native-epoll/src/main/java/io/netty/channel/epoll/AbstractEpollChannel.java","49","0","0","0","351","497","0"
"hazelcast","2388114ba2aac3aa5417e6dcd6c4b8932db39281","hazelcast/src/main/java/com/hazelcast/internal/serialization/impl/PortablePositionNavigator.java","49","0","0","0","364","595","1"
"ceylon-ide-eclipse","07b8d5309a84fada337565b2cc0747f6168307de","plugins/com.redhat.ceylon.eclipse.ui/src/com/redhat/ceylon/eclipse/util/RequiredTypeVisitor.java","49","0","0","0","373","402","1"
"netty","3d6d9f394d763aaed47fdd0c86023afebe3c5a9f","buffer/src/main/java/io/netty/buffer/UnpooledUnsafeDirectByteBuf.java","49","0","0","0","384","477","1"
"hazelcast","7001ec8c5b1305c796de75c2e3f170c562db8c03","hazelcast-client/src/main/java/com/hazelcast/client/cache/impl/AbstractClientCacheProxy.java","49","0","0","0","424","536","2"
"elasticsearch","e1e17b3bfec22e4748e9b014414235f8e0441b17","core/src/main/java/org/elasticsearch/client/transport/TransportClientNodesService.java","49","0","0","16","427","535","3"
"netty","dd055c01c78c3a6ce5b9195890486a6e1ab072d2","handler/src/test/java/io/netty/handler/ssl/SSLEngineTest.java","49","0","0","19","1077","1327","1"
"netty","dd055c01c78c3a6ce5b9195890486a6e1ab072d2","handler/src/test/java/io/netty/handler/ssl/SSLEngineTest.java","49","0","0","19","1077","1327","1"
"netty","be8c16cd0c54f9013b539741bf2a1db13ddc0126","handler/src/test/java/io/netty/handler/ssl/SSLEngineTest.java","49","0","0","19","1077","1327","0"
"elasticsearch","3ed0da5a586e8a3d12016aa517ab46032353d179","core/src/main/java/org/elasticsearch/index/termvectors/TermVectorsService.java","49","0","0","2","281","355","2"
"elasticsearch","09c7c5c82fdd5ce7c133de0379b3b44cf36061f9","core/src/main/java/org/elasticsearch/index/search/MatchQuery.java","49","0","0","21","330","448","1"
"netty","4fc9afa1023935b674f624933fc2510702d1c2b5","transport/src/main/java/io/netty/channel/DefaultChannelHandlerInvoker.java","49","0","0","21","460","545","0"
"hazelcast","b54c76aa3cd08401ba13e516ba86bd1481a58749","hazelcast-code-generator/src/main/java/com/hazelcast/client/protocol/generator/CodeGenerationUtils.java","49","0","0","23","254","326","0"
"hazelcast","81660d50f5ee9506b0cb22bcc9bf638c94a8d76f","hazelcast/src/test/java/com/hazelcast/cache/stats/CacheStatsTest.java","49","0","0","27","480","664","0"
"elasticsearch","d84c643f5880a88d2e5c38b487123161f3e01fe0","core/src/test/java/org/elasticsearch/index/query/MatchQueryBuilderTests.java","49","0","0","7","339","421","1"
"ceylon-ide-eclipse","fbc0b0b8c2ad5671f741657d69d63a340d9c070f","plugins/com.redhat.ceylon.eclipse.ui/src/com/redhat/ceylon/eclipse/code/moduledependencies/DependencyGraphView.java","49","0","0","7","475","519","0"
"hazelcast","60ee6ddac16452eeb9c4b3678eb6c5cd9daeafd0","hazelcast/src/main/java/com/hazelcast/impl/MProxyImpl.java","49","0","0","76","877","1061","1"
"neo4j","f19f8ea27402554e82d1646d0694f30536dfc3c7","enterprise/security/src/main/java/org/neo4j/server/security/enterprise/auth/EnterpriseSecurityModule.java","49","0","0","9","314","391","0"
"neo4j","c30824a5ed7eecb37165e7efaec969c9e0253b02","community/lucene-index/src/test/java/org/neo4j/index/impl/lucene/legacy/TestLuceneIndex.java","49","0","0","96","1897","2235","0"
"BroadleafCommerce","1c1207650f20f502eb97fcc72152b1aeaaea215c","admin/broadleaf-open-admin-platform/src/main/java/org/broadleafcommerce/openadmin/web/controller/AdminAbstractController.java","49","0","1","0","353","696","3"
"BroadleafCommerce","0b95a9144a366f9b9db09c742c9727dff7821157","admin/broadleaf-open-admin-platform/src/main/java/org/broadleafcommerce/openadmin/web/controller/AdminAbstractController.java","49","0","1","0","375","752","3"
"BroadleafCommerce","abae60151f6416aa4cbf8f37615189b14464b79c","core/broadleaf-framework/src/main/java/org/broadleafcommerce/core/search/service/solr/SolrIndexServiceImpl.java","49","0","1","1","296","459","1"
"elasticsearch","9028fb8fbe1bf18fdce7c01c715d9e43fee01454","core/src/main/java/org/apache/lucene/queries/BlendedTermQuery.java","49","0","1","10","268","353","1"
"hazelcast","5a9cd7a5b832ffa9d744a9e638609a20570f864c","hazelcast/src/main/java/com/hazelcast/mapreduce/impl/MapReduceUtil.java","49","0","1","11","288","356","1"
"hazelcast","6d05ed2b03448161752d3f5811d6151017b523a1","hazelcast/src/main/java/com/hazelcast/mapreduce/impl/MapReduceUtil.java","49","0","1","11","288","356","2"
"hazelcast","dcd4c4d46297138835d4a2021272d3d0b0e3eb35","hazelcast/src/main/java/com/hazelcast/mapreduce/impl/MapReduceUtil.java","49","0","1","11","288","356","2"
"hazelcast","e3492bdc3c16d30719e261157e249b5de2c030ac","hazelcast/src/main/java/com/hazelcast/mapreduce/impl/MapReduceUtil.java","49","0","1","11","288","356","0"
"hazelcast","0ca453ca3fe29b4130151c5df265e9e2a9ae8ab7","hazelcast/src/main/java/com/hazelcast/map/impl/nearcache/NearCacheInvalidatorImpl.java","49","0","1","11","385","493","0"
"elasticsearch","f694b9dfd852af4916864a69cf5db79819e0cb45","modules/elasticsearch/src/main/java/org/elasticsearch/index/mapper/xcontent/DynamicTemplate.java","49","0","1","12","171","228","0"
"elasticsearch","c2a0e0b767ad4275dabd7abf4625b6ad5f8a8757","modules/elasticsearch/src/main/java/org/elasticsearch/index/mapper/xcontent/DynamicTemplate.java","49","0","1","12","172","229","0"
"BroadleafCommerce","27ef2467b7432e825811b791c96788f417fc8d4b","admin/broadleaf-contentmanagement-module/src/main/java/org/broadleafcommerce/cms/admin/server/handler/PageTemplateCustomPersistenceHandler.java","49","0","1","12","297","377","0"
"elasticsearch","200d76e6f07fbaa2d0957b79fa8ddc279671e182","core/src/main/java/org/elasticsearch/client/transport/TransportClientNodesService.java","49","0","1","15","414","525","0"
"elasticsearch","ec770373ab65bc77c9cb3ae9e4c0919bdd5219d5","src/test/java/org/elasticsearch/test/integration/search/sort/SimpleSortTests.java","49","0","1","16","1094","1377","0"
"neo4j","b1fd18fb6f2cfbcf3ed32d071fd02b8dafdbd71c","enterprise/security/src/main/java/org/neo4j/server/security/enterprise/auth/LdapRealm.java","49","0","1","2","425","520","0"
"neo4j","2fb8aea71a2d50c63f1407b9e975c5e8cbf325dc","enterprise/security/src/main/java/org/neo4j/server/security/enterprise/auth/LdapRealm.java","49","0","1","2","428","524","1"
"orientdb","2ee3b61558840a5368bca7909740f1b6b1cce1b3","core/src/main/java/com/orientechnologies/orient/core/index/hashindex/local/OHashTableDirectory.java","49","0","1","20","506","622","2"
"orientdb","b97c50204858b46f2af98c48a331a456120008b9","core/src/main/java/com/orientechnologies/orient/core/index/hashindex/local/OHashTableDirectory.java","49","0","1","20","507","623","0"
"orientdb","8baec26b49efeffdba1d1c5d07b841612e6253c2","core/src/main/java/com/orientechnologies/orient/core/index/hashindex/local/OHashTableDirectory.java","49","0","1","20","509","625","0"
"hazelcast","89239b2efbca9161bb2efdcc200aa856eb29689f","hazelcast/src/main/java/com/hazelcast/spi/impl/ProxyServiceImpl.java","49","0","1","21","350","428","0"
"hazelcast","8f8a00625dd31eb3915d3251d2f10edbe2a7e0b9","hazelcast/src/main/java/com/hazelcast/replicatedmap/impl/record/AbstractReplicatedRecordStore.java","49","0","1","21","358","437","1"
"elasticsearch","5668b1cfc579e5e05f2bb50d78bcdebd75da1ecb","src/main/java/org/elasticsearch/index/translog/fs/FsTranslog.java","49","0","1","23","366","442","1"
"elasticsearch","72d2ac13280cc8c9d52361aad9e2193cbf004708","src/main/java/org/elasticsearch/index/translog/fs/FsTranslog.java","49","0","1","23","369","447","0"
"elasticsearch","37287284e64a0e91ab400a16b187e719b55c8929","src/main/java/org/elasticsearch/index/mapper/internal/TimestampFieldMapper.java","49","0","1","24","255","321","2"
"elasticsearch","262ea9534f23761c05570996674932a506259890","core/src/main/java/org/elasticsearch/index/mapper/IpFieldMapper.java","49","0","1","25","349","423","1"
"BroadleafCommerce","024e2cd7532a2662f5a6bf6f21876f03bcbccb0a","admin/broadleaf-open-admin-platform/src/main/java/org/broadleafcommerce/openadmin/server/service/persistence/PersistenceManagerImpl.java","49","0","1","28","352","441","1"
"elasticsearch","e508b2720323ed197943d706d3f76b085876f9e5","src/main/java/org/elasticsearch/index/query/MultiMatchQueryParser.java","49","0","1","3","145","181","0"
"elasticsearch","b72f44b93a4f690a59193a123e700dea70ef09ab","src/main/java/org/elasticsearch/index/query/RangeFilterParser.java","49","0","1","3","153","191","1"
"BroadleafCommerce","71c581dcc327fdb207c544f19f829fe15924339c","admin/broadleaf-open-admin-platform/src/main/java/org/broadleafcommerce/openadmin/server/service/persistence/module/criteria/CriteriaTranslatorImpl.java","49","0","1","3","225","330","0"
"hazelcast","261c95f51ce90908f9806daaa83e2cd97e6f50a5","hazelcast/src/main/java/com/hazelcast/util/ServiceLoader.java","49","0","1","3","321","424","0"
"elasticsearch","03a86604a4c9f837058e0db8a12dcd66817e1d87","src/test/java/org/elasticsearch/test/integration/search/highlight/HighlighterSearchTests.java","49","0","1","31","1170","1507","1"
"elasticsearch","48fe4326b0ca2f326510f9770a6690a1153ac7b5","core/src/main/java/org/elasticsearch/index/mapper/core/TextFieldMapper.java","49","0","1","34","359","443","0"
"elasticsearch","0c9aca94d4cd295e690a2d522c2b729770d486b5","core/src/main/java/org/elasticsearch/index/mapper/core/TextFieldMapper.java","49","0","1","35","366","449","0"
"elasticsearch","015e46930de9e23adec2461b9ca95e9118953eb5","modules/elasticsearch/src/main/java/org/elasticsearch/gateway/blobstore/BlobReuseExistingNodeAllocation.java","49","0","1","4","226","301","0"
"elasticsearch","3000dc78fa540cfeeaf15ec239f69588d6833952","modules/elasticsearch/src/main/java/org/elasticsearch/gateway/blobstore/BlobReuseExistingNodeAllocation.java","49","0","1","4","227","302","0"
"BroadleafCommerce","214bc668a8362a963f5638d120a8cff8a173dfb4","admin/broadleaf-open-admin-platform/src/main/java/org/broadleafcommerce/openadmin/server/service/persistence/module/provider/MediaFieldPersistenceProvider.java","49","0","1","4","281","333","0"
"hazelcast","aa3d9080bfb9e8b6330d9f5d76f33b137f56f855","hazelcast-build-utils/src/main/java/com/hazelcast/buildutils/HazelcastManifestTransformer.java","49","0","1","4","308","396","0"
"elasticsearch","a96f9a7c8376a4782d6571160c1e316867dc2a1b","src/main/java/org/elasticsearch/cluster/metadata/IndexTemplateMetaData.java","49","0","1","40","358","459","0"
"elasticsearch","91c7892305472040ea42aead4ba755f0f9736c8b","src/main/java/org/elasticsearch/cluster/metadata/SnapshotMetaData.java","49","0","1","41","329","422","0"
"ceylon-ide-eclipse","2befbdc0e199381878803baeba1212fafadb1a93","plugins/com.redhat.ceylon.eclipse.ui/src/com/redhat/ceylon/eclipse/core/model/mirror/JDTClass.java","49","0","1","41","568","671","1"
"ceylon-ide-eclipse","5112f1988917ecabff9d548d5729b7736020d317","plugins/com.redhat.ceylon.eclipse.ui/src/com/redhat/ceylon/eclipse/core/model/mirror/JDTClass.java","49","0","1","42","571","675","0"
"ceylon-ide-eclipse","9246f17c3b54ec84ed4df260ccda7c91159d86e4","plugins/com.redhat.ceylon.eclipse.ui/src/com/redhat/ceylon/eclipse/core/model/mirror/JDTClass.java","49","0","1","42","571","675","0"
"ceylon-ide-eclipse","a580bfe353e425253eab79f1889b2ca5bba84ed4","plugins/com.redhat.ceylon.eclipse.ui/src/com/redhat/ceylon/eclipse/core/model/mirror/JDTClass.java","49","0","1","42","571","675","1"
"elasticsearch","c2073c343df39afbe10db22492aaefa23787e4a8","src/main/java/org/elasticsearch/index/mapper/core/AbstractFieldMapper.java","49","0","1","46","402","526","1"
"elasticsearch","cb4c249a659b0ecee292f45c7f00aefd8ca0411e","src/main/java/org/elasticsearch/search/highlight/HighlightPhase.java","49","0","1","6","241","308","0"
"BroadleafCommerce","8ee64911bf8f47eb59689527d84be307978e9e50","core/broadleaf-framework/src/main/java/org/broadleafcommerce/core/payment/service/DefaultPaymentGatewayCheckoutService.java","49","0","1","6","269","387","0"
"hazelcast","50bebee545427d3b6d15fed40d5d89bdc90b7bbe","hazelcast/src/test/java/com/hazelcast/map/BasicMapTest.java","49","0","1","60","1203","1452","1"
"BroadleafCommerce","4c2b1e5794558b606eb6edb289e53a48ccbd8465","common/src/main/java/org/broadleafcommerce/common/money/Money.java","49","0","1","66","349","474","0"
"hazelcast","bc1507831e8443358812b6e58255da36b1af6aaf","hazelcast/src/main/java/com/hazelcast/jmx/ManagementService.java","49","0","1","7","229","269","0"
"elasticsearch","b6a83fd8b245b8ac40edb226e95fa68c5d61e01a","src/main/java/org/elasticsearch/search/highlight/HighlightPhase.java","49","0","1","7","257","330","0"
"neo4j","b070962e9b00726d50df951106225fa252b7efeb","enterprise/security/src/main/java/org/neo4j/server/security/enterprise/auth/LdapRealm.java","49","0","1","7","452","552","0"
"netty","74627483d7bdcae3130b2ba173e08ec5f2658377","codec-http2/src/main/java/io/netty/handler/codec/http2/DefaultHttp2RemoteFlowController.java","49","0","1","7","527","853","0"
"netty","bace371ca5c84760f0f644ba77212ec7aa9a9cc7","codec-http2/src/main/java/io/netty/handler/codec/http2/DefaultHttp2RemoteFlowController.java","49","0","1","7","527","854","1"
"BroadleafCommerce","8eab5e85852450205ee185cc484bebf480ca8a7c","core/broadleaf-framework/src/main/java/org/broadleafcommerce/core/search/service/solr/SolrIndexServiceImpl.java","49","0","1","9","372","544","2"
"hazelcast","145990d6d9ab612af67b4e603815ca23ad518d03","hazelcast/src/main/java/com/hazelcast/map/impl/nearcache/NearCacheInvalidatorImpl.java","49","0","1","9","375","477","0"
"hazelcast","dcfdc5d7842f3a769acd3f4023c27434c17da3d6","hazelcast-client/src/main/java/com/hazelcast/client/proxy/ClientMapProxy.java","49","0","1","95","1392","1681","1"
"hazelcast","7e30c17062710746a8fb6cbda25a009d7fd35813","hazelcast/src/test/java/com/hazelcast/map/EvictionTest.java","49","0","10","14","704","867","3"
"elasticsearch","6c3beaa2ebe4921474addf07ce3aa02a3cb7f915","core/src/main/java/org/elasticsearch/index/query/HasChildQueryBuilder.java","49","0","11","6","358","485","1"
"elasticsearch","502217f035aa5495c5d834255e0de61eeeebceeb","core/src/main/java/org/elasticsearch/index/query/HasChildQueryBuilder.java","49","0","11","6","359","485","1"
"elasticsearch","371c73e14023917f3892090d2d3d7ff9ac1216b9","core/src/main/java/org/elasticsearch/index/query/HasChildQueryBuilder.java","49","0","11","6","359","489","4"
"elasticsearch","075cb970c068aafb158ed8977c2dba93d8e6c85a","core/src/main/java/org/elasticsearch/index/query/HasChildQueryBuilder.java","49","0","11","6","360","490","1"
"elasticsearch","72e0d422e95df0f7b7c0816465d9f5d1ebbe1e29","core/src/main/java/org/elasticsearch/index/query/HasChildQueryBuilder.java","49","0","12","15","359","495","0"
"netty","cd275ba67e2d206519bde4b9074371feefa7978d","codec-http/src/main/java/io/netty/handler/codec/http/QueryStringDecoder.java","49","0","13","0","232","387","1"
"elasticsearch","e7958f46dc26ac572c3fb06e8e51eab68f9919e8","src/main/java/org/elasticsearch/common/io/stream/StreamOutput.java","49","0","16","25","321","452","0"
"hazelcast","e4f7959a373b0263506a00fa6941d0020407e6fd","hazelcast/src/main/java/com/hazelcast/client/impl/protocol/util/UnsafeBuffer.java","49","0","16","55","449","688","1"
"netty","cf8f6e3e2f608f3ac35b1cdf34934bd885108dd0","codec-http/src/main/java/io/netty/handler/codec/http/HttpUtil.java","49","0","18","1","209","424","0"
"mcMMO","0de118701259f741c1507b1dc0e117c09efd4ec2","src/main/java/com/gmail/nossr50/config/experience/ExperienceConfig.java","49","0","18","17","202","326","1"
"orientdb","c89dbacfb27d44150d7834ef1d2872cceeb0a42c","server/src/main/java/com/orientechnologies/orient/server/network/protocol/binary/OBinaryNetworkProtocolAbstract.java","49","0","2","10","344","481","0"
"elasticsearch","56cc87b7ccd41040d8fafcaf2da3680d96d10839","core/src/main/java/org/elasticsearch/action/support/replication/TransportReplicationAction.java","49","0","2","12","801","1042","0"
"elasticsearch","b5f86f6f0544a9ad9fa4ab88bf7397cf361d696a","core/src/main/java/org/elasticsearch/action/support/replication/TransportReplicationAction.java","49","0","2","12","802","1044","0"
"elasticsearch","48191a44abfc6ca17afc43d337225e180ff435de","core/src/test/java/org/elasticsearch/search/aggregations/pipeline/DerivativeIT.java","49","0","2","13","522","624","2"
"netty","9ac430f16fec1d3b0d0e433b953c0197d70dff10","codec-http2/src/main/java/io/netty/handler/codec/http2/DefaultHttp2RemoteFlowController.java","49","0","2","15","530","849","1"
"elasticsearch","25fd9e26c4fb042d6f6dea14efcd239577bdbbc4","core/src/main/java/org/elasticsearch/action/support/replication/TransportReplicationAction.java","49","0","2","18","866","1129","0"
"hazelcast","5f5b80ddd0b8f51525764ffdda9ecc7b0bdf18b5","hazelcast/src/main/java/com/hazelcast/mapreduce/impl/task/JobSupervisor.java","49","0","2","21","353","490","0"
"hazelcast","71ef25dfae46f9117c03c070e06845067a2d31d4","hazelcast/src/main/java/com/hazelcast/mapreduce/impl/task/JobSupervisor.java","49","0","2","21","353","492","1"
"hazelcast","9dd9ab1d426ad6381755b4f4fc39374f87e070e4","hazelcast/src/main/java/com/hazelcast/mapreduce/impl/task/JobSupervisor.java","49","0","2","21","353","492","2"
"hazelcast","a9c89e5834f7d692723c5096c4334c8b10610f55","hazelcast/src/main/java/com/hazelcast/mapreduce/impl/task/JobSupervisor.java","49","0","2","21","353","492","0"
"hazelcast","485f426abc042144ebf9fd213e724556ad967191","hazelcast/src/main/java/com/hazelcast/mapreduce/impl/task/JobSupervisor.java","49","0","2","21","373","519","1"
"hazelcast","e641541f77808713a214b6d1b4ef4d58497824f1","hazelcast/src/main/java/com/hazelcast/mapreduce/impl/task/JobSupervisor.java","49","0","2","21","374","520","0"
"elasticsearch","768e1c20120b921090a7e9bc439aa42c49999bbb","src/main/java/org/elasticsearch/index/translog/fs/FsTranslog.java","49","0","2","25","443","544","1"
"elasticsearch","01ca81e2a37c9cd38c6dc44ae567d427c059dbe0","src/test/java/org/elasticsearch/index/engine/internal/InternalEngineTests.java","49","0","2","27","984","1316","0"
"hazelcast","84df3c3bbbfdc48429d03f9a459217fccbcf7dc0","hazelcast/src/test/java/com/hazelcast/map/nearcache/NearCacheTest.java","49","0","2","30","710","909","3"
"orientdb","3e0c4380a047e216eb5b8bb8c451673bf8c5778f","lucene/src/main/java/com/orientechnologies/lucene/engine/OLuceneIndexEngineAbstract.java","49","0","2","37","449","569","0"
"elasticsearch","a92300c5b5ca64ce690ea37efcba15514d8076e6","src/test/java/org/elasticsearch/search/child/SimpleChildQuerySearchTests.java","49","0","2","41","2069","2555","2"
"elasticsearch","238efe505b6a511e324073d4ecfd7c6ec675a618","src/test/java/org/elasticsearch/search/child/SimpleChildQuerySearchTests.java","49","0","2","41","2072","2557","0"
"netty","15cfa47ad9994367edea4ba0b246a549654dac3d","transport/src/main/java/io/netty/channel/ChannelOutboundBuffer.java","49","0","2","8","355","505","0"
"netty","217b8e255c05887a30803a6c96abac1d320c3d8b","transport/src/main/java/io/netty/channel/ChannelOutboundBuffer.java","49","0","2","8","357","510","0"
"hazelcast","0b7ac71e8812dcc24e7ec255c3c4e2fc118385e5","hazelcast-client/src/main/java/com/hazelcast/client/proxy/ClientMapProxy.java","49","0","2","94","1380","1664","0"
"netty","ed5fcbb7732d9ffd16d9675fe40711360763c9a4","common/src/main/java/io/netty/util/internal/NativeLibraryLoader.java","49","0","3","0","309","431","0"
"ceylon-ide-eclipse","376b9d32900a86ae2f26c4413022de8bb56beaf4","plugins/com.redhat.ceylon.eclipse.ui/src/com/redhat/ceylon/eclipse/code/editor/ToggleBreakpointAdapter.java","49","0","3","13","354","448","0"
"hazelcast","575fbf13efa08f241c59ca4d2027ec1f4a13c6d6","hazelcast/src/main/java/com/hazelcast/nio/IOUtil.java","49","0","3","15","298","365","0"
"elasticsearch","cb0824e957dcb7a20e8450f97283874eb61b9abe","modules/lang-groovy/src/test/java/org/elasticsearch/messy/tests/HistogramTests.java","49","0","3","23","660","841","1"
"titan","28650a32ec86c8fdccc8518318116ed408f1346b","titan-core/src/main/java/com/thinkaurelius/titan/graphdb/database/IndexSerializer.java","49","0","3","8","301","362","1"
"hazelcast","607ff84c0e3173c790cb43650edf92f16cd6fe66","hazelcast/src/test/java/com/hazelcast/map/mapstore/MapStoreTest.java","49","0","3","91","1165","1354","0"
"elasticsearch","ace83d9d2a97cfe8a8aa9bdd7b46ce71713fb494","core/src/main/java/org/elasticsearch/action/index/IndexRequest.java","49","0","38","19","419","692","0"
"elasticsearch","6941966b1654106ed9249cd01c32bfa2e06b452f","core/src/main/java/org/elasticsearch/action/index/IndexRequest.java","49","0","38","19","423","696","0"
"elasticsearch","78574d248cf10dad1c5a566fda79e1e0c94afe43","core/src/main/java/org/elasticsearch/action/index/IndexRequest.java","49","0","39","19","421","694","1"
"elasticsearch","e6aaaf11ed4a1b8f595f920de1840938eddb7a97","core/src/main/java/org/elasticsearch/action/index/IndexRequest.java","49","0","39","19","421","694","1"
"elasticsearch","a60b8948ba1d836a6eac7cff095519e618939ed8","core/src/main/java/org/elasticsearch/action/index/IndexRequest.java","49","0","39","19","421","694","0"
"hazelcast","7c4cfb295c1fb688c7756fe52138a8a7a7f1f496","hazelcast/src/test/java/com/hazelcast/impl/ClusterLockTest.java","49","0","4","19","767","883","0"
"elasticsearch","4fea56ceadbbd042774a89dbdf94c16a4a33df4c","core/src/main/java/org/elasticsearch/index/IndexService.java","49","0","4","22","418","524","1"
"antlr4","b4a53d56d4324739e823344237c4d7fdf6cac90c","tool/src/org/antlr/v4/codegen/model/RuleFunction.java","49","0","4","4","319","443","1"
"elasticsearch","4fa924494d89fb66d6b48deac8cadc1bb9bdb269","src/main/java/org/elasticsearch/action/update/UpdateRequest.java","49","0","42","25","478","735","1"
"elasticsearch","61c21f9a0e148db3e450c87c4690bef173ccc821","src/main/java/org/elasticsearch/action/update/UpdateRequest.java","49","0","42","25","479","736","0"
"netty","1ef371b6255d672575f595fabd435130bcede273","codec-http/src/main/java/io/netty/handler/codec/http/CookieEncoder.java","49","0","5","0","171","270","0"
"elasticsearch","2fa1c9fff14adbdbbd373c5b39b553c55e3738f7","core/src/main/java/org/elasticsearch/indices/recovery/RecoverySourceHandler.java","49","0","5","2","429","627","0"
"antlr4","91752af88de29d5fe48fdb073b889095d1ed3c2d","tool/src/org/antlr/v4/tool/Rule.java","49","0","5","21","251","367","1"
"elasticsearch","371c73e14023917f3892090d2d3d7ff9ac1216b9","core/src/main/java/org/elasticsearch/index/query/GeoPolygonQueryBuilder.java","49","0","5","6","264","347","3"
"elasticsearch","78574d248cf10dad1c5a566fda79e1e0c94afe43","core/src/main/java/org/elasticsearch/index/query/GeoPolygonQueryBuilder.java","49","0","5","6","264","347","2"
"elasticsearch","e6aaaf11ed4a1b8f595f920de1840938eddb7a97","core/src/main/java/org/elasticsearch/index/query/GeoPolygonQueryBuilder.java","49","0","5","6","264","347","2"
"elasticsearch","a60b8948ba1d836a6eac7cff095519e618939ed8","core/src/main/java/org/elasticsearch/index/query/GeoPolygonQueryBuilder.java","49","0","5","6","264","347","0"
"elasticsearch","32e1eff05af3dafb55fed50b24960b9c0246ee3c","src/main/java/org/elasticsearch/common/network/NetworkUtils.java","49","0","6","10","177","280","0"
"elasticsearch","409e4e5f731c45429122caea50209dbd02decb49","src/main/java/org/elasticsearch/indices/recovery/RecoverySourceHandler.java","49","0","6","2","481","663","1"
"elasticsearch","40bd56b918118ef9059c70e8f88baad067f3b731","src/main/java/org/elasticsearch/indices/recovery/RecoverySourceHandler.java","49","0","6","2","482","664","0"
"hazelcast","c73061bee024aae26f9077c96e4acc2c492ec62d","hazelcast/src/main/java/com/hazelcast/spi/impl/waitnotifyservice/impl/WaitNotifyServiceImpl.java","49","0","7","7","273","338","0"
"orientdb","6c7efb10a4fc071038db5cc0d510e814946db01a","graphdb/src/main/java/com/tinkerpop/blueprints/impls/orient/OrientConfigurableGraph.java","49","0","70","11","468","989","0"
"netty","e8850072e25cdeeff9443bbccc63d20fee81d516","handler/src/main/java/io/netty/handler/ssl/OpenSslClientContext.java","49","0","8","1","278","428","1"
"elasticsearch","dc900a08a6c6f346656105fa0e2484ed186f8461","core/src/test/java/org/elasticsearch/bwcompat/BasicBackwardsCompatibilityIT.java","49","0","8","15","570","706","0"
"elasticsearch","7ab0e2c5321c802068d85c0fa3a0f44e0b02c5a4","core/src/test/java/org/elasticsearch/bwcompat/BasicBackwardsCompatibilityIT.java","49","0","8","15","576","711","1"
"netty","ded09fc778130152486187c3f72432f5ab0dc749","common/src/main/java/io/netty/util/HashedWheelTimer.java","49","0","8","2","346","568","1"
"hazelcast","0457a7946e222fa86bb9b7941b95dea173d2a46f","hazelcast/src/test/java/com/hazelcast/map/EvictionTest.java","49","0","9","14","693","847","4"
"hazelcast","2c5344e31d351df944855791f3835ac048a4bd1e","hazelcast/src/test/java/com/hazelcast/map/EvictionTest.java","49","0","9","19","716","877","2"
"hazelcast","026908635d1669d602c1610ef76c73d74a370df0","hazelcast/src/test/java/com/hazelcast/map/EvictionTest.java","49","0","9","20","729","892","0"
"hazelcast","b71ea0beea4c49f1a5f160f71f7fb0b5d62aa1dd","hazelcast/src/test/java/com/hazelcast/map/EvictionTest.java","49","0","9","25","787","985","2"
"orientdb","49646436cee4497bc6b13ed638598cac2c4ae6e6","core/src/main/java/com/orientechnologies/orient/core/storage/impl/local/OAbstractPaginatedStorage.java","490","0","4","100","3410","4414","0"
"hazelcast","9ca0dc5838e379cf86603dbd870bc5b0a37986e2","hazelcast/src/main/java/com/hazelcast/config/XmlConfigBuilder.java","490","0","7","1","1896","2083","1"
"orientdb","ba66d80075bd87d17a6525d2c59b99cabaf4f818","core/src/main/java/com/orientechnologies/orient/core/storage/impl/local/OAbstractPaginatedStorage.java","490","0","7","100","3220","4268","1"
"orientdb","c5c39286915056e088ff93d71ccae5dfe5e82289","core/src/main/java/com/orientechnologies/orient/core/storage/impl/local/OAbstractPaginatedStorage.java","490","0","8","101","3202","4278","1"
"orientdb","ce9c26d7c61a08adb39aa0e16bc83551bce6f199","core/src/main/java/com/orientechnologies/orient/core/storage/impl/local/OAbstractPaginatedStorage.java","490","0","8","101","3207","4283","0"
"orientdb","c143ec653bd43c119ce79712eb3302775b077113","core/src/main/java/com/orientechnologies/orient/core/sql/OCommandExecutorSQLSelect.java","491","0","4","17","1803","2357","2"
"orientdb","fdc4bd6aac49739d48c5ec95b3cc1c6fabc99b78","core/src/main/java/com/orientechnologies/orient/core/sql/parser/OrientSql.java","4916","0","11","130","14412","15501","1"
"orientdb","fe51dbda6cb54f9efee0a940f3c93cd5db560dfc","core/src/main/java/com/orientechnologies/orient/core/storage/impl/local/OAbstractPaginatedStorage.java","492","0","8","102","3168","4245","0"
"orientdb","8c558dc6bdcdfe3db248f19ef506877d3ba05914","core/src/main/java/com/orientechnologies/orient/core/storage/impl/local/OAbstractPaginatedStorage.java","492","0","8","102","3217","4293","1"
"orientdb","119ddbdb973a46e9daeaa26ea531434e463a18d0","core/src/main/java/com/orientechnologies/orient/core/record/impl/ODocument.java","493","0","50","34","1746","2505","2"
"orientdb","affea7f302c8ef512345314b516ddbd9771d3412","core/src/main/java/com/orientechnologies/orient/core/record/impl/ODocument.java","493","0","50","34","1747","2506","2"
"orientdb","54d28c197320c1e5cedef31bf28b35e174b07306","core/src/main/java/com/orientechnologies/orient/core/record/impl/ODocument.java","493","0","50","34","1750","2509","3"
"orientdb","5072f2bc33b7def50317686678c7fcc7403f97a8","core/src/main/java/com/orientechnologies/orient/core/record/impl/ODocument.java","494","0","50","34","1749","2510","1"
"orientdb","fa39e130744473b38fd2ac3c128c7a2dd1ff8de9","core/src/main/java/com/orientechnologies/orient/core/record/impl/ODocument.java","497","0","50","34","1749","2510","2"
"hazelcast","fb945c32b2039a081d11e5e281d86b22c000c879","hazelcast/src/main/java/com/hazelcast/config/XmlConfigBuilder.java","498","0","7","1","1939","2132","1"
"hazelcast","4003029651c76805e2951670f6313c08ff87c621","hazelcast/src/main/java/com/hazelcast/config/XmlConfigBuilder.java","498","0","7","1","1940","2133","1"
"orientdb","aa635ac759e34e56fcaeac2fd1e14791009699ae","core/src/main/java/com/orientechnologies/orient/core/record/impl/ODocument.java","499","0","50","34","1737","2499","1"
"orientdb","78c9b7de30b4271fde95052f918bf42231d416e6","core/src/main/java/com/orientechnologies/orient/core/sql/parser/OrientSql.java","4990","0","11","131","14379","15452","1"
"hazelcast","e1b69c53ca4923affcd7722f012a80e32517e988","hazelcast/src/test/java/com/hazelcast/internal/cluster/impl/PacketFiltersUtil.java","5","0","0","0","104","145","0"
"hazelcast","77e3477fc1da01264bfb2bc326c2ba8b7c02015c","hazelcast-client/src/test/java/com/hazelcast/client/cache/ClientCacheReadWriteThroughTest.java","5","0","0","0","106","152","0"
"orientdb","39a8884d03c0bc49b8ecf655a22fe80646afa1e6","spatial/src/test/java/com/orientechnologies/lucene/sandbox/geo/LuceneGeoTest.java","5","0","0","0","107","169","0"
"hazelcast","ce5a1eb96ddfddf3bed31160c5f7b2bfe186ab65","hazelcast-client/src/test/java/com/hazelcast/client/txn/ClientTxnTest.java","5","0","0","0","113","152","3"
"neo4j","51a8b8b5fe4f5a532513a5b11dca330b630108d3","enterprise/core-edge/src/test/java/org/neo4j/coreedge/raft/log/VerifyingRaftLog.java","5","0","0","0","114","162","0"
"neo4j","769c4c6b9a0cb5af55c3fbb21842914a7758c1d9","enterprise/core-edge/src/test/java/org/neo4j/coreedge/raft/log/VerifyingRaftLog.java","5","0","0","0","115","163","0"
"netty","397f81f253ee3fede182b2b3711cf933ca698efa","transport-native-epoll/src/main/java/io/netty/channel/epoll/AbstractEpollChannel.java","5","0","0","0","117","177","1"
"neo4j","990fe648c6b49f319a515dd6b0757553c483ab11","enterprise/backup/src/main/java/org/neo4j/backup/BackupClient.java","5","0","0","0","120","159","0"
"neo4j","cc0ba94bf17cf529234b73be115bf369e7de0c55","enterprise/backup/src/main/java/org/neo4j/backup/BackupClient.java","5","0","0","0","121","160","0"
"neo4j","036e0742c9800ed47922595c97274b360cfbc9ef","community/bolt/src/test/java/org/neo4j/bolt/v1/runtime/integration/SessionRule.java","5","0","0","0","123","159","2"
"hazelcast","170819280618fc3e2665463a0af524e893701259","hazelcast/src/main/java/com/hazelcast/map/impl/LazyEntryView.java","5","0","0","0","124","179","0"
"hazelcast","d568e4d926d925d57d4e79e34614390416749301","hazelcast/src/main/java/com/hazelcast/map/impl/LazyEntryView.java","5","0","0","0","124","179","0"
"hazelcast","ef825f9217c8417807e7f5d05fec06f0ceafd257","hazelcast/src/main/java/com/hazelcast/map/impl/LazyEntryView.java","5","0","0","0","124","179","1"
"netty","9bcfef0f10694260a0c066278858b1c528f09ee0","handler/src/main/java/io/netty/handler/ssl/JdkSslSession.java","5","0","0","0","125","170","1"
"netty","9bcfef0f10694260a0c066278858b1c528f09ee0","handler/src/main/java/io/netty/handler/ssl/JettyNpnSslSession.java","5","0","0","0","125","171","1"
"hazelcast","70d4de16ff0ac4518d09aad8c9f2ad9e782fb337","hazelcast/src/main/java/com/hazelcast/map/impl/LazyEntryView.java","5","0","0","0","126","181","1"
"hazelcast","31e751fe54149f3442b3c9d5a4f1222b7d18482b","hazelcast-client/src/main/java/com/hazelcast/client/spi/impl/ClientExecutionServiceImpl.java","5","0","0","0","129","166","1"
"hazelcast","86534e52868df3924b78e92e24e16ba1ffd83ce8","hazelcast-client/src/main/java/com/hazelcast/client/spi/impl/ClientExecutionServiceImpl.java","5","0","0","0","129","166","1"
"hazelcast","4b901ebe4026da8c54ce0c7934814d354946fb0a","hazelcast-client/src/main/java/com/hazelcast/client/spi/impl/ClientExecutionServiceImpl.java","5","0","0","0","129","166","0"
"elasticsearch","fcf4d5a38de733eade12c4af4388aa946bbe5235","src/test/java/org/elasticsearch/client/transport/FailAndRetryMockTransport.java","5","0","0","0","133","193","0"
"elasticsearch","164efaecbe42195f08ada58b5fde927ab21fc6e7","core/src/test/java/org/elasticsearch/client/transport/FailAndRetryMockTransport.java","5","0","0","0","134","195","0"
"elasticsearch","cde7d9af1c1cf1cefbc4a9e49f28796a421c5235","src/test/java/org/elasticsearch/client/transport/FailAndRetryMockTransport.java","5","0","0","0","134","195","0"
"elasticsearch","41d8fbe8f51abd499c9b497238bc5f2141b7926b","core/src/test/java/org/elasticsearch/client/transport/FailAndRetryMockTransport.java","5","0","0","0","134","195","1"
"elasticsearch","f5f97391176d8fe22fc21325fc5b6dea13a46e4f","src/test/java/org/elasticsearch/client/transport/FailAndRetryMockTransport.java","5","0","0","0","138","199","1"
"netty","f3c940d20810635cda3e6c0f19ec3a9f621fe1ed","testsuite/src/test/java/io/netty/testsuite/transport/socket/SocketTestPermutation.java","5","0","0","0","139","179","1"
"elasticsearch","7ad409d5aadc90117ae93795dee850634005f441","core/src/test/java/org/elasticsearch/client/transport/FailAndRetryMockTransport.java","5","0","0","0","140","200","1"
"netty","e55a1f11b54333697d0bf72047695bcb914c2333","testsuite/src/test/java/io/netty/testsuite/transport/socket/SocketTestPermutation.java","5","0","0","0","142","187","0"
"hazelcast","3ea1955304241b9d24855766db1691d507137c51","hazelcast-client/src/test/java/com/hazelcast/client/map/ClientMapPartitionLostListenerTest.java","5","0","0","0","145","182","1"
"netty","08b75e594cbe4f16ec73c3840a3981af7871066f","transport/src/main/java/io/netty/channel/VoidChannelPromise.java","5","0","0","0","146","206","0"
"netty","cea873286e68e0e164456cecce55401b3187df13","transport/src/main/java/io/netty/channel/VoidChannelPromise.java","5","0","0","0","148","208","0"
"netty","5b81e1692dce59992c13c2ab8774ece1a8c48e52","testsuite/src/test/java/io/netty/testsuite/transport/socket/SocketTestPermutation.java","5","0","0","0","153","200","1"
"hazelcast","14ae937c41c58965c1990d0c60199299af1262c7","hazelcast-client/src/test/java/com/hazelcast/client/cache/ClientCacheConfigTest.java","5","0","0","0","175","240","1"
"neo4j","594bb22acd70831fa2e1a2eb6e97961e38cd1b82","enterprise/causal-clustering/src/main/java/org/neo4j/causalclustering/discovery/HazelcastCoreTopologyService.java","5","0","0","0","194","247","1"
"netty","9128d4f16a8ccb102bbf863b88e6be8e5574333d","common/src/main/java/io/netty/util/concurrent/DefaultEventExecutor.java","5","0","0","0","21","48","1"
"hazelcast","ed777f64e4d046bb45ae4ee062b463e33526e3ad","hazelcast-client/src/main/java/com/hazelcast/client/impl/HazelcastClientProxy.java","5","0","0","0","215","281","1"
"netty","9128d4f16a8ccb102bbf863b88e6be8e5574333d","transport/src/main/java/io/netty/channel/local/LocalEventLoop.java","5","0","0","0","22","45","1"
"hazelcast","cccff9268542408139435972786267bcffd30fc9","hazelcast/src/main/java/com/hazelcast/queue/tx/TransactionLogKey.java","5","0","0","0","22","51","0"
"hazelcast","bb3ea0e107980d769862cdbda748cc91529d67b5","hazelcast-client/src/main/java/com/hazelcast/client/impl/HazelcastClientProxy.java","5","0","0","0","220","287","0"
"neo4j","396f7e4acb5644779c5e92fefbb11bf33321bf07","enterprise/causal-clustering/src/main/java/org/neo4j/causalclustering/discovery/HazelcastCoreTopologyService.java","5","0","0","0","228","287","0"
"neo4j","cd1902ea5d65eb1c89fb5dc78d39603f924d6cba","enterprise/causal-clustering/src/main/java/org/neo4j/causalclustering/discovery/HazelcastCoreTopologyService.java","5","0","0","0","229","288","1"
"hazelcast","fb6700346872da3eac002c3d2157b9a7da728fa2","hazelcast/src/test/java/com/hazelcast/map/impl/record/Person.java","5","0","0","0","23","47","0"
"hazelcast","bfa50b94f7d17d96907faaedf3e4811680937685","hazelcast/src/main/java/com/hazelcast/internal/partition/impl/PartitionPrimaryReplicaAntiEntropyTask.java","5","0","0","0","26","52","0"
"netty","6c2eba79d70a532822a0e38092faa9783d90906b","codec/src/main/java/io/netty/handler/codec/serialization/CompactObjectOutputStream.java","5","0","0","0","28","50","0"
"netty","583a59abb1c1b2cd99aeac5cbbd2e58c4b087880","transport-native-epoll/src/main/java/io/netty/channel/epoll/EpollRecvByteAllocatorHandle.java","5","0","0","0","28","62","1"
"elasticsearch","7caed74d5d52ddaf9bc45f764a0f30369a2b56c7","core/src/main/java/org/elasticsearch/bootstrap/ESPolicy.java","5","0","0","0","33","68","0"
"hazelcast","5085b0cf3da97e4a60b3a3a5958e6a85c0ba5518","hazelcast/src/main/java/com/hazelcast/spi/impl/operationservice/impl/PartitionInvocation.java","5","0","0","0","37","67","0"
"hazelcast","cb96a27bb8e3a99ed10d2c2006a173b5b7c42fa6","hazelcast-client/src/test/java/com/hazelcast/client/txn/ClientTxnMapTest.java","5","0","0","0","387","524","1"
"ceylon-ide-eclipse","7ae308ee8eefa3bfa189cd1773b6a2ff8f616f59","plugins/com.redhat.ceylon.eclipse.ui/old-sources/com/redhat/ceylon/eclipse/code/correct/ChangeDeclarationProposal.java","5","0","0","0","41","47","0"
"hazelcast","8def7802f1fbad3ee573323b4b7381892d0994c1","hazelcast/src/main/java/com/hazelcast/internal/partition/operation/BeforePromotionOperation.java","5","0","0","0","42","71","0"
"netty","90c65b7157c17816683910156e46cd8ffb186ef9","common/src/main/java/io/netty/util/internal/Cleaner0.java","5","0","0","0","42","75","0"
"hazelcast","287ce2a807b5697e12a97529d63fa3387e06aace","hazelcast/src/main/java/com/hazelcast/map/impl/mapstore/writebehind/entry/NullValueDelayedEntry.java","5","0","0","0","42","82","0"
"ceylon-ide-eclipse","8ac72e61b5d1d52fe7c350f205f667a031f6ac2c","plugins/com.redhat.ceylon.eclipse.ui/src/com/redhat/ceylon/eclipse/code/editor/TargetNavigationAction.java","5","0","0","0","45","58","0"
"hazelcast","bd4c23a7e473d52a5f54745e6255a0cfbba0048d","hazelcast/src/main/java/com/hazelcast/internal/partition/operation/BeforePromotionOperation.java","5","0","0","0","45","79","1"
"ceylon-ide-eclipse","785cfd22c824a5f7da766139e0de3c6d9f7f8f8e","plugins/com.redhat.ceylon.eclipse.ui/src/com/redhat/ceylon/eclipse/code/editor/TargetNavigationAction.java","5","0","0","0","46","59","0"
"ceylon-ide-eclipse","a367aae19a87d4908fb3187192cf157bf0ac85b8","plugins/com.redhat.ceylon.eclipse.ui/src/com/redhat/ceylon/eclipse/code/editor/TargetNavigationAction.java","5","0","0","0","46","60","0"
"oryx","eff199ff1f6cad1b4ff13829dfb29ff4884d4c31","app/oryx-app-mllib/src/main/java/com/cloudera/oryx/app/batch/mllib/kmeans/DaviesBouldinIndex.java","5","0","0","0","47","86","0"
"elasticsearch","7f812f59903b5d82e2ac190b00d3fbd2ac87bf20","core/src/main/java/org/elasticsearch/action/ingest/SimulateExecutionService.java","5","0","0","0","48","77","0"
"hazelcast","d568e4d926d925d57d4e79e34614390416749301","hazelcast-client/src/main/java/com/hazelcast/client/cache/impl/CallbackAwareClientDelegatingFuture.java","5","0","0","0","48","85","0"
"hazelcast","70d4de16ff0ac4518d09aad8c9f2ad9e782fb337","hazelcast-client/src/main/java/com/hazelcast/client/cache/impl/CallbackAwareClientDelegatingFuture.java","5","0","0","0","48","87","1"
"netty","31b319a5dc531d8c02c400d312ab9e85e90e614b","src/main/java/org/jboss/netty/channel/socket/nio/NioClientSocketChannel.java","5","0","0","0","50","87","1"
"netty","56462ef91a6481c2926dbebadebc114c08a81a8b","src/main/java/org/jboss/netty/channel/socket/nio/NioClientSocketChannel.java","5","0","0","0","50","87","1"
"hazelcast","7d75bcf1f38cbc40af05a517b8aeff0c408151ea","hazelcast/src/main/java/com/hazelcast/partition/impl/MigrationQueue.java","5","0","0","0","50","87","0"
"hazelcast","623ff1855aa985aa276e8395aabf0b534c7a36c3","hazelcast-client/src/test/java/com/hazelcast/client/listeners/leak/ListenerLeakTestSupport.java","5","0","0","0","51","78","0"
"hazelcast","4c415e68c9c9c23d4b5d8ca953cded50e54e384a","hazelcast-client/src/main/java/com/hazelcast/client/proxy/ClientIdGeneratorProxy.java","5","0","0","0","53","82","2"
"netty","220d95fe0d396821f08329fffd96edc1b47c37c1","src/main/java/org/jboss/netty/channel/socket/nio/NioClientSocketChannel.java","5","0","0","0","56","94","0"
"elasticsearch","58c34f0da918909f481d425d3f3e5346d13a2581","core/src/main/java/org/elasticsearch/plugins/RemovePluginCommand.java","5","0","0","0","56","97","1"
"oryx","481ec44fd6a5d511ef42eddf47334a725d3a540c","app/oryx-app-mllib/src/main/java/com/cloudera/oryx/app/batch/mllib/kmeans/AbstractKMeansEvaluation.java","5","0","0","0","57","89","0"
"hazelcast","0c51222d1ec3ba019ff9e01da3d9eb12fb8c1a8b","hazelcast-client/src/main/java/com/hazelcast/client/proxy/ClientIdGeneratorProxy.java","5","0","0","0","57","90","0"
"elasticsearch","371c73e14023917f3892090d2d3d7ff9ac1216b9","core/src/main/java/org/elasticsearch/plugins/RemovePluginCommand.java","5","0","0","0","57","96","3"
"elasticsearch","78574d248cf10dad1c5a566fda79e1e0c94afe43","core/src/main/java/org/elasticsearch/plugins/RemovePluginCommand.java","5","0","0","0","57","96","2"
"elasticsearch","e6aaaf11ed4a1b8f595f920de1840938eddb7a97","core/src/main/java/org/elasticsearch/plugins/RemovePluginCommand.java","5","0","0","0","57","96","2"
"elasticsearch","a60b8948ba1d836a6eac7cff095519e618939ed8","core/src/main/java/org/elasticsearch/plugins/RemovePluginCommand.java","5","0","0","0","57","96","0"
"elasticsearch","d53e1d213f084119fce1356b30b60d5bf55b5084","core/src/main/java/org/elasticsearch/plugins/RemovePluginCommand.java","5","0","0","0","60","102","1"
"elasticsearch","f4594d4302ed84e4ae0ec13a1c06cc1ed640c7e5","core/src/main/java/org/elasticsearch/plugins/RemovePluginCommand.java","5","0","0","0","60","103","0"
"hazelcast","8f11ec8d3a02711dfbf1e3cd39be0bc2b01fc078","hazelcast/src/main/java/com/hazelcast/map/impl/MapReplicationSupportingService.java","5","0","0","0","61","88","1"
"hazelcast","c905c2cdf057d307e47229669f9541fdb0c71873","hazelcast/src/main/java/com/hazelcast/map/impl/MapReplicationSupportingService.java","5","0","0","0","62","89","0"
"hazelcast","1db7424d387f04d32e0bea688b1d0337c6f88c11","hazelcast-client/src/main/java/com/hazelcast/client/impl/ClusterAuthenticator.java","5","0","0","0","64","96","3"
"hazelcast","1fe7b04b372715c75a02795aa0b9f8e9fa871b0a","hazelcast-client/src/main/java/com/hazelcast/client/impl/ClusterAuthenticator.java","5","0","0","0","64","96","1"
"hazelcast","7f912866a364533fd6a47f741c65ce0f87339120","hazelcast-client/src/main/java/com/hazelcast/client/impl/ClusterAuthenticator.java","5","0","0","0","64","96","1"
"hazelcast","a6899de35345d8c30084f4d616b6c42acaa7a1bc","hazelcast-client/src/main/java/com/hazelcast/client/impl/ClusterAuthenticator.java","5","0","0","0","64","96","0"
"hazelcast","d20ac76f1293f82501eff672e2cc7c2e0122a66f","hazelcast-client/src/main/java/com/hazelcast/client/impl/ClusterAuthenticator.java","5","0","0","0","64","96","0"
"neo4j","c3a5cbf00866abb108bf34ce2e0680026fdd2025","community/dbms/src/main/java/org/neo4j/commandline/dbms/StoreLockChecker.java","5","0","0","0","65","103","0"
"hazelcast","1eae67881eecaa9f0ee6073a4d1a6739712d47b2","hazelcast/src/main/java/com/hazelcast/replicatedmap/record/RemoteProvisionTask.java","5","0","0","0","65","104","1"
"hazelcast","bd1cf2be6e18e649d51632574fc01d0cef642e69","hazelcast/src/main/java/com/hazelcast/replicatedmap/impl/record/RemoteProvisionTask.java","5","0","0","0","65","104","1"
"hazelcast","8135e6de50655ac22332f0b354f5c5fb0ee010d4","hazelcast/src/main/java/com/hazelcast/replicatedmap/record/RemoteProvisionTask.java","5","0","0","0","65","104","0"
"elasticsearch","cde83e363aac2195c2dc0f81bbe348bcfe8b4152","modules/lang-painless/src/main/java/org/elasticsearch/painless/ScriptImpl.java","5","0","0","0","66","169","2"
"neo4j","868b4d731485023d2f7477e1133dcd5b263c851d","community/lucene-index/src/main/java/org/neo4j/index/impl/lucene/WritableIndexReferenceFactory.java","5","0","0","0","67","105","0"
"neo4j","c137a8826e3d36dd2694160f64451e1baf3c16c2","community/lucene-index/src/main/java/org/neo4j/index/impl/lucene/legacy/WritableIndexReferenceFactory.java","5","0","0","0","69","108","0"
"netty","2a15f658d67309c9601c33048e6db1d7b9f8d9bf","buffer/src/main/java/io/netty/buffer/UnreleasableByteBuf.java","5","0","0","0","695","871","0"
"hazelcast","7425829d0c217bbb16de5a89d37cfb278474b47e","hazelcast/src/main/java/com/hazelcast/executor/impl/CancellableDelegatingFuture.java","5","0","0","0","70","101","0"
"netty","31b319a5dc531d8c02c400d312ab9e85e90e614b","src/main/java/org/jboss/netty/channel/socket/oio/OioServerSocketChannel.java","5","0","0","0","71","112","1"
"netty","31b319a5dc531d8c02c400d312ab9e85e90e614b","src/main/java/org/jboss/netty/channel/socket/nio/NioServerSocketChannel.java","5","0","0","0","71","113","1"
"hazelcast","78ae1a75208f6777bfb81fd68b2d62b446f83759","hazelcast-hibernate/hazelcast-hibernate4/src/main/java/com/hazelcast/hibernate/distributed/UpdateEntryProcessor.java","5","0","0","0","72","117","0"
"hazelcast","7e9aaf983ea251e7252a8ed8cd1ea0b00cad40cf","hazelcast-hibernate/hazelcast-hibernate4/src/main/java/com/hazelcast/hibernate/distributed/UpdateEntryProcessor.java","5","0","0","0","73","118","1"
"hazelcast","08aa22d4cbd64e4769b7c539b8275096fd74888c","hazelcast/src/main/java/com/hazelcast/cache/impl/operation/AbstractCacheOperation.java","5","0","0","0","77","116","1"
"hazelcast","4c3a3aace4f0b653e357b1aee6df61856b5ed7b0","hazelcast/src/main/java/com/hazelcast/cache/impl/operation/AbstractCacheOperation.java","5","0","0","0","77","116","2"
"hazelcast","ad4ddf2df9984cf0d223775b80b2b1d985c5695a","hazelcast/src/main/java/com/hazelcast/cache/impl/operation/AbstractCacheOperation.java","5","0","0","0","77","116","2"
"hazelcast","8fa8695ee7d89fb65b6349f7bea75d17f15713a7","hazelcast/src/main/java/com/hazelcast/cache/impl/operation/AbstractCacheOperation.java","5","0","0","0","77","116","0"
"netty","220d95fe0d396821f08329fffd96edc1b47c37c1","src/main/java/org/jboss/netty/channel/socket/oio/OioServerSocketChannel.java","5","0","0","0","77","118","0"
"netty","220d95fe0d396821f08329fffd96edc1b47c37c1","src/main/java/org/jboss/netty/channel/socket/nio/NioServerSocketChannel.java","5","0","0","0","77","119","0"
"netty","379ac890f4dbec15d19714711f85455a12112c3f","transport-native-kqueue/src/main/java/io/netty/channel/kqueue/Native.java","5","0","0","0","80","121","1"
"netty","0fffc844d6d4c8e196a8448a45e7ff542446f708","transport-native-kqueue/src/main/java/io/netty/channel/kqueue/Native.java","5","0","0","0","81","122","0"
"netty","31b319a5dc531d8c02c400d312ab9e85e90e614b","src/main/java/org/jboss/netty/channel/socket/http/HttpTunnelAcceptedChannel.java","5","0","0","0","81","126","1"
"netty","f3dd4101425165496490f9c975ca2e556773c663","transport-native-epoll/src/main/java/io/netty/channel/epoll/EpollRecvByteAllocatorHandle.java","5","0","0","0","82","125","0"
"elasticsearch","fbcfddbb77c2763f4c1a8585b28cb7a37e2b5284","modules/lang-painless/src/main/java/org/elasticsearch/painless/node/SSubEachIterable.java","5","0","0","0","82","131","1"
"hazelcast","ef24bb146bff6c6b1089d0908707195c98c27bd6","hazelcast-client/src/test/java/com/hazelcast/client/map/ClientMapLoaderExceptionHandlingTest.java","5","0","0","0","84","100","1"
"elasticsearch","3f06d9f3b8516bb30a2890a36c2973f08f9c6076","modules/lang-expression/src/main/java/org/elasticsearch/script/expression/ExpressionSearchScript.java","5","0","0","0","84","131","0"
"elasticsearch","8e6b2b390981bc240d7a204fb7250286c953b590","modules/lang-expression/src/main/java/org/elasticsearch/script/expression/ExpressionSearchScript.java","5","0","0","0","84","131","0"
"elasticsearch","cde83e363aac2195c2dc0f81bbe348bcfe8b4152","modules/lang-expression/src/main/java/org/elasticsearch/script/expression/ExpressionSearchScript.java","5","0","0","0","84","131","1"
"elasticsearch","139d3f957fee124ab311376c9ccccc6b6b461c29","modules/lang-painless/src/main/java/org/elasticsearch/painless/node/SSubEachIterable.java","5","0","0","0","84","133","0"
"hazelcast","f3a43421815bb817a8e2967710f7f6063533f7cc","hazelcast-client/src/test/java/com/hazelcast/client/mapreduce/ClientListSetMapReduceTest.java","5","0","0","0","85","127","0"
"hazelcast","27d49efcee88ee428254cf38353e8698ea127c45","hazelcast/src/test/java/com/hazelcast/nio/tcp/DroppingConnection.java","5","0","0","0","90","127","1"
"netty","220d95fe0d396821f08329fffd96edc1b47c37c1","src/main/java/org/jboss/netty/channel/socket/http/HttpTunnelAcceptedChannel.java","5","0","0","0","90","137","0"
"hazelcast","93fd800d6c6f6781ef95536bba7e2b200fe9678d","hazelcast/src/test/java/com/hazelcast/nio/tcp/DroppingConnection.java","5","0","0","0","91","129","2"
"hazelcast","b0a815f459c18eed67fcd6e4bf122bad043ef8a5","hazelcast/src/test/java/com/hazelcast/nio/tcp/DroppingConnection.java","5","0","0","0","91","129","1"
"hazelcast","f4c33973f2e5f804f6743683b11c8a43922bfc7e","hazelcast/src/test/java/com/hazelcast/nio/tcp/DroppingConnection.java","5","0","0","0","91","129","1"
"hazelcast","da8888f97af74b4590dfc1dce3d0bdeb44654000","hazelcast/src/test/java/com/hazelcast/nio/tcp/DroppingConnection.java","5","0","0","0","91","129","0"
"hazelcast","adbc8e2988688b80d6acf089c9ae7662ef1dca34","hazelcast-client/src/test/java/com/hazelcast/client/spi/impl/ClientInvocationTest.java","5","0","0","0","91","136","1"
"elasticsearch","b3e7e85cf110b6d48cab4f82fa1fc689975e81de","core/src/main/java/org/elasticsearch/action/search/CanMatchPreFilterSearchPhase.java","5","0","0","0","91","143","0"
"hazelcast","78a17514cef59f38d837a97e9c16c6aa5bc92bb7","hazelcast-client/src/test/java/com/hazelcast/client/spi/impl/ClientInvocationTest.java","5","0","0","0","92","137","1"
"hazelcast","7926b47fff8ee4f1241fcd2685e4938613e9c883","hazelcast-client/src/test/java/com/hazelcast/client/spi/impl/ClientInvocationTest.java","5","0","0","0","94","139","0"
"elasticsearch","e00db235bc1aa0765f5b21a9dc40a4e94197b68c","core/src/main/java/org/elasticsearch/action/search/CanMatchPreFilterSearchPhase.java","5","0","0","0","96","144","1"
"oryx","efcdff4c4e8f2827aae55879bbb778cd0f7dd99c","oryx-lambda/src/main/java/com/cloudera/oryx/lambda/BatchUpdateFunction.java","5","0","0","0","99","145","0"
"elasticsearch","90c2b3a384c036e7f9345b2586e69fda056387fd","core/src/test/java/org/elasticsearch/index/mapper/geo/GeoPointFieldTypeTests.java","5","0","0","1","26","49","2"
"titan","15132b905deeab35d12be7213e6046ee5039c489","titan-es/src/main/java/com/thinkaurelius/titan/diskstorage/es/ElasticSearchConstants.java","5","0","0","1","42","56","1"
"orientdb","f1e8f8049bd85035ddc3e1922bfd8d944a15dfdb","distributed/src/test/java/com/orientechnologies/orient/server/distributed/asynch/TestAsyncReplMode2ServersOverflow.java","5","0","0","1","42","57","0"
"mcMMO","93548317293e2c6c5195544b99d4ce7d900abea1","src/main/java/com/gmail/nossr50/skills/acrobatics/DodgeEventHandler.java","5","0","0","1","45","60","0"
"elasticsearch","952feb58e41bd0220784c44136b840ea4a740e26","core/src/test/java/org/elasticsearch/search/aggregations/bucket/histogram/InternalHistogramTests.java","5","0","0","1","49","76","1"
"elasticsearch","e7d352b489272a87b05019869857656de7fb82fc","core/src/test/java/org/elasticsearch/search/aggregations/bucket/histogram/InternalHistogramTests.java","5","0","0","1","50","77","0"
"elasticsearch","952feb58e41bd0220784c44136b840ea4a740e26","core/src/test/java/org/elasticsearch/search/aggregations/bucket/histogram/InternalDateHistogramTests.java","5","0","0","1","53","84","1"
"elasticsearch","e7d352b489272a87b05019869857656de7fb82fc","core/src/test/java/org/elasticsearch/search/aggregations/bucket/histogram/InternalDateHistogramTests.java","5","0","0","1","54","85","0"
"netty","bc21443ea904ba37f46c1fb3b9ab99322e3bbb0d","testsuite/src/test/java/io/netty/testsuite/transport/socket/AbstractSocketTest.java","5","0","0","1","60","86","0"
"neo4j","a93c570faa774c1a40b635b6a3e6d8ccb61a99e8","community/lucene-index/src/main/java/org/neo4j/kernel/api/impl/index/LuceneSnapshotter.java","5","0","0","1","64","98","1"
"neo4j","868b4d731485023d2f7477e1133dcd5b263c851d","community/lucene-index/src/main/java/org/neo4j/kernel/api/impl/index/LuceneSnapshotter.java","5","0","0","1","85","122","0"
"hazelcast","3a1d456848dcafbe8a777d7d33434d63a8db1f0d","hazelcast/src/main/java/com/hazelcast/concurrent/lock/operations/BaseLockOperation.java","5","0","0","10","111","150","1"
"hazelcast","50bbd60a9ae2031621834fa9ce729f448babd684","hazelcast/src/main/java/com/hazelcast/concurrent/lock/operations/AbstractLockOperation.java","5","0","0","10","115","156","2"
"hazelcast","c9b61e1bcaa6fa7457be1ecf886f7f2904ca5b92","hazelcast-spring/src/test/java/com/hazelcast/spring/security/TestSecureApplicationContext.java","5","0","0","10","135","169","1"
"hazelcast","a3f7a66d43150739db3f44e4b76d77f11f960da7","hazelcast-client/src/test/java/com/hazelcast/client/ClientServiceTest.java","5","0","0","10","157","218","1"
"hazelcast","c9d117501d9d7e1014b9006bc4b711baa42e0c57","hazelcast/src/test/java/com/hazelcast/internal/dynamicconfig/DynamicConfigSmokeTest.java","5","0","0","10","158","205","0"
"oryx","eb08674e77479787fa9288f2c824e48af8539ff2","oryx-app-common/src/test/java/com/cloudera/oryx/app/pmml/AppPMMLUtilsTest.java","5","0","0","10","165","204","0"
"oryx","e0b8eb77d5771ae8f13d00fd85fa143144cb8f42","app/oryx-app-common/src/test/java/com/cloudera/oryx/app/pmml/AppPMMLUtilsTest.java","5","0","0","10","172","214","0"
"elasticsearch","878301c795e6ad2c47c620c893b3324a564e0d91","core/src/test/java/org/elasticsearch/node/internal/InternalSettingsPreparerTests.java","5","0","0","10","172","224","2"
"elasticsearch","948da82f90eade59aaf60bb4a5a174dd0932c4a0","core/src/test/java/org/elasticsearch/node/internal/InternalSettingsPreparerTests.java","5","0","0","10","172","224","1"
"elasticsearch","ae1ed34355caa63eb7bc3d0ab9e13afcc69a0bb2","core/src/test/java/org/elasticsearch/node/internal/InternalSettingsPreparerTests.java","5","0","0","10","172","224","0"
"oryx","0c1bfe9ae796c2d7138b2f6b7f2d9de2f60dc015","app/oryx-app-common/src/test/java/com/cloudera/oryx/app/pmml/AppPMMLUtilsTest.java","5","0","0","10","173","216","0"
"elasticsearch","13c1c27d5af84a18bac189a2bc92d748c7dff371","core/src/test/java/org/elasticsearch/node/internal/InternalSettingsPreparerTests.java","5","0","0","10","186","239","1"
"hazelcast","9d2eb04228da9c121161435410d90125a1ab597a","hazelcast/src/test/java/com/hazelcast/map/nearcache/NearCacheTestSupport.java","5","0","0","10","198","286","1"
"neo4j","7723d89e6d1d951e8923fb102da0228db2e4e8f9","community/kernel/src/test/java/org/neo4j/kernel/impl/api/state/SchemaTransactionStateTest.java","5","0","0","10","199","305","2"
"neo4j","4f04ee08438d4e1c99095d9d8a9f2ec223af89a9","community/kernel/src/test/java/org/neo4j/kernel/impl/api/state/SchemaTransactionStateTest.java","5","0","0","10","202","308","1"
"elasticsearch","13b9e07522a6cc96f7318fdc21c8a77b4f7d9b55","src/test/java/org/elasticsearch/index/fielddata/AbstractFieldDataImplTests.java","5","0","0","10","208","274","1"
"elasticsearch","d60500f22e9b11ed195c6ced5381ad19f37b8bb4","src/test/java/org/elasticsearch/index/fielddata/AbstractFieldDataImplTests.java","5","0","0","10","211","279","0"
"elasticsearch","72d2ac13280cc8c9d52361aad9e2193cbf004708","src/test/java/org/elasticsearch/common/ChannelsTests.java","5","0","0","10","225","290","0"
"neo4j","a93c570faa774c1a40b635b6a3e6d8ccb61a99e8","community/lucene-index/src/test/java/org/neo4j/kernel/api/impl/index/LuceneSchemaIndexPopulatorTest.java","5","0","0","10","236","305","1"
"neo4j","3ec0e927cb481a29815bc3237d2e53fd7cadd271","community/lucene-index/src/test/java/org/neo4j/kernel/api/impl/index/LuceneSchemaIndexPopulatorTest.java","5","0","0","10","238","305","0"
"neo4j","562320c0be4006685ed6f086c12ef4e1f1964f3c","community/lucene-index/src/test/java/org/neo4j/kernel/api/impl/index/LuceneSchemaIndexPopulatorTest.java","5","0","0","10","239","306","0"
"neo4j","e6f84e88fecffdd2dd28e4ee978d77df94914908","community/lucene-index/src/test/java/org/neo4j/kernel/api/impl/schema/LuceneSchemaIndexPopulatorTest.java","5","0","0","10","247","316","1"
"neo4j","6b75a9235ea38e0c47caacd25cc919023c0c958b","community/lucene-index/src/test/java/org/neo4j/kernel/api/impl/schema/LuceneSchemaIndexPopulatorTest.java","5","0","0","10","249","318","0"
"hazelcast","38b2c580dfaed82068f5137d2d84929eae461780","hazelcast/src/test/java/com/hazelcast/quorum/QuorumTest.java","5","0","0","10","276","331","0"
"neo4j","e94bda936c0a38cca984a48eb01657b3d6d0ac90","community/kernel/src/test/java/org/neo4j/kernel/impl/store/TestGraphProperties.java","5","0","0","10","358","423","0"
"hazelcast","b1ab638144ded722fac5bb9182c374e7d4f421d7","hazelcast/src/main/java/com/hazelcast/aggregation/impl/MinAggregator.java","5","0","0","10","58","90","0"
"neo4j","35a95081e67bf49b62cb45bc522541ee09635951","enterprise/cluster/src/main/java/org/neo4j/cluster/InstanceId.java","5","0","0","10","62","97","1"
"elasticsearch","78574d248cf10dad1c5a566fda79e1e0c94afe43","core/src/main/java/org/elasticsearch/action/admin/cluster/storedscripts/DeleteStoredScriptRequest.java","5","0","0","10","62","97","1"
"elasticsearch","e6aaaf11ed4a1b8f595f920de1840938eddb7a97","core/src/main/java/org/elasticsearch/action/admin/cluster/storedscripts/DeleteStoredScriptRequest.java","5","0","0","10","62","97","1"
"elasticsearch","a60b8948ba1d836a6eac7cff095519e618939ed8","core/src/main/java/org/elasticsearch/action/admin/cluster/storedscripts/DeleteStoredScriptRequest.java","5","0","0","10","62","97","0"
"elasticsearch","07c9b5b08d985a270e36f2cac790d7450d8a7905","src/test/java/org/elasticsearch/VersionTests.java","5","0","0","10","81","117","0"
"hazelcast","277bd8d8069ab0571cc8863e34b17b7c63360d76","hazelcast/src/main/java/com/hazelcast/concurrent/lock/operations/AwaitOperation.java","5","0","0","10","86","123","1"
"hazelcast","cb358d65ca7f0ac4e37d2b29eb73b11b435f5654","hazelcast/src/main/java/com/hazelcast/concurrent/lock/operations/AwaitOperation.java","5","0","0","10","86","123","1"
"hazelcast","8400ca8852f129750f8232cdf5db21ffae134e02","hazelcast/src/main/java/com/hazelcast/concurrent/lock/operations/AwaitOperation.java","5","0","0","10","86","123","0"
"orientdb","fdc4bd6aac49739d48c5ec95b3cc1c6fabc99b78","core/src/test/java/com/orientechnologies/orient/core/sql/parser/OUpdateStatementTest.java","5","0","0","10","89","118","1"
"hazelcast","336017d6d1589b2ea50661b51024f97f245af5f4","hazelcast/src/main/java/com/hazelcast/concurrent/lock/operations/AwaitOperation.java","5","0","0","10","92","130","0"
"elasticsearch","98640310c2adff8f8d164590faf019193201c747","src/test/java/org/elasticsearch/test/TestSearchContext.java","5","0","0","103","472","601","1"
"elasticsearch","41fd4d87223a2be57524d3df55639d8df118ce85","src/test/java/org/elasticsearch/test/TestSearchContext.java","5","0","0","104","481","610","1"
"elasticsearch","add433944676594b5696bc949e3e8eea38cf037d","src/test/java/org/elasticsearch/test/TestSearchContext.java","5","0","0","104","482","612","0"
"hazelcast","772b5217030e0fb94bf07a00d9b5e7b275a82030","hazelcast/src/test/java/com/hazelcast/map/impl/query/QueryNullIndexingTest.java","5","0","0","11","104","138","0"
"elasticsearch","db541d6fbe3daecec91bb7701aacfcd284662c2a","core/src/main/java/org/elasticsearch/search/aggregations/pipeline/cumulativesum/CumulativeSumPipelineAggregator.java","5","0","0","11","104","146","1"
"hazelcast","cdb8b0e0e259c0992856d553f2aa04499043c84d","hazelcast-client/src/test/java/com/hazelcast/client/topic/ClientReliableTopicStressTest.java","5","0","0","11","117","149","0"
"hazelcast","810540661cf0b9662e3e1bc9b5dabc53a3c052f1","hazelcast-client/src/test/java/com/hazelcast/client/topic/ClientReliableTopicStressTest.java","5","0","0","11","121","154","1"
"neo4j","53a98b0736387e9e71640b7ae062697ceee7d966","community/kernel/src/main/java/org/neo4j/helpers/FutureAdapter.java","5","0","0","11","122","159","0"
"elasticsearch","25fd9e26c4fb042d6f6dea14efcd239577bdbbc4","core/src/main/java/org/elasticsearch/action/ingest/SimulatePipelineRequest.java","5","0","0","11","122","167","0"
"elasticsearch","56cc87b7ccd41040d8fafcaf2da3680d96d10839","core/src/main/java/org/elasticsearch/action/ingest/SimulatePipelineRequest.java","5","0","0","11","122","167","0"
"elasticsearch","78574d248cf10dad1c5a566fda79e1e0c94afe43","core/src/main/java/org/elasticsearch/action/ingest/SimulatePipelineRequest.java","5","0","0","11","122","167","1"
"hazelcast","21586825d367940e1c79cf289e97310daab1200d","hazelcast/src/test/java/com/hazelcast/map/impl/query/QueryNullIndexingTest.java","5","0","0","11","126","162","1"
"hazelcast","26e401e1921fb3af25c7b73c4632773c980708c5","hazelcast/src/test/java/com/hazelcast/map/impl/query/QueryNullIndexingTest.java","5","0","0","11","126","162","1"
"hazelcast","ff2f586ef89e121d6a2c31dd69988513a1c498b1","hazelcast/src/test/java/com/hazelcast/map/impl/query/QueryNullIndexingTest.java","5","0","0","11","126","162","0"
"elasticsearch","cf7747c3388ea0ba1bc6358a67fdb99a2f8b1826","core/src/test/java/org/elasticsearch/node/internal/InternalSettingsPreparerTests.java","5","0","0","11","137","178","1"
"elasticsearch","b4064ce43fc43fecc2b63c63c0d27d52f4656f16","core/src/test/java/org/elasticsearch/index/shard/IndexShardOperationsLockTests.java","5","0","0","11","139","216","0"
"elasticsearch","fd509d015cf8b2a181e788adbf3a4f0000020d1f","core/src/test/java/org/elasticsearch/index/shard/IndexShardOperationsLockTests.java","5","0","0","11","141","220","0"
"hazelcast","0880710f355f33d03b8d928ec9d22a0ff4f1ca52","hazelcast-client/src/test/java/com/hazelcast/client/standalone/ClientMapStandaloneTest.java","5","0","0","11","192","256","0"
"elasticsearch","f4774d17a6cb906f35b866b8ca5b3b4752d87dad","core/src/test/java/org/elasticsearch/node/internal/InternalSettingsPreparerTests.java","5","0","0","11","198","252","0"
"hazelcast","e9f379741c66151866a210a2e7c0bd78b2bb4455","hazelcast/src/main/java/com/hazelcast/instance/GroupProperties.java","5","0","0","11","213","300","0"
"hazelcast","672424ae3e81b7dff16a562e99f25ca8745ac130","hazelcast/src/main/java/com/hazelcast/instance/GroupProperties.java","5","0","0","11","232","323","0"
"hazelcast","e78b610375a31d161665d2990bb6baa41933e0ee","hazelcast/src/main/java/com/hazelcast/instance/GroupProperties.java","5","0","0","11","233","324","0"
"hazelcast","0feff7c98ebd740030acc7f61ae2509933f7cf8e","hazelcast/src/main/java/com/hazelcast/instance/GroupProperties.java","5","0","0","11","235","327","1"
"hazelcast","af327cc8d11f71d84b4501d5cb3759703ed4379d","hazelcast/src/main/java/com/hazelcast/instance/GroupProperties.java","5","0","0","11","235","329","0"
"hazelcast","2c81092eb6e16c06a424d7f692cb8b5bacc736d2","hazelcast/src/main/java/com/hazelcast/instance/GroupProperties.java","5","0","0","11","241","337","0"
"hazelcast","332f996a760d95b0b7006c6fd4a4a0cb7dd9eacd","hazelcast/src/main/java/com/hazelcast/instance/GroupProperties.java","5","0","0","11","244","341","0"
"hazelcast","44e8b04132b5320128b699c5c6742270069ef758","hazelcast/src/main/java/com/hazelcast/impl/GroupProperties.java","5","0","0","11","291","408","0"
"elasticsearch","130f0f6afdbda1153897f199817b652d1ab9bf2a","src/test/java/org/elasticsearch/test/integration/get/GetActionTests.java","5","0","0","11","395","499","1"
"elasticsearch","32abf6b890df7684d3798c096b44a767c226b3a8","src/test/java/org/elasticsearch/test/integration/get/GetActionTests.java","5","0","0","11","421","526","0"
"MapDB","ed1119fe8a34047fc684d585c7ac95020c90dd14","src/test/java/org/mapdb/SerializerTest.java","5","0","0","11","75","101","1"
"hazelcast","c7eb423915dcf58b7a02ce11cf4f54a56eff8736","hazelcast/src/main/java/com/hazelcast/concurrent/lock/AwaitOperation.java","5","0","0","11","75","110","1"
"neo4j","9a371bafe80ceb4e6cdc8502fbd22f9f8ec3d59d","enterprise/core-edge/src/main/java/org/neo4j/coreedge/raft/state/CoreSnapshot.java","5","0","0","11","87","123","1"
"neo4j","21dc057a8a68245281a22d7bdb8da5ae2103f057","enterprise/core-edge/src/main/java/org/neo4j/coreedge/raft/state/vote/VoteState.java","5","0","0","11","89","124","0"
"hazelcast","e1b69c53ca4923affcd7722f012a80e32517e988","hazelcast/src/main/java/com/hazelcast/internal/cluster/impl/operations/CommitClusterStateOp.java","5","0","0","11","93","126","0"
"hazelcast","336017d6d1589b2ea50661b51024f97f245af5f4","hazelcast/src/main/java/com/hazelcast/concurrent/lock/operations/UnlockOperation.java","5","0","0","11","96","133","0"
"hazelcast","1a44eaa6a1e0c7597f0d9335883b651aaeb097c5","hazelcast/src/main/java/com/hazelcast/concurrent/lock/operations/UnlockOperation.java","5","0","0","11","98","134","3"
"hazelcast","277bd8d8069ab0571cc8863e34b17b7c63360d76","hazelcast/src/main/java/com/hazelcast/concurrent/lock/operations/UnlockOperation.java","5","0","0","11","98","135","1"
"hazelcast","cb358d65ca7f0ac4e37d2b29eb73b11b435f5654","hazelcast/src/main/java/com/hazelcast/concurrent/lock/operations/UnlockOperation.java","5","0","0","11","98","135","1"
"hazelcast","8400ca8852f129750f8232cdf5db21ffae134e02","hazelcast/src/main/java/com/hazelcast/concurrent/lock/operations/UnlockOperation.java","5","0","0","11","98","135","0"
"elasticsearch","34155ff102c87dc34805f9aa6a6094ab2b0e6658","core/src/test/java/org/elasticsearch/test/TestSearchContext.java","5","0","0","117","528","672","0"
"elasticsearch","8bdfd21b70568a39ebf5232e8c395f5206a7a63f","src/test/java/org/elasticsearch/test/TestSearchContext.java","5","0","0","118","533","676","0"
"hazelcast","4b901ebe4026da8c54ce0c7934814d354946fb0a","hazelcast-client-new/src/main/java/com/hazelcast/client/spi/impl/ClientExecutionServiceImpl.java","5","0","0","12","129","166","0"
"hazelcast","86534e52868df3924b78e92e24e16ba1ffd83ce8","hazelcast-client-legacy/src/main/java/com/hazelcast/client/spi/impl/ClientExecutionServiceImpl.java","5","0","0","12","129","166","0"
"hazelcast","31e751fe54149f3442b3c9d5a4f1222b7d18482b","hazelcast-client-legacy/src/main/java/com/hazelcast/client/spi/impl/ClientExecutionServiceImpl.java","5","0","0","12","129","166","1"
"hazelcast","2d63cfceff92bc363fc09a3a01582d4667ccd44e","hazelcast/src/test/java/com/hazelcast/query/impl/IndexSplitBrainTest.java","5","0","0","12","211","260","0"
"elasticsearch","fec1802e2f622c1a126c9adda28fa53f1b55529a","core/src/test/java/org/elasticsearch/ingest/PipelineStoreTests.java","5","0","0","12","269","373","2"
"antlr4","29c2712ae1eee9575324db48c2f72c7cb0d28308","tool/test/org/antlr/v4/test/tool/ParserInterpreterForTesting.java","5","0","0","12","88","133","0"
"hazelcast","565257f977407eb3a0199d082860209c2958f5f9","hazelcast/src/main/java/com/hazelcast/ringbuffer/impl/operations/AddAllOperation.java","5","0","0","12","92","134","1"
"hazelcast","564167c1f93b32ce742411106e9ae67eae88a801","hazelcast/src/main/java/com/hazelcast/ringbuffer/impl/operations/AddAllOperation.java","5","0","0","12","93","135","0"
"hazelcast","bb3ea0e107980d769862cdbda748cc91529d67b5","hazelcast/src/main/java/com/hazelcast/transaction/impl/xa/PutRemoteTransactionOperation.java","5","0","0","13","101","137","0"
"hazelcast","290160eb73377fc226cbc5858d1c2c3803b79d6d","hazelcast/src/main/java/com/hazelcast/map/impl/PartitionContainer.java","5","0","0","13","103","162","3"
"hazelcast","bb3ea0e107980d769862cdbda748cc91529d67b5","hazelcast/src/main/java/com/hazelcast/transaction/impl/xa/FinalizeRemoteTransactionOperation.java","5","0","0","13","107","152","0"
"hazelcast","fc6416b87c902797899c08d3659417993ef400e6","hazelcast/src/main/java/com/hazelcast/transaction/impl/xa/FinalizeRemoteTransactionOperation.java","5","0","0","13","107","152","0"
"hazelcast","a11f4b9a8993912ce2725845faccab77e5f24695","hazelcast/src/main/java/com/hazelcast/transaction/impl/xa/FinalizeRemoteTransactionOperation.java","5","0","0","13","107","152","1"
"hazelcast","5a84641d6ca0ba61f6bc3db3f4d51994ee307736","hazelcast/src/main/java/com/hazelcast/multimap/impl/client/AddEntryListenerRequest.java","5","0","0","13","108","142","2"
"hazelcast","f2a552590f59888cfdba1c4cfc42c481e582e76f","hazelcast/src/main/java/com/hazelcast/multimap/impl/client/AddEntryListenerRequest.java","5","0","0","13","108","142","1"
"hazelcast","d551ed762f2dd83eaeffcc7b7b4fc6dad591b31c","hazelcast/src/main/java/com/hazelcast/multimap/impl/client/AddEntryListenerRequest.java","5","0","0","13","108","142","0"
"hazelcast","05b27a3d7f9adfb832f8fb0c7927fc71c14df2b4","hazelcast/src/main/java/com/hazelcast/multimap/impl/client/AddEntryListenerRequest.java","5","0","0","13","112","146","2"
"hazelcast","d65de8708631978b87d39db7c947a073e0963228","hazelcast/src/main/java/com/hazelcast/multimap/impl/client/AddEntryListenerRequest.java","5","0","0","13","112","146","2"
"hazelcast","264b730b6e10ae9df6f5d8727209ca007160236f","hazelcast/src/main/java/com/hazelcast/multimap/impl/client/AddEntryListenerRequest.java","5","0","0","13","112","146","0"
"hazelcast","ae877df50978fcfb112d6d0cab2c78f80d1ee770","hazelcast/src/main/java/com/hazelcast/multimap/impl/client/AddEntryListenerRequest.java","5","0","0","13","119","153","1"
"elasticsearch","a4f6edec521b9656c0d99320dd0f6f757de1e051","core/src/test/java/org/elasticsearch/node/internal/InternalSettingsPreparerTests.java","5","0","0","13","157","200","0"
"neo4j","083224bbfc9dfc2e59c049a9c5eedb758eb1c86e","community/bolt/src/test/java/org/neo4j/bolt/v1/messaging/Neo4jPackTest.java","5","0","0","13","197","282","1"
"neo4j","87838b56dfcfb7b37ca03d26c9eedc8f1e0c38e5","community/bolt/src/test/java/org/neo4j/bolt/v1/messaging/Neo4jPackTest.java","5","0","0","13","204","289","0"
"elasticsearch","423b0f5e3d30430c00f18f621c88fe2fcd44e1aa","core/src/test/java/org/elasticsearch/ingest/PipelineStoreTests.java","5","0","0","13","279","383","0"
"elasticsearch","aa078788f9eeb1c87d83805a5865e8424b2ef252","src/test/java/org/elasticsearch/test/integration/nested/SimpleNestedTests.java","5","0","0","13","334","451","0"
"elasticsearch","1f5a74a91af07bd37af6e424e8959967bc12e5ec","src/test/java/org/elasticsearch/test/integration/nested/SimpleNestedTests.java","5","0","0","13","336","453","1"
"elasticsearch","246dc1d9924ae42b391c30d8b8ad082b48dafd5f","src/test/java/org/elasticsearch/test/integration/nested/SimpleNestedTests.java","5","0","0","13","336","453","1"
"elasticsearch","bddea0917030021cd3224e5cb9150a251cae1bd1","src/test/java/org/elasticsearch/test/integration/nested/SimpleNestedTests.java","5","0","0","13","336","453","0"
"hazelcast","0a71aca191a47577776f118feb67ea9a3b922350","hazelcast/src/main/java/com/hazelcast/concurrent/lock/LockProxySupport.java","5","0","0","13","88","125","2"
"hazelcast","c1074389dd4bc2e4c5a383dc60e51478a735315e","hazelcast/src/main/java/com/hazelcast/map/impl/client/MapAddInterceptorRequest.java","5","0","0","13","94","128","0"
"hazelcast","06cffdc24c82d1dd0c8d59aa33f46ef5f6910782","hazelcast/src/main/java/com/hazelcast/map/impl/PartitionContainer.java","5","0","0","14","103","162","2"
"BroadleafCommerce","9a2399ccabc71c63572c786cacfa9d17404bf0db","core/broadleaf-framework/src/main/java/org/broadleafcommerce/core/offer/domain/OfferOfferRuleXrefImpl.java","5","0","0","14","123","167","0"
"BroadleafCommerce","a600ac52945a7ee2f172cbdfdf466a6e37d63fc2","core/broadleaf-framework/src/main/java/org/broadleafcommerce/core/offer/domain/OfferOfferRuleXrefImpl.java","5","0","0","14","124","168","0"
"hazelcast","5b296167dee65b2fee152c72edecacc609996015","hazelcast-client/src/test/java/com/hazelcast/client/executor/ClientExecutorServiceTest.java","5","0","0","14","132","181","1"
"hazelcast","5761278217ecc188118a812af46908ed3d531d4d","hazelcast-client/src/test/java/com/hazelcast/client/executor/ClientExecutorServiceTest.java","5","0","0","14","137","189","1"
"hazelcast","d2e4d8ac7c9f39474600d20b25c787d5157331e8","hazelcast-client/src/test/java/com/hazelcast/client/executor/ClientExecutorServiceTest.java","5","0","0","14","140","189","0"
"hazelcast","2530c0266c1bcb0f1ed5e5c0e0834db046c60fa8","hazelcast-client/src/test/java/com/hazelcast/client/executor/ClientExecutorServiceTest.java","5","0","0","14","141","190","2"
"elasticsearch","32b2caad421cbd7f54b615f832c15b7575ad51d9","core/src/test/java/org/elasticsearch/node/InternalSettingsPreparerTests.java","5","0","0","14","166","211","0"
"elasticsearch","3c639f0673415bbab64b6de43490494b76ae45b1","core/src/test/java/org/elasticsearch/common/unit/TimeValueTests.java","5","0","0","14","172","221","1"
"elasticsearch","bab3e766c7398cd86a113765a5ff2cca453f8afd","core/src/test/java/org/elasticsearch/common/unit/TimeValueTests.java","5","0","0","14","172","228","0"
"elasticsearch","ee5df74a6b0d3c1f1002c9b66b3525807291425a","src/test/java/org/elasticsearch/test/integration/nested/SimpleNestedTests.java","5","0","0","14","387","520","0"
"BroadleafCommerce","22ae0494c2da649f23c24d75616ab3cebcd202aa","core/broadleaf-framework/src/main/java/org/broadleafcommerce/core/order/domain/OrderLockImpl.java","5","0","0","14","76","117","1"
"MapDB","d91f859ba6cddcf1c9a0eccb18e61048597b0de2","src/test/java/org/mapdb/SerializerTest.java","5","0","0","14","95","126","0"
"hazelcast","490031a220076fe6cf002b209e986e2edbad57b9","hazelcast-client/src/test/java/com/hazelcast/client/executor/ClientExecutorServiceTest.java","5","0","0","15","148","202","0"
"hazelcast","f027aaf3d412cddca5f6ce9b12672816a4cccf7d","hazelcast-client/src/test/java/com/hazelcast/client/executor/ClientExecutorServiceTest.java","5","0","0","15","151","202","1"
"elasticsearch","8a587ead8972a7d68e1e3cab93e0b154913fe113","core/src/test/java/org/elasticsearch/index/mapper/source/DefaultSourceMappingTests.java","5","0","0","15","246","327","1"
"hazelcast","d38202141395360399c9cf97d4453adf5b1581e1","hazelcast-client-new/src/main/java/com/hazelcast/client/proxy/ClientSemaphoreProxy.java","5","0","0","16","107","147","1"
"hazelcast","8aad5200f5667461d3959dacaa6d5d179d7b2add","hazelcast-client-new/src/main/java/com/hazelcast/client/proxy/ClientSemaphoreProxy.java","5","0","0","16","113","152","0"
"hazelcast","a4035afdfc67b757940a15578bc51b4e7b6b0b13","hazelcast-client-new/src/main/java/com/hazelcast/client/proxy/ClientSemaphoreProxy.java","5","0","0","16","113","152","0"
"hazelcast","92c9e90afd37615e6c37493123b053a4f4a5c145","hazelcast-client-new/src/main/java/com/hazelcast/client/proxy/ClientSemaphoreProxy.java","5","0","0","16","113","152","1"
"elasticsearch","c17de49a6dc1d54fcfee3754211ae67a06bdcec7","modules/percolator/src/test/java/org/elasticsearch/percolator/PercolatorQuerySearchIT.java","5","0","0","16","701","810","0"
"hazelcast","be65e61f8071098b49b54acb2f09c3cb3246176b","hazelcast/src/main/java/com/hazelcast/scheduledexecutor/impl/ScheduledRunnableAdapter.java","5","0","0","16","85","123","0"
"netty","0bc30a123e88bc7b038e0c260937581097a903f7","codec-http/src/test/java/io/netty/handler/codec/http/cookie/ClientCookieDecoderTest.java","5","0","0","17","236","288","1"
"elasticsearch","42718936d936bfd987b384e7a38054462b5e05cc","core/src/test/java/org/elasticsearch/index/mapper/ttl/TTLMappingTests.java","5","0","0","17","289","367","0"
"elasticsearch","49bdd29f91eb3568a8bac28e043f422a208104d1","test/framework/src/test/java/org/elasticsearch/test/rest/yaml/parser/DoSectionParserTests.java","5","0","0","17","370","449","1"
"elasticsearch","3ce7b119d28e7d1be7284bd804606a65c2d1a383","test/framework/src/test/java/org/elasticsearch/test/rest/yaml/parser/DoSectionParserTests.java","5","0","0","17","375","456","0"
"neo4j","fa816e9779bf1c0283c3c6f59e34d454940631cb","enterprise/causal-clustering/src/test/java/org/neo4j/causalclustering/core/consensus/RaftMachineTest.java","5","0","0","17","393","565","1"
"elasticsearch","39f362326e46b0e0df075288e1b5521f825d2b7b","src/test/java/org/elasticsearch/test/integration/nested/SimpleNestedTests.java","5","0","0","17","737","916","1"
"hazelcast","5f5b80ddd0b8f51525764ffdda9ecc7b0bdf18b5","hazelcast/src/test/java/com/hazelcast/test/modularhelpers/SimpleClusterUtil.java","5","0","0","17","76","96","2"
"hazelcast","71ef25dfae46f9117c03c070e06845067a2d31d4","hazelcast/src/test/java/com/hazelcast/test/modularhelpers/SimpleClusterUtil.java","5","0","0","17","76","96","2"
"hazelcast","cc15fd4704866dd9befcf6c709073174985d494e","hazelcast/src/test/java/com/hazelcast/test/modularhelpers/SimpleClusterUtil.java","5","0","0","17","76","96","1"
"hazelcast","998cca82220175171f60cd096ee26f600eabd8dc","hazelcast/src/test/java/com/hazelcast/test/modularhelpers/SimpleClusterUtil.java","5","0","0","17","76","96","0"
"elasticsearch","d99b532f0f6e2a6bbadc7421eb5960083687ec73","src/test/java/org/elasticsearch/test/integration/nested/SimpleNestedTests.java","5","0","0","17","841","1034","0"
"hazelcast","2b6f18456c37d310e7679071b8c91c7df48c679d","hazelcast/src/main/java/com/hazelcast/map/impl/PartitionContainer.java","5","0","0","18","139","205","1"
"hazelcast","21de2ef614b9a92baec6c4f16f26123a59391cdc","hazelcast/src/main/java/com/hazelcast/map/impl/PartitionContainer.java","5","0","0","18","142","209","0"
"hazelcast","e85f9375177c76b2ee1338c2a1242d082783f816","hazelcast/src/main/java/com/hazelcast/map/impl/PartitionContainer.java","5","0","0","18","142","209","0"
"hazelcast","bf57830124f1d8c5233fd61d243cbe0c16161b6c","hazelcast/src/main/java/com/hazelcast/map/impl/PartitionContainer.java","5","0","0","18","142","209","1"
"netty","db4781282f364b3a57b829db4362d77f449b612c","codec/src/test/java/io/netty/handler/codec/json/JsonObjectDecoderTest.java","5","0","0","18","295","384","0"
"elasticsearch","48fe4326b0ca2f326510f9770a6690a1153ac7b5","core/src/test/java/org/elasticsearch/index/mapper/core/TextFieldMapperTests.java","5","0","0","18","404","507","3"
"neo4j","a81cec2835334f193e2fc02122952a18975fdf6c","enterprise/causal-clustering/src/test/java/org/neo4j/causalclustering/core/consensus/RaftMachineTest.java","5","0","0","18","419","602","0"
"elasticsearch","302c7a521adec8da71192bd9a82113537eac154c","core/src/test/java/org/elasticsearch/index/mapper/core/TextFieldMapperTests.java","5","0","0","18","439","549","1"
"elasticsearch","841d5a210e12bc629336396893e18872d2b1f46f","core/src/test/java/org/elasticsearch/index/mapper/core/TextFieldMapperTests.java","5","0","0","18","441","552","0"
"elasticsearch","62b821ccf4e2bf221382df85e2785016f74012bc","core/src/test/java/org/elasticsearch/index/mapper/TextFieldMapperTests.java","5","0","0","18","442","553","1"
"hazelcast","660bbd97d28d2282bc4ac0bc66a5405e89cd0813","hazelcast-client/src/main/java/com/hazelcast/client/spi/impl/ClientExecutionServiceImpl.java","5","0","0","19","138","179","0"
"hazelcast","2388114ba2aac3aa5417e6dcd6c4b8932db39281","hazelcast/src/test/java/com/hazelcast/aggregation/AggregatorsSpecTest.java","5","0","0","19","229","288","1"
"elasticsearch","e43f3a941b8ae78e6ab4f66d1da17a976d36b666","src/test/java/org/elasticsearch/index/mapper/geo/GeoPointFieldMapperTests.java","5","0","0","19","393","505","0"
"elasticsearch","0ad231546d70cd45ac5d7a32311c1cebb9b42293","core/src/test/java/org/elasticsearch/index/mapper/TextFieldMapperTests.java","5","0","0","19","470","588","1"
"elasticsearch","450f47d5b59f19f4d2056042db69732ac5c21bbf","core/src/test/java/org/elasticsearch/index/mapper/TextFieldMapperTests.java","5","0","0","19","470","588","1"
"elasticsearch","2a00c9dc46fe7ac5da04ea3e735985d3f02bc7bf","core/src/test/java/org/elasticsearch/index/mapper/TextFieldMapperTests.java","5","0","0","19","470","588","0"
"neo4j","0d843f05ae6a0785ff68416331440d96b0ab20c3","enterprise/causal-clustering/src/test/java/org/neo4j/causalclustering/discovery/procedures/ClusterOverviewProcedureTest.java","5","0","0","2","107","154","1"
"neo4j","eba75807921f179c3761681f289a1a6e4fbcfe75","enterprise/causal-clustering/src/test/java/org/neo4j/causalclustering/discovery/procedures/ClusterOverviewProcedureTest.java","5","0","0","2","113","160","0"
"hazelcast","937106d611fe527814572ae6ae783010aa8d1b79","hazelcast-client/src/main/java/com/hazelcast/client/spi/impl/ClientExecutionServiceImpl.java","5","0","0","2","114","160","0"
"elasticsearch","f6deb4597094ac46ad862f1c5817db66c40c6dea","src/test/java/org/elasticsearch/test/unit/cluster/routing/allocation/ConcurrentRebalanceRoutingTests.java","5","0","0","2","114","161","0"
"elasticsearch","70c334ec01afa90ee92ee8d8c6571aaf6757ff7b","src/test/java/org/elasticsearch/test/unit/cluster/routing/allocation/ConcurrentRebalanceRoutingTests.java","5","0","0","2","115","162","0"
"neo4j","87a690fbed55b13b44c51cf28a9156d1a45de6f0","enterprise/kernel/src/test/java/org/neo4j/test/TestEnterpriseGraphDatabaseFactory.java","5","0","0","2","125","155","0"
"MapDB","519f779a3ae6f0ae5f6c8a4feb4d26602f1b0456","src/test/java/org/mapdb/Issue258Test.java","5","0","0","2","29","50","0"
"mcMMO","886515400dc845c996075c9f6e6240dd4c8c8c31","src/main/java/com/gmail/nossr50/database/commands/McpurgeCommand.java","5","0","0","2","32","40","1"
"mcMMO","6fbfec48b0589445a602eeb5f93fa35934832509","src/main/java/com/gmail/nossr50/runnables/party/PartyAutoKickTask.java","5","0","0","2","32","42","0"
"titan","5bbc7807c15d0918a7d228998f5ad333649945f3","src/main/java/com/thinkaurelius/titan/graphdb/types/system/SystemTypeManager.java","5","0","0","2","32","45","0"
"mcMMO","d0c0b9a089d3b99e7fe68740860fef2d0275613f","src/main/java/com/gmail/nossr50/commands/mc/McgodCommand.java","5","0","0","2","33","43","0"
"mcMMO","70231b6ae0c1807324ad9bd9ccdea88c1b2357ab","src/main/java/com/gmail/nossr50/commands/mc/McabilityCommand.java","5","0","0","2","33","44","0"
"elasticsearch","230f0b514f5067b0ccc75d2e5fafc33b609df92e","core/src/main/java/org/elasticsearch/search/fetch/subphase/FetchSourceSubPhase.java","5","0","0","2","33","59","2"
"mcMMO","630b64462ee2edaa36de14cab3f1cbe3a715d8ed","src/main/java/com/gmail/nossr50/skills/mining/DemoltionsExpertiseEventHandler.java","5","0","0","2","34","43","1"
"hazelcast","468da2cf63c167b6b45e68d2f83b2a0876b4ae90","hazelcast/src/main/java/com/hazelcast/instance/NodeExtensionFactory.java","5","0","0","2","35","58","0"
"mcMMO","886515400dc845c996075c9f6e6240dd4c8c8c31","src/main/java/com/gmail/nossr50/database/commands/McremoveCommand.java","5","0","0","2","38","46","1"
"mcMMO","340c47eebdd5a7e0cf627b967fea7cca7f9d424f","src/main/java/com/gmail/nossr50/party/commands/PartyAcceptCommand.java","5","0","0","2","38","50","0"
"mcMMO","a2cbfa266897414c0a1adda8fd0ddd9e55e5d17b","src/main/java/com/gmail/nossr50/party/commands/PartyAcceptCommand.java","5","0","0","2","38","50","0"
"mcMMO","c10525ada9ed2c0b77c518089a300e3b4e32e7c1","src/main/java/com/gmail/nossr50/commands/experience/ConvertExperienceCommand.java","5","0","0","2","38","50","1"
"elasticsearch","b1cef5fdf8e1f8e9982a4724986b2731ca4d522b","core/src/main/java/org/elasticsearch/search/aggregations/metrics/cardinality/CardinalityParser.java","5","0","0","2","38","67","1"
"antlr4","fdc46c53e6d885307d0ff3f8ceea5474267d1f64","tool/src/org/antlr/v4/codegen/model/VisitorFile.java","5","0","0","2","38","74","1"
"mcMMO","ceacd7dc529a561ef8ec9bb873247936a8be96c9","src/main/java/com/gmail/nossr50/commands/party/PartyKickCommand.java","5","0","0","2","39","49","1"
"mcMMO","857e12b96edf68bc2e2fdbdf72659ce82612bda1","src/main/java/com/gmail/nossr50/commands/experience/ConvertExperienceCommand.java","5","0","0","2","39","51","0"
"mcMMO","45143836e529329041adb5d98412320b06d9486f","src/main/java/com/gmail/nossr50/commands/party/PartyKickCommand.java","5","0","0","2","40","50","0"
"netty","a218eb6f6fe07d572c90bc3bfac3f5a8cde6f5ab","codec-http/src/test/java/io/netty/handler/codec/http/HttpContentCompressorTest.java","5","0","0","2","40","61","1"
"elasticsearch","4185566e9344091a3ddad4090435fc3609fab208","src/test/java/org/elasticsearch/action/indexedscripts/get/GetIndexedScriptRequestTests.java","5","0","0","2","40","68","2"
"mcMMO","9e39c3495dedb06b79dd8b7dcc3a4c6674fa385d","src/main/java/com/gmail/nossr50/commands/chat/PartyChatCommand.java","5","0","0","2","41","53","0"
"antlr4","00f95b4a294e0b22bb5c85ccd6e7d87089c20273","tool/src/org/antlr/v4/codegen/model/VisitorFile.java","5","0","0","2","41","85","0"
"elasticsearch","ab2f295c1671167bc3dfbada22e94fa614bd09f0","core/src/main/java/org/elasticsearch/search/aggregations/pipeline/bucketmetrics/percentile/PercentilesBucketParser.java","5","0","0","2","42","73","0"
"elasticsearch","d84c643f5880a88d2e5c38b487123161f3e01fe0","core/src/test/java/org/elasticsearch/index/query/AbstractTermQueryTestCase.java","5","0","0","2","44","73","0"
"neo4j","3fe88be02b9554002a3ef1cf59bcf770a2325690","community/common/src/main/java/org/neo4j/kernel/lifecycle/Lifecycles.java","5","0","0","2","45","70","1"
"elasticsearch","78574d248cf10dad1c5a566fda79e1e0c94afe43","core/src/main/java/org/elasticsearch/cli/SettingCommand.java","5","0","0","2","47","78","1"
"elasticsearch","e6aaaf11ed4a1b8f595f920de1840938eddb7a97","core/src/main/java/org/elasticsearch/cli/SettingCommand.java","5","0","0","2","47","78","1"
"elasticsearch","a60b8948ba1d836a6eac7cff095519e618939ed8","core/src/main/java/org/elasticsearch/cli/SettingCommand.java","5","0","0","2","47","78","0"
"elasticsearch","adc0807c686b37bf1d96bd3eb9d26face380fe44","src/test/java/org/elasticsearch/cluster/block/ClusterBlockTests.java","5","0","0","2","49","85","0"
"hazelcast","94adcc7514abab71a4ead864748a50df7437db76","hazelcast/src/test/java/com/hazelcast/util/executor/CancellableDelegatingFutureTest.java","5","0","0","2","50","61","1"
"hazelcast","b458b7f05170b0556bce207d777a93ca3ec0360d","hazelcast/src/test/java/com/hazelcast/util/executor/CancellableDelegatingFutureTest.java","5","0","0","2","50","61","1"
"hazelcast","c991be3c9ff02926b07a163b8337a36225ffc88f","hazelcast/src/test/java/com/hazelcast/util/executor/CancellableDelegatingFutureTest.java","5","0","0","2","50","61","1"
"hazelcast","31820d92e469159b8152a223f32a3981d4724469","hazelcast/src/test/java/com/hazelcast/util/executor/CancellableDelegatingFutureTest.java","5","0","0","2","50","61","0"
"hazelcast","623ff1855aa985aa276e8395aabf0b534c7a36c3","hazelcast-client-legacy/src/test/java/com/hazelcast/client/listeners/leak/ListenerLeakTestSupport.java","5","0","0","2","52","79","0"
"hazelcast","25a808e63dd39b9cdb7812b653ff9eb8d1a26161","hazelcast-wm/src/test/java/com/hazelcast/wm/test/spring/SpringAwareWebFilterTest.java","5","0","0","2","52","84","2"
"hazelcast","fe7d3392162393e73ca38be3fd4d0ccaf465fb7b","hazelcast-wm/src/test/java/com/hazelcast/wm/test/spring/SpringAwareWebFilterTest.java","5","0","0","2","52","84","1"
"hazelcast","b97e91fdb1ae20f2064c7fc49f2b24a6ac67f945","hazelcast-wm/src/test/java/com/hazelcast/wm/test/spring/SpringAwareWebFilterTest.java","5","0","0","2","52","84","0"
"elasticsearch","55a879ee8d8bb637199cf3cb83c7dbeabc24c29a","core/src/test/java/org/elasticsearch/search/aggregations/metrics/percentiles/hdr/InternalHDRPercentilesTests.java","5","0","0","2","52","86","0"
"elasticsearch","25fd9e26c4fb042d6f6dea14efcd239577bdbbc4","client/rest/src/test/java/org/elasticsearch/client/ResponseExceptionTests.java","5","0","0","2","53","83","0"
"elasticsearch","4b80e1a5cab3ca7a8b9c5eec2debdf5c53de7808","plugins/repository-hdfs/src/main/java/org/elasticsearch/repositories/hdfs/HdfsPlugin.java","5","0","0","2","54","87","1"
"mcMMO","b3cd5486d60d6092cb25fc7ccf39c4d6624a24f2","src/main/java/com/gmail/nossr50/skills/taming/TrackedTamingEntity.java","5","0","0","2","55","70","0"
"elasticsearch","120ddd99c34f0e447d5688324b51934184e9c88f","client/rest/src/test/java/org/elasticsearch/client/ResponseExceptionTests.java","5","0","0","2","55","85","1"
"hazelcast","58c1f3168d2ab2e334d6c97437651b0d7e21789d","hazelcast/src/test/java/com/hazelcast/spi/impl/WaitNotifyServiceTest.java","5","0","0","2","59","86","2"
"hazelcast","bc9eb33a50ac0ce4dde764c52410501d15c90ca8","hazelcast/src/test/java/com/hazelcast/spi/impl/WaitNotifyServiceTest.java","5","0","0","2","59","86","1"
"hazelcast","5f8479e1b30c347ffb0612aa0c0a2b3a2196236b","hazelcast/src/test/java/com/hazelcast/spi/impl/WaitNotifyServiceTest.java","5","0","0","2","59","86","0"
"elasticsearch","0814ea3200d6af6c142ad7d2fa16bce5acfa9665","client/rest/src/test/java/org/elasticsearch/client/ResponseExceptionTests.java","5","0","0","2","61","92","0"
"elasticsearch","25fd9e26c4fb042d6f6dea14efcd239577bdbbc4","client/benchmark/src/main/java/org/elasticsearch/client/benchmark/metrics/MetricsCalculator.java","5","0","0","2","62","91","0"
"elasticsearch","1e7c42447999421ea789d51279496017d34b15d0","core/src/main/java/org/elasticsearch/rest/action/cat/RestTemplatesAction.java","5","0","0","2","65","97","0"
"elasticsearch","51d53791fe71c9cb62bc992588a57cdfb500383f","core/src/main/java/org/elasticsearch/rest/action/cat/RestTemplatesAction.java","5","0","0","2","65","97","0"
"elasticsearch","48bfb142b97bc32542f73bece4bf19bce57554c8","core/src/main/java/org/elasticsearch/rest/action/cat/RestTemplatesAction.java","5","0","0","2","65","97","1"
"elasticsearch","0eff7daf5bc8d30f2e107b46b9bfe616f0c8464c","core/src/main/java/org/elasticsearch/common/logging/LogConfigurator.java","5","0","0","2","66","99","0"
"elasticsearch","4704efaef4b08e1191ac81d35eaf20308dcc1274","core/src/main/java/org/elasticsearch/common/logging/LogConfigurator.java","5","0","0","2","67","100","0"
"elasticsearch","4b94eb5cb8cc4294ed0e932a5f22c16bd90d4dd7","core/src/main/java/org/elasticsearch/action/admin/indices/settings/put/TransportUpdateSettingsAction.java","5","0","0","2","68","100","2"
"elasticsearch","860efb2ad28db09189c8423e05d0dba53010259c","core/src/main/java/org/elasticsearch/action/admin/indices/settings/put/TransportUpdateSettingsAction.java","5","0","0","2","68","100","2"
"elasticsearch","d3417fb02291f26964d77767020ef345d18c148f","core/src/main/java/org/elasticsearch/action/admin/indices/settings/put/TransportUpdateSettingsAction.java","5","0","0","2","68","100","0"
"orientdb","7b536d818c7567b3b119ddf9a52942ef1bfb4619","distributed/src/test/java/com/orientechnologies/orient/server/distributed/asynch/TestReplicationVersionIncrementedByOne.java","5","0","0","2","68","85","0"
"oryx","3b0fc229b3818b52dda4b6b863f9bca5dcfc4d86","app/oryx-app-mllib/src/test/java/com/cloudera/oryx/app/batch/mllib/als/ALSModelContentIT.java","5","0","0","2","70","105","0"
"elasticsearch","2b3760f78b26817b5a2030aa27b1ddf2f17462f6","core/src/main/java/org/elasticsearch/rest/action/cat/RestTemplatesAction.java","5","0","0","2","70","98","1"
"elasticsearch","53d4d747a6812ff0edcb5481bfd47e534f2a5f0e","core/src/test/java/org/elasticsearch/search/fetch/subphase/NestedChildrenFilterTests.java","5","0","0","2","70","99","1"
"oryx","0c6bf96eb475361ed45c4d7e54a970819e33802a","app/oryx-app-mllib/src/test/java/com/cloudera/oryx/app/batch/mllib/kmeans/KMeansUpdateIT.java","5","0","0","2","74","114","0"
"neo4j","dd79d5226cfe6f3665976835d78cda0ec29798c3","enterprise/core-edge/src/test/java/org/neo4j/coreedge/discovery/SharedDiscoveryServiceIT.java","5","0","0","2","75","129","0"
"oryx","e51380a7c4ca62fb52fbf40e8086d2105a69f623","app/oryx-app-mllib/src/test/java/com/cloudera/oryx/app/batch/mllib/kmeans/KMeansUpdateIT.java","5","0","0","2","76","116","2"
"neo4j","09c5087dbe867c849ae23c38d3983dd510c59384","community/kernel/src/main/java/org/neo4j/kernel/impl/proc/ProcedureAllowedConfig.java","5","0","0","2","76","116","1"
"oryx","0e536a808244ffd416c047e7c365d4f055ea1b8a","app/oryx-app-mllib/src/test/java/com/cloudera/oryx/app/batch/mllib/kmeans/KMeansUpdateIT.java","5","0","0","2","76","116","0"
"neo4j","33d8b5a7ef36eb1d2c9e72daa01a416a5a403079","community/kernel/src/main/java/org/neo4j/kernel/impl/proc/ProcedureAllowedConfig.java","5","0","0","2","77","116","0"
"oryx","3b0fc229b3818b52dda4b6b863f9bca5dcfc4d86","app/oryx-app-mllib/src/test/java/com/cloudera/oryx/app/batch/mllib/kmeans/KMeansUpdateIT.java","5","0","0","2","77","117","0"
"elasticsearch","f2acf466aae3c6931ca00dbdc154fe26f6bdd2da","modules/lang-mustache/src/main/java/org/elasticsearch/script/mustache/TransportSearchTemplateAction.java","5","0","0","2","80","115","0"
"neo4j","128c1e47ce3f69ef3da6489e27a95f4ff19bab47","enterprise/core-edge/src/test/java/org/neo4j/coreedge/raft/elections/Fixture.java","5","0","0","2","81","116","0"
"elasticsearch","594f00c5828c8ea9875ae672afe3da41af27509c","modules/lang-mustache/src/main/java/org/elasticsearch/script/mustache/TransportSearchTemplateAction.java","5","0","0","2","81","116","0"
"neo4j","442bd8a8fb16142fe62b2e76a0b95526c2342a8b","enterprise/core-edge/src/test/java/org/neo4j/coreedge/raft/elections/Fixture.java","5","0","0","2","81","116","1"
"orientdb","dee0bf0fbdf33e3828993c7675a704c17c1387bc","core/src/test/java/com/orientechnologies/orient/core/sql/parser/ODeleteStatementTest.java","5","0","0","2","82","106","1"
"elasticsearch","2ed1f7a3390420835f9b270d20c5d512ba197827","core/src/main/java/org/elasticsearch/action/admin/cluster/shards/TransportClusterSearchShardsAction.java","5","0","0","2","84","115","1"
"elasticsearch","c8712e9531f55e84899be0f65fe435ae09f6a6a5","core/src/main/java/org/elasticsearch/action/admin/cluster/shards/TransportClusterSearchShardsAction.java","5","0","0","2","84","115","1"
"elasticsearch","149629fec657e9948488195087f30583cd561f11","core/src/main/java/org/elasticsearch/action/admin/cluster/shards/TransportClusterSearchShardsAction.java","5","0","0","2","84","115","0"
"hazelcast","25a808e63dd39b9cdb7812b653ff9eb8d1a26161","hazelcast-wm/src/test/java/com/hazelcast/wm/test/spring/SpringAwareWebFilterTestSupport.java","5","0","0","2","85","123","2"
"hazelcast","fe7d3392162393e73ca38be3fd4d0ccaf465fb7b","hazelcast-wm/src/test/java/com/hazelcast/wm/test/spring/SpringAwareWebFilterTestSupport.java","5","0","0","2","85","123","1"
"hazelcast","b97e91fdb1ae20f2064c7fc49f2b24a6ac67f945","hazelcast-wm/src/test/java/com/hazelcast/wm/test/spring/SpringAwareWebFilterTestSupport.java","5","0","0","2","85","123","0"
"elasticsearch","6b67e0bf2fb3e27279dff90ba76fa7c93bb4c828","core/src/main/java/org/elasticsearch/action/admin/cluster/shards/TransportClusterSearchShardsAction.java","5","0","0","2","86","117","0"
"elasticsearch","1fba68a6349404d0c0a6841a52d6982c21d3b58a","src/main/java/org/elasticsearch/rest/action/cat/RestCountAction.java","5","0","0","2","88","122","1"
"elasticsearch","3f1472505723866794d875c00bde575d988e120d","src/main/java/org/elasticsearch/rest/action/cat/RestCountAction.java","5","0","0","2","89","123","0"
"elasticsearch","4f442497bf90454de4dd9736953e347e90331108","src/main/java/org/elasticsearch/rest/action/cat/RestCountAction.java","5","0","0","2","89","123","0"
"elasticsearch","b34f25931343c2c2c69951e5ddfe984816c5a6ea","src/main/java/org/elasticsearch/rest/action/cat/RestCountAction.java","5","0","0","2","89","123","1"
"hazelcast","36901f8ff42757eeff2dcfb2a1f7f8bb0dc918ae","hazelcast/src/test/java/com/hazelcast/map/EntryProcessorStressTest.java","5","0","0","2","92","136","1"
"elasticsearch","01ca81e2a37c9cd38c6dc44ae567d427c059dbe0","src/test/java/org/elasticsearch/gateway/local/RecoveryBackwardsCompatibilityTests.java","5","0","0","2","93","132","0"
"neo4j","1c6e22fad95ec037f0b9c6fd7a9fadb18e8384d1","community/server/src/main/java/org/neo4j/server/rest/repr/NodeRepresentation.java","5","0","0","20","157","204","0"
"BroadleafCommerce","663f9520dacb59459f8033c8736be33d9fc3d58d","core/broadleaf-framework/src/main/java/org/broadleafcommerce/core/search/domain/SearchFacetImpl.java","5","0","0","20","164","216","2"
"BroadleafCommerce","0c21b421c1d9c38444c820eea84cad34979e3b37","core/broadleaf-framework/src/main/java/org/broadleafcommerce/core/search/domain/SearchFacetImpl.java","5","0","0","20","170","225","3"
"hazelcast","c81bd745449e40565cfe74422519331cbaf87f15","hazelcast/src/test/java/com/hazelcast/cache/entryprocessor/JCacheEntryProcessorTest.java","5","0","0","20","249","347","0"
"hazelcast","aa29b3cc5fdc72c5eb1e9b3df1ae1c01d95c0de9","hazelcast/src/test/java/com/hazelcast/cache/entryprocessor/JCacheEntryProcessorTest.java","5","0","0","20","252","351","1"
"elasticsearch","baed02bbe2717472b3502ac486fcc26b91e63a95","core/src/test/java/org/elasticsearch/common/xcontent/support/XContentMapValuesTests.java","5","0","0","21","466","593","1"
"elasticsearch","577e6a5e147d2222c7b618af3601adb3e3cedf39","plugins/repository-s3/src/test/java/org/elasticsearch/cloud/aws/AwsS3ServiceImplTests.java","5","0","0","22","305","356","0"
"elasticsearch","0e802961f16c0ae408f63d81da29c087b669dccc","plugins/repository-s3/src/test/java/org/elasticsearch/cloud/aws/AwsS3ServiceImplTests.java","5","0","0","22","306","358","1"
"elasticsearch","3e69c38dbd2aa319b5b199d2931125b93f59514a","plugins/repository-s3/src/test/java/org/elasticsearch/cloud/aws/AwsS3ServiceImplTests.java","5","0","0","22","308","359","2"
"elasticsearch","568e655fdbfd8161f22cc368bfa49c301ad2366a","core/src/test/java/org/elasticsearch/common/xcontent/support/XContentMapValuesTests.java","5","0","0","22","476","603","0"
"neo4j","1b3aad3b619bd72c2c9f79bb7edf642c5dc56a6f","enterprise/security/src/test/java/org/neo4j/server/security/enterprise/auth/LdapRealmTest.java","5","0","0","23","369","498","0"
"hazelcast","565257f977407eb3a0199d082860209c2958f5f9","hazelcast/src/test/java/com/hazelcast/util/collection/Long2LongHashMapTest.java","5","0","0","24","175","249","1"
"neo4j","78501457053bd31052fdcd40c7ae2d551a208003","community/cypher/docs/cypher-docs/src/test/java/org/neo4j/cypher/example/JavaExecutionEngineDocTest.java","5","0","0","25","386","503","0"
"neo4j","b2637970d2f4a46627c83adb107fd615e446bce6","community/cypher/docs/cypher-docs/src/test/java/org/neo4j/cypher/example/JavaExecutionEngineDocTest.java","5","0","0","25","386","507","0"
"hazelcast","f295320580a557b2609ec22ae2abe788b0110bb3","hazelcast/src/test/java/com/hazelcast/osgi/TestBundle.java","5","0","0","29","158","212","0"
"hazelcast","3f46545bdca45f33e9257a896121007a1569235f","hazelcast/src/test/java/com/hazelcast/osgi/TestBundle.java","5","0","0","29","158","214","1"
"elasticsearch","82fa531ab4c1fb087d357ff15288c070d7393378","core/src/test/java/org/elasticsearch/index/query/QueryShardContextTests.java","5","0","0","3","104","137","0"
"hazelcast","22bb2013bb94f5178228794d5a173b1cf9dc38d7","hazelcast-wm/src/test/java/com/hazelcast/wm/test/AbstractWebFilterTest.java","5","0","0","3","105","142","2"
"elasticsearch","634ce90dc06f20888a4ff655985a6baccf25a7db","core/src/test/java/org/elasticsearch/index/query/QueryShardContextTests.java","5","0","0","3","106","139","1"
"hazelcast","d568e4d926d925d57d4e79e34614390416749301","hazelcast/src/test/java/com/hazelcast/collection/impl/queue/QueueSplitBrainTest.java","5","0","0","3","107","135","0"
"hazelcast","1f042b8c4a4245594691bb6d85a66ceed9b43068","hazelcast/src/test/java/com/hazelcast/collection/impl/queue/QueueSplitBrainTest.java","5","0","0","3","108","137","1"
"hazelcast","70d4de16ff0ac4518d09aad8c9f2ad9e782fb337","hazelcast/src/test/java/com/hazelcast/collection/impl/queue/QueueSplitBrainTest.java","5","0","0","3","108","137","2"
"hazelcast","eae5aabe2df5d86740f725387d4b9c32fb6d5495","hazelcast/src/test/java/com/hazelcast/collection/impl/queue/QueueSplitBrainTest.java","5","0","0","3","108","137","1"
"hazelcast","2921cff694583b8638dae2991f427e61d5440a9d","hazelcast/src/test/java/com/hazelcast/collection/impl/queue/QueueSplitBrainTest.java","5","0","0","3","108","137","0"
"hazelcast","584996c0c9a11facf995848e53a5a2ef79a3889a","hazelcast/src/test/java/com/hazelcast/collection/impl/queue/QueueSplitBrainTest.java","5","0","0","3","108","137","0"
"elasticsearch","c51ef0b2ca45878ea651341caa7e320a7c3ceb42","core/src/test/java/org/elasticsearch/action/search/TransportMultiSearchActionTests.java","5","0","0","3","109","152","0"
"hazelcast","21c679e8a1c8226ecb3d7597b48a6bbd2d011a52","hazelcast-wm/src/test/java/com/hazelcast/wm/test/AbstractWebFilterTest.java","5","0","0","3","115","155","2"
"neo4j","3fe88be02b9554002a3ef1cf59bcf770a2325690","community/neo4j/src/test/java/org/neo4j/index/LabelScanStoreLoggingTest.java","5","0","0","3","116","151","1"
"ceylon-ide-eclipse","3cb33660de43deb63a0b187966d5d9dd99672eba","plugins/com.redhat.ceylon.eclipse.ui/src/com/redhat/ceylon/eclipse/code/style/FormatterTabIndent.java","5","0","0","3","122","144","0"
"hazelcast","70d4de16ff0ac4518d09aad8c9f2ad9e782fb337","hazelcast/src/test/java/com/hazelcast/internal/eviction/EvictionPolicyEvaluatorTest.java","5","0","0","3","122","158","1"
"hazelcast","e58f0f4f33895ba7da1e84c33b4dffff9b110b12","hazelcast/src/test/java/com/hazelcast/cache/CacheDestroyTest.java","5","0","0","3","125","172","1"
"neo4j","9ad53e0ff16e419240de60871e1fa939ff1e79c0","community/import-tool/src/test/java/org/neo4j/tooling/ImportToolDocIT.java","5","0","0","3","126","163","1"
"elasticsearch","25fd9e26c4fb042d6f6dea14efcd239577bdbbc4","benchmarks/src/main/java/org/elasticsearch/benchmark/routing/allocation/AllocationBenchmark.java","5","0","0","3","126","169","0"
"elasticsearch","56cc87b7ccd41040d8fafcaf2da3680d96d10839","benchmarks/src/main/java/org/elasticsearch/benchmark/routing/allocation/AllocationBenchmark.java","5","0","0","3","126","169","0"
"elasticsearch","d3417fb02291f26964d77767020ef345d18c148f","benchmarks/src/main/java/org/elasticsearch/benchmark/routing/allocation/AllocationBenchmark.java","5","0","0","3","126","169","0"
"elasticsearch","4b94eb5cb8cc4294ed0e932a5f22c16bd90d4dd7","benchmarks/src/main/java/org/elasticsearch/benchmark/routing/allocation/AllocationBenchmark.java","5","0","0","3","126","169","2"
"elasticsearch","860efb2ad28db09189c8423e05d0dba53010259c","benchmarks/src/main/java/org/elasticsearch/benchmark/routing/allocation/AllocationBenchmark.java","5","0","0","3","126","169","2"
"hazelcast","397829b87d791d17704b673573e66817486256b4","hazelcast/src/test/java/com/hazelcast/cache/CacheCloseTest.java","5","0","0","3","129","161","1"
"hazelcast","36ca305d9eb6c519576aae53cb4110ffa2ce3857","hazelcast/src/test/java/com/hazelcast/cache/CacheDestroyTest.java","5","0","0","3","131","163","0"
"hazelcast","397829b87d791d17704b673573e66817486256b4","hazelcast/src/test/java/com/hazelcast/cache/CacheDestroyTest.java","5","0","0","3","131","164","1"
"neo4j","2fb8aea71a2d50c63f1407b9e975c5e8cbf325dc","enterprise/security/src/test/java/org/neo4j/server/security/enterprise/auth/integration/bolt/EnterpriseAuthenticationTestBase.java","5","0","0","3","193","275","1"
"neo4j","b070962e9b00726d50df951106225fa252b7efeb","enterprise/security/src/test/java/org/neo4j/server/security/enterprise/auth/integration/bolt/EnterpriseAuthenticationTestBase.java","5","0","0","3","223","315","0"
"hazelcast","a7ec759936b5ee731affea3d124296616924c2d4","hazelcast/src/main/java/com/hazelcast/scheduledexecutor/impl/operations/AbstractGetAllScheduledOperation.java","5","0","0","3","29","54","0"
"netty","2adebc4c54ae98565db8e2a3c02b2ffaa0c101fe","codec/src/main/java/io/netty/handler/codec/ByteToByteEncoder.java","5","0","0","3","30","52","1"
"netty","81e2db10faaf0389f4e1af8c7132210946203157","codec/src/main/java/io/netty/handler/codec/ByteToByteEncoder.java","5","0","0","3","31","53","0"
"junit","17a2f11783fa8e731fe49cf638d51c78468c8c25","src/main/java/org/junit/internal/runners/statements/ExpectException.java","5","0","0","3","32","36","1"
"elasticsearch","7ca2ef9b93fc9421e860453de50961e90398f6f4","src/test/java/org/elasticsearch/cluster/DiskUsageTests.java","5","0","0","3","35","61","2"
"elasticsearch","800d4624c8ed06bcc7c864513f4c698b61a0b0e9","src/test/java/org/elasticsearch/common/util/CollectionUtilsTests.java","5","0","0","3","36","65","0"
"hazelcast","490031a220076fe6cf002b209e986e2edbad57b9","hazelcast-client/src/main/java/com/hazelcast/client/util/ListenerUtil.java","5","0","0","3","46","72","1"
"neo4j","61dccb6b78bc1618da0ef9f1a70d7b524b945ab7","community/bolt/src/main/java/org/neo4j/bolt/v1/runtime/internal/CypherStatementRunner.java","5","0","0","3","46","73","1"
"elasticsearch","5a64f08f048461a63a0ca1354a5050c954e63d52","core/src/test/java/org/elasticsearch/cluster/metadata/AutoExpandReplicasTests.java","5","0","0","3","46","76","0"
"hazelcast","2e237d2c442305f51cdbea3740548e8bfb4401ac","hazelcast-cloud/src/main/java/com/hazelcast/cluster/impl/TcpIpJoinerOverAWS.java","5","0","0","3","47","73","0"
"hazelcast","dd4e704e34aa84246e65037fca5bc0cca4797bdf","hazelcast/src/main/java/com/hazelcast/nio/tcp/DefaultPacketReader.java","5","0","0","3","47","75","0"
"MapDB","b71e79ee91e9afca37167ebb60dc0b064612b7f8","src/test/java/org/mapdb/Issue419Test.java","5","0","0","3","48","71","0"
"orientdb","2767a54ee6308493e6a69b4b2951d8d2252bfd6b","core/src/test/java/com/orientechnologies/orient/core/db/document/DeepLinkedDocumentSaveTest.java","5","0","0","3","49","64","0"
"elasticsearch","1f04182b8164ffb19f3805c48d67f0375262b317","core/src/test/java/org/elasticsearch/monitor/os/OsProbeTests.java","5","0","0","3","51","85","0"
"hazelcast","aeb6fe8794e6c24833e291e79c6b66b4eea71280","hazelcast-cloud/src/main/java/com/hazelcast/aws/security/EC2RequestSigner.java","5","0","0","3","54","85","0"
"netty","aedd631dbbae6c1732fe0d800a9024a18e99dce7","codec/src/test/java/io/netty/handler/codec/LengthFieldBasedFrameDecoderTest.java","5","0","0","3","55","82","0"
"neo4j","7b0e07fbb3bf184b45efaef9c50974714d4508fb","community/common/src/main/java/org/neo4j/kernel/lifecycle/Lifecycles.java","5","0","0","3","56","86","0"
"orientdb","69dde5c3af532dfc8b7ec16104aef29d93001eca","graphdb/src/test/java/com/orientechnologies/orient/graph/sql/GraphIntersectLightweightEdges.java","5","0","0","3","57","107","0"
"mcMMO","c10525ada9ed2c0b77c518089a300e3b4e32e7c1","src/main/java/com/gmail/nossr50/runnables/database/UUIDUpdateAsyncTask.java","5","0","0","3","58","74","0"
"elasticsearch","2b3760f78b26817b5a2030aa27b1ddf2f17462f6","core/src/main/java/org/elasticsearch/rest/action/document/RestGetSourceAction.java","5","0","0","3","59","88","1"
"elasticsearch","5341404f014fbfd0c0b67c61546df38625d9b4ad","core/src/test/java/org/elasticsearch/indices/memory/IndexingMemoryControllerIT.java","5","0","0","3","60","100","0"
"elasticsearch","3e30fa2089d5454df717431f5d3d7397cf8b90e9","src/test/java/org/elasticsearch/action/support/IndicesOptionsTests.java","5","0","0","3","60","91","0"
"hazelcast","bfa50b94f7d17d96907faaedf3e4811680937685","hazelcast/src/test/java/com/hazelcast/internal/partition/AntiEntropyCleanupTest.java","5","0","0","3","61","75","0"
"mcMMO","93548317293e2c6c5195544b99d4ce7d900abea1","src/main/java/com/gmail/nossr50/commands/SkillCommand.java","5","0","0","3","61","86","3"
"hazelcast","6fb2fbb25468fff60b64d55f042b779955f7f1ac","hazelcast-wm/src/test/java/com/hazelcast/wm/test/spring/SpringAwareWebFilterTest.java","5","0","0","3","61","94","0"
"orientdb","e4742c7a063bb8324093282680cbb913151e1245","graphdb/src/test/java/com/orientechnologies/orient/graph/sql/GraphIntersectLightweightEdges.java","5","0","0","3","62","114","0"
"netty","d92bcff1b6c595e8fea888009b994044bd00793d","codec-http/src/test/java/io/netty/handler/codec/http/HttpContentCompressorTest.java","5","0","0","3","62","89","0"
"elasticsearch","d4536996432cf34de3c8e20908e7906637876858","src/test/java/org/elasticsearch/search/SearchWithRejectionsTests.java","5","0","0","3","63","91","0"
"elasticsearch","25fd9e26c4fb042d6f6dea14efcd239577bdbbc4","client/benchmark/src/main/java/org/elasticsearch/client/benchmark/BenchmarkRunner.java","5","0","0","3","63","94","0"
"hazelcast","39cd56204db3d9e9836da4068902f82749e2bfc7","hazelcast/src/test/java/com/hazelcast/cluster/impl/ClusterRollingRestartTest.java","5","0","0","3","64","97","0"
"elasticsearch","1764ec56b38ce87f516efdf93bb4ab56e9dd829b","core/src/main/java/org/elasticsearch/rest/action/document/RestGetAction.java","5","0","0","3","65","93","1"
"elasticsearch","9c3e4d6e228a16aa6660b77f80797999a8ee629f","core/src/test/java/org/elasticsearch/rest/action/RestMainActionTests.java","5","0","0","3","67","103","0"
"hazelcast","c9d117501d9d7e1014b9006bc4b711baa42e0c57","hazelcast/src/main/java/com/hazelcast/client/impl/protocol/task/dynamicconfig/AddCacheConfigMessageTask.java","5","0","0","3","67","92","1"
"netty","073ec8d10a5d05f2a1bf12857c4fcf9fc19bbcc1","codec-http/src/test/java/io/netty/handler/codec/http/HttpContentCompressorTest.java","5","0","0","3","67","95","0"
"elasticsearch","03c02143dd52f03ad0f15f064a999119b3066919","src/main/java/org/elasticsearch/rest/action/termvector/RestMultiTermVectorsAction.java","5","0","0","3","67","96","5"
"elasticsearch","d621ab9958aa3fd313f2a5e03ad89a8268b33f6f","src/main/java/org/elasticsearch/rest/action/termvector/RestMultiTermVectorsAction.java","5","0","0","3","68","97","0"
"elasticsearch","17ad88d539ded5a935fc7c37e13a565a3b4a697c","core/src/test/java/org/elasticsearch/rest/action/RestMainActionTests.java","5","0","0","3","69","103","0"
"elasticsearch","cdfa87827ac79d02abe2060af30d81806630e6c0","src/main/java/org/elasticsearch/rest/action/admin/indices/settings/RestGetSettingsAction.java","5","0","0","3","69","105","1"
"hazelcast","fea40322d0c618ef203977987e1a28ef55721b77","hazelcast/src/main/java/com/hazelcast/client/impl/protocol/task/dynamicconfig/AddCacheConfigMessageTask.java","5","0","0","3","70","95","0"
"hazelcast","75d32d68cf130e7d43dfe361a34ebc3c74e61e3b","hazelcast/src/main/java/com/hazelcast/concurrent/lock/LockEvictionProcessor.java","5","0","0","3","71","99","2"
"netty","516e4933c4044d6da3b66aebee567c7dc8712c9d","handler/src/test/java/io/netty/handler/ssl/SniHandlerTest.java","5","0","0","3","73","127","1"
"hazelcast","091a3e744a05d09fcec773e575a884646d7693a0","hazelcast/src/main/java/com/hazelcast/concurrent/lock/LockEvictionProcessor.java","5","0","0","3","75","104","0"
"hazelcast","2bc0eb541f31f2bceca8883a717789881221fc2f","hazelcast/src/main/java/com/hazelcast/concurrent/lock/LockEvictionProcessor.java","5","0","0","3","75","104","0"
"hazelcast","a453ed2233f97f26407e92b9e64ae987070c2bb6","hazelcast/src/main/java/com/hazelcast/concurrent/lock/LockEvictionProcessor.java","5","0","0","3","75","104","0"
"hazelcast","4c7c26ceafc59475a4eaebbdd14d291ad6124511","hazelcast/src/main/java/com/hazelcast/concurrent/lock/LockEvictionProcessor.java","5","0","0","3","75","104","1"
"elasticsearch","5b8b15e729d022ac816098c40f401ba25ce7e2e0","core/src/test/java/org/elasticsearch/transport/netty/NettyTransportMultiPortIntegrationIT.java","5","0","0","3","75","106","0"
"elasticsearch","046abdc281c321cd2128ee7684c0edfcaca07203","core/src/main/java/org/elasticsearch/search/aggregations/bucket/histogram/AbstractHistogramAggregatorFactory.java","5","0","0","3","75","114","3"
"hazelcast","f4c4f6884c633287e7632d62481e06c9f0b762f5","hazelcast/src/test/java/com/hazelcast/internal/partition/SlowMigrationCorrectnessTest.java","5","0","0","3","76","106","1"
"elasticsearch","108ba2307360463c21a932fdaca75f0559b2b75a","core/src/main/java/org/elasticsearch/search/aggregations/bucket/histogram/AbstractHistogramAggregatorFactory.java","5","0","0","3","76","115","1"
"hazelcast","99fae76bc99e0074096750e1ee87859299d4cd8f","hazelcast/src/test/java/com/hazelcast/internal/partition/SlowMigrationCorrectnessTest.java","5","0","0","3","77","108","0"
"hazelcast","b060aaf42a3aed50616442f3bfafb9b58195b688","hazelcast/src/test/java/com/hazelcast/collection/list/ListListenerTest.java","5","0","0","3","77","109","0"
"elasticsearch","51d53791fe71c9cb62bc992588a57cdfb500383f","core/src/main/java/org/elasticsearch/rest/action/admin/indices/RestValidateQueryAction.java","5","0","0","3","80","148","0"
"hazelcast","8e9847dc69afe328731c5c790e444e18153a388a","hazelcast/src/test/java/com/hazelcast/cardinality/CardinalityEstimatorAdvancedTest.java","5","0","0","3","82","92","1"
"netty","2adebc4c54ae98565db8e2a3c02b2ffaa0c101fe","transport/src/main/java/io/netty/channel/ChannelOption.java","5","0","0","3","85","115","1"
"elasticsearch","13a347239a48d71486692a72c066e940dec8921b","plugins/cloud-azure/src/test/java/org/elasticsearch/repositories/azure/AzureSnapshotRestoreTest.java","5","0","0","3","85","122","2"
"neo4j","562320c0be4006685ed6f086c12ef4e1f1964f3c","community/lucene-index/src/main/java/org/neo4j/kernel/api/impl/index/DirectorySupport.java","5","0","0","3","86","122","0"
"netty","81e2db10faaf0389f4e1af8c7132210946203157","transport/src/main/java/io/netty/channel/ChannelOption.java","5","0","0","3","87","117","0"
"neo4j","e7b3407f3dfe22e4029042512fbf88c2d60aa94d","enterprise/ha/src/test/java/org/neo4j/ha/correctness/Prover.java","5","0","0","3","89","128","1"
"neo4j","035903e9ebdada5ea1269b223a6b5ee102763a1d","enterprise/causal-clustering/src/main/java/org/neo4j/causalclustering/catchup/tx/TransactionLogCatchUpWriter.java","5","0","0","3","90","134","0"
"neo4j","f0b03e0d48342f7b76608313e94292a530d373e0","enterprise/causal-clustering/src/main/java/org/neo4j/causalclustering/catchup/tx/TransactionLogCatchUpWriter.java","5","0","0","3","90","134","0"
"neo4j","c78d5b9a732e8512a6136e4194de35dbffdeaca6","enterprise/causal-clustering/src/main/java/org/neo4j/causalclustering/catchup/tx/TransactionLogCatchUpWriter.java","5","0","0","3","90","134","1"
"netty","085a61a310187052e32b4a0e7ae9700dbe926848","transport/src/test/java/io/netty/bootstrap/BootstrapTest.java","5","0","0","3","94","133","1"
"netty","23d017849429c18e1890b0a5799e5262df4f269f","transport/src/test/java/io/netty/bootstrap/BootstrapTest.java","5","0","0","3","95","135","0"
"netty","8fb80e91796e8567aca5e2b8244f853f8631217b","transport/src/test/java/io/netty/bootstrap/BootstrapTest.java","5","0","0","3","95","135","0"
"netty","9128d4f16a8ccb102bbf863b88e6be8e5574333d","transport/src/test/java/io/netty/bootstrap/BootstrapTest.java","5","0","0","3","95","135","1"
"neo4j","a2206e2451ffe226128a69a43f7f1f59409a0217","enterprise/ha/src/test/java/org/neo4j/ha/correctness/Prover.java","5","0","0","3","99","139","0"
"hazelcast","9b16a431b9e74872daad6c61a85f58e0d0607e3b","hazelcast/src/test/java/com/hazelcast/internal/ascii/HTTPCommunicator.java","5","0","0","30","204","266","0"
"hazelcast","96d2da68ad978e12b54a44bff7c351ada8a01ea7","hazelcast/src/test/java/com/hazelcast/scheduledexecutor/ScheduledExecutorServiceBasicTest.java","5","0","0","34","552","754","0"
"hazelcast","5da39756a924fc9e2ed46c61fcadede40bb5efc7","hazelcast-client/src/main/java/com/hazelcast/client/SemaphoreClientProxy.java","5","0","0","35","136","193","0"
"hazelcast","602047876a37ee652e66998ed446e96e7160e3ed","hazelcast-client/src/test/java/com/hazelcast/client/map/impl/nearcache/NearCacheStatsStressTest.java","5","0","0","4","100","139","0"
"hazelcast","0226f1fccc3bf3ff10336b2dc656b76e22afb59b","hazelcast/src/test/java/com/hazelcast/spi/impl/operationexecutor/slowoperationdetector/SlowOperationDetector_EntryProcessorTest.java","5","0","0","4","105","148","1"
"hazelcast","2921cff694583b8638dae2991f427e61d5440a9d","hazelcast/src/test/java/com/hazelcast/nio/tcp/nonblocking/iobalancer/IOBalancerMemoryLeakTest.java","5","0","0","4","106","134","0"
"hazelcast","584996c0c9a11facf995848e53a5a2ef79a3889a","hazelcast/src/test/java/com/hazelcast/nio/tcp/nonblocking/iobalancer/IOBalancerMemoryLeakTest.java","5","0","0","4","106","134","0"
"hazelcast","eae5aabe2df5d86740f725387d4b9c32fb6d5495","hazelcast/src/test/java/com/hazelcast/nio/tcp/nonblocking/iobalancer/IOBalancerMemoryLeakTest.java","5","0","0","4","106","134","1"
"hazelcast","3f34f9a7925344ddf70b22f1eb736b0a8f28b260","hazelcast/src/test/java/com/hazelcast/nio/tcp/nonblocking/iobalancer/IOBalancerMemoryLeakTest.java","5","0","0","4","106","136","1"
"hazelcast","1f042b8c4a4245594691bb6d85a66ceed9b43068","hazelcast/src/test/java/com/hazelcast/nio/tcp/nonblocking/iobalancer/IOBalancerMemoryLeakTest.java","5","0","0","4","106","137","1"
"neo4j","1b3aad3b619bd72c2c9f79bb7edf642c5dc56a6f","enterprise/security/src/main/java/org/neo4j/server/security/enterprise/auth/AuthProceduresBase.java","5","0","0","4","107","151","1"
"netty","4638df20628a8987c8709f0f8e5f3679a914ce1a","transport/src/test/java/io/netty/bootstrap/ServerBootstrapTest.java","5","0","0","4","110","141","0"
"hazelcast","7c4a8c104eaf323c86133fbb1620bd1f9f23ab71","hazelcast/src/main/java/com/hazelcast/client/impl/protocol/task/map/MapAddNearCacheEntryListenerMessageTask.java","5","0","0","4","111","164","1"
"neo4j","b070962e9b00726d50df951106225fa252b7efeb","enterprise/security/src/main/java/org/neo4j/server/security/enterprise/auth/AuthProceduresBase.java","5","0","0","4","124","169","0"
"neo4j","c53aab6d4de8c83eda42c64474ec13aa7ecb25f3","enterprise/security/src/main/java/org/neo4j/server/security/enterprise/auth/AuthProceduresBase.java","5","0","0","4","125","170","1"
"hazelcast","70d4de16ff0ac4518d09aad8c9f2ad9e782fb337","hazelcast/src/test/java/com/hazelcast/collection/impl/list/ListSplitBrainTest.java","5","0","0","4","126","162","2"
"hazelcast","2921cff694583b8638dae2991f427e61d5440a9d","hazelcast/src/test/java/com/hazelcast/collection/impl/list/ListSplitBrainTest.java","5","0","0","4","126","163","0"
"hazelcast","584996c0c9a11facf995848e53a5a2ef79a3889a","hazelcast/src/test/java/com/hazelcast/collection/impl/list/ListSplitBrainTest.java","5","0","0","4","126","163","0"
"hazelcast","d568e4d926d925d57d4e79e34614390416749301","hazelcast/src/test/java/com/hazelcast/collection/impl/list/ListSplitBrainTest.java","5","0","0","4","126","163","0"
"hazelcast","1f042b8c4a4245594691bb6d85a66ceed9b43068","hazelcast/src/test/java/com/hazelcast/collection/impl/list/ListSplitBrainTest.java","5","0","0","4","126","163","1"
"hazelcast","eae5aabe2df5d86740f725387d4b9c32fb6d5495","hazelcast/src/test/java/com/hazelcast/collection/impl/list/ListSplitBrainTest.java","5","0","0","4","126","163","1"
"neo4j","990fe648c6b49f319a515dd6b0757553c483ab11","enterprise/ha/src/main/java/org/neo4j/kernel/ha/com/slave/MasterClientResolver.java","5","0","0","4","137","177","0"
"neo4j","cc0ba94bf17cf529234b73be115bf369e7de0c55","enterprise/ha/src/main/java/org/neo4j/kernel/ha/com/slave/MasterClientResolver.java","5","0","0","4","140","180","0"
"netty","f05510063ecf567f0b7a1ad598c917c1feb047a7","transport/src/test/java/io/netty/bootstrap/BootstrapTest.java","5","0","0","4","144","187","2"
"neo4j","3531ccd0c175975b3e1372e68128f4404561f202","community/neo4j/src/test/java/org/neo4j/index/IndexFailureOnStartupTest.java","5","0","0","4","155","204","0"
"neo4j","562320c0be4006685ed6f086c12ef4e1f1964f3c","community/neo4j/src/test/java/org/neo4j/index/IndexFailureOnStartupTest.java","5","0","0","4","159","208","0"
"elasticsearch","fe0c68ec8f39fe36c78ffc701dc93ec26551eb83","core/src/test/java/org/elasticsearch/cluster/routing/allocation/decider/FilterAllocationDeciderTests.java","5","0","0","4","161","207","0"
"neo4j","c137a8826e3d36dd2694160f64451e1baf3c16c2","community/neo4j/src/test/java/org/neo4j/index/backup/IndexBackupIT.java","5","0","0","4","196","253","0"
"neo4j","886dbb454deaae6adcb4ff26e76f6e225eedca55","enterprise/core-edge/src/main/java/org/neo4j/coreedge/raft/log/LogPosition.java","5","0","0","4","28","53","0"
"hazelcast","42292bb00b2d462ca37103ea2d32b9e94fd02046","hazelcast-hibernate/src/main/java/com/hazelcast/hibernate/HazelcastTimestamper.java","5","0","0","4","32","56","0"
"hazelcast","bb3ea0e107980d769862cdbda748cc91529d67b5","hazelcast/src/main/java/com/hazelcast/transaction/impl/TransactionalObjectKey.java","5","0","0","4","32","57","0"
"orientdb","af83d394d604c2287c703c4a01b53479bede595a","core/src/main/java/com/orientechnologies/orient/core/sql/parser/OFindReferencesStatement.java","5","0","0","4","36","49","0"
"hazelcast","47b48594cce33ec1cec54b6fa89af2acf2da2fed","hazelcast/src/main/java/com/hazelcast/cluster/impl/operations/MemberRemoveOperation.java","5","0","0","4","37","63","1"
"hazelcast","2b9bb4fc17af10b2e6c19753155c0c0aeff8ce05","hazelcast/src/main/java/com/hazelcast/client/impl/protocol/parameters/AddressCodec.java","5","0","0","4","40","64","0"
"hazelcast","fb6700346872da3eac002c3d2157b9a7da728fa2","hazelcast/src/main/java/com/hazelcast/map/impl/record/DataRecordFactory.java","5","0","0","4","41","66","0"
"elasticsearch","13a347239a48d71486692a72c066e940dec8921b","core/src/test/java/org/elasticsearch/index/analysis/AnalyzerBackwardsCompatTests.java","5","0","0","4","41","68","2"
"hazelcast","2b1ac3a1e5f6e8de60a0e99a7330280a59e76a8a","hazelcast/src/main/java/com/hazelcast/client/impl/protocol/parameters/MemberAttributeChangeCodec.java","5","0","0","4","43","68","0"
"hazelcast","2b9bb4fc17af10b2e6c19753155c0c0aeff8ce05","hazelcast/src/main/java/com/hazelcast/client/impl/protocol/parameters/MemberAttributeChangeCodec.java","5","0","0","4","43","68","0"
"hazelcast","4c1b1b779a2a777ec65393b7af9a0dc4e31d82f5","hazelcast/src/main/java/com/hazelcast/client/impl/protocol/parameters/MemberAttributeChangeCodec.java","5","0","0","4","43","68","0"
"hazelcast","e4f7959a373b0263506a00fa6941d0020407e6fd","hazelcast/src/main/java/com/hazelcast/client/impl/protocol/parameters/MemberAttributeChangeCodec.java","5","0","0","4","43","68","1"
"hazelcast","97c4085030f8acefbabfd0d7bf7f0e1c0df54bfd","hazelcast/src/main/java/com/hazelcast/client/impl/protocol/parameters/MemberAttributeChangeCodec.java","5","0","0","4","43","69","0"
"junit","25495b3e91e346121e3292e8e01a3cc085b644f3","src/main/java/org/junit/internal/requests/ClassRequest.java","5","0","0","4","45","65","0"
"hazelcast","08e659f992761d79cd0342e77ce17ddb62e33295","hazelcast/src/main/java/com/hazelcast/client/impl/protocol/codec/MemberAttributeChangeCodec.java","5","0","0","4","45","71","1"
"hazelcast","2530c0266c1bcb0f1ed5e5c0e0834db046c60fa8","hazelcast/src/main/java/com/hazelcast/executor/ExecutorPortableHook.java","5","0","0","4","46","71","2"
"BroadleafCommerce","9b556e9914c84a41ae10f07813ea46a5d2023f27","common/src/main/java/org/broadleafcommerce/common/web/util/RepeatSubmitProtectionFilter.java","5","0","0","4","50","80","0"
"elasticsearch","2b3760f78b26817b5a2030aa27b1ddf2f17462f6","core/src/main/java/org/elasticsearch/rest/action/admin/cluster/RestClusterHealthAction.java","5","0","0","4","55","84","1"
"hazelcast","5009d4a90be3c901942a0a89cf29a92c074231f1","hazelcast/src/main/java/com/hazelcast/collection/impl/txnset/TransactionalSetProxy.java","5","0","0","4","56","83","0"
"BroadleafCommerce","ef66b29904681bd4ec0fd078d0bb34a61ddb7d20","core/broadleaf-profile/src/main/java/org/broadleafcommerce/profile/core/service/UserDetailsServiceImpl.java","5","0","0","4","56","88","0"
"hazelcast","0287d390022e68e3c252acac8db8e0dfc15ecbea","hazelcast/src/main/java/com/hazelcast/collection/impl/txnset/TransactionalSetProxy.java","5","0","0","4","59","85","1"
"elasticsearch","41d8fbe8f51abd499c9b497238bc5f2141b7926b","core/src/test/java/org/elasticsearch/discovery/ZenUnicastDiscoveryIT.java","5","0","0","4","60","102","1"
"hazelcast","5f5b80ddd0b8f51525764ffdda9ecc7b0bdf18b5","hazelcast-client/src/test/java/com/hazelcast/client/queue/ClientQueueDisruptionTest.java","5","0","0","4","60","78","2"
"hazelcast","71ef25dfae46f9117c03c070e06845067a2d31d4","hazelcast-client/src/test/java/com/hazelcast/client/queue/ClientQueueDisruptionTest.java","5","0","0","4","60","78","2"
"hazelcast","cc15fd4704866dd9befcf6c709073174985d494e","hazelcast-client/src/test/java/com/hazelcast/client/queue/ClientQueueDisruptionTest.java","5","0","0","4","60","78","1"
"hazelcast","998cca82220175171f60cd096ee26f600eabd8dc","hazelcast-client/src/test/java/com/hazelcast/client/queue/ClientQueueDisruptionTest.java","5","0","0","4","60","78","0"
"neo4j","fa816e9779bf1c0283c3c6f59e34d454940631cb","enterprise/causal-clustering/src/test/java/org/neo4j/causalclustering/core/consensus/log/segmented/InFlightLogEntriesCacheTest.java","5","0","0","4","60","92","1"
"elasticsearch","164efaecbe42195f08ada58b5fde927ab21fc6e7","core/src/test/java/org/elasticsearch/discovery/ZenUnicastDiscoveryIT.java","5","0","0","4","61","103","0"
"hazelcast","0cd4bb6392267a1761257eb39b69c734d59f536d","hazelcast/src/main/java/com/hazelcast/concurrent/lock/LockStoreContainer.java","5","0","0","4","61","90","1"
"hazelcast","51678a21f014f83d682756ed6b48fa7cafc01d1c","hazelcast/src/main/java/com/hazelcast/concurrent/lock/LockStoreContainer.java","5","0","0","4","61","90","2"
"hazelcast","564167c1f93b32ce742411106e9ae67eae88a801","hazelcast/src/main/java/com/hazelcast/concurrent/lock/LockStoreContainer.java","5","0","0","4","61","90","3"
"hazelcast","cccd37bfe1464899cef6f7928e301f9c2d6abaa1","hazelcast/src/main/java/com/hazelcast/concurrent/lock/LockStoreContainer.java","5","0","0","4","61","90","1"
"hazelcast","d477d322834b56ab92e59f02588fca9439f00d6d","hazelcast/src/main/java/com/hazelcast/concurrent/lock/LockStoreContainer.java","5","0","0","4","61","90","2"
"hazelcast","bf7881205f592d3fb770f17c0b69cfcf68494165","hazelcast/src/main/java/com/hazelcast/concurrent/lock/LockStoreContainer.java","5","0","0","4","61","90","0"
"hazelcast","a43f8ee8ca77bddba7a0b7c0a5422bc2ee7b1788","hazelcast/src/main/java/com/hazelcast/internal/ascii/memcache/BulkGetCommandProcessor.java","5","0","0","4","61","91","0"
"elasticsearch","51d53791fe71c9cb62bc992588a57cdfb500383f","core/src/main/java/org/elasticsearch/rest/action/admin/cluster/RestClusterHealthAction.java","5","0","0","4","61","93","0"
"orientdb","e8a50f5feaa01b99a4fbf4f558dd0b6c8f16d3b6","core/src/test/java/com/orientechnologies/orient/core/sql/parser/OInsertStatementTest.java","5","0","0","4","62","82","1"
"elasticsearch","a1af77882c476604c212e1996f873ce97e7716fe","core/src/test/java/org/elasticsearch/cluster/block/ClusterBlockTests.java","5","0","0","4","63","96","0"
"hazelcast","474965e6f925df9d4924095c2ffad42fd0067dfc","hazelcast/src/main/java/com/hazelcast/spi/discovery/multicast/impl/MulticastDiscoverySender.java","5","0","0","4","64","90","1"
"hazelcast","e1b69c53ca4923affcd7722f012a80e32517e988","hazelcast/src/test/java/com/hazelcast/internal/partition/AntiEntropyCorrectnessTest.java","5","0","0","4","64","93","0"
"hazelcast","3f46545bdca45f33e9257a896121007a1569235f","hazelcast/src/test/java/com/hazelcast/osgi/HazelcastOSGiIntegrationTest.java","5","0","0","4","70","101","1"
"hazelcast","7c4a8c104eaf323c86133fbb1620bd1f9f23ab71","hazelcast/src/test/java/com/hazelcast/osgi/HazelcastOSGiIntegrationTest.java","5","0","0","4","70","85","0"
"hazelcast","cdb8b0e0e259c0992856d553f2aa04499043c84d","hazelcast/src/test/java/com/hazelcast/topic/impl/reliable/LossToleranceTest.java","5","0","0","4","73","90","0"
"hazelcast","a15ce2b6103439db4706d551d3da12e95328e8f5","hazelcast/src/main/java/com/hazelcast/concurrent/lock/LockStoreContainer.java","5","0","0","4","76","107","0"
"neo4j","a04647bfc5aa68f9ae564e6c4930330c71aa5d40","enterprise/causal-clustering/src/main/java/org/neo4j/causalclustering/catchup/storecopy/CopiedStoreRecovery.java","5","0","0","4","76","108","0"
"neo4j","af12857999c8500e8c7a7d511f136aa2c62d0fff","enterprise/causal-clustering/src/main/java/org/neo4j/causalclustering/catchup/storecopy/CopiedStoreRecovery.java","5","0","0","4","76","108","0"
"neo4j","8e3862547ce0063732b2113b4af8f775432c7a62","enterprise/causal-clustering/src/main/java/org/neo4j/causalclustering/catchup/storecopy/CopiedStoreRecovery.java","5","0","0","4","76","108","1"
"hazelcast","8d373b62327a5c012a5b8f2bad456311df03bf61","hazelcast/src/main/java/com/hazelcast/concurrent/lock/LockStoreContainer.java","5","0","0","4","77","108","1"
"hazelcast","d8a2f9201202c98698c5f5e6f4fe8c38801a44e7","hazelcast/src/main/java/com/hazelcast/concurrent/lock/LockStoreContainer.java","5","0","0","4","77","108","1"
"hazelcast","e641541f77808713a214b6d1b4ef4d58497824f1","hazelcast/src/main/java/com/hazelcast/concurrent/lock/LockStoreContainer.java","5","0","0","4","77","108","0"
"hazelcast","ca54b5e9e38f231e3520143d007a3e1ca227e8cf","hazelcast-client/src/test/java/com/hazelcast/client/map/impl/nearcache/invalidation/ClientMapReconciliationTest.java","5","0","0","4","77","116","0"
"hazelcast","485f426abc042144ebf9fd213e724556ad967191","hazelcast/src/main/java/com/hazelcast/concurrent/lock/LockStoreContainer.java","5","0","0","4","78","109","1"
"hazelcast","317fabec0c90b274c686ba018cc1b465fee244f2","hazelcast-client-new/src/test/java/com/hazelcast/client/queue/ClientQueueDisruptionTest.java","5","0","0","4","84","106","0"
"hazelcast","b777381e2f8cfc3d8bcde3a87c5cc9993e31d4a2","hazelcast-client-new/src/test/java/com/hazelcast/client/queue/ClientQueueDisruptionTest.java","5","0","0","4","86","108","1"
"hazelcast","f3a43421815bb817a8e2967710f7f6063533f7cc","hazelcast-client-new/src/test/java/com/hazelcast/client/mapreduce/ClientListSetMapReduceTest.java","5","0","0","4","86","128","0"
"hazelcast","d3e09e369981a387ee9d6890e981c80104bd5ab7","hazelcast/src/test/java/com/hazelcast/concurrent/idgen/IdGeneratorStressTest.java","5","0","0","4","87","108","1"
"hazelcast","9dfbd933bfda3fa1cf525b0b7b9764e0ea5b1cf0","hazelcast/src/test/java/com/hazelcast/concurrent/idgen/IdGeneratorStressTest.java","5","0","0","4","87","109","0"
"hazelcast","37da3959df4151b304b211df87a6b900c0169cc5","hazelcast/src/test/java/com/hazelcast/spi/impl/operationexecutor/slowoperationdetector/SlowOperationDetector_EntryProcessorTest.java","5","0","0","4","89","128","0"
"hazelcast","264ea092a185417c64290cfb1f3a09c613639300","hazelcast/src/main/java/com/hazelcast/concurrent/lock/LockStoreContainer.java","5","0","0","4","93","125","0"
"hazelcast","ca54b5e9e38f231e3520143d007a3e1ca227e8cf","hazelcast-client/src/test/java/com/hazelcast/client/cache/impl/nearcache/invalidation/ClientCacheReconciliationTest.java","5","0","0","4","94","138","0"
"hazelcast","d75a78c86ee1025480b81229eb8d920585b801c1","hazelcast/src/test/java/com/hazelcast/spi/impl/operationexecutor/slowoperationdetector/SlowOperationDetector_EntryProcessorTest.java","5","0","0","4","95","136","0"
"netty","7049d8debb74c05a542233f5b28b1655b07da306","codec-http/src/main/java/io/netty/handler/codec/spdy/DefaultSpdyHeaders.java","5","0","0","42","239","305","0"
"netty","ba6ce5449ee852b782dde9a11933f6a09b123e22","codec-http2/src/main/java/io/netty/handler/codec/http2/DefaultHttp2Headers.java","5","0","0","46","256","323","0"
"elasticsearch","d5d0f140d6a362a3b069dd55597506f91c97805e","core/src/test/java/org/elasticsearch/search/aggregations/bucket/filter/FilterAggregatorTests.java","5","0","0","5","101","132","0"
"hazelcast","d48d733393f79701b68aa10ab1324e175103c5c0","hazelcast/src/test/java/com/hazelcast/nio/tcp/TcpIpConnection_AbstractTest.java","5","0","0","5","102","132","1"
"elasticsearch","119d198cc5d7e3111f3fc66d712341cdbb3d80aa","core/src/test/java/org/elasticsearch/search/fetch/subphase/FetchSourceSubPhaseTests.java","5","0","0","5","107","150","0"
"elasticsearch","2a1ed8026265878741f67d501f7b1a806c99cea6","core/src/test/java/org/elasticsearch/search/fetch/subphase/FetchSourceSubPhaseTests.java","5","0","0","5","107","150","0"
"elasticsearch","2f8def11b5109eb80b47422a200bf7b7e07c8467","core/src/test/java/org/elasticsearch/search/fetch/subphase/FetchSourceSubPhaseTests.java","5","0","0","5","107","150","2"
"hazelcast","8d05ff1e6f630192c635d5a4c55321082c92dc59","hazelcast-client/src/test/java/com/hazelcast/client/txn/ClientTxnTest.java","5","0","0","5","113","152","3"
"hazelcast","cdb8b0e0e259c0992856d553f2aa04499043c84d","hazelcast/src/test/java/com/hazelcast/nio/tcp/TcpIpConnection_AbstractTest.java","5","0","0","5","114","146","0"
"hazelcast","f36f2702f34f722282e579e830679f8d06f0aad0","hazelcast/src/test/java/com/hazelcast/nio/tcp/TcpIpConnection_AbstractTest.java","5","0","0","5","114","146","0"
"hazelcast","810540661cf0b9662e3e1bc9b5dabc53a3c052f1","hazelcast/src/test/java/com/hazelcast/nio/tcp/TcpIpConnection_AbstractTest.java","5","0","0","5","114","146","1"
"hazelcast","37bef20acb9bc29031959dd740bd45b66e4c077e","hazelcast-client-new/src/test/java/com/hazelcast/client/txn/ClientTxnTest.java","5","0","0","5","114","153","0"
"hazelcast","820f4b2d5e993cbc48c7f14e06f7588591085461","hazelcast-client-new/src/test/java/com/hazelcast/client/txn/ClientTxnTest.java","5","0","0","5","115","154","1"
"elasticsearch","046abdc281c321cd2128ee7684c0edfcaca07203","core/src/test/java/org/elasticsearch/search/aggregations/pipeline/CumulativeSumIT.java","5","0","0","5","122","168","3"
"elasticsearch","22e63b478306fb3cab6ba8967db6e1f2b73cdfd8","core/src/test/java/org/elasticsearch/search/aggregations/pipeline/CumulativeSumIT.java","5","0","0","5","122","168","2"
"elasticsearch","a0818d3b876216c7882b3f6b14c613173409c06c","core/src/test/java/org/elasticsearch/search/aggregations/pipeline/CumulativeSumIT.java","5","0","0","5","122","168","2"
"elasticsearch","e74d02138f02a66331b2611b5e70a908bb49cb97","core/src/test/java/org/elasticsearch/search/aggregations/pipeline/CumulativeSumIT.java","5","0","0","5","122","168","0"
"elasticsearch","db541d6fbe3daecec91bb7701aacfcd284662c2a","core/src/test/java/org/elasticsearch/search/aggregations/pipeline/CumulativeSumIT.java","5","0","0","5","125","171","1"
"hazelcast","b1f86ebb558d143eea1e626a8212bfec73bd0605","hazelcast-client/src/test/java/com/hazelcast/client/map/impl/nearcache/ClientMapNearCachePreloaderTest.java","5","0","0","5","131","174","1"
"netty","02e7e53cbb845e7b7ce0a377cba59ca3a7d09d2b","transport/src/test/java/io/netty/channel/PendingWriteQueueTest.java","5","0","0","5","133","171","0"
"hazelcast","0880710f355f33d03b8d928ec9d22a0ff4f1ca52","hazelcast-client/src/test/java/com/hazelcast/client/map/impl/nearcache/ClientMapNearCachePreloaderTest.java","5","0","0","5","135","164","2"
"elasticsearch","0cf1d16187fcf10e9d0e64402bb6d0ebba5d7b80","core/src/test/java/org/elasticsearch/index/query/NestedQueryBuilderTests.java","5","0","0","5","139","179","1"
"hazelcast","92886bbcab41a65100440aa458dbbf17561aa3a0","hazelcast-client/src/test/java/com/hazelcast/client/map/impl/nearcache/ClientMapNearCachePreloaderTest.java","5","0","0","5","142","177","2"
"hazelcast","bb1d17f0994af412631b960bc0c96c29a565b0d7","hazelcast-client/src/test/java/com/hazelcast/client/map/impl/nearcache/ClientMapNearCachePreloaderTest.java","5","0","0","5","143","188","0"
"elasticsearch","2f8def11b5109eb80b47422a200bf7b7e07c8467","core/src/test/java/org/elasticsearch/index/query/SimpleQueryParserTests.java","5","0","0","5","164","209","3"
"elasticsearch","c97833596869141f747110d0046dd9de325a7f3c","core/src/test/java/org/elasticsearch/discovery/ZenFaultDetectionTests.java","5","0","0","5","164","217","1"
"neo4j","aac20ad73b1ea3e5d85a1071229273904086dd7c","enterprise/backup/src/test/java/org/neo4j/backup/IncrementalBackupTests.java","5","0","0","5","164","237","0"
"elasticsearch","5a91ad11152fb54724083b696339b78829c8b905","core/src/test/java/org/elasticsearch/discovery/ZenFaultDetectionTests.java","5","0","0","5","165","218","0"
"elasticsearch","598854dd72d7fb01a7e26a9dad065de3deaa5eb7","src/test/java/org/elasticsearch/discovery/ZenFaultDetectionTests.java","5","0","0","5","166","219","0"
"netty","81e5f1ad4665d3591b512dc3b6392eb547baeb65","transport/src/test/java/io/netty/bootstrap/BootstrapTest.java","5","0","0","5","168","212","2"
"netty","246b65c6b6b978ad858a5ee31a7ca0e328668578","transport/src/test/java/io/netty/bootstrap/BootstrapTest.java","5","0","0","5","191","240","1"
"elasticsearch","d746e14cf3f6d9b25a2c6018eedca249555cf44b","src/test/java/org/elasticsearch/indices/settings/UpdateNumberOfReplicasTests.java","5","0","0","5","202","267","1"
"elasticsearch","046abdc281c321cd2128ee7684c0edfcaca07203","core/src/test/java/org/elasticsearch/search/SearchModuleTests.java","5","0","0","5","208","246","2"
"elasticsearch","22e63b478306fb3cab6ba8967db6e1f2b73cdfd8","core/src/test/java/org/elasticsearch/search/SearchModuleTests.java","5","0","0","5","208","246","1"
"elasticsearch","e74d02138f02a66331b2611b5e70a908bb49cb97","core/src/test/java/org/elasticsearch/search/SearchModuleTests.java","5","0","0","5","208","246","0"
"elasticsearch","23f0bf6b68d09e38419158f3ae4cff5eef8d7bcc","core/src/test/java/org/elasticsearch/monitor/fs/FsProbeTests.java","5","0","0","5","216","277","1"
"elasticsearch","b23adb6d153b94517545dbb8a11aa063f7abe7d3","core/src/test/java/org/elasticsearch/monitor/fs/FsProbeTests.java","5","0","0","5","254","317","1"
"elasticsearch","23fb36cc879f17908445c8bd1415c2a4611c12ca","core/src/test/java/org/elasticsearch/monitor/fs/FsProbeTests.java","5","0","0","5","256","319","0"
"elasticsearch","51c74ce5476ed4d8b0f2ed3469fee955ff1e5fd1","modules/lang-mustache/src/main/java/org/elasticsearch/script/mustache/MultiSearchTemplateRequestBuilder.java","5","0","0","5","33","62","1"
"orientdb","a2eaf6636bb600c7e6d311b0bb7d112bbaafb4a0","etl/src/main/java/com/orientechnologies/orient/etl/transformer/OETLFlowTransformer.java","5","0","0","5","34","60","0"
"orientdb","a2eaf6636bb600c7e6d311b0bb7d112bbaafb4a0","etl/src/main/java/com/orientechnologies/orient/etl/block/OETLLetBlock.java","5","0","0","5","36","63","0"
"orientdb","d9b9a54c8954b00704c7f42aa665db4fc6b5937d","core/src/main/java/com/orientechnologies/orient/core/command/traverse/OTraverseMultiValueProcess.java","5","0","0","5","40","73","0"
"BroadleafCommerce","b8d645d805691dea60f36eefe3dcaa9595d2f01c","core/broadleaf-framework-web/src/main/java/org/broadleafcommerce/core/web/controller/account/validator/ChangePasswordValidator.java","5","0","0","5","44","79","0"
"elasticsearch","4b94eb5cb8cc4294ed0e932a5f22c16bd90d4dd7","core/src/main/java/org/elasticsearch/action/admin/indices/alias/get/GetAliasesResponse.java","5","0","0","5","50","80","2"
"elasticsearch","860efb2ad28db09189c8423e05d0dba53010259c","core/src/main/java/org/elasticsearch/action/admin/indices/alias/get/GetAliasesResponse.java","5","0","0","5","50","80","2"
"elasticsearch","d3417fb02291f26964d77767020ef345d18c148f","core/src/main/java/org/elasticsearch/action/admin/indices/alias/get/GetAliasesResponse.java","5","0","0","5","50","80","0"
"elasticsearch","4b94eb5cb8cc4294ed0e932a5f22c16bd90d4dd7","core/src/main/java/org/elasticsearch/action/admin/indices/mapping/get/GetMappingsResponse.java","5","0","0","5","51","81","2"
"elasticsearch","860efb2ad28db09189c8423e05d0dba53010259c","core/src/main/java/org/elasticsearch/action/admin/indices/mapping/get/GetMappingsResponse.java","5","0","0","5","51","81","2"
"elasticsearch","d3417fb02291f26964d77767020ef345d18c148f","core/src/main/java/org/elasticsearch/action/admin/indices/mapping/get/GetMappingsResponse.java","5","0","0","5","51","81","0"
"elasticsearch","33eb6a13bfcb8c1618c3806e67da6be450b077a3","client/rest/src/test/java/org/elasticsearch/client/RestClientTests.java","5","0","0","5","53","85","0"
"neo4j","1f8c2d6a9466972520b49477c149e83779757d7a","enterprise/security/src/main/java/org/neo4j/server/security/enterprise/auth/ShiroAuthenticationInfo.java","5","0","0","5","56","92","1"
"neo4j","96b75bb344012a256b80b3e34629e9c7ad045396","community/consistency-check/src/main/java/org/neo4j/consistency/checking/full/PropertyReader.java","5","0","0","5","57","87","0"
"neo4j","b39f3be7e809376033f6ab4297716f6028b05111","enterprise/metrics/src/main/java/org/neo4j/metrics/MetricsExtension.java","5","0","0","5","61","92","0"
"orientdb","049d44054022a1558f7ebcef3d8b9a8db978df40","src/main/java/com/orientechnologies/lucene/operator/OLuceneOverlapOperator.java","5","0","0","5","62","95","0"
"orientdb","39a8884d03c0bc49b8ecf655a22fe80646afa1e6","spatial/src/main/java/com/orientechnologies/spatial/operator/OLuceneOverlapOperator.java","5","0","0","5","62","95","0"
"orientdb","0dff0bc67c5efceb992c289a058f05e6a5482ce6","src/main/java/com/orientechnologies/lucene/operator/OLuceneOverlapOperator.java","5","0","0","5","62","95","1"
"orientdb","a5056da587504ed30cc24efee387c0772d289346","core/src/test/java/com/orientechnologies/orient/core/sql/parser/OUpdateStatementTest.java","5","0","0","5","66","83","0"
"elasticsearch","4156a4bebb5a811604216196090524f6c989eecd","core/src/test/java/org/elasticsearch/common/PriorityTests.java","5","0","0","5","69","99","0"
"neo4j","a81cec2835334f193e2fc02122952a18975fdf6c","enterprise/causal-clustering/src/test/java/org/neo4j/causalclustering/core/consensus/log/segmented/InFlightLogEntriesCacheTest.java","5","0","0","5","73","108","0"
"hazelcast","810540661cf0b9662e3e1bc9b5dabc53a3c052f1","hazelcast/src/test/java/com/hazelcast/osgi/impl/HazelcastOSGiScriptingTest.java","5","0","0","5","74","87","1"
"orientdb","32c11ba7d5bbded657d28bc2cef1ff6df4ad8b22","core/src/test/java/com/orientechnologies/orient/core/sql/parser/OInsertStatementTest.java","5","0","0","5","76","99","0"
"hazelcast","810540661cf0b9662e3e1bc9b5dabc53a3c052f1","hazelcast/src/test/java/com/hazelcast/topic/impl/reliable/LossToleranceTest.java","5","0","0","5","81","100","1"
"hazelcast","253a1f3e5ca802d97fdd1f5fdd5971e90244641c","hazelcast/src/test/java/com/hazelcast/map/LocalMapStatsTest.java","5","0","0","5","81","103","2"
"hazelcast","ca54b5e9e38f231e3520143d007a3e1ca227e8cf","hazelcast/src/test/java/com/hazelcast/map/impl/nearcache/invalidation/MemberMapReconciliationTest.java","5","0","0","5","82","122","0"
"netty","5e148d56705d0770e124216fde2790f5e220ca5e","testsuite/src/main/java/io/netty/testsuite/transport/socket/SocketConnectTest.java","5","0","0","5","85","118","0"
"hazelcast","27d49efcee88ee428254cf38353e8698ea127c45","hazelcast/src/main/java/com/hazelcast/client/impl/protocol/task/map/AbstractMapAddEntryListenerMessageTask.java","5","0","0","5","90","123","1"
"hazelcast","d568e4d926d925d57d4e79e34614390416749301","hazelcast/src/test/java/com/hazelcast/cache/CacheBackupTest.java","5","0","0","5","92","110","0"
"hazelcast","70d4de16ff0ac4518d09aad8c9f2ad9e782fb337","hazelcast/src/test/java/com/hazelcast/cache/CacheBackupTest.java","5","0","0","5","92","112","1"
"elasticsearch","62b821ccf4e2bf221382df85e2785016f74012bc","plugins/mapper-murmur3/src/test/java/org/elasticsearch/index/mapper/murmur3/Murmur3FieldMapperTests.java","5","0","0","5","92","124","1"
"hazelcast","93fd800d6c6f6781ef95536bba7e2b200fe9678d","hazelcast/src/main/java/com/hazelcast/client/impl/protocol/task/map/AbstractMapAddEntryListenerMessageTask.java","5","0","0","5","92","126","2"
"hazelcast","b0a815f459c18eed67fcd6e4bf122bad043ef8a5","hazelcast/src/main/java/com/hazelcast/client/impl/protocol/task/map/AbstractMapAddEntryListenerMessageTask.java","5","0","0","5","92","126","1"
"hazelcast","da8888f97af74b4590dfc1dce3d0bdeb44654000","hazelcast/src/main/java/com/hazelcast/client/impl/protocol/task/map/AbstractMapAddEntryListenerMessageTask.java","5","0","0","5","92","126","0"
"neo4j","deb01d37aaa9368817ea70690c8933983b59a87a","enterprise/causal-clustering/src/main/java/org/neo4j/causalclustering/catchup/storecopy/StoreFetcher.java","5","0","0","5","92","129","0"
"BroadleafCommerce","309878217cf8abc9d1afd99aabfe63e02f5bcb61","core/broadleaf-framework/src/main/java/org/broadleafcommerce/core/search/dao/SearchFacetDaoImpl.java","5","0","0","5","92","137","1"
"neo4j","68c237b92ed8634317ac5f848080810eefa21395","enterprise/causal-clustering/src/main/java/org/neo4j/causalclustering/catchup/storecopy/StoreFetcher.java","5","0","0","5","93","130","1"
"elasticsearch","9172653211fb35b1b7dee491650b913d5c2282a5","core/src/test/java/org/elasticsearch/search/fetch/subphase/FetchSourceSubPhaseTests.java","5","0","0","5","93","135","1"
"neo4j","f0b03e0d48342f7b76608313e94292a530d373e0","enterprise/causal-clustering/src/main/java/org/neo4j/causalclustering/catchup/storecopy/StoreFetcher.java","5","0","0","5","95","129","0"
"BroadleafCommerce","3c7200b57bd7640325fdfdf6cfdc384b352c0d63","core/broadleaf-framework/src/main/java/org/broadleafcommerce/core/search/dao/SearchFacetDaoImpl.java","5","0","0","5","95","140","0"
"neo4j","317cd647561a0fc04808364cc543fc73edc39976","enterprise/causal-clustering/src/main/java/org/neo4j/causalclustering/catchup/storecopy/StoreFetcher.java","5","0","0","5","96","133","1"
"hazelcast","18a030c6fa71ce1824dcabaf0a81fb76d3a5e69c","hazelcast/src/test/java/com/hazelcast/spi/impl/operationexecutor/classic/OperationThreadTest.java","5","0","0","5","98","119","0"
"neo4j","7133cda9323ffdaf396536337cfebbdafab1cf1b","community/kernel/src/test/java/org/neo4j/kernel/TopLevelTransactionTest.java","5","0","0","5","98","135","1"
"hazelcast","951ffdc2e22a155ef94f1bfaaea080af2efc64d6","hazelcast-client/src/test/java/com/hazelcast/client/usercodedeployment/ClientUserCodeDeploymentTest.java","5","0","0","6","104","145","1"
"hazelcast","f295320580a557b2609ec22ae2abe788b0110bb3","hazelcast/src/test/java/com/hazelcast/osgi/impl/HazelcastOSGiScriptEngineTest.java","5","0","0","6","109","154","0"
"hazelcast","3f46545bdca45f33e9257a896121007a1569235f","hazelcast/src/test/java/com/hazelcast/osgi/impl/HazelcastOSGiScriptEngineTest.java","5","0","0","6","109","155","1"
"neo4j","e5db6293c3260f28a9a9ecdd0970352162530f13","community/kernel/src/test/java/org/neo4j/kernel/TopLevelTransactionTest.java","5","0","0","6","115","157","0"
"elasticsearch","0ad231546d70cd45ac5d7a32311c1cebb9b42293","plugins/mapper-murmur3/src/test/java/org/elasticsearch/index/mapper/murmur3/Murmur3FieldMapperTests.java","5","0","0","6","122","162","1"
"elasticsearch","450f47d5b59f19f4d2056042db69732ac5c21bbf","plugins/mapper-murmur3/src/test/java/org/elasticsearch/index/mapper/murmur3/Murmur3FieldMapperTests.java","5","0","0","6","122","162","1"
"elasticsearch","2a00c9dc46fe7ac5da04ea3e735985d3f02bc7bf","plugins/mapper-murmur3/src/test/java/org/elasticsearch/index/mapper/murmur3/Murmur3FieldMapperTests.java","5","0","0","6","122","162","0"
"hazelcast","38b2c580dfaed82068f5137d2d84929eae461780","hazelcast/src/test/java/com/hazelcast/quorum/BaseQuorumListenerTest.java","5","0","0","6","127","162","0"
"hazelcast","4c17c585b5a00157138cce6595252eaca6adb2dd","hazelcast/src/test/java/com/hazelcast/quorum/BaseQuorumListenerTest.java","5","0","0","6","128","163","1"
"elasticsearch","21ff90fed33fc4ce9b1d16e678fc6a2f82dabcc2","modules/ingest-common/src/test/java/org/elasticsearch/ingest/common/ForEachProcessorTests.java","5","0","0","6","134","188","1"
"hazelcast","7d493fb7feffdd204c4d00a174453bea332d55a2","hazelcast/src/test/java/com/hazelcast/map/mapstore/writebehind/WriteBehindMapStoreWithEvictionsTest.java","5","0","0","6","135","164","1"
"orientdb","b31b75faa4beaa383d3781795ae1b04a84536f64","graphdb/src/test/java/com/orientechnologies/orient/graph/blueprints/GraphValidationTest.java","5","0","0","6","136","186","0"
"orientdb","b4aa66a40679e979dedb550107aa677770eb0868","graphdb/src/test/java/com/orientechnologies/orient/graph/blueprints/GraphValidationTest.java","5","0","0","6","136","186","0"
"orientdb","2d5bcdf2c8dadd899b39e7a9f4ef3de7bdfc1a09","graphdb/src/test/java/com/orientechnologies/orient/graph/blueprints/GraphValidationTest.java","5","0","0","6","136","186","2"
"elasticsearch","d9c1777c63f2b7c767e8840a5e4e92aa7a000ab8","core/src/test/java/org/elasticsearch/cluster/routing/PrimaryAllocationIT.java","5","0","0","6","148","206","1"
"elasticsearch","2dd8ed90ab65f12450d62dae99ba88656c43670f","core/src/test/java/org/elasticsearch/cluster/routing/PrimaryAllocationIT.java","5","0","0","6","153","211","0"
"netty","1ef6f147349c145542d77c987f57e1dfbd405406","transport/src/test/java/io/netty/channel/ReentrantChannelTest.java","5","0","0","6","162","235","0"
"hazelcast","ca827485ee045dd013af1e7e5e1c592cd9f37086","hazelcast/src/test/java/com/hazelcast/quorum/QuorumTest.java","5","0","0","6","173","208","1"
"hazelcast","0cac2e039a382283c4005c5273794027e3bf655d","hazelcast/src/test/java/com/hazelcast/quorum/QuorumTest.java","5","0","0","6","177","212","0"
"neo4j","c3a5cbf00866abb108bf34ce2e0680026fdd2025","community/lucene-index/src/test/java/org/neo4j/kernel/impl/api/index/IndexingServiceIntegrationTest.java","5","0","0","6","186","239","0"
"elasticsearch","6174e21f47244b6d5153d7d0cc1fe28fe863399d","modules/percolator/src/test/java/org/elasticsearch/percolator/PercolateQueryBuilderTests.java","5","0","0","6","188","252","1"
"elasticsearch","3aed047bdedde1bda189cbfc2f81e65af42e57c5","modules/percolator/src/test/java/org/elasticsearch/percolator/PercolateQueryBuilderTests.java","5","0","0","6","192","257","0"
"ceylon-ide-eclipse","3cb33660de43deb63a0b187966d5d9dd99672eba","plugins/com.redhat.ceylon.eclipse.ui/src/com/redhat/ceylon/eclipse/code/style/FormatterTabLine.java","5","0","0","6","210","251","0"
"neo4j","e57fe32738bb9d91c1b9a10f75c524bf2b421cdd","community/kernel/src/test/java/org/neo4j/kernel/impl/store/counts/CountsRotationTest.java","5","0","0","6","242","324","0"
"elasticsearch","51b33f1fd549b474e901e70a460440d73a1751ce","core/src/test/java/org/elasticsearch/search/aggregations/bucket/nested/NestedAggregatorTests.java","5","0","0","6","280","344","2"
"orientdb","9d036f4cca044fbcec3bafe762ad3cc7fc34ba25","core/src/main/java/com/orientechnologies/orient/core/exception/ORecordNotFoundException.java","5","0","0","6","29","60","1"
"orientdb","2698aa28905950c8dcb491f0fd8aee7fad3b596b","core/src/main/java/com/orientechnologies/orient/core/exception/ORecordNotFoundException.java","5","0","0","6","30","61","0"
"hazelcast","56d8d5d5b838b7643b609430b834745a139fb79b","hazelcast/src/main/java/com/hazelcast/query/impl/OrResultSet.java","5","0","0","6","35","60","0"
"BroadleafCommerce","12f31ef4ed79722df28700cf06dbbb85a151a5cc","core/broadleaf-framework-web/src/main/java/org/broadleafcommerce/core/web/controller/account/validator/ChangePasswordValidator.java","5","0","0","6","44","79","1"
"netty","0d78c0508da9babeb6825a9d6335535e15cf716d","src/main/java/org/jboss/netty/channel/DefaultFileRegion.java","5","0","0","6","46","58","0"
"BroadleafCommerce","86bbb30161a553c2877498c8bdaba306fca76f35","core/broadleaf-framework-web/src/main/java/org/broadleafcommerce/core/web/controller/account/validator/ChangePasswordValidator.java","5","0","0","6","48","88","1"
"BroadleafCommerce","8dc5c140f52e5762a506b70c9ce9452082da638c","core/broadleaf-framework-web/src/main/java/org/broadleafcommerce/core/web/controller/account/validator/ChangePasswordValidator.java","5","0","0","6","48","88","1"
"BroadleafCommerce","f048e2c6c7f16fe643fde2dae1ba7c6c33ef36cd","core/broadleaf-framework-web/src/main/java/org/broadleafcommerce/core/web/controller/account/validator/ChangePasswordValidator.java","5","0","0","6","48","88","1"
"BroadleafCommerce","4a2770ad7b1c8d244b026f013ac6cc58ca65cb61","core/broadleaf-framework-web/src/main/java/org/broadleafcommerce/core/web/controller/account/validator/ChangePasswordValidator.java","5","0","0","6","48","88","0"
"elasticsearch","4b94eb5cb8cc4294ed0e932a5f22c16bd90d4dd7","core/src/main/java/org/elasticsearch/action/bulk/BulkShardResponse.java","5","0","0","6","51","86","2"
"elasticsearch","860efb2ad28db09189c8423e05d0dba53010259c","core/src/main/java/org/elasticsearch/action/bulk/BulkShardResponse.java","5","0","0","6","51","86","2"
"elasticsearch","d3417fb02291f26964d77767020ef345d18c148f","core/src/main/java/org/elasticsearch/action/bulk/BulkShardResponse.java","5","0","0","6","51","86","0"
"neo4j","21dc057a8a68245281a22d7bdb8da5ae2103f057","enterprise/core-edge/src/main/java/org/neo4j/coreedge/server/AdvertisedSocketAddress.java","5","0","0","6","61","91","0"
"hazelcast","23dc01609c7220e3e9784fb94eef7520d17b763b","hazelcast/src/main/java/com/hazelcast/partition/client/GetPartitionsRequest.java","5","0","0","6","62","88","1"
"hazelcast","749aae665bc6323e1a862ced15797a1c65a40f48","hazelcast/src/main/java/com/hazelcast/partition/client/GetPartitionsRequest.java","5","0","0","6","63","90","1"
"hazelcast","fa6115f29334f5ee2fdb2a7b1c285ed13be9973e","hazelcast/src/main/java/com/hazelcast/partition/client/GetPartitionsRequest.java","5","0","0","6","63","90","1"
"hazelcast","86b80adb102d46ad1bfdbac4859cf32d6af27669","hazelcast/src/main/java/com/hazelcast/partition/client/GetPartitionsRequest.java","5","0","0","6","63","90","0"
"elasticsearch","3a82c613e43ebfaa010e5cf5e79cc54cee2d9468","modules/ingest-common/src/test/java/org/elasticsearch/ingest/common/AppendProcessorFactoryTests.java","5","0","0","6","64","94","1"
"neo4j","9e679b8a544cf4d72faa9e62d55735bf379d62a3","enterprise/metrics/src/main/java/org/neo4j/metrics/MetricsExtension.java","5","0","0","6","65","102","1"
"orientdb","df627b33960e37bfbf837d438d32748f0110c0f7","core/src/test/java/com/orientechnologies/orient/core/sql/parser/OUpdateStatementTest.java","5","0","0","6","69","94","0"
"elasticsearch","16e888fac36d41c1e0727cf3281c58c2d4365360","core/src/test/java/org/elasticsearch/ingest/processor/GsubProcessorFactoryTests.java","5","0","0","6","73","102","0"
"BroadleafCommerce","831e61499789786c458cafbbec0464e0ca7aa3bd","common/src/main/java/org/broadleafcommerce/common/sandbox/dao/SandBoxDaoImpl.java","5","0","0","6","75","107","0"
"BroadleafCommerce","30c8043528f2d53948d56a0e9650c9bd1d45ca09","common/src/main/java/org/broadleafcommerce/common/sandbox/dao/SandBoxDaoImpl.java","5","0","0","6","77","110","1"
"orientdb","4c2fbc07f83b8b4972d1a0ea3bfe14ae9f685f42","core/src/test/java/com/orientechnologies/orient/core/sql/parser/OInsertStatementTest.java","5","0","0","6","79","102","1"
"orientdb","3db765e2fcf80654ee1c76f999c8866d7c062af5","core/src/test/java/com/orientechnologies/orient/core/sql/parser/OInsertStatementTest.java","5","0","0","6","79","103","0"
"neo4j","9f6dc978acf524a8c0401b92477e5dd54b488e22","community/server/src/main/java/org/neo4j/server/configuration/ConfigLoader.java","5","0","0","6","87","129","0"
"neo4j","4da64f94ad3e8a76057e6e112f217769b4383a18","community/server/src/main/java/org/neo4j/server/configuration/ConfigLoader.java","5","0","0","6","92","133","1"
"hazelcast","1adb9b6c15817f6fe170d2b2b4da2151d794fbd5","hazelcast/src/test/java/com/hazelcast/config/XMLConfigBuilderTest.java","5","0","0","61","986","1120","1"
"hazelcast","5040e03ba45a8d09b3a201fad00fe7969d1cd295","hazelcast/src/test/java/com/hazelcast/config/XMLConfigBuilderTest.java","5","0","0","65","1014","1153","0"
"hazelcast","fd4fcc2010451c9b2a320c06ae801da8d6069643","hazelcast/src/test/java/com/hazelcast/config/XMLConfigBuilderTest.java","5","0","0","68","1050","1192","1"
"hazelcast","91c528df16a5c2d54c17eefda809cc24db513caf","hazelcast/src/test/java/com/hazelcast/config/XMLConfigBuilderTest.java","5","0","0","69","1084","1230","0"
"hazelcast","ae877df50978fcfb112d6d0cab2c78f80d1ee770","hazelcast/src/main/java/com/hazelcast/client/impl/protocol/task/RegisterMembershipListenerMessageTask.java","5","0","0","7","104","143","1"
"netty","00fc239995ce7b683993c88bb82b30dbd5fe7982","codec/src/test/java/io/netty/handler/codec/compression/AbstractDecoderTest.java","5","0","0","7","106","149","1"
"neo4j","2e9e3298914b6ca1a9339d75800a91288690b82c","community/cypher/cypher/src/test/java/org/neo4j/cypher/DeleteRelationshipStressIT.java","5","0","0","7","107","165","0"
"elasticsearch","e5bf02b155a41f8dc866f3b4f140da9d97d7c48e","core/src/test/java/org/elasticsearch/common/xcontent/BaseXContentTestCase.java","5","0","0","7","111","160","4"
"elasticsearch","a91b3fcbb9e493c3aac9b46723c8dcad2c23a3ae","plugins/mapper-murmur3/src/test/java/org/elasticsearch/index/mapper/murmur3/Murmur3FieldMapperTests.java","5","0","0","7","116","154","2"
"hazelcast","4bc70daa1a4ee13006874d617051076c198770df","hazelcast-client/src/test/java/com/hazelcast/client/usercodedeployment/ClientUserCodeDeploymentTest.java","5","0","0","7","117","162","0"
"elasticsearch","0a69f1e283e26e5d9e6a000b68b9f4778de557a1","plugins/mapper-murmur3/src/test/java/org/elasticsearch/index/mapper/murmur3/Murmur3FieldMapperTests.java","5","0","0","7","123","161","2"
"elasticsearch","4ee7ed987e653c7bf4e5b54092b04665fed7bb80","src/test/java/org/elasticsearch/index/mapper/dynamic/DynamicMappingTests.java","5","0","0","7","124","170","2"
"elasticsearch","0a69f1e283e26e5d9e6a000b68b9f4778de557a1","core/src/test/java/org/elasticsearch/common/settings/ScopedSettingsTests.java","5","0","0","7","126","169","2"
"elasticsearch","5a64f08f048461a63a0ca1354a5050c954e63d52","plugins/mapper-murmur3/src/test/java/org/elasticsearch/index/mapper/murmur3/Murmur3FieldMapperTests.java","5","0","0","7","130","169","0"
"elasticsearch","5bfab76c962e4a854a28611a55f483f8b1981849","core/src/test/java/org/elasticsearch/common/xcontent/BaseXContentTestCase.java","5","0","0","7","131","186","2"
"neo4j","c30824a5ed7eecb37165e7efaec969c9e0253b02","community/lucene-index/src/test/java/org/neo4j/index/impl/lucene/legacy/AbstractLuceneIndexTest.java","5","0","0","7","138","183","0"
"elasticsearch","2f8def11b5109eb80b47422a200bf7b7e07c8467","core/src/test/java/org/elasticsearch/index/mapper/ScaledFloatFieldTypeTests.java","5","0","0","7","139","176","1"
"elasticsearch","82fa531ab4c1fb087d357ff15288c070d7393378","core/src/test/java/org/elasticsearch/index/mapper/ScaledFloatFieldTypeTests.java","5","0","0","7","140","177","0"
"hazelcast","1045aa381a9d6da2c10a59e478988146633d9d34","hazelcast/src/test/java/com/hazelcast/map/mapstore/writebehind/WriteBehindMapStoreWithEvictionsTest.java","5","0","0","7","155","190","0"
"hazelcast","1451b18a2114fd1d2c7448aaa28f49d5e1da007c","hazelcast/src/test/java/com/hazelcast/map/mapstore/writebehind/WriteBehindMapStoreWithEvictionsTest.java","5","0","0","7","155","192","2"
"hazelcast","1db16d02de948e3bdf29ff73e63060fbfda1c8d1","hazelcast/src/test/java/com/hazelcast/map/mapstore/writebehind/WriteBehindMapStoreWithEvictionsTest.java","5","0","0","7","155","192","1"
"hazelcast","3ffa55ac9e71a5e743e4e55a467471eeac338ff7","hazelcast/src/test/java/com/hazelcast/map/mapstore/writebehind/WriteBehindMapStoreWithEvictionsTest.java","5","0","0","7","155","192","0"
"orientdb","48db6e588a63277fd5021b2dd729d853bdc77bbe","graphdb/src/test/java/com/orientechnologies/orient/graph/blueprints/GraphValidationTest.java","5","0","0","7","156","212","1"
"hazelcast","38a75503d7261b17fedc3ac4799847d806726357","hazelcast/src/test/java/com/hazelcast/map/mapstore/writebehind/WriteBehindMapStoreWithEvictionsTest.java","5","0","0","7","161","197","2"
"elasticsearch","429e517476d95e50ecb9d73d58e5013bd2158e7d","core/src/test/java/org/elasticsearch/action/bulk/RetryTests.java","5","0","0","7","164","224","1"
"neo4j","530cd9dd6f2874f7121a6905d6d7ad1a6b42f376","community/kernel/src/test/java/org/neo4j/test/rule/NeoStoreDataSourceRule.java","5","0","0","7","169","203","1"
"neo4j","13e3d20860f871d1c13c10429f2d4d31d6180c8b","community/kernel/src/test/java/org/neo4j/test/rule/NeoStoreDataSourceRule.java","5","0","0","7","173","207","0"
"hazelcast","5a68f952119730a072369656ebb44c16263cce33","hazelcast/src/test/java/com/hazelcast/quorum/QuorumTest.java","5","0","0","7","200","240","0"
"hazelcast","c35104e6cac0427b7395aa35248baf068cd958ed","hazelcast/src/test/java/com/hazelcast/quorum/QuorumTest.java","5","0","0","7","201","241","1"
"hazelcast","a7bc6b735f8f4a00f6054a0a842137689cec54d8","hazelcast/src/test/java/com/hazelcast/quorum/QuorumTest.java","5","0","0","7","201","242","2"
"neo4j","02db00065c45019d44b85fc53c820b7de6fddaff","community/kernel/src/test/java/org/neo4j/kernel/impl/transaction/log/PhysicalLogFileTest.java","5","0","0","7","223","289","1"
"hazelcast","2921cff694583b8638dae2991f427e61d5440a9d","hazelcast/src/test/java/com/hazelcast/cache/merge/CacheSplitBrainTest.java","5","0","0","7","280","396","0"
"hazelcast","584996c0c9a11facf995848e53a5a2ef79a3889a","hazelcast/src/test/java/com/hazelcast/cache/merge/CacheSplitBrainTest.java","5","0","0","7","280","396","0"
"hazelcast","d568e4d926d925d57d4e79e34614390416749301","hazelcast/src/test/java/com/hazelcast/cache/merge/CacheSplitBrainTest.java","5","0","0","7","280","396","0"
"hazelcast","1f042b8c4a4245594691bb6d85a66ceed9b43068","hazelcast/src/test/java/com/hazelcast/cache/merge/CacheSplitBrainTest.java","5","0","0","7","280","396","1"
"hazelcast","eae5aabe2df5d86740f725387d4b9c32fb6d5495","hazelcast/src/test/java/com/hazelcast/cache/merge/CacheSplitBrainTest.java","5","0","0","7","280","396","1"
"elasticsearch","a475323aa19321a550b50b73cde2a1edd475b0a5","core/src/test/java/org/elasticsearch/indices/IndicesRequestCacheTests.java","5","0","0","7","357","445","0"
"netty","81e2db10faaf0389f4e1af8c7132210946203157","buffer/src/main/java/io/netty/buffer/DefaultMessageBuf.java","5","0","0","7","43","68","0"
"hazelcast","8e9847dc69afe328731c5c790e444e18153a388a","hazelcast/src/test/java/com/hazelcast/cardinality/impl/hyperloglog/HyperLogLogEncoderAbstractTest.java","5","0","0","7","55","85","1"
"hazelcast","9725927db19a0d90e8bc6d1cf6a5d285722db6a1","hazelcast/src/main/java/com/hazelcast/internal/partition/operation/FetchPartitionStateOperation.java","5","0","0","7","57","85","0"
"elasticsearch","1e0f776af38b8ca6bc8cc8c99788f0c1c489d598","core/src/main/java/org/elasticsearch/search/highlight/CustomQueryScorer.java","5","0","0","7","57","93","1"
"elasticsearch","bac09e292697be62581f521015cbaebf3ce68104","src/main/java/org/elasticsearch/search/highlight/CustomQueryScorer.java","5","0","0","7","59","95","0"
"hazelcast","73b2d7ece0ff4e8316dcb8cd984ac85822cea9da","hazelcast/src/main/java/com/hazelcast/impl/concurrentmap/PutAllCallable.java","5","0","0","7","60","86","0"
"hazelcast","df0d7fd83bf0ba427592c2727a417af3136f8d5f","hazelcast/src/main/java/com/hazelcast/map/operation/PartitionWideEntryBackupOperation.java","5","0","0","7","72","102","1"
"hazelcast","cd3feee000a902c92572be92c3f16c710b10cd4e","hazelcast/src/main/java/com/hazelcast/map/operation/PartitionWideEntryBackupOperation.java","5","0","0","7","73","102","2"
"elasticsearch","f7cd86ef6d05243a13f00dcadc77c40dc52b9ef1","modules/ingest-common/src/test/java/org/elasticsearch/ingest/common/AppendProcessorFactoryTests.java","5","0","0","7","75","106","0"
"hazelcast","820f4b2d5e993cbc48c7f14e06f7588591085461","hazelcast/src/main/java/com/hazelcast/client/impl/protocol/task/GetPartitionsMessageTask.java","5","0","0","7","78","110","1"
"hazelcast","bae6535651931084f31f10b3db73b95540540474","hazelcast/src/main/java/com/hazelcast/internal/cluster/impl/operations/MemberInfoUpdateOperation.java","5","0","0","7","81","115","0"
"elasticsearch","16e888fac36d41c1e0727cf3281c58c2d4365360","modules/ingest-grok/src/test/java/org/elasticsearch/ingest/grok/GrokProcessorFactoryTests.java","5","0","0","7","81","117","0"
"orientdb","4acb4341df3d114ea1b924d7b6333991c25cbff2","core/src/test/java/com/orientechnologies/orient/core/sql/parser/OInsertStatementTest.java","5","0","0","7","85","109","0"
"hazelcast","f2a552590f59888cfdba1c4cfc42c481e582e76f","hazelcast/src/main/java/com/hazelcast/cluster/client/AddMembershipListenerRequest.java","5","0","0","7","85","120","1"
"hazelcast","e8f677e06a7504cf63bc1918bccc12b7ea2b174f","hazelcast/src/main/java/com/hazelcast/cluster/impl/operations/LockClusterStateOperation.java","5","0","0","7","86","115","1"
"hazelcast","ae877df50978fcfb112d6d0cab2c78f80d1ee770","hazelcast/src/main/java/com/hazelcast/cluster/client/AddMembershipListenerRequest.java","5","0","0","7","89","124","1"
"neo4j","24551acf5eba050158684a993470adaeb5bdd960","community/server/src/main/java/org/neo4j/server/configuration/ConfigLoader.java","5","0","0","7","97","140","1"
"hazelcast","2b6f18456c37d310e7679071b8c91c7df48c679d","hazelcast/src/test/java/com/hazelcast/config/XMLConfigBuilderTest.java","5","0","0","72","1129","1283","2"
"hazelcast","21de2ef614b9a92baec6c4f16f26123a59391cdc","hazelcast/src/test/java/com/hazelcast/config/XMLConfigBuilderTest.java","5","0","0","72","1131","1286","1"
"hazelcast","e132a6c1f7eab35ac027f5a627603bdd1fd52c13","hazelcast/src/test/java/com/hazelcast/config/XMLConfigBuilderTest.java","5","0","0","78","1183","1404","3"
"hazelcast","b1029996477aa371bfa39152dd206715db37f39b","hazelcast/src/test/java/com/hazelcast/config/XMLConfigBuilderTest.java","5","0","0","79","1199","1424","2"
"hazelcast","9ca0dc5838e379cf86603dbd870bc5b0a37986e2","hazelcast/src/test/java/com/hazelcast/config/XMLConfigBuilderTest.java","5","0","0","79","1202","1427","1"
"orientdb","009a96e934127f3a07e5e205a7f668a35c40752a","jdbc/src/test/java/com/orientechnologies/orient/jdbc/OrientJdbcResultSetMetaDataTest.java","5","0","0","8","111","163","1"
"elasticsearch","2213a5aa8114244b10a72c8e3fcfda87aca29256","core/src/test/java/org/elasticsearch/node/internal/InternalSettingsPreparerTests.java","5","0","0","8","114","155","1"
"junit","01b427b3b89ce04d01f0ddbd746d13a175feec5b","src/test/java/org/junit/tests/running/classes/ParentRunnerFilteringTest.java","5","0","0","8","115","135","0"
"orientdb","7177f9ee131b9ba26b5a3b5a853ba2b0ee239010","jdbc/src/test/java/com/orientechnologies/orient/jdbc/OrientJdbcResultSetMetaDataTest.java","5","0","0","8","117","172","0"
"elasticsearch","86cb76a0ce8ecb1532cde94a0164f8fa41dbc96b","src/test/java/org/elasticsearch/test/integration/search/simple/SimpleSearchTests.java","5","0","0","8","128","178","1"
"neo4j","deb01d37aaa9368817ea70690c8933983b59a87a","enterprise/causal-clustering/src/test/java/org/neo4j/causalclustering/catchup/tx/BatchingTxApplierTest.java","5","0","0","8","145","205","0"
"elasticsearch","04f6067c663824fe051832a6c7e30542671a0d26","src/test/java/org/elasticsearch/ElasticsearchExceptionTests.java","5","0","0","8","155","202","1"
"elasticsearch","87cf1452d58afdb5ce020cc57628cf4547d0cba5","src/test/java/org/elasticsearch/ElasticsearchExceptionTests.java","5","0","0","8","163","211","0"
"elasticsearch","3cb164b22ebf225e4f0f6dea0114fe82f2a5377e","core/src/test/java/org/elasticsearch/index/mapper/ScaledFloatFieldTypeTests.java","5","0","0","8","166","204","2"
"elasticsearch","34aaea641dcd9c53f7527ccd51efa119060c0d2d","core/src/test/java/org/elasticsearch/index/mapper/ScaledFloatFieldTypeTests.java","5","0","0","8","169","207","0"
"elasticsearch","d808e751f41c9c8fd20c38bbcfa218fadefd267c","core/src/test/java/org/elasticsearch/index/mapper/ScaledFloatFieldTypeTests.java","5","0","0","8","176","215","0"
"hazelcast","43402d9f22b18ea6fed39e1c919e0d65b779266c","hazelcast/src/test/java/com/hazelcast/map/mapstore/writebehind/WriteBehindMapStoreWithEvictionsTest.java","5","0","0","8","184","225","2"
"hazelcast","913731dce991dec4e616341ed91d6642cf6b5da2","hazelcast/src/test/java/com/hazelcast/map/mapstore/writebehind/WriteBehindMapStoreWithEvictionsTest.java","5","0","0","8","184","225","2"
"hazelcast","e5523c33cbd00e3470f8d5e944864956d83ed5ad","hazelcast/src/test/java/com/hazelcast/map/mapstore/writebehind/WriteBehindMapStoreWithEvictionsTest.java","5","0","0","8","184","225","1"
"hazelcast","7135af8a09ce704ed35cc2b84bb5e03d90e86e4d","hazelcast/src/test/java/com/hazelcast/map/mapstore/writebehind/WriteBehindMapStoreWithEvictionsTest.java","5","0","0","8","184","225","0"
"neo4j","c3a5cbf00866abb108bf34ce2e0680026fdd2025","community/kernel/src/test/java/org/neo4j/kernel/impl/transaction/log/PhysicalLogFileTest.java","5","0","0","8","223","296","0"
"neo4j","658dcbc50b93c2dcba6807d44739dc4167adf5a2","community/kernel/src/test/java/org/neo4j/kernel/impl/transaction/log/PhysicalLogFileTest.java","5","0","0","8","245","316","0"
"neo4j","e5ea526b14ce752e94a5460b1c85bf4567d8f97d","community/kernel/src/test/java/org/neo4j/kernel/impl/transaction/log/PhysicalLogFileTest.java","5","0","0","8","245","317","1"
"orientdb","54d28c197320c1e5cedef31bf28b35e174b07306","core/src/test/java/com/orientechnologies/orient/core/record/impl/ODocumentValidationTest.java","5","0","0","8","438","507","1"
"netty","2adebc4c54ae98565db8e2a3c02b2ffaa0c101fe","buffer/src/main/java/io/netty/buffer/DefaultMessageBuf.java","5","0","0","8","47","73","1"
"BroadleafCommerce","88b3ca211cb7f2bde186c45ce754544f15e77566","core/broadleaf-profile/src/main/java/org/broadleafcommerce/profile/core/dao/CustomerDaoImpl.java","5","0","0","8","47","77","0"
"elasticsearch","598854dd72d7fb01a7e26a9dad065de3deaa5eb7","src/test/java/org/elasticsearch/test/disruption/SingleNodeDisruption.java","5","0","0","8","50","84","0"
"hazelcast","a43f8ee8ca77bddba7a0b7c0a5422bc2ee7b1788","hazelcast/src/main/java/com/hazelcast/internal/ascii/memcache/GetCommand.java","5","0","0","8","51","80","0"
"hazelcast","6a047d13568f5eff8144a9158f04ab017b121835","hazelcast/src/main/java/com/hazelcast/internal/cluster/impl/ClusterClockImpl.java","5","0","0","8","52","85","1"
"hazelcast","0f237cb022668f44c09cc6baa6955151d1629ff2","hazelcast/src/main/java/com/hazelcast/partition/impl/BaseMigrationOperation.java","5","0","0","8","76","109","0"
"orientdb","980d8e97a4d3582f5fbf8b0aafd50c3078a70fef","core/src/test/java/com/orientechnologies/orient/core/sql/parser/OUpdateStatementTest.java","5","0","0","8","82","109","1"
"hazelcast","f5b5e658ea42c43530cc3fd5e132e2fe503ab8b4","hazelcast/src/main/java/com/hazelcast/client/impl/protocol/task/map/MapExecuteOnKeysMessageTask.java","5","0","0","8","88","121","0"
"hazelcast","d568e4d926d925d57d4e79e34614390416749301","hazelcast/src/test/java/com/hazelcast/cache/CachingProviderTest.java","5","0","0","8","89","113","0"
"hazelcast","eb27be82590b03ceea87f54d7438710a46c323f0","hazelcast/src/test/java/com/hazelcast/cache/CachingProviderTest.java","5","0","0","8","89","129","1"
"hazelcast","90a8dd52de1281773d52d19d062fc3ea164acbb3","hazelcast/src/test/java/com/hazelcast/config/XMLConfigBuilderTest.java","5","0","0","80","1220","1446","1"
"hazelcast","54954fc7782ab476158ecc3cd232a950d5c7ffc3","hazelcast/src/test/java/com/hazelcast/config/XMLConfigBuilderTest.java","5","0","0","81","1230","1457","0"
"hazelcast","204f4b9d7cd02069b258f98c14c4fc3621c5e94f","hazelcast/src/test/java/com/hazelcast/config/XMLConfigBuilderTest.java","5","0","0","82","1245","1475","0"
"hazelcast","db147c73b8a6c64aa6b337496dc9bf646719ff5b","hazelcast/src/test/java/com/hazelcast/config/XMLConfigBuilderTest.java","5","0","0","82","1245","1475","0"
"hazelcast","01ebbde6d05b1d317dc618e5cbb42bb93fc626bd","hazelcast/src/test/java/com/hazelcast/config/XMLConfigBuilderTest.java","5","0","0","82","1245","1475","1"
"hazelcast","cb32444b6c11c96e4656a9a7e8b35e99418829f9","hazelcast/src/test/java/com/hazelcast/config/XMLConfigBuilderTest.java","5","0","0","82","1246","1476","1"
"hazelcast","c9b61e1bcaa6fa7457be1ecf886f7f2904ca5b92","hazelcast/src/test/java/com/hazelcast/config/XMLConfigBuilderTest.java","5","0","0","85","1390","1629","1"
"hazelcast","84d4ab5cece50fa5a7226af589a9dfd3789811fa","hazelcast/src/test/java/com/hazelcast/config/XMLConfigBuilderTest.java","5","0","0","86","1422","1665","0"
"hazelcast","c505bd050adca2b137d39f458734fbb250eb021c","hazelcast/src/test/java/com/hazelcast/config/XMLConfigBuilderTest.java","5","0","0","87","1440","1686","0"
"hazelcast","066e05ebd5b8e1d08c42a5aa2c6e236b925a144d","hazelcast/src/test/java/com/hazelcast/internal/dynamicconfig/DynamicConfigSmokeTest.java","5","0","0","9","143","184","1"
"oryx","7f8f3cdde532d5bd1f8f41ab31e10719ed4ab984","oryx-app-common/src/test/java/com/cloudera/oryx/app/pmml/AppPMMLUtilsTest.java","5","0","0","9","163","203","0"
"hazelcast","2c3e0b280feee04115ed39bf4cbbc2c5af0d7bb4","hazelcast-client/src/test/java/com/hazelcast/client/cache/ClientCacheConfigTest.java","5","0","0","9","175","240","0"
"antlr4","1a56da626f87f4dd2e1417a3893d9800be9884f3","tool/test/org/antlr/v4/test/TestXPath.java","5","0","0","9","196","226","0"
"elasticsearch","24d7fa6d54339b2ab9459558e507ec958f980ca8","modules/ingest-common/src/test/java/org/elasticsearch/ingest/common/ForEachProcessorTests.java","5","0","0","9","207","275","0"
"antlr4","aa9bceaa7b93cab9b8dc394ca8958e586f7fd00d","tool/test/org/antlr/v4/test/TestXPath.java","5","0","0","9","214","244","0"
"hazelcast","43679fed253265f0556893aeb26fd392f7fb21e9","hazelcast/src/test/java/com/hazelcast/map/mapstore/writebehind/WriteBehindMapStoreWithEvictionsTest.java","5","0","0","9","220","270","2"
"hazelcast","d067a8e4edffbf148370e6a19f429f5c7ac6a8a1","hazelcast/src/test/java/com/hazelcast/map/mapstore/writebehind/WriteBehindMapStoreWithEvictionsTest.java","5","0","0","9","220","270","2"
"hazelcast","e17f18a539c0e66466edf9e2f862155c9ed0c86a","hazelcast/src/test/java/com/hazelcast/map/mapstore/writebehind/WriteBehindMapStoreWithEvictionsTest.java","5","0","0","9","220","270","1"
"hazelcast","2287a062c4ef9424f265f1cdecc1bc0432454a42","hazelcast/src/test/java/com/hazelcast/map/mapstore/writebehind/WriteBehindMapStoreWithEvictionsTest.java","5","0","0","9","220","270","0"
"hazelcast","4c17c585b5a00157138cce6595252eaca6adb2dd","hazelcast/src/test/java/com/hazelcast/quorum/QuorumTest.java","5","0","0","9","234","284","1"
"hazelcast","7ccefcfb674b8e591da4aafbc42b4d1721f5b204","hazelcast/src/test/java/com/hazelcast/quorum/QuorumTest.java","5","0","0","9","234","284","1"
"hazelcast","52964f3e130dc8d69cb0e5d436523fd9383006fb","hazelcast/src/test/java/com/hazelcast/quorum/QuorumTest.java","5","0","0","9","234","284","0"
"elasticsearch","faee825fea6245b7ffda4715e1676b62f1f73da0","core/src/test/java/org/elasticsearch/index/mapper/NumberFieldMapperTests.java","5","0","0","9","236","318","3"
"elasticsearch","15598f2174453fb65f23e18ecf77eee8e802459d","core/src/test/java/org/elasticsearch/index/mapper/NumberFieldMapperTests.java","5","0","0","9","255","343","1"
"neo4j","ee9e8b911ee8e1d2a78a01d8e22923103888a505","community/kernel/src/test/java/org/neo4j/kernel/impl/store/TestGraphProperties.java","5","0","0","9","317","374","1"
"ceylon-ide-eclipse","1cfcc411e9affda9de0b72cd43a67f5ec3bb327a","plugins/com.redhat.ceylon.eclipse.ui/src/com/redhat/ceylon/eclipse/core/model/SourceFile.java","5","0","0","9","47","59","0"
"elasticsearch","25fd9e26c4fb042d6f6dea14efcd239577bdbbc4","core/src/main/java/org/elasticsearch/action/ingest/GetPipelineResponse.java","5","0","0","9","53","85","0"
"hazelcast","d070f1256c8c7fa823e6463487462826384ee1df","hazelcast/src/main/java/com/hazelcast/map/impl/nearcache/invalidation/BatchNearCacheInvalidation.java","5","0","0","9","58","91","0"
"ceylon-ide-eclipse","e82ba3737495cae8f78802a01c33bc2428322bfb","plugins/com.redhat.ceylon.eclipse.ui/src/com/redhat/ceylon/eclipse/core/typechecker/EditedPhasedUnit.java","5","0","0","9","59","75","1"
"hazelcast","564167c1f93b32ce742411106e9ae67eae88a801","hazelcast/src/main/java/com/hazelcast/partition/client/PartitionsResponse.java","5","0","0","9","59","88","0"
"neo4j","9a371bafe80ceb4e6cdc8502fbd22f9f8ec3d59d","enterprise/core-edge/src/main/java/org/neo4j/coreedge/server/AdvertisedSocketAddress.java","5","0","0","9","60","90","1"
"hazelcast","5a84641d6ca0ba61f6bc3db3f4d51994ee307736","hazelcast/src/main/java/com/hazelcast/multimap/impl/operations/PutOperation.java","5","0","0","9","67","97","2"
"hazelcast","cdac811975c69456ff44782af5b54716b74edb65","hazelcast/src/main/java/com/hazelcast/multimap/impl/operations/PutOperation.java","5","0","0","9","67","97","2"
"hazelcast","e5cc462c1684fa9b06b8a13d7fb5bd4cac539949","hazelcast/src/main/java/com/hazelcast/multimap/impl/operations/PutOperation.java","5","0","0","9","67","97","1"
"hazelcast","d86080935c0ade00a64fd45af8c2fa1c0cd03dd3","hazelcast/src/main/java/com/hazelcast/multimap/impl/operations/PutOperation.java","5","0","0","9","67","97","0"
"hazelcast","f20e3dadabc7cb95afcf791a2c9872699868bdb6","hazelcast/src/main/java/com/hazelcast/map/operation/MergeOperation.java","5","0","0","9","68","100","1"
"hazelcast","159c4a53940c2170c905d13fc1fc784cf59279c9","hazelcast/src/main/java/com/hazelcast/map/operation/PutBackupOperation.java","5","0","0","9","68","103","1"
"elasticsearch","25fd9e26c4fb042d6f6dea14efcd239577bdbbc4","core/src/main/java/org/elasticsearch/action/ingest/SimulatePipelineResponse.java","5","0","0","9","70","103","0"
"elasticsearch","56cc87b7ccd41040d8fafcaf2da3680d96d10839","core/src/main/java/org/elasticsearch/action/ingest/SimulatePipelineResponse.java","5","0","0","9","70","103","0"
"elasticsearch","a60b8948ba1d836a6eac7cff095519e618939ed8","core/src/main/java/org/elasticsearch/action/ingest/SimulatePipelineResponse.java","5","0","0","9","70","103","0"
"elasticsearch","78574d248cf10dad1c5a566fda79e1e0c94afe43","core/src/main/java/org/elasticsearch/action/ingest/SimulatePipelineResponse.java","5","0","0","9","70","103","1"
"elasticsearch","e6aaaf11ed4a1b8f595f920de1840938eddb7a97","core/src/main/java/org/elasticsearch/action/ingest/SimulatePipelineResponse.java","5","0","0","9","70","103","1"
"hazelcast","50bebee545427d3b6d15fed40d5d89bdc90b7bbe","hazelcast/src/main/java/com/hazelcast/map/operation/MergeOperation.java","5","0","0","9","71","104","1"
"hazelcast","5363a25694db45ffa53f4625542fb7fadc8bc8ae","hazelcast/src/main/java/com/hazelcast/map/operation/MergeOperation.java","5","0","0","9","72","105","0"
"elasticsearch","f22f3db30f9dcbedf1b1a4991b948a2ad8097830","src/test/java/org/elasticsearch/VersionTests.java","5","0","0","9","73","107","1"
"hazelcast","bb3ea0e107980d769862cdbda748cc91529d67b5","hazelcast/src/main/java/com/hazelcast/transaction/impl/xa/PutRemoteTransactionBackupOperation.java","5","0","0","9","85","117","0"
"orientdb","3295eb48bfd07ff939497a0b6cde8a001dfb4ad2","core/src/test/java/com/orientechnologies/orient/core/sql/parser/OUpdateStatementTest.java","5","0","0","9","86","114","0"
"orientdb","0dff0bc67c5efceb992c289a058f05e6a5482ce6","src/main/java/com/orientechnologies/orient/spatial/shape/ORectangleShapeBuilder.java","5","0","0","9","88","122","1"
"hazelcast","4653486efe9e76439d1f23021ab16bc287ac9bfa","hazelcast/src/main/java/com/hazelcast/client/impl/protocol/task/AddDistributedObjectListenerMessageTask.java","5","0","0","9","89","126","2"
"hazelcast","73673199472b3fb25cf6c72de378a1d2bab18605","hazelcast-client/src/main/java/com/hazelcast/client/spi/impl/ClientExecutionServiceImpl.java","5","0","0","9","93","124","1"
"hazelcast","86b064ba3f1e467e74e95d6da24b03122065ce36","hazelcast-client/src/main/java/com/hazelcast/client/spi/impl/ClientExecutionServiceImpl.java","5","0","0","9","93","124","2"
"hazelcast","9948976cea0dd05d47e24f303a0b309b4155d329","hazelcast-client/src/main/java/com/hazelcast/client/spi/impl/ClientExecutionServiceImpl.java","5","0","0","9","93","124","2"
"hazelcast","82683a8423a0a3209f3dd70ca23835ee63f0d0b8","hazelcast-client/src/main/java/com/hazelcast/client/spi/impl/ClientExecutionServiceImpl.java","5","0","0","9","93","124","0"
"hazelcast","0f550598f8d9f6c62d3bc81f88248d1e11b537c3","hazelcast/src/test/java/com/hazelcast/config/XMLConfigBuilderTest.java","5","0","0","91","1508","1766","1"
"hazelcast","a659332f75af63da1b89962057e75103c7684900","hazelcast/src/test/java/com/hazelcast/config/XMLConfigBuilderTest.java","5","0","0","93","1533","1795","0"
"elasticsearch","6c34452409d2cc468daced1811db60cd81c6fe95","test/framework/src/main/java/org/elasticsearch/test/TestSearchContext.java","5","0","0","96","470","594","1"
"elasticsearch","b039360d2ea974b9827df90ee7d425ca15c638d6","test/framework/src/main/java/org/elasticsearch/test/TestSearchContext.java","5","0","0","98","478","604","2"
"oryx","a01929fd9e55e822851b78f399e2f99024a3358a","framework/oryx-lambda/src/main/java/com/cloudera/oryx/lambda/AbstractSparkLayer.java","5","0","1","0","156","221","0"
"oryx","1ba3b4138e13b7a9a196279b202fd7b85e9c08ca","framework/oryx-lambda/src/main/java/com/cloudera/oryx/lambda/AbstractSparkLayer.java","5","0","1","0","159","222","0"
"netty","36f86305124e711712be5e587f783f904676e598","codec/src/main/java/io/netty/handler/codec/compression/SnappyFramedEncoder.java","5","0","1","0","52","107","1"
"BroadleafCommerce","8a290dc9d712fbf3ac55ae861cf8699e97f25ed3","core/broadleaf-framework-web/src/main/java/org/broadleafcommerce/core/web/cache/BLCICacheManager.java","5","0","1","0","60","116","0"
"elasticsearch","146a6d3730f387106ad08066761d398eb4911335","modules/elasticsearch/src/main/java/org/elasticsearch/index/mapper/selector/UidAndSourceFieldSelector.java","5","0","1","1","25","54","1"
"netty","202df0618c5ba7c58a0e4ef8e4f9ac76c8a32a46","common/src/main/java/io/netty/util/internal/SocketUtil.java","5","0","1","1","27","69","0"
"titan","63cd447da2fac871c2528fcec575e19b10e7330b","src/main/java/com/thinkaurelius/faunus/tinkerpop/gremlin/ScriptExecutor.java","5","0","1","1","30","42","1"
"netty","8f7fba2d393d32ceaae88312fb4c5a5d03e17b7e","codec/src/main/java/io/netty/handler/codec/ByteToByteEncoder.java","5","0","1","1","30","84","1"
"titan","7720850da32092290f6ee0e375eb22cb367a3310","src/main/java/com/thinkaurelius/faunus/tinkerpop/gremlin/ScriptExecutor.java","5","0","1","1","31","43","0"
"BroadleafCommerce","1eb99b13adf80a377364551978491db543d41374","admin/broadleaf-open-admin-platform/src/main/java/org/broadleafcommerce/openadmin/server/service/persistence/module/criteria/predicate/BetweenDatePredicateProvider.java","5","0","1","1","32","56","1"
"elasticsearch","7a84b94e29d345132e69b13200bb58306a22f9d9","src/main/java/org/elasticsearch/indices/analysis/PreBuiltAnalyzers.java","5","0","1","1","329","405","1"
"BroadleafCommerce","b2d6bfa5d848a4ffd2d2878b0e297d093b3d17bf","admin/broadleaf-open-admin-platform/src/main/java/org/broadleafcommerce/openadmin/server/service/persistence/module/criteria/predicate/BetweenDatePredicateProvider.java","5","0","1","1","34","62","0"
"BroadleafCommerce","f1c410fb2c0c16c79260a714c71b14b2f75ad1c4","core/broadleaf-framework/src/main/java/org/broadleafcommerce/core/order/service/workflow/AbstractCheckAvailabilityActivity.java","5","0","1","1","36","73","0"
"antlr4","fdc46c53e6d885307d0ff3f8ceea5474267d1f64","tool/src/org/antlr/v4/codegen/model/ListenerFile.java","5","0","1","1","38","77","1"
"elasticsearch","2c386046f5c612b56ca0319429a17169de4f99c8","src/main/java/org/elasticsearch/discovery/ec2/Ec2Discovery.java","5","0","1","1","39","68","1"
"elasticsearch","b49635539d929d6cb5ee56153e2f95872fe4bb16","modules/lang-painless/src/main/java/org/elasticsearch/painless/node/LCast.java","5","0","1","1","40","77","1"
"elasticsearch","cde83e363aac2195c2dc0f81bbe348bcfe8b4152","modules/lang-painless/src/main/java/org/elasticsearch/painless/node/LCast.java","5","0","1","1","40","77","1"
"elasticsearch","1424f09c02927d9caada7f6ea45285b411d88d12","modules/lang-painless/src/main/java/org/elasticsearch/painless/node/LCast.java","5","0","1","1","40","77","0"
"elasticsearch","3f06d9f3b8516bb30a2890a36c2973f08f9c6076","modules/lang-painless/src/main/java/org/elasticsearch/painless/node/LCast.java","5","0","1","1","41","78","0"
"antlr4","00f95b4a294e0b22bb5c85ccd6e7d87089c20273","tool/src/org/antlr/v4/codegen/model/ListenerFile.java","5","0","1","1","41","88","0"
"elasticsearch","41d8fbe8f51abd499c9b497238bc5f2141b7926b","core/src/test/java/org/elasticsearch/stresstest/manyindices/ManyIndicesRemoteStressTest.java","5","0","1","1","43","77","1"
"BroadleafCommerce","0006af0a508d85e5272619e42d84de6cd274ba65","core/broadleaf-profile/src/main/java/org/broadleafcommerce/profile/core/service/UserDetailsServiceImpl.java","5","0","1","1","43","83","0"
"elasticsearch","164efaecbe42195f08ada58b5fde927ab21fc6e7","core/src/test/java/org/elasticsearch/stresstest/manyindices/ManyIndicesRemoteStressTest.java","5","0","1","1","44","78","0"
"oryx","49c1ead1c67cc8b980a4be36cff731a14ba4f3fb","framework/oryx-lambda/src/test/java/com/cloudera/oryx/lambda/speed/SpeedLayerIT.java","5","0","1","1","46","79","0"
"BroadleafCommerce","c8bcd99e2ed402846cc6ff5053b46d591768fed6","admin/broadleaf-open-admin-platform/src/main/java/org/broadleafcommerce/openadmin/server/service/persistence/module/provider/MoneyFieldPersistenceProvider.java","5","0","1","1","46","81","0"
"oryx","d6687d2eb4391d042aa1d5e80653326e501b0fed","framework/oryx-lambda/src/test/java/com/cloudera/oryx/lambda/speed/SpeedLayerIT.java","5","0","1","1","47","80","1"
"netty","1bb5ac110f45d4992d3588f3b75ef4ddb52707bf","testsuite/src/test/java/io/netty/testsuite/util/TestUtils.java","5","0","1","1","48","82","0"
"elasticsearch","75a8d1272ed3c35b392f63fd8ca6891bd3390245","src/main/java/org/elasticsearch/discovery/gce/GceDiscovery.java","5","0","1","1","49","78","0"
"oryx","eb08674e77479787fa9288f2c824e48af8539ff2","oryx-app-common/src/main/java/com/cloudera/oryx/app/common/fn/MLFunctions.java","5","0","1","1","49","89","0"
"orientdb","f1b98e1a3f5006526194c8f3a118fd0ff628a800","core/src/test/java/com/orientechnologies/orient/core/sql/parser/OTraverseStatementTest.java","5","0","1","1","51","68","0"
"elasticsearch","cf6b03c8f45c5f2c15d90e2435a6eaab8bf35153","core/src/main/java/org/elasticsearch/cli/EnvironmentAwareCommand.java","5","0","1","1","53","89","0"
"elasticsearch","eb36b82de48750777172ecdc3b019de32535e3f4","core/src/main/java/org/elasticsearch/indices/recovery/SharedFSRecoverySourceHandler.java","5","0","1","1","53","91","0"
"elasticsearch","29f63c78cc2c57fe1b804a81424bdb37a2f73d55","core/src/main/java/org/elasticsearch/indices/recovery/SharedFSRecoverySourceHandler.java","5","0","1","1","54","92","1"
"orientdb","39a8884d03c0bc49b8ecf655a22fe80646afa1e6","spatial/src/main/java/com/orientechnologies/spatial/functions/OSpatialFunctionAbstract.java","5","0","1","1","56","91","0"
"hazelcast","c7eef29985d101a17b61f793ebfcef045403b28e","hazelcast/src/main/java/com/hazelcast/client/ClientEndpointManager.java","5","0","1","1","60","82","1"
"hazelcast","47a44ef83f429382b9b9033f81a8c7297e51ab03","hazelcast/src/main/java/com/hazelcast/map/impl/querycache/subscriber/EvictionOperator.java","5","0","1","1","60","97","0"
"elasticsearch","149629fec657e9948488195087f30583cd561f11","core/src/main/java/org/elasticsearch/action/termvectors/TransportTermVectorsAction.java","5","0","1","1","60","97","0"
"elasticsearch","578853f264e8ddae5c919b1b7ca35524cb292d62","core/src/main/java/org/elasticsearch/action/termvectors/TransportTermVectorsAction.java","5","0","1","1","60","97","0"
"elasticsearch","6da44c8164340207eb93bffc12821bca0821ba17","core/src/main/java/org/elasticsearch/action/termvectors/TransportTermVectorsAction.java","5","0","1","1","60","97","0"
"elasticsearch","2ed1f7a3390420835f9b270d20c5d512ba197827","core/src/main/java/org/elasticsearch/action/termvectors/TransportTermVectorsAction.java","5","0","1","1","60","97","1"
"hazelcast","48ce080fe1f5db112b6c21e19da62612ccc43608","hazelcast/src/main/java/com/hazelcast/client/MultiTargetClientRequest.java","5","0","1","1","62","98","0"
"elasticsearch","a6e0f022207a2898f84a1ecf5bd973ab2f7e0330","src/main/java/org/elasticsearch/action/search/type/TransportSearchQueryAndFetchAction.java","5","0","1","1","65","100","1"
"netty","14189140a0e07ab1cac8b91b49a787143870890e","common/src/test/java/io/netty/util/internal/logging/Log4J2LoggerTest.java","5","0","1","1","67","102","0"
"elasticsearch","25fd9e26c4fb042d6f6dea14efcd239577bdbbc4","core/src/main/java/org/elasticsearch/action/admin/indices/settings/put/TransportUpdateSettingsAction.java","5","0","1","1","68","103","0"
"elasticsearch","2e2e345dcb90e1ec1c48c6bb5348469fc514aea1","src/main/java/org/elasticsearch/action/admin/indices/settings/put/TransportUpdateSettingsAction.java","5","0","1","1","68","104","5"
"elasticsearch","b75d1d885a4f56edf8d1b8cd393298588fbd0123","src/main/java/org/elasticsearch/action/admin/indices/settings/put/TransportUpdateSettingsAction.java","5","0","1","1","68","104","3"
"elasticsearch","adc0807c686b37bf1d96bd3eb9d26face380fe44","src/main/java/org/elasticsearch/action/admin/indices/settings/put/TransportUpdateSettingsAction.java","5","0","1","1","68","104","0"
"elasticsearch","51d53791fe71c9cb62bc992588a57cdfb500383f","core/src/main/java/org/elasticsearch/rest/action/cat/RestFielddataAction.java","5","0","1","1","69","107","0"
"elasticsearch","4c913693a90088aefa1b8184159b41fb747ac3f5","modules/elasticsearch/src/main/java/org/elasticsearch/action/admin/indices/create/TransportCreateIndexAction.java","5","0","1","1","70","111","0"
"elasticsearch","565db26e1326ac72e6c582a0a842328acea103f2","src/test/java/org/elasticsearch/test/stress/compress/LuceneCompressionStressTest.java","5","0","1","1","71","103","0"
"elasticsearch","13a347239a48d71486692a72c066e940dec8921b","core/src/test/java/org/elasticsearch/update/UpdateByNativeScriptIT.java","5","0","1","1","72","112","2"
"elasticsearch","4c913693a90088aefa1b8184159b41fb747ac3f5","modules/elasticsearch/src/main/java/org/elasticsearch/action/admin/indices/alias/TransportIndicesAliasesAction.java","5","0","1","1","73","111","0"
"oryx","49c1ead1c67cc8b980a4be36cff731a14ba4f3fb","framework/oryx-ml/src/test/java/com/cloudera/oryx/ml/SimpleMLUpdateIT.java","5","0","1","1","73","113","0"
"elasticsearch","2b3760f78b26817b5a2030aa27b1ddf2f17462f6","core/src/main/java/org/elasticsearch/rest/action/cat/RestFielddataAction.java","5","0","1","1","74","108","1"
"oryx","d6687d2eb4391d042aa1d5e80653326e501b0fed","framework/oryx-ml/src/test/java/com/cloudera/oryx/ml/SimpleMLUpdateIT.java","5","0","1","1","75","115","1"
"hazelcast","7425829d0c217bbb16de5a89d37cfb278474b47e","hazelcast-client/src/main/java/com/hazelcast/client/proxy/IExecutorDelegatingFuture.java","5","0","1","1","76","115","0"
"elasticsearch","4c913693a90088aefa1b8184159b41fb747ac3f5","modules/elasticsearch/src/main/java/org/elasticsearch/action/admin/indices/template/put/TransportPutIndexTemplateAction.java","5","0","1","1","76","118","0"
"elasticsearch","aea00a62f3825e388e07007d3c8686f93c2d3f8e","core/src/main/java/org/elasticsearch/action/admin/indices/flush/TransportFlushAction.java","5","0","1","1","79","118","1"
"elasticsearch","4c913693a90088aefa1b8184159b41fb747ac3f5","modules/elasticsearch/src/main/java/org/elasticsearch/action/admin/indices/flush/TransportFlushAction.java","5","0","1","1","79","124","0"
"elasticsearch","adc0807c686b37bf1d96bd3eb9d26face380fe44","src/main/java/org/elasticsearch/action/admin/cluster/snapshots/restore/TransportRestoreSnapshotAction.java","5","0","1","1","80","117","0"
"elasticsearch","aea00a62f3825e388e07007d3c8686f93c2d3f8e","core/src/main/java/org/elasticsearch/action/admin/indices/refresh/TransportRefreshAction.java","5","0","1","1","80","119","1"
"elasticsearch","4c913693a90088aefa1b8184159b41fb747ac3f5","modules/elasticsearch/src/main/java/org/elasticsearch/action/admin/indices/gateway/snapshot/TransportGatewaySnapshotAction.java","5","0","1","1","80","123","0"
"elasticsearch","4c913693a90088aefa1b8184159b41fb747ac3f5","modules/elasticsearch/src/main/java/org/elasticsearch/action/admin/indices/refresh/TransportRefreshAction.java","5","0","1","1","80","126","0"
"elasticsearch","93beea1f670f1e0d53bc3fd3ee671bc235d5f1aa","core/src/main/java/org/elasticsearch/action/admin/cluster/snapshots/create/TransportCreateSnapshotAction.java","5","0","1","1","81","115","0"
"orientdb","fc8a99336dd78317bfb271a7b6a1b086cfa0abe9","graphdb/src/test/java/com/orientechnologies/orient/graph/blueprints/GraphGetVertices.java","5","0","1","1","82","161","0"
"elasticsearch","6abcd42a05a0e2bc4eaf1add6a41ae7d48f840c2","core/src/test/java/org/elasticsearch/cluster/routing/allocation/PreferLocalPrimariesToRelocatingPrimariesTests.java","5","0","1","1","89","126","0"
"elasticsearch","e3d4d73242d215389280b1d7b9facb7b1bd9bd7d","src/test/java/org/elasticsearch/cluster/routing/allocation/PreferLocalPrimariesToRelocatingPrimariesTests.java","5","0","1","1","89","126","0"
"elasticsearch","3f6a3c01dadb1951b597ffdbd068359a2fbc84c8","core/src/test/java/org/elasticsearch/cluster/routing/allocation/PreferLocalPrimariesToRelocatingPrimariesTests.java","5","0","1","1","89","126","1"
"elasticsearch","4c913693a90088aefa1b8184159b41fb747ac3f5","modules/elasticsearch/src/main/java/org/elasticsearch/action/admin/indices/optimize/TransportOptimizeAction.java","5","0","1","1","89","135","0"
"elasticsearch","b82e2c7083c7aae6b22d9103bb7133d63be3a39e","src/main/java/org/elasticsearch/action/admin/indices/refresh/TransportRefreshAction.java","5","0","1","1","91","134","4"
"elasticsearch","10ec2e948a2f1426a5058ca3b2c2e39952f141d8","src/main/java/org/elasticsearch/action/admin/indices/refresh/TransportRefreshAction.java","5","0","1","1","94","138","2"
"elasticsearch","fa16969360ea43667ad11f827bbf86718c18fcc6","src/main/java/org/elasticsearch/action/admin/indices/gateway/snapshot/TransportGatewaySnapshotAction.java","5","0","1","1","94","138","1"
"elasticsearch","fa16969360ea43667ad11f827bbf86718c18fcc6","src/main/java/org/elasticsearch/action/admin/indices/refresh/TransportRefreshAction.java","5","0","1","1","94","138","3"
"elasticsearch","10ec2e948a2f1426a5058ca3b2c2e39952f141d8","src/main/java/org/elasticsearch/action/admin/indices/gateway/snapshot/TransportGatewaySnapshotAction.java","5","0","1","1","94","138","0"
"elasticsearch","16e5cdf8d092842b7e4eb25de681f217d9cb48d0","src/main/java/org/elasticsearch/action/admin/indices/refresh/TransportRefreshAction.java","5","0","1","1","95","139","5"
"elasticsearch","10ec2e948a2f1426a5058ca3b2c2e39952f141d8","src/main/java/org/elasticsearch/action/admin/indices/optimize/TransportOptimizeAction.java","5","0","1","1","98","142","2"
"elasticsearch","16e5cdf8d092842b7e4eb25de681f217d9cb48d0","src/main/java/org/elasticsearch/action/admin/indices/optimize/TransportOptimizeAction.java","5","0","1","1","99","143","5"
"elasticsearch","9080f51340b1b26f8bd171b4c82de8d87ad42b55","plugins/mapper-murmur3/src/main/java/org/elasticsearch/index/mapper/murmur3/Murmur3FieldMapper.java","5","0","1","10","105","155","1"
"hazelcast","4ac9450aa6da5a4353517409635a0516daf80fd4","hazelcast/src/test/java/com/hazelcast/spi/impl/operationexecutor/classic/RunOnCallingThreadTest.java","5","0","1","10","169","219","0"
"orientdb","a717eb014a6d3a491ebbdb50ba7dcb77c1333102","core/src/test/java/com/orientechnologies/orient/core/tx/DuplicateNonUniqueIndexChangesTxTest.java","5","0","1","10","183","276","0"
"hazelcast","4e61d83a27413d6140bb865785b1998cd45ef605","hazelcast/src/main/java/com/hazelcast/instance/GroupProperties.java","5","0","1","10","242","348","1"
"hazelcast","0a433295c73cff1bff4f45b540655bfdca70d9a4","hazelcast/src/main/java/com/hazelcast/instance/GroupProperties.java","5","0","1","10","244","351","0"
"hazelcast","26c32bb80eb7d8a961a3fe97350b6cd647b68c05","hazelcast/src/main/java/com/hazelcast/instance/GroupProperties.java","5","0","1","10","252","361","0"
"hazelcast","fc57b90d69ddf340538b16de42320c379bc1a829","hazelcast/src/main/java/com/hazelcast/instance/GroupProperties.java","5","0","1","10","390","796","0"
"hazelcast","9d55b722a89840755f5781ed8c665b1237ec2b92","hazelcast/src/main/java/com/hazelcast/instance/GroupProperties.java","5","0","1","10","390","797","1"
"elasticsearch","82397c05542a794c8629fe611cbca58a3d831780","src/test/java/org/elasticsearch/test/unit/cluster/routing/allocation/AwarenessAllocationTests.java","5","0","1","10","629","816","1"
"elasticsearch","4ff1b429f1351c17ae5f3a4338a7ac33db49ef70","modules/elasticsearch/src/main/java/org/elasticsearch/index/store/StoreFileMetaData.java","5","0","1","10","63","104","0"
"elasticsearch","25fd9e26c4fb042d6f6dea14efcd239577bdbbc4","core/src/main/java/org/elasticsearch/action/update/UpdateResponse.java","5","0","1","10","74","113","0"
"elasticsearch","56cc87b7ccd41040d8fafcaf2da3680d96d10839","core/src/main/java/org/elasticsearch/action/update/UpdateResponse.java","5","0","1","10","74","115","0"
"hazelcast","b3a45d9908bab4174b09d59385a02ff3ed7eada1","hazelcast/src/main/java/com/hazelcast/internal/nearcache/impl/store/HeapNearCacheRecordMap.java","5","0","1","10","77","116","1"
"elasticsearch","b007af1f464f49849705356a2eea212ed68643ac","src/test/java/org/elasticsearch/test/integration/search/customscore/CustomScoreSearchTests.java","5","0","1","10","799","972","0"
"elasticsearch","2b03bc83a40e470c977564195f6dcc2c208710d1","src/test/java/org/elasticsearch/test/integration/search/customscore/CustomScoreSearchTests.java","5","0","1","10","799","973","1"
"elasticsearch","149ef74b26bb33d3a1d3c1c45c481a01345cd764","core/src/main/java/org/elasticsearch/ingest/PipelineConfiguration.java","5","0","1","10","85","136","0"
"elasticsearch","b1cef5fdf8e1f8e9982a4724986b2731ca4d522b","core/src/main/java/org/elasticsearch/ingest/PipelineConfiguration.java","5","0","1","10","86","137","1"
"elasticsearch","5f188d29fac19f26959eeae17d4ed901cd3b7d6f","src/main/java/org/elasticsearch/action/delete/ShardDeleteRequest.java","5","0","1","10","89","129","1"
"hazelcast","e4615337660cfa284b02427ac949c70b9b6ddc2d","hazelcast/src/main/java/com/hazelcast/internal/ascii/rest/HttpCommand.java","5","0","1","10","93","134","0"
"hazelcast","565257f977407eb3a0199d082860209c2958f5f9","hazelcast/src/main/java/com/hazelcast/internal/ascii/rest/HttpCommand.java","5","0","1","10","95","136","1"
"hazelcast","564167c1f93b32ce742411106e9ae67eae88a801","hazelcast/src/main/java/com/hazelcast/internal/ascii/rest/HttpCommand.java","5","0","1","10","96","137","0"
"hazelcast","b2439e588d728dadfb4c2f65dac779d100b2a2fb","hazelcast/src/main/java/com/hazelcast/internal/ascii/rest/HttpCommand.java","5","0","1","10","98","141","1"
"BroadleafCommerce","793ba6f34b97b01cf4d776b90c06ae3629558475","admin/broadleaf-contentmanagement-module/src/main/java/org/broadleafcommerce/cms/page/domain/PageFieldImpl.java","5","0","1","11","116","158","1"
"BroadleafCommerce","793ba6f34b97b01cf4d776b90c06ae3629558475","admin/broadleaf-contentmanagement-module/src/main/java/org/broadleafcommerce/cms/structure/domain/StructuredContentFieldImpl.java","5","0","1","11","116","160","1"
"BroadleafCommerce","5dc2325bf9b095ce456ad82df0f12b3dd5a49e57","core/broadleaf-framework/src/main/java/org/broadleafcommerce/core/search/domain/IndexFieldImpl.java","5","0","1","11","133","177","0"
"elasticsearch","4bce7271659889d839388d7df5c61a6d2a5c3c7a","core/src/test/java/org/elasticsearch/validate/SimpleValidateQueryIT.java","5","0","1","11","261","334","0"
"elasticsearch","eeac4b9721d42ad133996c07e812035ca767cb22","core/src/test/java/org/elasticsearch/validate/SimpleValidateQueryIT.java","5","0","1","11","261","334","0"
"elasticsearch","47f92d7c621eb0b0e4cf350ae21c8553592a324f","core/src/test/java/org/elasticsearch/validate/SimpleValidateQueryIT.java","5","0","1","11","261","334","1"
"elasticsearch","233c63fc638ffb0d6f54d3e737dbd0cd68dfc182","core/src/test/java/org/elasticsearch/validate/SimpleValidateQueryIT.java","5","0","1","11","263","336","1"
"hazelcast","0dcac2107149f1a24af61788b11b53bd49eb4a73","hazelcast/src/main/java/com/hazelcast/instance/GroupProperties.java","5","0","1","11","417","885","1"
"orientdb","2767a54ee6308493e6a69b4b2951d8d2252bfd6b","core/src/main/java/com/orientechnologies/orient/core/tx/OTransactionIndexChanges.java","5","0","1","11","61","110","0"
"elasticsearch","e1cca9000603b164cc70ff25534381e5df2a8220","src/main/java/org/elasticsearch/index/get/GetField.java","5","0","1","11","65","106","0"
"elasticsearch","103f587be108429c6bf272e345c4820f4895e5b6","src/main/java/org/elasticsearch/index/get/GetField.java","5","0","1","11","66","107","1"
"hazelcast","dd0e661f64ff3f6c9e0704e5a93d1cb5527a33f2","hazelcast/src/main/java/com/hazelcast/map/impl/query/AggregationResult.java","5","0","1","11","69","106","1"
"elasticsearch","e1cca9000603b164cc70ff25534381e5df2a8220","src/main/java/org/elasticsearch/search/internal/InternalSearchHitField.java","5","0","1","11","69","110","0"
"elasticsearch","103f587be108429c6bf272e345c4820f4895e5b6","src/main/java/org/elasticsearch/search/internal/InternalSearchHitField.java","5","0","1","11","70","111","1"
"hazelcast","047e128ada1c21554be6bae6eb71afbda275e6ce","hazelcast-wm/src/main/java/com/hazelcast/web/entryprocessor/DeleteSessionEntryProcessor.java","5","0","1","11","74","111","3"
"hazelcast","69975a8df84795d2fbd45e45b1d169e13fcbf0b1","hazelcast-wm/src/main/java/com/hazelcast/web/entryprocessor/DeleteSessionEntryProcessor.java","5","0","1","11","74","113","1"
"elasticsearch","371c73e14023917f3892090d2d3d7ff9ac1216b9","core/src/main/java/org/elasticsearch/cluster/routing/RestoreSource.java","5","0","1","11","74","116","3"
"elasticsearch","78574d248cf10dad1c5a566fda79e1e0c94afe43","core/src/main/java/org/elasticsearch/cluster/routing/RestoreSource.java","5","0","1","11","74","116","2"
"elasticsearch","e6aaaf11ed4a1b8f595f920de1840938eddb7a97","core/src/main/java/org/elasticsearch/cluster/routing/RestoreSource.java","5","0","1","11","74","116","2"
"elasticsearch","a60b8948ba1d836a6eac7cff095519e618939ed8","core/src/main/java/org/elasticsearch/cluster/routing/RestoreSource.java","5","0","1","11","74","116","0"
"elasticsearch","cb5c25ab4fb78c0da392726566ee3d74924454c5","core/src/main/java/org/elasticsearch/index/translog/BufferedChecksumStreamInput.java","5","0","1","11","78","119","0"
"elasticsearch","8d1e9dbd3cd9007356abaaf363a9b04019b9d2a8","modules/elasticsearch/src/main/java/org/elasticsearch/search/facet/datehistogram/ValueScriptDateHistogramFacetCollector.java","5","0","1","11","98","162","0"
"hazelcast","7c9eca04f5b553403367c3372c2e015b643fcb97","hazelcast-client/src/main/java/com/hazelcast/client/spi/impl/ClientExecutionServiceImpl.java","5","0","1","12","113","159","1"
"hazelcast","c57d3349fbdda6d4454ef257937a2199cea9572f","hazelcast/src/test/java/com/hazelcast/map/impl/event/EntryEventDataCacheTest.java","5","0","1","12","117","174","0"
"hazelcast","8bec31c0d9196721b80a0a58b4cfc45fc4ebd32e","hazelcast/src/test/java/com/hazelcast/map/impl/event/EntryEventDataCacheTest.java","5","0","1","12","118","175","1"
"BroadleafCommerce","9a2399ccabc71c63572c786cacfa9d17404bf0db","core/broadleaf-framework/src/main/java/org/broadleafcommerce/core/search/domain/IndexFieldImpl.java","5","0","1","12","145","188","0"
"hazelcast","8d373b62327a5c012a5b8f2bad456311df03bf61","hazelcast-client/src/main/java/com/hazelcast/client/spi/impl/ClientExecutionServiceImpl.java","5","0","1","12","147","198","3"
"elasticsearch","a10c80e20fbef5c7b9ced1839422dc48b7f0d8d0","src/main/java/org/elasticsearch/common/xcontent/ToXContent.java","5","0","1","12","61","105","1"
"orientdb","9efe2cd66c4553dc020f53673075962644a035b1","core/src/main/java/com/orientechnologies/orient/core/sql/OCommandExecutorSQLDelegate.java","5","0","1","12","75","120","0"
"neo4j","1f22cd0deabcf1e618e4053524cdbfea4940c059","community/security/src/main/java/org/neo4j/server/security/auth/BasicAuthSubject.java","5","0","1","13","100","148","0"
"hazelcast","6474545aa5329fefb6b8aca3d96457f3fd89c46c","hazelcast/src/main/java/com/hazelcast/collection/client/CollectionAddListenerRequest.java","5","0","1","13","117","161","1"
"hazelcast","f2a552590f59888cfdba1c4cfc42c481e582e76f","hazelcast/src/main/java/com/hazelcast/collection/client/CollectionAddListenerRequest.java","5","0","1","13","117","161","1"
"hazelcast","a476ebc118a4c2591a6901e9d093456450e8c205","hazelcast/src/main/java/com/hazelcast/collection/client/CollectionAddListenerRequest.java","5","0","1","13","117","161","0"
"hazelcast","ae877df50978fcfb112d6d0cab2c78f80d1ee770","hazelcast/src/main/java/com/hazelcast/collection/impl/collection/client/CollectionAddListenerRequest.java","5","0","1","13","120","164","1"
"hazelcast","718bfcebf8809c975e362b23e4ffb5a13d6d2197","hazelcast/src/test/java/com/hazelcast/map/impl/event/EntryEventDataCacheTest.java","5","0","1","13","143","205","0"
"hazelcast","c6dda757b3937ef9d6b5c5912ee11e1096e8a526","hazelcast-client-legacy/src/main/java/com/hazelcast/client/spi/impl/ClientExecutionServiceImpl.java","5","0","1","13","150","201","0"
"hazelcast","485f426abc042144ebf9fd213e724556ad967191","hazelcast-client/src/main/java/com/hazelcast/client/spi/impl/ClientExecutionServiceImpl.java","5","0","1","13","153","205","3"
"elasticsearch","1210b08ecbe85c40f6ab73bf8b2ef0d91e4b67a3","src/test/java/org/elasticsearch/index/mapper/geo/LatLonMappingGeoPointTests.java","5","0","1","13","300","396","1"
"hazelcast","84e0a9b9d444f633dbd2bced60d95bc478086fea","hazelcast/src/main/java/com/hazelcast/cache/impl/CachePartitionSegment.java","5","0","1","13","73","114","1"
"orientdb","b8e6c27d884e64b125b691a0b066979dad05e2b7","core/src/main/java/com/orientechnologies/orient/core/command/script/OCommandScript.java","5","0","1","13","75","124","0"
"orientdb","1ffb4a74231b07389afced95123a7ef989a442cc","graphdb/src/main/java/com/tinkerpop/blueprints/impls/orient/OrientGraphCommand.java","5","0","1","13","77","121","0"
"neo4j","c78d5b9a732e8512a6136e4194de35dbffdeaca6","community/kernel/src/main/java/org/neo4j/kernel/recovery/Recovery.java","5","0","1","13","80","125","1"
"neo4j","035903e9ebdada5ea1269b223a6b5ee102763a1d","community/kernel/src/main/java/org/neo4j/kernel/recovery/Recovery.java","5","0","1","13","81","125","0"
"elasticsearch","0ccf8a742df544c25edec70d1f91f2aab2028773","core/src/main/java/org/elasticsearch/index/translog/BufferedChecksumStreamInput.java","5","0","1","13","85","126","1"
"elasticsearch","01ca81e2a37c9cd38c6dc44ae567d427c059dbe0","src/main/java/org/elasticsearch/indices/recovery/RecoveryFileChunkRequest.java","5","0","1","13","94","135","0"
"neo4j","2e27f92cd55a1b84efcb0d4b6bc95b16450304a2","community/security/src/main/java/org/neo4j/server/security/auth/BasicAuthSubject.java","5","0","1","13","99","146","1"
"neo4j","61cf94c66e7a8c7053bb8cc8c336751a651c6307","community/security/src/main/java/org/neo4j/server/security/auth/BasicAuthSubject.java","5","0","1","14","105","154","1"
"elasticsearch","5349ecdb778842899d686741c4336b25add6e4bb","src/test/java/org/elasticsearch/index/mapper/geo/LatLonMappingGeoPointTests.java","5","0","1","14","317","417","0"
"antlr4","1aa3c957ebb6f7060decbd78a1be62c67da2619c","runtime/Java/src/org/antlr/v4/runtime/atn/ATNState.java","5","0","1","14","95","230","1"
"netty","58b968b6036dc194dce5a3e70d05d493b2fb6b58","transport/src/main/java/io/netty/channel/socket/oio/DefaultOioServerSocketChannelConfig.java","5","0","1","15","102","141","0"
"elasticsearch","f613413ce477005a3bfc9bd153eab7d48225e82e","src/main/java/org/elasticsearch/search/lookup/LeafDocLookup.java","5","0","1","15","103","151","0"
"neo4j","c1f7605eb05731fe0b706c50dd830e2421d84166","community/security/src/main/java/org/neo4j/server/security/auth/BasicAuthSubject.java","5","0","1","15","110","160","0"
"elasticsearch","5351fbd8a0773cbf5efa5490e5e06095789a8edb","src/main/java/org/elasticsearch/search/lookup/LeafDocLookup.java","5","0","1","15","110","161","0"
"elasticsearch","e1efd5f6baf8dec1c23c79b346b8a29f234a98bb","core/src/main/java/org/elasticsearch/cluster/action/index/NodeIndexDeletedAction.java","5","0","1","15","136","191","0"
"elasticsearch","d6a756fbe2475db5ee00975a5a563077a4300ecf","core/src/main/java/org/elasticsearch/cluster/action/index/NodeIndexDeletedAction.java","5","0","1","15","137","192","0"
"neo4j","33d8b5a7ef36eb1d2c9e72daa01a416a5a403079","community/kernel/src/test/java/org/neo4j/test/TestGraphDatabaseFactory.java","5","0","1","15","208","262","1"
"netty","ffd2450e1154ede31b4b1d7e20c887a9e60f2d00","transport/src/test/java/io/netty/channel/embedded/EmbeddedChannelTest.java","5","0","1","15","331","396","1"
"hazelcast","490031a220076fe6cf002b209e986e2edbad57b9","hazelcast-client/src/main/java/com/hazelcast/client/config/ClientProperties.java","5","0","1","15","87","172","1"
"hazelcast","25bb9a49d193a63a8a3da23c8d655c411ab6f8bc","hazelcast/src/main/java/com/hazelcast/map/impl/tx/TxnDeleteOperation.java","5","0","1","15","91","132","0"
"netty","1f27c3b39060e544b4d3aaf05b700dd5c433a0cd","transport/src/main/java/io/netty/channel/socket/oio/DefaultOioServerSocketChannelConfig.java","5","0","1","16","107","147","0"
"hazelcast","c9663014dbca779c47d4fa3d54fc1a7fa746965e","hazelcast/src/test/java/com/hazelcast/spi/impl/operationservice/impl/IsStillRunningServiceTest.java","5","0","1","16","343","435","0"
"netty","f2ed3e6ce8039d142e4c047fcc9cf09409105243","transport/src/test/java/io/netty/channel/embedded/EmbeddedChannelTest.java","5","0","1","16","347","414","0"
"netty","a1d0207ec52639f3ce65801a869565af53d19731","codec-http2/src/test/java/io/netty/handler/codec/http2/HttpToHttp2ConnectionHandlerTest.java","5","0","1","16","467","545","0"
"netty","2fefb2f79c30bcda5b43815d64174aac900e740c","codec-http2/src/test/java/io/netty/handler/codec/http2/HttpToHttp2ConnectionHandlerTest.java","5","0","1","16","470","548","1"
"hazelcast","4a1593fa6ba5c277c4ad2fc320d803b0e63b9339","hazelcast/src/main/java/com/hazelcast/replicatedmap/impl/record/InternalReplicatedMapStorage.java","5","0","1","16","70","116","0"
"elasticsearch","e530f03b9445e98728b5fbf203c57ab774928ff3","src/main/java/org/elasticsearch/cluster/routing/allocation/RoutingAllocation.java","5","0","1","16","77","128","0"
"elasticsearch","20d5481ac6a077ff1a646961aa9a03084023b4be","src/test/java/org/elasticsearch/index/query/SimpleIndexQueryParserTests.java","5","0","1","160","1975","2258","1"
"hazelcast","42e5849f7ebce11fa76d0780610fba85b1818987","hazelcast-client/src/main/java/com/hazelcast/client/config/ClientProperties.java","5","0","1","17","101","205","0"
"elasticsearch","321606d3aa009f92a8f4248fe27b6b1650befe01","core/src/main/java/org/elasticsearch/search/aggregations/bucket/range/ipv4/InternalIPv4Range.java","5","0","1","17","110","160","2"
"neo4j","21dc057a8a68245281a22d7bdb8da5ae2103f057","enterprise/core-edge/src/test/java/org/neo4j/test/coreedge/ClusterRule.java","5","0","1","17","156","208","0"
"neo4j","9a371bafe80ceb4e6cdc8502fbd22f9f8ec3d59d","enterprise/core-edge/src/test/java/org/neo4j/test/coreedge/ClusterRule.java","5","0","1","17","157","209","1"
"elasticsearch","ddbfda2c68e6be7067bc8d9f779c3e75289eb99c","core/src/main/java/org/elasticsearch/search/aggregations/bucket/significant/SignificantStringTerms.java","5","0","1","17","181","239","1"
"elasticsearch","61b1f4ad0b88323a238c3f6a1d6d539c4479675a","core/src/main/java/org/elasticsearch/search/aggregations/bucket/significant/SignificantStringTerms.java","5","0","1","17","187","245","0"
"elasticsearch","741ecf80ff21e1da47ace2e994ae5162884a4174","core/src/test/java/org/elasticsearch/common/xcontent/support/XContentMapValuesTests.java","5","0","1","17","435","555","1"
"elasticsearch","3674774b737bd607e40b22fb52e80b65e1210e2a","modules/lang-groovy/src/test/java/org/elasticsearch/messy/tests/ExtendedStatsTests.java","5","0","1","17","470","559","0"
"elasticsearch","c69fc008d45abecb7644234cb1c6b8d1eafd3eb8","modules/lang-groovy/src/test/java/org/elasticsearch/messy/tests/ExtendedStatsTests.java","5","0","1","17","470","559","0"
"elasticsearch","5f24581de31ddcfb1228f93261b78e48515e25b0","modules/lang-groovy/src/test/java/org/elasticsearch/messy/tests/ExtendedStatsTests.java","5","0","1","17","470","559","2"
"netty","6241bb059cd0d565da2f58391f2490296608208f","codec-http2/src/test/java/io/netty/handler/codec/http2/HttpToHttp2ConnectionHandlerTest.java","5","0","1","17","482","562","0"
"netty","6257091d121903f0ad83ae43ecb6697b861727a8","codec-http2/src/test/java/io/netty/handler/codec/http2/HttpToHttp2ConnectionHandlerTest.java","5","0","1","17","489","569","0"
"netty","b39380ad83cda7ebe79d692216e204b8b6b67568","codec-http2/src/test/java/io/netty/handler/codec/http2/HttpToHttp2ConnectionHandlerTest.java","5","0","1","17","489","569","0"
"netty","253cd694ef6317d52d41b220f4dcf5fd69f44ec3","codec-http2/src/test/java/io/netty/handler/codec/http2/HttpToHttp2ConnectionHandlerTest.java","5","0","1","17","489","569","1"
"BroadleafCommerce","1e8b29ba6d27d72811406cce7db53ed3fa903475","core/broadleaf-framework-web/src/main/java/org/broadleafcommerce/core/web/checkout/model/BillingInfoForm.java","5","0","1","17","70","116","0"
"netty","227e67900e35f0d01fbf3f4aca86877aefa52d79","codec-http2/src/test/java/io/netty/handler/codec/http2/Http2ConnectionHandlerTest.java","5","0","1","18","361","441","1"
"netty","253cd694ef6317d52d41b220f4dcf5fd69f44ec3","codec-http2/src/test/java/io/netty/handler/codec/http2/Http2ConnectionHandlerTest.java","5","0","1","18","361","441","1"
"netty","8cd259896e313e7537c26e1f41242d0b21dff8c1","codec-http2/src/test/java/io/netty/handler/codec/http2/Http2ConnectionHandlerTest.java","5","0","1","18","361","441","0"
"elasticsearch","acc095095760c77f3fd7f8f14127b811c5a25ef9","src/main/java/org/elasticsearch/common/xcontent/ToXContent.java","5","0","1","18","84","133","0"
"elasticsearch","5d6e84f206c85476d25e4b26e7998db2067e3bac","modules/elasticsearch/src/main/java/org/elasticsearch/index/mapper/xcontent/geo/GeoPointFieldData.java","5","0","1","19","118","177","1"
"netty","77b4ec7e1bc0b8c6111728cc074226dd9cfe1b73","transport/src/main/java/io/netty/channel/socket/oio/DefaultOioServerSocketChannelConfig.java","5","0","1","19","123","166","1"
"antlr4","b4a53d56d4324739e823344237c4d7fdf6cac90c","tool/src/org/antlr/v4/semantics/SymbolCollector.java","5","0","1","19","130","199","1"
"elasticsearch","0f88f215357acc3e988aef073a8f1a0db7de9ccb","core/src/main/java/org/elasticsearch/discovery/zen/MembershipAction.java","5","0","1","19","162","235","0"
"elasticsearch","708d11f54a62946c35459c6c004d14b61fb54917","core/src/main/java/org/elasticsearch/discovery/zen/MembershipAction.java","5","0","1","19","168","241","1"
"BroadleafCommerce","27d1d3f1bb71de25bcdce0eeb55b4a44b5b2dade","common/src/main/java/org/broadleafcommerce/common/config/domain/AbstractModuleConfiguration.java","5","0","1","19","176","248","0"
"netty","56e6e07b25b968a27cdc25209664dc95f67721d1","codec-http2/src/test/java/io/netty/handler/codec/http2/Http2ConnectionHandlerTest.java","5","0","1","19","368","449","1"
"netty","06e29e0d1b4ebf16b47969d5fbc71bdaf19fe3e8","codec-http2/src/test/java/io/netty/handler/codec/http2/Http2ConnectionHandlerTest.java","5","0","1","19","370","451","0"
"BroadleafCommerce","d8dbf31381e5c689ad90bada81d6092e897818bb","integration/src/test/java/org/broadleafcommerce/core/offer/service/OfferTest.java","5","0","1","19","435","581","0"
"elasticsearch","7961dfa7ab727f1c43684473b3c0b7864e227b1e","src/main/java/org/elasticsearch/index/search/child/HasChildFilter.java","5","0","1","2","105","154","1"
"elasticsearch","03c02143dd52f03ad0f15f064a999119b3066919","src/main/java/org/elasticsearch/rest/action/percolate/RestPercolateAction.java","5","0","1","2","124","177","5"
"elasticsearch","1ffdd2ae3f15a42b731d926b1eb90c963375d2b9","src/main/java/org/elasticsearch/rest/action/percolate/RestPercolateAction.java","5","0","1","2","124","177","1"
"elasticsearch","5e58f4066eb4da51e147b502eacccaedd1878269","src/main/java/org/elasticsearch/rest/action/percolate/RestPercolateAction.java","5","0","1","2","124","177","5"
"elasticsearch","71b8876d8343a478e1f87eb3506696be950e96d2","src/main/java/org/elasticsearch/rest/action/percolate/RestPercolateAction.java","5","0","1","2","124","177","5"
"elasticsearch","bf3d20eb0598afffa319ab59b433b4abf445f9d5","src/main/java/org/elasticsearch/rest/action/percolate/RestPercolateAction.java","5","0","1","2","124","177","5"
"elasticsearch","d621ab9958aa3fd313f2a5e03ad89a8268b33f6f","src/main/java/org/elasticsearch/rest/action/percolate/RestPercolateAction.java","5","0","1","2","124","177","0"
"elasticsearch","ca7cd215197540eff550e144a63509c0fb691d5d","modules/elasticsearch/src/main/java/org/elasticsearch/index/mapper/selector/UidAndSourceFieldSelector.java","5","0","1","2","26","56","0"
"orientdb","49a91931a74e848e49cfd09f1895a76917b25392","jdbc/src/main/java/com/orientechnologies/orient/jdbc/OrientJdbcUtils.java","5","0","1","2","28","38","0"
"elasticsearch","1b68f99449c5723a86d722beeec2276351d77fa9","src/main/java/org/elasticsearch/index/mapper/selector/UidAndRoutingFieldSelector.java","5","0","1","2","28","56","0"
"elasticsearch","9bc50ea60945a470ba8bd432407ebe98af996f77","src/main/java/org/elasticsearch/index/store/distributor/RandomWeightedDistributor.java","5","0","1","2","30","63","0"
"elasticsearch","9bc50ea60945a470ba8bd432407ebe98af996f77","src/main/java/org/elasticsearch/index/store/distributor/LeastUsedDistributor.java","5","0","1","2","32","63","0"
"elasticsearch","4dddeeb30cdb78d22356a1cdccb93a81071256ee","src/main/java/org/apache/lucene/store/XMMapFSDirectory.java","5","0","1","2","34","65","0"
"hazelcast","03372a7a80de275ffc0b9d39f93fe5d74b2e11a1","hazelcast/src/main/java/com/hazelcast/osgi/Activator.java","5","0","1","2","34","68","1"
"elasticsearch","0a69f1e283e26e5d9e6a000b68b9f4778de557a1","core/src/main/java/org/elasticsearch/common/settings/SettingsModule.java","5","0","1","2","36","70","2"
"ceylon-ide-eclipse","f3b7b9c6d2c9d155506d7c4a85c3d3c481f0b844","plugins/com.redhat.ceylon.eclipse.ui/src/com/redhat/ceylon/eclipse/code/refactor/RefactoringStarter.java","5","0","1","2","37","60","1"
"hazelcast","69848d9bdc1ac0061e96ac383fb1abe593c955f5","hazelcast/src/main/java/com/hazelcast/concurrent/lock/ObjectNamespaceSerializationHelper.java","5","0","1","2","37","67","0"
"hazelcast","ab409425fb46ef030b6382eb8993ca357095c072","hazelcast/src/main/java/com/hazelcast/concurrent/lock/ObjectNamespaceSerializationHelper.java","5","0","1","2","38","68","1"
"BroadleafCommerce","121fb9da120731cb573dabb23e44df67447d001d","core/broadleaf-framework-web/src/main/java/org/broadleafcommerce/core/web/catalog/SkuHandlerMapping.java","5","0","1","2","38","80","1"
"elasticsearch","7e3ccf2ee32cef80715b3d47cb30e06426e3002c","core/src/main/java/org/elasticsearch/cluster/routing/allocation/decider/NodeVersionAllocationDecider.java","5","0","1","2","39","79","1"
"elasticsearch","becbbf53d50506e98f5d3d8b3d9fb5a1d6469a6c","src/main/java/org/elasticsearch/index/analysis/EdgeNGramTokenFilterFactory.java","5","0","1","2","40","72","1"
"titan","63cd447da2fac871c2528fcec575e19b10e7330b","src/main/java/com/thinkaurelius/faunus/formats/sequence/faunus01/VertexConverter.java","5","0","1","2","42","50","1"
"elasticsearch","2b3760f78b26817b5a2030aa27b1ddf2f17462f6","core/src/main/java/org/elasticsearch/rest/action/cat/AbstractCatAction.java","5","0","1","2","43","74","1"
"hazelcast","a20130a01f036402945c6a0ba5456519334af5d9","hazelcast/src/main/java/com/hazelcast/osgi/Activator.java","5","0","1","2","45","82","0"
"netty","fcbeebf6dff759a1e0cfe2e20fe5103e4c40075c","handler/src/main/java/io/netty/handler/ssl/ApplicationProtocolNegotiationHandler.java","5","0","1","2","46","125","0"
"netty","cd0b5ec2db593d45c96bd6b55b0024042534af04","codec-socks/src/main/java/io/netty/handler/codec/socks/SocksInitRequestDecoder.java","5","0","1","2","46","74","1"
"netty","63a02fc04e6ce45aee38b0437ae0279880e5fe40","codec-dns/src/main/java/io/netty/handler/codec/dns/DefaultDnsRecordEncoder.java","5","0","1","2","46","80","0"
"netty","af4b71a00e30faf86ef1c2365e965e8f04f65bee","codec-socks/src/main/java/io/netty/handler/codec/socks/SocksInitRequestDecoder.java","5","0","1","2","47","75","0"
"netty","cd0b5ec2db593d45c96bd6b55b0024042534af04","codec-socks/src/main/java/io/netty/handler/codec/socks/SocksAuthRequestDecoder.java","5","0","1","2","48","75","1"
"elasticsearch","2c386046f5c612b56ca0319429a17169de4f99c8","src/main/java/org/elasticsearch/cloud/aws/node/Ec2CustomNodeAttributes.java","5","0","1","2","48","78","1"
"netty","af4b71a00e30faf86ef1c2365e965e8f04f65bee","codec-socks/src/main/java/io/netty/handler/codec/socks/SocksAuthRequestDecoder.java","5","0","1","2","49","76","0"
"elasticsearch","7ab0e2c5321c802068d85c0fa3a0f44e0b02c5a4","plugins/delete-by-query/src/main/java/org/elasticsearch/rest/action/deletebyquery/RestDeleteByQueryAction.java","5","0","1","2","49","77","1"
"elasticsearch","f79fb4ada7995c11874346787db276b6edafaa8f","core/src/main/java/org/elasticsearch/indices/recovery/SharedFSRecoverySourceHandler.java","5","0","1","2","49","87","1"
"oryx","d16f89b25fc5e12f94af6432274c66e0394c1743","app/oryx-app-serving/src/main/java/com/cloudera/oryx/app/serving/als/Preference.java","5","0","1","2","51","83","0"
"elasticsearch","becbbf53d50506e98f5d3d8b3d9fb5a1d6469a6c","src/main/java/org/elasticsearch/index/analysis/EdgeNGramTokenizerFactory.java","5","0","1","2","51","84","1"
"netty","9d555b0b97618c8bdee03a7fa20b3c0f1e8321dc","common/src/main/java/io/netty/util/internal/DetectionUtil.java","5","0","1","2","51","92","1"
"oryx","92bff167832b0389e135a60e46f1284c34744e3c","app/oryx-app-serving/src/main/java/com/cloudera/oryx/app/serving/als/Preference.java","5","0","1","2","53","85","0"
"oryx","27e9046b2bd92243c260efd8bcd0af46b92bdf9e","app/oryx-app-serving/src/main/java/com/cloudera/oryx/app/serving/als/Preference.java","5","0","1","2","53","85","0"
"oryx","49c1ead1c67cc8b980a4be36cff731a14ba4f3fb","app/oryx-app-serving/src/main/java/com/cloudera/oryx/app/serving/als/Preference.java","5","0","1","2","53","85","0"
"oryx","d6687d2eb4391d042aa1d5e80653326e501b0fed","app/oryx-app-serving/src/main/java/com/cloudera/oryx/app/serving/als/Preference.java","5","0","1","2","53","85","1"
"elasticsearch","9080f51340b1b26f8bd171b4c82de8d87ad42b55","core/src/test/java/org/elasticsearch/index/query/SpanTermQueryBuilderTests.java","5","0","1","2","53","88","1"
"elasticsearch","8741691511a93429170ce830d14df3f67395c09f","core/src/main/java/org/elasticsearch/indices/recovery/SharedFSRecoverySourceHandler.java","5","0","1","2","54","92","0"
"oryx","518dc444be616e55a8aeb1bd047aaa411ae3281a","app/oryx-app-serving/src/main/java/com/cloudera/oryx/app/serving/als/Preference.java","5","0","1","2","55","87","0"
"BroadleafCommerce","cd4dba4517e56b14042e5ed1567e933ca3904efd","core/broadleaf-framework/src/main/java/org/broadleafcommerce/core/order/service/workflow/CheckUpdateAvailabilityActivity.java","5","0","1","2","57","96","0"
"elasticsearch","d3e10f911154d5eea93da15fd75b78c861053348","src/main/java/org/elasticsearch/rest/action/admin/cluster/state/RestClusterStateAction.java","5","0","1","2","58","94","1"
"elasticsearch","51d53791fe71c9cb62bc992588a57cdfb500383f","core/src/main/java/org/elasticsearch/rest/action/admin/indices/RestGetAliasesAction.java","5","0","1","2","59","119","0"
"elasticsearch","4f8ddd97bfca2afdab35c4dff6932ff54432ead1","src/main/java/org/elasticsearch/rest/action/admin/cluster/state/RestClusterStateAction.java","5","0","1","2","59","95","1"
"netty","49aa907bd05cc58c8ab1a6d72c85835fd7a30394","transport/src/main/java/io/netty/channel/aio/AioCompletionHandler.java","5","0","1","2","59","97","0"
"elasticsearch","eeb96db76b42d5a258af51b4a3861d6a09128a79","src/main/java/org/elasticsearch/rest/action/admin/cluster/state/RestClusterStateAction.java","5","0","1","2","60","96","0"
"elasticsearch","ea2732a9676d560cfe611cd56987ac33f97258d7","src/test/java/org/elasticsearch/test/integration/cluster/allocation/FilteringAllocationTests.java","5","0","1","2","61","97","1"
"neo4j","353af6b311bab520e7306387dc1ad1f75f841f41","community/kernel/src/main/java/org/neo4j/kernel/impl/transaction/state/storeview/DynamicIndexStoreView.java","5","0","1","2","64","100","1"
"hazelcast","3b90d542fb7b0efadeb582baf4ea1ba529635efb","hazelcast-client/src/main/java/com/hazelcast/client/impl/ClusterAuthenticator.java","5","0","1","2","64","96","2"
"elasticsearch","1ffdd2ae3f15a42b731d926b1eb90c963375d2b9","src/main/java/org/elasticsearch/rest/action/percolate/RestMultiPercolateAction.java","5","0","1","2","67","103","1"
"elasticsearch","d621ab9958aa3fd313f2a5e03ad89a8268b33f6f","src/main/java/org/elasticsearch/rest/action/percolate/RestMultiPercolateAction.java","5","0","1","2","68","104","0"
"hazelcast","f5b5e658ea42c43530cc3fd5e132e2fe503ab8b4","subscriber/ClientQueryCacheEndToEndConstructor.java","5","0","1","2","68","93","0"
"elasticsearch","673ef3db3ff4f8153db6081d399970d8f08ef5ae","src/test/java/org/elasticsearch/index/analysis/StemmerTokenFilterFactoryTests.java","5","0","1","2","69","106","0"
"hazelcast","6339b1fab9aeeec4cfa95ab0b45ae1f7619e6024","hazelcast/src/main/java/com/hazelcast/map/impl/nearcache/invalidation/MemberMapMetaDataFetcher.java","5","0","1","2","71","104","1"
"hazelcast","799be19ee1c5e581a0b3296cd336a5d3f5f2f62c","hazelcast/src/main/java/com/hazelcast/map/impl/nearcache/invalidation/MemberMapMetaDataFetcher.java","5","0","1","2","71","104","1"
"hazelcast","7001ec8c5b1305c796de75c2e3f170c562db8c03","hazelcast/src/main/java/com/hazelcast/map/impl/nearcache/invalidation/MemberMapMetaDataFetcher.java","5","0","1","2","71","104","0"
"elasticsearch","03c02143dd52f03ad0f15f064a999119b3066919","src/main/java/org/elasticsearch/rest/action/search/RestMultiSearchAction.java","5","0","1","2","72","107","5"
"elasticsearch","d621ab9958aa3fd313f2a5e03ad89a8268b33f6f","src/main/java/org/elasticsearch/rest/action/search/RestMultiSearchAction.java","5","0","1","2","73","108","0"
"netty","71f25d13e2685493d13a157190d068c0a79655ae","transport/src/main/java/io/netty/channel/aio/AioCompletionHandler.java","5","0","1","2","73","115","0"
"hazelcast","6339b1fab9aeeec4cfa95ab0b45ae1f7619e6024","hazelcast-client/src/main/java/com/hazelcast/client/map/impl/nearcache/invalidation/ClientMapMetaDataFetcher.java","5","0","1","2","78","111","1"
"hazelcast","799be19ee1c5e581a0b3296cd336a5d3f5f2f62c","hazelcast-client/src/main/java/com/hazelcast/client/map/impl/nearcache/invalidation/ClientMapMetaDataFetcher.java","5","0","1","2","78","111","1"
"hazelcast","7001ec8c5b1305c796de75c2e3f170c562db8c03","hazelcast-client/src/main/java/com/hazelcast/client/map/impl/nearcache/invalidation/ClientMapMetaDataFetcher.java","5","0","1","2","78","111","0"
"hazelcast","6339b1fab9aeeec4cfa95ab0b45ae1f7619e6024","hazelcast-client/src/main/java/com/hazelcast/client/cache/impl/nearcache/invalidation/ClientCacheMetaDataFetcher.java","5","0","1","2","78","112","1"
"hazelcast","799be19ee1c5e581a0b3296cd336a5d3f5f2f62c","hazelcast-client/src/main/java/com/hazelcast/client/cache/impl/nearcache/invalidation/ClientCacheMetaDataFetcher.java","5","0","1","2","78","112","1"
"hazelcast","7001ec8c5b1305c796de75c2e3f170c562db8c03","hazelcast-client/src/main/java/com/hazelcast/client/cache/impl/nearcache/invalidation/ClientCacheMetaDataFetcher.java","5","0","1","2","78","112","0"
"elasticsearch","fbe27664a65ca7ab5b7dbe1c328ab27423e4313c","core/src/main/java/org/elasticsearch/rest/action/document/RestBulkAction.java","5","0","1","2","80","122","2"
"hazelcast","adbc8e2988688b80d6acf089c9ae7662ef1dca34","hazelcast-client-new/src/test/java/com/hazelcast/client/spi/impl/ClientInvocationTest.java","5","0","1","2","91","136","1"
"hazelcast","6b7235b103114e3c61d37c1614c12522e62c9ee7","hazelcast-client/src/test/java/com/hazelcast/client/spi/impl/ClientInvocationTest.java","5","0","1","2","92","135","1"
"hazelcast","8b6e4403969a786368bfb92b2da2802eebf42704","hazelcast-client/src/test/java/com/hazelcast/client/spi/impl/ClientInvocationTest.java","5","0","1","2","92","135","1"
"hazelcast","80a40ac2f605c374e8080f40c30a45839a2ba3c9","hazelcast-client/src/test/java/com/hazelcast/client/spi/impl/ClientInvocationTest.java","5","0","1","2","92","135","0"
"orientdb","46bbcabde62c2b9e61ebaf45dc23f16d9dee7f02","lucene/src/test/java/com/orientechnologies/lucene/test/LuceneVsLuceneTest.java","5","0","1","2","94","149","1"
"hazelcast","0636e7956d5cb082ea6cfbd58ae2cbf110e7a92b","hazelcast-client/src/test/java/com/hazelcast/client/spi/impl/ClientInvocationTest.java","5","0","1","2","95","138","0"
"orientdb","136db63960bbf53514691bf5a0bb8361a5ea5361","lucene/src/test/java/com/orientechnologies/lucene/test/LuceneVsLuceneTest.java","5","0","1","2","95","150","0"
"netty","58b968b6036dc194dce5a3e70d05d493b2fb6b58","transport/src/main/java/io/netty/channel/socket/oio/DefaultOioSocketChannelConfig.java","5","0","1","20","126","169","0"
"netty","91b378005461b85f965aa296daa087bc009b9da0","transport/src/main/java/io/netty/channel/socket/oio/DefaultOioServerSocketChannelConfig.java","5","0","1","20","128","172","0"
"antlr4","bb389782da9fe9a9a1c56c31a5af4f61c39c31fb","tool/src/org/antlr/v4/semantics/SymbolCollector.java","5","0","1","20","137","208","0"
"hazelcast","d9d20943b88faf6aa25ddbdc19feab4571611431","hazelcast-client/src/main/java/com/hazelcast/client/proxy/txn/ClientTxnMapProxy.java","5","0","1","20","185","234","1"
"elasticsearch","8ab7ca5284581d59b3988024894a934504371092","core/src/test/java/org/elasticsearch/common/xcontent/support/XContentMapValuesTests.java","5","0","1","20","465","594","0"
"hazelcast","170819280618fc3e2665463a0af524e893701259","hazelcast/src/main/java/com/hazelcast/map/impl/record/RecordInfo.java","5","0","1","21","116","167","0"
"hazelcast","9fa8002b3687a624b7d7e98d33b273a679c9f50e","hazelcast/src/main/java/com/hazelcast/map/impl/record/RecordInfo.java","5","0","1","21","116","169","1"
"netty","1f27c3b39060e544b4d3aaf05b700dd5c433a0cd","transport/src/main/java/io/netty/channel/socket/oio/DefaultOioSocketChannelConfig.java","5","0","1","21","131","175","0"
"BroadleafCommerce","1d6d9e9d14cd95417746ef0404084f9e3346758f","integration/src/test/java/org/broadleafcommerce/core/offer/service/OfferTest.java","5","0","1","21","463","618","0"
"elasticsearch","105d60ac9c28b1be4ab1e8d04a39c13cf9641c18","modules/elasticsearch/src/main/java/org/elasticsearch/index/mapper/xcontent/geo/GeoPointFieldData.java","5","0","1","22","122","183","0"
"hazelcast","d1b295726e76fc7c30bb23986b82b68eab32623b","hazelcast/src/test/java/com/hazelcast/cache/entryprocessor/CacheEntryProcessorTest.java","5","0","1","22","220","306","0"
"hazelcast","d568e4d926d925d57d4e79e34614390416749301","hazelcast/src/test/java/com/hazelcast/cache/entryprocessor/CacheEntryProcessorTest.java","5","0","1","22","220","306","0"
"hazelcast","70d4de16ff0ac4518d09aad8c9f2ad9e782fb337","hazelcast/src/test/java/com/hazelcast/cache/entryprocessor/CacheEntryProcessorTest.java","5","0","1","22","220","306","1"
"hazelcast","ef825f9217c8417807e7f5d05fec06f0ceafd257","hazelcast/src/main/java/com/hazelcast/map/impl/record/RecordInfo.java","5","0","1","23","125","178","1"
"hazelcast","bc83e7394a8da907fb09dab4c4c5ba35d58489ba","hazelcast/src/main/java/com/hazelcast/map/impl/record/RecordInfo.java","5","0","1","23","125","180","2"
"hazelcast","c6d10f57996a3883bc84eed7744e7b9fc0f65ea3","hazelcast/src/main/java/com/hazelcast/map/impl/MapService.java","5","0","1","23","148","213","1"
"netty","77b4ec7e1bc0b8c6111728cc074226dd9cfe1b73","transport/src/main/java/io/netty/channel/socket/oio/DefaultOioSocketChannelConfig.java","5","0","1","24","148","195","1"
"hazelcast","4d1ed95af678b60a479a0f0148855404e05cca05","hazelcast/src/main/java/com/hazelcast/map/impl/MapService.java","5","0","1","24","152","218","0"
"netty","8bbfcb05a08bc0dd11064d964a77da35fc2e5eb8","codec-http2/src/test/java/io/netty/handler/codec/http2/DefaultHttp2ConnectionEncoderTest.java","5","0","1","24","409","490","0"
"hazelcast","70d4de16ff0ac4518d09aad8c9f2ad9e782fb337","hazelcast/src/main/java/com/hazelcast/map/impl/querycache/event/DefaultQueryCacheEventData.java","5","0","1","25","132","181","1"
"netty","91b378005461b85f965aa296daa087bc009b9da0","transport/src/main/java/io/netty/channel/socket/oio/DefaultOioSocketChannelConfig.java","5","0","1","25","152","200","0"
"hazelcast","3da850bf11f1ca129bd489c040336e867c40997b","hazelcast/src/main/java/com/hazelcast/map/impl/MapService.java","5","0","1","25","155","222","0"
"hazelcast","96d2da68ad978e12b54a44bff7c351ada8a01ea7","hazelcast/src/main/java/com/hazelcast/map/impl/MapService.java","5","0","1","25","158","225","2"
"hazelcast","526abf8a41a024e20f78cfae44306b1bd8a5e346","hazelcast-client/src/test/java/com/hazelcast/client/txn/ClientTxnMapTest.java","5","0","1","25","386","520","2"
"hazelcast","cb96a27bb8e3a99ed10d2c2006a173b5b7c42fa6","hazelcast-client-new/src/test/java/com/hazelcast/client/txn/ClientTxnMapTest.java","5","0","1","25","387","524","1"
"hazelcast","6d6baa58a44233270f28a9732e83880de579b0c3","hazelcast-client/src/test/java/com/hazelcast/client/txn/ClientTxnMapTest.java","5","0","1","25","389","523","2"
"hazelcast","317fabec0c90b274c686ba018cc1b465fee244f2","hazelcast-client-new/src/test/java/com/hazelcast/client/txn/ClientTxnMapTest.java","5","0","1","25","389","524","0"
"hazelcast","930a9a6a25402ffa4c7ea81141069ef184c71d2b","hazelcast-client/src/test/java/com/hazelcast/client/txn/ClientTxnMapTest.java","5","0","1","25","389","524","0"
"hazelcast","2ae993668ae0897d3d7e6c907baff63ddaffe900","hazelcast-client/src/test/java/com/hazelcast/client/txn/ClientTxnMapTest.java","5","0","1","25","389","524","1"
"hazelcast","b777381e2f8cfc3d8bcde3a87c5cc9993e31d4a2","hazelcast-client-new/src/test/java/com/hazelcast/client/txn/ClientTxnMapTest.java","5","0","1","25","390","525","1"
"hazelcast","5458ddbd165b5781f5842d0d5d30b30036b4bb0d","hazelcast/src/main/java/com/hazelcast/map/impl/MapService.java","5","0","1","26","161","229","1"
"netty","ead87b7df8d923417475ead2d7680747b1a72f07","codec-http2/src/test/java/io/netty/handler/codec/http2/Http2ConnectionHandlerTest.java","5","0","1","28","535","644","1"
"netty","2fd42cfc6b32dacb812c6f2ecef8522cd94718d4","codec-http2/src/test/java/io/netty/handler/codec/http2/Http2ConnectionHandlerTest.java","5","0","1","28","536","645","0"
"hazelcast","39091ff574efe84ae6a3d772a1b7cfce80f4f2e0","hazelcast/src/test/java/com/hazelcast/queue/TransactionQueueTest.java","5","0","1","3","102","136","0"
"hazelcast","89a1d9713f8387d23ceb4e0ff31ff146075e7404","hazelcast/src/test/java/com/hazelcast/spi/InvocationTest.java","5","0","1","3","108","151","0"
"elasticsearch","523a8b4c3e8003316f3e7c6a74bdd5e4e1818dd6","modules/test/integration/src/test/java/org/elasticsearch/test/integration/search/geo/GeoDistanceTests.java","5","0","1","3","115","170","0"
"elasticsearch","9077bb6528f843ca8042ff95f8fac47140ef5aa1","modules/test/integration/src/test/java/org/elasticsearch/test/integration/search/geo/GeoDistanceTests.java","5","0","1","3","119","174","0"
"elasticsearch","e70a8d4ee986d0d80457aa7c65eb6f40e28c2805","src/test/java/org/elasticsearch/indices/state/RareClusterStateTests.java","5","0","1","3","186","248","1"
"hazelcast","659535b187534f79f468b67f6c746885d3988944","hazelcast/src/test/java/com/hazelcast/spi/impl/operationexecutor/impl/OperationExecutorImpl_AbstractTest.java","5","0","1","3","202","269","0"
"hazelcast","82683a8423a0a3209f3dd70ca23835ee63f0d0b8","hazelcast/src/test/java/com/hazelcast/spi/impl/operationexecutor/impl/OperationExecutorImpl_AbstractTest.java","5","0","1","3","202","269","0"
"hazelcast","73673199472b3fb25cf6c72de378a1d2bab18605","hazelcast/src/test/java/com/hazelcast/spi/impl/operationexecutor/impl/OperationExecutorImpl_AbstractTest.java","5","0","1","3","202","269","1"
"hazelcast","37c793b06378065ead1d0283e15ae21f150d248c","hazelcast/src/test/java/com/hazelcast/spi/impl/operationexecutor/impl/OperationExecutorImpl_AbstractTest.java","5","0","1","3","205","272","0"
"hazelcast","86b064ba3f1e467e74e95d6da24b03122065ce36","hazelcast/src/test/java/com/hazelcast/spi/impl/operationexecutor/impl/OperationExecutorImpl_AbstractTest.java","5","0","1","3","209","276","2"
"elasticsearch","79ff2ddd20503189f16bcf2ada9617f331fb0aca","core/src/test/java/org/elasticsearch/indices/cache/query/IndicesQueryCacheTests.java","5","0","1","3","240","309","0"
"elasticsearch","f322f537e41273fd33eb06752c5adcfa5850323f","core/src/test/java/org/elasticsearch/indices/IndicesQueryCacheTests.java","5","0","1","3","244","332","1"
"neo4j","30b42e950ac4a892ad0524ab6d9afe3091be49a4","enterprise/core-edge/src/main/java/org/neo4j/coreedge/core/EnterpriseCoreEditionModule.java","5","0","1","3","254","336","1"
"neo4j","951a365a594d7a300c3388374bc1eb59e33b19b4","enterprise/core-edge/src/main/java/org/neo4j/coreedge/core/EnterpriseCoreEditionModule.java","5","0","1","3","255","338","0"
"neo4j","036e0742c9800ed47922595c97274b360cfbc9ef","enterprise/core-edge/src/main/java/org/neo4j/coreedge/core/EnterpriseCoreEditionModule.java","5","0","1","3","256","339","1"
"neo4j","c287d3fcff4d41dc2fa317c778efc33d6ca11eba","enterprise/core-edge/src/main/java/org/neo4j/coreedge/core/EnterpriseCoreEditionModule.java","5","0","1","3","263","346","0"
"neo4j","2fb8aea71a2d50c63f1407b9e975c5e8cbf325dc","enterprise/core-edge/src/main/java/org/neo4j/coreedge/core/EnterpriseCoreEditionModule.java","5","0","1","3","265","348","1"
"orientdb","a2eaf6636bb600c7e6d311b0bb7d112bbaafb4a0","etl/src/main/java/com/orientechnologies/orient/etl/extractor/OETLAbstractSourceExtractor.java","5","0","1","3","29","58","0"
"orientdb","8277a0559c357df96a19b7792393d884a090e86c","core/src/main/java/com/orientechnologies/common/concur/resource/OSharedContainerImpl.java","5","0","1","3","32","71","1"
"netty","da3a52778b2b19138431914f1fc53aaf0dd959dd","src/main/java/org/jboss/netty/channel/ChannelFutureAggregator.java","5","0","1","3","33","70","0"
"orientdb","2767a54ee6308493e6a69b4b2951d8d2252bfd6b","tools/src/main/java/com/orientechnologies/orient/stresstest/OConsoleProgressWriter.java","5","0","1","3","34","67","0"
"orientdb","b10e928ecf2350b88c9661ab8c40f3e54a901a7b","tools/src/main/java/com/orientechnologies/orient/stresstest/OConsoleProgressWriter.java","5","0","1","3","34","67","0"
"orientdb","ce940531ecad94935f2cc89047072466789396ed","tools/src/main/java/com/orientechnologies/orient/stresstest/OConsoleProgressWriter.java","5","0","1","3","34","67","1"
"BroadleafCommerce","e0c096e4923ae019b271a17c54621a7b01023936","core/broadleaf-framework-web/src/main/java/org/broadleafcommerce/common/web/validator/BroadleafCommonAddressValidator.java","5","0","1","3","34","72","0"
"orientdb","5faebee4df823f6b5639fb934ae31252e8893687","core/src/main/java/com/orientechnologies/orient/core/record/impl/OEdgeToVertexIterable.java","5","0","1","3","37","47","0"
"BroadleafCommerce","1ee8efc4affaf6e2acf7a83666bc8eec328b9602","core/broadleaf-framework-web/src/main/java/org/broadleafcommerce/common/web/validator/BroadleafCommonAddressValidator.java","5","0","1","3","37","77","0"
"elasticsearch","b49635539d929d6cb5ee56153e2f95872fe4bb16","modules/lang-painless/src/main/java/org/elasticsearch/painless/node/SSource.java","5","0","1","3","38","75","1"
"hazelcast","867fc10b52c7da919de28f51c13599e0fc2a5f60","hazelcast/src/test/java/com/hazelcast/util/RootCauseMatcher.java","5","0","1","3","40","69","0"
"BroadleafCommerce","cd4dba4517e56b14042e5ed1567e933ca3904efd","core/broadleaf-framework/src/main/java/org/broadleafcommerce/core/pricing/service/workflow/FulfillmentGroupPricingActivity.java","5","0","1","3","41","85","0"
"orientdb","87154d21d3773b56833010727fdc7e1c88c9aee3","core/src/main/java/com/orientechnologies/orient/core/sharding/auto/OAutoShardingClusterSelectionStrategy.java","5","0","1","3","43","76","1"
"oryx","518dc444be616e55a8aeb1bd047aaa411ae3281a","app/example/src/main/java/com/cloudera/oryx/example/ExampleServingModelManager.java","5","0","1","3","46","76","0"
"BroadleafCommerce","b1a58da9c5995e240462e75190bceadf6f12ed7a","core/broadleaf-framework/src/main/java/org/broadleafcommerce/core/search/redirect/dao/SearchRedirectDaoImpl.java","5","0","1","3","46","77","1"
"BroadleafCommerce","3c7200b57bd7640325fdfdf6cfdc384b352c0d63","core/broadleaf-framework/src/main/java/org/broadleafcommerce/core/search/redirect/dao/SearchRedirectDaoImpl.java","5","0","1","3","47","82","1"
"hazelcast","6a23b062b685e341e0384299a2c0044cc5a9f3df","hazelcast/src/main/java/com/hazelcast/client/impl/protocol/ClientExceptionFactory.java","5","0","1","3","487","526","1"
"hazelcast","f035567dd2b7f1724f7c33cded1ea01d3e0f0e8e","hazelcast/src/main/java/com/hazelcast/client/impl/protocol/ClientExceptionFactory.java","5","0","1","3","487","526","1"
"hazelcast","0d9f8460da1680fa425e00843841683aca541f04","hazelcast/src/main/java/com/hazelcast/client/impl/protocol/ClientExceptionFactory.java","5","0","1","3","487","526","0"
"elasticsearch","e1e17b3bfec22e4748e9b014414235f8e0441b17","client/transport/src/main/java/org/elasticsearch/transport/client/PreBuiltTransportClient.java","5","0","1","3","49","86","1"
"netty","516e4933c4044d6da3b66aebee567c7dc8712c9d","handler/src/main/java/io/netty/handler/ssl/ApplicationProtocolNegotiationHandler.java","5","0","1","3","51","133","1"
"hazelcast","29c95daeab6e48291e7fcf5984c1c03a26eff975","hazelcast/src/main/java/com/hazelcast/client/impl/protocol/ClientExceptionFactory.java","5","0","1","3","520","560","0"
"elasticsearch","25fd9e26c4fb042d6f6dea14efcd239577bdbbc4","client/transport/src/main/java/org/elasticsearch/transport/client/PreBuiltTransportClient.java","5","0","1","3","53","91","0"
"hazelcast","c9d117501d9d7e1014b9006bc4b711baa42e0c57","hazelcast/src/main/java/com/hazelcast/internal/util/futures/ChainingFuture.java","5","0","1","3","54","91","0"
"hazelcast","8a97243c2a579cdd79fd8d82dafc065df61ff170","hazelcast/src/main/java/com/hazelcast/client/impl/protocol/ClientExceptionFactory.java","5","0","1","3","541","579","1"
"orientdb","7a678522a2d83448543bc75d7360ac0857529727","core/src/main/java/com/orientechnologies/orient/core/sql/OCommandExecutorSQLLiveUnsubscribe.java","5","0","1","3","58","93","0"
"elasticsearch","13a347239a48d71486692a72c066e940dec8921b","core/src/main/java/org/elasticsearch/transport/TransportModule.java","5","0","1","3","60","93","2"
"elasticsearch","40cd549c375848729c6ffd381a906c403b31ba4a","src/main/java/org/elasticsearch/index/fielddata/plain/FSTBytesIndexFieldData.java","5","0","1","3","61","97","1"
"BroadleafCommerce","41c0c9ad85771f1a4f2762c5c86c2bfa02101413","admin/broadleaf-contentmanagement-module/src/main/java/org/broadleafcommerce/cms/web/controller/BroadleafPageController.java","5","0","1","3","65","106","1"
"orientdb","399dad0757d5b59c38c55ba5fbb71d45c408e1fc","tests/src/test/java/com/orientechnologies/orient/test/database/auto/SQLCreateVertexTest.java","5","0","1","3","69","95","1"
"hazelcast","f295320580a557b2609ec22ae2abe788b0110bb3","hazelcast/src/test/java/com/hazelcast/osgi/HazelcastOSGiIntegrationTest.java","5","0","1","3","70","103","0"
"neo4j","ebaf8617fdfdd21fdac69e479d938a8966fb5156","enterprise/security/src/main/java/org/neo4j/server/security/enterprise/auth/FileRoleRepository.java","5","0","1","3","71","104","1"
"neo4j","ebaf8617fdfdd21fdac69e479d938a8966fb5156","community/security/src/main/java/org/neo4j/server/security/auth/FileUserRepository.java","5","0","1","3","71","108","1"
"elasticsearch","761ef5d9f1ff35c0092295701f8a7dfe7ce8658f","src/test/java/org/elasticsearch/script/GroovyScriptTests.java","5","0","1","3","72","106","0"
"neo4j","ba802146bfb948f8ca4bc29d51b2626b9864a1a9","enterprise/security/src/main/java/org/neo4j/server/security/enterprise/auth/FileRoleRepository.java","5","0","1","3","73","107","0"
"neo4j","ba802146bfb948f8ca4bc29d51b2626b9864a1a9","community/security/src/main/java/org/neo4j/server/security/auth/FileUserRepository.java","5","0","1","3","73","111","0"
"hazelcast","952a4c4bf249729d2f1c490703895749f7e69f78","hazelcast/src/main/java/com/hazelcast/replicatedmap/impl/operation/PutAllOperation.java","5","0","1","3","76","107","0"
"hazelcast","961fd41d2da627c2ac33ee7b2d69bd27d2fae044","hazelcast/src/main/java/com/hazelcast/replicatedmap/impl/operation/PutAllOperation.java","5","0","1","3","76","108","1"
"neo4j","5733d897307f8751380bb8a40beb028f8f9d0f62","enterprise/causal-clustering/src/main/java/org/neo4j/causalclustering/core/replication/RaftReplicator.java","5","0","1","3","78","114","1"
"neo4j","5e8fd553e4e127000734e31d43f5623eea742f7d","enterprise/core-edge/src/main/java/org/neo4j/coreedge/core/replication/RaftReplicator.java","5","0","1","3","78","114","1"
"neo4j","2dce9b701631b41aa14f4d8ff186c708b57abd1e","enterprise/core-edge/src/main/java/org/neo4j/coreedge/core/replication/RaftReplicator.java","5","0","1","3","78","114","0"
"oryx","eb08674e77479787fa9288f2c824e48af8539ff2","oryx-app-serving/src/main/java/com/cloudera/oryx/app/serving/rdf/Predict.java","5","0","1","3","84","122","0"
"oryx","27e9046b2bd92243c260efd8bcd0af46b92bdf9e","app/oryx-app-serving/src/main/java/com/cloudera/oryx/app/serving/rdf/Predict.java","5","0","1","3","86","124","0"
"BroadleafCommerce","09db4e3c9c36f903375f3783bf1f26a8465719fb","admin/broadleaf-contentmanagement-module/src/main/java/org/broadleafcommerce/cms/admin/web/controller/AdminAssetController.java","5","0","1","3","90","133","1"
"BroadleafCommerce","89ab11fc4ad655261735d86bf697f21900eb5357","admin/broadleaf-contentmanagement-module/src/main/java/org/broadleafcommerce/cms/admin/web/controller/AdminAssetController.java","5","0","1","3","97","147","0"
"netty","227e67900e35f0d01fbf3f4aca86877aefa52d79","codec-http2/src/test/java/io/netty/handler/codec/http2/DefaultHttp2ConnectionEncoderTest.java","5","0","1","30","486","573","1"
"elasticsearch","c3332db7d016b348fbb6c364427aae56123e6fc0","src/test/java/org/elasticsearch/test/integration/search/query/SimpleQueryTests.java","5","0","1","31","1116","1376","1"
"netty","ab925abc7db806ead57f8d9ea50ff322ce2ff891","codec-http2/src/test/java/io/netty/handler/codec/http2/DefaultHttp2ConnectionEncoderTest.java","5","0","1","31","493","582","0"
"netty","26a7a5ec25fe81fae38f557e6b44bf9c3ea91fea","codec-http2/src/test/java/io/netty/handler/codec/http2/DefaultHttp2ConnectionEncoderTest.java","5","0","1","31","498","587","1"
"netty","de9e666493469d40fa9107a78f9ae421a05f9cf4","codec-http2/src/test/java/io/netty/handler/codec/http2/Http2ConnectionHandlerTest.java","5","0","1","31","568","680","1"
"elasticsearch","b995abfa805189e7aa45e4d5a2afe088254155b4","src/test/java/org/elasticsearch/test/integration/search/query/SimpleQueryTests.java","5","0","1","32","1147","1408","0"
"elasticsearch","be103c188be2ea2b2d7b88ca6192f0b72dd20b09","src/test/java/org/elasticsearch/test/integration/search/query/SimpleQueryTests.java","5","0","1","32","1169","1435","0"
"elasticsearch","60bddc28ebd690446c88a454cc24de984fdf0fc5","src/test/java/org/elasticsearch/test/integration/search/query/SimpleQueryTests.java","5","0","1","32","1170","1436","0"
"BroadleafCommerce","e216da5ebb303680f5c60ffcd75979f5876ab5a6","admin/broadleaf-open-admin-platform/src/main/java/org/broadleafcommerce/openadmin/server/security/domain/AdminUserImpl.java","5","0","1","32","281","359","0"
"elasticsearch","5c7d7fb399e023639cb007b9c08519b8da36ffe8","src/test/java/org/elasticsearch/test/integration/search/query/SimpleQueryTests.java","5","0","1","33","1175","1442","0"
"elasticsearch","57c0d29114b60f74e43ceb0914c26d490b61a265","src/test/java/org/elasticsearch/test/integration/search/query/SimpleQueryTests.java","5","0","1","34","1200","1470","1"
"orientdb","acbf2b4862985a154884df8442819e48c3eed517","lucene/src/main/java/com/orientechnologies/lucene/engine/OLuceneIndexEngineDelegate.java","5","0","1","37","193","266","1"
"orientdb","0d271e6eb4c56a0833860751060319e6feaad204","core/src/main/java/com/orientechnologies/orient/core/storage/impl/local/paginated/OOfflineCluster.java","5","0","1","39","180","251","1"
"orientdb","c89dbacfb27d44150d7834ef1d2872cceeb0a42c","core/src/main/java/com/orientechnologies/orient/core/storage/impl/local/paginated/OOfflineCluster.java","5","0","1","39","186","257","0"
"hazelcast","5aa58b497cf248596c24b6e8ce3e05c35a87d498","hazelcast-client/src/main/java/com/hazelcast/client/impl/HazelcastClientProxy.java","5","0","1","39","206","271","1"
"hazelcast","69975a8df84795d2fbd45e45b1d169e13fcbf0b1","hazelcast-client/src/main/java/com/hazelcast/client/impl/HazelcastClientProxy.java","5","0","1","39","207","272","0"
"hazelcast","77e3477fc1da01264bfb2bc326c2ba8b7c02015c","hazelcast-client-legacy/src/test/java/com/hazelcast/client/cache/ClientCacheReadWriteThroughTest.java","5","0","1","4","106","152","0"
"elasticsearch","4c913693a90088aefa1b8184159b41fb747ac3f5","modules/elasticsearch/src/main/java/org/elasticsearch/action/admin/indices/segments/TransportIndicesSegmentsAction.java","5","0","1","4","106","163","0"
"elasticsearch","56cc87b7ccd41040d8fafcaf2da3680d96d10839","core/src/main/java/org/elasticsearch/action/delete/TransportDeleteAction.java","5","0","1","4","108","149","0"
"elasticsearch","25fd9e26c4fb042d6f6dea14efcd239577bdbbc4","core/src/main/java/org/elasticsearch/action/delete/TransportDeleteAction.java","5","0","1","4","109","150","0"
"elasticsearch","b31f68a0ebdbaa61ff92293dc1914ba7bbad1765","modules/elasticsearch/src/main/java/org/elasticsearch/action/admin/indices/segments/TransportIndicesSegmentsAction.java","5","0","1","4","109","170","0"
"hazelcast","e7c7af998df4c52b7a3f9bfcbbb6db971d183982","hazelcast/src/main/java/com/hazelcast/cache/impl/HazelcastServerCacheManager.java","5","0","1","4","111","163","0"
"elasticsearch","c4ae23f5d8d54ed45155be5690d0a1d50e7d52f8","test/framework/src/main/java/org/elasticsearch/repositories/ESBlobStoreContainerTestCase.java","5","0","1","4","112","153","0"
"elasticsearch","c0b71d26cfd31641966e597dc3a78c1494d1382d","test/framework/src/main/java/org/elasticsearch/repositories/ESBlobStoreContainerTestCase.java","5","0","1","4","113","154","1"
"hazelcast","6089fd2a02f5a274f0bd303d51105069b1bb7e3c","hazelcast/src/test/java/com/hazelcast/queue/TransactionQueueTest.java","5","0","1","4","113","157","1"
"neo4j","4b399a7f3bac8a9dcb92bb05c38ae7d4e339a67e","enterprise/ha/src/test/java/org/neo4j/test/ha/ReadOnlySlaveTest.java","5","0","1","4","113","168","1"
"elasticsearch","10ec2e948a2f1426a5058ca3b2c2e39952f141d8","src/main/java/org/elasticsearch/action/admin/indices/segments/TransportIndicesSegmentsAction.java","5","0","1","4","114","163","2"
"elasticsearch","78574d248cf10dad1c5a566fda79e1e0c94afe43","core/src/main/java/org/elasticsearch/action/delete/TransportDeleteAction.java","5","0","1","4","115","157","1"
"elasticsearch","a60b8948ba1d836a6eac7cff095519e618939ed8","core/src/main/java/org/elasticsearch/action/delete/TransportDeleteAction.java","5","0","1","4","116","158","0"
"orientdb","525f0ff4f1f328e4237ee637ff13763052e4cd06","tests/src/test/java/com/orientechnologies/orient/test/database/auto/DefaultValuesTrivialTest.java","5","0","1","4","119","155","1"
"elasticsearch","6b8123d7265158c62e4be7aaa20d7b70e3703c10","src/test/java/org/elasticsearch/test/integration/indices/state/SimpleIndexStateTests.java","5","0","1","4","123","181","0"
"neo4j","222cc20feb0c344dc2cbd8f1da693b1898c77e88","enterprise/core-edge/src/main/java/org/neo4j/coreedge/catchup/tx/TxPollingClient.java","5","0","1","4","124","170","1"
"neo4j","99aff5416eec27b7ed42457d4841cc448ad28c93","enterprise/core-edge/src/main/java/org/neo4j/coreedge/catchup/tx/TxPollingClient.java","5","0","1","4","139","185","0"
"elasticsearch","dfdc183ba6e33061c8b4adaf094d98a0ebc102d8","src/test/java/org/elasticsearch/snapshots/DedicatedClusterSnapshotRestoreTests.java","5","0","1","4","189","261","1"
"elasticsearch","a8dcfa5deb65d57ae4814f97c7f5231ed45507c2","src/test/java/org/elasticsearch/test/integration/indices/settings/UpdateNumberOfReplicasTests.java","5","0","1","4","195","255","0"
"BroadleafCommerce","7da760ada0cf3c3164075c970c90d47e36b4bef4","admin/broadleaf-open-admin-platform/src/main/java/org/broadleafcommerce/openadmin/dto/BatchPersistencePackage.java","5","0","1","4","24","57","0"
"neo4j","1b3aad3b619bd72c2c9f79bb7edf642c5dc56a6f","enterprise/core-edge/src/main/java/org/neo4j/coreedge/core/EnterpriseCoreEditionModule.java","5","0","1","4","249","327","0"
"neo4j","035903e9ebdada5ea1269b223a6b5ee102763a1d","enterprise/causal-clustering/src/main/java/org/neo4j/causalclustering/core/EnterpriseCoreEditionModule.java","5","0","1","4","249","328","1"
"neo4j","c78d5b9a732e8512a6136e4194de35dbffdeaca6","enterprise/causal-clustering/src/main/java/org/neo4j/causalclustering/core/EnterpriseCoreEditionModule.java","5","0","1","4","252","331","2"
"hazelcast","3c8fa06ab9436dba9d757ca218364772fd57241a","hazelcast/src/main/java/com/hazelcast/util/ValidationUtil.java","5","0","1","4","28","59","0"
"elasticsearch","81b64ed587817f9f9398dc38d0db2c3fac7b5af7","core/src/test/java/org/elasticsearch/indices/IndicesQueryCacheTests.java","5","0","1","4","310","407","0"
"BroadleafCommerce","b652d67d56691cebb6a87de01e674ca9f2745e6b","core/broadleaf-framework-web/src/main/java/org/broadleafcommerce/core/web/order/OrderState.java","5","0","1","4","34","74","1"
"oryx","9116a5ada9a110bd788ea7d980eae7c307c262ba","app/oryx-app-serving/src/main/java/com/cloudera/oryx/app/serving/als/CosineAverageFunction.java","5","0","1","4","36","64","0"
"elasticsearch","60bddc28ebd690446c88a454cc24de984fdf0fc5","src/main/java/org/elasticsearch/action/search/SearchPhaseExecutionException.java","5","0","1","4","37","69","0"
"orientdb","f7fa3f1dc00f3da0842b9da6ed2e5f30c4d1ad79","server/src/main/java/com/orientechnologies/orient/server/network/protocol/binary/OAbstractCommandResultListener.java","5","0","1","4","37","73","1"
"BroadleafCommerce","30c8043528f2d53948d56a0e9650c9bd1d45ca09","common/src/main/java/org/broadleafcommerce/common/util/TransactionUtils.java","5","0","1","4","38","66","2"
"hazelcast","bca81b81925f5dd679eb6d96fb81676b617acc6a","hazelcast-hibernate/hazelcast-hibernate4/src/main/java/com/hazelcast/hibernate/serialization/Hibernate4CacheEntrySerializerHook.java","5","0","1","4","39","70","0"
"orientdb","32d163bb67d400175f64d57d2e728fb2b0298c5f","core/src/main/java/com/orientechnologies/orient/core/sql/parser/OFetchPlanItem.java","5","0","1","4","40","57","1"
"neo4j","7723d89e6d1d951e8923fb102da0228db2e4e8f9","community/kernel/src/main/java/org/neo4j/kernel/impl/api/store/StoreIteratorRelationshipCursor.java","5","0","1","4","48","80","3"
"orientdb","685eae8b02a50116ab0a52606703d99caeba48ee","core/src/main/java/com/orientechnologies/common/console/ODefaultConsoleReader.java","5","0","1","4","48","85","0"
"hazelcast","4eef0f6f0630c47a4baca6875343ccd506948bb5","hazelcast/src/main/java/com/hazelcast/multimap/operations/RemoveBackupOperation.java","5","0","1","4","50","81","1"
"hazelcast","74d6f72756601ada8fcd5b952384223dac5d5b25","hazelcast/src/main/java/com/hazelcast/multimap/operations/RemoveBackupOperation.java","5","0","1","4","50","81","2"
"hazelcast","91623113623055f184207f53a0344bbc82ad227f","hazelcast/src/main/java/com/hazelcast/multimap/operations/RemoveBackupOperation.java","5","0","1","4","50","81","3"
"hazelcast","f5d0f6d0c65c355122aa1fd5b9fc9949e7e6258b","hazelcast/src/main/java/com/hazelcast/multimap/operations/RemoveBackupOperation.java","5","0","1","4","50","81","3"
"hazelcast","987927623458f51f4fca6f83400d8a9cbf2c7b81","hazelcast/src/main/java/com/hazelcast/multimap/operations/RemoveBackupOperation.java","5","0","1","4","50","81","0"
"neo4j","4f04ee08438d4e1c99095d9d8a9f2ec223af89a9","community/kernel/src/main/java/org/neo4j/kernel/impl/api/store/StoreIteratorRelationshipCursor.java","5","0","1","4","50","82","2"
"elasticsearch","fa16969360ea43667ad11f827bbf86718c18fcc6","src/main/java/org/elasticsearch/action/admin/indices/alias/get/GetAliasesResponse.java","5","0","1","4","50","82","1"
"elasticsearch","10ec2e948a2f1426a5058ca3b2c2e39952f141d8","src/main/java/org/elasticsearch/action/admin/indices/alias/get/GetAliasesResponse.java","5","0","1","4","50","82","0"
"orientdb","a2eaf6636bb600c7e6d311b0bb7d112bbaafb4a0","etl/src/main/java/com/orientechnologies/orient/etl/transformer/OETLCommandTransformer.java","5","0","1","4","50","88","0"
"hazelcast","3cc13b14fba6b8e6e2ab9149c8d17561a29c537f","hazelcast/src/main/java/com/hazelcast/collection/impl/queue/operations/DrainBackupOperation.java","5","0","1","4","51","82","1"
"hazelcast","67235ce99477aeeecc86d225926b6456b7ceef20","hazelcast/src/main/java/com/hazelcast/collection/impl/queue/operations/DrainBackupOperation.java","5","0","1","4","51","82","1"
"hazelcast","a46aa8502977bde24649cec3b52fbb065d6f480f","hazelcast/src/main/java/com/hazelcast/collection/impl/queue/operations/DrainBackupOperation.java","5","0","1","4","51","82","1"
"hazelcast","e7c312280062991ae79e7194e151e12ea3aa2897","hazelcast/src/main/java/com/hazelcast/collection/impl/queue/operations/DrainBackupOperation.java","5","0","1","4","51","82","0"
"neo4j","7723d89e6d1d951e8923fb102da0228db2e4e8f9","community/kernel/src/main/java/org/neo4j/kernel/impl/api/store/StoreIteratorNodeCursor.java","5","0","1","4","51","85","1"
"elasticsearch","423b0f5e3d30430c00f18f621c88fe2fcd44e1aa","core/src/main/java/org/elasticsearch/ingest/IngestService.java","5","0","1","4","53","86","0"
"neo4j","4f04ee08438d4e1c99095d9d8a9f2ec223af89a9","community/kernel/src/main/java/org/neo4j/kernel/impl/api/store/StoreIteratorNodeCursor.java","5","0","1","4","53","87","0"
"mcMMO","f79a4741cc0cf1e1b7e232cfc4700a9df49c6da9","src/main/java/com/gmail/nossr50/skills/alchemy/Alchemy.java","5","0","1","4","56","77","0"
"mcMMO","4b9d472f10e2edc9ac26c0416948437cbfcb32e2","src/main/java/com/gmail/nossr50/skills/alchemy/Alchemy.java","5","0","1","4","56","77","0"
"mcMMO","f3fd48d0c0754d8096800780d70636d1fd0a3d98","src/main/java/com/gmail/nossr50/skills/alchemy/Alchemy.java","5","0","1","4","56","77","1"
"elasticsearch","78574d248cf10dad1c5a566fda79e1e0c94afe43","core/src/main/java/org/elasticsearch/cluster/AbstractDiffable.java","5","0","1","4","60","108","1"
"elasticsearch","e6aaaf11ed4a1b8f595f920de1840938eddb7a97","core/src/main/java/org/elasticsearch/cluster/AbstractDiffable.java","5","0","1","4","60","108","1"
"elasticsearch","a60b8948ba1d836a6eac7cff095519e618939ed8","core/src/main/java/org/elasticsearch/cluster/AbstractDiffable.java","5","0","1","4","60","108","0"
"BroadleafCommerce","c47428fb0783c065f81dbdf641f1155879791b33","core/broadleaf-framework-web/src/main/java/org/broadleafcommerce/core/web/order/security/MergeCartProcessorImpl.java","5","0","1","4","62","102","0"
"orientdb","a56ae91e7d9f772da4288542cee900793c24e5e1","core/src/main/java/com/orientechnologies/orient/core/sql/OCommandExecutorSQLLiveUnsubscribe.java","5","0","1","4","62","97","0"
"elasticsearch","2bd09c4625898d77aa6c015c6f82cf973ed18cb7","core/src/main/java/org/elasticsearch/index/analysis/NumericTokenizer.java","5","0","1","4","63","100","0"
"elasticsearch","432628086fcbd09275013600ac0a112323c109ac","src/main/java/org/elasticsearch/index/analysis/NumericTokenizer.java","5","0","1","4","63","100","0"
"elasticsearch","3d13c27fa0df12018f35f1b20987c90277e9b6f9","core/src/main/java/org/elasticsearch/index/analysis/NumericTokenizer.java","5","0","1","4","63","100","1"
"BroadleafCommerce","6e4b41b9159d93a644c6ca86ffba2319ef1733a5","core/broadleaf-framework/src/main/java/org/broadleafcommerce/core/checkout/service/gateway/PassthroughPaymentRollbackServiceImpl.java","5","0","1","4","63","109","0"
"junit","a29f45a3be64caa53feee6f6cc4d70cc43542362","src/test/java/org/junit/internal/runners/statements/ExpectExceptionTest.java","5","0","1","4","67","88","0"
"hazelcast","1f042b8c4a4245594691bb6d85a66ceed9b43068","hazelcast/src/main/java/com/hazelcast/internal/monitors/InvocationPlugin.java","5","0","1","4","71","114","1"
"hazelcast","2921cff694583b8638dae2991f427e61d5440a9d","hazelcast/src/main/java/com/hazelcast/internal/monitors/InvocationPlugin.java","5","0","1","4","72","115","0"
"orientdb","436345198000b8dbc42d3c0cf74188e86f194b7b","tests/src/test/java/com/orientechnologies/orient/test/database/auto/SQLCreateVertexTest.java","5","0","1","4","76","103","0"
"elasticsearch","0eb3402795b8a854b52423aae7fd7b0bbbcde17a","src/test/java/org/elasticsearch/index/store/TestLegacyVerification.java","5","0","1","4","76","128","0"
"BroadleafCommerce","b7f2b0fc5748d9381c65a840e2241b9ad89ac04c","admin/broadleaf-admin-module/src/main/java/org/broadleafcommerce/admin/server/service/handler/SkuBundleItemCustomPersistenceHandler.java","5","0","1","4","88","122","1"
"netty","d315f1b3ba844f510423aeac30afb1e647a9949e","common/src/test/java/io/netty/util/concurrent/GlobalEventExecutorTest.java","5","0","1","4","88","138","0"
"netty","fe4af7e32c2b49665bf4f0534872135501929bd6","common/src/test/java/io/netty/util/concurrent/GlobalEventExecutorTest.java","5","0","1","4","91","141","1"
"hazelcast","4a1593fa6ba5c277c4ad2fc320d803b0e63b9339","hazelcast/src/main/java/com/hazelcast/replicatedmap/impl/operation/ReplicateUpdateOperation.java","5","0","1","4","96","127","0"
"elasticsearch","f83909f7ae105779067d048879e48573c0241d19","src/test/java/org/elasticsearch/script/GroovyScriptTests.java","5","0","1","4","96","137","2"
"orientdb","2767a54ee6308493e6a69b4b2951d8d2252bfd6b","lucene/src/main/java/com/orientechnologies/lucene/engine/OLuceneIndexEngineDelegate.java","5","0","1","40","206","282","0"
"orientdb","eda978aeda4e2d46618285fcb1d73642a30164c2","core/src/main/java/com/orientechnologies/orient/core/storage/impl/local/paginated/OOfflineCluster.java","5","0","1","41","194","267","1"
"orientdb","234ba33876312fd5a1d58e01c73710254e43e70d","lucene/src/main/java/com/orientechnologies/lucene/engine/OLuceneIndexEngineDelegator.java","5","0","1","41","210","286","1"
"hazelcast","ed777f64e4d046bb45ae4ee062b463e33526e3ad","hazelcast-client-new/src/main/java/com/hazelcast/client/impl/HazelcastClientProxy.java","5","0","1","41","215","281","1"
"hazelcast","70d4de16ff0ac4518d09aad8c9f2ad9e782fb337","hazelcast-client/src/main/java/com/hazelcast/client/impl/HazelcastClientProxy.java","5","0","1","41","217","283","1"
"orientdb","2767a54ee6308493e6a69b4b2951d8d2252bfd6b","core/src/main/java/com/orientechnologies/orient/core/storage/impl/local/paginated/OOfflineCluster.java","5","0","1","42","195","270","0"
"hazelcast","bb3ea0e107980d769862cdbda748cc91529d67b5","hazelcast-client-new/src/main/java/com/hazelcast/client/impl/HazelcastClientProxy.java","5","0","1","42","220","287","0"
"neo4j","a93c570faa774c1a40b635b6a3e6d8ccb61a99e8","community/consistency-check/src/test/java/org/neo4j/consistency/checking/GraphStoreFixture.java","5","0","1","43","395","483","1"
"neo4j","3ec0e927cb481a29815bc3237d2e53fd7cadd271","community/consistency-check/src/test/java/org/neo4j/consistency/checking/GraphStoreFixture.java","5","0","1","43","402","489","0"
"neo4j","562320c0be4006685ed6f086c12ef4e1f1964f3c","community/consistency-check/src/test/java/org/neo4j/consistency/checking/GraphStoreFixture.java","5","0","1","43","403","490","0"
"netty","3482651e0c29edfa02f189751c704ebe4fe8f54c","codec-http2/src/test/java/io/netty/handler/codec/http2/DefaultHttp2ConnectionDecoderTest.java","5","0","1","43","568","688","0"
"neo4j","e6f84e88fecffdd2dd28e4ee978d77df94914908","community/consistency-check/src/test/java/org/neo4j/consistency/checking/GraphStoreFixture.java","5","0","1","44","419","515","1"
"neo4j","6b75a9235ea38e0c47caacd25cc919023c0c958b","community/consistency-check/src/test/java/org/neo4j/consistency/checking/GraphStoreFixture.java","5","0","1","44","426","522","0"
"hazelcast","d568e4d926d925d57d4e79e34614390416749301","hazelcast-client/src/main/java/com/hazelcast/client/impl/HazelcastClientProxy.java","5","0","1","45","239","309","0"
"elasticsearch","6c34452409d2cc468daced1811db60cd81c6fe95","core/src/main/java/org/elasticsearch/search/internal/SubSearchContext.java","5","0","1","47","246","328","1"
"netty","6e5b25733f49d2ea843a89b4d547b856142212ec","codec-http2/src/test/java/io/netty/handler/codec/http2/DefaultHttp2ConnectionDecoderTest.java","5","0","1","47","624","748","1"
"elasticsearch","b039360d2ea974b9827df90ee7d425ca15c638d6","core/src/main/java/org/elasticsearch/search/internal/SubSearchContext.java","5","0","1","49","255","339","2"
"neo4j","5f59285fe3d907abdbf01a92fcd1020403d63f77","community/kernel/src/main/java/org/neo4j/kernel/impl/api/LockingStatementOperations.java","5","0","1","49","477","588","0"
"neo4j","b94896e4b75a06d8982d4c92bc8f62c5e206f0dc","community/kernel/src/main/java/org/neo4j/kernel/impl/api/LockingStatementOperations.java","5","0","1","49","477","589","1"
"hazelcast","4a1593fa6ba5c277c4ad2fc320d803b0e63b9339","hazelcast/src/main/java/com/hazelcast/replicatedmap/impl/operation/ReplicateUpdateToCallerOperation.java","5","0","1","5","101","136","0"
"hazelcast","2743198401f9984683493cadfc80ce2d4937ee7e","hazelcast-client/src/test/java/com/hazelcast/client/map/ClientMapIssueTest.java","5","0","1","5","105","167","1"
"elasticsearch","6304f6871599108dc2ad84a79add39e40d1ac976","src/test/java/org/elasticsearch/script/GroovyScriptTests.java","5","0","1","5","107","150","0"
"elasticsearch","cb2cfdd9c0476bfbe5e1c13a4b3eb84ebb61bb6d","core/src/test/java/org/elasticsearch/search/preference/SearchPreferenceIT.java","5","0","1","5","111","159","2"
"hazelcast","5b2302ddaf22fee6c5946c96fb655be8abb5762a","hazelcast/src/main/java/com/hazelcast/cache/impl/HazelcastServerCacheManager.java","5","0","1","5","112","166","0"
"hazelcast","5b2302ddaf22fee6c5946c96fb655be8abb5762a","hazelcast/src/main/java/com/hazelcast/cache/impl/HazelcastServerCacheManager.java","5","0","1","5","112","166","0"
"hazelcast","f181f48d2e7a1261553d47e389454dae9f01cc35","hazelcast/src/main/java/com/hazelcast/cache/impl/HazelcastServerCacheManager.java","5","0","1","5","112","166","0"
"hazelcast","8c14b67672af7408fa8b7320fa26ed4ba8a31896","hazelcast/src/main/java/com/hazelcast/cache/impl/HazelcastServerCacheManager.java","5","0","1","5","112","166","1"
"hazelcast","0e9329ffb97224ae57b509d4ecfce62647b62bf8","hazelcast/src/main/java/com/hazelcast/cache/impl/HazelcastServerCacheManager.java","5","0","1","5","113","167","2"
"hazelcast","37da3959df4151b304b211df87a6b900c0169cc5","hazelcast/src/main/java/com/hazelcast/cache/impl/HazelcastServerCacheManager.java","5","0","1","5","113","167","2"
"hazelcast","3af9c0792b640c4eb629a23025e5218871effc3c","hazelcast/src/main/java/com/hazelcast/cache/impl/HazelcastServerCacheManager.java","5","0","1","5","113","167","2"
"hazelcast","521f9e5ef48c7e06d058e7a8c3e9a7aae820fe80","hazelcast/src/main/java/com/hazelcast/cache/impl/HazelcastServerCacheManager.java","5","0","1","5","113","167","1"
"hazelcast","b20667d97929fe1237b2d14d06fdea389e2c9801","hazelcast/src/main/java/com/hazelcast/cache/impl/HazelcastServerCacheManager.java","5","0","1","5","113","167","4"
"hazelcast","c9228490cc7281e74ebad67f302dba195240b495","hazelcast/src/main/java/com/hazelcast/cache/impl/HazelcastServerCacheManager.java","5","0","1","5","113","167","2"
"hazelcast","fa83abec872f0116026f5abc9722ddc15803a6a3","hazelcast/src/main/java/com/hazelcast/cache/impl/HazelcastServerCacheManager.java","5","0","1","5","113","167","1"
"hazelcast","5a16e5ad2333962484c360578bba777dd32ad20e","hazelcast/src/main/java/com/hazelcast/cache/impl/HazelcastServerCacheManager.java","5","0","1","5","113","167","0"
"hazelcast","7585eb4ecd65d6f538da1cc33ad2853fd3bb17e3","hazelcast/src/main/java/com/hazelcast/cache/impl/HazelcastServerCacheManager.java","5","0","1","5","113","167","0"
"hazelcast","c7eef29985d101a17b61f793ebfcef045403b28e","hazelcast/src/test/java/com/hazelcast/client/MockSimpleClient.java","5","0","1","5","119","172","1"
"hazelcast","42e5849f7ebce11fa76d0780610fba85b1818987","hazelcast/src/test/java/com/hazelcast/client/MockSimpleClient.java","5","0","1","5","120","173","0"
"hazelcast","315a9c3783de45a3b9a77ec6b08fd9395afca178","hazelcast/src/test/java/com/hazelcast/client/MockSimpleClient.java","5","0","1","5","123","176","2"
"hazelcast","59101aa55fd974c1edc8100b424c001864118ed2","hazelcast/src/test/java/com/hazelcast/client/MockSimpleClient.java","5","0","1","5","124","177","1"
"hazelcast","e56ed623e2f90ba7444669e38f971c3206d1c4a0","hazelcast/src/test/java/com/hazelcast/queue/TransactionQueueTest.java","5","0","1","5","125","170","1"
"hazelcast","e92dcb6824f242ac8bcb72623ccd13f982955632","hazelcast/src/test/java/com/hazelcast/queue/TransactionQueueTest.java","5","0","1","5","126","172","0"
"elasticsearch","d4fcf2305723543e62d882457f2d540e12570a57","src/test/java/org/elasticsearch/indices/analyze/AnalyzeActionTests.java","5","0","1","5","131","176","1"
"elasticsearch","4c21db0dcadb2c2bc9df4aed4576586a4b0e1a2b","src/test/java/org/elasticsearch/search/aggregations/bucket/DateHistogramOffsetTests.java","5","0","1","5","155","210","0"
"netty","298e7af6473f359cf7b608e7f9dcbe6526f792dd","transport/src/test/java/io/netty/channel/ReentrantChannelTest.java","5","0","1","5","175","286","0"
"elasticsearch","2a7f964ca23370896032182d6521cffa8d6b6a24","modules/test/integration/src/test/java/org/elasticsearch/test/integration/search/geo/GeoBoundingBoxTests.java","5","0","1","5","182","253","0"
"elasticsearch","001a6b0ff7a9f2185617cc3dd9dfe76e1cc04162","modules/test/integration/src/test/java/org/elasticsearch/test/integration/indices/settings/UpdateNumberOfReplicasTests.java","5","0","1","5","184","245","0"
"hazelcast","cde914700341904b25a04a43f120d8e8b6ace0d1","hazelcast/src/main/java/com/hazelcast/replicatedmap/impl/record/DataReplicatedRecordStore.java","5","0","1","5","29","59","0"
"hazelcast","bd1cf2be6e18e649d51632574fc01d0cef642e69","hazelcast/src/main/java/com/hazelcast/replicatedmap/impl/record/DataReplicatedRecordStore.java","5","0","1","5","30","60","1"
"elasticsearch","9f12f3c33892380e4cb0fa48b860c23c6d225b5d","core/src/main/java/org/elasticsearch/common/lucene/search/function/ScoreFunction.java","5","0","1","5","33","78","2"
"elasticsearch","fc90c2affdcf7d8303444bf06ad6c70a9a761c00","core/src/test/java/org/elasticsearch/cluster/routing/TestShardRouting.java","5","0","1","5","34","65","2"
"netty","c43b9b4dd259412f3fa3c950f41658d74b1d84d7","transport/src/main/java/io/netty/channel/ChannelInboundMessageHandlerAdapter.java","5","0","1","5","34","67","1"
"elasticsearch","bd559d96d43e0f418818ea1c04c85066859a1192","modules/lang-mustache/src/main/java/org/elasticsearch/script/mustache/MultiSearchTemplateRequestBuilder.java","5","0","1","5","37","70","0"
"orientdb","46bbcabde62c2b9e61ebaf45dc23f16d9dee7f02","core/src/test/java/com/orientechnologies/DatabaseAbstractTest.java","5","0","1","5","42","59","1"
"BroadleafCommerce","b1a58da9c5995e240462e75190bceadf6f12ed7a","core/broadleaf-framework-web/src/main/java/org/broadleafcommerce/core/web/catalog/taglib/GetProductsByCategoryIdTag.java","5","0","1","5","42","82","0"
"orientdb","136db63960bbf53514691bf5a0bb8361a5ea5361","core/src/test/java/com/orientechnologies/DatabaseAbstractTest.java","5","0","1","5","43","61","0"
"BroadleafCommerce","711192d5e7efe6d787e38f9b7450cf8d77b2b944","core/broadleaf-framework-web/src/main/java/org/broadleafcommerce/core/web/catalog/taglib/GetProductsByCategoryIdTag.java","5","0","1","5","43","82","0"
"elasticsearch","ed6a6e31d339b95693d61e12fb7e162f39f15158","modules/elasticsearch/src/main/java/org/elasticsearch/index/query/BoostingQueryBuilder.java","5","0","1","5","47","94","0"
"elasticsearch","91e050f885624044f519b868df5e5ba9e3e641d8","modules/elasticsearch/src/main/java/org/elasticsearch/index/query/BoostingQueryBuilder.java","5","0","1","5","48","95","0"
"hazelcast","a9d0ba2e1a38c66174a7d36bd939fd191eea044e","hazelcast/src/main/java/com/hazelcast/map/impl/operation/PutAllPartitionAwareOperationFactory.java","5","0","1","5","51","83","0"
"oryx","92bff167832b0389e135a60e46f1284c34744e3c","app/example/src/main/java/com/cloudera/oryx/example/ExampleServingModelManager.java","5","0","1","5","54","87","0"
"elasticsearch","105d60ac9c28b1be4ab1e8d04a39c13cf9641c18","modules/elasticsearch/src/main/java/org/elasticsearch/search/facet/geodistance/ScriptGeoDistanceFacetCollector.java","5","0","1","5","62","104","0"
"orientdb","46bbcabde62c2b9e61ebaf45dc23f16d9dee7f02","core/src/main/java/com/orientechnologies/orient/core/sql/OCommandExecutorSQLLiveUnsubscribe.java","5","0","1","5","69","105","1"
"orientdb","136db63960bbf53514691bf5a0bb8361a5ea5361","core/src/main/java/com/orientechnologies/orient/core/sql/OCommandExecutorSQLLiveUnsubscribe.java","5","0","1","5","70","106","0"
"hazelcast","2d61a67c44972c7c71b5c93be51bbb0154a73f45","hazelcast/src/main/java/com/hazelcast/mapreduce/impl/task/DefaultContext.java","5","0","1","5","77","131","1"
"hazelcast","91ba7b9c7110f2d9e6db29272b0ed21c460234bc","hazelcast/src/main/java/com/hazelcast/mapreduce/impl/task/DefaultContext.java","5","0","1","5","79","135","2"
"hazelcast","14abf8f6cf7891e659837da0e0dde65087f8fb44","hazelcast/src/main/java/com/hazelcast/replicatedmap/impl/operation/PutAllOperation.java","5","0","1","5","80","112","1"
"hazelcast","82730096b29b61ad325b1ccae4577584b186adac","hazelcast/src/main/java/com/hazelcast/replicatedmap/impl/operation/PutAllOperation.java","5","0","1","5","81","114","1"
"hazelcast","ed7b856d5876eb258a5f2eae6881d5b33864423b","hazelcast/src/main/java/com/hazelcast/replicatedmap/impl/operation/PutAllOperation.java","5","0","1","5","81","114","1"
"hazelcast","70a82151228a7d5fdefc6d7caaae6bfa349a815c","hazelcast/src/main/java/com/hazelcast/replicatedmap/impl/operation/PutAllOperation.java","5","0","1","5","81","114","0"
"elasticsearch","cbdaf4950bdf44b9669f0d1a169ac23c18eebab4","src/main/java/org/elasticsearch/river/cluster/PublishRiverClusterStateAction.java","5","0","1","5","81","132","1"
"elasticsearch","27b973830d2c65359e9a54e4d12c221d163d4de2","src/main/java/org/elasticsearch/river/cluster/PublishRiverClusterStateAction.java","5","0","1","5","82","133","0"
"elasticsearch","6a2bb9a35e3228c7683d391fdbe099f824ce0f5e","src/main/java/org/elasticsearch/search/aggregations/bucket/histogram/InternalDateHistogram.java","5","0","1","5","95","143","0"
"elasticsearch","07af39364e431dc04e9ba7b2f5a8a1693b5f9269","src/main/java/org/elasticsearch/search/aggregations/bucket/histogram/InternalDateHistogram.java","5","0","1","5","96","144","0"
"elasticsearch","24fccc91d885a1c08bda67b88686e226a467c101","src/main/java/org/elasticsearch/index/fielddata/AtomicNumericFieldData.java","5","0","1","6","100","147","0"
"hazelcast","65c4393adc64d3ff6c248f7502a090ef8921725e","hazelcast/src/test/java/com/hazelcast/client/MockSimpleClient.java","5","0","1","6","115","167","1"
"hazelcast","2604627e26a5a66c185ae6f7bc0518fefa14d0e1","hazelcast/src/test/java/com/hazelcast/client/MockSimpleClient.java","5","0","1","6","115","169","1"
"hazelcast","d4b9ed8097a1308b48d24fa911314129e4e5e4b5","hazelcast/src/test/java/com/hazelcast/client/MockSimpleClient.java","5","0","1","6","115","169","2"
"hazelcast","d04d397a10ff6e838cdf9e0b8dd57b47759dcee1","hazelcast/src/test/java/com/hazelcast/client/MockSimpleClient.java","5","0","1","6","115","169","0"
"hazelcast","90408588053d67fc9835ccdaa88e6c79dc591f1d","hazelcast/src/test/java/com/hazelcast/client/MockSimpleClient.java","5","0","1","6","116","170","0"
"elasticsearch","04c16b7ba5658c928b9bdd7201ef41ab151540ae","src/main/java/org/elasticsearch/search/aggregations/bucket/significant/SignificantLongTerms.java","5","0","1","6","119","165","0"
"elasticsearch","fdf2bb93716c2a6f2b0d0785df386ecd414994c4","src/main/java/org/elasticsearch/search/aggregations/bucket/terms/DoubleTerms.java","5","0","1","6","119","165","0"
"elasticsearch","31ecf1db98ba9822ca5eccd23dc3a09a06e91818","src/main/java/org/elasticsearch/search/aggregations/bucket/significant/SignificantLongTerms.java","5","0","1","6","119","165","1"
"elasticsearch","fdf2bb93716c2a6f2b0d0785df386ecd414994c4","src/main/java/org/elasticsearch/search/aggregations/bucket/terms/LongTerms.java","5","0","1","6","119","166","0"
"hazelcast","704d591b1123a99103cef3052012406491835bb1","hazelcast/src/test/java/com/hazelcast/client/MockSimpleClient.java","5","0","1","6","120","174","0"
"elasticsearch","d8cd75544536a211fa5c66e190aa4313213f0308","src/main/java/org/elasticsearch/search/aggregations/bucket/terms/DoubleTerms.java","5","0","1","6","121","167","1"
"elasticsearch","d8cd75544536a211fa5c66e190aa4313213f0308","src/main/java/org/elasticsearch/search/aggregations/bucket/terms/LongTerms.java","5","0","1","6","121","168","1"
"elasticsearch","ddea22771e936c470891375dbbe47ea90d66abe6","src/test/java/org/elasticsearch/test/integration/mlt/MoreLikeThisActionTests.java","5","0","1","6","129","178","0"
"hazelcast","99f2dd5d8710f0276d0b105ba5c0f19674b6ccdf","hazelcast-client/src/test/java/com/hazelcast/client/map/ClientMapIssueTest.java","5","0","1","6","132","199","1"
"orientdb","ec51e4422d5dcfcda37ecae60d544f5c503d07ac","graphdb/src/test/java/com/orientechnologies/orient/graph/sql/SQLCreateVertexAndEdgeTest.java","5","0","1","6","136","198","0"
"hazelcast","429f2efd2aae8db7f5328ddf09996a9ed6ff0139","hazelcast-client/src/test/java/com/hazelcast/client/map/ClientMapIssueTest.java","5","0","1","6","137","198","1"
"elasticsearch","db805cf5a91d03a4eb529d0888ed43417afaadd0","src/test/java/org/elasticsearch/test/integration/mlt/MoreLikeThisActionTests.java","5","0","1","6","140","189","1"
"elasticsearch","fa19239d4441c8048fca6c714b1afb9b99c6c2f1","modules/test/integration/src/test/java/org/elasticsearch/test/integration/indices/settings/UpdateNumberOfReplicasTests.java","5","0","1","6","211","277","0"
"hazelcast","48ccb689ade8d8b2bd589727a2bc6768649d74a0","hazelcast/src/main/java/com/hazelcast/map/record/OffHeapRecord.java","5","0","1","6","40","73","0"
"elasticsearch","562c3744cab91aa083cb645c67ef57ebb20c8661","core/src/main/java/org/elasticsearch/common/lucene/search/function/ScoreFunction.java","5","0","1","6","40","87","0"
"orientdb","29da058c3bc239cf1911da86b63d76a2071dcd28","core/src/main/java/com/orientechnologies/orient/core/sql/parser/OMatchesCondition.java","5","0","1","6","45","63","1"
"hazelcast","4ee69f889b28896ef4174dd1ba5a30f9bac90e6f","hazelcast/src/main/java/com/hazelcast/ringbuffer/impl/RingbufferWaitNotifyKey.java","5","0","1","6","45","81","0"
"BroadleafCommerce","c47428fb0783c065f81dbdf641f1155879791b33","core/broadleaf-framework-web/src/main/java/org/broadleafcommerce/common/web/security/BroadleafAuthenticationSuccessRedirectStrategy.java","5","0","1","6","46","86","0"
"elasticsearch","f23274523a4d957156fa48923cbf651bdeb2813f","src/main/java/org/elasticsearch/action/bench/BenchmarkStatusResponse.java","5","0","1","6","52","86","0"
"hazelcast","f963f01955d48c55538ee86b08004a22232a050b","hazelcast/src/main/java/com/hazelcast/concurrent/idgen/IdGeneratorProxy.java","5","0","1","6","57","93","0"
"elasticsearch","f0e1f9215b1864d21214c1b44d7d127580d8950a","src/main/java/org/elasticsearch/index/fielddata/AbstractIndexFieldData.java","5","0","1","6","60","75","1"
"hazelcast","4bc70daa1a4ee13006874d617051076c198770df","hazelcast/src/main/java/com/hazelcast/internal/usercodedeployment/impl/ClassData.java","5","0","1","6","62","105","0"
"elasticsearch","8c6b2a30773a805aeaf9668f6496a93581326f45","src/main/java/org/elasticsearch/search/facet/datehistogram/CountDateHistogramFacetCollector.java","5","0","1","6","65","112","0"
"hazelcast","d38202141395360399c9cf97d4453adf5b1581e1","hazelcast/src/main/java/com/hazelcast/client/impl/protocol/task/AuthenticationCustomCredentialsMessageTask.java","5","0","1","6","65","98","1"
"elasticsearch","57c0d29114b60f74e43ceb0914c26d490b61a265","src/main/java/org/elasticsearch/search/suggest/SuggestPhase.java","5","0","1","6","65","99","0"
"elasticsearch","a6510f924520d8cdda2636ac85a1a1e43f6dfb8c","src/main/java/org/elasticsearch/common/blobstore/fs/FsBlobContainer.java","5","0","1","6","66","103","0"
"hazelcast","3cac1d2599490db9984e94496533ba72164068c1","hazelcast/src/main/java/com/hazelcast/cache/impl/operation/CachePutBackupOperation.java","5","0","1","6","69","107","1"
"hazelcast","bc45e6ee9ed996d23bcaa2702c772a11bd4de8fa","hazelcast/src/main/java/com/hazelcast/cache/impl/operation/CachePutBackupOperation.java","5","0","1","6","69","107","1"
"hazelcast","ec370fb6c7c8d8525b50b3a97090e8fc5d49daa8","hazelcast/src/main/java/com/hazelcast/cache/impl/operation/CachePutBackupOperation.java","5","0","1","6","69","107","1"
"hazelcast","6749a1be6c43760807edb6eab05382fb3534ff66","hazelcast/src/main/java/com/hazelcast/cache/impl/operation/CachePutBackupOperation.java","5","0","1","6","69","107","0"
"hazelcast","f47fe94d8a84dc9e277b6139249fc7330041506c","hazelcast/src/main/java/com/hazelcast/cache/impl/operation/CachePutBackupOperation.java","5","0","1","6","69","107","0"
"elasticsearch","46088b9f8acc057414ba222809b1b6bc3e1a435e","modules/elasticsearch/src/main/java/org/elasticsearch/search/facet/histogram/FullHistogramFacetCollector.java","5","0","1","6","70","120","0"
"hazelcast","78ae1a75208f6777bfb81fd68b2d62b446f83759","hazelcast-hibernate/hazelcast-hibernate3/src/main/java/com/hazelcast/hibernate/distributed/UpdateEntryProcessor.java","5","0","1","6","72","118","0"
"neo4j","e5ea526b14ce752e94a5460b1c85bf4567d8f97d","community/command-line/src/main/java/org/neo4j/commandline/Util.java","5","0","1","6","73","107","1"
"hazelcast","7e9aaf983ea251e7252a8ed8cd1ea0b00cad40cf","hazelcast-hibernate/hazelcast-hibernate3/src/main/java/com/hazelcast/hibernate/distributed/UpdateEntryProcessor.java","5","0","1","6","73","119","1"
"neo4j","c3a5cbf00866abb108bf34ce2e0680026fdd2025","community/command-line/src/main/java/org/neo4j/commandline/Util.java","5","0","1","6","74","108","0"
"neo4j","476df94b8d5c18102c358ad2315848270b5afe19","community/lucene-index/src/main/java/org/neo4j/kernel/api/impl/schema/writer/PartitionedIndexWriter.java","5","0","1","6","77","119","1"
"neo4j","6b75a9235ea38e0c47caacd25cc919023c0c958b","community/lucene-index/src/main/java/org/neo4j/kernel/api/impl/schema/writer/PartitionedIndexWriter.java","5","0","1","6","82","124","0"
"neo4j","82d7ef3f69d5be527adfdbd2d660b33176aced95","community/lucene-index/src/main/java/org/neo4j/kernel/api/impl/schema/writer/PartitionedIndexWriter.java","5","0","1","6","82","124","0"
"neo4j","e6f84e88fecffdd2dd28e4ee978d77df94914908","community/lucene-index/src/main/java/org/neo4j/kernel/api/impl/schema/writer/PartitionedIndexWriter.java","5","0","1","6","82","124","1"
"hazelcast","b8145da910628e86c05f3feddff50048bd23e908","hazelcast/src/test/java/com/hazelcast/util/AddressUtilTest.java","5","0","1","6","83","119","1"
"neo4j","430414797892c2c12c043179bd536d9b78cefefd","community/bolt/src/main/java/org/neo4j/bolt/v1/messaging/msgprocess/MessageProcessingCallback.java","5","0","1","6","90","129","1"
"elasticsearch","5337686d8d39568f94b0b976bd9098af69214302","qa/evil-tests/src/test/java/org/elasticsearch/plugins/PluginManagerUnitTests.java","5","0","1","6","91","136","0"
"hazelcast","09bd1799af89fd08fca90af7badcfb4587b22aa2","hazelcast/src/main/java/com/hazelcast/mapreduce/impl/task/DefaultContext.java","5","0","1","6","94","153","1"
"hazelcast","865e2c98056f088462bba55c352b38a05abfd5d7","hazelcast/src/test/java/com/hazelcast/util/AddressUtilTest.java","5","0","1","7","113","152","0"
"hazelcast","349a79965257981b885c8f2cca3725918963433c","hazelcast/src/test/java/com/hazelcast/util/AddressUtilTest.java","5","0","1","7","119","158","2"
"hazelcast","d477d322834b56ab92e59f02588fca9439f00d6d","hazelcast/src/test/java/com/hazelcast/multimap/MultiMapLockTest.java","5","0","1","7","127","165","1"
"elasticsearch","689fd15d786428869a7e311ef6c42f0094ae45a9","src/test/java/org/elasticsearch/index/search/geo/GeoPointParsingTests.java","5","0","1","7","132","187","0"
"elasticsearch","1f04182b8164ffb19f3805c48d67f0375262b317","core/src/main/java/org/elasticsearch/cluster/action/index/NodeIndexDeletedAction.java","5","0","1","7","136","191","0"
"elasticsearch","78d86bcf411ebd940e10539f039282b3d115c5a0","src/test/java/org/elasticsearch/index/shard/IndexShardTests.java","5","0","1","7","146","205","1"
"elasticsearch","48cb06c9cf50d4c459e14e5576e34e9d7265b517","src/test/java/org/elasticsearch/test/integration/mlt/MoreLikeThisActionTests.java","5","0","1","7","159","212","0"
"elasticsearch","faefc772a462546b0127b674c8b6d3dccfd61c7e","modules/elasticsearch/src/main/java/org/elasticsearch/cluster/routing/GroupShardsIterator.java","5","0","1","7","44","77","0"
"hazelcast","f963f01955d48c55538ee86b08004a22232a050b","hazelcast/src/main/java/com/hazelcast/spi/impl/SerializableCollection.java","5","0","1","7","46","77","0"
"elasticsearch","9bf42fed1ba12c7aee8c2c68b2874b1a5e45ba32","modules/elasticsearch/src/main/java/org/elasticsearch/index/search/nested/NestedChildrenCollector.java","5","0","1","7","53","92","0"
"elasticsearch","04eabbd38a3958919851317951da55eafff2846a","src/main/java/org/elasticsearch/index/search/nested/NestedChildrenCollector.java","5","0","1","7","59","98","1"
"hazelcast","3f7fe149b46863191307baa8ab504a6eaf77b0cc","hazelcast/src/main/java/com/hazelcast/concurrent/idgen/IdGeneratorProxy.java","5","0","1","7","61","94","0"
"hazelcast","bc45e6ee9ed996d23bcaa2702c772a11bd4de8fa","hazelcast/src/main/java/com/hazelcast/cache/impl/operation/CachePutIfAbsentOperation.java","5","0","1","7","65","106","1"
"elasticsearch","a6510f924520d8cdda2636ac85a1a1e43f6dfb8c","src/main/java/org/elasticsearch/common/blobstore/fs/FsBlobStore.java","5","0","1","7","69","107","0"
"BroadleafCommerce","549705a35450c5579156224ccb41957ba6b4f92f","core/broadleaf-framework-web/src/main/java/org/broadleafcommerce/core/web/controller/account/BroadleafManageWishlistController.java","5","0","1","7","71","118","1"
"elasticsearch","22720a1abd4e88cd0c3c860bc0774d1286e2e4d4","src/main/java/org/elasticsearch/search/aggregations/metrics/max/InternalMax.java","5","0","1","7","73","111","1"
"elasticsearch","22720a1abd4e88cd0c3c860bc0774d1286e2e4d4","src/main/java/org/elasticsearch/search/aggregations/metrics/min/InternalMin.java","5","0","1","7","73","113","1"
"hazelcast","e93e8abae808b3615517adffdbf7207c5a04525f","hazelcast/src/main/java/com/hazelcast/cache/impl/operation/CacheReplaceOperation.java","5","0","1","7","74","111","2"
"elasticsearch","dbaf39c792c2d8f5dccebec6ae5aaaf8da5fc55b","src/main/java/org/elasticsearch/search/dfs/AggregatedDfs.java","5","0","1","7","78","116","0"
"elasticsearch","22720a1abd4e88cd0c3c860bc0774d1286e2e4d4","src/main/java/org/elasticsearch/search/aggregations/metrics/avg/InternalAvg.java","5","0","1","7","78","117","1"
"titan","343cb98a1c918e3a8e9262b337388112c888c325","src/main/java/com/thinkaurelius/faunus/formats/rexster/RexsterRecordReader.java","5","0","1","7","79","111","0"
"elasticsearch","4b94eb5cb8cc4294ed0e932a5f22c16bd90d4dd7","core/src/main/java/org/elasticsearch/action/admin/cluster/tasks/PendingClusterTasksResponse.java","5","0","1","7","82","122","2"
"elasticsearch","860efb2ad28db09189c8423e05d0dba53010259c","core/src/main/java/org/elasticsearch/action/admin/cluster/tasks/PendingClusterTasksResponse.java","5","0","1","7","82","122","2"
"elasticsearch","d3417fb02291f26964d77767020ef345d18c148f","core/src/main/java/org/elasticsearch/action/admin/cluster/tasks/PendingClusterTasksResponse.java","5","0","1","7","82","122","0"
"elasticsearch","46088b9f8acc057414ba222809b1b6bc3e1a435e","modules/elasticsearch/src/main/java/org/elasticsearch/search/facet/histogram/KeyValueScriptHistogramFacetCollector.java","5","0","1","7","83","138","0"
"hazelcast","bdca7fb96516b5d45d3528e94c156da044c0875b","hazelcast/src/main/java/com/hazelcast/internal/diagnostics/DiagnosticsLogWriter.java","5","0","1","7","98","149","1"
"hazelcast","faf444fa73602fe57c70e8acc074685b01a4cdcb","hazelcast/src/main/java/com/hazelcast/internal/diagnostics/DiagnosticsLogWriter.java","5","0","1","7","98","149","1"
"hazelcast","4a91f4eef271a8a8387d2e72b4d9b7fe1ce63c72","hazelcast/src/main/java/com/hazelcast/internal/diagnostics/DiagnosticsLogWriter.java","5","0","1","7","98","149","0"
"hazelcast","bae7d5dcf12e85f48c49810190ec089eeea0b454","hazelcast/src/main/java/com/hazelcast/mapreduce/impl/task/DefaultContext.java","5","0","1","8","102","165","0"
"hazelcast","b2b3ac4122bb5d642bd2743583efcfb34ade5ce3","hazelcast/src/main/java/com/hazelcast/map/impl/client/AbstractMapAddEntryListenerRequest.java","5","0","1","8","104","140","0"
"hazelcast","f5f635261fbe41d12a606af98e438325a6476076","hazelcast/src/test/java/com/hazelcast/spi/impl/operationexecutor/classic/AbstractClassicOperationExecutorTest.java","5","0","1","8","203","245","1"
"hazelcast","2921cff694583b8638dae2991f427e61d5440a9d","hazelcast/src/test/java/com/hazelcast/spi/impl/operationexecutor/classic/AbstractClassicOperationExecutorTest.java","5","0","1","8","204","246","0"
"hazelcast","984fb8140fbef837df190b89197f8d5d06aad0de","hazelcast/src/test/java/com/hazelcast/spi/impl/operationexecutor/classic/AbstractClassicOperationExecutorTest.java","5","0","1","8","204","246","0"
"hazelcast","1f042b8c4a4245594691bb6d85a66ceed9b43068","hazelcast/src/test/java/com/hazelcast/spi/impl/operationexecutor/classic/AbstractClassicOperationExecutorTest.java","5","0","1","8","204","246","1"
"elasticsearch","6e18702ddb071b437c2b7f7d707bb2df1f471998","core/src/main/java/org/elasticsearch/action/search/ClearScrollRequest.java","5","0","1","8","53","89","1"
"hazelcast","565257f977407eb3a0199d082860209c2958f5f9","hazelcast/src/main/java/com/hazelcast/partition/client/PartitionsResponse.java","5","0","1","8","58","88","1"
"BroadleafCommerce","14d2bad074311e7279f59a64b76e4670ee10de6e","admin/broadleaf-open-admin-platform/src/main/java/org/broadleafcommerce/openadmin/server/service/persistence/PersistenceManagerFactory.java","5","0","1","8","58","93","0"
"orientdb","7a678522a2d83448543bc75d7360ac0857529727","server/src/main/java/com/orientechnologies/orient/server/distributed/task/OFixTxTask.java","5","0","1","8","59","105","0"
"orientdb","50bb0365603295268745639338630da96d9c93fc","server/src/main/java/com/orientechnologies/orient/server/distributed/task/OFixTxTask.java","5","0","1","8","60","106","0"
"elasticsearch","64358948eff4e3b75134dc9e2776e9dc5a39e156","src/main/java/org/elasticsearch/action/search/type/TransportSearchCache.java","5","0","1","8","61","100","0"
"hazelcast","4fb6fa92a65d06a19ba9ab4f05d4943880c9e2ae","hazelcast/src/main/java/com/hazelcast/map/impl/operation/PutAllPartitionAwareOperationFactory.java","5","0","1","8","65","99","1"
"elasticsearch","1584c73e4a85037ce83744a384805f234b288548","src/main/java/org/elasticsearch/search/aggregations/metrics/valuecount/ValueCountAggregator.java","5","0","1","8","67","112","1"
"hazelcast","4eef0f6f0630c47a4baca6875343ccd506948bb5","hazelcast/src/main/java/com/hazelcast/multimap/operations/PutOperation.java","5","0","1","8","68","102","1"
"hazelcast","f963f01955d48c55538ee86b08004a22232a050b","hazelcast-client/src/main/java/com/hazelcast/client/txn/proxy/ClientTxnMultiMapProxy.java","5","0","1","8","73","106","0"
"hazelcast","7582e6ffc797749d94f2f2bad6539dad53527127","hazelcast/src/main/java/com/hazelcast/multimap/operations/client/TxnMultiMapRemoveRequest.java","5","0","1","8","77","110","2"
"elasticsearch","f3c8068ba69142aafa0a5753aa9d897c95aadc8c","core/src/main/java/org/elasticsearch/ingest/IngestMetadata.java","5","0","1","8","80","122","0"
"elasticsearch","c0b71d26cfd31641966e597dc3a78c1494d1382d","core/src/main/java/org/elasticsearch/common/blobstore/fs/FsBlobContainer.java","5","0","1","8","84","130","1"
"BroadleafCommerce","532a30d167a65efa2860617336e58d7482ada881","core/broadleaf-framework-web/src/main/java/org/broadleafcommerce/core/web/controller/account/BroadleafManageWishlistController.java","5","0","1","8","84","136","0"
"BroadleafCommerce","4b899b0b30679392365b1286b26fd502eee6594c","admin/broadleaf-open-admin-platform/src/main/java/org/broadleafcommerce/openadmin/server/security/domain/AdminPermissionQualifiedEntityImpl.java","5","0","1","8","91","135","1"
"BroadleafCommerce","e216da5ebb303680f5c60ffcd75979f5876ab5a6","admin/broadleaf-open-admin-platform/src/main/java/org/broadleafcommerce/openadmin/server/security/domain/AdminPermissionQualifiedEntityImpl.java","5","0","1","8","92","139","0"
"BroadleafCommerce","4b899b0b30679392365b1286b26fd502eee6594c","common/src/main/java/org/broadleafcommerce/common/site/domain/CatalogImpl.java","5","0","1","8","95","133","1"
"hazelcast","6474545aa5329fefb6b8aca3d96457f3fd89c46c","hazelcast/src/main/java/com/hazelcast/map/client/AbstractMapAddEntryListenerRequest.java","5","0","1","8","96","133","0"
"hazelcast","a476ebc118a4c2591a6901e9d093456450e8c205","hazelcast/src/main/java/com/hazelcast/map/impl/client/AbstractMapAddEntryListenerRequest.java","5","0","1","8","96","133","0"
"hazelcast","d551ed762f2dd83eaeffcc7b7b4fc6dad591b31c","hazelcast/src/main/java/com/hazelcast/map/impl/client/AbstractMapAddEntryListenerRequest.java","5","0","1","8","96","133","0"
"hazelcast","49d70060a7b54249744c4d990d8125c3b7431b06","hazelcast/src/main/java/com/hazelcast/map/impl/client/AbstractMapAddEntryListenerRequest.java","5","0","1","8","96","133","1"
"hazelcast","f2a552590f59888cfdba1c4cfc42c481e582e76f","hazelcast/src/main/java/com/hazelcast/map/impl/client/AbstractMapAddEntryListenerRequest.java","5","0","1","8","96","133","1"
"hazelcast","05b27a3d7f9adfb832f8fb0c7927fc71c14df2b4","hazelcast/src/main/java/com/hazelcast/map/impl/client/AbstractMapAddEntryListenerRequest.java","5","0","1","8","97","134","2"
"hazelcast","aa5c4585424b8dc521597ed7bc252abd66f1deb3","hazelcast/src/main/java/com/hazelcast/map/impl/client/AbstractMapAddEntryListenerRequest.java","5","0","1","8","97","134","1"
"hazelcast","adbc8e2988688b80d6acf089c9ae7662ef1dca34","hazelcast/src/main/java/com/hazelcast/map/impl/client/AbstractMapAddEntryListenerRequest.java","5","0","1","8","97","134","1"
"hazelcast","ae877df50978fcfb112d6d0cab2c78f80d1ee770","hazelcast/src/main/java/com/hazelcast/map/impl/client/AbstractMapAddEntryListenerRequest.java","5","0","1","8","97","134","1"
"hazelcast","264b730b6e10ae9df6f5d8727209ca007160236f","hazelcast/src/main/java/com/hazelcast/map/impl/client/AbstractMapAddEntryListenerRequest.java","5","0","1","8","97","134","0"
"hazelcast","e61fb5c3d86ca028d6e3e49a1abcb8e55a938cef","hazelcast/src/main/java/com/hazelcast/map/impl/client/AbstractMapAddEntryListenerRequest.java","5","0","1","8","97","136","0"
"orientdb","76ffdc9fe1e541460329297a955e8494c36be8f5","client/src/main/java/com/orientechnologies/orient/client/remote/OStorageRemoteThread.java","5","0","1","83","605","722","1"
"orientdb","c1f0f046093d166b58193818b359c73d4a50c228","client/src/main/java/com/orientechnologies/orient/client/remote/OStorageRemoteThread.java","5","0","1","84","616","734","0"
"orientdb","69ad5ecc3824911ac8d1bfbeab0d379043546afb","client/src/main/java/com/orientechnologies/orient/client/remote/OStorageRemoteThread.java","5","0","1","86","621","741","0"
"orientdb","4efad7d79eff8fefd7e2a361c364c193238871c5","client/src/main/java/com/orientechnologies/orient/client/remote/OStorageRemoteThread.java","5","0","1","87","629","750","1"
"hazelcast","3df469076a22f870f71f1f23e2ac56224c85654b","hazelcast/src/test/java/com/hazelcast/internal/networking/nonblocking/SelectionKeysSetTest.java","5","0","1","9","104","149","0"
"neo4j","7723d89e6d1d951e8923fb102da0228db2e4e8f9","community/kernel/src/main/java/org/neo4j/kernel/impl/api/store/StoreAbstractRelationshipCursor.java","5","0","1","9","111","155","2"
"neo4j","4f04ee08438d4e1c99095d9d8a9f2ec223af89a9","community/kernel/src/main/java/org/neo4j/kernel/impl/api/store/StoreAbstractRelationshipCursor.java","5","0","1","9","119","164","1"
"BroadleafCommerce","66b90df8e1d48dea727d19decebcf0b65113f2f1","core/broadleaf-framework/src/main/java/org/broadleafcommerce/core/search/domain/SearchFieldImpl.java","5","0","1","9","126","168","0"
"orientdb","0291b15b939b7d7cb70db6253857dcea26e9414f","tests/src/test/java/com/orientechnologies/orient/test/database/auto/DefaultValuesTrivialTest.java","5","0","1","9","174","225","0"
"hazelcast","d7bef66459e1a797600ce7460bd4d04a91eb1350","hazelcast/src/test/java/com/hazelcast/scheduledexecutor/ScheduledExecutorServiceTestSupport.java","5","0","1","9","199","284","0"
"orientdb","29739f035814f99ee6daa898d17a63891e6089dd","core/src/main/java/com/orientechnologies/orient/core/sql/parser/OOrderByItem.java","5","0","1","9","48","62","1"
"netty","f53db96a3e3b12269f85e870820b52fb8f679ed5","buffer/src/main/java/io/netty/buffer/DefaultByteBufHolder.java","5","0","1","9","51","82","0"
"elasticsearch","58e68db1488f969755efc70269bfa5100e52b9c0","src/main/java/org/elasticsearch/common/io/stream/InputStreamStreamInput.java","5","0","1","9","53","88","1"
"hazelcast","d070f1256c8c7fa823e6463487462826384ee1df","hazelcast/src/main/java/com/hazelcast/cache/impl/operation/CacheClearOperation.java","5","0","1","9","56","90","0"
"hazelcast","2c00a0e5532f5700ed1773b08f2e8ebae21181b2","hazelcast-wm/src/main/java/com/hazelcast/web/entryprocessor/DeleteSessionEntryProcessor.java","5","0","1","9","62","97","1"
"hazelcast","ca85d886918dad06ed908696f3ebfbf2553097f0","hazelcast-wm/src/main/java/com/hazelcast/web/entryprocessor/DeleteSessionEntryProcessor.java","5","0","1","9","62","98","0"
"elasticsearch","bf51a4e5dfe04dd84032fec3c232add5f02d51ce","modules/elasticsearch/src/main/java/org/elasticsearch/index/field/function/sort/DoubleFieldsFunctionDataComparator.java","5","0","1","9","66","108","0"
"elasticsearch","fdf2bb93716c2a6f2b0d0785df386ecd414994c4","src/main/java/org/elasticsearch/search/aggregations/metrics/max/InternalMax.java","5","0","1","9","69","107","0"
"elasticsearch","fdf2bb93716c2a6f2b0d0785df386ecd414994c4","src/main/java/org/elasticsearch/search/aggregations/metrics/min/InternalMin.java","5","0","1","9","69","109","0"
"elasticsearch","001a6b0ff7a9f2185617cc3dd9dfe76e1cc04162","modules/elasticsearch/src/main/java/org/elasticsearch/index/field/function/sort/DoubleFieldsFunctionDataComparator.java","5","0","1","9","70","113","0"
"elasticsearch","d8cd75544536a211fa5c66e190aa4313213f0308","src/main/java/org/elasticsearch/search/aggregations/metrics/max/InternalMax.java","5","0","1","9","71","109","1"
"elasticsearch","d8cd75544536a211fa5c66e190aa4313213f0308","src/main/java/org/elasticsearch/search/aggregations/metrics/min/InternalMin.java","5","0","1","9","71","111","1"
"elasticsearch","01b18ad219933679256753fa8639c37d11cac1ff","src/main/java/org/elasticsearch/search/aggregations/metrics/valuecount/ValueCountAggregator.java","5","0","1","9","71","117","0"
"elasticsearch","fdf2bb93716c2a6f2b0d0785df386ecd414994c4","src/main/java/org/elasticsearch/search/aggregations/metrics/avg/InternalAvg.java","5","0","1","9","74","113","0"
"elasticsearch","d8cd75544536a211fa5c66e190aa4313213f0308","src/main/java/org/elasticsearch/search/aggregations/metrics/avg/InternalAvg.java","5","0","1","9","76","115","1"
"netty","573b54a93d45553e1726bcab54f0e325ae9f0bde","common/src/test/java/io/netty/util/UniqueNameTest.java","5","0","1","9","76","123","1"
"neo4j","9af30da086d5f06bb89d34a9f0c7da244d033cbf","community/security/src/main/java/org/neo4j/server/security/auth/BasicAuthSubject.java","5","0","1","9","77","123","0"
"hazelcast","3f7fe149b46863191307baa8ab504a6eaf77b0cc","hazelcast-client/src/main/java/com/hazelcast/client/txn/proxy/ClientTxnMultiMapProxy.java","5","0","1","9","78","112","0"
"hazelcast","d0b08693f3432172c10f271653fe082ef69e5872","hazelcast-client/src/main/java/com/hazelcast/client/txn/proxy/ClientTxnMultiMapProxy.java","5","0","1","9","82","115","2"
"hazelcast","3cc13b14fba6b8e6e2ab9149c8d17561a29c537f","hazelcast/src/main/java/com/hazelcast/collection/impl/queue/operations/CompareAndRemoveOperation.java","5","0","1","9","82","117","1"
"hazelcast","67235ce99477aeeecc86d225926b6456b7ceef20","hazelcast/src/main/java/com/hazelcast/collection/impl/queue/operations/CompareAndRemoveOperation.java","5","0","1","9","82","117","1"
"hazelcast","a46aa8502977bde24649cec3b52fbb065d6f480f","hazelcast/src/main/java/com/hazelcast/collection/impl/queue/operations/CompareAndRemoveOperation.java","5","0","1","9","82","117","1"
"hazelcast","e7c312280062991ae79e7194e151e12ea3aa2897","hazelcast/src/main/java/com/hazelcast/collection/impl/queue/operations/CompareAndRemoveOperation.java","5","0","1","9","82","117","0"
"hazelcast","3cc13b14fba6b8e6e2ab9149c8d17561a29c537f","hazelcast/src/main/java/com/hazelcast/collection/impl/queue/operations/QueueOperation.java","5","0","1","9","97","140","1"
"elasticsearch","4b94eb5cb8cc4294ed0e932a5f22c16bd90d4dd7","core/src/main/java/org/elasticsearch/action/explain/ExplainRequestBuilder.java","5","0","11","1","60","135","2"
"elasticsearch","860efb2ad28db09189c8423e05d0dba53010259c","core/src/main/java/org/elasticsearch/action/explain/ExplainRequestBuilder.java","5","0","11","1","60","135","2"
"elasticsearch","d3417fb02291f26964d77767020ef345d18c148f","core/src/main/java/org/elasticsearch/action/explain/ExplainRequestBuilder.java","5","0","11","1","60","135","0"
"elasticsearch","1764ec56b38ce87f516efdf93bb4ab56e9dd829b","core/src/main/java/org/elasticsearch/action/explain/ExplainRequestBuilder.java","5","0","11","1","68","143","0"
"elasticsearch","25fd9e26c4fb042d6f6dea14efcd239577bdbbc4","core/src/main/java/org/elasticsearch/action/explain/ExplainRequestBuilder.java","5","0","11","1","68","143","0"
"elasticsearch","56cc87b7ccd41040d8fafcaf2da3680d96d10839","core/src/main/java/org/elasticsearch/action/explain/ExplainRequestBuilder.java","5","0","11","1","68","143","0"
"elasticsearch","fbe27664a65ca7ab5b7dbe1c328ab27423e4313c","core/src/main/java/org/elasticsearch/action/explain/ExplainRequestBuilder.java","5","0","11","1","68","143","2"
"elasticsearch","56cc87b7ccd41040d8fafcaf2da3680d96d10839","core/src/main/java/org/elasticsearch/action/support/replication/ReplicationRequest.java","5","0","11","13","151","260","0"
"elasticsearch","a60b8948ba1d836a6eac7cff095519e618939ed8","core/src/main/java/org/elasticsearch/action/support/replication/ReplicationRequest.java","5","0","11","13","153","249","0"
"netty","8bbfcb05a08bc0dd11064d964a77da35fc2e5eb8","codec-http2/src/test/java/io/netty/handler/codec/http2/DefaultHttp2RemoteFlowControllerTest.java","5","0","11","19","681","1083","0"
"elasticsearch","029b13cf68691b361f50622b7d948dfdd12f4461","src/main/java/org/elasticsearch/index/query/support/XContentStructure.java","5","0","11","2","106","200","0"
"elasticsearch","c6623877c9e00eee6ab2744c911520ce16a2eb22","src/main/java/org/elasticsearch/index/query/support/XContentStructure.java","5","0","11","2","110","204","0"
"elasticsearch","25fd9e26c4fb042d6f6dea14efcd239577bdbbc4","core/src/main/java/org/elasticsearch/action/support/replication/ReplicationRequest.java","5","0","13","13","160","276","0"
"elasticsearch","4b94eb5cb8cc4294ed0e932a5f22c16bd90d4dd7","core/src/main/java/org/elasticsearch/action/get/GetRequestBuilder.java","5","0","13","3","70","165","2"
"elasticsearch","860efb2ad28db09189c8423e05d0dba53010259c","core/src/main/java/org/elasticsearch/action/get/GetRequestBuilder.java","5","0","13","3","70","165","2"
"elasticsearch","d3417fb02291f26964d77767020ef345d18c148f","core/src/main/java/org/elasticsearch/action/get/GetRequestBuilder.java","5","0","13","3","70","165","0"
"elasticsearch","1764ec56b38ce87f516efdf93bb4ab56e9dd829b","core/src/main/java/org/elasticsearch/action/get/GetRequestBuilder.java","5","0","13","3","80","175","0"
"elasticsearch","25fd9e26c4fb042d6f6dea14efcd239577bdbbc4","core/src/main/java/org/elasticsearch/action/get/GetRequestBuilder.java","5","0","13","3","80","175","0"
"elasticsearch","56cc87b7ccd41040d8fafcaf2da3680d96d10839","core/src/main/java/org/elasticsearch/action/get/GetRequestBuilder.java","5","0","13","3","80","175","0"
"elasticsearch","fbe27664a65ca7ab5b7dbe1c328ab27423e4313c","core/src/main/java/org/elasticsearch/action/get/GetRequestBuilder.java","5","0","13","3","80","175","2"
"elasticsearch","4504fc2937df5f388227d4f95a7a5ed481e8c4d8","src/main/java/org/elasticsearch/client/transport/TransportClient.java","5","0","13","30","264","421","0"
"elasticsearch","78574d248cf10dad1c5a566fda79e1e0c94afe43","core/src/main/java/org/elasticsearch/action/get/GetRequestBuilder.java","5","0","13","4","84","180","1"
"elasticsearch","e6aaaf11ed4a1b8f595f920de1840938eddb7a97","core/src/main/java/org/elasticsearch/action/get/GetRequestBuilder.java","5","0","13","4","84","180","1"
"elasticsearch","a60b8948ba1d836a6eac7cff095519e618939ed8","core/src/main/java/org/elasticsearch/action/get/GetRequestBuilder.java","5","0","13","4","84","180","0"
"elasticsearch","f22f3db30f9dcbedf1b1a4991b948a2ad8097830","src/main/java/org/elasticsearch/client/transport/TransportClient.java","5","0","14","41","331","507","1"
"elasticsearch","d79717c3414d9400ca5627d637744967f0f215f8","src/main/java/org/elasticsearch/client/transport/TransportClient.java","5","0","14","41","334","511","0"
"elasticsearch","573cacab54c114b04912b5876fa81d61e0317b8b","src/main/java/org/elasticsearch/client/transport/TransportClient.java","5","0","15","0","155","275","0"
"elasticsearch","1764ec56b38ce87f516efdf93bb4ab56e9dd829b","core/src/main/java/org/elasticsearch/action/get/GetRequest.java","5","0","15","15","167","294","0"
"elasticsearch","28273e0a52c443d5a5d304767fd21373e5a81b0b","modules/reindex/src/main/java/org/elasticsearch/index/reindex/ScrollableHitSource.java","5","0","19","24","222","353","1"
"elasticsearch","78bb56671e7b8d690a04a3b4b752b53a66109ab6","modules/reindex/src/main/java/org/elasticsearch/index/reindex/ScrollableHitSource.java","5","0","19","24","225","364","0"
"elasticsearch","04c16b7ba5658c928b9bdd7201ef41ab151540ae","src/main/java/org/elasticsearch/index/mapper/FieldMapper.java","5","0","19","27","125","260","1"
"netty","5eebe9a06c6873e797b5f8c847086c35ae990ef5","resolver/src/main/java/io/netty/resolver/RoundRobinInetAddressResolver.java","5","0","2","0","61","101","0"
"hazelcast","565257f977407eb3a0199d082860209c2958f5f9","hazelcast/src/main/java/com/hazelcast/internal/metrics/metricsets/GarbageCollectionMetricSet.java","5","0","2","0","76","118","1"
"hazelcast","564167c1f93b32ce742411106e9ae67eae88a801","hazelcast/src/main/java/com/hazelcast/internal/metrics/metricsets/GarbageCollectionMetricSet.java","5","0","2","0","77","119","0"
"BroadleafCommerce","e1b5c5edfd4736a056986859fd02aa1df016375d","admin/broadleaf-open-admin-platform/src/main/java/org/broadleafcommerce/openadmin/web/controller/entity/AdminBasicOperationsController.java","5","0","2","1","105","163","2"
"elasticsearch","518cda6637a4480fde5d7dde044dab5b2a0e2936","core/src/test/java/org/elasticsearch/search/aggregations/bucket/significant/SignificantTextAggregatorTests.java","5","0","2","1","107","159","0"
"hazelcast","fc6ab479ed9fab4939bf5f91fe3773e46310610d","hazelcast/src/test/java/com/hazelcast/cache/impl/InternalCacheRecordStoreTest.java","5","0","2","1","140","184","0"
"elasticsearch","c298c19177936733821228e4b0d10f956e3e7473","src/main/java/org/elasticsearch/common/lucene/BytesRefs.java","5","0","2","1","23","52","0"
"hazelcast","04c204fcf1f1d07695eb4355106ffdc8e6bc9365","hazelcast/src/main/java/com/hazelcast/config/matcher/LegacyWildcardConfigPatternMatcher.java","5","0","2","1","28","51","0"
"hazelcast","ccbfb3fe4f981f5a73b2b381cfe404b417c74caa","hazelcast-spring/src/main/java/com/hazelcast/spring/cache/SpringHazelcastCachingProvider.java","5","0","2","1","38","73","1"
"hazelcast","a23961641da88700aa81802d84a4388b155f8753","hazelcast-spring/src/main/java/com/hazelcast/spring/cache/SpringHazelcastCachingProvider.java","5","0","2","1","39","75","0"
"netty","983920f25f2319272e085beb8eaf10f0701df5a3","codec-http/src/main/java/io/netty/handler/codec/spdy/DefaultSpdySynStreamFrame.java","5","0","2","10","91","133","1"
"elasticsearch","d39eb2d69131d7a6a8bda29dcac31342bb1a712e","core/src/main/java/org/elasticsearch/index/Index.java","5","0","2","10","95","148","0"
"elasticsearch","98640310c2adff8f8d164590faf019193201c747","src/main/java/org/elasticsearch/percolator/PercolateContext.java","5","0","2","104","556","697","1"
"elasticsearch","41fd4d87223a2be57524d3df55639d8df118ce85","src/main/java/org/elasticsearch/percolator/PercolateContext.java","5","0","2","105","551","691","1"
"elasticsearch","add433944676594b5696bc949e3e8eea38cf037d","src/main/java/org/elasticsearch/percolator/PercolateContext.java","5","0","2","105","551","692","0"
"elasticsearch","5763b2468669896ce69b7f728626a8c844f4aba4","src/main/java/org/elasticsearch/percolator/PercolateContext.java","5","0","2","106","555","696","0"
"elasticsearch","3274e7ea6fd74073c30e5194c3447b1707e8b708","src/main/java/org/elasticsearch/percolator/PercolateContext.java","5","0","2","106","556","697","1"
"elasticsearch","92f132aede05533636f2874f8a7b86f09ba806b3","src/main/java/org/elasticsearch/percolator/PercolateContext.java","5","0","2","107","565","704","1"
"hazelcast","baf42d6be2a1e6fa0a9532d61cc2b4e56c48f110","hazelcast/src/test/java/com/hazelcast/spi/impl/operationservice/impl/BackpressureRegulatorTest.java","5","0","2","11","226","292","1"
"elasticsearch","b76c394bf30a77762f2e42f1c5bf2aef0852484d","core/src/main/java/org/elasticsearch/percolator/PercolateContext.java","5","0","2","117","611","763","1"
"elasticsearch","34155ff102c87dc34805f9aa6a6094ab2b0e6658","core/src/main/java/org/elasticsearch/percolator/PercolateContext.java","5","0","2","118","618","771","0"
"elasticsearch","8bdfd21b70568a39ebf5232e8c395f5206a7a63f","src/main/java/org/elasticsearch/percolator/PercolateContext.java","5","0","2","119","617","771","0"
"elasticsearch","fc2060ba7e27d013e943c1a1036c178f2402307b","modules/reindex/src/test/java/org/elasticsearch/index/reindex/ReindexFromRemoteWithAuthTests.java","5","0","2","12","138","191","0"
"elasticsearch","a724f4eb6165b3229109b7ae29a2399024dc6fad","modules/reindex/src/test/java/org/elasticsearch/index/reindex/ReindexFromRemoteWithAuthTests.java","5","0","2","12","138","192","1"
"hazelcast","b3a45d9908bab4174b09d59385a02ff3ed7eada1","hazelcast/src/main/java/com/hazelcast/map/impl/querycache/subscriber/QueryCacheRecordHashMap.java","5","0","2","12","89","134","1"
"elasticsearch","12d9268db256b728e8d334801739fb46167902b6","src/main/java/org/apache/lucene/util/packed/XGrowableWriter.java","5","0","2","14","103","163","0"
"netty","ead87b7df8d923417475ead2d7680747b1a72f07","example/src/main/java/io/netty/example/http2/helloworld/server/HelloWorldHttp2Handler.java","5","0","2","14","108","157","1"
"netty","2fd42cfc6b32dacb812c6f2ecef8522cd94718d4","example/src/main/java/io/netty/example/http2/helloworld/server/HelloWorldHttp2Handler.java","5","0","2","14","110","159","0"
"hazelcast","6203cd23fe86a10e135927437a199c6917faca5e","hazelcast/src/test/java/com/hazelcast/internal/ascii/RestTest.java","5","0","2","14","192","260","1"
"elasticsearch","9080f51340b1b26f8bd171b4c82de8d87ad42b55","modules/lang-groovy/src/test/java/org/elasticsearch/messy/tests/IPv4RangeTests.java","5","0","2","14","577","716","1"
"elasticsearch","d84c643f5880a88d2e5c38b487123161f3e01fe0","modules/lang-groovy/src/test/java/org/elasticsearch/messy/tests/IPv4RangeTests.java","5","0","2","14","579","718","0"
"elasticsearch","5763b2468669896ce69b7f728626a8c844f4aba4","src/main/java/org/elasticsearch/search/fetch/FetchSubPhase.java","5","0","2","14","75","125","0"
"hazelcast","56ae25ad0b7d4ff161465085ab23019784dc7a89","hazelcast-client/src/main/java/com/hazelcast/client/config/ClientProperties.java","5","0","2","14","87","173","1"
"hazelcast","71e3c55af7eb45716d845d6072b7e24096b7ec10","hazelcast-client/src/main/java/com/hazelcast/client/config/ClientProperties.java","5","0","2","15","93","192","2"
"hazelcast","074e6dae776fbb63e27c37397cc76417453a9abe","hazelcast-client/src/main/java/com/hazelcast/client/config/ClientProperties.java","5","0","2","15","95","190","0"
"hazelcast","d5b6af56230ef0fe067c1b68a412f238383088f5","hazelcast-client/src/main/java/com/hazelcast/client/config/ClientProperties.java","5","0","2","16","101","209","1"
"elasticsearch","8e931d57672be67bd613469a32ff554f9e92400c","core/src/test/java/org/elasticsearch/search/aggregations/bucket/IPv4RangeTests.java","5","0","2","16","722","873","3"
"elasticsearch","1ef24d2a85f1636f95ee6e536f6cfb1aa9eadcfe","core/src/main/java/org/elasticsearch/action/admin/indices/analyze/AnalyzeRequest.java","5","0","2","16","97","152","1"
"elasticsearch","9ee08dbb0b247afb881431df0c313024eb768747","test-framework/src/main/java/org/elasticsearch/common/cli/CliToolTestCase.java","5","0","2","17","112","169","1"
"elasticsearch","5337686d8d39568f94b0b976bd9098af69214302","test-framework/src/main/java/org/elasticsearch/common/cli/CliToolTestCase.java","5","0","2","17","115","172","0"
"hazelcast","9b16a431b9e74872daad6c61a85f58e0d0607e3b","hazelcast/src/test/java/com/hazelcast/internal/ascii/RestTest.java","5","0","2","17","218","292","0"
"elasticsearch","ec79568e6fbf3519cca615f0e919d41d20b4bfeb","core/src/test/java/org/elasticsearch/search/aggregations/bucket/IPv4RangeTests.java","5","0","2","18","780","947","1"
"elasticsearch","123b0723fe279debe0c320ae917b34d26e51c51b","src/test/java/org/elasticsearch/index/mapper/TransformOnIndexMapperIntegrationTest.java","5","0","2","2","116","178","1"
"elasticsearch","12e39a0d5af306c57437a194caf6d1f417a52b52","src/test/java/org/elasticsearch/index/mapper/TransformOnIndexMapperIntegrationTest.java","5","0","2","2","116","178","1"
"elasticsearch","aa184029b11559c5be0a5b4c403786ae50298f24","src/test/java/org/elasticsearch/index/mapper/TransformOnIndexMapperIntegrationTest.java","5","0","2","2","116","178","1"
"elasticsearch","8905e7297b8e327455bd1db6552e311cb0a33610","src/test/java/org/elasticsearch/index/mapper/TransformOnIndexMapperIntegrationTest.java","5","0","2","2","116","178","0"
"elasticsearch","0a69f1e283e26e5d9e6a000b68b9f4778de557a1","core/src/main/java/org/elasticsearch/common/settings/ClusterSettings.java","5","0","2","2","120","154","2"
"oryx","66c74821b0219328955c47fac225166c40655fb5","oryx-common/src/test/java/com/cloudera/oryx/common/OryxTest.java","5","0","2","2","59","108","1"
"orientdb","ebb1d0eda83898723133f17e7f5f33b5054dc847","core/src/test/java/com/orientechnologies/orient/core/metadata/schema/OClassImplTest.java","5","0","2","23","392","479","2"
"elasticsearch","00a9811f02da7d3ac05316a106312cfc2e3d1a33","modules/reindex/src/test/java/org/elasticsearch/index/reindex/ReindexParentChildTests.java","5","0","2","3","130","204","0"
"elasticsearch","60bddc28ebd690446c88a454cc24de984fdf0fc5","src/test/java/org/elasticsearch/test/integration/indices/settings/UpdateNumberOfReplicasTests.java","5","0","2","3","197","271","0"
"neo4j","ec9c8a128b39729ca3f12d5b5df61aac233b2a1c","community/graphdb-api/src/main/java/org/neo4j/graphdb/spatial/Coordinate.java","5","0","2","3","36","86","0"
"BroadleafCommerce","73b572fb130796355d80fdc8d5007c0d5f3a84cd","core/broadleaf-framework/src/main/java/org/broadleafcommerce/core/workflow/DefaultErrorHandler.java","5","0","2","3","41","79","0"
"BroadleafCommerce","27ef2467b7432e825811b791c96788f417fc8d4b","core/broadleaf-framework/src/main/java/org/broadleafcommerce/core/workflow/DefaultErrorHandler.java","5","0","2","3","44","80","0"
"neo4j","3e2c2af5ca337bfd6f39f058033c183955e4b025","community/bolt/src/main/java/org/neo4j/bolt/v1/transport/BoltProtocolV1.java","5","0","2","3","77","139","1"
"neo4j","fd06ce499b9b23c2b5e71977356de559be990c8d","community/bolt/src/main/java/org/neo4j/bolt/v1/transport/BoltProtocolV1.java","5","0","2","3","77","140","0"
"orientdb","dc025634bd8133bb14ce499efe6078c88ed5ad7c","core/src/main/java/com/orientechnologies/orient/core/index/OIndexDictionary.java","5","0","2","4","54","96","0"
"hazelcast","75d32d68cf130e7d43dfe361a34ebc3c74e61e3b","hazelcast/src/main/java/com/hazelcast/concurrent/lock/operations/UnlockIfLeaseExpiredOperation.java","5","0","2","4","65","102","2"
"elasticsearch","876c7e04006750584f88c50305cf2ccc37523a2b","core/src/main/java/org/apache/lucene/queries/MinDocQuery.java","5","0","2","4","82","122","1"
"elasticsearch","61b1f4ad0b88323a238c3f6a1d6d539c4479675a","core/src/main/java/org/elasticsearch/search/aggregations/bucket/significant/SignificantLongTerms.java","5","0","2","5","186","245","0"
"elasticsearch","ddbfda2c68e6be7067bc8d9f779c3e75289eb99c","core/src/main/java/org/elasticsearch/search/aggregations/bucket/significant/SignificantLongTerms.java","5","0","2","5","191","250","1"
"hazelcast","204f4b9d7cd02069b258f98c14c4fc3621c5e94f","hazelcast/src/test/java/com/hazelcast/map/QueryBounceTest.java","5","0","2","5","94","138","0"
"elasticsearch","a832987ada172d91baa03a779a21b7541ddd6857","core/src/test/java/org/elasticsearch/common/io/FileSystemUtilsTests.java","5","0","2","6","154","213","0"
"elasticsearch","5343b87502cf82e7697133ed636f210bd31247cd","modules/transport-netty4/src/test/java/org/elasticsearch/http/netty4/Netty4HttpServerTransportTests.java","5","0","2","6","195","246","0"
"elasticsearch","78574d248cf10dad1c5a566fda79e1e0c94afe43","core/src/main/java/org/elasticsearch/action/ingest/SimulateDocumentBaseResult.java","5","0","2","6","58","93","1"
"elasticsearch","e6aaaf11ed4a1b8f595f920de1840938eddb7a97","core/src/main/java/org/elasticsearch/action/ingest/SimulateDocumentBaseResult.java","5","0","2","6","58","93","1"
"elasticsearch","a60b8948ba1d836a6eac7cff095519e618939ed8","core/src/main/java/org/elasticsearch/action/ingest/SimulateDocumentBaseResult.java","5","0","2","6","58","93","0"
"netty","50b97689285003618dc8b7c43365eb4cda0ffc1d","codec-http/src/test/java/io/netty/handler/codec/http/HttpContentCompressorTest.java","5","0","2","7","226","311","1"
"netty","d5fd57262b9877a0f5b035a7c019d576ee1c60f3","codec-http/src/test/java/io/netty/handler/codec/http/HttpContentCompressorTest.java","5","0","2","7","231","317","0"
"elasticsearch","2f6405ee277ec64269dd13fdfbd8445f96b4516d","core/src/main/java/org/elasticsearch/index/Index.java","5","0","2","7","54","97","1"
"elasticsearch","51c74ce5476ed4d8b0f2ed3469fee955ff1e5fd1","modules/lang-mustache/src/main/java/org/elasticsearch/script/mustache/MultiSearchTemplateRequest.java","5","0","2","7","60","102","1"
"elasticsearch","5eeac2fdf6c108e2f9b6305b6577a77e5290ad9e","src/test/java/org/elasticsearch/http/netty/NettyHttpClient.java","5","0","2","8","111","164","0"
"elasticsearch","be4074e13d188d71e1bf2c4b1a4da97118713c03","modules/lang-mustache/src/main/java/org/elasticsearch/script/mustache/MultiSearchTemplateRequest.java","5","0","2","8","65","108","3"
"elasticsearch","49bdd29f91eb3568a8bac28e043f422a208104d1","core/src/test/java/org/elasticsearch/search/nested/SimpleNestedIT.java","5","0","2","8","902","1064","1"
"elasticsearch","3ce7b119d28e7d1be7284bd804606a65c2d1a383","core/src/test/java/org/elasticsearch/search/nested/SimpleNestedIT.java","5","0","2","8","932","1094","0"
"orientdb","693119e3f1dab4ea8b67a35575ba1f7d1c0a970b","core/src/main/java/com/orientechnologies/orient/core/db/record/ridbag/sbtree/OSBTreeCollectionManagerShared.java","5","0","2","9","101","158","0"
"elasticsearch","cde83e363aac2195c2dc0f81bbe348bcfe8b4152","modules/lang-painless/src/test/java/org/elasticsearch/painless/RemainderTests.java","5","0","2","9","107","148","1"
"hazelcast","8d14f34eae4cd9efdd00e7db91785935779087b0","hazelcast/src/main/java/com/hazelcast/instance/GroupProperties.java","5","0","2","9","258","370","1"
"hazelcast","5032b0529d0c0900e5bea5b2fb5008b7b5df776a","hazelcast/src/main/java/com/hazelcast/instance/GroupProperties.java","5","0","2","9","261","374","0"
"hazelcast","d167e488dc2c7fb399cf36028aa8ef314a983dd4","hazelcast/src/main/java/com/hazelcast/instance/GroupProperties.java","5","0","2","9","271","416","0"
"hazelcast","9275e0e368a551933587f8cab78041f3f35bca35","hazelcast/src/main/java/com/hazelcast/instance/GroupProperties.java","5","0","2","9","294","504","2"
"hazelcast","76b13cfce90e77514528cad2a25c20366c050990","hazelcast/src/main/java/com/hazelcast/instance/GroupProperties.java","5","0","2","9","297","514","0"
"hazelcast","23dc01609c7220e3e9784fb94eef7520d17b763b","hazelcast/src/main/java/com/hazelcast/instance/GroupProperties.java","5","0","2","9","312","543","0"
"hazelcast","f7fb8904c530d9f13357dcc7e8adda4dc9e0c816","hazelcast/src/main/java/com/hazelcast/instance/GroupProperties.java","5","0","2","9","319","561","1"
"hazelcast","baf42d6be2a1e6fa0a9532d61cc2b4e56c48f110","hazelcast/src/main/java/com/hazelcast/instance/GroupProperties.java","5","0","2","9","334","609","1"
"hazelcast","b160352ca4a1035afbf9def0c927ec2570b95466","hazelcast/src/main/java/com/hazelcast/instance/GroupProperties.java","5","0","2","9","334","619","0"
"elasticsearch","4063354dbe6d08263fd759af59170121ccafd991","core/src/main/java/org/elasticsearch/action/search/ClearScrollRequest.java","5","0","2","9","58","100","0"
"elasticsearch","73e4a9b3f7a70be5b02aadd05f0f2e88423d933a","src/main/java/org/elasticsearch/indices/recovery/StartRecoveryRequest.java","5","0","2","9","87","140","0"
"elasticsearch","bc65be2a656f7406e820ba69c9878124bd725016","core/src/main/java/org/elasticsearch/action/bulk/byscroll/ScrollableHitSource.java","5","0","20","25","231","380","0"
"elasticsearch","f8453aca57a8151c586d0e14e87932ba7bc82d52","core/src/main/java/org/elasticsearch/action/bulk/byscroll/ScrollableHitSource.java","5","0","20","25","232","374","1"
"hazelcast","fd9bdc6c9ca27d039fec4dac19de0a9c6cdab1c6","hazelcast/src/main/java/com/hazelcast/config/NearCacheConfig.java","5","0","21","11","188","436","0"
"neo4j","6dd96b8fc736655801d4e4d4ed0afd9d048b8d5e","enterprise/security/src/test/java/org/neo4j/server/security/enterprise/auth/AuthProceduresInteractionTestBase.java","5","0","24","66","805","1008","0"
"Android-Universal-Image-Loader","dcb5e7982e71f76bf5aac5830e18c713839ff478","library/src/com/nostra13/universalimageloader/core/DisplayImageOptions.java","5","0","27","27","269","479","1"
"elasticsearch","36e22bc30f097a58b66fb7da63a5377a169e0f8d","core/src/main/java/org/elasticsearch/common/util/LocaleUtils.java","5","0","3","0","23","61","1"
"netty","b3b5fb1de66fd1290015998d7d4d836bce3e8594","common/src/main/java/io/netty/util/internal/QueueFactory.java","5","0","3","0","31","85","0"
"hazelcast","1b19f48fd94c4d1d735c16799001e1937fed4d54","hazelcast/src/main/java/com/hazelcast/internal/util/ThreadLocalRandomProvider.java","5","0","3","0","37","78","0"
"elasticsearch","046abdc281c321cd2128ee7684c0edfcaca07203","core/src/main/java/org/elasticsearch/common/io/stream/NamedWriteableRegistry.java","5","0","3","0","46","89","2"
"neo4j","6b75a9235ea38e0c47caacd25cc919023c0c958b","community/lucene-index/src/main/java/org/neo4j/kernel/api/impl/index/backup/LuceneIndexSnapshots.java","5","0","3","0","54","100","0"
"netty","63a02fc04e6ce45aee38b0437ae0279880e5fe40","codec-dns/src/main/java/io/netty/handler/codec/dns/DatagramDnsQueryEncoder.java","5","0","3","0","68","121","0"
"neo4j","cbdf8db999e1dbb1a49dc1123839cbe4d61703ac","community/kernel/src/main/java/org/neo4j/kernel/impl/api/LookupFilter.java","5","0","3","0","90","136","0"
"netty","af4b71a00e30faf86ef1c2365e965e8f04f65bee","codec/src/main/java/io/netty/handler/codec/FixedLengthFrameDecoder.java","5","0","3","1","42","94","0"
"netty","d8658989e1a9a998373886738a17ba8cc9e270ae","common/src/main/java/io/netty/util/CharsetUtil.java","5","0","3","1","55","121","1"
"netty","dd1ba2a2521dca5f25bbe34314a8d66fe462b053","codec-socks/src/test/java/io/netty/handler/codec/socksx/v5/Socks5CommandResponseDecoderTest.java","5","0","3","1","64","99","1"
"netty","506ac2ca71ab44ebb8db9441da954422a75fe251","codec-socks/src/test/java/io/netty/handler/codec/socksx/v5/Socks5CommandResponseDecoderTest.java","5","0","3","1","65","100","0"
"netty","7049d8debb74c05a542233f5b28b1655b07da306","codec-http/src/main/java/io/netty/handler/codec/spdy/DefaultSpdySynStreamFrame.java","5","0","3","10","94","145","0"
"netty","9e890f0ab8e1bb17b9cfd7426aa6c51351212111","buffer/src/test/java/io/netty/buffer/AbstractCompositeByteBufTest.java","5","0","3","13","376","521","2"
"netty","94aad586270abbb95569d3d45fad8db810bfc098","buffer/src/test/java/io/netty/buffer/AbstractCompositeByteBufTest.java","5","0","3","14","390","536","1"
"netty","8884e311f1829ddacbad5bbc2b9930b9a8fbf422","buffer/src/test/java/io/netty/buffer/AbstractCompositeByteBufTest.java","5","0","3","14","390","537","1"
"netty","5e4169802f407114aa18d1b4265bf5231673b20b","buffer/src/test/java/io/netty/buffer/AbstractCompositeByteBufTest.java","5","0","3","15","405","556","1"
"netty","58b968b6036dc194dce5a3e70d05d493b2fb6b58","buffer/src/test/java/io/netty/buffer/AbstractCompositeByteBufTest.java","5","0","3","15","406","557","0"
"elasticsearch","977712f9773c3eecea3958a5b8ddf934207775a6","modules/percolator/src/test/java/org/elasticsearch/percolator/PercolatorFieldMapperTests.java","5","0","3","16","463","561","1"
"netty","51a536fd3068ecff95dd27adf047299122ade8ea","buffer/src/test/java/io/netty/buffer/AbstractCompositeByteBufTest.java","5","0","3","17","417","570","0"
"elasticsearch","02d4cbfeeadc3d5dcbe16153d5d90dc9ed54134f","modules/percolator/src/test/java/org/elasticsearch/percolator/PercolatorFieldMapperTests.java","5","0","3","17","461","571","1"
"netty","36c8ac5e5c2a37af9d0a3df3d66194c3c5087742","buffer/src/test/java/io/netty/buffer/AbstractCompositeByteBufTest.java","5","0","3","18","421","576","0"
"netty","451e91d1429c08ce8f92bb8ce0b9ad8c28afb904","buffer/src/test/java/io/netty/buffer/AbstractCompositeByteBufTest.java","5","0","3","19","430","586","0"
"elasticsearch","b1cef5fdf8e1f8e9982a4724986b2731ca4d522b","core/src/main/java/org/elasticsearch/search/aggregations/metrics/percentiles/PercentilesMethod.java","5","0","3","2","35","79","1"
"Android-Universal-Image-Loader","86f4d2533860e3dad3cfcfbadd525108587cff00","library/src/com/nostra13/universalimageloader/cache/disc/impl/LimitedAgeDiscCache.java","5","0","3","2","47","79","1"
"Android-Universal-Image-Loader","519b63ba80983cf28090b3a6c19184d463407df9","library/src/com/nostra13/universalimageloader/cache/disc/impl/LimitedAgeDiscCache.java","5","0","3","2","48","80","0"
"neo4j","a49d0e13f44fe938727ef15fd93a227a5d08f35f","enterprise/core-edge/src/main/java/org/neo4j/coreedge/raft/state/CoreStateApplier.java","5","0","3","2","57","110","0"
"neo4j","133d6692a100c17152d9cf1a8e3d9bb40a40e9ef","enterprise/core-edge/src/main/java/org/neo4j/coreedge/raft/state/CoreStateApplier.java","5","0","3","2","58","114","1"
"elasticsearch","1764ec56b38ce87f516efdf93bb4ab56e9dd829b","core/src/main/java/org/elasticsearch/action/explain/ExplainRequest.java","5","0","3","20","130","189","0"
"elasticsearch","25fd9e26c4fb042d6f6dea14efcd239577bdbbc4","core/src/main/java/org/elasticsearch/action/explain/ExplainRequest.java","5","0","3","20","130","189","0"
"elasticsearch","56cc87b7ccd41040d8fafcaf2da3680d96d10839","core/src/main/java/org/elasticsearch/action/explain/ExplainRequest.java","5","0","3","20","130","189","0"
"elasticsearch","a60b8948ba1d836a6eac7cff095519e618939ed8","core/src/main/java/org/elasticsearch/action/explain/ExplainRequest.java","5","0","3","20","130","189","0"
"elasticsearch","78574d248cf10dad1c5a566fda79e1e0c94afe43","core/src/main/java/org/elasticsearch/action/explain/ExplainRequest.java","5","0","3","20","130","189","1"
"elasticsearch","e6aaaf11ed4a1b8f595f920de1840938eddb7a97","core/src/main/java/org/elasticsearch/action/explain/ExplainRequest.java","5","0","3","20","130","189","1"
"elasticsearch","fbe27664a65ca7ab5b7dbe1c328ab27423e4313c","core/src/main/java/org/elasticsearch/action/explain/ExplainRequest.java","5","0","3","20","130","189","2"
"elasticsearch","4b94eb5cb8cc4294ed0e932a5f22c16bd90d4dd7","core/src/main/java/org/elasticsearch/action/explain/ExplainRequest.java","5","0","3","20","131","190","2"
"elasticsearch","860efb2ad28db09189c8423e05d0dba53010259c","core/src/main/java/org/elasticsearch/action/explain/ExplainRequest.java","5","0","3","20","131","190","2"
"elasticsearch","d3417fb02291f26964d77767020ef345d18c148f","core/src/main/java/org/elasticsearch/action/explain/ExplainRequest.java","5","0","3","20","131","190","0"
"hazelcast","7425829d0c217bbb16de5a89d37cfb278474b47e","hazelcast/src/main/java/com/hazelcast/client/impl/protocol/util/MessageFlyweight.java","5","0","3","20","160","233","0"
"hazelcast","e69880e26ce2126464e63e83b4acb8a4da1fb844","hazelcast/src/main/java/com/hazelcast/client/impl/protocol/util/MessageFlyweight.java","5","0","3","22","169","242","1"
"hazelcast","b94365a388067dd9c5b727836a054f043f34f1f2","hazelcast/src/main/java/com/hazelcast/client/impl/protocol/util/MessageFlyweight.java","5","0","3","22","175","250","0"
"elasticsearch","c1ba4fdcb45fd7e2b50f0e5d236522b3e71cd7bc","core/src/test/java/org/elasticsearch/search/aggregations/metrics/scripted/ScriptedMetricAggregatorTests.java","5","0","3","3","150","217","0"
"neo4j","99abe5c4afa2f26034fa586114f10589e685e985","community/kernel/src/main/java/org/neo4j/kernel/impl/api/KernelTransactions.java","5","0","3","3","169","251","1"
"neo4j","c565fd94f62826af7e334282f0975a6f3d0e7f01","community/kernel/src/main/java/org/neo4j/kernel/impl/api/KernelTransactions.java","5","0","3","3","170","256","2"
"hazelcast","564167c1f93b32ce742411106e9ae67eae88a801","hazelcast/src/main/java/com/hazelcast/util/collection/IntIterator.java","5","0","3","3","43","85","0"
"elasticsearch","380393a5b721e588eb87fabda42153132015987f","plugins/lang-javascript/src/test/java/org/elasticsearch/script/javascript/JavaScriptSecurityTests.java","5","0","3","3","63","110","0"
"elasticsearch","3bafba890449bd90f3e48e8f85837b0057cb0fba","modules/elasticsearch/src/main/java/org/elasticsearch/monitor/jvm/JvmInfo.java","5","0","3","37","244","333","0"
"elasticsearch","38663351dcf76955e8ef6f4bc959d777825ec425","modules/transport-netty3/src/main/java/org/elasticsearch/transport/netty3/Netty3Utils.java","5","0","3","4","83","172","0"
"elasticsearch","185dff73461ae384f44fda5c7883fa6ba5e8c466","modules/transport-netty3/src/main/java/org/elasticsearch/transport/netty3/Netty3Utils.java","5","0","3","4","84","173","0"
"hazelcast","d070f1256c8c7fa823e6463487462826384ee1df","hazelcast/src/main/java/com/hazelcast/map/impl/nearcache/MapNearCacheManager.java","5","0","3","5","73","116","0"
"hazelcast","7001ec8c5b1305c796de75c2e3f170c562db8c03","hazelcast/src/main/java/com/hazelcast/map/impl/nearcache/MapNearCacheManager.java","5","0","3","6","93","136","0"
"netty","20d818ccec9670bea362273be44e1a4c486bcdbe","codec-http/src/main/java/io/netty/handler/codec/http/DefaultHttpRequest.java","5","0","3","8","63","110","0"
"netty","f398f2f7b5bd40a78ca8ddf71cdbc5114c6b13a0","codec-http/src/main/java/io/netty/handler/codec/http/DefaultHttpRequest.java","5","0","3","8","77","126","1"
"netty","4ed5b07e4e4cc91c2ba2ed266f92b3f7c176cd76","buffer/src/test/java/io/netty/buffer/AbstractCompositeByteBufTest.java","5","0","3","9","315","434","0"
"elasticsearch","78574d248cf10dad1c5a566fda79e1e0c94afe43","core/src/main/java/org/elasticsearch/action/update/UpdateResponse.java","5","0","3","9","83","131","1"
"elasticsearch","a60b8948ba1d836a6eac7cff095519e618939ed8","core/src/main/java/org/elasticsearch/action/update/UpdateResponse.java","5","0","3","9","84","130","0"
"elasticsearch","7ab0e2c5321c802068d85c0fa3a0f44e0b02c5a4","core/src/main/java/org/elasticsearch/index/query/FilteredQueryBuilder.java","5","0","4","0","43","91","1"
"netty","58e6bec3b1a85fb745012e0310cb366e72203c08","codec-http/src/main/java/io/netty/handler/codec/http/websocketx/WebSocketServerHandshaker08.java","5","0","4","0","64","164","1"
"netty","58e6bec3b1a85fb745012e0310cb366e72203c08","codec-http/src/main/java/io/netty/handler/codec/http/websocketx/WebSocketServerHandshaker13.java","5","0","4","0","64","165","1"
"elasticsearch","a9a2753f0b07ee644e1babfd9de4f00df17e7b2a","client/transport/src/main/java/org/elasticsearch/transport/client/PreBuiltTransportClient.java","5","0","4","1","53","109","0"
"elasticsearch","ab3e22d17c291fa1d68401c33fd27300523f7b26","src/main/java/org/elasticsearch/common/io/stream/BytesStreamOutput.java","5","0","4","10","79","164","0"
"elasticsearch","374b633a4b46c8e121e70a563282d4138a3bdba4","src/main/java/org/elasticsearch/common/io/stream/BytesStreamOutput.java","5","0","4","10","82","167","0"
"elasticsearch","9ccdd3303d0a6d6bceea7ef5de74bbae5f0340dd","modules/percolator/src/test/java/org/elasticsearch/percolator/PercolatorFieldMapperTests.java","5","0","4","17","488","618","0"
"elasticsearch","c381a64c66ee742296603969febebe14ac4dd0cb","src/main/java/org/elasticsearch/index/snapshots/blobstore/BlobStoreIndexShardSnapshots.java","5","0","4","2","36","87","1"
"elasticsearch","e01c0927a6f1faa07990eb3433ea4191e99c4920","core/src/main/java/org/elasticsearch/search/aggregations/support/format/ValueParser.java","5","0","4","24","136","211","0"
"netty","3ba856a5f45c467b280ee37ff8d4f144f67eb819","codec-socks/src/test/java/io/netty/handler/codec/socks/SocksCmdResponseTest.java","5","0","4","3","103","141","0"
"elasticsearch","c0f9e337ce5271c5cd5ff08a381d8cd4670abc9d","src/main/java/org/apache/lucene/search/vectorhighlight/XScoreOrderFragmentsBuilder.java","5","0","4","4","35","79","0"
"netty","2fefb2f79c30bcda5b43815d64174aac900e740c","common/src/main/java/io/netty/util/ByteProcessor.java","5","0","4","4","54","129","1"
"netty","6257091d121903f0ad83ae43ecb6697b861727a8","common/src/main/java/io/netty/util/ByteProcessor.java","5","0","4","4","60","139","0"
"hazelcast","0ca453ca3fe29b4130151c5df265e9e2a9ae8ab7","hazelcast/src/main/java/com/hazelcast/map/impl/nearcache/NearCacheProvider.java","5","0","4","4","74","120","0"
"hazelcast","3c5f442e9cf8a73a13ea74b8a994f507ae2d2add","hazelcast/src/main/java/com/hazelcast/map/impl/nearcache/NearCacheProvider.java","5","0","4","4","74","120","0"
"hazelcast","d2a92e383bdf14865e3bd445a2a873f5caada6fe","hazelcast/src/main/java/com/hazelcast/map/impl/nearcache/NearCacheProvider.java","5","0","4","4","74","120","1"
"elasticsearch","b1cef5fdf8e1f8e9982a4724986b2731ca4d522b","core/src/main/java/org/elasticsearch/search/aggregations/metrics/cardinality/CardinalityAggregationBuilder.java","5","0","4","4","83","137","1"
"netty","91b378005461b85f965aa296daa087bc009b9da0","transport/src/main/java/io/netty/channel/socket/nio/NioServerSocketChannel.java","5","0","4","5","117","181","0"
"netty","869687bd711e1358367203526128d9a2ad90663a","transport/src/main/java/io/netty/channel/socket/nio/NioServerSocketChannel.java","5","0","4","5","131","198","0"
"elasticsearch","149ef74b26bb33d3a1d3c1c45c481a01345cd764","core/src/main/java/org/elasticsearch/search/aggregations/metrics/cardinality/CardinalityAggregationBuilder.java","5","0","4","5","98","154","0"
"hazelcast","b04a2bf45dc85bc1d0513f3ac65ea899616c9c39","hazelcast/src/main/java/com/hazelcast/map/impl/nearcache/MapNearCacheManager.java","5","0","4","6","114","168","0"
"neo4j","a93c570faa774c1a40b635b6a3e6d8ccb61a99e8","community/kernel/src/main/java/org/neo4j/kernel/impl/factory/GraphDatabaseFacadeFactory.java","5","0","4","7","117","225","1"
"elasticsearch","2ebb44d56f2c61cb14afca1caea21a0ecd4130fb","core/src/main/java/org/elasticsearch/search/aggregations/pipeline/movavg/models/HoltLinearModel.java","5","0","4","8","106","206","0"
"hazelcast","951ffdc2e22a155ef94f1bfaaea080af2efc64d6","hazelcast-client/src/main/java/com/hazelcast/client/config/ClientClasspathXmlConfig.java","5","0","5","0","36","101","0"
"junit","d3de6079892fa89aa46386c0369a29b4ef9e9e3c","src/main/java/org/junit/runner/manipulation/Filter.java","5","0","5","0","40","82","1"
"BroadleafCommerce","d311b746df251a3a2399c3ab6b47a71e488eaa5b","core/broadleaf-framework/src/main/java/org/broadleafcommerce/core/inventory/service/AvailabilityServiceImpl.java","5","0","5","1","45","110","0"
"hazelcast","fb945c32b2039a081d11e5e281d86b22c000c879","hazelcast/src/test/java/com/hazelcast/test/TestClusterUpgradeUtils.java","5","0","5","1","60","95","0"
"hazelcast","4003029651c76805e2951670f6313c08ff87c621","hazelcast/src/test/java/com/hazelcast/test/TestClusterUpgradeUtils.java","5","0","5","1","61","96","0"
"elasticsearch","78574d248cf10dad1c5a566fda79e1e0c94afe43","core/src/main/java/org/elasticsearch/action/termvectors/MultiTermVectorsResponse.java","5","0","5","11","115","173","1"
"elasticsearch","e6aaaf11ed4a1b8f595f920de1840938eddb7a97","core/src/main/java/org/elasticsearch/action/termvectors/MultiTermVectorsResponse.java","5","0","5","11","115","173","1"
"elasticsearch","a60b8948ba1d836a6eac7cff095519e618939ed8","core/src/main/java/org/elasticsearch/action/termvectors/MultiTermVectorsResponse.java","5","0","5","11","115","173","0"
"elasticsearch","526b46402530817f63c4c70ed382fee34b8b7cf3","src/main/java/org/elasticsearch/index/mapper/DocumentFieldMappers.java","5","0","5","12","89","152","0"
"elasticsearch","49bdd29f91eb3568a8bac28e043f422a208104d1","core/src/test/java/org/elasticsearch/search/suggest/phrase/DirectCandidateGeneratorTests.java","5","0","5","2","137","205","1"
"elasticsearch","6cdbdaf388b6d8367413e6dee2a7185c94d04b2d","src/main/java/org/elasticsearch/index/query/HasChildFilterBuilder.java","5","0","5","2","53","100","0"
"elasticsearch","aea00a62f3825e388e07007d3c8686f93c2d3f8e","core/src/main/java/org/elasticsearch/action/support/broadcast/BroadcastResponse.java","5","0","5","2","60","107","1"
"oryx","27e9046b2bd92243c260efd8bcd0af46b92bdf9e","framework/kafka-util/src/main/java/com/cloudera/oryx/kafka/util/LocalKafkaBroker.java","5","0","5","2","64","117","0"
"oryx","d16f89b25fc5e12f94af6432274c66e0394c1743","framework/kafka-util/src/main/java/com/cloudera/oryx/kafka/util/LocalKafkaBroker.java","5","0","5","2","64","118","0"
"elasticsearch","0ff30ade69404af2830c343f3b7052aeb6f77c8f","src/main/java/org/apache/lucene/analysis/PrefixAnalyzer.java","5","0","5","2","69","132","0"
"elasticsearch","88b854e2ea5dd2a68b71f44a2fa2cf63b3a79700","src/main/java/org/elasticsearch/action/admin/indices/warmer/put/PutWarmerRequest.java","5","0","5","3","72","125","0"
"neo4j","984859253643ec74deb7d4c20c14e4b7bd6013a4","community/kernel/src/main/java/org/neo4j/kernel/impl/api/KernelTransactions.java","5","0","5","4","192","302","2"
"neo4j","27793b7cdd404fa255b17808ea9603a622e6bb7e","community/kernel/src/main/java/org/neo4j/kernel/impl/api/KernelTransactions.java","5","0","5","4","193","302","1"
"elasticsearch","41a2375c9e609395e21522ee79202645ed2a0af4","core/src/main/java/org/elasticsearch/action/support/broadcast/BroadcastResponse.java","5","0","5","4","60","107","0"
"neo4j","868b4d731485023d2f7477e1133dcd5b263c851d","community/kernel/src/main/java/org/neo4j/kernel/impl/factory/GraphDatabaseFacadeFactory.java","5","0","5","7","125","243","0"
"elasticsearch","1ac728d22bf6375a78daa171095e918a54932f7c","core/src/main/java/org/elasticsearch/search/aggregations/pipeline/movavg/models/HoltLinearModel.java","5","0","5","8","105","205","2"
"elasticsearch","ae742c4a038b5a1f7cbfdf1697845cd8ea4d71ac","core/src/main/java/org/elasticsearch/search/aggregations/pipeline/movavg/models/HoltLinearModel.java","5","0","5","8","106","206","1"
"hazelcast","d568e4d926d925d57d4e79e34614390416749301","hazelcast/src/test/java/com/hazelcast/concurrent/countdownlatch/CountDownLatchAbstractTest.java","5","0","5","9","121","174","0"
"hazelcast","70d4de16ff0ac4518d09aad8c9f2ad9e782fb337","hazelcast/src/test/java/com/hazelcast/concurrent/countdownlatch/CountDownLatchAbstractTest.java","5","0","5","9","121","175","1"
"elasticsearch","30ab8739a6e11ea7d5f25a62e290932d5f2d740f","core/src/main/java/org/elasticsearch/common/io/stream/BytesStreamOutput.java","5","0","5","9","80","161","0"
"elasticsearch","1cf48b08fb19c58ef85dbcaf3920ceb5e2b85618","core/src/main/java/org/elasticsearch/common/io/stream/BytesStreamOutput.java","5","0","5","9","82","162","1"
"elasticsearch","77dbfbc98842afb15b8def37e9cef570e2c53a36","core/src/main/java/org/elasticsearch/common/io/stream/BytesStreamOutput.java","5","0","5","9","82","164","0"
"elasticsearch","8568480a74492a8806e53cc24c54ce6ecef81fe8","core/src/main/java/org/elasticsearch/common/io/stream/BytesStreamOutput.java","5","0","5","9","82","164","0"
"elasticsearch","9d6fac809c2f9daf94d9c20a8a206f03e6cbac58","core/src/main/java/org/elasticsearch/common/io/stream/BytesStreamOutput.java","5","0","5","9","82","164","1"
"hazelcast","4129482de63bc974f46700caa8d99e0aa8b07e5f","hazelcast/src/main/java/com/hazelcast/config/CacheSimpleConfig.java","5","0","51","12","292","731","1"
"Android-Universal-Image-Loader","077a22f88b2204581f7a2ca19c575e09c98cfe45","library/src/com/nostra13/universalimageloader/core/download/ImageDownloader.java","5","0","6","0","38","90","0"
"Android-Universal-Image-Loader","021844a472f88bbde44a81182d153ac2ba41cec0","library/src/com/nostra13/universalimageloader/core/download/ImageDownloader.java","5","0","6","0","39","91","0"
"elasticsearch","7b62267008b31c809f30258756045535e44b4bfc","core/src/main/java/org/elasticsearch/search/aggregations/bucket/geogrid/GeoHashGridBuilder.java","5","0","6","0","46","98","0"
"junit","88f63daafb9eec076c09f532c9f0bd823a150be0","src/main/java/org/junit/rules/ErrorCollector.java","5","0","6","0","59","124","0"
"elasticsearch","952feb58e41bd0220784c44136b840ea4a740e26","core/src/main/java/org/elasticsearch/search/aggregations/bucket/histogram/Histogram.java","5","0","6","0","68","133","1"
"elasticsearch","038d91d13400fa50e3c509b4a22f79df7feda8db","src/main/java/org/elasticsearch/search/sort/ScriptSortBuilder.java","5","0","6","1","53","111","0"
"elasticsearch","3f06d9f3b8516bb30a2890a36c2973f08f9c6076","modules/lang-painless/src/test/java/org/elasticsearch/painless/ScriptTestCase.java","5","0","6","1","62","105","0"
"junit","2d13004b3fbba2fe6ed919bbc98f2e3f69bb4809","src/main/java/org/junit/rules/ExpectedException.java","5","0","6","1","70","137","1"
"netty","956a757d37c52d550aebdbfaf3d68863baa2a765","transport-native-epoll/src/main/java/io/netty/channel/unix/FileDescriptor.java","5","0","6","4","58","110","1"
"elasticsearch","1f04182b8164ffb19f3805c48d67f0375262b317","core/src/main/java/org/elasticsearch/action/admin/indices/shards/IndicesShardStoresRequest.java","5","0","6","5","77","133","0"
"elasticsearch","e1efd5f6baf8dec1c23c79b346b8a29f234a98bb","core/src/main/java/org/elasticsearch/action/admin/indices/shards/IndicesShardStoresRequest.java","5","0","6","6","77","133","0"
"elasticsearch","26f77eb70d68a9382d64535c8dbd07d42842d252","core/src/main/java/org/elasticsearch/action/support/replication/ReplicationRequest.java","5","0","7","11","119","199","2"
"elasticsearch","c5a6ddfdc21949fa54b6f602932387741bc15e7d","core/src/main/java/org/elasticsearch/action/support/replication/ReplicationRequest.java","5","0","7","11","130","217","0"
"neo4j","a93c570faa774c1a40b635b6a3e6d8ccb61a99e8","community/kernel/src/test/java/org/neo4j/test/ImpermanentGraphDatabase.java","5","0","7","3","138","213","1"
"neo4j","868b4d731485023d2f7477e1133dcd5b263c851d","community/kernel/src/test/java/org/neo4j/test/ImpermanentGraphDatabase.java","5","0","7","3","142","217","0"
"hazelcast","e73e5bfd1f14d7899e364d20f14baa2171c29ee5","hazelcast/src/main/java/com/hazelcast/util/UuidUtil.java","5","0","8","0","74","170","1"
"elasticsearch","5337686d8d39568f94b0b976bd9098af69214302","plugins/mapper-attachments/src/test/java/org/elasticsearch/mapper/attachments/VariousDocTests.java","5","0","8","1","103","170","0"
"elasticsearch","9ee08dbb0b247afb881431df0c313024eb768747","plugins/mapper-attachments/src/test/java/org/elasticsearch/mapper/attachments/VariousDocTests.java","5","0","8","1","104","172","1"
"elasticsearch","25fd9e26c4fb042d6f6dea14efcd239577bdbbc4","core/src/main/java/org/elasticsearch/action/admin/cluster/node/info/NodeInfo.java","5","0","8","11","165","241","0"
"hazelcast","3bf1d6261f9a0f2ee817e2c91f75f3f62288176f","hazelcast/src/test/java/com/hazelcast/query/SqlPredicateTest.java","5","0","8","44","566","683","0"
"elasticsearch","7c665a010b12152fef387fac5c1ad710dc467f39","core/src/test/java/org/elasticsearch/common/rounding/TimeZoneRoundingTests.java","5","0","8","5","235","346","3"
"netty","19907030d105079fee4fe6db70431f7f6b928149","handler/src/main/java/io/netty/handler/ssl/OpenSsl.java","5","0","9","0","113","195","1"
"hazelcast","7e07ef2b7dcefe2f791c4b6d2050a9c44e6bf931","hazelcast/src/main/java/com/hazelcast/util/StringUtil.java","5","0","9","0","45","130","1"
"hazelcast","84e0a9b9d444f633dbd2bced60d95bc478086fea","hazelcast/src/main/java/com/hazelcast/util/StringUtil.java","5","0","9","0","45","134","0"
"oryx","04da21733e0224fcb0325ffe6761e51c68c1ac4c","oryx-common/src/main/java/com/cloudera/oryx/common/settings/ConfigUtils.java","5","0","9","0","55","133","0"
"elasticsearch","b6fbd18e091de7b22ba8020241d01ce5dfd8accc","core/src/test/java/org/elasticsearch/common/network/NetworkServiceTests.java","5","0","9","0","60","119","1"
"oryx","d16f89b25fc5e12f94af6432274c66e0394c1743","framework/oryx-common/src/main/java/com/cloudera/oryx/common/settings/ConfigUtils.java","5","0","9","0","62","141","0"
"elasticsearch","7f5befd95e19badf8b911df5c28a08613b0a9cd0","src/main/java/org/elasticsearch/common/blobstore/url/URLBlobStore.java","5","0","9","0","64","152","1"
"elasticsearch","c20713530d2429346536354f297c96dea4353329","src/main/java/org/elasticsearch/common/blobstore/url/URLBlobStore.java","5","0","9","0","65","153","0"
"elasticsearch","8eee28e798fdd8b4e6c18d7a908872f4829f9c00","core/src/main/java/org/elasticsearch/action/support/replication/ReplicationRequest.java","5","0","9","13","143","232","0"
"elasticsearch","78574d248cf10dad1c5a566fda79e1e0c94afe43","core/src/main/java/org/elasticsearch/action/support/replication/ReplicationRequest.java","5","0","9","13","144","233","1"
"elasticsearch","78574d248cf10dad1c5a566fda79e1e0c94afe43","core/src/main/java/org/elasticsearch/action/admin/indices/validate/query/ValidateQueryRequest.java","5","0","9","6","90","161","1"
"elasticsearch","e6aaaf11ed4a1b8f595f920de1840938eddb7a97","core/src/main/java/org/elasticsearch/action/admin/indices/validate/query/ValidateQueryRequest.java","5","0","9","6","90","161","1"
"elasticsearch","a60b8948ba1d836a6eac7cff095519e618939ed8","core/src/main/java/org/elasticsearch/action/admin/indices/validate/query/ValidateQueryRequest.java","5","0","9","6","90","161","0"
"elasticsearch","01f6851691f0e160185acdb2986f0486e9b4f6ec","core/src/main/java/org/elasticsearch/action/admin/cluster/settings/ClusterUpdateSettingsRequest.java","5","0","9","6","94","160","0"
"elasticsearch","292dd8f992e101f9bffcd58c6c60a24ccbfec746","core/src/main/java/org/elasticsearch/action/admin/cluster/settings/ClusterUpdateSettingsRequest.java","5","0","9","6","96","162","1"
"elasticsearch","83c26eb74abe7d3c4550a927ee78fe3ee4010d49","src/main/java/org/elasticsearch/search/facet/FacetExecutor.java","5","0","9","8","78","161","0"
"elasticsearch","e458d4fd93136cfc42708d9311d05bee36f69321","src/main/java/org/elasticsearch/search/internal/SearchContext.java","5","0","9","98","194","363","0"
"elasticsearch","80a3038f83bdbf42f74c2e6fb40b133da0f7ac16","src/main/java/org/elasticsearch/search/internal/SearchContext.java","5","0","9","98","200","371","1"
"hazelcast","77bf666fd9c23d8e896d84e6ea0f9df6179b2023","hazelcast-hibernate/hazelcast-hibernate4/src/main/java/com/hazelcast/hibernate/local/LocalRegionCache.java","50","0","0","0","237","317","0"
"netty","3b72ee0fd02d89c23e53611a6a01f7840dd30283","transport-native-epoll/src/main/java/io/netty/channel/epoll/EpollEventLoop.java","50","0","0","0","261","411","1"
"Android-Universal-Image-Loader","e2d84aff036c22ca02c1152f8100ad4d76b5097c","library/src/com/nostra13/universalimageloader/core/LoadAndDisplayImageTask.java","50","0","0","0","303","387","0"
"ceylon-ide-eclipse","63d9bec060b71a0de75e7534d2bd61dda4744857","plugins/com.redhat.ceylon.eclipse.ui/src/com/redhat/ceylon/eclipse/code/correct/CreateProposal.java","50","0","0","0","305","330","1"
"hazelcast","4a488992e08798ae42140d1bfbe29ade0b957d40","hazelcast/src/main/java/com/hazelcast/map/impl/mapstore/writebehind/DefaultWriteBehindProcessor.java","50","0","0","0","313","436","1"
"hazelcast","287ce2a807b5697e12a97529d63fa3387e06aace","hazelcast/src/main/java/com/hazelcast/map/impl/mapstore/writebehind/DefaultWriteBehindProcessor.java","50","0","0","0","314","437","0"
"hazelcast","55a576c5bbded3efb6e83ab8799ef0e361cb6d13","hazelcast/src/main/java/com/hazelcast/map/impl/mapstore/writebehind/DefaultWriteBehindProcessor.java","50","0","0","0","314","437","0"
"hazelcast","2ffa1e7e5836f596ea71eaced4a9e9ebda3b0952","hazelcast/src/main/java/com/hazelcast/map/impl/mapstore/writebehind/DefaultWriteBehindProcessor.java","50","0","0","0","314","437","2"
"elasticsearch","25fd9e26c4fb042d6f6dea14efcd239577bdbbc4","core/src/main/java/org/elasticsearch/action/search/AbstractSearchAsyncAction.java","50","0","0","0","317","414","1"
"netty","2f8fe2af01c1bd5f6e02a3a10ea949318705a325","transport-native-kqueue/src/main/java/io/netty/channel/kqueue/AbstractKQueueChannel.java","50","0","0","0","346","482","0"
"hazelcast","0261611ce1d6e95cd84910390d1c0c653fa0dfd2","hazelcast/src/main/java/com/hazelcast/internal/serialization/impl/PortablePositionNavigator.java","50","0","0","0","365","596","0"
"neo4j","ba802146bfb948f8ca4bc29d51b2626b9864a1a9","enterprise/security/src/main/java/org/neo4j/server/security/enterprise/auth/InternalFlatFileRealm.java","50","0","0","0","551","667","0"
"neo4j","7b890cea4f0be50e697d6ba272edb6b74b84e373","enterprise/security/src/main/java/org/neo4j/server/security/enterprise/auth/InternalFlatFileRealm.java","50","0","0","0","552","668","1"
"ceylon-ide-eclipse","64a391fbabba6b9bc6b553abfa42466e0ca9673d","plugins/com.redhat.ceylon.eclipse.ui/src/com/redhat/ceylon/eclipse/code/hover/AnnotationInformationControl.java","50","0","0","0","640","744","0"
"neo4j","b14f438bd8198fc3970a4332e7819af1cf65a7cb","community/kernel/src/test/java/org/neo4j/kernel/impl/core/TestRelationshipCount.java","50","0","0","11","523","602","0"
"neo4j","ccdd0e1dcb4122c0d9f8677122dd401f56b6b704","community/kernel/src/test/java/org/neo4j/kernel/impl/core/TestRelationshipCount.java","50","0","0","11","523","604","1"
"ceylon-ide-eclipse","ea5edb529fd1be8618332b7e3347541408892ae4","plugins/com.redhat.ceylon.eclipse.ui/src/com/redhat/ceylon/eclipse/core/model/mirror/JDTType.java","50","0","0","17","281","349","1"
"elasticsearch","3e264f6b95c6356c43adc2ec2053a612ffbfce80","src/main/java/org/elasticsearch/search/suggest/SuggestUtils.java","50","0","0","18","242","294","1"
"elasticsearch","1764ec56b38ce87f516efdf93bb4ab56e9dd829b","core/src/main/java/org/elasticsearch/index/termvectors/TermVectorsService.java","50","0","0","2","285","359","0"
"netty","88c273364df04ebf53c2d3fbbf48916180c2159e","testsuite/src/test/java/io/netty/testsuite/transport/socket/TrafficShapingHandlerTest.java","50","0","0","21","455","546","0"
"elasticsearch","4bce7271659889d839388d7df5c61a6d2a5c3c7a","core/src/main/java/org/elasticsearch/index/search/MatchQuery.java","50","0","0","23","352","480","0"
"elasticsearch","9a3216dfee351e3dca63d4d0c9845575f1d6ad1f","core/src/main/java/org/elasticsearch/index/search/MatchQuery.java","50","0","0","23","353","481","2"
"ceylon-ide-eclipse","c5c15a0b33245f13d9fc7d44db226c0458005f73","plugins/com.redhat.ceylon.eclipse.ui/src/com/redhat/ceylon/eclipse/core/model/CeylonToJavaMatcher.java","50","0","0","3","214","233","0"
"hazelcast","8cd15ddb98171b746f8ea09ad7a60c9272cc047e","hazelcast/src/main/java/com/hazelcast/map/MapEvictionManager.java","50","0","0","3","320","367","1"
"neo4j","b15d7618364e5ff41b4a417f1014cc8e22442925","community/import-tool/src/test/java/org/neo4j/tooling/ImportToolTest.java","50","0","0","34","1225","1498","0"
"elasticsearch","1bb0677df7a7d5d65e3e1a6b77bc4ef72580f7ac","src/test/java/org/elasticsearch/search/basic/SearchWithRandomExceptionsTests.java","50","0","0","5","302","358","0"
"hazelcast","641c74275a2a7532249386d5e368a6ce182f4742","hazelcast/src/main/java/com/hazelcast/impl/MProxyImpl.java","50","0","0","76","875","1059","1"
"ceylon-ide-eclipse","785cfd22c824a5f7da766139e0de3c6d9f7f8f8e","plugins/com.redhat.ceylon.eclipse.ui/src/com/redhat/ceylon/eclipse/code/outline/HierarchyView.java","50","0","0","8","924","1059","0"
"ceylon-ide-eclipse","a367aae19a87d4908fb3187192cf157bf0ac85b8","plugins/com.redhat.ceylon.eclipse.ui/src/com/redhat/ceylon/eclipse/code/outline/HierarchyView.java","50","0","0","8","924","1060","0"
"ceylon-ide-eclipse","5b4c3eac8a7c12c0125a77343e602b4e73083595","plugins/com.redhat.ceylon.eclipse.ui/src/com/redhat/ceylon/eclipse/code/outline/HierarchyView.java","50","0","0","8","926","1061","0"
"hazelcast","65df300ddcacf2cee04f1eee8f75731e147decbf","hazelcast-client-legacy/src/main/java/com/hazelcast/client/proxy/ClientMapProxy.java","50","0","0","80","963","1180","1"
"ceylon-ide-eclipse","d6127721abd20f0795ade6de08181b851fe8c37f","plugins/com.redhat.ceylon.eclipse.ui/src/com/redhat/ceylon/eclipse/code/refactor/InvertBooleanRefactoring.java","50","0","0","9","285","316","1"
"ceylon-ide-eclipse","6384e257025a106f4251bd5d9b6fe82a75ef7e9f","plugins/com.redhat.ceylon.eclipse.ui/src/com/redhat/ceylon/eclipse/code/refactor/InvertBooleanRefactoring.java","50","0","0","9","287","319","0"
"elasticsearch","82397c05542a794c8629fe611cbca58a3d831780","src/main/java/org/elasticsearch/action/search/type/TransportSearchTypeAction.java","50","0","1","1","300","395","1"
"elasticsearch","a8dcfa5deb65d57ae4814f97c7f5231ed45507c2","src/main/java/org/elasticsearch/cluster/routing/operation/plain/PlainOperationRouting.java","50","0","1","10","250","310","0"
"elasticsearch","60bddc28ebd690446c88a454cc24de984fdf0fc5","src/main/java/org/elasticsearch/cluster/routing/operation/plain/PlainOperationRouting.java","50","0","1","10","251","311","0"
"elasticsearch","efc9e8fe7b21148095084c36d55cb2f218a3da88","src/main/java/org/elasticsearch/cluster/routing/operation/plain/PlainOperationRouting.java","50","0","1","10","251","311","0"
"elasticsearch","bcc16654d21c5d6c5f43940b77948ada4087521b","src/main/java/org/elasticsearch/cluster/routing/operation/plain/PlainOperationRouting.java","50","0","1","10","251","311","1"
"elasticsearch","01519745007b2d093cdf602783c27a26de82c69b","core/src/test/java/org/elasticsearch/versioning/SimpleVersioningIT.java","50","0","1","11","589","790","0"
"elasticsearch","20644666e545836605d32055d6fa8c77b40a0c9a","core/src/main/java/org/elasticsearch/index/mapper/object/DynamicTemplate.java","50","0","1","12","183","240","0"
"elasticsearch","69ef822da6277d56d5fd6be42a2450fca95ee941","src/main/java/org/elasticsearch/common/lucene/search/function/FiltersFunctionScoreQuery.java","50","0","1","14","307","376","1"
"elasticsearch","b007af1f464f49849705356a2eea212ed68643ac","src/main/java/org/elasticsearch/common/lucene/search/function/FiltersFunctionScoreQuery.java","50","0","1","15","307","376","0"
"elasticsearch","f6ebee3785f13ce170168371d0d3e8ddf3f3d219","modules/elasticsearch/src/main/java/org/elasticsearch/index/field/data/longs/MultiValueLongFieldData.java","50","0","1","16","242","290","1"
"elasticsearch","ebf96bbc359caa6a44b4570f3337f787fb3bcb75","core/src/main/java/org/elasticsearch/common/lucene/search/function/FiltersFunctionScoreQuery.java","50","0","1","16","309","373","1"
"elasticsearch","105dce0e07a1add2adff507157c684eb4b95f9a9","core/src/main/java/org/elasticsearch/common/lucene/search/function/FiltersFunctionScoreQuery.java","50","0","1","16","315","381","0"
"elasticsearch","d5ca1be34ee2be04ecd30d42d088cd224571cc2c","src/test/java/org/elasticsearch/test/integration/search/sort/SimpleSortTests.java","50","0","1","17","1030","1327","0"
"elasticsearch","0a816cd3438992497c0a3ec62c928b3b0c985a2c","core/src/main/java/org/elasticsearch/common/lucene/search/function/FiltersFunctionScoreQuery.java","50","0","1","17","317","382","0"
"elasticsearch","2460ee8072c385bf672db628d14554685d954656","plugins/transport/thrift/src/main/java/org/elasticsearch/thrift/ThriftRestImpl.java","50","0","1","2","148","182","0"
"elasticsearch","19fab7cd0e91fe85aaeea815b20de867d596027a","src/main/java/org/elasticsearch/rest/action/search/RestSearchAction.java","50","0","1","2","256","304","0"
"elasticsearch","5a64f08f048461a63a0ca1354a5050c954e63d52","core/src/main/java/org/elasticsearch/gateway/PrimaryShardAllocator.java","50","0","1","2","262","381","0"
"neo4j","1f8c2d6a9466972520b49477c149e83779757d7a","enterprise/security/src/main/java/org/neo4j/server/security/enterprise/auth/LdapRealm.java","50","0","1","2","430","540","1"
"elasticsearch","578853f264e8ddae5c919b1b7ca35524cb292d62","core/src/main/java/org/elasticsearch/action/bulk/TransportBulkAction.java","50","0","1","2","472","590","1"
"elasticsearch","24e2847af277cca729760ac910f684fdcafe5f0c","core/src/main/java/org/elasticsearch/action/bulk/TransportBulkAction.java","50","0","1","2","474","592","1"
"elasticsearch","8a0a1140a9b816de826235c10ce59cf72d48797b","core/src/main/java/org/elasticsearch/action/bulk/TransportBulkAction.java","50","0","1","2","477","595","2"
"neo4j","4e13feaa5058f4f1b623704bbde288b5850c1ec6","enterprise/security/src/main/java/org/neo4j/server/security/enterprise/auth/InternalFlatFileRealm.java","50","0","1","21","552","668","0"
"elasticsearch","142d7bdd812d5d7ca31b22fbed053392e1e456aa","src/main/java/org/elasticsearch/index/mapper/core/LongFieldMapper.java","50","0","1","23","308","373","1"
"MapDB","16becd4cfa393c94dd03a4261e8766d70a170978","src/main/java/org/mapdb/StoreAppend.java","50","0","1","23","433","570","0"
"elasticsearch","aa97c031f27e7c7caf89643c958ce5e9044988b4","src/main/java/org/elasticsearch/index/percolator/PercolatorExecutor.java","50","0","1","25","447","576","0"
"elasticsearch","b7106622d822f8ff24a95bceaf49eb72c5ad60df","src/main/java/org/elasticsearch/index/percolator/PercolatorExecutor.java","50","0","1","25","448","577","1"
"elasticsearch","90b547cf2c82b03fe42b9cce4ea878d81734228a","src/main/java/org/elasticsearch/index/mapper/internal/AllFieldMapper.java","50","0","1","26","264","357","0"
"elasticsearch","beaa9153a629c0950182e4e8c4f8eedd1c63f49f","src/main/java/org/elasticsearch/index/mapper/internal/AllFieldMapper.java","50","0","1","26","266","359","0"
"elasticsearch","589360c8b1a46c1509c7e589f06124b91cb3dbaf","src/main/java/org/elasticsearch/index/mapper/internal/AllFieldMapper.java","50","0","1","27","267","361","1"
"elasticsearch","3ab56e16b7506e84f44c1fe313c3555ff53c84da","src/main/java/org/elasticsearch/index/query/MultiMatchQueryParser.java","50","0","1","3","150","187","0"
"elasticsearch","9e6868733c052d0fca30a21956f7a68a78a7a815","src/main/java/org/elasticsearch/index/query/RangeFilterParser.java","50","0","1","3","155","193","0"
"BroadleafCommerce","01d47431828fa3e79dc5494ebca6d57494c68002","admin/broadleaf-open-admin-platform/src/main/java/org/broadleafcommerce/openadmin/server/service/persistence/module/criteria/CriteriaTranslatorImpl.java","50","0","1","3","227","332","0"
"BroadleafCommerce","1a5ce59c9c0fe861718300cd2ff7efb08a437dc9","admin/broadleaf-open-admin-platform/src/main/java/org/broadleafcommerce/openadmin/server/service/persistence/module/criteria/CriteriaTranslatorImpl.java","50","0","1","3","229","337","0"
"elasticsearch","23022227d4c82c691ce03130de659d50f758cbe2","src/main/java/org/elasticsearch/cluster/metadata/MetaDataUpdateSettingsService.java","50","0","1","3","249","322","1"
"elasticsearch","9077bb6528f843ca8042ff95f8fac47140ef5aa1","plugins/river/twitter/src/main/java/org/elasticsearch/river/twitter/TwitterRiver.java","50","0","1","3","312","375","0"
"elasticsearch","5ea6c77dad00b90ed73779a4d936cc61c6fa0a3f","src/test/java/org/elasticsearch/test/integration/search/highlight/HighlighterSearchTests.java","50","0","1","32","1194","1537","0"
"elasticsearch","5f6623c03b87f914faba97064d115370d286127f","core/src/main/java/org/elasticsearch/index/query/HasChildQueryParser.java","50","0","1","4","228","293","0"
"BroadleafCommerce","4fbe9c9e0cdcb3fca5932915294065477822bdab","admin/broadleaf-open-admin-platform/src/main/java/org/broadleafcommerce/openadmin/server/service/persistence/module/provider/MediaFieldPersistenceProvider.java","50","0","1","4","285","337","0"
"elasticsearch","4fd1276542a641cd59309bc7ea3f928321243afe","modules/transport-netty3/src/main/java/org/elasticsearch/transport/netty3/Netty3Transport.java","50","0","1","4","441","556","0"
"oryx","0c6bf96eb475361ed45c4d7e54a970819e33802a","app/oryx-app-mllib/src/main/java/com/cloudera/oryx/app/batch/mllib/rdf/RDFUpdate.java","50","0","1","4","510","631","0"
"oryx","96491d3b4a6649c3c53bed17f1545e3f4f411f7f","app/oryx-app-mllib/src/main/java/com/cloudera/oryx/app/batch/mllib/rdf/RDFUpdate.java","50","0","1","4","511","632","0"
"elasticsearch","bef1c8511d3f99aa681c49396bf9c707f2e7d8a9","core/src/test/java/org/elasticsearch/index/shard/IndexShardTests.java","50","0","1","40","1299","1511","0"
"elasticsearch","baa2d51e599bdb901e472d15cc0251e6712c1d25","core/src/test/java/org/elasticsearch/index/shard/IndexShardTests.java","50","0","1","40","1311","1522","0"
"elasticsearch","67882d78aa633d1c4b4ff7cdc776e8d4f862c6fd","src/main/java/org/elasticsearch/cluster/metadata/IndexTemplateMetaData.java","50","0","1","40","360","461","0"
"hazelcast","66cf77e627b1ebdce7f441dff0ae414d6fe2f434","hazelcast/src/test/java/com/hazelcast/test/HazelcastTestSupport.java","50","0","1","54","447","556","2"
"BroadleafCommerce","dae7d653fa7c324c19e16c6577dc04aa5eee7671","core/broadleaf-framework/src/main/java/org/broadleafcommerce/core/payment/service/DefaultPaymentGatewayCheckoutService.java","50","0","1","6","272","397","0"
"BroadleafCommerce","c626cd91139c940b932b128fb237d72c138a467d","core/broadleaf-framework/src/main/java/org/broadleafcommerce/core/payment/service/DefaultPaymentGatewayCheckoutService.java","50","0","1","6","273","398","0"
"elasticsearch","6523cd93771f930d410e5a137d8f30b3ec7427f9","src/test/java/org/elasticsearch/gateway/local/state/meta/MetaDataStateFormatTest.java","50","0","1","6","393","465","0"
"BroadleafCommerce","1e4f716492b56ce3b323df05fb715ed232d3ee70","admin/broadleaf-open-admin-platform/src/main/java/org/broadleafcommerce/openadmin/server/service/persistence/module/FieldManager.java","50","0","1","7","296","369","0"
"BroadleafCommerce","71c581dcc327fdb207c544f19f829fe15924339c","admin/broadleaf-open-admin-platform/src/main/java/org/broadleafcommerce/openadmin/server/service/persistence/module/FieldManager.java","50","0","1","7","297","370","1"
"hazelcast","7055202cc7af449ba100132a7820aa265e438df0","hazelcast-client/src/main/java/com/hazelcast/client/proxy/ClientMapProxy.java","50","0","1","86","1282","1556","0"
"hazelcast","075b463a6568b73d46c93c6210d2d75184555dc3","hazelcast/src/test/java/com/hazelcast/map/EvictionTest.java","50","0","10","16","753","924","2"
"MapDB","95bf81e83a85b7f1a4dd5a8d81a536f5fc0bd9bf","src/main/java/org/mapdb/AsyncWriteEngine.java","50","0","12","3","331","613","0"
"netty","99beb188c488296d0f6ab1d754b29e5a9d153d80","codec-http/src/main/java/io/netty/handler/codec/http/QueryStringDecoder.java","50","0","13","0","228","381","0"
"elasticsearch","046abdc281c321cd2128ee7684c0edfcaca07203","core/src/main/java/org/elasticsearch/search/aggregations/pipeline/movavg/MovAvgPipelineAggregationBuilder.java","50","0","14","5","307","436","3"
"elasticsearch","84b748cae3946986b0d99ee88fdfd33215276bf5","core/src/main/java/org/elasticsearch/index/query/GeoShapeQueryBuilder.java","50","0","15","2","318","483","0"
"netty","c24eafed480a78ccbf65ad3751529cfd7f89bd45","handler/src/main/java/io/netty/handler/execution/MemoryAwareThreadPoolExecutor.java","50","0","15","2","339","634","0"
"elasticsearch","2f2b95a6b874361dfc315100ab160ef09a26c897","src/main/java/org/elasticsearch/search/suggest/Suggest.java","50","0","16","42","472","651","1"
"elasticsearch","5a0c456ac20f3b07183ac8e99ff5950396a0d04e","src/main/java/org/elasticsearch/common/io/stream/StreamOutput.java","50","0","17","25","327","462","0"
"mcMMO","4b20f12eff37d6a718c05ee2064104eabe61bc93","src/main/java/com/gmail/nossr50/config/experience/ExperienceConfig.java","50","0","18","17","207","332","0"
"neo4j","4f021ca29bae1d5264461a88c40fae307328598f","community/kernel/src/main/java/org/neo4j/kernel/impl/store/NeoStore.java","50","0","18","39","698","945","1"
"neo4j","65a7ca99e28d12d274a84ca1008be13611ca44ab","community/kernel/src/main/java/org/neo4j/kernel/impl/store/NeoStore.java","50","0","18","40","709","957","0"
"elasticsearch","76abf43f7f2724fd4d843c92e482d22cd71d54c5","core/src/main/java/org/elasticsearch/cluster/metadata/MetaDataMappingService.java","50","0","2","2","285","376","0"
"elasticsearch","99a7d8e41f4a0dfa14f64d9b9d080626c558c5e3","core/src/main/java/org/elasticsearch/cluster/metadata/MetaDataMappingService.java","50","0","2","2","295","385","2"
"hazelcast","271df55a9ac471fab295a6cdef62ac482859b182","hazelcast/src/main/java/com/hazelcast/mapreduce/impl/task/JobSupervisor.java","50","0","2","22","355","473","1"
"hazelcast","e3bb2b05664abdbf50c8897d4ac8dbd10e1cc06d","hazelcast/src/main/java/com/hazelcast/mapreduce/impl/task/JobSupervisor.java","50","0","2","22","355","473","1"
"hazelcast","f96dcdc625ffb806bf806cd18cb1aed7d6bffac4","hazelcast/src/main/java/com/hazelcast/mapreduce/impl/task/JobSupervisor.java","50","0","2","22","355","473","1"
"hazelcast","bdc21b98f051cd748fb1c4ba3c86f91160e370fa","hazelcast/src/main/java/com/hazelcast/mapreduce/impl/task/JobSupervisor.java","50","0","2","22","355","473","0"
"elasticsearch","1959275622ca35997420213d979a1724944aa4f6","src/main/java/org/elasticsearch/index/mapper/internal/TimestampFieldMapper.java","50","0","2","23","260","328","2"
"elasticsearch","25bce1db5ddbaada99e87fc76ae1ab3125228441","src/test/java/org/elasticsearch/index/engine/internal/InternalEngineTests.java","50","0","2","28","1009","1343","3"
"netty","58b968b6036dc194dce5a3e70d05d493b2fb6b58","transport/src/main/java/io/netty/channel/socket/DefaultDatagramChannelConfig.java","50","0","2","28","321","386","0"
"netty","1f27c3b39060e544b4d3aaf05b700dd5c433a0cd","transport/src/main/java/io/netty/channel/socket/DefaultDatagramChannelConfig.java","50","0","2","29","332","398","0"
"netty","7d9388a3cc90b322eb1e9ea048a16e31beaad387","transport/src/main/java/io/netty/channel/socket/DefaultDatagramChannelConfig.java","50","0","2","30","338","405","1"
"orientdb","1c51439255e290d19e7dcf437c78bc133b786f97","lucene/src/main/java/com/orientechnologies/lucene/engine/OLuceneIndexEngineAbstract.java","50","0","2","37","451","571","0"
"elasticsearch","284491d87473878574be81d912b9548eb57cc673","src/test/java/org/elasticsearch/search/child/SimpleChildQuerySearchTests.java","50","0","2","44","2160","2664","0"
"elasticsearch","d733fb689b1a7182a5f62d482ee1080b1779eae5","core/src/main/java/org/elasticsearch/index/snapshots/blobstore/BlobStoreIndexShardSnapshot.java","50","0","27","0","318","532","1"
"hazelcast","77bf666fd9c23d8e896d84e6ea0f9df6179b2023","hazelcast-hibernate/hazelcast-hibernate3/src/main/java/com/hazelcast/hibernate/local/LocalRegionCache.java","50","0","3","11","235","313","0"
"ceylon-ide-eclipse","5b4c3eac8a7c12c0125a77343e602b4e73083595","plugins/com.redhat.ceylon.eclipse.ui/src/com/redhat/ceylon/eclipse/code/editor/Navigation.java","50","0","3","13","287","372","0"
"ceylon-ide-eclipse","50bde0ee288a52a96e37d72873888b01b1f7690f","plugins/com.redhat.ceylon.eclipse.ui/src/com/redhat/ceylon/eclipse/core/model/JDTModuleManager.java","50","0","3","16","260","351","0"
"orientdb","fa33c8cae82f2ab92ce37190e39624e89f3d2c4d","core/src/main/java/com/orientechnologies/common/log/OLogManager.java","50","0","3","28","231","325","1"
"BroadleafCommerce","3575ff0edc8fc9a8450b6eaf6da5a1e8345e63dd","core/broadleaf-profile/src/main/java/org/broadleafcommerce/profile/core/service/CustomerServiceImpl.java","50","0","3","43","436","586","0"
"BroadleafCommerce","be71d684cdc62530cf00280b251761490f15780b","core/broadleaf-profile/src/main/java/org/broadleafcommerce/profile/core/service/CustomerServiceImpl.java","50","0","3","44","440","591","0"
"BroadleafCommerce","63aa5cc40c50ecfd1ce037cf6578891c2cf95618","core/broadleaf-profile/src/main/java/org/broadleafcommerce/profile/core/service/CustomerServiceImpl.java","50","0","3","45","451","597","1"
"BroadleafCommerce","780a030a9a4eaa51725de5076a873ee81ae23e75","common/src/main/java/org/broadleafcommerce/common/extensibility/jpa/MergePersistenceUnitManager.java","50","0","3","5","269","343","1"
"titan","ed88d7286080492045efafb45a69fa4cb6eeb94d","src/main/java/com/thinkaurelius/titan/graphdb/query/SimpleAtomicQuery.java","50","0","3","50","435","549","0"
"titan","55d73740c60812fa57864c07f01e08b09a4504f4","titan-core/src/main/java/com/thinkaurelius/titan/graphdb/database/IndexSerializer.java","50","0","3","8","294","356","0"
"hazelcast","6fae1989293aadf8cc25530e29ff3b243a52944d","hazelcast/src/test/java/com/hazelcast/map/mapstore/MapStoreTest.java","50","0","3","92","1192","1383","0"
"titan","2acbf827aca75c65380851dfff34901e88a2f37c","titan-test/src/main/java/com/thinkaurelius/titan/graphdb/TitanGraphTest.java","50","0","4","13","693","830","3"
"elasticsearch","75cedca0dab933bb6d1679fbddea2d09122d13c9","core/src/main/java/org/elasticsearch/index/IndexService.java","50","0","4","22","433","539","2"
"elasticsearch","e730c76be702df42954bd3a92fb34d10c44bb127","src/test/java/org/elasticsearch/index/store/CorruptedFileTest.java","50","0","4","6","490","599","0"
"BroadleafCommerce","34682289a3be1f350cf132998f1a4315a3c62b91","admin/broadleaf-open-admin-platform/src/main/java/org/broadleafcommerce/openadmin/web/form/entity/EntityForm.java","50","0","5","40","313","435","3"
"elasticsearch","4f8ddd97bfca2afdab35c4dff6932ff54432ead1","src/main/java/org/elasticsearch/cluster/ClusterState.java","50","0","5","57","516","684","0"
"hazelcast","cf0869f63f9dce2da4a009df2225fa00c5ea306d","hazelcast/src/test/java/com/hazelcast/impl/ClusterBackupTest.java","50","0","6","10","570","663","0"
"hazelcast","f32f90886921ada274e07cc8e8c7863d87167f62","hazelcast/src/test/java/com/hazelcast/impl/ClusterBackupTest.java","50","0","6","10","575","670","1"
"orientdb","40effb34ff79740b202345f236079950284d36da","core/src/main/java/com/orientechnologies/orient/core/sql/parser/OFunctionCall.java","50","0","6","22","285","381","0"
"mcMMO","93548317293e2c6c5195544b99d4ce7d900abea1","src/main/java/com/gmail/nossr50/skills/taming/TamingManager.java","50","0","7","2","201","317","0"
"BroadleafCommerce","c60b27b5e87385a5ef951c93e5a55ad41755e45b","admin/broadleaf-admin-module/src/main/java/org/broadleafcommerce/admin/server/service/handler/SkuCustomPersistenceHandler.java","50","0","7","8","410","619","1"
"BroadleafCommerce","92da893577ed005d3f422142164bcbd88b85bd61","admin/broadleaf-admin-module/src/main/java/org/broadleafcommerce/admin/server/service/handler/SkuCustomPersistenceHandler.java","50","0","7","8","411","625","1"
"elasticsearch","598854dd72d7fb01a7e26a9dad065de3deaa5eb7","src/test/java/org/elasticsearch/discovery/DiscoveryWithServiceDisruptions.java","50","0","9","2","617","864","0"
"hazelcast","31e2147efa959e79bfc70bac06b138b20f14929d","hazelcast/src/test/java/com/hazelcast/map/EvictionTest.java","50","0","9","20","737","919","0"
"hazelcast","86a8460b7e36376816dea524d18b755c5b2fc9e7","hazelcast/src/test/java/com/hazelcast/map/EvictionTest.java","50","0","9","20","738","918","0"
"hazelcast","4855250f4b64d469d4ce0675d7da45b1fb441b1d","hazelcast/src/test/java/com/hazelcast/map/EvictionTest.java","50","0","9","22","746","937","2"
"hazelcast","ef34031de196f40a796710c1c252a697f4596693","hazelcast/src/test/java/com/hazelcast/map/EvictionTest.java","50","0","9","22","746","937","2"
"hazelcast","32f725757391919b9139c3f0a6b7e7046e34c400","hazelcast/src/test/java/com/hazelcast/map/EvictionTest.java","50","0","9","22","746","937","0"
"hazelcast","b3d380d5f123b22e742e6f7203e953da87d1ecc0","hazelcast/src/test/java/com/hazelcast/map/EvictionTest.java","50","0","9","22","746","938","1"
"netty","3482651e0c29edfa02f189751c704ebe4fe8f54c","codec-http2/src/main/java/io/netty/handler/codec/http2/HttpConversionUtil.java","50","0","9","3","328","551","0"
"netty","6e5b25733f49d2ea843a89b4d547b856142212ec","codec-http2/src/main/java/io/netty/handler/codec/http2/HttpConversionUtil.java","50","0","9","3","328","552","1"
"titan","86e5b6e3b408b55a7705c20627e702ca5c1fe313","titan-test/src/main/java/com/thinkaurelius/titan/graphdb/TitanIndexTest.java","50","0","9","8","953","1235","0"
"titan","070f75a3a577d2703e77fac45710686dc1cd8a99","titan-test/src/main/java/com/thinkaurelius/titan/graphdb/TitanIndexTest.java","50","0","9","8","953","1235","0"
"titan","e7167fe372470cbecec7f2713ca423fb319e455a","titan-test/src/main/java/com/thinkaurelius/titan/graphdb/TitanIndexTest.java","50","0","9","8","953","1235","1"
"neo4j","35d3cb44745adf7b5eddd36250fb71248143ded9","community/kernel/src/main/java/org/neo4j/kernel/impl/store/id/IdGeneratorImpl.java","50","0","9","9","469","681","0"
"neo4j","57507674d4362c2dc02dd58fb5161e4da78db57a","community/kernel/src/main/java/org/neo4j/kernel/impl/store/id/IdGeneratorImpl.java","50","0","9","9","470","682","1"
"titan","9258a9dd339b1bf7a4039cf3d7e44807ce3e5a5f","titan-test/src/main/java/com/thinkaurelius/titan/graphdb/TitanIndexTest.java","50","0","9","9","959","1241","0"
"hazelcast","0ec7a854c3a503467512e9ee38504818732066e5","hazelcast/src/main/java/com/hazelcast/config/XmlConfigBuilder.java","500","0","7","1","1944","2137","1"
"hazelcast","54954fc7782ab476158ecc3cd232a950d5c7ffc3","hazelcast/src/main/java/com/hazelcast/config/XmlConfigBuilder.java","501","0","7","1","1952","2146","0"
"orientdb","be5417f78471f56780c773e13c432b2325aa11c8","core/src/main/java/com/orientechnologies/orient/core/sql/parser/OrientSql.java","5025","0","11","131","14443","15519","0"
"hazelcast","c9b61e1bcaa6fa7457be1ecf886f7f2904ca5b92","hazelcast/src/main/java/com/hazelcast/config/XmlConfigBuilder.java","504","0","7","1","1959","2154","1"
"orientdb","7ff23bbcec27f8835065ff7f3cd3d8841f36b5a4","core/src/main/java/com/orientechnologies/orient/core/storage/impl/local/OAbstractPaginatedStorage.java","504","0","7","106","3294","4372","3"
"orientdb","731545a32e96d61ede50300ab6b8dd1166de7431","core/src/main/java/com/orientechnologies/orient/core/storage/impl/local/OAbstractPaginatedStorage.java","506","0","5","104","3539","4612","1"
"orientdb","2767a54ee6308493e6a69b4b2951d8d2252bfd6b","core/src/main/java/com/orientechnologies/orient/core/storage/impl/local/OAbstractPaginatedStorage.java","507","0","7","102","3267","4322","0"
"orientdb","40eeb1f2dd529f467d5854913f0df623963a7038","core/src/main/java/com/orientechnologies/orient/core/storage/impl/local/OAbstractPaginatedStorage.java","507","0","8","106","3322","4424","1"
"hazelcast","84d4ab5cece50fa5a7226af589a9dfd3789811fa","hazelcast/src/main/java/com/hazelcast/config/XmlConfigBuilder.java","508","0","7","1","1967","2162","0"
"hazelcast","2709bc81cd499a3160827de24422cdb6cf98fe36","hazelcast-hibernate/hazelcast-hibernate4/src/main/java/com/hazelcast/hibernate/local/LocalRegionCache.java","51","0","0","0","237","293","1"
"netty","5f5cdd10895f6ee4800104d1b95e2960e2b2325e","transport-native-epoll/src/main/java/io/netty/channel/epoll/EpollEventLoop.java","51","0","0","0","240","365","1"
"netty","b2399c2475db14c1038432129545845785a73563","transport-native-epoll/src/main/java/io/netty/channel/epoll/EpollEventLoop.java","51","0","0","0","240","381","1"
"netty","49643fb5b12fc8426cc8d5cf98adb55687961770","transport-native-epoll/src/main/java/io/netty/channel/epoll/EpollEventLoop.java","51","0","0","0","241","382","0"
"netty","86f53083e75a525ebd9f53c863da596fbd6c9961","transport-native-epoll/src/main/java/io/netty/channel/epoll/EpollEventLoop.java","51","0","0","0","276","428","0"
"hazelcast","c1bd7cec56c01177eaaa9a9c81c411e70652dd6b","hazelcast/src/main/java/com/hazelcast/spi/impl/operationservice/impl/InvocationFuture.java","51","0","0","0","310","421","1"
"hazelcast","3c9750ca0bdb6ea13819f9eb5b17684da4c10df3","hazelcast/src/main/java/com/hazelcast/spi/impl/operationservice/impl/InvocationFuture.java","51","0","0","0","317","414","1"
"hazelcast","5319f048e0ecb36f8ab17cfa79380915a24998f6","hazelcast/src/main/java/com/hazelcast/spi/impl/operationservice/impl/InvocationFuture.java","51","0","0","0","326","425","0"
"hazelcast","1bfc71314ed00effe6c212f20af4d0092a27f5cc","hazelcast/src/main/java/com/hazelcast/cache/impl/AbstractInternalCacheProxy.java","51","0","0","0","352","424","1"
"elasticsearch","7ad409d5aadc90117ae93795dee850634005f441","core/src/main/java/org/elasticsearch/client/transport/TransportClientNodesService.java","51","0","0","0","443","551","3"
"elasticsearch","04e08f5e491477f573b9e3ac19ee4b57cf7886db","core/src/main/java/org/elasticsearch/client/transport/TransportClientNodesService.java","51","0","0","0","465","579","2"
"elasticsearch","f8df2a22e9171e07125e17f8dd95da2eeb89fe3f","core/src/main/java/org/elasticsearch/client/transport/TransportClientNodesService.java","51","0","0","0","467","581","0"
"ceylon-ide-eclipse","5b4c3eac8a7c12c0125a77343e602b4e73083595","plugins/com.redhat.ceylon.eclipse.ui/src/com/redhat/ceylon/eclipse/code/hover/AnnotationInformationControl.java","51","0","0","0","640","744","0"
"hazelcast","ec04fb6e911c98884064c11bc7b61ff4bac42c02","hazelcast-client/src/main/java/com/hazelcast/client/proxy/ClientMapProxy.java","51","0","0","1","1215","1472","1"
"hazelcast","d9d20943b88faf6aa25ddbdc19feab4571611431","hazelcast-client/src/main/java/com/hazelcast/client/proxy/ClientMapProxy.java","51","0","0","1","1218","1475","1"
"hazelcast","91c71471a27df97f43aa9f699d8da7fb52fac3dc","hazelcast/src/main/java/com/hazelcast/nio/UTFEncoderDecoder.java","51","0","0","10","268","326","1"
"ceylon-ide-eclipse","e89324305b6be078e574b3c554a7cc2cdb57e73c","plugins/com.redhat.ceylon.eclipse.ui/src/com/redhat/ceylon/eclipse/code/style/FormatterTabPage.java","51","0","0","10","751","921","0"
"elasticsearch","69f35aa07f1466419b950900485d709cd94bb52b","core/src/main/java/org/elasticsearch/index/search/MultiMatchQuery.java","51","0","0","12","287","361","0"
"hazelcast","4d852a9607f963ba2bb9ddb809af4dd8347c1198","hazelcast-client/src/main/java/com/hazelcast/client/connection/nio/ClientConnectionManagerImpl.java","51","0","0","12","478","557","2"
"hazelcast","ecc1cad32340c22fd1a3a3027d5498130142047b","hazelcast/src/main/java/com/hazelcast/query/Index.java","51","0","0","17","222","273","1"
"elasticsearch","315744be55b3fb4949c6632d5877bc43bc666d7f","src/main/java/org/elasticsearch/search/suggest/SuggestUtils.java","51","0","0","18","245","297","0"
"mcMMO","67499eeff7499e3bf49d9f455a35a40948a7921e","src/main/java/com/gmail/nossr50/util/blockmeta/HashChunkletManager.java","51","0","0","19","295","385","1"
"elasticsearch","203f8433c20ff8a383557ed9a7f801cb26bb3aa1","core/src/main/java/org/elasticsearch/index/search/MatchQuery.java","51","0","0","21","343","455","2"
"MapDB","327d0162f6159f54fe6d3820ab3b2834a33cd87b","src/test/java/org/mapdb/PumpTest.java","51","0","0","22","417","550","1"
"mcMMO","c14a4e9305750de47d8781ce743aebc4b67f46a9","src/main/java/com/gmail/nossr50/commands/party/PartyCommand.java","51","0","0","3","196","234","0"
"mcMMO","5825eb169668f97626635c80c36c4de59870daa1","src/main/java/com/gmail/nossr50/commands/party/PartyCommand.java","51","0","0","3","197","235","1"
"hazelcast","2510ac6c3f371032d6aceabd20dac63be71957ee","hazelcast-client/src/main/java/com/hazelcast/client/connection/nio/ClientConnectionManagerImpl.java","51","0","0","4","472","551","0"
"hazelcast","e678088e66b5680e673678e9379fefb4a59b4d48","hazelcast-client/src/main/java/com/hazelcast/client/connection/nio/ClientConnectionManagerImpl.java","51","0","0","4","472","551","0"
"hazelcast","30a5a07f7bb931038354584f4e49fe355b21ee32","hazelcast-client/src/main/java/com/hazelcast/client/connection/nio/ClientConnectionManagerImpl.java","51","0","0","4","472","551","1"
"hazelcast","81e9ea054666b65e882dbb395de0195b3f1c44da","hazelcast-client/src/main/java/com/hazelcast/client/connection/nio/ClientConnectionManagerImpl.java","51","0","0","4","475","555","3"
"hazelcast","bb05f578839f65ea248a79d9fd33398018fc6aa9","hazelcast/src/main/java/com/hazelcast/impl/MProxyImpl.java","51","0","0","76","879","1063","0"
"elasticsearch","1e6a882ab9174e6c00954264f859086a16d1f8b3","core/src/test/java/org/elasticsearch/search/query/MultiMatchQueryIT.java","51","0","0","8","615","727","1"
"hazelcast","95e7022bde4d07079451594452085cb7516d6ee1","hazelcast-client-legacy/src/main/java/com/hazelcast/client/proxy/ClientMapProxy.java","51","0","0","80","965","1183","1"
"BroadleafCommerce","7bb6f5b81c98fe339407009b512e73e5e50c3946","admin/broadleaf-open-admin-platform/src/main/java/org/broadleafcommerce/openadmin/web/controller/AdminAbstractController.java","51","0","1","0","380","757","3"
"netty","17280116c48b91c2dd8988d625f749318150de3b","codec/src/main/java/io/netty/handler/codec/xml/XmlFrameDecoder.java","51","0","1","1","126","232","0"
"netty","deda8f15a20e6836f62c6a1f7ac1371ac722003c","codec/src/main/java/io/netty/handler/codec/xml/XmlFrameDecoder.java","51","0","1","1","128","234","1"
"elasticsearch","b9558edeff254ab3d553526e6e0928f67753499d","src/main/java/org/elasticsearch/action/search/type/TransportSearchTypeAction.java","51","0","1","1","303","398","0"
"elasticsearch","6dc03ecb10328353e682f5991537af46e80b1fe2","core/src/test/java/org/elasticsearch/versioning/SimpleVersioningIT.java","51","0","1","11","593","795","2"
"hazelcast","2709bc81cd499a3160827de24422cdb6cf98fe36","hazelcast-hibernate/hazelcast-hibernate3/src/main/java/com/hazelcast/hibernate/local/LocalRegionCache.java","51","0","1","12","235","289","1"
"elasticsearch","dc900a08a6c6f346656105fa0e2484ed186f8461","core/src/test/java/org/elasticsearch/index/query/functionscore/FunctionScoreQueryBuilderTests.java","51","0","1","13","521","604","0"
"elasticsearch","60215155679db40203a7cea8c5893e6379b13121","src/main/java/org/elasticsearch/common/lucene/search/function/FiltersFunctionScoreQuery.java","51","0","1","14","311","380","0"
"elasticsearch","2b03bc83a40e470c977564195f6dcc2c208710d1","src/main/java/org/elasticsearch/common/lucene/search/function/FiltersFunctionScoreQuery.java","51","0","1","14","316","386","1"
"BroadleafCommerce","34682289a3be1f350cf132998f1a4315a3c62b91","admin/broadleaf-open-admin-platform/src/main/java/org/broadleafcommerce/openadmin/server/service/AdminEntityServiceImpl.java","51","0","1","14","447","579","5"
"elasticsearch","53c7c09972e23e7fdcc83611bb1ff278295614c1","core/src/test/java/org/elasticsearch/index/query/functionscore/FunctionScoreQueryBuilderTests.java","51","0","1","14","548","634","1"
"elasticsearch","e6a190ec583c12b6c3bfdb1cf3e3d1c1e0713fcf","src/main/java/org/elasticsearch/common/lucene/search/function/FiltersFunctionScoreQuery.java","51","0","1","15","281","348","1"
"elasticsearch","99b0faed14b9301d6cd2a3abe2fa847e8a335c44","src/main/java/org/elasticsearch/common/lucene/search/function/FiltersFunctionScoreQuery.java","51","0","1","15","307","380","1"
"elasticsearch","d99b532f0f6e2a6bbadc7421eb5960083687ec73","src/main/java/org/elasticsearch/search/sort/SortParseElement.java","51","0","1","2","189","238","0"
"elasticsearch","0a69f1e283e26e5d9e6a000b68b9f4778de557a1","core/src/main/java/org/elasticsearch/gateway/PrimaryShardAllocator.java","51","0","1","2","263","368","2"
"elasticsearch","679ec99fad075ea21b82f6969964c38a8a1a0f70","core/src/main/java/org/elasticsearch/action/bulk/TransportBulkAction.java","51","0","1","2","493","616","1"
"elasticsearch","e08e92d934e8c97c94f19f5811507175dcec3c58","core/src/main/java/org/elasticsearch/action/bulk/TransportBulkAction.java","51","0","1","2","496","622","0"
"orientdb","6061b2a2b5d37ba6f30f9dfa91225ef3b3d718cc","core/src/main/java/com/orientechnologies/orient/core/fetch/json/OJSONFetchContext.java","51","0","1","20","213","262","1"
"orientdb","2ad391a42cfcf22c4cbb4739f65e88524a67c891","core/src/main/java/com/orientechnologies/orient/core/serialization/serializer/OJSONReader.java","51","0","1","20","222","312","1"
"orientdb","086606000a2da9409a2ca89221e6db840c08ef33","core/src/main/java/com/orientechnologies/common/collection/OMultiCollectionIterator.java","51","0","1","20","226","301","0"
"elasticsearch","4e2dd770aab15857d8f7a01d25d941908498ccb6","src/main/java/org/elasticsearch/index/mapper/core/LongFieldMapper.java","51","0","1","23","311","376","0"
"elasticsearch","2b0f4287b3588cd80ceec134074d3b08a608e084","core/src/main/java/org/elasticsearch/index/mapper/ScaledFloatFieldMapper.java","51","0","1","24","470","574","3"
"elasticsearch","a3cefd919e81fd7c2c171426b64aa3357bfa6db4","src/main/java/org/elasticsearch/index/mapper/internal/AllFieldMapper.java","51","0","1","25","263","355","2"
"netty","51a536fd3068ecff95dd27adf047299122ade8ea","buffer/src/main/java/io/netty/buffer/UnpooledUnsafeDirectByteBuf.java","51","0","1","25","374","468","0"
"elasticsearch","5706858722452b13465b15930e4f4cb2e8286449","src/main/java/org/elasticsearch/index/mapper/internal/AllFieldMapper.java","51","0","1","26","267","360","0"
"netty","5416f2315e222acf8d9a36a51bcd4142a0f1c022","buffer/src/main/java/io/netty/buffer/UnpooledUnsafeDirectByteBuf.java","51","0","1","26","378","473","2"
"neo4j","35a95081e67bf49b62cb45bc522541ee09635951","enterprise/cluster/src/test/java/org/neo4j/cluster/protocol/cluster/ClusterMockTest.java","51","0","1","26","713","833","1"
"neo4j","6f1ada5aaa5bb07edf94f944d05b0548602956f2","enterprise/cluster/src/test/java/org/neo4j/cluster/protocol/cluster/ClusterMockTest.java","51","0","1","26","713","834","0"
"neo4j","a2206e2451ffe226128a69a43f7f1f59409a0217","enterprise/cluster/src/test/java/org/neo4j/cluster/protocol/cluster/ClusterMockTest.java","51","0","1","26","722","843","1"
"orientdb","8277a0559c357df96a19b7792393d884a090e86c","core/src/main/java/com/orientechnologies/orient/core/index/OIndexManagerAbstract.java","51","0","1","27","404","512","1"
"BroadleafCommerce","49d12cffdc9aca461330ec8110c850319cf49ec0","admin/broadleaf-open-admin-platform/src/main/java/org/broadleafcommerce/openadmin/server/service/persistence/PersistenceManagerImpl.java","51","0","1","28","361","450","2"
"hazelcast","d04d397a10ff6e838cdf9e0b8dd57b47759dcee1","hazelcast/src/main/java/com/hazelcast/client/ClientEngineImpl.java","51","0","1","28","486","584","0"
"hazelcast","358e12c864a51acfb36b17e7672b67707b41307c","hazelcast/src/main/java/com/hazelcast/client/ClientEngineImpl.java","51","0","1","28","488","585","0"
"elasticsearch","087a931cb2ecbae34c4fc87924400c9b6bbd8a41","modules/transport-netty3/src/main/java/org/elasticsearch/transport/netty3/Netty3Transport.java","51","0","1","4","447","567","1"
"elasticsearch","93beea1f670f1e0d53bc3fd3ee671bc235d5f1aa","core/src/main/java/org/elasticsearch/cluster/SnapshotsInProgress.java","51","0","1","41","355","444","0"
"hazelcast","e4b8f5199015f03f9bdc06632073d8ea0b298aba","hazelcast/src/test/java/com/hazelcast/cache/CacheBasicAbstractTest.java","51","0","1","43","811","983","0"
"hazelcast","12a0770d42130064f5a63ee306ebee1dfb45349f","hazelcast/src/test/java/com/hazelcast/map/BasicMapTest.java","51","0","1","61","1229","1485","0"
"hazelcast","078e4faae79ee911646942e59cf0d2a84199cb5c","hazelcast-client/src/main/java/com/hazelcast/client/cache/impl/NearCachedClientCacheProxy.java","51","0","1","7","625","790","0"
"hazelcast","0e8d32f113d283e766faf77a39cec13bb8c94ffc","hazelcast-client/src/main/java/com/hazelcast/client/cache/impl/NearCachedClientCacheProxy.java","51","0","1","7","625","791","1"
"hazelcast","e3d7ef68c3909a3e5e663a53e0e91de6905d3a00","hazelcast-client/src/main/java/com/hazelcast/client/cache/impl/NearCachedClientCacheProxy.java","51","0","1","7","625","791","1"
"hazelcast","81660d50f5ee9506b0cb22bcc9bf638c94a8d76f","hazelcast-client/src/main/java/com/hazelcast/client/cache/impl/NearCachedClientCacheProxy.java","51","0","1","7","625","791","0"
"hazelcast","98b249af9499f13c482d9ffa4ce6f1367ddb4586","hazelcast-client/src/test/java/com/hazelcast/client/HazelcastClientMapTest.java","51","0","1","71","947","1055","0"
"hazelcast","5da39756a924fc9e2ed46c61fcadede40bb5efc7","hazelcast-client/src/test/java/com/hazelcast/client/HazelcastClientMapTest.java","51","0","1","72","955","1064","0"
"hazelcast","e36951ca7052e1c3615bd11cc47443c094783a12","hazelcast-client/src/main/java/com/hazelcast/client/cache/impl/NearCachedClientCacheProxy.java","51","0","1","8","627","792","1"
"elasticsearch","1bcd26627c2c9fe9bf706271808322f57ab91204","core/src/test/java/org/elasticsearch/search/query/MultiMatchQueryIT.java","51","0","1","8","643","764","1"
"elasticsearch","71aa807acdcc5095d494657774e178770fa687c7","core/src/test/java/org/elasticsearch/search/query/MultiMatchQueryIT.java","51","0","1","8","658","783","0"
"hazelcast","7084d312fa3b03a64036c42f88a3b85518e8a1cb","hazelcast/src/main/java/com/hazelcast/nio/UTFEncoderDecoder.java","51","0","1","9","273","334","1"
"hazelcast","8bd2d96a7c183870d0ed03675177681dd3627754","hazelcast/src/test/java/com/hazelcast/map/EvictionTest.java","51","0","10","27","835","1100","1"
"hazelcast","9a98cd8ff5b10aaa7334cf46153d8912ab903275","hazelcast/src/test/java/com/hazelcast/map/EvictionTest.java","51","0","10","27","837","1102","2"
"elasticsearch","c1156283c7a66466f655d980ca4e7d1bdf12b7d3","core/src/main/java/org/elasticsearch/common/cache/Cache.java","51","0","12","5","456","772","0"
"elasticsearch","83ea1be185751988cf153f405a4af5ace67ec825","core/src/main/java/org/elasticsearch/common/cache/Cache.java","51","0","12","5","466","786","1"
"elasticsearch","9c795bd838864647553b317b9da2b5a40f1a7242","core/src/main/java/org/elasticsearch/common/cache/Cache.java","51","0","12","5","476","813","0"
"netty","46363095970e1bd8f6046414fcf15b41a9c25452","codec-http/src/main/java/io/netty/handler/codec/http/QueryStringDecoder.java","51","0","13","0","230","386","0"
"netty","521bf83d0f39896f3c87c54bebd1e8c06e86b60b","codec-http/src/main/java/io/netty/handler/codec/http/QueryStringDecoder.java","51","0","13","0","231","387","0"
"elasticsearch","9080f51340b1b26f8bd171b4c82de8d87ad42b55","core/src/main/java/org/elasticsearch/search/aggregations/support/ValuesSourceAggregatorBuilder.java","51","0","13","4","334","444","1"
"elasticsearch","d84c643f5880a88d2e5c38b487123161f3e01fe0","core/src/main/java/org/elasticsearch/search/aggregations/support/ValuesSourceAggregatorBuilder.java","51","0","13","4","335","446","0"
"elasticsearch","01a6b7c4085efcaa314c01b6d22c5b59771d776c","core/src/main/java/org/elasticsearch/action/fieldstats/FieldStats.java","51","0","13","47","466","632","1"
"elasticsearch","78574d248cf10dad1c5a566fda79e1e0c94afe43","core/src/main/java/org/elasticsearch/action/fieldstats/FieldStats.java","51","0","13","47","466","632","1"
"elasticsearch","e6aaaf11ed4a1b8f595f920de1840938eddb7a97","core/src/main/java/org/elasticsearch/action/fieldstats/FieldStats.java","51","0","13","47","466","632","1"
"elasticsearch","a60b8948ba1d836a6eac7cff095519e618939ed8","core/src/main/java/org/elasticsearch/action/fieldstats/FieldStats.java","51","0","13","47","466","632","0"
"elasticsearch","7f6e0c6c0203fd67713ae0bc6dbbc20a18817df7","modules/lang-painless/src/main/java/org/elasticsearch/painless/DefBootstrap.java","51","0","2","0","290","455","0"
"hazelcast","7fbe793dbc598c07cd92080cfcc997a6389b6b73","hazelcast-spring/src/main/java/com/hazelcast/spring/AbstractHazelcastBeanDefinitionParser.java","51","0","2","0","307","371","1"
"netty","c22f1aa4acad4234623c31121f33b2b2f3afffc5","codec-http2/src/main/java/io/netty/handler/codec/http2/DefaultHttp2RemoteFlowController.java","51","0","2","15","567","909","3"
"hazelcast","dfbb16f423ad93ce80a9ad66414bd8fd5f79a0b6","hazelcast/src/main/java/com/hazelcast/transaction/impl/TransactionImpl.java","51","0","2","18","394","494","1"
"hazelcast","d3f848cabe43b262c779743ccc0c0f35b41aea22","hazelcast/src/main/java/com/hazelcast/transaction/impl/TransactionImpl.java","51","0","2","18","395","495","0"
"elasticsearch","51fc09b2642afae23ef76569e022e5ade2b99e1d","core/src/main/java/org/elasticsearch/cluster/metadata/MetaDataMappingService.java","51","0","2","2","290","381","1"
"elasticsearch","702b2abd1ba59f8541c9209405f15f679d65f401","src/main/java/org/elasticsearch/index/translog/fs/FsTranslog.java","51","0","2","24","416","502","1"
"elasticsearch","4aa315974b6787ed0816f68e0b6ee7ed4101d4c8","src/main/java/org/elasticsearch/index/mapper/core/CompletionFieldMapper.java","51","0","2","25","333","411","1"
"elasticsearch","507b6a6e8c259535f82912211058467df3c68a8f","src/main/java/org/elasticsearch/index/mapper/core/CompletionFieldMapper.java","51","0","2","25","333","411","1"
"elasticsearch","714aaa40eadf2c392b53efd11fc629adb5cf9014","src/main/java/org/elasticsearch/index/mapper/core/CompletionFieldMapper.java","51","0","2","25","333","411","0"
"elasticsearch","2c510f0689b34e71db91f14fba3f03463c379e24","src/main/java/org/elasticsearch/index/translog/fs/FsTranslog.java","51","0","2","25","448","548","0"
"elasticsearch","54ccfda48417b3a7e150212808456c828a81d8e0","src/main/java/org/elasticsearch/index/translog/fs/FsTranslog.java","51","0","2","25","450","550","1"
"elasticsearch","a18f47e62e426885de82584e5536f5f20d252d49","src/main/java/org/elasticsearch/index/mapper/core/CompletionFieldMapper.java","51","0","2","26","337","415","0"
"elasticsearch","0676869e6d1fe9e57c6b9cb111197df105b8edec","src/test/java/org/elasticsearch/index/engine/internal/InternalEngineTests.java","51","0","2","28","1010","1345","0"
"hazelcast","32f725757391919b9139c3f0a6b7e7046e34c400","hazelcast/src/main/java/com/hazelcast/client/impl/ClientEngineImpl.java","51","0","2","28","465","566","2"
"hazelcast","daea07e95ba27a3c240093c3844b3b71c37b5d4f","hazelcast/src/main/java/com/hazelcast/client/impl/ClientEngineImpl.java","51","0","2","28","465","566","2"
"hazelcast","f68ca8d3fc0960f5faace25206e7157a10616bbe","hazelcast/src/main/java/com/hazelcast/client/impl/ClientEngineImpl.java","51","0","2","28","465","566","0"
"hazelcast","2ab45c0790ebb1ec546fcc4b47ec3945bf1b9a6e","hazelcast/src/main/java/com/hazelcast/client/impl/ClientEngineImpl.java","51","0","2","28","470","573","0"
"orientdb","136db63960bbf53514691bf5a0bb8361a5ea5361","core/src/main/java/com/orientechnologies/orient/core/sql/OCommandExecutorSQLCreateIndex.java","51","0","2","4","246","338","0"
"orientdb","46bbcabde62c2b9e61ebaf45dc23f16d9dee7f02","core/src/main/java/com/orientechnologies/orient/core/sql/OCommandExecutorSQLCreateIndex.java","51","0","2","4","250","342","1"
"elasticsearch","3c8f8cc09054a6c62c5d8eef529d3f662b887344","src/test/java/org/elasticsearch/search/child/SimpleChildQuerySearchTests.java","51","0","2","42","2116","2615","1"
"orientdb","7a678522a2d83448543bc75d7360ac0857529727","core/src/main/java/com/orientechnologies/orient/core/sql/OCommandExecutorSQLDelete.java","51","0","2","7","243","349","1"
"elasticsearch","e7b9e65fc3b06e784008a4dd14a8ba305ac30374","core/src/main/java/org/elasticsearch/ElasticsearchException.java","51","0","20","15","647","836","2"
"elasticsearch","01519745007b2d093cdf602783c27a26de82c69b","core/src/main/java/org/elasticsearch/ElasticsearchException.java","51","0","20","15","650","835","1"
"elasticsearch","4b94eb5cb8cc4294ed0e932a5f22c16bd90d4dd7","core/src/main/java/org/elasticsearch/ElasticsearchException.java","51","0","20","15","651","836","3"
"elasticsearch","6dc03ecb10328353e682f5991537af46e80b1fe2","core/src/main/java/org/elasticsearch/ElasticsearchException.java","51","0","20","15","652","836","3"
"elasticsearch","999bec12431a51de67edc7745d8e0ce7d4cdaf79","src/test/java/org/elasticsearch/test/hamcrest/ElasticsearchAssertions.java","51","0","20","50","601","803","5"
"elasticsearch","4cb23a0520c2c361ef1d3ed9ebcca24cba27cb67","src/test/java/org/elasticsearch/test/hamcrest/ElasticsearchAssertions.java","51","0","20","51","604","807","4"
"elasticsearch","2e2e345dcb90e1ec1c48c6bb5348469fc514aea1","src/test/java/org/elasticsearch/test/hamcrest/ElasticsearchAssertions.java","51","0","21","52","622","829","5"
"elasticsearch","b82e2c7083c7aae6b22d9103bb7133d63be3a39e","src/test/java/org/elasticsearch/test/hamcrest/ElasticsearchAssertions.java","51","0","22","50","606","814","4"
"mcMMO","1254ab232ab2a57470582791d798bc5656d3b2a9","src/main/java/com/gmail/nossr50/config/Config.java","51","0","26","92","280","415","0"
"mcMMO","933b6f278bf76c35d038e11a568d0cc8fd403789","src/main/java/com/gmail/nossr50/config/Config.java","51","0","26","93","281","417","0"
"ceylon-ide-eclipse","d90d21e6a9dd04995b217f041061c3f1ec1c864f","plugins/com.redhat.ceylon.eclipse.ui/src/com/redhat/ceylon/eclipse/core/model/JDTModuleManager.java","51","0","3","16","262","353","0"
"netty","3e5dcb5f3efbb26d5e6cf4cd229b03c285d62462","transport/src/main/java/io/netty/channel/DefaultChannelConfig.java","51","0","3","25","345","434","0"
"orientdb","6dd2711779e345afb7b30094accbf8d48a6d707f","core/src/main/java/com/orientechnologies/common/log/OLogManager.java","51","0","3","28","234","331","0"
"orientdb","76ffdc9fe1e541460329297a955e8494c36be8f5","core/src/main/java/com/orientechnologies/orient/core/config/OStorageConfiguration.java","51","0","3","41","435","621","1"
"BroadleafCommerce","9f01bd6c4edb320ae0086235623ebdc20924768e","common/src/main/java/org/broadleafcommerce/common/extensibility/jpa/MergePersistenceUnitManager.java","51","0","3","5","267","345","2"
"neo4j","df97b6a0f8e2a29beba875d992c8885d25ce3d05","community/graph-algo/src/main/java/org/neo4j/graphalgo/impl/path/ShortestPath.java","51","0","3","5","502","625","1"
"elasticsearch","bb0f5cf2348eac6697d46878458bc8eb83a89cb9","src/main/java/org/elasticsearch/cluster/metadata/IndexMetaData.java","51","0","3","73","508","661","0"
"elasticsearch","b379bf5668c5bf3a6edffbc2cd9ae97f29a8b7d6","src/main/java/org/elasticsearch/snapshots/RestoreService.java","51","0","30","2","433","764","1"
"netty","f4d3f81d6ccd0f6ec3081462fca5f9ab5702fad6","resolver-dns/src/main/java/io/netty/resolver/dns/DnsNameResolver.java","51","0","34","0","488","866","2"
"netty","2769ad428a042e48e2d5a52dccb48c4cbcf14a03","resolver-dns/src/main/java/io/netty/resolver/dns/DnsNameResolver.java","51","0","34","0","490","868","1"
"elasticsearch","85eb0ea0e718fd9757d1bafa18f8767b1924f00c","src/main/java/org/elasticsearch/action/index/IndexRequest.java","51","0","34","21","430","685","1"
"elasticsearch","ffcc78ca0423a6b583ba3a0bbb9aefede9d804c8","src/main/java/org/elasticsearch/action/index/IndexRequest.java","51","0","35","21","433","694","1"
"elasticsearch","4fa924494d89fb66d6b48deac8cadc1bb9bdb269","src/main/java/org/elasticsearch/action/index/IndexRequest.java","51","0","37","21","454","725","1"
"elasticsearch","61c21f9a0e148db3e450c87c4690bef173ccc821","src/main/java/org/elasticsearch/action/index/IndexRequest.java","51","0","37","21","455","726","0"
"titan","bd1445809192f13ed0674e0a81c8117fe263b0a0","titan-test/src/main/java/com/thinkaurelius/titan/graphdb/TitanGraphTest.java","51","0","4","14","721","865","2"
"titan","ac746d5753151c1904efda645429fca6a9086231","titan-test/src/main/java/com/thinkaurelius/titan/graphdb/TitanGraphTest.java","51","0","4","15","731","876","1"
"elasticsearch","3f6a3c01dadb1951b597ffdbd068359a2fbc84c8","core/src/main/java/org/elasticsearch/cluster/routing/allocation/AllocationService.java","51","0","4","5","395","558","1"
"hazelcast","69a762c345b7b7993623ce6bf4ab36bfbdd412fb","hazelcast/src/main/java/com/hazelcast/spi/impl/operationparker/impl/OperationParkerImpl.java","51","0","5","10","290","357","0"
"hazelcast","40d9a8c795e4eba307ffdc6f65e4fcce28983f54","hazelcast/src/main/java/com/hazelcast/spi/impl/operationparker/impl/OperationParkerImpl.java","51","0","5","10","291","359","0"
"hazelcast","86b064ba3f1e467e74e95d6da24b03122065ce36","hazelcast/src/main/java/com/hazelcast/spi/impl/operationparker/impl/OperationParkerImpl.java","51","0","5","11","296","369","2"
"BroadleafCommerce","34682289a3be1f350cf132998f1a4315a3c62b91","admin/broadleaf-open-admin-platform/src/main/java/org/broadleafcommerce/openadmin/dto/Entity.java","51","0","5","28","227","327","0"
"antlr4","f78f6ceef06b0e90c6901020316311cd5a43cde3","tool/src/org/antlr/v4/tool/GrammarTransformPipeline.java","51","0","5","5","312","460","0"
"elasticsearch","1764ec56b38ce87f516efdf93bb4ab56e9dd829b","core/src/main/java/org/elasticsearch/action/update/UpdateRequest.java","51","0","51","24","525","861","0"
"elasticsearch","25fd9e26c4fb042d6f6dea14efcd239577bdbbc4","core/src/main/java/org/elasticsearch/action/update/UpdateRequest.java","51","0","51","24","525","861","0"
"elasticsearch","51d53791fe71c9cb62bc992588a57cdfb500383f","core/src/main/java/org/elasticsearch/action/update/UpdateRequest.java","51","0","51","24","525","861","0"
"elasticsearch","56cc87b7ccd41040d8fafcaf2da3680d96d10839","core/src/main/java/org/elasticsearch/action/update/UpdateRequest.java","51","0","51","24","525","861","0"
"elasticsearch","2b3760f78b26817b5a2030aa27b1ddf2f17462f6","core/src/main/java/org/elasticsearch/action/update/UpdateRequest.java","51","0","51","24","525","861","1"
"elasticsearch","371c73e14023917f3892090d2d3d7ff9ac1216b9","core/src/main/java/org/elasticsearch/Version.java","51","0","6","15","259","347","3"
"elasticsearch","78574d248cf10dad1c5a566fda79e1e0c94afe43","core/src/main/java/org/elasticsearch/Version.java","51","0","6","15","259","347","2"
"elasticsearch","e6aaaf11ed4a1b8f595f920de1840938eddb7a97","core/src/main/java/org/elasticsearch/Version.java","51","0","6","15","259","347","2"
"elasticsearch","a60b8948ba1d836a6eac7cff095519e618939ed8","core/src/main/java/org/elasticsearch/Version.java","51","0","6","15","259","347","0"
"hazelcast","1f81005bec396d914272c79388276106c0daf50a","hazelcast/src/main/java/com/hazelcast/spi/impl/waitnotifyservice/impl/WaitNotifyServiceImpl.java","51","0","7","8","283","350","0"
"BroadleafCommerce","8a290dc9d712fbf3ac55ae861cf8699e97f25ed3","core/broadleaf-framework-web/src/main/java/org/broadleafcommerce/core/web/cache/BLCICache.java","51","0","7","8","350","546","0"
"orientdb","76ffdc9fe1e541460329297a955e8494c36be8f5","core/src/main/java/com/orientechnologies/orient/core/iterator/OIdentifiableIterator.java","51","0","8","11","248","401","1"
"orientdb","c1f0f046093d166b58193818b359c73d4a50c228","core/src/main/java/com/orientechnologies/orient/core/iterator/OIdentifiableIterator.java","51","0","8","12","253","410","0"
"elasticsearch","f6a0fe5c2fd2f9c6455ae0bc3abf50bebfa9b8a2","src/test/java/org/elasticsearch/bwcompat/BasicBackwardsCompatibilityTest.java","51","0","8","15","582","720","1"
"elasticsearch","d479611dc5e989d79308e3b10a5e9b3952f730d0","src/main/java/org/elasticsearch/repositories/blobstore/BlobStoreRepository.java","51","0","8","7","426","673","2"
"elasticsearch","59d9f7e1579ca70973d14e94da0b8794e60f3b85","src/main/java/org/elasticsearch/repositories/blobstore/BlobStoreRepository.java","51","0","8","8","450","698","0"
"orientdb","8130d9184ee1136cc87c2a9c6a0b9acc994828ff","core/src/main/java/com/orientechnologies/orient/core/sql/OCommandExecutorSQLSelect.java","510","0","4","18","1843","2395","1"
"orientdb","9b0a6b5a0d74bce339faedfdf33a3918902c1a9e","core/src/main/java/com/orientechnologies/orient/core/sql/OCommandExecutorSQLSelect.java","510","0","4","18","1850","2403","0"
"orientdb","1ffb4a74231b07389afced95123a7ef989a442cc","core/src/main/java/com/orientechnologies/orient/core/sql/OCommandExecutorSQLSelect.java","510","0","4","18","1851","2404","0"
"orientdb","ff6f06a1daf0593f38b5e50561d0b40d87e44d89","core/src/main/java/com/orientechnologies/orient/core/sql/OCommandExecutorSQLSelect.java","510","0","4","18","1861","2414","0"
"orientdb","7a678522a2d83448543bc75d7360ac0857529727","core/src/main/java/com/orientechnologies/orient/core/sql/OCommandExecutorSQLSelect.java","512","0","4","17","1846","2404","2"
"orientdb","76ffdc9fe1e541460329297a955e8494c36be8f5","core/src/main/java/com/orientechnologies/orient/core/sql/OCommandExecutorSQLSelect.java","512","0","4","18","1850","2409","2"
"orientdb","077176ee691e6b24f96ac9a799f6bd3393eb0cee","core/src/main/java/com/orientechnologies/orient/core/sql/OCommandExecutorSQLSelect.java","512","0","4","18","1864","2418","2"
"orientdb","f13e93face1ed758328d0172611feb8184ed0323","core/src/main/java/com/orientechnologies/orient/core/sql/parser/OrientSql.java","5151","0","11","133","14703","15794","1"
"orientdb","527d45bb551f10351ecbd295abd46f84c7349784","core/src/main/java/com/orientechnologies/orient/core/sql/OCommandExecutorSQLSelect.java","518","0","4","18","1861","2417","1"
"orientdb","784864c5fc64721ed9c5a1fc30ac7be3ee97b023","core/src/main/java/com/orientechnologies/orient/core/sql/OCommandExecutorSQLSelect.java","519","0","4","18","1856","2412","1"
"orientdb","63031a7bca10be3fecd487a71c360d1ab0a57888","core/src/main/java/com/orientechnologies/orient/core/sql/OCommandExecutorSQLSelect.java","519","0","4","18","1879","2435","1"
"hazelcast","d4aa47450a944e969f2eb5f6438952f6f84a2bd1","hazelcast/src/main/java/com/hazelcast/util/scheduler/SecondsBasedEntryTaskScheduler.java","52","0","0","0","280","350","2"
"hazelcast","12a0770d42130064f5a63ee306ebee1dfb45349f","hazelcast/src/main/java/com/hazelcast/util/scheduler/SecondsBasedEntryTaskScheduler.java","52","0","0","0","282","353","1"
"hazelcast","435022d4b6dce73add7b86d828af2c2e619b5ea3","hazelcast/src/main/java/com/hazelcast/spi/impl/operationservice/impl/InvocationFuture.java","52","0","0","0","310","425","1"
"hazelcast","72dc4fbe921021383ce4a08721b4e7f12d6de58b","hazelcast/src/main/java/com/hazelcast/util/scheduler/SecondsBasedEntryTaskScheduler.java","52","0","0","0","313","387","1"
"hazelcast","42c497fd2cd5fae3f6097086045dc581c227ac64","hazelcast/src/main/java/com/hazelcast/spi/impl/operationservice/impl/InvocationFuture.java","52","0","0","0","315","430","0"
"netty","4158152b24c1e20cc9d024486a6bc6a0ee336a92","transport/src/main/java/io/netty/channel/socket/nio/NioClientSocketPipelineSink.java","52","0","0","0","326","445","0"
"netty","2304913341ef3f239e5509a46921a5c65bbbe360","transport/src/main/java/io/netty/channel/socket/nio/NioClientSocketPipelineSink.java","52","0","0","0","327","446","2"
"hazelcast","70d4de16ff0ac4518d09aad8c9f2ad9e782fb337","hazelcast/src/main/java/com/hazelcast/internal/serialization/impl/ByteArrayObjectDataOutput.java","52","0","0","0","354","438","1"
"hazelcast","65563ab5f024efe0698b34df7b7f51ab3254ce3e","hazelcast/src/main/java/com/hazelcast/cache/impl/AbstractInternalCacheProxy.java","52","0","0","0","356","431","1"
"hazelcast","d568e4d926d925d57d4e79e34614390416749301","hazelcast/src/main/java/com/hazelcast/internal/serialization/impl/ByteArrayObjectDataOutput.java","52","0","0","0","357","443","0"
"hazelcast","819029a9600a1af6d82dec2e65ace0e5054aee9b","hazelcast/src/main/java/com/hazelcast/cache/impl/AbstractInternalCacheProxy.java","52","0","0","0","367","443","0"
"hazelcast","7001ec8c5b1305c796de75c2e3f170c562db8c03","hazelcast/src/main/java/com/hazelcast/cache/impl/AbstractInternalCacheProxy.java","52","0","0","0","367","444","0"
"hazelcast","d070f1256c8c7fa823e6463487462826384ee1df","hazelcast/src/main/java/com/hazelcast/cache/impl/AbstractInternalCacheProxy.java","52","0","0","0","369","447","0"
"hazelcast","0880710f355f33d03b8d928ec9d22a0ff4f1ca52","hazelcast-client/src/main/java/com/hazelcast/client/cache/impl/AbstractClientCacheProxy.java","52","0","0","0","441","557","2"
"hazelcast","95e7022bde4d07079451594452085cb7516d6ee1","hazelcast-client/src/main/java/com/hazelcast/client/proxy/ClientMapProxy.java","52","0","0","1","1217","1474","1"
"elasticsearch","ec770373ab65bc77c9cb3ae9e4c0919bdd5219d5","src/test/java/org/elasticsearch/test/integration/termvectors/GetTermVectorTests.java","52","0","0","10","519","640","1"
"ceylon-ide-eclipse","3cb33660de43deb63a0b187966d5d9dd99672eba","plugins/com.redhat.ceylon.eclipse.ui/src/com/redhat/ceylon/eclipse/code/style/FormatterTabPage.java","52","0","0","10","760","931","0"
"elasticsearch","1012f6a3ea0c3b3f18acbdce4e47b7f934d71e35","modules/elasticsearch/src/main/java/org/elasticsearch/index/search/TextQueryParser.java","52","0","0","11","289","359","0"
"elasticsearch","634ce90dc06f20888a4ff655985a6baccf25a7db","core/src/test/java/org/elasticsearch/action/search/SearchPhaseControllerTests.java","52","0","0","11","438","497","0"
"elasticsearch","977712f9773c3eecea3958a5b8ddf934207775a6","core/src/test/java/org/elasticsearch/action/search/SearchPhaseControllerTests.java","52","0","0","11","442","501","2"
"elasticsearch","0b1a7fc2b84854b5e4e6eef9833eb3000d286d58","core/src/test/java/org/elasticsearch/search/query/MultiMatchQueryIT.java","52","0","0","12","538","627","1"
"elasticsearch","3a0dd59a15c49f5be0483658f44bd411f62e1ac5","core/src/test/java/org/elasticsearch/search/query/MultiMatchQueryIT.java","52","0","0","12","544","635","0"
"elasticsearch","39ecda1dadabbdeba7a306b4e7661b7cb95ff0ea","core/src/test/java/org/elasticsearch/search/query/MultiMatchQueryIT.java","52","0","0","12","546","637","1"
"elasticsearch","f64065c9d2b167bc3e9b74d31085c3694f221d81","src/test/java/org/elasticsearch/test/integration/termvectors/GetTermVectorTests.java","52","0","0","12","583","730","0"
"elasticsearch","c2259a2edd0e1d3de236d86d089616976325a762","core/src/test/java/org/elasticsearch/search/query/MultiMatchQueryIT.java","52","0","0","12","594","703","0"
"elasticsearch","3b27dce94f579c3d1c3793c080d942e530d920ac","core/src/test/java/org/elasticsearch/search/query/MultiMatchQueryIT.java","52","0","0","12","608","721","0"
"elasticsearch","1ac728d22bf6375a78daa171095e918a54932f7c","core/src/test/java/org/elasticsearch/search/aggregations/pipeline/moving/avg/MovAvgUnitTests.java","52","0","0","13","423","587","2"
"elasticsearch","cc6c07365c89e1608b78a46af7744a67ff5277a1","src/main/java/org/elasticsearch/search/suggest/SuggestUtils.java","52","0","0","18","246","296","0"
"elasticsearch","dc9a05228714b6a951301f1f185a1970d3320de6","src/main/java/org/elasticsearch/search/suggest/SuggestUtils.java","52","0","0","18","247","297","0"
"elasticsearch","7a7370e3c83220dcdef7697b139b0b1cf4b8f18a","src/main/java/org/elasticsearch/index/search/MatchQuery.java","52","0","0","18","323","395","0"
"netty","58c14418a093c60cbe37533538f5079687d77267","testsuite/src/main/java/io/netty/testsuite/transport/socket/TrafficShapingHandlerTest.java","52","0","0","21","460","548","2"
"netty","268111208007b1336dc1bbdcb0b9c15427e14e1f","testsuite/src/main/java/io/netty/testsuite/transport/socket/TrafficShapingHandlerTest.java","52","0","0","21","461","549","0"
"elasticsearch","384114f52f3de8803cb280b8fee9eab3a06009e8","src/test/java/org/elasticsearch/snapshots/SharedClusterSnapshotRestoreTests.java","52","0","0","23","1060","1341","2"
"elasticsearch","c63626b537955d0309c6613642e990b54efd3cbf","src/test/java/org/elasticsearch/snapshots/SharedClusterSnapshotRestoreTests.java","52","0","0","23","1061","1342","0"
"MapDB","55f15b73a58a288025d1abe7074618fcc788137a","src/test/java/org/mapdb/PumpTest.java","52","0","0","23","427","560","1"
"orientdb","7b2a7c273ef42ce96b87ad3d9a24dc128c1d6140","core/src/main/java/com/orientechnologies/orient/core/db/record/ridbag/embedded/OEmbeddedRidBag.java","52","0","0","27","377","493","1"
"MapDB","3f37ab5b45feec44d9b2c23eb4fe15f94d46642c","src/test/java/org/mapdb/PumpTest.java","52","0","0","27","463","601","0"
"ceylon-ide-eclipse","64a391fbabba6b9bc6b553abfa42466e0ca9673d","plugins/com.redhat.ceylon.eclipse.ui/src/com/redhat/ceylon/eclipse/code/complete/MemberNameCompletions.java","52","0","0","3","260","289","0"
"hazelcast","7c82bb8ca4c9e3bf2add34c698ca8fb96f263263","hazelcast/src/main/java/com/hazelcast/map/MapEvictionManager.java","52","0","0","3","325","374","0"
"hazelcast","883cc0fd01c4fdf6434f020b907d02d5b0851e74","hazelcast/src/main/java/com/hazelcast/map/MapEvictionManager.java","52","0","0","3","326","375","1"
"hazelcast","075b463a6568b73d46c93c6210d2d75184555dc3","hazelcast/src/main/java/com/hazelcast/map/MapEvictionManager.java","52","0","0","3","328","382","1"
"elasticsearch","467a459f95d8709379bf3e7f415644b246a89dba","core/src/test/java/org/elasticsearch/script/ScriptServiceTests.java","52","0","0","30","445","532","1"
"elasticsearch","821021f0e478ca44d828e62c139ea19f0fd7290a","core/src/test/java/org/elasticsearch/script/ScriptServiceTests.java","52","0","0","30","468","556","0"
"netty","bc1379d19dcf59626ef8d5b431830a189957e3bd","testsuite/src/test/java/io/netty/testsuite/transport/socket/TrafficShapingTest.java","52","0","0","31","487","581","0"
"hazelcast","3d9057cca97f4b1473d4418137aadb9f8763d93b","hazelcast/src/main/java/com/hazelcast/config/ConfigXmlGenerator.java","52","0","0","4","339","372","0"
"hazelcast","694e25543678ddf4455bea23ecf1aa1162b1b0e7","hazelcast/src/main/java/com/hazelcast/config/ConfigXmlGenerator.java","52","0","0","4","340","373","0"
"hazelcast","06e739b1a6918c6dce1696873b56bc3d10c48201","hazelcast-client/src/main/java/com/hazelcast/client/connection/nio/ClientConnectionManagerImpl.java","52","0","0","4","475","555","0"
"elasticsearch","5090260119597dd0b273214c323e84f41da8f049","core/src/main/java/org/elasticsearch/cluster/metadata/IndexTemplateMetaData.java","52","0","0","45","410","536","0"
"elasticsearch","04385a9ce914125a3eab626c657ef60d026cde1f","core/src/main/java/org/elasticsearch/cluster/metadata/IndexTemplateMetaData.java","52","0","0","45","411","537","2"
"BroadleafCommerce","2958e6ba93799ca6858a34889a2668cd1ce9fb81","core/broadleaf-profile/src/main/java/org/broadleafcommerce/profile/core/domain/AddressImpl.java","52","0","0","55","472","584","1"
"BroadleafCommerce","0c21b421c1d9c38444c820eea84cad34979e3b37","core/broadleaf-profile/src/main/java/org/broadleafcommerce/profile/core/domain/AddressImpl.java","52","0","0","55","472","587","1"
"ceylon-ide-eclipse","12bf8b4426070c141d60026654adb3d6cfb8293c","plugins/com.redhat.ceylon.eclipse.ui/src/com/redhat/ceylon/eclipse/code/search/JavaQueryParticipant.java","52","0","0","6","364","395","0"
"ceylon-ide-eclipse","68c0e3e214ee68d7d2b00d40acd062663e5dbf35","plugins/com.redhat.ceylon.eclipse.ui/src/com/redhat/ceylon/eclipse/code/search/JavaQueryParticipant.java","52","0","0","6","367","398","0"
"BroadleafCommerce","50738ae16e9e873912b5a85d4c928734cdd685f2","core/broadleaf-framework/src/main/java/org/broadleafcommerce/core/search/service/solr/SolrIndexServiceImpl.java","52","0","1","10","412","602","2"
"hazelcast","43132f12e9e7407ca9f68898ebd0e759c8f9b679","hazelcast/src/main/java/com/hazelcast/map/impl/proxy/NearCachedMapProxyImpl.java","52","0","1","10","529","627","1"
"elasticsearch","60519911b4e50bcc958c924a768dca2ae618101b","src/main/java/org/elasticsearch/index/analysis/AnalysisService.java","52","0","1","11","240","305","1"
"elasticsearch","4139bb51806305086fb1eaf3dce68b65f4007560","modules/elasticsearch/src/main/java/org/elasticsearch/index/field/data/longs/MultiValueLongFieldData.java","52","0","1","16","250","298","0"
"elasticsearch","f28c11b31cf0813005f141e772de2688339d6de9","plugins/transport/thrift/src/main/java/org/elasticsearch/thrift/ThriftRestImpl.java","52","0","1","2","158","192","0"
"elasticsearch","1a480071746576e6a7f9fdfc259b47a8da3b4aec","modules/elasticsearch/src/main/java/org/elasticsearch/gateway/GatewayService.java","52","0","1","2","246","321","0"
"BroadleafCommerce","68373d1c3f7f8064cea341110ba17b6ac147df7a","admin/broadleaf-open-admin-platform/src/main/java/org/broadleafcommerce/openadmin/web/filter/BroadleafAdminRequestProcessor.java","52","0","1","2","294","375","0"
"netty","3e9f617504adb6f3ac984a9320020dd2c202739e","codec-mqtt/src/main/java/io/netty/handler/codec/mqtt/MqttDecoder.java","52","0","1","2","355","471","1"
"orientdb","6fdc17421dd682b30aef282fdda3d7f0db88d754","core/src/main/java/com/orientechnologies/orient/core/fetch/json/OJSONFetchContext.java","52","0","1","20","215","264","0"
"neo4j","2fb8aea71a2d50c63f1407b9e975c5e8cbf325dc","enterprise/security/src/main/java/org/neo4j/server/security/enterprise/auth/InternalFlatFileRealm.java","52","0","1","21","576","692","2"
"neo4j","1b3aad3b619bd72c2c9f79bb7edf642c5dc56a6f","enterprise/security/src/main/java/org/neo4j/server/security/enterprise/auth/InternalFlatFileRealm.java","52","0","1","21","577","693","1"
"elasticsearch","142d7bdd812d5d7ca31b22fbed053392e1e456aa","src/main/java/org/elasticsearch/index/mapper/core/ByteFieldMapper.java","52","0","1","23","322","388","1"
"elasticsearch","142d7bdd812d5d7ca31b22fbed053392e1e456aa","src/main/java/org/elasticsearch/index/mapper/core/ShortFieldMapper.java","52","0","1","23","322","390","1"
"elasticsearch","142d7bdd812d5d7ca31b22fbed053392e1e456aa","src/main/java/org/elasticsearch/index/mapper/core/IntegerFieldMapper.java","52","0","1","23","323","392","1"
"elasticsearch","13a347239a48d71486692a72c066e940dec8921b","core/src/main/java/org/elasticsearch/index/analysis/AnalysisModule.java","52","0","1","24","429","573","2"
"elasticsearch","0848ffd52e54aa0625c75617635fc8d35da0c0df","core/src/main/java/org/elasticsearch/index/mapper/ScaledFloatFieldMapper.java","52","0","1","24","474","578","2"
"neo4j","c53aab6d4de8c83eda42c64474ec13aa7ecb25f3","enterprise/security/src/main/java/org/neo4j/server/security/enterprise/auth/InternalFlatFileRealm.java","52","0","1","25","590","710","1"
"neo4j","b070962e9b00726d50df951106225fa252b7efeb","enterprise/security/src/main/java/org/neo4j/server/security/enterprise/auth/InternalFlatFileRealm.java","52","0","1","26","596","717","0"
"hazelcast","2604627e26a5a66c185ae6f7bc0518fefa14d0e1","hazelcast/src/main/java/com/hazelcast/client/ClientEngineImpl.java","52","0","1","28","491","589","1"
"hazelcast","26c32bb80eb7d8a961a3fe97350b6cd647b68c05","hazelcast/src/main/java/com/hazelcast/client/ClientEngineImpl.java","52","0","1","28","493","591","0"
"hazelcast","d4b9ed8097a1308b48d24fa911314129e4e5e4b5","hazelcast/src/main/java/com/hazelcast/client/ClientEngineImpl.java","52","0","1","28","495","593","1"
"elasticsearch","1ca565cf9ffef111b2b80952c1caa20aa8dac6c1","src/main/java/org/elasticsearch/index/query/MatchQueryParser.java","52","0","1","3","142","180","1"
"elasticsearch","5f8dbeaa8e6dade54bf488f9fe7875546a094d4c","src/main/java/org/elasticsearch/index/query/MatchQueryParser.java","52","0","1","3","144","182","0"
"elasticsearch","8661ab0bf952d2a0dc47dc036bdff7d658227572","core/src/main/java/org/elasticsearch/index/query/MatchQueryParser.java","52","0","1","3","146","184","2"
"elasticsearch","1ca565cf9ffef111b2b80952c1caa20aa8dac6c1","src/main/java/org/elasticsearch/index/query/MultiMatchQueryParser.java","52","0","1","3","157","194","1"
"elasticsearch","5f8dbeaa8e6dade54bf488f9fe7875546a094d4c","src/main/java/org/elasticsearch/index/query/MultiMatchQueryParser.java","52","0","1","3","160","197","0"
"elasticsearch","567a50c29b48951af244d19d03faf4392e41c5ab","src/main/java/org/elasticsearch/index/query/functionscore/FunctionScoreQueryParser.java","52","0","1","3","214","268","0"
"hazelcast","5fecf8dbd363df52a8451f5af1c36dc49cfb937b","hazelcast/src/main/java/com/hazelcast/cache/impl/AbstractCacheService.java","52","0","1","38","421","497","0"
"hazelcast","fc6ab479ed9fab4939bf5f91fe3773e46310610d","hazelcast/src/main/java/com/hazelcast/cache/impl/AbstractCacheService.java","52","0","1","38","426","503","0"
"elasticsearch","e98b68a665c6c236dc5721c13b4df85f1da34f47","src/main/java/org/elasticsearch/cluster/metadata/MetaDataUpdateSettingsService.java","52","0","1","4","274","354","0"
"elasticsearch","984b94e8b75f4c7f5a5e878548509a36bdeeec37","core/src/main/java/org/elasticsearch/cluster/metadata/MetaDataUpdateSettingsService.java","52","0","1","4","276","357","1"
"elasticsearch","f71c9a25a182f05a7b54f3b773921b763981c2a5","core/src/main/java/org/elasticsearch/cluster/metadata/MetaDataUpdateSettingsService.java","52","0","1","4","277","358","0"
"elasticsearch","0a69f1e283e26e5d9e6a000b68b9f4778de557a1","core/src/main/java/org/elasticsearch/cluster/metadata/MetaDataUpdateSettingsService.java","52","0","1","4","287","368","2"
"elasticsearch","bdd1d0703dff32309b78d5f288fd71ef196f0347","core/src/test/java/org/elasticsearch/index/shard/IndexShardTests.java","52","0","1","41","1364","1595","2"
"elasticsearch","371c73e14023917f3892090d2d3d7ff9ac1216b9","core/src/test/java/org/elasticsearch/index/shard/IndexShardTests.java","52","0","1","41","1367","1598","3"
"elasticsearch","0a8afa2e7269ddbec3755b8f10033e93f55149c2","core/src/test/java/org/elasticsearch/index/shard/IndexShardTests.java","52","0","1","41","1369","1600","1"
"elasticsearch","a60b8948ba1d836a6eac7cff095519e618939ed8","core/src/test/java/org/elasticsearch/index/shard/IndexShardTests.java","52","0","1","41","1376","1607","1"
"BroadleafCommerce","db025684a739bf823040368df958fbd433642a5e","core/broadleaf-framework/src/main/java/org/broadleafcommerce/core/payment/service/DefaultPaymentGatewayCheckoutService.java","52","0","1","6","290","418","0"
"hazelcast","db2efafdcd0aa5c012c49b293965ce166b834979","hazelcast-client/src/main/java/com/hazelcast/client/cache/impl/NearCachedClientCacheProxy.java","52","0","1","7","630","798","1"
"hazelcast","514d2843f6ad00ea6d72645444f9c8ca9f727295","hazelcast-client/src/main/java/com/hazelcast/client/cache/impl/NearCachedClientCacheProxy.java","52","0","1","7","631","798","0"
"BroadleafCommerce","26ad5e3200a96bb3189406421dcd322db8053b5c","admin/broadleaf-open-admin-platform/src/main/java/org/broadleafcommerce/openadmin/server/service/persistence/module/FieldManager.java","52","0","1","8","315","392","1"
"BroadleafCommerce","b65e7a50116f93570b5849ac93d0d5b5e493cfee","admin/broadleaf-open-admin-platform/src/main/java/org/broadleafcommerce/openadmin/server/service/persistence/module/FieldManager.java","52","0","1","8","317","394","0"
"hazelcast","62534399bfca491280f4f7cf7709a1564b8bb80c","hazelcast/src/main/java/com/hazelcast/nio/UTFEncoderDecoder.java","52","0","1","9","278","339","0"
"netty","869687bd711e1358367203526128d9a2ad90663a","transport/src/main/java/io/netty/channel/socket/nio/NioDatagramChannel.java","52","0","10","18","448","590","0"
"netty","a09e56850e96577fcdb84835f194a39aded046b5","transport/src/main/java/io/netty/channel/socket/nio/NioDatagramChannel.java","52","0","10","18","455","599","1"
"hazelcast","f5df32aafc9524e30a5b4466bc5d3a65ef6f6310","hazelcast/src/test/java/com/hazelcast/map/EvictionTest.java","52","0","10","26","846","1102","2"
"hazelcast","9c29e2346aa7f605215555d28be09056c1f51f6d","hazelcast/src/test/java/com/hazelcast/map/EvictionTest.java","52","0","10","26","851","1101","0"
"hazelcast","b8c69f5766760c32f3eb46761b6e558a17ef9d2d","hazelcast/src/test/java/com/hazelcast/map/EvictionTest.java","52","0","10","27","861","1124","1"
"hazelcast","dad5438f479c8781d8c673cbb6a08f85e7ab9c63","hazelcast/src/test/java/com/hazelcast/map/EvictionTest.java","52","0","10","27","861","1124","2"
"hazelcast","6ca18366e874af84dbb23b82fc47e98d60ee5323","hazelcast/src/test/java/com/hazelcast/map/EvictionTest.java","52","0","10","27","861","1124","0"
"hazelcast","f1d489e76352bdf6a0bf92399a55403af312b467","hazelcast/src/test/java/com/hazelcast/map/EvictionTest.java","52","0","10","27","866","1123","0"
"elasticsearch","a6bbf73065b7ede0ac09841a8f08ab055feb86f6","core/src/main/java/org/elasticsearch/common/cache/Cache.java","52","0","12","5","451","733","1"
"elasticsearch","080d55a3933776366cdcfe61eb0e2bae96649234","core/src/main/java/org/elasticsearch/common/cache/Cache.java","52","0","12","5","470","794","0"
"netty","c46b083c1f0eb0f5e42baeb98f2cfc308c1bfb2a","codec-http/src/main/java/io/netty/handler/codec/http/QueryStringDecoder.java","52","0","13","0","237","396","0"
"elasticsearch","25fd9e26c4fb042d6f6dea14efcd239577bdbbc4","client/rest/src/main/java/org/elasticsearch/client/RestClient.java","52","0","13","1","402","659","0"
"elasticsearch","68a94e711a0ed43d6bc3aaf9c53f4f36b23efad7","client/rest/src/main/java/org/elasticsearch/client/RestClient.java","52","0","13","1","403","660","1"
"elasticsearch","7c5a954b93ee2c3b65222aee35266f3ca479512a","src/main/java/org/elasticsearch/common/geo/builders/ShapeBuilder.java","52","0","14","3","378","644","1"
"elasticsearch","6b23ee80404ea8cb143abd776968854e263275b9","core/src/main/java/org/elasticsearch/search/aggregations/pipeline/movavg/MovAvgPipelineAggregationBuilder.java","52","0","14","5","310","439","2"
"elasticsearch","c8ca015c0bd28caf4fd84862679afc63a9e7d2ac","core/src/main/java/org/elasticsearch/search/aggregations/pipeline/movavg/MovAvgPipelineAggregationBuilder.java","52","0","14","5","311","440","0"
"netty","869687bd711e1358367203526128d9a2ad90663a","buffer/src/main/java/io/netty/buffer/ByteBufUtil.java","52","0","16","0","365","508","0"
"elasticsearch","3e321972cc96275e034f89d5d40d9486e79b73e9","src/main/java/org/elasticsearch/search/suggest/Suggest.java","52","0","16","42","481","660","0"
"elasticsearch","f7b720472138dc342a5081513cbdbcd880531cc5","modules/lang-painless/src/main/java/org/elasticsearch/painless/DefBootstrap.java","52","0","2","0","294","457","0"
"hazelcast","9df1ae5b6d25628524e4ceec1ac038b990e35c3e","hazelcast-spring/src/main/java/com/hazelcast/spring/AbstractHazelcastBeanDefinitionParser.java","52","0","2","0","295","358","1"
"hazelcast","5040e03ba45a8d09b3a201fad00fe7969d1cd295","hazelcast-spring/src/main/java/com/hazelcast/spring/AbstractHazelcastBeanDefinitionParser.java","52","0","2","0","313","375","0"
"elasticsearch","ae36262a95fa2c50e562b71c099bc240c1cf80ac","core/src/test/java/org/elasticsearch/search/aggregations/pipeline/DerivativeIT.java","52","0","2","14","546","654","1"
"elasticsearch","046abdc281c321cd2128ee7684c0edfcaca07203","core/src/test/java/org/elasticsearch/search/aggregations/pipeline/DerivativeIT.java","52","0","2","14","549","657","3"
"hazelcast","81fe86abd4deed08faf6e617c5d73c2b7d4b5391","hazelcast/src/main/java/com/hazelcast/transaction/impl/TransactionImpl.java","52","0","2","15","364","461","2"
"orientdb","9bdd162585b56e86b180227805d33351ec66fcfa","core/src/main/java/com/orientechnologies/orient/core/storage/impl/local/paginated/OClusterPositionMap.java","52","0","2","21","643","763","1"
"elasticsearch","e1cca9000603b164cc70ff25534381e5df2a8220","src/main/java/org/elasticsearch/common/lucene/Lucene.java","52","0","2","23","318","390","0"
"hazelcast","c7eef29985d101a17b61f793ebfcef045403b28e","hazelcast/src/main/java/com/hazelcast/client/ClientEngineImpl.java","52","0","2","23","432","522","1"
"orientdb","cc0a317b054f936099eb2628cc720148b99d219a","core/src/main/java/com/orientechnologies/orient/core/storage/impl/local/paginated/OClusterPositionMap.java","52","0","2","23","649","771","0"
"elasticsearch","3fbd934e30ce5b89b3700f1b9b94f89edd022240","src/main/java/org/elasticsearch/index/translog/fs/FsTranslog.java","52","0","2","24","418","505","0"
"elasticsearch","37b294aaec640a1fa9b1a88d294cf273a3851fbf","src/test/java/org/elasticsearch/index/engine/internal/InternalEngineTests.java","52","0","2","28","1027","1363","0"
"elasticsearch","96729b309dff2fb36a30e0c83a5c4fb1538dbc06","src/test/java/org/elasticsearch/search/child/SimpleChildQuerySearchTests.java","52","0","2","45","2203","2723","0"
"elasticsearch","31fa4dc58b659295aaa48930277dddbbabb271ae","src/test/java/org/elasticsearch/search/child/SimpleChildQuerySearchTests.java","52","0","2","45","2206","2724","1"
"neo4j","a93c570faa774c1a40b635b6a3e6d8ccb61a99e8","community/lucene-index/src/main/java/org/neo4j/index/impl/lucene/LuceneDataSource.java","52","0","2","5","546","658","1"
"neo4j","c8fe3617f9a1395c358849b0fb4474c62f945aa6","community/lucene-index/src/main/java/org/neo4j/index/impl/lucene/legacy/LuceneDataSource.java","52","0","2","6","535","647","1"
"hazelcast","d8fbb2c50097771dbb3d218333b0b353c69c400b","hazelcast/src/test/java/com/hazelcast/test/HazelcastTestSupport.java","52","0","2","61","499","625","4"
"hazelcast","2df063d441d3830ee797541830899e3248a8590e","hazelcast/src/test/java/com/hazelcast/test/HazelcastTestSupport.java","52","0","2","62","502","631","2"
"hazelcast","fb152b6473b5ac7ca0237dd0a262c967d49c28ba","hazelcast/src/test/java/com/hazelcast/test/HazelcastTestSupport.java","52","0","2","63","510","640","1"
"orientdb","76ffdc9fe1e541460329297a955e8494c36be8f5","core/src/main/java/com/orientechnologies/orient/core/sql/OCommandExecutorSQLDelete.java","52","0","2","8","247","354","1"
"orientdb","9b0a6b5a0d74bce339faedfdf33a3918902c1a9e","core/src/main/java/com/orientechnologies/orient/core/sql/OCommandExecutorSQLDelete.java","52","0","2","9","251","363","0"
"elasticsearch","b29c416b7c6d6a65433d950397e0ba7c0abd3b87","core/src/main/java/org/elasticsearch/common/xcontent/XContentFactory.java","52","0","20","1","178","294","1"
"elasticsearch","a44655763e150522d58cbd8113fb1b30a475b8c7","core/src/main/java/org/elasticsearch/ElasticsearchException.java","52","0","20","15","669","858","2"
"elasticsearch","17916237005f0eedc4de8587b3927731be215d6f","core/src/main/java/org/elasticsearch/ElasticsearchException.java","52","0","20","15","669","868","1"
"elasticsearch","fc90c2affdcf7d8303444bf06ad6c70a9a761c00","core/src/main/java/org/elasticsearch/cluster/routing/ShardRouting.java","52","0","25","14","411","630","2"
"BroadleafCommerce","426027b921471cf5821fc1376fa2096eb77bd9f8","admin/broadleaf-open-admin-platform/src/main/java/org/broadleafcommerce/openadmin/server/service/persistence/module/AdornedTargetListPersistenceModule.java","52","0","3","16","518","603","0"
"elasticsearch","24abb6cf3f989ee16f38b122a205965e6b3c9d92","src/main/java/org/elasticsearch/cluster/ClusterState.java","52","0","3","54","455","593","1"
"elasticsearch","d031662da34412839680af41648734a2e86a0d96","src/main/java/org/elasticsearch/cluster/metadata/IndexMetaData.java","52","0","3","73","514","667","0"
"netty","23db94f5a1f6f70db273d53a18fa1c03f2b9545a","resolver-dns/src/main/java/io/netty/resolver/dns/DnsNameResolver.java","52","0","34","0","497","877","0"
"netty","311532feb01d0c635684f358060fe562ca2d8b01","resolver-dns/src/main/java/io/netty/resolver/dns/DnsNameResolver.java","52","0","34","0","504","883","0"
"MapDB","30e17d451a5d942b722be7e04f340a8a3f2ba9b1","src/main/java/org/mapdb/DBMaker.java","52","0","39","4","484","965","0"
"MapDB","b84df1ab7522f9d0e6161dee0cb0261cf8e07297","src/main/java/org/mapdb/DBMaker.java","52","0","39","5","485","963","0"
"titan","b55f4f332ee7c5c47295db46ffac2d2355968f79","titan-test/src/main/java/com/thinkaurelius/titan/graphdb/TitanGraphTest.java","52","0","4","16","754","904","0"
"titan","eb5b7c6d95ee752ba7e9643c1445452ed64d0fff","titan-core/src/main/java/com/thinkaurelius/titan/graphdb/configuration/GraphDatabaseConfiguration.java","52","0","4","25","545","1149","0"
"elasticsearch","de243493c9a31354d742c34a66817e8a06798026","src/main/java/org/elasticsearch/index/gateway/IndexShardGatewayService.java","52","0","4","9","278","377","0"
"elasticsearch","bd75b731c654f4c845f0781306b8055704706585","src/main/java/org/elasticsearch/index/gateway/IndexShardGatewayService.java","52","0","4","9","281","380","1"
"elasticsearch","25fd9e26c4fb042d6f6dea14efcd239577bdbbc4","core/src/main/java/org/elasticsearch/action/index/IndexRequest.java","52","0","40","19","429","716","0"
"MapDB","d9b73c45511ef0b8c33beb61fc4aee5d635a6d32","src/main/java/org/mapdb/DBMaker.java","52","0","40","5","493","981","2"
"BroadleafCommerce","0b82dddef8d8a719cf608eae326d394cb23b6218","admin/broadleaf-open-admin-platform/src/main/java/org/broadleafcommerce/openadmin/web/form/entity/EntityForm.java","52","0","5","40","323","453","2"
"BroadleafCommerce","df1d13c99109dd815c7ebb991cb12010a2688fab","admin/broadleaf-open-admin-platform/src/main/java/org/broadleafcommerce/openadmin/web/form/entity/EntityForm.java","52","0","5","42","331","463","3"
"hazelcast","ac2dda4566638398a14318604f960e2afce7d3ca","hazelcast/src/test/java/com/hazelcast/map/BackupTest.java","52","0","5","7","504","634","1"
"netty","3ea807e375e6f311c26aca92e3445c7fbd58a7e5","codec-http2/src/main/java/io/netty/handler/codec/http2/internal/hpack/Encoder.java","52","0","6","3","329","506","2"
"netty","2fd42cfc6b32dacb812c6f2ecef8522cd94718d4","codec-http2/src/main/java/io/netty/handler/codec/http2/internal/hpack/Encoder.java","52","0","6","3","331","513","0"
"netty","b701da8d1c79b4a2f02e3ff2d22a31f1bf084d00","codec-http2/src/main/java/io/netty/handler/codec/http2/internal/hpack/Encoder.java","52","0","6","3","332","513","1"
"elasticsearch","6941966b1654106ed9249cd01c32bfa2e06b452f","core/src/main/java/org/elasticsearch/cluster/ClusterState.java","52","0","8","58","646","866","0"
"elasticsearch","ede78ad231240f8200ccac60a32ecec07045b963","core/src/main/java/org/elasticsearch/cluster/ClusterState.java","52","0","8","58","648","869","2"
"elasticsearch","3f6a3c01dadb1951b597ffdbd068359a2fbc84c8","core/src/main/java/org/elasticsearch/cluster/ClusterState.java","52","0","8","58","649","870","1"
"elasticsearch","6abcd42a05a0e2bc4eaf1add6a41ae7d48f840c2","core/src/main/java/org/elasticsearch/cluster/ClusterState.java","52","0","8","59","652","873","0"
"elasticsearch","c381a64c66ee742296603969febebe14ac4dd0cb","src/main/java/org/elasticsearch/repositories/blobstore/BlobStoreRepository.java","52","0","8","7","450","698","1"
"hazelcast","cd74c7de3258752def1f47f14d4866db47910ada","hazelcast/src/test/java/com/hazelcast/map/EvictionTest.java","52","0","9","23","784","989","0"
"hazelcast","f351d4e4d3b5d5e4e4a39c7d328f91b2c161061e","hazelcast/src/test/java/com/hazelcast/map/EvictionTest.java","52","0","9","24","783","975","2"
"hazelcast","7a8d9282ca206e921934a8709d079e3ca00d3c3c","hazelcast/src/test/java/com/hazelcast/map/EvictionTest.java","52","0","9","25","796","992","1"
"hazelcast","372fa24526f48fc12f62962873b017a193bc589d","hazelcast/src/test/java/com/hazelcast/map/EvictionTest.java","52","0","9","25","801","998","0"
"orientdb","87b48cd3ce88fba7ca0ad843421460e00b2c4405","core/src/main/java/com/orientechnologies/orient/core/record/impl/ODocument.java","522","0","50","34","1864","2633","1"
"netty","55dd7d035fad00ef8681b0007eade6232f832e3a","common/src/main/java/io/netty/util/internal/chmv8/ForkJoinPool.java","524","0","40","0","1702","3365","0"
"netty","2b340df452d5ec282b7cefd15f887f31604b9425","common/src/main/java/io/netty/util/internal/chmv8/ForkJoinPool.java","524","0","40","0","1706","3360","1"
"orientdb","fe908a5f0ac2bbe16a32f7b73a05b6471afc7ee4","core/src/main/java/com/orientechnologies/orient/core/sql/OCommandExecutorSQLSelect.java","525","0","4","18","1887","2447","0"
"hazelcast","b753aeeb27f1b35ef0e8043027a09001e02abf62","hazelcast/src/main/java/com/hazelcast/config/XmlConfigBuilder.java","525","0","7","1","2023","2224","1"
"hazelcast","a659332f75af63da1b89962057e75103c7684900","hazelcast/src/main/java/com/hazelcast/config/XmlConfigBuilder.java","526","0","7","1","2029","2230","0"
"orientdb","aaa663966eba301666fc590160d168bbec1b7aeb","core/src/main/java/com/orientechnologies/orient/core/record/impl/ODocument.java","529","0","50","34","1882","2657","0"
"hazelcast","ad4ddf2df9984cf0d223775b80b2b1d985c5695a","hazelcast/src/main/java/com/hazelcast/spi/impl/operationservice/impl/OperationRunnerImpl.java","53","0","0","0","287","370","3"
"ceylon-ide-eclipse","a6b79137ff7fcc83b4146dc27f2987a41df1d0f3","plugins/com.redhat.ceylon.eclipse.ui/src/com/redhat/ceylon/eclipse/code/correct/CreateProposal.java","53","0","0","0","309","334","0"
"elasticsearch","2bd09c4625898d77aa6c015c6f82cf973ed18cb7","core/src/main/java/org/elasticsearch/action/search/AbstractSearchAsyncAction.java","53","0","0","0","309","394","1"
"ceylon-ide-eclipse","ddc4efa4982d07267e5528109adcd187f0d5af18","plugins/com.redhat.ceylon.eclipse.ui/src/com/redhat/ceylon/eclipse/code/correct/CreateProposal.java","53","0","0","0","310","335","0"
"hazelcast","44c1952a6e819da34827f49d1aec7e598d7e7d34","hazelcast/src/main/java/com/hazelcast/spi/impl/operationservice/impl/InvocationFuture.java","53","0","0","0","312","427","0"
"ceylon-ide-eclipse","bfffd58aab10e7eafbfbee5c15213f1170601f5b","plugins/com.redhat.ceylon.eclipse.ui/src/com/redhat/ceylon/eclipse/code/correct/CreateProposal.java","53","0","0","0","316","341","1"
"hazelcast","e1f1f814801975cec05923d0a8395938dccccffd","hazelcast-client/src/main/java/com/hazelcast/client/cache/impl/AbstractClientCacheProxy.java","53","0","0","0","443","550","1"
"elasticsearch","d8808210f14c8f340e79bc3426bb7ed34f65ef10","core/src/main/java/org/elasticsearch/client/transport/TransportClientNodesService.java","53","0","0","0","453","561","2"
"elasticsearch","567c65b0d57e92cd530dafa7f55de7ba681af13e","core/src/main/java/org/elasticsearch/client/transport/TransportClientNodesService.java","53","0","0","0","454","562","2"
"elasticsearch","0e9186e1373b99e261d80317c836477b7cc31d66","core/src/main/java/org/elasticsearch/client/transport/TransportClientNodesService.java","53","0","0","0","465","577","0"
"hazelcast","ee2feaf9a6c87f753e3e4e6be46752d21494bda3","hazelcast/src/main/java/com/hazelcast/nio/UTFEncoderDecoder.java","53","0","0","10","246","299","1"
"hazelcast","6bb3a9a49ecc5bbb32019eca593dd59f4814e9c9","hazelcast-client/src/main/java/com/hazelcast/client/connection/nio/ClientConnectionManagerImpl.java","53","0","0","12","486","566","0"
"hazelcast","057a70885d30f4a274f43f116040deeca2262ad1","hazelcast-client/src/main/java/com/hazelcast/client/connection/nio/ClientConnectionManagerImpl.java","53","0","0","12","487","567","1"
"elasticsearch","bb15def36e87ab7fffb803bdd146a89f38b0f48f","src/test/java/org/elasticsearch/indices/stats/SimpleIndexStatsTests.java","53","0","0","12","495","633","0"
"ceylon-ide-eclipse","2c5cac56cc2bf723f1b1e9eb1e1cd225a7dd97f9","plugins/com.redhat.ceylon.eclipse.ui/src/com/redhat/ceylon/eclipse/core/model/mirror/JDTType.java","53","0","0","17","291","359","0"
"mcMMO","8dfa8c20f32e391c3d299abc51514a6601ed6e80","src/main/java/com/gmail/nossr50/util/blockmeta/HashChunkletManager.java","53","0","0","19","299","389","0"
"elasticsearch","74cd32942aa4b023a47079edc794ff8efb6d0a9e","core/src/main/java/org/elasticsearch/index/search/MatchQuery.java","53","0","0","23","373","503","0"
"hazelcast","98d3fda5e69832fb2ffcf9e3a0f3ba02e003da03","hazelcast/src/main/java/com/hazelcast/spi/impl/eventservice/impl/EventServiceImpl.java","53","0","0","25","379","444","2"
"orientdb","af34f0faa216634de95a6461d1cc61a7ce82f2bc","core/src/main/java/com/orientechnologies/orient/core/db/record/ridbag/embedded/OEmbeddedRidBag.java","53","0","0","27","379","495","0"
"MapDB","c52c45e4111f110e495ea8d30e466e8452972c19","src/test/java/org/mapdb/BTreeMapTest.java","53","0","0","32","503","707","2"
"MapDB","09ad5ffff24cee29d88ebf117a13dde8d7f069d6","src/test/java/org/mapdb/BTreeMapTest.java","53","0","0","32","504","709","1"
"hazelcast","0b1613964c7e2bcd99e22499827dee2d083eced6","hazelcast-client/src/main/java/com/hazelcast/client/connection/nio/ClientConnectionManagerImpl.java","53","0","0","4","480","560","1"
"mcMMO","598c507849319bfc6180dfcb56be3cc6e90deef6","src/main/java/com/gmail/nossr50/skills/Swords.java","53","0","0","6","204","252","0"
"mcMMO","9bd4a0a70762b8a2c01198511b1b8ccf2a36bbd8","src/main/java/com/gmail/nossr50/skills/Swords.java","53","0","0","6","205","253","1"
"mcMMO","0b30920edd4682546c98d2f91a128959090f8150","src/main/java/com/gmail/nossr50/skills/Swords.java","53","0","0","6","205","253","1"
"mcMMO","299f440f637b05e243d2e72810475d8f9d488a65","src/main/java/com/gmail/nossr50/skills/Swords.java","53","0","0","6","205","253","0"
"elasticsearch","d3dc158458640242f5a583199bba2fbfb622ce9c","src/test/java/org/elasticsearch/indices/stats/SimpleIndexStatsTests.java","53","0","0","7","349","428","1"
"elasticsearch","b5ad1c257e3b5458f58c6906e013599c98648bb6","src/main/java/org/elasticsearch/action/search/type/TransportSearchTypeAction.java","53","0","1","1","304","399","0"
"elasticsearch","c5a290550ff69ba228095fa5d5ccae8c2325c33b","core/src/main/java/org/elasticsearch/action/search/type/TransportSearchTypeAction.java","53","0","1","1","309","407","1"
"hazelcast","54ba8426b1c8672315886e7d605eeefcc14c7c5a","hazelcast-client/src/main/java/com/hazelcast/client/connection/nio/ClientConnectionManagerImpl.java","53","0","1","11","493","578","3"
"hazelcast","730f0a86c78e9ce119b4efa6712c48298b99ba54","hazelcast-client/src/main/java/com/hazelcast/client/connection/nio/ClientConnectionManagerImpl.java","53","0","1","11","493","579","2"
"elasticsearch","366ddfc89a9265e05d23291b02a829f4da1fcbdd","src/main/java/org/elasticsearch/common/lucene/search/function/FiltersFunctionScoreQuery.java","53","0","1","15","289","358","0"
"elasticsearch","d79717c3414d9400ca5627d637744967f0f215f8","src/main/java/org/elasticsearch/client/transport/TransportClientNodesService.java","53","0","1","18","418","520","1"
"elasticsearch","39f362326e46b0e0df075288e1b5521f825d2b7b","src/main/java/org/elasticsearch/search/sort/SortParseElement.java","53","0","1","2","192","242","1"
"elasticsearch","4aa315974b6787ed0816f68e0b6ee7ed4101d4c8","src/main/java/org/elasticsearch/search/sort/SortParseElement.java","53","0","1","2","203","252","1"
"netty","b8d3d9655039b40bbe5df0446bfa50eb3543dd60","codec-mqtt/src/main/java/io/netty/handler/codec/mqtt/MqttDecoder.java","53","0","1","2","359","475","0"
"hazelcast","84344ecbec7ba822b1c979639865d74a181fbd48","hazelcast/src/main/java/com/hazelcast/map/tx/TransactionalMapProxy.java","53","0","1","20","275","332","1"
"hazelcast","d19b7ff999f1b5acfa65e2a1f6d653e88ed701cb","hazelcast/src/main/java/com/hazelcast/map/tx/TransactionalMapProxy.java","53","0","1","20","275","332","1"
"hazelcast","52710b66f1435574296e767e328b46a1044fbb61","hazelcast/src/main/java/com/hazelcast/map/tx/TransactionalMapProxy.java","53","0","1","20","275","332","0"
"elasticsearch","4e2dd770aab15857d8f7a01d25d941908498ccb6","src/main/java/org/elasticsearch/index/mapper/core/ByteFieldMapper.java","53","0","1","23","325","391","0"
"elasticsearch","4e2dd770aab15857d8f7a01d25d941908498ccb6","src/main/java/org/elasticsearch/index/mapper/core/ShortFieldMapper.java","53","0","1","23","325","393","0"
"elasticsearch","4e2dd770aab15857d8f7a01d25d941908498ccb6","src/main/java/org/elasticsearch/index/mapper/core/IntegerFieldMapper.java","53","0","1","23","326","395","0"
"elasticsearch","15d46988dc74d29a3c4567e83de60717b4683561","src/main/java/org/elasticsearch/index/mapper/internal/TimestampFieldMapper.java","53","0","1","24","262","328","3"
"BroadleafCommerce","e216da5ebb303680f5c60ffcd75979f5876ab5a6","common/src/main/java/org/broadleafcommerce/common/persistence/transaction/TransactionLifecycleMonitor.java","53","0","1","25","386","550","0"
"elasticsearch","d808e751f41c9c8fd20c38bbcfa218fadefd267c","core/src/main/java/org/elasticsearch/index/mapper/ScaledFloatFieldMapper.java","53","0","1","25","484","589","0"
"neo4j","8a31284a00600fe653939a9b2206e0382deded40","enterprise/security/src/main/java/org/neo4j/server/security/enterprise/auth/InternalFlatFileRealm.java","53","0","1","25","599","719","0"
"neo4j","9bb4f806d216b0066beb476242dcc4e7da97200a","enterprise/security/src/main/java/org/neo4j/server/security/enterprise/auth/InternalFlatFileRealm.java","53","0","1","26","598","719","1"
"netty","53fcff2eab7836bcf2be262e1fd12712117c4797","buffer/src/main/java/io/netty/buffer/UnpooledUnsafeDirectByteBuf.java","53","0","1","28","409","508","2"
"netty","68b616728a08b78f3af77f288f103c1cb0ba2c9c","buffer/src/main/java/io/netty/buffer/UnpooledUnsafeDirectByteBuf.java","53","0","1","28","409","508","2"
"netty","6cd9045b969212ffb04b9ee643e7bfdc0224a1d3","buffer/src/main/java/io/netty/buffer/UnpooledUnsafeDirectByteBuf.java","53","0","1","28","409","508","2"
"netty","a74149e9848fef73d909dd56843e0fbab23f877d","buffer/src/main/java/io/netty/buffer/UnpooledUnsafeDirectByteBuf.java","53","0","1","28","409","508","2"
"netty","77b4ec7e1bc0b8c6111728cc074226dd9cfe1b73","buffer/src/main/java/io/netty/buffer/UnpooledUnsafeDirectByteBuf.java","53","0","1","28","409","508","0"
"netty","066f95d0472b9535f398019eb1012f4641dcf65e","buffer/src/main/java/io/netty/buffer/UnpooledUnsafeDirectByteBuf.java","53","0","1","28","416","523","0"
"netty","371f8066d2502f6c6d75c5d0f80cd25e19b5e58b","buffer/src/main/java/io/netty/buffer/UnpooledUnsafeDirectByteBuf.java","53","0","1","28","416","523","0"
"netty","461d3c876f27c32eaa673f0d2073de0922ca4277","buffer/src/main/java/io/netty/buffer/UnpooledUnsafeDirectByteBuf.java","53","0","1","28","416","523","0"
"netty","984b0aa961b21845ab92cd2cddab3f2ee354f4f1","buffer/src/main/java/io/netty/buffer/UnpooledUnsafeDirectByteBuf.java","53","0","1","28","416","523","0"
"netty","3d3ec4753d5191b74125d5a7f065b818d052d84e","buffer/src/main/java/io/netty/buffer/UnpooledUnsafeDirectByteBuf.java","53","0","1","28","416","523","1"
"netty","9594a81b958cb22bc51d9e766477faa12e7a2d0d","buffer/src/main/java/io/netty/buffer/UnpooledUnsafeDirectByteBuf.java","53","0","1","28","418","525","0"
"elasticsearch","40598a5692f531a23b62dca014530b81f362a13c","src/main/java/org/elasticsearch/index/query/MultiMatchQueryParser.java","53","0","1","3","166","201","1"
"elasticsearch","80295458ad2e26a8af9d4b78e7fc5e3366598f0d","src/main/java/org/elasticsearch/index/query/MultiMatchQueryParser.java","53","0","1","3","166","202","0"
"elasticsearch","8661ab0bf952d2a0dc47dc036bdff7d658227572","core/src/main/java/org/elasticsearch/index/query/MultiMatchQueryParser.java","53","0","1","3","166","203","2"
"elasticsearch","583f14833482cf1e8ce2adbcdb2b3fb3cb17c70e","src/main/java/org/elasticsearch/search/aggregations/bucket/histogram/DateHistogramParser.java","53","0","1","3","217","271","1"
"orientdb","136db63960bbf53514691bf5a0bb8361a5ea5361","graphdb/src/main/java/com/orientechnologies/orient/graph/sql/functions/OSQLFunctionShortestPath.java","53","0","1","3","236","319","0"
"orientdb","9948eaed9540477b740a215c986f92928fab2bf2","graphdb/src/main/java/com/orientechnologies/orient/graph/sql/functions/OSQLFunctionShortestPath.java","53","0","1","3","241","322","1"
"hazelcast","029f887dc396134e2f7328b4b985d0628a09efee","hazelcast/src/main/java/com/hazelcast/util/ServiceLoader.java","53","0","1","3","339","451","1"
"hazelcast","6a047d13568f5eff8144a9158f04ab017b121835","hazelcast/src/main/java/com/hazelcast/internal/cluster/impl/ClusterHeartbeatManager.java","53","0","1","4","317","398","2"
"netty","a517cce92fee24f2967bba7c84eea835b79fcab1","codec-http/src/main/java/io/netty/handler/codec/http/DefaultHttpHeaders.java","53","0","1","41","377","467","1"
"elasticsearch","82278bb7bceedd6ce3c9804161ac9a737b9479b4","src/main/java/org/elasticsearch/discovery/zen/ping/multicast/MulticastZenPing.java","53","0","1","5","461","565","1"
"BroadleafCommerce","14f0cd0916a1a9c53296a720ecbd787246fab9c3","core/broadleaf-framework/src/main/java/org/broadleafcommerce/core/payment/service/DefaultPaymentGatewayCheckoutService.java","53","0","1","6","289","418","0"
"BroadleafCommerce","ef6eca6f229f0354b45090428f089fc3d42033c5","core/broadleaf-framework/src/main/java/org/broadleafcommerce/core/payment/service/DefaultPaymentGatewayCheckoutService.java","53","0","1","6","290","418","0"
"elasticsearch","7694f0b7a09c85dd28bd9553dcd6000a782d09db","src/main/java/org/elasticsearch/index/mapper/core/TypeParsers.java","53","0","1","8","191","230","1"
"MapDB","c4c12adfa9056f6e5795eea965a63c883bffb68b","src/main/java/org/mapdb/SerializerPojo.java","53","0","1","8","390","572","2"
"elasticsearch","8a9b5ccbc4b40a7b7fb2fa31a27350b83ff48f66","core/src/main/java/org/elasticsearch/index/mapper/MapperService.java","53","0","10","14","423","596","1"
"netty","e102a008b63d0063581ba242539f0a8d473cae00","transport/src/main/java/io/netty/channel/socket/nio/NioDatagramChannel.java","53","0","10","18","462","609","0"
"neo4j","11bbfe1f703ae5394fc34eee759bc7509c4c10ff","community/kernel/src/main/java/org/neo4j/kernel/impl/store/CommonAbstractStore.java","53","0","14","8","527","783","1"
"BroadleafCommerce","67428294bf8ec538287aa7a1948e464873e3fdf7","admin/broadleaf-open-admin-platform/src/main/java/org/broadleafcommerce/openadmin/web/controller/entity/AdminBasicEntityController.java","53","0","18","0","624","1098","4"
"BroadleafCommerce","34682289a3be1f350cf132998f1a4315a3c62b91","admin/broadleaf-open-admin-platform/src/main/java/org/broadleafcommerce/openadmin/web/controller/entity/AdminBasicEntityController.java","53","0","18","0","625","1100","4"
"orientdb","1ffb4a74231b07389afced95123a7ef989a442cc","core/src/main/java/com/orientechnologies/orient/core/sql/OCommandExecutorSQLDelete.java","53","0","2","10","258","370","0"
"orientdb","53027208dfee3f3f5fe08fec9a9885b47ddc54b5","core/src/main/java/com/orientechnologies/orient/core/sql/OCommandExecutorSQLDelete.java","53","0","2","10","258","370","0"
"orientdb","1111e897412520ed0a2834d7f5d77b6a04df6625","core/src/main/java/com/orientechnologies/orient/core/sql/OCommandExecutorSQLDelete.java","53","0","2","10","258","370","1"
"orientdb","e9e6148e7b6fe758168c042bbada8c352cb08759","core/src/main/java/com/orientechnologies/orient/core/sql/OCommandExecutorSQLDelete.java","53","0","2","11","262","375","1"
"elasticsearch","6d9af2fff4833b464fde2c3caaf9948fc1f92460","core/src/main/java/org/elasticsearch/action/support/replication/TransportReplicationAction.java","53","0","2","12","824","1069","0"
"hazelcast","35b1a9cced59233e094681db7c646764f1661f76","hazelcast/src/main/java/com/hazelcast/internal/serialization/impl/AbstractSerializationService.java","53","0","2","18","378","470","3"
"mcMMO","3403aef37d34d75544d5eec475b69a08179e7cf0","src/main/java/com/gmail/nossr50/util/scoreboards/ScoreboardWrapper.java","53","0","2","22","415","565","0"
"netty","82b22d6f11e016b660b888645f1134ef608129ab","common/src/main/java/io/netty/util/Recycler.java","53","0","2","3","411","560","0"
"netty","9d4fae308c09a2c759dc67db765d311154c8d977","transport/src/main/java/io/netty/channel/socket/DefaultDatagramChannelConfig.java","53","0","2","31","354","421","1"
"netty","d2032254b7b29aca620223c672ffa244171898b5","transport/src/main/java/io/netty/channel/socket/DefaultDatagramChannelConfig.java","53","0","2","31","355","422","0"
"hazelcast","c53ca9eab1a31283f29207f1c32f3e31966af3c3","hazelcast/src/test/java/com/hazelcast/map/nearcache/NearCacheTest.java","53","0","2","31","746","954","1"
"netty","3e5dcb5f3efbb26d5e6cf4cd229b03c285d62462","transport/src/main/java/io/netty/channel/socket/DefaultDatagramChannelConfig.java","53","0","2","32","362","430","0"
"elasticsearch","0bbb84c19a0ff2ad974bb2bd8002871e4ee1ac73","core/src/main/java/org/elasticsearch/cluster/SnapshotsInProgress.java","53","0","2","41","367","462","1"
"mcMMO","8cf16d4a1c57be03f9b1bbe5c25e6a4f21cd2494","src/main/java/com/gmail/nossr50/database/LeaderboardManager.java","53","0","2","6","292","373","1"
"netty","9fd35d09a26e1dd060baa9d307cd69f05d6f7ae6","transport/src/main/java/io/netty/channel/ChannelOutboundBuffer.java","53","0","2","9","371","526","0"
"netty","005d33a761fc26591c26f2914cc8741596c6a71b","transport/src/main/java/io/netty/channel/ChannelOutboundBuffer.java","53","0","2","9","374","532","0"
"elasticsearch","42134cca4d8e61b79b7362f975d092890eecba3a","core/src/main/java/org/elasticsearch/common/xcontent/XContentFactory.java","53","0","20","1","181","297","0"
"elasticsearch","94f82368f0c93239079da37172fd210182ee5923","src/main/java/org/elasticsearch/common/xcontent/XContentFactory.java","53","0","20","1","185","293","1"
"mcMMO","340c47eebdd5a7e0cf627b967fea7cca7f9d424f","src/main/java/com/gmail/nossr50/party/PartyManager.java","53","0","22","2","296","529","0"
"elasticsearch","998b7b3b86a95790741ba62bfbb5221dc17e2043","src/main/java/org/elasticsearch/cluster/routing/IndexRoutingTable.java","53","0","23","14","323","527","0"
"elasticsearch","be27ed3a25400173bda6fea6cc1da5cc17620209","src/main/java/org/elasticsearch/cluster/routing/IndexRoutingTable.java","53","0","23","14","323","527","0"
"elasticsearch","d3065acf14a76c1c6ef597f8d6acf9a9c3da24c8","src/main/java/org/elasticsearch/cluster/routing/IndexRoutingTable.java","53","0","23","14","323","527","1"
"elasticsearch","800d4624c8ed06bcc7c864513f4c698b61a0b0e9","src/main/java/org/elasticsearch/cluster/routing/IndexRoutingTable.java","53","0","23","14","324","527","0"
"elasticsearch","371c73e14023917f3892090d2d3d7ff9ac1216b9","core/src/main/java/org/elasticsearch/index/query/SimpleQueryStringBuilder.java","53","0","23","2","359","540","3"
"elasticsearch","78574d248cf10dad1c5a566fda79e1e0c94afe43","core/src/main/java/org/elasticsearch/index/query/SimpleQueryStringBuilder.java","53","0","23","2","359","540","2"
"elasticsearch","e6aaaf11ed4a1b8f595f920de1840938eddb7a97","core/src/main/java/org/elasticsearch/index/query/SimpleQueryStringBuilder.java","53","0","23","2","359","540","2"
"elasticsearch","a60b8948ba1d836a6eac7cff095519e618939ed8","core/src/main/java/org/elasticsearch/index/query/SimpleQueryStringBuilder.java","53","0","23","2","359","540","0"
"elasticsearch","371c73e14023917f3892090d2d3d7ff9ac1216b9","core/src/main/java/org/elasticsearch/common/util/BigArrays.java","53","0","29","3","562","769","3"
"elasticsearch","78574d248cf10dad1c5a566fda79e1e0c94afe43","core/src/main/java/org/elasticsearch/common/util/BigArrays.java","53","0","29","3","562","769","2"
"elasticsearch","e6aaaf11ed4a1b8f595f920de1840938eddb7a97","core/src/main/java/org/elasticsearch/common/util/BigArrays.java","53","0","29","3","562","769","2"
"elasticsearch","a60b8948ba1d836a6eac7cff095519e618939ed8","core/src/main/java/org/elasticsearch/common/util/BigArrays.java","53","0","29","3","562","769","0"
"elasticsearch","262ea9534f23761c05570996674932a506259890","core/src/main/java/org/elasticsearch/common/network/InetAddresses.java","53","0","3","2","214","358","1"
"elasticsearch","f735baf306571ec9949514a14828f18058972044","src/test/java/org/elasticsearch/index/engine/InternalEngineTests.java","53","0","3","34","1192","1576","0"
"elasticsearch","702b2abd1ba59f8541c9209405f15f679d65f401","src/test/java/org/elasticsearch/index/engine/InternalEngineTests.java","53","0","3","34","1195","1579","1"
"elasticsearch","0f1c779d2c2aa3ddc482cb813f82f8e230729822","src/test/java/org/elasticsearch/index/engine/InternalEngineTests.java","53","0","3","34","1196","1582","0"
"hazelcast","2388114ba2aac3aa5417e6dcd6c4b8932db39281","hazelcast/src/test/java/com/hazelcast/nio/serialization/impl/DefaultPortableReaderSpecTest.java","53","0","3","4","1000","1345","1"
"elasticsearch","1764ec56b38ce87f516efdf93bb4ab56e9dd829b","core/src/main/java/org/elasticsearch/action/update/UpdateHelper.java","53","0","3","7","278","362","0"
"elasticsearch","698eb7de9b3b0da7ce8ee8f6ac8efcb38947bbdb","src/main/java/org/elasticsearch/action/search/MultiSearchRequest.java","53","0","3","9","210","274","1"
"elasticsearch","3e30fa2089d5454df717431f5d3d7397cf8b90e9","src/main/java/org/elasticsearch/action/search/MultiSearchRequest.java","53","0","3","9","211","275","0"
"netty","5317995a13d391e84b0ccafbf9d80a19576cf067","transport/src/main/java/io/netty/channel/ChannelOutboundBuffer.java","53","0","3","9","400","563","0"
"elasticsearch","3cb307462dba82409bd549b3c25f581b03d69244","core/src/main/java/org/elasticsearch/common/util/BigArrays.java","53","0","30","3","564","772","2"
"netty","fd9ca8bbb3bb5478aee79e633374abfbc9b6d6c3","resolver-dns/src/main/java/io/netty/resolver/dns/DnsNameResolver.java","53","0","34","0","511","891","3"
"elasticsearch","4b94eb5cb8cc4294ed0e932a5f22c16bd90d4dd7","core/src/main/java/org/elasticsearch/action/index/IndexRequest.java","53","0","34","20","412","665","2"
"elasticsearch","860efb2ad28db09189c8423e05d0dba53010259c","core/src/main/java/org/elasticsearch/action/index/IndexRequest.java","53","0","34","20","412","665","2"
"elasticsearch","d3417fb02291f26964d77767020ef345d18c148f","core/src/main/java/org/elasticsearch/action/index/IndexRequest.java","53","0","34","20","412","665","0"
"MapDB","c52b02d9ce625c085555e82b7050a917efeb2a2d","src/main/java/org/mapdb/DBMaker.java","53","0","36","4","463","908","1"
"titan","c312bb7dd7c42a6bd662cc4e953b4abcb2af66bb","titan-core/src/main/java/com/thinkaurelius/titan/graphdb/configuration/GraphDatabaseConfiguration.java","53","0","4","25","551","1161","0"
"netty","8bbfcb05a08bc0dd11064d964a77da35fc2e5eb8","codec-http2/src/main/java/io/netty/handler/codec/http2/DefaultHttp2ConnectionEncoder.java","53","0","4","27","429","569","0"
"hazelcast","505a913c89f29d0420aac2d356d24331de6cc701","hazelcast/src/test/java/com/hazelcast/map/mapstore/MapStoreTest.java","53","0","4","89","1182","1448","1"
"hazelcast","e46a90af5e9af5514f14550d13b126bd890998fa","hazelcast/src/test/java/com/hazelcast/map/mapstore/MapStoreTest.java","53","0","4","89","1182","1448","1"
"hazelcast","0da2a04eaab1daf7ee512f8b079a4eef0c81751a","hazelcast/src/test/java/com/hazelcast/map/mapstore/MapStoreTest.java","53","0","4","89","1182","1448","0"
"hazelcast","43132f12e9e7407ca9f68898ebd0e759c8f9b679","hazelcast-client/src/main/java/com/hazelcast/client/proxy/ClientMapProxy.java","53","0","4","92","1391","1711","1"
"elasticsearch","3d8feff66e5ae1925cba164bdcec52d274d48700","core/src/test/java/org/elasticsearch/search/fetch/subphase/highlight/HighlighterSearchIT.java","53","0","5","78","2279","2845","2"
"elasticsearch","09816fdf579f71c8eb9cfe3bd7302c89c47d68e6","src/main/java/org/elasticsearch/cluster/metadata/IndexMetaData.java","53","0","5","80","560","725","3"
"orientdb","0404fb84e15c137a14ee43b23822044842e39f69","core/src/main/java/com/orientechnologies/orient/core/sql/parser/OFunctionCall.java","53","0","6","22","289","385","0"
"elasticsearch","2149a9403d3483e212f2eb900b57ba16d2cee3fe","src/main/java/org/elasticsearch/repositories/blobstore/BlobStoreRepository.java","53","0","7","4","416","653","0"
"elasticsearch","ad004072bb7e691bf15b3bce8f43d8354fe3ea0d","src/test/java/org/elasticsearch/bwcompat/BasicBackwardsCompatibilityTest.java","53","0","8","16","621","765","0"
"netty","7d9388a3cc90b322eb1e9ea048a16e31beaad387","transport/src/main/java/io/netty/channel/socket/nio/NioDatagramChannel.java","53","0","8","18","423","537","1"
"elasticsearch","e1e17b3bfec22e4748e9b014414235f8e0441b17","core/src/main/java/org/elasticsearch/cluster/ClusterState.java","53","0","8","51","613","819","1"
"elasticsearch","a9a2753f0b07ee644e1babfd9de4f00df17e7b2a","core/src/main/java/org/elasticsearch/cluster/ClusterState.java","53","0","8","51","616","823","0"
"elasticsearch","34b397597ccdcfd44a84a0b804d83054be0c0c50","src/main/java/org/elasticsearch/repositories/blobstore/BlobStoreRepository.java","53","0","8","7","433","680","1"
"orientdb","a1eed89dcfdc303c846b0d6159189f720c1bade8","core/src/main/java/com/orientechnologies/common/collection/closabledictionary/OClosableLinkedContainer.java","53","0","9","0","413","781","0"
"orientdb","a29bbd0a01ce3d06bedea9898c24363b5d4087ed","core/src/main/java/com/orientechnologies/orient/core/record/impl/ODocument.java","531","0","52","34","1883","2684","1"
"orientdb","63f665ab8e02daf3d6d755b33e3f2654e4377670","core/src/main/java/com/orientechnologies/orient/core/record/impl/ODocument.java","534","0","52","34","1893","2696","0"
"hazelcast","08aa22d4cbd64e4769b7c539b8275096fd74888c","hazelcast/src/main/java/com/hazelcast/spi/impl/operationservice/impl/OperationRunnerImpl.java","54","0","0","0","292","376","2"
"ceylon-ide-eclipse","8eea58ac91fc04c14fb768e0d0e27f86f9af638d","plugins/com.redhat.ceylon.eclipse.ui/src/com/redhat/ceylon/eclipse/code/correct/CreateProposal.java","54","0","0","0","322","347","0"
"ceylon-ide-eclipse","6dc45ff3fafa8f0e59977c0291ddec7f97efaede","plugins/com.redhat.ceylon.eclipse.ui/src/com/redhat/ceylon/eclipse/code/search/FindSearchQuery.java","54","0","0","0","323","349","1"
"hazelcast","4670e6bf9ee389d3824db74d512a54603378364f","hazelcast/src/main/java/com/hazelcast/util/scheduler/SecondsBasedEntryTaskScheduler.java","54","0","0","0","345","469","2"
"netty","4158152b24c1e20cc9d024486a6bc6a0ee336a92","transport-sctp/src/main/java/io/netty/channel/sctp/SctpClientPipelineSink.java","54","0","0","0","346","456","0"
"netty","2304913341ef3f239e5509a46921a5c65bbbe360","transport-sctp/src/main/java/io/netty/channel/sctp/SctpClientPipelineSink.java","54","0","0","0","347","457","2"
"hazelcast","0cf8d4e4b4bb67c11e3b136f5e719e6d498b7504","hazelcast/src/main/java/com/hazelcast/cache/impl/AbstractInternalCacheProxy.java","54","0","0","0","365","441","0"
"elasticsearch","046abdc281c321cd2128ee7684c0edfcaca07203","core/src/main/java/org/elasticsearch/bootstrap/Seccomp.java","54","0","0","0","398","636","2"
"hazelcast","6356f8fc115e85ddaaefc1a508246e30b6a616a0","hazelcast-client/src/main/java/com/hazelcast/client/cache/impl/AbstractClientCacheProxy.java","54","0","0","0","447","554","2"
"elasticsearch","3e485c2ca5c2be247adb8e383a3d9e2c8e7e20e4","distribution/tools/plugin-cli/src/main/java/org/elasticsearch/plugins/InstallPluginCommand.java","54","0","0","0","473","674","0"
"orientdb","2e9a3b26964469982ca5e0d9e0a57ba887d08db4","client/src/main/java/com/orientechnologies/orient/client/remote/message/OMessageHelper.java","54","0","0","13","394","446","0"
"orientdb","136db63960bbf53514691bf5a0bb8361a5ea5361","client/src/main/java/com/orientechnologies/orient/client/remote/message/OMessageHelper.java","54","0","0","13","395","447","1"
"hazelcast","42627a464eac6fd373ab45cf8829640c57181ff9","hazelcast/src/main/java/com/hazelcast/query/MapIndexService.java","54","0","0","16","239","278","2"
"mcMMO","0c61cc8bdcd8b065f5b7e778270e75881a4a6cf4","src/main/java/com/gmail/nossr50/config/TreasuresConfig.java","54","0","0","2","202","275","1"
"elasticsearch","38009efedd9f75cc78cbb925a5dc0d10efb8713b","core/src/main/java/org/elasticsearch/index/search/MatchQuery.java","54","0","0","21","360","484","0"
"orientdb","c65031e4a5cae04be6faeaeccb01fb18d3e5fb85","enterprise/src/main/java/com/orientechnologies/orient/enterprise/channel/binary/OChannelBinary.java","54","0","0","29","310","422","1"
"orientdb","7d92a6b03b707e81490ef22a1fa23a1017918c3d","enterprise/src/main/java/com/orientechnologies/orient/enterprise/channel/binary/OChannelBinary.java","54","0","0","29","312","424","0"
"hazelcast","c83dfd3a1ebf933b4792a6efb6b40bad5496bb9c","hazelcast/src/main/java/com/hazelcast/query/impl/TypeConverters.java","54","0","0","3","295","337","1"
"hazelcast","a6dcc7bdd92cf62a84d3faa2002b220176db5ee4","hazelcast/src/main/java/com/hazelcast/map/MapEvictionManager.java","54","0","0","3","342","401","0"
"ceylon-ide-eclipse","1ad378cadf7aa00baf077dbf03d53b2bd12a9d28","plugins/com.redhat.ceylon.eclipse.ui/src/com/redhat/ceylon/eclipse/core/model/ModelLoaderNameEnvironment.java","54","0","0","5","232","277","1"
"BroadleafCommerce","630dfe236cb79db45f485e4270dab22895714bba","core/broadleaf-framework/src/main/java/org/broadleafcommerce/core/order/domain/OrderImpl.java","54","0","0","76","665","785","0"
"BroadleafCommerce","0d96e121db05a17a9628952f2c96db756dc550a2","core/broadleaf-framework/src/main/java/org/broadleafcommerce/core/order/domain/OrderImpl.java","54","0","0","76","667","787","0"
"elasticsearch","17913c56fb6b0bea9b8740e72f2c4caf93ebdb60","core/src/test/java/org/elasticsearch/cluster/routing/allocation/ClusterRebalanceRoutingTests.java","54","0","0","8","579","719","1"
"hazelcast","5387994dc22a81aea7e60736ccdba8689afc6d47","hazelcast-client-legacy/src/main/java/com/hazelcast/client/proxy/ClientMapProxy.java","54","0","0","80","998","1218","0"
"elasticsearch","15567506b28cbd4d16cea8cc5d57b4d1cdfb59d8","core/src/test/java/org/elasticsearch/ingest/core/IngestDocumentTests.java","54","0","0","86","872","1000","0"
"orientdb","77f98dd29a7fdd4cf14aecfdb1b89f918b0e611d","server/src/main/java/com/orientechnologies/orient/server/network/protocol/http/command/get/OServerCommandGetStaticContent.java","54","0","0","9","237","308","1"
"elasticsearch","78ceb9301b8457e7d53c15359114b738c3bbc55b","modules/lang-painless/src/main/java/org/elasticsearch/painless/node/EAssignment.java","54","0","1","1","222","326","0"
"elasticsearch","d99b5dfdb4bdfa42e92f68663628134ad0b8d89d","src/main/java/org/elasticsearch/action/search/type/TransportSearchTypeAction.java","54","0","1","1","303","397","1"
"elasticsearch","00093a21dccf9599e28d18c20b6824c5a47ff90d","core/src/main/java/org/apache/lucene/queries/BlendedTermQuery.java","54","0","1","10","289","372","0"
"BroadleafCommerce","a3396bfd2c30e2c1f8383cc339e5076d46aa3ff5","core/broadleaf-framework/src/main/java/org/broadleafcommerce/core/search/service/solr/SolrIndexServiceImpl.java","54","0","1","10","412","591","3"
"hazelcast","0eb5a90ed468b6aa285f1711a5d699c9ffb33960","hazelcast/src/main/java/com/hazelcast/map/impl/proxy/NearCachedMapProxyImpl.java","54","0","1","10","537","636","0"
"hazelcast","98fafb85b6cf2ead1ba6e0bc3847e97df983cf1c","hazelcast/src/main/java/com/hazelcast/map/impl/proxy/NearCachedMapProxyImpl.java","54","0","1","10","537","636","0"
"hazelcast","a9d85383c43d5d45d8068b4fadf18193656beea2","hazelcast/src/main/java/com/hazelcast/map/impl/proxy/NearCachedMapProxyImpl.java","54","0","1","10","537","636","0"
"hazelcast","158aa74e02ecaf3758f928ed2cb78bdc8b265e60","hazelcast/src/main/java/com/hazelcast/map/impl/proxy/NearCachedMapProxyImpl.java","54","0","1","10","537","636","1"
"hazelcast","ca54b5e9e38f231e3520143d007a3e1ca227e8cf","hazelcast/src/main/java/com/hazelcast/map/impl/proxy/NearCachedMapProxyImpl.java","54","0","1","10","537","636","1"
"BroadleafCommerce","487bcf043cb12f9dc30eda0064e00026ffc017ee","admin/broadleaf-open-admin-platform/src/main/java/org/broadleafcommerce/openadmin/server/service/AdminEntityServiceImpl.java","54","0","1","15","468","608","7"
"orientdb","0b098ecbb27731eae0d6bc55a5750b000a6b9777","core/src/main/java/com/orientechnologies/orient/core/sql/parser/OContainsAllCondition.java","54","0","1","18","165","204","0"
"elasticsearch","0c384af9bf7305b79002f7866e9fa038075269b2","plugins/transport/thrift/src/main/java/org/elasticsearch/thrift/ThriftRestImpl.java","54","0","1","2","167","203","0"
"elasticsearch","a18f47e62e426885de82584e5536f5f20d252d49","src/main/java/org/elasticsearch/search/sort/SortParseElement.java","54","0","1","2","207","257","0"
"orientdb","a85808925fe2a86daf98eb3241f9abc019f26f25","core/src/main/java/com/orientechnologies/orient/core/storage/impl/local/paginated/atomicoperations/OAtomicOperation.java","54","0","1","20","310","432","1"
"elasticsearch","d8ff6e9831ede9782d913b67fa04102c2d1182d1","core/src/main/java/org/elasticsearch/index/mapper/ScaledFloatFieldMapper.java","54","0","1","24","492","604","0"
"elasticsearch","4604a68bef9c54f5db812609157b18788279012d","src/main/java/org/elasticsearch/index/mapper/internal/AllFieldMapper.java","54","0","1","25","276","367","2"
"elasticsearch","3cb164b22ebf225e4f0f6dea0114fe82f2a5377e","core/src/main/java/org/elasticsearch/index/mapper/ScaledFloatFieldMapper.java","54","0","1","25","479","581","2"
"elasticsearch","a0becd26b1b262efe739b343f108f229b0384c2f","core/src/main/java/org/elasticsearch/index/mapper/ScaledFloatFieldMapper.java","54","0","1","25","479","581","1"
"elasticsearch","34aaea641dcd9c53f7527ccd51efa119060c0d2d","core/src/main/java/org/elasticsearch/index/mapper/ScaledFloatFieldMapper.java","54","0","1","25","479","581","0"
"elasticsearch","142d7bdd812d5d7ca31b22fbed053392e1e456aa","src/main/java/org/elasticsearch/index/mapper/core/DoubleFieldMapper.java","54","0","1","28","350","428","1"
"hazelcast","704d591b1123a99103cef3052012406491835bb1","hazelcast/src/main/java/com/hazelcast/client/ClientEngineImpl.java","54","0","1","29","524","631","0"
"elasticsearch","6941966b1654106ed9249cd01c32bfa2e06b452f","core/src/main/java/org/elasticsearch/tribe/TribeService.java","54","0","1","3","359","478","0"
"elasticsearch","ace83d9d2a97cfe8a8aa9bdd7b46ce71713fb494","core/src/main/java/org/elasticsearch/tribe/TribeService.java","54","0","1","3","360","479","0"
"orientdb","8ef80aad48427dc14125f486b8e25c083f6afed5","core/src/main/java/com/orientechnologies/orient/core/index/OIndexManagerAbstract.java","54","0","1","31","411","543","1"
"elasticsearch","9a25867bfe154357165c87a7b509029ff832efa4","src/main/java/org/elasticsearch/common/joda/DateMathParser.java","54","0","1","4","206","228","1"
"elasticsearch","e1409a9f0e3f52f35633cf47051c3e4258f67636","src/main/java/org/elasticsearch/common/joda/DateMathParser.java","54","0","1","4","206","232","0"
"orientdb","e181c55819d7edbf42135dfa199c0122729b4ccf","distributed/src/main/java/com/orientechnologies/orient/server/hazelcast/ODistributedWorker.java","54","0","1","5","302","446","0"
"orientdb","20c8553a3d57b13b9dadba8041ee0ba577866a96","distributed/src/main/java/com/orientechnologies/orient/server/hazelcast/ODistributedWorker.java","54","0","1","5","302","450","2"
"orientdb","96e6d02a4377124728ba4d38315d383ef0afeeb2","distributed/src/main/java/com/orientechnologies/orient/server/hazelcast/ODistributedWorker.java","54","0","1","5","303","442","0"
"orientdb","020cc218f257d4c81cb643f7c0928ecd00bf3835","distributed/src/main/java/com/orientechnologies/orient/server/hazelcast/ODistributedWorker.java","54","0","1","5","303","447","1"
"elasticsearch","75ced057ed17c5b3473795b24338815ab49f3336","core/src/main/java/org/elasticsearch/discovery/zen/ping/multicast/MulticastZenPing.java","54","0","1","5","462","564","2"
"elasticsearch","68307aa9f3636bdccd1f1ca90f1d0fd640a019a5","core/src/main/java/org/elasticsearch/discovery/zen/ping/multicast/MulticastZenPing.java","54","0","1","5","462","566","0"
"elasticsearch","164efaecbe42195f08ada58b5fde927ab21fc6e7","plugins/discovery-multicast/src/main/java/org/elasticsearch/plugin/discovery/multicast/MulticastZenPing.java","54","0","1","5","463","567","0"
"elasticsearch","9192219f13a38ec8b9ec67192ba0b8797c45cf82","src/main/java/org/elasticsearch/discovery/zen/ping/multicast/MulticastZenPing.java","54","0","1","5","466","569","0"
"elasticsearch","b27976fbed99d24dc9d3876b413149f2470155bc","src/test/java/org/elasticsearch/search/highlight/HighlighterSearchTests.java","54","0","1","61","1726","2197","1"
"elasticsearch","cdbd7918ee191a2fb8d597621ab8966f4f672852","src/test/java/org/elasticsearch/search/highlight/HighlighterSearchTests.java","54","0","1","64","1777","2266","0"
"elasticsearch","59e4e586838b9267ccb733ac7fa44db97319cfe3","src/test/java/org/elasticsearch/search/highlight/HighlighterSearchTests.java","54","0","1","66","1895","2425","2"
"elasticsearch","10e2528cceb404165822862602eb1326ccb1fba5","src/test/java/org/elasticsearch/search/highlight/HighlighterSearchTests.java","54","0","1","67","1935","2473","1"
"elasticsearch","80617612cb98cb7f8c872427b00e28ab731b89c1","src/test/java/org/elasticsearch/search/query/SimpleQueryTests.java","54","0","1","68","2021","2461","1"
"hazelcast","95b267ab7deb035825584655e09479425d152750","hazelcast-client/src/main/java/com/hazelcast/client/cache/impl/NearCachedClientCacheProxy.java","54","0","1","7","634","801","0"
"elasticsearch","1654ae89379aeea586cbdff45a0b1d0cf4d00ebd","src/main/java/org/elasticsearch/index/mapper/core/TypeParsers.java","54","0","1","8","194","233","0"
"elasticsearch","e1efd5f6baf8dec1c23c79b346b8a29f234a98bb","plugins/discovery-multicast/src/main/java/org/elasticsearch/plugin/discovery/multicast/MulticastZenPing.java","54","0","1","9","463","567","0"
"hazelcast","bfc4d5349a0582151fbb9be1d7b03cb55e0451ca","hazelcast/src/test/java/com/hazelcast/executor/ExecutorServiceTest.java","54","0","10","38","1127","1335","1"
"MapDB","70723382e21238c2f685a9ac35cea67ed7c0c9b0","src/main/java/org/mapdb/AsyncWriteEngine.java","54","0","12","1","264","542","0"
"antlr4","29c2712ae1eee9575324db48c2f72c7cb0d28308","tool/src/org/antlr/v4/codegen/Target.java","54","0","13","15","319","521","0"
"orientdb","c44bbca080721b05af1db86562a16b199916fd3c","core/src/main/java/com/orientechnologies/orient/core/index/OCompositeIndexDefinition.java","54","0","14","12","381","567","1"
"elasticsearch","5483c62de62872584c3c7d070837ced96efbb493","src/main/java/org/elasticsearch/common/geo/builders/ShapeBuilder.java","54","0","14","3","383","650","1"
"netty","952e7bbec706f655397438ec481dad4363a9245f","common/src/main/java/io/netty/util/internal/PlatformDependent.java","54","0","17","15","392","559","0"
"elasticsearch","ca681366285e569886fb754aae2bc385d1e61659","src/main/java/org/elasticsearch/cluster/routing/IndexShardRoutingTable.java","54","0","17","24","395","577","1"
"elasticsearch","4900f52619729cc6bfe9ddba2a2cee6ea0e6ee22","src/main/java/org/elasticsearch/cluster/routing/IndexShardRoutingTable.java","54","0","17","24","396","578","0"
"BroadleafCommerce","a9195d4ac4004123352a33490d7885e7a7a8a19e","admin/broadleaf-open-admin-platform/src/main/java/org/broadleafcommerce/openadmin/web/controller/entity/AdminBasicEntityController.java","54","0","18","0","616","1088","1"
"neo4j","e7b3407f3dfe22e4029042512fbf88c2d60aa94d","enterprise/ha/src/test/java/org/neo4j/test/ha/ClusterManager.java","54","0","19","30","874","1110","1"
"neo4j","a2206e2451ffe226128a69a43f7f1f59409a0217","enterprise/ha/src/test/java/org/neo4j/test/ha/ClusterManager.java","54","0","19","32","885","1125","0"
"orientdb","9cf416121d18f72a85f2135ddbd9a4fa47522967","core/src/main/java/com/orientechnologies/orient/core/sql/OCommandExecutorSQLDelete.java","54","0","2","11","264","377","0"
"hazelcast","ea6df5b26c649fe055f90ebd8edfb6395649a658","hazelcast/src/main/java/com/hazelcast/internal/serialization/impl/AbstractSerializationService.java","54","0","2","18","371","440","1"
"hazelcast","1a91dba09ccd91dfc6c35ea5e50b874e57f1667a","hazelcast/src/main/java/com/hazelcast/internal/serialization/impl/AbstractSerializationService.java","54","0","2","18","378","470","2"
"hazelcast","525c34cddd7f4e08d674611e177bab103e4d1881","hazelcast/src/main/java/com/hazelcast/nio/ConnectionManager.java","54","0","2","19","386","469","1"
"elasticsearch","5ea62678838906827e88884d403314926beeda58","src/main/java/org/elasticsearch/action/bulk/TransportBulkAction.java","54","0","2","2","284","345","2"
"elasticsearch","922833cdc4794a9a46bcbf5df5735308f6e643c1","src/main/java/org/elasticsearch/index/mapper/core/DateFieldMapper.java","54","0","2","20","339","411","0"
"elasticsearch","f745b80edb3890b7e293aaa9b95496d099f1d6e0","src/main/java/org/elasticsearch/index/mapper/core/DateFieldMapper.java","54","0","2","22","353","427","0"
"mcMMO","53a34c12d27fbadc9e4dbd05368017a8dcbc9908","src/main/java/com/gmail/nossr50/util/scoreboards/ScoreboardWrapper.java","54","0","2","22","417","567","1"
"netty","a80ea46b8e6d3b225547ae138a357101b0381268","common/src/main/java/io/netty/util/Recycler.java","54","0","2","3","415","564","1"
"elasticsearch","1ae8d6123fac354a2f43926bee10cd23c9718aa8","core/src/test/java/org/elasticsearch/index/shard/IndexShardTests.java","54","0","2","31","1092","1370","0"
"hazelcast","1f042b8c4a4245594691bb6d85a66ceed9b43068","hazelcast/src/test/java/com/hazelcast/map/nearcache/NearCacheTest.java","54","0","2","32","783","997","1"
"hazelcast","a1e5e1945485995c45c8cd9fcc0c1a63ae75ef6f","hazelcast/src/test/java/com/hazelcast/map/nearcache/NearCacheTest.java","54","0","2","32","784","998","2"
"hazelcast","fdd243737fd9ca6e2ae7d1cc44617e2f54f37cfa","hazelcast/src/test/java/com/hazelcast/map/nearcache/NearCacheTest.java","54","0","2","32","784","998","2"
"hazelcast","2921cff694583b8638dae2991f427e61d5440a9d","hazelcast/src/test/java/com/hazelcast/map/nearcache/NearCacheTest.java","54","0","2","32","784","998","0"
"hazelcast","1378e2391cd235fa3650e9c29d49b8780f4d326b","hazelcast/src/test/java/com/hazelcast/map/nearcache/NearCacheTest.java","54","0","2","33","799","1014","0"
"hazelcast","799f1bdd141cf8e22993d0b48ba474fb73c8b215","hazelcast/src/test/java/com/hazelcast/map/nearcache/NearCacheTest.java","54","0","2","33","799","1014","0"
"hazelcast","c4ce1813884d2b6f7146b31557a8c7ad2a9dfc80","hazelcast/src/test/java/com/hazelcast/map/nearcache/NearCacheTest.java","54","0","2","33","799","1014","0"
"hazelcast","007dea471ec96d6f8bb71f03a7a3c2257f7df3b1","hazelcast/src/test/java/com/hazelcast/map/nearcache/NearCacheTest.java","54","0","2","33","799","1014","1"
"hazelcast","27a44f6090bb946b69aa3f724bfbe51558d8ca39","hazelcast/src/test/java/com/hazelcast/map/nearcache/NearCacheTest.java","54","0","2","33","799","1018","2"
"elasticsearch","c97833596869141f747110d0046dd9de325a7f3c","core/src/test/java/org/elasticsearch/discovery/zen/publish/PublishClusterStateActionTests.java","54","0","2","34","723","900","1"
"elasticsearch","5a91ad11152fb54724083b696339b78829c8b905","core/src/test/java/org/elasticsearch/discovery/zen/publish/PublishClusterStateActionTests.java","54","0","2","34","724","901","0"
"elasticsearch","522d620eb61270e0ede9de3b3678cf08dff6e6c2","src/test/java/org/elasticsearch/search/highlight/HighlighterSearchTests.java","54","0","2","67","1952","2498","1"
"orientdb","461a500334a7f2be248cd0b34dc27ae176c1098a","core/src/main/java/com/orientechnologies/orient/core/sql/ORuntimeResult.java","54","0","2","8","179","257","0"
"elasticsearch","43e07c0c886223c65d26a4e3bdb7815ff15abe7d","core/src/main/java/org/elasticsearch/index/snapshots/blobstore/BlobStoreIndexShardSnapshot.java","54","0","28","1","344","567","0"
"neo4j","8294abaa5be4fad9dc2eedfc6f127a01b9607cb2","community/kernel/src/main/java/org/neo4j/kernel/configuration/Settings.java","54","0","3","25","851","1082","1"
"neo4j","2506daeed142404e160c5f56bd4e56b89fdaf6ce","community/kernel/src/main/java/org/neo4j/kernel/configuration/Settings.java","54","0","3","25","856","1088","0"
"BroadleafCommerce","71ed100532a1cdcca0779a75bab5b442a72b15e9","common/src/main/java/org/broadleafcommerce/common/extensibility/jpa/MergePersistenceUnitManager.java","54","0","3","5","289","390","2"
"elasticsearch","dfeb12996becabcd1576860b731c345863f44130","src/test/java/org/elasticsearch/gateway/local/state/meta/MetaDataStateFormatTest.java","54","0","3","6","473","558","0"
"elasticsearch","ff6b605778c38613c35f5dd4fec78b482f8c075d","src/test/java/org/elasticsearch/gateway/MetaDataStateFormatTest.java","54","0","3","7","487","576","1"
"elasticsearch","78d86bcf411ebd940e10539f039282b3d115c5a0","src/test/java/org/elasticsearch/gateway/MetaDataStateFormatTest.java","54","0","3","8","503","594","0"
"netty","c0936fc8e70ec17f9248b139947cd2e85c793b6f","transport/src/main/java/io/netty/channel/ChannelOutboundBuffer.java","54","0","3","9","404","571","0"
"elasticsearch","e024c67561c547b5194d00ea5e5f518a1a96fe63","core/src/main/java/org/elasticsearch/common/util/BigArrays.java","54","0","30","3","566","790","0"
"BroadleafCommerce","66ae8f00a336acfd1569bda8752f26ebae85a7dc","core/broadleaf-framework/src/main/java/org/broadleafcommerce/core/offer/service/OfferServiceImpl.java","54","0","4","30","394","573","0"
"BroadleafCommerce","10536839a318b408e911485d2298ecde085f7c42","core/broadleaf-framework/src/main/java/org/broadleafcommerce/core/offer/service/OfferServiceImpl.java","54","0","4","30","395","574","1"
"elasticsearch","a9e2433dab3ced5de25b8483d56cf293f110d38e","src/main/java/org/elasticsearch/cluster/metadata/IndexMetaData.java","54","0","4","73","524","687","0"
"elasticsearch","ea2732a9676d560cfe611cd56987ac33f97258d7","src/main/java/org/elasticsearch/cluster/metadata/IndexMetaData.java","54","0","4","75","528","693","1"
"elasticsearch","510397aecdb95047995930f48dc439614aeafce0","src/main/java/org/elasticsearch/index/gateway/IndexShardGatewayService.java","54","0","4","9","292","391","0"
"hazelcast","e93e8abae808b3615517adffdbf7207c5a04525f","hazelcast/src/test/java/com/hazelcast/map/mapstore/MapStoreTest.java","54","0","4","90","1209","1487","0"
"hazelcast","a256c1f2d469bc0c82bef9578551bbe47f8299c1","hazelcast/src/test/java/com/hazelcast/map/mapstore/MapStoreTest.java","54","0","4","90","1209","1489","1"
"hazelcast","98fafb85b6cf2ead1ba6e0bc3847e97df983cf1c","hazelcast-client/src/main/java/com/hazelcast/client/proxy/ClientMapProxy.java","54","0","4","92","1395","1715","0"
"hazelcast","ae0f6a2d3bbf4d06ae5d9dcaf15882bd0c084131","hazelcast-client/src/main/java/com/hazelcast/client/proxy/ClientMapProxy.java","54","0","4","94","1444","1766","1"
"hazelcast","a65cac7cdaf9c4c2b8fe1a1eb42e1ee358d75265","hazelcast-client/src/main/java/com/hazelcast/client/proxy/ClientMapProxy.java","54","0","4","94","1454","1777","0"
"elasticsearch","fbe27664a65ca7ab5b7dbe1c328ab27423e4313c","core/src/main/java/org/elasticsearch/action/update/UpdateRequest.java","54","0","46","24","507","801","2"
"elasticsearch","f739abe89e89e999225b6e478ba530c344e8e946","src/main/java/org/elasticsearch/action/bench/BenchmarkService.java","54","0","5","36","573","741","2"
"elasticsearch","f23274523a4d957156fa48923cbf651bdeb2813f","src/main/java/org/elasticsearch/action/bench/BenchmarkService.java","54","0","5","36","575","743","1"
"elasticsearch","578853f264e8ddae5c919b1b7ca35524cb292d62","core/src/main/java/org/elasticsearch/action/update/UpdateRequest.java","54","0","55","25","549","910","0"
"BroadleafCommerce","92da893577ed005d3f422142164bcbd88b85bd61","core/broadleaf-framework-web/src/main/java/org/broadleafcommerce/core/web/api/endpoint/catalog/CatalogEndpoint.java","54","0","6","16","415","546","1"
"elasticsearch","75ced057ed17c5b3473795b24338815ab49f3336","core/src/main/java/org/elasticsearch/common/network/NetworkUtils.java","54","0","7","11","212","322","2"
"elasticsearch","e1a8b027d7fd2da1aef404e63c0e64fd00c8cc53","src/main/java/org/elasticsearch/repositories/blobstore/BlobStoreRepository.java","54","0","7","4","423","660","1"
"elasticsearch","1425e28639861c6cc00e054bbba8084d3affda05","src/main/java/org/elasticsearch/repositories/blobstore/BlobStoreRepository.java","54","0","7","4","425","661","1"
"orientdb","2228c1302483104febb0712814a9865ae5b48cb4","core/src/main/java/com/orientechnologies/common/collection/closabledictionary/OClosableLinkedContainer.java","54","0","9","0","427","801","1"
"orientdb","c9dec226d8d0a05ce3c58c48613f3248250ff4f9","graphdb/src/main/java/com/tinkerpop/blueprints/impls/orient/OrientGraphQuery.java","54","0","9","2","254","395","1"
"MapDB","feb207777a2175205b13b664a1aa1efb68afa6b5","src/main/java/org/mapdb/BTreeMap.java","548","0","7","94","2544","3572","2"
"MapDB","cb1f659041ac04fca9e95a7c055d89c21668fff6","src/main/java/org/mapdb/BTreeMap.java","549","0","7","94","2549","3580","1"
"orientdb","af83d394d604c2287c703c4a01b53479bede595a","core/src/main/java/com/orientechnologies/orient/core/sql/parser/OrientSql.java","5495","0","11","134","15454","16615","0"
"ceylon-ide-eclipse","5b4c3eac8a7c12c0125a77343e602b4e73083595","plugins/com.redhat.ceylon.eclipse.ui/src/com/redhat/ceylon/eclipse/code/correct/CorrectionUtil.java","55","0","0","0","272","304","0"
"hazelcast","b583f88f8f80ac2de344ace2aa3423f128cd037a","hazelcast/src/main/java/com/hazelcast/transaction/impl/TransactionImpl.java","55","0","0","0","288","341","0"
"hazelcast","26e401e1921fb3af25c7b73c4632773c980708c5","hazelcast/src/main/java/com/hazelcast/query/impl/TypeConverters.java","55","0","0","0","291","328","1"
"hazelcast","2cab9c7f77abcddbb41df97579bcae554c325727","hazelcast/src/main/java/com/hazelcast/query/impl/TypeConverters.java","55","0","0","0","291","328","1"
"hazelcast","34a30ebe90a09709a3bb74a1e54b5920dfb9e3ed","hazelcast/src/main/java/com/hazelcast/query/impl/TypeConverters.java","55","0","0","0","291","328","1"
"hazelcast","5af8f51c8285f8357f555749944df9e9470f1745","hazelcast/src/main/java/com/hazelcast/query/impl/TypeConverters.java","55","0","0","0","291","328","1"
"hazelcast","80240b3abd5e08fe8c801bddd18525bdbda492e1","hazelcast/src/main/java/com/hazelcast/query/impl/TypeConverters.java","55","0","0","0","291","328","0"
"hazelcast","1a44eaa6a1e0c7597f0d9335883b651aaeb097c5","hazelcast/src/main/java/com/hazelcast/concurrent/lock/LockResourceImpl.java","55","0","0","0","350","426","3"
"hazelcast","05f9e6021e6859216b8c564cec3c51f83a0f7ebb","hazelcast-client/src/main/java/com/hazelcast/client/cache/impl/AbstractClientInternalCacheProxy.java","55","0","0","0","377","455","3"
"hazelcast","755eae29ec59b3ea173de825f40b90a768cfd989","hazelcast-client-new/src/main/java/com/hazelcast/client/cache/impl/AbstractClientInternalCacheProxy.java","55","0","0","0","382","460","2"
"hazelcast","c4feb143e90da0ac828ba9077c83e15a9d4fb4cd","hazelcast-client/src/main/java/com/hazelcast/client/cache/impl/AbstractClientInternalCacheProxy.java","55","0","0","0","384","459","1"
"hazelcast","80a40ac2f605c374e8080f40c30a45839a2ba3c9","hazelcast/src/main/java/com/hazelcast/spi/impl/BasicInvocation.java","55","0","0","0","410","567","0"
"hazelcast","46f1e93e3ce6562811fd8ab1ddbd430a3109f9a1","hazelcast/src/main/java/com/hazelcast/spi/impl/BasicInvocation.java","55","0","0","0","410","568","1"
"elasticsearch","ecb01c15b9a6645f22f153eb099a377e70e398c8","core/src/main/java/org/elasticsearch/action/search/AbstractSearchAsyncAction.java","55","0","0","0","435","571","0"
"elasticsearch","94087b3274c1f4c98c100886e4ad9aefd32c4582","core/src/main/java/org/elasticsearch/action/search/AbstractSearchAsyncAction.java","55","0","0","0","435","572","0"
"elasticsearch","33915aefd89c736df1c56251365fdf5658229998","core/src/main/java/org/elasticsearch/action/search/AbstractSearchAsyncAction.java","55","0","0","0","444","584","2"
"elasticsearch","13c17c75b530b5b110304960f24d7896d7b1c73c","distribution/tools/plugin-cli/src/main/java/org/elasticsearch/plugins/InstallPluginCommand.java","55","0","0","0","473","674","1"
"hazelcast","5387994dc22a81aea7e60736ccdba8689afc6d47","hazelcast-client/src/main/java/com/hazelcast/client/proxy/ClientMapProxy.java","55","0","0","1","1239","1497","0"
"hazelcast","4c046c79f45643a1d972b547dbf71b19b55b16b5","hazelcast/src/main/java/com/hazelcast/internal/cluster/impl/AbstractJoiner.java","55","0","0","10","362","442","1"
"elasticsearch","036710342323b14315b7f683299324ab5f2d62b4","modules/elasticsearch/src/main/java/org/elasticsearch/index/search/TextQueryParser.java","55","0","0","11","292","362","0"
"hazelcast","723164a6b7b7d0cf74769986ff6b51d523e566ea","hazelcast/src/main/java/com/hazelcast/query/MapIndexService.java","55","0","0","16","242","281","1"
"elasticsearch","47f92d7c621eb0b0e4cf350ae21c8553592a324f","core/src/main/java/org/elasticsearch/index/search/MatchQuery.java","55","0","0","22","359","484","1"
"elasticsearch","2cbe1b9d593f50509611ee69eb823c1f156bd5e1","src/test/java/org/elasticsearch/snapshots/SharedClusterSnapshotRestoreTests.java","55","0","0","23","1090","1382","1"
"elasticsearch","c0129ebcc2a2f2c7c70e295205a5f5be9eb0795e","src/test/java/org/elasticsearch/snapshots/SharedClusterSnapshotRestoreTests.java","55","0","0","24","1118","1417","0"
"elasticsearch","249a145a5ce3e69edc7e95cc62a47edbce450f05","src/test/java/org/elasticsearch/snapshots/SharedClusterSnapshotRestoreTests.java","55","0","0","24","1120","1419","1"
"elasticsearch","e3d379fb0808f4f560673b4a2fde61a60b44acf7","src/test/java/org/elasticsearch/snapshots/SharedClusterSnapshotRestoreTests.java","55","0","0","25","1137","1440","0"
"neo4j","e5ea526b14ce752e94a5460b1c85bf4567d8f97d","community/kernel/src/main/java/org/neo4j/unsafe/batchinsert/internal/BatchInserterImpl.java","55","0","0","29","1119","1319","2"
"hazelcast","357e49e6cc4cca1d9390ee50c61049be61eddcd5","hazelcast/src/main/java/com/hazelcast/query/impl/TypeConverters.java","55","0","0","3","298","340","0"
"neo4j","2b261bd9bb532f283b2caed9b2d9eb4992e677b4","community/kernel/src/test/java/org/neo4j/unsafe/batchinsert/BatchInsertTest.java","55","0","0","43","1202","1527","1"
"BroadleafCommerce","2958e6ba93799ca6858a34889a2668cd1ce9fb81","core/broadleaf-framework/src/main/java/org/broadleafcommerce/core/order/domain/OrderImpl.java","55","0","0","76","665","785","1"
"BroadleafCommerce","33b32c1cf4476c10a26b626ee988dddaab556e4a","core/broadleaf-framework/src/main/java/org/broadleafcommerce/core/order/domain/OrderImpl.java","55","0","0","76","665","785","1"
"BroadleafCommerce","c648eca7d16c18a9cd5d5ef40971942a691bf230","core/broadleaf-framework/src/main/java/org/broadleafcommerce/core/order/domain/OrderImpl.java","55","0","0","76","665","785","0"
"orientdb","24c5aec36d4d5fcb1f465d8ca1c7e7b64bb68d75","server/src/main/java/com/orientechnologies/orient/server/network/protocol/http/command/get/OServerCommandGetStaticContent.java","55","0","0","9","241","313","0"
"hazelcast","ecaaec40f356936a3252c08a2bf6f4180fd3c81b","hazelcast/src/main/java/com/hazelcast/config/AbstractXmlConfigHelper.java","55","0","0","9","272","328","0"
"elasticsearch","01ca81e2a37c9cd38c6dc44ae567d427c059dbe0","src/test/java/org/elasticsearch/index/store/StoreTest.java","55","0","0","9","368","431","0"
"ceylon-ide-eclipse","5b4c3eac8a7c12c0125a77343e602b4e73083595","plugins/com.redhat.ceylon.eclipse.ui/src/com/redhat/ceylon/eclipse/code/refactor/CollectParametersRefactoring.java","55","0","0","9","397","428","0"
"ceylon-ide-eclipse","d07fc67098fbbc0bc5bdc07fb518f75042d95444","plugins/com.redhat.ceylon.eclipse.ui/src/com/redhat/ceylon/eclipse/code/refactor/CollectParametersRefactoring.java","55","0","0","9","399","430","2"
"elasticsearch","0c1c2dc671b7a6e8a65f0ac910db2bf9c34230fa","src/main/java/org/elasticsearch/action/search/type/TransportSearchTypeAction.java","55","0","1","1","319","416","1"
"elasticsearch","3e10810a8e086942227b982906013a6ba4cc24a1","src/main/java/org/elasticsearch/action/admin/indices/mapping/get/TransportGetFieldMappingsAction.java","55","0","1","1","401","497","0"
"BroadleafCommerce","3c64219a412a918a072ad329eaa0c20a3a918683","admin/broadleaf-contentmanagement-module/src/main/java/org/broadleafcommerce/cms/file/service/StaticAssetStorageServiceImpl.java","55","0","1","10","377","487","0"
"orientdb","dc025634bd8133bb14ce499efe6078c88ed5ad7c","core/src/main/java/com/orientechnologies/orient/core/index/OIndexMultiValues.java","55","0","1","14","392","502","0"
"elasticsearch","13b9e07522a6cc96f7318fdc21c8a77b4f7d9b55","src/test/java/org/elasticsearch/index/fielddata/AbstractStringFieldDataTests.java","55","0","1","14","513","600","1"
"elasticsearch","435eabd4a00720c44d9fb0eea70479ac7e344f7e","src/main/java/org/elasticsearch/cluster/service/InternalClusterService.java","55","0","1","15","399","513","1"
"BroadleafCommerce","67e04eaf91a9e0e607731d7b98b4d7a95a3da3dd","admin/broadleaf-open-admin-platform/src/main/java/org/broadleafcommerce/openadmin/server/service/AdminEntityServiceImpl.java","55","0","1","15","479","615","8"
"BroadleafCommerce","6068a58d95ed88064de0ad14708195850e052211","admin/broadleaf-open-admin-platform/src/main/java/org/broadleafcommerce/openadmin/server/service/AdminEntityServiceImpl.java","55","0","1","15","481","619","6"
"BroadleafCommerce","49d12cffdc9aca461330ec8110c850319cf49ec0","admin/broadleaf-open-admin-platform/src/main/java/org/broadleafcommerce/openadmin/server/service/AdminEntityServiceImpl.java","55","0","1","15","494","645","7"
"elasticsearch","a624410450d65ce377177777e0ce5d220e6f7770","core/src/test/java/org/elasticsearch/index/query/functionscore/FunctionScoreQueryBuilderTests.java","55","0","1","18","627","721","0"
"hazelcast","18f091e52a095d9121f42b10cd1f289e73085450","hazelcast/src/main/java/com/hazelcast/map/impl/tx/TransactionalMapProxy.java","55","0","1","20","367","443","0"
"hazelcast","cdb73e427cc000cd1b06526831fa7264a1e790a8","hazelcast/src/main/java/com/hazelcast/map/impl/tx/TransactionalMapProxy.java","55","0","1","20","367","443","0"
"hazelcast","cb96a27bb8e3a99ed10d2c2006a173b5b7c42fa6","hazelcast/src/main/java/com/hazelcast/map/impl/tx/TransactionalMapProxy.java","55","0","1","20","367","443","1"
"hazelcast","accb8f0e3102e151f7e6961bcb7cf2991a679b65","hazelcast/src/main/java/com/hazelcast/map/impl/tx/TransactionalMapProxy.java","55","0","1","20","372","447","0"
"hazelcast","9473073ff155853cba32057b8195e77c135baa52","hazelcast/src/main/java/com/hazelcast/map/impl/tx/TransactionalMapProxy.java","55","0","1","20","373","448","0"
"netty","73c4ad5f0a233844aa8629224c46d758a06225c1","codec-http2/src/main/java/io/netty/handler/codec/http2/DefaultHttp2FrameWriter.java","55","0","1","21","474","622","0"
"netty","ead87b7df8d923417475ead2d7680747b1a72f07","codec-http2/src/main/java/io/netty/handler/codec/http2/DefaultHttp2FrameWriter.java","55","0","1","22","478","627","1"
"elasticsearch","142d7bdd812d5d7ca31b22fbed053392e1e456aa","src/main/java/org/elasticsearch/index/mapper/core/FloatFieldMapper.java","55","0","1","27","357","434","1"
"elasticsearch","4e2dd770aab15857d8f7a01d25d941908498ccb6","src/main/java/org/elasticsearch/index/mapper/core/DoubleFieldMapper.java","55","0","1","28","353","431","0"
"elasticsearch","d05aee7eda3a28b11df47e652f44f7d2b185c97d","core/src/main/java/org/elasticsearch/search/fetch/FetchPhase.java","55","0","1","3","305","375","0"
"elasticsearch","076167fbe546f1b91b323e493db36cea5ea7eac9","core/src/main/java/org/elasticsearch/search/fetch/FetchPhase.java","55","0","1","3","306","376","1"
"elasticsearch","6bee2b9b13100cb9de38703f4600705d3c2de7b4","core/src/main/java/org/elasticsearch/tribe/TribeService.java","55","0","1","3","358","476","0"
"orientdb","9044dd0caf9bcc3f63a7ba028c7d8ddef92ddb2f","core/src/main/java/com/orientechnologies/orient/core/index/OIndexManagerAbstract.java","55","0","1","31","417","550","0"
"BroadleafCommerce","7da760ada0cf3c3164075c970c90d47e36b4bef4","admin/broadleaf-open-admin-platform/src/main/java/org/broadleafcommerce/openadmin/dto/FieldMetadata.java","55","0","1","38","210","287","0"
"elasticsearch","7d8726a5e81ba5c3d42182ffdb6b1d413a025b9f","modules/elasticsearch/src/main/java/org/elasticsearch/gateway/blobstore/BlobReuseExistingNodeAllocation.java","55","0","1","4","242","318","0"
"ceylon-ide-eclipse","e89324305b6be078e574b3c554a7cc2cdb57e73c","plugins/com.redhat.ceylon.eclipse.ui/src/com/redhat/ceylon/eclipse/code/style/FormatterConfigurationBlock.java","55","0","1","4","522","610","0"
"netty","f755e584638e20a4ae62466dd4b7a14954650348","codec-http/src/main/java/io/netty/handler/codec/http/DefaultHttpHeaders.java","55","0","1","41","381","471","0"
"neo4j","7b2448cc0e0458ff28042a7b4980d28d6cb19758","community/kernel/src/test/java/org/neo4j/unsafe/batchinsert/BatchInsertTest.java","55","0","1","43","1233","1573","0"
"elasticsearch","f5542ed47fede3d086477995afbc6b330ff71d3e","core/src/main/java/org/elasticsearch/cluster/node/DiscoveryNodeFilters.java","55","0","1","5","189","237","1"
"elasticsearch","65218fea6d8f690754975928856a379add40abad","core/src/main/java/org/elasticsearch/cluster/node/DiscoveryNodeFilters.java","55","0","1","5","193","261","0"
"elasticsearch","fe0c68ec8f39fe36c78ffc701dc93ec26551eb83","core/src/main/java/org/elasticsearch/cluster/node/DiscoveryNodeFilters.java","55","0","1","5","193","261","0"
"elasticsearch","447d92e4824f9b4086bfeed0f4f02cb30422d7c7","core/src/main/java/org/elasticsearch/cluster/node/DiscoveryNodeFilters.java","55","0","1","5","193","261","2"
"MapDB","6329a16bf1c15e891291d9013156bc2623e43255","src/main/java/org/mapdb/Storage.java","55","0","1","5","218","339","1"
"orientdb","f9db1c0eb8d3eaa776502265d5b499569054071c","graphdb/src/main/java/com/orientechnologies/orient/graph/sql/functions/OSQLFunctionAstar.java","55","0","1","5","259","346","1"
"elasticsearch","5eedfb1d62c5c251de523cd2ead08ae1dc373301","src/main/java/org/elasticsearch/discovery/zen/ping/multicast/MulticastZenPing.java","55","0","1","5","436","553","0"
"BroadleafCommerce","e2217e96738a34d2afbe0ee6ef9753097a49eb0a","core/broadleaf-profile/src/main/java/org/broadleafcommerce/profile/core/service/CustomerServiceImpl.java","55","0","1","50","526","718","0"
"elasticsearch","730b83c03cf4cafa0c9fe27a63408af967c9bc12","src/test/java/org/elasticsearch/search/query/SimpleQueryTests.java","55","0","1","69","2039","2485","0"
"MapDB","88fdf08da278c3a21757ef9572a9f6017ee3629c","src/main/java/org/mapdb/SerializerPojo.java","55","0","1","8","417","620","1"
"neo4j","35a95081e67bf49b62cb45bc522541ee09635951","enterprise/cluster/src/main/java/org/neo4j/cluster/protocol/atomicbroadcast/multipaxos/MultiPaxosContext.java","55","0","1","9","1232","1503","1"
"neo4j","6f1ada5aaa5bb07edf94f944d05b0548602956f2","enterprise/cluster/src/main/java/org/neo4j/cluster/protocol/atomicbroadcast/multipaxos/MultiPaxosContext.java","55","0","1","9","1233","1504","0"
"elasticsearch","57059f1410933896cebb4a3e4bae0a85f47da7c4","core/src/main/java/org/elasticsearch/index/mapper/MapperService.java","55","0","10","14","430","606","0"
"BroadleafCommerce","7da760ada0cf3c3164075c970c90d47e36b4bef4","admin/broadleaf-open-admin-platform/src/main/java/org/broadleafcommerce/openadmin/dto/Entity.java","55","0","10","26","258","385","0"
"elasticsearch","bd51d7a07fc176311f7c3b030ba45e3a156cf3b4","src/main/java/org/elasticsearch/common/geo/builders/ShapeBuilder.java","55","0","14","3","385","653","2"
"neo4j","e06e0743298e541f04d572d78b17fb2b2594534d","community/kernel/src/main/java/org/neo4j/kernel/impl/store/CommonAbstractStore.java","55","0","14","8","536","794","0"
"netty","32aa6616044076b3c569a27f873f11695f08887d","common/src/main/java/io/netty/util/internal/PlatformDependent.java","55","0","17","15","399","571","0"
"elasticsearch","800d4624c8ed06bcc7c864513f4c698b61a0b0e9","src/main/java/org/elasticsearch/cluster/routing/IndexShardRoutingTable.java","55","0","17","30","413","605","0"
"elasticsearch","b82e2c7083c7aae6b22d9103bb7133d63be3a39e","src/main/java/org/elasticsearch/cluster/routing/IndexShardRoutingTable.java","55","0","17","30","413","605","0"
"elasticsearch","68046b64c26384a53e65a4afae5987ebb3e87c9d","src/main/java/org/elasticsearch/cluster/routing/IndexShardRoutingTable.java","55","0","17","30","413","605","1"
"hazelcast","38bd0b41d707ca4d5ca394cda10ce68d44672fff","hazelcast/src/main/java/com/hazelcast/config/Config.java","55","0","17","80","674","908","1"
"hazelcast","727cb1848c02481eee19e6d2693a7242b7c563c3","hazelcast/src/main/java/com/hazelcast/config/Config.java","55","0","17","80","674","910","0"
"hazelcast","6aa478bb5620a41415f1e93043cca925c0c56043","hazelcast/src/main/java/com/hazelcast/config/Config.java","55","0","17","82","682","921","0"
"BroadleafCommerce","49d12cffdc9aca461330ec8110c850319cf49ec0","admin/broadleaf-open-admin-platform/src/main/java/org/broadleafcommerce/openadmin/web/controller/entity/AdminBasicEntityController.java","55","0","18","0","636","1119","6"
"BroadleafCommerce","aa04e6eabcf0eaf9a846268715da4854ac20f528","admin/broadleaf-open-admin-platform/src/main/java/org/broadleafcommerce/openadmin/web/controller/entity/AdminBasicEntityController.java","55","0","18","0","643","1127","5"
"orientdb","dee0bf0fbdf33e3828993c7675a704c17c1387bc","core/src/main/java/com/orientechnologies/orient/core/sql/OCommandExecutorSQLDelete.java","55","0","2","11","272","387","1"
"hazelcast","6b3c3c15af4f8d28a5b45451b9bab9a394d9a35a","hazelcast/src/main/java/com/hazelcast/internal/management/ManagementCenterService.java","55","0","2","13","522","632","1"
"hazelcast","5040e03ba45a8d09b3a201fad00fe7969d1cd295","hazelcast/src/main/java/com/hazelcast/internal/serialization/impl/AbstractSerializationService.java","55","0","2","19","385","480","1"
"elasticsearch","739e977aa737dd254c37b0f50f5a6b3ebd7a9863","src/main/java/org/elasticsearch/action/bulk/TransportBulkAction.java","55","0","2","2","288","349","1"
"elasticsearch","785436818027bf7451b9d2a9905472a3ecb14de5","core/src/main/java/org/elasticsearch/cluster/metadata/MetaDataMappingService.java","55","0","2","2","305","397","0"
"elasticsearch","03c9eaf81279a33b756a97cbf7fa18e676dda989","src/main/java/org/elasticsearch/common/xcontent/support/XContentMapValues.java","55","0","2","21","271","332","0"
"hazelcast","02272ec6ab3a8dd499bd65b44b6da03615976c8a","hazelcast/src/main/java/com/hazelcast/nio/ConnectionManager.java","55","0","2","21","396","481","0"
"hazelcast","b8145da910628e86c05f3feddff50048bd23e908","hazelcast/src/main/java/com/hazelcast/nio/ConnectionManager.java","55","0","2","21","411","497","1"
"elasticsearch","26f77eb70d68a9382d64535c8dbd07d42842d252","core/src/test/java/org/elasticsearch/action/support/replication/TransportReplicationActionTests.java","55","0","2","24","820","1014","2"
"elasticsearch","046abdc281c321cd2128ee7684c0edfcaca07203","core/src/test/java/org/elasticsearch/search/aggregations/bucket/HistogramIT.java","55","0","2","26","771","980","3"
"elasticsearch","180eff14ddd022fbb3c92392ec54156ac62b64e1","core/src/test/java/org/elasticsearch/search/aggregations/bucket/HistogramIT.java","55","0","2","27","788","1000","1"
"neo4j","abb44045452530bb0da7fb275c808b5cefd2dc33","community/cypher/cypher-compiler-3.2/src/main/java/org/neo4j/cypher/internal/compiler/v3_2/common/CypherOrderability.java","55","0","2","3","301","410","0"
"netty","a8950dfc4cd0f0acc9900e315b98f518c3694e8f","common/src/main/java/io/netty/util/Recycler.java","55","0","2","3","440","601","1"
"netty","3c5e677964f3bc1bc8588a60116b4c35b6225e72","common/src/main/java/io/netty/util/Recycler.java","55","0","2","3","452","619","0"
"elasticsearch","3b90906f4f5a14d662b85b72d48d39f1d06cc709","core/src/test/java/org/elasticsearch/discovery/zen/publish/PublishClusterStateActionTests.java","55","0","2","32","748","929","1"
"elasticsearch","3f6a3c01dadb1951b597ffdbd068359a2fbc84c8","core/src/test/java/org/elasticsearch/discovery/zen/publish/PublishClusterStateActionTests.java","55","0","2","32","748","929","1"
"elasticsearch","6abcd42a05a0e2bc4eaf1add6a41ae7d48f840c2","core/src/test/java/org/elasticsearch/discovery/zen/publish/PublishClusterStateActionTests.java","55","0","2","32","748","929","0"
"elasticsearch","10dcfa33049890c42f79e38a241597dfba429808","core/src/test/java/org/elasticsearch/index/shard/IndexShardTests.java","55","0","2","34","1162","1441","0"
"BroadleafCommerce","6ab99ad42065c7356750b22fcf1c717cab984f20","core/broadleaf-framework/src/main/java/org/broadleafcommerce/core/order/domain/DiscreteOrderItemImpl.java","55","0","2","34","363","461","1"
"elasticsearch","f39f9b9760c20af0205d80b370888ec4376efbfd","core/src/test/java/org/elasticsearch/discovery/zen/publish/PublishClusterStateActionTests.java","55","0","2","34","750","931","0"
"elasticsearch","266394c3ab5837ed0d2e30a4808a6d01e3e52193","core/src/main/java/org/elasticsearch/cluster/SnapshotsInProgress.java","55","0","2","42","378","474","0"
"elasticsearch","c88452dc80f8ec32aecc7952e41b4fb303f69bee","core/src/main/java/org/elasticsearch/cluster/SnapshotsInProgress.java","55","0","2","43","387","483","0"
"elasticsearch","371c73e14023917f3892090d2d3d7ff9ac1216b9","core/src/main/java/org/elasticsearch/cluster/SnapshotsInProgress.java","55","0","2","43","389","486","3"
"elasticsearch","78574d248cf10dad1c5a566fda79e1e0c94afe43","core/src/main/java/org/elasticsearch/cluster/SnapshotsInProgress.java","55","0","2","43","389","486","2"
"elasticsearch","e6aaaf11ed4a1b8f595f920de1840938eddb7a97","core/src/main/java/org/elasticsearch/cluster/SnapshotsInProgress.java","55","0","2","43","389","486","2"
"elasticsearch","a60b8948ba1d836a6eac7cff095519e618939ed8","core/src/main/java/org/elasticsearch/cluster/SnapshotsInProgress.java","55","0","2","43","389","486","0"
"elasticsearch","aaf347732720187ea3fd4e5dd8661f1434a87249","core/src/main/java/org/elasticsearch/cluster/SnapshotsInProgress.java","55","0","2","43","390","487","1"
"mcMMO","c47bf844933bbe87dbfd74ba05dc80bf1f708076","src/main/java/com/gmail/nossr50/database/LeaderboardManager.java","55","0","2","6","297","378","0"
"elasticsearch","371c73e14023917f3892090d2d3d7ff9ac1216b9","core/src/main/java/org/elasticsearch/ElasticsearchException.java","55","0","20","15","667","851","4"
"elasticsearch","adc0807c686b37bf1d96bd3eb9d26face380fe44","src/test/java/org/elasticsearch/test/hamcrest/ElasticsearchAssertions.java","55","0","23","52","647","868","0"
"elasticsearch","be239b86b6c006460131987b1090c19eb3b3a940","core/src/main/java/org/elasticsearch/common/settings/Setting.java","55","0","24","61","648","966","1"
"ceylon-ide-eclipse","8ac72e61b5d1d52fe7c350f205f667a031f6ac2c","plugins/com.redhat.ceylon.eclipse.ui/src/com/redhat/ceylon/eclipse/code/hover/SourceViewerInformationControl.java","55","0","28","2","604","890","0"
"ceylon-ide-eclipse","5b4c3eac8a7c12c0125a77343e602b4e73083595","plugins/com.redhat.ceylon.eclipse.ui/src/com/redhat/ceylon/eclipse/code/hover/SourceViewerInformationControl.java","55","0","28","2","605","891","0"
"ceylon-ide-eclipse","64a391fbabba6b9bc6b553abfa42466e0ca9673d","plugins/com.redhat.ceylon.eclipse.ui/src/com/redhat/ceylon/eclipse/code/hover/SourceViewerInformationControl.java","55","0","28","2","605","891","0"
"ceylon-ide-eclipse","d8babdb645d8d8594721684e8986da485e3717db","plugins/com.redhat.ceylon.eclipse.ui/src/com/redhat/ceylon/eclipse/code/hover/SourceViewerInformationControl.java","55","0","28","2","605","891","0"
"ceylon-ide-eclipse","64b73d83546ef38e15b029a505fabaa71555941b","plugins/com.redhat.ceylon.eclipse.ui/src/com/redhat/ceylon/eclipse/code/hover/SourceViewerInformationControl.java","55","0","28","2","605","891","2"
"ceylon-ide-eclipse","d07fc67098fbbc0bc5bdc07fb518f75042d95444","plugins/com.redhat.ceylon.eclipse.ui/src/com/redhat/ceylon/eclipse/code/hover/SourceViewerInformationControl.java","55","0","28","2","605","891","1"
"elasticsearch","8efa18e6167e276dd220b60c34b516d05252bc22","core/src/main/java/org/elasticsearch/plugins/PluginsService.java","55","0","3","13","318","412","0"
"elasticsearch","108ba2307360463c21a932fdaca75f0559b2b75a","modules/lang-groovy/src/test/java/org/elasticsearch/messy/tests/HistogramTests.java","55","0","3","24","719","919","0"
"elasticsearch","c5a6ddfdc21949fa54b6f602932387741bc15e7d","core/src/test/java/org/elasticsearch/action/support/replication/TransportReplicationActionTests.java","55","0","3","24","857","1068","0"
"elasticsearch","3aed047bdedde1bda189cbfc2f81e65af42e57c5","core/src/test/java/org/elasticsearch/search/aggregations/bucket/HistogramIT.java","55","0","3","27","813","1039","0"
"elasticsearch","952feb58e41bd0220784c44136b840ea4a740e26","core/src/test/java/org/elasticsearch/search/aggregations/bucket/HistogramIT.java","55","0","3","27","814","1040","1"
"elasticsearch","e412dab63ac3057e152a6cfd4f3dda97e643a035","src/test/java/org/elasticsearch/index/engine/internal/InternalEngineTests.java","55","0","3","32","1185","1563","2"
"hazelcast","0261611ce1d6e95cd84910390d1c0c653fa0dfd2","hazelcast/src/test/java/com/hazelcast/nio/serialization/impl/DefaultPortableReaderSpecTest.java","55","0","3","4","1001","1347","0"
"netty","3ea807e375e6f311c26aca92e3445c7fbd58a7e5","codec-http2/src/main/java/io/netty/handler/codec/http2/internal/hpack/Decoder.java","55","0","3","5","327","450","2"
"elasticsearch","f01784205f4512a989ed85382d02cd645bf2f667","core/src/main/java/org/elasticsearch/action/bulk/TransportShardBulkAction.java","55","0","3","5","402","497","1"
"elasticsearch","824beea89d8c51c7037041b3c843e1511d825d96","core/src/main/java/org/elasticsearch/action/bulk/TransportShardBulkAction.java","55","0","3","5","403","498","0"
"elasticsearch","55e9f169c3c5179591f758fb99b6450daabefc19","src/main/java/org/elasticsearch/cluster/ClusterState.java","55","0","3","56","473","620","3"
"elasticsearch","25fd9e26c4fb042d6f6dea14efcd239577bdbbc4","core/src/main/java/org/elasticsearch/action/admin/cluster/allocation/TransportClusterAllocationExplainAction.java","55","0","4","1","271","346","0"
"elasticsearch","56cc87b7ccd41040d8fafcaf2da3680d96d10839","core/src/main/java/org/elasticsearch/action/admin/cluster/allocation/TransportClusterAllocationExplainAction.java","55","0","4","1","271","346","0"
"elasticsearch","d3417fb02291f26964d77767020ef345d18c148f","core/src/main/java/org/elasticsearch/action/admin/cluster/allocation/TransportClusterAllocationExplainAction.java","55","0","4","1","271","346","0"
"elasticsearch","4b94eb5cb8cc4294ed0e932a5f22c16bd90d4dd7","core/src/main/java/org/elasticsearch/action/admin/cluster/allocation/TransportClusterAllocationExplainAction.java","55","0","4","1","271","346","2"
"elasticsearch","860efb2ad28db09189c8423e05d0dba53010259c","core/src/main/java/org/elasticsearch/action/admin/cluster/allocation/TransportClusterAllocationExplainAction.java","55","0","4","1","271","346","2"
"netty","6cf2748dbb49485b7f0851054dd0ad1776f0c5bd","codec/src/main/java/io/netty/handler/codec/compression/JdkZlibDecoder.java","55","0","4","1","280","355","0"
"netty","3f7b674db8c9c2fc562b95327e089bb3603c9009","codec/src/main/java/io/netty/handler/codec/compression/JdkZlibDecoder.java","55","0","4","1","284","361","0"
"elasticsearch","7d9154b8b5caefc56787bc7a44bc14e2de2ac810","src/main/java/org/elasticsearch/index/gateway/IndexShardGatewayService.java","55","0","4","9","293","396","0"
"MapDB","5c363e4e996421959f3b33ad3f9554db06ca34db","src/main/java/org/mapdb/Pump.java","55","0","5","0","309","485","0"
"elasticsearch","952feb58e41bd0220784c44136b840ea4a740e26","core/src/main/java/org/elasticsearch/search/aggregations/support/AggregationPath.java","55","0","5","12","244","361","1"
"elasticsearch","e7d352b489272a87b05019869857656de7fb82fc","core/src/main/java/org/elasticsearch/search/aggregations/support/AggregationPath.java","55","0","5","12","244","362","0"
"elasticsearch","852a1103f38ea96d83f7cbae7cd8b8ce5705a53a","src/main/java/org/elasticsearch/cluster/ClusterState.java","55","0","5","54","473","632","1"
"elasticsearch","598854dd72d7fb01a7e26a9dad065de3deaa5eb7","src/main/java/org/elasticsearch/cluster/ClusterState.java","55","0","5","54","474","634","1"
"elasticsearch","1644444a4f99d10ee0865161e588eec8c093b381","src/main/java/org/elasticsearch/cluster/metadata/IndexMetaData.java","55","0","5","74","541","710","2"
"elasticsearch","1d7e20b7121537fb32cc3f1e3300e85bad3a014e","src/main/java/org/elasticsearch/cluster/metadata/IndexMetaData.java","55","0","5","75","547","716","2"
"elasticsearch","bbffeb1b39b864a8bf6c9844dfa23869e44c8639","src/main/java/org/elasticsearch/cluster/metadata/IndexMetaData.java","55","0","5","75","553","716","3"
"elasticsearch","d3ed795372e1d29455fdd63e0e913e42f210ee0a","src/main/java/org/elasticsearch/cluster/metadata/IndexMetaData.java","55","0","5","75","554","717","2"
"elasticsearch","4756c9a884f3e5341db0cf7799e7e8656c7338d0","core/src/test/java/org/elasticsearch/search/fetch/subphase/highlight/HighlighterSearchIT.java","55","0","5","79","2345","2920","0"
"BroadleafCommerce","55048a4a2f10d3cabe1211b52b69616ec5aede92","core/broadleaf-framework-web/src/main/java/org/broadleafcommerce/core/web/api/endpoint/catalog/CatalogEndpoint.java","55","0","6","16","444","579","1"
"BroadleafCommerce","7467f1200927011c61223df68edb5cfddfc107e7","core/broadleaf-framework-web/src/main/java/org/broadleafcommerce/core/web/api/endpoint/catalog/CatalogEndpoint.java","55","0","6","16","445","578","0"
"BroadleafCommerce","2a01e7407941dc4487379db1997090a74215259e","core/broadleaf-framework-web/src/main/java/org/broadleafcommerce/core/web/api/endpoint/catalog/CatalogEndpoint.java","55","0","6","16","448","583","1"
"elasticsearch","6632f8cb566489ac118d225c224984f312fd01e9","src/main/java/org/elasticsearch/index/mapper/DocumentMapper.java","55","0","7","49","442","617","0"
"mcMMO","6c70de6a5817202035a4c2ee5e603960e5192485","src/main/java/com/gmail/nossr50/skills/repair/RepairManager.java","55","0","7","7","269","417","1"
"BroadleafCommerce","277c9e1513bc2a82b00c5c79bfeff7ffc74802d2","admin/broadleaf-admin-module/src/main/java/org/broadleafcommerce/admin/server/service/handler/SkuCustomPersistenceHandler.java","55","0","7","8","437","653","4"
"elasticsearch","5f188d29fac19f26959eeae17d4ed901cd3b7d6f","src/test/java/org/elasticsearch/bwcompat/BasicBackwardsCompatibilityTest.java","55","0","8","16","657","804","3"
"netty","ae904a1f56d80cb3f4ad160006c05319e73d173a","transport/src/main/java/io/netty/channel/socket/nio/NioDatagramChannel.java","55","0","8","18","426","540","0"
"elasticsearch","bc65be2a656f7406e820ba69c9878124bd725016","core/src/main/java/org/elasticsearch/action/bulk/byscroll/AbstractAsyncBulkByScrollAction.java","55","0","8","54","618","910","0"
"MapDB","e4992d529dfcc34c84d39a0c55abd3fa880e6ff9","src/main/java/org/mapdb/BTreeMap.java","550","0","7","95","2549","3587","1"
"hazelcast","49319704bba10767278ba562dc6b4c93c3b9ee6b","hazelcast/src/main/java/com/hazelcast/spi/impl/operationservice/impl/OperationRunnerImpl.java","56","0","0","0","296","380","0"
"hazelcast","ed777f64e4d046bb45ae4ee062b463e33526e3ad","hazelcast/src/main/java/com/hazelcast/transaction/impl/TransactionImpl.java","56","0","0","0","368","441","1"
"netty","88df53ec1a53912c2e34892247c8218c2fa01838","buffer/src/main/java/io/netty/buffer/UnpooledUnsafeDirectByteBuf.java","56","0","0","0","403","500","0"
"elasticsearch","e74d02138f02a66331b2611b5e70a908bb49cb97","core/src/main/java/org/elasticsearch/bootstrap/Seccomp.java","56","0","0","0","410","650","0"
"elasticsearch","ff737a880c9f37c59612d90e6dcbd67b1b47c6ea","distribution/tools/plugin-cli/src/main/java/org/elasticsearch/plugins/InstallPluginCommand.java","56","0","0","0","483","686","1"
"hazelcast","100b094aeabeda76bb5d69e3e279727147e7443e","hazelcast/src/main/java/com/hazelcast/management/ManagementCenterService.java","56","0","0","16","507","635","2"
"hazelcast","9fd66ee1f6acbcfd7022b0a1fe8811835538664f","hazelcast/src/main/java/com/hazelcast/management/ManagementCenterService.java","56","0","0","16","542","670","0"
"ceylon-ide-eclipse","cf084e606358557cb41b80acbae8e00f627bee73","plugins/com.redhat.ceylon.eclipse.ui/src/com/redhat/ceylon/eclipse/util/FindReferencesVisitor.java","56","0","0","18","249","280","0"
"hazelcast","bb3ea0e107980d769862cdbda748cc91529d67b5","hazelcast/src/main/java/com/hazelcast/transaction/impl/TransactionImpl.java","56","0","0","18","358","428","0"
"hazelcast","3187877a380d3982ed060399adb1a86b68e7c46c","hazelcast/src/main/java/com/hazelcast/nio/tcp/TcpIpConnectionManager.java","56","0","0","25","477","578","2"
"MapDB","056ff9cbcbcffcfe510523d7bff2be19c002cf69","src/test/java/org/mapdb/BTreeMapTest.java","56","0","0","33","540","752","0"
"ceylon-ide-eclipse","8ac72e61b5d1d52fe7c350f205f667a031f6ac2c","plugins/com.redhat.ceylon.test.eclipse.plugin/src/com/redhat/ceylon/test/eclipse/plugin/launch/CeylonTestLaunchShortcut.java","56","0","0","6","291","329","0"
"ceylon-ide-eclipse","5b4c3eac8a7c12c0125a77343e602b4e73083595","plugins/com.redhat.ceylon.test.eclipse.plugin/src/com/redhat/ceylon/test/eclipse/plugin/launch/CeylonTestLaunchShortcut.java","56","0","0","6","291","330","0"
"ceylon-ide-eclipse","6476dbef7d60fe13abf4a651f223289c2dcbf0ba","plugins/com.redhat.ceylon.test.eclipse.plugin/src/com/redhat/ceylon/test/eclipse/plugin/launch/CeylonTestLaunchShortcut.java","56","0","0","6","298","339","1"
"elasticsearch","6776586725fea6a034e31c5e5d837e4567c25614","core/src/main/java/org/elasticsearch/index/query/PercolatorQueryBuilder.java","56","0","0","7","391","454","0"
"ceylon-ide-eclipse","64a391fbabba6b9bc6b553abfa42466e0ca9673d","plugins/com.redhat.ceylon.eclipse.ui/src/com/redhat/ceylon/eclipse/code/outline/HierarchyView.java","56","0","0","8","938","1073","0"
"hazelcast","db30aa1fffccf62d21e4e35d45c0b20172330d3c","hazelcast/src/test/java/com/hazelcast/mapreduce/MapReduceTest.java","56","0","0","87","890","1157","0"
"hazelcast","0b7059f334d11471ccf84009e6f2deefad9a0e49","hazelcast/src/test/java/com/hazelcast/mapreduce/MapReduceTest.java","56","0","0","87","892","1161","1"
"ceylon-ide-eclipse","f1147fab248c7892993abfa0d60c0dff7bd6be76","plugins/com.redhat.ceylon.eclipse.ui/src/com/redhat/ceylon/eclipse/code/refactor/CollectParametersRefactoring.java","56","0","0","9","405","436","1"
"ceylon-ide-eclipse","76bb67d382ad022284bb80dd5dde30d65c4503c1","plugins/com.redhat.ceylon.eclipse.ui/src/com/redhat/ceylon/eclipse/code/refactor/CollectParametersRefactoring.java","56","0","0","9","460","491","0"
"BroadleafCommerce","6d0bcb2414cc6cc3c7f0477dc197ef425dac623d","admin/broadleaf-open-admin-platform/src/main/java/org/broadleafcommerce/openadmin/web/controller/AdminAbstractController.java","56","0","1","0","398","792","1"
"elasticsearch","5bf4e746476f37f4effa210bd031f8076e74a247","src/main/java/org/elasticsearch/action/search/type/TransportSearchTypeAction.java","56","0","1","1","328","425","0"
"elasticsearch","ba29818629861240a5971c31849ddf405a0a831d","core/src/main/java/org/elasticsearch/search/searchafter/SearchAfterBuilder.java","56","0","1","10","251","304","0"
"netty","505e767a09bc5d55cd0df35b8e0f8c59e9f7c507","buffer/src/main/java/io/netty/buffer/AbstractByteBuf.java","56","0","1","102","696","849","0"
"netty","aef7a14852f6a7b6aa266ffa0b1738a0dc9caedb","buffer/src/main/java/io/netty/buffer/AbstractByteBuf.java","56","0","1","102","697","850","0"
"netty","26a7a5ec25fe81fae38f557e6b44bf9c3ea91fea","codec-http2/src/main/java/io/netty/handler/codec/http2/DefaultHttp2ConnectionDecoder.java","56","0","1","11","451","614","1"
"orientdb","d3585efaa5485c48a4230a6af76baa2d6e210afa","jdbc/src/main/java/com/orientechnologies/orient/jdbc/OrientJdbcResultSet.java","56","0","1","191","704","1069","2"
"orientdb","934043fd762eb74dcecdbac5c11480573daecf50","jdbc/src/main/java/com/orientechnologies/orient/jdbc/OrientJdbcResultSet.java","56","0","1","191","706","1071","1"
"orientdb","934043fd762eb74dcecdbac5c11480573daecf50","jdbc/src/main/java/com/orientechnologies/orient/jdbc/OrientJdbcResultSet.java","56","0","1","191","706","1071","1"
"orientdb","5977ae591f2a31b464d8f1cb1d63bdfe49741c2c","jdbc/src/main/java/com/orientechnologies/orient/jdbc/OrientJdbcResultSet.java","56","0","1","191","706","1071","0"
"elasticsearch","3274e7ea6fd74073c30e5194c3447b1707e8b708","src/main/java/org/elasticsearch/search/sort/SortParseElement.java","56","0","1","2","220","274","1"
"hazelcast","07b9014099216a702bdfc5d212cb15983a5abece","hazelcast/src/main/java/com/hazelcast/map/tx/TransactionalMapProxy.java","56","0","1","20","296","353","0"
"orientdb","567dc93cca1056c9b2aa72636e7e671ced994a8e","core/src/main/java/com/orientechnologies/orient/core/storage/impl/local/paginated/atomicoperations/OAtomicOperation.java","56","0","1","20","340","478","1"
"orientdb","49646436cee4497bc6b13ed638598cac2c4ae6e6","core/src/main/java/com/orientechnologies/orient/core/storage/impl/local/paginated/atomicoperations/OAtomicOperation.java","56","0","1","20","347","486","0"
"hazelcast","e01698495c068cfb7066861542647419f0669bd2","hazelcast/src/main/java/com/hazelcast/map/impl/tx/TransactionalMapProxy.java","56","0","1","20","369","445","1"
"orientdb","1b0f490c28a9778a74703a4adde48f7066667140","core/src/main/java/com/orientechnologies/orient/core/serialization/serializer/OJSONReader.java","56","0","1","22","236","330","0"
"hazelcast","5ac065bfc1a4daffc1af204be931ca199d1b0d3b","hazelcast/src/main/java/com/hazelcast/spi/impl/ProxyServiceImpl.java","56","0","1","22","400","498","1"
"MapDB","939644c06afd0fad14c8a3c6287b2538fce85964","src/main/java/org/mapdb/StoreAppend.java","56","0","1","23","435","573","1"
"elasticsearch","4b5592cc592207d26871af562d087c1a79087fc3","src/main/java/org/elasticsearch/index/mapper/internal/AllFieldMapper.java","56","0","1","25","276","367","0"
"MapDB","d811c6ba794e958541b170027735b30c9150972d","src/main/java/org/mapdb/StoreAppend.java","56","0","1","25","477","628","1"
"elasticsearch","79f676e45ec7205dbfc06d50814672bb3fd40d8c","src/main/java/org/elasticsearch/index/mapper/internal/AllFieldMapper.java","56","0","1","26","258","350","0"
"elasticsearch","4e2dd770aab15857d8f7a01d25d941908498ccb6","src/main/java/org/elasticsearch/index/mapper/core/FloatFieldMapper.java","56","0","1","27","360","437","0"
"netty","f979c17b67aaf2d7b1184edd60b5bffe8093d9cd","buffer/src/main/java/io/netty/buffer/UnpooledUnsafeDirectByteBuf.java","56","0","1","27","403","500","0"
"netty","9a5f45a0c1fdeea3b277addccbb73657f38293c5","buffer/src/main/java/io/netty/buffer/UnpooledUnsafeDirectByteBuf.java","56","0","1","27","405","502","0"
"hazelcast","2016869d2c11bcf62e895b4f741fcc3c532cd18e","hazelcast/src/main/java/com/hazelcast/util/ServiceLoader.java","56","0","1","3","351","462","1"
"hazelcast","fb3ad29dce210535edbae0e1f4af1a63cb07d11d","hazelcast/src/main/java/com/hazelcast/util/ServiceLoader.java","56","0","1","3","351","462","2"
"hazelcast","8f4bd212b6f6d23d50698b5b31c2199105378cd5","hazelcast/src/main/java/com/hazelcast/util/ServiceLoader.java","56","0","1","3","351","462","0"
"hazelcast","0cee1a21bc066da324875155e009d96f5f168fd7","hazelcast/src/main/java/com/hazelcast/util/ServiceLoader.java","56","0","1","3","354","465","1"
"BroadleafCommerce","15e70fe6b89d008dd88b5e98dbfc66a720db68bb","admin/broadleaf-open-admin-platform/src/main/java/org/broadleafcommerce/openadmin/dto/FieldMetadata.java","56","0","1","38","211","288","0"
"elasticsearch","4ff1b429f1351c17ae5f3a4338a7ac33db49ef70","modules/elasticsearch/src/main/java/org/elasticsearch/gateway/blobstore/BlobReuseExistingNodeAllocation.java","56","0","1","4","244","320","0"
"orientdb","2411f67b86fc47dc59d5074fd1f84e40ad94913e","core/src/main/java/com/orientechnologies/orient/core/sql/operator/OQueryOperatorIn.java","56","0","1","5","212","285","0"
"orientdb","3530187c1a9bbd01783720cdfde27dbf8a2e4d3d","core/src/main/java/com/orientechnologies/orient/core/sql/operator/OQueryOperatorIn.java","56","0","1","5","212","285","0"
"orientdb","9e6d78ba86b09a08b9f7a3859feae7095689d299","core/src/main/java/com/orientechnologies/orient/core/sql/operator/OQueryOperatorIn.java","56","0","1","5","212","285","1"
"elasticsearch","c56218a41fe547574ad7357751e4d95c82a79aca","src/main/java/org/elasticsearch/search/highlight/HighlightPhase.java","56","0","1","6","264","338","0"
"BroadleafCommerce","08588480c19e170a51cf7a27886d95b2a3a09dfc","core/broadleaf-framework/src/main/java/org/broadleafcommerce/core/order/strategy/FulfillmentGroupItemStrategyImpl.java","56","0","1","6","272","365","0"
"hazelcast","69975a8df84795d2fbd45e45b1d169e13fcbf0b1","hazelcast-wm/src/main/java/com/hazelcast/web/WebFilter.java","56","0","1","6","367","491","1"
"elasticsearch","c0f9e337ce5271c5cd5ff08a381d8cd4670abc9d","src/main/java/org/elasticsearch/search/highlight/HighlightPhase.java","56","0","1","7","278","354","0"
"elasticsearch","2c7850584d091b4043a53168596ced8e4aebe589","src/main/java/org/elasticsearch/search/highlight/HighlightPhase.java","56","0","1","7","279","355","0"
"netty","b19a12b952398dba12e46db452f0b8220d1e0267","codec-http2/src/main/java/io/netty/handler/codec/http2/DefaultHttp2RemoteFlowController.java","56","0","1","7","456","711","1"
"elasticsearch","41af86dd7edbd4c2e4fcf37bdca38c34d49c3e55","modules/elasticsearch/src/main/java/org/elasticsearch/gateway/local/LocalGateway.java","56","0","1","8","332","434","0"
"elasticsearch","f5a9f2d94817f83156f46c67020f880c462824ed","modules/elasticsearch/src/main/java/org/elasticsearch/gateway/local/LocalGateway.java","56","0","1","8","351","461","0"
"elasticsearch","e3322836b57e7419892555e7ab58ab9b74622950","modules/elasticsearch/src/main/java/org/elasticsearch/gateway/local/LocalGateway.java","56","0","1","8","352","462","0"
"elasticsearch","ed996c3e850b047d52e36e7e865e3f39ccfd7ab6","modules/elasticsearch/src/main/java/org/elasticsearch/gateway/local/LocalGateway.java","56","0","1","8","352","462","0"
"elasticsearch","a0a714e6a5e806638372ed2e963c09028c8ab0df","modules/elasticsearch/src/main/java/org/elasticsearch/gateway/local/LocalGateway.java","56","0","1","8","352","462","1"
"elasticsearch","bc2dc9465a3c2ab948ebf53d88838d73ca6ab9fb","modules/elasticsearch/src/main/java/org/elasticsearch/gateway/local/LocalGateway.java","56","0","1","8","355","461","0"
"elasticsearch","a914865c4506468f8a9ffee7a6f10400beef3ecf","modules/elasticsearch/src/main/java/org/elasticsearch/gateway/local/LocalGateway.java","56","0","1","8","355","465","0"
"MapDB","c6b651ded7e972c588607f0fcfc9097d2ce106c7","src/main/java/org/mapdb/SerializerPojo.java","56","0","1","8","418","621","1"
"BroadleafCommerce","15e70fe6b89d008dd88b5e98dbfc66a720db68bb","admin/broadleaf-open-admin-platform/src/main/java/org/broadleafcommerce/openadmin/dto/Entity.java","56","0","10","26","259","386","0"
"hazelcast","dadc52c29f4469d9c2a65867c707a93c84da74bb","hazelcast/src/test/java/com/hazelcast/executor/ExecutorServiceTest.java","56","0","10","40","1209","1431","0"
"hazelcast","624b7e05d70307ae2881d55c81a707723f377a8b","hazelcast/src/test/java/com/hazelcast/executor/ExecutorServiceTest.java","56","0","10","41","1223","1446","0"
"hazelcast","5d76b88aee4b43cf38817aad18390e2f0f8d76c2","hazelcast/src/test/java/com/hazelcast/executor/ExecutorServiceTest.java","56","0","10","44","1242","1471","1"
"elasticsearch","b00b2b9baaf7d22ba63a2cb6c55ba0218de55324","src/main/java/org/elasticsearch/cluster/metadata/IndexMetaData.java","56","0","10","83","611","811","4"
"elasticsearch","2e2e345dcb90e1ec1c48c6bb5348469fc514aea1","src/main/java/org/elasticsearch/cluster/metadata/IndexMetaData.java","56","0","10","83","612","811","5"
"elasticsearch","96f4c06f46fbf993357c2ff9c90c6d5ad7d80238","src/main/java/org/elasticsearch/cluster/metadata/IndexMetaData.java","56","0","10","83","612","811","4"
"elasticsearch","adc0807c686b37bf1d96bd3eb9d26face380fe44","src/main/java/org/elasticsearch/cluster/metadata/IndexMetaData.java","56","0","10","83","612","811","0"
"elasticsearch","e866da580c6683597ff69086bb1b345564628e9e","client/rest/src/main/java/org/elasticsearch/client/RestClient.java","56","0","13","1","446","714","1"
"orientdb","040b05508933cf63ab4302ba24753d268640088c","core/src/main/java/com/orientechnologies/orient/core/index/OCompositeIndexDefinition.java","56","0","14","12","383","570","2"
"netty","63403884f71250f61d59fde80c9f7d38911f5d00","common/src/main/java/io/netty/util/internal/PlatformDependent.java","56","0","17","15","402","575","0"
"netty","12fe7b52b633b787b1f38336e89965ed396e4a05","common/src/main/java/io/netty/util/internal/PlatformDependent.java","56","0","17","15","404","579","0"
"elasticsearch","a8dcfa5deb65d57ae4814f97c7f5231ed45507c2","src/main/java/org/elasticsearch/cluster/routing/IndexShardRoutingTable.java","56","0","17","29","427","625","0"
"elasticsearch","3de8cbb54c091d2f39722cc45827510328824e2c","core/src/main/java/org/elasticsearch/ElasticsearchException.java","56","0","19","14","526","687","0"
"elasticsearch","f208aaa47c277d323d52b79241cfb8eef64b5e90","core/src/main/java/org/elasticsearch/ElasticsearchException.java","56","0","19","14","527","688","1"
"hazelcast","04c204fcf1f1d07695eb4355106ffdc8e6bc9365","hazelcast/src/main/java/com/hazelcast/config/Config.java","56","0","19","85","714","968","0"
"elasticsearch","b454f64c5756f31c6b1c7b33dd2b373edb1df589","src/main/java/org/elasticsearch/action/bulk/TransportBulkAction.java","56","0","2","1","311","378","1"
"hazelcast","86b064ba3f1e467e74e95d6da24b03122065ce36","hazelcast/src/main/java/com/hazelcast/internal/management/ManagementCenterService.java","56","0","2","13","527","637","2"
"hazelcast","9948976cea0dd05d47e24f303a0b309b4155d329","hazelcast/src/main/java/com/hazelcast/internal/management/ManagementCenterService.java","56","0","2","13","527","637","2"
"hazelcast","3a2d5a5333b639b2d844a8905cd2b5a3cb6572e8","hazelcast/src/main/java/com/hazelcast/internal/management/ManagementCenterService.java","56","0","2","13","527","637","0"
"elasticsearch","4fa924494d89fb66d6b48deac8cadc1bb9bdb269","src/main/java/org/elasticsearch/action/bulk/TransportBulkAction.java","56","0","2","2","304","369","1"
"elasticsearch","61c21f9a0e148db3e450c87c4690bef173ccc821","src/main/java/org/elasticsearch/action/bulk/TransportBulkAction.java","56","0","2","2","324","392","0"
"elasticsearch","a87a23447fed17279453088b10d4b960bffd8e85","src/main/java/org/elasticsearch/action/bulk/TransportBulkAction.java","56","0","2","2","327","397","1"
"hazelcast","b4f94a00cf1628aa0437ded2c556bae9608f74c6","hazelcast/src/main/java/com/hazelcast/client/impl/ClientEngineImpl.java","56","0","2","28","476","580","0"
"BroadleafCommerce","2e43d1b4b2a7cae14ea6299418a9659a139de3b9","core/broadleaf-framework/src/main/java/org/broadleafcommerce/core/order/domain/DiscreteOrderItemImpl.java","56","0","2","34","363","461","1"
"BroadleafCommerce","7b9aa55bd6d500883c6c7f76960b38c364d327ae","core/broadleaf-framework/src/main/java/org/broadleafcommerce/core/order/domain/DiscreteOrderItemImpl.java","56","0","2","34","363","461","1"
"BroadleafCommerce","84000d795592db8be870c128aba69254aac361cc","core/broadleaf-framework/src/main/java/org/broadleafcommerce/core/order/domain/DiscreteOrderItemImpl.java","56","0","2","34","363","461","1"
"BroadleafCommerce","dec5875d19f0949821afd04dc6435068612ed7c2","core/broadleaf-framework/src/main/java/org/broadleafcommerce/core/order/domain/DiscreteOrderItemImpl.java","56","0","2","34","363","461","0"
"BroadleafCommerce","0c21b421c1d9c38444c820eea84cad34979e3b37","core/broadleaf-framework/src/main/java/org/broadleafcommerce/core/order/domain/DiscreteOrderItemImpl.java","56","0","2","34","363","464","3"
"hazelcast","cf0869f63f9dce2da4a009df2225fa00c5ea306d","hazelcast/src/main/java/com/hazelcast/impl/Node.java","56","0","2","41","523","658","0"
"hazelcast","f76b0c0f1372a7b1f2d84c33f88ac7aed1f61684","hazelcast/src/main/java/com/hazelcast/impl/Node.java","56","0","2","41","523","661","1"
"elasticsearch","274d5d1fdb8378d234baa9710ad2480cadb6dfd0","core/src/main/java/org/elasticsearch/discovery/zen/publish/PublishClusterStateAction.java","56","0","2","6","499","654","1"
"elasticsearch","ba6f759f589d725701f193e028f5721466d858b4","core/src/main/java/org/elasticsearch/discovery/zen/publish/PublishClusterStateAction.java","56","0","2","6","501","656","0"
"elasticsearch","5d806bf93eaa1f360187946cec741cf05b7264e1","core/src/main/java/org/elasticsearch/discovery/zen/PublishClusterStateAction.java","56","0","2","6","527","685","1"
"elasticsearch","1f0e0a21705e1ef3d9194ca53590f4d51ef81a35","core/src/main/java/org/elasticsearch/discovery/zen/PublishClusterStateAction.java","56","0","2","6","531","689","0"
"elasticsearch","8bd9e34e39eb586f1180c868f8b07b8c2b2cbdf2","src/test/java/org/elasticsearch/search/highlight/HighlighterSearchTests.java","56","0","2","69","2007","2576","0"
"elasticsearch","edb854d9522b41f86274d776321014e7fc4b8eed","src/test/java/org/elasticsearch/search/highlight/HighlighterSearchTests.java","56","0","2","69","2008","2576","1"
"elasticsearch","d94b25278a2554a2d4e63dab9b0eab9ffa96a893","src/test/java/org/elasticsearch/search/highlight/HighlighterSearchTests.java","56","0","2","69","2015","2586","1"
"mcMMO","8fb8c67148c2820373c5ac1f5888ace05e530444","src/main/java/com/gmail/nossr50/party/PartyManager.java","56","0","22","2","304","542","0"
"hazelcast","beb3154b0ee46c42c8ca8bd0929775cf0989e38d","hazelcast/src/main/java/com/hazelcast/config/MapConfig.java","56","0","22","32","365","627","1"
"hazelcast","2e85d638b5dff963fc534e17a443a1c8ee64184b","hazelcast/src/main/java/com/hazelcast/config/MapConfig.java","56","0","22","32","365","628","0"
"hazelcast","1d211a864aaa163c8df5a29c98b6d98ddfd8006a","hazelcast/src/main/java/com/hazelcast/config/MapConfig.java","56","0","22","32","366","631","0"
"hazelcast","21c4616ffe56ddedf10378c93bbe765ad1e43a86","hazelcast/src/main/java/com/hazelcast/config/MapConfig.java","56","0","22","32","366","631","0"
"hazelcast","ad57280483281ab408d1912106c2a5b7986e94fb","hazelcast/src/main/java/com/hazelcast/config/MapConfig.java","56","0","22","32","366","631","0"
"hazelcast","73e497445dd768b0bd8aa62074a6b922ddaa996d","hazelcast/src/main/java/com/hazelcast/config/MapConfig.java","56","0","22","32","366","631","2"
"BroadleafCommerce","4668ccc6de84817bb25442ffa3e7e2033477d008","common/src/main/java/org/broadleafcommerce/common/web/BroadleafRequestContext.java","56","0","23","47","453","688","0"
"elasticsearch","34b58394870372123cf9c91b28a217b80e09217c","core/src/main/java/org/elasticsearch/common/settings/Setting.java","56","0","24","61","652","971","0"
"elasticsearch","371c73e14023917f3892090d2d3d7ff9ac1216b9","core/src/main/java/org/elasticsearch/common/settings/Setting.java","56","0","24","62","655","975","3"
"elasticsearch","78574d248cf10dad1c5a566fda79e1e0c94afe43","core/src/main/java/org/elasticsearch/common/settings/Setting.java","56","0","24","62","655","975","2"
"elasticsearch","e6aaaf11ed4a1b8f595f920de1840938eddb7a97","core/src/main/java/org/elasticsearch/common/settings/Setting.java","56","0","24","62","655","975","2"
"elasticsearch","a60b8948ba1d836a6eac7cff095519e618939ed8","core/src/main/java/org/elasticsearch/common/settings/Setting.java","56","0","24","62","655","975","0"
"elasticsearch","7c9af98a3ca8bd3f8d987b992136ac37fb2b87cb","core/src/main/java/org/elasticsearch/common/settings/Setting.java","56","0","25","62","659","987","1"
"elasticsearch","55d9e99f513e714e6a612cc4379967f41dc2a500","core/src/main/java/org/elasticsearch/common/settings/Setting.java","56","0","28","61","664","1024","0"
"neo4j","e2695c03c5a058f70e258ae7561b23743b783b74","community/graph-algo/src/main/java/org/neo4j/graphalgo/impl/path/ShortestPath.java","56","0","3","8","546","673","1"
"neo4j","f80491634c569e9bb3c72bd5bfc0e64e14979a19","community/graph-algo/src/main/java/org/neo4j/graphalgo/impl/path/ShortestPath.java","56","0","3","8","547","674","0"
"MapDB","a7c6b0158ee1eb90660a39ef2c0026ea83919fc8","src/main/java/org/mapdb/DBMaker.java","56","0","36","4","477","924","1"
"MapDB","95bf81e83a85b7f1a4dd5a8d81a536f5fc0bd9bf","src/main/java/org/mapdb/DBMaker.java","56","0","37","4","483","939","1"
"hazelcast","6dba37518adaa8b14a3c5bb57043912b8779ae6c","hazelcast/src/main/java/com/hazelcast/config/ConfigXmlGenerator.java","56","0","4","0","339","393","0"
"orientdb","731545a32e96d61ede50300ab6b8dd1166de7431","core/src/main/java/com/orientechnologies/orient/core/storage/impl/local/paginated/atomicoperations/OAtomicOperation.java","56","0","4","20","348","505","0"
"elasticsearch","952feb58e41bd0220784c44136b840ea4a740e26","core/src/main/java/org/elasticsearch/search/aggregations/bucket/histogram/InternalDateHistogram.java","56","0","4","21","394","501","3"
"elasticsearch","0353bd1fb6cf35ee399f2a2041a731783e4f0156","core/src/main/java/org/elasticsearch/search/aggregations/bucket/histogram/InternalDateHistogram.java","56","0","4","22","401","509","2"
"elasticsearch","e7d352b489272a87b05019869857656de7fb82fc","core/src/main/java/org/elasticsearch/search/aggregations/bucket/histogram/InternalDateHistogram.java","56","0","4","22","401","509","2"
"elasticsearch","f658a8d137fd40d110135ff8c6ade973d45f8ced","core/src/main/java/org/elasticsearch/search/aggregations/bucket/histogram/InternalDateHistogram.java","56","0","4","22","401","509","0"
"hazelcast","1f042b8c4a4245594691bb6d85a66ceed9b43068","hazelcast/src/test/java/com/hazelcast/map/impl/mapstore/MapStoreTest.java","56","0","4","88","1246","1539","1"
"hazelcast","2921cff694583b8638dae2991f427e61d5440a9d","hazelcast/src/test/java/com/hazelcast/map/impl/mapstore/MapStoreTest.java","56","0","4","88","1250","1543","0"
"elasticsearch","776e5d8096c7ddea8996d8c70165f6971aadd776","core/src/main/java/org/elasticsearch/action/update/UpdateRequest.java","56","0","46","22","503","798","2"
"elasticsearch","42134cca4d8e61b79b7362f975d092890eecba3a","core/src/main/java/org/elasticsearch/action/update/UpdateRequest.java","56","0","46","22","504","799","1"
"elasticsearch","bd059b8cc3c8e28a5a9866621f96e3c36f9a8ee7","core/src/main/java/org/elasticsearch/action/update/UpdateRequest.java","56","0","46","23","505","800","1"
"neo4j","e585b240041e690c2d74b43946717eb090aceefe","community/kernel/src/main/java/org/neo4j/kernel/impl/api/index/IndexingService.java","56","0","5","26","601","787","1"
"BroadleafCommerce","3072379213153ee7534fa1e9a7c358f58241e5d5","admin/broadleaf-open-admin-platform/src/main/java/org/broadleafcommerce/openadmin/web/form/entity/EntityForm.java","56","0","5","40","333","468","2"
"antlr4","b7e5bfcbf8c9a773b9a5eb7d36a5d790241e89d6","tool/src/org/antlr/v4/analysis/LeftRecursiveRuleAnalyzer.java","56","0","6","13","318","435","1"
"neo4j","ed50a5b2e1bc6bb50e5d4d59c681673ad75d5808","community/kernel/src/main/java/org/neo4j/kernel/impl/api/index/IndexingService.java","56","0","6","24","630","845","0"
"neo4j","3531ccd0c175975b3e1372e68128f4404561f202","community/kernel/src/main/java/org/neo4j/kernel/impl/api/index/IndexingService.java","56","0","6","25","601","789","0"
"elasticsearch","2beda3953d75b387d30cf0fba1095f4b766b0b2a","src/main/java/org/elasticsearch/cluster/routing/RoutingTable.java","56","0","7","30","321","455","0"
"elasticsearch","df9f333a27f6b28a55f80d094d4bf6b152443f41","src/main/java/org/elasticsearch/index/mapper/DocumentMapper.java","56","0","7","49","447","624","0"
"BroadleafCommerce","1b84c3d0744124d273246b931ad8313548bc7009","admin/broadleaf-admin-module/src/main/java/org/broadleafcommerce/admin/server/service/handler/SkuCustomPersistenceHandler.java","56","0","7","8","442","664","3"
"BroadleafCommerce","b7f2b0fc5748d9381c65a840e2241b9ad89ac04c","admin/broadleaf-admin-module/src/main/java/org/broadleafcommerce/admin/server/service/handler/SkuCustomPersistenceHandler.java","56","0","7","8","443","665","3"
"elasticsearch","b82e2c7083c7aae6b22d9103bb7133d63be3a39e","src/test/java/org/elasticsearch/bwcompat/BasicBackwardsCompatibilityTest.java","56","0","8","16","633","776","0"
"elasticsearch","f8453aca57a8151c586d0e14e87932ba7bc82d52","core/src/main/java/org/elasticsearch/action/bulk/byscroll/AbstractAsyncBulkByScrollAction.java","56","0","8","54","622","906","1"
"orientdb","127ce10262f1c3de42f0e3c50d17e886d67c85e3","core/src/main/java/com/orientechnologies/orient/core/sql/OCommandExecutorSQLSelect.java","560","0","4","18","2037","2662","1"
"orientdb","32c11ba7d5bbded657d28bc2cef1ff6df4ad8b22","core/src/main/java/com/orientechnologies/orient/core/sql/OCommandExecutorSQLSelect.java","562","0","4","19","2043","2669","2"
"orientdb","f7728e8158f45d0f658955bf379cb70687426c99","core/src/main/java/com/orientechnologies/orient/core/record/impl/ODocument.java","563","0","52","34","1935","2741","0"
"orientdb","3e920fd2b6c20b8d17f4119cff1edde42a2802bf","core/src/main/java/com/orientechnologies/orient/core/sql/OCommandExecutorSQLSelect.java","564","0","4","19","2051","2679","0"
"orientdb","0db99d726222bdc60dc75dedfe96f246ef94c96d","core/src/main/java/com/orientechnologies/orient/core/sql/OCommandExecutorSQLSelect.java","564","0","4","19","2052","2680","1"
"orientdb","69dde5c3af532dfc8b7ec16104aef29d93001eca","core/src/main/java/com/orientechnologies/orient/core/sql/OCommandExecutorSQLSelect.java","564","0","4","19","2068","2697","0"
"MapDB","09ad5ffff24cee29d88ebf117a13dde8d7f069d6","src/main/java/org/mapdb/BTreeMap.java","564","0","7","96","2611","3735","1"
"orientdb","e4742c7a063bb8324093282680cbb913151e1245","core/src/main/java/com/orientechnologies/orient/core/sql/OCommandExecutorSQLSelect.java","565","0","4","19","2068","2697","0"
"MapDB","056ff9cbcbcffcfe510523d7bff2be19c002cf69","src/main/java/org/mapdb/BTreeMap.java","565","0","7","96","2613","3736","0"
"ceylon-ide-eclipse","5b4c3eac8a7c12c0125a77343e602b4e73083595","plugins/com.redhat.ceylon.eclipse.ui/src/com/redhat/ceylon/eclipse/code/search/FindSearchQuery.java","57","0","0","0","336","364","0"
"ceylon-ide-eclipse","1cfcc411e9affda9de0b72cd43a67f5ec3bb327a","plugins/com.redhat.ceylon.eclipse.ui/src/com/redhat/ceylon/eclipse/code/search/FindSearchQuery.java","57","0","0","0","338","366","0"
"ceylon-ide-eclipse","5218629d8bd554eee987142029a83f3d4067c6da","plugins/com.redhat.ceylon.eclipse.ui/src/com/redhat/ceylon/eclipse/code/search/FindSearchQuery.java","57","0","0","0","344","372","1"
"hazelcast","217c507d7725e99aad3a544ca43bd57110eb4f17","hazelcast/src/main/java/com/hazelcast/concurrent/lock/LockResourceImpl.java","57","0","0","0","363","444","2"
"hazelcast","2edea176b4665cb10a2b77262f277d2d45dfc605","hazelcast/src/main/java/com/hazelcast/concurrent/lock/LockResourceImpl.java","57","0","0","0","364","445","2"
"hazelcast","17681042a785eb0d99c3cdb4c1ce3d18f87bd0b0","hazelcast-client/src/main/java/com/hazelcast/client/cache/impl/AbstractClientInternalCacheProxy.java","57","0","0","0","387","463","1"
"hazelcast","fc99845a53223bcacc3892ec786cc14edeed49d6","hazelcast-client-new/src/main/java/com/hazelcast/client/cache/impl/AbstractClientInternalCacheProxy.java","57","0","0","0","392","468","1"
"hazelcast","23c8fa6ea06ea514d0009b6cb37f8af245bef892","hazelcast-client/src/main/java/com/hazelcast/client/cache/impl/AbstractClientInternalCacheProxy.java","57","0","0","0","396","472","0"
"BroadleafCommerce","5dc2325bf9b095ce456ad82df0f12b3dd5a49e57","common/src/main/java/org/broadleafcommerce/common/i18n/service/TranslationServiceImpl.java","57","0","0","12","372","476","2"
"elasticsearch","ae742c4a038b5a1f7cbfdf1697845cd8ea4d71ac","core/src/test/java/org/elasticsearch/search/aggregations/pipeline/moving/avg/MovAvgUnitTests.java","57","0","0","14","458","635","1"
"hazelcast","f037df903225ed43b334b83fcc3a038db05b6124","hazelcast/src/main/java/com/hazelcast/query/Index.java","57","0","0","17","243","298","0"
"hazelcast","fefb58724d2938136001b58aa342619824ba85b1","hazelcast/src/main/java/com/hazelcast/query/Index.java","57","0","0","17","243","298","0"
"hazelcast","f2822427f5d349784b7b746e5183419e9e7c6f08","hazelcast/src/main/java/com/hazelcast/query/Index.java","57","0","0","17","243","298","1"
"hazelcast","1b2d38787bc83f56b6916b8ad6147389197e2ce7","hazelcast/src/main/java/com/hazelcast/query/Index.java","57","0","0","17","244","299","2"
"hazelcast","e8a91a32e1a9e4c50d7fdb5f87df6018fc1f7aa0","hazelcast-client/src/main/java/com/hazelcast/client/connection/nio/ClientConnectionManagerImpl.java","57","0","0","18","490","573","2"
"ceylon-ide-eclipse","e86132713a9aa7efe6e4cd4397ff555cf433e986","plugins/com.redhat.ceylon.eclipse.ui/src/com/redhat/ceylon/eclipse/util/FindReferencesVisitor.java","57","0","0","19","259","291","0"
"elasticsearch","0bbb84c19a0ff2ad974bb2bd8002871e4ee1ac73","core/src/test/java/org/elasticsearch/cluster/ClusterStateDiffIT.java","57","0","0","2","484","671","1"
"elasticsearch","266394c3ab5837ed0d2e30a4808a6d01e3e52193","core/src/test/java/org/elasticsearch/cluster/ClusterStateDiffIT.java","57","0","0","2","485","672","0"
"elasticsearch","2f6405ee277ec64269dd13fdfbd8445f96b4516d","core/src/test/java/org/elasticsearch/cluster/ClusterStateDiffIT.java","57","0","0","2","491","678","1"
"netty","772a9d261094463d35df86f2c9e1548e4ba96ff0","transport/src/main/java/io/netty/channel/DefaultChannelHandlerInvoker.java","57","0","0","21","481","574","0"
"elasticsearch","46088b9f8acc057414ba222809b1b6bc3e1a435e","modules/elasticsearch/src/main/java/org/elasticsearch/common/CacheRecycler.java","57","0","0","25","292","383","0"
"neo4j","c3a5cbf00866abb108bf34ce2e0680026fdd2025","community/kernel/src/main/java/org/neo4j/unsafe/batchinsert/internal/BatchInserterImpl.java","57","0","0","29","1140","1341","1"
"BroadleafCommerce","a48a3323f153943acb12d3fc823173fd06a4a4a4","core/broadleaf-framework/src/main/java/org/broadleafcommerce/core/order/domain/BundleOrderItemImpl.java","57","0","0","38","381","459","2"
"BroadleafCommerce","0c21b421c1d9c38444c820eea84cad34979e3b37","core/broadleaf-framework/src/main/java/org/broadleafcommerce/core/order/domain/BundleOrderItemImpl.java","57","0","0","38","381","462","2"
"BroadleafCommerce","4ec3565833f30c02f4c8172ee7bfc96e36388c70","core/broadleaf-framework/src/main/java/org/broadleafcommerce/core/order/domain/BundleOrderItemImpl.java","57","0","0","38","382","460","1"
"BroadleafCommerce","26ad5e3200a96bb3189406421dcd322db8053b5c","core/broadleaf-framework/src/main/java/org/broadleafcommerce/core/order/domain/BundleOrderItemImpl.java","57","0","0","38","383","464","3"
"BroadleafCommerce","1da50e8d41f90a9ef84e26a97845dc812fbc27ad","core/broadleaf-framework/src/main/java/org/broadleafcommerce/core/order/domain/BundleOrderItemImpl.java","57","0","0","38","384","465","2"
"orientdb","a9f68f19429897a7cead4d4fab256830d56567b0","core/src/main/java/com/orientechnologies/orient/core/fetch/OFetchPlan.java","57","0","0","4","147","220","1"
"hazelcast","a138f413bfacf65e913a5ad035355b63bbabf793","hazelcast/src/test/java/com/hazelcast/mapreduce/MapReduceTest.java","57","0","0","94","954","1230","2"
"hazelcast","f96dcdc625ffb806bf806cd18cb1aed7d6bffac4","hazelcast/src/test/java/com/hazelcast/mapreduce/MapReduceTest.java","57","0","0","94","954","1230","1"
"hazelcast","bdc21b98f051cd748fb1c4ba3c86f91160e370fa","hazelcast/src/test/java/com/hazelcast/mapreduce/MapReduceTest.java","57","0","0","94","954","1230","0"
"hazelcast","ccbfb3fe4f981f5a73b2b381cfe404b417c74caa","hazelcast-spring/src/main/java/com/hazelcast/spring/HazelcastClientBeanDefinitionParser.java","57","0","1","0","288","363","1"
"orientdb","91675adf3edc69606e1c7c570694b25b53e6d7bc","core/src/main/java/com/orientechnologies/orient/core/storage/impl/local/paginated/OLocalPaginatedStorage.java","57","0","1","11","404","508","0"
"MapDB","fa4db686fc512a0e260333bf7c2e3bcbd959f359","src/main/java/org/mapdb/LongConcurrentLRUMap.java","57","0","1","11","407","731","0"
"MapDB","63fead272a5b3a8a4599fd7c30ad70b4a43f667b","src/main/java/org/mapdb/LongConcurrentLRUMap.java","57","0","1","11","408","732","0"
"elasticsearch","d2f25416e4a14812d0961ddce0da73bee0b68b27","core/src/main/java/org/elasticsearch/gateway/PrimaryShardAllocator.java","57","0","1","2","279","397","1"
"elasticsearch","146a6d3730f387106ad08066761d398eb4911335","modules/elasticsearch/src/main/java/org/elasticsearch/action/get/TransportGetAction.java","57","0","1","2","286","364","1"
"elasticsearch","ca7cd215197540eff550e144a63509c0fb691d5d","modules/elasticsearch/src/main/java/org/elasticsearch/action/get/TransportGetAction.java","57","0","1","2","287","365","0"
"hazelcast","6d6baa58a44233270f28a9732e83880de579b0c3","hazelcast/src/main/java/com/hazelcast/map/tx/TransactionalMapProxy.java","57","0","1","20","299","356","2"
"hazelcast","930a9a6a25402ffa4c7ea81141069ef184c71d2b","hazelcast/src/main/java/com/hazelcast/map/tx/TransactionalMapProxy.java","57","0","1","20","304","364","0"
"hazelcast","526abf8a41a024e20f78cfae44306b1bd8a5e346","hazelcast/src/main/java/com/hazelcast/map/tx/TransactionalMapProxy.java","57","0","1","20","330","392","2"
"hazelcast","22bdfcfa23a11ee774cc8c5b6308c0925c660aab","hazelcast/src/main/java/com/hazelcast/map/impl/tx/TransactionalMapProxy.java","57","0","1","20","333","395","1"
"netty","731f52fdf73852a8fc597b1f08ed86b63caee375","codec-http2/src/main/java/io/netty/handler/codec/http2/DefaultHttp2FrameWriter.java","57","0","1","21","476","616","1"
"netty","2fd42cfc6b32dacb812c6f2ecef8522cd94718d4","codec-http2/src/main/java/io/netty/handler/codec/http2/DefaultHttp2FrameWriter.java","57","0","1","22","492","641","0"
"neo4j","a2b95522908704726ea9546ced9d284232438acd","enterprise/security/src/main/java/org/neo4j/server/security/enterprise/auth/InternalFlatFileRealm.java","57","0","1","26","629","755","0"
"elasticsearch","010b910333ee16f18b2a2ec81579bc2c3d9a0614","src/main/java/org/elasticsearch/index/query/QueryStringQueryParser.java","57","0","1","3","172","212","0"
"elasticsearch","6c406d0e0ed532d5b7cfeaeb01b78dcb675cbf0d","src/main/java/org/elasticsearch/index/query/QueryStringQueryParser.java","57","0","1","3","175","215","0"
"hazelcast","5f4c3fad22c2d45609374d9c541482d85950cafa","hazelcast/src/main/java/com/hazelcast/internal/management/TimedMemberStateFactory.java","57","0","1","3","311","373","2"
"orientdb","2933b9503bb8304e2b2fa3d291080bbdae0cb2a4","distributed/src/test/java/com/orientechnologies/orient/server/distributed/AbstractServerClusterTest.java","57","0","1","3","376","513","1"
"orientdb","71c1ac0b4ae14446a07814dd2ea75d1256785b10","distributed/src/test/java/com/orientechnologies/orient/server/distributed/AbstractServerClusterTest.java","57","0","1","3","382","520","0"
"elasticsearch","c3746b268ca9a9e7e26ec861dd05e654c9bace62","core/src/main/java/org/elasticsearch/index/mapper/ObjectMapper.java","57","0","1","30","412","522","1"
"hazelcast","1f042b8c4a4245594691bb6d85a66ceed9b43068","hazelcast/src/main/java/com/hazelcast/internal/cluster/impl/ClusterHeartbeatManager.java","57","0","1","4","342","449","1"
"hazelcast","485f426abc042144ebf9fd213e724556ad967191","hazelcast/src/main/java/com/hazelcast/internal/cluster/impl/ClusterHeartbeatManager.java","57","0","1","4","342","449","2"
"hazelcast","51bdf8a403e085bb80d7dfad88cfd3a816bfaec8","hazelcast/src/main/java/com/hazelcast/internal/cluster/impl/ClusterHeartbeatManager.java","57","0","1","4","342","449","2"
"hazelcast","8d373b62327a5c012a5b8f2bad456311df03bf61","hazelcast/src/main/java/com/hazelcast/internal/cluster/impl/ClusterHeartbeatManager.java","57","0","1","4","342","449","2"
"hazelcast","2921cff694583b8638dae2991f427e61d5440a9d","hazelcast/src/main/java/com/hazelcast/internal/cluster/impl/ClusterHeartbeatManager.java","57","0","1","4","342","449","0"
"hazelcast","e641541f77808713a214b6d1b4ef4d58497824f1","hazelcast/src/main/java/com/hazelcast/internal/cluster/impl/ClusterHeartbeatManager.java","57","0","1","4","355","465","0"
"orientdb","5eaac7fb81a11ea5eba9d0a5e4ea1f4a7bee3f03","core/src/main/java/com/orientechnologies/orient/core/sql/operator/OQueryOperatorIn.java","57","0","1","5","210","284","0"
"elasticsearch","d2d65f2f65eefbcf36125681b9d66620f2cc0afb","src/main/java/org/elasticsearch/discovery/zen/ping/multicast/MulticastZenPing.java","57","0","1","5","442","559","0"
"BroadleafCommerce","4236f9f91a123cded7d4a6cc714fed8847b45d27","core/broadleaf-profile/src/main/java/org/broadleafcommerce/profile/core/service/CustomerServiceImpl.java","57","0","1","50","524","695","0"
"BroadleafCommerce","28afdc6932587a86414e22b528791cb3939e04a0","core/broadleaf-profile/src/main/java/org/broadleafcommerce/profile/core/service/CustomerServiceImpl.java","57","0","1","50","534","727","0"
"elasticsearch","91e31e530fcff909c6d8dc441c45088dd3620974","src/test/java/org/elasticsearch/search/highlight/HighlighterSearchTests.java","57","0","1","59","2120","2666","1"
"elasticsearch","4a21ddf6f3ca3661344cd7dca8bf6cd17227e35a","src/main/java/org/elasticsearch/search/highlight/HighlightPhase.java","57","0","1","6","268","342","0"
"orientdb","7a678522a2d83448543bc75d7360ac0857529727","core/src/main/java/com/orientechnologies/orient/core/command/script/OCommandExecutorScript.java","57","0","1","6","282","405","2"
"elasticsearch","06938e6fb0aa100d9f8980135c205f1d82bd3f5c","src/test/java/org/elasticsearch/search/highlight/HighlighterSearchTests.java","57","0","1","61","2152","2702","0"
"elasticsearch","d4463602f68f039069d9fe8ceaf16a639fc52c9f","src/test/java/org/elasticsearch/search/query/SearchQueryTests.java","57","0","1","68","2059","2502","1"
"elasticsearch","3c3e9b63a7ae59c276cdf098ae96f24a6faaba6f","src/test/java/org/elasticsearch/search/query/SearchQueryTests.java","57","0","1","69","2085","2540","0"
"orientdb","1ade7c4588d0bc6d481fc25292b2491af2ee6dce","core/src/main/java/com/orientechnologies/orient/core/command/script/OCommandExecutorScript.java","57","0","1","7","286","409","3"
"mct","fc17af8aec0dfc5373de8f43ab793377ed63f060","fastPlotViews/src/main/java/gov/nasa/arc/mct/fastplot/bridge/PlotLocalControlsManager.java","57","0","1","7","434","551","0"
"mct","15f0141df0856e61ab3ebe8029be16fd462fc23d","fastPlotViews/src/main/java/gov/nasa/arc/mct/fastplot/bridge/PlotLocalControlsManager.java","57","0","1","7","435","552","0"
"neo4j","3ba4c3eb9ac99cd80673b361aec957e934853e90","community/kernel/src/main/java/org/neo4j/kernel/impl/api/store/StorePropertyCursor.java","57","0","1","7","495","577","1"
"elasticsearch","50923a764cd28736710b9d9a4e30fe81a209e30b","src/test/java/org/elasticsearch/search/query/SimpleQueryTests.java","57","0","1","72","2220","2704","1"
"elasticsearch","9080f51340b1b26f8bd171b4c82de8d87ad42b55","core/src/main/java/org/elasticsearch/index/query/functionscore/DecayFunctionBuilder.java","57","0","1","8","458","565","1"
"hazelcast","bddf9980b5ec366319e9a8793d15557746db22a5","hazelcast/src/test/java/com/hazelcast/map/EvictionTest.java","57","0","10","25","862","1098","2"
"hazelcast","183b9b48f02963ab3b67538bf24d26f3ca482a0e","hazelcast/src/test/java/com/hazelcast/map/EvictionTest.java","57","0","10","25","863","1098","0"
"hazelcast","b6bc4bf67b66e6795d2246169999ba7fe5cb05b6","hazelcast/src/test/java/com/hazelcast/map/EvictionTest.java","57","0","10","26","883","1136","1"
"hazelcast","389c25b47e3424ed9556cca74928774f21c029c4","hazelcast/src/test/java/com/hazelcast/executor/ExecutorServiceTest.java","57","0","10","44","1247","1485","0"
"hazelcast","a69a99feb399aa5855f2cc876a0626ab7dd20d84","hazelcast/src/test/java/com/hazelcast/executor/ExecutorServiceTest.java","57","0","10","44","1251","1488","2"
"hazelcast","a820a9220d79fbad20c26546baac8665060f52a6","hazelcast/src/test/java/com/hazelcast/executor/ExecutorServiceTest.java","57","0","10","44","1260","1498","2"
"hazelcast","e4b93ea49cc187c6159c002336ad0d2a378870bf","hazelcast/src/test/java/com/hazelcast/executor/ExecutorServiceTest.java","57","0","10","45","1274","1514","1"
"hazelcast","38ffe8c5e2d3c88137e801b25fbc380b50929dfb","hazelcast/src/test/java/com/hazelcast/executor/ExecutorServiceTest.java","57","0","10","45","1283","1524","0"
"elasticsearch","33eb6a13bfcb8c1618c3806e67da6be450b077a3","client/rest/src/main/java/org/elasticsearch/client/RestClient.java","57","0","13","1","450","718","0"
"mcMMO","9618e45a1181b8d474fdae56e75e84aa1b988274","src/main/java/com/gmail/nossr50/util/ModUtils.java","57","0","13","3","173","295","1"
"mcMMO","6fea7c8d746973eb05ba180fadcbd4064a081c7e","src/main/java/com/gmail/nossr50/util/ModUtils.java","57","0","13","3","173","295","1"
"mcMMO","bd45fff1b4bc9d3015c4d6c359f565adb42091e7","src/main/java/com/gmail/nossr50/util/ModUtils.java","57","0","13","3","173","295","0"
"orientdb","56f9bf3a10535e331c512f9852b1779bbc1d38b0","core/src/main/java/com/orientechnologies/orient/core/index/OCompositeIndexDefinition.java","57","0","14","12","386","574","0"
"orientdb","e59621253ba0a7dd56137306db74a7a1ef5a2fd4","core/src/main/java/com/orientechnologies/orient/core/index/OCompositeIndexDefinition.java","57","0","14","12","388","576","1"
"mcMMO","1edb11cedf98faf89230484076bf6ea8ce5e2c8d","src/main/java/com/gmail/nossr50/util/ModUtils.java","57","0","14","3","176","306","0"
"orientdb","c902353d86924562826c9114fd6a1242a65ada6d","core/src/main/java/com/orientechnologies/orient/core/storage/impl/local/paginated/wal/OLogSegmentV1.java","57","0","14","4","430","612","0"
"netty","04a22498148669c5a1c2a8d32e50b2364ef61ae3","common/src/main/java/io/netty/util/internal/PlatformDependent.java","57","0","17","15","408","583","0"
"BroadleafCommerce","67e04eaf91a9e0e607731d7b98b4d7a95a3da3dd","admin/broadleaf-open-admin-platform/src/main/java/org/broadleafcommerce/openadmin/web/controller/entity/AdminBasicEntityController.java","57","0","18","0","647","1130","7"
"elasticsearch","371c73e14023917f3892090d2d3d7ff9ac1216b9","core/src/main/java/org/elasticsearch/index/query/GeoBoundingBoxQueryBuilder.java","57","0","18","3","357","523","3"
"elasticsearch","78574d248cf10dad1c5a566fda79e1e0c94afe43","core/src/main/java/org/elasticsearch/index/query/GeoBoundingBoxQueryBuilder.java","57","0","18","3","357","523","2"
"elasticsearch","e6aaaf11ed4a1b8f595f920de1840938eddb7a97","core/src/main/java/org/elasticsearch/index/query/GeoBoundingBoxQueryBuilder.java","57","0","18","3","357","523","2"
"elasticsearch","a60b8948ba1d836a6eac7cff095519e618939ed8","core/src/main/java/org/elasticsearch/index/query/GeoBoundingBoxQueryBuilder.java","57","0","18","3","357","523","0"
"netty","217f8ce1fd26d7c125612ad6aa4f53819b403d12","codec-http/src/main/java/io/netty/handler/codec/http/CookieDecoder.java","57","0","2","0","216","293","0"
"elasticsearch","08f7caa56b3519f4569e82cdceb57dee14e19420","src/main/java/org/elasticsearch/gateway/GatewayMetaState.java","57","0","2","10","272","361","0"
"elasticsearch","3cda9b2bd736342ccd6311b1e8d9960bb68a1fa7","src/main/java/org/elasticsearch/gateway/GatewayMetaState.java","57","0","2","10","272","361","0"
"elasticsearch","cc3f02c0a03686b915b846d1aff04cd90cf29914","src/main/java/org/elasticsearch/gateway/GatewayMetaState.java","57","0","2","10","272","361","1"
"hazelcast","550f78cb3fd05969bb8d30e18f00c4332066ab5a","hazelcast/src/main/java/com/hazelcast/internal/management/ManagementCenterService.java","57","0","2","14","534","650","0"
"hazelcast","f6a9ed0da939abdb8d039d79403362e2f8ac0e68","hazelcast/src/main/java/com/hazelcast/internal/management/ManagementCenterService.java","57","0","2","14","536","652","1"
"hazelcast","45fc4414c1dca0d0769d5a4b4e1425af5b0802c5","hazelcast/src/main/java/com/hazelcast/internal/management/ManagementCenterService.java","57","0","2","14","539","655","0"
"elasticsearch","2da79f2b5e403de54640735e3778bc5b5e2cf9e7","core/src/main/java/org/elasticsearch/action/support/replication/TransportReplicationAction.java","57","0","2","23","950","1248","1"
"elasticsearch","f121cd3beb4b1b5a3acd991a099bbe4177eaa547","core/src/main/java/org/elasticsearch/action/support/replication/TransportReplicationAction.java","57","0","2","23","951","1254","0"
"elasticsearch","b4d1d899d2d91cce8677deb0930ae622121d1ca1","src/main/java/org/elasticsearch/index/mapper/core/CompletionFieldMapper.java","57","0","2","25","354","435","0"
"elasticsearch","0554f8e875f18b30f1082ed864cdd58fc9c4d0b5","src/main/java/org/elasticsearch/index/mapper/core/CompletionFieldMapper.java","57","0","2","25","355","436","0"
"elasticsearch","1654ae89379aeea586cbdff45a0b1d0cf4d00ebd","src/main/java/org/elasticsearch/index/mapper/core/CompletionFieldMapper.java","57","0","2","25","355","436","0"
"elasticsearch","7694f0b7a09c85dd28bd9553dcd6000a782d09db","src/main/java/org/elasticsearch/index/mapper/core/CompletionFieldMapper.java","57","0","2","25","355","436","1"
"netty","e80abf0b39e26ea85c978142d0ec1b9ee31e367c","codec-http/src/main/java/io/netty/handler/codec/http/DefaultCookie.java","57","0","2","28","291","361","0"
"hazelcast","d1abf041261dea8bb0dbb4a3541ef479f384b5a8","hazelcast/src/main/java/com/hazelcast/client/impl/ClientEngineImpl.java","57","0","2","28","484","589","1"
"hazelcast","dbd9acc78d6d07c50c5bff17a1cb2c50dcbeff4f","hazelcast/src/main/java/com/hazelcast/client/impl/ClientEngineImpl.java","57","0","2","28","484","589","1"
"hazelcast","624b7e05d70307ae2881d55c81a707723f377a8b","hazelcast/src/main/java/com/hazelcast/client/impl/ClientEngineImpl.java","57","0","2","28","484","589","0"
"elasticsearch","62b821ccf4e2bf221382df85e2785016f74012bc","core/src/main/java/org/elasticsearch/index/mapper/ObjectMapper.java","57","0","2","31","417","535","1"
"elasticsearch","825edd8dba9f62857e8703edb50d41aeee53c238","core/src/main/java/org/elasticsearch/index/mapper/ObjectMapper.java","57","0","2","31","419","537","3"
"elasticsearch","1fe3e36934de9f01d9aa46ccc8cc5b1909b8a961","core/src/main/java/org/elasticsearch/index/mapper/ObjectMapper.java","57","0","2","31","420","538","3"
"elasticsearch","a44655763e150522d58cbd8113fb1b30a475b8c7","core/src/test/java/org/elasticsearch/index/shard/IndexShardTests.java","57","0","2","34","1172","1451","0"
"elasticsearch","1243abfeccd5424aced7e8c0612484d131160362","core/src/test/java/org/elasticsearch/index/shard/IndexShardTests.java","57","0","2","34","1175","1454","1"
"elasticsearch","6174e21f47244b6d5153d7d0cc1fe28fe863399d","core/src/test/java/org/elasticsearch/search/aggregations/bucket/LongTermsIT.java","57","0","2","38","914","1140","1"
"hazelcast","c5949254422f87324722754f5faa05e03651159c","hazelcast/src/test/java/com/hazelcast/test/HazelcastTestSupport.java","57","0","2","67","546","680","2"
"netty","ec5ad7b22c866fea7f15d97f59ff13f1825120bf","transport/src/main/java/io/netty/channel/socket/aio/AioSocketChannel.java","57","0","2","8","423","574","1"
"mcMMO","62a767db898c70746a02c9507ee141b2c32da95a","src/main/java/com/gmail/nossr50/config/experience/ExperienceConfig.java","57","0","20","19","236","372","0"
"orientdb","72bdda1aab582a1ced5d47cf03801b83d2c4dc80","graphdb/src/main/java/com/orientechnologies/orient/graph/batch/OGraphBatchInsert.java","57","0","21","1","350","566","0"
"orientdb","e58d0336adbde3fcc3f2e04efb13f437ccac040c","graphdb/src/main/java/com/orientechnologies/orient/graph/batch/OGraphBatchInsert.java","57","0","21","1","350","566","0"
"orientdb","f9b6f5b76bb25c3e1febcfe5cb006c2671ca5656","graphdb/src/main/java/com/orientechnologies/orient/graph/batch/OGraphBatchInsert.java","57","0","21","1","350","566","0"
"orientdb","afc113ad60f06458f592b8b41be431324104087a","graphdb/src/main/java/com/orientechnologies/orient/graph/batch/OGraphBatchInsert.java","57","0","21","1","350","566","1"
"elasticsearch","9080f51340b1b26f8bd171b4c82de8d87ad42b55","core/src/main/java/org/elasticsearch/index/query/RangeQueryBuilder.java","57","0","22","2","341","488","1"
"elasticsearch","ef0e3db0de6928ddca70d18e929223980f283fe1","core/src/main/java/org/elasticsearch/common/settings/AbstractScopedSettings.java","57","0","23","1","336","549","0"
"elasticsearch","3c8ff45917ac7cb5a154a4c8e4fd298490f466a4","core/src/main/java/org/elasticsearch/common/settings/AbstractScopedSettings.java","57","0","23","1","339","552","1"
"orientdb","7442819d56ad5922f025e9a82418c2286bbd4c08","etl/src/main/java/com/orientechnologies/orient/etl/OETLProcessor.java","57","0","3","17","456","640","0"
"titan","99d0fe408262931e0a936d850deafa101862a483","src/main/java/com/thinkaurelius/titan/graphdb/transaction/AbstractTitanTx.java","57","0","3","32","399","527","1"
"titan","a1e70246868f0fc9e3e6e1bd454f2b0b13170c3b","src/main/java/com/thinkaurelius/titan/graphdb/transaction/AbstractTitanTx.java","57","0","3","32","400","528","2"
"hazelcast","0dcac2107149f1a24af61788b11b53bd49eb4a73","hazelcast/src/main/java/com/hazelcast/instance/Node.java","57","0","3","37","466","589","0"
"elasticsearch","3aed047bdedde1bda189cbfc2f81e65af42e57c5","core/src/test/java/org/elasticsearch/search/aggregations/bucket/LongTermsIT.java","57","0","3","38","940","1180","0"
"BroadleafCommerce","1e4f716492b56ce3b323df05fb715ed232d3ee70","common/src/main/java/org/broadleafcommerce/common/extensibility/jpa/MergePersistenceUnitManager.java","57","0","3","5","302","388","3"
"netty","b701da8d1c79b4a2f02e3ff2d22a31f1bf084d00","codec-http2/src/main/java/io/netty/handler/codec/http2/internal/hpack/Decoder.java","57","0","3","5","337","479","1"
"antlr4","aa909ddcb16ed74f571f5468380076675e730117","tool/src/org/antlr/v4/semantics/SymbolChecks.java","57","0","3","8","244","319","1"
"elasticsearch","dab1f76e0360a92767de9adbbd567241913f5faa","src/main/java/org/elasticsearch/snapshots/RestoreService.java","57","0","30","2","453","788","1"
"elasticsearch","dab1f76e0360a92767de9adbbd567241913f5faa","src/main/java/org/elasticsearch/snapshots/RestoreService.java","57","0","30","2","453","788","1"
"elasticsearch","7209f9f40bc253adc7479a0ce276b5a4375aa2c4","src/main/java/org/elasticsearch/snapshots/RestoreService.java","57","0","30","2","453","788","0"
"elasticsearch","b40c1deebe410eb5279579030493e5c63c02075d","core/src/main/java/org/elasticsearch/action/index/IndexRequest.java","57","0","34","20","446","704","1"
"hazelcast","f4c33973f2e5f804f6743683b11c8a43922bfc7e","hazelcast/src/main/java/com/hazelcast/internal/cluster/impl/ClusterHeartbeatManager.java","57","0","4","1","356","561","1"
"elasticsearch","1a67793a4b47eff3671d305383aa22099676909a","src/main/java/org/elasticsearch/common/lucene/Lucene.java","57","0","4","15","309","379","0"
"titan","e715670b304da165feafdf2a991772ae8ff46f25","titan-test/src/main/java/com/thinkaurelius/titan/graphdb/TitanGraphTest.java","57","0","4","18","839","1020","3"
"elasticsearch","2fb0466f669b030dfdd3cf0f876f4f4a98560781","test/framework/src/main/java/org/elasticsearch/test/ESTestCase.java","57","0","44","42","804","1163","1"
"elasticsearch","577e6a5e147d2222c7b618af3601adb3e3cedf39","test/framework/src/main/java/org/elasticsearch/test/ESTestCase.java","57","0","44","42","814","1174","0"
"elasticsearch","a518599e27047549347ac58d66d66b7bfd27f988","core/src/main/java/org/elasticsearch/action/update/UpdateRequest.java","57","0","46","22","506","801","3"
"elasticsearch","bb6fb6e08341d7c2156327ed80354ca827f19a1a","src/main/java/org/elasticsearch/search/facet/termsstats/TermsStatsFacet.java","57","0","5","22","241","338","0"
"elasticsearch","142d7bdd812d5d7ca31b22fbed053392e1e456aa","src/main/java/org/elasticsearch/index/mapper/core/StringFieldMapper.java","57","0","5","22","319","414","1"
"elasticsearch","2c1c5c163f24183ce4275c0190f11f85f6ee8311","src/main/java/org/elasticsearch/action/bench/BenchmarkService.java","57","0","5","36","590","758","1"
"elasticsearch","e47de1f8094eae3721432ebdd12e7db446433a35","src/main/java/org/elasticsearch/action/bench/BenchmarkService.java","57","0","5","36","590","760","1"
"ceylon-ide-eclipse","c8298288d63b316cb817c7603e5cf29ce63f1128","plugins/com.redhat.ceylon.eclipse.ui/src/com/redhat/ceylon/eclipse/core/classpath/CeylonClasspathUtil.java","57","0","5","8","257","344","0"
"elasticsearch","56cc87b7ccd41040d8fafcaf2da3680d96d10839","core/src/main/java/org/elasticsearch/Version.java","57","0","6","13","272","356","0"
"elasticsearch","25fd9e26c4fb042d6f6dea14efcd239577bdbbc4","core/src/main/java/org/elasticsearch/Version.java","57","0","6","14","275","361","0"
"elasticsearch","a8a35d7c291a999e13a56fd2107427453b7c76ba","src/main/java/org/elasticsearch/common/geo/builders/BasePolygonBuilder.java","57","0","7","10","337","555","0"
"elasticsearch","c0129ebcc2a2f2c7c70e295205a5f5be9eb0795e","src/main/java/org/elasticsearch/repositories/blobstore/BlobStoreRepository.java","57","0","7","4","436","673","0"
"elasticsearch","794a284093d43c9cfba6b75905e1b294c2a12988","modules/elasticsearch/src/main/java/org/elasticsearch/index/mapper/DocumentMapper.java","57","0","7","58","545","748","0"
"elasticsearch","f1e23067cd641e27efcc0523161a3904b7d06ae3","modules/elasticsearch/src/main/java/org/elasticsearch/index/mapper/DocumentMapper.java","57","0","7","58","548","751","0"
"elasticsearch","ff697c9ac2b188809b5eb74102e70246c21365c0","core/src/test/java/org/elasticsearch/index/query/AbstractQueryTestCase.java","57","0","7","8","723","943","4"
"elasticsearch","d885fe62ea680989f1c27a9206f616cc5bae25ce","core/src/test/java/org/elasticsearch/index/query/AbstractQueryTestCase.java","57","0","7","8","731","951","2"
"orientdb","3e920fd2b6c20b8d17f4119cff1edde42a2802bf","core/src/main/java/com/orientechnologies/orient/core/iterator/OIdentifiableIterator.java","57","0","8","12","267","426","0"
"orientdb","40eeb1f2dd529f467d5854913f0df623963a7038","core/src/main/java/com/orientechnologies/orient/core/iterator/OIdentifiableIterator.java","57","0","8","12","268","428","0"
"orientdb","9979cb5d4ab1576959bb7eaba154dfaf328a12c7","core/src/main/java/com/orientechnologies/orient/core/iterator/OIdentifiableIterator.java","57","0","8","12","268","428","0"
"orientdb","c3943915a7ca022d85b4aea72942208d7cf621c4","core/src/main/java/com/orientechnologies/orient/core/iterator/OIdentifiableIterator.java","57","0","8","12","268","428","1"
"orientdb","13c84a352a84fa9a8e4b68c8913322c99e1dca97","core/src/main/java/com/orientechnologies/orient/core/iterator/OIdentifiableIterator.java","57","0","8","12","271","430","1"
"elasticsearch","4c1bc3ae4f76f04f6ff17a8ae1ebaeca4ed1aa99","src/test/java/org/elasticsearch/bwcompat/BasicBackwardsCompatibilityTest.java","57","0","8","16","660","805","2"
"BroadleafCommerce","dd8d2b537b1e04aab4f2f66a478d00460450e557","admin/broadleaf-admin-module/src/main/java/org/broadleafcommerce/admin/server/service/handler/SkuCustomPersistenceHandler.java","57","0","8","8","444","680","1"
"elasticsearch","edc09a7ac581976452ec2025940d9edfc5519940","core/src/test/java/org/elasticsearch/index/query/AbstractQueryTestCase.java","57","0","8","8","754","989","3"
"elasticsearch","3c355b66fef6d4adff1c1871767f65454bf91497","core/src/test/java/org/elasticsearch/index/query/AbstractQueryTestCase.java","57","0","8","8","761","997","2"
"elasticsearch","65803f8abdf00817746518677efaec3abe9fbc45","core/src/test/java/org/elasticsearch/index/query/AbstractQueryTestCase.java","57","0","8","8","766","1004","2"
"titan","4d4700f2228f768450954df98aa8af68df125e2f","titan-test/src/main/java/com/thinkaurelius/titan/graphdb/TitanIndexTest.java","57","0","9","10","1019","1328","0"
"orientdb","807221944f10678433892c192193cb40989fc482","core/src/main/java/com/orientechnologies/orient/core/iterator/OIdentifiableIterator.java","57","0","9","12","273","442","0"
"hazelcast","2370bfc23acba3dae804f189052da0099e100cc9","hazelcast/src/test/java/com/hazelcast/map/EvictionTest.java","57","0","9","27","867","1088","1"
"hazelcast","9df10b21d04cc76f7afb6a562d5b8b5a158410d5","hazelcast/src/test/java/com/hazelcast/map/EvictionTest.java","57","0","9","27","868","1088","0"
"hazelcast","b7b1cb13c101c439c89b8465c164c32815b0dcdb","hazelcast/src/test/java/com/hazelcast/map/EvictionTest.java","57","0","9","27","868","1089","0"
"hazelcast","c1bd7cec56c01177eaaa9a9c81c411e70652dd6b","hazelcast/src/main/java/com/hazelcast/spi/impl/operationservice/impl/OperationRunnerImpl.java","58","0","0","0","315","403","2"
"hazelcast","42c497fd2cd5fae3f6097086045dc581c227ac64","hazelcast/src/main/java/com/hazelcast/spi/impl/operationservice/impl/OperationRunnerImpl.java","58","0","0","0","325","416","1"
"hazelcast","37e0e82da0ec9714eb1a5f104d49f4dd2a7fda11","hazelcast/src/main/java/com/hazelcast/spi/impl/BasicInvocationFuture.java","58","0","0","0","351","446","0"
"hazelcast","ca2f3fb9e49d66b620c6398a29b098c3f6538835","hazelcast/src/main/java/com/hazelcast/transaction/impl/TransactionImpl.java","58","0","0","0","373","444","0"
"hazelcast","b160352ca4a1035afbf9def0c927ec2570b95466","hazelcast/src/main/java/com/hazelcast/spi/impl/operationservice/impl/Invocation.java","58","0","0","0","418","586","2"
"ceylon-ide-eclipse","483bc3da89da192c48bdfebd25525b764d7a7742","plugins/com.redhat.ceylon.eclipse.ui/src/com/redhat/ceylon/eclipse/util/RequiredTypeVisitor.java","58","0","0","0","420","450","0"
"orientdb","202ca5e408bdf2c426b446e8369a915997e6b503","core/src/main/java/com/orientechnologies/orient/core/storage/impl/local/paginated/wal/OLogSegment.java","58","0","0","0","424","566","1"
"neo4j","e77cee57aa63fd2aa48c7a2541b263defdda2062","community/lucene-index/src/main/java/org/neo4j/index/impl/lucene/LuceneTransaction.java","58","0","0","0","461","542","0"
"neo4j","36e971777dda19d3441c13f1d8e0ba8ec54f248c","community/lucene-index/src/main/java/org/neo4j/index/impl/lucene/LuceneTransaction.java","58","0","0","0","462","543","1"
"elasticsearch","56cc87b7ccd41040d8fafcaf2da3680d96d10839","core/src/test/java/org/elasticsearch/cluster/health/ClusterStateHealthTests.java","58","0","0","13","458","550","0"
"elasticsearch","2ebb44d56f2c61cb14afca1caea21a0ecd4130fb","core/src/test/java/org/elasticsearch/search/aggregations/pipeline/moving/avg/MovAvgUnitTests.java","58","0","0","14","467","647","0"
"elasticsearch","93beea1f670f1e0d53bc3fd3ee671bc235d5f1aa","core/src/test/java/org/elasticsearch/cluster/ClusterStateDiffTests.java","58","0","0","2","479","666","0"
"hazelcast","a1eb32e4a02240540cbb54539fc5e039954b3fd3","hazelcast/src/main/java/com/hazelcast/nio/tcp/TcpIpConnectionManager.java","58","0","0","25","443","539","1"
"hazelcast","d2224fa4e0aefcdb120261cb8a3f89ada84cc796","hazelcast/src/main/java/com/hazelcast/nio/tcp/TcpIpConnectionManager.java","58","0","0","25","464","564","0"
"hazelcast","5131c13852eb960157e69bcd1ce2867d7ac44f31","hazelcast/src/main/java/com/hazelcast/nio/tcp/TcpIpConnectionManager.java","58","0","0","25","478","579","1"
"hazelcast","411f09e624923b552d2225bc4ffbce9af75854dd","hazelcast/src/main/java/com/hazelcast/nio/tcp/TcpIpConnectionManager.java","58","0","0","25","479","580","0"
"hazelcast","8c5cfa498f10b4a2ff07036e1c18007df2550e70","hazelcast/src/main/java/com/hazelcast/spi/impl/eventservice/impl/EventServiceImpl.java","58","0","0","26","411","490","1"
"elasticsearch","3512860956aa28cfd10125299709fb1863342865","src/test/java/org/elasticsearch/snapshots/SharedClusterSnapshotRestoreTests.java","58","0","0","27","1243","1579","3"
"MapDB","6024b7facfb4b4de6c39523da3241d253f166232","src/test/java/org/mapdb/BTreeMapTest.java","58","0","0","36","567","787","1"
"orientdb","13683ccc1191b86be3e8c7660d408a2b503a789f","tests/src/test/java/com/orientechnologies/orient/test/database/auto/CRUDDocumentPhysicalTest.java","58","0","0","36","718","969","0"
"orientdb","b2d2a8092faec38eb3a9f2a2d60f1ffeb2b9b6a9","tests/src/test/java/com/orientechnologies/orient/test/database/auto/CRUDDocumentPhysicalTest.java","58","0","0","36","718","969","0"
"orientdb","75851ad880131807215f4dda7f6c16e465b4a618","tests/src/test/java/com/orientechnologies/orient/test/database/auto/CRUDDocumentPhysicalTest.java","58","0","0","36","718","969","1"
"MapDB","2063fb1f656e607b4cef579cd4b4d749bd813b40","src/test/java/org/mapdb/BTreeMapTest.java","58","0","0","37","577","799","0"
"orientdb","9a437f2177c4a6ea5ec1c8f1cf32b5ddfa794fc8","tests/src/test/java/com/orientechnologies/orient/test/database/auto/CRUDDocumentPhysicalTest.java","58","0","0","37","736","992","0"
"orientdb","e393a29bdd6a0dda409dcbfa2ec17c0ba40ed008","core/src/main/java/com/orientechnologies/orient/core/fetch/OFetchPlan.java","58","0","0","4","151","225","0"
"elasticsearch","bd574d92aed0566f0809b78321cd24add59fba59","test/framework/src/main/java/org/elasticsearch/transport/AbstractSimpleTransportTestCase.java","58","0","0","42","1399","1719","1"
"elasticsearch","4598c36027e883a8ace95a357d9863f96340d00d","test/framework/src/main/java/org/elasticsearch/transport/AbstractSimpleTransportTestCase.java","58","0","0","42","1401","1721","2"
"elasticsearch","70100821123f53653417f7752f26d442b4fdafb3","test/framework/src/main/java/org/elasticsearch/transport/AbstractSimpleTransportTestCase.java","58","0","0","42","1403","1724","3"
"elasticsearch","fe01c0f83b8a383bbe2f879a317150705eb9966f","test/framework/src/main/java/org/elasticsearch/transport/AbstractSimpleTransportTestCase.java","58","0","0","43","1408","1725","3"
"BroadleafCommerce","0c21b421c1d9c38444c820eea84cad34979e3b37","core/broadleaf-framework/src/main/java/org/broadleafcommerce/core/order/domain/OrderImpl.java","58","0","0","80","705","834","1"
"elasticsearch","e3322836b57e7419892555e7ab58ab9b74622950","modules/elasticsearch/src/main/java/org/elasticsearch/action/admin/cluster/health/TransportClusterHealthAction.java","58","0","1","1","223","267","0"
"orientdb","252aa4c00e6048e5a77066dc5f770ef6e58dd1ea","core/src/main/java/com/orientechnologies/orient/core/sql/parser/OContainsCondition.java","58","0","1","14","187","221","1"
"elasticsearch","d60500f22e9b11ed195c6ced5381ad19f37b8bb4","src/test/java/org/elasticsearch/index/fielddata/AbstractStringFieldDataTests.java","58","0","1","14","532","622","0"
"BroadleafCommerce","4b899b0b30679392365b1286b26fd502eee6594c","admin/broadleaf-open-admin-platform/src/main/java/org/broadleafcommerce/openadmin/server/service/AdminEntityServiceImpl.java","58","0","1","15","494","636","7"
"BroadleafCommerce","24714644d74ab1f558ae96d66ed3d7cb8b1b1465","admin/broadleaf-open-admin-platform/src/main/java/org/broadleafcommerce/openadmin/server/service/AdminEntityServiceImpl.java","58","0","1","15","499","640","6"
"elasticsearch","4a0b010d02557076c3f818be5e0e5cc3f32b7001","modules/elasticsearch/src/main/java/org/elasticsearch/cluster/metadata/MetaDataCreateIndexService.java","58","0","1","18","388","500","0"
"elasticsearch","cbde265ab850c562e393de577910fc155dfff915","modules/elasticsearch/src/main/java/org/elasticsearch/action/get/TransportGetAction.java","58","0","1","2","281","358","1"
"hazelcast","7e9c6be86f6ab0514ad9a2072353b4724c3624bb","hazelcast/src/main/java/com/hazelcast/map/impl/tx/TransactionalMapProxy.java","58","0","1","20","337","399","1"
"hazelcast","ff8a9a229bf9c093f0181e2dbb9bed0112077439","hazelcast/src/main/java/com/hazelcast/map/impl/tx/TransactionalMapProxy.java","58","0","1","20","337","399","1"
"hazelcast","10773b4cd855bdfd84ea80d22b8ed3c977459444","hazelcast/src/main/java/com/hazelcast/map/impl/tx/TransactionalMapProxy.java","58","0","1","20","337","399","0"
"orientdb","f2c3273e9f37bffc0c99099735b1a09364360430","core/src/main/java/com/orientechnologies/orient/core/storage/impl/local/paginated/atomicoperations/OAtomicOperation.java","58","0","1","21","348","489","0"
"neo4j","20aaa795484f150244531847263fc72e57dcfb60","enterprise/security/src/main/java/org/neo4j/server/security/enterprise/auth/InternalFlatFileRealm.java","58","0","1","26","629","755","1"
"elasticsearch","ec04435b06dc3eab8033e27c66028348317e1e72","src/main/java/org/elasticsearch/index/query/QueryStringQueryParser.java","58","0","1","3","174","214","0"
"elasticsearch","5b62c2ae26e541e50800b31f5f1e9a14419cbf7b","src/main/java/org/elasticsearch/index/query/QueryStringQueryParser.java","58","0","1","3","180","220","0"
"elasticsearch","a6510f924520d8cdda2636ac85a1a1e43f6dfb8c","src/main/java/org/elasticsearch/gateway/local/state/shards/LocalGatewayShardsState.java","58","0","1","3","278","363","0"
"hazelcast","8a4364b60b5a4274ab87081d259cd1fdbd424c16","hazelcast/src/main/java/com/hazelcast/management/TimedMemberStateFactory.java","58","0","1","3","295","347","0"
"hazelcast","24b377020aa3aa78ff0c61e5428c73eb75506e6d","hazelcast/src/main/java/com/hazelcast/nio/tcp/TcpIpConnectionManager.java","58","0","1","30","551","672","1"
"titan","63cd447da2fac871c2528fcec575e19b10e7330b","src/main/java/com/thinkaurelius/faunus/formats/sequence/faunus01/FaunusElement01.java","58","0","1","37","348","405","1"
"hazelcast","b950c11443f9e95ef94f99b432b6aef3ba616756","hazelcast/src/test/java/com/hazelcast/internal/partition/impl/PartitionStateGeneratorTest.java","58","0","1","5","366","418","0"
"hazelcast","8400ca8852f129750f8232cdf5db21ffae134e02","hazelcast/src/test/java/com/hazelcast/internal/partition/impl/PartitionStateGeneratorTest.java","58","0","1","5","400","461","1"
"elasticsearch","ebc8975efd78c7f832068d7e0ef892083c99ec35","src/test/java/org/elasticsearch/search/highlight/HighlighterSearchTests.java","58","0","1","59","2113","2658","1"
"BroadleafCommerce","64ee9c754b4adff1e55416fdd70d45b35f42d991","core/broadleaf-framework/src/main/java/org/broadleafcommerce/core/order/strategy/FulfillmentGroupItemStrategyImpl.java","58","0","1","6","277","385","1"
"BroadleafCommerce","7a0a7c403c946be4bbd8ee1abdaa6699931ef834","core/broadleaf-framework/src/main/java/org/broadleafcommerce/core/order/strategy/FulfillmentGroupItemStrategyImpl.java","58","0","1","6","282","390","0"
"BroadleafCommerce","337d192fad3ab25d14f47b0e2275dbe5114af2eb","core/broadleaf-framework/src/main/java/org/broadleafcommerce/core/order/strategy/FulfillmentGroupItemStrategyImpl.java","58","0","1","6","284","389","1"
"orientdb","0656e3be5237f5a0de5eae18b93686dee5832751","core/src/main/java/com/orientechnologies/orient/core/command/script/OCommandExecutorScript.java","58","0","1","7","297","427","2"
"elasticsearch","15ea07f8c004f8fc07da1c8f215f3fcb5fa2abab","core/src/test/java/org/elasticsearch/search/query/SearchQueryTests.java","58","0","1","71","2078","2570","1"
"elasticsearch","9e6868733c052d0fca30a21956f7a68a78a7a815","src/test/java/org/elasticsearch/search/query/SimpleQueryTests.java","58","0","1","71","2204","2682","0"
"elasticsearch","d7491515b21fb4b3c94956c75bcb74b8a5c863ae","core/src/test/java/org/elasticsearch/search/query/SearchQueryTests.java","58","0","1","73","2094","2588","0"
"elasticsearch","9c8beb822079f0c9bdea0df983e8063c4a0f5e8f","src/test/java/org/elasticsearch/search/query/SimpleQueryTests.java","58","0","1","73","2240","2724","0"
"elasticsearch","ec86d2cd3e3ef34f66bb4e50db38cff66aff89ac","src/test/java/org/elasticsearch/search/query/SimpleQueryTests.java","58","0","1","74","2252","2741","1"
"orientdb","39e36a186d26ef3ef5340a4b2aaa756d48206bd7","core/src/main/java/com/orientechnologies/orient/core/index/OIndexTxAwareOneValue.java","58","0","1","8","298","409","0"
"orientdb","eec003c5b2964854dafbbc9eaf7c456a92f41573","core/src/main/java/com/orientechnologies/orient/core/index/OIndexTxAwareOneValue.java","58","0","1","8","302","413","0"
"elasticsearch","22b5e7ded813794f99e69cf237780181f80fd428","modules/elasticsearch/src/main/java/org/elasticsearch/gateway/local/LocalGateway.java","58","0","1","8","338","441","0"
"orientdb","d8acc2f527fc1084fd9e6cf9e31ff073b7c44f68","core/src/main/java/com/orientechnologies/orient/core/metadata/schema/OImmutableClass.java","58","0","1","87","571","708","1"
"elasticsearch","5ebc238a259d189ad35f9e5117c7e6bf0f56e6cc","src/test/java/org/elasticsearch/versioning/SimpleVersioningTests.java","58","0","1","9","476","655","1"
"antlr4","633d4e2e19ab176aaf3edabc67eebe5ecd0a43e0","runtime/Java/src/org/antlr/v4/runtime/BufferedTokenStream.java","58","0","10","19","284","480","1"
"hazelcast","f7fb8904c530d9f13357dcc7e8adda4dc9e0c816","hazelcast/src/test/java/com/hazelcast/map/EvictionTest.java","58","0","10","27","898","1159","1"
"hazelcast","5045ea3aa95037fee762da0747779999661da359","hazelcast/src/test/java/com/hazelcast/map/EvictionTest.java","58","0","10","27","901","1158","1"
"hazelcast","76b13cfce90e77514528cad2a25c20366c050990","hazelcast/src/test/java/com/hazelcast/map/EvictionTest.java","58","0","10","27","903","1159","0"
"mct","c51c585e19c0ee09920cb84aebf4039dd9691380","fastPlotViews/src/main/java/gov/nasa/arc/mct/fastplot/view/PlotViewManifestation.java","58","0","12","13","427","619","0"
"mct","00a1a4e44d41db0509178e7acb449101cb47231f","fastPlotViews/src/main/java/gov/nasa/arc/mct/fastplot/view/PlotViewManifestation.java","58","0","12","13","428","619","0"
"elasticsearch","0b1a7fc2b84854b5e4e6eef9833eb3000d286d58","core/src/main/java/org/elasticsearch/index/mapper/MappedFieldType.java","58","0","12","33","350","462","2"
"elasticsearch","3b27dce94f579c3d1c3793c080d942e530d920ac","core/src/main/java/org/elasticsearch/index/mapper/MappedFieldType.java","58","0","12","33","350","467","1"
"elasticsearch","c2259a2edd0e1d3de236d86d089616976325a762","core/src/main/java/org/elasticsearch/index/mapper/MappedFieldType.java","58","0","13","33","350","462","1"
"elasticsearch","d84c643f5880a88d2e5c38b487123161f3e01fe0","core/src/main/java/org/elasticsearch/index/mapper/MappedFieldType.java","58","0","15","26","334","460","0"
"elasticsearch","2f8def11b5109eb80b47422a200bf7b7e07c8467","core/src/main/java/org/elasticsearch/index/mapper/MappedFieldType.java","58","0","17","25","335","472","1"
"elasticsearch","82fa531ab4c1fb087d357ff15288c070d7393378","core/src/main/java/org/elasticsearch/index/mapper/MappedFieldType.java","58","0","17","25","335","474","0"
"elasticsearch","371c73e14023917f3892090d2d3d7ff9ac1216b9","core/src/main/java/org/elasticsearch/cluster/routing/IndexRoutingTable.java","58","0","19","16","344","540","3"
"elasticsearch","78574d248cf10dad1c5a566fda79e1e0c94afe43","core/src/main/java/org/elasticsearch/cluster/routing/IndexRoutingTable.java","58","0","19","16","344","540","2"
"elasticsearch","e6aaaf11ed4a1b8f595f920de1840938eddb7a97","core/src/main/java/org/elasticsearch/cluster/routing/IndexRoutingTable.java","58","0","19","16","344","540","2"
"elasticsearch","a60b8948ba1d836a6eac7cff095519e618939ed8","core/src/main/java/org/elasticsearch/cluster/routing/IndexRoutingTable.java","58","0","19","16","344","540","0"
"hazelcast","0f81beb7a6ca58904d4b84947d3563d17e06eb43","hazelcast/src/main/java/com/hazelcast/config/Config.java","58","0","19","85","719","971","1"
"netty","3b8673733e5a052fab5013fff9c25fec574f59de","transport/src/main/java/io/netty/channel/socket/aio/AioSocketChannel.java","58","0","2","10","437","591","1"
"netty","dc4c4ab6b9369caf5d7d1bb25ac994bd1dfd4e3e","transport/src/main/java/io/netty/channel/socket/aio/AioSocketChannel.java","58","0","2","10","438","592","0"
"elasticsearch","e8ba7a7974cf60391cc94c7ecdf9bfc6e725cdcf","modules/elasticsearch/src/main/java/org/elasticsearch/cluster/metadata/MetaDataMappingService.java","58","0","2","16","339","445","0"
"elasticsearch","24e2847af277cca729760ac910f684fdcafe5f0c","core/src/main/java/org/elasticsearch/action/support/replication/TransportReplicationAction.java","58","0","2","19","906","1175","0"
"elasticsearch","8a0a1140a9b816de826235c10ce59cf72d48797b","core/src/main/java/org/elasticsearch/action/support/replication/TransportReplicationAction.java","58","0","2","19","910","1179","1"
"elasticsearch","25fd9e26c4fb042d6f6dea14efcd239577bdbbc4","core/src/main/java/org/elasticsearch/action/bulk/TransportBulkAction.java","58","0","2","2","388","462","1"
"hazelcast","865e2c98056f088462bba55c352b38a05abfd5d7","hazelcast/src/main/java/com/hazelcast/nio/ConnectionManager.java","58","0","2","21","422","509","0"
"netty","7596ad8d584ea29456eeba01cd8e70870b298113","codec-http/src/main/java/io/netty/handler/codec/http/DefaultCookie.java","58","0","2","28","296","366","0"
"netty","9b37de32a0b77e65f32709c7dff25d12a42c42ae","codec-http/src/main/java/io/netty/handler/codec/http/DefaultCookie.java","58","0","2","28","296","366","0"
"netty","bdde5a20f607a7b65489ed6db5094852bc4f0b53","codec-http/src/main/java/io/netty/handler/codec/http/DefaultCookie.java","58","0","2","28","296","366","0"
"netty","2bb114bcb72f467cfa3ac730493ef2270193dffa","codec-http/src/main/java/io/netty/handler/codec/http/DefaultCookie.java","58","0","2","28","296","366","1"
"netty","f34fc73e89e88da32c36786c8634afa9dc090207","codec-http/src/main/java/io/netty/handler/codec/http/DefaultCookie.java","58","0","2","28","299","370","0"
"hazelcast","24b377020aa3aa78ff0c61e5428c73eb75506e6d","hazelcast/src/main/java/com/hazelcast/instance/Node.java","58","0","2","38","468","584","2"
"hazelcast","525c34cddd7f4e08d674611e177bab103e4d1881","hazelcast/src/main/java/com/hazelcast/impl/Node.java","58","0","2","40","523","664","1"
"hazelcast","82fcc4c7c87097d1719bb56112aec0fafdb6bc0e","hazelcast/src/main/java/com/hazelcast/impl/Node.java","58","0","2","40","524","665","0"
"hazelcast","e7d3d25abaaedda22678676783d2011dbb173d7f","hazelcast/src/test/java/com/hazelcast/test/HazelcastTestSupport.java","58","0","2","69","555","691","1"
"netty","8975406b86ac470607e45401ed21437d47fb1f58","transport/src/main/java/io/netty/channel/socket/aio/AioSocketChannel.java","58","0","2","8","426","578","0"
"mcMMO","eddadcc179c548bd0f34c68bb8c0a8df9b2bff23","src/main/java/com/gmail/nossr50/config/experience/ExperienceConfig.java","58","0","21","20","241","382","0"
"BroadleafCommerce","c8bcd99e2ed402846cc6ff5053b46d591768fed6","common/src/main/java/org/broadleafcommerce/common/web/BroadleafRequestContext.java","58","0","21","45","445","672","0"
"elasticsearch","ed2865863cfd8f763c0098527c849a1812005970","core/src/main/java/org/elasticsearch/index/query/RangeQueryBuilder.java","58","0","22","2","351","502","0"
"elasticsearch","e7c2a8ae4d01d708f59d7869dbde015ccf22938e","core/src/main/java/org/elasticsearch/common/settings/AbstractScopedSettings.java","58","0","23","1","338","549","1"
"elasticsearch","55dce523c2364670ef9dd4a42e42610ddb7c917d","core/src/main/java/org/elasticsearch/common/settings/Setting.java","58","0","28","61","670","1030","2"
"elasticsearch","72ef6fa0d76984de2a860fb112f10b1ed65c241b","core/src/main/java/org/elasticsearch/common/settings/Setting.java","58","0","28","61","670","1030","1"
"elasticsearch","bb73472107c4e26d1197518a6d1e1966a33df641","core/src/main/java/org/elasticsearch/common/settings/Setting.java","58","0","28","61","670","1030","0"
"elasticsearch","faae98c5d8a27bada65691fe7c48a6f9316eb467","src/test/java/org/elasticsearch/index/engine/InternalEngineTests.java","58","0","3","34","1231","1619","1"
"elasticsearch","0a07ce8916ad6c51be8c19cfa2cf7202382fbd93","src/test/java/org/elasticsearch/index/engine/internal/InternalEngineTests.java","58","0","3","34","1255","1650","0"
"hazelcast","47b48594cce33ec1cec54b6fa89af2acf2da2fed","hazelcast/src/main/java/com/hazelcast/instance/Node.java","58","0","3","37","469","592","1"
"hazelcast","b792ccf0427a6c6107ccecbf789db4a8c03ccb1c","hazelcast/src/main/java/com/hazelcast/instance/Node.java","58","0","3","37","507","647","1"
"hazelcast","4e6d18aeafe5790acd0957aa2d9a18e95606521d","hazelcast/src/main/java/com/hazelcast/cache/impl/AbstractCacheService.java","58","0","3","43","487","597","1"
"hazelcast","760c17aadc6cc75630909d39f395017e1996d22a","hazelcast/src/main/java/com/hazelcast/cache/impl/AbstractCacheService.java","58","0","3","43","493","604","0"
"hazelcast","efe2b596a2451843c28c0fce31d9c5b804aaeaa3","hazelcast/src/main/java/com/hazelcast/cache/impl/AbstractCacheService.java","58","0","3","43","494","606","1"
"elasticsearch","776e5d8096c7ddea8996d8c70165f6971aadd776","core/src/main/java/org/elasticsearch/action/index/IndexRequest.java","58","0","37","19","456","724","1"
"titan","33a560db97bf3187ac45d1fe4fdf2e6b817bec40","titan-test/src/main/java/com/thinkaurelius/titan/graphdb/TitanGraphTest.java","58","0","4","18","848","1033","2"
"elasticsearch","d692ccf26172af1ae4c08bfa67cba6620b6fb408","core/src/main/java/org/elasticsearch/common/network/InetAddresses.java","58","0","4","2","235","388","0"
"MapDB","c4c12adfa9056f6e5795eea965a63c883bffb68b","src/main/java/org/mapdb/Volume.java","58","0","4","60","442","603","2"
"hazelcast","ee5e7f4ba7a707428cb92093834717d1c377bb53","hazelcast/src/test/java/com/hazelcast/map/mapstore/MapStoreTest.java","58","0","4","89","1206","1477","1"
"hazelcast","7bf1edb5333c66ddaeed4a826dacd5ad6e694f16","hazelcast/src/test/java/com/hazelcast/map/mapstore/MapStoreTest.java","58","0","4","89","1206","1479","2"
"elasticsearch","8f798f1231cf2ee128c1701a4e435ec1d23d2fa9","test/framework/src/main/java/org/elasticsearch/test/ESTestCase.java","58","0","43","43","839","1222","2"
"elasticsearch","952feb58e41bd0220784c44136b840ea4a740e26","test/framework/src/main/java/org/elasticsearch/test/ESTestCase.java","58","0","43","45","842","1226","1"
"MapDB","1d530bd3302982002886aa2f9d213f5745cae55d","src/main/java/org/mapdb/Pump.java","58","0","5","0","313","488","1"
"elasticsearch","d094042b08bb99bffa1744bac1dd2df1da6a37ff","src/main/java/org/elasticsearch/common/geo/GeoHashUtils.java","58","0","5","2","213","336","1"
"elasticsearch","c97833596869141f747110d0046dd9de325a7f3c","core/src/main/java/org/elasticsearch/transport/TransportService.java","58","0","5","20","669","871","1"
"elasticsearch","4e2dd770aab15857d8f7a01d25d941908498ccb6","src/main/java/org/elasticsearch/index/mapper/core/StringFieldMapper.java","58","0","5","22","322","417","0"
"elasticsearch","2eeb609353070fd518b5a9a0774c63c8892bc110","src/main/java/org/elasticsearch/cluster/routing/allocation/AllocationService.java","58","0","5","3","294","430","0"
"elasticsearch","889db1c824d8c573835e8cbadd0c6f3ba25f8fcd","src/main/java/org/elasticsearch/action/bench/BenchmarkService.java","58","0","5","36","598","768","1"
"elasticsearch","598854dd72d7fb01a7e26a9dad065de3deaa5eb7","src/main/java/org/elasticsearch/action/bench/BenchmarkService.java","58","0","5","36","601","772","0"
"BroadleafCommerce","e9c6a187eaeb0a0f09362fe774d1f9912ceafed7","admin/broadleaf-open-admin-platform/src/main/java/org/broadleafcommerce/openadmin/web/form/entity/EntityForm.java","58","0","5","48","380","519","2"
"BroadleafCommerce","56677e24f09c200114d285891f7b1ebe70aea343","admin/broadleaf-open-admin-platform/src/main/java/org/broadleafcommerce/openadmin/web/form/entity/EntityForm.java","58","0","5","48","380","520","2"
"ceylon-ide-eclipse","8f9d7738a387269b15f98b4734edbe5db4624ddf","plugins/com.redhat.ceylon.eclipse.ui/src/com/redhat/ceylon/eclipse/core/classpath/CeylonClasspathUtil.java","58","0","5","8","261","348","0"
"hazelcast","32067e5e3992b2c92f4960817d2a288ae3768e4d","hazelcast/src/test/java/com/hazelcast/map/mapstore/MapStoreTest.java","58","0","5","88","1206","1480","3"
"neo4j","87a690fbed55b13b44c51cf28a9156d1a45de6f0","community/kernel/src/main/java/org/neo4j/kernel/impl/api/index/IndexingService.java","58","0","6","24","634","830","0"
"elasticsearch","0a69f1e283e26e5d9e6a000b68b9f4778de557a1","core/src/test/java/org/elasticsearch/index/query/AbstractQueryTestCase.java","58","0","7","8","723","943","5"
"elasticsearch","5a64f08f048461a63a0ca1354a5050c954e63d52","core/src/test/java/org/elasticsearch/index/query/AbstractQueryTestCase.java","58","0","7","8","726","946","3"
"elasticsearch","2ccc223ff761043807683f34b29c693af6c94d95","core/src/main/java/org/elasticsearch/Version.java","58","0","8","16","291","393","0"
"netty","a7f83aa23ebe14669119aadb2bbd3012f94fdf64","codec-http2/src/main/java/io/netty/handler/codec/http2/Http2ConnectionHandler.java","58","0","8","24","511","748","1"
"netty","61b9da470a777e979a269b56d19d233b333baa44","codec-http2/src/main/java/io/netty/handler/codec/http2/Http2ConnectionHandler.java","58","0","8","24","515","752","0"
"antlr4","c695ed25e9e716af0e33823a4e9d9b93a2b1bf02","runtime/Java/src/org/antlr/v4/runtime/TokenStreamRewriter.java","58","0","8","27","325","605","1"
"antlr4","cb396a5047847805ce6ac2e7682dd32d5194283e","runtime/Java/src/org/antlr/v4/runtime/TokenStreamRewriter.java","58","0","8","27","337","598","0"
"titan","2beffb4767bcaab8cdfb54dbcb08c819c0a8dd3c","titan-test/src/main/java/com/thinkaurelius/titan/graphdb/TitanIndexTest.java","58","0","9","10","1021","1330","1"
"hazelcast","c8b9920adf1d80076e15375bc3278c57a4b489b9","hazelcast/src/main/java/com/hazelcast/spi/impl/WaitNotifyServiceImpl.java","59","0","0","0","314","374","2"
"hazelcast","8fa8695ee7d89fb65b6349f7bea75d17f15713a7","hazelcast/src/main/java/com/hazelcast/spi/impl/operationservice/impl/OperationRunnerImpl.java","59","0","0","0","330","422","1"
"ceylon-ide-eclipse","64a391fbabba6b9bc6b553abfa42466e0ca9673d","plugins/com.redhat.ceylon.eclipse.ui/src/com/redhat/ceylon/eclipse/code/search/FindSearchQuery.java","59","0","0","0","351","380","0"
"hazelcast","175512d34ec2fecf0c222c1f2ad5de55b0bc629e","hazelcast/src/main/java/com/hazelcast/transaction/impl/TransactionImpl.java","59","0","0","0","351","413","1"
"hazelcast","bda977e8bd87caf71a9df9047167f01b81589bbd","hazelcast/src/main/java/com/hazelcast/spi/impl/BasicInvocationFuture.java","59","0","0","0","351","446","2"
"hazelcast","ee067bd29414c085308867d691b25e6f9e26007d","hazelcast/src/main/java/com/hazelcast/spi/impl/BasicInvocationFuture.java","59","0","0","0","355","451","2"
"hazelcast","29cf88b67a27906e2cc88d80a90e39c0158601b0","hazelcast/src/main/java/com/hazelcast/spi/impl/BasicInvocationFuture.java","59","0","0","0","355","452","1"
"hazelcast","3a1d456848dcafbe8a777d7d33434d63a8db1f0d","hazelcast/src/main/java/com/hazelcast/concurrent/lock/LockResourceImpl.java","59","0","0","0","373","454","2"
"hazelcast","cd35fc8c917fecde13fedd6c6cf6a43699625bc7","hazelcast/src/main/java/com/hazelcast/concurrent/lock/LockResourceImpl.java","59","0","0","0","377","458","2"
"hazelcast","97b9ef5ed7362becd2f0d3cbfec6b68c923de082","hazelcast/src/main/java/com/hazelcast/spi/impl/operationservice/impl/Invocation.java","59","0","0","0","422","591","1"
"hazelcast","baf42d6be2a1e6fa0a9532d61cc2b4e56c48f110","hazelcast/src/main/java/com/hazelcast/spi/impl/operationservice/impl/Invocation.java","59","0","0","0","429","601","3"
"hazelcast","f4c33973f2e5f804f6743683b11c8a43922bfc7e","hazelcast/src/main/java/com/hazelcast/internal/cluster/impl/AbstractJoiner.java","59","0","0","10","389","500","1"
"hazelcast","56c1f0e4443b8b512b4acbe014169fbfe88dfe82","hazelcast/src/main/java/com/hazelcast/internal/cluster/impl/AbstractJoiner.java","59","0","0","10","389","503","0"
"hazelcast","22f709c2362790aad63dcee20c6b8cda20a112b5","hazelcast/src/main/java/com/hazelcast/internal/cluster/impl/AbstractJoiner.java","59","0","0","10","390","491","1"
"hazelcast","b13177055f1d59e2658dad940a812bc04a7bf5f6","hazelcast/src/main/java/com/hazelcast/internal/cluster/impl/AbstractJoiner.java","59","0","0","10","390","491","2"
"hazelcast","916e1d2c20ee2a5947ec2b63f5c75feb83be7e9f","hazelcast/src/main/java/com/hazelcast/internal/cluster/impl/AbstractJoiner.java","59","0","0","10","390","491","0"
"BroadleafCommerce","5e083e58afcd4769f6cd1f5bbadc3edd709550d7","common/src/main/java/org/broadleafcommerce/common/i18n/service/TranslationServiceImpl.java","59","0","0","12","379","485","1"
"BroadleafCommerce","686b1e45bfe346466076030ce1a899e996dbce6b","common/src/main/java/org/broadleafcommerce/common/i18n/service/TranslationServiceImpl.java","59","0","0","12","381","488","1"
"BroadleafCommerce","1c64a33817143308a7b212975f313164ab3e5d9f","common/src/main/java/org/broadleafcommerce/common/i18n/service/TranslationServiceImpl.java","59","0","0","13","385","493","0"
"hazelcast","42627a464eac6fd373ab45cf8829640c57181ff9","hazelcast/src/main/java/com/hazelcast/query/Index.java","59","0","0","17","253","309","1"
"hazelcast","42627a464eac6fd373ab45cf8829640c57181ff9","hazelcast/src/main/java/com/hazelcast/query/Index.java","59","0","0","17","253","309","1"
"hazelcast","723164a6b7b7d0cf74769986ff6b51d523e566ea","hazelcast/src/main/java/com/hazelcast/query/Index.java","59","0","0","17","253","309","0"
"elasticsearch","6abcd42a05a0e2bc4eaf1add6a41ae7d48f840c2","core/src/test/java/org/elasticsearch/cluster/ClusterStateDiffIT.java","59","0","0","2","501","689","0"
"elasticsearch","d39eb2d69131d7a6a8bda29dcac31342bb1a712e","core/src/test/java/org/elasticsearch/cluster/ClusterStateDiffIT.java","59","0","0","2","501","689","0"
"elasticsearch","3f6a3c01dadb1951b597ffdbd068359a2fbc84c8","core/src/test/java/org/elasticsearch/cluster/ClusterStateDiffIT.java","59","0","0","2","501","689","1"
"hazelcast","4efdefb85496ca6adad2fd18671ab05bae7897fd","hazelcast/src/main/java/com/hazelcast/spi/impl/eventservice/impl/EventServiceImpl.java","59","0","0","26","421","502","0"
"hazelcast","d1abf041261dea8bb0dbb4a3541ef479f384b5a8","hazelcast/src/main/java/com/hazelcast/nio/tcp/TcpIpConnectionManager.java","59","0","0","26","483","584","1"
"hazelcast","956075b1a8b98d578ba533fd283e8d675ab5e99b","hazelcast/src/main/java/com/hazelcast/nio/tcp/TcpIpConnectionManager.java","59","0","0","26","486","588","1"
"hazelcast","fe87884b8576b4bb0d8994935b8795d4bcb3d3c4","hazelcast/src/main/java/com/hazelcast/nio/tcp/TcpIpConnectionManager.java","59","0","0","26","486","588","1"
"hazelcast","50c5966325df918d461a6bb074569e9ad7239790","hazelcast/src/main/java/com/hazelcast/nio/tcp/TcpIpConnectionManager.java","59","0","0","26","486","588","0"
"hazelcast","5e5c8a40c0d029c5f0cc49a61b3f21d87f671dc3","hazelcast/src/main/java/com/hazelcast/nio/tcp/TcpIpConnectionManager.java","59","0","0","26","488","590","0"
"BroadleafCommerce","46af2881cc598ed3166f37657c66312777482e45","core/broadleaf-framework/src/main/java/org/broadleafcommerce/core/order/domain/OrderImpl.java","59","0","0","81","706","837","1"
"BroadleafCommerce","170f9cff115e40388b6176e43159c44490603ea1","core/broadleaf-framework/src/main/java/org/broadleafcommerce/core/order/domain/OrderImpl.java","59","0","0","81","707","838","2"
"hazelcast","3446323b400c39ec3e11fbb01bb6817e1b2bd2a4","hazelcast/src/test/java/com/hazelcast/mapreduce/MapReduceTest.java","59","0","0","99","1020","1315","0"
"elasticsearch","0ba5e9fb90080e30c5482f2b9f7e75ffa10f1f5e","core/src/main/java/org/elasticsearch/search/searchafter/SearchAfterBuilder.java","59","0","1","10","260","313","0"
"netty","e40c27d9ed1678207c1ca4554e70ed5e2534d93f","codec-http2/src/main/java/io/netty/handler/codec/http2/DefaultHttp2ConnectionDecoder.java","59","0","1","11","466","644","2"
"netty","01012fc5b7550af189a1fb2d35819347a85dd112","codec-http2/src/main/java/io/netty/handler/codec/http2/DefaultHttp2ConnectionDecoder.java","59","0","1","11","477","666","0"
"hazelcast","f74b1afa9ffb561dfa6b3354dd03d4411ddf17f1","hazelcast-client/src/main/java/com/hazelcast/client/spi/impl/ClientClusterServiceImpl.java","59","0","1","13","374","442","1"
"hazelcast","9b1f1e54a3e9a0fc6cc289f1cde9ed32c6fe5e70","hazelcast-client/src/main/java/com/hazelcast/client/spi/impl/ClientClusterServiceImpl.java","59","0","1","13","401","470","0"
"hazelcast","060bc2052654bcd13b0abb6c5be0bd0ab4a22f4d","hazelcast-client/src/main/java/com/hazelcast/client/spi/impl/ClientClusterServiceImpl.java","59","0","1","13","402","472","1"
"hazelcast","736438f3040f246101e29a4a23540cab56adcef2","hazelcast-client/src/main/java/com/hazelcast/client/spi/impl/ClientClusterServiceImpl.java","59","0","1","13","428","509","1"
"BroadleafCommerce","35fc9949359b047d4c18fbc6045f42d4143184a3","admin/broadleaf-open-admin-platform/src/main/java/org/broadleafcommerce/openadmin/server/service/AdminEntityServiceImpl.java","59","0","1","15","504","645","8"
"BroadleafCommerce","63fbd9cf0e68a367c947b8ca8fb30c0585b02366","admin/broadleaf-open-admin-platform/src/main/java/org/broadleafcommerce/openadmin/server/service/AdminEntityServiceImpl.java","59","0","1","15","505","647","7"
"elasticsearch","4b25e6b63e67bd5ebf42c8a62faf7ac12dbea5ec","src/main/java/org/elasticsearch/cluster/service/InternalClusterService.java","59","0","1","16","451","571","1"
"elasticsearch","ab6163898fd8c83dda01b6eb4dd42e1f900f393b","src/main/java/org/elasticsearch/cluster/service/InternalClusterService.java","59","0","1","16","453","574","1"
"elasticsearch","6abcd42a05a0e2bc4eaf1add6a41ae7d48f840c2","core/src/test/java/org/elasticsearch/discovery/zen/NodeJoinControllerTests.java","59","0","1","16","632","755","0"
"elasticsearch","577dcb32374cf2528a5deadf0a57f1ea1d5a9cbd","core/src/test/java/org/elasticsearch/discovery/zen/NodeJoinControllerTests.java","59","0","1","16","635","758","0"
"elasticsearch","0556c93920af457c0dfb41dc2f52013ebc3e136e","core/src/test/java/org/elasticsearch/discovery/zen/NodeJoinControllerTests.java","59","0","1","16","636","759","1"
"BroadleafCommerce","19169d660ea7a1105278930452227879922d2123","core/broadleaf-framework-web/src/main/java/org/broadleafcommerce/core/web/processor/OnePageCheckoutProcessor.java","59","0","1","2","336","533","0"
"elasticsearch","53b1b6e4bb94e1db1bbca764100f2e0206b43f4d","src/test/java/org/elasticsearch/test/integration/search/facet/SimpleFacetsTests.java","59","0","1","20","1527","1808","0"
"elasticsearch","37e7a54b0e7274c009c06c518a0531d49fde1547","src/test/java/org/elasticsearch/test/integration/search/facet/SimpleFacetsTests.java","59","0","1","20","1542","1825","1"
"MapDB","f88f591252326fe7d402c5fd1db9f9ecdcfba3f5","src/main/java/org/mapdb/StoreAppend.java","59","0","1","25","487","638","0"
"neo4j","9a449ac6a8534ba82aa0528e878e85195d76fea7","enterprise/security/src/main/java/org/neo4j/server/security/enterprise/auth/InternalFlatFileRealm.java","59","0","1","26","638","764","0"
"elasticsearch","164f7b981eecc6fe04cff612bd6364dacaa811c3","src/main/java/org/elasticsearch/search/aggregations/bucket/histogram/DateHistogramParser.java","59","0","1","3","218","272","0"
"elasticsearch","b3cb59d0243a33c6dfeda1ff517809a4793a59be","src/main/java/org/elasticsearch/search/aggregations/bucket/histogram/DateHistogramParser.java","59","0","1","3","218","272","0"
"elasticsearch","57fcd761f2997629c75aac3617c0d97e80dcea0c","src/main/java/org/elasticsearch/search/aggregations/bucket/histogram/DateHistogramParser.java","59","0","1","3","218","272","1"
"BroadleafCommerce","a943eeae9ff5398e1779755ad265d6e1eb0e094c","common/src/main/java/org/broadleafcommerce/common/web/payment/expression/AbstractPaymentGatewayFieldExtensionHandler.java","59","0","1","30","185","274","0"
"hazelcast","47b48594cce33ec1cec54b6fa89af2acf2da2fed","hazelcast/src/main/java/com/hazelcast/nio/tcp/TcpIpConnectionManager.java","59","0","1","30","550","672","0"
"elasticsearch","49439a09e2c1a69da0fdf034fe9dabf1cc83bf30","modules/elasticsearch/src/main/java/org/elasticsearch/gateway/blobstore/BlobReuseExistingNodeAllocation.java","59","0","1","4","256","332","0"
"elasticsearch","fe762c0eb54eed11971a99398524168f70d36358","src/main/java/org/elasticsearch/index/query/MoreLikeThisQueryParser.java","59","0","1","5","251","308","1"
"elasticsearch","a3e355d40e2dd05ffbd7861d821e0d0116f32ced","src/test/java/org/elasticsearch/search/highlight/HighlighterSearchTests.java","59","0","1","59","2123","2671","0"
"hazelcast","20dcc304597556dac17df42b2df70cd10f3d8f24","hazelcast-wm/src/main/java/com/hazelcast/web/WebFilter.java","59","0","1","6","379","506","3"
"elasticsearch","37287284e64a0e91ab400a16b187e719b55c8929","src/test/java/org/elasticsearch/search/query/SimpleQueryTests.java","59","0","1","69","2110","2571","0"
"orientdb","c65031e4a5cae04be6faeaeccb01fb18d3e5fb85","core/src/main/java/com/orientechnologies/orient/core/command/script/OCommandExecutorScript.java","59","0","1","7","296","427","3"
"orientdb","7d92a6b03b707e81490ef22a1fa23a1017918c3d","core/src/main/java/com/orientechnologies/orient/core/command/script/OCommandExecutorScript.java","59","0","1","7","300","431","2"
"hazelcast","1f042b8c4a4245594691bb6d85a66ceed9b43068","hazelcast/src/main/java/com/hazelcast/map/impl/query/MapQueryEngineImpl.java","59","0","1","7","463","584","1"
"hazelcast","70d4de16ff0ac4518d09aad8c9f2ad9e782fb337","hazelcast/src/main/java/com/hazelcast/map/impl/query/MapQueryEngineImpl.java","59","0","1","7","463","584","2"
"hazelcast","c6d10f57996a3883bc84eed7744e7b9fc0f65ea3","hazelcast/src/main/java/com/hazelcast/map/impl/query/MapQueryEngineImpl.java","59","0","1","7","463","584","1"
"hazelcast","2921cff694583b8638dae2991f427e61d5440a9d","hazelcast/src/main/java/com/hazelcast/map/impl/query/MapQueryEngineImpl.java","59","0","1","7","463","584","0"
"neo4j","debd60404ad96ed7b0ff92fcfa8651174788fbc6","enterprise/security/src/main/java/org/neo4j/server/security/enterprise/auth/LdapRealm.java","59","0","1","7","514","625","1"
"elasticsearch","b72f44b93a4f690a59193a123e700dea70ef09ab","src/test/java/org/elasticsearch/search/query/SimpleQueryTests.java","59","0","1","71","2204","2682","1"
"orientdb","1e118bb70cd79f6c0a9146563e487a477ec555e0","core/src/main/java/com/orientechnologies/orient/core/index/OIndexTxAwareOneValue.java","59","0","1","8","308","422","1"
"orientdb","b2da48e3afbf13d261e339a76b8f2ad78837ff2e","core/src/main/java/com/orientechnologies/orient/core/metadata/schema/OImmutableClass.java","59","0","1","88","584","723","0"
"elasticsearch","371c73e14023917f3892090d2d3d7ff9ac1216b9","core/src/main/java/org/elasticsearch/index/mapper/MapperService.java","59","0","11","14","432","612","4"
"MapDB","0392d2fca4cf02f7013a84d7acd703c4b5a0f99c","src/main/java/org/mapdb/Fun.java","59","0","12","20","310","442","2"
"MapDB","7041a7d4fb7ad6f41fc486628c4ba96c4dd2486a","src/main/java/org/mapdb/Fun.java","59","0","12","23","329","465","1"
"MapDB","09ad5ffff24cee29d88ebf117a13dde8d7f069d6","src/main/java/org/mapdb/Fun.java","59","0","12","23","331","466","0"
"MapDB","e1580d63dd4f07e2a602a05a9cb2ed5486e2a976","src/main/java/org/mapdb/AsyncWriteEngine.java","59","0","12","3","336","622","0"
"elasticsearch","2a129f186874689f7c16b8ab77eba508d9ae7250","core/src/test/java/org/elasticsearch/discovery/DiscoveryWithServiceDisruptionsIT.java","59","0","12","5","760","1075","4"
"elasticsearch","b94b3b2bcdf610d6abff912e822eac624ff101de","src/main/java/org/elasticsearch/common/geo/builders/ShapeBuilder.java","59","0","15","3","403","684","1"
"elasticsearch","009fa6465744c2f7026fac851fbee6e53d5000be","core/src/main/java/org/elasticsearch/index/mapper/MappedFieldType.java","59","0","16","38","370","501","2"
"elasticsearch","9f54e9782d8962de97d4482d1c2c3c27710dba97","src/main/java/org/elasticsearch/cluster/routing/IndexShardRoutingTable.java","59","0","17","30","438","637","1"
"BroadleafCommerce","97b8f96f99dd8de36ef964a31703e5615c5b55bc","admin/broadleaf-open-admin-platform/src/main/java/org/broadleafcommerce/openadmin/web/controller/entity/AdminBasicEntityController.java","59","0","18","1","675","1169","7"
"BroadleafCommerce","e7a7f050b964881b3194c19339ce6ddd3c704088","admin/broadleaf-open-admin-platform/src/main/java/org/broadleafcommerce/openadmin/web/controller/entity/AdminBasicEntityController.java","59","0","18","1","679","1175","5"
"BroadleafCommerce","29c1d54a220e6a91ec08fa4b50e29fa39f5a151d","admin/broadleaf-open-admin-platform/src/main/java/org/broadleafcommerce/openadmin/web/controller/entity/AdminBasicEntityController.java","59","0","18","1","685","1182","5"
"hazelcast","2b274e6521ea45ba3f56fc50cbbe51d807794e3c","hazelcast/src/main/java/com/hazelcast/config/Config.java","59","0","19","85","719","971","0"
"elasticsearch","0aba19f4fa5c4fa2ac76ee96996d463a838248ac","core/src/main/java/org/elasticsearch/action/bulk/TransportBulkAction.java","59","0","2","1","356","426","1"
"netty","c1cbe8bec399efa8b5dc6d26397a8fc81767ed5e","transport/src/main/java/io/netty/channel/socket/aio/AioSocketChannel.java","59","0","2","10","439","598","0"
"netty","548540bc2de34d776206f32f15218bdcadb36c19","transport/src/main/java/io/netty/channel/socket/aio/AioSocketChannel.java","59","0","2","10","440","605","0"
"netty","725156f08262895def7a7041584c39d18356f503","transport/src/main/java/io/netty/channel/socket/aio/AioSocketChannel.java","59","0","2","10","444","602","0"
"hazelcast","4382d346c3be663ee763fa66886c2be14065d097","hazelcast/src/test/java/com/hazelcast/impl/MapStoreTest.java","59","0","2","103","1342","1528","0"
"elasticsearch","eea72a6d8652dac931b42fb075740753bad219ea","core/src/main/java/org/elasticsearch/cluster/metadata/MetaDataMappingService.java","59","0","2","2","322","417","2"
"elasticsearch","6f79d67f810f406d456ef9dab8aa3b8a44b97419","src/main/java/org/elasticsearch/action/bulk/TransportBulkAction.java","59","0","2","2","345","418","0"
"elasticsearch","2bd09c4625898d77aa6c015c6f82cf973ed18cb7","core/src/main/java/org/elasticsearch/action/bulk/TransportBulkAction.java","59","0","2","2","381","454","1"
"elasticsearch","c298c19177936733821228e4b0d10f956e3e7473","src/main/java/org/elasticsearch/index/mapper/core/DateFieldMapper.java","59","0","2","21","352","430","0"
"hazelcast","51c3e4ce91218088d48d32b618c9cc0644bb768a","hazelcast/src/main/java/com/hazelcast/nio/ConnectionManager.java","59","0","2","21","437","528","0"
"elasticsearch","0ad231546d70cd45ac5d7a32311c1cebb9b42293","core/src/main/java/org/elasticsearch/index/mapper/ObjectMapper.java","59","0","2","31","425","543","1"
"elasticsearch","450f47d5b59f19f4d2056042db69732ac5c21bbf","core/src/main/java/org/elasticsearch/index/mapper/ObjectMapper.java","59","0","2","31","425","543","1"
"elasticsearch","2a00c9dc46fe7ac5da04ea3e735985d3f02bc7bf","core/src/main/java/org/elasticsearch/index/mapper/ObjectMapper.java","59","0","2","31","425","543","0"
"BroadleafCommerce","45b052a6f144b2efab2b01dbc7eb670893bc5d25","core/broadleaf-framework/src/main/java/org/broadleafcommerce/core/order/domain/DiscreteOrderItemImpl.java","59","0","2","34","371","474","3"
"elasticsearch","2713549533bdeb944c436e1d0f2f199a2ef8b2b6","core/src/test/java/org/elasticsearch/index/shard/IndexShardTests.java","59","0","2","35","1257","1545","0"
"elasticsearch","6174e21f47244b6d5153d7d0cc1fe28fe863399d","core/src/test/java/org/elasticsearch/search/aggregations/bucket/DoubleTermsIT.java","59","0","2","39","953","1183","1"
"mcMMO","a87336b7ee1be024f6d61c382dc01c2ddde229bc","src/main/java/com/gmail/nossr50/database/LeaderboardManager.java","59","0","2","6","316","404","0"
"elasticsearch","e913b6626f45338629751b8d994a6f38de01acc1","src/test/java/org/elasticsearch/search/highlight/HighlighterSearchTests.java","59","0","2","69","2043","2618","1"
"antlr4","507f331bd08bc01c213822508d18bbc4ba769db4","tool/src/org/antlr/v4/automata/ATNSerializer.java","59","0","2","7","295","388","1"
"elasticsearch","629e2b2aff99f9d534edd8a17c30f12716a1725f","core/src/main/java/org/elasticsearch/index/query/BoolQueryBuilder.java","59","0","20","2","355","511","0"
"elasticsearch","0cf1d16187fcf10e9d0e64402bb6d0ebba5d7b80","core/src/main/java/org/elasticsearch/index/query/BoolQueryBuilder.java","59","0","20","2","356","511","1"
"elasticsearch","371c73e14023917f3892090d2d3d7ff9ac1216b9","core/src/main/java/org/elasticsearch/index/query/BoolQueryBuilder.java","59","0","20","2","356","513","3"
"elasticsearch","78574d248cf10dad1c5a566fda79e1e0c94afe43","core/src/main/java/org/elasticsearch/index/query/BoolQueryBuilder.java","59","0","20","2","356","513","2"
"elasticsearch","e6aaaf11ed4a1b8f595f920de1840938eddb7a97","core/src/main/java/org/elasticsearch/index/query/BoolQueryBuilder.java","59","0","20","2","356","513","2"
"elasticsearch","a60b8948ba1d836a6eac7cff095519e618939ed8","core/src/main/java/org/elasticsearch/index/query/BoolQueryBuilder.java","59","0","20","2","356","513","0"
"mcMMO","385fe1bb053cbaf2e2d74e0ebc9fc104efb35012","src/main/java/com/gmail/nossr50/config/experience/ExperienceConfig.java","59","0","21","21","245","388","0"
"elasticsearch","371c73e14023917f3892090d2d3d7ff9ac1216b9","core/src/main/java/org/elasticsearch/index/query/RangeQueryBuilder.java","59","0","22","2","350","497","3"
"elasticsearch","6666fb1614c602e5637b5949d61d8e457ab3ee77","core/src/main/java/org/elasticsearch/index/query/RangeQueryBuilder.java","59","0","22","2","350","497","2"
"elasticsearch","6902eafbfece0fa25ca33a092a7bc4260c2ec955","core/src/main/java/org/elasticsearch/index/query/RangeQueryBuilder.java","59","0","22","2","350","497","1"
"elasticsearch","78574d248cf10dad1c5a566fda79e1e0c94afe43","core/src/main/java/org/elasticsearch/index/query/RangeQueryBuilder.java","59","0","22","2","350","497","2"
"elasticsearch","e6aaaf11ed4a1b8f595f920de1840938eddb7a97","core/src/main/java/org/elasticsearch/index/query/RangeQueryBuilder.java","59","0","22","2","350","497","2"
"elasticsearch","a60b8948ba1d836a6eac7cff095519e618939ed8","core/src/main/java/org/elasticsearch/index/query/RangeQueryBuilder.java","59","0","22","2","350","497","0"
"elasticsearch","6013234560e3b321b6f5a4f996c8be0a30cb25aa","core/src/main/java/org/elasticsearch/common/settings/AbstractScopedSettings.java","59","0","23","1","344","557","0"
"elasticsearch","1d2a1540ccf0667e137cd1b1e201818a52f280d9","core/src/main/java/org/elasticsearch/common/settings/AbstractScopedSettings.java","59","0","23","1","345","565","1"
"elasticsearch","27562270ca1c3bda66cfb61396096e0849d426ed","src/main/java/org/elasticsearch/common/xcontent/XContentHelper.java","59","0","3","11","285","347","0"
"orientdb","29ed663ec9cc6a3349c64fe1410363a1e480ceb1","etl/src/main/java/com/orientechnologies/orient/etl/OETLProcessor.java","59","0","3","17","461","633","0"
"hazelcast","434a169a94f7accbe71d5e18444af9c22288a897","hazelcast/src/main/java/com/hazelcast/nio/tcp/TcpIpConnectionManager.java","59","0","3","25","524","655","1"
"elasticsearch","3aed047bdedde1bda189cbfc2f81e65af42e57c5","core/src/test/java/org/elasticsearch/search/aggregations/bucket/DoubleTermsIT.java","59","0","3","39","979","1223","0"
"elasticsearch","571b20137a16b2d2121a0e898e1a9c404aad5eed","core/src/test/java/org/elasticsearch/search/aggregations/bucket/LongTermsIT.java","59","0","3","40","979","1228","2"
"hazelcast","0f0ade6c45384284ab6b222ddf9c2df333fd693c","hazelcast/src/main/java/com/hazelcast/cache/impl/AbstractCacheService.java","59","0","3","43","501","614","0"
"hazelcast","361f2d6d80851071780824cbd500973aa7135155","hazelcast/src/main/java/com/hazelcast/cache/impl/AbstractCacheService.java","59","0","3","43","501","614","0"
"hazelcast","4b688356a16b18e3ab80324ea2bd700a15a0062a","hazelcast/src/main/java/com/hazelcast/cache/impl/AbstractCacheService.java","59","0","3","43","501","614","1"
"ceylon-ide-eclipse","59a513b1f2a487df610a4d82b9f6b6ad5422f4a0","plugins/com.redhat.ceylon.eclipse.ui/src/com/redhat/ceylon/eclipse/core/launch/CeylonModuleLaunchShortcut.java","59","0","3","5","310","396","0"
"neo4j","545b32b7a2a525b77854e0f2772ec9bdbdc8c101","community/import-tool/src/main/java/org/neo4j/tooling/ImportTool.java","59","0","3","8","815","968","0"
"neo4j","435e87d04ec8909050260ed23b015f8e13f44cb1","community/import-tool/src/main/java/org/neo4j/tooling/ImportTool.java","59","0","3","8","820","973","1"
"elasticsearch","e83c728265651aff4c895d1efeccae45e07d2914","core/src/main/java/org/elasticsearch/action/index/IndexRequest.java","59","0","37","19","459","728","2"
"elasticsearch","a518599e27047549347ac58d66d66b7bfd27f988","core/src/main/java/org/elasticsearch/action/index/IndexRequest.java","59","0","37","19","467","736","2"
"netty","e06cb82c4c1c27273e4811107e5b9ac6a66ef1fb","codec/src/main/java/io/netty/handler/codec/compression/JdkZlibDecoder.java","59","0","4","1","295","382","0"
"titan","8c51ee9c15b656fa51de53de4f4cc29444132a4a","titan-test/src/main/java/com/thinkaurelius/titan/graphdb/TitanGraphTest.java","59","0","4","18","851","1038","2"
"elasticsearch","2bd09c4625898d77aa6c015c6f82cf973ed18cb7","core/src/main/java/org/elasticsearch/index/mapper/core/StringFieldMapper.java","59","0","4","22","334","447","1"
"elasticsearch","bf382ce5d8d156c295d2d061151487a6d5848156","core/src/main/java/org/elasticsearch/index/mapper/core/StringFieldMapper.java","59","0","4","23","346","456","1"
"MapDB","22ff10f8a168b7118063a9e9580035a8a34ca56a","src/main/java/org/mapdb/Pump.java","59","0","5","0","315","490","0"
"elasticsearch","84fa9ead4d19aceed4540ccd44c06c37fd629da2","src/main/java/org/elasticsearch/common/geo/GeoHashUtils.java","59","0","5","2","218","341","0"
"ceylon-ide-eclipse","c0ca60e54457a47d851d8f11f7bbca2304ddb865","plugins/com.redhat.ceylon.eclipse.ui/src/com/redhat/ceylon/eclipse/core/classpath/CeylonClasspathUtil.java","59","0","5","8","266","353","0"
"ceylon-ide-eclipse","c12aa8dd2057db4634f345790b292ee1440eb3bf","plugins/com.redhat.ceylon.eclipse.ui/src/com/redhat/ceylon/eclipse/core/classpath/CeylonClasspathUtil.java","59","0","5","8","267","354","0"
"antlr4","85c145eff9d1bcef9149e54852a35299ca186fb2","tool/src/org/antlr/v4/analysis/LeftRecursiveRuleAnalyzer.java","59","0","6","13","325","447","0"
"elasticsearch","5a91ad11152fb54724083b696339b78829c8b905","core/src/main/java/org/elasticsearch/transport/TransportService.java","59","0","6","20","673","885","0"
"neo4j","4f021ca29bae1d5264461a88c40fae307328598f","community/kernel/src/main/java/org/neo4j/helpers/Args.java","59","0","6","24","392","519","1"
"mcMMO","88296da0af00b12cbbbe985ce51ee40f3677cec7","src/main/java/com/gmail/nossr50/skills/repair/RepairManager.java","59","0","7","7","277","427","0"
"elasticsearch","d8f16178d3f21b4f9d17da12e7aa61613fc2c27a","src/main/java/org/elasticsearch/repositories/blobstore/BlobStoreRepository.java","59","0","7","7","463","704","1"
"elasticsearch","a6510f924520d8cdda2636ac85a1a1e43f6dfb8c","src/main/java/org/elasticsearch/repositories/blobstore/BlobStoreRepository.java","59","0","7","7","464","706","0"
"elasticsearch","6941966b1654106ed9249cd01c32bfa2e06b452f","core/src/main/java/org/elasticsearch/repositories/blobstore/BlobStoreRepository.java","59","0","8","8","441","672","0"
"elasticsearch","ace83d9d2a97cfe8a8aa9bdd7b46ce71713fb494","core/src/main/java/org/elasticsearch/repositories/blobstore/BlobStoreRepository.java","59","0","8","8","442","673","0"
"hazelcast","4067c734fc42b3db10ea459be7bf2ac350a52ad9","hazelcast/src/main/java/com/hazelcast/impl/ConcurrentMapManager.java","592","0","1","37","3539","3963","2"
"hazelcast","217cb3896cbefcb9639ba6b6efc873c6b8ccc2e8","hazelcast/src/main/java/com/hazelcast/impl/ConcurrentMapManager.java","593","0","1","37","3544","3967","2"
"hazelcast","4382d346c3be663ee763fa66886c2be14065d097","hazelcast/src/main/java/com/hazelcast/impl/ConcurrentMapManager.java","593","0","1","37","3564","4024","2"
"hazelcast","0c89672210a77fd412d5b2cdcf82e1ff22788f06","hazelcast/src/main/java/com/hazelcast/impl/ConcurrentMapManager.java","594","0","1","37","3550","4003","1"
"hazelcast","525c34cddd7f4e08d674611e177bab103e4d1881","hazelcast/src/main/java/com/hazelcast/impl/ConcurrentMapManager.java","594","0","1","37","3553","3979","2"
"hazelcast","82fcc4c7c87097d1719bb56112aec0fafdb6bc0e","hazelcast/src/main/java/com/hazelcast/impl/ConcurrentMapManager.java","594","0","1","37","3554","3980","1"
"hazelcast","44d72f46457a73df16b2d502f94a79b8b84fb1af","hazelcast/src/main/java/com/hazelcast/impl/ConcurrentMapManager.java","594","0","1","37","3554","4008","1"
"hazelcast","0f89707809cab191283942792912162ce1d7aaf3","hazelcast/src/main/java/com/hazelcast/impl/ConcurrentMapManager.java","594","0","1","37","3555","4012","0"
"hazelcast","f13c06fe8a7c2511eadac61e6216fef79b56836f","hazelcast/src/main/java/com/hazelcast/impl/ConcurrentMapManager.java","595","0","1","37","3556","4010","1"
"hazelcast","f4abc288419a3ae760115386870f0fed8a788121","hazelcast/src/main/java/com/hazelcast/impl/ConcurrentMapManager.java","595","0","1","37","3557","4014","0"
"hazelcast","df1444e93547fff475fad09eecb54bffe0115b77","hazelcast/src/main/java/com/hazelcast/impl/ConcurrentMapManager.java","595","0","1","37","3569","4034","2"
"hazelcast","242b0f9bb3bd45a382ae2f3589d6d4ab6a32ccd6","hazelcast/src/main/java/com/hazelcast/impl/ConcurrentMapManager.java","597","0","1","38","3600","4075","4"
"hazelcast","cf0869f63f9dce2da4a009df2225fa00c5ea306d","hazelcast/src/main/java/com/hazelcast/impl/ConcurrentMapManager.java","597","0","1","38","3601","4076","2"
"hazelcast","32dd392e9e5a25c0463ddd1ccb27a0b671296cc7","hazelcast/src/main/java/com/hazelcast/impl/ConcurrentMapManager.java","599","0","1","37","3595","4060","1"
"ceylon-ide-eclipse","65c4e729050764a2a48fa921d809ad9324757eb0","plugins/com.redhat.ceylon.eclipse.ui/src/com/redhat/ceylon/eclipse/code/correct/AssignToForProposal.java","6","0","0","0","102","117","1"
"netty","a729e0fcd94009905d219665bdd069eb31433b7c","transport/src/main/java/io/netty/channel/embedded/EmbeddedEventLoop.java","6","0","0","0","102","142","1"
"ceylon-ide-eclipse","765624413a8fc99091a14d8ff74f1ff5e3184e7b","plugins/com.redhat.ceylon.eclipse.ui/src/com/redhat/ceylon/eclipse/code/correct/AssignToForProposal.java","6","0","0","0","103","118","0"
"hazelcast","43402d9f22b18ea6fed39e1c919e0d65b779266c","hazelcast/src/main/java/com/hazelcast/map/impl/mapstore/writebehind/SynchronizedWriteBehindQueue.java","6","0","0","0","104","149","2"
"oryx","cdcb0aae19f56d45ba9d94585e5f974b8f70b7d7","oryx-lambda/src/main/java/com/cloudera/oryx/lambda/BatchUpdateFunction.java","6","0","0","0","104","153","0"
"ceylon-ide-eclipse","5b4c3eac8a7c12c0125a77343e602b4e73083595","plugins/com.redhat.ceylon.eclipse.ui/src/com/redhat/ceylon/eclipse/code/complete/FunctionCompletionProposal.java","6","0","0","0","105","120","0"
"oryx","58153f886aa4d625048774f3570def750710bec1","oryx-lambda/src/main/java/com/cloudera/oryx/lambda/BatchUpdateFunction.java","6","0","0","0","105","153","1"
"neo4j","21dc057a8a68245281a22d7bdb8da5ae2103f057","enterprise/core-edge/src/main/java/org/neo4j/coreedge/raft/log/segmented/DumpSegmentedRaftLog.java","6","0","0","0","105","170","0"
"neo4j","886dbb454deaae6adcb4ff26e76f6e225eedca55","enterprise/core-edge/src/main/java/org/neo4j/coreedge/raft/log/segmented/DumpSegmentedRaftLog.java","6","0","0","0","105","170","0"
"neo4j","9a371bafe80ceb4e6cdc8502fbd22f9f8ec3d59d","enterprise/core-edge/src/main/java/org/neo4j/coreedge/raft/log/segmented/DumpSegmentedRaftLog.java","6","0","0","0","105","170","1"
"oryx","d16f89b25fc5e12f94af6432274c66e0394c1743","framework/oryx-lambda/src/main/java/com/cloudera/oryx/lambda/batch/BatchUpdateFunction.java","6","0","0","0","107","156","0"
"oryx","27e9046b2bd92243c260efd8bcd0af46b92bdf9e","framework/oryx-lambda/src/main/java/com/cloudera/oryx/lambda/batch/BatchUpdateFunction.java","6","0","0","0","108","159","0"
"neo4j","b070962e9b00726d50df951106225fa252b7efeb","community/bolt/src/main/java/org/neo4j/bolt/v1/messaging/MessageProcessingHandler.java","6","0","0","0","110","149","0"
"netty","a5006c1969e6bfab2d78699de190441e518f34b8","transport/src/main/java/io/netty/channel/embedded/EmbeddedEventLoop.java","6","0","0","0","110","151","0"
"hazelcast","2af1892404170b7d0c65a9558f90e6d241fcf3ba","hazelcast-client/src/main/java/com/hazelcast/client/connection/ConnectionImpl.java","6","0","0","0","111","153","1"
"netty","32ccdcdb189996211bff873b8cf2cd42f66f5a5e","transport-native-epoll/src/main/java/io/netty/channel/epoll/AbstractEpollChannel.java","6","0","0","0","123","184","0"
"hazelcast","3bd3f0fadd33f90f31f69f753e9aa7a807963ff5","hazelcast-client/src/main/java/com/hazelcast/client/spi/impl/ClientExecutionServiceImpl.java","6","0","0","0","127","162","1"
"hazelcast","41969587cb65b106638aac7de143c830066968d4","hazelcast-client/src/main/java/com/hazelcast/client/spi/impl/ClientExecutionServiceImpl.java","6","0","0","0","127","162","2"
"hazelcast","5d9345d0e7f6a373bf80d27b2bf94fc798934378","hazelcast-client/src/main/java/com/hazelcast/client/spi/impl/ClientExecutionServiceImpl.java","6","0","0","0","127","162","1"
"hazelcast","c90ac3fa538c72581d95d70f8a1c4d772e6253e0","hazelcast-client/src/main/java/com/hazelcast/client/spi/impl/ClientExecutionServiceImpl.java","6","0","0","0","127","162","2"
"hazelcast","d0fd18cd0e2fac83d47776ccc1f08639bfc9823f","hazelcast-client/src/main/java/com/hazelcast/client/spi/impl/ClientExecutionServiceImpl.java","6","0","0","0","127","162","1"
"hazelcast","f0d8cd8a04cf8fde1398c4e5be46bba62fc98244","hazelcast-client/src/main/java/com/hazelcast/client/spi/impl/ClientExecutionServiceImpl.java","6","0","0","0","127","162","1"
"hazelcast","05b27a3d7f9adfb832f8fb0c7927fc71c14df2b4","hazelcast-client/src/main/java/com/hazelcast/client/spi/impl/ClientExecutionServiceImpl.java","6","0","0","0","127","162","0"
"neo4j","3ec0e927cb481a29815bc3237d2e53fd7cadd271","community/lucene-index/src/main/java/org/neo4j/kernel/api/impl/index/UniqueLuceneIndexPopulator.java","6","0","0","0","136","178","0"
"elasticsearch","904dcc71270b7b2e984a7f897e2c2680775b1112","modules/reindex/src/main/java/org/elasticsearch/index/reindex/remote/RemoteResponseParsers.java","6","0","0","0","138","263","1"
"hazelcast","70d4de16ff0ac4518d09aad8c9f2ad9e782fb337","hazelcast/src/main/java/com/hazelcast/map/impl/mapstore/BasicMapStoreContext.java","6","0","0","0","142","205","1"
"hazelcast","d568e4d926d925d57d4e79e34614390416749301","hazelcast/src/main/java/com/hazelcast/map/impl/mapstore/BasicMapStoreContext.java","6","0","0","0","143","206","0"
"netty","f64a121de78fe739b61d503dc61cc62fe98659d5","transport/src/main/java/io/netty/channel/VoidChannelPromise.java","6","0","0","0","149","204","0"
"elasticsearch","18393a06f373a2132972d5551bc9ed3ae28022e6","modules/reindex/src/main/java/org/elasticsearch/index/reindex/remote/RemoteResponseParsers.java","6","0","0","0","152","281","0"
"hazelcast","a54592ecba3a4cc7158bbcd8a704e58e22170e17","hazelcast-client/src/test/java/com/hazelcast/client/map/ClientMapIssueTest.java","6","0","0","0","162","225","2"
"hazelcast","3c268f4e2408296c187a2abe68e2b460a53f2b6e","hazelcast-client/src/test/java/com/hazelcast/client/map/ClientMapIssueTest.java","6","0","0","0","163","225","2"
"netty","ac8ac591488b976aba5ebe7a1bbfb24f5e1ecc09","transport-native-epoll/src/main/java/io/netty/channel/epoll/Native.java","6","0","0","0","165","229","0"
"netty","af625f2274a401c7fc1f5acca7a1bb8e69513b16","transport-native-epoll/src/main/java/io/netty/channel/epoll/Native.java","6","0","0","0","166","232","0"
"netty","061d5bc261f8167f5a4716e4d100261ed17a6cf6","transport-native-epoll/src/main/java/io/netty/channel/epoll/Native.java","6","0","0","0","167","233","0"
"neo4j","c4f478d13eb6daee59bdee054591cec26f5a7b4d","community/lucene-index/src/main/java/org/neo4j/kernel/api/impl/schema/ValueEncoding.java","6","0","0","0","171","226","1"
"hazelcast","70d4de16ff0ac4518d09aad8c9f2ad9e782fb337","hazelcast/src/main/java/com/hazelcast/query/impl/PortableExtractor.java","6","0","0","0","189","257","1"
"netty","88df53ec1a53912c2e34892247c8218c2fa01838","buffer/src/main/java/io/netty/buffer/PooledHeapByteBuf.java","6","0","0","0","212","262","0"
"hazelcast","91245037da8a22802fc1aa8e4f35d6c82d045d81","hazelcast/src/main/java/com/hazelcast/query/impl/PortableExtractor.java","6","0","0","0","212","291","1"
"hazelcast","fc6416b87c902797899c08d3659417993ef400e6","hazelcast-client/src/test/java/com/hazelcast/client/txn/ClientXACompatibilityTest.java","6","0","0","0","222","265","0"
"hazelcast","e7501414169450e60a75b6f9e3efeee58f3139e0","hazelcast/src/main/java/com/hazelcast/query/impl/PortableExtractor.java","6","0","0","0","226","308","0"
"netty","51a536fd3068ecff95dd27adf047299122ade8ea","buffer/src/main/java/io/netty/buffer/PooledHeapByteBuf.java","6","0","0","0","229","282","0"
"neo4j","d365ac545b3bd00abcab9a8c34734667d0b9ff6b","enterprise/causal-clustering/src/main/java/org/neo4j/causalclustering/discovery/HazelcastCoreTopologyService.java","6","0","0","0","233","295","0"
"netty","5416f2315e222acf8d9a36a51bcd4142a0f1c022","buffer/src/main/java/io/netty/buffer/PooledHeapByteBuf.java","6","0","0","0","235","289","0"
"netty","6c2eba79d70a532822a0e38092faa9783d90906b","transport/src/main/java/io/netty/channel/DefaultChildEventExecutor.java","6","0","0","0","27","50","0"
"hazelcast","b0d2be02333028272031f78c6d7d92c640347cd5","hazelcast/src/main/java/com/hazelcast/internal/partition/impl/PublishPartitionRuntimeStateTask.java","6","0","0","0","30","54","0"
"hazelcast","7089d5a8c0942def487beb798927c03907a14aa7","hazelcast/src/main/java/com/hazelcast/internal/partition/impl/PublishPartitionRuntimeStateTask.java","6","0","0","0","33","59","0"
"hazelcast","bfa50b94f7d17d96907faaedf3e4811680937685","hazelcast/src/main/java/com/hazelcast/internal/partition/impl/CheckPartitionReplicaVersionTask.java","6","0","0","0","37","66","0"
"neo4j","886dbb454deaae6adcb4ff26e76f6e225eedca55","enterprise/core-edge/src/main/java/org/neo4j/coreedge/raft/log/segmented/PositionCache.java","6","0","0","0","37","88","0"
"netty","06f64948d5da798ed75c892f6cbba18566857937","buffer/src/main/java/io/netty/buffer/AbstractUnpooledSlicedByteBuf.java","6","0","0","0","377","478","0"
"netty","f897507b09d61baca231f43bfc701c134966bd11","buffer/src/main/java/io/netty/buffer/AbstractUnpooledSlicedByteBuf.java","6","0","0","0","381","483","1"
"neo4j","a773f11325b96d4ef22538f3ceaa1cf81ea24560","enterprise/core-edge/src/main/java/org/neo4j/coreedge/catchup/TimeoutLoop.java","6","0","0","0","42","64","1"
"oryx","eff199ff1f6cad1b4ff13829dfb29ff4884d4c31","app/oryx-app-mllib/src/main/java/com/cloudera/oryx/app/batch/mllib/kmeans/DunnIndex.java","6","0","0","0","44","79","0"
"neo4j","8e057a683b13cd7c2d6155e5dc80d673442431c1","enterprise/core-edge/src/main/java/org/neo4j/coreedge/catchup/TimeoutLoop.java","6","0","0","0","47","70","0"
"hazelcast","67db7c70adf6604568aa7e831f0373cf4b411bd0","hazelcast/src/main/java/com/hazelcast/spi/impl/executionservice/impl/BasicCompletableFuture.java","6","0","0","0","48","81","1"
"elasticsearch","2b97f5d9ebf1b07fcf61be5cdb1c4bc1250c537d","core/src/main/java/org/elasticsearch/search/aggregations/metrics/cardinality/CardinalityAggregatorFactory.java","6","0","0","0","48","86","2"
"netty","1767814a466f9fc6a51c87a84bd73d93eb0ca1d7","codec-http2/src/test/java/io/netty/handler/codec/http2/HpackHex.java","6","0","0","0","49","163","1"
"elasticsearch","e54dd688a1c5c78a2637b7ab264f6eabc0352985","src/main/java/org/elasticsearch/bootstrap/Natives.java","6","0","0","0","49","85","0"
"netty","f38bf74f3ecd3c2ba29c39240dce573fa5083429","src/main/java/io/netty/handler/codec/serialization/CompactObjectInputStream.java","6","0","0","0","51","78","0"
"hazelcast","70d4de16ff0ac4518d09aad8c9f2ad9e782fb337","hazelcast/src/main/java/com/hazelcast/spi/impl/operationservice/impl/ResponsePacketHandlerImpl.java","6","0","0","0","52","77","1"
"hazelcast","15ad63e930e2d564e6911025f5d234fd4144e345","hazelcast/src/main/java/com/hazelcast/map/MapContainerSupport.java","6","0","0","0","54","83","0"
"Android-Universal-Image-Loader","56f4df896682733c9979b348e46ba77494851304","library/src/com/nostra13/universalimageloader/core/DisplayBitmapTask.java","6","0","0","0","54","88","0"
"Android-Universal-Image-Loader","dcb5e7982e71f76bf5aac5830e18c713839ff478","library/src/com/nostra13/universalimageloader/core/DisplayBitmapTask.java","6","0","0","0","54","89","1"
"elasticsearch","9ee08dbb0b247afb881431df0c313024eb768747","plugins/repository-s3/src/test/java/org/elasticsearch/cloud/aws/AbstractAwsTestCase.java","6","0","0","0","56","96","1"
"elasticsearch","b771daa3c72b2c42297b93377dc644b7a48d7e42","core/src/main/java/org/elasticsearch/common/lucene/search/function/MinScoreScorer.java","6","0","0","0","57","96","0"
"hazelcast","8f419459821e2d7e744122b4b3a9482e6fc0ebb2","hazelcast/src/main/java/com/hazelcast/partition/impl/PartitionReplicaVersions.java","6","0","0","0","58","89","0"
"neo4j","c6df52ac56269552d27f572a2af61ddce5a9095c","enterprise/causal-clustering/src/main/java/org/neo4j/causalclustering/catchup/storecopy/FileSender.java","6","0","0","0","60","99","0"
"elasticsearch","e41eae9f059ea3fda8be50942b83c7cc0a20776c","core/src/main/java/org/elasticsearch/bootstrap/Spawner.java","6","0","0","0","62","122","1"
"elasticsearch","d704a880e72579f89c7f88392623ad285e6a0d71","modules/ingest-common/src/main/java/org/elasticsearch/ingest/common/DateFormat.java","6","0","0","0","63","91","2"
"elasticsearch","24d7fa6d54339b2ab9459558e507ec958f980ca8","core/src/main/java/org/elasticsearch/action/ingest/WriteableIngestDocument.java","6","0","0","0","63","95","0"
"hazelcast","8f419459821e2d7e744122b4b3a9482e6fc0ebb2","hazelcast/src/main/java/com/hazelcast/partition/impl/ResetReplicaVersionOperation.java","6","0","0","0","64","102","0"
"elasticsearch","2a6e6866bd6a25f469c07ba0766edec6272e93ac","modules/ingest-common/src/main/java/org/elasticsearch/ingest/common/DateFormat.java","6","0","0","0","64","91","0"
"elasticsearch","e9a68b3287bd9cc203d4720cedf200650e7fdef8","modules/ingest-common/src/main/java/org/elasticsearch/ingest/common/DateFormat.java","6","0","0","0","64","91","0"
"elasticsearch","5bcae914d9cb875cb83afed871f68009cddb75a2","modules/ingest-common/src/main/java/org/elasticsearch/ingest/common/DateFormat.java","6","0","0","0","64","91","1"
"oryx","4c9482b0876e9aec773c57558b0486f3b717c760","framework/oryx-lambda/src/main/java/com/cloudera/oryx/lambda/batch/ValueWritableConverter.java","6","0","0","0","66","110","0"
"hazelcast","bb145ca7f5db144e21063646b1f2a610bbb05eb5","hazelcast-client/src/main/java/com/hazelcast/client/spi/impl/ClientSmartInvocationServiceImpl.java","6","0","0","0","66","96","1"
"hazelcast","378b2321ab4b0a46b231b72d75eaf7abae4be41d","hazelcast/src/main/java/com/hazelcast/cluster/impl/ClusterStateLock.java","6","0","0","0","67","116","0"
"hazelcast","4d1364579e205b6ce571799502d81da34f5f06c8","hazelcast/src/main/java/com/hazelcast/spi/impl/operationexecutor/slowoperationdetector/SlowOperationLog.java","6","0","0","0","70","117","0"
"hazelcast","1762467554730e712d3e27dde9bd12b8bfa8929d","hazelcast/src/main/java/com/hazelcast/internal/memory/impl/UnsafeUtil.java","6","0","0","0","72","111","0"
"hazelcast","4b9cef83c2c99af4df9d1d0338f29a7dc1c9eda8","hazelcast-client/src/test/java/com/hazelcast/client/map/MapMemoryUsageStressTest.java","6","0","0","0","73","87","0"
"elasticsearch","1bdf29e2634e9cc8d02a84953bad879b5864353a","core/src/main/java/org/elasticsearch/index/translog/Checkpoint.java","6","0","0","0","77","114","0"
"hazelcast","00cc50ec0d92d2bc1f7dfb8c1cfd4f569ad84cdc","hazelcast-client/src/test/java/com/hazelcast/client/map/MapMemoryUsageStressTest.java","6","0","0","0","78","93","2"
"hazelcast","3c5f442e9cf8a73a13ea74b8a994f507ae2d2add","hazelcast-client/src/test/java/com/hazelcast/client/map/MapMemoryUsageStressTest.java","6","0","0","0","79","94","0"
"netty","14189140a0e07ab1cac8b91b49a787143870890e","common/src/main/java/io/netty/util/internal/logging/Log4J2Logger.java","6","0","0","0","80","117","0"
"netty","2903b91e66c6e6615b7ba67c8c6ff286e392ad95","transport/src/main/java/io/netty/channel/socket/oio/AbstractOioChannel.java","6","0","0","0","84","121","0"
"elasticsearch","f5edd5049a2cb824eb66c75047f920bf76dd423e","plugins/repository-hdfs/src/main/java/org/elasticsearch/repositories/hdfs/HdfsSecurityContext.java","6","0","0","0","84","146","0"
"netty","3e783e1b5e9d067271bc8e398230e056379baa75","transport/src/main/java/io/netty/channel/socket/oio/AbstractOioChannel.java","6","0","0","0","85","122","0"
"neo4j","21dc057a8a68245281a22d7bdb8da5ae2103f057","enterprise/core-edge/src/main/java/org/neo4j/coreedge/raft/log/segmented/EntryRecordCursor.java","6","0","0","0","85","127","0"
"netty","e33f12f5b8a37b3f2a7291a10a61c8bce6ce73e0","transport-native-epoll/src/main/java/io/netty/channel/epoll/IovArray.java","6","0","0","0","85","160","1"
"elasticsearch","39e59b49b16a8f82b174ba8066c4769b06a37eb0","core/src/main/java/org/elasticsearch/action/search/SearchScrollQueryThenFetchAsyncAction.java","6","0","0","0","89","123","0"
"elasticsearch","e9687622bd41b4390c5ace5c8fe20dafbd0cb194","core/src/main/java/org/elasticsearch/bootstrap/Elasticsearch.java","6","0","0","0","89","143","1"
"hazelcast","78ae1a75208f6777bfb81fd68b2d62b446f83759","hazelcast-hibernate/hazelcast-hibernate4/src/main/java/com/hazelcast/hibernate/serialization/ExpiryMarker.java","6","0","0","0","91","158","0"
"elasticsearch","447d92e4824f9b4086bfeed0f4f02cb30422d7c7","core/src/main/java/org/elasticsearch/bootstrap/Elasticsearch.java","6","0","0","0","93","152","0"
"hazelcast","a1494c9e81153be0f5030c30ce2673c1acdeb3b5","hazelcast-client/src/test/java/com/hazelcast/client/queue/ClientQueueDisruptionTest.java","6","0","0","0","94","121","2"
"hazelcast","b9fb9916546bf2cdde763342ec288a0d13cb7e67","hazelcast-client/src/test/java/com/hazelcast/client/queue/ClientQueueDisruptionTest.java","6","0","0","0","94","121","1"
"hazelcast","1fb497dc4bf2479f9745e040d6547ab67aaf299c","hazelcast-client/src/test/java/com/hazelcast/client/queue/ClientQueueDisruptionTest.java","6","0","0","0","94","121","0"
"netty","a517cce92fee24f2967bba7c84eea835b79fcab1","resolver-dns/src/main/java/io/netty/resolver/dns/InflightNameResolver.java","6","0","0","0","96","132","0"
"hazelcast","16eb86ea375507bff218a5e3ee69d3e205fa4823","hazelcast-client/src/test/java/com/hazelcast/client/queue/ClientQueueDisruptionTest.java","6","0","0","0","97","124","1"
"hazelcast","41d990066b4ca39a924262ca7d2f64117c9eb094","hazelcast-client/src/test/java/com/hazelcast/client/spi/impl/ClientInvocationTest.java","6","0","0","1","121","170","0"
"hazelcast","6d705f2552e2184cccfa8118823106b3a7088758","hazelcast-client/src/test/java/com/hazelcast/client/txn/ClientTxnTest.java","6","0","0","1","133","174","0"
"elasticsearch","d26becc040036b625dde751704d7537742c97e09","core/src/test/java/org/elasticsearch/search/aggregations/metrics/PercentileRanksTests.java","6","0","0","1","29","54","0"
"elasticsearch","a9169e536baff048b50700c6b1daefa6986b6153","core/src/test/java/org/elasticsearch/search/aggregations/metrics/PercentileRanksTests.java","6","0","0","1","31","55","1"
"hazelcast","e7c312280062991ae79e7194e151e12ea3aa2897","hazelcast/src/test/java/com/hazelcast/spi/impl/waitnotifyservice/impl/WaitNotifySplitBrainTest.java","6","0","0","1","57","71","0"
"hazelcast","ba7cc3822de1533975ce2d1419ef6b91f8c7d7c4","hazelcast/src/test/java/com/hazelcast/spi/impl/waitnotifyservice/impl/TestRecoveryAfterSplitBrain.java","6","0","0","1","58","72","0"
"orientdb","d512fd87199482c7e38fd0d7994ba7592b8b3086","distributed/src/test/java/com/orientechnologies/orient/server/distributed/asynch/TestAsyncReplMode2ServersAddEdge.java","6","0","0","1","63","77","1"
"orientdb","919a36b316857011fc0a9b0b70180743e222dc0d","distributed/src/test/java/com/orientechnologies/orient/server/distributed/asynch/TestAsyncReplMode2ServersAddEdge.java","6","0","0","1","67","83","0"
"mcMMO","8dfa8c20f32e391c3d299abc51514a6601ed6e80","src/main/java/com/gmail/nossr50/skills/taming/CallOfTheWildEventHandler.java","6","0","0","1","70","86","4"
"hazelcast","e1b69c53ca4923affcd7722f012a80e32517e988","hazelcast/src/main/java/com/hazelcast/internal/cluster/impl/operations/LockClusterStateOp.java","6","0","0","10","101","134","0"
"elasticsearch","4bfd21b3dd93beb6d65cbb11334f6a9a82123286","core/src/main/java/org/elasticsearch/action/admin/cluster/stats/ClusterStatsResponse.java","6","0","0","10","102","145","0"
"elasticsearch","db541d6fbe3daecec91bb7701aacfcd284662c2a","core/src/main/java/org/elasticsearch/search/aggregations/pipeline/serialdiff/SerialDiffPipelineAggregator.java","6","0","0","10","110","162","1"
"hazelcast","0f550598f8d9f6c62d3bc81f88248d1e11b537c3","hazelcast-spring/src/test/java/com/hazelcast/spring/security/SecureApplicationContextTest.java","6","0","0","10","146","180","1"
"hazelcast","84d4ab5cece50fa5a7226af589a9dfd3789811fa","hazelcast-spring/src/test/java/com/hazelcast/spring/security/TestSecureApplicationContext.java","6","0","0","10","148","182","0"
"neo4j","d53a2bf71216aaef6c1f25705ca7bbf1b768b01e","community/kernel/src/test/java/org/neo4j/kernel/impl/util/collection/TimedRepositoryTest.java","6","0","0","10","158","246","1"
"hazelcast","2c9f047c50d17d673fc19ecabccf2239611417b6","hazelcast/src/test/java/com/hazelcast/instance/NodeStateTest.java","6","0","0","10","179","228","0"
"elasticsearch","2beda3953d75b387d30cf0fba1095f4b766b0b2a","src/test/java/org/elasticsearch/cluster/routing/RoutingTableTest.java","6","0","0","10","187","249","0"
"elasticsearch","3ce7b119d28e7d1be7284bd804606a65c2d1a383","core/src/test/java/org/elasticsearch/index/mapper/CopyToMapperTests.java","6","0","0","10","365","460","0"
"hazelcast","5045ea3aa95037fee762da0747779999661da359","hazelcast/src/main/java/com/hazelcast/map/impl/operation/PutBackupOperation.java","6","0","0","10","73","109","2"
"elasticsearch","1f04182b8164ffb19f3805c48d67f0375262b317","core/src/main/java/org/elasticsearch/action/termvectors/dfs/DfsOnlyRequest.java","6","0","0","10","74","116","0"
"ceylon-ide-eclipse","5b4c3eac8a7c12c0125a77343e602b4e73083595","plugins/com.redhat.ceylon.eclipse.ui/src/com/redhat/ceylon/eclipse/code/correct/MakeReceiverProposal.java","6","0","0","10","78","95","0"
"hazelcast","62636a2a007993d2b24d665033e0abaaeabf0108","hazelcast/src/main/java/com/hazelcast/map/impl/operation/PutBackupOperation.java","6","0","0","10","80","113","3"
"hazelcast","ce7d7c8779e24e951600fee82f97f9c4db020279","hazelcast/src/main/java/com/hazelcast/ringbuffer/impl/operations/ReadManyOperation.java","6","0","0","10","89","132","0"
"hazelcast","1f042b8c4a4245594691bb6d85a66ceed9b43068","hazelcast/src/main/java/com/hazelcast/instance/LifecycleServiceImpl.java","6","0","0","10","92","127","1"
"hazelcast","2921cff694583b8638dae2991f427e61d5440a9d","hazelcast/src/main/java/com/hazelcast/instance/LifecycleServiceImpl.java","6","0","0","10","93","128","0"
"elasticsearch","7ab0e2c5321c802068d85c0fa3a0f44e0b02c5a4","core/src/test/java/org/elasticsearch/nested/SimpleNestedIT.java","6","0","0","10","981","1168","1"
"elasticsearch","5f6623c03b87f914faba97064d115370d286127f","core/src/test/java/org/elasticsearch/nested/SimpleNestedTests.java","6","0","0","10","985","1173","0"
"hazelcast","772b5217030e0fb94bf07a00d9b5e7b275a82030","hazelcast/src/main/java/com/hazelcast/ringbuffer/impl/operations/ReadManyOperation.java","6","0","0","11","103","146","2"
"hazelcast","3a1d456848dcafbe8a777d7d33434d63a8db1f0d","hazelcast/src/main/java/com/hazelcast/concurrent/lock/operations/UnlockOperation.java","6","0","0","11","104","140","1"
"hazelcast","50bbd60a9ae2031621834fa9ce729f448babd684","hazelcast/src/main/java/com/hazelcast/concurrent/lock/operations/UnlockOperation.java","6","0","0","11","105","142","2"
"hazelcast","23dc01609c7220e3e9784fb94eef7520d17b763b","hazelcast-client/src/main/java/com/hazelcast/client/spi/impl/ClientExecutionServiceImpl.java","6","0","0","11","124","158","2"
"hazelcast","3c12449018f3aca0471bfeb80e0286f4c0df9721","hazelcast-client/src/main/java/com/hazelcast/client/spi/impl/ClientExecutionServiceImpl.java","6","0","0","11","124","158","2"
"hazelcast","e7b1a0a805348da2bc4758a089f61e704ab055de","hazelcast-client/src/main/java/com/hazelcast/client/spi/impl/ClientExecutionServiceImpl.java","6","0","0","11","124","158","3"
"hazelcast","edb7faa94d393f3d5c91bbb433cea1b6737e2569","hazelcast-client/src/main/java/com/hazelcast/client/spi/impl/ClientExecutionServiceImpl.java","6","0","0","11","124","158","1"
"hazelcast","e1a8b795e20cc4eb9bf23f707b979b064dcc5c4d","hazelcast-client/src/main/java/com/hazelcast/client/spi/impl/ClientExecutionServiceImpl.java","6","0","0","11","124","158","0"
"elasticsearch","7600afc82f999d1c91217a5e3a6847655714f53b","core/src/test/java/org/elasticsearch/ingest/processor/DateProcessorFactoryTests.java","6","0","0","11","142","187","0"
"hazelcast","6dbf726f876f290ece21edcb4e37af996cecac9d","hazelcast/src/test/java/com/hazelcast/util/executor/DelegatingFutureTest.java","6","0","0","11","143","184","0"
"hazelcast","94adcc7514abab71a4ead864748a50df7437db76","hazelcast/src/test/java/com/hazelcast/util/executor/DelegatingFutureTest.java","6","0","0","11","144","185","1"
"neo4j","27793b7cdd404fa255b17808ea9603a622e6bb7e","enterprise/causal-clustering/src/main/java/org/neo4j/causalclustering/core/state/CoreState.java","6","0","0","11","150","201","1"
"elasticsearch","262ea9534f23761c05570996674932a506259890","core/src/test/java/org/elasticsearch/common/network/InetAddressesTests.java","6","0","0","11","177","218","1"
"neo4j","ebaf8617fdfdd21fdac69e479d938a8966fb5156","community/security/src/test/java/org/neo4j/server/security/auth/FileUserRepositoryTest.java","6","0","0","11","192","270","1"
"neo4j","bdb8a549f55d285edc2f622f7590e63bd280e8ff","enterprise/security/src/test/java/org/neo4j/server/security/enterprise/auth/FileRoleRepositoryTest.java","6","0","0","11","192","272","1"
"neo4j","d41dff69b36858b1eb845a50f84bbf7b65deb159","enterprise/causal-clustering/src/test/java/org/neo4j/causalclustering/scenarios/CoreReplicationIT.java","6","0","0","11","194","325","0"
"elasticsearch","6f1ed8a3d1f55b7c2be0ee6deb1aee281a1858f5","modules/transport-netty4/src/test/java/org/elasticsearch/http/netty4/Netty4HttpChannelTests.java","6","0","0","11","417","529","1"
"elasticsearch","82613198fe3b899eb39971469a63862ac2997def","modules/transport-netty4/src/test/java/org/elasticsearch/http/netty4/Netty4HttpChannelTests.java","6","0","0","11","417","529","1"
"elasticsearch","5343b87502cf82e7697133ed636f210bd31247cd","modules/transport-netty4/src/test/java/org/elasticsearch/http/netty4/Netty4HttpChannelTests.java","6","0","0","11","417","529","0"
"hazelcast","c8f0d5a8065a8c861b0d5bcc51b3c5920b0b8e25","hazelcast/src/main/java/com/hazelcast/collection/CollectionEventFilter.java","6","0","0","11","55","86","0"
"hazelcast","c8f0d5a8065a8c861b0d5bcc51b3c5920b0b8e25","hazelcast/src/main/java/com/hazelcast/queue/QueueEventFilter.java","6","0","0","11","55","89","0"
"hazelcast","e73ee1bb20113a455f99532226d74fd1fc7fcef6","hazelcast-ra/src/main/java/com/hazelcast/jca/ManagedConnectionFactoryImpl.java","6","0","0","11","64","93","0"
"hazelcast","f20e3dadabc7cb95afcf791a2c9872699868bdb6","hazelcast/src/main/java/com/hazelcast/map/operation/BasePutOperation.java","6","0","0","11","70","101","1"
"BroadleafCommerce","be71d684cdc62530cf00280b251761490f15780b","core/broadleaf-profile/src/main/java/org/broadleafcommerce/profile/core/dao/CustomerDaoImpl.java","6","0","0","11","72","108","1"
"elasticsearch","e1efd5f6baf8dec1c23c79b346b8a29f234a98bb","core/src/main/java/org/elasticsearch/action/termvectors/dfs/DfsOnlyRequest.java","6","0","0","11","74","116","0"
"hazelcast","10773b4cd855bdfd84ea80d22b8ed3c977459444","hazelcast/src/main/java/com/hazelcast/multimap/impl/operations/ContainsEntryOperation.java","6","0","0","11","83","117","0"
"hazelcast","bb3ea0e107980d769862cdbda748cc91529d67b5","hazelcast/src/main/java/com/hazelcast/transaction/impl/xa/SerializableXID.java","6","0","0","11","85","119","0"
"hazelcast","290160eb73377fc226cbc5858d1c2c3803b79d6d","hazelcast/src/main/java/com/hazelcast/map/impl/operation/PutBackupOperation.java","6","0","0","11","87","123","2"
"neo4j","6d982cbbfe60b92ad8356dd0443631e6701d8ae9","enterprise/security/src/main/java/org/neo4j/server/security/enterprise/auth/ShiroAuthSubject.java","6","0","0","11","92","129","1"
"orientdb","3fd79f333e2a5c17bcac9d2ddfe74044e2dfecdd","core/src/test/java/com/orientechnologies/orient/core/sql/parser/OUpdateStatementTest.java","6","0","0","12","110","140","0"
"orientdb","d31b3cdb997e14398e2e85501669d80b63550600","graphdb/src/test/java/com/orientechnologies/orient/graph/blueprints/BlueprintsTest.java","6","0","0","12","120","153","1"
"hazelcast","3bd3f0fadd33f90f31f69f753e9aa7a807963ff5","hazelcast-client-new/src/main/java/com/hazelcast/client/spi/impl/ClientExecutionServiceImpl.java","6","0","0","12","127","162","1"
"hazelcast","41969587cb65b106638aac7de143c830066968d4","hazelcast-client-new/src/main/java/com/hazelcast/client/spi/impl/ClientExecutionServiceImpl.java","6","0","0","12","127","162","2"
"hazelcast","05b27a3d7f9adfb832f8fb0c7927fc71c14df2b4","hazelcast-client-new/src/main/java/com/hazelcast/client/spi/impl/ClientExecutionServiceImpl.java","6","0","0","12","127","162","0"
"junit","dfd0bba58bfdacfd8802ee07c8f83ee794a51aba","src/test/java/org/junit/tests/running/classes/ParentRunnerFilteringTest.java","6","0","0","12","146","171","0"
"neo4j","415c5a0af6f6e9d16725ee294402397500f3aacd","enterprise/causal-clustering/src/test/java/org/neo4j/causalclustering/core/consensus/log/segmented/RecoveryProtocolTest.java","6","0","0","12","194","294","0"
"elasticsearch","d692ccf26172af1ae4c08bfa67cba6620b6fb408","core/src/test/java/org/elasticsearch/common/network/InetAddressesTests.java","6","0","0","12","201","250","0"
"neo4j","9045c43e0e43b4d243228904e8c6cbc127f4aa3b","enterprise/security/src/test/java/org/neo4j/server/security/enterprise/auth/FileRoleRepositoryTest.java","6","0","0","12","205","291","0"
"neo4j","ba802146bfb948f8ca4bc29d51b2626b9864a1a9","community/security/src/test/java/org/neo4j/server/security/auth/FileUserRepositoryTest.java","6","0","0","12","229","322","0"
"elasticsearch","f5542ed47fede3d086477995afbc6b330ff71d3e","core/src/test/java/org/elasticsearch/cluster/routing/allocation/AwarenessAllocationTests.java","6","0","0","12","611","807","1"
"elasticsearch","0ccf8a742df544c25edec70d1f91f2aab2028773","core/src/main/java/org/elasticsearch/common/io/stream/ByteBufferStreamInput.java","6","0","0","12","69","103","1"
"hazelcast","6fa8fa0639e5b44d288480f8991b18a2b31c1c8f","hazelcast/src/main/java/com/hazelcast/map/operation/KeyBasedMapOperation.java","6","0","0","13","107","148","1"
"hazelcast","4b9cef83c2c99af4df9d1d0338f29a7dc1c9eda8","hazelcast/src/main/java/com/hazelcast/transaction/impl/xa/XATransactionContextImpl.java","6","0","0","13","110","145","1"
"hazelcast","bb874ec7c86bec4bacca6c36a85bac7e53735778","hazelcast/src/main/java/com/hazelcast/transaction/impl/xa/XATransactionContextImpl.java","6","0","0","13","110","145","2"
"hazelcast","d32b58c8344e3ee868d1a84efc3e15aa77ae82f3","hazelcast/src/main/java/com/hazelcast/transaction/impl/xa/XATransactionContextImpl.java","6","0","0","13","110","145","2"
"hazelcast","bb3ea0e107980d769862cdbda748cc91529d67b5","hazelcast/src/main/java/com/hazelcast/transaction/impl/xa/XATransactionContextImpl.java","6","0","0","13","110","145","0"
"hazelcast","16c8f2ccd1c8c0487b2de0eaee0b1eea72f575a0","hazelcast/src/test/java/com/hazelcast/util/ServiceLoaderTest.java","6","0","0","13","140","200","0"
"hazelcast","610b9253a8c3af42549dee6e123cc491b6f87098","hazelcast/src/test/java/com/hazelcast/util/ServiceLoaderTest.java","6","0","0","13","140","200","0"
"hazelcast","c7f30f825c75064301f3ed9afbd4ad8ee7cba6f8","hazelcast/src/test/java/com/hazelcast/util/ServiceLoaderTest.java","6","0","0","13","140","200","0"
"hazelcast","7268607e6463c10dafb6f822ca6acd2144edb597","hazelcast/src/test/java/com/hazelcast/util/ServiceLoaderTest.java","6","0","0","13","140","200","1"
"hazelcast","46e05488141001b7d2d0f3f9c39e3e35ce49a6ab","hazelcast/src/test/java/com/hazelcast/util/ServiceLoaderTest.java","6","0","0","13","141","201","2"
"neo4j","ebaf8617fdfdd21fdac69e479d938a8966fb5156","enterprise/security/src/test/java/org/neo4j/server/security/enterprise/auth/FileRoleRepositoryTest.java","6","0","0","13","205","291","1"
"neo4j","6eabd27b55177dfd0f40b5c796235b9ec0c7aae6","enterprise/ha/src/test/java/org/neo4j/kernel/ha/SlaveUpdatePullerTest.java","6","0","0","13","220","310","0"
"neo4j","984859253643ec74deb7d4c20c14e4b7bd6013a4","community/kernel/src/test/java/org/neo4j/kernel/impl/api/KernelTransactionsTest.java","6","0","0","13","369","526","2"
"elasticsearch","25f154b8c661162c7e78e61afc4c9ddbb5fadcde","core/src/test/java/org/elasticsearch/index/mapper/CopyToMapperTests.java","6","0","0","13","473","572","1"
"elasticsearch","4b94eb5cb8cc4294ed0e932a5f22c16bd90d4dd7","core/src/main/java/org/apache/lucene/store/StoreRateLimiting.java","6","0","0","13","56","92","2"
"elasticsearch","860efb2ad28db09189c8423e05d0dba53010259c","core/src/main/java/org/apache/lucene/store/StoreRateLimiting.java","6","0","0","13","56","92","2"
"elasticsearch","d3417fb02291f26964d77767020ef345d18c148f","core/src/main/java/org/apache/lucene/store/StoreRateLimiting.java","6","0","0","13","56","92","0"
"elasticsearch","e2977889b80fcaa02f5c7d5814117e796f2580e2","core/src/test/java/org/elasticsearch/cluster/routing/allocation/AwarenessAllocationTests.java","6","0","0","13","652","857","0"
"elasticsearch","5a64f08f048461a63a0ca1354a5050c954e63d52","core/src/test/java/org/elasticsearch/cluster/ClusterModuleTests.java","6","0","0","14","132","169","0"
"elasticsearch","0a69f1e283e26e5d9e6a000b68b9f4778de557a1","core/src/test/java/org/elasticsearch/cluster/ClusterModuleTests.java","6","0","0","14","133","170","2"
"BroadleafCommerce","62a3034c1f88bf29913b4be89ea4adcdb2b33fa1","core/broadleaf-framework/src/main/java/org/broadleafcommerce/core/catalog/domain/SkuBundleItemImpl.java","6","0","0","14","144","187","0"
"BroadleafCommerce","040328f8a2eb2a3c1843b3e09783103ca6e8caac","core/broadleaf-framework/src/main/java/org/broadleafcommerce/core/catalog/domain/SkuBundleItemImpl.java","6","0","0","14","151","198","1"
"hazelcast","dd710b431238cb45633bd2788748e28a2f43f33a","hazelcast/src/test/java/com/hazelcast/internal/partition/impl/InternalPartitionServiceImplTest.java","6","0","0","14","157","207","0"
"elasticsearch","5a64f08f048461a63a0ca1354a5050c954e63d52","core/src/test/java/org/elasticsearch/index/IndexSettingsTests.java","6","0","0","14","235","288","0"
"neo4j","ba802146bfb948f8ca4bc29d51b2626b9864a1a9","enterprise/security/src/test/java/org/neo4j/server/security/enterprise/auth/FileRoleRepositoryTest.java","6","0","0","14","243","344","0"
"neo4j","27793b7cdd404fa255b17808ea9603a622e6bb7e","community/kernel/src/test/java/org/neo4j/kernel/impl/api/KernelTransactionsTest.java","6","0","0","14","376","536","1"
"hazelcast","0dcac2107149f1a24af61788b11b53bd49eb4a73","hazelcast/src/main/java/com/hazelcast/cluster/impl/JoinMessage.java","6","0","0","14","97","134","0"
"hazelcast","3ee4647695cf740a6f01e39a9831c212eb363199","hazelcast/src/main/java/com/hazelcast/concurrent/lock/LockProxySupport.java","6","0","0","15","100","138","1"
"hazelcast","5bd0f1b5d3fb7225fbb9ba525531e912511ff351","hazelcast/src/main/java/com/hazelcast/concurrent/lock/LockProxySupport.java","6","0","0","15","100","138","1"
"hazelcast","c13c39a89cc3f63b1fab4793e8e8c5a21afdc924","hazelcast/src/main/java/com/hazelcast/concurrent/lock/LockProxySupport.java","6","0","0","15","100","138","2"
"hazelcast","217c507d7725e99aad3a544ca43bd57110eb4f17","hazelcast/src/main/java/com/hazelcast/concurrent/lock/LockProxySupport.java","6","0","0","15","100","138","0"
"hazelcast","b3d120949bee11e74d37cb694f8ebc1bca251cfb","hazelcast/src/main/java/com/hazelcast/concurrent/lock/LockProxySupport.java","6","0","0","15","101","139","0"
"hazelcast","d952e04f172888b73bbc45fd9d450292bf3b70ba","hazelcast/src/main/java/com/hazelcast/cluster/impl/JoinMessage.java","6","0","0","15","103","141","1"
"BroadleafCommerce","c51466b7accc7549d63165868d9ca0428781d43d","core/broadleaf-framework/src/main/java/org/broadleafcommerce/core/offer/service/discount/domain/PromotableOrderItemPriceDetailAdjustmentImpl.java","6","0","0","15","110","156","0"
"elasticsearch","953928b2c5734b4e274040cf46aecd3b31c399eb","core/src/test/java/org/elasticsearch/action/support/AutoCreateIndexTests.java","6","0","0","15","146","189","0"
"hazelcast","d568e4d926d925d57d4e79e34614390416749301","hazelcast/src/test/java/com/hazelcast/cache/BasicCacheLiteMemberTest.java","6","0","0","15","215","271","0"
"hazelcast","92886bbcab41a65100440aa458dbbf17561aa3a0","hazelcast/src/test/java/com/hazelcast/internal/nearcache/AbstractNearCachePreloaderTest.java","6","0","0","15","226","319","0"
"elasticsearch","0a6f40c7f5f3af4e04a8875216e059025e1bbdf3","core/src/test/java/org/elasticsearch/index/IndexSettingsTests.java","6","0","0","15","283","340","0"
"elasticsearch","98dba262cf3e81d405c8a372983942d59f993557","core/src/test/java/org/elasticsearch/index/IndexSettingsTests.java","6","0","0","15","290","349","0"
"neo4j","3ba4c3eb9ac99cd80673b361aec957e934853e90","community/kernel/src/test/java/org/neo4j/kernel/impl/api/store/StorePropertyCursorTest.java","6","0","0","15","393","492","1"
"mcMMO","fbee3318bd96e7ae9d7d453baf8bd3244c0cab04","src/main/java/com/gmail/nossr50/datatypes/skills/alchemy/AlchemyPotion.java","6","0","0","15","75","95","0"
"BroadleafCommerce","711192d5e7efe6d787e38f9b7450cf8d77b2b944","common/src/main/java/org/broadleafcommerce/common/time/SystemTime.java","6","0","0","15","79","114","0"
"hazelcast","adcaf359f849184e5b0f81a048c5ab6a4d3a08ab","hazelcast/src/main/java/com/hazelcast/cluster/impl/JoinMessage.java","6","0","0","16","111","150","0"
"elasticsearch","2f8def11b5109eb80b47422a200bf7b7e07c8467","core/src/main/java/org/elasticsearch/search/lookup/LeafDocLookup.java","6","0","0","16","116","163","2"
"elasticsearch","82fa531ab4c1fb087d357ff15288c070d7393378","core/src/main/java/org/elasticsearch/search/lookup/LeafDocLookup.java","6","0","0","16","118","165","0"
"elasticsearch","634ce90dc06f20888a4ff655985a6baccf25a7db","core/src/main/java/org/elasticsearch/search/lookup/LeafDocLookup.java","6","0","0","16","119","166","0"
"hazelcast","dec7dd3bccd2fc2bb30f3690c901dd6887241979","hazelcast/src/test/java/com/hazelcast/internal/serialization/impl/ClassAndFieldDefinitionTest.java","6","0","0","16","146","178","1"
"hazelcast","798cdcb7995ba1e5f635103a6069a2a875f914a6","hazelcast/src/test/java/com/hazelcast/internal/serialization/impl/ClassAndFieldDefinitionTest.java","6","0","0","16","150","182","0"
"hazelcast","4a9bacbdd50bf75b5a43e56b72754cdd6e99cefe","hazelcast/src/test/java/com/hazelcast/internal/nearcache/AbstractNearCachePreloaderTest.java","6","0","0","16","213","291","1"
"hazelcast","70d4de16ff0ac4518d09aad8c9f2ad9e782fb337","hazelcast/src/test/java/com/hazelcast/cache/BasicCacheLiteMemberTest.java","6","0","0","16","217","276","1"
"hazelcast","e8b908b74646ed28c1038be9385b0946999b8bdf","hazelcast/src/main/java/com/hazelcast/scheduledexecutor/impl/ScheduledRunnableAdapter.java","6","0","0","16","86","124","1"
"elasticsearch","c7d0c3ea1896445b19098d5e8b0058dc5c909d59","src/test/java/org/elasticsearch/index/codec/CodecTests.java","6","0","0","17","334","408","2"
"elasticsearch","579cca9adb43cb12d7bda9d6d0bb6fcd118ca002","core/src/test/java/org/elasticsearch/index/mapper/CopyToMapperTests.java","6","0","0","17","557","663","0"
"orientdb","eb87fd13a08a35e51b139724421fa7adb04049f3","core/src/main/java/com/orientechnologies/orient/core/storage/impl/local/OSingleFileSegment.java","6","0","0","17","81","123","1"
"orientdb","7d92a6b03b707e81490ef22a1fa23a1017918c3d","core/src/main/java/com/orientechnologies/orient/core/storage/impl/local/OSingleFileSegment.java","6","0","0","17","82","124","0"
"hazelcast","82563c38685eeb9638e422ed96499a49ceab50b9","hazelcast/src/test/java/com/hazelcast/nio/serialization/CustomSerializationTest.java","6","0","0","17","98","140","2"
"hazelcast","0dc65895e880eb4cbdd6996e355913992bf987d9","hazelcast/src/main/java/com/hazelcast/map/impl/PartitionContainer.java","6","0","0","18","144","211","0"
"hazelcast","36b35da77f64da0982327ab57ad5824883a33afc","hazelcast/src/main/java/com/hazelcast/map/impl/PartitionContainer.java","6","0","0","18","144","211","0"
"hazelcast","51a01295fc2123c204f6ee63b4bbe553fcf85d98","hazelcast/src/main/java/com/hazelcast/map/impl/PartitionContainer.java","6","0","0","18","144","211","0"
"hazelcast","ada1715782d1bc416fc363475952aa88def0cfc2","hazelcast/src/main/java/com/hazelcast/map/impl/PartitionContainer.java","6","0","0","18","144","211","1"
"hazelcast","fc6416b87c902797899c08d3659417993ef400e6","hazelcast/src/test/java/com/hazelcast/xa/HazelcastXACompatibilityTest.java","6","0","0","18","189","225","0"
"orientdb","2ee3b61558840a5368bca7909740f1b6b1cce1b3","core/src/main/java/com/orientechnologies/orient/core/storage/impl/local/OSingleFileSegment.java","6","0","0","18","87","130","1"
"orientdb","c65031e4a5cae04be6faeaeccb01fb18d3e5fb85","core/src/main/java/com/orientechnologies/orient/core/storage/impl/local/OSingleFileSegment.java","6","0","0","18","87","130","1"
"orientdb","567dc93cca1056c9b2aa72636e7e671ced994a8e","core/src/main/java/com/orientechnologies/orient/core/storage/impl/local/OSingleFileSegment.java","6","0","0","18","87","130","0"
"elasticsearch","f8e0557be5e8177382c9d1e36bf8dffa979e5446","plugins/repository-s3/src/test/java/org/elasticsearch/cloud/aws/AwsS3ServiceImplTests.java","6","0","0","19","255","307","0"
"elasticsearch","fef0ffc49e52ea36e2c412a3237fcfebe2d31a55","plugins/repository-s3/src/test/java/org/elasticsearch/cloud/aws/AwsS3ServiceImplTests.java","6","0","0","19","259","312","1"
"elasticsearch","f33d103e76a84fb07aca1bc9c83768efb736c851","plugins/repository-s3/src/test/java/org/elasticsearch/cloud/aws/AwsS3ServiceImplTests.java","6","0","0","19","260","314","1"
"elasticsearch","2666ecd76f18c93b5c5f574953a912847be5ffea","core/src/main/java/org/elasticsearch/action/search/TransportMultiSearchAction.java","6","0","0","2","100","147","0"
"elasticsearch","51d53791fe71c9cb62bc992588a57cdfb500383f","core/src/main/java/org/elasticsearch/rest/action/cat/RestSegmentsAction.java","6","0","0","2","101","155","0"
"netty","9fb86a380d0b3d2082a0d97a217d221392177625","transport-native-epoll/src/main/java/io/netty/channel/epoll/AbstractEpollServerChannel.java","6","0","0","2","101","155","0"
"netty","f3dd4101425165496490f9c975ca2e556773c663","transport-native-epoll/src/main/java/io/netty/channel/epoll/AbstractEpollServerChannel.java","6","0","0","2","101","155","0"
"netty","6765e9f99db352a7f814e10d77338760432db155","transport-native-epoll/src/main/java/io/netty/channel/epoll/AbstractEpollServerChannel.java","6","0","0","2","101","155","1"
"elasticsearch","2b3760f78b26817b5a2030aa27b1ddf2f17462f6","core/src/main/java/org/elasticsearch/rest/action/cat/RestSegmentsAction.java","6","0","0","2","115","156","1"
"orientdb","638a4566b7ab47102ba8c7edcde1c56e535163e8","distributed/src/test/java/com/orientechnologies/orient/server/distributed/TestShardingDocsAndEdges.java","6","0","0","2","116","158","0"
"orientdb","deb33febd5c1e0b590bcbfaaf4de44cc86b278f8","distributed/src/test/java/com/orientechnologies/orient/server/distributed/TestShardingDocsAndEdges.java","6","0","0","2","117","159","1"
"orientdb","65f086eb452cac1fc83cfac710303c5b020d0697","distributed/src/test/java/com/orientechnologies/orient/server/distributed/TestShardingDocsAndEdges.java","6","0","0","2","121","166","0"
"BroadleafCommerce","f0a43a10b18a55908684479d3eadcb3822d3cd60","core/broadleaf-framework/src/main/java/org/broadleafcommerce/core/order/service/workflow/remove/ValidateRemoveRequestActivity.java","6","0","0","2","32","63","0"
"titan","898033872164962f81ef6cd0415c829f9ef7746a","src/main/java/com/thinkaurelius/titan/graphdb/types/system/SystemTypeManager.java","6","0","0","2","36","49","0"
"elasticsearch","b1cef5fdf8e1f8e9982a4724986b2731ca4d522b","core/src/main/java/org/elasticsearch/search/aggregations/metrics/percentiles/PercentileRanksParser.java","6","0","0","2","36","61","1"
"elasticsearch","9172653211fb35b1b7dee491650b913d5c2282a5","core/src/main/java/org/elasticsearch/search/fetch/subphase/FetchSourceSubPhase.java","6","0","0","2","36","62","1"
"mcMMO","213b4763e7beaffab428e5f38bdd58f85c22d0a2","src/main/java/com/gmail/nossr50/database/commands/McpurgeCommand.java","6","0","0","2","37","46","0"
"elasticsearch","b1cef5fdf8e1f8e9982a4724986b2731ca4d522b","core/src/main/java/org/elasticsearch/search/aggregations/metrics/percentiles/PercentilesParser.java","6","0","0","2","37","63","1"
"elasticsearch","119d198cc5d7e3111f3fc66d712341cdbb3d80aa","core/src/main/java/org/elasticsearch/search/fetch/subphase/FetchSourceSubPhase.java","6","0","0","2","37","64","0"
"elasticsearch","dbef64009f93ff26a6b5d68a0c587b514fb58192","src/test/java/org/elasticsearch/action/termvector/MultiTermVectorsTests.java","6","0","0","2","37","65","1"
"BroadleafCommerce","f0a43a10b18a55908684479d3eadcb3822d3cd60","core/broadleaf-framework/src/main/java/org/broadleafcommerce/core/order/service/workflow/update/UpdateOrderItemActivity.java","6","0","0","2","38","65","0"
"hazelcast","349a79965257981b885c8f2cca3725918963433c","hazelcast/src/main/java/com/hazelcast/partition/membergroup/ConfigMemberGroupFactory.java","6","0","0","2","41","64","2"
"netty","1f6e96ed150c42be5484691675bf19c44ea67814","codec-http/src/test/java/io/netty/handler/codec/http/HttpContentCompressorTest.java","6","0","0","2","42","63","0"
"mcMMO","213b4763e7beaffab428e5f38bdd58f85c22d0a2","src/main/java/com/gmail/nossr50/database/commands/McremoveCommand.java","6","0","0","2","43","52","0"
"hazelcast","623ff1855aa985aa276e8395aabf0b534c7a36c3","hazelcast-client/src/main/java/com/hazelcast/client/spi/impl/listener/ClientRegistrationKey.java","6","0","0","2","44","75","0"
"hazelcast","45fc4414c1dca0d0769d5a4b4e1425af5b0802c5","hazelcast/src/test/java/com/hazelcast/internal/management/MancenterServlet.java","6","0","0","2","46","54","0"
"mcMMO","6518d192ec8dec02b303d2bafb2b9276c1310aec","src/main/java/com/gmail/nossr50/commands/party/PartyInviteCommand.java","6","0","0","2","49","62","0"
"mcMMO","5d246d2701233604d9b7c4d386dc7e05ecb9831b","src/main/java/com/gmail/nossr50/skills/taming/TrackedTamingEntity.java","6","0","0","2","58","74","0"
"hazelcast","48a73aee23c55c38a6cefc3b408cf1144a13e7ce","hazelcast/src/main/java/com/hazelcast/internal/cluster/impl/DiscoveryJoiner.java","6","0","0","2","59","87","0"
"hazelcast","cda818e27a7b6f9797dd322ba334e8c917efd7d3","hazelcast/src/main/java/com/hazelcast/internal/nearcache/impl/invalidation/AbstractBaseNearCacheInvalidationListener.java","6","0","0","2","63","108","0"
"BroadleafCommerce","3c2e2f3844625245f426692c9105b44078b8ec22","core/broadleaf-framework/src/main/java/org/broadleafcommerce/core/checkout/service/CheckoutServiceImpl.java","6","0","0","2","63","127","0"
"BroadleafCommerce","4b69ec2a4e59258f9a1b7f29a90c44a0b913d316","core/broadleaf-framework/src/main/java/org/broadleafcommerce/core/checkout/service/CheckoutServiceImpl.java","6","0","0","2","63","127","0"
"BroadleafCommerce","b825d7b0564249bc010d0491a27dd6de8a6f4e85","core/broadleaf-framework/src/main/java/org/broadleafcommerce/core/checkout/service/CheckoutServiceImpl.java","6","0","0","2","63","127","0"
"BroadleafCommerce","d56d4417776c5170fc42fc005bb3c6c85eff1489","core/broadleaf-framework/src/main/java/org/broadleafcommerce/core/checkout/service/CheckoutServiceImpl.java","6","0","0","2","63","127","1"
"hazelcast","dd9c5fd8f9085c0f2301daff7de8b5e67307ef3a","hazelcast/src/main/java/com/hazelcast/internal/nearcache/impl/invalidation/AbstractBaseNearCacheInvalidationListener.java","6","0","0","2","64","108","0"
"hazelcast","fd53df052b9a9def84b487e4fbea994d9012e8ba","hazelcast/src/main/java/com/hazelcast/internal/nearcache/impl/invalidation/AbstractBaseNearCacheInvalidationListener.java","6","0","0","2","65","110","0"
"elasticsearch","74f4a14d82058cf55518fe9d64a793d58fb8704c","plugins/repository-hdfs/src/main/java/org/elasticsearch/repositories/hdfs/HdfsPlugin.java","6","0","0","2","70","117","0"
"elasticsearch","78574d248cf10dad1c5a566fda79e1e0c94afe43","core/src/main/java/org/elasticsearch/action/get/TransportShardMultiGetAction.java","6","0","0","2","71","104","1"
"elasticsearch","e6aaaf11ed4a1b8f595f920de1840938eddb7a97","core/src/main/java/org/elasticsearch/action/get/TransportShardMultiGetAction.java","6","0","0","2","71","104","1"
"elasticsearch","a60b8948ba1d836a6eac7cff095519e618939ed8","core/src/main/java/org/elasticsearch/action/get/TransportShardMultiGetAction.java","6","0","0","2","71","104","0"
"elasticsearch","e0aa481bf5426aeb12076f6b1346357073374f05","core/src/test/java/org/elasticsearch/index/mapper/core/MultiFieldCopyToMapperTests.java","6","0","0","2","71","106","0"
"elasticsearch","1764ec56b38ce87f516efdf93bb4ab56e9dd829b","core/src/main/java/org/elasticsearch/action/get/TransportShardMultiGetAction.java","6","0","0","2","75","108","0"
"elasticsearch","25fd9e26c4fb042d6f6dea14efcd239577bdbbc4","core/src/main/java/org/elasticsearch/action/get/TransportShardMultiGetAction.java","6","0","0","2","75","108","0"
"elasticsearch","56cc87b7ccd41040d8fafcaf2da3680d96d10839","core/src/main/java/org/elasticsearch/action/get/TransportShardMultiGetAction.java","6","0","0","2","75","108","0"
"elasticsearch","fbe27664a65ca7ab5b7dbe1c328ab27423e4313c","core/src/main/java/org/elasticsearch/action/get/TransportShardMultiGetAction.java","6","0","0","2","75","108","2"
"hazelcast","b683793f8f000c7e168932c892f8e93fb936960e","hazelcast/src/main/java/com/hazelcast/client/impl/protocol/task/AbstractMultiTargetMessageTask.java","6","0","0","2","78","116","0"
"neo4j","291436fa1b5694916e8dccd4cde6078303f55baf","community/kernel/src/main/java/org/neo4j/kernel/impl/util/DiffApplyingPrimitiveLongIterator.java","6","0","0","2","83","117","1"
"oryx","49c1ead1c67cc8b980a4be36cff731a14ba4f3fb","app/oryx-app-mllib/src/test/java/com/cloudera/oryx/app/batch/mllib/rdf/RDFCategoricalHyperParamTuningIT.java","6","0","0","2","83","118","0"
"oryx","31fb3c41d9d4b4650dd5da05b2212c7d27cb1da9","oryx-app-mllib/src/test/java/com/cloudera/oryx/app/mllib/rdf/RDFCategoricalHyperParamTuningIT.java","6","0","0","2","84","119","1"
"oryx","d6687d2eb4391d042aa1d5e80653326e501b0fed","app/oryx-app-mllib/src/test/java/com/cloudera/oryx/app/batch/mllib/rdf/RDFCategoricalHyperParamTuningIT.java","6","0","0","2","84","119","1"
"oryx","4805a728adf4218828fa58e17784b10565bd6d9f","app/oryx-app-mllib/src/test/java/com/cloudera/oryx/app/batch/mllib/rdf/RDFCategoricalHyperParamTuningIT.java","6","0","0","2","84","119","0"
"hazelcast","078c7e99b3b3d740e6e20c23fcdb0956b3b43c23","hazelcast/src/main/java/com/hazelcast/client/impl/protocol/task/AbstractMultiTargetMessageTask.java","6","0","0","2","84","123","1"
"oryx","b004d50468963f3cef8e1ba1a319035ba8e17381","app/oryx-app-mllib/src/test/java/com/cloudera/oryx/app/batch/mllib/rdf/RDFCategoricalHyperParamTuningIT.java","6","0","0","2","85","120","0"
"hazelcast","6fb2fbb25468fff60b64d55f042b779955f7f1ac","hazelcast-wm/src/test/java/com/hazelcast/wm/test/spring/SpringAwareWebFilterTestSupport.java","6","0","0","2","92","132","0"
"elasticsearch","25fd9e26c4fb042d6f6dea14efcd239577bdbbc4","client/benchmark/src/main/java/org/elasticsearch/client/benchmark/transport/TransportClientBenchmark.java","6","0","0","2","94","125","0"
"elasticsearch","56cc87b7ccd41040d8fafcaf2da3680d96d10839","client/benchmark/src/main/java/org/elasticsearch/client/benchmark/transport/TransportClientBenchmark.java","6","0","0","2","94","125","0"
"elasticsearch","d3417fb02291f26964d77767020ef345d18c148f","client/benchmark/src/main/java/org/elasticsearch/client/benchmark/transport/TransportClientBenchmark.java","6","0","0","2","94","125","0"
"elasticsearch","4b94eb5cb8cc4294ed0e932a5f22c16bd90d4dd7","client/benchmark/src/main/java/org/elasticsearch/client/benchmark/transport/TransportClientBenchmark.java","6","0","0","2","94","125","2"
"elasticsearch","860efb2ad28db09189c8423e05d0dba53010259c","client/benchmark/src/main/java/org/elasticsearch/client/benchmark/transport/TransportClientBenchmark.java","6","0","0","2","94","125","2"
"neo4j","056e8053b1ce92893d58c76f5f510fced0c7284c","community/server/src/test/java/org/neo4j/server/rest/paging/PagedTraverserDocIT.java","6","0","0","20","370","492","0"
"neo4j","8d2e8c6469c5e313638a93adaa910dbf3b026200","community/server/src/test/java/org/neo4j/server/rest/paging/PagedTraverserDocIT.java","6","0","0","20","384","502","1"
"hazelcast","fc6416b87c902797899c08d3659417993ef400e6","hazelcast-client-new/src/test/java/com/hazelcast/client/txn/ClientXACompatibilityTest.java","6","0","0","23","219","264","0"
"netty","81e2db10faaf0389f4e1af8c7132210946203157","buffer/src/main/java/io/netty/buffer/QueueBackedMessageBuf.java","6","0","0","24","119","161","0"
"netty","2adebc4c54ae98565db8e2a3c02b2ffaa0c101fe","buffer/src/main/java/io/netty/buffer/QueueBackedMessageBuf.java","6","0","0","25","123","166","1"
"hazelcast","efffe92e8068d71a50749a1f577ec86377fcee0e","hazelcast/src/test/java/com/hazelcast/util/collection/Long2LongHashMapTest.java","6","0","0","25","183","259","0"
"hazelcast","8d8c3da64164bc8d7596f248e44b40e8387ea81e","hazelcast/src/test/java/com/hazelcast/util/collection/Long2LongHashMapTest.java","6","0","0","25","191","266","0"
"hazelcast","5f0441f2b540784eb5e97c7fc2d2e72576b156d2","hazelcast/src/test/java/com/hazelcast/util/collection/Long2LongHashMapTest.java","6","0","0","25","193","268","1"
"hazelcast","549815d87e4f8624b4e7700b0a86d91cc5e084f0","hazelcast/src/test/java/com/hazelcast/concurrent/atomicreference/AtomicReferenceAbstractTest.java","6","0","0","25","257","342","0"
"hazelcast","683dab5a71f2e6d73ad203b98af60ad5f60952ea","hazelcast-client/src/test/java/com/hazelcast/client/spi/impl/discovery/ClientDiscoverySpiTest.java","6","0","0","25","434","570","0"
"hazelcast","e6d8b49edeaeb1fa29318ca23a075f156a39c13b","hazelcast-client/src/test/java/com/hazelcast/client/spi/impl/discovery/ClientDiscoverySpiTest.java","6","0","0","25","434","570","0"
"hazelcast","8a85db7a5b644fa0daf05483cd0d241caab60bcb","hazelcast-client/src/test/java/com/hazelcast/client/spi/impl/discovery/ClientDiscoverySpiTest.java","6","0","0","25","434","570","1"
"hazelcast","8a85db7a5b644fa0daf05483cd0d241caab60bcb","hazelcast/src/test/java/com/hazelcast/spi/discovery/DiscoverySpiTest.java","6","0","0","25","469","600","1"
"hazelcast","5aa58b497cf248596c24b6e8ce3e05c35a87d498","hazelcast/src/test/java/com/hazelcast/nio/serialization/CustomSerializationTest.java","6","0","0","26","161","214","0"
"junit","e8b91fa9f797dfe16aff66ed6ad5d6104e5133fe","src/test/java/org/junit/tests/experimental/rules/TempFolderRuleTest.java","6","0","0","27","183","223","1"
"hazelcast","53d3fdbe0536649c3a5dd0895adda68ac11eaf03","hazelcast/src/test/java/com/hazelcast/concurrent/atomicreference/AtomicReferenceAbstractTest.java","6","0","0","27","275","366","1"
"hazelcast","e9e27c207a3541604077e6912df99a6eda5f4e86","hazelcast/src/test/java/com/hazelcast/concurrent/atomicreference/AtomicReferenceAbstractTest.java","6","0","0","27","275","366","1"
"hazelcast","066f068be903e4704cf5c042ae09a6a22cce5d87","hazelcast/src/test/java/com/hazelcast/concurrent/atomicreference/AtomicReferenceAbstractTest.java","6","0","0","27","275","366","0"
"junit","28938e9c677dd4cf343ec4fcca9a668b5e930324","src/test/java/org/junit/tests/experimental/rules/TempFolderRuleTest.java","6","0","0","28","194","240","0"
"hazelcast","a11df6a34e117403f2c72db0f714122d65cc80e8","hazelcast/src/test/java/com/hazelcast/cache/CacheTestSupport.java","6","0","0","3","102","125","1"
"hazelcast","5bf9e046e54907d3f698fde6a6c8aa9305a3cb87","hazelcast/src/test/java/com/hazelcast/cache/CacheTestSupport.java","6","0","0","3","106","130","1"
"hazelcast","6ac727db661eb934e5608e28e8a3603e7300d710","hazelcast/src/test/java/com/hazelcast/cache/CacheTestSupport.java","6","0","0","3","106","130","1"
"hazelcast","600651bb0ee2f11e89605b9ee71e1b7293e51415","hazelcast/src/test/java/com/hazelcast/cache/CacheTestSupport.java","6","0","0","3","106","130","0"
"hazelcast","2921cff694583b8638dae2991f427e61d5440a9d","hazelcast/src/test/java/com/hazelcast/cache/CacheTestSupport.java","6","0","0","3","108","133","0"
"hazelcast","d568e4d926d925d57d4e79e34614390416749301","hazelcast/src/test/java/com/hazelcast/cache/CacheTestSupport.java","6","0","0","3","108","133","0"
"hazelcast","1f042b8c4a4245594691bb6d85a66ceed9b43068","hazelcast/src/test/java/com/hazelcast/cache/CacheTestSupport.java","6","0","0","3","108","133","1"
"hazelcast","ff8b21629843759ab491b2428df0e04db17ae92f","hazelcast-client/src/test/java/com/hazelcast/client/map/ClientMapLoaderExceptionHandlingTest.java","6","0","0","3","108","134","0"
"elasticsearch","6174e21f47244b6d5153d7d0cc1fe28fe863399d","core/src/main/java/org/elasticsearch/search/aggregations/bucket/histogram/DateHistogramAggregatorFactory.java","6","0","0","3","108","150","1"
"hazelcast","de3d876c276b4727c66ed7d150b6685cb8b90eee","hazelcast/src/test/java/com/hazelcast/cache/CacheTestSupport.java","6","0","0","3","109","134","0"
"hazelcast","ed00093e880e7f9ed79f308563b641fcb0d0d0d8","hazelcast/src/test/java/com/hazelcast/cache/CacheTestSupport.java","6","0","0","3","109","134","0"
"hazelcast","70d4de16ff0ac4518d09aad8c9f2ad9e782fb337","hazelcast/src/test/java/com/hazelcast/cache/CacheTestSupport.java","6","0","0","3","109","134","2"
"orientdb","6ec5d17f637a159b38ca4bc817110cb16da27ce6","core/src/test/java/com/orientechnologies/orient/core/sql/parser/ODeleteStatementTest.java","6","0","0","3","110","141","0"
"neo4j","018bda69d1f34ef407a5ac1491ccf9a1f1644d40","community/cypher/cypher/src/test/java/org/neo4j/cypher/QueryInvalidationIT.java","6","0","0","3","114","176","0"
"hazelcast","317fabec0c90b274c686ba018cc1b465fee244f2","hazelcast-client-new/src/test/java/com/hazelcast/client/ClientSplitBrainTest.java","6","0","0","3","116","140","0"
"hazelcast","b777381e2f8cfc3d8bcde3a87c5cc9993e31d4a2","hazelcast-client-new/src/test/java/com/hazelcast/client/ClientSplitBrainTest.java","6","0","0","3","118","142","1"
"neo4j","e54ec510544e63dbbb3901755f8d9aa4944192fa","community/neo4j/src/test/java/org/neo4j/index/IndexSamplingIntegrationTest.java","6","0","0","3","128","173","1"
"neo4j","dd79d5226cfe6f3665976835d78cda0ec29798c3","enterprise/core-edge/src/test/java/org/neo4j/coreedge/discovery/SharedDiscoveryService.java","6","0","0","3","161","198","0"
"elasticsearch","2a6e6866bd6a25f469c07ba0766edec6272e93ac","core/src/test/java/org/elasticsearch/search/aggregations/bucket/terms/TermsAggregatorTests.java","6","0","0","3","170","203","1"
"elasticsearch","952feb58e41bd0220784c44136b840ea4a740e26","core/src/test/java/org/elasticsearch/search/aggregations/bucket/terms/TermsAggregatorTests.java","6","0","0","3","171","202","1"
"elasticsearch","e7d352b489272a87b05019869857656de7fb82fc","core/src/test/java/org/elasticsearch/search/aggregations/bucket/terms/TermsAggregatorTests.java","6","0","0","3","172","203","0"
"elasticsearch","4b94eb5cb8cc4294ed0e932a5f22c16bd90d4dd7","core/src/main/java/org/apache/lucene/store/StoreUtils.java","6","0","0","3","32","58","2"
"elasticsearch","860efb2ad28db09189c8423e05d0dba53010259c","core/src/main/java/org/apache/lucene/store/StoreUtils.java","6","0","0","3","32","58","2"
"elasticsearch","d3417fb02291f26964d77767020ef345d18c148f","core/src/main/java/org/apache/lucene/store/StoreUtils.java","6","0","0","3","32","58","0"
"hazelcast","229bcce2f7bc271971bb7330634656e2cbaf8e42","hazelcast/src/main/java/com/hazelcast/util/executor/AbstractExecutorThreadFactory.java","6","0","0","3","32","60","1"
"hazelcast","86b064ba3f1e467e74e95d6da24b03122065ce36","hazelcast/src/main/java/com/hazelcast/util/executor/AbstractExecutorThreadFactory.java","6","0","0","3","33","60","2"
"hazelcast","9948976cea0dd05d47e24f303a0b309b4155d329","hazelcast/src/main/java/com/hazelcast/util/executor/AbstractExecutorThreadFactory.java","6","0","0","3","33","60","2"
"hazelcast","a12f52fea3c9f9d384c9c47231a6834e478ab241","hazelcast/src/main/java/com/hazelcast/util/executor/AbstractExecutorThreadFactory.java","6","0","0","3","33","60","1"
"hazelcast","cd135ce7ae60449a710c49e5d3c2e3d4c98e4cff","hazelcast/src/main/java/com/hazelcast/util/executor/AbstractExecutorThreadFactory.java","6","0","0","3","33","60","0"
"junit","a29f45a3be64caa53feee6f6cc4d70cc43542362","src/main/java/org/junit/internal/runners/statements/ExpectException.java","6","0","0","3","34","38","0"
"mcMMO","3a8f45a04db19fcf2aa64fadc30911243bf6f8b3","src/main/java/com/gmail/nossr50/runnables/PistonTrackerTask.java","6","0","0","3","36","48","0"
"BroadleafCommerce","cd4dba4517e56b14042e5ed1567e933ca3904efd","core/broadleaf-framework/src/main/java/org/broadleafcommerce/core/order/service/workflow/update/options/ValidateUpdateProductOptionsRequestActivity.java","6","0","0","3","37","71","0"
"mcMMO","d93c83f77550fe6c070c96d648edb339189456a7","src/main/java/com/gmail/nossr50/chat/PartyChatManager.java","6","0","0","3","39","51","2"
"hazelcast","21c679e8a1c8226ecb3d7597b48a6bbd2d011a52","hazelcast-wm/src/main/java/com/hazelcast/web/WebDataSerializerHook.java","6","0","0","3","39","63","1"
"hazelcast","5aa58b497cf248596c24b6e8ce3e05c35a87d498","hazelcast-wm/src/main/java/com/hazelcast/web/WebDataSerializerHook.java","6","0","0","3","39","63","1"
"hazelcast","a36ac6ede30616fc2b702bdd7d0d164df0888372","hazelcast-wm/src/main/java/com/hazelcast/web/WebDataSerializerHook.java","6","0","0","3","39","63","0"
"mcMMO","96fdf265d53f406ca8b84cb530293c001b98fff7","src/main/java/com/gmail/nossr50/runnables/party/PartyChatTask.java","6","0","0","3","40","52","0"
"elasticsearch","467a459f95d8709379bf3e7f415644b246a89dba","core/src/main/java/org/elasticsearch/search/suggest/term/TermSuggestParser.java","6","0","0","3","40","68","1"
"hazelcast","d1abf041261dea8bb0dbb4a3541ef479f384b5a8","hazelcast/src/main/java/com/hazelcast/cluster/impl/ClusterDataSerializerHook.java","6","0","0","3","42","67","1"
"elasticsearch","821021f0e478ca44d828e62c139ea19f0fd7290a","core/src/main/java/org/elasticsearch/search/suggest/term/TermSuggestParser.java","6","0","0","3","42","70","0"
"elasticsearch","c7bd4f3454ecf92ce52d21d2ff2e3fed2b00fe68","core/src/main/java/org/elasticsearch/search/fetch/subphase/ParentFieldSubFetchPhase.java","6","0","0","3","43","70","1"
"mcMMO","0ebc555136c437aba2d8f2e04ae9a018e65764d6","src/main/java/com/gmail/nossr50/runnables/items/ChimaeraWingWarmup.java","6","0","0","3","44","56","0"
"elasticsearch","1510cd6923e905012213cccfe33fee4ba7617ea4","src/test/java/org/elasticsearch/action/termvector/MultiTermVectorsTests.java","6","0","0","3","48","76","0"
"hazelcast","65df300ddcacf2cee04f1eee8f75731e147decbf","hazelcast-client/src/main/java/com/hazelcast/client/spi/impl/listener/ClientRegistrationKey.java","6","0","0","3","48","79","1"
"hazelcast","489cc81c4df8815a70ce55529ee3e0820c3dd27d","hazelcast-client/src/main/java/com/hazelcast/client/util/ClientPartitionCancellableDelegatingFuture.java","6","0","0","3","53","80","1"
"hazelcast","489cc81c4df8815a70ce55529ee3e0820c3dd27d","hazelcast-client/src/main/java/com/hazelcast/client/util/ClientAddressCancellableDelegatingFuture.java","6","0","0","3","53","80","1"
"hazelcast","51d7586e9767ff8edcdf5502bcfe3e51cd5de62b","hazelcast-client-new/src/main/java/com/hazelcast/client/util/ClientPartitionCancellableDelegatingFuture.java","6","0","0","3","53","80","0"
"hazelcast","51d7586e9767ff8edcdf5502bcfe3e51cd5de62b","hazelcast-client-new/src/main/java/com/hazelcast/client/util/ClientAddressCancellableDelegatingFuture.java","6","0","0","3","54","81","0"
"hazelcast","68796ae902e1cc026bae3515604119b3356c3e7d","hazelcast/src/main/java/com/hazelcast/nio/tcp/SocketWriterInitializerImpl.java","6","0","0","3","56","86","0"
"elasticsearch","072748cd672233925e791c408f05fec8fc5a586a","core/src/main/java/org/elasticsearch/rest/action/document/RestUpdateAction.java","6","0","0","3","59","111","2"
"elasticsearch","40b80ae10460567144bbb0d8dcb606d4a10418ac","core/src/main/java/org/elasticsearch/rest/action/document/RestUpdateAction.java","6","0","0","3","60","105","2"
"elasticsearch","51d53791fe71c9cb62bc992588a57cdfb500383f","core/src/main/java/org/elasticsearch/rest/action/admin/indices/RestGetFieldMappingAction.java","6","0","0","3","60","111","0"
"elasticsearch","0ab3cbe3a3b15a154c79138c6d0e6f8dfa888876","core/src/main/java/org/elasticsearch/rest/action/document/RestUpdateAction.java","6","0","0","3","61","113","1"
"elasticsearch","cf846af0e508e4626fde3b9b870118f64cc33cb9","core/src/test/java/org/elasticsearch/action/fieldcaps/FieldCapabilitiesRequestTests.java","6","0","0","3","63","97","0"
"elasticsearch","3d13c27fa0df12018f35f1b20987c90277e9b6f9","core/src/test/java/org/elasticsearch/common/ParseFieldTests.java","6","0","0","3","65","102","1"
"mcMMO","70231b6ae0c1807324ad9bd9ccdea88c1b2357ab","src/main/java/com/gmail/nossr50/commands/SkillCommand.java","6","0","0","3","65","91","0"
"hazelcast","28c49d0c83af12bb83f0a5ce4ae86916d4f5f26c","hazelcast/src/main/java/com/hazelcast/concurrent/lock/LockEvictionProcessor.java","6","0","0","3","67","98","1"
"elasticsearch","594f00c5828c8ea9875ae672afe3da41af27509c","core/src/main/java/org/elasticsearch/rest/action/admin/indices/RestUpdateSettingsAction.java","6","0","0","3","68","99","1"
"elasticsearch","b5ad1c257e3b5458f58c6906e013599c98648bb6","src/test/java/org/elasticsearch/search/SearchWithRejectionsTests.java","6","0","0","3","69","97","0"
"elasticsearch","51d53791fe71c9cb62bc992588a57cdfb500383f","core/src/main/java/org/elasticsearch/rest/action/document/RestCountAction.java","6","0","0","3","70","112","0"
"elasticsearch","fe01c0f83b8a383bbe2f879a317150705eb9966f","core/src/test/java/org/elasticsearch/transport/ConnectionProfileTests.java","6","0","0","3","72","101","1"
"hazelcast","9d8dcc2a1755aec6419b50698c80c1d109c89523","hazelcast/src/main/java/com/hazelcast/replicatedmap/impl/operation/AbstractReplicatedMapOperation.java","6","0","0","3","75","106","1"
"elasticsearch","25fd9e26c4fb042d6f6dea14efcd239577bdbbc4","client/rest/src/test/java/org/elasticsearch/client/FailureTrackingResponseListenerTests.java","6","0","0","3","75","108","0"
"elasticsearch","1ffdd2ae3f15a42b731d926b1eb90c963375d2b9","src/main/java/org/elasticsearch/rest/action/get/RestMultiGetAction.java","6","0","0","3","76","109","1"
"elasticsearch","d621ab9958aa3fd313f2a5e03ad89a8268b33f6f","src/main/java/org/elasticsearch/rest/action/get/RestMultiGetAction.java","6","0","0","3","77","110","0"
"hazelcast","9d92e89e761fe6d4368df47311cf7902578295a3","hazelcast/src/main/java/com/hazelcast/replicatedmap/impl/operation/AbstractReplicatedMapOperation.java","6","0","0","3","79","110","0"
"ceylon-ide-eclipse","e82ba3737495cae8f78802a01c33bc2428322bfb","plugins/com.redhat.ceylon.eclipse.ui/src/com/redhat/ceylon/eclipse/code/resolve/CeylonHyperlinkDetector.java","6","0","0","3","79","93","1"
"hazelcast","1a44eaa6a1e0c7597f0d9335883b651aaeb097c5","hazelcast/src/main/java/com/hazelcast/concurrent/lock/LockEvictionProcessor.java","6","0","0","3","80","113","2"
"hazelcast","7af282f31ed81e2d95f3b7c707b05066a21427f7","hazelcast/src/main/java/com/hazelcast/concurrent/lock/LockEvictionProcessor.java","6","0","0","3","80","113","2"
"hazelcast","44dd4c0ef632613153d2932c170a0490dcd30270","hazelcast/src/main/java/com/hazelcast/concurrent/lock/LockEvictionProcessor.java","6","0","0","3","80","113","0"
"elasticsearch","51d53791fe71c9cb62bc992588a57cdfb500383f","core/src/main/java/org/elasticsearch/rest/action/cat/RestNodeAttrsAction.java","6","0","0","3","81","124","0"
"elasticsearch","2833ad4d6fc65a0104d6311394a01f27e0aac579","core/src/test/java/org/elasticsearch/indices/memory/IndexingMemoryControllerIT.java","6","0","0","3","82","128","1"
"elasticsearch","2b3760f78b26817b5a2030aa27b1ddf2f17462f6","core/src/main/java/org/elasticsearch/rest/action/cat/RestNodeAttrsAction.java","6","0","0","3","93","125","1"
"hazelcast","9fcd3bc069abfeafc7517d613b87aa689c2ab494","hazelcast/src/test/java/com/hazelcast/cache/CacheTestSupport.java","6","0","0","3","98","120","0"
"hazelcast","d070f1256c8c7fa823e6463487462826384ee1df","hazelcast/src/main/java/com/hazelcast/client/impl/protocol/task/map/MapAddNearCacheEntryListenerMessageTask.java","6","0","0","4","102","153","0"
"netty","6e98a04813d19d3d1144b6835a316c9150b9f711","transport/src/main/java/io/netty/channel/socket/aio/AioEventLoopGroup.java","6","0","0","4","105","141","0"
"hazelcast","2b9bb4fc17af10b2e6c19753155c0c0aeff8ce05","hazelcast/src/test/java/com/hazelcast/map/query/QueryIndexingTest.java","6","0","0","4","109","142","1"
"hazelcast","21586825d367940e1c79cf289e97310daab1200d","hazelcast/src/test/java/com/hazelcast/map/impl/query/QueryIndexingTest.java","6","0","0","4","111","140","1"
"hazelcast","a1fe53c34dbb46537d2135ba5550d98f38787e68","hazelcast/src/test/java/com/hazelcast/map/query/QueryIndexingTest.java","6","0","0","4","111","145","0"
"netty","7a562943ad5dfc430c75de8cdeb2a2aa0a68244e","codec-http/src/test/java/io/netty/handler/codec/http/websocketx/WebSocketClientHandshakerTest.java","6","0","0","4","116","156","0"
"neo4j","8ab0685a4620653b3c1764d5bd04598a2e954bb2","enterprise/security/src/main/java/org/neo4j/server/security/enterprise/auth/AuthProceduresBase.java","6","0","0","4","127","172","0"
"hazelcast","1e31ba5939bbf2de11397a2c9c95104a1857c847","hazelcast/src/test/java/com/hazelcast/map/query/QueryIndexingTest.java","6","0","0","4","129","174","2"
"hazelcast","0b0adc4d24240355f9cf8511848f0bfdb7b5f9c7","hazelcast/src/test/java/com/hazelcast/map/query/QueryIndexingTest.java","6","0","0","4","130","175","1"
"hazelcast","ea6d0a24cffcf9b8a0333539b95f17c4004d8d71","hazelcast/src/test/java/com/hazelcast/map/query/QueryIndexingTest.java","6","0","0","4","130","175","1"
"hazelcast","9a12d6357cf48534678723286b4741f55eb7009c","hazelcast/src/test/java/com/hazelcast/map/query/QueryIndexingTest.java","6","0","0","4","130","175","0"
"hazelcast","bbe0cf702cfacec4cbaf64a238ddcc20647d79cf","hazelcast/src/test/java/com/hazelcast/map/query/QueryIndexingTest.java","6","0","0","4","133","182","0"
"neo4j","e585b240041e690c2d74b43946717eb090aceefe","community/neo4j/src/test/java/org/neo4j/index/IndexFailureOnStartupTest.java","6","0","0","4","157","206","1"
"neo4j","868b4d731485023d2f7477e1133dcd5b263c851d","community/lucene-index/src/test/java/org/neo4j/kernel/api/impl/index/LuceneIndexAccessorSearcherManagerRefreshTest.java","6","0","0","4","171","226","0"
"neo4j","a93c570faa774c1a40b635b6a3e6d8ccb61a99e8","community/lucene-index/src/test/java/org/neo4j/kernel/api/impl/index/LuceneIndexAccessorSearcherManagerRefreshTest.java","6","0","0","4","171","227","1"
"neo4j","14da9bd533353adfe9550e62977d19904f504bcc","community/lucene-index/src/test/java/org/neo4j/kernel/api/impl/index/LuceneIndexAccessorSearcherManagerRefreshTest.java","6","0","0","4","172","228","0"
"elasticsearch","ce7195d81abafd0a880ebbc2d1514ab608e56b79","core/src/test/java/org/elasticsearch/search/aggregations/bucket/terms/TermsAggregatorTests.java","6","0","0","4","211","251","0"
"elasticsearch","cc6c07365c89e1608b78a46af7744a67ff5277a1","src/test/java/org/elasticsearch/test/unit/search/suggest/phrase/NoisyChannelSpellCheckerTests.java","6","0","0","4","287","378","0"
"elasticsearch","dc9a05228714b6a951301f1f185a1970d3320de6","src/test/java/org/elasticsearch/test/unit/search/suggest/phrase/NoisyChannelSpellCheckerTests.java","6","0","0","4","288","379","0"
"elasticsearch","57c0d29114b60f74e43ceb0914c26d490b61a265","src/test/java/org/elasticsearch/test/unit/search/suggest/phrase/NoisyChannelSpellCheckerTests.java","6","0","0","4","305","397","0"
"elasticsearch","0b9729af5b1e40faf6f283ada2a90af20d879393","core/src/test/java/org/elasticsearch/search/suggest/phrase/NoisyChannelSpellCheckerTests.java","6","0","0","4","308","401","1"
"BroadleafCommerce","b8d645d805691dea60f36eefe3dcaa9595d2f01c","core/broadleaf-profile/src/main/java/org/broadleafcommerce/profile/core/service/validator/ResetPasswordValidator.java","6","0","0","4","31","55","0"
"elasticsearch","69be7f77fc54d3f46837b8a90e8d81fa29eef834","core/src/test/java/org/elasticsearch/search/suggest/phrase/NoisyChannelSpellCheckerTests.java","6","0","0","4","311","405","0"
"elasticsearch","459d59a04ad4eb1671bac50a6faf3a7ad372d0e4","src/test/java/org/elasticsearch/test/unit/search/suggest/phrase/NoisyChannelSpellCheckerTests.java","6","0","0","4","316","409","1"
"orientdb","48207bfd1617a6401ee6a01070ee15715e3efc9e","graphdb/src/main/java/com/tinkerpop/blueprints/impls/orient/OrientClassVertexIterator.java","6","0","0","4","33","42","0"
"elasticsearch","7ab0e2c5321c802068d85c0fa3a0f44e0b02c5a4","core/src/main/java/org/elasticsearch/index/query/LimitQueryParser.java","6","0","0","4","39","70","1"
"hazelcast","e1b69c53ca4923affcd7722f012a80e32517e988","hazelcast/src/main/java/com/hazelcast/internal/cluster/impl/operations/JoinMastershipClaimOp.java","6","0","0","4","41","64","0"
"hazelcast","b97e91fdb1ae20f2064c7fc49f2b24a6ac67f945","hazelcast-wm/src/test/java/com/hazelcast/wm/test/WebTestRunner.java","6","0","0","4","42","67","0"
"hazelcast","0dcac2107149f1a24af61788b11b53bd49eb4a73","hazelcast/src/main/java/com/hazelcast/cluster/impl/operations/MemberRemoveOperation.java","6","0","0","4","42","68","0"
"hazelcast","f4c4f6884c633287e7632d62481e06c9f0b762f5","hazelcast/src/main/java/com/hazelcast/internal/cluster/impl/operations/MemberRemoveOperation.java","6","0","0","4","43","69","1"
"elasticsearch","65afa1d93b702c842479100c9e5e738a2efe73eb","src/main/java/org/elasticsearch/index/query/functionscore/random/RandomScoreFunctionParser.java","6","0","0","4","48","81","0"
"BroadleafCommerce","f401081552577902f0d71a41485471a526d2fcaf","admin/broadleaf-open-admin-platform/src/main/java/org/broadleafcommerce/openadmin/web/handler/AdminMappingExceptionResolver.java","6","0","0","4","50","96","0"
"netty","a75d42060afe0e52d057dc8a2a93aebdf242e1c5","example/src/main/java/io/netty/example/socksproxy/SocksServerHandler.java","6","0","0","4","51","76","1"
"netty","4d969b964f68e3821f72d71eacbe5cca2f4e1d37","example/src/main/java/io/netty/example/socksproxy/SocksServerHandler.java","6","0","0","4","52","77","0"
"junit","d1b8c04e54f0b9e4807fa88a2ff36ad9ba177107","src/main/java/org/junit/internal/runners/ErrorReportingRunner.java","6","0","0","4","55","66","1"
"elasticsearch","0d570352ddd07478c5744856e3b33b23d00cdff5","core/src/test/java/org/elasticsearch/common/util/iterable/IterablesTests.java","6","0","0","4","57","107","0"
"MapDB","10c1baa560043b3d00d5975989180c81d2f1980b","src/test/java/org/mapdb/Issue400Test.java","6","0","0","4","60","81","0"
"hazelcast","9fbcf29872e44317ab94739e42fb72d2845b2f34","hazelcast/src/main/java/com/hazelcast/impl/ClientRequestHandler.java","6","0","0","4","61","84","1"
"hazelcast","2cfbd79e1e84f5987e07cedc09f582d5715c815d","hazelcast/src/main/java/com/hazelcast/cache/impl/nearcache/impl/store/BaseHeapNearCacheRecordStore.java","6","0","0","4","67","97","0"
"hazelcast","c9145735e1b77145651752c833ce474b9e542791","hazelcast/src/main/java/com/hazelcast/cache/impl/nearcache/impl/store/BaseHeapNearCacheRecordStore.java","6","0","0","4","67","97","0"
"hazelcast","5ce068887fea87587207a86de8baa062cf8514ac","hazelcast/src/main/java/com/hazelcast/cache/impl/nearcache/impl/store/BaseHeapNearCacheRecordStore.java","6","0","0","4","67","97","2"
"elasticsearch","550a0449bcb174e35a4e7af18716ef1269b9f849","modules/ingest-common/src/main/java/org/elasticsearch/ingest/common/IngestCommonPlugin.java","6","0","0","4","70","102","1"
"hazelcast","48a73aee23c55c38a6cefc3b408cf1144a13e7ce","hazelcast/src/main/java/com/hazelcast/spi/discovery/multicast/impl/MulticastDiscoverySender.java","6","0","0","4","70","97","0"
"elasticsearch","1872d2ae468354ffa1b806bf2a7b17b996b5c825","modules/ingest-common/src/main/java/org/elasticsearch/ingest/common/IngestCommonPlugin.java","6","0","0","4","71","103","0"
"elasticsearch","2b3760f78b26817b5a2030aa27b1ddf2f17462f6","core/src/main/java/org/elasticsearch/rest/action/admin/cluster/RestClusterStateAction.java","6","0","0","4","71","108","1"
"MapDB","c81abc30c371d99adc6ec6746c365c76cb1eb3b6","src/test/java/org/mapdb/Issue353Test.java","6","0","0","4","73","84","0"
"MapDB","0f50921e0ef3d536569b31c370ba8d66c744bde7","src/test/java/org/mapdb/StoreCachedTest.java","6","0","0","4","74","99","3"
"MapDB","46a2e9543526d5010559fb4d951465ecc2289873","src/test/java/org/mapdb/StoreCachedTest.java","6","0","0","4","77","102","1"
"elasticsearch","51d53791fe71c9cb62bc992588a57cdfb500383f","core/src/main/java/org/elasticsearch/rest/action/admin/cluster/RestClusterStateAction.java","6","0","0","4","77","125","0"
"orientdb","d5401b3493a4b62814ecb8a69372803f56ff109c","server/src/main/java/com/orientechnologies/orient/server/network/protocol/http/command/get/OServerCommandGetServer.java","6","0","0","4","78","114","1"
"elasticsearch","2b3760f78b26817b5a2030aa27b1ddf2f17462f6","core/src/main/java/org/elasticsearch/rest/action/admin/cluster/RestNodesInfoAction.java","6","0","0","4","80","119","1"
"neo4j","1f4ab33cc31e9c137c9027ebb474b331084ba22b","community/neo4j/src/test/java/org/neo4j/locking/QueryExecutionLocks.java","6","0","0","4","807","965","0"
"hazelcast","d2a92e383bdf14865e3bd445a2a873f5caada6fe","hazelcast/src/main/java/com/hazelcast/client/impl/protocol/task/map/MapAddNearCacheEntryListenerMessageTask.java","6","0","0","4","82","122","1"
"elasticsearch","00de8e07fc3df9c763bbc0b6890217dc5b6bee3e","core/src/main/java/org/elasticsearch/rest/action/admin/cluster/RestNodesInfoAction.java","6","0","0","4","84","124","3"
"elasticsearch","17a2fffc9be50102fa5a9da72053c82df23b1a64","core/src/main/java/org/elasticsearch/rest/action/admin/cluster/RestNodesInfoAction.java","6","0","0","4","84","124","2"
"elasticsearch","568a7ea5f197dc3f7396280a4bb0a4d5fcda7868","core/src/main/java/org/elasticsearch/rest/action/admin/cluster/RestNodesInfoAction.java","6","0","0","4","84","124","3"
"elasticsearch","51d53791fe71c9cb62bc992588a57cdfb500383f","core/src/main/java/org/elasticsearch/rest/action/admin/cluster/RestNodesInfoAction.java","6","0","0","4","84","124","0"
"MapDB","d256c480c229acb87ae0a6e2a7b36473a19c901d","src/test/java/org/mapdb/WALTruncate.java","6","0","0","4","92","120","0"
"MapDB","3edd04f8985ca5af0a18f93b6bf4a48971982c13","src/test/java/org/mapdb/WALTruncate.java","6","0","0","4","93","120","1"
"hazelcast","a1494c9e81153be0f5030c30ce2673c1acdeb3b5","hazelcast-client-new/src/test/java/com/hazelcast/client/queue/ClientQueueDisruptionTest.java","6","0","0","4","94","121","2"
"hazelcast","b9fb9916546bf2cdde763342ec288a0d13cb7e67","hazelcast-client-new/src/test/java/com/hazelcast/client/queue/ClientQueueDisruptionTest.java","6","0","0","4","94","121","1"
"hazelcast","1fb497dc4bf2479f9745e040d6547ab67aaf299c","hazelcast-client-new/src/test/java/com/hazelcast/client/queue/ClientQueueDisruptionTest.java","6","0","0","4","94","121","0"
"hazelcast","16eb86ea375507bff218a5e3ee69d3e205fa4823","hazelcast-client-new/src/test/java/com/hazelcast/client/queue/ClientQueueDisruptionTest.java","6","0","0","4","97","124","1"
"hazelcast","b7615d8d468561afbeee653b44697d033affd617","hazelcast/src/test/java/com/hazelcast/nio/tcp/MockIOService.java","6","0","0","43","303","384","1"
"hazelcast","b0d2be02333028272031f78c6d7d92c640347cd5","hazelcast/src/test/java/com/hazelcast/nio/tcp/MockIOService.java","6","0","0","43","306","387","0"
"hazelcast","86b064ba3f1e467e74e95d6da24b03122065ce36","hazelcast/src/test/java/com/hazelcast/nio/tcp/MockIOService.java","6","0","0","46","323","408","2"
"hazelcast","525c34cddd7f4e08d674611e177bab103e4d1881","hazelcast/src/test/java/com/hazelcast/query/MapIndexServiceTest.java","6","0","0","5","100","132","1"
"elasticsearch","f347bd4a4e6bee51120886ce1f4fedba6d423b8b","core/src/main/java/org/elasticsearch/search/aggregations/bucket/range/AbstractRangeBuilder.java","6","0","0","5","100","145","2"
"hazelcast","82fcc4c7c87097d1719bb56112aec0fafdb6bc0e","hazelcast/src/test/java/com/hazelcast/query/MapIndexServiceTest.java","6","0","0","5","101","133","0"
"neo4j","341f7ff24ca2afd863711c30493639cef1cf2b65","community/dbms/src/test/java/org/neo4j/commandline/dbms/ImportCommandTest.java","6","0","0","5","109","144","0"
"netty","e7c6c880633830b0543566528bcc652157cb6bf0","transport/src/main/java/io/netty/channel/socket/aio/AioEventLoopGroup.java","6","0","0","5","110","148","0"
"elasticsearch","fda6ca4869182a2dfc082490c183eadf8f4e3d05","src/test/java/org/elasticsearch/benchmark/fielddata/LongFieldDataBenchmark.java","6","0","0","5","118","148","1"
"elasticsearch","596d511466c279c8f5e808599c3aff19e029c477","src/test/java/org/elasticsearch/benchmark/fielddata/LongFieldDataBenchmark.java","6","0","0","5","120","150","0"
"hazelcast","8f419459821e2d7e744122b4b3a9482e6fc0ebb2","hazelcast/src/test/java/com/hazelcast/map/impl/query/QueryIndexingTest.java","6","0","0","5","125","154","0"
"hazelcast","b0c3d74f27d147dd56f0a3921869556757a6078f","hazelcast/src/test/java/com/hazelcast/spi/impl/operationservice/impl/InvocationTimeoutTest.java","6","0","0","5","144","183","2"
"hazelcast","3fa5f2992dc12463f602e3a09c1fbecac71b901f","hazelcast/src/test/java/com/hazelcast/map/query/CustomAttribute.java","6","0","0","5","27","53","0"
"hazelcast","47b48594cce33ec1cec54b6fa89af2acf2da2fed","hazelcast/src/main/java/com/hazelcast/cluster/impl/operations/JoinCheckOperation.java","6","0","0","5","47","75","1"
"netty","b76c39318d8edf39759b25990edcc4ef26bb493a","example/src/main/java/io/netty/example/http/websocketx/client/WebSocketClientHandler.java","6","0","0","5","50","97","0"
"hazelcast","ed4e958222141f41588b4221e0e01e501e08a0da","hazelcast/src/main/java/com/hazelcast/internal/cluster/impl/operations/MasterConfirmationOp.java","6","0","0","5","57","90","0"
"hazelcast","f4c33973f2e5f804f6743683b11c8a43922bfc7e","hazelcast/src/test/java/com/hazelcast/nio/tcp/FirewallingTcpIpConnectionManager.java","6","0","0","5","63","89","1"
"elasticsearch","819fe40d616dd021ea7a80111c0c836caec8f7c3","core/src/test/java/org/elasticsearch/common/netty/NettyUtilsTests.java","6","0","0","5","66","95","0"
"elasticsearch","39d38e513d2c185204624c95f62ccd2c79c98709","core/src/test/java/org/elasticsearch/common/netty/NettyUtilsTests.java","6","0","0","5","66","96","1"
"neo4j","14da9bd533353adfe9550e62977d19904f504bcc","community/lucene-index/src/main/java/org/neo4j/kernel/api/impl/index/LuceneAllDocumentsReader.java","6","0","0","5","80","113","0"
"neo4j","5e2a0db616767e9364819efa0ca8152955d3a90a","community/lucene-index/src/main/java/org/neo4j/kernel/api/impl/index/LuceneAllDocumentsReader.java","6","0","0","5","81","114","1"
"hazelcast","60ef394ef56db9dbbc83b95804f78a7cbf6e35c6","hazelcast/src/main/java/com/hazelcast/spi/impl/ResponseHandlerFactory.java","6","0","0","5","88","128","3"
"elasticsearch","88040352050455e537646662a3fbfdd8d554dd17","core/src/test/java/org/elasticsearch/action/search/SearchScrollRequestTests.java","6","0","0","5","90","122","0"
"elasticsearch","c8ca015c0bd28caf4fd84862679afc63a9e7d2ac","core/src/main/java/org/elasticsearch/search/aggregations/bucket/range/AbstractRangeBuilder.java","6","0","0","5","99","144","0"
"elasticsearch","3df2a086d4bf3c5608aabf06c1766e10c901af35","core/src/main/java/org/elasticsearch/search/internal/SubSearchContext.java","6","0","0","52","262","345","0"
"elasticsearch","20ff703e07c692c5e68e6b30a6e6413a34dd10a7","core/src/main/java/org/elasticsearch/search/internal/SubSearchContext.java","6","0","0","53","267","351","1"
"neo4j","41924e12725ad28b0b894d433c7d5990f5b9f26f","community/dbms/src/test/java/org/neo4j/dbms/archive/DumperTest.java","6","0","0","6","101","133","1"
"elasticsearch","4bfd21b3dd93beb6d65cbb11334f6a9a82123286","core/src/main/java/org/elasticsearch/action/admin/cluster/stats/TransportClusterStatsAction.java","6","0","0","6","101","143","0"
"neo4j","56a78bda41deece417a3107c86a15af02c417a17","community/dbms/src/test/java/org/neo4j/dbms/archive/DumperTest.java","6","0","0","6","102","134","0"
"elasticsearch","4b94eb5cb8cc4294ed0e932a5f22c16bd90d4dd7","core/src/main/java/org/elasticsearch/action/admin/cluster/stats/TransportClusterStatsAction.java","6","0","0","6","104","146","2"
"elasticsearch","860efb2ad28db09189c8423e05d0dba53010259c","core/src/main/java/org/elasticsearch/action/admin/cluster/stats/TransportClusterStatsAction.java","6","0","0","6","104","146","2"
"elasticsearch","9adc50a6b9eede804502ea799a27327df148f488","core/src/main/java/org/elasticsearch/action/admin/cluster/stats/TransportClusterStatsAction.java","6","0","0","6","104","146","0"
"elasticsearch","d3417fb02291f26964d77767020ef345d18c148f","core/src/main/java/org/elasticsearch/action/admin/cluster/stats/TransportClusterStatsAction.java","6","0","0","6","110","152","0"
"elasticsearch","1a60e1c3d27d3d1f76b389d6bf008b35856ad88d","qa/evil-tests/src/test/java/org/elasticsearch/common/logging/EvilLoggerTests.java","6","0","0","6","122","172","1"
"hazelcast","59276e782f60c123b7ae4e047195372aa5c956d2","hazelcast/src/test/java/com/hazelcast/ringbuffer/impl/RingbufferAddReadOneStressTest.java","6","0","0","6","128","164","1"
"orientdb","58a69086d40df6f8f824b069d343eda7852df1be","tests/src/test/java/com/orientechnologies/orient/test/database/auto/TruncateClassTest.java","6","0","0","6","130","183","0"
"hazelcast","80375b48e398ab48a9390e5c7de3a7b08a01bab2","hazelcast-client/src/test/java/com/hazelcast/client/txn/ClientTxnTest.java","6","0","0","6","133","174","2"
"elasticsearch","d73e17c103e9c6a763209994dcf85f3ab2335356","core/src/test/java/org/elasticsearch/index/query/SpanNearQueryBuilderTests.java","6","0","0","6","153","188","0"
"neo4j","990fe648c6b49f319a515dd6b0757553c483ab11","enterprise/ha/src/test/java/org/neo4j/kernel/ha/cluster/member/HighAvailabilitySlavesTest.java","6","0","0","6","156","225","0"
"neo4j","cc0ba94bf17cf529234b73be115bf369e7de0c55","enterprise/ha/src/test/java/org/neo4j/kernel/ha/cluster/member/HighAvailabilitySlavesTest.java","6","0","0","6","161","230","0"
"elasticsearch","164efaecbe42195f08ada58b5fde927ab21fc6e7","core/src/test/java/org/elasticsearch/transport/netty/NettyTransportMultiPortTests.java","6","0","0","6","175","232","0"
"elasticsearch","68307aa9f3636bdccd1f1ca90f1d0fd640a019a5","core/src/test/java/org/elasticsearch/transport/netty/NettyTransportMultiPortTests.java","6","0","0","6","175","232","0"
"elasticsearch","41d8fbe8f51abd499c9b497238bc5f2141b7926b","core/src/test/java/org/elasticsearch/transport/netty/NettyTransportMultiPortTests.java","6","0","0","6","175","232","1"
"neo4j","7435dfb6290889b1690faab631272ef95a97e838","enterprise/core-edge/src/main/java/org/neo4j/coreedge/core/consensus/ConsensusModule.java","6","0","0","6","190","250","1"
"elasticsearch","9745808c3f199218a42a7e37d5c3120ab5d700aa","src/test/java/org/elasticsearch/indices/settings/UpdateNumberOfReplicasTests.java","6","0","0","6","220","286","0"
"hazelcast","2e237d2c442305f51cdbea3740548e8bfb4401ac","hazelcast-cloud/src/main/java/com/hazelcast/aws/AWSClient.java","6","0","0","6","38","64","0"
"BroadleafCommerce","28afdc6932587a86414e22b528791cb3939e04a0","core/broadleaf-profile/src/main/java/org/broadleafcommerce/profile/core/service/validator/ResetPasswordValidator.java","6","0","0","6","39","69","1"
"hazelcast","10773b4cd855bdfd84ea80d22b8ed3c977459444","hazelcast/src/main/java/com/hazelcast/multimap/impl/MultiMapWrapper.java","6","0","0","6","41","69","0"
"mcMMO","3b05bb96e36af09bf58f84f3bd49938d7826d807","src/main/java/com/gmail/nossr50/chat/ChatManager.java","6","0","0","6","49","67","0"
"hazelcast","f4c4f6884c633287e7632d62481e06c9f0b762f5","hazelcast/src/main/java/com/hazelcast/internal/partition/operation/ShutdownRequestOperation.java","6","0","0","6","51","78","1"
"hazelcast","14cd049f230a8c5c201817964e7bcda15158e01c","hazelcast/src/main/java/com/hazelcast/scheduledexecutor/impl/operations/GetAllScheduledOperation.java","6","0","0","6","54","87","0"
"orientdb","885271d4aa9a0b8750cbcca14a8dc1ee2bb5bc0a","graphdb/src/test/java/com/orientechnologies/orient/graph/blueprints/GraphPolymorphicTest.java","6","0","0","6","55","67","0"
"hazelcast","62d6d6048f8db82bcba99ded8d33d5b98f23b77d","hazelcast/src/main/java/com/hazelcast/client/PostJoinClientOperation.java","6","0","0","6","57","69","0"
"BroadleafCommerce","4b899b0b30679392365b1286b26fd502eee6594c","common/src/main/java/org/broadleafcommerce/common/site/service/SiteServiceImpl.java","6","0","0","6","59","89","1"
"orientdb","8130d9184ee1136cc87c2a9c6a0b9acc994828ff","tests/src/test/java/com/orientechnologies/orient/test/database/auto/SQLSelectGroupByTest.java","6","0","0","6","60","90","1"
"elasticsearch","896e8657ea498c074e9b7661d71f698b5cd23e94","src/test/java/org/elasticsearch/test/disruption/BlockClusterStateProcessing.java","6","0","0","6","64","97","0"
"hazelcast","b4f94a00cf1628aa0437ded2c556bae9608f74c6","hazelcast-client/src/main/java/com/hazelcast/client/spi/impl/ClientSmartInvocationServiceImpl.java","6","0","0","6","66","96","0"
"hazelcast","317fabec0c90b274c686ba018cc1b465fee244f2","hazelcast-client-new/src/main/java/com/hazelcast/client/spi/impl/ClientSmartInvocationServiceImpl.java","6","0","0","6","67","97","1"
"hazelcast","5fe534734d912f88bed5098f3b36f3e2872c8319","hazelcast-client-new/src/main/java/com/hazelcast/client/spi/impl/ClientSmartInvocationServiceImpl.java","6","0","0","6","67","97","1"
"hazelcast","2b9bb4fc17af10b2e6c19753155c0c0aeff8ce05","hazelcast-client-new/src/main/java/com/hazelcast/client/spi/impl/ClientSmartInvocationServiceImpl.java","6","0","0","6","67","97","0"
"neo4j","ef16d4f8c7d4c89449c7e136c6610c513e10fe4e","enterprise/security/src/main/java/org/neo4j/server/security/enterprise/auth/ShiroAuthenticationInfo.java","6","0","0","6","68","105","0"
"hazelcast","12c89254274d2c4379de64ed009e9cda5d724fdb","hazelcast/src/main/java/com/hazelcast/cache/impl/operation/PostJoinCacheOperation.java","6","0","0","6","70","103","0"
"BroadleafCommerce","83c81ab57892e44bc563cfee1e8d87116925bd12","core/broadleaf-framework-web/src/main/java/org/broadleafcommerce/core/web/controller/account/BroadleafUpdateAccountController.java","6","0","0","6","76","119","0"
"elasticsearch","2b3760f78b26817b5a2030aa27b1ddf2f17462f6","core/src/main/java/org/elasticsearch/rest/action/admin/indices/RestClearIndicesCacheAction.java","6","0","0","6","77","110","1"
"hazelcast","4e007a3426015aebfb4a640a624d2e2e9dc90817","hazelcast/src/main/java/com/hazelcast/client/impl/protocol/task/multimap/AbstractMultiMapAddEntryListenerMessageTask.java","6","0","0","6","84","119","0"
"elasticsearch","577dcb32374cf2528a5deadf0a57f1ea1d5a9cbd","test/framework/src/main/java/org/elasticsearch/test/disruption/NetworkDisruptionTests.java","6","0","0","6","87","118","0"
"ceylon-ide-eclipse","27e63915462b6c4580322d86ce7ff7259213e7de","plugins/com.redhat.ceylon.eclipse.ui/src/com/redhat/ceylon/eclipse/code/search/FindReferencesAction.java","6","0","0","6","92","111","1"
"neo4j","b2b690dbfb4950a6f7b3e0bb41a90419859d89a8","community/server/src/test/java/org/neo4j/server/rest/transactional/Neo4jJsonCodecTest.java","6","0","0","7","103","166","0"
"elasticsearch","0cf1d16187fcf10e9d0e64402bb6d0ebba5d7b80","core/src/test/java/org/elasticsearch/index/query/support/InnerHitsBuilderTests.java","6","0","0","7","106","141","1"
"hazelcast","8959aa0857797fe82461f8cabc292a4966d2e5fb","hazelcast/src/main/java/com/hazelcast/client/impl/protocol/task/scheduledexecutor/ScheduledExecutorGetAllScheduledMessageTask.java","6","0","0","7","118","159","0"
"neo4j","295c17b1e5ea7595338a8af169b71b1e4ee71474","community/kernel/src/main/java/org/neo4j/kernel/api/txstate/TransactionCountingStateVisitor.java","6","0","0","7","126","181","2"
"hazelcast","7c4a8c104eaf323c86133fbb1620bd1f9f23ab71","hazelcast/src/main/java/com/hazelcast/client/impl/protocol/task/cache/CacheAddInvalidationListenerTask.java","6","0","0","7","137","195","1"
"neo4j","6f215f6f81de35daac3361efda191fe34a131ed9","community/lucene-index/src/test/java/org/neo4j/index/impl/lucene/legacy/AbstractLuceneIndexTest.java","6","0","0","7","148","194","1"
"elasticsearch","4f694a3312a8bf57794ac9c3613ca6b5a2b52c58","core/src/test/java/org/elasticsearch/index/query/FuzzyQueryBuilderTests.java","6","0","0","7","155","194","2"
"elasticsearch","0c724b1878335c68b118db1ebd116bcb532282a2","core/src/test/java/org/elasticsearch/action/bulk/RetryTests.java","6","0","0","7","176","241","0"
"neo4j","8ae3804af329f315ebb7344111499111a3e475bf","enterprise/core-edge/src/main/java/org/neo4j/coreedge/core/consensus/ConsensusModule.java","6","0","0","7","194","254","0"
"elasticsearch","75ced057ed17c5b3473795b24338815ab49f3336","core/src/test/java/org/elasticsearch/transport/netty/NettyTransportMultiPortTests.java","6","0","0","7","196","255","2"
"titan","9d605dcb292894a5b4c7c9f8512426c1dae9d6d4","titan-core/src/main/java/com/thinkaurelius/titan/diskstorage/configuration/MergedConfiguration.java","6","0","0","7","51","63","1"
"titan","854139c3e9bb3a63ed124e1403d1227aba7632e1","titan-core/src/main/java/com/thinkaurelius/titan/diskstorage/configuration/MergedConfiguration.java","6","0","0","7","51","64","0"
"orientdb","2621f13ac9fcec9d191c3af57271270546d8920f","core/src/main/java/com/orientechnologies/orient/core/engine/memory/OEngineMemory.java","6","0","0","7","51","82","1"
"orientdb","6061b2a2b5d37ba6f30f9dfa91225ef3b3d718cc","core/src/main/java/com/orientechnologies/orient/core/engine/memory/OEngineMemory.java","6","0","0","7","52","83","0"
"elasticsearch","4a48b93cf5e35017b635256720e5f767c9583715","src/main/java/org/elasticsearch/search/highlight/CustomQueryScorer.java","6","0","0","7","62","98","0"
"elasticsearch","502217f035aa5495c5d834255e0de61eeeebceeb","core/src/main/java/org/elasticsearch/search/highlight/CustomQueryScorer.java","6","0","0","7","63","100","1"
"hazelcast","f430465001dbcfa714005b96dda24a0831ca9161","hazelcast/src/main/java/com/hazelcast/client/impl/operations/PostJoinClientOperation.java","6","0","0","7","63","93","1"
"elasticsearch","8affb7c8452b3fe5a4e0a25eac4fc55e0e264858","core/src/main/java/org/elasticsearch/search/fetch/subphase/highlight/CustomQueryScorer.java","6","0","0","7","63","99","0"
"elasticsearch","145d0813b50a9eb7aa916ab4428bb34595419008","core/src/main/java/org/elasticsearch/search/fetch/subphase/highlight/CustomQueryScorer.java","6","0","0","7","65","101","2"
"neo4j","8ab0685a4620653b3c1764d5bd04598a2e954bb2","community/kernel/src/main/java/org/neo4j/kernel/api/security/AuthToken.java","6","0","0","7","67","97","1"
"hazelcast","99c4072079a42e89bb3611d3ebb8a9f4e4e4ebf0","hazelcast/src/main/java/com/hazelcast/map/operation/PartitionWideEntryBackupOperation.java","6","0","0","7","76","110","0"
"hazelcast","78af4f23bcba7ec0288688e1bd9e49f207eac041","hazelcast/src/main/java/com/hazelcast/map/operation/PartitionWideEntryBackupOperation.java","6","0","0","7","78","114","0"
"orientdb","39a8884d03c0bc49b8ecf655a22fe80646afa1e6","spatial/src/main/java/com/orientechnologies/spatial/engine/OLuceneGeoSpatialIndexEngine.java","6","0","0","7","78","119","0"
"ceylon-ide-eclipse","3770efda90a944f7758dbd197a3aaba61c2e625b","plugins/com.redhat.ceylon.eclipse.ui/src/com/redhat/ceylon/eclipse/code/editor/CeylonInitializerAnnotation.java","6","0","0","7","81","116","0"
"mcMMO","c10525ada9ed2c0b77c518089a300e3b4e32e7c1","src/main/java/com/gmail/nossr50/util/uuid/UUIDFetcher.java","6","0","0","7","88","101","0"
"hazelcast","58e4782c607905ce452f830bd68a2412a9e1961e","hazelcast-client-new/src/test/java/com/hazelcast/client/multimap/ClientMultiMapListenerStressTest.java","6","0","0","8","100","125","1"
"ceylon-ide-eclipse","5e619a0eea7dffc5d71274f8397c14783ea8bc91","plugins/com.redhat.ceylon.eclipse.ui/src/com/redhat/ceylon/eclipse/code/editor/CeylonInitializerAnnotation.java","6","0","0","8","100","137","0"
"hazelcast","e1b69c53ca4923affcd7722f012a80e32517e988","hazelcast/src/test/java/com/hazelcast/internal/cluster/impl/MembersViewTest.java","6","0","0","8","101","146","0"
"neo4j","2af6d6d39b6fc99d460c39199563ad2b2998b3cf","community/security/src/main/java/org/neo4j/server/security/auth/AuthProcedures.java","6","0","0","8","102","137","0"
"neo4j","3cad6b427058f7ea008e0f31ea88a5fdd61b9a82","community/server/src/test/java/org/neo4j/server/rest/transactional/Neo4jJsonCodecTest.java","6","0","0","8","107","175","1"
"neo4j","81481c168395fedb2e4d81a279e99442518b4db0","community/server/src/test/java/org/neo4j/server/rest/transactional/Neo4jJsonCodecTest.java","6","0","0","8","112","180","0"
"netty","6cf2748dbb49485b7f0851054dd0ad1776f0c5bd","codec/src/test/java/io/netty/handler/codec/compression/ZlibTest.java","6","0","0","8","114","154","0"
"netty","d479e939b03cf37746647647917e028b1817e413","codec/src/test/java/io/netty/handler/codec/compression/AbstractDecoderTest.java","6","0","0","8","114","158","0"
"neo4j","5b867ef859cd2183bee705922db86f1f22052ede","community/security/src/main/java/org/neo4j/commandline/admin/security/SetDefaultAdminCommand.java","6","0","0","8","127","164","0"
"elasticsearch","2b3760f78b26817b5a2030aa27b1ddf2f17462f6","modules/reindex/src/test/java/org/elasticsearch/index/reindex/remote/RemoteRequestBuildersTests.java","6","0","0","8","129","182","1"
"elasticsearch","904dcc71270b7b2e984a7f897e2c2680775b1112","modules/reindex/src/test/java/org/elasticsearch/index/reindex/remote/RemoteRequestBuildersTests.java","6","0","0","8","129","182","1"
"elasticsearch","51d53791fe71c9cb62bc992588a57cdfb500383f","modules/reindex/src/test/java/org/elasticsearch/index/reindex/remote/RemoteRequestBuildersTests.java","6","0","0","8","129","182","0"
"elasticsearch","28273e0a52c443d5a5d304767fd21373e5a81b0b","modules/reindex/src/test/java/org/elasticsearch/index/reindex/remote/RemoteRequestBuildersTests.java","6","0","0","8","131","184","2"
"elasticsearch","18393a06f373a2132972d5551bc9ed3ae28022e6","modules/reindex/src/test/java/org/elasticsearch/index/reindex/remote/RemoteRequestBuildersTests.java","6","0","0","8","132","187","0"
"elasticsearch","5ef78fd0159384f08a4d6f87a01f9fe6be21afc9","modules/reindex/src/test/java/org/elasticsearch/index/reindex/remote/RemoteRequestBuildersTests.java","6","0","0","8","138","193","0"
"elasticsearch","78bb56671e7b8d690a04a3b4b752b53a66109ab6","modules/reindex/src/test/java/org/elasticsearch/index/reindex/remote/RemoteRequestBuildersTests.java","6","0","0","8","138","193","0"
"elasticsearch","ce8e042b66e06ad840ec651b9e0ad95348d8875e","modules/reindex/src/test/java/org/elasticsearch/index/reindex/remote/RemoteRequestBuildersTests.java","6","0","0","8","138","193","0"
"elasticsearch","f86fd628212a13830605695f3d9c6d0b5671286e","modules/reindex/src/test/java/org/elasticsearch/index/reindex/remote/RemoteRequestBuildersTests.java","6","0","0","8","138","193","2"
"elasticsearch","9abb12541754813f1919a5f65d3bfbe8ce7f8d34","modules/reindex/src/test/java/org/elasticsearch/index/reindex/remote/RemoteRequestBuildersTests.java","6","0","0","8","139","194","1"
"hazelcast","a54592ecba3a4cc7158bbcd8a704e58e22170e17","hazelcast-client-new/src/test/java/com/hazelcast/client/map/ClientMapIssueTest.java","6","0","0","8","162","225","1"
"hazelcast","3c268f4e2408296c187a2abe68e2b460a53f2b6e","hazelcast-client-legacy/src/test/java/com/hazelcast/client/map/ClientMapIssueTest.java","6","0","0","8","163","225","1"
"elasticsearch","fc8cb417e7450ad122882afc5b3aafb24133f855","core/src/test/java/org/elasticsearch/index/query/FuzzyQueryBuilderTests.java","6","0","0","8","166","207","0"
"orientdb","b931cd72ebc375e2728434d6628fae26154c3289","graphdb/src/test/java/com/orientechnologies/orient/graph/blueprints/GraphValidationTest.java","6","0","0","8","170","227","0"
"hazelcast","324c12ca123c52820e6a271c2095649a57a9844f","hazelcast-client/src/test/java/com/hazelcast/client/heartbeat/ClientHeartbeatTest.java","6","0","0","8","210","279","2"
"netty","fd9ca8bbb3bb5478aee79e633374abfbc9b6d6c3","transport/src/test/java/io/netty/bootstrap/BootstrapTest.java","6","0","0","8","250","320","2"
"hazelcast","27d49efcee88ee428254cf38353e8698ea127c45","hazelcast-client/src/main/java/com/hazelcast/client/spi/impl/listener/ClientRegistrationKey.java","6","0","0","8","44","75","1"
"mcMMO","e9dcb3100278ae2ccb92598f8e05ace2ebd903e2","src/main/java/com/gmail/nossr50/chat/ChatManager.java","6","0","0","8","55","75","0"
"netty","67d3a78123fa3faa85c1a150bd4ee69425079b3d","codec-http2/src/main/java/io/netty/handler/codec/http2/DefaultHttp2HeadersDecoder.java","6","0","0","8","79","119","1"
"hazelcast","92423641d487bee46abc843a84b15b0c7891bb52","hazelcast-client/src/test/java/com/hazelcast/client/stress/AtomicLongStableReadStressTest.java","6","0","0","8","82","101","1"
"hazelcast","d970bf3b8587e0239c966aafbae6f247714e70b0","hazelcast-client/src/test/java/com/hazelcast/client/stress/AtomicLongStableReadStressTest.java","6","0","0","8","82","101","2"
"hazelcast","f4c628c6cba9dc06d8aa2c9b1675df2cda0b5e60","hazelcast-client/src/test/java/com/hazelcast/client/stress/AtomicLongStableReadStressTest.java","6","0","0","8","82","101","2"
"hazelcast","3af9ba9f8b531b6e3d8f370fcf5d24e6f134551b","hazelcast-client/src/test/java/com/hazelcast/client/stress/AtomicLongStableReadStressTest.java","6","0","0","8","82","101","0"
"hazelcast","317fabec0c90b274c686ba018cc1b465fee244f2","hazelcast-client-new/src/test/java/com/hazelcast/client/stress/AtomicLongStableReadStressTest.java","6","0","0","8","84","103","0"
"hazelcast","b777381e2f8cfc3d8bcde3a87c5cc9993e31d4a2","hazelcast-client-new/src/test/java/com/hazelcast/client/stress/AtomicLongStableReadStressTest.java","6","0","0","8","86","105","1"
"hazelcast","d9d20943b88faf6aa25ddbdc19feab4571611431","hazelcast/src/main/java/com/hazelcast/client/impl/protocol/task/map/MapExecuteOnKeysMessageTask.java","6","0","0","8","88","121","1"
"hazelcast","317fabec0c90b274c686ba018cc1b465fee244f2","hazelcast-client-new/src/test/java/com/hazelcast/client/multimap/ClientMultiMapListenerStressTest.java","6","0","0","8","98","123","0"
"neo4j","8a31284a00600fe653939a9b2206e0382deded40","community/security/src/main/java/org/neo4j/server/security/auth/AuthProcedures.java","6","0","0","8","98","133","0"
"neo4j","9b3b0aabf83ed7c8a09a65074c8093f18ef194fb","community/security/src/main/java/org/neo4j/server/security/auth/AuthProcedures.java","6","0","0","8","99","134","0"
"hazelcast","c9b61e1bcaa6fa7457be1ecf886f7f2904ca5b92","hazelcast/src/test/java/com/hazelcast/topic/impl/reliable/TopicOverloadAbstractTest.java","6","0","0","9","103","149","0"
"hazelcast","9418030560131e8f3f799af8a7405fd49bdcbcb8","hazelcast/src/test/java/com/hazelcast/topic/impl/reliable/TopicOverloadAbstractTest.java","6","0","0","9","104","152","1"
"neo4j","163d0bd4868b719bb23dc1d48cbc5f577e5994b6","community/security/src/main/java/org/neo4j/server/security/auth/AuthProcedures.java","6","0","0","9","111","147","1"
"elasticsearch","101ea31fdffda1d6245dde29e86f8e6ede694a04","src/main/java/org/elasticsearch/search/aggregations/metrics/scripted/ScriptedMetricAggregator.java","6","0","0","9","113","152","1"
"neo4j","07530adc6e64325f30ad4ef2b4efa48905cff328","community/security/src/main/java/org/neo4j/server/security/auth/AuthProcedures.java","6","0","0","9","114","150","0"
"elasticsearch","f349c4f1356f9365d39edf414f7e9950e3734c46","plugins/ingest-geoip/src/test/java/org/elasticsearch/ingest/geoip/GeoIpProcessorFactoryTests.java","6","0","0","9","123","163","2"
"elasticsearch","82397c05542a794c8629fe611cbca58a3d831780","src/test/java/org/elasticsearch/test/integration/search/simple/SimpleSearchTests.java","6","0","0","9","143","196","0"
"hazelcast","ad461ea53ee7e526484a9a83f3d748a226f9b514","hazelcast-client/src/test/java/com/hazelcast/client/heartbeat/ClientHeartbeatTest.java","6","0","0","9","247","326","4"
"hazelcast","799be19ee1c5e581a0b3296cd336a5d3f5f2f62c","hazelcast-client/src/test/java/com/hazelcast/client/heartbeat/ClientHeartbeatTest.java","6","0","0","9","254","336","3"
"elasticsearch","149629fec657e9948488195087f30583cd561f11","core/src/test/java/org/elasticsearch/action/search/RemoteClusterServiceTests.java","6","0","0","9","314","366","0"
"hazelcast","93fd800d6c6f6781ef95536bba7e2b200fe9678d","hazelcast-client/src/main/java/com/hazelcast/client/spi/impl/listener/ClientRegistrationKey.java","6","0","0","9","47","79","0"
"hazelcast","d831651dd5814c8074c8b4727184701986f16039","hazelcast/src/main/java/com/hazelcast/multimap/impl/MultiMapWrapper.java","6","0","0","9","51","83","1"
"netty","39250873ae7c3d8c1017db11b1f715838f2688f3","transport/src/main/java/io/netty/channel/embedded/EmbeddedByteChannel.java","6","0","0","9","56","84","0"
"netty","e59ac8e79b14aaf5ac9899234d0aa8b82a4e00ce","transport/src/main/java/io/netty/channel/embedded/EmbeddedByteChannel.java","6","0","0","9","61","89","0"
"hazelcast","d38202141395360399c9cf97d4453adf5b1581e1","hazelcast-code-generator/src/main/java/com/hazelcast/client/protocol/generator/MessageTypeEnumModel.java","6","0","0","9","63","99","1"
"BroadleafCommerce","3575ff0edc8fc9a8450b6eaf6da5a1e8345e63dd","core/broadleaf-profile/src/main/java/org/broadleafcommerce/profile/core/dao/CustomerDaoImpl.java","6","0","0","9","64","98","1"
"elasticsearch","4fea56ceadbbd042774a89dbdf94c16a4a33df4c","core/src/test/java/org/elasticsearch/test/store/MockFSIndexStore.java","6","0","0","9","69","100","0"
"hazelcast","159c4a53940c2170c905d13fc1fc784cf59279c9","hazelcast/src/main/java/com/hazelcast/map/operation/MergeOperation.java","6","0","0","9","70","103","1"
"hazelcast","b01ad95e9c86cf4a9fe4d322d7372fec3d4107f9","hazelcast/src/main/java/com/hazelcast/map/impl/operation/MergeOperation.java","6","0","0","9","70","103","1"
"hazelcast","86a8460b7e36376816dea524d18b755c5b2fc9e7","hazelcast/src/main/java/com/hazelcast/map/operation/MergeOperation.java","6","0","0","9","70","103","0"
"hazelcast","4f7d7a49a64a09739556c76f1e55ca354b652b1f","hazelcast/src/main/java/com/hazelcast/spi/impl/operationexecutor/classic/DefaultScheduleQueue.java","6","0","0","9","70","106","2"
"hazelcast","74b5822a94c27a038f04b1ff0c31e769a9240cd7","hazelcast/src/main/java/com/hazelcast/util/executor/CompletedFuture.java","6","0","0","9","70","99","1"
"hazelcast","78af4f23bcba7ec0288688e1bd9e49f207eac041","hazelcast/src/main/java/com/hazelcast/map/operation/MergeOperation.java","6","0","0","9","71","104","0"
"hazelcast","593318251d64ed24d282ee2010e2f42b08dbea93","hazelcast/src/main/java/com/hazelcast/internal/cluster/impl/operations/ChangeClusterStateOperation.java","6","0","0","9","84","115","0"
"hazelcast","4518f209e87542990be5c615e6893d8e810b1ca6","hazelcast/src/main/java/com/hazelcast/map/impl/operation/MergeOperation.java","6","0","0","9","89","120","0"
"hazelcast","c905c2cdf057d307e47229669f9541fdb0c71873","hazelcast/src/main/java/com/hazelcast/map/impl/operation/MergeOperation.java","6","0","0","9","92","123","0"
"orientdb","049d44054022a1558f7ebcef3d8b9a8db978df40","src/main/java/com/orientechnologies/orient/spatial/shape/ORectangleShapeBuilder.java","6","0","0","9","95","131","0"
"hazelcast","91124662c5b84b152dfc145d9db09a7559ba24dd","hazelcast/src/test/java/com/hazelcast/partition/impl/InternalPartitionServiceImplTest.java","6","0","0","9","95","134","1"
"hazelcast","39cd56204db3d9e9836da4068902f82749e2bfc7","hazelcast/src/test/java/com/hazelcast/partition/impl/InternalPartitionServiceImplTest.java","6","0","0","9","96","135","0"
"hazelcast","205c024fa76e667f18068dba06eb6584d18cf6ab","hazelcast/src/test/java/com/hazelcast/internal/partition/impl/InternalPartitionServiceImplTest.java","6","0","0","9","98","138","1"
"hazelcast","867fc10b52c7da919de28f51c13599e0fc2a5f60","hazelcast/src/test/java/com/hazelcast/util/AbstractClockTest.java","6","0","1","0","103","151","0"
"neo4j","a401243f8aff453cb8af8e412ea8510f9be786d6","community/kernel/src/main/java/org/neo4j/kernel/Uniqueness.java","6","0","1","0","103","170","1"
"neo4j","d792f87317f952c8de3d1eff2982eaab0fc13d0f","community/kernel/src/main/java/org/neo4j/kernel/Uniqueness.java","6","0","1","0","137","213","0"
"netty","cd0b5ec2db593d45c96bd6b55b0024042534af04","codec/src/main/java/io/netty/handler/codec/protobuf/ProtobufVarint32FrameDecoder.java","6","0","1","0","33","74","1"
"netty","af4b71a00e30faf86ef1c2365e965e8f04f65bee","codec/src/main/java/io/netty/handler/codec/protobuf/ProtobufVarint32FrameDecoder.java","6","0","1","0","35","76","0"
"netty","ba6ce5449ee852b782dde9a11933f6a09b123e22","codec-stomp/src/main/java/io/netty/handler/codec/stomp/StompSubframeEncoder.java","6","0","1","0","51","77","0"
"netty","e6ca9882a107c34cf6358c8d7a68561025f06016","codec-stomp/src/main/java/io/netty/handler/codec/stomp/StompSubframeEncoder.java","6","0","1","0","52","78","1"
"elasticsearch","eb754a71be77efbfceb233573c2dc34f7eb7b702","modules/reindex/src/main/java/org/elasticsearch/index/reindex/AbstractBulkByQueryRestHandler.java","6","0","1","0","53","96","0"
"elasticsearch","14ba36977ed24fd670005800547541a4f2cdfa3a","modules/reindex/src/main/java/org/elasticsearch/index/reindex/AbstractBulkByQueryRestHandler.java","6","0","1","0","55","98","0"
"elasticsearch","43efcffcc217f5e49ed15593bc3156c2b4db1c73","modules/reindex/src/main/java/org/elasticsearch/index/reindex/AbstractBulkByQueryRestHandler.java","6","0","1","0","55","98","0"
"elasticsearch","b8cd82e5c2a9577dfd521df80f7fbc893145fe41","modules/reindex/src/main/java/org/elasticsearch/index/reindex/AbstractBulkByQueryRestHandler.java","6","0","1","0","55","98","2"
"elasticsearch","1c63c823b0e4c07d4ba0e4767840f68162b7b4b8","modules/reindex/src/main/java/org/elasticsearch/index/reindex/AbstractBulkByQueryRestHandler.java","6","0","1","0","57","101","2"
"elasticsearch","73307a2144fbdf63c551eeccdc7e93dc30e59a92","modules/reindex/src/main/java/org/elasticsearch/index/reindex/AbstractBulkByQueryRestHandler.java","6","0","1","0","60","115","2"
"hazelcast","0dc65895e880eb4cbdd6996e355913992bf987d9","hazelcast/src/main/java/com/hazelcast/util/JVMUtil.java","6","0","1","0","62","111","1"
"netty","8271c8afccf7eb21bf6f994b5f3565f6d55bdee4","codec-dns/src/main/java/io/netty/handler/codec/dns/DnsQueryEncoder.java","6","0","1","0","65","117","0"
"netty","9125060752f5124949e55a6868647c75f88cdb01","handler/src/main/java/io/netty/handler/ssl/util/SimpleTrustManagerFactory.java","6","0","1","0","66","133","0"
"netty","7e62f9fcdb319661b303266bc15296ddc44bb324","handler/src/main/java/io/netty/handler/ssl/util/SimpleTrustManagerFactory.java","6","0","1","0","67","135","1"
"orientdb","9b0a6b5a0d74bce339faedfdf33a3918902c1a9e","distributed/src/test/java/com/orientechnologies/orient/server/distributed/AbstractServerClusterTxTest.java","6","0","1","0","73","112","0"
"orientdb","1ffb4a74231b07389afced95123a7ef989a442cc","distributed/src/test/java/com/orientechnologies/orient/server/distributed/AbstractServerClusterTxTest.java","6","0","1","0","83","124","0"
"hazelcast","d7b3cc89ba44412bd90f1824e493a4117ffb244c","hazelcast/src/main/java/com/hazelcast/nio/UnsafeHelper.java","6","0","1","0","86","132","0"
"elasticsearch","d0835715c2704aeb9600f1c203bd591a8b77ee68","core/src/test/java/org/elasticsearch/cluster/routing/allocation/RebalanceAfterActiveTests.java","6","0","1","1","105","153","1"
"elasticsearch","25fd9e26c4fb042d6f6dea14efcd239577bdbbc4","core/src/main/java/org/elasticsearch/action/admin/indices/shrink/TransportShrinkAction.java","6","0","1","1","109","154","0"
"elasticsearch","56cc87b7ccd41040d8fafcaf2da3680d96d10839","core/src/main/java/org/elasticsearch/action/admin/indices/shrink/TransportShrinkAction.java","6","0","1","1","109","154","0"
"elasticsearch","d3417fb02291f26964d77767020ef345d18c148f","core/src/main/java/org/elasticsearch/action/admin/indices/shrink/TransportShrinkAction.java","6","0","1","1","109","154","0"
"elasticsearch","4b94eb5cb8cc4294ed0e932a5f22c16bd90d4dd7","core/src/main/java/org/elasticsearch/action/admin/indices/shrink/TransportShrinkAction.java","6","0","1","1","109","154","2"
"elasticsearch","860efb2ad28db09189c8423e05d0dba53010259c","core/src/main/java/org/elasticsearch/action/admin/indices/shrink/TransportShrinkAction.java","6","0","1","1","109","154","2"
"elasticsearch","889db1c824d8c573835e8cbadd0c6f3ba25f8fcd","src/test/java/org/elasticsearch/cluster/NoMasterNodeTests.java","6","0","1","1","143","207","1"
"titan","a1e70246868f0fc9e3e6e1bd454f2b0b13170c3b","src/main/java/com/thinkaurelius/titan/graphdb/relations/AttributeUtil.java","6","0","1","1","15","24","1"
"neo4j","a93c570faa774c1a40b635b6a3e6d8ccb61a99e8","community/kernel/src/test/java/org/neo4j/kernel/impl/transaction/PartialTransactionFailureIT.java","6","0","1","1","175","221","1"
"neo4j","868b4d731485023d2f7477e1133dcd5b263c851d","community/kernel/src/test/java/org/neo4j/kernel/impl/transaction/PartialTransactionFailureIT.java","6","0","1","1","179","225","0"
"hazelcast","3f7fe149b46863191307baa8ab504a6eaf77b0cc","hazelcast/src/main/java/com/hazelcast/client/ClientPortableFactory.java","6","0","1","1","20","47","0"
"mct","b206263ada09ba2bacefecc5ec012695d9b0e8e7","mctCoreTaxonomyProvider/src/main/java/gov/nasa/arc/mct/core/policy/CheckComponentOwnerIsUserPolicy.java","6","0","1","1","22","59","1"
"netty","cc33417c0e302c8d33f170b1db37014cce8c35d2","codec-http/src/main/java/io/netty/handler/codec/http/HttpRequestEncoder.java","6","0","1","1","33","64","1"
"orientdb","46bbcabde62c2b9e61ebaf45dc23f16d9dee7f02","distributed/src/test/java/com/orientechnologies/orient/server/distributed/TestDistributedDatabaseRepair.java","6","0","1","1","332","429","1"
"orientdb","136db63960bbf53514691bf5a0bb8361a5ea5361","distributed/src/test/java/com/orientechnologies/orient/server/distributed/TestDistributedDatabaseRepair.java","6","0","1","1","333","430","0"
"hazelcast","e1b69c53ca4923affcd7722f012a80e32517e988","hazelcast/src/test/java/com/hazelcast/nio/tcp/OperationPacketFilter.java","6","0","1","1","34","61","0"
"hazelcast","04c204fcf1f1d07695eb4355106ffdc8e6bc9365","hazelcast/src/main/java/com/hazelcast/config/matcher/LegacyMatchingPointConfigPatternMatcher.java","6","0","1","1","36","63","0"
"netty","3f72add89a41b3d94309bccb0d253515c0543b65","codec/src/main/java/io/netty/handler/codec/ByteToByteEncoder.java","6","0","1","1","39","93","0"
"netty","5526153459104bff2812c952a947576114419dd8","codec/src/main/java/io/netty/handler/codec/ByteToByteEncoder.java","6","0","1","1","40","93","0"
"BroadleafCommerce","d7bab3e31cbb7e42102b67db7e0cede85d9a6351","admin/broadleaf-open-admin-platform/src/main/java/org/broadleafcommerce/openadmin/web/handler/AdminNavigationHandlerMapping.java","6","0","1","1","41","84","0"
"BroadleafCommerce","efc71736d6f8dca2f907a57445e14bba8e752f93","admin/broadleaf-open-admin-platform/src/main/java/org/broadleafcommerce/openadmin/web/handler/AdminNavigationHandlerMapping.java","6","0","1","1","42","86","0"
"netty","af4b71a00e30faf86ef1c2365e965e8f04f65bee","codec/src/main/java/io/netty/handler/codec/MessageToMessageEncoder.java","6","0","1","1","44","98","0"
"elasticsearch","1bdf4a2c5b15ada1c76cb6981677b2525327f74c","core/src/test/java/org/elasticsearch/search/aggregations/metrics/FiltersTests.java","6","0","1","1","46","77","2"
"elasticsearch","b49635539d929d6cb5ee56153e2f95872fe4bb16","modules/lang-painless/src/main/java/org/elasticsearch/painless/node/LBrace.java","6","0","1","1","47","86","1"
"elasticsearch","cde83e363aac2195c2dc0f81bbe348bcfe8b4152","modules/lang-painless/src/main/java/org/elasticsearch/painless/node/LBrace.java","6","0","1","1","47","86","1"
"elasticsearch","1424f09c02927d9caada7f6ea45285b411d88d12","modules/lang-painless/src/main/java/org/elasticsearch/painless/node/LBrace.java","6","0","1","1","47","86","0"
"titan","4d4700f2228f768450954df98aa8af68df125e2f","titan-test/src/test/java/com/thinkaurelius/titan/graphdb/VertexListTest.java","6","0","1","1","49","69","0"
"elasticsearch","3f06d9f3b8516bb30a2890a36c2973f08f9c6076","modules/lang-painless/src/main/java/org/elasticsearch/painless/node/LBrace.java","6","0","1","1","49","88","0"
"elasticsearch","b49635539d929d6cb5ee56153e2f95872fe4bb16","modules/lang-painless/src/main/java/org/elasticsearch/painless/node/LVariable.java","6","0","1","1","49","90","1"
"oryx","a5dc2b87597001cbb938d89ea7160d6e303d2505","framework/oryx-lambda-serving/src/main/java/com/cloudera/oryx/lambda/serving/ErrorResource.java","6","0","1","1","56","87","0"
"elasticsearch","a2d07058e8557539e843fc3c2cace23b56512344","src/main/java/org/elasticsearch/action/admin/indices/settings/get/TransportGetSettingsAction.java","6","0","1","1","62","95","4"
"elasticsearch","b4c3bb5d214462532a50a1939b6692dbcbd25533","core/src/main/java/org/elasticsearch/cli/EnvironmentAwareCommand.java","6","0","1","1","62","98","0"
"hazelcast","57535284ee668e1e195cbd884184b6bb8d3641ff","hazelcast/src/main/java/com/hazelcast/client/MultiTargetClientRequest.java","6","0","1","1","63","99","0"
"elasticsearch","8dedbd01df14c76fc8f1ac9060facc053fa2be9b","src/main/java/org/elasticsearch/action/admin/indices/settings/get/TransportGetSettingsAction.java","6","0","1","1","65","99","3"
"elasticsearch","06417a85e09543c870e692b774985ca738bfa828","src/main/java/org/elasticsearch/action/admin/cluster/snapshots/get/TransportGetSnapshotsAction.java","6","0","1","1","66","98","6"
"oryx","d16f89b25fc5e12f94af6432274c66e0394c1743","app/oryx-app-serving/src/main/java/com/cloudera/oryx/app/serving/als/EstimateForAnonymous.java","6","0","1","1","68","112","0"
"elasticsearch","10ec2e948a2f1426a5058ca3b2c2e39952f141d8","src/main/java/org/elasticsearch/action/admin/cluster/snapshots/get/TransportGetSnapshotsAction.java","6","0","1","1","69","102","2"
"elasticsearch","2e2e345dcb90e1ec1c48c6bb5348469fc514aea1","src/main/java/org/elasticsearch/action/admin/indices/settings/get/TransportGetSettingsAction.java","6","0","1","1","69","104","5"
"elasticsearch","b75d1d885a4f56edf8d1b8cd393298588fbd0123","src/main/java/org/elasticsearch/action/admin/indices/settings/get/TransportGetSettingsAction.java","6","0","1","1","69","104","3"
"elasticsearch","adc0807c686b37bf1d96bd3eb9d26face380fe44","src/main/java/org/elasticsearch/action/admin/indices/settings/get/TransportGetSettingsAction.java","6","0","1","1","69","104","0"
"oryx","fb42815a896689463ed02f27a49d9145ca239fe7","app/oryx-app-serving/src/main/java/com/cloudera/oryx/app/serving/als/EstimateForAnonymous.java","6","0","1","1","70","114","0"
"elasticsearch","aadbfa44b4b9ed2a544ca6766d387f66e9272f9a","src/main/java/org/elasticsearch/action/search/type/TransportSearchQueryAndFetchAction.java","6","0","1","1","71","104","0"
"oryx","2a54e16bc0e4d2def6decfc03b2a56b5e481308d","app/oryx-app-serving/src/main/java/com/cloudera/oryx/app/serving/als/EstimateForAnonymous.java","6","0","1","1","72","121","0"
"elasticsearch","371c73e14023917f3892090d2d3d7ff9ac1216b9","core/src/main/java/org/elasticsearch/action/admin/cluster/snapshots/restore/TransportRestoreSnapshotAction.java","6","0","1","1","77","113","3"
"elasticsearch","42a7a554b1d279f102a2e0842279bd927bb8e711","core/src/main/java/org/elasticsearch/action/admin/cluster/snapshots/restore/TransportRestoreSnapshotAction.java","6","0","1","1","77","113","1"
"elasticsearch","78574d248cf10dad1c5a566fda79e1e0c94afe43","core/src/main/java/org/elasticsearch/action/admin/cluster/snapshots/restore/TransportRestoreSnapshotAction.java","6","0","1","1","77","113","2"
"elasticsearch","e6aaaf11ed4a1b8f595f920de1840938eddb7a97","core/src/main/java/org/elasticsearch/action/admin/cluster/snapshots/restore/TransportRestoreSnapshotAction.java","6","0","1","1","77","113","2"
"elasticsearch","a60b8948ba1d836a6eac7cff095519e618939ed8","core/src/main/java/org/elasticsearch/action/admin/cluster/snapshots/restore/TransportRestoreSnapshotAction.java","6","0","1","1","77","113","0"
"neo4j","291436fa1b5694916e8dccd4cde6078303f55baf","community/kernel/src/main/java/org/neo4j/kernel/impl/util/DiffApplyingPrimitiveIntIterator.java","6","0","1","1","83","120","1"
"elasticsearch","b82e2c7083c7aae6b22d9103bb7133d63be3a39e","src/main/java/org/elasticsearch/action/admin/indices/flush/TransportFlushAction.java","6","0","1","1","90","133","4"
"elasticsearch","10ec2e948a2f1426a5058ca3b2c2e39952f141d8","src/main/java/org/elasticsearch/action/admin/indices/flush/TransportFlushAction.java","6","0","1","1","92","136","2"
"elasticsearch","889db1c824d8c573835e8cbadd0c6f3ba25f8fcd","src/test/java/org/elasticsearch/discovery/DiscoveryWithNetworkFailuresTests.java","6","0","1","1","95","146","1"
"elasticsearch","6941966b1654106ed9249cd01c32bfa2e06b452f","core/src/test/java/org/elasticsearch/cluster/SimpleClusterStateIT.java","6","0","1","10","157","217","0"
"neo4j","52abb7d8bb68818a8f385d2c8787f55dbabf485c","community/server/src/main/java/org/neo4j/server/rest/web/TransactionalService.java","6","0","1","10","205","252","1"
"neo4j","67cd4775e754938eddcee58eeca874bfe889b9d0","community/server/src/main/java/org/neo4j/server/rest/web/TransactionalService.java","6","0","1","10","212","260","0"
"neo4j","fc529ced921544da8b5952a52468b9172485e9e8","community/server/src/main/java/org/neo4j/server/rest/web/TransactionalService.java","6","0","1","10","212","260","0"
"neo4j","96b75bb344012a256b80b3e34629e9c7ad045396","community/server/src/main/java/org/neo4j/server/rest/web/TransactionalService.java","6","0","1","10","212","260","1"
"hazelcast","18d0a5c1d1e1fdc67b53a6aee84c1d03c4a8dcb0","hazelcast/src/test/java/com/hazelcast/scheduledexecutor/ScheduledExecutorServiceTestSupport.java","6","0","1","10","225","319","1"
"elasticsearch","c13f5f21de04b37a79d854a3ef2b976f4ed247b7","src/test/java/org/elasticsearch/search/fields/SearchFieldsTests.java","6","0","1","10","436","541","1"
"hazelcast","a99af272a5d855f954b9215ad645084e5d192b13","hazelcast/src/main/java/com/hazelcast/queue/QueueEventFilter.java","6","0","1","10","50","87","1"
"elasticsearch","2b03bc83a40e470c977564195f6dcc2c208710d1","src/main/java/org/elasticsearch/common/lucene/search/function/BoostScoreFunction.java","6","0","1","10","53","93","1"
"hazelcast","a99af272a5d855f954b9215ad645084e5d192b13","hazelcast/src/main/java/com/hazelcast/collection/CollectionEventFilter.java","6","0","1","10","55","90","1"
"elasticsearch","2172e604197a2740150b2db9f5139486f4d0a9fd","core/src/main/java/org/elasticsearch/transport/TransportRequestOptions.java","6","0","1","10","57","96","1"
"hazelcast","7001ec8c5b1305c796de75c2e3f170c562db8c03","hazelcast/src/main/java/com/hazelcast/cache/impl/operation/CacheClearOperation.java","6","0","1","10","68","106","0"
"hazelcast","84fa14858f7deb9c45eca8bc006836a2aa705e15","hazelcast-wm/src/main/java/com/hazelcast/web/entryprocessor/DeleteSessionEntryProcessor.java","6","0","1","10","71","107","2"
"elasticsearch","534f487de3edd7b6a4ca6d6aed7bdbc5b0ae2b7a","src/main/java/org/elasticsearch/action/search/type/TransportSearchCache.java","6","0","1","10","74","116","1"
"elasticsearch","9ca5e6e3e12cf4f13eb6ed0140d9073ba89c61c9","src/main/java/org/elasticsearch/indices/recovery/RecoveryStatus.java","6","0","1","10","76","116","2"
"hazelcast","3cc13b14fba6b8e6e2ab9149c8d17561a29c537f","hazelcast/src/main/java/com/hazelcast/collection/impl/txnqueue/operations/TxnCommitOperation.java","6","0","1","10","80","118","1"
"hazelcast","67235ce99477aeeecc86d225926b6456b7ceef20","hazelcast/src/main/java/com/hazelcast/collection/impl/txnqueue/operations/TxnCommitOperation.java","6","0","1","10","80","118","1"
"hazelcast","a46aa8502977bde24649cec3b52fbb065d6f480f","hazelcast/src/main/java/com/hazelcast/collection/impl/txnqueue/operations/TxnCommitOperation.java","6","0","1","10","80","118","1"
"hazelcast","5009d4a90be3c901942a0a89cf29a92c074231f1","hazelcast/src/main/java/com/hazelcast/collection/impl/txnqueue/operations/TxnCommitOperation.java","6","0","1","10","80","118","0"
"hazelcast","e7c312280062991ae79e7194e151e12ea3aa2897","hazelcast/src/main/java/com/hazelcast/collection/impl/txnqueue/operations/TxnCommitOperation.java","6","0","1","10","80","118","0"
"hazelcast","5009d4a90be3c901942a0a89cf29a92c074231f1","hazelcast/src/main/java/com/hazelcast/collection/impl/txncollection/CollectionTransactionLogRecord.java","6","0","1","10","94","131","0"
"elasticsearch","78574d248cf10dad1c5a566fda79e1e0c94afe43","core/src/main/java/org/elasticsearch/action/admin/cluster/allocation/NodeExplanation.java","6","0","1","11","112","146","1"
"elasticsearch","e6aaaf11ed4a1b8f595f920de1840938eddb7a97","core/src/main/java/org/elasticsearch/action/admin/cluster/allocation/NodeExplanation.java","6","0","1","11","112","146","1"
"elasticsearch","a60b8948ba1d836a6eac7cff095519e618939ed8","core/src/main/java/org/elasticsearch/action/admin/cluster/allocation/NodeExplanation.java","6","0","1","11","112","146","0"
"elasticsearch","fdf2bb93716c2a6f2b0d0785df386ecd414994c4","src/main/java/org/elasticsearch/search/aggregations/bucket/significant/SignificantStringTerms.java","6","0","1","11","130","178","0"
"elasticsearch","d8cd75544536a211fa5c66e190aa4313213f0308","src/main/java/org/elasticsearch/search/aggregations/bucket/significant/SignificantStringTerms.java","6","0","1","11","131","179","1"
"hazelcast","ebc6f8c79327f0bbdda4f8338e37d9d74f75ff64","hazelcast/src/test/java/com/hazelcast/map/IssuesTest.java","6","0","1","11","245","307","0"
"hazelcast","7fbe793dbc598c07cd92080cfcc997a6389b6b73","hazelcast/src/test/java/com/hazelcast/map/IssuesTest.java","6","0","1","11","254","316","1"
"hazelcast","42dd3075109d59f1b6847b7a6165b609299cc9d3","hazelcast-wm/src/main/java/com/hazelcast/web/entryprocessor/DeleteSessionEntryProcessor.java","6","0","1","11","74","111","1"
"elasticsearch","01ca81e2a37c9cd38c6dc44ae567d427c059dbe0","src/main/java/org/elasticsearch/indices/recovery/RecoveryStatus.java","6","0","1","11","84","125","1"
"netty","ba6ce5449ee852b782dde9a11933f6a09b123e22","codec-http/src/main/java/io/netty/handler/codec/http/DefaultLastHttpContent.java","6","0","1","11","90","128","0"
"elasticsearch","5d6e84f206c85476d25e4b26e7998db2067e3bac","modules/elasticsearch/src/main/java/org/elasticsearch/index/mapper/xcontent/geo/SingleValueGeoPointFieldData.java","6","0","1","11","92","135","1"
"netty","e6ca9882a107c34cf6358c8d7a68561025f06016","codec-http/src/main/java/io/netty/handler/codec/http/DefaultLastHttpContent.java","6","0","1","11","94","135","1"
"elasticsearch","cde83e363aac2195c2dc0f81bbe348bcfe8b4152","modules/lang-painless/src/test/java/org/elasticsearch/painless/CompoundAssignmentTests.java","6","0","1","12","204","320","1"
"hazelcast","5c695f915d3d5ec0116cccdbde70b3551f5dcb5a","hazelcast/src/test/java/com/hazelcast/cache/CacheFromDifferentNodesTest.java","6","0","1","12","215","274","0"
"hazelcast","49bc95f245df5503b44ba497a51ae534883f2f4f","hazelcast/src/test/java/com/hazelcast/cache/CacheFromDifferentNodesTest.java","6","0","1","12","219","278","1"
"elasticsearch","bbf8f3499b32e0ccf5441f5ae54e09e1a93af3ab","core/src/test/java/org/elasticsearch/indices/analysis/AnalysisModuleTests.java","6","0","1","12","238","321","1"
"elasticsearch","5a64f08f048461a63a0ca1354a5050c954e63d52","core/src/test/java/org/elasticsearch/index/IndexServiceTests.java","6","0","1","12","252","331","0"
"elasticsearch","25fd9e26c4fb042d6f6dea14efcd239577bdbbc4","core/src/main/java/org/apache/lucene/store/StoreRateLimiting.java","6","0","1","12","56","94","0"
"elasticsearch","56cc87b7ccd41040d8fafcaf2da3680d96d10839","core/src/main/java/org/apache/lucene/store/StoreRateLimiting.java","6","0","1","12","56","94","0"
"elasticsearch","c25eb7defe0e8698ae36fb7abb515f8564c2d0eb","src/main/java/org/apache/lucene/store/StoreRateLimiting.java","6","0","1","12","56","94","0"
"elasticsearch","d5da8f22fff379604c29777735cb94588824af2b","src/main/java/org/apache/lucene/store/StoreRateLimiting.java","6","0","1","12","56","94","1"
"orientdb","1e118bb70cd79f6c0a9146563e487a477ec555e0","core/src/main/java/com/orientechnologies/orient/core/sql/OCommandExecutorSQLDelegate.java","6","0","1","12","77","122","0"
"hazelcast","84fa14858f7deb9c45eca8bc006836a2aa705e15","hazelcast-wm/src/main/java/com/hazelcast/web/entryprocessor/SessionUpdateEntryProcessor.java","6","0","1","12","89","129","2"
"titan","343cb98a1c918e3a8e9262b337388112c888c325","src/main/java/com/thinkaurelius/faunus/formats/rexster/RexsterConfiguration.java","6","0","1","12","92","123","0"
"hazelcast","70d4de16ff0ac4518d09aad8c9f2ad9e782fb337","hazelcast/src/main/java/com/hazelcast/mapreduce/impl/SetKeyValueSource.java","6","0","1","13","107","153","1"
"hazelcast","70d4de16ff0ac4518d09aad8c9f2ad9e782fb337","hazelcast/src/main/java/com/hazelcast/mapreduce/impl/ListKeyValueSource.java","6","0","1","13","107","154","1"
"hazelcast","d568e4d926d925d57d4e79e34614390416749301","hazelcast/src/main/java/com/hazelcast/mapreduce/impl/SetKeyValueSource.java","6","0","1","13","109","155","0"
"hazelcast","d568e4d926d925d57d4e79e34614390416749301","hazelcast/src/main/java/com/hazelcast/mapreduce/impl/ListKeyValueSource.java","6","0","1","13","109","156","0"
"hazelcast","d568e4d926d925d57d4e79e34614390416749301","hazelcast/src/main/java/com/hazelcast/mapreduce/impl/MapKeyValueSource.java","6","0","1","13","112","159","0"
"hazelcast","70d4de16ff0ac4518d09aad8c9f2ad9e782fb337","hazelcast/src/main/java/com/hazelcast/mapreduce/impl/MapKeyValueSource.java","6","0","1","13","112","160","1"
"elasticsearch","0a69f1e283e26e5d9e6a000b68b9f4778de557a1","core/src/test/java/org/elasticsearch/index/IndexServiceTests.java","6","0","1","13","256","337","2"
"orientdb","32bcab3904ae06f31e694dacebdb04af0e807381","core/src/main/java/com/orientechnologies/orient/core/sql/parser/OProjectionItem.java","6","0","1","13","61","85","1"
"hazelcast","42dd3075109d59f1b6847b7a6165b609299cc9d3","hazelcast-wm/src/main/java/com/hazelcast/web/entryprocessor/SessionUpdateEntryProcessor.java","6","0","1","13","92","133","1"
"neo4j","c4b73f41c621dadf3c18b9f1bb9785f69932d05f","community/kernel/src/main/java/org/neo4j/kernel/impl/api/store/LegacyStorePropertyCursor.java","6","0","1","13","95","140","1"
"elasticsearch","79939222e465543f128fd6b1d46c06eefee7c1ef","modules/elasticsearch/src/main/java/org/elasticsearch/search/facet/geodistance/InternalGeoDistanceFacet.java","6","0","1","14","106","153","0"
"elasticsearch","cea8c5fefa1429e44963ea51dde4ef18dc8024d9","modules/elasticsearch/src/main/java/org/elasticsearch/search/facet/geodistance/InternalGeoDistanceFacet.java","6","0","1","14","114","161","0"
"orientdb","7a678522a2d83448543bc75d7360ac0857529727","server/src/main/java/com/orientechnologies/orient/server/distributed/task/OUpdateRecordTask.java","6","0","1","14","118","173","0"
"orientdb","50bb0365603295268745639338630da96d9c93fc","server/src/main/java/com/orientechnologies/orient/server/distributed/task/OUpdateRecordTask.java","6","0","1","14","119","174","0"
"hazelcast","a476ebc118a4c2591a6901e9d093456450e8c205","hazelcast/src/main/java/com/hazelcast/topic/impl/TopicService.java","6","0","1","14","123","164","0"
"hazelcast","da19a121b3e6e1e0898c272d906d8784568c0ac9","hazelcast/src/main/java/com/hazelcast/topic/impl/TopicService.java","6","0","1","14","123","164","0"
"hazelcast","6474545aa5329fefb6b8aca3d96457f3fd89c46c","hazelcast/src/main/java/com/hazelcast/topic/impl/TopicService.java","6","0","1","14","123","164","1"
"hazelcast","b0ce34b9ecddab5119836b79b2cecb428664b121","hazelcast/src/main/java/com/hazelcast/topic/impl/TopicService.java","6","0","1","14","124","165","1"
"hazelcast","ea1c884a2094d673643c44a0e98c44f3b44527b1","hazelcast/src/main/java/com/hazelcast/topic/impl/TopicService.java","6","0","1","14","124","165","2"
"hazelcast","f256296d39020e8a85f8b0e2a76b646501e84e7b","hazelcast/src/main/java/com/hazelcast/topic/impl/TopicService.java","6","0","1","14","124","165","1"
"hazelcast","53d96a2042e1c7fa0fe1ccb1ae1a0c152ce97c34","hazelcast/src/main/java/com/hazelcast/topic/impl/TopicService.java","6","0","1","14","124","165","0"
"elasticsearch","768e1c20120b921090a7e9bc439aa42c49999bbb","src/main/java/org/elasticsearch/index/translog/fs/SimpleFsTranslogFile.java","6","0","1","14","139","186","1"
"neo4j","4d3b5cd40762b26828c47787e6547cc1ea90238b","community/kernel/src/main/java/org/neo4j/kernel/impl/api/store/StoreStatement.java","6","0","1","14","206","256","0"
"elasticsearch","cebad703feb6e008af2de74503e36730394f854e","core/src/test/java/org/elasticsearch/indices/analysis/AnalysisModuleTests.java","6","0","1","14","263","349","2"
"hazelcast","e3a3a38f3f1919020eb5243c31045b0f22361cdd","hazelcast/src/main/java/com/hazelcast/map/tx/TxnSetOperation.java","6","0","1","14","93","133","2"
"hazelcast","1c1d2f253af23a9e61cae30d311ee6cd257fdac2","hazelcast/src/main/java/com/hazelcast/internal/networking/AbstractChannel.java","6","0","1","14","95","139","1"
"hazelcast","3d361d8a281aa07a4b858d91717bd1fbc1e3d899","hazelcast/src/main/java/com/hazelcast/topic/impl/TopicService.java","6","0","1","15","130","171","0"
"hazelcast","5c0ce742b8cd96eaf7fa17455a73558f1444ee28","hazelcast/src/main/java/com/hazelcast/topic/impl/TopicService.java","6","0","1","15","132","175","1"
"elasticsearch","96724e198adc829da8032a55c6cc04811226a261","core/src/main/java/org/elasticsearch/cluster/action/index/NodeIndexDeletedAction.java","6","0","1","15","139","194","0"
"elasticsearch","2c510f0689b34e71db91f14fba3f03463c379e24","src/main/java/org/elasticsearch/index/translog/fs/SimpleFsTranslogFile.java","6","0","1","15","143","192","0"
"elasticsearch","f32f35bec4e103a6f5eb347895bbf73bec0fdf76","core/src/main/java/org/elasticsearch/cluster/action/index/NodeIndexDeletedAction.java","6","0","1","15","144","200","1"
"neo4j","e5ea526b14ce752e94a5460b1c85bf4567d8f97d","community/kernel/src/test/java/org/neo4j/test/TestGraphDatabaseFactory.java","6","0","1","15","254","321","1"
"elasticsearch","7feb742a9b3e8a5bceaaf77e2767d116a858d07d","src/main/java/org/elasticsearch/search/lookup/DocLookup.java","6","0","1","16","102","151","0"
"hazelcast","65df300ddcacf2cee04f1eee8f75731e147decbf","hazelcast-client-legacy/src/main/java/com/hazelcast/client/proxy/AbstractClientCollectionProxy.java","6","0","1","16","165","213","1"
"hazelcast","623ff1855aa985aa276e8395aabf0b534c7a36c3","hazelcast-client-legacy/src/main/java/com/hazelcast/client/proxy/AbstractClientCollectionProxy.java","6","0","1","16","166","214","0"
"neo4j","13e3d20860f871d1c13c10429f2d4d31d6180c8b","community/kernel/src/main/java/org/neo4j/kernel/impl/api/store/StoreStatement.java","6","0","1","16","233","285","1"
"neo4j","c3a5cbf00866abb108bf34ce2e0680026fdd2025","community/kernel/src/test/java/org/neo4j/test/TestGraphDatabaseFactory.java","6","0","1","16","264","333","0"
"neo4j","990fe648c6b49f319a515dd6b0757553c483ab11","enterprise/ha/src/main/java/org/neo4j/kernel/ha/MasterClient210.java","6","0","1","16","295","360","0"
"elasticsearch","302c7a521adec8da71192bd9a82113537eac154c","core/src/test/java/org/elasticsearch/indices/analysis/AnalysisModuleTests.java","6","0","1","16","295","382","0"
"neo4j","cc0ba94bf17cf529234b73be115bf369e7de0c55","enterprise/ha/src/main/java/org/neo4j/kernel/ha/MasterClient210.java","6","0","1","16","297","362","0"
"elasticsearch","d1cfe0e7cd3562a26461f5137d11396ae979d683","modules/lang-groovy/src/test/java/org/elasticsearch/messy/tests/ExtendedStatsTests.java","6","0","1","18","511","604","2"
"BroadleafCommerce","024e2cd7532a2662f5a6bf6f21876f03bcbccb0a","admin/broadleaf-open-admin-platform/src/main/java/org/broadleafcommerce/openadmin/server/service/persistence/module/criteria/FilterMapping.java","6","0","1","18","99","147","0"
"hazelcast","0880710f355f33d03b8d928ec9d22a0ff4f1ca52","hazelcast/src/main/java/com/hazelcast/internal/nearcache/impl/record/AbstractNearCacheRecord.java","6","0","1","19","103","151","2"
"elasticsearch","9c9cd01854d4343b11314d58b82c00f1de335f8a","src/main/java/org/elasticsearch/search/lookup/DocLookup.java","6","0","1","19","112","165","2"
"elasticsearch","d0835715c2704aeb9600f1c203bd591a8b77ee68","core/src/test/java/org/elasticsearch/test/ESAllocationTestCase.java","6","0","1","19","121","168","1"
"BroadleafCommerce","401247ccbb1691fb0817c6b055d425d469bd572d","core/broadleaf-framework/src/main/java/org/broadleafcommerce/core/catalog/dao/CategoryDaoImpl.java","6","0","1","19","182","244","0"
"BroadleafCommerce","0531e797ba9cf5d4d95382230b06e1dd349145d8","core/broadleaf-framework/src/main/java/org/broadleafcommerce/core/catalog/dao/CategoryDaoImpl.java","6","0","1","19","186","248","1"
"neo4j","ffe82c7dd3a4ada517891073803f2ecfd3e43623","community/kernel/src/main/java/org/neo4j/kernel/impl/coreapi/PropertyContainerLocker.java","6","0","1","2","107","139","1"
"BroadleafCommerce","e216da5ebb303680f5c60ffcd75979f5876ab5a6","admin/broadleaf-admin-module/src/main/java/org/broadleafcommerce/admin/web/controller/entity/AdminCategoryController.java","6","0","1","2","110","155","0"
"neo4j","0d843f05ae6a0785ff68416331440d96b0ab20c3","enterprise/causal-clustering/src/main/java/org/neo4j/causalclustering/discovery/procedures/ClusterOverviewProcedure.java","6","0","1","2","121","166","1"
"neo4j","eba75807921f179c3761681f289a1a6e4fbcfe75","enterprise/causal-clustering/src/main/java/org/neo4j/causalclustering/discovery/procedures/ClusterOverviewProcedure.java","6","0","1","2","123","168","0"
"elasticsearch","d2507c4ac0477f28b441f83eeac07786fb8f42b4","core/src/test/java/org/elasticsearch/cluster/routing/allocation/ExpectedShardSizeAllocationTests.java","6","0","1","2","135","180","0"
"orientdb","29964e18d3f20ef8409d58a0ad25afd89452e2d8","core/src/main/java/com/orientechnologies/orient/core/sql/method/misc/OSQLMethodAsBoolean.java","6","0","1","2","27","55","1"
"orientdb","fe908a5f0ac2bbe16a32f7b73a05b6471afc7ee4","core/src/main/java/com/orientechnologies/orient/core/index/OCompositeIndexCursor.java","6","0","1","2","29","61","0"
"hazelcast","a43f8ee8ca77bddba7a0b7c0a5422bc2ee7b1788","hazelcast/src/main/java/com/hazelcast/internal/ascii/memcache/EntryConverter.java","6","0","1","2","32","59","0"
"elasticsearch","1fc37e59547ba544ab1a4677f2622c9e39b26313","src/main/java/org/elasticsearch/index/store/distributor/LeastUsedDistributor.java","6","0","1","2","33","62","1"
"BroadleafCommerce","4a616b68956d66cd2e6de90cabf8976f48713a74","common/src/main/java/org/broadleafcommerce/common/util/ValidationUtil.java","6","0","1","2","34","65","0"
"orientdb","2e92adbb7c6035107fb50acc65d42371ebae4e42","core/src/main/java/com/orientechnologies/orient/core/sql/method/misc/OSQLMethodFormat.java","6","0","1","2","34","67","1"
"elasticsearch","1fc37e59547ba544ab1a4677f2622c9e39b26313","src/main/java/org/elasticsearch/index/store/distributor/RandomWeightedDistributor.java","6","0","1","2","35","69","1"
"hazelcast","5032b0529d0c0900e5bea5b2fb5008b7b5df776a","hazelcast/src/main/java/com/hazelcast/client/ClientHeartbeatMonitor.java","6","0","1","2","39","51","0"
"orientdb","39a8884d03c0bc49b8ecf655a22fe80646afa1e6","spatial/src/main/java/com/orientechnologies/spatial/shape/legacy/ORectangleLegacyBuilder.java","6","0","1","2","44","56","0"
"elasticsearch","4a15106d6a76d7e506c4966b6b5bafceca3853c9","src/main/java/org/elasticsearch/index/analysis/EdgeNGramTokenFilterFactory.java","6","0","1","2","44","80","0"
"elasticsearch","5b8b15e729d022ac816098c40f401ba25ce7e2e0","core/src/test/java/org/elasticsearch/common/transport/BoundTransportAddressTests.java","6","0","1","2","46","82","0"
"neo4j","8c631e32f9b356043c651d9fff455cd36ca7d59c","community/kernel/src/main/java/org/neo4j/kernel/configuration/ConfigurationValidator.java","6","0","1","2","47","83","1"
"elasticsearch","555ececaa914aefd8aa1d319695e08744cae0e89","src/main/java/org/elasticsearch/index/analysis/KeepWordFilterFactory.java","6","0","1","2","49","108","0"
"elasticsearch","b6a9bd9a31862bf4f73efd0009727134b91c4f27","src/main/java/org/elasticsearch/cluster/routing/allocation/decider/DisableAllocationDecider.java","6","0","1","2","50","81","0"
"BroadleafCommerce","b57cf619529d3f39586c0ec9f85f59cb21c1a003","admin/broadleaf-admin-module/src/main/java/org/broadleafcommerce/admin/server/service/handler/ProductOptionsCustomPersistenceHandler.java","6","0","1","2","51","102","2"
"titan","ac746d5753151c1904efda645429fca6a9086231","titan-core/src/main/java/com/thinkaurelius/titan/graphdb/transaction/VertexIterable.java","6","0","1","2","51","68","1"
"BroadleafCommerce","b59692373bd2e17a0ce87ea0127e54b35e0d24d8","core/broadleaf-framework/src/main/java/org/broadleafcommerce/core/catalog/dao/SearchFacetRangeCustomPersistenceHandler.java","6","0","1","2","51","87","0"
"elasticsearch","481ef7d3f4259dd53c62faac137f0bfa1f8e206c","src/main/java/org/elasticsearch/rest/action/admin/indices/settings/RestUpdateSettingsAction.java","6","0","1","2","55","88","0"
"netty","9a183ec38f27ccc1dc541d9a5e6a6cc541a6b0b0","codec-dns/src/main/java/io/netty/handler/codec/dns/DefaultDnsRecordEncoder.java","6","0","1","2","55","92","1"
"netty","6bf7e2438916bc666d49940af1ff18c68e9d79da","codec-dns/src/main/java/io/netty/handler/codec/dns/DefaultDnsRecordEncoder.java","6","0","1","2","55","96","0"
"orientdb","5499f443102cace2dfa66d6bb93b5715bc0a6393","lucene/src/test/java/com/orientechnologies/lucene/tests/OLuceneBaseTest.java","6","0","1","2","55","97","0"
"netty","e61a9ce7c17011a9b2b052a31207191eba543266","common/src/main/java/io/netty/util/internal/DetectionUtil.java","6","0","1","2","56","101","0"
"elasticsearch","4a15106d6a76d7e506c4966b6b5bafceca3853c9","src/main/java/org/elasticsearch/index/analysis/EdgeNGramTokenizerFactory.java","6","0","1","2","56","94","0"
"elasticsearch","9ee08dbb0b247afb881431df0c313024eb768747","plugins/discovery-ec2/src/test/java/org/elasticsearch/cloud/aws/AbstractAwsTestCase.java","6","0","1","2","56","96","1"
"elasticsearch","13a347239a48d71486692a72c066e940dec8921b","plugins/cloud-aws/src/test/java/org/elasticsearch/cloud/aws/AbstractAwsTest.java","6","0","1","2","58","99","2"
"elasticsearch","ab555e0a33d533a708e8e6d78a8e48d797f339ff","src/main/java/org/elasticsearch/rest/action/admin/cluster/state/RestClusterStateAction.java","6","0","1","2","59","94","2"
"elasticsearch","93beea1f670f1e0d53bc3fd3ee671bc235d5f1aa","core/src/main/java/org/elasticsearch/rest/action/admin/cluster/state/RestClusterStateAction.java","6","0","1","2","61","98","0"
"elasticsearch","9ca5e6e3e12cf4f13eb6ed0140d9073ba89c61c9","src/test/java/org/elasticsearch/test/ElasticsearchBackwardsCompatIntegrationTest.java","6","0","1","2","62","129","1"
"elasticsearch","7adf9929bae22049d157676756b49597bca98426","plugins/cloud-aws/src/test/java/org/elasticsearch/cloud/aws/AbstractAwsTest.java","6","0","1","2","63","105","1"
"elasticsearch","1584c73e4a85037ce83744a384805f234b288548","src/main/java/org/elasticsearch/search/aggregations/bucket/BucketsAggregator.java","6","0","1","2","63","117","1"
"elasticsearch","2b3760f78b26817b5a2030aa27b1ddf2f17462f6","core/src/main/java/org/elasticsearch/rest/action/admin/indices/RestUpdateSettingsAction.java","6","0","1","2","63","95","1"
"elasticsearch","4040f194f528c76c88be70b119cf9d7d6fcea99b","plugins/cloud-aws/src/test/java/org/elasticsearch/cloud/aws/AbstractAwsTest.java","6","0","1","2","64","106","0"
"BroadleafCommerce","c60b27b5e87385a5ef951c93e5a55ad41755e45b","admin/broadleaf-admin-module/src/main/java/org/broadleafcommerce/admin/server/service/handler/CategoryCustomPersistenceHandler.java","6","0","1","2","65","97","1"
"BroadleafCommerce","ecc12e99d9fa9389197682b0dfe848a91b04295f","admin/broadleaf-open-admin-platform/src/main/java/org/broadleafcommerce/openadmin/server/service/persistence/ArchiveStatusPersistenceEventHandler.java","6","0","1","2","66","100","0"
"elasticsearch","18d45b2d5c86cddd11dacbbf6463b122765ca373","plugins/discovery-azure/src/main/java/org/elasticsearch/cloud/azure/management/AzureComputeServiceImpl.java","6","0","1","2","66","103","2"
"elasticsearch","130fdef367bd1f49e618d7dd1f2529d74d959940","src/test/java/org/elasticsearch/codecs/CodecTests.java","6","0","1","2","66","105","0"
"elasticsearch","7ab0e2c5321c802068d85c0fa3a0f44e0b02c5a4","core/src/main/java/org/elasticsearch/rest/action/count/RestCountAction.java","6","0","1","2","66","96","1"
"BroadleafCommerce","6ad67d810e4c01547a89ee47d5fd354f6eb7f3a0","admin/broadleaf-admin-module/src/main/java/org/broadleafcommerce/admin/server/service/handler/CategoryCustomPersistenceHandler.java","6","0","1","2","66","98","1"
"elasticsearch","51d53791fe71c9cb62bc992588a57cdfb500383f","core/src/main/java/org/elasticsearch/rest/action/admin/indices/RestUpdateSettingsAction.java","6","0","1","2","67","101","0"
"elasticsearch","3ab85bacdd4b6f6e637e23be19de3a86001026df","src/main/java/org/elasticsearch/rest/action/main/RestMainAction.java","6","0","1","2","67","99","1"
"elasticsearch","c557663b90dc3ac3f0ae7391cb6eac543812a946","plugins/discovery-azure/src/main/java/org/elasticsearch/cloud/azure/management/AzureComputeServiceImpl.java","6","0","1","2","69","113","0"
"BroadleafCommerce","e216da5ebb303680f5c60ffcd75979f5876ab5a6","admin/broadleaf-admin-module/src/main/java/org/broadleafcommerce/admin/server/service/handler/ProductOptionValuesCustomPersistenceHandler.java","6","0","1","2","70","102","0"
"elasticsearch","e424701819b87237e8270c434cf88df390e4c3c8","core/src/main/java/org/elasticsearch/rest/action/admin/cluster/node/info/RestNodesInfoAction.java","6","0","1","2","70","113","0"
"hazelcast","c99737523eb1e3b576d2f4fd450916bb708aff50","hazelcast/src/main/java/com/hazelcast/map/impl/nearcache/invalidation/MemberMapMetaDataFetcher.java","6","0","1","2","71","102","1"
"elasticsearch","532806af1a8521b11ab60f1a52374c32c7e8b387","core/src/main/java/org/elasticsearch/rest/action/admin/cluster/node/info/RestNodesInfoAction.java","6","0","1","2","71","114","1"
"hazelcast","f338e3197a1cd79ad614f50e87c829a7ff0aa54c","hazelcast/src/main/java/com/hazelcast/client/impl/client/MultiTargetClientRequest.java","6","0","1","2","72","109","0"
"hazelcast","a7ec759936b5ee731affea3d124296616924c2d4","hazelcast/src/main/java/com/hazelcast/map/impl/nearcache/invalidation/MemberMapMetaDataFetcher.java","6","0","1","2","73","104","0"
"elasticsearch","bd9a5bfa0c67097ec1bd03f008bacc2cd2dd11c7","src/main/java/org/elasticsearch/rest/action/search/RestMultiSearchAction.java","6","0","1","2","73","106","0"
"hazelcast","7344e8b8055e1169b00710f926e4c64a514c18be","hazelcast/src/main/java/com/hazelcast/client/impl/client/MultiTargetClientRequest.java","6","0","1","2","74","112","1"
"elasticsearch","51d53791fe71c9cb62bc992588a57cdfb500383f","core/src/main/java/org/elasticsearch/rest/action/search/RestExplainAction.java","6","0","1","2","76","148","0"
"elasticsearch","2b3760f78b26817b5a2030aa27b1ddf2f17462f6","core/src/main/java/org/elasticsearch/rest/action/document/RestIndexAction.java","6","0","1","2","77","108","2"
"hazelcast","c99737523eb1e3b576d2f4fd450916bb708aff50","hazelcast-client/src/main/java/com/hazelcast/client/map/impl/nearcache/invalidation/ClientMapMetaDataFetcher.java","6","0","1","2","78","111","1"
"elasticsearch","25c6e8512d5fd7ed2138cad713f2714f52e881c7","modules/elasticsearch/src/main/java/org/elasticsearch/rest/action/delete/RestDeleteAction.java","6","0","1","2","78","112","0"
"hazelcast","c99737523eb1e3b576d2f4fd450916bb708aff50","hazelcast-client/src/main/java/com/hazelcast/client/cache/impl/nearcache/invalidation/ClientCacheMetaDataFetcher.java","6","0","1","2","79","112","1"
"BroadleafCommerce","0eec7d6ee2b530fbcaab225bcbfcd7ea47c493b9","common/src/main/java/org/broadleafcommerce/common/web/resource/resolver/BLCSystemPropertyResourceResolver.java","6","0","1","2","79","131","0"
"elasticsearch","19cce0b32917a6034ab50b2e33111f37de418139","src/test/java/org/elasticsearch/test/unit/common/util/concurrent/EsExecutorsTests.java","6","0","1","2","81","125","1"
"neo4j","86c61329b0fd5c6346589bb7327e4bd747ce47e9","community/kernel/src/main/java/org/neo4j/kernel/impl/transaction/state/storeview/DynamicIndexStoreView.java","6","0","1","2","82","118","0"
"hazelcast","a7ec759936b5ee731affea3d124296616924c2d4","hazelcast-client/src/main/java/com/hazelcast/client/map/impl/nearcache/invalidation/ClientMapMetaDataFetcher.java","6","0","1","2","83","118","0"
"BroadleafCommerce","92da893577ed005d3f422142164bcbd88b85bd61","core/broadleaf-framework-web/src/main/java/org/broadleafcommerce/core/web/controller/catalog/BroadleafCategoryController.java","6","0","1","2","83","132","1"
"hazelcast","a7ec759936b5ee731affea3d124296616924c2d4","hazelcast-client/src/main/java/com/hazelcast/client/cache/impl/nearcache/invalidation/ClientCacheMetaDataFetcher.java","6","0","1","2","84","117","0"
"elasticsearch","2d5b832f1746a51732f6290624e8743a9feeb992","src/main/java/org/elasticsearch/rest/action/delete/RestDeleteAction.java","6","0","1","2","85","120","0"
"elasticsearch","a7e43005bb5c3d0d646cc9c3754137cbe118459e","modules/elasticsearch/src/main/java/org/elasticsearch/rest/action/delete/RestDeleteAction.java","6","0","1","2","86","120","0"
"elasticsearch","787519ee4ced81c8408f3050685d4f591622b9b8","core/src/test/java/org/elasticsearch/search/aggregations/metrics/FiltersTests.java","6","0","1","2","89","127","0"
"netty","20ef4690e74a7a5007468815f070a6c1f5074d0d","transport/src/main/java/io/netty/channel/socket/oio/DefaultOioServerSocketChannelConfig.java","6","0","1","20","138","184","0"
"netty","9d4fae308c09a2c759dc67db765d311154c8d977","transport/src/main/java/io/netty/channel/socket/oio/DefaultOioServerSocketChannelConfig.java","6","0","1","20","139","185","1"
"BroadleafCommerce","01d47431828fa3e79dc5494ebca6d57494c68002","admin/broadleaf-open-admin-platform/src/main/java/org/broadleafcommerce/openadmin/dto/FilterAndSortCriteria.java","6","0","1","20","99","161","2"
"BroadleafCommerce","a3b56d046071ae04bde3a0799d053408cbcf621d","admin/broadleaf-open-admin-platform/src/main/java/org/broadleafcommerce/openadmin/server/service/persistence/module/criteria/FilterMapping.java","6","0","1","21","110","161","0"
"elasticsearch","17913c56fb6b0bea9b8740e72f2c4caf93ebdb60","test-framework/src/main/java/org/elasticsearch/test/ESAllocationTestCase.java","6","0","1","21","133","183","0"
"netty","3e5dcb5f3efbb26d5e6cf4cd229b03c285d62462","transport/src/main/java/io/netty/channel/socket/oio/DefaultOioServerSocketChannelConfig.java","6","0","1","21","147","194","0"
"neo4j","3ec0e927cb481a29815bc3237d2e53fd7cadd271","community/kernel/src/test/java/org/neo4j/kernel/impl/api/index/IndexingServiceTest.java","6","0","1","22","754","1028","0"
"BroadleafCommerce","01d47431828fa3e79dc5494ebca6d57494c68002","admin/broadleaf-open-admin-platform/src/main/java/org/broadleafcommerce/openadmin/server/service/persistence/module/criteria/FilterMapping.java","6","0","1","23","117","173","0"
"netty","20ef4690e74a7a5007468815f070a6c1f5074d0d","transport/src/main/java/io/netty/channel/socket/oio/DefaultOioSocketChannelConfig.java","6","0","1","25","162","212","0"
"netty","9d4fae308c09a2c759dc67db765d311154c8d977","transport/src/main/java/io/netty/channel/socket/oio/DefaultOioSocketChannelConfig.java","6","0","1","25","163","213","1"
"elasticsearch","9080f51340b1b26f8bd171b4c82de8d87ad42b55","core/src/main/java/org/elasticsearch/search/DocValueFormat.java","6","0","1","25","255","341","1"
"elasticsearch","d84c643f5880a88d2e5c38b487123161f3e01fe0","core/src/main/java/org/elasticsearch/search/DocValueFormat.java","6","0","1","25","262","349","0"
"elasticsearch","6ecbef463f29e491e8b199fd04b952b024827389","modules/elasticsearch/src/main/java/org/elasticsearch/script/mvel/MvelScriptEngineService.java","6","0","1","26","127","188","0"
"elasticsearch","0d334bfd0332bc39089263547b34224263f145ea","modules/elasticsearch/src/main/java/org/elasticsearch/script/mvel/MvelScriptEngineService.java","6","0","1","26","128","189","0"
"netty","3e5dcb5f3efbb26d5e6cf4cd229b03c285d62462","transport/src/main/java/io/netty/channel/socket/oio/DefaultOioSocketChannelConfig.java","6","0","1","26","171","222","0"
"netty","3d6d9f394d763aaed47fdd0c86023afebe3c5a9f","buffer/src/main/java/io/netty/buffer/SlicedByteBuf.java","6","0","1","26","201","265","1"
"BroadleafCommerce","b59692373bd2e17a0ce87ea0127e54b35e0d24d8","admin/broadleaf-open-admin-platform/src/main/java/org/broadleafcommerce/openadmin/dto/FilterAndSortCriteria.java","6","0","1","27","131","206","2"
"BroadleafCommerce","11b9bbc3f26a276b1394b183501971f50b0bc40a","admin/broadleaf-open-admin-platform/src/main/java/org/broadleafcommerce/openadmin/dto/FilterAndSortCriteria.java","6","0","1","27","132","207","1"
"hazelcast","dec7dd3bccd2fc2bb30f3690c901dd6887241979","hazelcast/src/main/java/com/hazelcast/nio/serialization/ClassDefinitionBuilder.java","6","0","1","27","162","219","1"
"antlr4","29c2712ae1eee9575324db48c2f72c7cb0d28308","tool/test/org/antlr/v4/test/tool/TestATNConstruction.java","6","0","1","27","479","980","0"
"netty","88df53ec1a53912c2e34892247c8218c2fa01838","buffer/src/main/java/io/netty/buffer/SlicedByteBuf.java","6","0","1","28","205","271","0"
"hazelcast","235a0817594ec6ff219074ced2fa73638f44c5b9","hazelcast/src/main/java/com/hazelcast/jmx/ReplicatedMapMBean.java","6","0","1","28","211","274","1"
"BroadleafCommerce","e216da5ebb303680f5c60ffcd75979f5876ab5a6","admin/broadleaf-open-admin-platform/src/main/java/org/broadleafcommerce/openadmin/dto/FilterAndSortCriteria.java","6","0","1","29","143","219","0"
"BroadleafCommerce","13e1633525853b787be9d24c7efe4fbff2522817","admin/broadleaf-contentmanagement-module/src/main/java/org/broadleafcommerce/cms/admin/web/controller/AdminAssetUploadController.java","6","0","1","3","101","164","2"
"neo4j","1645441a60cf0a77d557be1b8d3faa83fae08c77","enterprise/causal-clustering/src/main/java/org/neo4j/causalclustering/load_balancing/procedure/LegacyGetServersProcedure.java","6","0","1","3","120","164","1"
"neo4j","6582eed76b5a4b0e0066c03983dd7a97716f51dc","enterprise/causal-clustering/src/main/java/org/neo4j/causalclustering/load_balancing/procedure/LegacyGetServersProcedure.java","6","0","1","3","121","165","0"
"hazelcast","7926b47fff8ee4f1241fcd2685e4938613e9c883","hazelcast-client-legacy/src/test/java/com/hazelcast/client/spi/impl/ClientInvocationTest.java","6","0","1","3","121","170","0"
"elasticsearch","2bd09c4625898d77aa6c015c6f82cf973ed18cb7","core/src/main/java/org/elasticsearch/common/settings/IndexScopedSettings.java","6","0","1","3","134","169","0"
"elasticsearch","a5406e1ffa28a76942bffdeba232d3652e4aff72","core/src/main/java/org/elasticsearch/common/settings/IndexScopedSettings.java","6","0","1","3","134","169","0"
"elasticsearch","3d13c27fa0df12018f35f1b20987c90277e9b6f9","core/src/main/java/org/elasticsearch/common/settings/IndexScopedSettings.java","6","0","1","3","134","169","2"
"elasticsearch","474fd2607346308674f65ce336af8fc3c125b53c","core/src/main/java/org/elasticsearch/common/settings/IndexScopedSettings.java","6","0","1","3","137","178","1"
"hazelcast","989c6d55969a6ecefc6d240bff3532429c41ca80","hazelcast/src/test/java/com/hazelcast/map/mapstore/writebehind/WriteBehindOnBackupsTest.java","6","0","1","3","138","190","0"
"hazelcast","464ceb2bc27dbe2e0b5d67438073afbd3c75b06b","hazelcast/src/test/java/com/hazelcast/map/impl/mapstore/writebehind/WriteBehindOnBackupsTest.java","6","0","1","3","144","198","1"
"orientdb","f64d252ebd92bb97deb08f27eb4a1386e3d823ce","server/src/main/java/com/orientechnologies/orient/server/distributed/ODistributedStartupException.java","6","0","1","3","19","51","0"
"orientdb","46bbcabde62c2b9e61ebaf45dc23f16d9dee7f02","core/src/main/java/com/orientechnologies/orient/core/sql/functions/conversion/OSQLMethodConvert.java","6","0","1","3","34","65","1"
"orientdb","136db63960bbf53514691bf5a0bb8361a5ea5361","core/src/main/java/com/orientechnologies/orient/core/sql/functions/conversion/OSQLMethodConvert.java","6","0","1","3","35","67","0"
"hazelcast","8a0ac7ed3fb417ee2b530233386b1321924c52e2","hazelcast/src/main/java/com/hazelcast/map/impl/record/Records.java","6","0","1","3","39","67","1"
"orientdb","e4742c7a063bb8324093282680cbb913151e1245","core/src/main/java/com/orientechnologies/orient/core/sql/functions/coll/OSQLFunctionDifference.java","6","0","1","3","40","79","0"
"hazelcast","2388114ba2aac3aa5417e6dcd6c4b8932db39281","hazelcast/src/main/java/com/hazelcast/aggregation/impl/AbstractAggregator.java","6","0","1","3","40","96","1"
"netty","c43b9b4dd259412f3fa3c950f41658d74b1d84d7","codec/src/main/java/io/netty/handler/codec/MessageToByteEncoder.java","6","0","1","3","43","75","0"
"elasticsearch","109e2944f2e0cfea948ee77aabb7a022e0146ada","src/main/java/org/elasticsearch/index/query/functionscore/random/RandomScoreFunctionParser.java","6","0","1","3","43","78","1"
"netty","985fa97c9be85270a304d385774593f6ee20fa31","codec/src/main/java/io/netty/handler/codec/MessageToByteEncoder.java","6","0","1","3","44","76","0"
"orientdb","028818e249414663886f3d3fc4020356983fd776","client/src/main/java/com/orientechnologies/orient/client/remote/ORemoteConnectionPushListener.java","6","0","1","3","45","56","1"
"hazelcast","5a84641d6ca0ba61f6bc3db3f4d51994ee307736","hazelcast/src/main/java/com/hazelcast/multimap/impl/MultiMapEventsPublisher.java","6","0","1","3","46","58","2"
"hazelcast","cdac811975c69456ff44782af5b54716b74edb65","hazelcast/src/main/java/com/hazelcast/multimap/impl/MultiMapEventsPublisher.java","6","0","1","3","46","74","2"
"orientdb","1c3d74ebdae32d3aeed0d787c9e78ee3b9a3b116","client/src/main/java/com/orientechnologies/orient/client/remote/ORemoteConnectionPushListener.java","6","0","1","3","48","59","0"
"orientdb","dc025634bd8133bb14ce499efe6078c88ed5ad7c","core/src/main/java/com/orientechnologies/orient/core/sharding/auto/OAutoShardingClusterSelectionStrategy.java","6","0","1","3","48","82","0"
"hazelcast","967e7996909f5ef691e1bca2268618076eec0d89","hazelcast/src/main/java/com/hazelcast/util/StreamUtil.java","6","0","1","3","49","79","0"
"elasticsearch","79939222e465543f128fd6b1d46c06eefee7c1ef","modules/elasticsearch/src/main/java/org/elasticsearch/search/facet/range/ScriptRangeFacetCollector.java","6","0","1","3","50","85","0"
"netty","2a6ed67efc4ffb15647313b82e450a3951a6a3bd","example/src/main/java/io/netty/example/securechat/SecureChatClient.java","6","0","1","3","57","99","1"
"netty","9128d4f16a8ccb102bbf863b88e6be8e5574333d","example/src/main/java/io/netty/example/securechat/SecureChatClient.java","6","0","1","3","57","99","1"
"netty","23d017849429c18e1890b0a5799e5262df4f269f","example/src/main/java/io/netty/example/securechat/SecureChatClient.java","6","0","1","3","57","99","0"
"hazelcast","89a1d9713f8387d23ceb4e0ff31ff146075e7404","hazelcast/src/test/java/com/hazelcast/test/HazelcastTestSupport.java","6","0","1","3","59","92","0"
"hazelcast","4c415e68c9c9c23d4b5d8ca953cded50e54e384a","hazelcast/src/main/java/com/hazelcast/client/impl/protocol/ClientExceptionFactory.java","6","0","1","3","591","632","0"
"elasticsearch","284a35131cd6a96baba14b31c827e5f6dab7b4ad","modules/elasticsearch/src/main/java/org/elasticsearch/search/query/QueryPhase.java","6","0","1","3","61","94","0"
"netty","9125060752f5124949e55a6868647c75f88cdb01","example/src/main/java/io/netty/example/securechat/SecureChatClient.java","6","0","1","3","62","105","0"
"hazelcast","89a6af8e82b6a95b3067eed8da993cf88e23b643","hazelcast/src/main/java/com/hazelcast/client/impl/ClientHeartbeatMonitor.java","6","0","1","3","63","96","1"
"hazelcast","671d29112c6a1188e0734096c062717bb27a09df","hazelcast/src/main/java/com/hazelcast/client/impl/protocol/ClientExceptionFactory.java","6","0","1","3","631","674","1"
"orientdb","f7f8c716bc3c9c94e4b757d8fae95b072d756db2","core/src/test/java/com/orientechnologies/orient/core/sql/functions/coll/SQLFunctionSymmetricDifferenceTest.java","6","0","1","3","64","105","0"
"orientdb","f7748791c90eb1a6cb4d90deabc1f92601fff5f5","core/src/test/java/com/orientechnologies/orient/core/sql/functions/coll/SQLFunctionDifferenceTest.java","6","0","1","3","64","106","2"
"hazelcast","1be4f38b733664d6d8378209c0a7d7d3645275f9","hazelcast/src/main/java/com/hazelcast/client/impl/ClientHeartbeatMonitor.java","6","0","1","3","64","97","2"
"elasticsearch","12d9268db256b728e8d334801739fb46167902b6","src/main/java/org/elasticsearch/index/fielddata/plain/FSTBytesIndexFieldData.java","6","0","1","3","65","101","0"
"oryx","e0b8eb77d5771ae8f13d00fd85fa143144cb8f42","app/oryx-app/src/main/java/com/cloudera/oryx/app/speed/kmeans/KMeansSpeedModelManager.java","6","0","1","3","66","128","0"
"hazelcast","e4f7959a373b0263506a00fa6941d0020407e6fd","hazelcast/src/main/java/com/hazelcast/client/impl/protocol/parameters/GetPartitionsResultParameters.java","6","0","1","3","68","108","1"
"hazelcast","9d8dcc2a1755aec6419b50698c80c1d109c89523","hazelcast/src/main/java/com/hazelcast/replicatedmap/impl/operation/PutAllOperation.java","6","0","1","3","68","96","1"
"elasticsearch","6d9576c217fabef81bc77e5f91da3b4163502d4e","modules/test/integration/src/test/java/org/elasticsearch/test/integration/search/scroll/SearchScrollTests.java","6","0","1","3","71","113","1"
"BroadleafCommerce","dbf73902c3ecf020da58b75a4f2ea1cddb303303","core/broadleaf-framework/src/main/java/org/broadleafcommerce/core/search/redirect/dao/SearchRedirectDaoImpl.java","6","0","1","3","73","115","0"
"hazelcast","4b9cef83c2c99af4df9d1d0338f29a7dc1c9eda8","hazelcast-client-new/src/test/java/com/hazelcast/client/map/MapMemoryUsageStressTest.java","6","0","1","3","73","87","0"
"hazelcast","09bd1799af89fd08fca90af7badcfb4587b22aa2","hazelcast-client/src/main/java/com/hazelcast/client/connection/nio/ClientReadHandler.java","6","0","1","3","75","115","1"
"hazelcast","9d92e89e761fe6d4368df47311cf7902578295a3","hazelcast/src/main/java/com/hazelcast/replicatedmap/impl/operation/PutAllOperation.java","6","0","1","3","76","107","0"
"hazelcast","773a8aeee2d4bd7e9262d39b8eb3b188c2a230fb","hazelcast/src/main/java/com/hazelcast/replicatedmap/impl/operation/PutAllOperation.java","6","0","1","3","76","108","2"
"hazelcast","707932eed4859d26c9c896f844d9433f2795b290","hazelcast/src/main/java/com/hazelcast/replicatedmap/impl/operation/SyncReplicatedMapDataOperation.java","6","0","1","3","78","109","0"
"hazelcast","00cc50ec0d92d2bc1f7dfb8c1cfd4f569ad84cdc","hazelcast-client-new/src/test/java/com/hazelcast/client/map/MapMemoryUsageStressTest.java","6","0","1","3","78","93","1"
"hazelcast","37ff66dace1e24ac18f53035b3f7a6c3df4cb693","hazelcast-client-legacy/src/test/java/com/hazelcast/client/map/MapMemoryUsageStressTest.java","6","0","1","3","78","93","1"
"hazelcast","1e12e327305f36ac54a4a6dad27499796e739c62","hazelcast-client/src/test/java/com/hazelcast/client/map/MapMemoryUsageStressTest.java","6","0","1","3","78","93","0"
"hazelcast","1bbf57f43522e59474d73506d793eaa2254dca5e","hazelcast/src/main/java/com/hazelcast/replicatedmap/impl/operation/SyncReplicatedMapDataOperation.java","6","0","1","3","79","109","0"
"hazelcast","d0a7d416b1220ef4badd98e42991dabe34c7beeb","hazelcast/src/main/java/com/hazelcast/replicatedmap/impl/operation/SyncReplicatedMapDataOperation.java","6","0","1","3","79","109","0"
"hazelcast","72164ddd01562b066c2e6478184c2a8c4c22fc35","hazelcast/src/main/java/com/hazelcast/replicatedmap/impl/operation/SyncReplicatedMapDataOperation.java","6","0","1","3","79","109","1"
"hazelcast","3c5f442e9cf8a73a13ea74b8a994f507ae2d2add","hazelcast-client-legacy/src/test/java/com/hazelcast/client/map/MapMemoryUsageStressTest.java","6","0","1","3","79","94","0"
"elasticsearch","831ea789aae152effe1ce56335a4c1c49fb269cf","src/main/java/org/elasticsearch/search/facet/terms/strings/TermsStringFacetExecutor.java","6","0","1","3","86","130","0"
"BroadleafCommerce","abae60151f6416aa4cbf8f37615189b14464b79c","admin/broadleaf-contentmanagement-module/src/main/java/org/broadleafcommerce/cms/admin/web/controller/AdminAssetUploadController.java","6","0","1","3","89","149","1"
"BroadleafCommerce","28c29c993d37f222bc59daf04799764a6d2b199b","admin/broadleaf-contentmanagement-module/src/main/java/org/broadleafcommerce/cms/admin/web/controller/AdminAssetUploadController.java","6","0","1","3","92","153","2"
"elasticsearch","2e2e345dcb90e1ec1c48c6bb5348469fc514aea1","src/test/java/org/elasticsearch/cluster/shards/ClusterSearchShardsTests.java","6","0","1","3","93","127","5"
"BroadleafCommerce","581b57879cfaaa389bfdbdc4aad84d9f3c60e0ca","admin/broadleaf-contentmanagement-module/src/main/java/org/broadleafcommerce/cms/admin/web/controller/AdminAssetUploadController.java","6","0","1","3","95","157","3"
"orientdb","69c715d77d9441ce9f5fda01e935162c2a3d8e3f","core/src/main/java/com/orientechnologies/orient/core/sql/query/OBasicResultSet.java","6","0","1","35","171","243","1"
"orientdb","b75942fd0f12be0122ff7d4870cef55e3b761c5e","core/src/main/java/com/orientechnologies/orient/core/sql/query/OBasicResultSet.java","6","0","1","36","176","251","0"
"orientdb","46bbcabde62c2b9e61ebaf45dc23f16d9dee7f02","core/src/main/java/com/orientechnologies/orient/core/metadata/schema/OSchemaProxy.java","6","0","1","38","156","254","1"
"orientdb","136db63960bbf53514691bf5a0bb8361a5ea5361","core/src/main/java/com/orientechnologies/orient/core/metadata/schema/OSchemaProxy.java","6","0","1","38","157","255","0"
"elasticsearch","57aee936933a77c6bab35e70e80ee2f84ad4ac8d","plugins/repository-azure/src/main/java/org/elasticsearch/repositories/azure/AzureRepository.java","6","0","1","4","105","167","3"
"elasticsearch","3f71772cd29a0544f56130ebcefaa9e375685cd2","plugins/repository-azure/src/main/java/org/elasticsearch/repositories/azure/AzureRepository.java","6","0","1","4","106","168","0"
"orientdb","2a6ac8ff07e7e61f693f39fade49158f94c97e0c","client/src/test/java/com/orientechnologies/orient/client/remote/OStorageRemoteAsyncOperationTest.java","6","0","1","4","116","138","0"
"orientdb","694179bbd708b0a0ab131849e7132dbf55ba1a0b","client/src/test/java/com/orientechnologies/orient/client/remote/OStorageRemoteAsyncOperationTest.java","6","0","1","4","116","138","0"
"orientdb","d5de1f43a68d18cac57c872237e61e2da12355c5","client/src/test/java/com/orientechnologies/orient/client/remote/OStorageRemoteAsyncOperationTest.java","6","0","1","4","116","138","0"
"orientdb","e524fc0234f83776efd52c68dc390663e2a82146","client/src/test/java/com/orientechnologies/orient/client/remote/OStorageRemoteAsyncOperationTest.java","6","0","1","4","116","138","2"
"elasticsearch","4b94eb5cb8cc4294ed0e932a5f22c16bd90d4dd7","core/src/main/java/org/elasticsearch/action/delete/TransportDeleteAction.java","6","0","1","4","116","156","2"
"elasticsearch","d3417fb02291f26964d77767020ef345d18c148f","core/src/main/java/org/elasticsearch/action/delete/TransportDeleteAction.java","6","0","1","4","123","165","0"
"BroadleafCommerce","66b90df8e1d48dea727d19decebcf0b65113f2f1","core/broadleaf-framework/src/main/java/org/broadleafcommerce/core/catalog/dao/SearchFieldCustomPersistenceHandler.java","6","0","1","4","125","172","0"
"hazelcast","f02c8c56a09384f5e163849aa17595489649c758","hazelcast/src/test/java/com/hazelcast/spi/InvocationTest.java","6","0","1","4","131","178","0"
"neo4j","71862473dec743ab6537f08ff5769064d4a84c77","enterprise/causal-clustering/src/main/java/org/neo4j/causalclustering/catchup/tx/TxPollingClient.java","6","0","1","4","144","195","1"
"hazelcast","517051da0c9618d83d8dea226ce1d7a94a9c000e","hazelcast/src/test/java/com/hazelcast/map/impl/mapstore/writebehind/WriteBehindOnBackupsTest.java","6","0","1","4","144","198","0"
"neo4j","93209c51af8ca5c903f407674065a0ce6518d20b","enterprise/causal-clustering/src/main/java/org/neo4j/causalclustering/catchup/tx/TxPollingClient.java","6","0","1","4","150","201","0"
"neo4j","68c237b92ed8634317ac5f848080810eefa21395","enterprise/causal-clustering/src/main/java/org/neo4j/causalclustering/catchup/tx/TxPollingClient.java","6","0","1","4","153","204","1"
"oryx","fd8a77cc546c2a797833303878774b2697548349","oryx-lambda/src/main/java/com/cloudera/oryx/lambda/BatchLayer.java","6","0","1","4","178","233","0"
"elasticsearch","6e566cdf6cab837bdbdb5300ca85038fba1488c1","core/src/test/java/org/elasticsearch/action/admin/cluster/allocation/ClusterAllocationExplanationTests.java","6","0","1","4","216","264","1"
"BroadleafCommerce","15e70fe6b89d008dd88b5e98dbfc66a720db68bb","admin/broadleaf-open-admin-platform/src/main/java/org/broadleafcommerce/openadmin/dto/BatchPersistencePackage.java","6","0","1","4","25","58","0"
"neo4j","13e3d20860f871d1c13c10429f2d4d31d6180c8b","enterprise/causal-clustering/src/main/java/org/neo4j/causalclustering/core/EnterpriseCoreEditionModule.java","6","0","1","4","279","361","0"
"BroadleafCommerce","7da760ada0cf3c3164075c970c90d47e36b4bef4","common/src/main/java/org/broadleafcommerce/common/persistence/ArchiveStatus.java","6","0","1","4","31","66","0"
"orientdb","e43642ac7d51dbda02d91a16b7024d9f80c6d272","server/src/main/java/com/orientechnologies/orient/server/network/protocol/binary/OAbstractCommandResultListener.java","6","0","1","4","37","73","0"
"orientdb","f6b0636eed025d637fdcdc122574396edf9617ae","server/src/main/java/com/orientechnologies/orient/server/network/protocol/binary/OAbstractCommandResultListener.java","6","0","1","4","37","73","0"
"orientdb","eefe33973dbf95af2f11a44f56ef4d94e9a82bf0","server/src/main/java/com/orientechnologies/orient/server/network/protocol/binary/OAbstractCommandResultListener.java","6","0","1","4","37","73","1"
"orientdb","a2eaf6636bb600c7e6d311b0bb7d112bbaafb4a0","etl/src/main/java/com/orientechnologies/orient/etl/block/OETLConsoleBlock.java","6","0","1","4","39","71","0"
"oryx","6024e00dd45bf69a5dddbb1243fe0518e7e41efe","app/oryx-app-serving/src/main/java/com/cloudera/oryx/app/serving/als/CosineAverageFunction.java","6","0","1","4","40","68","0"
"orientdb","88bb842dc792d4b17b7cd3f4d89559752af79f0a","core/src/main/java/com/orientechnologies/orient/core/sql/parser/OFetchPlanItem.java","6","0","1","4","43","60","0"
"BroadleafCommerce","0b82dddef8d8a719cf608eae326d394cb23b6218","common/src/main/java/org/broadleafcommerce/common/util/TransactionUtils.java","6","0","1","4","43","72","1"
"BroadleafCommerce","4b899b0b30679392365b1286b26fd502eee6594c","common/src/main/java/org/broadleafcommerce/common/util/TransactionUtils.java","6","0","1","4","44","78","1"
"elasticsearch","25c3e898fd51f6ab40ef0e46739b49a14d57252d","modules/elasticsearch/src/main/java/org/elasticsearch/search/fetch/script/ScriptFieldsSearchHitPhase.java","6","0","1","4","49","82","1"
"elasticsearch","25fd9e26c4fb042d6f6dea14efcd239577bdbbc4","core/src/main/java/org/apache/lucene/analysis/miscellaneous/UniqueTokenFilter.java","6","0","1","4","49","89","0"
"elasticsearch","d06a7e9fe157c98ee328a6bcba3dff4d29a93d72","modules/elasticsearch/src/main/java/org/elasticsearch/search/fetch/script/ScriptFieldsSearchHitPhase.java","6","0","1","4","50","83","0"
"elasticsearch","3aa72f27382dc5a6180b390eaafcff96c3fd7f1f","src/main/java/org/elasticsearch/index/query/functionscore/random/RandomScoreFunctionParser.java","6","0","1","4","50","87","1"
"elasticsearch","4b3a883111ce4fac57547750aa54cddcb5248be7","src/main/java/org/elasticsearch/index/query/functionscore/random/RandomScoreFunctionParser.java","6","0","1","4","50","88","0"
"hazelcast","07c225fdc9369c9e20abb2e86eab2f11b6482bef","hazelcast-client/src/main/java/com/hazelcast/client/impl/querycache/subscriber/ClientQueryCacheConfigurator.java","6","0","1","4","51","88","2"
"orientdb","a2eaf6636bb600c7e6d311b0bb7d112bbaafb4a0","etl/src/main/java/com/orientechnologies/orient/etl/transformer/OETLCodeTransformer.java","6","0","1","4","52","90","0"
"orientdb","5f9f40c66e80f07a68d7e9f034db32f18aa1f841","server/src/main/java/com/orientechnologies/orient/server/distributed/OLocalClusterStrategy.java","6","0","1","4","57","100","1"
"orientdb","278985a53ab2e77f1e655a930568e0aa6e7f7f65","core/src/main/java/com/orientechnologies/orient/core/command/script/ODatabaseScriptManager.java","6","0","1","4","60","100","1"
"orientdb","5efc3c9900df6c43804a41d2a6bb9b56de661286","core/src/main/java/com/orientechnologies/orient/core/command/script/ODatabaseScriptManager.java","6","0","1","4","62","102","0"
"elasticsearch","4fea56ceadbbd042774a89dbdf94c16a4a33df4c","core/src/main/java/org/elasticsearch/index/IndexModule.java","6","0","1","4","62","98","1"
"elasticsearch","12d9268db256b728e8d334801739fb46167902b6","src/main/java/org/elasticsearch/index/fielddata/plain/PagedBytesIndexFieldData.java","6","0","1","4","64","97","0"
"orientdb","46bbcabde62c2b9e61ebaf45dc23f16d9dee7f02","core/src/main/java/com/orientechnologies/common/log/OAnsiCode.java","6","0","1","4","65","116","1"
"orientdb","136db63960bbf53514691bf5a0bb8361a5ea5361","core/src/main/java/com/orientechnologies/common/log/OAnsiCode.java","6","0","1","4","66","118","0"
"elasticsearch","86a9365c5318b0062492e865f668adfd23177113","core/src/main/java/org/elasticsearch/search/aggregations/pipeline/bucketmetrics/BucketMetricsPipelineAggregator.java","6","0","1","4","66","126","1"
"elasticsearch","e3480a1c0ad9a9d6236af90e34fb60e553a8df46","src/main/java/org/elasticsearch/search/facet/filter/FilterFacetExecutor.java","6","0","1","4","68","107","0"
"BroadleafCommerce","686027c39a091e9f6aa6b3d5225cfd9d501c13fe","admin/broadleaf-admin-module/src/main/java/org/broadleafcommerce/admin/server/service/handler/CustomerCustomPersistenceHandler.java","6","0","1","4","69","108","1"
"elasticsearch","f7ef600644a9d0a112eb761b7041d0df28d18d86","core/src/main/java/org/elasticsearch/search/aggregations/pipeline/bucketmetrics/BucketMetricsPipelineAggregator.java","6","0","1","4","72","134","0"
"hazelcast","e58b5586a64462cb54b8fa98e8c890ae0960efbd","hazelcast/src/main/java/com/hazelcast/internal/diagnostics/SlowOperationPlugin.java","6","0","1","4","73","125","1"
"hazelcast","6efc2514de11e575d5fc08a9b9f8f711a8d37db1","hazelcast/src/main/java/com/hazelcast/internal/diagnostics/SlowOperationPlugin.java","6","0","1","4","74","126","0"
"netty","4b1721af17ec1a4e52d96e83d1fbfaa851b1de0b","handler/src/test/java/io/netty/handler/stream/ChunkedWriteHandlerTest.java","6","0","1","4","85","123","0"
"neo4j","d41dff69b36858b1eb845a50f84bbf7b65deb159","enterprise/causal-clustering/src/main/java/org/neo4j/causalclustering/core/replication/RaftReplicator.java","6","0","1","4","93","131","0"
"elasticsearch","41d8fbe8f51abd499c9b497238bc5f2141b7926b","core/src/test/java/org/elasticsearch/test/test/InternalTestClusterTests.java","6","0","1","4","93","132","1"
"elasticsearch","96724e198adc829da8032a55c6cc04811226a261","test-framework/src/test/java/org/elasticsearch/test/test/InternalTestClusterTests.java","6","0","1","4","97","142","0"
"orientdb","a63bb2c83d222d0c30ab591fe0af90806c1df888","lucene/src/main/java/com/orientechnologies/lucene/engine/OLuceneIndexEngineDelegator.java","6","0","1","41","212","287","0"
"neo4j","01b558051d5436aecea5f7f6477fabf686fa3c34","community/kernel/src/main/java/org/neo4j/kernel/impl/api/LockingStatementOperations.java","6","0","1","46","446","560","0"
"neo4j","c9b32fdae609ff120e0f3c296861ae442af3228b","community/kernel/src/main/java/org/neo4j/kernel/impl/api/LockingStatementOperations.java","6","0","1","46","447","560","2"
"elasticsearch","56cc87b7ccd41040d8fafcaf2da3680d96d10839","core/src/main/java/org/elasticsearch/action/admin/cluster/stats/TransportClusterStatsAction.java","6","0","1","5","101","146","0"
"elasticsearch","78574d248cf10dad1c5a566fda79e1e0c94afe43","core/src/main/java/org/elasticsearch/action/admin/cluster/stats/TransportClusterStatsAction.java","6","0","1","5","102","147","1"
"elasticsearch","25fd9e26c4fb042d6f6dea14efcd239577bdbbc4","core/src/main/java/org/elasticsearch/action/admin/cluster/stats/TransportClusterStatsAction.java","6","0","1","5","107","152","0"
"elasticsearch","a60b8948ba1d836a6eac7cff095519e618939ed8","core/src/main/java/org/elasticsearch/action/admin/cluster/stats/TransportClusterStatsAction.java","6","0","1","5","108","153","0"
"elasticsearch","4b25e6b63e67bd5ebf42c8a62faf7ac12dbea5ec","src/main/java/org/elasticsearch/discovery/zen/publish/PublishClusterStateAction.java","6","0","1","5","114","162","1"
"elasticsearch","ab6163898fd8c83dda01b6eb4dd42e1f900f393b","src/main/java/org/elasticsearch/discovery/zen/publish/PublishClusterStateAction.java","6","0","1","5","115","163","1"
"hazelcast","4d1ed95af678b60a479a0f0148855404e05cca05","hazelcast/src/test/java/com/hazelcast/spi/impl/DelegatingMigrationAwareServiceTest.java","6","0","1","5","132","177","0"
"neo4j","898b57149eb06fc3d33780f52061c8f3d7efdd07","enterprise/ha/src/test/java/org/neo4j/test/ha/ReadOnlySlaveTest.java","6","0","1","5","133","191","0"
"elasticsearch","8f1fe51f34191f88915ad90a8bbd9ac155449552","core/src/test/java/org/elasticsearch/repositories/blobstore/BlobStoreRepositoryTests.java","6","0","1","5","161","225","1"
"elasticsearch","0457b0b76522586e4c8255e0246aa177f1ae8a89","src/test/java/org/elasticsearch/indices/recovery/IndexRecoveryTests.java","6","0","1","5","189","269","1"
"netty","caa15050204c9757f2a3e34511cf1d9d8447cd9c","codec-http/src/test/java/io/netty/handler/codec/http/multipart/HttpPostRequestEncoderTest.java","6","0","1","5","204","256","0"
"elasticsearch","57bcd65ca45b358a6aa0adaebaac7b1deb9c9d3a","src/main/java/org/elasticsearch/cluster/settings/DynamicSettings.java","6","0","1","5","39","72","1"
"elasticsearch","e69b5c342416317e482eeb3099015e2f1d3b75fa","src/main/java/org/elasticsearch/cluster/settings/DynamicSettings.java","6","0","1","5","39","72","1"
"elasticsearch","fc0ee42c07ae615cfb3ac2461e6931256cf86845","src/main/java/org/elasticsearch/cluster/settings/DynamicSettings.java","6","0","1","5","39","72","0"
"orientdb","46bbcabde62c2b9e61ebaf45dc23f16d9dee7f02","graphdb/src/test/java/com/orientechnologies/orient/graph/GraphNoTxAbstractTest.java","6","0","1","5","41","80","1"
"orientdb","136db63960bbf53514691bf5a0bb8361a5ea5361","graphdb/src/test/java/com/orientechnologies/orient/graph/GraphNoTxAbstractTest.java","6","0","1","5","42","82","0"
"orientdb","9b0a6b5a0d74bce339faedfdf33a3918902c1a9e","server/src/main/java/com/orientechnologies/orient/server/distributed/task/OTxTaskResult.java","6","0","1","5","44","78","0"
"MapDB","88fdf08da278c3a21757ef9572a9f6017ee3629c","src/main/java/org/mapdb/CacheHardRef.java","6","0","1","5","44","84","0"
"orientdb","69dde5c3af532dfc8b7ec16104aef29d93001eca","core/src/main/java/com/orientechnologies/orient/core/sql/functions/coll/OSQLFunctionDifference.java","6","0","1","5","47","89","0"
"orientdb","0da7271778ecbab8c8dcc44f26702210ef11ce17","core/src/main/java/com/orientechnologies/orient/core/sql/parser/OUpdateItem.java","6","0","1","5","48","62","0"
"hazelcast","75f8da3f6c13ae28d39f9e1068679a1c397fb3d5","hazelcast-jclouds/src/main/java/com/hazelcast/jclouds/IAMRoleCredentialSupplierBuilder.java","6","0","1","5","67","102","0"
"hazelcast","a307b7929d169054db70b9dce648d8ade5b84851","hazelcast-jclouds/src/main/java/com/hazelcast/jclouds/IAMRoleCredentialSupplierBuilder.java","6","0","1","5","68","103","1"
"hazelcast","22c782cf4670330503dee123b73fa483726328a2","hazelcast/src/main/java/com/hazelcast/cache/impl/operation/OnJoinCacheOperation.java","6","0","1","5","71","111","0"
"BroadleafCommerce","d88e733a8dbc789503cd381fc455b08b323d49a9","core/broadleaf-framework-web/src/main/java/org/broadleafcommerce/core/web/controller/catalog/BroadleafProductController.java","6","0","1","5","72","115","0"
"hazelcast","43402d9f22b18ea6fed39e1c919e0d65b779266c","hazelcast/src/main/java/com/hazelcast/map/impl/operation/ClearExpiredOperation.java","6","0","1","5","73","106","2"
"hazelcast","913731dce991dec4e616341ed91d6642cf6b5da2","hazelcast/src/main/java/com/hazelcast/map/impl/operation/ClearExpiredOperation.java","6","0","1","5","73","106","2"
"hazelcast","97eaaa146cf36d563b23a99ba58f1bbd2cf015c9","hazelcast/src/main/java/com/hazelcast/map/operation/ClearExpiredOperation.java","6","0","1","5","73","106","1"
"hazelcast","86a8460b7e36376816dea524d18b755c5b2fc9e7","hazelcast/src/main/java/com/hazelcast/map/operation/ClearExpiredOperation.java","6","0","1","5","73","106","0"
"neo4j","673a2d43f0183ad12d9365940576638dafbd75bc","community/server/src/main/java/org/neo4j/server/configuration/ConfigWrappingConfiguration.java","6","0","1","5","74","112","0"
"elasticsearch","3b5c133c7143e6ff09e947d30ea2222af18556f0","modules/elasticsearch/src/main/java/org/elasticsearch/index/cache/filter/resident/ResidentFilterCache.java","6","0","1","5","75","115","0"
"elasticsearch","acb07c72b9d2fd6e21f9710ffbdf4573c01c9f22","src/main/java/org/elasticsearch/search/aggregations/bucket/InternalSingleBucketAggregation.java","6","0","1","5","77","123","1"
"elasticsearch","0a69f1e283e26e5d9e6a000b68b9f4778de557a1","core/src/test/java/org/elasticsearch/index/mapper/ip/SimpleIpMappingTests.java","6","0","1","5","78","121","2"
"elasticsearch","5a64f08f048461a63a0ca1354a5050c954e63d52","core/src/test/java/org/elasticsearch/index/mapper/ip/SimpleIpMappingTests.java","6","0","1","5","78","122","0"
"elasticsearch","3b5c133c7143e6ff09e947d30ea2222af18556f0","modules/elasticsearch/src/main/java/org/elasticsearch/index/cache/filter/weak/WeakFilterCache.java","6","0","1","5","79","119","0"
"neo4j","21dc057a8a68245281a22d7bdb8da5ae2103f057","enterprise/core-edge/src/main/java/org/neo4j/coreedge/raft/state/StateRecoveryManager.java","6","0","1","5","80","125","0"
"neo4j","1cd3ff962ddbc71fd698b0d85b14b9ca079b0f57","community/server/src/main/java/org/neo4j/server/configuration/ConfigWrappingConfiguration.java","6","0","1","5","82","121","1"
"elasticsearch","046abdc281c321cd2128ee7684c0edfcaca07203","core/src/main/java/org/elasticsearch/search/aggregations/pipeline/serialdiff/SerialDiffPipelineAggregator.java","6","0","1","5","82","128","3"
"hazelcast","db30aa1fffccf62d21e4e35d45c0b20172330d3c","hazelcast/src/main/java/com/hazelcast/mapreduce/impl/task/DefaultContext.java","6","0","1","5","82","136","0"
"elasticsearch","de243493c9a31354d742c34a66817e8a06798026","src/main/java/org/elasticsearch/index/store/support/AbstractIndexStore.java","6","0","1","5","84","129","0"
"hazelcast","0b7059f334d11471ccf84009e6f2deefad9a0e49","hazelcast/src/main/java/com/hazelcast/mapreduce/impl/task/DefaultContext.java","6","0","1","5","84","140","1"
"orientdb","39a8884d03c0bc49b8ecf655a22fe80646afa1e6","spatial/src/main/java/com/orientechnologies/spatial/shape/OPolygonShapeBuilder.java","6","0","1","5","87","123","0"
"hazelcast","a138f413bfacf65e913a5ad035355b63bbabf793","hazelcast/src/main/java/com/hazelcast/mapreduce/impl/task/DefaultContext.java","6","0","1","5","88","146","2"
"elasticsearch","bd75b731c654f4c845f0781306b8055704706585","src/main/java/org/elasticsearch/index/store/support/AbstractIndexStore.java","6","0","1","5","89","134","1"
"BroadleafCommerce","082ec1011974dff9892bc33f90607bc7f2fa7aca","core/broadleaf-framework-web/src/main/java/org/broadleafcommerce/core/web/controller/catalog/BroadleafProductController.java","6","0","1","5","89","137","1"
"elasticsearch","d84c643f5880a88d2e5c38b487123161f3e01fe0","core/src/test/java/org/elasticsearch/index/mapper/ip/LegacyIpMappingTests.java","6","0","1","5","90","137","0"
"elasticsearch","bfedd11ffa4c48be0afd91793f491b0a8ff0ef8d","src/test/java/org/elasticsearch/index/mapper/update/UpdateMappingOnClusterTests.java","6","0","1","5","91","130","3"
"neo4j","52abb7d8bb68818a8f385d2c8787f55dbabf485c","community/server/src/main/java/org/neo4j/server/web/JaxRsServletHolderFactory.java","6","0","1","5","91","131","1"
"neo4j","67cd4775e754938eddcee58eeca874bfe889b9d0","community/server/src/main/java/org/neo4j/server/web/JaxRsServletHolderFactory.java","6","0","1","5","91","132","0"
"orientdb","67a525ee2667907cb7ad9b16a4421e07dc8600b2","jdbc/src/main/java/com/orientechnologies/orient/jdbc/OrientJdbcPreparedStatement.java","6","0","1","57","225","317","2"
"hazelcast","564167c1f93b32ce742411106e9ae67eae88a801","hazelcast/src/main/java/com/hazelcast/replicatedmap/impl/operation/ReplicatedMapInitChunkOperation.java","6","0","1","6","102","140","0"
"hazelcast","379f7dfc3f62942206e9295b49f981179d7ebaa3","hazelcast/src/test/java/com/hazelcast/map/QueryBounceTest.java","6","0","1","6","102","146","0"
"elasticsearch","3f18487afa4156c8418922256ed5583dfeafb716","core/src/test/java/org/elasticsearch/index/mapper/update/UpdateMappingOnClusterIT.java","6","0","1","6","129","169","2"
"elasticsearch","799bb2491cefbfb7d8da227ef20930a033726bf1","src/test/java/org/elasticsearch/indices/analyze/AnalyzeActionTests.java","6","0","1","6","148","197","0"
"elasticsearch","6258915205d21ba0174ec94833d77b5f705a2397","modules/test/integration/src/test/java/org/elasticsearch/test/integration/search/highlight/HighlighterSearchTests.java","6","0","1","6","164","233","0"
"elasticsearch","fec1802e2f622c1a126c9adda28fa53f1b55529a","core/src/test/java/org/elasticsearch/repositories/blobstore/BlobStoreRepositoryTests.java","6","0","1","6","172","237","0"
"elasticsearch","3cda9b2bd736342ccd6311b1e8d9960bb68a1fa7","src/test/java/org/elasticsearch/gateway/GatewayMetaStateTests.java","6","0","1","6","177","250","0"
"elasticsearch","5b9659585414cd3da7d199550ce283a14b70c3b3","src/test/java/org/elasticsearch/common/util/concurrent/PrioritizedExecutorsTests.java","6","0","1","6","248","304","1"
"BroadleafCommerce","7da760ada0cf3c3164075c970c90d47e36b4bef4","admin/broadleaf-open-admin-platform/src/main/java/org/broadleafcommerce/openadmin/dto/BasicCollectionMetadata.java","6","0","1","6","41","77","0"
"orientdb","1ffb4a74231b07389afced95123a7ef989a442cc","server/src/main/java/com/orientechnologies/orient/server/distributed/task/OTxTaskResult.java","6","0","1","6","48","83","0"
"orientdb","6ea7a314d355c6a751a849d1a8f14772fd70d920","core/src/main/java/com/orientechnologies/orient/core/sql/parser/OMatchesCondition.java","6","0","1","6","50","68","0"
"netty","ba6ce5449ee852b782dde9a11933f6a09b123e22","codec-http/src/main/java/io/netty/handler/codec/http/DefaultHttpMessage.java","6","0","1","6","54","91","0"
"BroadleafCommerce","90e4079b981d1ac986d9423fda3ac240f14ab316","common/src/main/java/org/broadleafcommerce/common/util/TransactionUtils.java","6","0","1","6","54","98","1"
"BroadleafCommerce","4b899b0b30679392365b1286b26fd502eee6594c","admin/broadleaf-open-admin-platform/src/main/java/org/broadleafcommerce/openadmin/server/security/dao/AdminUserDaoImpl.java","6","0","1","6","55","88","1"
"netty","e6ca9882a107c34cf6358c8d7a68561025f06016","codec-http/src/main/java/io/netty/handler/codec/http/DefaultHttpMessage.java","6","0","1","6","55","91","1"
"mct","c51c585e19c0ee09920cb84aebf4039dd9691380","fastPlotViews/src/main/java/gov/nasa/arc/mct/fastplot/settings/controls/PlotSettingsComboBox.java","6","0","1","6","60","81","0"
"hazelcast","1577e6203517ea9a356c2fe9ef193cac391f7df1","hazelcast/src/main/java/com/hazelcast/map/impl/tx/TxnLockAndGetOperation.java","6","0","1","6","63","97","0"
"hazelcast","12c89254274d2c4379de64ed009e9cda5d724fdb","hazelcast/src/main/java/com/hazelcast/cache/impl/CacheService.java","6","0","1","6","65","122","0"
"hazelcast","1bdcce6ff27e11c5d3d12f1e91cd24012201b002","hazelcast/src/main/java/com/hazelcast/cache/impl/CacheService.java","6","0","1","6","65","122","0"
"hazelcast","7001ec8c5b1305c796de75c2e3f170c562db8c03","hazelcast/src/main/java/com/hazelcast/cache/impl/CacheService.java","6","0","1","6","65","122","0"
"hazelcast","3d3b0732131691b2f1a256a041cf8eb3055a2f04","hazelcast/src/main/java/com/hazelcast/cache/impl/CacheService.java","6","0","1","6","65","122","1"
"hazelcast","40599f3c1a0985c7953c537a378e86d290744a88","hazelcast/src/main/java/com/hazelcast/cache/impl/CacheService.java","6","0","1","6","65","122","1"
"hazelcast","dcdf838c95407da279237d92588a7a4f691c6fce","hazelcast-client/src/main/java/com/hazelcast/client/LifecycleServiceImpl.java","6","0","1","6","68","102","1"
"orientdb","46bbcabde62c2b9e61ebaf45dc23f16d9dee7f02","core/src/main/java/com/orientechnologies/orient/core/exception/OConcurrentModificationException.java","6","0","1","6","68","113","1"
"orientdb","136db63960bbf53514691bf5a0bb8361a5ea5361","core/src/main/java/com/orientechnologies/orient/core/exception/OConcurrentModificationException.java","6","0","1","6","69","115","0"
"hazelcast","8f8a00625dd31eb3915d3251d2f10edbe2a7e0b9","hazelcast/src/main/java/com/hazelcast/replicatedmap/impl/PartitionContainer.java","6","0","1","6","70","107","1"
"hazelcast","ecaaec40f356936a3252c08a2bf6f4180fd3c81b","hazelcast-client/src/main/java/com/hazelcast/client/LifecycleServiceImpl.java","6","0","1","6","71","105","0"
"hazelcast","c4feb143e90da0ac828ba9077c83e15a9d4fb4cd","hazelcast/src/main/java/com/hazelcast/cache/impl/client/CacheEntryProcessorRequest.java","6","0","1","6","73","108","1"
"hazelcast","23c8fa6ea06ea514d0009b6cb37f8af245bef892","hazelcast/src/main/java/com/hazelcast/cache/impl/client/CacheEntryProcessorRequest.java","6","0","1","6","74","109","0"
"BroadleafCommerce","0190a586f4251434b68ccee241c52de0d1cbc386","core/broadleaf-framework/src/main/java/org/broadleafcommerce/core/catalog/service/CategorySiteMapGenerator.java","6","0","1","6","75","134","1"
"hazelcast","d38202141395360399c9cf97d4453adf5b1581e1","hazelcast/src/main/java/com/hazelcast/client/impl/protocol/task/cache/CacheAddEntryListenerMessageTask.java","6","0","1","6","76","112","1"
"elasticsearch","ebd95b7eb80cb89dfc4c9567a00cca715f4e999b","modules/elasticsearch/src/main/java/org/elasticsearch/index/cache/filter/resident/ResidentFilterCache.java","6","0","1","6","78","119","0"
"hazelcast","22c782cf4670330503dee123b73fa483726328a2","hazelcast/src/main/java/com/hazelcast/ringbuffer/impl/operations/AbstractRingBufferOperation.java","6","0","1","6","79","129","1"
"BroadleafCommerce","5f570d8e6d59c3633cb995c62f7c8fe32911a6fb","core/broadleaf-framework/src/main/java/org/broadleafcommerce/core/catalog/service/CategorySiteMapGenerator.java","6","0","1","6","79","141","1"
"hazelcast","c99737523eb1e3b576d2f4fd450916bb708aff50","hazelcast/src/main/java/com/hazelcast/ringbuffer/impl/operations/AbstractRingBufferOperation.java","6","0","1","6","80","131","0"
"hazelcast","df0d7fd83bf0ba427592c2727a417af3136f8d5f","hazelcast/src/main/java/com/hazelcast/map/operation/MultipleEntryBackupOperation.java","6","0","1","6","81","101","1"
"BroadleafCommerce","50bf4ba1726d8dbec6c9b0a78538fd44f2886a05","core/broadleaf-framework/src/main/java/org/broadleafcommerce/core/catalog/service/CategorySiteMapGenerator.java","6","0","1","6","82","143","1"
"BroadleafCommerce","a6d58658d4481e662c994e94a1a1ee53340b013a","core/broadleaf-framework/src/main/java/org/broadleafcommerce/core/catalog/service/CategorySiteMapGenerator.java","6","0","1","6","84","143","0"
"BroadleafCommerce","7d3492c82ce135eccee19daa150f650ee3d5747c","core/broadleaf-framework/src/main/java/org/broadleafcommerce/core/catalog/service/CategorySiteMapGenerator.java","6","0","1","6","84","145","0"
"elasticsearch","ebd95b7eb80cb89dfc4c9567a00cca715f4e999b","modules/elasticsearch/src/main/java/org/elasticsearch/index/cache/filter/weak/WeakFilterCache.java","6","0","1","6","85","127","0"
"neo4j","ef60bfe38f0249b3614b7195611717e338c0ba02","community/lucene-index/src/main/java/org/neo4j/kernel/api/impl/schema/writer/PartitionedIndexWriter.java","6","0","1","6","87","135","1"
"antlr4","29c2712ae1eee9575324db48c2f72c7cb0d28308","tool/test/org/antlr/v4/test/tool/TestFastQueue.java","6","0","1","6","94","135","0"
"hazelcast","0cf8d4e4b4bb67c11e3b136f5e719e6d498b7504","hazelcast/src/test/java/com/hazelcast/cache/instance/CacheHazelcastInstanceAwareTest.java","6","0","1","63","473","615","0"
"BroadleafCommerce","eb6cf8407f556f14b2a533ef88330514661aa880","core/broadleaf-framework/src/test/java/org/broadleafcommerce/core/offer/service/processor/OrderOfferProcessorTest.java","6","0","1","7","108","176","1"
"elasticsearch","4a815bf6654b5e271942a62d3f2b0dc04c408de9","plugins/discovery-ec2/src/main/java/org/elasticsearch/plugin/discovery/ec2/Ec2DiscoveryPlugin.java","6","0","1","7","142","191","1"
"elasticsearch","ceaae47d38eeec5394181525926d4952cfd4af9d","plugins/discovery-ec2/src/main/java/org/elasticsearch/plugin/discovery/ec2/Ec2DiscoveryPlugin.java","6","0","1","7","142","194","1"
"elasticsearch","50bc31a918be707fd690651ba7394fb89e2fac09","plugins/discovery-ec2/src/main/java/org/elasticsearch/plugin/discovery/ec2/Ec2DiscoveryPlugin.java","6","0","1","7","144","197","0"
"hazelcast","317fabec0c90b274c686ba018cc1b465fee244f2","hazelcast-client-new/src/test/java/com/hazelcast/client/map/ClientMapIssueTest.java","6","0","1","7","160","233","0"
"hazelcast","b777381e2f8cfc3d8bcde3a87c5cc9993e31d4a2","hazelcast-client-new/src/test/java/com/hazelcast/client/map/ClientMapIssueTest.java","6","0","1","7","162","235","1"
"elasticsearch","8dad914a1c141de67d0384737646ddca213b09e6","src/main/java/org/elasticsearch/cluster/action/index/NodeIndexDeletedAction.java","6","0","1","7","180","244","1"
"neo4j","3e2c2af5ca337bfd6f39f058033c183955e4b025","community/bolt/src/main/java/org/neo4j/bolt/v1/messaging/BoltMessageRouter.java","6","0","1","7","189","256","1"
"neo4j","ec498f343a1c65d43208bc7d490de0bce33fa1bb","community/bolt/src/main/java/org/neo4j/bolt/v1/messaging/BoltMessageRouter.java","6","0","1","7","189","256","1"
"neo4j","760f107b155cb776fdb628fa64575a9ed367720b","community/bolt/src/main/java/org/neo4j/bolt/v1/messaging/BoltMessageRouter.java","6","0","1","7","189","256","0"
"hazelcast","22fbaeaaf64f2ddc3d6548e80b7e07c312d9251e","hazelcast/src/test/java/com/hazelcast/map/IssuesTest.java","6","0","1","7","217","276","1"
"elasticsearch","35f6496694a6bd71977765e0ebfa09ba8fc09854","src/test/java/org/elasticsearch/common/util/concurrent/PrioritizedExecutorsTests.java","6","0","1","7","274","332","0"
"elasticsearch","e40eee557fa0eb9449672cf9bd8a89eea3bc9d4b","core/src/test/java/org/elasticsearch/common/util/concurrent/PrioritizedExecutorsTests.java","6","0","1","7","274","332","0"
"elasticsearch","275848eb9bc51514f76ac38ffcfbd9e740f47cbd","core/src/test/java/org/elasticsearch/common/util/concurrent/PrioritizedExecutorsTests.java","6","0","1","7","274","332","1"
"elasticsearch","1d9302b6a7456121d0e17d61b2771e4b1a1736da","core/src/test/java/org/elasticsearch/common/util/concurrent/PrioritizedExecutorsTests.java","6","0","1","7","280","342","0"
"elasticsearch","4156a4bebb5a811604216196090524f6c989eecd","core/src/test/java/org/elasticsearch/common/util/concurrent/PrioritizedExecutorsTests.java","6","0","1","7","280","342","0"
"elasticsearch","ac39e73183f375ee9ccc2e926ff6168a1884eb70","core/src/test/java/org/elasticsearch/common/util/concurrent/PrioritizedExecutorsTests.java","6","0","1","7","280","342","0"
"elasticsearch","ef33183a1974c376e0fc18d0f785b4cc20d3ba14","core/src/test/java/org/elasticsearch/common/util/concurrent/PrioritizedExecutorsTests.java","6","0","1","7","280","342","1"
"orientdb","32bcab3904ae06f31e694dacebdb04af0e807381","core/src/main/java/com/orientechnologies/orient/core/sql/parser/OProjection.java","6","0","1","7","44","60","1"
"elasticsearch","a6459940862ad450677193344c03eb55d2392e65","src/test/java/org/elasticsearch/search/aggregations/bucket/ReverseNestedTests.java","6","0","1","7","560","636","0"
"elasticsearch","13b64cc362772f378a2c87258c3ca8c9e71aa62c","src/test/java/org/elasticsearch/search/aggregations/bucket/ReverseNestedTests.java","6","0","1","7","568","644","0"
"elasticsearch","ebb7ecb00e31126f545334fe7b8067b570c6e3ce","src/test/java/org/elasticsearch/search/aggregations/bucket/ReverseNestedTests.java","6","0","1","7","569","645","1"
"elasticsearch","e82f96f1e5371ef6ef9d9907b557b6a855d1a5da","src/main/java/org/elasticsearch/index/analysis/CustomAnalyzer.java","6","0","1","7","60","101","1"
"elasticsearch","d97839b8a82b9aedf7ebba81905e6f6c9d57ebc7","src/main/java/org/elasticsearch/index/analysis/CustomAnalyzer.java","6","0","1","7","61","101","0"
"BroadleafCommerce","e216da5ebb303680f5c60ffcd75979f5876ab5a6","common/src/main/java/org/broadleafcommerce/common/util/TransactionUtils.java","6","0","1","7","61","107","0"
"elasticsearch","943dbb8ab60356923a532c144919768870d36825","src/main/java/org/elasticsearch/common/blobstore/fs/FsBlobContainer.java","6","0","1","7","65","101","1"
"elasticsearch","d8f16178d3f21b4f9d17da12e7aa61613fc2c27a","src/main/java/org/elasticsearch/common/blobstore/fs/FsBlobContainer.java","6","0","1","7","67","105","1"
"orientdb","1b7171c450903f543d2cf0d3f0c805b58b4f701c","graphdb/src/test/java/com/orientechnologies/orient/graph/sql/OCommandExecutorSQLDeleteVertexTest.java","6","0","1","7","70","127","1"
"hazelcast","9dfbd933bfda3fa1cf525b0b7b9764e0ea5b1cf0","hazelcast/src/main/java/com/hazelcast/concurrent/idgen/IdGeneratorImpl.java","6","0","1","7","72","111","0"
"orientdb","2a004c4b73a8609cf941b54707f6e23ff7cbea22","core/src/main/java/com/orientechnologies/orient/core/storage/impl/memory/ODirectMemoryStorage.java","6","0","1","7","72","112","0"
"hazelcast","aa93f64600952edbb4010c9c0d2f52d310f324ce","hazelcast/src/main/java/com/hazelcast/replicatedmap/impl/PartitionContainer.java","6","0","1","7","73","111","0"
"elasticsearch","82df50a039551cf6c469f06c3db0f1d6896eadb3","src/main/java/org/elasticsearch/search/aggregations/metrics/min/InternalMin.java","6","0","1","7","73","113","0"
"hazelcast","bc45e6ee9ed996d23bcaa2702c772a11bd4de8fa","hazelcast/src/main/java/com/hazelcast/cache/impl/operation/CacheReplaceOperation.java","6","0","1","7","74","115","1"
"elasticsearch","82df50a039551cf6c469f06c3db0f1d6896eadb3","src/main/java/org/elasticsearch/search/aggregations/metrics/avg/InternalAvg.java","6","0","1","7","78","117","0"
"neo4j","9a371bafe80ceb4e6cdc8502fbd22f9f8ec3d59d","enterprise/core-edge/src/main/java/org/neo4j/coreedge/raft/state/StateRecoveryManager.java","6","0","1","7","81","126","1"
"neo4j","7723d89e6d1d951e8923fb102da0228db2e4e8f9","community/kernel/src/main/java/org/neo4j/kernel/impl/api/store/StorePropertyCursor.java","6","0","1","7","82","125","2"
"neo4j","4f04ee08438d4e1c99095d9d8a9f2ec223af89a9","community/kernel/src/main/java/org/neo4j/kernel/impl/api/store/StorePropertyCursor.java","6","0","1","7","87","130","1"
"netty","2a6ed67efc4ffb15647313b82e450a3951a6a3bd","example/src/main/java/io/netty/example/spdy/client/SpdyClient.java","6","0","1","7","87","141","1"
"elasticsearch","98641ff39f81dd7a8906b33718e7ba3921d57453","src/main/java/org/elasticsearch/search/aggregations/bucket/geogrid/GeoHashGridAggregator.java","6","0","1","7","92","139","1"
"netty","9125060752f5124949e55a6868647c75f88cdb01","example/src/main/java/io/netty/example/spdy/client/SpdyClient.java","6","0","1","7","93","147","0"
"hazelcast","0fd3a71c944b64d8b3a3ad75361015fb289be227","hazelcast/src/main/java/com/hazelcast/internal/diagnostics/DiagnosticsLogWriter.java","6","0","1","7","98","149","0"
"hazelcast","5c691986a275931839c3c2cb55619b8d18795dc4","hazelcast/src/main/java/com/hazelcast/internal/diagnostics/DiagnosticsLogWriter.java","6","0","1","7","98","149","0"
"hazelcast","bba8ac082b5f2377770d9d497a9b83fd38ceaf43","hazelcast/src/main/java/com/hazelcast/internal/diagnostics/DiagnosticsLogWriter.java","6","0","1","7","98","149","0"
"hazelcast","8d721b36c2e877ff877a6f82d99be79f5e04bbf4","hazelcast/src/main/java/com/hazelcast/internal/diagnostics/DiagnosticsLogWriter.java","6","0","1","7","98","149","1"
"hazelcast","2c3e0b280feee04115ed39bf4cbbc2c5af0d7bb4","hazelcast/src/main/java/com/hazelcast/cache/impl/operation/CacheCreateConfigOperation.java","6","0","1","8","105","160","0"
"hazelcast","93fd800d6c6f6781ef95536bba7e2b200fe9678d","hazelcast/src/test/java/com/hazelcast/client/protocol/RawProtocolAuthenticationTest.java","6","0","1","8","174","225","0"
"hazelcast","d568e4d926d925d57d4e79e34614390416749301","hazelcast/src/test/java/com/hazelcast/client/protocol/RawProtocolAuthenticationTest.java","6","0","1","8","174","225","0"
"hazelcast","27d49efcee88ee428254cf38353e8698ea127c45","hazelcast/src/test/java/com/hazelcast/client/protocol/RawProtocolAuthenticationTest.java","6","0","1","8","174","225","1"
"netty","fbaf5d06e65f9adaf57bc6bb9d566b64b40a3830","transport/src/test/java/io/netty/channel/PendingWriteQueueTest.java","6","0","1","8","220","290","0"
"netty","bace371ca5c84760f0f644ba77212ec7aa9a9cc7","codec-http2/src/test/java/io/netty/handler/codec/http2/Http2ConnectionRoundtripTest.java","6","0","1","8","387","495","1"
"BroadleafCommerce","a943eeae9ff5398e1779755ad265d6e1eb0e094c","common/src/main/java/org/broadleafcommerce/common/web/payment/processor/AbstractTRCreditCardExtensionHandler.java","6","0","1","8","49","110","0"
"hazelcast","564167c1f93b32ce742411106e9ae67eae88a801","hazelcast/src/main/java/com/hazelcast/partition/PartitionInfo.java","6","0","1","8","56","91","0"
"hazelcast","4b37b0ebf8a268dba38bcdd279b2ad087568b60a","hazelcast/src/main/java/com/hazelcast/map/impl/LazyMapEntry.java","6","0","1","8","61","112","0"
"orientdb","9b12a3a13dd510af87cd280313523c509bb60cca","core/src/main/java/com/orientechnologies/orient/core/query/live/OLiveQueryQueueThread.java","6","0","1","8","61","98","1"
"hazelcast","525c34cddd7f4e08d674611e177bab103e4d1881","hazelcast/src/main/java/com/hazelcast/cluster/MembersUpdateCall.java","6","0","1","8","64","99","1"
"neo4j","3ba4c3eb9ac99cd80673b361aec957e934853e90","community/kernel/src/main/java/org/neo4j/kernel/impl/api/store/LegacyStorePropertyCursor.java","6","0","1","8","69","108","0"
"elasticsearch","467a459f95d8709379bf3e7f415644b246a89dba","core/src/main/java/org/elasticsearch/search/aggregations/bucket/significant/heuristics/JLHScore.java","6","0","1","8","69","135","1"
"hazelcast","5009d4a90be3c901942a0a89cf29a92c074231f1","hazelcast/src/main/java/com/hazelcast/collection/impl/txnqueue/operations/TxnRollbackOperation.java","6","0","1","8","70","106","0"
"elasticsearch","821021f0e478ca44d828e62c139ea19f0fd7290a","core/src/main/java/org/elasticsearch/search/aggregations/bucket/significant/heuristics/JLHScore.java","6","0","1","8","71","137","0"
"elasticsearch","78574d248cf10dad1c5a566fda79e1e0c94afe43","core/src/main/java/org/elasticsearch/action/ingest/SimulateProcessorResult.java","6","0","1","8","72","105","1"
"elasticsearch","e6aaaf11ed4a1b8f595f920de1840938eddb7a97","core/src/main/java/org/elasticsearch/action/ingest/SimulateProcessorResult.java","6","0","1","8","72","105","1"
"elasticsearch","a60b8948ba1d836a6eac7cff095519e618939ed8","core/src/main/java/org/elasticsearch/action/ingest/SimulateProcessorResult.java","6","0","1","8","72","105","0"
"hazelcast","dc3c91a78a7f39ca33d277a66346a5f9b3bf0ab2","hazelcast/src/main/java/com/hazelcast/multimap/txn/TxnCommitOperation.java","6","0","1","8","72","106","2"
"hazelcast","3cc13b14fba6b8e6e2ab9149c8d17561a29c537f","hazelcast/src/main/java/com/hazelcast/collection/impl/txnqueue/operations/TxnRollbackOperation.java","6","0","1","8","72","108","1"
"hazelcast","67235ce99477aeeecc86d225926b6456b7ceef20","hazelcast/src/main/java/com/hazelcast/collection/impl/txnqueue/operations/TxnRollbackOperation.java","6","0","1","8","72","108","1"
"hazelcast","a46aa8502977bde24649cec3b52fbb065d6f480f","hazelcast/src/main/java/com/hazelcast/collection/impl/txnqueue/operations/TxnRollbackOperation.java","6","0","1","8","72","108","1"
"hazelcast","e7c312280062991ae79e7194e151e12ea3aa2897","hazelcast/src/main/java/com/hazelcast/collection/impl/txnqueue/operations/TxnRollbackOperation.java","6","0","1","8","72","108","0"
"elasticsearch","1584c73e4a85037ce83744a384805f234b288548","src/main/java/org/elasticsearch/search/aggregations/metrics/sum/SumAggregator.java","6","0","1","8","72","113","1"
"hazelcast","d3e09e369981a387ee9d6890e981c80104bd5ab7","hazelcast/src/main/java/com/hazelcast/concurrent/idgen/IdGeneratorImpl.java","6","0","1","8","76","116","1"
"netty","94aad586270abbb95569d3d45fad8db810bfc098","codec-http/src/main/java/io/netty/handler/codec/http/multipart/AbstractHttpData.java","6","0","1","8","77","114","0"
"hazelcast","e56ed623e2f90ba7444669e38f971c3206d1c4a0","hazelcast/src/main/java/com/hazelcast/transaction/impl/ReplicateTxOperation.java","6","0","1","8","79","113","1"
"elasticsearch","c4ae23f5d8d54ed45155be5690d0a1d50e7d52f8","core/src/main/java/org/elasticsearch/common/blobstore/fs/FsBlobContainer.java","6","0","1","8","88","134","0"
"hazelcast","93fd800d6c6f6781ef95536bba7e2b200fe9678d","hazelcast/src/main/java/com/hazelcast/client/impl/ClientEndpointManagerImpl.java","6","0","1","8","93","138","2"
"elasticsearch","78574d248cf10dad1c5a566fda79e1e0c94afe43","core/src/main/java/org/elasticsearch/action/admin/cluster/stats/ClusterStatsResponse.java","6","0","1","9","102","148","1"
"elasticsearch","e6aaaf11ed4a1b8f595f920de1840938eddb7a97","core/src/main/java/org/elasticsearch/action/admin/cluster/stats/ClusterStatsResponse.java","6","0","1","9","102","148","1"
"elasticsearch","a60b8948ba1d836a6eac7cff095519e618939ed8","core/src/main/java/org/elasticsearch/action/admin/cluster/stats/ClusterStatsResponse.java","6","0","1","9","102","148","0"
"elasticsearch","fdf2bb93716c2a6f2b0d0785df386ecd414994c4","src/main/java/org/elasticsearch/search/aggregations/metrics/tophits/InternalTopHits.java","6","0","1","9","111","150","0"
"elasticsearch","3ef6860679d6665cb79878491c127782eeb3f1ab","src/main/java/org/elasticsearch/search/aggregations/metrics/tophits/InternalTopHits.java","6","0","1","9","112","152","0"
"elasticsearch","d8cd75544536a211fa5c66e190aa4313213f0308","src/main/java/org/elasticsearch/search/aggregations/metrics/tophits/InternalTopHits.java","6","0","1","9","113","152","1"
"hazelcast","05b27a3d7f9adfb832f8fb0c7927fc71c14df2b4","hazelcast/src/main/java/com/hazelcast/cache/impl/client/CacheAddEntryListenerRequest.java","6","0","1","9","122","169","2"
"hazelcast","ae877df50978fcfb112d6d0cab2c78f80d1ee770","hazelcast/src/main/java/com/hazelcast/cache/impl/client/CacheAddEntryListenerRequest.java","6","0","1","9","131","178","1"
"hazelcast","d65de8708631978b87d39db7c947a073e0963228","hazelcast/src/main/java/com/hazelcast/cache/impl/client/CacheAddEntryListenerRequest.java","6","0","1","9","131","178","2"
"hazelcast","264b730b6e10ae9df6f5d8727209ca007160236f","hazelcast/src/main/java/com/hazelcast/cache/impl/client/CacheAddEntryListenerRequest.java","6","0","1","9","131","178","0"
"titan","86bc51a0b9aa5d6d59ec1770f6fdafff8d0a5f7e","titan-test/src/test/java/com/thinkaurelius/titan/graphdb/inmemory/InMemoryMetricsTest.java","6","0","1","9","138","167","0"
"elasticsearch","570c67942030bde4da1eeac3c00c3c1d5df4bb2a","src/test/java/org/elasticsearch/search/suggest/context/GeoLocationContextMappingTest.java","6","0","1","9","152","199","0"
"elasticsearch","8efa18e6167e276dd220b60c34b516d05252bc22","core/src/main/java/org/elasticsearch/common/rounding/TimeZoneRounding.java","6","0","1","9","156","216","2"
"netty","2a14f749796ad754ab43d89e69f55ea44ee758a6","transport/src/test/java/io/netty/channel/PendingWriteQueueTest.java","6","0","1","9","266","339","1"
"netty","7547a448e00e4766108baa7ee21886647dee5b52","transport/src/test/java/io/netty/channel/PendingWriteQueueTest.java","6","0","1","9","269","344","0"
"netty","ba6ce5449ee852b782dde9a11933f6a09b123e22","codec-http2/src/test/java/io/netty/handler/codec/http2/Http2ConnectionRoundtripTest.java","6","0","1","9","411","526","0"
"orientdb","709ff7150457c484fe2d9120971077ebd5439fa3","core/src/main/java/com/orientechnologies/orient/core/sql/parser/OOrderByItem.java","6","0","1","9","52","66","0"
"elasticsearch","01b18ad219933679256753fa8639c37d11cac1ff","src/main/java/org/elasticsearch/search/aggregations/metrics/sum/SumAggregator.java","6","0","1","9","76","118","0"
"elasticsearch","53b1b6e4bb94e1db1bbca764100f2e0206b43f4d","src/main/java/org/elasticsearch/search/facet/datehistogram/CountDateHistogramFacetCollector.java","6","0","1","9","81","135","0"
"hazelcast","3cc13b14fba6b8e6e2ab9149c8d17561a29c537f","hazelcast/src/main/java/com/hazelcast/collection/impl/queue/operations/AddAllOperation.java","6","0","1","9","82","117","1"
"hazelcast","67235ce99477aeeecc86d225926b6456b7ceef20","hazelcast/src/main/java/com/hazelcast/collection/impl/queue/operations/AddAllOperation.java","6","0","1","9","82","117","1"
"hazelcast","a46aa8502977bde24649cec3b52fbb065d6f480f","hazelcast/src/main/java/com/hazelcast/collection/impl/queue/operations/AddAllOperation.java","6","0","1","9","82","117","1"
"hazelcast","e7c312280062991ae79e7194e151e12ea3aa2897","hazelcast/src/main/java/com/hazelcast/collection/impl/queue/operations/AddAllOperation.java","6","0","1","9","82","117","0"
"hazelcast","a15c73c3b557982d3d61b01d695917b1aaae38ab","hazelcast-client/src/main/java/com/hazelcast/client/txn/proxy/ClientTxnMultiMapProxy.java","6","0","1","9","90","125","1"
"oryx","27e9046b2bd92243c260efd8bcd0af46b92bdf9e","framework/oryx-common/src/main/java/com/cloudera/oryx/common/settings/ConfigUtils.java","6","0","10","0","72","157","0"
"junit","bb13b318cd79a68470e93c79635090c7bb565475","src/main/java/org/junit/rules/ExpectedException.java","6","0","10","1","90","266","0"
"elasticsearch","0556c93920af457c0dfb41dc2f52013ebc3e136e","core/src/main/java/org/elasticsearch/discovery/zen/ping/ZenPing.java","6","0","10","12","109","191","1"
"elasticsearch","e1efd5f6baf8dec1c23c79b346b8a29f234a98bb","core/src/main/java/org/elasticsearch/common/inject/multibindings/MapBinder.java","6","0","10","7","216","398","0"
"elasticsearch","98640310c2adff8f8d164590faf019193201c747","src/main/java/org/elasticsearch/search/internal/SearchContext.java","6","0","10","96","202","376","1"
"elasticsearch","8bdfd21b70568a39ebf5232e8c395f5206a7a63f","src/main/java/org/elasticsearch/search/internal/SearchContext.java","6","0","10","96","205","379","0"
"elasticsearch","41fd4d87223a2be57524d3df55639d8df118ce85","src/main/java/org/elasticsearch/search/internal/SearchContext.java","6","0","10","97","205","379","1"
"elasticsearch","add433944676594b5696bc949e3e8eea38cf037d","src/main/java/org/elasticsearch/search/internal/SearchContext.java","6","0","10","97","206","380","0"
"elasticsearch","f675801b2669ea7414ef0379e1c8b9812660aae5","core/src/test/java/org/elasticsearch/common/network/NetworkServiceTests.java","6","0","11","0","75","142","0"
"junit","36397848551f1dc843e4bf5036ff7b00b5cd6adb","src/main/java/org/junit/runner/notification/RunNotifier.java","6","0","12","0","117","191","0"
"hazelcast","db2efafdcd0aa5c012c49b293965ce166b834979","hazelcast/src/test/java/com/hazelcast/internal/nearcache/NearCacheTestUtils.java","6","0","12","0","123","251","1"
"elasticsearch","25fd9e26c4fb042d6f6dea14efcd239577bdbbc4","core/src/main/java/org/elasticsearch/action/search/SearchResponse.java","6","0","12","10","139","237","0"
"elasticsearch","78574d248cf10dad1c5a566fda79e1e0c94afe43","core/src/main/java/org/elasticsearch/action/search/SearchResponse.java","6","0","12","10","140","238","1"
"elasticsearch","e6aaaf11ed4a1b8f595f920de1840938eddb7a97","core/src/main/java/org/elasticsearch/action/search/SearchResponse.java","6","0","12","10","140","238","1"
"elasticsearch","a60b8948ba1d836a6eac7cff095519e618939ed8","core/src/main/java/org/elasticsearch/action/search/SearchResponse.java","6","0","12","10","140","238","0"
"netty","b19a12b952398dba12e46db452f0b8220d1e0267","codec-http2/src/test/java/io/netty/handler/codec/http2/DefaultHttp2RemoteFlowControllerTest.java","6","0","12","23","922","1354","1"
"hazelcast","95b267ab7deb035825584655e09479425d152750","hazelcast/src/test/java/com/hazelcast/internal/nearcache/NearCacheTestUtils.java","6","0","13","0","127","262","0"
"hazelcast","cbba969689bb53e3f7a2239b19c5cedd4c3a78c6","hazelcast-ra/hazelcast-jca/src/main/java/com/hazelcast/jca/HazelcastConnectionImpl.java","6","0","13","10","126","227","0"
"hazelcast","5032b0529d0c0900e5bea5b2fb5008b7b5df776a","hazelcast-ra/hazelcast-jca/src/main/java/com/hazelcast/jca/HazelcastConnectionImpl.java","6","0","13","10","126","228","1"
"neo4j","1f8c2d6a9466972520b49477c149e83779757d7a","enterprise/security/src/test/java/org/neo4j/server/security/enterprise/auth/integration/bolt/LdapAuthenticationIT.java","6","0","13","22","541","853","1"
"neo4j","b1fd18fb6f2cfbcf3ed32d071fd02b8dafdbd71c","enterprise/security/src/test/java/org/neo4j/server/security/enterprise/auth/integration/bolt/LdapAuthenticationIT.java","6","0","13","24","559","876","0"
"elasticsearch","a3cefd919e81fd7c2c171426b64aa3357bfa6db4","src/main/java/org/elasticsearch/action/get/GetRequestBuilder.java","6","0","14","3","96","201","2"
"elasticsearch","5706858722452b13465b15930e4f4cb2e8286449","src/main/java/org/elasticsearch/action/get/GetRequestBuilder.java","6","0","14","4","100","206","0"
"elasticsearch","f23274523a4d957156fa48923cbf651bdeb2813f","src/main/java/org/elasticsearch/action/bench/CompetitionResult.java","6","0","14","4","102","207","0"
"elasticsearch","1f04182b8164ffb19f3805c48d67f0375262b317","core/src/main/java/org/elasticsearch/action/admin/indices/validate/query/ValidateQueryRequest.java","6","0","14","6","125","226","0"
"elasticsearch","e1efd5f6baf8dec1c23c79b346b8a29f234a98bb","core/src/main/java/org/elasticsearch/action/admin/indices/validate/query/ValidateQueryRequest.java","6","0","14","7","125","226","0"
"elasticsearch","371c73e14023917f3892090d2d3d7ff9ac1216b9","core/src/main/java/org/elasticsearch/client/transport/TransportClient.java","6","0","15","0","163","283","3"
"elasticsearch","78574d248cf10dad1c5a566fda79e1e0c94afe43","core/src/main/java/org/elasticsearch/client/transport/TransportClient.java","6","0","15","0","163","283","2"
"elasticsearch","e6aaaf11ed4a1b8f595f920de1840938eddb7a97","core/src/main/java/org/elasticsearch/client/transport/TransportClient.java","6","0","15","0","163","283","2"
"elasticsearch","a60b8948ba1d836a6eac7cff095519e618939ed8","core/src/main/java/org/elasticsearch/client/transport/TransportClient.java","6","0","15","0","163","283","0"
"elasticsearch","725d7f968b8e08ecffb8a5498fb22e28bef160df","core/src/main/java/org/elasticsearch/client/transport/TransportClient.java","6","0","15","0","165","285","1"
"elasticsearch","ef592a8e17e16104faa9a5c3b6dc06016ba49a01","core/src/main/java/org/elasticsearch/client/transport/TransportClient.java","6","0","15","0","165","286","0"
"elasticsearch","76c472973ed6b05b389202fbeb2b6997be94b476","core/src/main/java/org/elasticsearch/client/transport/TransportClient.java","6","0","15","0","165","287","0"
"elasticsearch","da699ceae2802d8336931d5742d53de09b4e8f47","core/src/main/java/org/elasticsearch/client/transport/TransportClient.java","6","0","15","0","166","286","0"
"elasticsearch","2bd09c4625898d77aa6c015c6f82cf973ed18cb7","core/src/main/java/org/elasticsearch/client/transport/TransportClient.java","6","0","15","0","166","287","0"
"elasticsearch","5a91ad11152fb54724083b696339b78829c8b905","core/src/main/java/org/elasticsearch/client/transport/TransportClient.java","6","0","15","0","166","287","0"
"elasticsearch","3d13c27fa0df12018f35f1b20987c90277e9b6f9","core/src/main/java/org/elasticsearch/client/transport/TransportClient.java","6","0","15","0","166","287","1"
"elasticsearch","e458d4fd93136cfc42708d9311d05bee36f69321","src/main/java/org/elasticsearch/search/aggregations/Aggregator.java","6","0","15","4","100","234","0"
"elasticsearch","d64d0d6a97ae8dd70ba6018f97dd3c5fc10acd53","src/main/java/org/elasticsearch/search/aggregations/Aggregator.java","6","0","15","4","106","238","1"
"elasticsearch","e8467f0978154f3419e479d3030348e6bb1c7e1b","src/main/java/org/elasticsearch/cluster/routing/allocation/RoutingAllocation.java","6","0","15","7","110","236","0"
"netty","b9682a26b1198bc276823b0465cb9d7039cbbb7b","codec-http/src/main/java/io/netty/handler/codec/http/cors/CorsConfigBuilder.java","6","0","16","0","125","353","1"
"hazelcast","8f17cac695980d4c36cd2ec9c7a31aa00923175c","hazelcast/src/main/java/com/hazelcast/util/QuickMath.java","6","0","16","1","72","231","1"
"hazelcast","ea8d5c4fc8e2e627a997c89892e3aa3da9e523e3","hazelcast/src/main/java/com/hazelcast/util/QuickMath.java","6","0","16","1","72","232","0"
"elasticsearch","776e5d8096c7ddea8996d8c70165f6971aadd776","core/src/main/java/org/elasticsearch/action/delete/DeleteRequest.java","6","0","16","9","147","264","1"
"netty","f59392d9f5aba4a7e5f4cbc663b428becf53db61","codec-http/src/main/java/io/netty/handler/codec/http/cors/CorsConfigBuilder.java","6","0","17","0","125","353","0"
"elasticsearch","da98aab13f4a2f5293ce29dddfb0fb5f7b1155d8","modules/elasticsearch/src/main/java/org/elasticsearch/action/delete/DeleteRequest.java","6","0","18","9","141","266","1"
"BroadleafCommerce","c648eca7d16c18a9cd5d5ef40971942a691bf230","core/broadleaf-profile-web/src/main/java/org/broadleafcommerce/profile/web/core/CustomerStateRefresher.java","6","0","2","0","28","75","0"
"BroadleafCommerce","33b32c1cf4476c10a26b626ee988dddaab556e4a","core/broadleaf-profile-web/src/main/java/org/broadleafcommerce/profile/web/core/CustomerStateRefresher.java","6","0","2","0","28","77","1"
"BroadleafCommerce","9792750b6ea6096d02f7df41a000300506b6aab1","core/broadleaf-profile-web/src/main/java/org/broadleafcommerce/profile/web/core/CustomerStateRefresher.java","6","0","2","0","28","78","1"
"BroadleafCommerce","94876e5f292d1d5e50e43d87ba20e633a046bc2d","core/broadleaf-profile-web/src/main/java/org/broadleafcommerce/profile/web/core/CustomerStateRefresher.java","6","0","2","0","37","101","0"
"BroadleafCommerce","9b556e9914c84a41ae10f07813ea46a5d2023f27","core/broadleaf-profile-web/src/main/java/org/broadleafcommerce/profile/web/core/CustomerStateRefresher.java","6","0","2","0","38","102","0"
"hazelcast","d568e4d926d925d57d4e79e34614390416749301","hazelcast/src/test/java/com/hazelcast/cache/impl/InternalCacheRecordStoreTest.java","6","0","2","1","168","215","0"
"elasticsearch","972c1cc398a0058477ba6dfb22143b805ab5c8b3","core/src/main/java/org/elasticsearch/action/support/TransportActions.java","6","0","2","1","24","53","2"
"elasticsearch","a8dcfa5deb65d57ae4814f97c7f5231ed45507c2","src/main/java/org/elasticsearch/action/support/TransportActions.java","6","0","2","1","30","59","0"
"BroadleafCommerce","7380bc2cc48fd73ec717a648dfb51ca5c76ff035","common/src/main/java/org/broadleafcommerce/common/extensibility/jpa/copy/AbstractClassTransformer.java","6","0","2","1","30","68","0"
"BroadleafCommerce","fdc7d18692bbea8a677af04f5c9dc56a0a6946f1","core/broadleaf-framework-web/src/main/java/org/broadleafcommerce/core/web/api/wrapper/BaseWrapper.java","6","0","2","1","42","88","0"
"BroadleafCommerce","e65e83a67aac3068ecccd421620fbeb9425c13e1","admin/broadleaf-admin-module/src/main/java/org/broadleafcommerce/admin/web/controller/AdminProductTranslationExtensionHandler.java","6","0","2","1","43","79","0"
"netty","3f72add89a41b3d94309bccb0d253515c0543b65","codec/src/main/java/io/netty/handler/codec/MessageToByteEncoder.java","6","0","2","1","46","109","0"
"elasticsearch","13a347239a48d71486692a72c066e940dec8921b","core/src/main/java/org/elasticsearch/index/similarity/SimilarityModule.java","6","0","2","1","46","95","2"
"elasticsearch","c3ef49f5b03674048b2f0ba3bf4bbda6c7ab7abc","src/main/java/org/elasticsearch/index/search/shape/ShapeFetchService.java","6","0","2","1","48","88","0"
"elasticsearch","42b3f06a32844ade7fdf21e48f5e7e5800c31670","src/main/java/org/elasticsearch/index/search/shape/ShapeFetchService.java","6","0","2","1","49","89","0"
"BroadleafCommerce","f9519f5ac9832d1274034596cbcca326328a3406","common/src/main/java/org/broadleafcommerce/common/breadcrumbs/processor/BreadcrumbProcessor.java","6","0","2","1","54","97","0"
"hazelcast","867fc10b52c7da919de28f51c13599e0fc2a5f60","hazelcast/src/main/java/com/hazelcast/util/Clock.java","6","0","2","1","55","110","0"
"BroadleafCommerce","4f4240542cd5ef16563fbc1ad13d9895d84cb290","common/src/main/java/org/broadleafcommerce/common/breadcrumbs/processor/BreadcrumbProcessor.java","6","0","2","1","56","99","1"
"hazelcast","68a3a200050b20a56ace06c324564dba85ae2d26","hazelcast/src/main/java/com/hazelcast/util/Clock.java","6","0","2","1","63","107","1"
"netty","cd0b5ec2db593d45c96bd6b55b0024042534af04","codec/src/main/java/io/netty/handler/codec/protobuf/ProtobufDecoder.java","6","0","2","1","64","125","1"
"hazelcast","707932eed4859d26c9c896f844d9433f2795b290","hazelcast/src/main/java/com/hazelcast/util/Clock.java","6","0","2","1","65","122","0"
"netty","af4b71a00e30faf86ef1c2365e965e8f04f65bee","codec/src/main/java/io/netty/handler/codec/protobuf/ProtobufDecoder.java","6","0","2","1","65","126","0"
"elasticsearch","dc1742785d25ebf557313b4cb805a0b3e0607816","src/test/java/org/elasticsearch/index/mapper/string/SimpleStringMappingTests.java","6","0","2","10","435","538","0"
"elasticsearch","9ca5e6e3e12cf4f13eb6ed0140d9073ba89c61c9","src/main/java/org/elasticsearch/index/store/StoreFileMetaData.java","6","0","2","10","71","117","1"
"elasticsearch","0a69f1e283e26e5d9e6a000b68b9f4778de557a1","core/src/test/java/org/elasticsearch/index/SettingsListenerIT.java","6","0","2","10","87","135","2"
"elasticsearch","b039360d2ea974b9827df90ee7d425ca15c638d6","core/src/main/java/org/elasticsearch/percolator/PercolateContext.java","6","0","2","100","560","697","1"
"elasticsearch","16e350b2668d23041fa6882367b45dee7d90a336","src/main/java/org/elasticsearch/percolator/PercolateContext.java","6","0","2","107","568","708","0"
"elasticsearch","e8e684c6c48d3289f154cbb230f6bcd38fa2bc79","src/main/java/org/elasticsearch/percolator/PercolateContext.java","6","0","2","107","568","709","0"
"elasticsearch","d64d0d6a97ae8dd70ba6018f97dd3c5fc10acd53","src/main/java/org/elasticsearch/percolator/PercolateContext.java","6","0","2","111","583","727","1"
"elasticsearch","467a459f95d8709379bf3e7f415644b246a89dba","core/src/main/java/org/elasticsearch/percolator/PercolateContext.java","6","0","2","114","603","753","1"
"elasticsearch","821021f0e478ca44d828e62c139ea19f0fd7290a","core/src/main/java/org/elasticsearch/percolator/PercolateContext.java","6","0","2","114","610","760","0"
"hazelcast","f74b1afa9ffb561dfa6b3354dd03d4411ddf17f1","hazelcast-client/src/main/java/com/hazelcast/client/spi/impl/ClientInvocationServiceImpl.java","6","0","2","12","118","168","1"
"elasticsearch","598370b6c722f8b1f40b20b7fa5f21e3c0c0a85a","modules/elasticsearch/src/main/java/org/elasticsearch/cluster/ClusterChangedEvent.java","6","0","2","12","56","101","0"
"hazelcast","4ca7f16038918a0fa1e680ab06f1237839c7e805","hazelcast-client/src/main/java/com/hazelcast/client/util/ClientDelegatingFuture.java","6","0","2","13","138","199","0"
"hazelcast","7425829d0c217bbb16de5a89d37cfb278474b47e","hazelcast-client/src/main/java/com/hazelcast/client/util/ClientDelegatingFuture.java","6","0","2","13","138","199","0"
"hazelcast","d88d16bfdbbc9c921081b1445b3b0930739e9b2b","hazelcast-client/src/main/java/com/hazelcast/client/util/ClientDelegatingFuture.java","6","0","2","13","138","199","1"
"neo4j","868b4d731485023d2f7477e1133dcd5b263c851d","community/kernel/src/main/java/org/neo4j/unsafe/impl/batchimport/store/BatchingNeoStores.java","6","0","2","14","235","297","0"
"neo4j","a93c570faa774c1a40b635b6a3e6d8ccb61a99e8","community/kernel/src/main/java/org/neo4j/unsafe/impl/batchimport/store/BatchingNeoStores.java","6","0","2","14","244","307","1"
"elasticsearch","f857f9e47cb7e0ab3c72b5a29225ddf3742f7f67","src/test/java/org/elasticsearch/index/query/TemplateQueryTest.java","6","0","2","15","344","451","0"
"elasticsearch","14ba36977ed24fd670005800547541a4f2cdfa3a","core/src/test/java/org/elasticsearch/action/bulk/BulkRequestTests.java","6","0","2","17","271","320","1"
"elasticsearch","5c4c1c5e157cabace5124c327427e2cf644db9d6","core/src/test/java/org/elasticsearch/action/bulk/BulkRequestTests.java","6","0","2","18","282","332","0"
"elasticsearch","ff1e26276d8cd3f04c539951f5023fd1db499ca3","client/rest-high-level/src/test/java/org/elasticsearch/client/CustomRestHighLevelClientTests.java","6","0","2","2","122","183","1"
"hazelcast","0457a081641d0a769e18ca3bec7cfe0191ee8cfc","hazelcast/src/main/java/com/hazelcast/cache/impl/CacheService.java","6","0","2","2","33","84","2"
"hazelcast","31b746bc11a9f8f1787e58c7f4139784dfb5c404","hazelcast/src/main/java/com/hazelcast/cache/impl/CacheService.java","6","0","2","2","33","84","1"
"hazelcast","d2e1f4fce157cacb6842cb7a62b265d6ffd1532a","hazelcast/src/main/java/com/hazelcast/cache/impl/CacheService.java","6","0","2","2","33","84","0"
"hazelcast","37da3959df4151b304b211df87a6b900c0169cc5","hazelcast/src/main/java/com/hazelcast/cache/impl/CacheService.java","6","0","2","2","33","89","1"
"hazelcast","47a44ef83f429382b9b9033f81a8c7297e51ab03","hazelcast/src/main/java/com/hazelcast/internal/eviction/impl/evaluator/EvictionPolicyEvaluator.java","6","0","2","2","42","85","0"
"hazelcast","6aa478bb5620a41415f1e93043cca925c0c56043","hazelcast-client/src/main/java/com/hazelcast/client/cache/impl/HazelcastClientCachingProvider.java","6","0","2","2","50","86","0"
"oryx","e0b8eb77d5771ae8f13d00fd85fa143144cb8f42","app/oryx-app-serving/src/main/java/com/cloudera/oryx/app/serving/kmeans/model/KMeansServingModelManager.java","6","0","2","2","62","104","0"
"oryx","518dc444be616e55a8aeb1bd047aaa411ae3281a","app/oryx-app-serving/src/main/java/com/cloudera/oryx/app/serving/kmeans/model/KMeansServingModelManager.java","6","0","2","2","64","106","0"
"elasticsearch","d0c712299b68f598cacb4d4b7aa279f5bcfe86b5","src/test/java/org/elasticsearch/cloud/aws/AbstractAwsTest.java","6","0","2","2","68","115","0"
"elasticsearch","371c73e14023917f3892090d2d3d7ff9ac1216b9","core/src/main/java/org/elasticsearch/cluster/routing/RoutingService.java","6","0","2","2","80","133","3"
"elasticsearch","78574d248cf10dad1c5a566fda79e1e0c94afe43","core/src/main/java/org/elasticsearch/cluster/routing/RoutingService.java","6","0","2","2","80","133","2"
"elasticsearch","e6aaaf11ed4a1b8f595f920de1840938eddb7a97","core/src/main/java/org/elasticsearch/cluster/routing/RoutingService.java","6","0","2","2","80","133","2"
"elasticsearch","31b0777c911a87b7ebae0efd7d5b14d1e06f3879","core/src/main/java/org/elasticsearch/cluster/routing/RoutingService.java","6","0","2","2","80","133","0"
"elasticsearch","a60b8948ba1d836a6eac7cff095519e618939ed8","core/src/main/java/org/elasticsearch/cluster/routing/RoutingService.java","6","0","2","2","80","133","0"
"elasticsearch","075047065d5dd692d0a74f6ca70e796880f84df1","core/src/main/java/org/elasticsearch/cluster/metadata/MetaDataDeleteIndexService.java","6","0","2","2","90","135","0"
"antlr4","1aa3c957ebb6f7060decbd78a1be62c67da2619c","tool-testsuite/test/org/antlr/v4/test/tool/TestATNConstruction.java","6","0","2","28","535","746","1"
"antlr4","78155af499f821f91328ef68f7d6151bc43fd168","tool-testsuite/test/org/antlr/v4/test/tool/TestATNConstruction.java","6","0","2","29","549","760","0"
"hazelcast","1ec9b79a96f8c74881d2912c4d7b3c40f62a8b64","hazelcast/src/main/java/com/hazelcast/map/impl/querycache/subscriber/AbstractQueryCacheEndToEndConstructor.java","6","0","2","3","111","170","1"
"hazelcast","a7693e73119b42a3f46bee85e07a7a3cb723c531","hazelcast/src/main/java/com/hazelcast/map/impl/querycache/subscriber/AbstractQueryCacheEndToEndConstructor.java","6","0","2","3","113","173","0"
"elasticsearch","5a64f08f048461a63a0ca1354a5050c954e63d52","core/src/main/java/org/elasticsearch/common/settings/ClusterSettings.java","6","0","2","3","129","163","0"
"elasticsearch","7cc2bc8a145456297e7e33a2c22f5ea4b778e04e","src/test/java/org/elasticsearch/index/query/IndexQueryParserFilterCachingTests.java","6","0","2","3","214","276","0"
"BroadleafCommerce","a4c6b8b0615cd9afce9835833bf6ea281879e52a","common/src/main/java/org/broadleafcommerce/common/web/resource/BroadleafResourceHttpRequestHandler.java","6","0","2","3","51","100","0"
"oryx","3b0fc229b3818b52dda4b6b863f9bca5dcfc4d86","app/oryx-app-serving/src/main/java/com/cloudera/oryx/app/serving/kmeans/model/KMeansServingModelManager.java","6","0","2","3","64","108","0"
"oryx","fddb336ac30ea3fb0bde91c61ef043f523d7d9fe","app/oryx-app-serving/src/main/java/com/cloudera/oryx/app/serving/kmeans/model/KMeansServingModelManager.java","6","0","2","3","67","111","0"
"hazelcast","0582fc44e38c67efafe1cac98a42364d03f2f364","hazelcast/src/test/java/com/hazelcast/spi/impl/OperationServiceImplTest.java","6","0","2","3","94","120","0"
"neo4j","68c237b92ed8634317ac5f848080810eefa21395","enterprise/causal-clustering/src/main/java/org/neo4j/causalclustering/catchup/tx/BatchingTxApplier.java","6","0","2","4","106","156","1"
"BroadleafCommerce","89ab11fc4ad655261735d86bf697f21900eb5357","admin/broadleaf-contentmanagement-module/src/main/java/org/broadleafcommerce/cms/admin/web/controller/AdminAssetUploadController.java","6","0","2","4","120","188","0"
"BroadleafCommerce","eb2d314a8d4af455b5dd36fbb5f694d34db480b0","admin/broadleaf-contentmanagement-module/src/main/java/org/broadleafcommerce/cms/admin/web/controller/AdminAssetUploadController.java","6","0","2","4","121","189","0"
"hazelcast","44997b22cca35bc3413b8efefb61cff9a963e641","hazelcast/src/main/java/com/hazelcast/map/MapContainerSupport.java","6","0","2","4","37","60","1"
"oryx","92bff167832b0389e135a60e46f1284c34744e3c","app/oryx-app-serving/src/main/java/com/cloudera/oryx/app/serving/kmeans/model/KMeansServingModelManager.java","6","0","2","4","72","117","0"
"antlr4","c695ed25e9e716af0e33823a4e9d9b93a2b1bf02","tool-testsuite/test/org/antlr/v4/test/tool/TestTokenStreamRewriter.java","6","0","2","42","805","916","1"
"hazelcast","1eae67881eecaa9f0ee6073a4d1a6739712d47b2","hazelcast/src/main/java/com/hazelcast/replicatedmap/operation/ReplicatedMapInitChunkOperation.java","6","0","2","5","101","140","1"
"hazelcast","21c064b4c2cb2d43e907d21553082abb3e4ba138","hazelcast/src/main/java/com/hazelcast/replicatedmap/impl/operation/ReplicatedMapInitChunkOperation.java","6","0","2","5","101","140","1"
"hazelcast","42c9a61addb6c6748816a69618d662f43f579189","hazelcast/src/main/java/com/hazelcast/replicatedmap/impl/operation/ReplicatedMapInitChunkOperation.java","6","0","2","5","101","140","1"
"hazelcast","565257f977407eb3a0199d082860209c2958f5f9","hazelcast/src/main/java/com/hazelcast/replicatedmap/impl/operation/ReplicatedMapInitChunkOperation.java","6","0","2","5","101","140","1"
"hazelcast","7376dc96408d6c44cad34640928dbf21a9528424","hazelcast/src/main/java/com/hazelcast/replicatedmap/impl/operation/ReplicatedMapInitChunkOperation.java","6","0","2","5","101","140","2"
"hazelcast","508de395db2dd7baf93c9faa633334b2b79c07c6","hazelcast/src/main/java/com/hazelcast/replicatedmap/impl/operation/ReplicatedMapInitChunkOperation.java","6","0","2","5","101","140","0"
"hazelcast","8135e6de50655ac22332f0b354f5c5fb0ee010d4","hazelcast/src/main/java/com/hazelcast/replicatedmap/operation/ReplicatedMapInitChunkOperation.java","6","0","2","5","101","140","0"
"hazelcast","f8958e4fa7aad5fe624f1e6b0b027944e8009f38","hazelcast/src/main/java/com/hazelcast/replicatedmap/impl/operation/ReplicatedMapInitChunkOperation.java","6","0","2","5","101","140","0"
"hazelcast","4ac9450aa6da5a4353517409635a0516daf80fd4","hazelcast/src/test/java/com/hazelcast/spi/impl/operationservice/impl/InvocationNestedRemoteTest.java","6","0","2","5","103","140","0"
"elasticsearch","fdf2bb93716c2a6f2b0d0785df386ecd414994c4","src/main/java/org/elasticsearch/search/aggregations/bucket/significant/SignificantLongTerms.java","6","0","2","5","136","184","0"
"elasticsearch","d8cd75544536a211fa5c66e190aa4313213f0308","src/main/java/org/elasticsearch/search/aggregations/bucket/significant/SignificantLongTerms.java","6","0","2","5","137","185","1"
"hazelcast","4eef0f6f0630c47a4baca6875343ccd506948bb5","hazelcast/src/test/java/com/hazelcast/multimap/MultiMapTest.java","6","0","2","5","241","317","1"
"hazelcast","91623113623055f184207f53a0344bbc82ad227f","hazelcast/src/test/java/com/hazelcast/multimap/MultiMapTest.java","6","0","2","5","246","324","3"
"hazelcast","65df300ddcacf2cee04f1eee8f75731e147decbf","hazelcast-client-legacy/src/main/java/com/hazelcast/client/spi/impl/listener/ClientRegistrationKey.java","6","0","2","5","40","79","1"
"elasticsearch","e1efd5f6baf8dec1c23c79b346b8a29f234a98bb","core/src/main/java/org/elasticsearch/common/inject/internal/ProviderMethod.java","6","0","2","5","70","112","0"
"elasticsearch","1f04182b8164ffb19f3805c48d67f0375262b317","core/src/main/java/org/elasticsearch/common/inject/internal/ProviderMethod.java","6","0","2","5","71","114","0"
"elasticsearch","95faa35853bff06d14c9071120988c0cba9aae84","src/main/java/org/elasticsearch/search/aggregations/bucket/InternalSingleBucketAggregation.java","6","0","2","5","81","136","0"
"elasticsearch","3136ed1490e41b4c82b8ee05ff2d224e113ef1b8","core/src/main/java/org/elasticsearch/rest/AbstractRestChannel.java","6","0","2","5","83","137","1"
"netty","eb1d9da76c3938dba74c01dd18ccffca8a778931","transport-native-epoll/src/main/java/io/netty/channel/unix/Errors.java","6","0","2","5","84","135","1"
"netty","075a54af3e607c20eeaf7809a2a08602abd5d735","transport-native-epoll/src/main/java/io/netty/channel/unix/Errors.java","6","0","2","5","84","136","0"
"elasticsearch","30ab8739a6e11ea7d5f25a62e290932d5f2d740f","core/src/main/java/org/elasticsearch/rest/AbstractRestChannel.java","6","0","2","5","90","150","0"
"elasticsearch","366ddfc89a9265e05d23291b02a829f4da1fcbdd","src/main/java/org/elasticsearch/common/lucene/search/function/FieldValueFactorFunction.java","6","0","2","6","121","160","0"
"elasticsearch","3add12a9708a12d3e55c923cf7468296ed6147cc","src/main/java/org/elasticsearch/common/lucene/search/function/FieldValueFactorFunction.java","6","0","2","6","121","160","0"
"elasticsearch","e43f3a941b8ae78e6ab4f66d1da17a976d36b666","src/main/java/org/elasticsearch/common/lucene/search/function/FieldValueFactorFunction.java","6","0","2","6","121","160","1"
"elasticsearch","99b0faed14b9301d6cd2a3abe2fa847e8a335c44","src/main/java/org/elasticsearch/common/lucene/search/function/FieldValueFactorFunction.java","6","0","2","6","122","161","1"
"hazelcast","317fabec0c90b274c686ba018cc1b465fee244f2","hazelcast-client-new/src/test/java/com/hazelcast/client/stress/MapStableReadStressTest.java","6","0","2","6","79","107","0"
"hazelcast","b777381e2f8cfc3d8bcde3a87c5cc9993e31d4a2","hazelcast-client-new/src/test/java/com/hazelcast/client/stress/MapStableReadStressTest.java","6","0","2","6","81","109","1"
"elasticsearch","b039360d2ea974b9827df90ee7d425ca15c638d6","core/src/main/java/org/elasticsearch/search/fetch/innerhits/InnerHitsFetchSubPhase.java","6","0","2","6","83","118","1"
"elasticsearch","c97833596869141f747110d0046dd9de325a7f3c","core/src/main/java/org/elasticsearch/discovery/DiscoveryService.java","6","0","2","6","91","140","1"
"elasticsearch","5a91ad11152fb54724083b696339b78829c8b905","core/src/main/java/org/elasticsearch/discovery/DiscoveryService.java","6","0","2","6","92","141","0"
"netty","b66b38d3e417324e4eae965795b94976baa9eb11","codec-http/src/main/java/io/netty/handler/codec/http/websocketx/WebSocketServerProtocolHandler.java","6","0","2","7","102","159","2"
"netty","2dde3a386bd3652a92c0c862b6588878bd94fe16","codec-http/src/main/java/io/netty/handler/codec/http/websocketx/WebSocketServerProtocolHandler.java","6","0","2","7","103","160","1"
"hazelcast","623ff1855aa985aa276e8395aabf0b534c7a36c3","hazelcast-client-legacy/src/main/java/com/hazelcast/client/spi/impl/listener/ClientRegistrationKey.java","6","0","2","7","52","93","0"
"hazelcast","565257f977407eb3a0199d082860209c2958f5f9","hazelcast/src/main/java/com/hazelcast/partition/PartitionInfo.java","6","0","2","7","55","91","1"
"orientdb","2621f13ac9fcec9d191c3af57271270546d8920f","core/src/main/java/com/orientechnologies/orient/core/engine/local/OEngineLocalPaginated.java","6","0","2","7","70","118","1"
"orientdb","6061b2a2b5d37ba6f30f9dfa91225ef3b3d718cc","core/src/main/java/com/orientechnologies/orient/core/engine/local/OEngineLocalPaginated.java","6","0","2","7","71","119","0"
"orientdb","eb87fd13a08a35e51b139724421fa7adb04049f3","core/src/main/java/com/orientechnologies/orient/core/engine/local/OEngineLocalPaginated.java","6","0","2","7","73","120","1"
"elasticsearch","78574d248cf10dad1c5a566fda79e1e0c94afe43","core/src/main/java/org/elasticsearch/action/admin/cluster/tasks/PendingClusterTasksResponse.java","6","0","2","7","94","137","1"
"elasticsearch","e6aaaf11ed4a1b8f595f920de1840938eddb7a97","core/src/main/java/org/elasticsearch/action/admin/cluster/tasks/PendingClusterTasksResponse.java","6","0","2","7","94","137","1"
"elasticsearch","a60b8948ba1d836a6eac7cff095519e618939ed8","core/src/main/java/org/elasticsearch/action/admin/cluster/tasks/PendingClusterTasksResponse.java","6","0","2","7","94","137","0"
"MapDB","f240461445c439b2258960fb4a0e05fe89e12618","src/test/java/org/mapdb/UtilsTest.java","6","0","2","7","95","137","1"
"neo4j","a49d0e13f44fe938727ef15fd93a227a5d08f35f","enterprise/core-edge/src/main/java/org/neo4j/coreedge/raft/state/CoreState.java","6","0","2","8","180","267","1"
"neo4j","a49d0e13f44fe938727ef15fd93a227a5d08f35f","enterprise/core-edge/src/main/java/org/neo4j/coreedge/raft/state/CoreState.java","6","0","2","8","180","267","1"
"neo4j","54e46eec0c43a0cdcaa3582906a7aa4f05528a05","enterprise/core-edge/src/main/java/org/neo4j/coreedge/raft/state/CoreState.java","6","0","2","8","180","267","0"
"hazelcast","d568e4d926d925d57d4e79e34614390416749301","hazelcast/src/main/java/com/hazelcast/map/impl/LazyMapEntry.java","6","0","2","8","66","122","0"
"elasticsearch","6eaff9432ddc05adad528761f4ce65545cce9cf8","modules/lang-mustache/src/main/java/org/elasticsearch/script/mustache/MultiSearchTemplateRequest.java","6","0","2","8","69","112","1"
"hazelcast","d551ed762f2dd83eaeffcc7b7b4fc6dad591b31c","hazelcast/src/main/java/com/hazelcast/cache/impl/client/CacheAddEntryListenerRequest.java","6","0","2","8","82","121","0"
"hazelcast","e4f7959a373b0263506a00fa6941d0020407e6fd","hazelcast/src/main/java/com/hazelcast/client/impl/protocol/util/Flyweight.java","6","0","2","8","84","130","1"
"elasticsearch","19cce0b32917a6034ab50b2e33111f37de418139","src/main/java/org/elasticsearch/common/util/concurrent/EsExecutors.java","6","0","2","8","95","156","1"
"MapDB","e517b3225f6074fca82d61e449c98a1ade38a627","src/test/java/org/mapdb/UtilsTest.java","6","0","2","8","98","139","0"
"titan","86bc51a0b9aa5d6d59ec1770f6fdafff8d0a5f7e","titan-core/src/main/java/com/thinkaurelius/titan/diskstorage/keycolumnvalue/KeySliceQuery.java","6","0","2","9","51","75","0"
"hazelcast","59cb2e8ff78643aed3594a8f5ba7b41d8eeb5759","hazelcast/src/main/java/com/hazelcast/map/impl/operation/MapOperation.java","6","0","2","9","69","107","2"
"hazelcast","c3baeb4fa6c75235a148572e01f0fc860dc9550d","hazelcast/src/main/java/com/hazelcast/map/impl/operation/MapOperation.java","6","0","2","9","69","107","1"
"hazelcast","62a2d7a2993e205acd37a462f8c7f9fe10f29dee","hazelcast/src/main/java/com/hazelcast/map/impl/operation/MapOperation.java","6","0","2","9","69","107","0"
"elasticsearch","f8e6cc6facd454fe1916b0e9b0ed325ea71271be","src/main/java/org/apache/lucene/index/TrackingSerialMergeScheduler.java","6","0","2","9","78","122","0"
"elasticsearch","6c34452409d2cc468daced1811db60cd81c6fe95","core/src/main/java/org/elasticsearch/percolator/PercolateContext.java","6","0","2","99","556","692","0"
"hazelcast","879bc99d4b497d8a95681d2422bbe3e330ff449e","hazelcast/src/main/java/com/hazelcast/config/NearCacheConfig.java","6","0","21","13","213","488","1"
"hazelcast","8a85db7a5b644fa0daf05483cd0d241caab60bcb","hazelcast-client/src/main/java/com/hazelcast/client/config/ClientNetworkConfig.java","6","0","24","0","118","300","1"
"hazelcast","4a553f9b78d4cd4414aee65577b8dfbaa42786ad","hazelcast-client/src/main/java/com/hazelcast/client/config/ClientNetworkConfig.java","6","0","24","0","119","303","0"
"neo4j","2fb8aea71a2d50c63f1407b9e975c5e8cbf325dc","enterprise/security/src/test/java/org/neo4j/server/security/enterprise/auth/AuthProceduresInteractionTestBase.java","6","0","24","67","801","1007","1"
"hazelcast","07cd42d5481bc8e9bdc882070746ca7ad10d015b","hazelcast/src/main/java/com/hazelcast/cache/CacheUtil.java","6","0","3","0","28","80","1"
"netty","e6ca9882a107c34cf6358c8d7a68561025f06016","codec-http/src/main/java/io/netty/handler/codec/http/HttpContentDecompressor.java","6","0","3","0","29","68","1"
"netty","844976a0a2a940eb28293e3f74bc133cbbde0bac","codec-http/src/main/java/io/netty/handler/codec/http/HttpContentDecompressor.java","6","0","3","0","32","72","0"
"hazelcast","21de2ef614b9a92baec6c4f16f26123a59391cdc","hazelcast/src/main/java/com/hazelcast/map/impl/PartitioningStrategyFactory.java","6","0","3","0","37","78","0"
"hazelcast","51a01295fc2123c204f6ee63b4bbe553fcf85d98","hazelcast/src/main/java/com/hazelcast/map/impl/PartitioningStrategyFactory.java","6","0","3","0","37","78","0"
"hazelcast","ada1715782d1bc416fc363475952aa88def0cfc2","hazelcast/src/main/java/com/hazelcast/map/impl/PartitioningStrategyFactory.java","6","0","3","0","37","78","1"
"hazelcast","4a1593fa6ba5c277c4ad2fc320d803b0e63b9339","hazelcast/src/main/java/com/hazelcast/util/Clock.java","6","0","3","0","56","114","0"
"netty","fdfe3149ba3f68678fa7f73c574c7c61aa33fa2f","codec-dns/src/main/java/io/netty/handler/codec/dns/DatagramDnsResponseDecoder.java","6","0","3","0","74","118","0"
"hazelcast","772b5217030e0fb94bf07a00d9b5e7b275a82030","hazelcast/src/test/java/com/hazelcast/query/impl/extractor/AbstractExtractionSpecification.java","6","0","3","0","77","120","0"
"hazelcast","21586825d367940e1c79cf289e97310daab1200d","hazelcast/src/test/java/com/hazelcast/query/impl/extractor/AbstractExtractionSpecification.java","6","0","3","0","77","121","1"
"junit","7e05cdca2e5a3a46d00036cbaf3d3f5e747e288a","src/main/java/org/junit/runners/Parameterized.java","6","0","3","0","94","162","1"
"junit","531d7c869e294d451314261c81837e1d76afb777","src/main/java/org/junit/runners/Parameterized.java","6","0","3","0","94","163","2"
"junit","982a75011a074ab25f2c96a1c2639c5b1ebb3b18","src/main/java/org/junit/runners/Parameterized.java","6","0","3","0","99","168","1"
"elasticsearch","4b94eb5cb8cc4294ed0e932a5f22c16bd90d4dd7","core/src/main/java/org/elasticsearch/action/admin/cluster/snapshots/status/SnapshotIndexShardStage.java","6","0","3","1","36","96","2"
"elasticsearch","860efb2ad28db09189c8423e05d0dba53010259c","core/src/main/java/org/elasticsearch/action/admin/cluster/snapshots/status/SnapshotIndexShardStage.java","6","0","3","1","36","96","2"
"elasticsearch","d3417fb02291f26964d77767020ef345d18c148f","core/src/main/java/org/elasticsearch/action/admin/cluster/snapshots/status/SnapshotIndexShardStage.java","6","0","3","1","36","96","0"
"netty","2adebc4c54ae98565db8e2a3c02b2ffaa0c101fe","codec/src/main/java/io/netty/handler/codec/serialization/CompatibleObjectEncoder.java","6","0","3","1","54","109","1"
"netty","81e2db10faaf0389f4e1af8c7132210946203157","codec/src/main/java/io/netty/handler/codec/serialization/CompatibleObjectEncoder.java","6","0","3","1","55","110","0"
"netty","ba6ce5449ee852b782dde9a11933f6a09b123e22","codec-http/src/main/java/io/netty/handler/codec/http/DefaultHttpRequest.java","6","0","3","10","76","126","0"
"netty","63a02fc04e6ce45aee38b0437ae0279880e5fe40","transport/src/main/java/io/netty/channel/DefaultAddressedEnvelope.java","6","0","3","11","82","132","0"
"hazelcast","78ae1a75208f6777bfb81fd68b2d62b446f83759","hazelcast-hibernate/hazelcast-hibernate3/src/main/java/com/hazelcast/hibernate/serialization/ExpiryMarker.java","6","0","3","11","91","158","0"
"netty","6765e9f99db352a7f814e10d77338760432db155","transport/src/main/java/io/netty/channel/DefaultMaxMessagesRecvByteBufAllocator.java","6","0","3","12","79","124","1"
"elasticsearch","6174e21f47244b6d5153d7d0cc1fe28fe863399d","core/src/test/java/org/elasticsearch/search/aggregations/metrics/ValueCountIT.java","6","0","3","18","244","327","2"
"oryx","cdcb0aae19f56d45ba9d94585e5f974b8f70b7d7","oryx-app-mllib/src/main/java/com/cloudera/oryx/app/mllib/kmeans/KMeansUpdate.java","6","0","3","2","147","215","0"
"oryx","58153f886aa4d625048774f3570def750710bec1","oryx-app-mllib/src/main/java/com/cloudera/oryx/app/mllib/kmeans/KMeansUpdate.java","6","0","3","2","149","217","1"
"elasticsearch","0a69f1e283e26e5d9e6a000b68b9f4778de557a1","core/src/main/java/org/elasticsearch/index/store/IndexStore.java","6","0","3","2","57","98","2"
"elasticsearch","8fec3488807de23a06b4c322c4b41a3791b93344","core/src/main/java/org/elasticsearch/search/profile/AbstractInternalProfileTree.java","6","0","3","2","88","203","0"
"hazelcast","798cdcb7995ba1e5f635103a6069a2a875f914a6","hazelcast/src/main/java/com/hazelcast/nio/serialization/ClassDefinitionBuilder.java","6","0","3","25","162","234","0"
"hazelcast","f5f635261fbe41d12a606af98e438325a6476076","hazelcast/src/main/java/com/hazelcast/spi/impl/NodeEngineImpl.java","6","0","3","38","265","350","1"
"hazelcast","7996c29dd2838061a8b256b6dc1e332197e1f582","hazelcast/src/test/java/com/hazelcast/cluster/MemberListTest.java","6","0","3","4","243","333","0"
"elasticsearch","79356c8a3bdeec28bb2852694a876b13b4e00d9b","core/src/test/java/org/elasticsearch/index/query/ConstantScoreQueryBuilderTests.java","6","0","3","4","87","134","0"
"elasticsearch","371c73e14023917f3892090d2d3d7ff9ac1216b9","core/src/main/java/org/elasticsearch/search/aggregations/bucket/sampler/SamplerAggregationBuilder.java","6","0","3","4","89","136","3"
"elasticsearch","78574d248cf10dad1c5a566fda79e1e0c94afe43","core/src/main/java/org/elasticsearch/search/aggregations/bucket/sampler/SamplerAggregationBuilder.java","6","0","3","4","89","136","2"
"elasticsearch","e6aaaf11ed4a1b8f595f920de1840938eddb7a97","core/src/main/java/org/elasticsearch/search/aggregations/bucket/sampler/SamplerAggregationBuilder.java","6","0","3","4","89","136","2"
"elasticsearch","a60b8948ba1d836a6eac7cff095519e618939ed8","core/src/main/java/org/elasticsearch/search/aggregations/bucket/sampler/SamplerAggregationBuilder.java","6","0","3","4","89","136","0"
"titan","3247d28161a1c089cb463c208ae21c5129eee1af","titan-core/src/main/java/com/thinkaurelius/titan/graphdb/transaction/StandardTransactionBuilder.java","6","0","3","43","440","559","0"
"hazelcast","ed777f64e4d046bb45ae4ee062b463e33526e3ad","hazelcast-ra/hazelcast-jca/src/main/java/com/hazelcast/jca/HazelcastConnectionImpl.java","6","0","3","47","281","380","1"
"elasticsearch","b0567d7c1894306690fb3aea8b8b2ebc07f9f441","src/test/java/org/elasticsearch/index/mapper/attachment/test/integration/SimpleAttachmentIntegrationTests.java","6","0","3","5","127","212","0"
"netty","1861461db230267fec4e887b6b06eff68fa61d6c","codec/src/test/java/io/netty/handler/codec/ByteToMessageDecoderTest.java","6","0","3","6","216","271","0"
"netty","63a02fc04e6ce45aee38b0437ae0279880e5fe40","codec-dns/src/main/java/io/netty/handler/codec/dns/DnsRecordType.java","6","0","3","7","122","403","0"
"hazelcast","e61fb5c3d86ca028d6e3e49a1abcb8e55a938cef","hazelcast/src/main/java/com/hazelcast/map/impl/SyntheticEventFilter.java","6","0","3","7","50","107","0"
"oryx","0c6bf96eb475361ed45c4d7e54a970819e33802a","app/oryx-app-common/src/main/java/com/cloudera/oryx/app/rdf/predict/CategoricalPrediction.java","6","0","3","9","90","140","0"
"elasticsearch","47f92d7c621eb0b0e4cf350ae21c8553592a324f","core/src/main/java/org/elasticsearch/index/IndexSettings.java","6","0","39","2","342","645","1"
"elasticsearch","4bce7271659889d839388d7df5c61a6d2a5c3c7a","core/src/main/java/org/elasticsearch/index/IndexSettings.java","6","0","39","2","348","658","0"
"hazelcast","0dc65895e880eb4cbdd6996e355913992bf987d9","hazelcast/src/main/java/com/hazelcast/map/impl/PartitioningStrategyFactory.java","6","0","4","0","35","82","0"
"netty","bad9e83121c14b32e8fa2776239da0c68de9dd7c","codec-http/src/main/java/io/netty/handler/codec/http/websocketx/WebSocketServerHandshaker08.java","6","0","4","0","66","167","0"
"netty","bad9e83121c14b32e8fa2776239da0c68de9dd7c","codec-http/src/main/java/io/netty/handler/codec/http/websocketx/WebSocketServerHandshaker13.java","6","0","4","0","66","168","0"
"elasticsearch","9080f51340b1b26f8bd171b4c82de8d87ad42b55","core/src/main/java/org/elasticsearch/indices/IndicesModule.java","6","0","4","1","137","189","1"
"elasticsearch","0a69f1e283e26e5d9e6a000b68b9f4778de557a1","core/src/main/java/org/elasticsearch/indices/IndicesModule.java","6","0","4","1","144","195","3"
"elasticsearch","5a64f08f048461a63a0ca1354a5050c954e63d52","core/src/main/java/org/elasticsearch/indices/IndicesModule.java","6","0","4","1","144","196","1"
"hazelcast","60ef394ef56db9dbbc83b95804f78a7cbf6e35c6","hazelcast/src/test/java/com/hazelcast/spi/impl/BasicOperationServiceTest.java","6","0","4","1","91","137","1"
"elasticsearch","2ccc223ff761043807683f34b29c693af6c94d95","core/src/main/java/org/elasticsearch/index/refresh/RefreshStats.java","6","0","4","10","79","134","0"
"hazelcast","ee067bd29414c085308867d691b25e6f9e26007d","hazelcast/src/test/java/com/hazelcast/spi/impl/BasicOperationServiceTest.java","6","0","4","11","160","228","1"
"hazelcast","3024e69fe6d51ee9478ab4f27ce9ab14f77dbb68","hazelcast/src/test/java/com/hazelcast/spi/impl/BasicOperationServiceTest.java","6","0","4","11","172","241","0"
"elasticsearch","3789983c7a6fa4e734530e2bb9f09fed17336ebd","src/main/java/org/elasticsearch/action/admin/indices/analyze/AnalyzeRequest.java","6","0","4","14","109","177","0"
"elasticsearch","3aed047bdedde1bda189cbfc2f81e65af42e57c5","core/src/test/java/org/elasticsearch/search/aggregations/metrics/ValueCountIT.java","6","0","4","18","268","365","1"
"elasticsearch","b1cef5fdf8e1f8e9982a4724986b2731ca4d522b","core/src/main/java/org/elasticsearch/common/xcontent/AbstractObjectParser.java","6","0","4","18","97","161","1"
"netty","9128d4f16a8ccb102bbf863b88e6be8e5574333d","transport/src/main/java/io/netty/channel/aio/AioEventLoopGroup.java","6","0","4","2","86","149","1"
"netty","23d017849429c18e1890b0a5799e5262df4f269f","transport/src/main/java/io/netty/channel/aio/AioEventLoopGroup.java","6","0","4","2","88","151","0"
"elasticsearch","046abdc281c321cd2128ee7684c0edfcaca07203","core/src/test/java/org/elasticsearch/common/geo/builders/AbstractShapeBuilderTestCase.java","6","0","4","2","94","146","2"
"elasticsearch","e74d02138f02a66331b2611b5e70a908bb49cb97","core/src/test/java/org/elasticsearch/common/geo/builders/AbstractShapeBuilderTestCase.java","6","0","4","2","98","151","0"
"hazelcast","93f819fb8690b3daca79cf2c83451d12f93b13fb","hazelcast/src/main/java/com/hazelcast/map/impl/nearcache/MapNearCacheManager.java","6","0","4","6","119","174","1"
"hazelcast","6545c690b616d41bf33e2d8e46c6dce930dc01c0","hazelcast/src/main/java/com/hazelcast/map/impl/nearcache/MapNearCacheManager.java","6","0","4","6","120","175","0"
"elasticsearch","577d2a6a1da81c78f0ff48c3f8755c1a04119f76","modules/transport-netty4/src/test/java/org/elasticsearch/http/netty4/Netty4HttpServerTransportTests.java","6","0","4","6","222","286","1"
"elasticsearch","01502893eb13acd0c128756c1066b2314bbb1b0d","modules/transport-netty4/src/test/java/org/elasticsearch/http/netty4/Netty4HttpServerTransportTests.java","6","0","4","7","249","319","0"
"netty","73c4ad5f0a233844aa8629224c46d758a06225c1","codec-http2/src/main/java/io/netty/handler/codec/http2/DefaultHttp2HeadersFrame.java","6","0","4","7","61","111","0"
"elasticsearch","bd559d96d43e0f418818ea1c04c85066859a1192","modules/lang-mustache/src/main/java/org/elasticsearch/script/mustache/MultiSearchTemplateRequest.java","6","0","4","7","73","125","0"
"elasticsearch","b6ae7fbadb0669d015ec6070adca9469be88d29d","src/main/java/org/elasticsearch/index/merge/scheduler/MergeSchedulerProvider.java","6","0","4","9","76","133","1"
"netty","3482651e0c29edfa02f189751c704ebe4fe8f54c","common/src/main/java/io/netty/util/internal/MathUtil.java","6","0","5","0","18","82","0"
"netty","82b22d6f11e016b660b888645f1134ef608129ab","common/src/main/java/io/netty/util/internal/MathUtil.java","6","0","5","0","18","82","0"
"netty","6e5b25733f49d2ea843a89b4d547b856142212ec","common/src/main/java/io/netty/util/internal/MathUtil.java","6","0","5","0","18","82","1"
"hazelcast","eca7cec5e3af5e7098dc27a62dea257e072f417d","hazelcast/src/main/java/com/hazelcast/cache/CacheUtil.java","6","0","5","0","34","135","0"
"elasticsearch","164efaecbe42195f08ada58b5fde927ab21fc6e7","core/src/main/java/org/elasticsearch/common/network/NetworkAddress.java","6","0","5","0","44","184","0"
"elasticsearch","c25eb7defe0e8698ae36fb7abb515f8564c2d0eb","src/main/java/org/apache/lucene/store/XSimpleRateLimiter.java","6","0","5","0","45","98","0"
"elasticsearch","1441fec0687d9af1b3eb17a6cc7286bab495d01f","src/main/java/org/apache/lucene/search/XSearcherManager.java","6","0","5","0","76","178","2"
"elasticsearch","78574d248cf10dad1c5a566fda79e1e0c94afe43","core/src/main/java/org/elasticsearch/action/get/MultiGetResponse.java","6","0","5","12","120","180","1"
"elasticsearch","e6aaaf11ed4a1b8f595f920de1840938eddb7a97","core/src/main/java/org/elasticsearch/action/get/MultiGetResponse.java","6","0","5","12","120","180","1"
"elasticsearch","a60b8948ba1d836a6eac7cff095519e618939ed8","core/src/main/java/org/elasticsearch/action/get/MultiGetResponse.java","6","0","5","12","120","180","0"
"elasticsearch","7ab0e2c5321c802068d85c0fa3a0f44e0b02c5a4","core/src/test/java/org/elasticsearch/index/query/TemplateQueryIT.java","6","0","5","16","426","547","1"
"elasticsearch","3ce7b119d28e7d1be7284bd804606a65c2d1a383","core/src/test/java/org/elasticsearch/search/suggest/phrase/DirectCandidateGeneratorTests.java","6","0","5","2","142","210","0"
"netty","c6a3cae269f9305be7de088fe89500bb1137a2fe","common/src/main/java/io/netty/util/concurrent/UnorderedThreadPoolEventExecutor.java","6","0","5","23","189","281","0"
"elasticsearch","012797a82c7ee448c12ae45b63e349b610494d6d","src/main/java/org/elasticsearch/index/mapper/ParseContext.java","6","0","5","39","210","318","1"
"netty","39aefdfa06f89ae69cdb42481bdea2194ad2b62c","codec-memcache/src/test/java/io/netty/handler/codec/memcache/binary/BinaryMemcacheDecoderTest.java","6","0","5","4","183","277","0"
"elasticsearch","bbce6e85883ef812a80f5713e001f4ad1de47f22","src/main/java/org/elasticsearch/index/mapper/ParseContext.java","6","0","5","40","211","319","0"
"elasticsearch","25fd9e26c4fb042d6f6dea14efcd239577bdbbc4","core/src/main/java/org/elasticsearch/action/admin/indices/shrink/ShrinkRequest.java","6","0","5","9","102","169","0"
"hazelcast","70d4de16ff0ac4518d09aad8c9f2ad9e782fb337","hazelcast/src/test/java/com/hazelcast/config/ReliableTopicConfigTest.java","6","0","5","9","156","210","1"
"hazelcast","d568e4d926d925d57d4e79e34614390416749301","hazelcast/src/test/java/com/hazelcast/config/ReliableTopicConfigTest.java","6","0","5","9","158","212","0"
"hazelcast","04c204fcf1f1d07695eb4355106ffdc8e6bc9365","hazelcast-client/src/main/java/com/hazelcast/client/config/ClientConfig.java","6","0","51","3","261","637","1"
"hazelcast","99f2dd5d8710f0276d0b105ba5c0f19674b6ccdf","hazelcast-client/src/main/java/com/hazelcast/client/config/ClientConfig.java","6","0","51","3","261","637","1"
"hazelcast","b4f94a00cf1628aa0437ded2c556bae9608f74c6","hazelcast-client/src/main/java/com/hazelcast/client/config/ClientConfig.java","6","0","51","3","261","637","0"
"hazelcast","f903e560aabe0c2f6a443087a26079cc44f30468","hazelcast/src/main/java/com/hazelcast/util/ValidationUtil.java","6","0","6","0","33","102","1"
"hazelcast","f809f3f180b524c4cfea0a59d8253342aaf13275","hazelcast/src/main/java/com/hazelcast/util/ValidationUtil.java","6","0","6","0","35","105","0"
"netty","f779a4415cedcfa445777b186c8fe1d6341278df","src/main/java/io/netty/bootstrap/ClientBootstrap.java","6","0","6","0","50","223","1"
"elasticsearch","e34a35244cac6981b03d8c0a7f05e8a2f2942c55","src/main/java/org/elasticsearch/index/query/HasParentFilterBuilder.java","6","0","6","0","55","106","1"
"junit","669bb577583f2edd8cd65008a7c9ac19ebc350ea","src/main/java/org/junit/runner/manipulation/Filter.java","6","0","6","0","57","107","0"
"neo4j","54865c46d070187ab56d4bcd32e7831a04b1bcd1","community/kernel/src/main/java/org/neo4j/kernel/configuration/Config.java","6","0","6","11","134","210","1"
"neo4j","8c631e32f9b356043c651d9fff455cd36ca7d59c","community/kernel/src/main/java/org/neo4j/kernel/configuration/Config.java","6","0","6","11","134","210","1"
"neo4j","a8f3d37f50a042fc7b741962cf791d5327eabea2","community/kernel/src/main/java/org/neo4j/kernel/configuration/Config.java","6","0","6","11","134","210","0"
"mcMMO","71141a0f8d073c1a4facf78b733bfb39232192a3","src/main/java/com/gmail/nossr50/util/player/UserManager.java","6","0","6","4","66","118","1"
"mcMMO","6d5f3a52f4ad7c2ef840d4f6b33f7da20eecef48","src/main/java/com/gmail/nossr50/util/player/UserManager.java","6","0","6","5","69","122","0"
"elasticsearch","1f04182b8164ffb19f3805c48d67f0375262b317","core/src/main/java/org/elasticsearch/action/admin/indices/warmer/delete/DeleteWarmerRequest.java","6","0","6","5","90","148","0"
"elasticsearch","371c73e14023917f3892090d2d3d7ff9ac1216b9","core/src/main/java/org/elasticsearch/index/query/TemplateQueryBuilder.java","6","0","6","6","122","195","3"
"elasticsearch","78574d248cf10dad1c5a566fda79e1e0c94afe43","core/src/main/java/org/elasticsearch/index/query/TemplateQueryBuilder.java","6","0","6","6","122","195","2"
"elasticsearch","e6aaaf11ed4a1b8f595f920de1840938eddb7a97","core/src/main/java/org/elasticsearch/index/query/TemplateQueryBuilder.java","6","0","6","6","122","195","2"
"elasticsearch","a60b8948ba1d836a6eac7cff095519e618939ed8","core/src/main/java/org/elasticsearch/index/query/TemplateQueryBuilder.java","6","0","6","6","122","195","0"
"elasticsearch","e1efd5f6baf8dec1c23c79b346b8a29f234a98bb","core/src/main/java/org/elasticsearch/action/admin/indices/warmer/delete/DeleteWarmerRequest.java","6","0","6","6","90","148","0"
"elasticsearch","25fd9e26c4fb042d6f6dea14efcd239577bdbbc4","core/src/main/java/org/elasticsearch/action/search/SearchScrollRequest.java","6","0","6","9","82","139","0"
"Android-Universal-Image-Loader","bbf3b71476e1c14c92edfa58adc6800b6dfb813b","library/src/com/nostra13/universalimageloader/core/DefaultConfigurationFactory.java","6","0","7","0","57","95","0"
"elasticsearch","b1cef5fdf8e1f8e9982a4724986b2731ca4d522b","core/src/main/java/org/elasticsearch/search/aggregations/bucket/sampler/DiversifiedAggregationBuilder.java","6","0","7","3","97","157","1"
"elasticsearch","149ef74b26bb33d3a1d3c1c45c481a01345cd764","core/src/main/java/org/elasticsearch/search/aggregations/bucket/sampler/DiversifiedAggregationBuilder.java","6","0","7","4","112","174","0"
"hazelcast","2213b67c7dba4d8dabdb6d6b3f3e31bce700f88f","hazelcast-ra/hazelcast-jca/src/main/java/com/hazelcast/jca/ConnectionFactoryImpl.java","6","0","7","6","81","157","0"
"elasticsearch","1f04182b8164ffb19f3805c48d67f0375262b317","core/src/main/java/org/elasticsearch/common/inject/multibindings/MapBinder.java","6","0","8","0","205","383","0"
"elasticsearch","b49635539d929d6cb5ee56153e2f95872fe4bb16","modules/lang-painless/src/main/java/org/elasticsearch/painless/PainlessScriptEngineService.java","6","0","8","1","102","211","1"
"hazelcast","a370460060023a958af214df410c6dab393cf67c","hazelcast/src/test/java/com/hazelcast/config/RingbufferConfigTest.java","6","0","8","12","173","248","1"
"BroadleafCommerce","49d12cffdc9aca461330ec8110c850319cf49ec0","admin/broadleaf-open-admin-platform/src/main/java/org/broadleafcommerce/openadmin/server/domain/PersistencePackageRequest.java","6","0","8","42","254","378","2"
"BroadleafCommerce","67e04eaf91a9e0e607731d7b98b4d7a95a3da3dd","admin/broadleaf-open-admin-platform/src/main/java/org/broadleafcommerce/openadmin/server/domain/PersistencePackageRequest.java","6","0","8","42","254","378","3"
"BroadleafCommerce","8bafebee81bdbf1eecc3a9ddeaa995798fed0b74","admin/broadleaf-open-admin-platform/src/main/java/org/broadleafcommerce/openadmin/server/domain/PersistencePackageRequest.java","6","0","8","42","254","378","0"
"BroadleafCommerce","35fc9949359b047d4c18fbc6045f42d4143184a3","admin/broadleaf-open-admin-platform/src/main/java/org/broadleafcommerce/openadmin/server/domain/PersistencePackageRequest.java","6","0","8","45","267","394","2"
"BroadleafCommerce","63fbd9cf0e68a367c947b8ca8fb30c0585b02366","admin/broadleaf-open-admin-platform/src/main/java/org/broadleafcommerce/openadmin/server/domain/PersistencePackageRequest.java","6","0","8","47","274","403","1"
"BroadleafCommerce","20b9326f672cf1b59e9ce22bb4f920a5ced97fca","admin/broadleaf-open-admin-platform/src/main/java/org/broadleafcommerce/openadmin/server/domain/PersistencePackageRequest.java","6","0","8","47","278","407","1"
"BroadleafCommerce","aa04e6eabcf0eaf9a846268715da4854ac20f528","admin/broadleaf-open-admin-platform/src/main/java/org/broadleafcommerce/openadmin/server/domain/PersistencePackageRequest.java","6","0","8","57","311","450","1"
"elasticsearch","4b94eb5cb8cc4294ed0e932a5f22c16bd90d4dd7","core/src/main/java/org/elasticsearch/action/admin/cluster/shards/ClusterSearchShardsRequest.java","6","0","8","9","103","178","2"
"elasticsearch","860efb2ad28db09189c8423e05d0dba53010259c","core/src/main/java/org/elasticsearch/action/admin/cluster/shards/ClusterSearchShardsRequest.java","6","0","8","9","103","178","2"
"elasticsearch","d3417fb02291f26964d77767020ef345d18c148f","core/src/main/java/org/elasticsearch/action/admin/cluster/shards/ClusterSearchShardsRequest.java","6","0","8","9","103","178","0"
"elasticsearch","467a459f95d8709379bf3e7f415644b246a89dba","core/src/main/java/org/elasticsearch/search/internal/SearchContext.java","6","0","8","94","207","369","2"
"elasticsearch","821021f0e478ca44d828e62c139ea19f0fd7290a","core/src/main/java/org/elasticsearch/search/internal/SearchContext.java","6","0","8","94","209","372","1"
"netty","d9f938ca03dbfe0e8132b9cb9c816bd1214de7d2","handler/src/main/java/io/netty/handler/ssl/OpenSsl.java","6","0","9","0","119","202","0"
"elasticsearch","41f81e2279c735b634bfcef865a6f55678306770","plugins/analysis-icu/src/test/java/org/elasticsearch/index/mapper/ICUCollationKeywordFieldMapperIT.java","6","0","9","1","317","444","1"
"elasticsearch","0e9186e1373b99e261d80317c836477b7cc31d66","core/src/main/java/org/elasticsearch/discovery/zen/ZenPing.java","6","0","9","11","112","195","0"
"elasticsearch","20f0bebb8797ac427ed93e37e63b596f9ec8e387","core/src/main/java/org/elasticsearch/index/merge/MergeStats.java","6","0","9","14","173","255","2"
"elasticsearch","e89d9400c94f5bff8dd9828980a7fcaeec1c28ee","plugins/analysis-icu/src/test/java/org/elasticsearch/index/mapper/ICUCollationKeywordFieldMapperIT.java","6","0","9","2","363","504","0"
"elasticsearch","068fae218f3c59fe6bc51adcd8d5f9b5a1dbccaf","core/src/main/java/org/elasticsearch/search/internal/SearchContext.java","6","0","9","96","209","379","2"
"elasticsearch","34155ff102c87dc34805f9aa6a6094ab2b0e6658","core/src/main/java/org/elasticsearch/search/internal/SearchContext.java","6","0","9","97","210","381","1"
"elasticsearch","72c4cb51cc9d5768f8a1e40d7acb08f046ac9faf","src/main/java/org/elasticsearch/search/internal/SearchContext.java","6","0","9","98","204","375","0"
"hazelcast","605da53365f35d8dbf2842c020b6cf96ce4bb034","hazelcast/src/main/java/com/hazelcast/transaction/impl/TransactionImpl.java","60","0","0","0","339","400","1"
"hazelcast","a820a9220d79fbad20c26546baac8665060f52a6","hazelcast/src/main/java/com/hazelcast/spi/impl/BasicInvocationFuture.java","60","0","0","0","381","483","2"
"hazelcast","557a2678022ff6423f67ac2ff8ac67dfe9f2eb70","hazelcast/src/main/java/com/hazelcast/spi/impl/operationservice/impl/Invocation.java","60","0","0","0","423","592","2"
"hazelcast","565257f977407eb3a0199d082860209c2958f5f9","hazelcast/src/main/java/com/hazelcast/spi/impl/operationservice/impl/Invocation.java","60","0","0","0","424","593","3"
"hazelcast","564167c1f93b32ce742411106e9ae67eae88a801","hazelcast/src/main/java/com/hazelcast/spi/impl/operationservice/impl/Invocation.java","60","0","0","0","425","594","2"
"MapDB","7f72ff0132a8572a4daf50364f2b98d60afd6c05","src/main/java/org/mapdb/StoreAppend.java","60","0","0","0","495","652","0"
"MapDB","e877f64dc30037c4604f61237439449325fdd529","src/main/java/org/mapdb/StoreAppend.java","60","0","0","0","503","660","0"
"MapDB","b84df1ab7522f9d0e6161dee0cb0261cf8e07297","src/main/java/org/mapdb/StoreAppend.java","60","0","0","0","503","660","0"
"MapDB","d9b73c45511ef0b8c33beb61fc4aee5d635a6d32","src/main/java/org/mapdb/StoreAppend.java","60","0","0","0","503","660","2"
"elasticsearch","5b711c283dbc233f80de5e0adb26723c22d678c7","distribution/tools/plugin-cli/src/main/java/org/elasticsearch/plugins/InstallPluginCommand.java","60","0","0","0","504","716","0"
"hazelcast","6b9e408e0fccf4fb8a745dec7ae24ec302e69fa4","hazelcast/src/main/java/com/hazelcast/internal/cluster/impl/AbstractJoiner.java","60","0","0","10","391","504","0"
"ceylon-ide-eclipse","64a391fbabba6b9bc6b553abfa42466e0ca9673d","plugins/com.redhat.ceylon.eclipse.ui/src/com/redhat/ceylon/eclipse/code/outline/CeylonOutlinePage.java","60","0","0","11","647","713","0"
"ceylon-ide-eclipse","5b4c3eac8a7c12c0125a77343e602b4e73083595","plugins/com.redhat.ceylon.eclipse.ui/src/com/redhat/ceylon/eclipse/code/outline/CeylonOutlinePage.java","60","0","0","11","650","717","0"
"elasticsearch","25fd9e26c4fb042d6f6dea14efcd239577bdbbc4","core/src/test/java/org/elasticsearch/cluster/health/ClusterStateHealthTests.java","60","0","0","13","464","556","0"
"hazelcast","1f042b8c4a4245594691bb6d85a66ceed9b43068","hazelcast/src/main/java/com/hazelcast/spi/impl/eventservice/impl/EventServiceImpl.java","60","0","0","26","421","503","1"
"hazelcast","70d4de16ff0ac4518d09aad8c9f2ad9e782fb337","hazelcast/src/main/java/com/hazelcast/spi/impl/eventservice/impl/EventServiceImpl.java","60","0","0","26","421","503","2"
"hazelcast","2921cff694583b8638dae2991f427e61d5440a9d","hazelcast/src/main/java/com/hazelcast/spi/impl/eventservice/impl/EventServiceImpl.java","60","0","0","26","421","503","0"
"hazelcast","dd4e704e34aa84246e65037fca5bc0cca4797bdf","hazelcast/src/main/java/com/hazelcast/nio/tcp/TcpIpConnectionManager.java","60","0","0","26","487","588","0"
"hazelcast","fc57b90d69ddf340538b16de42320c379bc1a829","hazelcast/src/main/java/com/hazelcast/nio/tcp/TcpIpConnectionManager.java","60","0","0","27","513","623","0"
"hazelcast","9d55b722a89840755f5781ed8c665b1237ec2b92","hazelcast/src/main/java/com/hazelcast/nio/tcp/TcpIpConnectionManager.java","60","0","0","27","515","626","1"
"hazelcast","33a6197a6bb749dc1bfa4957d928425c5de7fdb6","hazelcast/src/main/java/com/hazelcast/nio/tcp/TcpIpConnectionManager.java","60","0","0","27","517","628","0"
"elasticsearch","d479611dc5e989d79308e3b10a5e9b3952f730d0","src/test/java/org/elasticsearch/snapshots/SharedClusterSnapshotRestoreTests.java","60","0","0","28","1288","1631","3"
"elasticsearch","13ef7d73b9e579bf4c83ff77d6a04c720b04258f","src/test/java/org/elasticsearch/snapshots/SharedClusterSnapshotRestoreTests.java","60","0","0","28","1289","1632","2"
"elasticsearch","06417a85e09543c870e692b774985ca738bfa828","src/test/java/org/elasticsearch/snapshots/SharedClusterSnapshotRestoreTests.java","60","0","0","29","1327","1678","2"
"elasticsearch","371c73e14023917f3892090d2d3d7ff9ac1216b9","core/src/main/java/org/elasticsearch/rest/action/cat/RestShardsAction.java","60","0","0","3","247","308","3"
"elasticsearch","78574d248cf10dad1c5a566fda79e1e0c94afe43","core/src/main/java/org/elasticsearch/rest/action/cat/RestShardsAction.java","60","0","0","3","247","308","2"
"elasticsearch","87a4995bed017aecbfc86f91d203e88e5826fb17","core/src/main/java/org/elasticsearch/rest/action/cat/RestShardsAction.java","60","0","0","3","247","308","1"
"elasticsearch","e6aaaf11ed4a1b8f595f920de1840938eddb7a97","core/src/main/java/org/elasticsearch/rest/action/cat/RestShardsAction.java","60","0","0","3","247","308","2"
"elasticsearch","a60b8948ba1d836a6eac7cff095519e618939ed8","core/src/main/java/org/elasticsearch/rest/action/cat/RestShardsAction.java","60","0","0","3","247","308","0"
"elasticsearch","737db98bd7991552e06a28ad6f10927489a6ff39","core/src/main/java/org/elasticsearch/rest/action/cat/RestShardsAction.java","60","0","0","3","248","309","0"
"elasticsearch","55f2a547d04ba22f18da81c941e9445e36753a25","src/test/java/org/elasticsearch/snapshots/SharedClusterSnapshotRestoreTests.java","60","0","0","30","1381","1749","0"
"elasticsearch","155de53fe394d18216b72a1947c20d35788564e8","test/framework/src/main/java/org/elasticsearch/transport/AbstractSimpleTransportTestCase.java","60","0","0","44","1446","1773","2"
"ceylon-ide-eclipse","09946498cb21d1dcb67fe25637199287f82268cd","plugins/com.redhat.ceylon.eclipse.ui/src/com/redhat/ceylon/eclipse/core/model/ModelLoaderNameEnvironment.java","60","0","0","5","269","318","0"
"ceylon-ide-eclipse","d3feef47c352a951ae2a94fccadabac6cdc24696","plugins/com.redhat.ceylon.eclipse.ui/src/com/redhat/ceylon/eclipse/code/refactor/MakeReceiverRefactoring.java","60","0","0","9","448","491","0"
"ceylon-ide-eclipse","005084853f384f82e0b63fbef7fdd5e1effcefea","plugins/com.redhat.ceylon.eclipse.ui/src/com/redhat/ceylon/eclipse/code/refactor/MakeReceiverRefactoring.java","60","0","0","9","454","497","0"
"hazelcast","a23961641da88700aa81802d84a4388b155f8753","hazelcast-spring/src/main/java/com/hazelcast/spring/HazelcastClientBeanDefinitionParser.java","60","0","1","0","304","375","0"
"netty","e5d01c4caf07c941199d4531eb8c251664b49ae4","codec-http2/src/main/java/io/netty/handler/codec/http2/DefaultHttp2ConnectionDecoder.java","60","0","1","11","469","651","1"
"elasticsearch","af119dfdd95667ea9d92de8e644448fbdc285b4f","src/test/java/org/elasticsearch/versioning/SimpleVersioningTests.java","60","0","1","11","580","791","0"
"hazelcast","9aa1cad7842c3fbba01d35ceae1da3453eac6451","hazelcast-client/src/main/java/com/hazelcast/client/spi/impl/ClientClusterServiceImpl.java","60","0","1","13","430","511","0"
"netty","07024a4e4b6c0303f893c9d5020a66652a037f7a","common/src/main/java/io/netty/util/collection/IntObjectHashMap.java","60","0","1","19","330","504","0"
"elasticsearch","add433944676594b5696bc949e3e8eea38cf037d","src/main/java/org/elasticsearch/search/sort/SortParseElement.java","60","0","1","2","222","277","1"
"elasticsearch","16446440e477b7e3d11f97bd3e95894c9b7bd986","src/main/java/org/elasticsearch/search/sort/SortParseElement.java","60","0","1","2","223","278","0"
"neo4j","524187c7c736da98dcd99a069cc76f02927b6774","community/kernel/src/main/java/org/neo4j/unsafe/batchinsert/BatchInserterImpl.java","60","0","1","27","968","1115","0"
"hazelcast","564167c1f93b32ce742411106e9ae67eae88a801","hazelcast/src/main/java/com/hazelcast/nio/tcp/TcpIpConnectionManager.java","60","0","1","29","525","639","1"
"elasticsearch","20e968bf627b57b69a4bfd675b2f974619f8b116","src/main/java/org/elasticsearch/index/query/GeoDistanceRangeFilterParser.java","60","0","1","3","210","257","1"
"MapDB","519f779a3ae6f0ae5f6c8a4feb4d26602f1b0456","src/main/java/org/mapdb/TxEngine.java","60","0","1","31","502","601","0"
"orientdb","0d271e6eb4c56a0833860751060319e6feaad204","core/src/main/java/com/orientechnologies/orient/core/record/ORecordAbstract.java","60","0","1","46","401","536","1"
"orientdb","c89dbacfb27d44150d7834ef1d2872cceeb0a42c","core/src/main/java/com/orientechnologies/orient/core/record/ORecordAbstract.java","60","0","1","46","401","537","0"
"hazelcast","a31ed31064a8b44c08a990c0c3624536f2d121da","hazelcast-wm/src/main/java/com/hazelcast/web/WebFilter.java","60","0","1","6","383","512","1"
"hazelcast","4d1ed95af678b60a479a0f0148855404e05cca05","hazelcast/src/main/java/com/hazelcast/map/impl/query/MapQueryEngineImpl.java","60","0","1","7","467","594","0"
"elasticsearch","93ca6e2c4bf0741e20218c761618c42db960ecf5","src/main/java/org/elasticsearch/index/fielddata/fieldcomparator/BytesRefOrdValComparator.java","60","0","1","8","429","601","0"
"elasticsearch","12d9268db256b728e8d334801739fb46167902b6","src/main/java/org/elasticsearch/index/fielddata/fieldcomparator/BytesRefOrdValComparator.java","60","0","1","8","431","602","0"
"elasticsearch","29da615afd83d198911f839565257dd03c7fcf39","src/main/java/org/elasticsearch/index/fielddata/fieldcomparator/BytesRefOrdValComparator.java","60","0","1","8","431","602","0"
"elasticsearch","2ed87b5312c2b0842c739b677f4c8e11e2dbb48a","src/main/java/org/elasticsearch/index/fielddata/fieldcomparator/BytesRefOrdValComparator.java","60","0","1","8","431","602","0"
"elasticsearch","365cde82d3e36ce67b989c81b3446dcf64de6017","src/main/java/org/elasticsearch/index/fielddata/fieldcomparator/BytesRefOrdValComparator.java","60","0","1","8","431","602","0"
"elasticsearch","f92c53efdb2d6f7fa6798e36305e8c1932a068b0","src/main/java/org/elasticsearch/index/fielddata/fieldcomparator/BytesRefOrdValComparator.java","60","0","1","8","431","602","0"
"elasticsearch","4d05c9cfd5cc889be77ec16730517d5417438e92","src/main/java/org/elasticsearch/index/fielddata/fieldcomparator/BytesRefOrdValComparator.java","60","0","1","8","431","602","1"
"elasticsearch","d84c643f5880a88d2e5c38b487123161f3e01fe0","core/src/main/java/org/elasticsearch/index/query/functionscore/DecayFunctionBuilder.java","60","0","1","8","466","573","0"
"orientdb","1a8d4d6d1b489ef24d1343a420d687ef4934f214","core/src/main/java/com/orientechnologies/orient/core/metadata/schema/OImmutableClass.java","60","0","1","98","639","807","1"
"orientdb","58a69086d40df6f8f824b069d343eda7852df1be","core/src/main/java/com/orientechnologies/orient/core/metadata/schema/OImmutableClass.java","60","0","1","99","643","812","0"
"hazelcast","7b43e093cafa4f994bafb11d9f489bcace288fd1","hazelcast/src/test/java/com/hazelcast/map/EvictionTest.java","60","0","10","26","875","1109","2"
"hazelcast","3be094b8acb869e4112dda39c894185140beab68","hazelcast/src/test/java/com/hazelcast/map/EvictionTest.java","60","0","10","27","901","1148","0"
"BroadleafCommerce","4c0a8b2c4bddabc4e97467c8022161826c630c8c","admin/broadleaf-open-admin-platform/src/main/java/org/broadleafcommerce/openadmin/dto/Entity.java","60","0","10","29","289","419","0"
"elasticsearch","2bd09c4625898d77aa6c015c6f82cf973ed18cb7","core/src/main/java/org/elasticsearch/index/mapper/MappedFieldType.java","60","0","12","33","357","472","1"
"elasticsearch","9080f51340b1b26f8bd171b4c82de8d87ad42b55","core/src/main/java/org/elasticsearch/index/mapper/MappedFieldType.java","60","0","15","26","342","469","1"
"elasticsearch","2da79f2b5e403de54640735e3778bc5b5e2cf9e7","core/src/main/java/org/elasticsearch/index/seqno/GlobalCheckpointTracker.java","60","0","17","17","426","739","1"
"elasticsearch","f121cd3beb4b1b5a3acd991a099bbe4177eaa547","core/src/main/java/org/elasticsearch/index/seqno/GlobalCheckpointTracker.java","60","0","17","17","428","742","0"
"elasticsearch","cc3f02c0a03686b915b846d1aff04cd90cf29914","src/main/java/org/elasticsearch/indices/recovery/RecoveryState.java","60","0","17","76","743","934","1"
"BroadleafCommerce","487bcf043cb12f9dc30eda0064e00026ffc017ee","admin/broadleaf-open-admin-platform/src/main/java/org/broadleafcommerce/openadmin/web/controller/entity/AdminBasicEntityController.java","60","0","18","0","651","1132","6"
"hazelcast","f3d7f868b2946bb666e36c354f3aef8a3c47a8ea","hazelcast/src/test/java/com/hazelcast/impl/MapStoreTest.java","60","0","2","103","1351","1538","2"
"elasticsearch","2bf4a6766e66f500d6cad925b8aae00939d5796b","modules/elasticsearch/src/main/java/org/elasticsearch/cluster/metadata/MetaDataMappingService.java","60","0","2","16","351","462","0"
"elasticsearch","7ab128bbba7bb11248a93816a2a9b3f59a4a2e83","modules/elasticsearch/src/main/java/org/elasticsearch/cluster/metadata/MetaDataMappingService.java","60","0","2","16","353","466","0"
"neo4j","0da6dae6f2ecbbab9a278f3757ef793cbe8d921f","community/kernel/src/main/java/org/neo4j/kernel/impl/api/KernelTransactionImplementation.java","60","0","2","16","784","926","2"
"neo4j","d94daacb45225945a8ab3285f791f8ef58f943b0","community/kernel/src/main/java/org/neo4j/kernel/impl/api/KernelTransactionImplementation.java","60","0","2","16","785","927","1"
"elasticsearch","b7f497627f4f943d2a38ff24dc1453e7f17d8cf6","core/src/main/java/org/elasticsearch/cluster/metadata/MetaDataMappingService.java","60","0","2","2","323","418","1"
"elasticsearch","15d58d91f1abb75764428fdb5e436edbe0f4181d","src/main/java/org/elasticsearch/action/bulk/TransportBulkAction.java","60","0","2","2","343","416","1"
"elasticsearch","78574d248cf10dad1c5a566fda79e1e0c94afe43","core/src/main/java/org/elasticsearch/action/bulk/TransportBulkAction.java","60","0","2","2","394","468","3"
"elasticsearch","3f6c0feee38a11284ab120b0981922adbd60484d","core/src/main/java/org/elasticsearch/action/bulk/TransportBulkAction.java","60","0","2","2","396","470","3"
"hazelcast","10623b143003a1c8f6b4c021ff52da6bfea71094","hazelcast/src/main/java/com/hazelcast/nio/ConnectionManager.java","60","0","2","21","439","530","0"
"hazelcast","6c8b57eed4b288c794859e8cc1acf76583656fbe","hazelcast/src/main/java/com/hazelcast/nio/tcp/TcpIpConnectionManager.java","60","0","2","26","519","643","0"
"elasticsearch","2f8def11b5109eb80b47422a200bf7b7e07c8467","core/src/main/java/org/elasticsearch/index/mapper/DateFieldMapper.java","60","0","2","28","414","504","1"
"elasticsearch","36e22bc30f097a58b66fb7da63a5377a169e0f8d","core/src/main/java/org/elasticsearch/index/mapper/DateFieldMapper.java","60","0","2","28","414","504","1"
"elasticsearch","82fa531ab4c1fb087d357ff15288c070d7393378","core/src/main/java/org/elasticsearch/index/mapper/DateFieldMapper.java","60","0","2","28","414","504","0"
"BroadleafCommerce","26ad5e3200a96bb3189406421dcd322db8053b5c","core/broadleaf-framework/src/main/java/org/broadleafcommerce/core/order/domain/DiscreteOrderItemImpl.java","60","0","2","35","398","504","4"
"BroadleafCommerce","1da50e8d41f90a9ef84e26a97845dc812fbc27ad","core/broadleaf-framework/src/main/java/org/broadleafcommerce/core/order/domain/DiscreteOrderItemImpl.java","60","0","2","35","399","505","3"
"hazelcast","672424ae3e81b7dff16a562e99f25ca8745ac130","hazelcast/src/main/java/com/hazelcast/instance/Node.java","60","0","2","40","490","599","0"
"elasticsearch","dabbf5d4f44c6bd98d1fad1ca71edfb15ca4b94f","core/src/main/java/org/elasticsearch/cluster/SnapshotsInProgress.java","60","0","2","46","420","522","1"
"hazelcast","8b356bb8f3d836baaa2805d2526a9045c3d8ffad","hazelcast/src/test/java/com/hazelcast/test/HazelcastTestSupport.java","60","0","2","78","614","754","4"
"orientdb","94cd949471b8f8eb8043fdada6a22851c2446fd5","core/src/main/java/com/orientechnologies/orient/core/sql/ORuntimeResult.java","60","0","2","8","178","254","1"
"elasticsearch","371c73e14023917f3892090d2d3d7ff9ac1216b9","core/src/main/java/org/elasticsearch/index/query/GeoDistanceQueryBuilder.java","60","0","20","2","354","490","4"
"elasticsearch","2233d48235aeb57dbcfb8c2ab86fdd502efb971e","core/src/main/java/org/elasticsearch/index/query/BoolQueryBuilder.java","60","0","20","2","359","515","0"
"elasticsearch","6c3beaa2ebe4921474addf07ce3aa02a3cb7f915","core/src/main/java/org/elasticsearch/index/query/BoolQueryBuilder.java","60","0","20","2","366","523","0"
"netty","268111208007b1336dc1bbdcb0b9c15427e14e1f","handler/src/main/java/io/netty/handler/traffic/GlobalChannelTrafficShapingHandler.java","60","0","20","5","493","774","0"
"elasticsearch","08f7caa56b3519f4569e82cdceb57dee14e19420","src/main/java/org/elasticsearch/indices/recovery/RecoveryState.java","60","0","20","73","743","937","0"
"elasticsearch","60c7e0eb91d70a866bbd4e5d5ed56efbc09cb78a","core/src/main/java/org/elasticsearch/indices/recovery/RecoveryState.java","60","0","20","73","744","972","1"
"elasticsearch","11e4b0168bf73cf10c1d5c3e81aef1036746ee06","core/src/main/java/org/elasticsearch/index/query/RangeQueryBuilder.java","60","0","22","2","353","500","0"
"elasticsearch","9809760eb0658d9918c6f4aa5b15606c6e857fb3","core/src/main/java/org/elasticsearch/common/settings/AbstractScopedSettings.java","60","0","23","1","350","578","0"
"BroadleafCommerce","121fb9da120731cb573dabb23e44df67447d001d","common/src/main/java/org/broadleafcommerce/common/web/BroadleafRequestContext.java","60","0","23","47","464","703","1"
"netty","e074df2ae6501d99921543369198c53e4d99ed1b","resolver-dns/src/main/java/io/netty/resolver/dns/DnsNameResolver.java","60","0","24","0","663","933","0"
"netty","5934ae8fd28b2a7b2b9eb892c2192428c2a113d1","resolver-dns/src/main/java/io/netty/resolver/dns/DnsNameResolver.java","60","0","24","0","681","962","1"
"mcMMO","6c2b1f555f810d5a0174f57a3564295ef8d251a0","src/main/java/com/gmail/nossr50/config/Config.java","60","0","27","112","311","455","0"
"elasticsearch","14d37baa4bcbae00896d8aa69f6b52aab7ba5e14","core/src/main/java/org/elasticsearch/index/engine/Engine.java","60","0","28","77","807","1161","1"
"elasticsearch","baa2d51e599bdb901e472d15cc0251e6712c1d25","core/src/main/java/org/elasticsearch/index/engine/Engine.java","60","0","29","77","809","1168","0"
"netty","beb75f0a04617faf19d80c9d42bea38c0ee7b22d","codec-http2/src/main/java/io/netty/handler/codec/http2/DefaultHttp2RemoteFlowController.java","60","0","3","10","572","930","1"
"orientdb","984c71715a77135a3a3b46473e9b6f816f78fb60","etl/src/main/java/com/orientechnologies/orient/etl/OETLProcessor.java","60","0","3","17","473","651","0"
"hazelcast","5f7d9567bd38e5011ce2535b13b76679190e52e8","hazelcast/src/main/java/com/hazelcast/nio/tcp/TcpIpConnectionManager.java","60","0","3","21","510","645","1"
"hazelcast","f4c33973f2e5f804f6743683b11c8a43922bfc7e","hazelcast/src/main/java/com/hazelcast/nio/tcp/TcpIpConnectionManager.java","60","0","3","24","535","670","1"
"hazelcast","565257f977407eb3a0199d082860209c2958f5f9","hazelcast/src/main/java/com/hazelcast/nio/tcp/TcpIpConnectionManager.java","60","0","3","27","524","640","2"
"hazelcast","0fc10933dec24e6077128d7b1c94ea9af3ea9341","hazelcast/src/main/java/com/hazelcast/nio/tcp/TcpIpConnectionManager.java","60","0","3","27","530","649","2"
"elasticsearch","d05aee7eda3a28b11df47e652f44f7d2b185c97d","core/src/main/java/org/elasticsearch/index/mapper/ObjectMapper.java","60","0","3","30","431","551","0"
"elasticsearch","b21024b5f9e8cabf5ceed3e2c18dffba14f42866","src/test/java/org/elasticsearch/index/engine/internal/InternalEngineTests.java","60","0","3","31","1195","1563","1"
"hazelcast","84e0a9b9d444f633dbd2bced60d95bc478086fea","hazelcast/src/main/java/com/hazelcast/instance/Node.java","60","0","3","37","514","654","0"
"elasticsearch","23d11ed7292dfc9c714dbb8c3ed56a516d0601e4","core/src/test/java/org/elasticsearch/search/aggregations/bucket/LongTermsIT.java","60","0","3","40","989","1240","0"
"elasticsearch","952feb58e41bd0220784c44136b840ea4a740e26","core/src/test/java/org/elasticsearch/search/aggregations/bucket/LongTermsIT.java","60","0","3","40","991","1242","1"
"orientdb","c1f0f046093d166b58193818b359c73d4a50c228","core/src/main/java/com/orientechnologies/orient/core/config/OStorageConfiguration.java","60","0","3","48","483","680","0"
"BroadleafCommerce","cec64a92a0696440a5b09f9f0022c30cedccdac7","common/src/main/java/org/broadleafcommerce/common/extensibility/jpa/MergePersistenceUnitManager.java","60","0","3","5","331","428","2"
"neo4j","b485717961d135d2b10afa59ee8a9ffd1fbce22b","community/import-tool/src/main/java/org/neo4j/tooling/ImportTool.java","60","0","3","8","840","995","1"
"neo4j","f720e394ba43a8300917afd767c602d0a43508af","community/import-tool/src/main/java/org/neo4j/tooling/ImportTool.java","60","0","3","8","842","996","0"
"elasticsearch","01519745007b2d093cdf602783c27a26de82c69b","core/src/main/java/org/elasticsearch/index/engine/Engine.java","60","0","34","76","849","1242","0"
"netty","474bf036ff9783fa739063984c893c82c9fa7c13","codec/src/main/java/io/netty/handler/codec/compression/JdkZlibDecoder.java","60","0","4","1","301","391","1"
"netty","a1e3c17eae63711538dde7969794180586e58727","codec/src/main/java/io/netty/handler/codec/compression/JdkZlibDecoder.java","60","0","4","1","302","392","1"
"netty","984b0aa961b21845ab92cd2cddab3f2ee354f4f1","codec/src/main/java/io/netty/handler/codec/compression/JdkZlibDecoder.java","60","0","4","1","303","393","0"
"neo4j","bebb7e52e9f29786f61487f9ee411868070e6ebb","community/graph-algo/src/main/java/org/neo4j/graphalgo/impl/path/ShortestPath.java","60","0","4","10","577","707","0"
"elasticsearch","1441fec0687d9af1b3eb17a6cc7286bab495d01f","src/main/java/org/elasticsearch/common/lucene/Lucene.java","60","0","4","15","309","377","2"
"hazelcast","73673199472b3fb25cf6c72de378a1d2bab18605","hazelcast/src/main/java/com/hazelcast/nio/tcp/TcpIpConnectionManager.java","60","0","4","24","536","671","1"
"hazelcast","86b064ba3f1e467e74e95d6da24b03122065ce36","hazelcast/src/main/java/com/hazelcast/nio/tcp/TcpIpConnectionManager.java","60","0","4","24","536","671","2"
"hazelcast","9948976cea0dd05d47e24f303a0b309b4155d329","hazelcast/src/main/java/com/hazelcast/nio/tcp/TcpIpConnectionManager.java","60","0","4","24","536","671","2"
"hazelcast","82683a8423a0a3209f3dd70ca23835ee63f0d0b8","hazelcast/src/main/java/com/hazelcast/nio/tcp/TcpIpConnectionManager.java","60","0","4","24","536","671","0"
"hazelcast","e1b69c53ca4923affcd7722f012a80e32517e988","hazelcast/src/main/java/com/hazelcast/nio/tcp/TcpIpConnectionManager.java","60","0","4","24","536","671","0"
"neo4j","65a7ca99e28d12d274a84ca1008be13611ca44ab","community/kernel/src/main/java/org/neo4j/helpers/Args.java","60","0","4","28","420","552","0"
"netty","2fd42cfc6b32dacb812c6f2ecef8522cd94718d4","codec-http2/src/main/java/io/netty/handler/codec/http2/internal/hpack/Decoder.java","60","0","4","4","347","498","0"
"MapDB","09b51b56dd243db0522fa436f81c268ccef58bb6","src/main/java/org/mapdb/Pump.java","60","0","5","0","317","490","0"
"elasticsearch","4b94eb5cb8cc4294ed0e932a5f22c16bd90d4dd7","core/src/main/java/org/elasticsearch/Version.java","60","0","5","15","287","380","3"
"elasticsearch","560d2c094e6d8c2c8605a0b1c45afb006e072e6f","src/main/java/org/elasticsearch/common/lucene/Lucene.java","60","0","5","15","331","405","0"
"elasticsearch","562c3744cab91aa083cb645c67ef57ebb20c8661","core/src/main/java/org/elasticsearch/common/lucene/search/function/FunctionScoreQuery.java","60","0","5","17","369","473","0"
"elasticsearch","6469f6ef0686496df69332ebd4354be291baa30f","src/main/java/org/elasticsearch/index/mapper/core/StringFieldMapper.java","60","0","5","22","375","493","1"
"elasticsearch","fc90c2affdcf7d8303444bf06ad6c70a9a761c00","core/src/main/java/org/elasticsearch/cluster/routing/allocation/AllocationService.java","60","0","5","5","321","469","1"
"elasticsearch","3354a816fca4b8ce5af622c848bcd5fd1161e3b7","core/src/main/java/org/elasticsearch/cluster/routing/allocation/AllocationService.java","60","0","5","5","321","470","0"
"netty","ab1bb9136b384e4722feebe2f0e9377cd88fd39a","transport-native-epoll/src/main/java/io/netty/channel/epoll/Native.java","60","0","5","65","537","703","1"
"netty","f2ba221e7e70fb7c1bb63d8aa67bdd21aa106886","transport-native-epoll/src/main/java/io/netty/channel/epoll/Native.java","60","0","5","65","541","708","0"
"netty","d2615ab532b3d149df175d142bbb423947b1a05b","transport-native-epoll/src/main/java/io/netty/channel/epoll/Native.java","60","0","5","67","543","710","1"
"netty","49643fb5b12fc8426cc8d5cf98adb55687961770","transport-native-epoll/src/main/java/io/netty/channel/epoll/Native.java","60","0","5","67","545","712","0"
"netty","b2399c2475db14c1038432129545845785a73563","transport-native-epoll/src/main/java/io/netty/channel/epoll/Native.java","60","0","5","73","560","730","1"
"neo4j","33d8b5a7ef36eb1d2c9e72daa01a416a5a403079","community/kernel/src/main/java/org/neo4j/kernel/impl/api/index/IndexingService.java","60","0","6","24","620","809","1"
"elasticsearch","e74d02138f02a66331b2611b5e70a908bb49cb97","test/framework/src/main/java/org/elasticsearch/test/AbstractQueryTestCase.java","60","0","7","6","749","987","1"
"elasticsearch","046abdc281c321cd2128ee7684c0edfcaca07203","test/framework/src/main/java/org/elasticsearch/test/AbstractQueryTestCase.java","60","0","7","6","756","990","3"
"BroadleafCommerce","c82daef52addf618b6c0fa4b6b0e840008c778bc","admin/broadleaf-admin-module/src/main/java/org/broadleafcommerce/admin/server/service/handler/SkuCustomPersistenceHandler.java","60","0","8","8","455","691","0"
"orientdb","de410aa8d3455b55f3c39e49780136c0b6c5e64b","core/src/main/java/com/orientechnologies/common/collection/closabledictionary/OClosableLinkedContainer.java","60","0","9","0","466","879","0"
"hazelcast","268d983e8f25e4c5673b03bbcfe6256da34c533d","hazelcast/src/test/java/com/hazelcast/map/EvictionTest.java","60","0","9","27","871","1089","0"
"hazelcast","8fc0d61fc2604f4a7580375233291a01f3ba0b81","hazelcast/src/test/java/com/hazelcast/map/EvictionTest.java","60","0","9","27","872","1089","1"
"hazelcast","274568d83996b0476a9751ffebe4fc29af809c54","hazelcast/src/test/java/com/hazelcast/map/EvictionTest.java","60","0","9","27","872","1090","0"
"hazelcast","fd357dc8b9ed2bc2bba8ae86563e2136b6ebab62","hazelcast/src/main/java/com/hazelcast/impl/ConcurrentMapManager.java","600","0","1","37","3585","4047","1"
"hazelcast","2356748771aa27289500ca099fb77942e36b2097","hazelcast/src/main/java/com/hazelcast/impl/ConcurrentMapManager.java","600","0","1","37","3597","4067","1"
"hazelcast","f76b0c0f1372a7b1f2d84c33f88ac7aed1f61684","hazelcast/src/main/java/com/hazelcast/impl/ConcurrentMapManager.java","602","0","1","37","3638","4095","3"
"hazelcast","bdb9e7daa81c50d6242167b9fb115b73e3993a1f","hazelcast/src/main/java/com/hazelcast/impl/ConcurrentMapManager.java","605","0","1","38","3669","4136","3"
"hazelcast","f3d7f868b2946bb666e36c354f3aef8a3c47a8ea","hazelcast/src/main/java/com/hazelcast/impl/ConcurrentMapManager.java","607","0","1","37","3678","4146","2"
"hazelcast","74b16ca65000a07f9b22b598844707b1a8b1ff2d","hazelcast/src/main/java/com/hazelcast/impl/ConcurrentMapManager.java","607","0","1","38","3681","4150","2"
"mct","2647bd2a458f849c0a32cff471cac536757323fe","fastPlotViews/src/main/java/gov/nasa/arc/mct/fastplot/bridge/PlotLimitManager.java","61","0","0","0","323","474","1"
"hazelcast","25047d892701caa16dc54648c5b6ab9c2cf65006","hazelcast/src/main/java/com/hazelcast/spi/impl/WaitNotifyServiceImpl.java","61","0","0","0","324","388","1"
"mct","dcd656243a1cab0f77eade751ce713efdce70d94","fastPlotViews/src/main/java/gov/nasa/arc/mct/fastplot/bridge/PlotLimitManager.java","61","0","0","0","343","498","0"
"hazelcast","08e659f992761d79cd0342e77ce17ddb62e33295","hazelcast/src/main/java/com/hazelcast/concurrent/lock/LockResourceImpl.java","61","0","0","0","376","457","1"
"hazelcast","335f8c0d2af9c55c731dc7b44d18c5e3796f4bd6","hazelcast/src/main/java/com/hazelcast/concurrent/lock/LockResourceImpl.java","61","0","0","0","377","458","2"
"hazelcast","21345941fe1cf3d761ab689b701039972c46a9a8","hazelcast/src/main/java/com/hazelcast/spi/impl/WaitNotifyServiceImpl.java","61","0","0","0","378","456","2"
"hazelcast","34a30ebe90a09709a3bb74a1e54b5920dfb9e3ed","hazelcast/src/main/java/com/hazelcast/spi/impl/BasicInvocationFuture.java","61","0","0","0","378","478","2"
"hazelcast","cf709cac522a7b877da0c3bf3e373b0089a55b46","hazelcast/src/main/java/com/hazelcast/concurrent/lock/LockResourceImpl.java","61","0","0","0","379","476","1"
"hazelcast","38ffe8c5e2d3c88137e801b25fbc380b50929dfb","hazelcast/src/main/java/com/hazelcast/spi/impl/BasicInvocationFuture.java","61","0","0","0","381","483","0"
"hazelcast","50bbd60a9ae2031621834fa9ce729f448babd684","hazelcast/src/main/java/com/hazelcast/concurrent/lock/LockResourceImpl.java","61","0","0","0","386","475","2"
"hazelcast","0bf16b5dcf6b8e7bff13dc772d7bb7ab7dfa4998","hazelcast/src/main/java/com/hazelcast/spi/impl/BasicInvocationFuture.java","61","0","0","0","387","490","0"
"hazelcast","70ada36a48c8457c4015adef29358f1a2da3909a","hazelcast/src/main/java/com/hazelcast/spi/impl/operationservice/impl/Invocation.java","61","0","0","0","424","593","1"
"hazelcast","820f4b2d5e993cbc48c7f14e06f7588591085461","hazelcast-client-new/src/main/java/com/hazelcast/client/cache/impl/AbstractClientInternalCacheProxy.java","61","0","0","0","516","627","2"
"hazelcast","5b10680e77491d29c776d815fa4264ba3c265112","hazelcast-client-new/src/main/java/com/hazelcast/client/cache/impl/AbstractClientInternalCacheProxy.java","61","0","0","0","517","628","1"
"netty","f10f8a31318a2e408b979de6a8ed49caa615d86a","buffer/src/main/java/io/netty/buffer/PoolArena.java","61","0","0","0","614","761","0"
"netty","421eabe666f5eb3c760c757e991e4f37213f7333","transport/src/main/java/io/netty/channel/TaskScheduler.java","61","0","0","10","356","427","0"
"neo4j","1d4303c5a0a8bc80b115dfb5e44526506dd95fc6","enterprise/causal-clustering/src/main/java/org/neo4j/causalclustering/core/consensus/RaftMessages.java","61","0","0","100","638","770","1"
"hazelcast","9b18e86010bb868825e683ffc69f31c520f2302a","hazelcast/src/main/java/com/hazelcast/management/ManagementCenterService.java","61","0","0","16","527","655","0"
"hazelcast","5993d0fccac9cb66a0ce72bdd0b9333fc09d6dcb","hazelcast-client/src/main/java/com/hazelcast/client/connection/nio/ClientConnectionManagerImpl.java","61","0","0","18","516","602","2"
"elasticsearch","4a6f3c78408c316d9f6f212d2664adda13c54a44","core/src/test/java/org/elasticsearch/cluster/ClusterStateDiffIT.java","61","0","0","2","496","687","0"
"elasticsearch","3354a816fca4b8ce5af622c848bcd5fd1161e3b7","core/src/test/java/org/elasticsearch/cluster/ClusterStateDiffIT.java","61","0","0","2","498","690","0"
"elasticsearch","28109a18a2dc1f30207d09bdfb2148e8d7906337","core/src/test/java/org/elasticsearch/cluster/ClusterStateDiffIT.java","61","0","0","2","508","700","1"
"hazelcast","d568e4d926d925d57d4e79e34614390416749301","hazelcast/src/main/java/com/hazelcast/spi/impl/eventservice/impl/EventServiceImpl.java","61","0","0","27","435","519","0"
"elasticsearch","51d53791fe71c9cb62bc992588a57cdfb500383f","core/src/main/java/org/elasticsearch/rest/action/cat/RestShardsAction.java","61","0","0","3","241","317","0"
"elasticsearch","2b3760f78b26817b5a2030aa27b1ddf2f17462f6","core/src/main/java/org/elasticsearch/rest/action/cat/RestShardsAction.java","61","0","0","3","254","318","1"
"elasticsearch","d746e14cf3f6d9b25a2c6018eedca249555cf44b","src/test/java/org/elasticsearch/snapshots/SharedClusterSnapshotRestoreTests.java","61","0","0","31","1434","1812","1"
"elasticsearch","9745808c3f199218a42a7e37d5c3120ab5d700aa","src/test/java/org/elasticsearch/snapshots/SharedClusterSnapshotRestoreTests.java","61","0","0","31","1445","1824","0"
"elasticsearch","93beea1f670f1e0d53bc3fd3ee671bc235d5f1aa","core/src/test/java/org/elasticsearch/snapshots/SharedClusterSnapshotRestoreTests.java","61","0","0","32","1491","1891","0"
"elasticsearch","f0e6addc53bdd82dd55bab96f024012a7ba8456c","src/test/java/org/elasticsearch/snapshots/SharedClusterSnapshotRestoreTests.java","61","0","0","32","1495","1897","0"
"hazelcast","44a27ec07e839f6ae135b894fb221dd0183dfeee","hazelcast/src/main/java/com/hazelcast/config/ConfigXmlGenerator.java","61","0","0","4","359","393","0"
"neo4j","524187c7c736da98dcd99a069cc76f02927b6774","community/kernel/src/test/java/org/neo4j/unsafe/batchinsert/TestBatchInsert.java","61","0","0","48","1259","1601","0"
"neo4j","934072a0187279d79b381ad46f6270622ead3175","community/kernel/src/test/java/org/neo4j/unsafe/batchinsert/TestBatchInsert.java","61","0","0","50","1320","1676","0"
"elasticsearch","596d511466c279c8f5e808599c3aff19e029c477","src/test/java/org/elasticsearch/index/fielddata/DuelFieldDataTests.java","61","0","0","6","409","484","0"
"elasticsearch","fda6ca4869182a2dfc082490c183eadf8f4e3d05","src/test/java/org/elasticsearch/index/fielddata/DuelFieldDataTests.java","61","0","0","6","418","487","1"
"elasticsearch","6174e21f47244b6d5153d7d0cc1fe28fe863399d","modules/percolator/src/main/java/org/elasticsearch/percolator/PercolateQueryBuilder.java","61","0","0","8","433","557","1"
"elasticsearch","3aed047bdedde1bda189cbfc2f81e65af42e57c5","modules/percolator/src/main/java/org/elasticsearch/percolator/PercolateQueryBuilder.java","61","0","0","8","435","563","0"
"elasticsearch","9a0ce62550e82954cb8ce1bf1cca0c96eb377845","modules/percolator/src/main/java/org/elasticsearch/percolator/PercolateQueryBuilder.java","61","0","0","8","445","570","1"
"netty","2903b91e66c6e6615b7ba67c8c6ff286e392ad95","transport/src/main/java/io/netty/channel/socket/aio/AioSocketChannel.java","61","0","0","8","468","614","0"
"netty","3e783e1b5e9d067271bc8e398230e056379baa75","transport/src/main/java/io/netty/channel/socket/aio/AioSocketChannel.java","61","0","0","8","469","615","0"
"elasticsearch","6c3beaa2ebe4921474addf07ce3aa02a3cb7f915","core/src/test/java/org/elasticsearch/search/builder/SearchSourceBuilderTests.java","61","0","0","9","505","568","1"
"elasticsearch","1022123f59f2e165433da0ca2c6e1296cfed6a4d","core/src/test/java/org/elasticsearch/search/builder/SearchSourceBuilderTests.java","61","0","0","9","508","571","1"
"BroadleafCommerce","a0b4fcff57a8213f875366ebbdebe2fcba6ed2e7","admin/broadleaf-open-admin-platform/src/main/java/org/broadleafcommerce/openadmin/web/controller/AdminAbstractController.java","61","0","1","0","448","850","2"
"elasticsearch","0291ab1d8daba2cd7df118f2729780066bf062c1","modules/elasticsearch/src/main/java/org/elasticsearch/action/admin/cluster/health/TransportClusterHealthAction.java","61","0","1","1","235","280","0"
"elasticsearch","96d06d6dc8611d01bddeebef4a338ca4464c7b6d","modules/elasticsearch/src/main/java/org/elasticsearch/action/admin/cluster/health/TransportClusterHealthAction.java","61","0","1","1","236","281","0"
"netty","2adebc4c54ae98565db8e2a3c02b2ffaa0c101fe","buffer/src/main/java/io/netty/buffer/AbstractByteBuf.java","61","0","1","103","764","925","1"
"orientdb","29ef0622a3d91def2a4a244705c8296116a784d1","core/src/main/java/com/orientechnologies/orient/core/storage/impl/local/paginated/OLocalPaginatedStorage.java","61","0","1","11","420","526","0"
"netty","9517edd4983e632f23a58da5633c630fe9c61a51","codec-http2/src/main/java/io/netty/handler/codec/http2/DefaultHttp2ConnectionDecoder.java","61","0","1","11","474","655","0"
"hazelcast","3ce4907b910bdc5378a4eaeef6343d847b1efe28","hazelcast/src/main/java/com/hazelcast/spi/impl/BasicOperationScheduler.java","61","0","1","11","487","663","2"
"hazelcast","3655e091d0e087870f72a24f04d174279419e55c","hazelcast-client/src/main/java/com/hazelcast/client/connection/nio/ClientConnectionManagerImpl.java","61","0","1","11","527","624","2"
"elasticsearch","8fbb3686cd9097042c2292cdcb1dfabde1c34b01","core/src/test/java/org/elasticsearch/index/fielddata/AbstractStringFieldDataTestCase.java","61","0","1","14","533","622","1"
"elasticsearch","581fd49dac56f549b7f22ce585be1ef1c07e04c8","core/src/test/java/org/elasticsearch/index/fielddata/AbstractStringFieldDataTestCase.java","61","0","1","14","538","627","0"
"BroadleafCommerce","9eaa5260c4ed3428990f8ec8c265d4cecb3eb08d","admin/broadleaf-open-admin-platform/src/main/java/org/broadleafcommerce/openadmin/server/service/AdminEntityServiceImpl.java","61","0","1","15","509","653","6"
"BroadleafCommerce","aa04e6eabcf0eaf9a846268715da4854ac20f528","admin/broadleaf-open-admin-platform/src/main/java/org/broadleafcommerce/openadmin/server/service/AdminEntityServiceImpl.java","61","0","1","15","515","654","6"
"elasticsearch","b2abdd1174d0e06cf769fc89af968fb68a6ea06f","core/src/test/java/org/elasticsearch/search/sort/FieldSortIT.java","61","0","1","19","1216","1495","0"
"hazelcast","835ad6b42ede4b5ce7092db1339487377f1ac199","hazelcast-wm/src/main/java/com/hazelcast/web/HazelcastHttpSession.java","61","0","1","23","308","369","1"
"hazelcast","e11600a8a909758ea6614352ca1848e71219b06f","hazelcast-wm/src/main/java/com/hazelcast/web/HazelcastHttpSession.java","61","0","1","23","308","369","2"
"hazelcast","69975a8df84795d2fbd45e45b1d169e13fcbf0b1","hazelcast-wm/src/main/java/com/hazelcast/web/HazelcastHttpSession.java","61","0","1","23","308","369","0"
"elasticsearch","69f74d714f6071ec655b6777f4ffd318637c82a9","src/main/java/org/elasticsearch/index/mapper/internal/TimestampFieldMapper.java","61","0","1","24","279","346","1"
"orientdb","136db63960bbf53514691bf5a0bb8361a5ea5361","core/src/main/java/com/orientechnologies/orient/core/sql/functions/graph/OSQLFunctionShortestPath.java","61","0","1","3","253","315","0"
"orientdb","b18251fe922483b2b6591472b9f435a9214c8c51","core/src/main/java/com/orientechnologies/orient/core/sql/functions/graph/OSQLFunctionShortestPath.java","61","0","1","3","253","315","0"
"orientdb","46bbcabde62c2b9e61ebaf45dc23f16d9dee7f02","core/src/main/java/com/orientechnologies/orient/core/sql/functions/graph/OSQLFunctionShortestPath.java","61","0","1","3","253","315","1"
"MapDB","30e17d451a5d942b722be7e04f340a8a3f2ba9b1","src/main/java/org/mapdb/TxEngine.java","61","0","1","34","516","619","0"
"elasticsearch","b4064ce43fc43fecc2b63c63c0d27d52f4656f16","core/src/test/java/org/elasticsearch/index/shard/IndexShardTests.java","61","0","1","42","1406","1653","0"
"elasticsearch","d2f25416e4a14812d0961ddce0da73bee0b68b27","core/src/test/java/org/elasticsearch/index/shard/IndexShardTests.java","61","0","1","42","1462","1708","1"
"elasticsearch","046abdc281c321cd2128ee7684c0edfcaca07203","core/src/test/java/org/elasticsearch/index/shard/IndexShardTests.java","61","0","1","42","1471","1717","3"
"elasticsearch","b7d492af4b3166fc1cf324a28534c2d9fcd75a12","modules/elasticsearch/src/main/java/org/elasticsearch/search/controller/SearchPhaseController.java","61","0","1","6","278","351","0"
"hazelcast","88477bd90895955b93b0eebc6d775a46a7e8c70e","hazelcast-wm/src/main/java/com/hazelcast/web/WebFilter.java","61","0","1","6","383","511","4"
"hazelcast","00e03c9f3b984370f2c72abe5507b95e04c05a28","hazelcast-wm/src/main/java/com/hazelcast/web/WebFilter.java","61","0","1","6","383","512","1"
"hazelcast","3d0ba46e44d89fcef3fd3225825bb2f401cfdbd5","hazelcast-client/src/main/java/com/hazelcast/client/proxy/ClientMapProxy.java","61","0","1","64","666","766","1"
"hazelcast","33e26506f4466fba25eefee59df80b654a60af62","hazelcast-wm/src/main/java/com/hazelcast/web/WebFilter.java","61","0","1","7","386","516","3"
"BroadleafCommerce","86c7c1f49cf8d819bf62c336775b16aeea5d2070","admin/broadleaf-open-admin-platform/src/main/java/org/broadleafcommerce/openadmin/server/service/persistence/module/MapStructurePersistenceModule.java","61","0","1","7","454","544","0"
"BroadleafCommerce","a3b56d046071ae04bde3a0799d053408cbcf621d","admin/broadleaf-open-admin-platform/src/main/java/org/broadleafcommerce/openadmin/server/service/persistence/module/MapStructurePersistenceModule.java","61","0","1","7","454","544","0"
"BroadleafCommerce","a6b6aa3f000934c1ab6c1d123b940cb4ebf58355","admin/broadleaf-open-admin-platform/src/main/java/org/broadleafcommerce/openadmin/server/service/persistence/module/MapStructurePersistenceModule.java","61","0","1","7","454","544","3"
"BroadleafCommerce","024e2cd7532a2662f5a6bf6f21876f03bcbccb0a","admin/broadleaf-open-admin-platform/src/main/java/org/broadleafcommerce/openadmin/server/service/persistence/module/MapStructurePersistenceModule.java","61","0","1","7","455","545","2"
"BroadleafCommerce","31d47cb2fa8e903eb75078e6da36b7c2d2ec9a12","admin/broadleaf-open-admin-platform/src/main/java/org/broadleafcommerce/openadmin/server/service/persistence/module/MapStructurePersistenceModule.java","61","0","1","7","455","545","1"
"BroadleafCommerce","8f5ba210f06aebdc1db085d9094cdf5e4ab0a156","admin/broadleaf-open-admin-platform/src/main/java/org/broadleafcommerce/openadmin/server/service/persistence/module/MapStructurePersistenceModule.java","61","0","1","7","455","545","0"
"neo4j","2b1b5bf235d155f54f4e277702f1c8687cf0ef70","enterprise/security/src/main/java/org/neo4j/server/security/enterprise/auth/LdapRealm.java","61","0","1","7","528","641","0"
"elasticsearch","a7190ea8a3bd7fbf774a8431e88b46c79daf7a4c","modules/elasticsearch/src/main/java/org/elasticsearch/gateway/local/LocalGateway.java","61","0","1","8","364","468","0"
"elasticsearch","51b33f1fd549b474e901e70a460440d73a1751ce","modules/percolator/src/main/java/org/elasticsearch/percolator/PercolateQueryBuilder.java","61","0","1","8","409","507","1"
"elasticsearch","ec770373ab65bc77c9cb3ae9e4c0919bdd5219d5","src/main/java/org/elasticsearch/index/fielddata/fieldcomparator/BytesRefOrdValComparator.java","61","0","1","8","432","602","0"
"elasticsearch","2ccc223ff761043807683f34b29c693af6c94d95","modules/percolator/src/main/java/org/elasticsearch/percolator/PercolateQueryBuilder.java","61","0","1","8","436","546","0"
"elasticsearch","c17de49a6dc1d54fcfee3754211ae67a06bdcec7","modules/percolator/src/main/java/org/elasticsearch/percolator/PercolateQueryBuilder.java","61","0","1","8","436","546","0"
"elasticsearch","0189a65e6bfc623813c6c088d19a0509fbeb64da","modules/percolator/src/main/java/org/elasticsearch/percolator/PercolateQueryBuilder.java","61","0","1","8","436","546","1"
"elasticsearch","808ef6cec798fb186c8638dcddec3dc25f4e9067","core/src/test/java/org/elasticsearch/search/builder/SearchSourceBuilderTests.java","61","0","1","9","555","623","1"
"antlr4","8b75e3fc5bd28e5ee45fb30531c4ee762250c02e","runtime/Java/src/org/antlr/v4/runtime/BufferedTokenStream.java","61","0","10","19","290","483","1"
"antlr4","bcde6f923a891d08a3308f4a37acaf90c46b878c","runtime/Java/src/org/antlr/v4/runtime/BufferedTokenStream.java","61","0","10","19","291","484","1"
"antlr4","3506dcef1d7bfb5389ae8de2a29fd94bfad9a489","runtime/Java/src/org/antlr/v4/runtime/BufferedTokenStream.java","61","0","10","19","292","510","2"
"antlr4","e311ec63b44694f30923858cf77dbde7f327b89e","runtime/Java/src/org/antlr/v4/runtime/BufferedTokenStream.java","61","0","10","19","299","512","0"
"antlr4","633a2df710d733e5721fbf3e4a743047e4920700","runtime/Java/src/org/antlr/v4/runtime/BufferedTokenStream.java","61","0","11","18","292","492","0"
"elasticsearch","164efaecbe42195f08ada58b5fde927ab21fc6e7","core/src/test/java/org/elasticsearch/discovery/DiscoveryWithServiceDisruptionsIT.java","61","0","12","5","782","1100","2"
"elasticsearch","997ea08e7b4aca8d5e064bf22d8822fc94ffa0f7","core/src/test/java/org/elasticsearch/discovery/DiscoveryWithServiceDisruptionsIT.java","61","0","13","5","804","1131","1"
"elasticsearch","c32de1f72b8f1131daf710a2144be31c55cb4f93","core/src/test/java/org/elasticsearch/discovery/DiscoveryWithServiceDisruptionsIT.java","61","0","13","5","815","1141","1"
"elasticsearch","fac472f90c521241a56f90c708eafe8bcbc4f939","core/src/test/java/org/elasticsearch/discovery/DiscoveryWithServiceDisruptionsIT.java","61","0","13","5","816","1141","2"
"elasticsearch","2bd09c4625898d77aa6c015c6f82cf973ed18cb7","core/src/main/java/org/elasticsearch/cluster/routing/IndexShardRoutingTable.java","61","0","16","28","424","620","1"
"elasticsearch","cb2cfdd9c0476bfbe5e1c13a4b3eb84ebb61bb6d","core/src/main/java/org/elasticsearch/cluster/routing/IndexShardRoutingTable.java","61","0","16","28","425","621","2"
"elasticsearch","238d390637db61406514ca2de983a871af9000a1","core/src/main/java/org/elasticsearch/cluster/routing/IndexShardRoutingTable.java","61","0","16","29","430","625","1"
"elasticsearch","371c73e14023917f3892090d2d3d7ff9ac1216b9","core/src/main/java/org/elasticsearch/cluster/routing/IndexShardRoutingTable.java","61","0","16","29","430","625","3"
"elasticsearch","78574d248cf10dad1c5a566fda79e1e0c94afe43","core/src/main/java/org/elasticsearch/cluster/routing/IndexShardRoutingTable.java","61","0","16","29","430","625","2"
"elasticsearch","e6aaaf11ed4a1b8f595f920de1840938eddb7a97","core/src/main/java/org/elasticsearch/cluster/routing/IndexShardRoutingTable.java","61","0","16","29","430","625","2"
"elasticsearch","51d3fbf2960dfc37c09a1efd981b3189e0da20cf","core/src/main/java/org/elasticsearch/cluster/routing/IndexShardRoutingTable.java","61","0","16","29","430","625","0"
"elasticsearch","a60b8948ba1d836a6eac7cff095519e618939ed8","core/src/main/java/org/elasticsearch/cluster/routing/IndexShardRoutingTable.java","61","0","17","29","433","634","0"
"elasticsearch","0189a65e6bfc623813c6c088d19a0509fbeb64da","core/src/main/java/org/elasticsearch/snapshots/SnapshotInfo.java","61","0","18","8","421","580","1"
"elasticsearch","64d11b883170393b05316d9a4db9261fd30ae2b8","core/src/main/java/org/elasticsearch/snapshots/SnapshotInfo.java","61","0","18","8","421","580","1"
"elasticsearch","2ccc223ff761043807683f34b29c693af6c94d95","core/src/main/java/org/elasticsearch/snapshots/SnapshotInfo.java","61","0","18","8","421","580","0"
"elasticsearch","d732c0d19f582afe97397cf120dd500da6a0601b","core/src/main/java/org/elasticsearch/action/bulk/TransportBulkAction.java","61","0","2","1","345","414","2"
"hazelcast","381413e66bb1c66823222498fc7fac88c3f3c3c5","hazelcast/src/test/java/com/hazelcast/impl/MapStoreTest.java","61","0","2","104","1368","1558","1"
"elasticsearch","dd4a22bfedf4a3c0c34ea598dfd97903d09b6396","src/main/java/org/elasticsearch/action/bulk/TransportBulkAction.java","61","0","2","2","352","426","0"
"elasticsearch","262ea9534f23761c05570996674932a506259890","core/src/main/java/org/elasticsearch/index/mapper/DateFieldMapper.java","61","0","2","28","421","511","0"
"BroadleafCommerce","944d8c5274ac9b5f46abb09e9d3e9aca65cd000d","core/broadleaf-framework/src/main/java/org/broadleafcommerce/core/order/domain/DiscreteOrderItemImpl.java","61","0","2","35","400","506","3"
"hazelcast","2ef0bc6dac8cbdab1c6cd7cb17e5aaf9938b8e8b","hazelcast/src/main/java/com/hazelcast/client/impl/ClientEngineImpl.java","61","0","2","35","566","686","1"
"hazelcast","fb67264ff7a505ef2f4ec7131afc9e99bd85682a","hazelcast/src/main/java/com/hazelcast/client/impl/ClientEngineImpl.java","61","0","2","35","567","687","2"
"hazelcast","0feff7c98ebd740030acc7f61ae2509933f7cf8e","hazelcast/src/main/java/com/hazelcast/instance/Node.java","61","0","2","40","499","608","1"
"hazelcast","332f996a760d95b0b7006c6fd4a4a0cb7dd9eacd","hazelcast/src/main/java/com/hazelcast/instance/Node.java","61","0","2","40","502","611","0"
"hazelcast","365643a4e1a3466828f10f20cbab2a0632663073","hazelcast/src/test/java/com/hazelcast/test/HazelcastTestSupport.java","61","0","2","78","623","766","3"
"neo4j","8d2e8c6469c5e313638a93adaa910dbf3b026200","community/bolt/src/main/java/org/neo4j/bolt/v1/messaging/Neo4jPack.java","61","0","2","9","338","386","1"
"antlr4","8af00801037d3b8933f29d0903daac3e9c05349e","tool/src/org/antlr/v4/codegen/Target.java","61","0","20","15","375","583","0"
"elasticsearch","8dd4a6473ef2a0e124161556ef28eb8c98fd434e","core/src/main/java/org/elasticsearch/index/query/GeoDistanceQueryBuilder.java","61","0","20","2","356","493","0"
"elasticsearch","10adb71445859a942403c8fbed587175952ca3bf","core/src/main/java/org/elasticsearch/indices/recovery/RecoveryState.java","61","0","20","74","748","978","0"
"elasticsearch","16d9480d785e498092e2d8c57b1ec2ee82ca5150","core/src/main/java/org/elasticsearch/indices/recovery/RecoveryState.java","61","0","20","74","748","978","0"
"elasticsearch","41f8c96fed74e3928b0cc841fcc22ee6b1ca9ff3","core/src/main/java/org/elasticsearch/indices/recovery/RecoveryState.java","61","0","20","74","748","978","2"
"elasticsearch","80d0f1e5ea68300d4273393752589f4bfc27bff5","core/src/main/java/org/elasticsearch/indices/recovery/RecoveryState.java","61","0","20","74","753","983","1"
"elasticsearch","ef9d70b9b39d1447b43d7d4177f371febbefe617","core/src/main/java/org/elasticsearch/indices/recovery/RecoveryState.java","61","0","20","74","753","983","2"
"elasticsearch","68d658a30ffd85e9ecf1838c82bffe11d0df845e","core/src/main/java/org/elasticsearch/indices/recovery/RecoveryState.java","61","0","20","74","753","983","0"
"elasticsearch","371c73e14023917f3892090d2d3d7ff9ac1216b9","core/src/main/java/org/elasticsearch/indices/recovery/RecoveryState.java","61","0","20","75","757","988","3"
"elasticsearch","78574d248cf10dad1c5a566fda79e1e0c94afe43","core/src/main/java/org/elasticsearch/indices/recovery/RecoveryState.java","61","0","20","75","757","988","2"
"elasticsearch","e6aaaf11ed4a1b8f595f920de1840938eddb7a97","core/src/main/java/org/elasticsearch/indices/recovery/RecoveryState.java","61","0","20","75","757","988","2"
"elasticsearch","a60b8948ba1d836a6eac7cff095519e618939ed8","core/src/main/java/org/elasticsearch/indices/recovery/RecoveryState.java","61","0","20","75","757","988","0"
"netty","6cd086050f0af1c81f8155472cd4160e7a185718","resolver-dns/src/main/java/io/netty/resolver/dns/DnsNameResolver.java","61","0","24","0","689","971","0"
"mcMMO","4889769522d0daba523cd1785f3dc488dacf4aa3","src/main/java/com/gmail/nossr50/datatypes/player/McMMOPlayer.java","61","0","25","61","539","869","0"
"elasticsearch","11fab5c66f64045528d540d8958ea09bc5020d52","src/main/java/org/elasticsearch/common/xcontent/XContentHelper.java","61","0","3","11","290","354","0"
"hazelcast","1d5ba185febcf3a2e2f0833e6d7adcecf047c49f","hazelcast/src/main/java/com/hazelcast/nio/tcp/TcpIpConnectionManager.java","61","0","3","24","533","668","1"
"hazelcast","95ebd42ee9727ad50d83090b12760d1a0ff201ec","hazelcast/src/main/java/com/hazelcast/nio/tcp/TcpIpConnectionManager.java","61","0","3","24","536","671","2"
"hazelcast","6e8bff50f82bd83ef250b965b62fb99af154ff9f","hazelcast/src/main/java/com/hazelcast/nio/tcp/TcpIpConnectionManager.java","61","0","3","24","537","672","0"
"hazelcast","7bd8ca3c2e37b548366cb1bac48003ffa9e3ff13","hazelcast/src/main/java/com/hazelcast/nio/tcp/TcpIpConnectionManager.java","61","0","3","25","540","675","0"
"hazelcast","90e33cd789a2fcbc90328c1d08e9717f2e869fb8","hazelcast/src/main/java/com/hazelcast/nio/tcp/TcpIpConnectionManager.java","61","0","3","25","541","676","1"
"elasticsearch","5a91ad11152fb54724083b696339b78829c8b905","core/src/test/java/org/elasticsearch/action/support/replication/TransportReplicationActionTests.java","61","0","3","26","984","1238","0"
"elasticsearch","c97833596869141f747110d0046dd9de325a7f3c","core/src/test/java/org/elasticsearch/action/support/replication/TransportReplicationActionTests.java","61","0","3","26","984","1239","1"
"hazelcast","6a1598010aab880fc0ec5ae73635b09f043d9b4b","hazelcast/src/main/java/com/hazelcast/nio/tcp/TcpIpConnectionManager.java","61","0","3","27","534","654","2"
"elasticsearch","e7d352b489272a87b05019869857656de7fb82fc","core/src/test/java/org/elasticsearch/search/aggregations/bucket/HistogramIT.java","61","0","3","36","975","1212","0"
"hazelcast","b9109d86df3008077ce26aac62f800f10056974a","hazelcast/src/main/java/com/hazelcast/instance/Node.java","61","0","3","37","517","659","1"
"hazelcast","d952e04f172888b73bbc45fd9d450292bf3b70ba","hazelcast/src/main/java/com/hazelcast/instance/Node.java","61","0","3","37","517","659","2"
"hazelcast","8f0b3b3d791f2f02f4456b70eb07b442fa820e57","hazelcast/src/main/java/com/hazelcast/instance/Node.java","61","0","3","37","517","659","0"
"hazelcast","adcaf359f849184e5b0f81a048c5ab6a4d3a08ab","hazelcast/src/main/java/com/hazelcast/instance/Node.java","61","0","3","37","519","661","1"
"hazelcast","64946fb8573d31a6383db5553e184365d8dc81d0","hazelcast/src/main/java/com/hazelcast/instance/Node.java","61","0","3","37","522","664","2"
"hazelcast","9815def4bac321ee2cc1c197dbd37d64396ce844","hazelcast/src/main/java/com/hazelcast/instance/Node.java","61","0","3","37","523","665","1"
"elasticsearch","952feb58e41bd0220784c44136b840ea4a740e26","core/src/test/java/org/elasticsearch/search/aggregations/bucket/DoubleTermsIT.java","61","0","3","41","1001","1251","1"
"elasticsearch","e7d352b489272a87b05019869857656de7fb82fc","core/src/test/java/org/elasticsearch/search/aggregations/bucket/LongTermsIT.java","61","0","3","41","1015","1269","0"
"ceylon-ide-eclipse","8ac72e61b5d1d52fe7c350f205f667a031f6ac2c","plugins/com.redhat.ceylon.eclipse.ui/src/com/redhat/ceylon/eclipse/core/launch/CeylonModuleLaunchShortcut.java","61","0","3","5","313","400","0"
"netty","719d1dbad1078ea20ea385bd9f2c16847dcb81ae","resolver-dns/src/main/java/io/netty/resolver/dns/DnsNameResolver.java","61","0","30","0","582","941","1"
"netty","120ffaf880b81c260141c9e46cec239ac235aeb9","resolver-dns/src/main/java/io/netty/resolver/dns/DnsNameResolver.java","61","0","32","0","588","956","0"
"netty","a18416df60809d5ec9c703bfbc15658a8d4443fc","resolver-dns/src/main/java/io/netty/resolver/dns/DnsNameResolver.java","61","0","32","0","590","960","1"
"elasticsearch","a530399ae5f78cc335c704f1a5583a3d861bfcc6","core/src/main/java/org/elasticsearch/index/engine/Engine.java","61","0","33","76","847","1234","2"
"elasticsearch","30d7b8de2fa043bdca3ca55026aa74f06d404a76","src/main/java/org/elasticsearch/common/lucene/Lucene.java","61","0","4","15","312","380","0"
"elasticsearch","28109a18a2dc1f30207d09bdfb2148e8d7906337","core/src/main/java/org/elasticsearch/cluster/routing/allocation/AllocationService.java","61","0","4","5","375","535","1"
"elasticsearch","371c73e14023917f3892090d2d3d7ff9ac1216b9","core/src/main/java/org/elasticsearch/cluster/routing/allocation/AllocationService.java","61","0","4","5","411","579","3"
"elasticsearch","78574d248cf10dad1c5a566fda79e1e0c94afe43","core/src/main/java/org/elasticsearch/cluster/routing/allocation/AllocationService.java","61","0","4","5","411","579","2"
"elasticsearch","e6aaaf11ed4a1b8f595f920de1840938eddb7a97","core/src/main/java/org/elasticsearch/cluster/routing/allocation/AllocationService.java","61","0","4","5","411","579","2"
"elasticsearch","a60b8948ba1d836a6eac7cff095519e618939ed8","core/src/main/java/org/elasticsearch/cluster/routing/allocation/AllocationService.java","61","0","4","5","411","579","0"
"elasticsearch","00de8e07fc3df9c763bbc0b6890217dc5b6bee3e","core/src/main/java/org/elasticsearch/index/engine/Engine.java","61","0","42","78","906","1339","3"
"elasticsearch","2713549533bdeb944c436e1d0f2f199a2ef8b2b6","core/src/main/java/org/elasticsearch/index/engine/Engine.java","61","0","43","84","953","1411","0"
"elasticsearch","a44655763e150522d58cbd8113fb1b30a475b8c7","core/src/main/java/org/elasticsearch/index/engine/Engine.java","61","0","44","79","916","1360","0"
"elasticsearch","1243abfeccd5424aced7e8c0612484d131160362","core/src/main/java/org/elasticsearch/index/engine/Engine.java","61","0","44","84","960","1422","1"
"hazelcast","204f4b9d7cd02069b258f98c14c4fc3621c5e94f","hazelcast/src/main/java/com/hazelcast/config/MapConfig.java","61","0","45","24","491","959","0"
"elasticsearch","1d44db7d87ff0d101b0d9cb7ee777b1a57a3724e","core/src/main/java/org/elasticsearch/index/mapper/core/StringFieldMapper.java","61","0","5","24","324","433","1"
"netty","32231ee2e05e2979e4c76220945b99c6712fd582","transport-native-epoll/src/main/java/io/netty/channel/epoll/Native.java","61","0","5","73","562","732","0"
"elasticsearch","41d8fbe8f51abd499c9b497238bc5f2141b7926b","core/src/main/java/org/elasticsearch/transport/TransportService.java","61","0","6","18","614","802","2"
"elasticsearch","164efaecbe42195f08ada58b5fde927ab21fc6e7","core/src/main/java/org/elasticsearch/transport/TransportService.java","61","0","6","19","614","803","1"
"elasticsearch","a77c68ba0efccbaa9628e371cf37ee3d156e48a3","core/src/main/java/org/elasticsearch/transport/TransportService.java","61","0","6","19","626","816","1"
"hazelcast","86b064ba3f1e467e74e95d6da24b03122065ce36","hazelcast/src/main/java/com/hazelcast/spi/impl/eventservice/impl/EventServiceImpl.java","61","0","7","20","435","678","2"
"BroadleafCommerce","4ffedd5759b771ac46662f9479cdcfe574448c43","admin/broadleaf-admin-module/src/main/java/org/broadleafcommerce/admin/server/service/handler/SkuCustomPersistenceHandler.java","61","0","7","8","467","696","5"
"orientdb","ce940531ecad94935f2cc89047072466789396ed","server/src/main/java/com/orientechnologies/orient/server/OClientConnectionManager.java","61","0","9","13","323","525","1"
"hazelcast","381413e66bb1c66823222498fc7fac88c3f3c3c5","hazelcast/src/main/java/com/hazelcast/impl/ConcurrentMapManager.java","613","0","1","38","3712","4181","1"
"orientdb","cc6b8dc9cdb87b2927b952b213f6ddb9046f4ea3","core/src/main/java/com/orientechnologies/orient/core/sql/OCommandExecutorSQLSelect.java","616","0","4","19","2191","2850","1"
"orientdb","7e6d055e47b83730ea6afea09b9001e7a784ac0f","core/src/main/java/com/orientechnologies/orient/core/record/impl/ODocument.java","616","0","55","34","2111","2927","0"
"hazelcast","a0250a7f6ea4ad197a9c74b6be4fc550cdbf5c13","hazelcast/src/main/java/com/hazelcast/spi/impl/operationservice/impl/OperationRunnerImpl.java","62","0","0","0","370","493","0"
"hazelcast","1c52b3168b2cb32e5b01cf28812512ae01cf5b94","hazelcast/src/main/java/com/hazelcast/spi/impl/WaitNotifyServiceImpl.java","62","0","0","0","384","474","2"
"hazelcast","58c1f3168d2ab2e334d6c97437651b0d7e21789d","hazelcast/src/main/java/com/hazelcast/spi/impl/WaitNotifyServiceImpl.java","62","0","0","0","384","474","2"
"hazelcast","bc9eb33a50ac0ce4dde764c52410501d15c90ca8","hazelcast/src/main/java/com/hazelcast/spi/impl/WaitNotifyServiceImpl.java","62","0","0","0","384","474","1"
"hazelcast","5f8479e1b30c347ffb0612aa0c0a2b3a2196236b","hazelcast/src/main/java/com/hazelcast/spi/impl/WaitNotifyServiceImpl.java","62","0","0","0","384","474","0"
"hazelcast","2df063d441d3830ee797541830899e3248a8590e","hazelcast/src/main/java/com/hazelcast/spi/impl/WaitNotifyServiceImpl.java","62","0","0","0","387","477","1"
"hazelcast","7f2d6172ce45f4a4ea610858df9f821f4681daae","hazelcast/src/main/java/com/hazelcast/spi/impl/BasicInvocation.java","62","0","0","0","435","636","0"
"hazelcast","c1bd7cec56c01177eaaa9a9c81c411e70652dd6b","hazelcast/src/main/java/com/hazelcast/spi/impl/operationservice/impl/Invocation.java","62","0","0","0","438","611","2"
"hazelcast","70d4de16ff0ac4518d09aad8c9f2ad9e782fb337","hazelcast/src/main/java/com/hazelcast/internal/serialization/impl/ByteArrayObjectDataInput.java","62","0","0","0","480","704","1"
"ceylon-ide-eclipse","5b4c3eac8a7c12c0125a77343e602b4e73083595","plugins/com.redhat.ceylon.eclipse.ui/src/com/redhat/ceylon/eclipse/code/complete/RefinementCompletionProposal.java","62","0","0","10","464","514","1"
"ceylon-ide-eclipse","3e6769037dd8b2a3bcffe37c7c81beead84b9470","plugins/com.redhat.ceylon.eclipse.ui/src/com/redhat/ceylon/eclipse/code/complete/RefinementCompletionProposal.java","62","0","0","10","498","550","0"
"ceylon-ide-eclipse","0d38532ee118e04d37ee7d71c9199357b9afe3e5","plugins/com.redhat.ceylon.eclipse.ui/src/com/redhat/ceylon/eclipse/code/complete/RefinementCompletionProposal.java","62","0","0","10","550","722","2"
"ceylon-ide-eclipse","89519750f096617996b145fcd5934d0406bac2c0","plugins/com.redhat.ceylon.eclipse.ui/src/com/redhat/ceylon/eclipse/code/complete/RefinementCompletionProposal.java","62","0","0","10","558","730","0"
"mcMMO","f79a4741cc0cf1e1b7e232cfc4700a9df49c6da9","src/main/java/com/gmail/nossr50/listeners/InventoryListener.java","62","0","0","12","270","352","0"
"mcMMO","f3fd48d0c0754d8096800780d70636d1fd0a3d98","src/main/java/com/gmail/nossr50/listeners/InventoryListener.java","62","0","0","12","272","354","1"
"ceylon-ide-eclipse","5b4c3eac8a7c12c0125a77343e602b4e73083595","plugins/com.redhat.ceylon.eclipse.ui/src/com/redhat/ceylon/eclipse/code/refactor/RenameRefactoring.java","62","0","0","19","435","472","1"
"ceylon-ide-eclipse","940ef0e97a67ce4cae2d28e5df8dfa8c8c39ed99","plugins/com.redhat.ceylon.eclipse.ui/src/com/redhat/ceylon/eclipse/code/refactor/RenameRefactoring.java","62","0","0","19","436","473","2"
"ceylon-ide-eclipse","62c0804d4578fe86f2342472e62c5a56fe9a1309","plugins/com.redhat.ceylon.eclipse.ui/src/com/redhat/ceylon/eclipse/code/search/SearchResultsLabelProvider.java","62","0","0","3","298","323","0"
"hazelcast","76c71f0c529820ff112e43a2f2237de2fd57a9bc","hazelcast/src/main/java/com/hazelcast/config/ConfigXmlGenerator.java","62","0","0","4","359","393","0"
"netty","2adebc4c54ae98565db8e2a3c02b2ffaa0c101fe","transport/src/test/java/io/netty/channel/local/LocalTransportThreadModelTest.java","62","0","0","6","566","707","1"
"netty","81e2db10faaf0389f4e1af8c7132210946203157","transport/src/test/java/io/netty/channel/local/LocalTransportThreadModelTest.java","62","0","0","6","600","759","0"
"elasticsearch","226644ea2c44da61a70e5f3410936549424479c4","core/src/main/java/org/elasticsearch/index/query/PercolatorQueryBuilder.java","62","0","0","7","405","470","1"
"elasticsearch","d3cd58eb2f3fdfbeec81f657ca47b2994069c94a","modules/percolator/src/main/java/org/elasticsearch/percolator/PercolateQueryBuilder.java","62","0","0","8","450","575","0"
"ceylon-ide-eclipse","49a1b1b75387bb0778589054ac848da6b2610f9d","plugins/com.redhat.ceylon.eclipse.ui/src/com/redhat/ceylon/eclipse/code/editor/MarkOccurrencesAction.java","62","0","0","9","530","662","0"
"elasticsearch","e96e634d1005ec47660607f4f2b14f26f5283503","src/main/java/org/elasticsearch/action/search/type/TransportSearchTypeAction.java","62","0","1","1","353","457","1"
"elasticsearch","78574d248cf10dad1c5a566fda79e1e0c94afe43","core/src/main/java/org/elasticsearch/action/bulk/TransportShardBulkAction.java","62","0","1","1","404","502","1"
"elasticsearch","a60b8948ba1d836a6eac7cff095519e618939ed8","core/src/main/java/org/elasticsearch/action/bulk/TransportShardBulkAction.java","62","0","1","1","404","507","0"
"elasticsearch","fbe27664a65ca7ab5b7dbe1c328ab27423e4313c","core/src/main/java/org/elasticsearch/action/bulk/TransportShardBulkAction.java","62","0","1","1","411","508","2"
"orientdb","65f086eb452cac1fc83cfac710303c5b020d0697","distributed/src/test/java/com/orientechnologies/orient/server/distributed/scenariotest/AbstractScenarioTest.java","62","0","1","1","452","622","0"
"netty","81e2db10faaf0389f4e1af8c7132210946203157","buffer/src/main/java/io/netty/buffer/AbstractByteBuf.java","62","0","1","101","753","915","0"
"elasticsearch","ab11c6821df487a07e761311862e1230e01d5fa0","src/main/java/org/elasticsearch/indices/recovery/RecoveryTarget.java","62","0","1","11","503","643","1"
"hazelcast","7c17521c60b865bea57dd85da0432b05d2f2494f","hazelcast-client/src/main/java/com/hazelcast/client/connection/nio/ClientConnectionManagerImpl.java","62","0","1","11","528","613","2"
"hazelcast","27d49efcee88ee428254cf38353e8698ea127c45","hazelcast-client/src/main/java/com/hazelcast/client/connection/nio/ClientConnectionManagerImpl.java","62","0","1","11","533","617","2"
"elasticsearch","16ed2fb423fd387faa513cbed991a9fcb64bc572","core/src/test/java/org/elasticsearch/search/builder/SearchSourceBuilderTests.java","62","0","1","14","532","599","2"
"elasticsearch","629e2b2aff99f9d534edd8a17c30f12716a1725f","core/src/test/java/org/elasticsearch/search/builder/SearchSourceBuilderTests.java","62","0","1","15","552","620","1"
"elasticsearch","064d27291630e189632b8ef654b1759417e3f8ff","src/test/java/org/elasticsearch/test/integration/search/facet/SimpleFacetsTests.java","62","0","1","22","1558","1878","0"
"elasticsearch","521f804c7dcb3173efca2abbeabedb901b2bd2d7","src/main/java/org/elasticsearch/index/mapper/internal/TimestampFieldMapper.java","62","0","1","26","303","377","1"
"elasticsearch","00de8e07fc3df9c763bbc0b6890217dc5b6bee3e","core/src/main/java/org/elasticsearch/index/mapper/DateFieldMapper.java","62","0","1","28","425","509","4"
"elasticsearch","6796464f167ce293192c43efd1cf28e4434fd5da","core/src/main/java/org/elasticsearch/index/mapper/DateFieldMapper.java","62","0","1","28","425","512","5"
"elasticsearch","3f805d68cb9047e8cd77654561dd0f5e5bba5379","core/src/main/java/org/elasticsearch/index/mapper/DateFieldMapper.java","62","0","1","29","427","515","2"
"elasticsearch","03c9eaf81279a33b756a97cbf7fa18e676dda989","src/main/java/org/elasticsearch/index/query/GeoDistanceRangeFilterParser.java","62","0","1","3","211","256","0"
"elasticsearch","90c2b3a384c036e7f9345b2586e69fda056387fd","core/src/main/java/org/elasticsearch/index/mapper/geo/GeoShapeFieldMapper.java","62","0","1","38","373","482","2"
"BroadleafCommerce","2290b85c0c8ab295db8ff58b0af16023f27d8c1a","admin/broadleaf-open-admin-platform/src/main/java/org/broadleafcommerce/openadmin/server/service/persistence/module/provider/RuleFieldPersistenceProvider.java","62","0","1","4","379","441","0"
"BroadleafCommerce","f76947b536fd7de06da75efb9502285969caad4a","admin/broadleaf-open-admin-platform/src/main/java/org/broadleafcommerce/openadmin/server/service/persistence/module/provider/RuleFieldPersistenceProvider.java","62","0","1","4","379","442","0"
"elasticsearch","d7338ffdbc5e636d777cf6d726663012170d1031","src/main/java/org/elasticsearch/index/query/MoreLikeThisQueryParser.java","62","0","1","5","264","324","0"
"elasticsearch","bbd73d5afa3a80e38818fe6dbbd86c61eec93880","modules/elasticsearch/src/main/java/org/elasticsearch/search/controller/SearchPhaseController.java","62","0","1","6","287","361","0"
"hazelcast","7fb5b216953909422cec25e70c2bcd51a09b08ad","hazelcast-wm/src/main/java/com/hazelcast/web/WebFilter.java","62","0","1","6","386","520","3"
"hazelcast","4cdcfb8f1be8016b541ee564ba5f9a9192383108","hazelcast/src/main/java/com/hazelcast/spi/impl/operationservice/impl/Invocation.java","62","0","1","6","489","716","1"
"hazelcast","c3843135dd418c37c2b6c6c9067d1cffa14f1923","hazelcast-client/src/main/java/com/hazelcast/client/proxy/ClientMapProxy.java","62","0","1","64","740","851","0"
"hazelcast","71fd872a7c7c921e27f17be7cce8ed7341f2352d","hazelcast-client/src/main/java/com/hazelcast/client/proxy/ClientMapProxy.java","62","0","1","64","747","860","1"
"hazelcast","87575d9f4344a220bd96680deb0a0f3c67fe8e05","hazelcast-client/src/main/java/com/hazelcast/client/proxy/ClientMapProxy.java","62","0","1","64","748","861","0"
"hazelcast","42dd3075109d59f1b6847b7a6165b609299cc9d3","hazelcast-wm/src/main/java/com/hazelcast/web/WebFilter.java","62","0","1","7","388","521","1"
"hazelcast","681c11325f08df001987226d77b1f3e751e602b8","hazelcast-wm/src/main/java/com/hazelcast/web/WebFilter.java","62","0","1","7","389","524","4"
"netty","ec20902613a0384300584a4900a11e118bcecf69","codec-http2/src/main/java/io/netty/handler/codec/http2/Http2ConnectionHandler.java","62","0","10","27","573","834","0"
"netty","6241bb059cd0d565da2f58391f2490296608208f","codec-http2/src/main/java/io/netty/handler/codec/http2/Http2ConnectionHandler.java","62","0","10","27","575","836","1"
"elasticsearch","a6510f924520d8cdda2636ac85a1a1e43f6dfb8c","src/main/java/org/elasticsearch/env/NodeEnvironment.java","62","0","13","5","356","515","0"
"elasticsearch","13a347239a48d71486692a72c066e940dec8921b","core/src/main/java/org/elasticsearch/cluster/metadata/IndexMetaData.java","62","0","13","84","739","961","2"
"elasticsearch","1863ab95f862294db7d105717656bd6452eef9d9","core/src/test/java/org/elasticsearch/discovery/DiscoveryWithServiceDisruptionsIT.java","62","0","14","5","881","1268","1"
"elasticsearch","cb0824e957dcb7a20e8450f97283874eb61b9abe","core/src/test/java/org/elasticsearch/discovery/DiscoveryWithServiceDisruptionsIT.java","62","0","14","5","882","1269","0"
"elasticsearch","29f63c78cc2c57fe1b804a81424bdb37a2f73d55","core/src/test/java/org/elasticsearch/discovery/DiscoveryWithServiceDisruptionsIT.java","62","0","14","8","946","1382","1"
"netty","02e7e53cbb845e7b7ce0a377cba59ca3a7d09d2b","transport/src/main/java/io/netty/channel/ChannelOutboundBuffer.java","62","0","15","3","436","651","0"
"netty","0eac4fce2988d0fd4b3c17c4aab3bc7db27a87be","transport/src/main/java/io/netty/channel/ChannelOutboundBuffer.java","62","0","15","3","436","651","0"
"netty","869687bd711e1358367203526128d9a2ad90663a","transport/src/main/java/io/netty/channel/ChannelOutboundBuffer.java","62","0","15","3","436","651","0"
"netty","bc1379d19dcf59626ef8d5b431830a189957e3bd","transport/src/main/java/io/netty/channel/ChannelOutboundBuffer.java","62","0","15","3","436","651","0"
"netty","486de44680c6b266e013183226976c6081f41535","transport/src/main/java/io/netty/channel/ChannelOutboundBuffer.java","62","0","15","3","436","651","1"
"netty","0666924e8c41428adb329e47da73546c96e13825","transport/src/main/java/io/netty/channel/ChannelOutboundBuffer.java","62","0","15","3","438","653","1"
"elasticsearch","88a0e4628ad086de86f3772673fb224fb085cc0f","src/main/java/org/elasticsearch/action/bulk/BulkRequest.java","62","0","16","12","333","467","1"
"elasticsearch","cb0824e957dcb7a20e8450f97283874eb61b9abe","core/src/main/java/org/elasticsearch/cluster/routing/IndexShardRoutingTable.java","62","0","16","29","437","631","0"
"elasticsearch","1863ab95f862294db7d105717656bd6452eef9d9","core/src/main/java/org/elasticsearch/cluster/routing/IndexShardRoutingTable.java","62","0","16","29","438","632","1"
"netty","5adb37de3d0e3625941ef2b42cdd2cc3fb4bc1c1","transport/src/main/java/io/netty/channel/socket/nio/NioEventLoop.java","62","0","2","1","357","497","0"
"elasticsearch","f89bb18a5de6b7cfd6bc2dd589eb771efe3aec5c","core/src/main/java/org/elasticsearch/index/mapper/DateFieldMapper.java","62","0","2","29","432","522","0"
"elasticsearch","2e5e45161ecbc7d10f66ffef64b8d10868969e01","core/src/main/java/org/elasticsearch/index/mapper/DateFieldMapper.java","62","0","2","29","435","525","0"
"hazelcast","71768d3b6d5aed37f0211853a15e10dc87c776c9","hazelcast/src/main/java/com/hazelcast/client/impl/ClientEngineImpl.java","62","0","2","34","549","668","1"
"hazelcast","92bcf0fec5fd9a2f6f130b0bbf7a75b175dec349","hazelcast/src/main/java/com/hazelcast/client/impl/ClientEngineImpl.java","62","0","2","34","549","668","1"
"hazelcast","01627b80e7630dd37a145264d9745b573625f379","hazelcast/src/main/java/com/hazelcast/client/impl/ClientEngineImpl.java","62","0","2","34","549","668","0"
"hazelcast","3571a6db8a917f909cb1ee4a240e50193743ee27","hazelcast/src/main/java/com/hazelcast/client/impl/ClientEngineImpl.java","62","0","2","34","555","674","0"
"hazelcast","49e2dfb6fb01762443b85a42c138d20c458e5a92","hazelcast/src/main/java/com/hazelcast/client/impl/ClientEngineImpl.java","62","0","2","35","562","684","1"
"hazelcast","af327cc8d11f71d84b4501d5cb3759703ed4379d","hazelcast/src/main/java/com/hazelcast/instance/Node.java","62","0","2","40","499","608","0"
"elasticsearch","326fa33d4e805ad0b99a31af388e9ba1c05ed0cb","core/src/main/java/org/elasticsearch/action/bulk/TransportShardBulkAction.java","62","0","2","5","539","702","1"
"elasticsearch","cd57395c9814663ded30b84e9706b1920eaf0ee5","core/src/main/java/org/elasticsearch/action/bulk/TransportShardBulkAction.java","62","0","2","5","540","703","0"
"antlr4","9519bfc36fcab155a4c37fbb32e5e83e02d58a6f","tool/src/org/antlr/v4/codegen/Target.java","62","0","20","15","377","585","0"
"elasticsearch","cde83e363aac2195c2dc0f81bbe348bcfe8b4152","core/src/main/java/org/elasticsearch/ElasticsearchException.java","62","0","21","15","691","884","2"
"netty","36c6a61d33c480798511723486459f4eea04cb47","resolver-dns/src/main/java/io/netty/resolver/dns/DnsNameResolver.java","62","0","24","0","674","947","1"
"mcMMO","d6c6c7515716e3771d990158e1d2e69245c4c181","src/main/java/com/gmail/nossr50/datatypes/player/McMMOPlayer.java","62","0","25","61","542","873","0"
"elasticsearch","a0bbb5445a0fce6029cb399763c591caa53054b7","modules/elasticsearch/src/main/java/org/elasticsearch/common/settings/ImmutableSettings.java","62","0","27","25","434","668","0"
"ceylon-ide-eclipse","070a0adc8160189a6ff68b15b5ed4afcf641a43a","plugins/com.redhat.ceylon.eclipse.ui/src/com/redhat/ceylon/eclipse/core/classpath/CeylonProjectModulesContainer.java","62","0","3","16","409","539","0"
"elasticsearch","e71a3ea1bbcd080e268b4b667641cbee31b3bf23","core/src/test/java/org/elasticsearch/index/shard/IndexShardTests.java","62","0","3","35","1299","1596","1"
"hazelcast","d32b58c8344e3ee868d1a84efc3e15aa77ae82f3","hazelcast/src/main/java/com/hazelcast/instance/Node.java","62","0","3","37","532","675","2"
"hazelcast","ed16dbda736c003ef0427c3c8594d9ca482314ab","hazelcast/src/main/java/com/hazelcast/instance/Node.java","62","0","3","37","532","675","1"
"hazelcast","08157452095164ce436deab2694ff3fecdfcce60","hazelcast/src/main/java/com/hazelcast/instance/Node.java","62","0","3","37","532","675","0"
"hazelcast","77dbfe6e95dc9635782d37f634275ce1b49c11a5","hazelcast/src/main/java/com/hazelcast/instance/Node.java","62","0","3","37","532","676","0"
"hazelcast","6508043b16ff04621ba590b35352006809c778c2","hazelcast/src/main/java/com/hazelcast/instance/Node.java","62","0","3","37","535","681","2"
"elasticsearch","e7d352b489272a87b05019869857656de7fb82fc","core/src/test/java/org/elasticsearch/search/aggregations/bucket/DoubleTermsIT.java","62","0","3","42","1025","1280","0"
"BroadleafCommerce","676238e7589522cdbc3b931aa89be906b5f3949e","common/src/main/java/org/broadleafcommerce/common/extensibility/jpa/MergePersistenceUnitManager.java","62","0","3","5","322","425","1"
"MapDB","47c4f06186a05fdc9c66523857e7c54a87719ff5","src/main/java/org/mapdb/Volume.java","62","0","3","60","454","619","1"
"elasticsearch","371c73e14023917f3892090d2d3d7ff9ac1216b9","core/src/main/java/org/elasticsearch/index/engine/Engine.java","62","0","31","77","827","1200","3"
"elasticsearch","668dac722a4f80911dfb02f6cb6ef73f1b0f42e1","core/src/main/java/org/elasticsearch/index/engine/Engine.java","62","0","33","75","832","1213","1"
"MapDB","151f856bdfd4d74e464459994ceb84e1daa61aba","src/main/java/org/mapdb/Volume.java","62","0","4","63","467","636","0"
"elasticsearch","8e151862935d38403c3c7ca4705468830a2bf6be","core/src/main/java/org/elasticsearch/index/engine/Engine.java","62","0","46","91","983","1463","0"
"elasticsearch","d6d0c13bd63f28347ebdb0f9364e44921c248b8b","core/src/main/java/org/elasticsearch/index/engine/Engine.java","62","0","46","92","986","1467","1"
"elasticsearch","fc224a0de8153652ed2d0e409bc2dbd8746068e8","src/test/java/org/elasticsearch/search/aggregations/pipeline/moving/avg/MovAvgTests.java","62","0","5","14","806","1083","1"
"BroadleafCommerce","c9bc092f1b130260e9f78287fe9fb4c6f5504d43","admin/broadleaf-contentmanagement-module/src/main/java/org/broadleafcommerce/cms/structure/service/StructuredContentServiceImpl.java","62","0","5","18","400","555","0"
"BroadleafCommerce","df1d13c99109dd815c7ebb991cb12010a2688fab","admin/broadleaf-contentmanagement-module/src/main/java/org/broadleafcommerce/cms/structure/service/StructuredContentServiceImpl.java","62","0","5","18","400","557","0"
"elasticsearch","4a6f3c78408c316d9f6f212d2664adda13c54a44","core/src/main/java/org/elasticsearch/cluster/routing/allocation/AllocationService.java","62","0","5","5","384","549","0"
"hazelcast","96190edf68d03e97b9a2a29eb2f363eb392a7b9b","hazelcast/src/test/java/com/hazelcast/impl/ClusterBackupTest.java","62","0","6","12","681","795","0"
"elasticsearch","5b8b15e729d022ac816098c40f401ba25ce7e2e0","core/src/main/java/org/elasticsearch/transport/TransportService.java","62","0","6","19","629","819","0"
"BroadleafCommerce","4994501995fb8f7818e414b0f7150b7696c8ca57","admin/broadleaf-admin-module/src/main/java/org/broadleafcommerce/admin/server/service/handler/SkuCustomPersistenceHandler.java","62","0","7","8","485","717","3"
"elasticsearch","0189a65e6bfc623813c6c088d19a0509fbeb64da","core/src/main/java/org/elasticsearch/Version.java","62","0","8","16","307","408","1"
"hazelcast","af9c2c5342c948c479cda3a43989826a57e3fe5c","hazelcast/src/main/java/com/hazelcast/impl/ConcurrentMapManager.java","621","0","1","38","3764","4241","1"
"hazelcast","0b08ef830b8b0c4b3425d1b96b6ed1e574f43383","hazelcast/src/main/java/com/hazelcast/impl/ConcurrentMapManager.java","621","0","1","38","3767","4244","1"
"orientdb","9b31bfdca8172b0ad9c595e53c27a7eba14b9771","core/src/main/java/com/orientechnologies/orient/core/sql/OCommandExecutorSQLSelect.java","622","0","4","19","2191","2850","0"
"hazelcast","1aca2ceab66757dabb1d5bd8cff6c5f793ce4669","hazelcast/src/main/java/com/hazelcast/impl/ConcurrentMapManager.java","623","0","1","38","3773","4252","2"
"hazelcast","6beb53820557dbdd3c53fa881e514000a3f5249e","hazelcast/src/main/java/com/hazelcast/impl/ConcurrentMapManager.java","625","0","1","38","3777","4256","2"
"ceylon-ide-eclipse","3b302d76ae62a8cde7b1be7d04161e934c77452f","plugins/com.redhat.ceylon.eclipse.ui/src/com/redhat/ceylon/eclipse/core/builder/CeylonBuilder.java","625","0","5","93","3280","3906","0"
"ceylon-ide-eclipse","61068f40cc50b529b3c73ae46b53027171a6200c","plugins/com.redhat.ceylon.eclipse.ui/src/com/redhat/ceylon/eclipse/core/builder/CeylonBuilder.java","625","0","9","80","3250","4034","2"
"ceylon-ide-eclipse","5b6678cab76dbcc3d99ea89437120cb9ddee5fe2","plugins/com.redhat.ceylon.eclipse.ui/src/com/redhat/ceylon/eclipse/core/builder/CeylonBuilder.java","625","0","9","80","3251","4034","1"
"ceylon-ide-eclipse","c861c090dbfb22581d3e59ee2cac9399056d6a19","plugins/com.redhat.ceylon.eclipse.ui/src/com/redhat/ceylon/eclipse/core/builder/CeylonBuilder.java","625","0","9","80","3368","4151","1"
"ceylon-ide-eclipse","5aa6b9dc623008cb05d536957f60339403dd0f4c","plugins/com.redhat.ceylon.eclipse.ui/src/com/redhat/ceylon/eclipse/core/builder/CeylonBuilder.java","625","0","9","80","3423","4206","1"
"ceylon-ide-eclipse","8beb7264b9ebf3c7daf24a3951fff0a02b34aff7","plugins/com.redhat.ceylon.eclipse.ui/src/com/redhat/ceylon/eclipse/core/builder/CeylonBuilder.java","625","0","9","80","3425","4209","1"
"ceylon-ide-eclipse","f2e75f337febd75c4385a98f3d9fe5b9ca6fecc7","plugins/com.redhat.ceylon.eclipse.ui/src/com/redhat/ceylon/eclipse/core/builder/CeylonBuilder.java","626","0","9","80","3429","4215","2"
"ceylon-ide-eclipse","f8f523d866e80dda8275be6d18e3cbc6d34fa743","plugins/com.redhat.ceylon.eclipse.ui/src/com/redhat/ceylon/eclipse/core/builder/CeylonBuilder.java","626","0","9","80","3430","4216","0"
"ceylon-ide-eclipse","a193b202d65bb5cb30c22d46b5f292e7d1b25e64","plugins/com.redhat.ceylon.eclipse.ui/src/com/redhat/ceylon/eclipse/core/builder/CeylonBuilder.java","627","0","5","93","3282","3908","0"
"orientdb","5f8fd1e0187f2f21ae96b343b27a2650f0b76fef","core/src/main/java/com/orientechnologies/orient/core/sql/OCommandExecutorSQLSelect.java","628","0","4","19","2222","2886","1"
"hazelcast","96190edf68d03e97b9a2a29eb2f363eb392a7b9b","hazelcast/src/main/java/com/hazelcast/impl/ConcurrentMapManager.java","629","0","1","38","3807","4295","1"
"orientdb","2be5212bdb27f0c211da918620ee66e176ce3b76","core/src/main/java/com/orientechnologies/orient/core/sql/OCommandExecutorSQLSelect.java","629","0","4","19","2231","2897","0"
"hazelcast","0b08ef830b8b0c4b3425d1b96b6ed1e574f43383","hazelcast/src/main/java/com/hazelcast/impl/AddressPicker.java","63","0","0","0","310","386","0"
"hazelcast","ff22f93d3b2b9b6a49960db3f57f0c1590969034","hazelcast/src/main/java/com/hazelcast/spi/impl/operationservice/impl/OperationRunnerImpl.java","63","0","0","0","372","493","1"
"hazelcast","3d9a33cb61311dab49fe5d9aeb7bf379976ccf7d","hazelcast/src/main/java/com/hazelcast/spi/impl/WaitNotifyServiceImpl.java","63","0","0","0","395","488","1"
"hazelcast","fb152b6473b5ac7ca0237dd0a262c967d49c28ba","hazelcast/src/main/java/com/hazelcast/spi/impl/WaitNotifyServiceImpl.java","63","0","0","0","398","491","0"
"hazelcast","42c497fd2cd5fae3f6097086045dc581c227ac64","hazelcast/src/main/java/com/hazelcast/spi/impl/operationservice/impl/Invocation.java","63","0","0","0","446","619","1"
"orientdb","c902353d86924562826c9114fd6a1242a65ada6d","core/src/main/java/com/orientechnologies/orient/core/storage/impl/local/paginated/wal/OLogSegmentV2.java","63","0","0","0","488","712","0"
"hazelcast","d568e4d926d925d57d4e79e34614390416749301","hazelcast/src/main/java/com/hazelcast/internal/serialization/impl/ByteArrayObjectDataInput.java","63","0","0","0","488","715","0"
"netty","f2ce28bf18368edcfb285fe76b64aca36dd077e7","buffer/src/main/java/io/netty/buffer/PoolArena.java","63","0","0","0","600","742","1"
"hazelcast","4426427fa86c9935aed9f949d8295bf3985cedcb","hazelcast-client/src/test/java/com/hazelcast/client/replicatedmap/ClientReplicatedMapTest.java","63","0","0","0","663","856","2"
"hazelcast","59049c2743aa1a4ba06b5d2191c6ce9714ade094","hazelcast-code-generator/src/main/java/com/hazelcast/client/protocol/generator/CodeGenerationUtils.java","63","0","0","17","203","260","1"
"hazelcast","90408588053d67fc9835ccdaa88e6c79dc591f1d","hazelcast-client/src/main/java/com/hazelcast/client/connection/nio/ClientConnectionManagerImpl.java","63","0","0","18","534","624","0"
"hazelcast","2a2a0f0b51a22b11f244d0d85dd032e966342cdd","hazelcast-client/src/main/java/com/hazelcast/client/connection/nio/ClientConnectionManagerImpl.java","63","0","0","18","535","625","1"
"ceylon-ide-eclipse","00e9062cb105b00af45f215d00a5e5de08bdae96","plugins/com.redhat.ceylon.eclipse.ui/src/com/redhat/ceylon/eclipse/core/model/mirror/JDTMethod.java","63","0","0","22","419","505","1"
"hazelcast","48b943c291519a83b8422246b24003b0591511cc","hazelcast/src/main/java/com/hazelcast/spi/impl/ProxyServiceImpl.java","63","0","0","23","458","557","2"
"hazelcast","bfa3e3bbf518e6d03b297d172dac2073cd19367b","hazelcast/src/main/java/com/hazelcast/spi/impl/ProxyServiceImpl.java","63","0","0","23","467","566","1"
"hazelcast","2732453b1fa88f059aef0fa4e8bfe51eea771cb3","hazelcast/src/main/java/com/hazelcast/spi/impl/ProxyServiceImpl.java","63","0","0","23","474","577","2"
"orientdb","ce254431ae5eb7146bc8092bbbcd24b47d659d94","core/src/main/java/com/orientechnologies/orient/core/db/record/ridbag/embedded/OEmbeddedRidBag.java","63","0","0","30","406","528","1"
"elasticsearch","01e8eaf181148d1ae5239800b5d71bd38c0c2896","src/main/java/org/elasticsearch/index/mapper/core/DateFieldMapper.java","63","0","0","31","448","538","0"
"BroadleafCommerce","83fb11ed58644108db5d65f28772c299943478f5","core/broadleaf-framework/src/main/java/org/broadleafcommerce/core/order/domain/BundleOrderItemImpl.java","63","0","0","38","415","502","1"
"hazelcast","4426427fa86c9935aed9f949d8295bf3985cedcb","hazelcast-client-new/src/test/java/com/hazelcast/client/replicatedmap/ClientReplicatedMapTest.java","63","0","0","46","665","858","1"
"ceylon-ide-eclipse","32e48b975d30243b8febdce1f69d2feaf120e968","plugins/com.redhat.ceylon.test.eclipse.plugin/src/com/redhat/ceylon/test/eclipse/plugin/launch/CeylonTestLaunchShortcut.java","63","0","0","6","309","350","0"
"netty","5ffb495746e55c440273ec7cc4741ab28e1f9017","transport/src/main/java/io/netty/channel/socket/aio/AioSocketChannel.java","63","0","0","8","471","617","0"
"netty","eb23c9d27c84ab7cf2c33f28d2b761673a41b435","transport/src/main/java/io/netty/channel/socket/aio/AioSocketChannel.java","63","0","0","9","471","617","0"
"netty","e59ac8e79b14aaf5ac9899234d0aa8b82a4e00ce","transport/src/main/java/io/netty/channel/socket/aio/AioSocketChannel.java","63","0","0","9","472","617","0"
"elasticsearch","0cf1d16187fcf10e9d0e64402bb6d0ebba5d7b80","core/src/test/java/org/elasticsearch/search/builder/SearchSourceBuilderTests.java","63","0","0","9","515","578","2"
"elasticsearch","09c0285d9c1dc5d553939f8c85d6e5f98d760f2e","core/src/test/java/org/elasticsearch/search/builder/SearchSourceBuilderTests.java","63","0","1","10","536","608","2"
"elasticsearch","e8ff007852447f62e39fb7e13a760e6c74017c81","src/main/java/org/elasticsearch/indices/recovery/RecoveryTarget.java","63","0","1","11","509","647","1"
"hazelcast","324c12ca123c52820e6a271c2095649a57a9844f","hazelcast-client/src/main/java/com/hazelcast/client/connection/nio/ClientConnectionManagerImpl.java","63","0","1","11","542","629","2"
"hazelcast","38b6d2efa37eed04696a9012f5d98b8ff81eb462","hazelcast-client/src/main/java/com/hazelcast/client/connection/nio/ClientConnectionManagerImpl.java","63","0","1","11","543","628","3"
"hazelcast","da8888f97af74b4590dfc1dce3d0bdeb44654000","hazelcast-client/src/main/java/com/hazelcast/client/connection/nio/ClientConnectionManagerImpl.java","63","0","1","12","546","634","0"
"elasticsearch","c79e27180ea14bd536d39e50d310a0345369d7c3","core/src/test/java/org/elasticsearch/search/builder/SearchSourceBuilderTests.java","63","0","1","12","558","632","1"
"elasticsearch","046abdc281c321cd2128ee7684c0edfcaca07203","core/src/test/java/org/elasticsearch/search/builder/SearchSourceBuilderTests.java","63","0","1","13","592","667","3"
"elasticsearch","5ba06b648778375887d7a526f021f2fe56cdf647","core/src/test/java/org/elasticsearch/search/builder/SearchSourceBuilderTests.java","63","0","1","13","595","670","2"
"elasticsearch","88040352050455e537646662a3fbfdd8d554dd17","core/src/test/java/org/elasticsearch/search/builder/SearchSourceBuilderTests.java","63","0","1","14","595","670","1"
"elasticsearch","bdad62a2f8fe1c1455656471e769df11c067cbf6","core/src/test/java/org/elasticsearch/search/builder/SearchSourceBuilderTests.java","63","0","1","15","553","621","1"
"BroadleafCommerce","c2cb4fd5a68752736bfd52b17b5b48fd6b9404c3","core/broadleaf-framework/src/main/java/org/broadleafcommerce/core/offer/service/OfferServiceUtilitiesImpl.java","63","0","1","19","331","443","1"
"BroadleafCommerce","83fb11ed58644108db5d65f28772c299943478f5","core/broadleaf-framework-web/src/main/java/org/broadleafcommerce/core/web/processor/OnePageCheckoutProcessor.java","63","0","1","2","350","555","1"
"BroadleafCommerce","162b1d0b4d8b604acbad08df8a5d49813b1f3f6c","core/broadleaf-framework/src/main/java/org/broadleafcommerce/core/order/service/FulfillmentGroupServiceImpl.java","63","0","1","20","382","516","2"
"elasticsearch","195e586fd8cd3f1c1610c04e67960874fdfe616b","src/test/java/org/elasticsearch/test/integration/search/facet/SimpleFacetsTests.java","63","0","1","21","1596","1892","0"
"netty","1173699dff65e4f786e098d8b2ffcf172235127a","transport-native-epoll/src/main/java/io/netty/channel/epoll/EpollDatagramChannel.java","63","0","1","21","437","555","2"
"hazelcast","b499b1588bd702a8ca12e6514696fa5e1497ad24","hazelcast/src/main/java/com/hazelcast/spi/impl/ProxyServiceImpl.java","63","0","1","22","453","555","0"
"hazelcast","b4a438dba8b4a7151977395f9ca38c21de08cac2","hazelcast/src/main/java/com/hazelcast/spi/impl/ProxyServiceImpl.java","63","0","1","22","453","555","0"
"hazelcast","f07be79936fa09cf0e59ea672efe9b58afd65b83","hazelcast/src/main/java/com/hazelcast/spi/impl/ProxyServiceImpl.java","63","0","1","22","453","555","0"
"hazelcast","e4a098c04e698118ff5f68b05e32bdc6d813e579","hazelcast/src/main/java/com/hazelcast/spi/impl/ProxyServiceImpl.java","63","0","1","22","453","555","2"
"elasticsearch","d8f16178d3f21b4f9d17da12e7aa61613fc2c27a","src/main/java/org/elasticsearch/gateway/local/state/shards/LocalGatewayShardsState.java","63","0","1","3","290","375","1"
"hazelcast","67235ce99477aeeecc86d225926b6456b7ceef20","hazelcast/src/main/java/com/hazelcast/spi/impl/operationservice/impl/Invocation.java","63","0","1","6","490","717","2"
"elasticsearch","f9a601c7da8ae050754dbd24f710c0102b7aafa7","core/src/main/java/org/elasticsearch/monitor/jvm/HotThreads.java","63","0","1","7","285","345","1"
"hazelcast","84fa14858f7deb9c45eca8bc006836a2aa705e15","hazelcast-wm/src/main/java/com/hazelcast/web/WebFilter.java","63","0","1","7","389","526","2"
"hazelcast","3da850bf11f1ca129bd489c040336e867c40997b","hazelcast/src/main/java/com/hazelcast/map/impl/query/MapQueryEngineImpl.java","63","0","1","7","488","665","1"
"elasticsearch","da56a4d33291ea4fefecb2ec47e435b40f1e5501","modules/elasticsearch/src/main/java/org/elasticsearch/gateway/local/LocalGateway.java","63","0","1","8","389","499","0"
"MapDB","97d73671867b262f477802d46084e8bff59063bf","src/main/java/org/mapdb/StorageJournaled.java","63","0","1","9","456","668","2"
"elasticsearch","dccaa49aa0487e0d87963bcfa8a560c35f083e72","src/main/java/org/elasticsearch/index/mapper/DocumentMapper.java","63","0","10","51","568","787","1"
"elasticsearch","edb6319cea5f6a3b5535bf37a82ca53b6dde1664","src/main/java/org/elasticsearch/index/mapper/DocumentMapper.java","63","0","10","51","569","788","0"
"orientdb","76ffdc9fe1e541460329297a955e8494c36be8f5","object/src/main/java/com/orientechnologies/orient/object/db/OObjectDatabaseTx.java","63","0","12","67","589","857","1"
"orientdb","c1f0f046093d166b58193818b359c73d4a50c228","object/src/main/java/com/orientechnologies/orient/object/db/OObjectDatabaseTx.java","63","0","12","68","595","865","0"
"orientdb","36e46b391e03a42b64c4befdc670b246522123d9","object/src/main/java/com/orientechnologies/orient/object/db/OObjectDatabaseTx.java","63","0","12","72","618","891","1"
"orientdb","6a5ae937eab72280a6cea923f1226759f8669848","object/src/main/java/com/orientechnologies/orient/object/db/OObjectDatabaseTx.java","63","0","12","72","618","892","1"
"orientdb","3b090889e7ce5a731faccd180b56fd3c047ecd32","object/src/main/java/com/orientechnologies/orient/object/db/OObjectDatabaseTx.java","63","0","12","72","620","895","2"
"elasticsearch","d2f25416e4a14812d0961ddce0da73bee0b68b27","core/src/test/java/org/elasticsearch/discovery/DiscoveryWithServiceDisruptionsIT.java","63","0","14","5","882","1268","1"
"elasticsearch","eb36b82de48750777172ecdc3b019de32535e3f4","core/src/test/java/org/elasticsearch/discovery/DiscoveryWithServiceDisruptionsIT.java","63","0","14","8","948","1384","0"
"elasticsearch","747390562056b381bf9e38694bbf9e207a1aa038","core/src/main/java/org/elasticsearch/index/mapper/MapperService.java","63","0","15","16","462","636","4"
"elasticsearch","22187113b6e9eb60392c4f545f08c7304a179d00","core/src/main/java/org/elasticsearch/index/mapper/MappedFieldType.java","63","0","16","38","379","513","1"
"elasticsearch","d8f16178d3f21b4f9d17da12e7aa61613fc2c27a","src/main/java/org/elasticsearch/env/NodeEnvironment.java","63","0","16","5","377","558","1"
"BroadleafCommerce","dd9e7d0ba265bdd289192a1775e7b0087cf3983a","admin/broadleaf-open-admin-platform/src/main/java/org/broadleafcommerce/openadmin/web/controller/entity/AdminBasicEntityController.java","63","0","18","1","734","1233","5"
"elasticsearch","e7d352b489272a87b05019869857656de7fb82fc","core/src/main/java/org/elasticsearch/search/aggregations/InternalOrder.java","63","0","18","9","343","596","0"
"elasticsearch","2024067465503a53d5292c67626998942dfffec6","src/main/java/org/elasticsearch/action/bulk/BulkRequest.java","63","0","19","13","362","511","0"
"elasticsearch","cc3f02c0a03686b915b846d1aff04cd90cf29914","src/main/java/org/elasticsearch/env/NodeEnvironment.java","63","0","19","8","501","734","1"
"elasticsearch","08f7caa56b3519f4569e82cdceb57dee14e19420","src/main/java/org/elasticsearch/env/NodeEnvironment.java","63","0","19","8","502","735","0"
"elasticsearch","299179e704646dcdc89e46cc04ed13827c691231","core/src/main/java/org/elasticsearch/action/bulk/TransportBulkAction.java","63","0","2","1","359","428","1"
"netty","e2b240799c2943b7e478948d03f4f4e0e62d6ca1","transport/src/main/java/io/netty/channel/socket/nio/NioEventLoop.java","63","0","2","1","361","503","0"
"elasticsearch","f79c2cb8c0d747dc0c81768a881fe2bfe22d9e2f","core/src/main/java/org/elasticsearch/index/mapper/DateFieldMapper.java","63","0","2","29","438","528","2"
"elasticsearch","e458d4fd93136cfc42708d9311d05bee36f69321","src/test/java/org/elasticsearch/search/aggregations/bucket/LongTermsTests.java","63","0","2","31","734","949","0"
"elasticsearch","d64d0d6a97ae8dd70ba6018f97dd3c5fc10acd53","src/test/java/org/elasticsearch/search/aggregations/bucket/LongTermsTests.java","63","0","2","31","739","958","1"
"orientdb","40eeb1f2dd529f467d5854913f0df623963a7038","core/src/main/java/com/orientechnologies/orient/core/sql/ORuntimeResult.java","63","0","2","8","188","266","0"
"orientdb","efc7d4cb6fdd46d0402376cff10f61061fb29a49","core/src/main/java/com/orientechnologies/orient/core/sql/ORuntimeResult.java","63","0","2","8","188","266","0"
"orientdb","c3943915a7ca022d85b4aea72942208d7cf621c4","core/src/main/java/com/orientechnologies/orient/core/sql/ORuntimeResult.java","63","0","2","8","188","266","1"
"elasticsearch","1959275622ca35997420213d979a1724944aa4f6","src/main/java/org/elasticsearch/common/joda/DateMathParser.java","63","0","2","8","254","313","3"
"elasticsearch","885c80f8e5e4bf60b74c6183fefb67ea43466420","modules/elasticsearch/src/main/java/org/elasticsearch/common/settings/ImmutableSettings.java","63","0","27","25","437","671","0"
"mcMMO","dcc18049a1c6592981b4cb15018e43da02a88db6","src/main/java/com/gmail/nossr50/config/Config.java","63","0","29","106","340","501","0"
"mcMMO","fcb8909a54feee462d17b59566323721e0e1b8e6","src/main/java/com/gmail/nossr50/config/Config.java","63","0","29","107","341","502","1"
"mcMMO","fcb8909a54feee462d17b59566323721e0e1b8e6","src/main/java/com/gmail/nossr50/config/Config.java","63","0","29","107","341","502","1"
"mcMMO","37e3bfe7d94c828e220c1075ce412103382ddf4e","src/main/java/com/gmail/nossr50/config/Config.java","63","0","29","107","341","502","0"
"netty","93011dd3159e2371d583e84ffae3fa6eac4ed723","codec-http2/src/main/java/io/netty/handler/codec/http2/DefaultHttp2RemoteFlowController.java","63","0","3","10","580","943","0"
"ceylon-ide-eclipse","b28db9716d42e3eb7fc191645f51419f18ec7208","plugins/com.redhat.ceylon.eclipse.ui/src/com/redhat/ceylon/eclipse/core/classpath/CeylonProjectModulesContainer.java","63","0","3","16","411","541","0"
"hazelcast","6a57bfa658b8c7afd17423b605703a9fe37a4b49","hazelcast/src/main/java/com/hazelcast/nio/tcp/TcpIpConnectionManager.java","63","0","3","21","521","657","0"
"hazelcast","c152010ffe0052de8ca6af501788b932ba405a9e","hazelcast/src/main/java/com/hazelcast/instance/Node.java","63","0","3","37","538","685","1"
"hazelcast","1f042b8c4a4245594691bb6d85a66ceed9b43068","hazelcast/src/main/java/com/hazelcast/instance/Node.java","63","0","3","37","548","686","1"
"hazelcast","2921cff694583b8638dae2991f427e61d5440a9d","hazelcast/src/main/java/com/hazelcast/instance/Node.java","63","0","3","37","550","688","0"
"elasticsearch","467a459f95d8709379bf3e7f415644b246a89dba","core/src/main/java/org/elasticsearch/search/controller/SearchPhaseController.java","63","0","3","6","342","430","1"
"elasticsearch","821021f0e478ca44d828e62c139ea19f0fd7290a","core/src/main/java/org/elasticsearch/search/controller/SearchPhaseController.java","63","0","3","6","344","432","0"
"hazelcast","7ab1db9edc8409f599bf01054636a1643e3cf2d3","hazelcast/src/test/java/com/hazelcast/test/HazelcastTestSupport.java","63","0","3","78","633","789","3"
"elasticsearch","046abdc281c321cd2128ee7684c0edfcaca07203","core/src/main/java/org/elasticsearch/index/engine/Engine.java","63","0","33","75","835","1216","3"
"elasticsearch","22e63b478306fb3cab6ba8967db6e1f2b73cdfd8","core/src/main/java/org/elasticsearch/index/engine/Engine.java","63","0","33","75","835","1216","2"
"elasticsearch","d2f25416e4a14812d0961ddce0da73bee0b68b27","core/src/main/java/org/elasticsearch/index/engine/Engine.java","63","0","33","75","835","1216","1"
"elasticsearch","e74d02138f02a66331b2611b5e70a908bb49cb97","core/src/main/java/org/elasticsearch/index/engine/Engine.java","63","0","33","75","835","1216","0"
"netty","1856ab3a3516435f5481ff9a3a06233b849b46e7","resolver-dns/src/main/java/io/netty/resolver/dns/DnsNameResolver.java","63","0","34","0","613","1010","2"
"elasticsearch","ef88943e6ecc9ff6e9351b3f46ee722d048645cc","core/src/main/java/org/elasticsearch/index/mapper/core/StringFieldMapper.java","63","0","4","23","355","464","2"
"netty","d7f9b1ee76320dd9fc1e9992b4b75773718614bb","transport/src/main/java/io/netty/channel/AbstractChannel.java","63","0","4","34","599","825","0"
"elasticsearch","1e7c42447999421ea789d51279496017d34b15d0","core/src/main/java/org/elasticsearch/index/engine/Engine.java","63","0","44","79","922","1367","1"
"hazelcast","9845a4b10b51997d890ce1697618f2868243e05d","hazelcast/src/test/java/com/hazelcast/internal/nearcache/AbstractNearCacheBasicTest.java","63","0","57","0","653","1084","1"
"elasticsearch","17a2fffc9be50102fa5a9da72053c82df23b1a64","core/src/main/java/org/elasticsearch/Version.java","63","0","6","15","303","401","2"
"elasticsearch","70355f693f51ba79de4042eab7147aacc06d58fe","src/main/java/org/elasticsearch/common/lucene/search/XBooleanFilter.java","63","0","6","3","253","339","1"
"mcMMO","ae77313007ffade62e00ae27fa6c0c1f037bfff4","src/main/java/com/gmail/nossr50/skills/herbalism/HerbalismManager.java","63","0","6","9","282","399","1"
"BroadleafCommerce","4a616b68956d66cd2e6de90cabf8976f48713a74","admin/broadleaf-admin-module/src/main/java/org/broadleafcommerce/admin/server/service/handler/SkuCustomPersistenceHandler.java","63","0","7","8","489","721","3"
"BroadleafCommerce","7467f1200927011c61223df68edb5cfddfc107e7","admin/broadleaf-admin-module/src/main/java/org/broadleafcommerce/admin/server/service/handler/SkuCustomPersistenceHandler.java","63","0","7","8","496","729","3"
"elasticsearch","a8271595dc720b2d33b979ba7bdbf309c2ad68b2","src/main/java/org/elasticsearch/script/ScriptService.java","63","0","8","8","490","635","0"
"netty","f990f9983dd0e33fb4efb2212856ce5f9749cf85","codec-http2/src/main/java/io/netty/handler/codec/http2/Http2ConnectionHandler.java","63","0","9","19","533","781","0"
"netty","06e29e0d1b4ebf16b47969d5fbc71bdaf19fe3e8","codec-http2/src/main/java/io/netty/handler/codec/http2/Http2ConnectionHandler.java","63","0","9","19","536","786","0"
"elasticsearch","18ede79ed5a425c914059e4c73ab2675ef0589d3","src/main/java/org/elasticsearch/script/ScriptService.java","63","0","9","9","509","653","2"
"elasticsearch","f857f9e47cb7e0ab3c72b5a29225ddf3742f7f67","src/main/java/org/elasticsearch/script/ScriptService.java","63","0","9","9","513","658","0"
"hazelcast","950340ec0c40f54c90b921fa2c60986f7ce7c8ad","hazelcast/src/main/java/com/hazelcast/impl/ConcurrentMapManager.java","630","0","1","40","3860","4360","1"
"hazelcast","11589f908d551962a945b0b2949e1fe6b430f975","hazelcast/src/main/java/com/hazelcast/impl/ConcurrentMapManager.java","631","0","1","40","3866","4366","1"
"orientdb","136db63960bbf53514691bf5a0bb8361a5ea5361","core/src/main/java/com/orientechnologies/orient/core/sql/OCommandExecutorSQLSelect.java","633","0","5","19","2231","2890","0"
"orientdb","8411a0868c5feba85488f8de5d6818b3368a8adb","core/src/main/java/com/orientechnologies/orient/core/sql/OCommandExecutorSQLSelect.java","633","0","5","19","2231","2890","0"
"orientdb","46bbcabde62c2b9e61ebaf45dc23f16d9dee7f02","core/src/main/java/com/orientechnologies/orient/core/sql/OCommandExecutorSQLSelect.java","633","0","5","19","2231","2890","1"
"orientdb","eddbf004c69999b7aa2c79a918b7858b48892778","core/src/main/java/com/orientechnologies/orient/core/sql/OCommandExecutorSQLSelect.java","634","0","5","19","2231","2890","1"
"hazelcast","93178d4da5c88dc7a98ffab448e3738bbedef961","hazelcast/src/main/java/com/hazelcast/impl/ConcurrentMapManager.java","636","0","1","40","3878","4378","2"
"hazelcast","60ee6ddac16452eeb9c4b3678eb6c5cd9daeafd0","hazelcast/src/main/java/com/hazelcast/impl/ConcurrentMapManager.java","638","0","1","40","3883","4383","1"
"hazelcast","d1baf61d1f1eb6342e7608ddbd27f1f13f1fb15f","hazelcast/src/main/java/com/hazelcast/impl/ConcurrentMapManager.java","638","0","1","40","3884","4384","2"
"orientdb","086606000a2da9409a2ca89221e6db840c08ef33","core/src/main/java/com/orientechnologies/orient/core/sql/OCommandExecutorSQLSelect.java","638","0","4","19","2241","2904","1"
"orientdb","34588f3fa6ddf5e6d8f76f1ddfee1f76452a5a4e","core/src/main/java/com/orientechnologies/orient/core/record/impl/ODocument.java","638","0","55","36","2185","3010","3"
"hazelcast","ba89356ddfbbbc1cd3f4231547371bbd9ed2867b","hazelcast/src/main/java/com/hazelcast/impl/ConcurrentMapManager.java","639","0","1","40","3891","4392","1"
"hazelcast","164e4cc110a6033fbf0ab4d139872c8f1f14b013","hazelcast/src/main/java/com/hazelcast/impl/ConcurrentMapManager.java","639","0","1","40","3898","4400","1"
"hazelcast","dc6682463de30ee8be27aba138f9a2f2f052c2b3","hazelcast/src/main/java/com/hazelcast/impl/ConcurrentMapManager.java","639","0","1","40","3898","4400","1"
"hazelcast","98b900c6c84af0480e50224c2f8afa6ee81ad04a","hazelcast/src/main/java/com/hazelcast/impl/ConcurrentMapManager.java","639","0","1","40","3898","4400","0"
"orientdb","9df1e17bf9f8ea115fe2f31b9a501a38380867a5","core/src/main/java/com/orientechnologies/orient/core/sql/OCommandExecutorSQLSelect.java","639","0","4","19","2260","2923","2"
"orientdb","e26ad695c9d8163f06765ee242fedfc5bf039f90","core/src/main/java/com/orientechnologies/orient/core/record/impl/ODocument.java","639","0","55","36","2187","3012","2"
"ceylon-ide-eclipse","51aaedbfc327d60554c289a676f3c5fc606fb993","plugins/com.redhat.ceylon.eclipse.ui/src/com/redhat/ceylon/eclipse/core/builder/CeylonBuilder.java","639","0","9","81","3478","4272","0"
"ceylon-ide-eclipse","9327ee14db1665becde22fdb19e5262690a04b6b","plugins/com.redhat.ceylon.eclipse.ui/src/com/redhat/ceylon/eclipse/core/builder/CeylonBuilder.java","639","0","9","81","3484","4278","0"
"ceylon-ide-eclipse","e2be4da0ab8ded83f49127710961210d6579ba14","plugins/com.redhat.ceylon.eclipse.ui/src/com/redhat/ceylon/eclipse/core/builder/CeylonBuilder.java","639","0","9","81","3486","4282","1"
"hazelcast","9bbfd33ff7246db9118fa0590d78544d25513452","hazelcast/src/main/java/com/hazelcast/impl/AddressPicker.java","64","0","0","0","317","394","0"
"Android-Universal-Image-Loader","56f4df896682733c9979b348e46ba77494851304","library/src/com/nostra13/universalimageloader/core/LoadAndDisplayImageTask.java","64","0","0","0","337","423","1"
"hazelcast","7e07ef2b7dcefe2f791c4b6d2050a9c44e6bf931","hazelcast/src/main/java/com/hazelcast/spi/impl/operationservice/impl/OperationRunnerImpl.java","64","0","0","0","355","459","3"
"hazelcast","008f92b65b9a6f5b89c3e0805921ee5d670971c4","hazelcast/src/main/java/com/hazelcast/spi/impl/operationservice/impl/OperationRunnerImpl.java","64","0","0","0","357","462","1"
"hazelcast","8a58f1d797cace1c351fcb95b819c86a74d54445","hazelcast/src/main/java/com/hazelcast/spi/impl/operationservice/impl/OperationRunnerImpl.java","64","0","0","0","363","468","0"
"hazelcast","8b1c46fc9fee750d3ece6d5464017c3932683734","hazelcast/src/main/java/com/hazelcast/spi/impl/operationservice/impl/OperationRunnerImpl.java","64","0","0","0","363","468","0"
"hazelcast","509fa127cac4a91e5dfdd9d50873f0eddebe40c0","hazelcast/src/main/java/com/hazelcast/spi/impl/operationservice/impl/OperationRunnerImpl.java","64","0","0","0","363","468","1"
"hazelcast","c2a7459a4d32314ac44789ad71cba56032048e8a","hazelcast-client/src/test/java/com/hazelcast/client/replicatedmap/ClientReplicatedMapTest.java","64","0","0","0","672","875","2"
"hazelcast","427987336f96ce64b2bba9a1bb4a5b8ac236521e","hazelcast-client/src/test/java/com/hazelcast/client/replicatedmap/ClientReplicatedMapTest.java","64","0","0","0","673","875","1"
"mcMMO","385fe1bb053cbaf2e2d74e0ebc9fc104efb35012","src/main/java/com/gmail/nossr50/listeners/InventoryListener.java","64","0","0","12","275","359","0"
"mcMMO","687f87a748608c5ec60271e063a3d0c36bef72fa","src/main/java/com/gmail/nossr50/listeners/InventoryListener.java","64","0","0","13","279","364","0"
"hazelcast","081543dbbb5e57f062566da43cf995b6cf15218f","hazelcast-client/src/main/java/com/hazelcast/client/connection/nio/ClientConnectionManagerImpl.java","64","0","0","19","546","635","2"
"ceylon-ide-eclipse","b6a8c5de21fd2bc29d818ad647c433618b2e5433","plugins/com.redhat.ceylon.eclipse.ui/src/com/redhat/ceylon/eclipse/core/model/mirror/JDTMethod.java","64","0","0","22","422","508","0"
"hazelcast","28c49d0c83af12bb83f0a5ce4ae86916d4f5f26c","hazelcast/src/main/java/com/hazelcast/spi/impl/ProxyServiceImpl.java","64","0","0","23","482","586","1"
"ceylon-ide-eclipse","fcb17054b912a6acfe0d374fb139a81005f26835","plugins/com.redhat.ceylon.eclipse.ui/src/com/redhat/ceylon/eclipse/code/search/SearchResultsLabelProvider.java","64","0","0","3","321","346","0"
"ceylon-ide-eclipse","6dc45ff3fafa8f0e59977c0291ddec7f97efaede","plugins/com.redhat.ceylon.eclipse.ui/src/com/redhat/ceylon/eclipse/code/search/SearchResultsLabelProvider.java","64","0","0","3","372","396","1"
"hazelcast","d07bad0d4f02db1131fe9ba86f9f821e7af631ae","hazelcast/src/main/java/com/hazelcast/internal/ascii/rest/HttpPostCommandProcessor.java","64","0","0","4","478","537","0"
"hazelcast","276423b6af4decde07cb2f4b17e6f0f2f7d9ebb9","hazelcast/src/main/java/com/hazelcast/internal/ascii/rest/HttpPostCommandProcessor.java","64","0","0","4","479","537","1"
"hazelcast","c2a7459a4d32314ac44789ad71cba56032048e8a","hazelcast-client-new/src/test/java/com/hazelcast/client/replicatedmap/ClientReplicatedMapTest.java","64","0","0","46","672","875","2"
"hazelcast","851a54a519d17e2605be91ac5c0d2c102176351e","hazelcast-client/src/test/java/com/hazelcast/client/replicatedmap/ClientReplicatedMapTest.java","64","0","0","46","673","875","0"
"hazelcast","427987336f96ce64b2bba9a1bb4a5b8ac236521e","hazelcast-client-new/src/test/java/com/hazelcast/client/replicatedmap/ClientReplicatedMapTest.java","64","0","0","46","675","877","0"
"hazelcast","3c9f5cec1f87144b48c35167651e8244ad9e5e07","hazelcast-client-new/src/test/java/com/hazelcast/client/replicatedmap/ClientReplicatedMapTest.java","64","0","0","47","702","915","0"
"hazelcast","9c2a079b395fd59260f5b5f1420a19a1df61d31b","hazelcast-client-new/src/test/java/com/hazelcast/client/replicatedmap/ClientReplicatedMapTest.java","64","0","0","47","702","915","0"
"hazelcast","46535d992347d80c09f89629618370faf178b7c8","hazelcast-client-new/src/test/java/com/hazelcast/client/replicatedmap/ClientReplicatedMapTest.java","64","0","0","47","702","915","1"
"elasticsearch","749039ad4f4ff311dcaa17463dafc82d42174db1","test/framework/src/main/java/org/elasticsearch/transport/AbstractSimpleTransportTestCase.java","64","0","0","48","1509","1851","3"
"hazelcast","6d690ea9dc8704a6878052d2f91e046744e16938","hazelcast-client-new/src/test/java/com/hazelcast/client/replicatedmap/ClientReplicatedMapTest.java","64","0","0","49","717","933","0"
"netty","4a5dc3222488db44b0174297f20b83195601cb8d","transport/src/test/java/io/netty/channel/local/LocalTransportThreadModelTest.java","64","0","0","6","628","798","1"
"BroadleafCommerce","11b9bbc3f26a276b1394b183501971f50b0bc40a","admin/broadleaf-open-admin-platform/src/main/java/org/broadleafcommerce/openadmin/web/controller/AdminAbstractController.java","64","0","1","0","450","860","1"
"elasticsearch","bdb2241892c65eea7e56849f691ad7b1b4b66baf","src/main/java/org/elasticsearch/action/admin/cluster/health/TransportClusterHealthAction.java","64","0","1","1","268","321","1"
"elasticsearch","1764ec56b38ce87f516efdf93bb4ab56e9dd829b","core/src/main/java/org/elasticsearch/action/bulk/TransportShardBulkAction.java","64","0","1","1","412","509","0"
"elasticsearch","25fd9e26c4fb042d6f6dea14efcd239577bdbbc4","core/src/main/java/org/elasticsearch/action/bulk/TransportShardBulkAction.java","64","0","1","1","412","516","0"
"orientdb","deb33febd5c1e0b590bcbfaaf4de44cc86b278f8","distributed/src/test/java/com/orientechnologies/orient/server/distributed/scenariotest/AbstractScenarioTest.java","64","0","1","1","463","635","1"
"neo4j","28783f201196c8e95862b4cdee9bf7f2f794c12c","community/bolt/src/main/java/org/neo4j/bolt/v1/messaging/Neo4jPack.java","64","0","1","11","381","433","0"
"elasticsearch","9ca5e6e3e12cf4f13eb6ed0140d9073ba89c61c9","src/main/java/org/elasticsearch/indices/recovery/RecoveryTarget.java","64","0","1","11","504","646","2"
"elasticsearch","01ca81e2a37c9cd38c6dc44ae567d427c059dbe0","src/main/java/org/elasticsearch/indices/recovery/RecoveryTarget.java","64","0","1","11","512","654","1"
"netty","5fb18e3415377fd022ac46d3a898b905617cf232","codec-http2/src/main/java/io/netty/handler/codec/http2/DefaultHttp2ConnectionDecoder.java","64","0","1","12","475","658","1"
"orientdb","252aa4c00e6048e5a77066dc5f770ef6e58dd1ea","core/src/main/java/com/orientechnologies/orient/core/sql/parser/ONotInCondition.java","64","0","1","13","164","201","1"
"neo4j","8a04a27dfd2205982014b036269e2e2dae2a355b","community/io/src/main/java/org/neo4j/io/pagecache/impl/SingleFilePageSwapper.java","64","0","1","14","604","751","0"
"BroadleafCommerce","385ea73e250275770b712ca6ff22948c9e80a0fa","admin/broadleaf-open-admin-platform/src/main/java/org/broadleafcommerce/openadmin/server/service/AdminEntityServiceImpl.java","64","0","1","15","533","675","6"
"orientdb","009a96e934127f3a07e5e205a7f668a35c40752a","jdbc/src/main/java/com/orientechnologies/orient/jdbc/OrientJdbcResultSet.java","64","0","1","191","765","1134","1"
"elasticsearch","628dabd6637a9109ed54a741a661b772f5978dd1","core/src/test/java/org/elasticsearch/search/sort/FieldSortIT.java","64","0","1","21","1287","1574","0"
"neo4j","2b261bd9bb532f283b2caed9b2d9eb4992e677b4","community/kernel/src/main/java/org/neo4j/unsafe/batchinsert/BatchInserterImpl.java","64","0","1","27","1001","1148","1"
"elasticsearch","96fa466414393544cebeb215e0c29031f799b15a","src/main/java/org/elasticsearch/index/mapper/internal/TimestampFieldMapper.java","64","0","1","27","310","385","2"
"neo4j","934072a0187279d79b381ad46f6270622ead3175","community/kernel/src/main/java/org/neo4j/unsafe/batchinsert/BatchInserterImpl.java","64","0","1","27","989","1137","0"
"BroadleafCommerce","0eec7d6ee2b530fbcaab225bcbfcd7ea47c493b9","admin/broadleaf-open-admin-platform/src/main/java/org/broadleafcommerce/openadmin/server/service/persistence/module/provider/MediaFieldPersistenceProvider.java","64","0","1","4","322","376","0"
"hazelcast","f73923b0867cc254294ab8a3d7bef9b837d34dfe","hazelcast/src/test/java/com/hazelcast/core/TransactionTest.java","64","0","1","56","1095","1225","2"
"elasticsearch","2b97f5d9ebf1b07fcf61be5cdb1c4bc1250c537d","core/src/main/java/org/elasticsearch/plugins/PluginManager.java","64","0","1","6","417","550","3"
"elasticsearch","a91b3fcbb9e493c3aac9b46723c8dcad2c23a3ae","core/src/main/java/org/elasticsearch/plugins/PluginManager.java","64","0","1","6","418","551","2"
"hazelcast","1cb5e189b07a4808608b4c968273798035be5989","hazelcast-client/src/main/java/com/hazelcast/client/proxy/ClientMapProxy.java","64","0","1","64","785","904","0"
"hazelcast","337ada6c765ca1ff34f8d059805cbeb9b1999053","hazelcast-client/src/main/java/com/hazelcast/client/proxy/ClientMapProxy.java","64","0","1","64","785","904","0"
"hazelcast","cfb0b95ecb4fbce016be038f5e9f7c8e0fe9eb8e","hazelcast-client/src/main/java/com/hazelcast/client/proxy/ClientMapProxy.java","64","0","1","64","785","904","1"
"elasticsearch","482843e27b6b498e1c045cbae5ad250102e76bac","core/src/main/java/org/elasticsearch/monitor/jvm/HotThreads.java","64","0","1","7","290","351","0"
"orientdb","184bcd2b24baccb022539cc483bc8062e2642832","core/src/main/java/com/orientechnologies/orient/core/index/OIndexTxAwareOneValue.java","64","0","1","8","325","442","0"
"elasticsearch","be7d3b609f82a3f9917f1a264f9011d73b119f82","modules/elasticsearch/src/main/java/org/elasticsearch/gateway/local/LocalGateway.java","64","0","1","8","391","502","0"
"MapDB","3a31747706876e94e0c0c12855587d8f2c240bde","src/main/java/org/mapdb/SerializerPojo.java","64","0","1","8","445","635","1"
"BroadleafCommerce","25cc6d04543ce2d153d288e181a712fa6a0086f4","core/broadleaf-framework/src/main/java/org/broadleafcommerce/core/catalog/domain/ProductImpl.java","64","0","1","91","788","949","0"
"BroadleafCommerce","7a788b77bdd84514c71e7f52b3b90249030a650a","core/broadleaf-framework/src/main/java/org/broadleafcommerce/core/catalog/domain/ProductImpl.java","64","0","1","97","858","1033","1"
"elasticsearch","371c73e14023917f3892090d2d3d7ff9ac1216b9","core/src/main/java/org/elasticsearch/cluster/routing/RoutingTable.java","64","0","11","36","425","598","3"
"elasticsearch","78574d248cf10dad1c5a566fda79e1e0c94afe43","core/src/main/java/org/elasticsearch/cluster/routing/RoutingTable.java","64","0","11","36","425","598","2"
"elasticsearch","e6aaaf11ed4a1b8f595f920de1840938eddb7a97","core/src/main/java/org/elasticsearch/cluster/routing/RoutingTable.java","64","0","11","36","425","598","2"
"elasticsearch","a60b8948ba1d836a6eac7cff095519e618939ed8","core/src/main/java/org/elasticsearch/cluster/routing/RoutingTable.java","64","0","11","36","425","598","0"
"orientdb","108373f95098061206f52388bfcc547071e6eec0","object/src/main/java/com/orientechnologies/orient/object/db/OObjectDatabaseTx.java","64","0","12","72","621","896","1"
"orientdb","83de6ccf07238d3aab581a24d235a6afb4e0b0d6","object/src/main/java/com/orientechnologies/orient/object/db/OObjectDatabaseTx.java","64","0","12","72","621","896","1"
"orientdb","745daf592bd3e0576ff1e0c64c8039a5099a453b","object/src/main/java/com/orientechnologies/orient/object/db/OObjectDatabaseTx.java","64","0","12","72","621","896","0"
"elasticsearch","75387001dfef7eb4961fb9b7164e706fbf0c31c1","core/src/test/java/org/elasticsearch/discovery/DiscoveryWithServiceDisruptionsIT.java","64","0","14","5","862","1208","0"
"elasticsearch","3d2a50c8ea3a0e320147deb64664d08321a7a5d9","core/src/test/java/org/elasticsearch/discovery/DiscoveryWithServiceDisruptionsIT.java","64","0","14","5","864","1207","2"
"elasticsearch","296ab3ec16c285bfc37fba40b2ddbde1e56bfc7c","core/src/test/java/org/elasticsearch/discovery/DiscoveryWithServiceDisruptionsIT.java","64","0","14","5","868","1211","1"
"elasticsearch","e411cbb0600ad119dacfbd214bba994f4f2aa4c0","core/src/test/java/org/elasticsearch/discovery/DiscoveryWithServiceDisruptionsIT.java","64","0","14","5","873","1227","0"
"elasticsearch","392814ea6f5f62f5f1d2232645db92da01d59914","core/src/main/java/org/elasticsearch/ingest/core/IngestDocument.java","64","0","14","7","387","545","1"
"elasticsearch","71849668e9d05fa72efabb83654aa5a3293c309b","src/main/java/org/elasticsearch/action/bulk/BulkRequest.java","64","0","16","12","338","471","1"
"elasticsearch","178629382cae497aaa5b4842208cd570b189bd52","src/main/java/org/elasticsearch/action/bulk/BulkRequest.java","64","0","16","12","340","474","0"
"elasticsearch","636c35d0d41b4c9fd5c8454483fbaaee45ac1d25","src/main/java/org/elasticsearch/action/bulk/BulkRequest.java","64","0","16","12","352","488","0"
"elasticsearch","9e4a0cba0b6a9a936b6e2ff1579f864b84b8bc26","core/src/main/java/org/elasticsearch/index/mapper/MappedFieldType.java","64","0","16","38","383","518","1"
"elasticsearch","06667c6aa898895acd624b8a71a6e00ff7ae32b8","src/main/java/org/elasticsearch/common/geo/GeoUtils.java","64","0","18","8","309","538","0"
"elasticsearch","201dc87aae5dcc4bbaf092c0033424b8bec15b37","core/src/main/java/org/elasticsearch/action/bulk/TransportBulkAction.java","64","0","2","1","353","422","1"
"BroadleafCommerce","9b556e9914c84a41ae10f07813ea46a5d2023f27","admin/broadleaf-contentmanagement-module/src/main/java/org/broadleafcommerce/cms/web/BroadleafProcessURLFilter.java","64","0","2","10","382","577","0"
"BroadleafCommerce","c47428fb0783c065f81dbdf641f1155879791b33","admin/broadleaf-contentmanagement-module/src/main/java/org/broadleafcommerce/cms/web/BroadleafProcessURLFilter.java","64","0","2","10","385","580","0"
"hazelcast","93178d4da5c88dc7a98ffab448e3738bbedef961","hazelcast/src/test/java/com/hazelcast/impl/MapStoreTest.java","64","0","2","105","1417","1625","1"
"orientdb","6ec5d17f637a159b38ca4bc817110cb16da27ce6","core/src/main/java/com/orientechnologies/orient/core/sql/OCommandExecutorSQLDelete.java","64","0","2","11","291","407","0"
"neo4j","99abe5c4afa2f26034fa586114f10589e685e985","community/kernel/src/main/java/org/neo4j/kernel/impl/api/KernelTransactionImplementation.java","64","0","2","18","828","972","1"
"elasticsearch","349b7a3a8b33401038af4840bf9abf79e292ff53","src/main/java/org/elasticsearch/script/ScriptService.java","64","0","2","20","450","575","1"
"elasticsearch","616d0c044fbc886c8ba3d4ddb5e055b4a5127af6","src/test/java/org/elasticsearch/search/aggregations/bucket/HistogramTests.java","64","0","2","27","804","996","1"
"hazelcast","504866d549cfe898923a00f4e924cabaac916b5c","hazelcast/src/main/java/com/hazelcast/client/impl/ClientEngineImpl.java","64","0","2","30","550","668","3"
"hazelcast","6b1b23391f376ea1373ebae96c8f5e955531bcdd","hazelcast/src/main/java/com/hazelcast/client/impl/ClientEngineImpl.java","64","0","2","30","551","669","3"
"hazelcast","82902a1dc01dba24dd61ed2959d785e039dd7124","hazelcast/src/main/java/com/hazelcast/client/impl/ClientEngineImpl.java","64","0","2","31","554","673","1"
"hazelcast","a54592ecba3a4cc7158bbcd8a704e58e22170e17","hazelcast/src/main/java/com/hazelcast/client/impl/ClientEngineImpl.java","64","0","2","31","555","674","3"
"hazelcast","a7452e4fb71bfe8236fa172f8ccb0011ddd4e8a9","hazelcast/src/main/java/com/hazelcast/client/impl/ClientEngineImpl.java","64","0","2","32","559","679","2"
"hazelcast","0d9f8460da1680fa425e00843841683aca541f04","hazelcast/src/main/java/com/hazelcast/client/impl/ClientEngineImpl.java","64","0","2","32","566","687","1"
"hazelcast","3c268f4e2408296c187a2abe68e2b460a53f2b6e","hazelcast/src/main/java/com/hazelcast/client/impl/ClientEngineImpl.java","64","0","2","32","567","689","3"
"hazelcast","49319704bba10767278ba562dc6b4c93c3b9ee6b","hazelcast/src/main/java/com/hazelcast/client/impl/ClientEngineImpl.java","64","0","2","34","555","674","1"
"hazelcast","80b31b021525166fdb318b692f740b679b333bc5","hazelcast/src/main/java/com/hazelcast/client/impl/ClientEngineImpl.java","64","0","2","35","567","689","2"
"hazelcast","4b9cef83c2c99af4df9d1d0338f29a7dc1c9eda8","hazelcast/src/main/java/com/hazelcast/instance/Node.java","64","0","2","39","506","626","1"
"hazelcast","92bcf0fec5fd9a2f6f130b0bbf7a75b175dec349","hazelcast/src/main/java/com/hazelcast/instance/Node.java","64","0","2","39","506","626","1"
"hazelcast","bb874ec7c86bec4bacca6c36a85bac7e53735778","hazelcast/src/main/java/com/hazelcast/instance/Node.java","64","0","2","39","506","626","2"
"hazelcast","01627b80e7630dd37a145264d9745b573625f379","hazelcast/src/main/java/com/hazelcast/instance/Node.java","64","0","2","39","506","626","0"
"hazelcast","475feecd129135c28060130d61f6359391e0a95a","hazelcast/src/main/java/com/hazelcast/instance/Node.java","64","0","2","40","503","625","2"
"elasticsearch","c9bb686927c01e868d6f4e59a07aee455a5cdfa6","core/src/main/java/org/elasticsearch/cluster/SnapshotsInProgress.java","64","0","2","46","431","536","0"
"elasticsearch","12f53090417d01134f92281b8285a5783f971887","core/src/main/java/org/elasticsearch/ElasticsearchException.java","64","0","22","14","730","963","2"
"elasticsearch","f4d59145114450bf1d36f8e6f3401ee4d2c0ecda","src/main/java/org/elasticsearch/common/lucene/Lucene.java","64","0","22","21","573","778","1"
"elasticsearch","2d523ace87617b25918dba13c4dd64c12a909f75","src/main/java/org/elasticsearch/index/mapper/core/DateFieldMapper.java","64","0","3","24","390","478","0"
"elasticsearch","8eee28e798fdd8b4e6c18d7a908872f4829f9c00","core/src/test/java/org/elasticsearch/action/support/replication/TransportReplicationActionTests.java","64","0","3","28","1052","1319","0"
"hazelcast","a659332f75af63da1b89962057e75103c7684900","hazelcast/src/main/java/com/hazelcast/cache/impl/AbstractCacheService.java","64","0","3","45","582","717","1"
"BroadleafCommerce","54781449d3c278637cc5cdf582c6b56f43f62b52","common/src/main/java/org/broadleafcommerce/common/extensibility/jpa/MergePersistenceUnitManager.java","64","0","3","5","326","427","0"
"BroadleafCommerce","300afb753f1ee1d8f081ebbf9cbd93cb57c22816","common/src/main/java/org/broadleafcommerce/common/extensibility/jpa/MergePersistenceUnitManager.java","64","0","3","5","326","429","0"
"netty","ba6ce5449ee852b782dde9a11933f6a09b123e22","common/src/main/java/io/netty/util/ByteString.java","64","0","31","23","414","706","0"
"elasticsearch","1ba73d979791577316edb021dfec655655e111e6","core/src/main/java/org/elasticsearch/index/query/MatchQueryBuilder.java","64","0","32","3","427","620","0"
"elasticsearch","09c7c5c82fdd5ce7c133de0379b3b44cf36061f9","core/src/main/java/org/elasticsearch/index/query/MatchQueryBuilder.java","64","0","32","3","431","624","1"
"elasticsearch","a60b8948ba1d836a6eac7cff095519e618939ed8","core/src/main/java/org/elasticsearch/index/engine/Engine.java","64","0","32","79","842","1221","0"
"titan","8844fb05759ae0d64a9afd5c53dee9dee3650d00","titan-test/src/main/java/com/thinkaurelius/titan/graphdb/TitanGraphTest.java","64","0","4","18","914","1113","1"
"elasticsearch","9ca5e6e3e12cf4f13eb6ed0140d9073ba89c61c9","src/main/java/org/elasticsearch/common/lucene/Lucene.java","64","0","4","19","303","375","1"
"netty","77b4ec7e1bc0b8c6111728cc074226dd9cfe1b73","transport/src/main/java/io/netty/channel/AbstractChannel.java","64","0","4","34","604","831","1"
"elasticsearch","b17d23dc99ec7bdb3e64acbc05eedffa7d46a4e4","core/src/test/java/org/elasticsearch/index/shard/IndexShardTests.java","64","0","4","35","1326","1642","0"
"elasticsearch","0d755472d363de6a96f74edcfb8b4040afd98553","modules/elasticsearch/src/main/java/org/elasticsearch/cluster/node/DiscoveryNodes.java","64","0","4","51","386","496","0"
"orientdb","31025b47a1a2fd4a94b08cd2a82af0ab1187e0c9","core/src/main/java/com/orientechnologies/orient/core/storage/impl/local/paginated/atomicoperations/OAtomicOperationsManager.java","64","0","5","12","384","550","1"
"orientdb","a717eb014a6d3a491ebbdb50ba7dcb77c1333102","core/src/main/java/com/orientechnologies/orient/core/tx/OTransactionRealAbstract.java","64","0","5","21","328","463","0"
"elasticsearch","00de8e07fc3df9c763bbc0b6890217dc5b6bee3e","core/src/main/java/org/elasticsearch/Version.java","64","0","6","15","306","404","3"
"elasticsearch","6796464f167ce293192c43efd1cf28e4434fd5da","core/src/main/java/org/elasticsearch/Version.java","64","0","6","15","306","404","4"
"elasticsearch","6baded8e7fb920e920a288bf53764a1da3d617da","core/src/main/java/org/elasticsearch/Version.java","64","0","6","15","306","404","3"
"elasticsearch","d06a8903fdccf5985bb1b9cbfcb92580d08a544c","core/src/main/java/org/elasticsearch/Version.java","64","0","6","15","306","404","0"
"elasticsearch","25fd9e26c4fb042d6f6dea14efcd239577bdbbc4","client/rest/src/test/java/org/elasticsearch/client/RestClientSingleHostTests.java","64","0","6","5","381","460","0"
"elasticsearch","56cc87b7ccd41040d8fafcaf2da3680d96d10839","client/rest/src/test/java/org/elasticsearch/client/RestClientSingleHostTests.java","64","0","6","5","381","460","0"
"elasticsearch","68a94e711a0ed43d6bc3aaf9c53f4f36b23efad7","client/rest/src/test/java/org/elasticsearch/client/RestClientSingleHostTests.java","64","0","6","5","381","460","1"
"mcMMO","b1cf7d03480f65138eb910d7ddd4fedcfcdbb9b6","src/main/java/com/gmail/nossr50/skills/herbalism/HerbalismManager.java","64","0","6","9","288","407","0"
"elasticsearch","371c73e14023917f3892090d2d3d7ff9ac1216b9","core/src/main/java/org/elasticsearch/repositories/blobstore/BlobStoreRepository.java","64","0","7","9","502","750","3"
"elasticsearch","78574d248cf10dad1c5a566fda79e1e0c94afe43","core/src/main/java/org/elasticsearch/repositories/blobstore/BlobStoreRepository.java","64","0","7","9","502","750","2"
"elasticsearch","e6aaaf11ed4a1b8f595f920de1840938eddb7a97","core/src/main/java/org/elasticsearch/repositories/blobstore/BlobStoreRepository.java","64","0","7","9","502","750","2"
"elasticsearch","a60b8948ba1d836a6eac7cff095519e618939ed8","core/src/main/java/org/elasticsearch/repositories/blobstore/BlobStoreRepository.java","64","0","7","9","502","750","0"
"MapDB","0392d2fca4cf02f7013a84d7acd703c4b5a0f99c","src/main/java/org/mapdb/DBMaker.java","64","0","71","12","690","1425","2"
"elasticsearch","98640310c2adff8f8d164590faf019193201c747","src/main/java/org/elasticsearch/script/ScriptService.java","64","0","8","9","488","626","1"
"elasticsearch","8bdfd21b70568a39ebf5232e8c395f5206a7a63f","src/main/java/org/elasticsearch/script/ScriptService.java","64","0","8","9","490","627","0"
"netty","5fb18e3415377fd022ac46d3a898b905617cf232","codec-http2/src/main/java/io/netty/handler/codec/http2/Http2ConnectionHandler.java","64","0","9","19","533","781","1"
"netty","b39380ad83cda7ebe79d692216e204b8b6b67568","codec-http2/src/main/java/io/netty/handler/codec/http2/Http2ConnectionHandler.java","64","0","9","19","538","786","0"
"netty","36aa11937d661385461b4c1c488356347751e9f9","codec-http2/src/main/java/io/netty/handler/codec/http2/Http2ConnectionHandler.java","64","0","9","19","539","788","1"
"netty","56e6e07b25b968a27cdc25209664dc95f67721d1","codec-http2/src/main/java/io/netty/handler/codec/http2/Http2ConnectionHandler.java","64","0","9","19","546","795","1"
"orientdb","abe08e61d391805614389dfac78dcfcfdb519925","graphdb/src/main/java/com/tinkerpop/blueprints/impls/orient/OrientGraphQuery.java","64","0","9","2","274","424","0"
"hazelcast","51c3e4ce91218088d48d32b618c9cc0644bb768a","hazelcast/src/main/java/com/hazelcast/impl/ConcurrentMapManager.java","640","0","1","40","3902","4405","1"
"hazelcast","8fedca61a470cc84c5f9aaad2775615579967cc9","hazelcast/src/main/java/com/hazelcast/impl/ConcurrentMapManager.java","640","0","1","40","3904","4409","0"
"hazelcast","90c55206830fb0eedaba09009ee62ea06d3d555e","hazelcast/src/main/java/com/hazelcast/impl/ConcurrentMapManager.java","640","0","1","40","3905","4410","0"
"ceylon-ide-eclipse","d0211ea6adc9cfe62697dc6877d06d8c4f714499","plugins/com.redhat.ceylon.eclipse.ui/src/com/redhat/ceylon/eclipse/core/builder/CeylonBuilder.java","640","0","5","92","3327","3963","0"
"orientdb","8988606686b473edd0a1761f89d32af324e912f2","core/src/main/java/com/orientechnologies/orient/core/record/impl/ODocument.java","640","0","55","36","2207","3035","2"
"ceylon-ide-eclipse","6543abbc46412285094909a7f50453f8de782b7a","plugins/com.redhat.ceylon.eclipse.ui/src/com/redhat/ceylon/eclipse/core/builder/CeylonBuilder.java","640","0","9","81","3489","4285","0"
"orientdb","e375ae2a684c6635537682f4e8acc1c2231ae28c","core/src/main/java/com/orientechnologies/orient/core/sql/OCommandExecutorSQLSelect.java","642","0","4","19","2248","2914","2"
"orientdb","dfdd3bcfdf1fe9a6802f3ac01e68547c95dcc3f3","core/src/main/java/com/orientechnologies/orient/core/sql/OCommandExecutorSQLSelect.java","642","0","4","19","2252","2918","1"
"ceylon-ide-eclipse","76396b403bde9ac0d4ad06cb6b3caac13a1eb52f","plugins/com.redhat.ceylon.eclipse.ui/src/com/redhat/ceylon/eclipse/core/builder/CeylonBuilder.java","643","0","5","92","3340","3979","1"
"orientdb","3fd79f333e2a5c17bcac9d2ddfe74044e2dfecdd","core/src/main/java/com/orientechnologies/orient/core/sql/OCommandExecutorSQLSelect.java","645","0","4","19","2261","2928","0"
"hazelcast","7e9aaf983ea251e7252a8ed8cd1ea0b00cad40cf","hazelcast-hibernate/hazelcast-hibernate4/src/main/java/com/hazelcast/hibernate/local/LocalRegionCache.java","65","0","0","0","324","427","1"
"Android-Universal-Image-Loader","dcb5e7982e71f76bf5aac5830e18c713839ff478","library/src/com/nostra13/universalimageloader/core/LoadAndDisplayImageTask.java","65","0","0","0","341","427","2"
"hazelcast","8fb478edd7f05c3874592dfd54abd9bd62b8e5d3","hazelcast/src/main/java/com/hazelcast/spi/impl/operationservice/impl/OperationRunnerImpl.java","65","0","0","0","363","468","1"
"orientdb","fa7d5c3b04dd95177f06628827c28294c06bb714","core/src/main/java/com/orientechnologies/orient/core/storage/impl/local/paginated/wal/OLogSegment.java","65","0","0","0","467","588","1"
"orientdb","6a9fd739e121b8e74c6e607bde667b674a12a4f0","core/src/main/java/com/orientechnologies/orient/core/storage/impl/local/paginated/wal/OLogSegment.java","65","0","0","0","471","592","0"
"hazelcast","554d12cbe64212dd0a3e41a6e3e12d40b824f4f1","hazelcast-client-new/src/main/java/com/hazelcast/client/cache/impl/AbstractClientInternalCacheProxy.java","65","0","0","0","532","643","0"
"hazelcast","c345ce829493ef48ec20d8537d8e1651048242d3","hazelcast-client-new/src/main/java/com/hazelcast/client/cache/impl/AbstractClientInternalCacheProxy.java","65","0","0","0","532","643","0"
"hazelcast","d38202141395360399c9cf97d4453adf5b1581e1","hazelcast-client-new/src/main/java/com/hazelcast/client/cache/impl/AbstractClientInternalCacheProxy.java","65","0","0","0","532","643","1"
"hazelcast","330efef1f7194aaae5093af2ed205961dacf9e36","hazelcast-client/src/main/java/com/hazelcast/client/cache/impl/AbstractClientInternalCacheProxy.java","65","0","0","0","592","724","1"
"elasticsearch","4c1bc3ae4f76f04f6ff17a8ae1ebaeca4ed1aa99","src/test/java/org/elasticsearch/index/store/StoreTest.java","65","0","0","10","435","509","1"
"neo4j","cca9e04725e7ae20ba97e57506c0a33d2bdf691c","enterprise/causal-clustering/src/main/java/org/neo4j/causalclustering/core/consensus/RaftMessages.java","65","0","0","105","670","808","0"
"hazelcast","525c34cddd7f4e08d674611e177bab103e4d1881","hazelcast/src/main/java/com/hazelcast/impl/ExecutorManager.java","65","0","0","14","560","647","2"
"hazelcast","82fcc4c7c87097d1719bb56112aec0fafdb6bc0e","hazelcast/src/main/java/com/hazelcast/impl/ExecutorManager.java","65","0","0","14","561","648","1"
"hazelcast","9a88bb0f382ac91970bc9c96c93111a85cc98bf3","hazelcast/src/main/java/com/hazelcast/impl/ExecutorManager.java","65","0","0","14","561","648","1"
"hazelcast","eb54c0ab1714bf49b8495896a91bbc256bfb5533","hazelcast/src/main/java/com/hazelcast/impl/ExecutorManager.java","65","0","0","14","561","648","0"
"hazelcast","307ef66c8c829e98240b3407c119b4a18dfdb8a8","hazelcast-client/src/main/java/com/hazelcast/client/connection/nio/ClientConnectionManagerImpl.java","65","0","0","19","548","637","1"
"hazelcast","65c4393adc64d3ff6c248f7502a090ef8921725e","hazelcast/src/main/java/com/hazelcast/nio/TcpIpConnectionManager.java","65","0","0","23","440","534","2"
"elasticsearch","13a347239a48d71486692a72c066e940dec8921b","core/src/test/java/org/elasticsearch/snapshots/SharedClusterSnapshotRestoreIT.java","65","0","0","33","1552","1958","3"
"BroadleafCommerce","dbcdf4946af5063ae942909c65ff630f49b626a5","core/broadleaf-framework/src/main/java/org/broadleafcommerce/core/order/domain/BundleOrderItemImpl.java","65","0","0","38","415","502","0"
"elasticsearch","80d6539e9c810f0ac7b73b0df26916e8fa6366fc","test/framework/src/main/java/org/elasticsearch/transport/AbstractSimpleTransportTestCase.java","65","0","0","49","1545","1888","2"
"netty","39250873ae7c3d8c1017db11b1f715838f2688f3","transport/src/main/java/io/netty/channel/socket/aio/AioSocketChannel.java","65","0","0","9","476","622","0"
"hazelcast","ee487ab0afc82ccec0c923237e282daef9b91c39","hazelcast/src/main/java/com/hazelcast/query/Predicates.java","65","0","0","94","548","671","0"
"elasticsearch","b49635539d929d6cb5ee56153e2f95872fe4bb16","modules/lang-painless/src/main/java/org/elasticsearch/painless/node/EChain.java","65","0","1","1","232","317","1"
"elasticsearch","cde83e363aac2195c2dc0f81bbe348bcfe8b4152","modules/lang-painless/src/main/java/org/elasticsearch/painless/node/EChain.java","65","0","1","1","232","317","1"
"elasticsearch","1424f09c02927d9caada7f6ea45285b411d88d12","modules/lang-painless/src/main/java/org/elasticsearch/painless/node/EChain.java","65","0","1","1","232","317","0"
"elasticsearch","cf00acf5b048608e3d184cc5cc6876ef0af356fb","src/main/java/org/elasticsearch/action/admin/cluster/health/TransportClusterHealthAction.java","65","0","1","1","274","327","0"
"netty","ab925abc7db806ead57f8d9ea50ff322ce2ff891","codec-http2/src/main/java/io/netty/handler/codec/http2/DefaultHttp2ConnectionDecoder.java","65","0","1","11","476","648","0"
"netty","ead87b7df8d923417475ead2d7680747b1a72f07","codec-http2/src/main/java/io/netty/handler/codec/http2/DefaultHttp2ConnectionDecoder.java","65","0","1","11","501","698","2"
"netty","6e5b25733f49d2ea843a89b4d547b856142212ec","codec-http2/src/main/java/io/netty/handler/codec/http2/DefaultHttp2ConnectionDecoder.java","65","0","1","11","504","711","1"
"netty","2fd42cfc6b32dacb812c6f2ecef8522cd94718d4","codec-http2/src/main/java/io/netty/handler/codec/http2/DefaultHttp2ConnectionDecoder.java","65","0","1","11","504","712","1"
"elasticsearch","1557c34f2cafa3233b085f814d0e445b083a9644","src/main/java/org/elasticsearch/indices/recovery/RecoveryTarget.java","65","0","1","11","511","649","2"
"orientdb","0b098ecbb27731eae0d6bc55a5750b000a6b9777","core/src/main/java/com/orientechnologies/orient/core/sql/parser/OContainsCondition.java","65","0","1","15","203","242","0"
"BroadleafCommerce","4a2a31bbdfd448892118bc013765acf9581c263f","common/src/main/java/org/broadleafcommerce/common/extensibility/jpa/copy/DirectCopyClassTransformer.java","65","0","1","15","401","501","3"
"BroadleafCommerce","df1d13c99109dd815c7ebb991cb12010a2688fab","admin/broadleaf-open-admin-platform/src/main/java/org/broadleafcommerce/openadmin/server/service/AdminEntityServiceImpl.java","65","0","1","15","538","680","7"
"elasticsearch","598370b6c722f8b1f40b20b7fa5f21e3c0c0a85a","modules/elasticsearch/src/main/java/org/elasticsearch/cluster/metadata/MetaDataCreateIndexService.java","65","0","1","18","401","518","0"
"elasticsearch","1f050435b23e46cf15239457233691bb5a78e7f7","src/main/java/org/elasticsearch/cluster/metadata/MetaDataCreateIndexService.java","65","0","1","18","428","550","0"
"BroadleafCommerce","64ee9c754b4adff1e55416fdd70d45b35f42d991","core/broadleaf-framework/src/main/java/org/broadleafcommerce/core/search/service/solr/index/SolrIndexServiceImpl.java","65","0","1","20","547","779","2"
"BroadleafCommerce","1e8b29ba6d27d72811406cce7db53ed3fa903475","core/broadleaf-framework/src/main/java/org/broadleafcommerce/core/order/service/FulfillmentGroupServiceImpl.java","65","0","1","21","394","528","0"
"netty","f398f2f7b5bd40a78ca8ddf71cdbc5114c6b13a0","transport-native-epoll/src/main/java/io/netty/channel/epoll/EpollDatagramChannel.java","65","0","1","21","449","575","1"
"elasticsearch","075779a39754d0b680fe7739d042f4360ec59f70","src/test/java/org/elasticsearch/test/integration/search/facet/SimpleFacetsTests.java","65","0","1","23","1642","1977","0"
"elasticsearch","1441fec0687d9af1b3eb17a6cc7286bab495d01f","src/main/java/org/elasticsearch/index/search/nested/NestedFieldComparatorSource.java","65","0","1","3","311","396","2"
"elasticsearch","30d7b8de2fa043bdca3ca55026aa74f06d404a76","src/main/java/org/elasticsearch/index/search/nested/NestedFieldComparatorSource.java","65","0","1","3","316","402","0"
"elasticsearch","768bfb7d1dbcffb4ddcc9bc029dfd7c2e0a59932","core/src/main/java/org/elasticsearch/index/mapper/geo/GeoShapeFieldMapper.java","65","0","1","38","381","491","1"
"elasticsearch","5763b2468669896ce69b7f728626a8c844f4aba4","src/main/java/org/elasticsearch/search/fetch/FetchPhase.java","65","0","1","4","324","387","0"
"elasticsearch","4859ce5d79a786b58b1cd2fb131614677efd6b91","src/main/java/org/elasticsearch/search/fetch/FetchPhase.java","65","0","1","4","332","397","2"
"orientdb","b46e3bda32c6a8cafe318468003d72af8ae78534","graphdb/src/main/java/com/orientechnologies/orient/graph/sql/functions/OSQLFunctionAstar.java","65","0","1","5","297","382","0"
"elasticsearch","5bb75f9da308bb14f07596d41e396cf5cb3099b6","src/main/java/org/apache/lucene/queryparser/classic/QueryParserSettings.java","65","0","1","58","278","371","1"
"elasticsearch","10ec2e948a2f1426a5058ca3b2c2e39952f141d8","src/main/java/org/apache/lucene/queryparser/classic/QueryParserSettings.java","65","0","1","59","282","377","0"
"elasticsearch","927fda8a61a51f9d60c7776c0011a741b4313236","src/main/java/org/apache/lucene/queryparser/classic/QueryParserSettings.java","65","0","1","59","282","377","0"
"elasticsearch","fa16969360ea43667ad11f827bbf86718c18fcc6","src/main/java/org/apache/lucene/queryparser/classic/QueryParserSettings.java","65","0","1","59","282","377","1"
"MapDB","116cfc9f8ed8f8bcdcdac62cc297bf226a1328af","src/main/java/org/mapdb/SerializerPojo.java","65","0","1","8","481","677","0"
"ceylon-ide-eclipse","8ac72e61b5d1d52fe7c350f205f667a031f6ac2c","plugins/com.redhat.ceylon.eclipse.ui/src/com/redhat/ceylon/eclipse/code/editor/MarkOccurrencesAction.java","65","0","1","8","538","638","0"
"BroadleafCommerce","1dd60061fc382ac023db7b1cadb8cc011d44b829","core/broadleaf-framework/src/main/java/org/broadleafcommerce/core/catalog/domain/ProductImpl.java","65","0","1","97","863","1038","0"
"orientdb","64d1ee676696e33c489e1352c0d143945e292640","core/src/main/java/com/orientechnologies/orient/core/index/OCompositeIndexDefinition.java","65","0","14","12","393","591","0"
"elasticsearch","f308049a90b8e92b062491095cb3ea48e97f9d7e","src/main/java/org/elasticsearch/common/geo/builders/ShapeBuilder.java","65","0","15","3","421","714","3"
"elasticsearch","c297ca16680bef00d990270edd449c8c1c46be20","src/main/java/org/elasticsearch/common/geo/builders/ShapeBuilder.java","65","0","15","3","421","715","2"
"netty","9d4fae308c09a2c759dc67db765d311154c8d977","transport-native-epoll/src/main/java/io/netty/channel/epoll/EpollSocketChannelConfig.java","65","0","15","32","430","554","1"
"netty","3e5dcb5f3efbb26d5e6cf4cd229b03c285d62462","transport-native-epoll/src/main/java/io/netty/channel/epoll/EpollSocketChannelConfig.java","65","0","15","33","438","563","0"
"elasticsearch","149629fec657e9948488195087f30583cd561f11","core/src/main/java/org/elasticsearch/cluster/routing/IndexRoutingTable.java","65","0","16","17","356","534","0"
"elasticsearch","9569166f9431cafe322de6d1f96b7bfd6f50b798","src/main/java/org/elasticsearch/action/bulk/BulkRequest.java","65","0","19","13","368","517","1"
"hazelcast","60ee6ddac16452eeb9c4b3678eb6c5cd9daeafd0","hazelcast/src/test/java/com/hazelcast/impl/MapStoreTest.java","65","0","2","106","1436","1647","0"
"neo4j","c565fd94f62826af7e334282f0975a6f3d0e7f01","community/kernel/src/main/java/org/neo4j/kernel/impl/api/KernelTransactionImplementation.java","65","0","2","18","828","976","2"
"elasticsearch","384114f52f3de8803cb280b8fee9eab3a06009e8","src/main/java/org/elasticsearch/script/ScriptService.java","65","0","2","20","452","577","0"
"elasticsearch","9c9cd01854d4343b11314d58b82c00f1de335f8a","src/main/java/org/elasticsearch/script/ScriptService.java","65","0","2","24","467","596","3"
"elasticsearch","e458d4fd93136cfc42708d9311d05bee36f69321","src/test/java/org/elasticsearch/search/aggregations/bucket/DoubleTermsTests.java","65","0","2","32","751","974","0"
"elasticsearch","d64d0d6a97ae8dd70ba6018f97dd3c5fc10acd53","src/test/java/org/elasticsearch/search/aggregations/bucket/DoubleTermsTests.java","65","0","2","32","756","983","1"
"hazelcast","8c1573dc21c177edf74fd593c059bd8d4853f0d1","hazelcast/src/main/java/com/hazelcast/instance/Node.java","65","0","2","40","502","624","2"
"hazelcast","58c9b64c7088211ed21100ac0fbee73c8a63548e","hazelcast/src/main/java/com/hazelcast/instance/Node.java","65","0","2","40","509","631","1"
"hazelcast","5aa58b497cf248596c24b6e8ce3e05c35a87d498","hazelcast/src/main/java/com/hazelcast/instance/Node.java","65","0","2","40","509","631","1"
"hazelcast","69975a8df84795d2fbd45e45b1d169e13fcbf0b1","hazelcast/src/main/java/com/hazelcast/instance/Node.java","65","0","2","40","509","631","0"
"elasticsearch","e74d02138f02a66331b2611b5e70a908bb49cb97","core/src/test/java/org/elasticsearch/index/shard/IndexShardTests.java","65","0","2","43","1527","1789","0"
"orientdb","7a678522a2d83448543bc75d7360ac0857529727","core/src/main/java/com/orientechnologies/orient/core/sql/OCommandExecutorSQLInsert.java","65","0","2","6","299","415","1"
"orientdb","a56ae91e7d9f772da4288542cee900793c24e5e1","core/src/main/java/com/orientechnologies/orient/core/sql/OCommandExecutorSQLInsert.java","65","0","2","7","309","426","1"
"orientdb","33a29ad7f0318e206a1cfbb4c3960d98b429e9db","core/src/main/java/com/orientechnologies/orient/core/sql/OCommandExecutorSQLInsert.java","65","0","2","7","310","429","0"
"elasticsearch","cc9957fe0eff81b8e557534609b278e369c4ba33","src/main/java/org/elasticsearch/common/lucene/Lucene.java","65","0","22","21","576","781","0"
"elasticsearch","d65a9d63a2488ca70605f51a25e3f0ae0ed30ddc","src/main/java/org/elasticsearch/snapshots/RestoreService.java","65","0","25","2","499","821","1"
"elasticsearch","a506ba8602d5584e8174407a57b8dd5c318f58af","core/src/main/java/org/elasticsearch/common/settings/AbstractScopedSettings.java","65","0","26","1","373","618","1"
"hazelcast","98b900c6c84af0480e50224c2f8afa6ee81ad04a","hazelcast/src/test/java/com/hazelcast/impl/MapStoreTest.java","65","0","3","106","1458","1674","0"
"hazelcast","7e9aaf983ea251e7252a8ed8cd1ea0b00cad40cf","hazelcast-hibernate/hazelcast-hibernate3/src/main/java/com/hazelcast/hibernate/local/LocalRegionCache.java","65","0","3","12","324","427","1"
"elasticsearch","0a5323f4f7e2a12a16f4dc95f5b85edd52299571","plugins/lang-groovy/src/test/java/org/elasticsearch/messy/tests/HistogramTests.java","65","0","3","27","802","1004","0"
"elasticsearch","c597d8d56b67dc5c898f383b75ea9bc96b944b30","src/test/java/org/elasticsearch/search/aggregations/bucket/HistogramTests.java","65","0","3","27","816","1012","0"
"elasticsearch","db541d6fbe3daecec91bb7701aacfcd284662c2a","core/src/test/java/org/elasticsearch/search/aggregations/bucket/HistogramIT.java","65","0","3","27","821","1022","1"
"hazelcast","c36303b82de90b796ba8792591fa5c72f14e5e8e","hazelcast/src/main/java/com/hazelcast/cache/impl/AbstractCacheService.java","65","0","3","42","540","676","0"
"hazelcast","a18d0e135dc14ea3265896e288923cd1e61a4760","hazelcast/src/main/java/com/hazelcast/cache/impl/AbstractCacheService.java","65","0","3","45","586","722","0"
"hazelcast","67da348c4284c0dfeb548ad8c3b83f64d745f710","hazelcast/src/test/java/com/hazelcast/test/HazelcastTestSupport.java","65","0","3","78","649","805","1"
"hazelcast","c9145735e1b77145651752c833ce474b9e542791","hazelcast/src/main/java/com/hazelcast/config/ConfigXmlGenerator.java","65","0","4","0","505","626","0"
"netty","d2032254b7b29aca620223c672ffa244171898b5","transport/src/main/java/io/netty/channel/AbstractChannel.java","65","0","4","34","604","831","0"
"elasticsearch","2ffdd4468d8a2671a160278a3a94714e72347786","test/framework/src/main/java/org/elasticsearch/test/ESTestCase.java","65","0","44","45","864","1250","0"
"elasticsearch","cde83e363aac2195c2dc0f81bbe348bcfe8b4152","core/src/main/java/org/elasticsearch/script/ScriptService.java","65","0","5","13","532","720","1"
"elasticsearch","7fbd86aa97fabf6535f9b1ea3d79035ea4927f42","src/test/java/org/elasticsearch/search/aggregations/pipeline/moving/avg/MovAvgTests.java","65","0","5","15","857","1141","0"
"elasticsearch","0e6e6f97dcae2cd1ba1f08b65f07a99940de401f","src/main/java/org/elasticsearch/search/builder/SearchSourceBuilder.java","65","0","51","7","528","875","0"
"elasticsearch","a3122a88e4f4afd8e7a834c115f4f93064b71f99","src/main/java/org/elasticsearch/search/builder/SearchSourceBuilder.java","65","0","51","7","528","876","0"
"hazelcast","6545c690b616d41bf33e2d8e46c6dce930dc01c0","hazelcast/src/test/java/com/hazelcast/internal/nearcache/AbstractNearCacheBasicTest.java","65","0","59","0","664","1103","0"
"BroadleafCommerce","d349720f8da15998ca2d360cdeaef614f8244511","admin/broadleaf-admin-module/src/main/java/org/broadleafcommerce/admin/server/service/handler/SkuCustomPersistenceHandler.java","65","0","7","8","559","805","0"
"elasticsearch","467a459f95d8709379bf3e7f415644b246a89dba","core/src/main/java/org/elasticsearch/script/ScriptService.java","65","0","8","11","488","656","1"
"elasticsearch","821021f0e478ca44d828e62c139ea19f0fd7290a","core/src/main/java/org/elasticsearch/script/ScriptService.java","65","0","8","11","493","662","0"
"mcMMO","8dfa8c20f32e391c3d299abc51514a6601ed6e80","src/main/java/com/gmail/nossr50/listeners/EntityListener.java","65","0","8","2","258","384","1"
"elasticsearch","c5a9427293e4bfca16c3dc7eb9af07e12eff7160","test/framework/src/main/java/org/elasticsearch/test/AbstractQueryTestCase.java","65","0","8","6","779","1026","0"
"orientdb","bf684724948a42700600f83324ee6c04db7adc2c","core/src/main/java/com/orientechnologies/orient/core/record/impl/ODocument.java","652","0","55","36","2248","3078","1"
"orientdb","c3943915a7ca022d85b4aea72942208d7cf621c4","core/src/main/java/com/orientechnologies/orient/core/record/impl/ODocument.java","652","0","55","36","2248","3078","1"
"orientdb","ca587e2ff4d3eb79f5d137b04091ae1ba3995c5d","core/src/main/java/com/orientechnologies/orient/core/record/impl/ODocument.java","652","0","55","36","2248","3078","1"
"orientdb","e1a26bce426cc521e34d18e8994ec87673af8a38","core/src/main/java/com/orientechnologies/orient/core/record/impl/ODocument.java","652","0","55","36","2248","3078","2"
"orientdb","40eeb1f2dd529f467d5854913f0df623963a7038","core/src/main/java/com/orientechnologies/orient/core/record/impl/ODocument.java","652","0","55","36","2248","3078","0"
"ceylon-ide-eclipse","63d9bec060b71a0de75e7534d2bd61dda4744857","plugins/com.redhat.ceylon.eclipse.ui/src/com/redhat/ceylon/eclipse/code/correct/ObjectClassDefinitionGenerator.java","66","0","0","0","358","387","1"
"hazelcast","80b31b021525166fdb318b692f740b679b333bc5","hazelcast/src/main/java/com/hazelcast/spi/impl/operationservice/impl/OperationRunnerImpl.java","66","0","0","0","361","466","1"
"ceylon-ide-eclipse","6dc45ff3fafa8f0e59977c0291ddec7f97efaede","plugins/com.redhat.ceylon.eclipse.ui/src/com/redhat/ceylon/eclipse/code/search/CeylonSearchResultTreeContentProvider.java","66","0","0","0","365","413","1"
"hazelcast","0a0bb8ca3cf5d6f1762df8f950a774ec1a838e29","hazelcast/src/main/java/com/hazelcast/spi/impl/operationservice/impl/Invocation.java","66","0","0","0","462","635","2"
"hazelcast","a4035afdfc67b757940a15578bc51b4e7b6b0b13","hazelcast-client-new/src/main/java/com/hazelcast/client/cache/impl/AbstractClientInternalCacheProxy.java","66","0","0","0","561","671","0"
"mcMMO","d0b766a2d3058cc98ccffa9b1e4f30216813ed28","src/main/java/com/gmail/nossr50/database/FlatfileDatabaseManager.java","66","0","0","12","671","843","1"
"mcMMO","0cd0919447af59aab9f6d0aba112ffe077204296","src/main/java/com/gmail/nossr50/config/treasure/TreasureConfig.java","66","0","0","2","282","348","0"
"mcMMO","2f90e533a53b753e3306b75c778f1c9f893c29ee","src/main/java/com/gmail/nossr50/config/treasure/TreasureConfig.java","66","0","0","2","282","348","0"
"mcMMO","b8e937a2342a0a51ec1d27b4da5f17e6c2fa1618","src/main/java/com/gmail/nossr50/config/treasure/TreasureConfig.java","66","0","0","2","282","348","0"
"mcMMO","3365da7f8d35a2f9341a8f98e6a89f6836da581b","src/main/java/com/gmail/nossr50/config/treasure/TreasureConfig.java","66","0","0","2","282","348","1"
"BroadleafCommerce","532a30d167a65efa2860617336e58d7482ada881","core/broadleaf-framework/src/main/java/org/broadleafcommerce/core/order/service/OrderItemServiceImpl.java","66","0","0","23","501","621","0"
"elasticsearch","83366e7017ce31f7727b9a3e7878ef02cdc3a980","core/src/test/java/org/elasticsearch/snapshots/SharedClusterSnapshotRestoreIT.java","66","0","0","34","1565","1984","2"
"elasticsearch","89ac6a83f134365dcc3b7bdff5a3f14ddab6c2c5","core/src/test/java/org/elasticsearch/snapshots/SharedClusterSnapshotRestoreIT.java","66","0","0","34","1579","1998","1"
"elasticsearch","0e9186e1373b99e261d80317c836477b7cc31d66","test/framework/src/main/java/org/elasticsearch/transport/AbstractSimpleTransportTestCase.java","66","0","0","49","1559","1901","0"
"elasticsearch","567c65b0d57e92cd530dafa7f55de7ba681af13e","test/framework/src/main/java/org/elasticsearch/transport/AbstractSimpleTransportTestCase.java","66","0","0","49","1563","1905","2"
"elasticsearch","8a0a1140a9b816de826235c10ce59cf72d48797b","test/framework/src/main/java/org/elasticsearch/transport/AbstractSimpleTransportTestCase.java","66","0","0","51","1579","1936","1"
"hazelcast","ecaaec40f356936a3252c08a2bf6f4180fd3c81b","hazelcast-client/src/main/java/com/hazelcast/client/config/XmlClientConfigBuilder.java","66","0","0","8","288","335","0"
"elasticsearch","044b3d59cda609b6e3101bc24951f6c564b157f0","core/src/test/java/org/elasticsearch/cluster/routing/allocation/ClusterRebalanceRoutingTests.java","66","0","0","9","670","826","1"
"elasticsearch","3f06d9f3b8516bb30a2890a36c2973f08f9c6076","modules/lang-painless/src/main/java/org/elasticsearch/painless/node/EChain.java","66","0","1","1","235","321","0"
"hazelcast","00cb4cd5f8f59d49dfb5376e2ce013ff0918dd8f","hazelcast-client/src/main/java/com/hazelcast/client/connection/nio/ClientConnectionManagerImpl.java","66","0","1","10","554","662","1"
"elasticsearch","f41eccc7a50a3b09e4154513cf17dfb808f4ac90","src/main/java/org/elasticsearch/search/SearchService.java","66","0","1","14","585","691","0"
"elasticsearch","681239b41324cafc8eb211f781cacea74386f672","src/main/java/org/elasticsearch/search/SearchService.java","66","0","1","14","586","692","0"
"elasticsearch","c25de57d5d6e1ea1e3961f46c4b12b105f3f9fca","src/main/java/org/elasticsearch/index/analysis/StemmerTokenFilterFactory.java","66","0","1","2","147","176","1"
"titan","63cd447da2fac871c2528fcec575e19b10e7330b","src/main/java/com/thinkaurelius/faunus/formats/sequence/faunus01/FaunusVertex01.java","66","0","1","22","344","405","1"
"elasticsearch","90b547cf2c82b03fe42b9cce4ea878d81734228a","src/main/java/org/elasticsearch/index/mapper/internal/SourceFieldMapper.java","66","0","1","26","340","430","0"
"neo4j","7b2448cc0e0458ff28042a7b4980d28d6cb19758","community/kernel/src/main/java/org/neo4j/unsafe/batchinsert/BatchInserterImpl.java","66","0","1","27","1057","1217","0"
"elasticsearch","589360c8b1a46c1509c7e589f06124b91cb3dbaf","src/main/java/org/elasticsearch/index/mapper/internal/SourceFieldMapper.java","66","0","1","27","343","434","1"
"elasticsearch","f739abe89e89e999225b6e478ba530c344e8e946","src/main/java/org/elasticsearch/rest/action/bench/RestBenchAction.java","66","0","1","3","336","400","1"
"elasticsearch","67eba23b2da1a562594e766cbff5ea61195c6a63","src/main/java/org/elasticsearch/index/query/TermsFilterParser.java","66","0","1","4","258","311","0"
"hazelcast","ce13a7ad988af25a5535359aff36f931c3c0987e","hazelcast-client/src/main/java/com/hazelcast/client/proxy/ClientMapProxy.java","66","0","1","64","772","886","1"
"hazelcast","14abf8f6cf7891e659837da0e0dde65087f8fb44","hazelcast/src/main/java/com/hazelcast/map/impl/query/MapQueryEngineImpl.java","66","0","1","7","500","706","1"
"ceylon-ide-eclipse","5b4c3eac8a7c12c0125a77343e602b4e73083595","plugins/com.redhat.ceylon.eclipse.ui/src/com/redhat/ceylon/eclipse/code/editor/MarkOccurrencesAction.java","66","0","1","8","541","641","0"
"elasticsearch","8a0a1140a9b816de826235c10ce59cf72d48797b","core/src/main/java/org/elasticsearch/transport/TransportService.java","66","0","11","19","865","1164","1"
"elasticsearch","24e2847af277cca729760ac910f684fdcafe5f0c","core/src/main/java/org/elasticsearch/transport/TransportService.java","66","0","12","25","861","1160","0"
"elasticsearch","77095a3e970fee27e3285d294bf7888ce2b1b90e","core/src/main/java/org/elasticsearch/index/mapper/MapperService.java","66","0","13","18","463","627","3"
"elasticsearch","984b94e8b75f4c7f5a5e878548509a36bdeeec37","core/src/main/java/org/elasticsearch/index/mapper/MapperService.java","66","0","13","18","498","654","1"
"elasticsearch","f71c9a25a182f05a7b54f3b773921b763981c2a5","core/src/main/java/org/elasticsearch/index/mapper/MapperService.java","66","0","13","18","499","655","0"
"elasticsearch","3f18487afa4156c8418922256ed5583dfeafb716","core/src/main/java/org/elasticsearch/index/mapper/MapperService.java","66","0","15","16","465","638","4"
"elasticsearch","5f7b86306726c73d49176a75c59bf729a9b7e603","core/src/main/java/org/elasticsearch/index/mapper/MapperService.java","66","0","15","16","474","648","4"
"elasticsearch","b2b7506ace3d6c873807e23ca7212a1e7ef83ea7","src/main/java/org/elasticsearch/search/MultiValueMode.java","66","0","16","2","470","757","1"
"elasticsearch","a3f51544d51f8fc88595d40432e7bccb08a62930","src/main/java/org/elasticsearch/action/bulk/BulkRequest.java","66","0","18","13","371","518","1"
"elasticsearch","b18bfd6062f616da7443a7682f05eb8bbf598cee","core/src/main/java/org/elasticsearch/snapshots/SnapshotInfo.java","66","0","18","8","423","582","0"
"orientdb","136db63960bbf53514691bf5a0bb8361a5ea5361","server/src/main/java/com/orientechnologies/orient/server/handler/OAutomaticBackup.java","66","0","2","10","317","420","0"
"orientdb","2e9a3b26964469982ca5e0d9e0a57ba887d08db4","server/src/main/java/com/orientechnologies/orient/server/handler/OAutomaticBackup.java","66","0","2","10","317","420","0"
"orientdb","46bbcabde62c2b9e61ebaf45dc23f16d9dee7f02","server/src/main/java/com/orientechnologies/orient/server/handler/OAutomaticBackup.java","66","0","2","10","317","420","1"
"netty","9fb86a380d0b3d2082a0d97a217d221392177625","transport-native-epoll/src/main/java/io/netty/channel/epoll/EpollDatagramChannel.java","66","0","2","24","474","595","0"
"netty","f3dd4101425165496490f9c975ca2e556773c663","transport-native-epoll/src/main/java/io/netty/channel/epoll/EpollDatagramChannel.java","66","0","2","24","474","595","0"
"netty","6765e9f99db352a7f814e10d77338760432db155","transport-native-epoll/src/main/java/io/netty/channel/epoll/EpollDatagramChannel.java","66","0","2","24","474","595","1"
"hazelcast","c36c345a5ac9ff1d1b562a73eedbae4c70ba7bac","hazelcast/src/main/java/com/hazelcast/instance/Node.java","66","0","2","40","508","630","0"
"hazelcast","525c34cddd7f4e08d674611e177bab103e4d1881","hazelcast/src/main/java/com/hazelcast/impl/AbstractRecord.java","66","0","2","70","352","466","1"
"orientdb","9c6d3367e8791f056c3b2deb588dac164516b846","core/src/main/java/com/orientechnologies/orient/core/sql/OCommandExecutorSQLInsert.java","66","0","2","8","318","438","1"
"elasticsearch","31b63b1a84d9eb7a76f7b97d5bd2e964cf1214e8","src/main/java/org/elasticsearch/common/xcontent/XContentFactory.java","66","0","20","1","205","324","0"
"elasticsearch","ba3540675a5e6c24a57ba31490042c1cae22313f","core/src/main/java/org/elasticsearch/env/NodeEnvironment.java","66","0","20","8","532","785","2"
"elasticsearch","6fd893e10de078cd4acd597e8a4c1e494dddec5e","core/src/main/java/org/elasticsearch/env/NodeEnvironment.java","66","0","21","8","538","798","0"
"netty","227e67900e35f0d01fbf3f4aca86877aefa52d79","codec-http2/src/main/java/io/netty/handler/codec/http2/Http2ConnectionHandler.java","66","0","22","21","627","952","1"
"elasticsearch","52887b1437f1b17388f05a5df51718f6db23f1d2","core/src/main/java/org/elasticsearch/common/settings/AbstractScopedSettings.java","66","0","26","1","375","620","0"
"elasticsearch","12bb1b79f67620830b66e5eb7853d7d10eb7b62d","plugins/lang-groovy/src/test/java/org/elasticsearch/messy/tests/HistogramTests.java","66","0","3","28","829","1037","0"
"titan","ac746d5753151c1904efda645429fca6a9086231","titan-core/src/main/java/com/thinkaurelius/titan/graphdb/transaction/AbstractTitanTx.java","66","0","3","31","441","532","1"
"hazelcast","397829b87d791d17704b673573e66817486256b4","hazelcast/src/main/java/com/hazelcast/cache/impl/AbstractCacheService.java","66","0","3","42","543","680","1"
"hazelcast","36ca305d9eb6c519576aae53cb4110ffa2ce3857","hazelcast/src/main/java/com/hazelcast/cache/impl/AbstractCacheService.java","66","0","3","42","545","682","0"
"hazelcast","3084a2b6c7f8d928cb38abde92766db1f17520f9","hazelcast/src/main/java/com/hazelcast/map/impl/proxy/MapProxyImpl.java","66","0","3","60","575","693","1"
"hazelcast","078aa2e48923f02b25ba3fbb5590d8f444bb13cd","hazelcast/src/test/java/com/hazelcast/test/HazelcastTestSupport.java","66","0","3","78","655","812","1"
"titan","9b9d0857f6a2d36c4b9dc91d58bee6d5ae0d1bb1","titan-test/src/main/java/com/thinkaurelius/titan/graphdb/TitanGraphTest.java","66","0","4","19","930","1134","1"
"titan","6eec0ad79102e9d0d93c7753410965aec85c296a","titan-test/src/main/java/com/thinkaurelius/titan/graphdb/TitanGraphTest.java","66","0","4","19","938","1144","0"
"elasticsearch","01ca81e2a37c9cd38c6dc44ae567d427c059dbe0","src/main/java/org/elasticsearch/common/lucene/Lucene.java","66","0","4","21","326","403","0"
"hazelcast","267657223110ee9fc436f5496e078547d29c6e4c","hazelcast/src/test/java/com/hazelcast/map/query/QueryBasicTest.java","66","0","4","33","762","865","1"
"hazelcast","b4a438dba8b4a7151977395f9ca38c21de08cac2","hazelcast/src/test/java/com/hazelcast/map/query/QueryBasicTest.java","66","0","4","33","763","867","0"
"hazelcast","a9f3f619d6ef0ac7b765f6774d884002829449bd","hazelcast/src/test/java/com/hazelcast/map/query/QueryBasicTest.java","66","0","4","33","764","867","0"
"netty","15279b2525f694d1789ce06d74cf2d55a9a64e01","transport/src/main/java/io/netty/channel/AbstractChannel.java","66","0","4","34","604","837","0"
"hazelcast","32331b3c2b1548fd19542d1005a0c6d49a5a2a9c","hazelcast/src/test/java/com/hazelcast/map/query/QueryBasicTest.java","66","0","4","42","856","981","0"
"hazelcast","08872f0d67379a183ab344ddbe7f1688504b7c2e","hazelcast/src/test/java/com/hazelcast/map/query/QueryBasicTest.java","66","0","4","43","879","1014","2"
"hazelcast","bcf9ee598f194761dddbc03362c365bdbe1f96ab","hazelcast/src/test/java/com/hazelcast/map/query/QueryBasicTest.java","66","0","4","43","879","1014","1"
"hazelcast","9144e8128c3d271554f7230ee32e4d2e102fe811","hazelcast/src/test/java/com/hazelcast/map/query/QueryBasicTest.java","66","0","4","43","879","1014","0"
"hazelcast","9d90840d69aa3163c4f28fda88cb94a2db2bcebb","hazelcast/src/test/java/com/hazelcast/map/query/QueryBasicTest.java","66","0","4","43","880","1016","0"
"elasticsearch","3202af0dc15835f3980a3c357dbdfd14d45c129a","modules/elasticsearch/src/main/java/org/elasticsearch/cluster/node/DiscoveryNodes.java","66","0","4","51","392","502","0"
"hazelcast","86dbd8bd23c2e130470eeb916865d37be5211736","hazelcast/src/test/java/com/hazelcast/map/query/QueryBasicTest.java","66","0","4","51","853","980","0"
"elasticsearch","6174e21f47244b6d5153d7d0cc1fe28fe863399d","core/src/main/java/org/elasticsearch/script/ScriptService.java","66","0","5","14","556","750","1"
"BroadleafCommerce","906cfbdfbd7f9742236231b6f14e9cbbdf4ef890","admin/broadleaf-contentmanagement-module/src/main/java/org/broadleafcommerce/cms/structure/service/StructuredContentServiceImpl.java","66","0","5","18","404","557","0"
"elasticsearch","b2a333269834ecb4c9336452ef8f7086f1c70db2","src/main/java/org/elasticsearch/search/facet/termsstats/TermsStatsFacet.java","66","0","5","22","268","365","0"
"neo4j","3ec0e927cb481a29815bc3237d2e53fd7cadd271","community/kernel/src/main/java/org/neo4j/kernel/impl/api/index/IndexingService.java","66","0","5","28","707","885","0"
"elasticsearch","68046b64c26384a53e65a4afae5987ebb3e87c9d","src/main/java/org/elasticsearch/cluster/routing/RoutingTable.java","66","0","5","30","331","459","1"
"elasticsearch","7ab0e2c5321c802068d85c0fa3a0f44e0b02c5a4","core/src/main/java/org/elasticsearch/search/builder/SearchSourceBuilder.java","66","0","51","7","500","842","3"
"elasticsearch","3aed047bdedde1bda189cbfc2f81e65af42e57c5","core/src/main/java/org/elasticsearch/script/ScriptService.java","66","0","6","14","559","758","0"
"elasticsearch","c32de1f72b8f1131daf710a2144be31c55cb4f93","core/src/test/java/org/elasticsearch/index/store/CorruptedFileIT.java","66","0","6","2","569","694","1"
"elasticsearch","0a69f1e283e26e5d9e6a000b68b9f4778de557a1","core/src/test/java/org/elasticsearch/index/store/CorruptedFileIT.java","66","0","6","2","572","696","2"
"elasticsearch","75cedca0dab933bb6d1679fbddea2d09122d13c9","core/src/test/java/org/elasticsearch/index/store/CorruptedFileIT.java","66","0","6","2","575","700","2"
"elasticsearch","149629fec657e9948488195087f30583cd561f11","core/src/test/java/org/elasticsearch/index/store/CorruptedFileIT.java","66","0","6","2","575","710","0"
"elasticsearch","2ed1f7a3390420835f9b270d20c5d512ba197827","core/src/test/java/org/elasticsearch/index/store/CorruptedFileIT.java","66","0","6","2","580","715","1"
"elasticsearch","ba875c3b47948489b37a0d9067ea2c24a12d5ec5","src/main/java/org/elasticsearch/index/snapshots/blobstore/BlobStoreIndexShardRepository.java","66","0","7","4","500","761","1"
"MapDB","72649e80593c3f1fa476c951397a2c9dca467a9c","src/main/java/org/mapdb/DBMaker.java","66","0","72","12","700","1462","1"
"elasticsearch","103984a4a16af1c12f03c631ff449a7948dde713","core/src/main/java/org/elasticsearch/transport/TransportService.java","66","0","8","18","827","1099","2"
"elasticsearch","c90ba67abb2e8b6ac8e5de9d5ea4a344b7af6107","core/src/main/java/org/elasticsearch/transport/TransportService.java","66","0","8","18","829","1101","2"
"elasticsearch","f27cb07eb9507e9b1c0a9da0410dfdb0ab3faca7","src/main/java/org/elasticsearch/script/ScriptService.java","66","0","8","8","476","618","1"
"orientdb","d379ae76063a5910ad7c709b45201bae3ec93289","server/src/main/java/com/orientechnologies/orient/server/OClientConnectionManager.java","66","0","9","11","345","504","1"
"orientdb","49a91931a74e848e49cfd09f1895a76917b25392","core/src/main/java/com/orientechnologies/orient/core/record/impl/ODocument.java","663","0","55","41","2269","3105","2"
"orientdb","136db63960bbf53514691bf5a0bb8361a5ea5361","core/src/main/java/com/orientechnologies/orient/core/record/impl/ODocument.java","663","0","55","41","2301","3159","0"
"orientdb","3b9707f32f04686e5bcd706b2b0217f95d22804c","core/src/main/java/com/orientechnologies/orient/core/record/impl/ODocument.java","664","0","55","41","2269","3105","1"
"orientdb","21782c5e1ceb5c660085703fd6a4779105d85c60","core/src/main/java/com/orientechnologies/orient/core/record/impl/ODocument.java","666","0","55","41","2271","3108","0"
"ceylon-ide-eclipse","94ca9e5ab2b600573af01e37a2eee90658f5fb21","plugins/com.redhat.ceylon.eclipse.ui/src/com/redhat/ceylon/eclipse/core/builder/CeylonBuilder.java","667","0","5","93","3468","4116","0"
"ceylon-ide-eclipse","4433bfc37315967247e145d5462030e29d6d054b","plugins/com.redhat.ceylon.eclipse.ui/src/com/redhat/ceylon/eclipse/core/builder/CeylonBuilder.java","667","0","5","93","3486","4135","2"
"orientdb","46bbcabde62c2b9e61ebaf45dc23f16d9dee7f02","core/src/main/java/com/orientechnologies/orient/core/record/impl/ODocument.java","667","0","55","41","2311","3169","1"
"orientdb","f20227c60791db9798df8f3aea6fb27a0ec5b13c","core/src/main/java/com/orientechnologies/orient/core/record/impl/ODocument.java","667","0","55","41","2311","3169","1"
"orientdb","9e4eeb21fbc2bd2d6862cec30e0bf000a318fbc3","core/src/main/java/com/orientechnologies/orient/core/record/impl/ODocument.java","667","0","55","41","2311","3169","0"
"ceylon-ide-eclipse","3dfa3f4c73472c9684a6a864d213fc7d345345d7","plugins/com.redhat.ceylon.eclipse.ui/src/com/redhat/ceylon/eclipse/core/builder/CeylonBuilder.java","669","0","9","84","3564","4354","1"
"hazelcast","78ae1a75208f6777bfb81fd68b2d62b446f83759","hazelcast-hibernate/hazelcast-hibernate4/src/main/java/com/hazelcast/hibernate/local/LocalRegionCache.java","67","0","0","0","334","437","0"
"Android-Universal-Image-Loader","cbd27ea0437031f48d07bd21f3a3f67ca05ff223","library/src/com/nostra13/universalimageloader/core/LoadAndDisplayImageTask.java","67","0","0","0","348","434","1"
"Android-Universal-Image-Loader","b6e2d132d33da62bc72a27f91c76adcf7d5f3db9","library/src/com/nostra13/universalimageloader/core/LoadAndDisplayImageTask.java","67","0","0","0","373","477","1"
"ceylon-ide-eclipse","ae5d99e4207875067f60b5c2c6c46dcb361dd031","plugins/com.redhat.ceylon.eclipse.ui/src/com/redhat/ceylon/eclipse/code/correct/ObjectClassDefinitionGenerator.java","67","0","0","0","377","412","0"
"hazelcast","53ac704622b1288dce7f6ad9594178b7b0108e33","hazelcast-client/src/main/java/com/hazelcast/client/cache/impl/AbstractClientInternalCacheProxy.java","67","0","0","0","581","707","3"
"hazelcast","867311c53f89ad6e665ffe4087b11a1bf02ce983","hazelcast-client/src/main/java/com/hazelcast/client/cache/impl/AbstractClientInternalCacheProxy.java","67","0","0","0","583","709","2"
"hazelcast","83504ab6376beba2d569ea38dc59529a2f97fb4f","hazelcast-client/src/main/java/com/hazelcast/client/cache/impl/AbstractClientInternalCacheProxy.java","67","0","0","0","585","713","0"
"neo4j","cd0275128c4f352086eda4f6c07afac2a812bc9a","community/kernel/src/test/java/org/neo4j/kernel/impl/store/NeoStoresTest.java","67","0","0","19","1236","1393","2"
"hazelcast","93f8e96cc45142ba8325dc6df92a567d87080ff0","hazelcast-client/src/main/java/com/hazelcast/client/connection/nio/ClientConnectionManagerImpl.java","67","0","0","19","553","642","3"
"hazelcast","c7896a0ea1ea935926828bca84ee4ed454e3520d","hazelcast-client/src/main/java/com/hazelcast/client/connection/nio/ClientConnectionManagerImpl.java","67","0","0","19","553","642","3"
"hazelcast","3af9ba9f8b531b6e3d8f370fcf5d24e6f134551b","hazelcast-client/src/main/java/com/hazelcast/client/connection/nio/ClientConnectionManagerImpl.java","67","0","0","19","553","642","0"
"ceylon-ide-eclipse","b4104097d154fd5dcada3d4c923ee2392f135aaf","plugins/com.redhat.ceylon.eclipse.ui/src/com/redhat/ceylon/eclipse/code/refactor/RenameRefactoring.java","67","0","0","19","573","634","1"
"ceylon-ide-eclipse","cbb7601a6521902ad5a650da7c77c878d6fcef4b","plugins/com.redhat.ceylon.eclipse.ui/src/com/redhat/ceylon/eclipse/code/refactor/RenameRefactoring.java","67","0","0","19","574","635","0"
"ceylon-ide-eclipse","30182b99c0069b3ce8fc1b5216010511ab1ee78f","plugins/com.redhat.ceylon.eclipse.ui/src/com/redhat/ceylon/eclipse/util/FindReferencesVisitor.java","67","0","0","20","310","345","1"
"ceylon-ide-eclipse","2befbdc0e199381878803baeba1212fafadb1a93","plugins/com.redhat.ceylon.eclipse.ui/src/com/redhat/ceylon/eclipse/core/model/mirror/JDTMethod.java","67","0","0","23","423","509","1"
"hazelcast","31b0f8103dabb664ad08cbe91435b4de770181a1","hazelcast/src/main/java/com/hazelcast/nio/TcpIpConnectionManager.java","67","0","0","23","478","576","0"
"ceylon-ide-eclipse","9246f17c3b54ec84ed4df260ccda7c91159d86e4","plugins/com.redhat.ceylon.eclipse.ui/src/com/redhat/ceylon/eclipse/core/model/mirror/JDTMethod.java","67","0","0","24","426","513","0"
"ceylon-ide-eclipse","5112f1988917ecabff9d548d5729b7736020d317","plugins/com.redhat.ceylon.eclipse.ui/src/com/redhat/ceylon/eclipse/core/model/mirror/JDTMethod.java","67","0","0","24","426","513","0"
"ceylon-ide-eclipse","a580bfe353e425253eab79f1889b2ca5bba84ed4","plugins/com.redhat.ceylon.eclipse.ui/src/com/redhat/ceylon/eclipse/core/model/mirror/JDTMethod.java","67","0","0","24","426","513","1"
"ceylon-ide-eclipse","d6a575575553f0caa2d6f5da2596e238d68b4961","plugins/com.redhat.ceylon.eclipse.ui/src/com/redhat/ceylon/eclipse/core/model/mirror/JDTMethod.java","67","0","0","26","439","530","1"
"ceylon-ide-eclipse","a5f42e6f3664109736e0ef0f47f6a1a349deb289","plugins/com.redhat.ceylon.eclipse.ui/src/com/redhat/ceylon/eclipse/core/model/mirror/JDTMethod.java","67","0","0","26","441","531","0"
"ceylon-ide-eclipse","dbecd84c6eac2a4c9ebdf8a84e923387b35c1144","plugins/com.redhat.ceylon.eclipse.ui/src/com/redhat/ceylon/eclipse/core/model/mirror/JDTMethod.java","67","0","0","27","441","531","1"
"hazelcast","13a14f3092ea0f0b02b0f5abd157a1f837e10285","hazelcast/src/main/java/com/hazelcast/nio/tcp/TcpIpConnectionManager.java","67","0","0","28","553","670","1"
"hazelcast","e914277fc41124d8b178c218e3ff76938f695cb0","hazelcast/src/main/java/com/hazelcast/nio/tcp/TcpIpConnectionManager.java","67","0","0","28","553","670","1"
"hazelcast","f4c628c6cba9dc06d8aa2c9b1675df2cda0b5e60","hazelcast/src/main/java/com/hazelcast/nio/tcp/TcpIpConnectionManager.java","67","0","0","28","553","670","1"
"hazelcast","ea6d0a24cffcf9b8a0333539b95f17c4004d8d71","hazelcast/src/main/java/com/hazelcast/nio/tcp/TcpIpConnectionManager.java","67","0","0","28","553","670","0"
"orientdb","4c2fbc07f83b8b4972d1a0ea3bfe14ae9f685f42","core/src/main/java/com/orientechnologies/orient/core/db/record/ridbag/embedded/OEmbeddedRidBag.java","67","0","0","30","422","552","0"
"elasticsearch","5fd96d9371f68645ac6ec2ec17c0faeaa21610a8","src/main/java/org/elasticsearch/index/mapper/core/DateFieldMapper.java","67","0","0","31","465","555","1"
"elasticsearch","24e2847af277cca729760ac910f684fdcafe5f0c","test/framework/src/main/java/org/elasticsearch/transport/AbstractSimpleTransportTestCase.java","67","0","0","52","1626","2001","0"
"hazelcast","7c96b91d207089d50c8bef84545c81ff1161444b","hazelcast/src/test/java/com/hazelcast/impl/MapStoreTest.java","67","0","0","86","1355","1543","1"
"elasticsearch","342a32fb165df369802bd35be3bf614af42ff6ff","src/main/java/org/elasticsearch/action/search/type/TransportSearchTypeAction.java","67","0","1","1","371","475","0"
"elasticsearch","28ae4d63937f64d4d70c3646191b06f8f303f0a5","src/main/java/org/elasticsearch/search/SearchService.java","67","0","1","14","591","698","0"
"elasticsearch","ae69e7c472c4976c79419f27437ca06fbb7e3460","src/main/java/org/elasticsearch/cluster/metadata/MetaDataCreateIndexService.java","67","0","1","18","431","554","0"
"BroadleafCommerce","66b90df8e1d48dea727d19decebcf0b65113f2f1","core/broadleaf-framework/src/main/java/org/broadleafcommerce/core/search/service/solr/index/SolrIndexServiceImpl.java","67","0","1","20","556","803","4"
"BroadleafCommerce","1483d703ef54771b546489312d66e7112e4a951a","core/broadleaf-framework/src/main/java/org/broadleafcommerce/core/search/service/solr/index/SolrIndexServiceImpl.java","67","0","1","20","563","792","1"
"BroadleafCommerce","4fc0930fc80313e16ae4ad80cc6c0c8dd1390b2e","admin/broadleaf-open-admin-platform/src/main/java/org/broadleafcommerce/openadmin/server/service/persistence/PersistenceManagerImpl.java","67","0","1","28","442","546","2"
"elasticsearch","af4205fd30b0f15c4d9b3c72e7e44bf5803c099b","src/main/java/org/elasticsearch/index/query/QueryStringQueryParser.java","67","0","1","3","188","229","1"
"elasticsearch","d3ed795372e1d29455fdd63e0e913e42f210ee0a","src/main/java/org/elasticsearch/cluster/metadata/MetaDataCreateIndexService.java","67","0","1","3","395","490","1"
"elasticsearch","b2b7506ace3d6c873807e23ca7212a1e7ef83ea7","src/main/java/org/elasticsearch/search/fetch/FetchPhase.java","67","0","1","4","341","408","1"
"elasticsearch","ccf548295605bc1248453e6b45b095e72b97b44a","src/main/java/org/elasticsearch/search/fetch/FetchPhase.java","67","0","1","4","342","409","1"
"elasticsearch","4fea56ceadbbd042774a89dbdf94c16a4a33df4c","core/src/main/java/org/elasticsearch/cluster/metadata/MetaDataCreateIndexService.java","67","0","1","4","396","491","1"
"elasticsearch","0a69f1e283e26e5d9e6a000b68b9f4778de557a1","core/src/main/java/org/elasticsearch/cluster/metadata/MetaDataCreateIndexService.java","67","0","1","4","397","491","2"
"elasticsearch","6941966b1654106ed9249cd01c32bfa2e06b452f","core/src/main/java/org/elasticsearch/cluster/metadata/MetaDataCreateIndexService.java","67","0","1","4","399","494","0"
"elasticsearch","ace83d9d2a97cfe8a8aa9bdd7b46ce71713fb494","core/src/main/java/org/elasticsearch/cluster/metadata/MetaDataCreateIndexService.java","67","0","1","4","400","495","0"
"elasticsearch","5a64f08f048461a63a0ca1354a5050c954e63d52","core/src/main/java/org/elasticsearch/cluster/metadata/MetaDataCreateIndexService.java","67","0","1","4","401","496","0"
"neo4j","c4b73f41c621dadf3c18b9f1bb9785f69932d05f","community/kernel/src/main/java/org/neo4j/kernel/impl/store/PropertyStore.java","67","0","1","41","633","761","1"
"neo4j","3ba4c3eb9ac99cd80673b361aec957e934853e90","community/kernel/src/main/java/org/neo4j/kernel/impl/store/PropertyStore.java","67","0","1","42","633","761","0"
"hazelcast","6c0c74c7ff0e86e90293decc32fd1a7cfe98d13d","hazelcast-client/src/main/java/com/hazelcast/client/proxy/ClientMapProxy.java","67","0","1","64","792","909","1"
"orientdb","7a678522a2d83448543bc75d7360ac0857529727","distributed/src/main/java/com/orientechnologies/orient/server/hazelcast/OHazelcastDistributedDatabase.java","67","0","1","7","372","527","0"
"orientdb","50bb0365603295268745639338630da96d9c93fc","distributed/src/main/java/com/orientechnologies/orient/server/hazelcast/OHazelcastDistributedDatabase.java","67","0","1","7","373","528","0"
"hazelcast","56f60a8149b77f3523ad92b00e6e9a04fef49f79","hazelcast/src/main/java/com/hazelcast/impl/AbstractRecord.java","67","0","1","72","360","462","1"
"hazelcast","9ca61a7f33b7f9ba97d4091f5a051d8611b7d4c8","hazelcast/src/main/java/com/hazelcast/impl/AbstractRecord.java","67","0","1","72","362","465","0"
"MapDB","970b748e50b939d1bede6ee9c670cf2896911bb8","src/main/java/org/mapdb/SerializerPojo.java","67","0","1","8","448","639","0"
"elasticsearch","0e9186e1373b99e261d80317c836477b7cc31d66","core/src/main/java/org/elasticsearch/transport/TransportService.java","67","0","10","18","854","1139","0"
"elasticsearch","95f56d71bd6ecb19c0e6276e2dc4c51fad18ec15","core/src/test/java/org/elasticsearch/discovery/DiscoveryWithServiceDisruptionsTests.java","67","0","12","3","769","1092","1"
"elasticsearch","13a347239a48d71486692a72c066e940dec8921b","core/src/test/java/org/elasticsearch/discovery/DiscoveryWithServiceDisruptionsIT.java","67","0","12","5","806","1136","4"
"elasticsearch","6f2c36dcb709f2907ffe79bc4907c88e3f343a66","core/src/main/java/org/elasticsearch/index/mapper/MapperService.java","67","0","13","18","463","626","4"
"elasticsearch","a6bbf73065b7ede0ac09841a8f08ab055feb86f6","core/src/test/java/org/elasticsearch/common/cache/CacheTests.java","67","0","14","6","463","632","1"
"elasticsearch","a805cef045eca2ad0bdcf28b50105e01697bdf48","src/main/java/org/elasticsearch/action/bulk/BulkRequest.java","67","0","18","13","371","518","0"
"elasticsearch","dfdf269a3f3f72fdfece7614975d6c596df68f0d","src/main/java/org/elasticsearch/action/bulk/BulkRequest.java","67","0","19","13","376","525","0"
"elasticsearch","56cc87b7ccd41040d8fafcaf2da3680d96d10839","core/src/main/java/org/elasticsearch/cluster/routing/IndexRoutingTable.java","67","0","19","16","369","568","0"
"elasticsearch","b665d8a18752aa3000c1a451472f5dec040eedcf","modules/lang-painless/src/main/java/org/elasticsearch/painless/node/EChain.java","67","0","2","1","255","388","1"
"elasticsearch","a5f90dd2f1ab6241890413ec9ecf5adac28c6542","modules/lang-painless/src/main/java/org/elasticsearch/painless/node/EChain.java","67","0","2","1","256","389","0"
"orientdb","15dc8473b9b17f73e80f8ccef061559cff344379","server/src/main/java/com/orientechnologies/orient/server/handler/OAutomaticBackup.java","67","0","2","10","322","426","0"
"elasticsearch","62cc54a7c8b3072a857cc2cc466d83c151453a5e","src/main/java/org/elasticsearch/index/mapper/attachment/AttachmentMapper.java","67","0","2","22","333","479","8"
"BroadleafCommerce","c8bcd99e2ed402846cc6ff5053b46d591768fed6","core/broadleaf-framework/src/main/java/org/broadleafcommerce/core/order/domain/DiscreteOrderItemImpl.java","67","0","2","35","437","545","2"
"elasticsearch","e458d4fd93136cfc42708d9311d05bee36f69321","src/test/java/org/elasticsearch/search/aggregations/bucket/StringTermsTests.java","67","0","2","36","898","1149","0"
"elasticsearch","d64d0d6a97ae8dd70ba6018f97dd3c5fc10acd53","src/test/java/org/elasticsearch/search/aggregations/bucket/StringTermsTests.java","67","0","2","36","903","1158","1"
"hazelcast","217cb3896cbefcb9639ba6b6efc873c6b8ccc2e8","hazelcast/src/test/java/com/hazelcast/core/TransactionTest.java","67","0","2","56","1136","1272","1"
"hazelcast","82fcc4c7c87097d1719bb56112aec0fafdb6bc0e","hazelcast/src/main/java/com/hazelcast/impl/AbstractRecord.java","67","0","2","71","360","475","0"
"elasticsearch","92f132aede05533636f2874f8a7b86f09ba806b3","src/test/java/org/elasticsearch/search/highlight/HighlighterSearchTests.java","67","0","2","73","2107","2698","1"
"elasticsearch","16e350b2668d23041fa6882367b45dee7d90a336","src/test/java/org/elasticsearch/search/highlight/HighlighterSearchTests.java","67","0","2","73","2113","2704","0"
"orientdb","2ee3b61558840a5368bca7909740f1b6b1cce1b3","core/src/main/java/com/orientechnologies/orient/core/storage/fs/OAbstractFile.java","67","0","24","23","572","858","1"
"elasticsearch","9809760eb0658d9918c6f4aa5b15606c6e857fb3","core/src/main/java/org/elasticsearch/common/settings/Setting.java","67","0","29","61","710","1081","0"
"hazelcast","78ae1a75208f6777bfb81fd68b2d62b446f83759","hazelcast-hibernate/hazelcast-hibernate3/src/main/java/com/hazelcast/hibernate/local/LocalRegionCache.java","67","0","3","12","334","437","0"
"orientdb","36fe694c8f3e92babf28edcd4aeda4d4ec08e667","etl/src/main/java/com/orientechnologies/orient/etl/OETLProcessor.java","67","0","3","19","478","652","1"
"hazelcast","d070f1256c8c7fa823e6463487462826384ee1df","hazelcast/src/main/java/com/hazelcast/cache/impl/AbstractCacheService.java","67","0","3","42","554","692","0"
"hazelcast","078c7e99b3b3d740e6e20c23fcdb0956b3b43c23","hazelcast/src/main/java/com/hazelcast/cache/impl/AbstractCacheService.java","67","0","3","43","572","709","0"
"hazelcast","0a1bcb70073bdaeb21bc5d81877b254c0b5c18c3","hazelcast/src/main/java/com/hazelcast/cache/impl/AbstractCacheService.java","67","0","3","44","578","716","1"
"netty","e6ca9882a107c34cf6358c8d7a68561025f06016","common/src/main/java/io/netty/util/ByteString.java","67","0","30","23","425","717","1"
"elasticsearch","371c73e14023917f3892090d2d3d7ff9ac1216b9","core/src/main/java/org/elasticsearch/index/query/MatchQueryBuilder.java","67","0","32","3","440","641","3"
"elasticsearch","78574d248cf10dad1c5a566fda79e1e0c94afe43","core/src/main/java/org/elasticsearch/index/query/MatchQueryBuilder.java","67","0","32","3","440","641","2"
"elasticsearch","e6aaaf11ed4a1b8f595f920de1840938eddb7a97","core/src/main/java/org/elasticsearch/index/query/MatchQueryBuilder.java","67","0","32","3","440","641","2"
"elasticsearch","a60b8948ba1d836a6eac7cff095519e618939ed8","core/src/main/java/org/elasticsearch/index/query/MatchQueryBuilder.java","67","0","32","3","440","641","0"
"elasticsearch","7d8726a5e81ba5c3d42182ffdb6b1d413a025b9f","modules/elasticsearch/src/main/java/org/elasticsearch/cluster/routing/allocation/ShardsAllocation.java","67","0","4","3","323","458","0"
"netty","8178322c5cc81a4f496a5a493a7adf27d7e31540","transport/src/main/java/io/netty/channel/AbstractChannel.java","67","0","4","34","604","840","0"
"netty","6278d88d2f46e5facebc805b1dc0cd015eaf35b9","transport/src/main/java/io/netty/channel/AbstractChannel.java","67","0","4","34","608","846","1"
"netty","81612f8e9bc02bdb1bac6f1d6bd4d221668bb559","transport/src/main/java/io/netty/channel/AbstractChannel.java","67","0","4","34","609","846","0"
"hazelcast","df1444e93547fff475fad09eecb54bffe0115b77","hazelcast/src/main/java/com/hazelcast/impl/AbstractRecord.java","67","0","4","69","367","473","1"
"neo4j","530cd9dd6f2874f7121a6905d6d7ad1a6b42f376","community/kernel/src/main/java/org/neo4j/kernel/impl/api/StateHandlingStatementOperations.java","67","0","5","116","1357","1586","3"
"neo4j","13e3d20860f871d1c13c10429f2d4d31d6180c8b","community/kernel/src/main/java/org/neo4j/kernel/impl/api/StateHandlingStatementOperations.java","67","0","5","116","1360","1589","1"
"elasticsearch","371c73e14023917f3892090d2d3d7ff9ac1216b9","core/src/main/java/org/elasticsearch/script/ScriptService.java","67","0","5","13","535","725","3"
"elasticsearch","78574d248cf10dad1c5a566fda79e1e0c94afe43","core/src/main/java/org/elasticsearch/script/ScriptService.java","67","0","5","13","535","725","2"
"elasticsearch","e6aaaf11ed4a1b8f595f920de1840938eddb7a97","core/src/main/java/org/elasticsearch/script/ScriptService.java","67","0","5","13","535","725","2"
"elasticsearch","3f06d9f3b8516bb30a2890a36c2973f08f9c6076","core/src/main/java/org/elasticsearch/script/ScriptService.java","67","0","5","13","535","725","0"
"elasticsearch","a60b8948ba1d836a6eac7cff095519e618939ed8","core/src/main/java/org/elasticsearch/script/ScriptService.java","67","0","5","13","535","725","0"
"ceylon-ide-eclipse","e8316113b70ee874f8f2adc444f3b13969659b1c","plugins/com.redhat.ceylon.eclipse.ui/src/com/redhat/ceylon/eclipse/core/model/JDTModuleManager.java","67","0","5","18","393","496","0"
"ceylon-ide-eclipse","ef986a9505e1195d4fd0d7ec60cf9893d1adc1c3","plugins/com.redhat.ceylon.eclipse.ui/src/com/redhat/ceylon/eclipse/core/model/JDTModuleManager.java","67","0","5","18","397","505","0"
"elasticsearch","3c9c9f33e2869d801026a966e22cb39ff380db8d","src/main/java/org/elasticsearch/index/mapper/core/CompletionFieldMapper.java","67","0","5","26","418","515","1"
"netty","2bb114bcb72f467cfa3ac730493ef2270193dffa","transport/src/main/java/io/netty/channel/AbstractChannel.java","67","0","5","30","582","745","0"
"elasticsearch","e530f03b9445e98728b5fbf203c57ab774928ff3","src/main/java/org/elasticsearch/cluster/routing/allocation/AllocationService.java","67","0","5","4","338","494","0"
"elasticsearch","a7bb3c29f242af0ac929e0a756de8b28f711a628","src/main/java/org/elasticsearch/cluster/routing/allocation/AllocationService.java","67","0","5","4","342","504","0"
"orientdb","9bdd162585b56e86b180227805d33351ec66fcfa","core/src/main/java/com/orientechnologies/orient/core/storage/fs/OFileClassic.java","67","0","7","25","696","876","1"
"orientdb","cc0a317b054f936099eb2628cc720148b99d219a","core/src/main/java/com/orientechnologies/orient/core/storage/fs/OFileClassic.java","67","0","7","26","710","893","0"
"elasticsearch","a0206acbc6ae2972b9673d64a9c2bfefe0afa912","src/main/java/org/elasticsearch/index/snapshots/blobstore/BlobStoreIndexShardRepository.java","67","0","7","4","525","790","0"
"MapDB","00a8930ff0dbd0cf3cc9520013037706899b867d","src/main/java/org/mapdb/DBMaker.java","67","0","73","12","712","1489","0"
"elasticsearch","7ad409d5aadc90117ae93795dee850634005f441","core/src/main/java/org/elasticsearch/transport/TransportService.java","67","0","8","19","831","1103","3"
"elasticsearch","d8808210f14c8f340e79bc3426bb7ed34f65ef10","core/src/main/java/org/elasticsearch/transport/TransportService.java","67","0","8","19","833","1105","2"
"orientdb","0fc58500e975f744c7028d4033a789c947e7bb8b","server/src/main/java/com/orientechnologies/orient/server/OClientConnectionManager.java","67","0","9","11","345","504","0"
"ceylon-ide-eclipse","449c502608b553d8bddc3171e1b9b50438245765","plugins/com.redhat.ceylon.eclipse.ui/src/com/redhat/ceylon/eclipse/core/builder/CeylonBuilder.java","670","0","5","93","3495","4144","1"
"ceylon-ide-eclipse","b29e09979b3f8974d3d8e1f50176f814a43f53f4","plugins/com.redhat.ceylon.eclipse.ui/src/com/redhat/ceylon/eclipse/core/builder/CeylonBuilder.java","670","0","9","84","3567","4357","1"
"ceylon-ide-eclipse","008f3e9132dcf83bee214182187438276373c8d0","plugins/com.redhat.ceylon.eclipse.ui/src/com/redhat/ceylon/eclipse/core/builder/CeylonBuilder.java","671","0","5","93","3499","4150","0"
"ceylon-ide-eclipse","9baf7148e1b79457774c428151b7b84d1c031d6d","plugins/com.redhat.ceylon.eclipse.ui/src/com/redhat/ceylon/eclipse/core/builder/CeylonBuilder.java","671","0","5","93","3500","4151","1"
"Android-Universal-Image-Loader","9df7c425ff1c75c7cf57e6f9ca585f60887e4c51","library/src/com/nostra13/universalimageloader/core/LoadAndDisplayImageTask.java","68","0","0","0","351","437","0"
"Android-Universal-Image-Loader","303fa226ab37b10e0036e8efa198281f1c6ac6c9","library/src/com/nostra13/universalimageloader/core/LoadAndDisplayImageTask.java","68","0","0","0","379","483","0"
"netty","c7a0a0f325479e9fa0b34ce19b00909f240d5b8e","resolver-dns/src/main/java/io/netty/resolver/dns/DnsNameResolverContext.java","68","0","0","0","388","500","0"
"hazelcast","515f041d8848545394faff4ecd3b1f37c643b2e3","hazelcast/src/main/java/com/hazelcast/spi/impl/operationservice/impl/Invocation.java","68","0","0","0","472","650","3"
"hazelcast","f47e62414e01b588d588130aa856b1ce6e4df464","hazelcast/src/main/java/com/hazelcast/spi/impl/operationservice/impl/Invocation.java","68","0","0","0","474","652","1"
"neo4j","391d4a7028c1a9dc92d36e77bc69f8519b3b8a07","community/kernel/src/main/java/org/neo4j/kernel/impl/proc/ReflectiveProcedureCompiler.java","68","0","0","0","743","872","1"
"neo4j","2b31d7ad0f8727477761797b349d305d8a3e2fa7","community/kernel/src/main/java/org/neo4j/kernel/impl/proc/ReflectiveProcedureCompiler.java","68","0","0","0","744","873","1"
"netty","3049f5ddc483de1afdaa52443fe946133e121808","transport/src/main/java/io/netty/channel/DefaultChannelPipeline.java","68","0","0","0","805","1042","1"
"netty","a06295fe0ad72358f980d09feb8c971613793527","transport/src/main/java/io/netty/channel/DefaultChannelPipeline.java","68","0","0","0","808","1051","0"
"hazelcast","bdb9e7daa81c50d6242167b9fb115b73e3993a1f","hazelcast/src/main/java/com/hazelcast/impl/ExecutorManager.java","68","0","0","18","607","701","1"
"hazelcast","600f05ce3902063828fcecef674d57b1b60c9767","hazelcast-client/src/main/java/com/hazelcast/client/connection/nio/ClientConnectionManagerImpl.java","68","0","0","19","556","645","1"
"hazelcast","67a3cca98c31ef18535d061745fb64a587ef9a31","hazelcast-client/src/main/java/com/hazelcast/client/connection/nio/ClientConnectionManagerImpl.java","68","0","0","19","557","646","0"
"neo4j","7723d89e6d1d951e8923fb102da0228db2e4e8f9","community/kernel/src/test/java/org/neo4j/kernel/impl/store/NeoStoresTest.java","68","0","0","20","1275","1460","2"
"neo4j","4f04ee08438d4e1c99095d9d8a9f2ec223af89a9","community/kernel/src/test/java/org/neo4j/kernel/impl/store/NeoStoresTest.java","68","0","0","20","1278","1463","1"
"ceylon-ide-eclipse","39960143ba3050d31d16650b4839c419f47b69d1","plugins/com.redhat.ceylon.eclipse.ui/src/com/redhat/ceylon/eclipse/core/model/mirror/JDTMethod.java","68","0","0","27","448","538","0"
"hazelcast","d22af9afdcff0a974105cab3f3fd5a85125ce171","hazelcast-wm/src/main/java/com/hazelcast/web/WebFilter.java","68","0","0","6","471","578","1"
"neo4j","083224bbfc9dfc2e59c049a9c5eedb758eb1c86e","community/bolt/src/main/java/org/neo4j/bolt/v1/messaging/Neo4jPack.java","68","0","1","11","407","460","1"
"BroadleafCommerce","1c1207650f20f502eb97fcc72152b1aeaaea215c","admin/broadleaf-open-admin-platform/src/main/java/org/broadleafcommerce/openadmin/server/service/AdminEntityServiceImpl.java","68","0","1","15","546","695","7"
"elasticsearch","2ebb44d56f2c61cb14afca1caea21a0ecd4130fb","core/src/test/java/org/elasticsearch/search/aggregations/pipeline/moving/avg/MovAvgTests.java","68","0","1","17","858","1120","0"
"netty","f755e584638e20a4ae62466dd4b7a14954650348","codec-http/src/main/java/io/netty/handler/codec/http/CookieDecoder.java","68","0","1","2","273","370","0"
"netty","0bc30a123e88bc7b038e0c260937581097a903f7","codec-http/src/main/java/io/netty/handler/codec/http/CookieDecoder.java","68","0","1","2","274","372","1"
"netty","9175abc451b3573fc62847960a64c771e7a2c723","common/src/main/java/io/netty/util/concurrent/DefaultPromise.java","68","0","1","22","439","551","1"
"elasticsearch","90b547cf2c82b03fe42b9cce4ea878d81734228a","src/main/java/org/elasticsearch/index/mapper/internal/IdFieldMapper.java","68","0","1","27","313","387","0"
"elasticsearch","589360c8b1a46c1509c7e589f06124b91cb3dbaf","src/main/java/org/elasticsearch/index/mapper/internal/IdFieldMapper.java","68","0","1","28","316","391","1"
"elasticsearch","927fda8a61a51f9d60c7776c0011a741b4313236","src/main/java/org/elasticsearch/index/query/QueryStringQueryParser.java","68","0","1","3","190","231","0"
"elasticsearch","f23274523a4d957156fa48923cbf651bdeb2813f","src/main/java/org/elasticsearch/rest/action/bench/RestBenchAction.java","68","0","1","3","334","396","0"
"elasticsearch","25c3e898fd51f6ab40ef0e46739b49a14d57252d","plugins/river/couchdb/src/main/java/org/elasticsearch/river/couchdb/CouchdbRiver.java","68","0","1","3","374","446","1"
"elasticsearch","d06a7e9fe157c98ee328a6bcba3dff4d29a93d72","plugins/river/couchdb/src/main/java/org/elasticsearch/river/couchdb/CouchdbRiver.java","68","0","1","3","375","448","0"
"elasticsearch","24591b3c70d42314f17ee38a3a267f2c80544705","src/main/java/org/elasticsearch/index/query/TermsFilterParser.java","68","0","1","4","265","321","0"
"elasticsearch","7d8726a5e81ba5c3d42182ffdb6b1d413a025b9f","modules/elasticsearch/src/main/java/org/elasticsearch/gateway/local/LocalGatewayNodeAllocation.java","68","0","1","4","284","373","0"
"elasticsearch","015e46930de9e23adec2461b9ca95e9118953eb5","modules/elasticsearch/src/main/java/org/elasticsearch/gateway/local/LocalGatewayNodeAllocation.java","68","0","1","4","298","392","0"
"elasticsearch","3000dc78fa540cfeeaf15ec239f69588d6833952","modules/elasticsearch/src/main/java/org/elasticsearch/gateway/local/LocalGatewayNodeAllocation.java","68","0","1","4","300","394","0"
"elasticsearch","ef1f834cf90f31fa3baa3c1d16a31ebcf6827dc8","src/main/java/org/elasticsearch/search/fetch/FetchPhase.java","68","0","1","4","349","418","0"
"elasticsearch","82ad074dfe01ae4af81204a3479fb4be0c2c7f38","src/main/java/org/elasticsearch/search/fetch/FetchPhase.java","68","0","1","4","352","422","2"
"hazelcast","8af89d261e006b0bef31465c2991c3cdb2d81f78","hazelcast/src/main/java/com/hazelcast/map/proxy/MapProxyImpl.java","68","0","1","56","534","613","0"
"hazelcast","ba7cc3822de1533975ce2d1419ef6b91f8c7d7c4","hazelcast/src/main/java/com/hazelcast/spi/impl/operationservice/impl/Invocation.java","68","0","1","6","507","739","1"
"MapDB","47c4f06186a05fdc9c66523857e7c54a87719ff5","src/main/java/org/mapdb/StorageJournaled.java","68","0","1","9","478","691","1"
"elasticsearch","b5f86f6f0544a9ad9fa4ab88bf7397cf361d696a","core/src/main/java/org/elasticsearch/index/mapper/MapperService.java","68","0","10","16","473","656","0"
"elasticsearch","3f6c0feee38a11284ab120b0981922adbd60484d","core/src/main/java/org/elasticsearch/index/mapper/MapperService.java","68","0","11","15","468","653","2"
"elasticsearch","37e20c6f340fcfa745e3605cc1ed0b89070c8f45","core/src/main/java/org/elasticsearch/index/mapper/MapperService.java","68","0","11","15","469","654","0"
"elasticsearch","ad94bea0bbfe9d0dcfc4ca3a908125f6cb2e006c","core/src/main/java/org/elasticsearch/index/mapper/MapperService.java","68","0","11","16","477","664","2"
"elasticsearch","1ed2e18ded46a4743e43c1b70b18ca359422e3a1","core/src/main/java/org/elasticsearch/index/mapper/MapperService.java","68","0","11","17","482","672","0"
"elasticsearch","567c65b0d57e92cd530dafa7f55de7ba681af13e","core/src/main/java/org/elasticsearch/transport/TransportService.java","68","0","11","18","868","1166","2"
"elasticsearch","01ca81e2a37c9cd38c6dc44ae567d427c059dbe0","src/main/java/org/elasticsearch/index/store/Store.java","68","0","11","28","504","688","0"
"elasticsearch","04e08f5e491477f573b9e3ac19ee4b57cf7886db","core/src/main/java/org/elasticsearch/transport/TransportService.java","68","0","12","30","885","1193","3"
"elasticsearch","046abdc281c321cd2128ee7684c0edfcaca07203","core/src/test/java/org/elasticsearch/search/highlight/HighlightBuilderTests.java","68","0","12","7","591","748","2"
"elasticsearch","3aed047bdedde1bda189cbfc2f81e65af42e57c5","core/src/test/java/org/elasticsearch/search/fetch/subphase/highlight/HighlightBuilderTests.java","68","0","12","7","592","749","0"
"elasticsearch","6174e21f47244b6d5153d7d0cc1fe28fe863399d","core/src/test/java/org/elasticsearch/search/fetch/subphase/highlight/HighlightBuilderTests.java","68","0","12","7","595","752","1"
"elasticsearch","0556c93920af457c0dfb41dc2f52013ebc3e136e","core/src/test/java/org/elasticsearch/discovery/DiscoveryWithServiceDisruptionsIT.java","68","0","14","5","918","1313","1"
"elasticsearch","08f7caa56b3519f4569e82cdceb57dee14e19420","src/main/java/org/elasticsearch/indices/IndicesService.java","68","0","15","7","575","776","0"
"elasticsearch","8128f398cac25978f2c80ad8aa21697edc2cdb6d","src/main/java/org/elasticsearch/indices/IndicesService.java","68","0","15","7","575","776","0"
"elasticsearch","cc3f02c0a03686b915b846d1aff04cd90cf29914","src/main/java/org/elasticsearch/indices/IndicesService.java","68","0","15","7","575","776","1"
"elasticsearch","0e52e3420e7222e46dfb15b79f0c4615a14ca0d3","core/src/main/java/org/elasticsearch/cluster/routing/IndexRoutingTable.java","68","0","18","17","373","566","1"
"elasticsearch","01b18ad219933679256753fa8639c37d11cac1ff","src/main/java/org/elasticsearch/action/bulk/BulkRequest.java","68","0","19","13","379","528","1"
"elasticsearch","4a9faac470f57d8803fed4d29e15177766437734","src/main/java/org/elasticsearch/cluster/metadata/MetaDataMappingService.java","68","0","2","16","410","527","0"
"elasticsearch","a8e43578a256f7ab87e3c210349ba15d4f778d20","src/main/java/org/elasticsearch/cluster/metadata/MetaDataMappingService.java","68","0","2","16","410","529","0"
"elasticsearch","d8f16178d3f21b4f9d17da12e7aa61613fc2c27a","src/main/java/org/elasticsearch/script/ScriptService.java","68","0","2","20","470","604","1"
"elasticsearch","a6510f924520d8cdda2636ac85a1a1e43f6dfb8c","src/main/java/org/elasticsearch/script/ScriptService.java","68","0","2","20","473","607","0"
"hazelcast","d568e4d926d925d57d4e79e34614390416749301","hazelcast/src/main/java/com/hazelcast/internal/serialization/impl/AbstractSerializationService.java","68","0","2","23","458","561","0"
"netty","7d60699a4951b4dcaba4cb06029d4432a863b171","transport-native-epoll/src/main/java/io/netty/channel/epoll/EpollDatagramChannel.java","68","0","2","24","473","595","1"
"BroadleafCommerce","cecce9284055ddafb4c8cfc3c90cfd25b997cf9c","core/broadleaf-framework/src/main/java/org/broadleafcommerce/core/order/domain/DiscreteOrderItemImpl.java","68","0","2","35","430","542","1"
"hazelcast","653b143e76734fbb90b348475003e866c330ac1b","hazelcast/src/main/java/com/hazelcast/instance/Node.java","68","0","2","42","547","664","2"
"hazelcast","13ee2009ce877b5f5755244f773c9b4aa6925c1d","hazelcast/src/main/java/com/hazelcast/instance/Node.java","68","0","2","42","552","676","0"
"elasticsearch","ff697c9ac2b188809b5eb74102e70246c21365c0","core/src/main/java/org/elasticsearch/index/query/QueryStringQueryBuilder.java","68","0","24","31","519","750","1"
"hazelcast","1f042b8c4a4245594691bb6d85a66ceed9b43068","hazelcast/src/main/java/com/hazelcast/config/Config.java","68","0","28","96","849","1180","1"
"hazelcast","2921cff694583b8638dae2991f427e61d5440a9d","hazelcast/src/main/java/com/hazelcast/config/Config.java","68","0","28","96","851","1186","0"
"titan","b55f4f332ee7c5c47295db46ffac2d2355968f79","titan-core/src/main/java/com/thinkaurelius/titan/graphdb/transaction/AbstractTitanTx.java","68","0","3","32","447","539","0"
"hazelcast","fc6ab479ed9fab4939bf5f91fe3773e46310610d","hazelcast/src/test/java/com/hazelcast/test/HazelcastTestSupport.java","68","0","3","78","668","827","1"
"antlr4","385e96784db04a18cb7c8ff7edb6ea85a29cdbaf","tool/src/org/antlr/v4/semantics/SymbolChecks.java","68","0","3","8","300","382","0"
"elasticsearch","0c03d0056cc1a0e4ac8bd589c89f0fad9f01c080","core/src/main/java/org/elasticsearch/common/settings/Setting.java","68","0","33","61","768","1189","0"
"elasticsearch","084cb382076b4af01436508189eaa551d0390770","core/src/main/java/org/elasticsearch/common/settings/Setting.java","68","0","33","61","769","1190","1"
"titan","28650a32ec86c8fdccc8518318116ed408f1346b","titan-test/src/main/java/com/thinkaurelius/titan/graphdb/TitanGraphTest.java","68","0","4","21","1005","1246","2"
"titan","7d69240e324cb5c2bef71a25dc88fbead1697308","titan-test/src/main/java/com/thinkaurelius/titan/graphdb/TitanGraphTest.java","68","0","4","21","1005","1247","1"
"titan","d39591ed87e4e2f0c854e1e9942af37cd070e2e5","titan-test/src/main/java/com/thinkaurelius/titan/graphdb/TitanGraphTest.java","68","0","4","21","1010","1254","0"
"titan","f77a4f7d95c07a0f54fc714dc97ddbb6a19ab431","titan-test/src/main/java/com/thinkaurelius/titan/graphdb/TitanGraphTest.java","68","0","4","21","1023","1271","0"
"titan","814a5107c5858ef3d4411610feaed4cf74237eb5","titan-test/src/main/java/com/thinkaurelius/titan/graphdb/TitanGraphTest.java","68","0","4","21","1026","1274","0"
"hazelcast","0c89672210a77fd412d5b2cdcf82e1ff22788f06","hazelcast/src/main/java/com/hazelcast/impl/AbstractRecord.java","68","0","4","70","370","477","0"
"neo4j","562320c0be4006685ed6f086c12ef4e1f1964f3c","community/kernel/src/main/java/org/neo4j/kernel/impl/api/index/IndexingService.java","68","0","5","28","721","893","0"
"elasticsearch","6eaff9432ddc05adad528761f4ce65545cce9cf8","core/src/main/java/org/elasticsearch/Version.java","68","0","6","15","323","414","1"
"elasticsearch","13a347239a48d71486692a72c066e940dec8921b","core/src/test/java/org/elasticsearch/index/store/CorruptedFileIT.java","68","0","6","2","604","733","2"
"elasticsearch","40f119d85a4eaa39d0a6e594e46f70de725557f0","core/src/test/java/org/elasticsearch/index/store/CorruptedFileIT.java","68","0","6","2","604","733","1"
"elasticsearch","bbf42d379dc5fac7cddf768b244aa1649efdb10d","core/src/test/java/org/elasticsearch/index/store/CorruptedFileIT.java","68","0","6","2","604","733","0"
"elasticsearch","a1a16276da4e11de6dbdd4ab3e68af5e3802dc4a","src/test/java/org/elasticsearch/index/store/CorruptedFileTest.java","68","0","6","2","619","749","0"
"elasticsearch","4cb21d02a467582fbb9abb51f6720404d1f920c1","src/test/java/org/elasticsearch/index/store/CorruptedFileTest.java","68","0","6","2","621","752","0"
"elasticsearch","44a574a2d64bce608fd19a6a262c3d7a467632aa","src/main/java/org/elasticsearch/index/store/Store.java","68","0","7","36","534","660","1"
"elasticsearch","90b547cf2c82b03fe42b9cce4ea878d81734228a","src/main/java/org/elasticsearch/index/mapper/DocumentMapper.java","68","0","7","58","516","707","0"
"elasticsearch","89de3ab6272fe3a9e377993ae32851cffb39ca7e","src/main/java/org/elasticsearch/index/mapper/DocumentMapper.java","68","0","7","59","514","710","2"
"elasticsearch","cc9ab111a04661367cea50e444b5a9e0d4544d1a","src/main/java/org/elasticsearch/index/mapper/DocumentMapper.java","68","0","7","59","516","711","0"
"orientdb","2933b9503bb8304e2b2fa3d291080bbdae0cb2a4","distributed/src/test/java/com/orientechnologies/orient/server/distributed/DistributedDatabaseCRUDTest.java","68","0","7","8","455","581","1"
"BroadleafCommerce","e216da5ebb303680f5c60ffcd75979f5876ab5a6","admin/broadleaf-admin-module/src/main/java/org/broadleafcommerce/admin/server/service/handler/SkuCustomPersistenceHandler.java","68","0","7","8","576","823","2"
"elasticsearch","c8ca015c0bd28caf4fd84862679afc63a9e7d2ac","core/src/main/java/org/elasticsearch/search/aggregations/AggregatorFactories.java","68","0","8","18","393","504","0"
"ceylon-ide-eclipse","ff1a0aaaa30fbc17dd990487660acfb95098fe71","plugins/com.redhat.ceylon.eclipse.ui/src/com/redhat/ceylon/eclipse/core/builder/CeylonBuilder.java","685","0","6","91","3555","4211","1"
"ceylon-ide-eclipse","83af6eee34951a586d4cf9b3d94eb61c1210c5d0","plugins/com.redhat.ceylon.eclipse.ui/src/com/redhat/ceylon/eclipse/core/builder/CeylonBuilder.java","686","0","5","94","3564","4219","1"
"ceylon-ide-eclipse","f6b428294423fa6e0d50e63357f46921749595cc","plugins/com.redhat.ceylon.eclipse.ui/src/com/redhat/ceylon/eclipse/core/builder/CeylonBuilder.java","687","0","5","94","3569","4224","0"
"netty","8271c8afccf7eb21bf6f994b5f3565f6d55bdee4","resolver-dns/src/main/java/io/netty/resolver/dns/DnsNameResolverContext.java","69","0","0","0","372","478","0"
"elasticsearch","6bdf591193745cce587ec9805a181eed81b696bf","client/rest-high-level/src/main/java/org/elasticsearch/client/Request.java","69","0","0","0","441","549","2"
"hazelcast","dbcb4d66dcb9ea0dbf639e0f9182aabbe8d91855","hazelcast/src/main/java/com/hazelcast/spi/impl/operationservice/impl/Invocation.java","69","0","0","0","473","651","2"
"hazelcast","eed2a8c40d592a8e99645faac48f99069eaeaab2","hazelcast-client-new/src/main/java/com/hazelcast/client/cache/impl/AbstractClientInternalCacheProxy.java","69","0","0","0","573","684","1"
"hazelcast","c283f04cab711308ed3018d4e448e35b9061e0d2","hazelcast-client-new/src/main/java/com/hazelcast/client/cache/impl/AbstractClientInternalCacheProxy.java","69","0","0","0","576","687","0"
"neo4j","5c26c58d587f288698e318beb69b848d0ab2b42a","community/kernel/src/main/java/org/neo4j/kernel/impl/proc/ReflectiveProcedureCompiler.java","69","0","0","0","747","876","0"
"neo4j","7cc8aef4d3f24dcc9eaebc6f538c91cf32c97b95","community/kernel/src/main/java/org/neo4j/kernel/impl/proc/ReflectiveProcedureCompiler.java","69","0","0","0","748","877","0"
"hazelcast","af75d48982fbc4134b17a47c98bcfccb6ffa97b0","hazelcast/src/test/java/com/hazelcast/mapreduce/MapReduceTest.java","69","0","0","106","1059","1370","2"
"ceylon-ide-eclipse","c5c15a0b33245f13d9fc7d44db226c0458005f73","plugins/com.redhat.ceylon.eclipse.ui/src/com/redhat/ceylon/eclipse/code/complete/RefinementCompletionProposal.java","69","0","0","11","630","704","0"
"ceylon-ide-eclipse","5b4c3eac8a7c12c0125a77343e602b4e73083595","plugins/com.redhat.ceylon.eclipse.ui/src/com/redhat/ceylon/eclipse/code/outline/CeylonOutlineNode.java","69","0","0","17","423","483","0"
"ceylon-ide-eclipse","66259f4e09b41f16a13e70dd2572dfe1ae358c7b","plugins/com.redhat.ceylon.eclipse.ui/src/com/redhat/ceylon/eclipse/code/outline/CeylonOutlineNode.java","69","0","0","17","434","494","1"
"ceylon-ide-eclipse","64a391fbabba6b9bc6b553abfa42466e0ca9673d","plugins/com.redhat.ceylon.eclipse.ui/src/com/redhat/ceylon/eclipse/code/outline/CeylonOutlineNode.java","69","0","0","17","435","495","0"
"ceylon-ide-eclipse","4369acb657baf8e299df0d8dca46454001ab354f","plugins/com.redhat.ceylon.eclipse.ui/src/com/redhat/ceylon/eclipse/code/refactor/RenameRefactoring.java","69","0","0","19","583","644","0"
"neo4j","b384058c51bab0d6cc1a0baf46ff4c5f6277223b","community/kernel/src/test/java/org/neo4j/kernel/impl/store/NeoStoresTest.java","69","0","0","20","1272","1438","1"
"ceylon-ide-eclipse","de6ffee6e501a86aa2e9c8f2da7ced4154c57d52","plugins/com.redhat.ceylon.eclipse.ui/src/com/redhat/ceylon/eclipse/util/FindReferencesVisitor.java","69","0","0","20","305","341","0"
"ceylon-ide-eclipse","3b36b4544957456871f541cd08030a387cf944ca","plugins/com.redhat.ceylon.eclipse.ui/src/com/redhat/ceylon/eclipse/util/FindReferencesVisitor.java","69","0","0","20","339","375","0"
"hazelcast","36031ce1edc362ea669e6841cdfaab08f0113d52","hazelcast/src/main/java/com/hazelcast/nio/serialization/SerializationServiceImpl.java","69","0","0","21","408","473","0"
"hazelcast","f7dcfaa1c2c8ea6e17860cfcf862f0f141bf3a74","hazelcast-client/src/test/java/com/hazelcast/client/replicatedmap/ClientReplicatedMapTest.java","69","0","0","24","720","917","1"
"hazelcast","c37f1bc6a7ba37a6e7d27927eb812336b250521d","hazelcast-client/src/test/java/com/hazelcast/client/replicatedmap/ClientReplicatedMapTest.java","69","0","0","24","739","944","0"
"orientdb","8ecbf46b189f42cdb9d47f62e146d004000c6397","core/src/main/java/com/orientechnologies/orient/core/db/record/ridbag/embedded/OEmbeddedRidBag.java","69","0","0","30","430","562","1"
"hazelcast","f7dcfaa1c2c8ea6e17860cfcf862f0f141bf3a74","hazelcast-client-new/src/test/java/com/hazelcast/client/replicatedmap/ClientReplicatedMapTest.java","69","0","0","33","720","916","1"
"hazelcast","707932eed4859d26c9c896f844d9433f2795b290","hazelcast-client/src/test/java/com/hazelcast/client/replicatedmap/ClientReplicatedMapTest.java","69","0","0","34","695","860","0"
"hazelcast","c37f1bc6a7ba37a6e7d27927eb812336b250521d","hazelcast-client-new/src/test/java/com/hazelcast/client/replicatedmap/ClientReplicatedMapTest.java","69","0","0","34","739","944","0"
"elasticsearch","0d349854d34e1e8819ce3bdb74d3bb178371398e","core/src/test/java/org/elasticsearch/snapshots/SharedClusterSnapshotRestoreIT.java","69","0","0","35","1629","2051","2"
"elasticsearch","889edd00f0de7261a690355129021d2dbeab1aa1","core/src/test/java/org/elasticsearch/snapshots/SharedClusterSnapshotRestoreIT.java","69","0","0","35","1662","2094","2"
"hazelcast","9461eb04eba6998a6d5238a5a1619e44e138ee8a","hazelcast-wm/src/main/java/com/hazelcast/web/WebFilter.java","69","0","0","6","476","590","0"
"BroadleafCommerce","7a0a7c403c946be4bbd8ee1abdaa6699931ef834","core/broadleaf-profile/src/main/java/org/broadleafcommerce/profile/core/domain/AddressImpl.java","69","0","0","68","615","755","0"
"BroadleafCommerce","dcf4f5a34f5824533a90d2331f17861ab7853074","core/broadleaf-framework/src/main/java/org/broadleafcommerce/core/order/domain/OrderImpl.java","69","0","0","74","706","838","1"
"hazelcast","b3851e9178c66524eb5e7a73bf7249af5f4dfe06","hazelcast-client/src/main/java/com/hazelcast/client/config/XmlClientConfigBuilder.java","69","0","0","8","315","364","0"
"BroadleafCommerce","7a0a7c403c946be4bbd8ee1abdaa6699931ef834","core/broadleaf-framework/src/main/java/org/broadleafcommerce/core/order/domain/OrderImpl.java","69","0","0","82","750","886","0"
"hazelcast","db0fda1438546ac7bd661383ce9bd5fe06e78940","hazelcast/src/main/java/com/hazelcast/query/Predicates.java","69","0","0","94","558","681","0"
"hazelcast","56d8d5d5b838b7643b609430b834745a139fb79b","hazelcast/src/main/java/com/hazelcast/query/Predicates.java","69","0","0","94","562","685","0"
"hazelcast","200b42ddac0f3e0c2a8225044985e7b3fd387718","hazelcast-client/src/main/java/com/hazelcast/client/connection/nio/ClientConnectionManagerImpl.java","69","0","1","10","562","671","1"
"hazelcast","660bbd97d28d2282bc4ac0bc66a5405e89cd0813","hazelcast-client/src/main/java/com/hazelcast/client/connection/nio/ClientConnectionManagerImpl.java","69","0","1","11","566","676","1"
"neo4j","87838b56dfcfb7b37ca03d26c9eedc8f1e0c38e5","community/bolt/src/main/java/org/neo4j/bolt/v1/messaging/Neo4jPack.java","69","0","1","12","431","486","0"
"netty","f990f9983dd0e33fb4efb2212856ce5f9749cf85","codec-http2/src/main/java/io/netty/handler/codec/http2/DefaultHttp2ConnectionDecoder.java","69","0","1","12","514","703","0"
"netty","5b5925065796471c2d00ad53d8aaff888f24b752","codec-http2/src/main/java/io/netty/handler/codec/http2/DefaultHttp2ConnectionDecoder.java","69","0","1","12","517","708","0"
"netty","467e5a1019675619b69dec9a32969897014549df","codec-http2/src/main/java/io/netty/handler/codec/http2/DefaultHttp2ConnectionDecoder.java","69","0","1","12","518","709","0"
"hazelcast","ef3dd454a5c104c7f9af773499806efb6b7b5e75","hazelcast-client/src/main/java/com/hazelcast/client/connection/nio/ClientConnectionManagerImpl.java","69","0","1","12","569","680","5"
"orientdb","0b098ecbb27731eae0d6bc55a5750b000a6b9777","core/src/main/java/com/orientechnologies/orient/core/sql/parser/ONotInCondition.java","69","0","1","14","176","217","0"
"BroadleafCommerce","e0e29f96e4539d24c3062c0217df7f58ae119aa6","common/src/main/java/org/broadleafcommerce/common/extensibility/jpa/copy/DirectCopyClassTransformer.java","69","0","1","15","401","501","3"
"neo4j","8f583233901b986777dfe5cfeca786aa0c24cd24","community/cypher/cypher/src/main/java/org/neo4j/cypher/internal/codegen/CompiledConversionUtils.java","69","0","1","17","316","371","1"
"orientdb","69dde5c3af532dfc8b7ec16104aef29d93001eca","core/src/main/java/com/orientechnologies/common/io/OIOUtils.java","69","0","1","23","247","339","0"
"elasticsearch","c9b0e1de6cbd9acbc9a817a6d24b16d93005b9df","src/main/java/org/elasticsearch/threadpool/ThreadPool.java","69","0","1","28","551","660","0"
"elasticsearch","39f362326e46b0e0df075288e1b5521f825d2b7b","src/main/java/org/elasticsearch/index/search/nested/NestedFieldComparatorSource.java","69","0","1","3","263","316","1"
"elasticsearch","98640310c2adff8f8d164590faf019193201c747","src/main/java/org/elasticsearch/index/query/MoreLikeThisQueryParser.java","69","0","1","5","285","355","1"
"elasticsearch","8bdfd21b70568a39ebf5232e8c395f5206a7a63f","src/main/java/org/elasticsearch/index/query/MoreLikeThisQueryParser.java","69","0","1","5","287","357","0"
"neo4j","291436fa1b5694916e8dccd4cde6078303f55baf","community/kernel/src/main/java/org/neo4j/kernel/impl/api/StateHandlingStatementOperations.java","69","0","1","53","808","948","3"
"neo4j","871317377415ca324a48145401e20e173cb1fec2","community/kernel/src/main/java/org/neo4j/kernel/impl/api/StateHandlingStatementOperations.java","69","0","1","53","811","951","2"
"elasticsearch","b3819e7f308f7cc6017d4473c2b0817f2efc2b7c","client/rest-high-level/src/main/java/org/elasticsearch/client/Request.java","69","0","1","7","460","579","0"
"hazelcast","32dd392e9e5a25c0463ddd1ccb27a0b671296cc7","hazelcast/src/test/java/com/hazelcast/impl/MapStoreTest.java","69","0","1","86","1384","1579","0"
"MapDB","e4e15337e2f73efaf8115394e8e4e104b3fb55f4","src/main/java/org/mapdb/StorageJournaled.java","69","0","1","9","390","583","2"
"elasticsearch","be2a6ce80b2282779159bc017352aa6f216349e2","core/src/main/java/org/elasticsearch/transport/TransportService.java","69","0","12","30","893","1202","0"
"elasticsearch","e23d116bc5411e8aec4f9225272929be6a7dd65b","core/src/main/java/org/elasticsearch/index/mapper/MapperService.java","69","0","13","18","501","656","1"
"elasticsearch","e40409dd7f910c237e52c13394f8b150865e6389","core/src/main/java/org/elasticsearch/index/mapper/MapperService.java","69","0","13","18","502","657","2"
"elasticsearch","e7958f46dc26ac572c3fb06e8e51eab68f9919e8","src/main/java/org/elasticsearch/common/io/stream/StreamInput.java","69","0","14","25","376","504","0"
"elasticsearch","83ea1be185751988cf153f405a4af5ace67ec825","core/src/test/java/org/elasticsearch/common/cache/CacheTests.java","69","0","14","8","501","746","1"
"elasticsearch","a44655763e150522d58cbd8113fb1b30a475b8c7","core/src/test/java/org/elasticsearch/discovery/DiscoveryWithServiceDisruptionsIT.java","69","0","14","8","973","1385","0"
"elasticsearch","89ac6a83f134365dcc3b7bdff5a3f14ddab6c2c5","core/src/test/java/org/elasticsearch/discovery/DiscoveryWithServiceDisruptionsIT.java","69","0","15","7","956","1364","2"
"elasticsearch","41a2375c9e609395e21522ee79202645ed2a0af4","core/src/test/java/org/elasticsearch/discovery/DiscoveryWithServiceDisruptionsIT.java","69","0","15","7","958","1366","2"
"elasticsearch","3187ed73fc4fd8527c695e18b7186abbd6d29453","core/src/main/java/org/elasticsearch/cluster/routing/IndexRoutingTable.java","69","0","18","17","373","566","3"
"orientdb","471dfc0ea5d64b95a3c4d3494a48dce1ea193dfb","distributed/src/main/java/com/orientechnologies/orient/server/distributed/ODistributedDatabaseImpl.java","69","0","2","13","400","557","3"
"orientdb","29d9c9c149f32a2a93865952498f2baf9b3e1f57","distributed/src/main/java/com/orientechnologies/orient/server/distributed/ODistributedDatabaseImpl.java","69","0","2","13","404","564","0"
"BroadleafCommerce","abae60151f6416aa4cbf8f37615189b14464b79c","core/broadleaf-framework/src/main/java/org/broadleafcommerce/core/search/service/solr/SolrSearchServiceImpl.java","69","0","2","13","481","731","2"
"elasticsearch","018ca58cdba9785df2f5686ca56540e89b1c6961","src/main/java/org/elasticsearch/common/xcontent/support/XContentMapValues.java","69","0","2","21","307","375","0"
"netty","4fb585965cf7613dc1011b23f09114135a254399","transport-native-epoll/src/main/java/io/netty/channel/epoll/EpollDatagramChannel.java","69","0","2","24","479","600","1"
"netty","e3bf6799983eea213f33266d60a44428d3b19da5","transport-native-epoll/src/main/java/io/netty/channel/epoll/EpollDatagramChannel.java","69","0","2","24","479","602","0"
"BroadleafCommerce","83fb11ed58644108db5d65f28772c299943478f5","core/broadleaf-framework/src/main/java/org/broadleafcommerce/core/order/domain/DiscreteOrderItemImpl.java","69","0","2","35","430","542","1"
"elasticsearch","c4f127fb6f1f2beb329ae83ce714ecf7cfe3a809","src/test/java/org/elasticsearch/search/aggregations/bucket/StringTermsTests.java","69","0","2","37","906","1158","1"
"hazelcast","70f8cd351dfb1ac7b06d2f7842deee87dd4539c9","hazelcast/src/main/java/com/hazelcast/instance/Node.java","69","0","2","41","554","671","2"
"hazelcast","22eec650e1217dd1f0eeaf7c18ae23888b12e974","hazelcast/src/main/java/com/hazelcast/instance/Node.java","69","0","2","42","557","675","2"
"netty","8cd259896e313e7537c26e1f41242d0b21dff8c1","codec-http2/src/main/java/io/netty/handler/codec/http2/Http2ConnectionHandler.java","69","0","22","21","633","960","0"
"elasticsearch","7184cf8b5b34f4f25a92f35bf690ce3faf4baa70","core/src/main/java/org/elasticsearch/index/query/RangeQueryBuilder.java","69","0","22","4","389","543","1"
"netty","253cd694ef6317d52d41b220f4dcf5fd69f44ec3","codec-http2/src/main/java/io/netty/handler/codec/http2/Http2ConnectionHandler.java","69","0","23","21","639","974","1"
"elasticsearch","d885fe62ea680989f1c27a9206f616cc5bae25ce","core/src/main/java/org/elasticsearch/index/query/QueryStringQueryBuilder.java","69","0","24","31","519","753","0"
"mcMMO","c10525ada9ed2c0b77c518089a300e3b4e32e7c1","src/main/java/com/gmail/nossr50/config/Config.java","69","0","29","120","349","509","1"
"mcMMO","857e12b96edf68bc2e2fdbdf72659ce82612bda1","src/main/java/com/gmail/nossr50/config/Config.java","69","0","29","123","352","512","0"
"neo4j","295f0b57c1581ed1af1f152654c6fa64c1d3abc3","community/kernel/src/main/java/org/neo4j/kernel/impl/core/NodeImpl.java","69","0","3","21","593","739","1"
"hazelcast","44653e7fe7c831a396d45f445033d24b4b6f9379","hazelcast/src/main/java/com/hazelcast/cache/impl/AbstractCacheService.java","69","0","3","45","601","741","1"
"hazelcast","867311c53f89ad6e665ffe4087b11a1bf02ce983","hazelcast/src/main/java/com/hazelcast/cache/impl/AbstractCacheService.java","69","0","3","45","601","741","2"
"hazelcast","22c782cf4670330503dee123b73fa483726328a2","hazelcast/src/main/java/com/hazelcast/cache/impl/AbstractCacheService.java","69","0","3","45","601","741","0"
"orientdb","252aa4c00e6048e5a77066dc5f770ef6e58dd1ea","core/src/main/java/com/orientechnologies/orient/core/sql/parser/OBaseExpression.java","69","0","4","29","249","333","1"
"netty","f0a3f849f7d0e028eb97e672a3cbf52648b98617","transport/src/main/java/io/netty/channel/AbstractChannel.java","69","0","4","34","605","849","1"
"netty","e33f12f5b8a37b3f2a7291a10a61c8bce6ce73e0","transport/src/main/java/io/netty/channel/AbstractChannel.java","69","0","4","35","642","898","1"
"hazelcast","525c34cddd7f4e08d674611e177bab103e4d1881","hazelcast/src/test/java/com/hazelcast/core/TransactionTest.java","69","0","4","56","1206","1355","1"
"hazelcast","44d72f46457a73df16b2d502f94a79b8b84fb1af","hazelcast/src/test/java/com/hazelcast/core/TransactionTest.java","69","0","4","56","1207","1356","0"
"hazelcast","1aca2ceab66757dabb1d5bd8cff6c5f793ce4669","hazelcast/src/main/java/com/hazelcast/impl/AbstractRecord.java","69","0","4","70","376","483","1"
"hazelcast","6beb53820557dbdd3c53fa881e514000a3f5249e","hazelcast/src/main/java/com/hazelcast/impl/AbstractRecord.java","69","0","4","71","380","488","1"
"hazelcast","762c46de262239f1120e82946b5f1c8eb2f6168b","hazelcast/src/main/java/com/hazelcast/impl/AbstractRecord.java","69","0","4","71","382","491","2"
"netty","6646db171ecc66b33ea81548b05e7434e27d212b","codec-http/src/main/java/io/netty/handler/codec/http/HttpHeaders.java","69","0","49","3","523","1326","0"
"elasticsearch","96f1606cdc0fdb7a7e9f749c73ef9e0d326e64b2","src/main/java/org/elasticsearch/index/mapper/core/CompletionFieldMapper.java","69","0","5","27","435","534","0"
"elasticsearch","0f8149dca478201bf0d02287c215295c3cb328b8","src/main/java/org/elasticsearch/action/get/MultiGetRequest.java","69","0","5","30","346","439","1"
"elasticsearch","68de46ff05ed75987997eba1b836d076bc281fed","src/main/java/org/elasticsearch/action/get/MultiGetRequest.java","69","0","5","30","348","441","0"
"hazelcast","dc6682463de30ee8be27aba138f9a2f2f052c2b3","hazelcast/src/test/java/com/hazelcast/core/TransactionTest.java","69","0","5","57","1237","1392","0"
"hazelcast","98b900c6c84af0480e50224c2f8afa6ee81ad04a","hazelcast/src/test/java/com/hazelcast/core/TransactionTest.java","69","0","6","57","1249","1408","0"
"hazelcast","a9d85383c43d5d45d8068b4fadf18193656beea2","hazelcast/src/test/java/com/hazelcast/internal/nearcache/AbstractNearCacheBasicTest.java","69","0","63","1","704","1165","0"
"elasticsearch","da680be42792920eb5a41853d2a5869ff20854ec","src/main/java/org/elasticsearch/index/store/Store.java","69","0","7","36","535","663","0"
"elasticsearch","9ca5e6e3e12cf4f13eb6ed0140d9073ba89c61c9","src/main/java/org/elasticsearch/index/store/Store.java","69","0","7","37","561","694","1"
"elasticsearch","c8285739d28c6f363e123266e4dc0e1e788c5c69","src/main/java/org/elasticsearch/index/mapper/DocumentMapper.java","69","0","7","52","502","691","0"
"elasticsearch","5a6004a168a316a27830c7a8afc2da48076cb719","src/main/java/org/elasticsearch/index/mapper/DocumentMapper.java","69","0","7","52","502","692","0"
"elasticsearch","589360c8b1a46c1509c7e589f06124b91cb3dbaf","src/main/java/org/elasticsearch/index/mapper/DocumentMapper.java","69","0","7","58","519","711","1"
"orientdb","040b05508933cf63ab4302ba24753d268640088c","core/src/main/java/com/orientechnologies/orient/core/sql/OSQLEngine.java","69","0","8","17","362","490","0"
"orientdb","e9bb639cfb3317abce6da256fab8ca8792c9347f","core/src/main/java/com/orientechnologies/orient/core/sql/OSQLEngine.java","69","0","8","17","370","498","1"
"netty","8edfde3f26fe6b52aa4b899ece870bcba730a0e6","common/src/main/java/io/netty/util/HashedWheelTimer.java","69","0","8","2","458","728","0"
"ceylon-ide-eclipse","6090129128533def792ee16da4567750c05fea9c","plugins/com.redhat.ceylon.eclipse.ui/src/com/redhat/ceylon/eclipse/core/builder/CeylonBuilder.java","693","0","6","91","3580","4241","0"
"ceylon-ide-eclipse","1a17870abbc9d9fbeff18fb79921285b64745fd7","plugins/com.redhat.ceylon.eclipse.ui/src/com/redhat/ceylon/eclipse/core/builder/CeylonBuilder.java","693","0","6","91","3582","4243","1"
"ceylon-ide-eclipse","64b73d83546ef38e15b029a505fabaa71555941b","plugins/com.redhat.ceylon.eclipse.ui/src/com/redhat/ceylon/eclipse/core/builder/CeylonBuilder.java","694","0","6","90","3598","4260","1"
"ceylon-ide-eclipse","a4998665623e1c134514da7012fedd06446e3bad","plugins/com.redhat.ceylon.eclipse.ui/src/com/redhat/ceylon/eclipse/core/builder/CeylonBuilder.java","694","0","6","91","3589","4250","0"
"elasticsearch","9738ef3a90bec148abbe55dec6f6183190fa4713","core/src/main/java/org/elasticsearch/action/search/SearchDfsQueryAndFetchAsyncAction.java","7","0","0","0","105","143","1"
"elasticsearch","25fd9e26c4fb042d6f6dea14efcd239577bdbbc4","core/src/main/java/org/elasticsearch/action/search/SearchDfsQueryAndFetchAsyncAction.java","7","0","0","0","106","144","1"
"elasticsearch","20ff703e07c692c5e68e6b30a6e6413a34dd10a7","core/src/main/java/org/elasticsearch/action/search/SearchDfsQueryAndFetchAsyncAction.java","7","0","0","0","111","148","1"
"hazelcast","7f9ad687397ded1ca221c31c85309c5ee603fe6e","hazelcast-client/src/main/java/com/hazelcast/client/connection/ConnectionImpl.java","7","0","0","0","111","153","0"
"elasticsearch","3df2a086d4bf3c5608aabf06c1766e10c901af35","core/src/main/java/org/elasticsearch/action/search/SearchDfsQueryAndFetchAsyncAction.java","7","0","0","0","112","149","0"
"Android-Universal-Image-Loader","022f4e22082d375d3b8487d2560aae519e6b5b6a","library/src/com/nostra13/universalimageloader/core/ImageLoaderEngine.java","7","0","0","0","112","197","1"
"elasticsearch","48bfb142b97bc32542f73bece4bf19bce57554c8","core/src/main/java/org/elasticsearch/index/translog/Checkpoint.java","7","0","0","0","113","162","1"
"netty","a517cce92fee24f2967bba7c84eea835b79fcab1","codec-http2/src/main/java/io/netty/handler/codec/http2/internal/hpack/StaticTable.java","7","0","0","0","113","179","1"
"netty","1cb706ac932bab732257e02fc095d91ff7ed3788","codec-http2/src/main/java/io/netty/handler/codec/http2/internal/hpack/StaticTable.java","7","0","0","0","114","181","0"
"orientdb","39a8884d03c0bc49b8ecf655a22fe80646afa1e6","spatial/src/test/java/com/orientechnologies/lucene/test/geo/LuceneSpatialQueryTest.java","7","0","0","0","115","167","0"
"elasticsearch","e41eae9f059ea3fda8be50942b83c7cc0a20776c","core/src/main/java/org/elasticsearch/bootstrap/JNAKernel32Library.java","7","0","0","0","115","308","1"
"hazelcast","4b9cef83c2c99af4df9d1d0338f29a7dc1c9eda8","hazelcast/src/main/java/com/hazelcast/transaction/impl/TransactionContextImpl.java","7","0","0","0","116","151","1"
"hazelcast","bb874ec7c86bec4bacca6c36a85bac7e53735778","hazelcast/src/main/java/com/hazelcast/transaction/impl/TransactionContextImpl.java","7","0","0","0","116","151","2"
"hazelcast","bb3ea0e107980d769862cdbda748cc91529d67b5","hazelcast/src/main/java/com/hazelcast/transaction/impl/TransactionContextImpl.java","7","0","0","0","116","151","0"
"elasticsearch","25fd9e26c4fb042d6f6dea14efcd239577bdbbc4","core/src/main/java/org/elasticsearch/bootstrap/JNAKernel32Library.java","7","0","0","0","117","308","0"
"elasticsearch","97a2c4523de9801b8a0ddbe8b056b128f968e327","core/src/main/java/org/elasticsearch/bootstrap/JNAKernel32Library.java","7","0","0","0","117","320","0"
"elasticsearch","c0b71d26cfd31641966e597dc3a78c1494d1382d","plugins/repository-hdfs/src/main/java/org/elasticsearch/repositories/hdfs/HdfsBlobContainer.java","7","0","0","0","122","161","1"
"hazelcast","37da3959df4151b304b211df87a6b900c0169cc5","hazelcast-client/src/main/java/com/hazelcast/client/cache/impl/HazelcastClientCacheManager.java","7","0","0","0","123","165","2"
"ceylon-ide-eclipse","7927124a2ea48d6fa16d42e048dd918bbe3cd64b","plugins/com.redhat.ceylon.eclipse.ui/src/com/redhat/ceylon/eclipse/code/correct/AddModuleImportProposal.java","7","0","0","0","124","195","0"
"netty","91b378005461b85f965aa296daa087bc009b9da0","transport-native-epoll/src/main/java/io/netty/channel/epoll/AbstractEpollChannel.java","7","0","0","0","126","188","0"
"netty","371f8066d2502f6c6d75c5d0f80cd25e19b5e58b","buffer/src/main/java/io/netty/buffer/UnsafeDirectSwappedByteBuf.java","7","0","0","0","132","184","0"
"neo4j","2dce9b701631b41aa14f4d8ff186c708b57abd1e","enterprise/core-edge/src/main/java/org/neo4j/coreedge/core/state/machines/token/ReplicatedTokenHolder.java","7","0","0","0","133","172","0"
"netty","3d3ec4753d5191b74125d5a7f065b818d052d84e","buffer/src/main/java/io/netty/buffer/UnsafeDirectSwappedByteBuf.java","7","0","0","0","134","182","1"
"netty","f88dfd043030fd7ef68cd02d71894127cea35eab","buffer/src/main/java/io/netty/buffer/UnsafeDirectSwappedByteBuf.java","7","0","0","0","135","187","0"
"neo4j","5e8fd553e4e127000734e31d43f5623eea742f7d","enterprise/core-edge/src/main/java/org/neo4j/coreedge/core/state/machines/token/ReplicatedTokenHolder.java","7","0","0","0","138","178","1"
"elasticsearch","4ed7c2bd35f16e8ef679c5b99bb7e7b7b9d0558d","modules/transport-netty4/src/test/java/org/elasticsearch/http/netty4/Netty4HttpClient.java","7","0","0","0","140","191","1"
"elasticsearch","446037ccb815b4e193e91109b8e8715b6080d056","modules/transport-netty4/src/test/java/org/elasticsearch/http/netty4/Netty4HttpClient.java","7","0","0","0","147","200","0"
"hazelcast","eabe324354bceb67e70f4f1b1d8f789a03af4eeb","hazelcast-client/src/test/java/com/hazelcast/client/map/ClientMapPartitionLostListenerTest.java","7","0","0","0","153","192","0"
"elasticsearch","d8808210f14c8f340e79bc3426bb7ed34f65ef10","core/src/test/java/org/elasticsearch/client/transport/FailAndRetryMockTransport.java","7","0","0","0","154","215","0"
"neo4j","9ddf9bd0edcec9729ea812c8ac6e49e55e9faaac","community/kernel/src/main/java/org/neo4j/kernel/impl/store/kvstore/RotationState.java","7","0","0","0","155","202","1"
"netty","cb4b6734561e1d2aae52dd6168369d35899cc282","testsuite/src/test/java/io/netty/testsuite/transport/socket/SocketTestPermutation.java","7","0","0","0","159","209","0"
"hazelcast","d75a78c86ee1025480b81229eb8d920585b801c1","hazelcast/src/test/java/com/hazelcast/spi/impl/operationexecutor/slowoperationdetector/SlowOperationDetectorAbstractTest.java","7","0","0","0","193","258","0"
"hazelcast","49319704bba10767278ba562dc6b4c93c3b9ee6b","hazelcast-client/src/test/java/com/hazelcast/client/map/ClientMapIssueTest.java","7","0","0","0","198","269","0"
"hazelcast","80b31b021525166fdb318b692f740b679b333bc5","hazelcast-client/src/test/java/com/hazelcast/client/map/ClientMapIssueTest.java","7","0","0","0","199","271","1"
"hazelcast","de7eeadb70552d48e609f83978b0dbe04dc89c65","hazelcast-client/src/test/java/com/hazelcast/client/map/ClientMapIssueTest.java","7","0","0","0","204","276","1"
"hazelcast","b2603dd8cb27d40dbf0932dc4d80e60a3dde0ace","hazelcast/src/test/java/com/hazelcast/spi/impl/operationexecutor/slowoperationdetector/SlowOperationDetectorAbstractTest.java","7","0","0","0","210","279","0"
"hazelcast","1f042b8c4a4245594691bb6d85a66ceed9b43068","hazelcast/src/test/java/com/hazelcast/spi/impl/operationexecutor/slowoperationdetector/SlowOperationDetectorAbstractTest.java","7","0","0","0","221","291","1"
"hazelcast","0226f1fccc3bf3ff10336b2dc656b76e22afb59b","hazelcast/src/test/java/com/hazelcast/spi/impl/operationexecutor/slowoperationdetector/SlowOperationDetectorAbstractTest.java","7","0","0","0","222","292","1"
"hazelcast","14b50ee3d45383c42d2a818c1ffd5f13edd7dbed","hazelcast/src/test/java/com/hazelcast/spi/impl/operationexecutor/slowoperationdetector/SlowOperationDetectorAbstractTest.java","7","0","0","0","223","293","0"
"neo4j","fb575d4ca416c9d2730f19ca3da11efc309d6348","enterprise/causal-clustering/src/main/java/org/neo4j/causalclustering/discovery/HazelcastCoreTopologyService.java","7","0","0","0","246","319","1"
"netty","956a757d37c52d550aebdbfaf3d68863baa2a765","buffer/src/main/java/io/netty/buffer/PooledHeapByteBuf.java","7","0","0","0","248","303","0"
"netty","115d3576be47804aa985d1749e0cfa427d3714f9","buffer/src/main/java/io/netty/buffer/PooledHeapByteBuf.java","7","0","0","0","249","304","1"
"netty","53fcff2eab7836bcf2be262e1fd12712117c4797","buffer/src/main/java/io/netty/buffer/PooledHeapByteBuf.java","7","0","0","0","251","307","0"
"netty","68b616728a08b78f3af77f288f103c1cb0ba2c9c","buffer/src/main/java/io/netty/buffer/PooledHeapByteBuf.java","7","0","0","0","252","308","0"
"netty","187efca9aa30b4c74bccd5356dd19b34cbf3f010","transport/src/main/java/io/netty/channel/AbstractChannelHandlerContext.java","7","0","0","0","274","351","0"
"netty","421eabe666f5eb3c760c757e991e4f37213f7333","transport/src/main/java/io/netty/channel/DefaultEventExecutor.java","7","0","0","0","28","51","0"
"netty","505e767a09bc5d55cd0df35b8e0f8c59e9f7c507","transport/src/main/java/io/netty/channel/local/LocalEventLoop.java","7","0","0","0","32","56","1"
"netty","421eabe666f5eb3c760c757e991e4f37213f7333","transport/src/main/java/io/netty/channel/socket/aio/AioEventLoop.java","7","0","0","0","33","57","0"
"netty","421eabe666f5eb3c760c757e991e4f37213f7333","transport/src/main/java/io/netty/channel/local/LocalEventLoop.java","7","0","0","0","34","58","0"
"elasticsearch","257a7d77edf42b17e6c645bae99d5957f0b5732f","modules/lang-painless/src/main/java/org/elasticsearch/painless/antlr/PainlessLexer.java","7","0","0","0","358","394","0"
"elasticsearch","490d29f4fc15d8d156d814a49194e619b687b96a","modules/lang-painless/src/main/java/org/elasticsearch/painless/antlr/PainlessLexer.java","7","0","0","0","358","396","1"
"netty","6cf2748dbb49485b7f0851054dd0ad1776f0c5bd","codec/src/main/java/io/netty/handler/codec/compression/ZlibUtil.java","7","0","0","0","40","67","0"
"hazelcast","3a5a23328d705b9b8997d7a0665b65832b4aecf0","hazelcast/src/main/java/com/hazelcast/map/impl/mapstore/writebehind/AbstractDelayedEntry.java","7","0","0","0","40","73","2"
"hazelcast","b0236fbfb666a396a31681f3aac2fc0e01b2d12a","hazelcast/src/main/java/com/hazelcast/map/impl/mapstore/writebehind/AbstractDelayedEntry.java","7","0","0","0","43","77","1"
"hazelcast","e02c887e41aba50fe5698d5191033ec679b659fc","hazelcast/src/main/java/com/hazelcast/map/impl/mapstore/writebehind/AbstractDelayedEntry.java","7","0","0","0","43","77","1"
"hazelcast","7eeda2743e6e66f523d335fb934aa079ea87e5f2","hazelcast/src/main/java/com/hazelcast/map/impl/mapstore/writebehind/AbstractDelayedEntry.java","7","0","0","0","43","77","0"
"hazelcast","4a7940a4f5a775a9cca1a283ae88d7fdf0cfc125","hazelcast-hibernate/hazelcast-hibernate4/src/main/java/com/hazelcast/hibernate/local/TimestampsRegionCache.java","7","0","0","0","45","72","0"
"hazelcast","887020776ca00d93a5cb67150290686305a5b152","hazelcast/src/test/java/com/hazelcast/test/MergeBarrier.java","7","0","0","0","47","67","1"
"hazelcast","1cb75df061479377db7a716f236b127b37233410","hazelcast-hibernate/hazelcast-hibernate4/src/main/java/com/hazelcast/hibernate/local/TimestampsRegionCache.java","7","0","0","0","49","77","0"
"elasticsearch","3cb307462dba82409bd549b3c25f581b03d69244","core/src/main/java/org/elasticsearch/common/util/BigObjectArray.java","7","0","0","0","52","88","2"
"elasticsearch","3d13c27fa0df12018f35f1b20987c90277e9b6f9","core/src/main/java/org/elasticsearch/common/util/BigObjectArray.java","7","0","0","0","52","88","1"
"elasticsearch","2bd09c4625898d77aa6c015c6f82cf973ed18cb7","core/src/main/java/org/elasticsearch/common/util/BigObjectArray.java","7","0","0","0","52","88","0"
"elasticsearch","4a49f4d928d4dedbff0183890d23fa0e9b71b1dc","core/src/main/java/org/elasticsearch/percolator/SingleDocumentPercolatorIndex.java","7","0","0","0","53","90","1"
"netty","79e236dfc2eebbe025b80bc7b410609c548c8bad","common/src/main/java/io/netty/util/internal/JavassistTypeParameterMatcherGenerator.java","7","0","0","0","54","85","1"
"elasticsearch","5278cf0d5e1afa6cf6d0959e839c0ed2408908f8","core/src/main/java/org/elasticsearch/percolator/SingleDocumentPercolatorIndex.java","7","0","0","0","54","91","0"
"elasticsearch","00de8e07fc3df9c763bbc0b6890217dc5b6bee3e","modules/ingest-common/src/main/java/org/elasticsearch/ingest/common/AbstractStringProcessor.java","7","0","0","0","54","92","3"
"hazelcast","2510ac6c3f371032d6aceabd20dac63be71957ee","hazelcast-client/src/main/java/com/hazelcast/client/connection/nio/AbstractClientSelectionHandler.java","7","0","0","0","55","82","0"
"elasticsearch","f18d5f22ce8649ac5ca58c7c275946e6a069ca84","core/src/main/java/org/elasticsearch/common/settings/AddStringKeyStoreCommand.java","7","0","0","0","55","90","0"
"elasticsearch","e024c67561c547b5194d00ea5e5f518a1a96fe63","core/src/main/java/org/elasticsearch/common/util/BigObjectArray.java","7","0","0","0","56","96","0"
"hazelcast","1db7424d387f04d32e0bea688b1d0337c6f88c11","hazelcast-client/src/main/java/com/hazelcast/client/connection/nio/AbstractClientSelectionHandler.java","7","0","0","0","57","84","3"
"elasticsearch","e1efd5f6baf8dec1c23c79b346b8a29f234a98bb","core/src/main/java/org/elasticsearch/common/inject/SingleMethodInjector.java","7","0","0","0","57","88","0"
"hazelcast","70d4de16ff0ac4518d09aad8c9f2ad9e782fb337","hazelcast/src/main/java/com/hazelcast/internal/serialization/impl/StreamSerializerAdapter.java","7","0","0","0","58","92","1"
"hazelcast","33c586d7fe567235e2216b7c79dd29adee22d5d0","hazelcast/src/main/java/com/hazelcast/internal/nearcache/impl/preloader/NearCachePreloaderLock.java","7","0","0","0","59","87","0"
"hazelcast","f5df32aafc9524e30a5b4466bc5d3a65ef6f6310","hazelcast-client/src/main/java/com/hazelcast/client/connection/nio/AbstractClientSelectionHandler.java","7","0","0","0","60","87","0"
"hazelcast","126e14b751c60a2bc5522ebb6d487b0d64277821","hazelcast-client/src/main/java/com/hazelcast/client/connection/nio/AbstractClientSelectionHandler.java","7","0","0","0","61","88","1"
"hazelcast","db0fda1438546ac7bd661383ce9bd5fe06e78940","hazelcast/src/main/java/com/hazelcast/query/impl/DateHelper.java","7","0","0","0","62","97","1"
"hazelcast","e7a7fbc3bed33f2afb3316ab0723b3c68897ee00","hazelcast/src/main/java/com/hazelcast/query/DateHelper.java","7","0","0","0","62","97","1"
"hazelcast","ee487ab0afc82ccec0c923237e282daef9b91c39","hazelcast/src/main/java/com/hazelcast/query/impl/DateHelper.java","7","0","0","0","62","97","1"
"hazelcast","c35c08cf916dd40b9b60202c8cabeb9343eb802b","hazelcast/src/main/java/com/hazelcast/query/DateHelper.java","7","0","0","0","62","97","0"
"hazelcast","59c4822d4ad5dfac4cecd11231280baa33d4aa35","hazelcast/src/main/java/com/hazelcast/topic/proxy/TopicProxySupport.java","7","0","0","0","63","98","1"
"hazelcast","045b97bc6c971aca3a7d2618b899d25a72a95dc8","hazelcast/src/main/java/com/hazelcast/map/impl/operation/AbstractMultipleEntryBackupOperation.java","7","0","0","0","64","101","0"
"elasticsearch","2a26ae1d6a4daf93432a496aba2f63cfef00855f","core/src/main/java/org/elasticsearch/plugins/RemovePluginCommand.java","7","0","0","0","64","107","0"
"elasticsearch","78574d248cf10dad1c5a566fda79e1e0c94afe43","core/src/main/java/org/elasticsearch/bootstrap/Elasticsearch.java","7","0","0","0","65","116","1"
"elasticsearch","e6aaaf11ed4a1b8f595f920de1840938eddb7a97","core/src/main/java/org/elasticsearch/bootstrap/Elasticsearch.java","7","0","0","0","65","116","1"
"elasticsearch","a60b8948ba1d836a6eac7cff095519e618939ed8","core/src/main/java/org/elasticsearch/bootstrap/Elasticsearch.java","7","0","0","0","65","116","0"
"hazelcast","39091ff574efe84ae6a3d772a1b7cfce80f4f2e0","hazelcast/src/main/java/com/hazelcast/topic/proxy/TopicProxySupport.java","7","0","0","0","66","101","0"
"hazelcast","48ccb689ade8d8b2bd589727a2bc6768649d74a0","hazelcast/src/main/java/com/hazelcast/nio/serialization/StreamSerializerAdapter.java","7","0","0","0","67","103","0"
"hazelcast","4d8aae6dd931c55b38df88e7e066c3f862b36bac","hazelcast/src/main/java/com/hazelcast/partition/impl/ResetReplicaVersionOperation.java","7","0","0","0","67","107","1"
"elasticsearch","7f6e0c6c0203fd67713ae0bc6dbbc20a18817df7","modules/lang-painless/src/main/java/org/elasticsearch/painless/node/LDefCall.java","7","0","0","0","67","116","0"
"elasticsearch","21ff90fed33fc4ce9b1d16e678fc6a2f82dabcc2","core/src/main/java/org/elasticsearch/action/ingest/WriteableIngestDocument.java","7","0","0","0","68","100","1"
"elasticsearch","78574d248cf10dad1c5a566fda79e1e0c94afe43","core/src/main/java/org/elasticsearch/action/ingest/WriteableIngestDocument.java","7","0","0","0","68","100","1"
"elasticsearch","e6aaaf11ed4a1b8f595f920de1840938eddb7a97","core/src/main/java/org/elasticsearch/action/ingest/WriteableIngestDocument.java","7","0","0","0","68","100","1"
"elasticsearch","a60b8948ba1d836a6eac7cff095519e618939ed8","core/src/main/java/org/elasticsearch/action/ingest/WriteableIngestDocument.java","7","0","0","0","68","100","0"
"elasticsearch","97a2c4523de9801b8a0ddbe8b056b128f968e327","core/src/main/java/org/elasticsearch/bootstrap/Spawner.java","7","0","0","0","69","138","0"
"hazelcast","2df063d441d3830ee797541830899e3248a8590e","hazelcast/src/main/java/com/hazelcast/partition/impl/ClearReplicaOperation.java","7","0","0","0","70","104","0"
"hazelcast","b1556cb737bd13095ea68036af59c6a61c350931","hazelcast/src/main/java/com/hazelcast/partition/impl/ClearReplicaOperation.java","7","0","0","0","70","104","0"
"hazelcast","1c52b3168b2cb32e5b01cf28812512ae01cf5b94","hazelcast/src/main/java/com/hazelcast/partition/impl/ClearReplicaOperation.java","7","0","0","0","70","104","1"
"hazelcast","18f96b031b99440d92e94924f062931d6c376c48","hazelcast/src/main/java/com/hazelcast/map/impl/operation/AbstractMultipleEntryBackupOperation.java","7","0","0","0","70","108","1"
"hazelcast","5a57eb26af471d5413737263c789905f0f3e8b1b","hazelcast/src/main/java/com/hazelcast/cluster/impl/ClusterStateLock.java","7","0","0","0","70","119","1"
"netty","2304913341ef3f239e5509a46921a5c65bbbe360","transport/src/main/java/io/netty/channel/socket/oio/OioDatagramWorker.java","7","0","0","0","73","112","2"
"oryx","03f2c7f0ebb0042b92e67815be63d6b9b5cddedc","framework/oryx-lambda/src/main/java/com/cloudera/oryx/lambda/batch/ValueWritableConverter.java","7","0","0","0","73","119","0"
"elasticsearch","4d05c9cfd5cc889be77ec16730517d5417438e92","src/main/java/org/elasticsearch/index/fielddata/ordinals/PositiveIntPool.java","7","0","0","0","74","147","1"
"hazelcast","2af0e3527b78f6dfd8819995fa103791450de66c","hazelcast/src/main/java/com/hazelcast/internal/partition/impl/CheckReplicaVersionTask.java","7","0","0","0","75","108","2"
"elasticsearch","f7b720472138dc342a5081513cbdbcd880531cc5","modules/lang-painless/src/main/java/org/elasticsearch/painless/node/LDefCall.java","7","0","0","0","75","126","0"
"elasticsearch","2ca7072b2447d374eb9c58cf81477c2aa01c351c","distribution/tools/plugin-cli/src/main/java/org/elasticsearch/plugins/RemovePluginCommand.java","7","0","0","0","76","135","0"
"elasticsearch","473e98981bcbac246ade6f27da13aa0238b0c8f5","distribution/tools/plugin-cli/src/main/java/org/elasticsearch/plugins/RemovePluginCommand.java","7","0","0","0","76","144","0"
"hazelcast","8be13173f139312e9bcbe1b1ff65269b165fce5d","hazelcast/src/main/java/com/hazelcast/executor/impl/CancellableDelegatingFuture.java","7","0","0","0","78","108","1"
"elasticsearch","99126506416d157ef2a55b1f6492777bfef3019f","distribution/tools/plugin-cli/src/main/java/org/elasticsearch/plugins/RemovePluginCommand.java","7","0","0","0","80","149","0"
"neo4j","21dc057a8a68245281a22d7bdb8da5ae2103f057","enterprise/core-edge/src/main/java/org/neo4j/coreedge/raft/log/segmented/SegmentHeader.java","7","0","0","0","84","123","0"
"hazelcast","4a91f4eef271a8a8387d2e72b4d9b7fe1ce63c72","hazelcast/src/main/java/com/hazelcast/internal/diagnostics/DiagnosticsLogFile.java","7","0","0","0","85","130","0"
"elasticsearch","4b80e1a5cab3ca7a8b9c5eec2debdf5c53de7808","plugins/repository-hdfs/src/main/java/org/elasticsearch/repositories/hdfs/HdfsBlobStore.java","7","0","0","0","86","132","1"
"elasticsearch","f5edd5049a2cb824eb66c75047f920bf76dd423e","plugins/repository-hdfs/src/main/java/org/elasticsearch/repositories/hdfs/HdfsBlobStore.java","7","0","0","0","87","131","0"
"hazelcast","bca81b81925f5dd679eb6d96fb81676b617acc6a","hazelcast-hibernate/hazelcast-hibernate4/src/main/java/com/hazelcast/hibernate/serialization/Hibernate41CacheEntrySerializer.java","7","0","0","0","88","129","0"
"elasticsearch","e54dd688a1c5c78a2637b7ab264f6eabc0352985","src/main/java/org/elasticsearch/bootstrap/JNAKernel32Library.java","7","0","0","0","89","224","0"
"elasticsearch","8ace37e2146195d55eab2e5352114300b2a51ac3","plugins/ingest-attachment/src/main/java/org/elasticsearch/ingest/attachment/TikaImpl.java","7","0","0","0","94","155","2"
"hazelcast","7e9aaf983ea251e7252a8ed8cd1ea0b00cad40cf","hazelcast-hibernate/hazelcast-hibernate4/src/main/java/com/hazelcast/hibernate/serialization/ExpiryMarker.java","7","0","0","0","95","164","1"
"elasticsearch","2b15d20f9351b2625825153dc87381eb037b20aa","plugins/ingest-attachment/src/main/java/org/elasticsearch/ingest/attachment/TikaImpl.java","7","0","0","0","99","162","0"
"oryx","49c1ead1c67cc8b980a4be36cff731a14ba4f3fb","framework/oryx-lambda/src/test/java/com/cloudera/oryx/lambda/batch/AbstractBatchIT.java","7","0","0","1","103","146","0"
"oryx","66c74821b0219328955c47fac225166c40655fb5","oryx-lambda/src/test/java/com/cloudera/oryx/lambda/AbstractBatchIT.java","7","0","0","1","104","146","1"
"oryx","d6687d2eb4391d042aa1d5e80653326e501b0fed","framework/oryx-lambda/src/test/java/com/cloudera/oryx/lambda/batch/AbstractBatchIT.java","7","0","0","1","104","147","1"
"oryx","2ca76e7a17cb7b04c628a6e7322fd66328caf514","oryx-lambda/src/test/java/com/cloudera/oryx/lambda/AbstractBatchIT.java","7","0","0","1","106","150","0"
"elasticsearch","90c2b3a384c036e7f9345b2586e69fda056387fd","core/src/test/java/org/elasticsearch/index/mapper/geo/GeoShapeFieldTypeTests.java","7","0","0","1","29","52","1"
"mcMMO","7814fa8d46b5e364065b3dfbdeb9948dd2812eba","src/main/java/com/gmail/nossr50/commands/spout/XplockCommand.java","7","0","0","1","52","65","0"
"orientdb","c871bcbc93f785701cc81e159699c0d2229569b3","distributed/src/test/java/com/orientechnologies/orient/server/distributed/asynch/TestAsyncReplMode2Servers2OpsCommitConcurrent.java","7","0","0","1","64","89","0"
"mcMMO","8dfa8c20f32e391c3d299abc51514a6601ed6e80","src/main/java/com/gmail/nossr50/skills/acrobatics/RollEventHandler.java","7","0","0","1","70","98","4"
"hazelcast","620258d135b49f217ccf58b36bbbe31f4198bb18","hazelcast/src/test/java/com/hazelcast/replicatedmap/ReplicatedMapBaseTest.java","7","0","0","1","71","84","1"
"BroadleafCommerce","e216da5ebb303680f5c60ffcd75979f5876ab5a6","common/src/main/java/org/broadleafcommerce/common/site/dao/SiteDaoImpl.java","7","0","0","10","114","159","0"
"elasticsearch","5337686d8d39568f94b0b976bd9098af69214302","core/src/test/java/org/elasticsearch/node/internal/InternalSettingsPreparerTests.java","7","0","0","10","147","188","0"
"hazelcast","b613b887137b35438048ddeba97940e1f70b8f7e","hazelcast-spring/src/test/java/com/hazelcast/spring/security/SecureApplicationContextTest.java","7","0","0","10","151","185","0"
"hazelcast","2a8c619aa2ef11dc8700117a562e641cbc6d0e59","hazelcast-client/src/test/java/com/hazelcast/client/connectionstrategy/ConfiguredBehaviourTest.java","7","0","0","10","171","247","1"
"hazelcast","592185490d2c3401d8a58d96310cb914db6362e5","hazelcast-client/src/test/java/com/hazelcast/client/connectionstrategy/ConfiguredBehaviourTest.java","7","0","0","10","174","253","0"
"neo4j","e6f84e88fecffdd2dd28e4ee978d77df94914908","community/consistency-check/src/main/java/org/neo4j/consistency/ConsistencyCheckService.java","7","0","0","10","188","239","1"
"neo4j","6b75a9235ea38e0c47caacd25cc919023c0c958b","community/consistency-check/src/main/java/org/neo4j/consistency/ConsistencyCheckService.java","7","0","0","10","190","241","0"
"hazelcast","4ca7f16038918a0fa1e680ab06f1237839c7e805","hazelcast-client/src/test/java/com/hazelcast/client/ClientMaxAllowedInvocationTest.java","7","0","0","10","196","253","0"
"hazelcast","8fb478edd7f05c3874592dfd54abd9bd62b8e5d3","hazelcast/src/test/java/com/hazelcast/instance/NodeStateTest.java","7","0","0","10","224","283","1"
"elasticsearch","c315d54c2a6695301512fecdccb8f7de22e3ccfe","core/src/test/java/org/elasticsearch/ElasticsearchExceptionTests.java","7","0","0","10","279","332","0"
"elasticsearch","56b394170653ee590cf9908509be00fab690d918","src/test/java/org/elasticsearch/index/mapper/date/SimpleDateMappingTests.java","7","0","0","10","287","360","0"
"elasticsearch","a7b2bdca4c8779e1fca6d89db8967233e42136ec","src/test/java/org/elasticsearch/index/mapper/date/SimpleDateMappingTests.java","7","0","0","10","290","364","4"
"elasticsearch","1959275622ca35997420213d979a1724944aa4f6","src/test/java/org/elasticsearch/index/mapper/date/SimpleDateMappingTests.java","7","0","0","10","304","378","2"
"elasticsearch","d8ff6e9831ede9782d913b67fa04102c2d1182d1","core/src/test/java/org/elasticsearch/index/mapper/NumberFieldMapperTests.java","7","0","0","10","307","404","0"
"netty","9bfeab2c8a802b24e867c8f1ba424969ce206903","transport/src/test/java/io/netty/bootstrap/BootstrapTest.java","7","0","0","10","314","390","0"
"hazelcast","aade3fad25e1b222620893449c360ce4a0d1fa33","hazelcast/src/test/java/com/hazelcast/spi/impl/operationservice/impl/BackpressureRegulatorStressTest.java","7","0","0","10","331","405","1"
"hazelcast","4fcdbb4fae036d1a1ff1483e66b91117270bdc8c","hazelcast/src/test/java/com/hazelcast/spi/impl/operationservice/impl/BackpressureRegulatorStressTest.java","7","0","0","10","333","408","0"
"orientdb","a2eaf6636bb600c7e6d311b0bb7d112bbaafb4a0","etl/src/main/java/com/orientechnologies/orient/etl/listener/OETLScriptImporterListener.java","7","0","0","10","67","105","0"
"hazelcast","69363dded59b4234b1e7d307ed57d38f5d2e9b53","hazelcast/src/main/java/com/hazelcast/map/impl/operation/BasePutOperation.java","7","0","0","10","84","117","1"
"neo4j","7e353eb373c1368391d8a6cbff32a76104a582d9","community/server/src/main/java/org/neo4j/server/rest/dbms/AuthorizedRequestWrapper.java","7","0","0","10","90","128","0"
"hazelcast","dbb18e25a663c5e6adb487988baadf849f66f29e","hazelcast/src/test/java/com/hazelcast/query/PredicateBuilderTest.java","7","0","0","10","93","130","0"
"hazelcast","337ada6c765ca1ff34f8d059805cbeb9b1999053","hazelcast/src/main/java/com/hazelcast/concurrent/lock/operations/AwaitOperation.java","7","0","0","10","94","134","1"
"hazelcast","0969a77c4496c3ed2fac8008bba22601d8e3d5b0","hazelcast-spring/src/test/java/com/hazelcast/spring/cache/TestCacheManager.java","7","0","0","11","115","165","0"
"hazelcast","787d2c8137c39647dd9060a4c028bb729245cc67","hazelcast-spring/src/test/java/com/hazelcast/spring/cache/TestCacheManager.java","7","0","0","11","116","166","0"
"hazelcast","59c4822d4ad5dfac4cecd11231280baa33d4aa35","hazelcast/src/main/java/com/hazelcast/map/client/MapAddEntryListenerRequest.java","7","0","0","11","119","156","1"
"hazelcast","78b0c62e2d641993c48a7d50cdb0278650a1afe4","hazelcast-spring/src/test/java/com/hazelcast/spring/cache/TestCacheManager.java","7","0","0","11","120","170","1"
"elasticsearch","a3f51544d51f8fc88595d40432e7bccb08a62930","src/test/java/org/elasticsearch/action/bulk/BulkRequestTests.java","7","0","0","11","143","181","1"
"elasticsearch","07c2fbf83a6786835462630f640584d1932a4a29","plugins/ingest-geoip/src/test/java/org/elasticsearch/ingest/geoip/GeoIpProcessorFactoryTests.java","7","0","0","11","155","200","0"
"neo4j","5733d897307f8751380bb8a40beb028f8f9d0f62","enterprise/causal-clustering/src/test/java/org/neo4j/causalclustering/scenarios/CoreReplicationIT.java","7","0","0","11","194","317","1"
"elasticsearch","be19ccef573b4e9a839159157d7e6c2645261897","core/src/test/java/org/elasticsearch/gateway/AsyncShardFetchTests.java","7","0","0","11","251","361","0"
"neo4j","1645441a60cf0a77d557be1b8d3faa83fae08c77","enterprise/causal-clustering/src/test/java/org/neo4j/causalclustering/load_balancing/procedure/GetServersProcedureV1Test.java","7","0","0","11","337","475","1"
"neo4j","6582eed76b5a4b0e0066c03983dd7a97716f51dc","enterprise/causal-clustering/src/test/java/org/neo4j/causalclustering/load_balancing/procedure/GetServersProcedureV1Test.java","7","0","0","11","338","476","0"
"neo4j","6f1ada5aaa5bb07edf94f944d05b0548602956f2","enterprise/cluster/src/main/java/org/neo4j/cluster/InstanceId.java","7","0","0","11","69","106","0"
"netty","2adebc4c54ae98565db8e2a3c02b2ffaa0c101fe","handler/src/main/java/io/netty/handler/logging/MessageLoggingHandler.java","7","0","0","11","72","102","1"
"hazelcast","159c4a53940c2170c905d13fc1fc784cf59279c9","hazelcast/src/main/java/com/hazelcast/map/operation/BasePutOperation.java","7","0","0","11","74","106","1"
"hazelcast","b01ad95e9c86cf4a9fe4d322d7372fec3d4107f9","hazelcast/src/main/java/com/hazelcast/map/impl/operation/BasePutOperation.java","7","0","0","11","74","106","1"
"hazelcast","86a8460b7e36376816dea524d18b755c5b2fc9e7","hazelcast/src/main/java/com/hazelcast/map/operation/BasePutOperation.java","7","0","0","11","74","106","0"
"elasticsearch","06667c6aa898895acd624b8a71a6e00ff7ae32b8","src/main/java/org/elasticsearch/common/geo/builders/MultiPolygonBuilder.java","7","0","0","11","79","120","1"
"elasticsearch","de7461efd038d566831fec871380f003a5821da6","src/main/java/org/elasticsearch/common/geo/builders/MultiPolygonBuilder.java","7","0","0","11","79","120","1"
"elasticsearch","c9893ba0c2ee8c703953fd45cb8e2bb668db5d49","src/main/java/org/elasticsearch/common/geo/builders/MultiPolygonBuilder.java","7","0","0","11","79","120","0"
"hazelcast","aad74a23fb8d827d138ef892b7ccf03dd6d41128","hazelcast/src/main/java/com/hazelcast/management/request/MapConfigRequest.java","7","0","0","11","89","121","0"
"hazelcast","06cffdc24c82d1dd0c8d59aa33f46ef5f6910782","hazelcast/src/main/java/com/hazelcast/map/impl/operation/PutBackupOperation.java","7","0","0","11","89","125","1"
"hazelcast","8e16f818bc2f1f07a02ca59bd2dbafb84e476939","hazelcast/src/main/java/com/hazelcast/map/impl/operation/PutBackupOperation.java","7","0","0","11","89","125","1"
"hazelcast","12e2af6c4b59fcb4dc5257758c8a911466677fd8","hazelcast/src/main/java/com/hazelcast/map/impl/operation/PutBackupOperation.java","7","0","0","11","89","125","0"
"neo4j","c83cbb3940c636ca45e134d31afefe760b35da39","enterprise/security/src/main/java/org/neo4j/server/security/enterprise/auth/ShiroAuthSubject.java","7","0","0","11","93","130","0"
"hazelcast","3a1d456848dcafbe8a777d7d33434d63a8db1f0d","hazelcast/src/main/java/com/hazelcast/concurrent/lock/operations/AwaitOperation.java","7","0","0","11","97","138","2"
"hazelcast","12350e00fb35dd6bc603bc396f99a6435d32d246","hazelcast/src/main/java/com/hazelcast/concurrent/lock/operations/AwaitOperation.java","7","0","0","11","99","140","2"
"neo4j","9a371bafe80ceb4e6cdc8502fbd22f9f8ec3d59d","enterprise/core-edge/src/main/java/org/neo4j/coreedge/raft/state/vote/VoteState.java","7","0","0","12","100","137","1"
"hazelcast","39091ff574efe84ae6a3d772a1b7cfce80f4f2e0","hazelcast/src/main/java/com/hazelcast/map/client/MapAddEntryListenerRequest.java","7","0","0","12","124","162","0"
"elasticsearch","059a675aa5aab0a2993adbfe6456da38fc480b90","core/src/test/java/org/elasticsearch/action/bulk/BulkRequestTests.java","7","0","0","12","138","175","1"
"neo4j","56a78bda41deece417a3107c86a15af02c417a17","community/io/src/main/java/org/neo4j/io/fs/FileVisitors.java","7","0","0","12","140","180","0"
"elasticsearch","a805cef045eca2ad0bdcf28b50105e01697bdf48","src/test/java/org/elasticsearch/action/bulk/BulkRequestTests.java","7","0","0","12","150","189","0"
"hazelcast","4ab01d3de56f9ea7777c8b3dff22f8cddabc6ac7","hazelcast/src/test/java/com/hazelcast/cluster/ConfigCheckTest.java","7","0","0","12","167","236","0"
"neo4j","36205d3138eff7e252a34c1a0224f84ad8747758","community/cypher/cypher/src/test/java/org/neo4j/cypher/internal/javacompat/NotificationAcceptanceTest.java","7","0","0","12","196","269","0"
"elasticsearch","77feabb3d5f2d522444b2dcc88fede7ecfa347d4","core/src/test/java/org/elasticsearch/indices/settings/UpdateSettingsIT.java","7","0","0","12","208","301","2"
"neo4j","cc70fd2dec3bdb31ecd79c7e164b1b11b85a77c2","community/neo4j-harness/src/main/java/org/neo4j/harness/internal/AbstractInProcessServerBuilder.java","7","0","0","12","223","284","1"
"elasticsearch","cb5c25ab4fb78c0da392726566ee3d74924454c5","core/src/main/java/org/elasticsearch/common/io/stream/ByteBufferStreamInput.java","7","0","0","12","75","110","0"
"elasticsearch","06667c6aa898895acd624b8a71a6e00ff7ae32b8","src/main/java/org/elasticsearch/common/geo/builders/MultiLineStringBuilder.java","7","0","0","12","87","125","0"
"elasticsearch","5910b17ece360ab03cb86cbfa46bd822c6e0da6b","src/main/java/org/elasticsearch/common/geo/builders/MultiLineStringBuilder.java","7","0","0","12","88","126","1"
"hazelcast","482ad20fbe8f493652228cf06776e23f6530acc2","hazelcast/src/test/java/com/hazelcast/map/mapstore/PostProcessingMapStoreTest.java","7","0","0","12","98","122","2"
"hazelcast","69363dded59b4234b1e7d307ed57d38f5d2e9b53","hazelcast/src/test/java/com/hazelcast/map/mapstore/PostProcessingMapStoreTest.java","7","0","0","12","99","122","1"
"BroadleafCommerce","14d2bad074311e7279f59a64b76e4670ee10de6e","core/broadleaf-profile/src/main/java/org/broadleafcommerce/profile/core/dao/CustomerDaoImpl.java","7","0","0","13","112","157","0"
"hazelcast","24c3d11a5d45dbb14b983245bd651a41ca67bc99","hazelcast/src/main/java/com/hazelcast/cache/impl/operation/CachePutAllOperation.java","7","0","0","13","122","159","1"
"hazelcast","7194b005e21b23959e0a78fffae841fe219b3614","hazelcast/src/main/java/com/hazelcast/map/client/MapAddEntryListenerRequest.java","7","0","0","13","125","165","1"
"hazelcast","a3507ca238034c2ea2fbb21034247eddd69117ef","hazelcast/src/test/java/com/hazelcast/util/executor/DelegatingFutureTest.java","7","0","0","13","178","225","0"
"elasticsearch","e13db1b269a070f739cff28094ebe949464ca501","core/src/test/java/org/elasticsearch/indices/settings/UpdateSettingsIT.java","7","0","0","13","215","313","0"
"neo4j","6ae0873e303c40548b80c8463588e28bf99217aa","community/neo4j-harness/src/main/java/org/neo4j/harness/internal/AbstractInProcessServerBuilder.java","7","0","0","13","229","291","0"
"neo4j","91330789762d74029c03f3158cbe4c49ec28e477","enterprise/ha/src/test/java/org/neo4j/kernel/ha/SlaveUpdatePullerTest.java","7","0","0","13","238","328","1"
"netty","81e2db10faaf0389f4e1af8c7132210946203157","handler/src/main/java/io/netty/handler/logging/MessageLoggingHandler.java","7","0","0","13","79","113","0"
"elasticsearch","598854dd72d7fb01a7e26a9dad065de3deaa5eb7","src/test/java/org/elasticsearch/discovery/ClusterDiscoveryConfiguration.java","7","0","0","13","99","142","0"
"BroadleafCommerce","6be50af6ae7eb09a7ca8299dcd80eb3debe11646","core/broadleaf-framework/src/main/java/org/broadleafcommerce/core/payment/service/OrderPaymentServiceImpl.java","7","0","0","14","129","179","0"
"hazelcast","4d8aae6dd931c55b38df88e7e066c3f862b36bac","hazelcast/src/test/java/com/hazelcast/map/MapPartitionLostListenerStressTest.java","7","0","0","14","141","174","1"
"elasticsearch","5a08e36f9cec26c0b9cbc67c8b8f0a07a6c16b17","modules/lang-painless/src/test/java/org/elasticsearch/painless/BasicStatementTests.java","7","0","0","14","177","227","1"
"elasticsearch","0a69f1e283e26e5d9e6a000b68b9f4778de557a1","core/src/test/java/org/elasticsearch/index/mapper/source/DefaultSourceMappingTests.java","7","0","0","14","227","299","2"
"elasticsearch","5a64f08f048461a63a0ca1354a5050c954e63d52","core/src/test/java/org/elasticsearch/index/mapper/source/DefaultSourceMappingTests.java","7","0","0","14","234","307","0"
"neo4j","7cc8aef4d3f24dcc9eaebc6f538c91cf32c97b95","community/kernel/src/test/java/org/neo4j/kernel/builtinprocs/BuiltInProceduresTest.java","7","0","0","14","339","449","0"
"hazelcast","e1b69c53ca4923affcd7722f012a80e32517e988","hazelcast/src/main/java/com/hazelcast/internal/cluster/impl/MembersViewMetadata.java","7","0","0","14","87","127","0"
"elasticsearch","78574d248cf10dad1c5a566fda79e1e0c94afe43","core/src/main/java/org/elasticsearch/action/admin/cluster/storedscripts/PutStoredScriptRequest.java","7","0","0","14","88","127","1"
"elasticsearch","e6aaaf11ed4a1b8f595f920de1840938eddb7a97","core/src/main/java/org/elasticsearch/action/admin/cluster/storedscripts/PutStoredScriptRequest.java","7","0","0","14","88","127","1"
"elasticsearch","a60b8948ba1d836a6eac7cff095519e618939ed8","core/src/main/java/org/elasticsearch/action/admin/cluster/storedscripts/PutStoredScriptRequest.java","7","0","0","14","88","127","0"
"BroadleafCommerce","a123490bf8739e5f97e6b93fb3b641c528bccb6a","core/broadleaf-framework/src/main/java/org/broadleafcommerce/core/offer/service/discount/domain/PromotableOrderItemPriceDetailAdjustmentImpl.java","7","0","0","15","115","163","0"
"hazelcast","70d4de16ff0ac4518d09aad8c9f2ad9e782fb337","hazelcast/src/main/java/com/hazelcast/spi/impl/UnmodifiableLazyList.java","7","0","0","15","133","179","1"
"neo4j","c78d5b9a732e8512a6136e4194de35dbffdeaca6","enterprise/causal-clustering/src/main/java/org/neo4j/causalclustering/catchup/storecopy/LocalDatabase.java","7","0","0","15","151","193","1"
"elasticsearch","f35cd0e30ad5463f774a310680fae2c3e7055b86","modules/lang-painless/src/test/java/org/elasticsearch/painless/BasicStatementTests.java","7","0","0","15","198","250","0"
"elasticsearch","fbcfddbb77c2763f4c1a8585b28cb7a37e2b5284","modules/lang-painless/src/test/java/org/elasticsearch/painless/BasicStatementTests.java","7","0","0","15","224","276","1"
"hazelcast","e1b69c53ca4923affcd7722f012a80e32517e988","hazelcast/src/test/java/com/hazelcast/cluster/ClusterMembershipListenerTest.java","7","0","0","15","232","327","0"
"elasticsearch","62b821ccf4e2bf221382df85e2785016f74012bc","core/src/test/java/org/elasticsearch/index/mapper/CompletionFieldMapperTests.java","7","0","0","15","367","431","1"
"hazelcast","0f0ade6c45384284ab6b222ddf9c2df333fd693c","hazelcast/src/main/java/com/hazelcast/map/impl/PartitionContainer.java","7","0","0","16","128","191","0"
"elasticsearch","72ef6fa0d76984de2a860fb112f10b1ed65c241b","core/src/test/java/org/elasticsearch/action/support/AutoCreateIndexTests.java","7","0","0","16","167","212","0"
"elasticsearch","93567a2f1b3c93f7ede97da6fa6fb6a2657aaa5e","core/src/test/java/org/elasticsearch/ingest/PipelineExecutionServiceTests.java","7","0","0","16","327","406","3"
"elasticsearch","0ad231546d70cd45ac5d7a32311c1cebb9b42293","core/src/test/java/org/elasticsearch/index/mapper/CompletionFieldMapperTests.java","7","0","0","16","380","446","1"
"elasticsearch","450f47d5b59f19f4d2056042db69732ac5c21bbf","core/src/test/java/org/elasticsearch/index/mapper/CompletionFieldMapperTests.java","7","0","0","16","380","446","1"
"elasticsearch","2a00c9dc46fe7ac5da04ea3e735985d3f02bc7bf","core/src/test/java/org/elasticsearch/index/mapper/CompletionFieldMapperTests.java","7","0","0","16","380","446","0"
"hazelcast","d568e4d926d925d57d4e79e34614390416749301","hazelcast/src/main/java/com/hazelcast/spi/impl/UnmodifiableLazyList.java","7","0","0","17","141","189","0"
"hazelcast","0a61d1993c8cf9dee111af675c9a52fc605aec63","hazelcast/src/test/java/com/hazelcast/util/ServiceLoaderTest.java","7","0","0","17","152","209","1"
"neo4j","6b75a9235ea38e0c47caacd25cc919023c0c958b","community/lucene-index/src/main/java/org/neo4j/kernel/api/impl/labelscan/LuceneLabelScanStore.java","7","0","0","18","160","210","0"
"neo4j","e6f84e88fecffdd2dd28e4ee978d77df94914908","community/lucene-index/src/main/java/org/neo4j/kernel/api/impl/labelscan/LuceneLabelScanStore.java","7","0","0","18","162","212","1"
"hazelcast","69975a8df84795d2fbd45e45b1d169e13fcbf0b1","hazelcast-wm/src/test/java/com/hazelcast/wm/test/WebFilterSlowTests.java","7","0","0","18","207","245","0"
"neo4j","0da6dae6f2ecbbab9a278f3757ef793cbe8d921f","community/kernel/src/test/java/org/neo4j/kernel/api/KernelTransactionImplementationTest.java","7","0","0","18","298","398","1"
"neo4j","d94daacb45225945a8ab3285f791f8ef58f943b0","community/kernel/src/test/java/org/neo4j/kernel/api/KernelTransactionImplementationTest.java","7","0","0","18","300","400","0"
"titan","ed88d7286080492045efafb45a69fa4cb6eeb94d","src/main/java/com/thinkaurelius/titan/graphdb/relations/SimpleProperty.java","7","0","0","18","93","120","0"
"BroadleafCommerce","64ee9c754b4adff1e55416fdd70d45b35f42d991","core/broadleaf-framework/src/main/java/org/broadleafcommerce/core/search/domain/FieldImpl.java","7","0","0","19","164","219","0"
"neo4j","56c75be93c599eeaed57ac24cbab75c3dd77eeb2","community/cypher/cypher/src/test/java/org/neo4j/cypher/internal/javacompat/NotificationAcceptanceTest.java","7","0","0","19","264","345","0"
"neo4j","c565fd94f62826af7e334282f0975a6f3d0e7f01","community/kernel/src/test/java/org/neo4j/kernel/api/KernelTransactionImplementationTest.java","7","0","0","19","310","417","1"
"neo4j","8ab0685a4620653b3c1764d5bd04598a2e954bb2","community/bolt/src/test/java/org/neo4j/bolt/v1/transport/integration/AuthenticationIT.java","7","0","0","19","424","584","1"
"neo4j","069d4fa96fad00d182daeb9570e124ae87f68f5f","community/bolt/src/test/java/org/neo4j/bolt/v1/transport/integration/AuthenticationIT.java","7","0","0","19","425","585","0"
"elasticsearch","c51ef0b2ca45878ea651341caa7e320a7c3ceb42","core/src/main/java/org/elasticsearch/action/search/TransportMultiSearchAction.java","7","0","0","2","111","184","0"
"neo4j","934072a0187279d79b381ad46f6270622ead3175","community/consistency-check/src/main/java/org/neo4j/consistency/checking/full/ConsistencyCheckTasks.java","7","0","0","2","115","164","1"
"neo4j","96b75bb344012a256b80b3e34629e9c7ad045396","community/consistency-check/src/main/java/org/neo4j/consistency/checking/full/ConsistencyCheckTasks.java","7","0","0","2","116","165","0"
"orientdb","bdab6165e6e087a2b1560d52716033e061ee353f","core/src/test/java/com/orientechnologies/orient/core/storage/impl/local/paginated/InvalidRemovedFileIdsIT.java","7","0","0","2","124","164","0"
"neo4j","31e72727f11b170442df6d1f0f060411ed644dce","community/shell/src/main/java/org/neo4j/shell/kernel/apps/cypher/Start.java","7","0","0","2","150","190","1"
"elasticsearch","f5542ed47fede3d086477995afbc6b330ff71d3e","core/src/test/java/org/elasticsearch/cluster/routing/allocation/FilterAllocationDeciderTests.java","7","0","0","2","154","195","1"
"hazelcast","16b978ac4b9160247824f12b4a1a03bb4327ba20","hazelcast-spring/src/test/java/com/hazelcast/spring/MyServiceConfigParser.java","7","0","0","2","25","45","0"
"BroadleafCommerce","f0a43a10b18a55908684479d3eadcb3822d3cd60","core/broadleaf-framework/src/main/java/org/broadleafcommerce/core/order/service/workflow/update/ValidateUpdateRequestActivity.java","7","0","0","2","35","67","0"
"orientdb","693119e3f1dab4ea8b67a35575ba1f7d1c0a970b","core/src/main/java/com/orientechnologies/common/util/HeapDumper.java","7","0","0","2","39","53","0"
"mcMMO","93548317293e2c6c5195544b99d4ce7d900abea1","src/main/java/com/gmail/nossr50/commands/general/SkillResetCommand.java","7","0","0","2","42","60","3"
"mcMMO","340c47eebdd5a7e0cf627b967fea7cca7f9d424f","src/main/java/com/gmail/nossr50/party/commands/PartyCreateCommand.java","7","0","0","2","47","62","0"
"elasticsearch","d4873bd6a58b3aaac4350c194b2fa3b6bbc6cfa7","src/test/java/org/elasticsearch/index/engine/robin/RobinEngineIntegrationTest.java","7","0","0","2","51","79","1"
"elasticsearch","0556c93920af457c0dfb41dc2f52013ebc3e136e","core/src/test/java/org/elasticsearch/discovery/zen/ZenPingTests.java","7","0","0","2","56","92","2"
"neo4j","5a6037343a508f5ea580978fe10b90f160e2b79c","community/server/src/main/java/org/neo4j/server/rest/transactional/Neo4jJsonCodec.java","7","0","0","2","57","85","1"
"hazelcast","5f401c5a7cd66c9419852d8bf95a871995d95c6e","hazelcast/src/test/java/com/hazelcast/internal/nearcache/AbstractNearCacheLeakTest.java","7","0","0","2","57","92","0"
"elasticsearch","577dcb32374cf2528a5deadf0a57f1ea1d5a9cbd","core/src/test/java/org/elasticsearch/discovery/zen/ZenPingTests.java","7","0","0","2","57","93","1"
"elasticsearch","4b94eb5cb8cc4294ed0e932a5f22c16bd90d4dd7","core/src/main/java/org/elasticsearch/action/admin/indices/template/get/TransportGetIndexTemplatesAction.java","7","0","0","2","59","90","2"
"elasticsearch","860efb2ad28db09189c8423e05d0dba53010259c","core/src/main/java/org/elasticsearch/action/admin/indices/template/get/TransportGetIndexTemplatesAction.java","7","0","0","2","59","90","2"
"elasticsearch","d3417fb02291f26964d77767020ef345d18c148f","core/src/main/java/org/elasticsearch/action/admin/indices/template/get/TransportGetIndexTemplatesAction.java","7","0","0","2","59","90","0"
"elasticsearch","b66a3b7c5974d2d1b9a843817713528aac5ddb59","modules/test/integration/src/test/java/org/elasticsearch/test/stress/get/GetStressTest.java","7","0","0","2","62","96","0"
"elasticsearch","4b94eb5cb8cc4294ed0e932a5f22c16bd90d4dd7","core/src/main/java/org/elasticsearch/action/admin/indices/settings/get/TransportGetSettingsAction.java","7","0","0","2","68","100","2"
"elasticsearch","860efb2ad28db09189c8423e05d0dba53010259c","core/src/main/java/org/elasticsearch/action/admin/indices/settings/get/TransportGetSettingsAction.java","7","0","0","2","68","100","2"
"elasticsearch","d3417fb02291f26964d77767020ef345d18c148f","core/src/main/java/org/elasticsearch/action/admin/indices/settings/get/TransportGetSettingsAction.java","7","0","0","2","68","100","0"
"elasticsearch","51d53791fe71c9cb62bc992588a57cdfb500383f","core/src/main/java/org/elasticsearch/rest/action/cat/RestAliasAction.java","7","0","0","2","68","106","0"
"hazelcast","066e196ee5ce6fddb4b079440db37ba153388167","hazelcast/src/main/java/com/hazelcast/map/impl/MapKeyLoaderUtil.java","7","0","0","2","69","107","1"
"oryx","aed5c73de7645c46f9fc3da32ea8c14fffe18e50","app/oryx-app/src/test/java/com/cloudera/oryx/app/speed/als/ALSSpeedIT.java","7","0","0","2","79","118","0"
"oryx","49c1ead1c67cc8b980a4be36cff731a14ba4f3fb","app/oryx-app-mllib/src/test/java/com/cloudera/oryx/app/batch/mllib/rdf/RDFNumericHyperParamTuningIT.java","7","0","0","2","88","124","0"
"hazelcast","a4035afdfc67b757940a15578bc51b4e7b6b0b13","hazelcast/src/main/java/com/hazelcast/client/impl/protocol/task/AbstractMultiTargetMessageTask.java","7","0","0","2","88","127","0"
"oryx","d6687d2eb4391d042aa1d5e80653326e501b0fed","app/oryx-app-mllib/src/test/java/com/cloudera/oryx/app/batch/mllib/rdf/RDFNumericHyperParamTuningIT.java","7","0","0","2","89","125","1"
"hazelcast","d38202141395360399c9cf97d4453adf5b1581e1","hazelcast/src/main/java/com/hazelcast/client/impl/protocol/task/AbstractMultiTargetMessageTask.java","7","0","0","2","89","128","1"
"elasticsearch","97559c0614d900a682d01afc241615cf5627fb4c","src/test/java/org/elasticsearch/index/engine/InternalEngineSettingsTest.java","7","0","0","2","92","138","0"
"elasticsearch","149629fec657e9948488195087f30583cd561f11","core/src/test/java/org/elasticsearch/action/search/TransportSearchActionTests.java","7","0","0","2","93","123","0"
"orientdb","44c2648739758518f2791d67b0a38fa49a5f3805","src/test/java/com/orientechnologies/test/JavaTest.java","7","0","0","2","95","126","0"
"hazelcast","f76b0c0f1372a7b1f2d84c33f88ac7aed1f61684","hazelcast/src/main/java/com/hazelcast/impl/Request.java","7","0","0","20","243","292","1"
"hazelcast","74b16ca65000a07f9b22b598844707b1a8b1ff2d","hazelcast/src/main/java/com/hazelcast/impl/Request.java","7","0","0","20","245","294","0"
"neo4j","7133cda9323ffdaf396536337cfebbdafab1cf1b","community/kernel/src/main/java/org/neo4j/kernel/impl/query/Neo4jTransactionalContext.java","7","0","0","20","249","327","1"
"neo4j","e5db6293c3260f28a9a9ecdd0970352162530f13","community/kernel/src/main/java/org/neo4j/kernel/impl/query/Neo4jTransactionalContext.java","7","0","0","20","254","339","0"
"netty","2adebc4c54ae98565db8e2a3c02b2ffaa0c101fe","transport/src/main/java/io/netty/channel/CombinedChannelHandler.java","7","0","0","21","145","192","1"
"neo4j","6d982cbbfe60b92ad8356dd0443631e6701d8ae9","enterprise/security/src/test/java/org/neo4j/server/security/enterprise/auth/ShiroAuthManagerTest.java","7","0","0","21","283","427","1"
"neo4j","99abe5c4afa2f26034fa586114f10589e685e985","community/kernel/src/test/java/org/neo4j/kernel/api/KernelTransactionImplementationTest.java","7","0","0","21","348","467","0"
"hazelcast","7994cf668ffb3c544293c8db025dc1a5db3ca032","hazelcast/src/main/java/com/hazelcast/impl/SetProxyImpl.java","7","0","0","22","171","235","0"
"hazelcast","029f887dc396134e2f7328b4b985d0628a09efee","hazelcast/src/test/java/com/hazelcast/util/ServiceLoaderTest.java","7","0","0","22","226","303","1"
"hazelcast","e8f677e06a7504cf63bc1918bccc12b7ea2b174f","hazelcast/src/test/java/com/hazelcast/cluster/BasicClusterStateTest.java","7","0","0","22","259","344","1"
"hazelcast","8dce70f48149681945a9329ded6522715a079e4c","hazelcast/src/test/java/com/hazelcast/cluster/BasicClusterStateTest.java","7","0","0","22","264","349","0"
"elasticsearch","6174e21f47244b6d5153d7d0cc1fe28fe863399d","core/src/test/java/org/elasticsearch/search/aggregations/metrics/CardinalityIT.java","7","0","0","22","340","449","1"
"netty","94dc09c33d41135c62ad524fd88ff580ff5b7639","transport/src/main/java/io/netty/channel/CombinedChannelHandler.java","7","0","0","23","153","201","0"
"netty","81e2db10faaf0389f4e1af8c7132210946203157","transport/src/main/java/io/netty/channel/CombinedChannelHandler.java","7","0","0","23","153","202","0"
"hazelcast","5322983f7b5146877ff41a3511b1cfa5d1aaa38f","hazelcast/src/main/java/com/hazelcast/impl/SetProxyImpl.java","7","0","0","23","178","245","0"
"neo4j","491723dc8ecc83b0208371a245709c8a190008f6","enterprise/security/src/test/java/org/neo4j/server/security/enterprise/auth/ShiroAuthManagerTest.java","7","0","0","23","308","466","0"
"BroadleafCommerce","19169d660ea7a1105278930452227879922d2123","core/broadleaf-framework/src/main/java/org/broadleafcommerce/core/offer/domain/OfferCodeImpl.java","7","0","0","24","205","267","3"
"BroadleafCommerce","7da760ada0cf3c3164075c970c90d47e36b4bef4","core/broadleaf-framework/src/main/java/org/broadleafcommerce/core/offer/domain/OfferCodeImpl.java","7","0","0","24","208","270","5"
"BroadleafCommerce","66b90df8e1d48dea727d19decebcf0b65113f2f1","core/broadleaf-framework/src/main/java/org/broadleafcommerce/core/search/domain/SearchFacetImpl.java","7","0","0","24","240","297","2"
"hazelcast","1d391b8702de52401643cc1d81fda8ce6ff4c2a0","hazelcast/src/test/java/com/hazelcast/util/ServiceLoaderTest.java","7","0","0","24","282","372","2"
"hazelcast","2016869d2c11bcf62e895b4f741fcc3c532cd18e","hazelcast/src/test/java/com/hazelcast/util/ServiceLoaderTest.java","7","0","0","24","282","372","1"
"hazelcast","9af6389d7a3ab6bd5e3cb3ded4a094034874133a","hazelcast/src/test/java/com/hazelcast/util/ServiceLoaderTest.java","7","0","0","24","282","372","1"
"hazelcast","fb3ad29dce210535edbae0e1f4af1a63cb07d11d","hazelcast/src/test/java/com/hazelcast/util/ServiceLoaderTest.java","7","0","0","24","282","372","2"
"hazelcast","6817c4cedd534da777049b687c8a594a170654d7","hazelcast/src/test/java/com/hazelcast/util/ServiceLoaderTest.java","7","0","0","24","282","372","0"
"hazelcast","8f4bd212b6f6d23d50698b5b31c2199105378cd5","hazelcast/src/test/java/com/hazelcast/util/ServiceLoaderTest.java","7","0","0","24","282","372","0"
"hazelcast","db2efafdcd0aa5c012c49b293965ce166b834979","hazelcast/src/test/java/com/hazelcast/util/ServiceLoaderTest.java","7","0","0","24","282","372","0"
"hazelcast","0cee1a21bc066da324875155e009d96f5f168fd7","hazelcast/src/test/java/com/hazelcast/util/ServiceLoaderTest.java","7","0","0","24","286","377","1"
"hazelcast","2a8c619aa2ef11dc8700117a562e641cbc6d0e59","hazelcast-client/src/test/java/com/hazelcast/client/spi/impl/discovery/ClientDiscoverySpiTest.java","7","0","0","27","458","599","1"
"hazelcast","4a553f9b78d4cd4414aee65577b8dfbaa42786ad","hazelcast-client/src/test/java/com/hazelcast/client/spi/impl/discovery/ClientDiscoverySpiTest.java","7","0","0","27","468","610","0"
"hazelcast","db147c73b8a6c64aa6b337496dc9bf646719ff5b","hazelcast-client/src/test/java/com/hazelcast/client/spi/impl/discovery/ClientDiscoverySpiTest.java","7","0","0","27","468","610","0"
"hazelcast","01ebbde6d05b1d317dc618e5cbb42bb93fc626bd","hazelcast-client/src/test/java/com/hazelcast/client/spi/impl/discovery/ClientDiscoverySpiTest.java","7","0","0","27","468","610","1"
"hazelcast","4a553f9b78d4cd4414aee65577b8dfbaa42786ad","hazelcast/src/test/java/com/hazelcast/spi/discovery/DiscoverySpiTest.java","7","0","0","28","515","654","0"
"hazelcast","db147c73b8a6c64aa6b337496dc9bf646719ff5b","hazelcast/src/test/java/com/hazelcast/spi/discovery/DiscoverySpiTest.java","7","0","0","28","515","654","0"
"hazelcast","01ebbde6d05b1d317dc618e5cbb42bb93fc626bd","hazelcast/src/test/java/com/hazelcast/spi/discovery/DiscoverySpiTest.java","7","0","0","28","515","654","1"
"hazelcast","317fabec0c90b274c686ba018cc1b465fee244f2","hazelcast-client-new/src/test/java/com/hazelcast/client/multimap/ClientMultiMapLockTest.java","7","0","0","29","287","350","0"
"hazelcast","58e4782c607905ce452f830bd68a2412a9e1961e","hazelcast-client-new/src/test/java/com/hazelcast/client/multimap/ClientMultiMapLockTest.java","7","0","0","29","289","352","1"
"netty","5cb9ab0fc0bba3891c3133e8b842f661ac6aaa5c","codec-http/src/test/java/io/netty/handler/codec/spdy/SpdyFrameDecoderTest.java","7","0","0","3","110","146","1"
"elasticsearch","38d8e3ccc2a8b5df63284fddb0450fead91219d1","src/test/java/org/elasticsearch/indices/memory/IndexingMemoryControllerTests.java","7","0","0","3","110","156","0"
"elasticsearch","6941966b1654106ed9249cd01c32bfa2e06b452f","core/src/test/java/org/elasticsearch/action/admin/indices/shards/IndicesShardStoreResponseTests.java","7","0","0","3","112","143","0"
"hazelcast","7001ec8c5b1305c796de75c2e3f170c562db8c03","hazelcast/src/test/java/com/hazelcast/map/impl/nearcache/invalidation/InvalidationMemberAddRemoveTest.java","7","0","0","3","113","162","0"
"elasticsearch","adc0807c686b37bf1d96bd3eb9d26face380fe44","src/test/java/org/elasticsearch/blocks/SimpleBlocksTests.java","7","0","0","3","117","169","0"
"hazelcast","1f042b8c4a4245594691bb6d85a66ceed9b43068","hazelcast-client/src/test/java/com/hazelcast/client/ClientSplitBrainTest.java","7","0","0","3","121","146","1"
"hazelcast","27d49efcee88ee428254cf38353e8698ea127c45","hazelcast-client/src/test/java/com/hazelcast/client/ClientSplitBrainTest.java","7","0","0","3","121","146","1"
"hazelcast","2921cff694583b8638dae2991f427e61d5440a9d","hazelcast-client/src/test/java/com/hazelcast/client/ClientSplitBrainTest.java","7","0","0","3","121","146","0"
"elasticsearch","2e2e345dcb90e1ec1c48c6bb5348469fc514aea1","src/test/java/org/elasticsearch/blocks/SimpleBlocksTests.java","7","0","0","3","121","174","5"
"elasticsearch","e2977889b80fcaa02f5c7d5814117e796f2580e2","core/src/test/java/org/elasticsearch/cluster/routing/allocation/FilterAllocationDeciderTests.java","7","0","0","3","164","209","0"
"hazelcast","fb6700346872da3eac002c3d2157b9a7da728fa2","hazelcast/src/main/java/com/hazelcast/map/impl/record/ObjectRecordComparator.java","7","0","0","3","21","43","0"
"neo4j","debd60404ad96ed7b0ff92fcfa8651174788fbc6","enterprise/security/src/test/java/org/neo4j/server/security/enterprise/auth/integration/bolt/EnterpriseAuthenticationTestBase.java","7","0","0","3","232","327","1"
"neo4j","8ab0685a4620653b3c1764d5bd04598a2e954bb2","enterprise/security/src/test/java/org/neo4j/server/security/enterprise/auth/integration/bolt/EnterpriseAuthenticationTestBase.java","7","0","0","3","240","336","0"
"mcMMO","f79a4741cc0cf1e1b7e232cfc4700a9df49c6da9","src/main/java/com/gmail/nossr50/runnables/skills/AlchemyBrewCheckTask.java","7","0","0","3","33","41","0"
"MapDB","74434e7989604ecb9b7d129d34d1fe626af012d5","src/test/java/org/mapdb/Issue418Test.java","7","0","0","3","41","60","0"
"BroadleafCommerce","cd4dba4517e56b14042e5ed1567e933ca3904efd","core/broadleaf-framework/src/main/java/org/broadleafcommerce/core/order/service/workflow/update/ValidateUpdateRequestActivity.java","7","0","0","3","41","76","0"
"mcMMO","d1bf48ad796d6ea00b1bec80c9c0173006712314","src/main/java/com/gmail/nossr50/runnables/items/ChimaeraWingWarmup.java","7","0","0","3","45","59","0"
"mcMMO","a345737b8b6f45dbd84ddbe20c8cdb7b43bb143a","src/main/java/com/gmail/nossr50/runnables/items/ChimaeraWingWarmup.java","7","0","0","3","46","61","1"
"hazelcast","09bd1799af89fd08fca90af7badcfb4587b22aa2","hazelcast/src/main/java/com/hazelcast/nio/tcp/spinning/AbstractHandler.java","7","0","0","3","49","76","1"
"netty","0f2542ded5348da38ab5a21a925ca09df669b530","common/src/test/java/io/netty/util/concurrent/DefaultPromiseTest.java","7","0","0","3","52","79","0"
"neo4j","803ec9deafb5ac3785faf698f126a32254d693be","community/bolt/src/main/java/org/neo4j/bolt/v1/runtime/internal/CypherStatementRunner.java","7","0","0","3","54","84","0"
"orientdb","592268db4870c82c2071d135e56f43ee29d12efb","server/src/main/java/com/orientechnologies/orient/server/network/protocol/http/command/get/OServerCommandGetIndex.java","7","0","0","3","54","89","0"
"hazelcast","69975a8df84795d2fbd45e45b1d169e13fcbf0b1","hazelcast-wm/src/main/java/com/hazelcast/web/WebDataSerializerHook.java","7","0","0","3","58","103","0"
"ceylon-ide-eclipse","5b4c3eac8a7c12c0125a77343e602b4e73083595","plugins/com.redhat.ceylon.eclipse.ui/src/com/redhat/ceylon/eclipse/code/open/OpenSelectedDeclarationHandler.java","7","0","0","3","58","67","0"
"hazelcast","0603aa048b33b7b63c240c8b0e5c509499c798f7","hazelcast-client-new/src/main/java/com/hazelcast/client/util/ClientPartitionCancellableDelegatingFuture.java","7","0","0","3","58","87","0"
"hazelcast","0603aa048b33b7b63c240c8b0e5c509499c798f7","hazelcast-client-new/src/main/java/com/hazelcast/client/util/ClientAddressCancellableDelegatingFuture.java","7","0","0","3","59","88","0"
"mcMMO","93548317293e2c6c5195544b99d4ce7d900abea1","src/main/java/com/gmail/nossr50/commands/mc/McrefreshCommand.java","7","0","0","3","60","76","3"
"hazelcast","f5df32aafc9524e30a5b4466bc5d3a65ef6f6310","hazelcast-client-new/src/main/java/com/hazelcast/client/connection/nio/AbstractClientSelectionHandler.java","7","0","0","3","60","87","0"
"hazelcast","fb7193109a7b7ad79fb0bdbded7a7283f217273b","hazelcast-client/src/main/java/com/hazelcast/client/connection/nio/AbstractClientSelectionHandler.java","7","0","0","3","60","92","1"
"hazelcast","0a61d1993c8cf9dee111af675c9a52fc605aec63","hazelcast/src/main/java/com/hazelcast/client/impl/CompositeMessageTaskFactory.java","7","0","0","3","62","90","1"
"hazelcast","6817c4cedd534da777049b687c8a594a170654d7","hazelcast/src/main/java/com/hazelcast/client/impl/CompositeMessageTaskFactory.java","7","0","0","3","63","91","0"
"elasticsearch","94bc489275d4462a8b2520f6d3ef4f70dc1d6e99","core/src/main/java/org/elasticsearch/search/aggregations/bucket/nested/ReverseNestedAggregatorFactory.java","7","0","0","3","63","95","1"
"elasticsearch","5808aea2651bc265b91003fd932b5b43cb35d6d1","core/src/main/java/org/elasticsearch/rest/action/admin/indices/RestGetIndicesAction.java","7","0","0","3","69","167","1"
"ceylon-ide-eclipse","64a391fbabba6b9bc6b553abfa42466e0ca9673d","plugins/com.redhat.ceylon.eclipse.ui/src/com/redhat/ceylon/eclipse/code/open/OpenSelectedDeclarationHandler.java","7","0","0","3","69","78","0"
"elasticsearch","5f188d29fac19f26959eeae17d4ed901cd3b7d6f","src/test/java/org/elasticsearch/action/OriginalIndicesTests.java","7","0","0","3","70","104","1"
"elasticsearch","51d53791fe71c9cb62bc992588a57cdfb500383f","core/src/main/java/org/elasticsearch/rest/action/admin/indices/RestGetIndicesAction.java","7","0","0","3","71","168","0"
"elasticsearch","a6158398dd301b8a424509996ce7c87624ff8f30","core/src/main/java/org/elasticsearch/rest/action/admin/indices/RestGetIndicesAction.java","7","0","0","3","71","169","0"
"elasticsearch","dd389d1cc5d4f308868de052a1df1eaf2b105e5b","src/main/java/org/elasticsearch/rest/action/termvector/RestMultiTermVectorsAction.java","7","0","0","3","76","106","6"
"elasticsearch","776e5d8096c7ddea8996d8c70165f6971aadd776","core/src/test/java/org/elasticsearch/cluster/metadata/MetaDataTests.java","7","0","0","3","76","114","1"
"elasticsearch","71b8876d8343a478e1f87eb3506696be950e96d2","src/main/java/org/elasticsearch/rest/action/termvector/RestMultiTermVectorsAction.java","7","0","0","3","78","108","5"
"elasticsearch","009731c9e741f8977f5a1eb3c9539c4acb60b92b","src/main/java/org/elasticsearch/rest/action/admin/indices/settings/RestGetSettingsAction.java","7","0","0","3","78","115","0"
"hazelcast","b44ca71386cec2ad07e3b13a99a39f73391d8ac1","hazelcast/src/main/java/com/hazelcast/internal/partition/impl/AbstractPartitionPrimaryReplicaAntiEntropyTask.java","7","0","0","3","79","118","0"
"elasticsearch","74d8c75d3a10e03338468069f30466897b1380fc","core/src/main/java/org/elasticsearch/search/aggregations/metrics/tophits/TopHitsAggregatorFactory.java","7","0","0","3","80","106","0"
"hazelcast","7e27a183fbacbff6b90d6061b5fef54568b33460","hazelcast/src/test/java/com/hazelcast/cache/recordstore/CacheRecordStoreTestSupport.java","7","0","0","3","88","124","0"
"hazelcast","be0fb22e444ca20f64642cd9ce6770a326db2730","hazelcast/src/test/java/com/hazelcast/cache/recordstore/CacheRecordStoreTestSupport.java","7","0","0","3","88","124","0"
"hazelcast","5c78e8bdbc3a2cdce98975d07b649b5f872c3f67","hazelcast/src/test/java/com/hazelcast/cache/recordstore/CacheRecordStoreTestSupport.java","7","0","0","3","88","124","2"
"neo4j","519368d3751bcc0c0e0662ac2e071a2f8c167480","community/server/src/main/java/org/neo4j/server/security/KeyStoreFactory.java","7","0","0","3","95","132","0"
"neo4j","d693165ae77cf119824aaa7a53ac45b466b15c24","enterprise/core-edge/src/main/java/org/neo4j/coreedge/core/state/snapshot/CoreStateDownloader.java","7","0","0","3","97","144","1"
"neo4j","dffaacf551b9213f1b818976724f11748a16a674","enterprise/core-edge/src/main/java/org/neo4j/coreedge/core/state/snapshot/CoreStateDownloader.java","7","0","0","3","98","145","0"
"elasticsearch","f6bbc91c0d4205ff41c03395425aa3c3c1be4529","client/rest-high-level/src/test/java/org/elasticsearch/client/RestHighLevelClientTests.java","7","0","0","31","620","698","0"
"elasticsearch","f6bbc91c0d4205ff41c03395425aa3c3c1be4529","client/rest-high-level/src/test/java/org/elasticsearch/client/RestHighLevelClientTests.java","7","0","0","31","620","698","0"
"elasticsearch","661648b3aa7e9fb5ffbe60fc77d8c7135668c66f","client/rest-high-level/src/test/java/org/elasticsearch/client/RestHighLevelClientTests.java","7","0","0","31","620","698","1"
"elasticsearch","ad8f359deb87745239712ecec89570a295bb8cc7","client/rest-high-level/src/test/java/org/elasticsearch/client/RestHighLevelClientTests.java","7","0","0","31","623","702","0"
"orientdb","ccba2dfa72386253046d84b3ad94e17fff54319e","core/src/test/java/com/orientechnologies/orient/core/sql/parser/OSelectStatementTest.java","7","0","0","32","265","353","3"
"netty","af4b71a00e30faf86ef1c2365e965e8f04f65bee","buffer/src/main/java/io/netty/buffer/FilteredMessageBuf.java","7","0","0","33","169","230","0"
"orientdb","a85db553566ed76fbf5485967ecba91c11825df1","core/src/test/java/com/orientechnologies/orient/core/sql/parser/OSelectStatementTest.java","7","0","0","33","272","361","2"
"netty","cd0b5ec2db593d45c96bd6b55b0024042534af04","buffer/src/main/java/io/netty/buffer/FilteredMessageBuf.java","7","0","0","34","173","235","1"
"orientdb","c0fe15b7013fea9d178d8304c78ddc7b113d35e3","core/src/test/java/com/orientechnologies/orient/core/sql/parser/OSelectStatementTest.java","7","0","0","35","281","374","6"
"hazelcast","592185490d2c3401d8a58d96310cb914db6362e5","hazelcast-client/src/test/java/com/hazelcast/client/spi/impl/discovery/ClientDiscoverySpiTest.java","7","0","0","35","513","671","0"
"orientdb","140e82bfde96cb77317208169d89f8c6bba7d83f","core/src/test/java/com/orientechnologies/orient/core/sql/parser/OSelectStatementTest.java","7","0","0","36","286","381","5"
"orientdb","330416b3db551d1aa8106e36d9aa133804a0be52","core/src/test/java/com/orientechnologies/orient/core/sql/parser/OSelectStatementTest.java","7","0","0","37","291","389","4"
"hazelcast","af9c2c5342c948c479cda3a43989826a57e3fe5c","hazelcast/src/main/java/com/hazelcast/impl/MultiMapProxyImpl.java","7","0","0","38","283","378","0"
"hazelcast","0b08ef830b8b0c4b3425d1b96b6ed1e574f43383","hazelcast/src/main/java/com/hazelcast/impl/MultiMapProxyImpl.java","7","0","0","38","284","379","0"
"orientdb","3f5f8171330294de0bd931ed949538ec5aa87c2f","core/src/test/java/com/orientechnologies/orient/core/sql/parser/OSelectStatementTest.java","7","0","0","38","295","396","3"
"orientdb","2a52733277d84242f992cb2eb3b7962217d8e600","core/src/test/java/com/orientechnologies/orient/core/sql/parser/OSelectStatementTest.java","7","0","0","38","296","399","2"
"hazelcast","6f9029d03ac2c64dda8c2781db93fdac4bc36969","hazelcast/src/test/java/com/hazelcast/cardinality/CardinalityEstimatorAdvancedTest.java","7","0","0","4","107","123","0"
"hazelcast","9f18d5383fd78c32ff8b28ead067e6dfabcedb1f","hazelcast/src/test/java/com/hazelcast/cardinality/CardinalityEstimatorAdvancedTest.java","7","0","0","4","107","123","0"
"hazelcast","80e3feb0bc48b6ab71536fab2c1bc1416d311024","hazelcast/src/test/java/com/hazelcast/cardinality/CardinalityEstimatorAdvancedTest.java","7","0","0","4","107","123","1"
"hazelcast","b2603dd8cb27d40dbf0932dc4d80e60a3dde0ace","hazelcast/src/test/java/com/hazelcast/spi/impl/operationexecutor/slowoperationdetector/SlowOperationDetector_EntryProcessorTest.java","7","0","0","4","107","150","0"
"hazelcast","00ac4a34b391052cff062b9d2725af4e97a7c43c","hazelcast-hibernate/hazelcast-hibernate3/src/test/java/com/hazelcast/hibernate/LocalRegionFactoryDefaultTest.java","7","0","0","4","117","151","0"
"elasticsearch","e0fbd5df52449d7caeb7eeb7392a595d35b10ef3","src/test/java/org/elasticsearch/index/engine/internal/InternalEngineIntegrationTest.java","7","0","0","4","122","156","1"
"elasticsearch","5d611a90982a11ba0a4fb5190e7b12ded7d07c6e","src/test/java/org/elasticsearch/index/engine/internal/InternalEngineIntegrationTest.java","7","0","0","4","122","157","0"
"antlr4","29c2712ae1eee9575324db48c2f72c7cb0d28308","tool/test/org/antlr/v4/test/rt/gen/Generator.java","7","0","0","4","1238","1420","0"
"neo4j","9c79c33600e5511ac1320496d1bdd614808a973c","community/kernel/src/test/java/org/neo4j/kernel/impl/transaction/log/ReadAheadChannelTest.java","7","0","0","4","124","174","1"
"hazelcast","d0653ac5dfe746b126202409672903754cb11a65","hazelcast/src/test/java/com/hazelcast/collection/list/ListSplitBrainTest.java","7","0","0","4","135","171","0"
"hazelcast","4597f58340450f2413ae9856e410e1cbaf7283af","hazelcast/src/test/java/com/hazelcast/collection/list/ListSplitBrainTest.java","7","0","0","4","135","173","0"
"neo4j","8a31284a00600fe653939a9b2206e0382deded40","enterprise/security/src/main/java/org/neo4j/server/security/enterprise/auth/AuthProceduresBase.java","7","0","0","4","136","184","0"
"elasticsearch","8fbb3686cd9097042c2292cdcb1dfabde1c34b01","core/src/test/java/org/elasticsearch/index/cache/bitset/BitSetFilterCacheTests.java","7","0","0","4","144","196","1"
"elasticsearch","cf846af0e508e4626fde3b9b870118f64cc33cb9","core/src/test/java/org/elasticsearch/action/search/ExpandSearchPhaseTests.java","7","0","0","4","147","200","1"
"elasticsearch","977712f9773c3eecea3958a5b8ddf934207775a6","core/src/test/java/org/elasticsearch/action/search/DfsQueryPhaseTests.java","7","0","0","4","156","203","2"
"elasticsearch","634ce90dc06f20888a4ff655985a6baccf25a7db","core/src/test/java/org/elasticsearch/action/search/DfsQueryPhaseTests.java","7","0","0","4","160","207","0"
"netty","fcbeebf6dff759a1e0cfe2e20fe5103e4c40075c","handler/src/test/java/io/netty/handler/ssl/SniHandlerTest.java","7","0","0","4","166","235","0"
"neo4j","c17c5b6eab5ed66601aaa2a57ee5d9a4ddb3a09e","community/primitive-collections/src/test/java/org/neo4j/collection/primitive/PrimitiveArraysUnionTest.java","7","0","0","4","167","212","0"
"netty","1208b90f57b12b081074e02cdd543992c7f1e6d9","handler/src/test/java/io/netty/handler/ssl/SniHandlerTest.java","7","0","0","4","169","233","1"
"hazelcast","8a85db7a5b644fa0daf05483cd0d241caab60bcb","hazelcast-client/src/main/java/com/hazelcast/client/spi/impl/discovery/DiscoveryAddressTranslator.java","7","0","0","4","49","83","1"
"elasticsearch","f1f50ac4231d0595758761aee811b938818ba7fe","src/main/java/org/elasticsearch/index/query/functionscore/random/RandomScoreFunctionParser.java","7","0","0","4","51","84","1"
"BroadleafCommerce","89e19e1d026dfd30ee9dac589623f2aecf05efee","admin/broadleaf-open-admin-platform/src/main/java/org/broadleafcommerce/openadmin/web/handler/AdminMappingExceptionResolver.java","7","0","0","4","56","105","0"
"junit","e65558c174a8f5c4c7758f0d9dd1ffe027b023d8","src/main/java/org/junit/internal/runners/ErrorReportingRunner.java","7","0","0","4","58","69","0"
"hazelcast","934929958888f0ee66fecccaadf2e7181cbaa9c2","hazelcast-client/src/main/java/com/hazelcast/client/connection/nio/AbstractClientSelectionHandler.java","7","0","0","4","58","85","3"
"hazelcast","ef2e252efeeb0507e9b4c40c5bbd8c8325fb3df7","hazelcast/src/main/java/com/hazelcast/impl/ClientRequestHandler.java","7","0","0","4","64","87","0"
"orientdb","2228c1302483104febb0712814a9865ae5b48cb4","server/src/main/java/com/orientechnologies/orient/server/network/protocol/http/command/post/OServerCommandPostInstallDatabase.java","7","0","0","4","66","93","1"
"hazelcast","2112d78371c8d96c88a5b141cc8c710890ee70ec","hazelcast-client/src/main/java/com/hazelcast/client/spi/impl/ClientInvocationFuture.java","7","0","0","4","66","97","1"
"hazelcast","6adb137d7e8b6abd4405ab26337072a54017cabc","hazelcast-client/src/main/java/com/hazelcast/client/spi/impl/ClientInvocationFuture.java","7","0","0","4","66","97","1"
"hazelcast","660bbd97d28d2282bc4ac0bc66a5405e89cd0813","hazelcast-client/src/main/java/com/hazelcast/client/spi/impl/ClientInvocationFuture.java","7","0","0","4","66","97","0"
"orientdb","de410aa8d3455b55f3c39e49780136c0b6c5e64b","server/src/main/java/com/orientechnologies/orient/server/network/protocol/http/command/post/OServerCommandPostInstallDatabase.java","7","0","0","4","67","95","0"
"hazelcast","f745f9d46756c8cc57388c8172c0eafbd70c9c46","hazelcast/src/main/java/com/hazelcast/client/impl/protocol/codec/CacheEventDataCodec.java","7","0","0","4","68","94","2"
"elasticsearch","889db1c824d8c573835e8cbadd0c6f3ba25f8fcd","src/test/java/org/elasticsearch/discovery/ZenUnicastDiscoveryTests.java","7","0","0","4","73","113","1"
"elasticsearch","6e9dfb334889258ff9205004ed8a851e1bc67d83","core/src/main/java/org/elasticsearch/search/suggest/completion/CompletionSuggestionContext.java","7","0","0","4","75","109","2"
"MapDB","72649e80593c3f1fa476c951397a2c9dca467a9c","src/test/java/org/mapdb/StoreCachedTest.java","7","0","0","4","81","106","1"
"orientdb","8e4d4ddf508641343d9a80e01f52c9e2f6df072c","server/src/main/java/com/orientechnologies/orient/server/network/protocol/http/command/get/OServerCommandGetServer.java","7","0","0","4","81","118","0"
"MapDB","00a8930ff0dbd0cf3cc9520013037706899b867d","src/test/java/org/mapdb/StoreCachedTest.java","7","0","0","4","82","107","0"
"hazelcast","dfde0ce89c3c11629fe62b7eba3a8e6b2bbe6e6c","hazelcast/src/test/java/com/hazelcast/internal/partition/DirtyBackupTest.java","7","0","0","4","86","117","1"
"hazelcast","f4c33973f2e5f804f6743683b11c8a43922bfc7e","hazelcast/src/test/java/com/hazelcast/internal/partition/DirtyBackupTest.java","7","0","0","4","86","117","1"
"hazelcast","2af0e3527b78f6dfd8819995fa103791450de66c","hazelcast/src/test/java/com/hazelcast/internal/partition/DirtyBackupTest.java","7","0","0","4","86","117","0"
"orientdb","32bcab3904ae06f31e694dacebdb04af0e807381","core/src/test/java/com/orientechnologies/orient/core/sql/parser/OSelectStatementTest.java","7","0","0","40","311","421","1"
"neo4j","291436fa1b5694916e8dccd4cde6078303f55baf","community/kernel/src/main/java/org/neo4j/kernel/impl/api/store/CacheLayer.java","7","0","0","40","330","415","1"
"neo4j","871317377415ca324a48145401e20e173cb1fec2","community/kernel/src/main/java/org/neo4j/kernel/impl/api/store/CacheLayer.java","7","0","0","40","331","416","0"
"orientdb","1c7b2a2d27182c354b402b3f61663d8fa73c91eb","core/src/test/java/com/orientechnologies/orient/core/sql/parser/OSelectStatementTest.java","7","0","0","42","319","434","1"
"orientdb","f665c6c66be2ddce02d4b1fd2c876f9f43a1a8e0","core/src/test/java/com/orientechnologies/orient/core/sql/parser/OSelectStatementTest.java","7","0","0","43","319","430","0"
"orientdb","29da058c3bc239cf1911da86b63d76a2071dcd28","core/src/test/java/com/orientechnologies/orient/core/sql/parser/OSelectStatementTest.java","7","0","0","49","493","626","2"
"hazelcast","d88d16bfdbbc9c921081b1445b3b0930739e9b2b","hazelcast-client/src/main/java/com/hazelcast/client/spi/impl/ClientInvocationFuture.java","7","0","0","5","106","145","1"
"hazelcast","264b730b6e10ae9df6f5d8727209ca007160236f","hazelcast/src/test/java/com/hazelcast/collection/impl/txnlist/TransactionListTest.java","7","0","0","5","109","135","2"
"hazelcast","3c685631afadd1b56bc867b5f5a72a5f2c0b3d72","hazelcast/src/test/java/com/hazelcast/collection/list/TransactionListTest.java","7","0","0","5","109","135","1"
"hazelcast","a313870f686d1ec813c90aca84f873db6b92e5b9","hazelcast/src/test/java/com/hazelcast/collection/list/TransactionListTest.java","7","0","0","5","109","135","0"
"hazelcast","1357e3347a592e06b16b004874b669ec6e8618bd","hazelcast/src/test/java/com/hazelcast/collection/impl/txnlist/TransactionListTest.java","7","0","0","5","110","136","2"
"elasticsearch","09816fdf579f71c8eb9cfe3bd7302c89c47d68e6","src/test/java/org/elasticsearch/action/admin/indices/create/CreateIndexTests.java","7","0","0","5","111","144","3"
"elasticsearch","32abf6b890df7684d3798c096b44a767c226b3a8","src/main/java/org/elasticsearch/indices/query/IndicesQueriesModule.java","7","0","0","5","119","150","1"
"elasticsearch","992a40cbd8fc4bd0e2021b9f657020554e7f1502","src/main/java/org/elasticsearch/indices/query/IndicesQueriesModule.java","7","0","0","5","120","151","0"
"elasticsearch","1ab4e0cba4ea4e9c242cefa41ecb3e38d5c29f22","core/src/test/java/org/elasticsearch/bootstrap/MaxMapCountCheckTests.java","7","0","0","5","134","174","1"
"elasticsearch","c92b550df2bf170c3ebea4990a941e2386b0e29c","core/src/test/java/org/elasticsearch/mget/SimpleMgetIT.java","7","0","0","5","135","182","2"
"elasticsearch","f16c308efdab50a2a62db6aba0a3ad2c23ef0f63","core/src/test/java/org/elasticsearch/bootstrap/MaxMapCountCheckTests.java","7","0","0","5","138","178","0"
"hazelcast","d568e4d926d925d57d4e79e34614390416749301","hazelcast/src/test/java/com/hazelcast/collection/impl/queue/QueueListenerTest.java","7","0","0","5","147","195","0"
"elasticsearch","496f50bfc305bb83b7e8d30212225a8026a9d0a9","core/src/test/java/org/elasticsearch/index/IndexingSlowLogTests.java","7","0","0","5","160","210","0"
"elasticsearch","5a64f08f048461a63a0ca1354a5050c954e63d52","core/src/test/java/org/elasticsearch/index/IndexingSlowLogTests.java","7","0","0","5","160","210","0"
"elasticsearch","6bee2b9b13100cb9de38703f4600705d3c2de7b4","core/src/test/java/org/elasticsearch/index/IndexingSlowLogTests.java","7","0","0","5","160","210","1"
"elasticsearch","3dc21e780b397304a2ce7bf587cbfddf1c736c08","core/src/test/java/org/elasticsearch/index/IndexingSlowLogTests.java","7","0","0","5","165","216","0"
"elasticsearch","67c41d2e77f5e27ab546ab5d3519639fb833b371","core/src/test/java/org/elasticsearch/action/search/ExpandSearchPhaseTests.java","7","0","0","5","170","231","0"
"elasticsearch","581fd49dac56f549b7f22ce585be1ef1c07e04c8","core/src/test/java/org/elasticsearch/index/cache/bitset/BitSetFilterCacheTests.java","7","0","0","5","177","236","0"
"netty","4950a523a77f920134a47175322578895a48e918","transport-native-epoll/src/test/java/io/netty/channel/epoll/EpollSocketChannelTest.java","7","0","0","5","310","387","0"
"netty","84bbbf7e09513e761496fe1faf3407fc06a32228","transport-native-epoll/src/test/java/io/netty/channel/epoll/EpollSocketChannelTest.java","7","0","0","5","310","388","1"
"elasticsearch","046abdc281c321cd2128ee7684c0edfcaca07203","core/src/test/java/org/elasticsearch/search/profile/aggregation/AggregationProfilerIT.java","7","0","0","5","358","404","3"
"elasticsearch","a0818d3b876216c7882b3f6b14c613173409c06c","core/src/test/java/org/elasticsearch/search/profile/aggregation/AggregationProfilerIT.java","7","0","0","5","360","406","2"
"elasticsearch","b521638f52b359de7a25f5d7719e0ec9e87d3cad","core/src/test/java/org/elasticsearch/search/profile/aggregation/AggregationProfilerIT.java","7","0","0","5","360","406","1"
"elasticsearch","e74d02138f02a66331b2611b5e70a908bb49cb97","core/src/test/java/org/elasticsearch/search/profile/aggregation/AggregationProfilerIT.java","7","0","0","5","360","406","0"
"ceylon-ide-eclipse","cf084e606358557cb41b80acbae8e00f627bee73","plugins/com.redhat.ceylon.eclipse.ui/src/com/redhat/ceylon/eclipse/util/FindRefinementsVisitor.java","7","0","0","5","39","50","0"
"orientdb","7b536d818c7567b3b119ddf9a52942ef1bfb4619","distributed/src/test/java/com/orientechnologies/orient/server/distributed/asynch/BareBonesServer.java","7","0","0","5","57","68","0"
"hazelcast","b35fc8b41b2a3d8aaa779330b394467579b97778","hazelcast/src/main/java/com/hazelcast/map/impl/operation/MultipleEntryBackupOperation.java","7","0","0","5","63","94","1"
"netty","0d1567da0b7e884712265b38780704b026e8edc4","common/src/main/java/io/netty/util/internal/JavassistTypeParameterMatcherGenerator.java","7","0","0","5","66","100","0"
"elasticsearch","317d4f687f5bbdf9b3b5ea3f0bbbb148be9cf6df","modules/elasticsearch/src/main/java/org/elasticsearch/action/get/MultiGetShardResponse.java","7","0","0","5","66","94","0"
"elasticsearch","19031db447b1c210d6727404a740c2fab26a28e6","modules/elasticsearch/src/main/java/org/elasticsearch/action/get/MultiGetShardResponse.java","7","0","0","5","67","95","0"
"elasticsearch","98c91a3bd09cad75bf1a05ddca493dcf3533691d","core/src/test/java/org/elasticsearch/common/bytes/CompositeBytesReferenceTests.java","7","0","0","5","75","111","1"
"elasticsearch","a3ade99fcf9d95a8e9c40388d283b69a379f0377","core/src/test/java/org/elasticsearch/common/bytes/CompositeBytesReferenceTests.java","7","0","0","5","79","117","0"
"netty","39b8cc348ab1e3fefbd56751e949ab930db86853","testsuite/src/test/java/io/netty/testsuite/transport/socket/SocketConnectionAttemptTest.java","7","0","0","5","81","117","0"
"hazelcast","d8c3a1ba9ed031a98696ea72b8a0494d1f2e69d2","hazelcast/src/main/java/com/hazelcast/spi/impl/ResponseHandlerFactory.java","7","0","0","5","87","126","2"
"elasticsearch","287cb00474e84a796c789ba31d078a6a64fb3a1d","core/src/main/java/org/elasticsearch/script/ScriptSettings.java","7","0","0","5","88","159","1"
"elasticsearch","78574d248cf10dad1c5a566fda79e1e0c94afe43","core/src/main/java/org/elasticsearch/action/ingest/IngestProxyActionFilter.java","7","0","0","5","89","120","1"
"elasticsearch","e6aaaf11ed4a1b8f595f920de1840938eddb7a97","core/src/main/java/org/elasticsearch/action/ingest/IngestProxyActionFilter.java","7","0","0","5","89","120","1"
"elasticsearch","a60b8948ba1d836a6eac7cff095519e618939ed8","core/src/main/java/org/elasticsearch/action/ingest/IngestProxyActionFilter.java","7","0","0","5","89","120","0"
"elasticsearch","3fbfb3e7e73f6510a2f0b8b86b7026ab641a51d4","core/src/main/java/org/elasticsearch/script/ScriptSettings.java","7","0","0","5","90","175","0"
"elasticsearch","ce32b959fdcdaf5f3a78df9bf2d8039082735940","core/src/test/java/org/elasticsearch/index/mapper/MapperServiceTests.java","7","0","0","5","91","126","2"
"orientdb","00de5503b0514dc5600d5630d30bc49b34df2fe4","core/src/test/java/com/orientechnologies/orient/core/sql/parser/OSelectStatementTest.java","7","0","0","51","501","638","1"
"orientdb","079abdbd8a7ea9bfeb22ba59c580deed75db937e","core/src/test/java/com/orientechnologies/orient/core/sql/parser/OSelectStatementTest.java","7","0","0","51","502","641","0"
"orientdb","78c9b7de30b4271fde95052f918bf42231d416e6","core/src/test/java/com/orientechnologies/orient/core/sql/parser/OSelectStatementTest.java","7","0","0","52","506","646","1"
"orientdb","be5417f78471f56780c773e13c432b2325aa11c8","core/src/test/java/com/orientechnologies/orient/core/sql/parser/OSelectStatementTest.java","7","0","0","53","510","653","0"
"orientdb","32d163bb67d400175f64d57d2e728fb2b0298c5f","core/src/test/java/com/orientechnologies/orient/core/sql/parser/OSelectStatementTest.java","7","0","0","54","519","665","1"
"orientdb","4c2fbc07f83b8b4972d1a0ea3bfe14ae9f685f42","core/src/test/java/com/orientechnologies/orient/core/sql/parser/OSelectStatementTest.java","7","0","0","55","524","671","2"
"orientdb","9df1e17bf9f8ea115fe2f31b9a501a38380867a5","core/src/test/java/com/orientechnologies/orient/core/sql/parser/OSelectStatementTest.java","7","0","0","55","524","671","1"
"orientdb","88bb842dc792d4b17b7cd3f4d89559752af79f0a","core/src/test/java/com/orientechnologies/orient/core/sql/parser/OSelectStatementTest.java","7","0","0","55","524","671","0"
"orientdb","4acb4341df3d114ea1b924d7b6333991c25cbff2","core/src/test/java/com/orientechnologies/orient/core/sql/parser/OSelectStatementTest.java","7","0","0","56","529","679","1"
"orientdb","eefe33973dbf95af2f11a44f56ef4d94e9a82bf0","core/src/test/java/com/orientechnologies/orient/core/sql/parser/OSelectStatementTest.java","7","0","0","57","533","684","2"
"orientdb","89a7e436f088017a938f314241ba550e79c738d3","core/src/test/java/com/orientechnologies/orient/core/sql/parser/OSelectStatementTest.java","7","0","0","58","539","693","1"
"elasticsearch","b2fb3a802c1b54f697f9e6db660f5e99b9b68df2","core/src/test/java/org/elasticsearch/index/mapper/MapperServiceTests.java","7","0","0","6","108","145","1"
"hazelcast","4ca7f16038918a0fa1e680ab06f1237839c7e805","hazelcast-client/src/main/java/com/hazelcast/client/spi/impl/ClientInvocationFuture.java","7","0","0","6","108","147","0"
"elasticsearch","a2796b555f5c174f78303a2ce0c5a6439259f84b","core/src/test/java/org/elasticsearch/index/mapper/MapperServiceTests.java","7","0","0","6","116","153","1"
"elasticsearch","adc0807c686b37bf1d96bd3eb9d26face380fe44","src/test/java/org/elasticsearch/action/admin/indices/create/CreateIndexTests.java","7","0","0","6","121","155","1"
"elasticsearch","37287284e64a0e91ab400a16b187e719b55c8929","src/test/java/org/elasticsearch/count/simple/SimpleCountTests.java","7","0","0","6","124","178","1"
"neo4j","86273a1afea70eb41cd5825a3093370c6f8692c8","enterprise/causal-clustering/src/test/java/org/neo4j/causalclustering/catchup/storecopy/LimitedLengthReadableByteChannelTest.java","7","0","0","6","125","206","1"
"oryx","fddb336ac30ea3fb0bde91c61ef043f523d7d9fe","framework/oryx-lambda-serving/src/test/java/com/cloudera/oryx/lambda/serving/AbstractServingTest.java","7","0","0","6","141","181","0"
"oryx","49c1ead1c67cc8b980a4be36cff731a14ba4f3fb","framework/oryx-lambda-serving/src/test/java/com/cloudera/oryx/lambda/serving/AbstractServingTest.java","7","0","0","6","141","181","0"
"oryx","d6687d2eb4391d042aa1d5e80653326e501b0fed","framework/oryx-lambda-serving/src/test/java/com/cloudera/oryx/lambda/serving/AbstractServingTest.java","7","0","0","6","141","181","1"
"oryx","3b0fc229b3818b52dda4b6b863f9bca5dcfc4d86","framework/oryx-lambda-serving/src/test/java/com/cloudera/oryx/lambda/serving/AbstractServingTest.java","7","0","0","6","142","182","0"
"oryx","518dc444be616e55a8aeb1bd047aaa411ae3281a","framework/oryx-lambda-serving/src/test/java/com/cloudera/oryx/lambda/serving/AbstractServingTest.java","7","0","0","6","143","182","0"
"oryx","92bff167832b0389e135a60e46f1284c34744e3c","framework/oryx-lambda-serving/src/test/java/com/cloudera/oryx/lambda/serving/AbstractServingTest.java","7","0","0","6","151","191","0"
"hazelcast","02f9bd52035dad6991901e12673ec1caf776f8ed","hazelcast-client/src/test/java/com/hazelcast/client/map/ClientMapPartitionLostListenerTest.java","7","0","0","6","153","192","0"
"elasticsearch","7ef4076160fe61c3d9aba212f412eca540886489","core/src/test/java/org/elasticsearch/mget/SimpleMgetIT.java","7","0","0","6","159","210","0"
"elasticsearch","0e5d324c36b66668e7d5b5bdf679cf5640dd8253","core/src/test/java/org/elasticsearch/mget/SimpleMgetIT.java","7","0","0","6","160","211","2"
"hazelcast","487f21c149d0e899a5fe0cd2b5bae9c8f7ce468a","hazelcast/src/main/java/com/hazelcast/map/impl/operation/GetAllOperation.java","7","0","0","6","63","92","2"
"hazelcast","83a0cf18d1ea739f59d79c242d73f72375ad3237","hazelcast/src/main/java/com/hazelcast/partition/client/GetPartitionsRequest.java","7","0","0","6","63","94","0"
"hazelcast","f753b90cf2fde1de4a52ab7a561fd790df80368e","hazelcast/src/main/java/com/hazelcast/map/operation/GetAllOperation.java","7","0","0","6","65","93","0"
"elasticsearch","51d53791fe71c9cb62bc992588a57cdfb500383f","core/src/main/java/org/elasticsearch/rest/action/admin/indices/RestClearIndicesCacheAction.java","7","0","0","6","74","115","0"
"BroadleafCommerce","4b899b0b30679392365b1286b26fd502eee6594c","common/src/main/java/org/broadleafcommerce/common/site/dao/SiteDaoImpl.java","7","0","0","6","84","123","1"
"elasticsearch","1863ab95f862294db7d105717656bd6452eef9d9","core/src/test/java/org/elasticsearch/common/io/stream/StreamTests.java","7","0","0","6","90","125","1"
"BroadleafCommerce","2f038cbd08fb729d996ec42e4186f4a792ed9f4d","common/src/main/java/org/broadleafcommerce/common/site/dao/SiteDaoImpl.java","7","0","0","6","92","131","1"
"ceylon-ide-eclipse","f63271c82da705bb70d7551abc9cf770e542799f","plugins/com.redhat.ceylon.eclipse.ui/src/com/redhat/ceylon/eclipse/core/model/ProjectSourceFile.java","7","0","0","7","100","116","0"
"ceylon-ide-eclipse","4d5b97fe6f981e0af751c6fb3117b6e473a39bf6","plugins/com.redhat.ceylon.eclipse.ui/src/com/redhat/ceylon/eclipse/core/model/ProjectSourceFile.java","7","0","0","7","103","119","0"
"elasticsearch","5337686d8d39568f94b0b976bd9098af69214302","qa/evil-tests/src/test/java/org/elasticsearch/node/internal/EvilInternalSettingsPreparerTests.java","7","0","0","7","103","146","0"
"orientdb","029be60c77be0312218cf143168cd3b7347f33e0","tests/src/test/java/com/orientechnologies/orient/test/database/auto/NonBlockingQueryTest.java","7","0","0","7","104","122","0"
"ceylon-ide-eclipse","a48da82b6ff64f58196565b3c45a63fb3d40edde","plugins/com.redhat.ceylon.eclipse.ui/src/com/redhat/ceylon/eclipse/core/model/ProjectSourceFile.java","7","0","0","7","108","124","1"
"ceylon-ide-eclipse","ceb9e1b5a3709b893d7ebdaa28987f96d0ec836e","plugins/com.redhat.ceylon.eclipse.ui/src/com/redhat/ceylon/eclipse/core/model/ProjectSourceFile.java","7","0","0","7","109","125","0"
"ceylon-ide-eclipse","83af6eee34951a586d4cf9b3d94eb61c1210c5d0","plugins/com.redhat.ceylon.eclipse.ui/src/com/redhat/ceylon/eclipse/core/model/ProjectSourceFile.java","7","0","0","7","110","127","0"
"neo4j","24551acf5eba050158684a993470adaeb5bdd960","community/server/src/test/java/org/neo4j/server/integration/StartupLoggingIT.java","7","0","0","7","121","160","1"
"neo4j","ea0c055d8764baf8f17fd75d397b05ff957064f6","community/server/src/test/java/org/neo4j/server/integration/StartupLoggingIT.java","7","0","0","7","121","160","1"
"neo4j","b863b894e728c6ceccb66da8e0dcdaa53d7039c3","community/server/src/test/java/org/neo4j/server/integration/StartupLoggingIT.java","7","0","0","7","121","160","0"
"neo4j","0fcc6fb50a2a1d279ddd576045c1cefe05be7cb2","community/server/src/test/java/org/neo4j/server/integration/StartupLoggingIT.java","7","0","0","7","124","164","0"
"netty","073ec8d10a5d05f2a1bf12857c4fcf9fc19bbcc1","common/src/test/java/io/netty/util/HashedWheelTimerTest.java","7","0","0","7","125","158","0"
"elasticsearch","f7d5d1e5c9a04117f780a62cac970dbe24ddebf7","src/test/java/org/elasticsearch/search/suggest/CompletionTokenStreamTest.java","7","0","0","7","131","170","1"
"neo4j","7e26ad9eb29cb1a93495f9473011be6f1fb9dd78","community/dbms/src/main/java/org/neo4j/commandline/dbms/ImportCommand.java","7","0","0","7","134","171","1"
"elasticsearch","1959275622ca35997420213d979a1724944aa4f6","src/test/java/org/elasticsearch/count/simple/SimpleCountTests.java","7","0","0","7","138","195","2"
"elasticsearch","cde83e363aac2195c2dc0f81bbe348bcfe8b4152","modules/lang-painless/src/test/java/org/elasticsearch/painless/StringTests.java","7","0","0","7","139","194","1"
"hazelcast","7c1baa91dc4cb5d9c03b04a955a9c3e3824dde65","hazelcast/src/main/java/com/hazelcast/client/impl/protocol/task/scheduledexecutor/ScheduledExecutorGetAllScheduledMessageTask.java","7","0","0","7","142","188","1"
"hazelcast","d19b7ff999f1b5acfa65e2a1f6d653e88ed701cb","hazelcast-client/src/test/java/com/hazelcast/client/map/ClientMapStoreTest.java","7","0","0","7","144","182","0"
"elasticsearch","952feb58e41bd0220784c44136b840ea4a740e26","core/src/test/java/org/elasticsearch/search/aggregations/bucket/NaNSortingIT.java","7","0","0","7","147","187","1"
"elasticsearch","e7d352b489272a87b05019869857656de7fb82fc","core/src/test/java/org/elasticsearch/search/aggregations/bucket/NaNSortingIT.java","7","0","0","7","148","188","0"
"hazelcast","5009d4a90be3c901942a0a89cf29a92c074231f1","hazelcast/src/test/java/com/hazelcast/util/CollectionTxnUtilTest.java","7","0","0","7","165","226","0"
"elasticsearch","9080f51340b1b26f8bd171b4c82de8d87ad42b55","core/src/test/java/org/elasticsearch/index/fielddata/IndexFieldDataServiceTests.java","7","0","0","7","166","209","1"
"elasticsearch","d84c643f5880a88d2e5c38b487123161f3e01fe0","core/src/test/java/org/elasticsearch/index/fielddata/IndexFieldDataServiceTests.java","7","0","0","7","169","212","0"
"elasticsearch","6125f535aed6a4d1680668fd585feeb01c267ab3","core/src/test/java/org/elasticsearch/mget/SimpleMgetIT.java","7","0","0","7","173","228","0"
"netty","39997814bfa3ea70d5f63a7c9bacdf34c962d823","handler/src/test/java/io/netty/handler/ssl/SslHandlerTest.java","7","0","0","7","189","246","0"
"elasticsearch","d547b79224acfce78eb793b1436286845f781f98","core/src/test/java/org/elasticsearch/action/admin/indices/TransportAnalyzeActionTests.java","7","0","0","7","195","257","1"
"elasticsearch","01f6851691f0e160185acdb2986f0486e9b4f6ec","modules/percolator/src/test/java/org/elasticsearch/percolator/PercolateQueryBuilderTests.java","7","0","0","7","216","280","0"
"hazelcast","4ca2889e9b466af9d0cb2f754b689c282072f790","hazelcast-client/src/test/java/com/hazelcast/client/ClientServiceTest.java","7","0","0","7","220","294","1"
"hazelcast","42c497fd2cd5fae3f6097086045dc581c227ac64","hazelcast/src/test/java/com/hazelcast/spi/impl/operationservice/impl/InvocationTimeoutTest.java","7","0","0","7","237","297","0"
"hazelcast","278ac0517623b1549a66b78f29c200f32665bb70","hazelcast/src/test/java/com/hazelcast/spi/impl/operationservice/impl/InvocationTimeoutTest.java","7","0","0","7","238","297","1"
"netty","afb46b926f9df6f1da91cbd011fa8f43d1566bb8","handler/src/test/java/io/netty/handler/ssl/SSLEngineTest.java","7","0","0","7","246","291","0"
"neo4j","cc4cfe4680328ea8f5e8b56ce68a9c69d2bf5c10","community/lucene-index/src/test/java/org/neo4j/kernel/api/impl/index/DatabaseIndexIntegrationTest.java","7","0","0","7","266","363","0"
"BroadleafCommerce","9c3ff9c5826440e31be63fbeb2710cc95580cbd7","common/src/main/java/org/broadleafcommerce/common/email/service/message/MessageCreator.java","7","0","0","7","58","92","0"
"elasticsearch","4b94eb5cb8cc4294ed0e932a5f22c16bd90d4dd7","core/src/main/java/org/elasticsearch/action/admin/cluster/shards/ClusterSearchShardsResponse.java","7","0","0","7","62","95","2"
"elasticsearch","860efb2ad28db09189c8423e05d0dba53010259c","core/src/main/java/org/elasticsearch/action/admin/cluster/shards/ClusterSearchShardsResponse.java","7","0","0","7","62","95","2"
"elasticsearch","d3417fb02291f26964d77767020ef345d18c148f","core/src/main/java/org/elasticsearch/action/admin/cluster/shards/ClusterSearchShardsResponse.java","7","0","0","7","62","95","0"
"elasticsearch","b6a83fd8b245b8ac40edb226e95fa68c5d61e01a","src/main/java/org/elasticsearch/search/highlight/CustomQueryScorer.java","7","0","0","7","66","102","0"
"elasticsearch","6090c51fc5531691cb3babaa5dca456126bfb281","core/src/main/java/org/elasticsearch/search/fetch/subphase/highlight/CustomQueryScorer.java","7","0","0","7","67","105","2"
"hazelcast","b01ad95e9c86cf4a9fe4d322d7372fec3d4107f9","hazelcast/src/main/java/com/hazelcast/map/impl/operation/MultipleEntryBackupOperation.java","7","0","0","7","73","91","1"
"hazelcast","159c4a53940c2170c905d13fc1fc784cf59279c9","hazelcast/src/main/java/com/hazelcast/map/operation/MultipleEntryBackupOperation.java","7","0","0","7","74","92","1"
"hazelcast","a845db8f9e34f69bc5bbafb3c47f1141c768f97a","hazelcast/src/main/java/com/hazelcast/map/impl/operation/MultipleEntryBackupOperation.java","7","0","0","7","74","93","0"
"hazelcast","78af4f23bcba7ec0288688e1bd9e49f207eac041","hazelcast/src/main/java/com/hazelcast/map/operation/MultipleEntryBackupOperation.java","7","0","0","7","75","94","0"
"hazelcast","83a0cf18d1ea739f59d79c242d73f72375ad3237","hazelcast/src/main/java/com/hazelcast/client/impl/protocol/task/GetPartitionsMessageTask.java","7","0","0","7","78","114","0"
"neo4j","c6df52ac56269552d27f572a2af61ddce5a9095c","enterprise/causal-clustering/src/main/java/org/neo4j/causalclustering/catchup/storecopy/FileChunk.java","7","0","0","7","84","119","0"
"ceylon-ide-eclipse","5f3175d7a5b12dc956da26d93f3194a423b4a6ea","plugins/com.redhat.ceylon.eclipse.ui/src/com/redhat/ceylon/eclipse/core/model/ProjectSourceFile.java","7","0","0","7","99","115","1"
"hazelcast","f4c33973f2e5f804f6743683b11c8a43922bfc7e","hazelcast/src/test/java/com/hazelcast/internal/cluster/impl/MemberSelectingIteratorTest.java","7","0","0","8","117","161","1"
"hazelcast","7812e4cfb5307427c8041eaaed72fb543f28dd47","hazelcast/src/test/java/com/hazelcast/internal/cluster/impl/MemberSelectingIteratorTest.java","7","0","0","8","118","162","0"
"hazelcast","e1b69c53ca4923affcd7722f012a80e32517e988","hazelcast/src/test/java/com/hazelcast/internal/cluster/impl/MemberSelectingIteratorTest.java","7","0","0","8","118","162","0"
"hazelcast","5758dedd1bcd1583eb238e314a12eee83980b607","hazelcast/src/test/java/com/hazelcast/internal/cluster/impl/MemberSelectingIteratorTest.java","7","0","0","8","118","162","1"
"hazelcast","620dbd7e355616bac3aa3ceaeb7f572cf028b90d","hazelcast/src/test/java/com/hazelcast/cache/ReadWriteThroughJCacheTests.java","7","0","0","8","134","180","0"
"hazelcast","317fabec0c90b274c686ba018cc1b465fee244f2","hazelcast-client-new/src/test/java/com/hazelcast/client/cache/ClientReadWriteThroughJCacheTests.java","7","0","0","8","155","203","0"
"hazelcast","d38202141395360399c9cf97d4453adf5b1581e1","hazelcast-client-new/src/test/java/com/hazelcast/client/cache/ClientReadWriteThroughJCacheTests.java","7","0","0","8","157","205","1"
"orientdb","d7128ea8db2683cf9c309e998965f5cb9a88f204","graphdb/src/test/java/com/orientechnologies/orient/graph/sql/SQLMoveVertexCommandInTxTest.java","7","0","0","8","166","257","1"
"elasticsearch","770abd7af8c23773b0a1d5d4153298e69d0151d5","core/src/test/java/org/elasticsearch/action/admin/indices/TransportAnalyzeActionTests.java","7","0","0","8","208","272","0"
"elasticsearch","292dd8f992e101f9bffcd58c6c60a24ccbfec746","modules/percolator/src/test/java/org/elasticsearch/percolator/PercolateQueryBuilderTests.java","7","0","0","8","236","302","1"
"elasticsearch","57cbce2824dba219792a5b7080f0f09c66c5c186","core/src/test/java/org/elasticsearch/action/termvectors/TermVectorsUnitTests.java","7","0","0","8","259","329","3"
"netty","fdfe3149ba3f68678fa7f73c574c7c61aa33fa2f","transport/src/test/java/io/netty/bootstrap/BootstrapTest.java","7","0","0","8","267","338","1"
"neo4j","e5ea526b14ce752e94a5460b1c85bf4567d8f97d","community/io/src/test/java/org/neo4j/io/pagecache/impl/muninn/MuninnPageCacheTest.java","7","0","0","8","279","353","1"
"hazelcast","6474545aa5329fefb6b8aca3d96457f3fd89c46c","hazelcast/src/main/java/com/hazelcast/map/DataAwareEntryEvent.java","7","0","0","8","55","88","0"
"hazelcast","e4f7959a373b0263506a00fa6941d0020407e6fd","hazelcast/src/main/java/com/hazelcast/client/impl/protocol/util/ParameterUtil.java","7","0","0","8","56","86","1"
"hazelcast","4c1b1b779a2a777ec65393b7af9a0dc4e31d82f5","hazelcast/src/main/java/com/hazelcast/client/impl/protocol/util/ParameterUtil.java","7","0","0","8","57","87","0"
"elasticsearch","c7c0faa54ddda8134aa23d54d07bed43b24a1817","core/src/test/java/org/elasticsearch/search/aggregations/bucket/ReverseNestedIT.java","7","0","0","8","575","651","0"
"elasticsearch","952feb58e41bd0220784c44136b840ea4a740e26","core/src/test/java/org/elasticsearch/search/aggregations/bucket/ReverseNestedIT.java","7","0","0","8","576","652","1"
"elasticsearch","e7d352b489272a87b05019869857656de7fb82fc","core/src/test/java/org/elasticsearch/search/aggregations/bucket/ReverseNestedIT.java","7","0","0","8","577","653","0"
"ceylon-ide-eclipse","376b9d32900a86ae2f26c4413022de8bb56beaf4","plugins/com.redhat.ceylon.eclipse.ui/src/com/redhat/ceylon/eclipse/core/debug/BreakpointMethodFilter.java","7","0","0","8","61","76","0"
"netty","a6c4f651a7772afb0410206908169901ff0bdc81","example/src/main/java/io/netty/example/http/websocketx/client/WebSocketClientHandler.java","7","0","0","8","67","119","0"
"netty","f23b2fc25d05134ce9a3811043df274ee4685720","example/src/main/java/io/netty/example/http/websocketx/client/WebSocketClientHandler.java","7","0","0","8","69","119","0"
"elasticsearch","5910b17ece360ab03cb86cbfa46bd822c6e0da6b","src/main/java/org/elasticsearch/common/geo/builders/MultiPolygonBuilder.java","7","0","0","8","70","108","1"
"elasticsearch","4b94eb5cb8cc4294ed0e932a5f22c16bd90d4dd7","core/src/main/java/org/elasticsearch/action/fieldstats/FieldStatsResponse.java","7","0","0","8","76","107","2"
"elasticsearch","860efb2ad28db09189c8423e05d0dba53010259c","core/src/main/java/org/elasticsearch/action/fieldstats/FieldStatsResponse.java","7","0","0","8","76","107","2"
"elasticsearch","d3417fb02291f26964d77767020ef345d18c148f","core/src/main/java/org/elasticsearch/action/fieldstats/FieldStatsResponse.java","7","0","0","8","76","107","0"
"neo4j","069d4fa96fad00d182daeb9570e124ae87f68f5f","community/kernel/src/main/java/org/neo4j/kernel/api/security/AuthToken.java","7","0","0","8","80","112","0"
"netty","d2389a9339b72e12bdab20f11f745df01b190e8a","codec-http2/src/main/java/io/netty/handler/codec/http2/DefaultHttp2HeadersDecoder.java","7","0","0","8","82","122","0"
"neo4j","4b783033af1033767313a606fd21b7a127264309","enterprise/causal-clustering/src/main/java/org/neo4j/causalclustering/catchup/storecopy/FileChunk.java","7","0","0","8","90","127","1"
"hazelcast","8dce70f48149681945a9329ded6522715a079e4c","hazelcast/src/main/java/com/hazelcast/cluster/impl/operations/LockClusterStateOperation.java","7","0","0","8","96","126","0"
"elasticsearch","41d8fbe8f51abd499c9b497238bc5f2141b7926b","core/src/test/java/org/elasticsearch/benchmark/transport/netty/NettyEchoBenchmark.java","7","0","0","9","105","157","1"
"elasticsearch","164efaecbe42195f08ada58b5fde927ab21fc6e7","core/src/test/java/org/elasticsearch/benchmark/transport/netty/NettyEchoBenchmark.java","7","0","0","9","106","158","0"
"netty","f2ba221e7e70fb7c1bb63d8aa67bdd21aa106886","testsuite/src/main/java/io/netty/testsuite/transport/socket/SocketConnectionAttemptTest.java","7","0","0","9","119","161","0"
"elasticsearch","7c46b57ff29e85e2e222020d3ec1aae6d9689816","modules/lang-painless/src/test/java/org/elasticsearch/painless/NoSemiColonTests.java","7","0","0","9","137","180","1"
"neo4j","a28cc235c4450cd201655342dcfd1edb07e5520b","community/cypher/cypher/src/test/java/org/neo4j/cypher/internal/javacompat/NotificationAcceptanceTest.java","7","0","0","9","165","234","1"
"hazelcast","4bc70daa1a4ee13006874d617051076c198770df","hazelcast/src/test/java/com/hazelcast/internal/usercodedeployment/impl/filter/UserCodeDeploymentAbstractTest.java","7","0","0","9","181","233","0"
"hazelcast","49319704bba10767278ba562dc6b4c93c3b9ee6b","hazelcast-client-new/src/test/java/com/hazelcast/client/map/ClientMapIssueTest.java","7","0","0","9","198","270","0"
"hazelcast","80b31b021525166fdb318b692f740b679b333bc5","hazelcast-client-legacy/src/test/java/com/hazelcast/client/map/ClientMapIssueTest.java","7","0","0","9","199","270","0"
"hazelcast","1f042b8c4a4245594691bb6d85a66ceed9b43068","hazelcast-client/src/test/java/com/hazelcast/client/map/ClientMapIssueTest.java","7","0","0","9","204","276","2"
"elasticsearch","84dfa360b14c0809a236df0601d7a47b5aa4598f","core/src/test/java/org/elasticsearch/ingest/IngestClientIT.java","7","0","0","9","209","260","1"
"elasticsearch","0fa67e1538e189ff1b6b46c602ccf0cc6ff22bd1","core/src/test/java/org/elasticsearch/ingest/IngestClientIT.java","7","0","0","9","211","262","0"
"elasticsearch","148fd3f8912fc2ea9e51398aa1de485dc207497c","core/src/test/java/org/elasticsearch/action/support/nodes/TransportNodesActionTests.java","7","0","0","9","214","279","1"
"elasticsearch","4a578e9c710a5bf7d7f328440d5d2d54f48ba11f","core/src/test/java/org/elasticsearch/gateway/AsyncShardFetchTests.java","7","0","0","9","220","313","1"
"elasticsearch","5a02ec86a8f76c02304b015035c4cffac4474395","src/test/java/org/elasticsearch/index/mapper/date/SimpleDateMappingTests.java","7","0","0","9","268","336","1"
"netty","a729e0fcd94009905d219665bdd069eb31433b7c","transport/src/test/java/io/netty/bootstrap/BootstrapTest.java","7","0","0","9","295","369","1"
"netty","a7496ed83df3cf13c24fa9b5ce9494914fcd07ec","transport/src/test/java/io/netty/bootstrap/BootstrapTest.java","7","0","0","9","297","372","1"
"netty","a5006c1969e6bfab2d78699de190441e518f34b8","transport/src/test/java/io/netty/bootstrap/BootstrapTest.java","7","0","0","9","299","374","0"
"neo4j","7a78ace08198c766f6c56bb85cde48e2e4bc14e4","community/kernel/src/test/java/org/neo4j/kernel/impl/transaction/log/BatchingTransactionAppenderTest.java","7","0","0","9","315","395","1"
"hazelcast","b0ce34b9ecddab5119836b79b2cecb428664b121","hazelcast/src/main/java/com/hazelcast/map/impl/DataAwareEntryEvent.java","7","0","0","9","53","85","1"
"hazelcast","789fec3a6e311f2b7e0375c14c84bee28393ab89","hazelcast/src/main/java/com/hazelcast/map/impl/query/QueryEventFilter.java","7","0","0","9","55","84","1"
"hazelcast","5a84641d6ca0ba61f6bc3db3f4d51994ee307736","hazelcast/src/main/java/com/hazelcast/multimap/impl/operations/RemoveOperation.java","7","0","0","9","70","100","2"
"hazelcast","cdac811975c69456ff44782af5b54716b74edb65","hazelcast/src/main/java/com/hazelcast/multimap/impl/operations/RemoveOperation.java","7","0","0","9","70","100","2"
"hazelcast","e5cc462c1684fa9b06b8a13d7fb5bd4cac539949","hazelcast/src/main/java/com/hazelcast/multimap/impl/operations/RemoveOperation.java","7","0","0","9","70","100","1"
"hazelcast","d86080935c0ade00a64fd45af8c2fa1c0cd03dd3","hazelcast/src/main/java/com/hazelcast/multimap/impl/operations/RemoveOperation.java","7","0","0","9","70","100","0"
"hazelcast","10773b4cd855bdfd84ea80d22b8ed3c977459444","hazelcast/src/main/java/com/hazelcast/multimap/impl/txn/TxnCommitOperation.java","7","0","0","9","71","101","0"
"hazelcast","3a1d456848dcafbe8a777d7d33434d63a8db1f0d","hazelcast/src/main/java/com/hazelcast/multimap/impl/txn/TxnCommitOperation.java","7","0","0","9","71","101","0"
"hazelcast","5186e0869fd957fd048d838064815d9922b133ec","hazelcast/src/main/java/com/hazelcast/multimap/impl/txn/TxnCommitOperation.java","7","0","0","9","71","101","1"
"hazelcast","70d4de16ff0ac4518d09aad8c9f2ad9e782fb337","hazelcast/src/main/java/com/hazelcast/util/executor/CompletedFuture.java","7","0","0","9","74","104","1"
"hazelcast","94adcc7514abab71a4ead864748a50df7437db76","hazelcast/src/main/java/com/hazelcast/util/executor/CompletedFuture.java","7","0","0","9","74","104","1"
"hazelcast","6dbf726f876f290ece21edcb4e37af996cecac9d","hazelcast/src/main/java/com/hazelcast/util/executor/CompletedFuture.java","7","0","0","9","74","104","0"
"hazelcast","5a84641d6ca0ba61f6bc3db3f4d51994ee307736","hazelcast/src/main/java/com/hazelcast/multimap/impl/txn/TxnRemoveOperation.java","7","0","0","9","81","112","2"
"hazelcast","cdac811975c69456ff44782af5b54716b74edb65","hazelcast/src/main/java/com/hazelcast/multimap/impl/txn/TxnRemoveOperation.java","7","0","0","9","81","112","2"
"hazelcast","e5cc462c1684fa9b06b8a13d7fb5bd4cac539949","hazelcast/src/main/java/com/hazelcast/multimap/impl/txn/TxnRemoveOperation.java","7","0","0","9","81","112","1"
"hazelcast","d86080935c0ade00a64fd45af8c2fa1c0cd03dd3","hazelcast/src/main/java/com/hazelcast/multimap/impl/txn/TxnRemoveOperation.java","7","0","0","9","81","112","0"
"neo4j","e34463f7dafbb72552196ee10e7e8e611c94772e","community/kernel/src/main/java/org/neo4j/kernel/impl/transaction/log/LogPosition.java","7","0","0","9","88","124","0"
"neo4j","9afb987d9d854a2f0f4e2d896ef0f9086a748d74","community/kernel/src/main/java/org/neo4j/kernel/impl/transaction/log/LogPosition.java","7","0","0","9","88","125","1"
"hazelcast","290160eb73377fc226cbc5858d1c2c3803b79d6d","hazelcast/src/main/java/com/hazelcast/map/impl/operation/MergeOperation.java","7","0","0","9","90","121","2"
"hazelcast","2f105299c19d8ec766aec5fcaeccafcef51a6774","hazelcast-spring/src/main/java/com/hazelcast/spring/hibernate/RegionFactoryBeanDefinitionParser.java","7","0","1","0","38","72","1"
"hazelcast","c7b962eded1db7b4735b713d950eb548f009331f","hazelcast/src/test/java/com/hazelcast/test/SplitBrainAddMemberTest.java","7","0","1","0","48","77","0"
"BroadleafCommerce","41c0c9ad85771f1a4f2762c5c86c2bfa02101413","admin/broadleaf-contentmanagement-module/src/main/java/org/broadleafcommerce/cms/web/PageHandlerMapping.java","7","0","1","0","53","107","1"
"netty","1aa20e860953f66c42858968ffe56ef95e2df4fd","codec-http/src/main/java/io/netty/handler/codec/http/websocketx/WebSocket00FrameEncoder.java","7","0","1","0","65","101","0"
"netty","d0b5fb9548be90a906d59601898a0a4e5a3f6c2e","codec-http/src/main/java/io/netty/handler/codec/http/websocketx/WebSocket00FrameEncoder.java","7","0","1","0","65","102","0"
"elasticsearch","4900f52619729cc6bfe9ddba2a2cee6ea0e6ee22","src/test/java/org/elasticsearch/cluster/routing/allocation/BalanceUnbalancedClusterTest.java","7","0","1","0","66","99","0"
"netty","319b7fa69ac5f4ae53216097184ac2eac42caaab","codec/src/main/java/io/netty/handler/codec/compression/SnappyFramedEncoder.java","7","0","1","0","68","121","0"
"elasticsearch","d99b5dfdb4bdfa42e92f68663628134ad0b8d89d","src/main/java/org/elasticsearch/action/search/type/TransportSearchDfsQueryAndFetchAction.java","7","0","1","1","108","149","1"
"elasticsearch","b5ad1c257e3b5458f58c6906e013599c98648bb6","src/main/java/org/elasticsearch/action/search/type/TransportSearchDfsQueryAndFetchAction.java","7","0","1","1","109","153","0"
"elasticsearch","d4536996432cf34de3c8e20908e7906637876858","src/main/java/org/elasticsearch/action/search/type/TransportSearchDfsQueryAndFetchAction.java","7","0","1","1","112","156","0"
"elasticsearch","95faa35853bff06d14c9071120988c0cba9aae84","src/test/java/org/elasticsearch/benchmark/mapping/ManyMappingsBenchmark.java","7","0","1","1","114","153","1"
"elasticsearch","467a459f95d8709379bf3e7f415644b246a89dba","core/src/main/java/org/elasticsearch/action/search/type/TransportSearchDfsQueryAndFetchAction.java","7","0","1","1","114","158","2"
"elasticsearch","821021f0e478ca44d828e62c139ea19f0fd7290a","core/src/main/java/org/elasticsearch/action/search/type/TransportSearchDfsQueryAndFetchAction.java","7","0","1","1","115","159","1"
"elasticsearch","5337686d8d39568f94b0b976bd9098af69214302","core/src/test/java/org/elasticsearch/benchmark/mapping/ManyMappingsBenchmark.java","7","0","1","1","117","156","0"
"elasticsearch","78d86bcf411ebd940e10539f039282b3d115c5a0","src/main/java/org/elasticsearch/gateway/MetaStateService.java","7","0","1","1","118","184","0"
"neo4j","fef7a2cf3f52a40593201391e259231a6461c6ef","enterprise/ha/src/test/java/org/neo4j/kernel/ha/transaction/TransactionThroughMasterSwitchStressIT.java","7","0","1","1","123","203","0"
"neo4j","4a4bc99eef885ecb4dd05d675666d37815410116","enterprise/ha/src/test/java/org/neo4j/kernel/ha/transaction/TransactionThroughMasterSwitchStressIT.java","7","0","1","1","124","206","1"
"neo4j","c565fd94f62826af7e334282f0975a6f3d0e7f01","enterprise/ha/src/test/java/org/neo4j/kernel/ha/transaction/TransactionThroughMasterSwitchStressIT.java","7","0","1","1","124","206","1"
"neo4j","99abe5c4afa2f26034fa586114f10589e685e985","enterprise/ha/src/test/java/org/neo4j/kernel/ha/transaction/TransactionThroughMasterSwitchStressIT.java","7","0","1","1","124","206","0"
"titan","a1e70246868f0fc9e3e6e1bd454f2b0b13170c3b","src/main/java/com/thinkaurelius/titan/util/interval/IntervalUtil.java","7","0","1","1","22","33","1"
"mct","523a7d63d73ef3ea83abb30531d2ba0f3a6ee78e","mctCoreTaxonomyProvider/src/main/java/gov/nasa/arc/mct/core/policy/CheckComponentOwnerIsUserPolicy.java","7","0","1","1","23","60","0"
"BroadleafCommerce","871a21059363c745a87780bbc75dc3b4a3492f92","admin/broadleaf-open-admin-platform/src/main/java/org/broadleafcommerce/openadmin/server/security/service/AdminUserDetailsServiceImpl.java","7","0","1","1","34","62","2"
"BroadleafCommerce","c880fb0996be00c849e736ac5be5abf168f384f9","admin/broadleaf-open-admin-platform/src/main/java/org/broadleafcommerce/openadmin/server/security/service/AdminUserDetailsServiceImpl.java","7","0","1","1","35","61","2"
"hazelcast","dcdf838c95407da279237d92588a7a4f691c6fce","hazelcast-spring/src/main/java/com/hazelcast/spring/AbstractHazelcastBeanDefinitionParser.java","7","0","1","1","37","63","1"
"elasticsearch","b49635539d929d6cb5ee56153e2f95872fe4bb16","modules/lang-painless/src/main/java/org/elasticsearch/painless/node/SBlock.java","7","0","1","1","39","74","1"
"BroadleafCommerce","ed6a63e4bf74b8b8876dc0f94d9d692b5645e5f9","admin/broadleaf-open-admin-platform/src/main/java/org/broadleafcommerce/openadmin/server/dao/provider/metadata/AdvancedCollectionFieldMetadataProvider.java","7","0","1","1","40","68","1"
"BroadleafCommerce","f0a43a10b18a55908684479d3eadcb3822d3cd60","core/broadleaf-framework/src/main/java/org/broadleafcommerce/core/offer/service/workflow/VerifyCustomerMaxOfferUsesActivity.java","7","0","1","1","40","77","0"
"BroadleafCommerce","66ae8f00a336acfd1569bda8752f26ebae85a7dc","core/broadleaf-framework/src/main/java/org/broadleafcommerce/core/offer/service/workflow/VerifyCustomerMaxOfferUsesActivity.java","7","0","1","1","41","81","1"
"hazelcast","4a7940a4f5a775a9cca1a283ae88d7fdf0cfc125","hazelcast-hibernate/hazelcast-hibernate3/src/main/java/com/hazelcast/hibernate/local/TimestampsRegionCache.java","7","0","1","1","45","72","0"
"orientdb","dd5e1c10d2620d1c5de58d640ede6cbbf46652d9","client/src/main/java/com/orientechnologies/orient/client/binary/OAsynchChannelServiceThread.java","7","0","1","1","45","79","0"
"elasticsearch","47f92d7c621eb0b0e4cf350ae21c8553592a324f","core/src/main/java/org/elasticsearch/index/query/SimpleQueryStringFlag.java","7","0","1","1","50","80","1"
"elasticsearch","30d7b8de2fa043bdca3ca55026aa74f06d404a76","src/main/java/org/elasticsearch/index/query/SimpleQueryStringFlag.java","7","0","1","1","51","80","0"
"elasticsearch","4bce7271659889d839388d7df5c61a6d2a5c3c7a","core/src/main/java/org/elasticsearch/index/query/SimpleQueryStringFlag.java","7","0","1","1","51","81","0"
"elasticsearch","d0835715c2704aeb9600f1c203bd591a8b77ee68","core/src/test/java/org/elasticsearch/cluster/allocation/SimpleAllocationIT.java","7","0","1","1","51","86","1"
"elasticsearch","1441fec0687d9af1b3eb17a6cc7286bab495d01f","src/main/java/org/elasticsearch/index/query/SimpleQueryStringFlag.java","7","0","1","1","52","81","2"
"elasticsearch","3202af0dc15835f3980a3c357dbdfd14d45c129a","modules/test/integration/src/test/java/org/elasticsearch/test/stress/client/ClientFailover.java","7","0","1","1","52","87","0"
"elasticsearch","41d8fbe8f51abd499c9b497238bc5f2141b7926b","core/src/test/java/org/elasticsearch/stresstest/client/ClientFailover.java","7","0","1","1","53","90","1"
"elasticsearch","164efaecbe42195f08ada58b5fde927ab21fc6e7","core/src/test/java/org/elasticsearch/stresstest/client/ClientFailover.java","7","0","1","1","54","91","0"
"elasticsearch","a2d07058e8557539e843fc3c2cace23b56512344","src/main/java/org/elasticsearch/action/admin/indices/template/get/TransportGetIndexTemplatesAction.java","7","0","1","1","55","89","4"
"elasticsearch","d2507c4ac0477f28b441f83eeac07786fb8f42b4","core/src/test/java/org/elasticsearch/cluster/allocation/SimpleAllocationIT.java","7","0","1","1","55","90","0"
"elasticsearch","b49635539d929d6cb5ee56153e2f95872fe4bb16","modules/lang-painless/src/main/java/org/elasticsearch/painless/node/SDo.java","7","0","1","1","61","107","1"
"elasticsearch","2e2e345dcb90e1ec1c48c6bb5348469fc514aea1","src/main/java/org/elasticsearch/action/admin/indices/template/get/TransportGetIndexTemplatesAction.java","7","0","1","1","61","96","5"
"elasticsearch","b75d1d885a4f56edf8d1b8cd393298588fbd0123","src/main/java/org/elasticsearch/action/admin/indices/template/get/TransportGetIndexTemplatesAction.java","7","0","1","1","61","96","3"
"elasticsearch","adc0807c686b37bf1d96bd3eb9d26face380fe44","src/main/java/org/elasticsearch/action/admin/indices/template/get/TransportGetIndexTemplatesAction.java","7","0","1","1","61","96","0"
"elasticsearch","3f06d9f3b8516bb30a2890a36c2973f08f9c6076","modules/lang-painless/src/main/java/org/elasticsearch/painless/node/SCatch.java","7","0","1","1","64","106","0"
"BroadleafCommerce","7b665e30fc319cf32e2131b74a6f7f6e3072c3cb","core/broadleaf-profile-web/src/main/java/org/broadleafcommerce/profile/web/core/security/SessionFixationProtectionFilter.java","7","0","1","1","65","116","1"
"elasticsearch","8dedbd01df14c76fc8f1ac9060facc053fa2be9b","src/main/java/org/elasticsearch/action/admin/indices/exists/types/TransportTypesExistsAction.java","7","0","1","1","67","103","3"
"elasticsearch","10ec2e948a2f1426a5058ca3b2c2e39952f141d8","src/main/java/org/elasticsearch/action/admin/indices/exists/types/TransportTypesExistsAction.java","7","0","1","1","67","104","2"
"BroadleafCommerce","bcb6c4390dd85df30cfe325a4db68818554d4ea2","core/broadleaf-profile-web/src/main/java/org/broadleafcommerce/profile/web/core/security/SessionFixationProtectionFilter.java","7","0","1","1","68","114","1"
"elasticsearch","b49635539d929d6cb5ee56153e2f95872fe4bb16","modules/lang-painless/src/main/java/org/elasticsearch/painless/node/STry.java","7","0","1","1","69","114","1"
"elasticsearch","6c650874c9eb659b556e16c45ce65b82af8f0d0b","core/src/main/java/org/elasticsearch/cli/EnvironmentAwareCommand.java","7","0","1","1","73","110","0"
"oryx","d16f89b25fc5e12f94af6432274c66e0394c1743","app/oryx-app-serving/src/main/java/com/cloudera/oryx/app/serving/als/Recommend.java","7","0","1","1","73","127","0"
"elasticsearch","1d00fe31293ec7e6f7aeb6e067a26c3de1544ad3","core/src/test/java/org/elasticsearch/recovery/FullRollingRestartIT.java","7","0","1","1","73","128","2"
"elasticsearch","2b3760f78b26817b5a2030aa27b1ddf2f17462f6","core/src/main/java/org/elasticsearch/rest/action/cat/RestAliasAction.java","7","0","1","1","74","110","1"
"elasticsearch","8639bf4a1ab44d601d7df1aa6194450ef9ec1091","core/src/main/java/org/elasticsearch/cli/EnvironmentAwareCommand.java","7","0","1","1","74","112","0"
"elasticsearch","c70c44005088d4bf0eb7fc5d6f8660c25958a785","test/fixtures/hdfs-fixture/src/main/java/hdfs/MiniHDFS.java","7","0","1","1","75","123","1"
"oryx","27e9046b2bd92243c260efd8bcd0af46b92bdf9e","app/oryx-app-serving/src/main/java/com/cloudera/oryx/app/serving/als/Recommend.java","7","0","1","1","75","129","0"
"elasticsearch","74f4a14d82058cf55518fe9d64a793d58fb8704c","test/fixtures/hdfs-fixture/src/main/java/hdfs/MiniHDFS.java","7","0","1","1","78","126","0"
"neo4j","d46e9ba9b10096a547cbe8e3984a3b1d60e2668f","community/bolt/src/main/java/org/neo4j/bolt/v1/packstream/utf8/SunMiscUTF8Encoder.java","7","0","1","1","80","145","1"
"neo4j","dcf58f0717b26e8b5b903ff2fd5529189772f918","community/bolt/src/main/java/org/neo4j/bolt/v1/packstream/utf8/SunMiscUTF8Encoder.java","7","0","1","1","80","145","1"
"neo4j","68e870fcf59ee2b7ab0a098dbe42cfdad0af0a7f","community/bolt/src/main/java/org/neo4j/bolt/v1/packstream/utf8/SunMiscUTF8Encoder.java","7","0","1","1","80","145","0"
"elasticsearch","82ebd28c14f11d17995b1a2bfeb3eda1d93f3b5f","core/src/main/java/org/elasticsearch/action/admin/indices/delete/TransportDeleteIndexAction.java","7","0","1","1","83","119","1"
"elasticsearch","371c73e14023917f3892090d2d3d7ff9ac1216b9","core/src/main/java/org/elasticsearch/action/admin/cluster/snapshots/create/TransportCreateSnapshotAction.java","7","0","1","1","84","117","3"
"elasticsearch","78574d248cf10dad1c5a566fda79e1e0c94afe43","core/src/main/java/org/elasticsearch/action/admin/cluster/snapshots/create/TransportCreateSnapshotAction.java","7","0","1","1","84","117","2"
"elasticsearch","e6aaaf11ed4a1b8f595f920de1840938eddb7a97","core/src/main/java/org/elasticsearch/action/admin/cluster/snapshots/create/TransportCreateSnapshotAction.java","7","0","1","1","84","117","2"
"elasticsearch","a60b8948ba1d836a6eac7cff095519e618939ed8","core/src/main/java/org/elasticsearch/action/admin/cluster/snapshots/create/TransportCreateSnapshotAction.java","7","0","1","1","84","117","0"
"elasticsearch","8dedbd01df14c76fc8f1ac9060facc053fa2be9b","src/main/java/org/elasticsearch/action/admin/indices/delete/TransportDeleteIndexAction.java","7","0","1","1","89","127","3"
"neo4j","5b477991633ccddb51f206e827fed8ec3509e8c1","enterprise/core-edge/src/main/java/org/neo4j/coreedge/core/consensus/membership/MembershipWaiter.java","7","0","1","1","95","149","1"
"neo4j","57d6d3b885ab6d91d2f556a437e082e308316788","enterprise/core-edge/src/main/java/org/neo4j/coreedge/core/consensus/membership/MembershipWaiter.java","7","0","1","1","97","151","0"
"hazelcast","f991c4c3a34647ae68f475943f5a6dd80da5b445","hazelcast/src/main/java/com/hazelcast/cache/impl/operation/CacheCreateConfigOperation.java","7","0","1","10","118","174","1"
"hazelcast","14ae937c41c58965c1990d0c60199299af1262c7","hazelcast/src/main/java/com/hazelcast/cache/impl/operation/CacheCreateConfigOperation.java","7","0","1","10","119","175","1"
"BroadleafCommerce","d2254cf438ab766ee82e5a464c83c8d618cb170e","admin/broadleaf-contentmanagement-module/src/main/java/org/broadleafcommerce/cms/structure/domain/StructuredContentFieldImpl.java","7","0","1","10","129","173","0"
"elasticsearch","4d05c9cfd5cc889be77ec16730517d5417438e92","src/main/java/org/elasticsearch/index/fielddata/plain/PagedBytesAtomicFieldData.java","7","0","1","10","204","284","1"
"elasticsearch","12d9268db256b728e8d334801739fb46167902b6","src/main/java/org/elasticsearch/index/fielddata/plain/PagedBytesAtomicFieldData.java","7","0","1","10","205","285","0"
"neo4j","e5ea526b14ce752e94a5460b1c85bf4567d8f97d","community/kernel/src/test/java/org/neo4j/graphdb/GraphDatabaseServiceTest.java","7","0","1","10","278","430","1"
"neo4j","c3a5cbf00866abb108bf34ce2e0680026fdd2025","community/kernel/src/test/java/org/neo4j/graphdb/GraphDatabaseServiceTest.java","7","0","1","10","284","438","0"
"elasticsearch","521f804c7dcb3173efca2abbeabedb901b2bd2d7","src/test/java/org/elasticsearch/index/mapper/multifield/MultiFieldTests.java","7","0","1","10","398","506","0"
"elasticsearch","f6d8b12796a1724cb3c323ccaf17e964af880ee5","src/test/java/org/elasticsearch/index/mapper/multifield/MultiFieldTests.java","7","0","1","10","404","512","0"
"elasticsearch","b9558edeff254ab3d553526e6e0928f67753499d","src/test/java/org/elasticsearch/test/unit/cluster/routing/allocation/AwarenessAllocationTests.java","7","0","1","10","646","832","0"
"BroadleafCommerce","77879457fa96cb9ce4384309d6bea14163b2de5b","core/broadleaf-framework/src/main/java/org/broadleafcommerce/core/search/service/solr/index/SiteSolrIndexOperation.java","7","0","1","10","73","130","0"
"elasticsearch","f739abe89e89e999225b6e478ba530c344e8e946","src/main/java/org/elasticsearch/action/bench/BenchmarkStatusResponse.java","7","0","1","10","78","117","1"
"elasticsearch","1441fec0687d9af1b3eb17a6cc7286bab495d01f","src/main/java/org/elasticsearch/index/fielddata/fieldcomparator/BytesRefValComparator.java","7","0","1","10","81","124","2"
"elasticsearch","7a36bed0311752d13c86289ccfdeb976c6ab994d","src/main/java/org/elasticsearch/index/fielddata/fieldcomparator/StringScriptDataComparator.java","7","0","1","10","90","135","1"
"elasticsearch","467a459f95d8709379bf3e7f415644b246a89dba","core/src/main/java/org/elasticsearch/search/aggregations/bucket/significant/heuristics/GND.java","7","0","1","11","100","152","1"
"hazelcast","99c4072079a42e89bb3611d3ebb8a9f4e4e4ebf0","hazelcast/src/main/java/com/hazelcast/map/operation/PartitionWideEntryOperation.java","7","0","1","11","102","147","0"
"elasticsearch","821021f0e478ca44d828e62c139ea19f0fd7290a","core/src/main/java/org/elasticsearch/search/aggregations/bucket/significant/heuristics/GND.java","7","0","1","11","102","154","0"
"hazelcast","78af4f23bcba7ec0288688e1bd9e49f207eac041","hazelcast/src/main/java/com/hazelcast/map/operation/PartitionWideEntryOperation.java","7","0","1","11","103","150","0"
"elasticsearch","30d7b8de2fa043bdca3ca55026aa74f06d404a76","src/main/java/org/elasticsearch/index/fielddata/fieldcomparator/StringScriptDataComparator.java","7","0","1","11","105","155","0"
"hazelcast","16702ec52d2e403b481e9b68023f93e5465ceb7c","hazelcast/src/main/java/com/hazelcast/cache/impl/operation/CacheCreateConfigOperation.java","7","0","1","11","123","182","0"
"neo4j","9c79c33600e5511ac1320496d1bdd614808a973c","community/kernel/src/main/java/org/neo4j/kernel/impl/transaction/log/ReadAheadChannel.java","7","0","1","11","126","194","1"
"BroadleafCommerce","d2254cf438ab766ee82e5a464c83c8d618cb170e","admin/broadleaf-contentmanagement-module/src/main/java/org/broadleafcommerce/cms/page/domain/PageFieldImpl.java","7","0","1","11","134","184","0"
"elasticsearch","b7314c87211d99c45569ae0cdd8797636220b980","core/src/test/java/org/elasticsearch/action/index/IndexRequestTests.java","7","0","1","11","147","187","0"
"neo4j","a04c0ff1606865897edea265bfc46e445b3ff481","community/bolt/src/main/java/org/neo4j/bolt/BoltKernelExtension.java","7","0","1","11","172","249","1"
"elasticsearch","5490cb52b0837aecd24020abb958feef9ba3e9f8","core/src/test/java/org/elasticsearch/index/shard/IndexShardOperationsLockTests.java","7","0","1","11","175","272","0"
"hazelcast","70d4de16ff0ac4518d09aad8c9f2ad9e782fb337","hazelcast-client/src/main/java/com/hazelcast/client/proxy/ClientRingbufferProxy.java","7","0","1","11","196","251","2"
"elasticsearch","6b4699fbf7d9d94d04772002027e6722983c997d","core/src/test/java/org/elasticsearch/cluster/routing/allocation/AwarenessAllocationTests.java","7","0","1","11","677","871","1"
"elasticsearch","30d7b8de2fa043bdca3ca55026aa74f06d404a76","src/main/java/org/elasticsearch/index/fielddata/fieldcomparator/BytesRefValComparator.java","7","0","1","11","86","130","0"
"elasticsearch","5668b1cfc579e5e05f2bb50d78bcdebd75da1ecb","src/main/java/org/elasticsearch/index/translog/fs/FsChannelSnapshot.java","7","0","1","11","99","145","1"
"elasticsearch","d84c643f5880a88d2e5c38b487123161f3e01fe0","plugins/mapper-murmur3/src/main/java/org/elasticsearch/index/mapper/murmur3/Murmur3FieldMapper.java","7","0","1","12","117","163","0"
"elasticsearch","3ed0da5a586e8a3d12016aa517ab46032353d179","plugins/mapper-murmur3/src/main/java/org/elasticsearch/index/mapper/murmur3/Murmur3FieldMapper.java","7","0","1","12","120","166","0"
"elasticsearch","82fa531ab4c1fb087d357ff15288c070d7393378","plugins/mapper-murmur3/src/main/java/org/elasticsearch/index/mapper/murmur3/Murmur3FieldMapper.java","7","0","1","12","120","166","0"
"elasticsearch","2f8def11b5109eb80b47422a200bf7b7e07c8467","plugins/mapper-murmur3/src/main/java/org/elasticsearch/index/mapper/murmur3/Murmur3FieldMapper.java","7","0","1","12","120","166","1"
"BroadleafCommerce","936e7f49a4295a613f30c8212538a6f91dc78b7a","common/src/main/java/org/broadleafcommerce/common/sitemap/domain/SiteMapGeneratorConfigurationImpl.java","7","0","1","12","126","174","1"
"BroadleafCommerce","3732a20cdfae3d392638c8da54eef6d545a6cebf","common/src/main/java/org/broadleafcommerce/common/sitemap/domain/SiteMapGeneratorConfigurationImpl.java","7","0","1","12","132","180","0"
"BroadleafCommerce","8aef38a02f2bbe26dc542aee2ee635392f883d6b","admin/broadleaf-open-admin-platform/src/main/java/org/broadleafcommerce/openadmin/server/security/domain/AdminRoleImpl.java","7","0","1","12","144","199","0"
"BroadleafCommerce","f89485b82eed84c69205fa903807f9bd292a3abc","admin/broadleaf-open-admin-platform/src/main/java/org/broadleafcommerce/openadmin/server/security/domain/AdminRoleImpl.java","7","0","1","12","151","206","1"
"elasticsearch","ed798296a55f0a9540b9ed666be76f173131518f","src/test/java/org/elasticsearch/search/fields/SearchFieldsTests.java","7","0","1","12","460","567","0"
"hazelcast","b583f88f8f80ac2de344ace2aa3423f128cd037a","hazelcast/src/main/java/com/hazelcast/queue/TxQueueItem.java","7","0","1","12","61","101","0"
"BroadleafCommerce","beb23ce063b9f0f91520b023d0eee1fd1a2113ba","core/broadleaf-profile/src/main/java/org/broadleafcommerce/profile/core/domain/CustomerForgotPasswordSecurityTokenImpl.java","7","0","1","12","71","116","1"
"BroadleafCommerce","0c21b421c1d9c38444c820eea84cad34979e3b37","core/broadleaf-profile/src/main/java/org/broadleafcommerce/profile/core/domain/CustomerForgotPasswordSecurityTokenImpl.java","7","0","1","12","72","118","0"
"elasticsearch","5668b1cfc579e5e05f2bb50d78bcdebd75da1ecb","src/main/java/org/elasticsearch/index/translog/fs/SimpleFsTranslogFile.java","7","0","1","12","91","136","1"
"BroadleafCommerce","2cd2a86320830ad308e217861765f2aa1e2910f4","admin/broadleaf-open-admin-platform/src/main/java/org/broadleafcommerce/openadmin/web/compatibility/JSCompatibilityRequestWrapper.java","7","0","1","12","96","138","1"
"elasticsearch","105d60ac9c28b1be4ab1e8d04a39c13cf9641c18","modules/elasticsearch/src/main/java/org/elasticsearch/index/mapper/xcontent/geo/SingleValueGeoPointFieldData.java","7","0","1","12","99","143","0"
"elasticsearch","6fe9ae29ea3b66d38dfde4ae1394106b725475e9","plugins/mapper-murmur3/src/main/java/org/elasticsearch/index/mapper/murmur3/Murmur3FieldMapper.java","7","0","1","13","124","171","1"
"elasticsearch","77095a3e970fee27e3285d294bf7888ce2b1b90e","core/src/test/java/org/elasticsearch/index/mapper/update/UpdateMappingTests.java","7","0","1","13","210","277","4"
"elasticsearch","5f7b86306726c73d49176a75c59bf729a9b7e603","core/src/test/java/org/elasticsearch/index/mapper/update/UpdateMappingTests.java","7","0","1","13","211","276","4"
"elasticsearch","3f18487afa4156c8418922256ed5583dfeafb716","core/src/test/java/org/elasticsearch/index/mapper/update/UpdateMappingTests.java","7","0","1","13","212","277","5"
"hazelcast","0f0ade6c45384284ab6b222ddf9c2df333fd693c","hazelcast/src/main/java/com/hazelcast/cache/impl/CachePartitionSegment.java","7","0","1","13","78","119","0"
"hazelcast","b935ba61026311be34351b76676654f8e65e1c25","hazelcast/src/main/java/com/hazelcast/internal/networking/AbstractChannel.java","7","0","1","14","104","159","0"
"elasticsearch","0c12d0ce37932b174dc2b2a5a91824e05caac9de","core/src/main/java/org/elasticsearch/search/aggregations/pipeline/bucketmetrics/percentile/InternalPercentilesBucket.java","7","0","1","14","107","149","2"
"orientdb","252aa4c00e6048e5a77066dc5f770ef6e58dd1ea","core/src/main/java/com/orientechnologies/orient/core/sql/parser/OParenthesisBlock.java","7","0","1","14","69","99","1"
"hazelcast","1eeb4708e1137199507a2a3f85304b8ce47744f6","hazelcast/src/main/java/com/hazelcast/map/tx/TxnSetOperation.java","7","0","1","14","97","137","0"
"hazelcast","c6a840cee3a52635a07a09b17918849611848803","hazelcast/src/main/java/com/hazelcast/map/tx/TxnSetOperation.java","7","0","1","14","97","137","0"
"hazelcast","40814e12a689304f5e9966db0b006fbed3d6bea3","hazelcast/src/main/java/com/hazelcast/map/impl/tx/TxnSetOperation.java","7","0","1","14","97","137","1"
"elasticsearch","f7d5d1e5c9a04117f780a62cac970dbe24ddebf7","src/main/java/org/elasticsearch/search/suggest/completion/CompletionTokenStream.java","7","0","1","15","101","146","1"
"elasticsearch","b493f0defef0a6dc07a71d428c7702be85a3182e","core/src/test/java/org/elasticsearch/index/mapper/externalvalues/FakeStringFieldMapper.java","7","0","1","15","127","180","0"
"hazelcast","9b1f1e54a3e9a0fc6cc289f1cde9ed32c6fe5e70","hazelcast-client/src/main/java/com/hazelcast/client/spi/impl/ClientInvocationServiceImpl.java","7","0","1","15","130","180","0"
"hazelcast","624752003fdaabc04eca47535177e226cf316b53","hazelcast/src/main/java/com/hazelcast/topic/impl/TopicService.java","7","0","1","15","134","176","0"
"hazelcast","8a4364b60b5a4274ab87081d259cd1fdbd424c16","hazelcast/src/main/java/com/hazelcast/topic/impl/TopicService.java","7","0","1","15","136","178","0"
"hazelcast","843126a07f1ea0b6269255ffc68be099b8f567ce","hazelcast/src/main/java/com/hazelcast/topic/impl/TopicService.java","7","0","1","15","136","180","2"
"hazelcast","490031a220076fe6cf002b209e986e2edbad57b9","hazelcast-client/src/main/java/com/hazelcast/client/spi/impl/ClientInvocationServiceImpl.java","7","0","1","15","136","186","1"
"neo4j","035903e9ebdada5ea1269b223a6b5ee102763a1d","enterprise/causal-clustering/src/main/java/org/neo4j/causalclustering/catchup/storecopy/LocalDatabase.java","7","0","1","15","165","216","0"
"hazelcast","487f21c149d0e899a5fe0cd2b5bae9c8f7ce468a","hazelcast/src/test/java/com/hazelcast/map/mapstore/MapLoaderTest.java","7","0","1","15","206","257","2"
"orientdb","0b098ecbb27731eae0d6bc55a5750b000a6b9777","core/src/main/java/com/orientechnologies/orient/core/sql/parser/OParenthesisBlock.java","7","0","1","15","72","103","0"
"hazelcast","5fd1113dd73c6e59d8b0e6f2dd6a562ed7efad54","hazelcast/src/main/java/com/hazelcast/map/impl/journal/RingbufferMapEventJournalImpl.java","7","0","1","16","139","188","1"
"elasticsearch","01e8eaf181148d1ae5239800b5d71bd38c0c2896","src/test/java/org/elasticsearch/deps/joda/SimpleJodaTests.java","7","0","1","16","216","291","0"
"elasticsearch","84dfa360b14c0809a236df0601d7a47b5aa4598f","core/src/test/java/org/elasticsearch/ingest/PipelineExecutionServiceTests.java","7","0","1","16","342","424","1"
"elasticsearch","0fa67e1538e189ff1b6b46c602ccf0cc6ff22bd1","core/src/test/java/org/elasticsearch/ingest/PipelineExecutionServiceTests.java","7","0","1","16","345","427","0"
"hazelcast","0b99990c091b2e5235b2c7a72b4550327db4260c","hazelcast-client-new/src/main/java/com/hazelcast/client/proxy/ClientSetProxy.java","7","0","1","17","190","244","2"
"hazelcast","ccc4cf5c5afe3eadfdb39332f605f2157820ee89","hazelcast-client-new/src/main/java/com/hazelcast/client/proxy/ClientSetProxy.java","7","0","1","17","199","254","1"
"elasticsearch","423b0f5e3d30430c00f18f621c88fe2fcd44e1aa","core/src/main/java/org/elasticsearch/action/search/SearchTransportService.java","7","0","1","17","314","407","1"
"netty","2dffc2f9fb89966e4a7d227e52a8d937ef0875b0","codec-http2/src/test/java/io/netty/handler/codec/http2/HttpToHttp2ConnectionHandlerTest.java","7","0","1","17","510","590","1"
"netty","08e0c612cf1670a263c5a0c3198b27213c55fd78","codec-http2/src/test/java/io/netty/handler/codec/http2/HttpToHttp2ConnectionHandlerTest.java","7","0","1","17","511","591","0"
"antlr4","29c2712ae1eee9575324db48c2f72c7cb0d28308","tool/test/org/antlr/v4/test/tool/TestATNInterpreter.java","7","0","1","19","333","410","0"
"hazelcast","d2224fa4e0aefcdb120261cb8a3f89ada84cc796","hazelcast/src/test/java/com/hazelcast/cluster/ClusterJoinTest.java","7","0","1","19","366","464","0"
"MapDB","3edd04f8985ca5af0a18f93b6bf4a48971982c13","src/test/java/org/mapdb/WriteAheadLogTest.java","7","0","1","19","405","497","1"
"elasticsearch","bbf8f3499b32e0ccf5441f5ae54e09e1a93af3ab","core/src/test/java/org/elasticsearch/indices/template/SimpleIndexTemplateIT.java","7","0","1","19","515","690","1"
"elasticsearch","302c7a521adec8da71192bd9a82113537eac154c","core/src/test/java/org/elasticsearch/indices/template/SimpleIndexTemplateIT.java","7","0","1","19","518","693","0"
"elasticsearch","b6ae7fbadb0669d015ec6070adca9469be88d29d","src/test/java/org/elasticsearch/indices/store/SimpleDistributorTests.java","7","0","1","2","114","154","1"
"orientdb","16079d38520f313144dee6a6a97982d94402b763","distributed/src/test/java/com/orientechnologies/orient/server/distributed/sequence/AbstractServerClusterSequenceTest.java","7","0","1","2","114","161","1"
"orientdb","ea1339b2d74756f4efec13f3bb59c93a0a409b47","distributed/src/test/java/com/orientechnologies/orient/server/distributed/sequence/AbstractServerClusterSequenceTest.java","7","0","1","2","116","165","0"
"elasticsearch","dd389d1cc5d4f308868de052a1df1eaf2b105e5b","src/main/java/org/elasticsearch/rest/action/percolate/RestPercolateAction.java","7","0","1","2","135","190","6"
"elasticsearch","371c73e14023917f3892090d2d3d7ff9ac1216b9","core/src/main/java/org/elasticsearch/common/settings/IndexScopedSettings.java","7","0","1","2","148","191","3"
"elasticsearch","a60b8948ba1d836a6eac7cff095519e618939ed8","core/src/main/java/org/elasticsearch/common/settings/IndexScopedSettings.java","7","0","1","2","151","194","0"
"BroadleafCommerce","22ae0494c2da649f23c24d75616ab3cebcd202aa","common/src/main/java/org/broadleafcommerce/common/util/UrlUtil.java","7","0","1","2","25","60","1"
"elasticsearch","2eeaa56d95aa711ce6e83ffc27f8649b2392495b","src/test/java/org/elasticsearch/index/search/nested/NestedSortingTests.java","7","0","1","2","289","339","0"
"elasticsearch","8fbb3686cd9097042c2292cdcb1dfabde1c34b01","core/src/test/java/org/elasticsearch/index/search/nested/NestedSortingTests.java","7","0","1","2","297","346","1"
"elasticsearch","581fd49dac56f549b7f22ce585be1ef1c07e04c8","core/src/test/java/org/elasticsearch/index/search/nested/NestedSortingTests.java","7","0","1","2","304","353","0"
"BroadleafCommerce","cd4dba4517e56b14042e5ed1567e933ca3904efd","core/broadleaf-framework/src/main/java/org/broadleafcommerce/core/pricing/service/workflow/AdjustOrderPaymentsActivity.java","7","0","1","2","35","104","0"
"elasticsearch","203f8433c20ff8a383557ed9a7f801cb26bb3aa1","core/src/main/java/org/elasticsearch/index/analysis/CJKBigramFilterFactory.java","7","0","1","2","40","81","2"
"elasticsearch","c9b0e1de6cbd9acbc9a817a6d24b16d93005b9df","src/main/java/org/elasticsearch/common/util/concurrent/EsAbortPolicy.java","7","0","1","2","41","69","0"
"elasticsearch","7c665a010b12152fef387fac5c1ad710dc467f39","core/src/test/java/org/elasticsearch/common/rounding/DateTimeUnitTests.java","7","0","1","2","41","76","0"
"elasticsearch","25fd9e26c4fb042d6f6dea14efcd239577bdbbc4","core/src/main/java/org/apache/lucene/search/postingshighlight/CustomPassageFormatter.java","7","0","1","2","47","82","0"
"BroadleafCommerce","cd4dba4517e56b14042e5ed1567e933ca3904efd","core/broadleaf-framework/src/main/java/org/broadleafcommerce/core/offer/service/workflow/VerifyCustomerMaxOfferUsesActivity.java","7","0","1","2","47","88","0"
"hazelcast","1cb75df061479377db7a716f236b127b37233410","hazelcast-hibernate/hazelcast-hibernate3/src/main/java/com/hazelcast/hibernate/local/TimestampsRegionCache.java","7","0","1","2","49","77","0"
"elasticsearch","de243493c9a31354d742c34a66817e8a06798026","src/main/java/org/elasticsearch/cluster/routing/allocation/decider/ConcurrentRebalanceAllocationDecider.java","7","0","1","2","50","89","0"
"elasticsearch","e530f03b9445e98728b5fbf203c57ab774928ff3","src/main/java/org/elasticsearch/cluster/routing/allocation/command/MoveAllocationCommand.java","7","0","1","2","51","88","0"
"titan","b55f4f332ee7c5c47295db46ffac2d2355968f79","titan-core/src/main/java/com/thinkaurelius/titan/graphdb/transaction/VertexIterable.java","7","0","1","2","53","70","0"
"elasticsearch","bd75b731c654f4c845f0781306b8055704706585","src/main/java/org/elasticsearch/cluster/routing/allocation/decider/ConcurrentRebalanceAllocationDecider.java","7","0","1","2","55","95","1"
"elasticsearch","2bd09c4625898d77aa6c015c6f82cf973ed18cb7","core/src/main/java/org/elasticsearch/cluster/routing/allocation/decider/NodeVersionAllocationDecider.java","7","0","1","2","55","98","0"
"elasticsearch","a9eb668497dc7d4da80f8de806f230eacf3de819","core/src/main/java/org/elasticsearch/cluster/routing/allocation/decider/NodeVersionAllocationDecider.java","7","0","1","2","55","98","0"
"elasticsearch","3d13c27fa0df12018f35f1b20987c90277e9b6f9","core/src/main/java/org/elasticsearch/cluster/routing/allocation/decider/NodeVersionAllocationDecider.java","7","0","1","2","55","98","1"
"elasticsearch","371c73e14023917f3892090d2d3d7ff9ac1216b9","core/src/main/java/org/elasticsearch/cluster/routing/allocation/decider/NodeVersionAllocationDecider.java","7","0","1","2","56","99","3"
"elasticsearch","78574d248cf10dad1c5a566fda79e1e0c94afe43","core/src/main/java/org/elasticsearch/cluster/routing/allocation/decider/NodeVersionAllocationDecider.java","7","0","1","2","56","99","2"
"elasticsearch","e6aaaf11ed4a1b8f595f920de1840938eddb7a97","core/src/main/java/org/elasticsearch/cluster/routing/allocation/decider/NodeVersionAllocationDecider.java","7","0","1","2","56","99","2"
"elasticsearch","a60b8948ba1d836a6eac7cff095519e618939ed8","core/src/main/java/org/elasticsearch/cluster/routing/allocation/decider/NodeVersionAllocationDecider.java","7","0","1","2","56","99","0"
"hazelcast","8be13173f139312e9bcbe1b1ff65269b165fce5d","hazelcast-client/src/main/java/com/hazelcast/client/util/ClientPartitionCancellableDelegatingFuture.java","7","0","1","2","58","94","1"
"BroadleafCommerce","d0e8d9330bf555c33d78d01fc75d827933c246d9","admin/broadleaf-open-admin-platform/src/main/java/org/broadleafcommerce/openadmin/web/processor/ErrorsProcessor.java","7","0","1","2","60","107","2"
"neo4j","3da8523ddc5b1463dae1b497f6787835b5663e6a","community/kernel/src/main/java/org/neo4j/kernel/impl/api/store/StoreSingleRelationshipCursor.java","7","0","1","2","63","98","1"
"oryx","92bff167832b0389e135a60e46f1284c34744e3c","app/oryx-app-serving/src/main/java/com/cloudera/oryx/app/serving/als/Ingest.java","7","0","1","2","66","117","0"
"BroadleafCommerce","0190a586f4251434b68ccee241c52de0d1cbc386","admin/broadleaf-contentmanagement-module/src/main/java/org/broadleafcommerce/cms/web/controller/BroadleafRobotsController.java","7","0","1","2","66","123","0"
"orientdb","1204e550b5780279b713170a9fafe5f1932083cb","distributed/src/test/java/com/orientechnologies/orient/server/distributed/ReplicaServerTest.java","7","0","1","2","68","114","0"
"oryx","518dc444be616e55a8aeb1bd047aaa411ae3281a","app/oryx-app-serving/src/main/java/com/cloudera/oryx/app/serving/als/Ingest.java","7","0","1","2","68","119","0"
"elasticsearch","bdf146ded657052b6bfcd71b75d7e466f907b71c","src/main/java/org/elasticsearch/rest/action/main/RestMainAction.java","7","0","1","2","71","102","0"
"oryx","eb08674e77479787fa9288f2c824e48af8539ff2","oryx-app-serving/src/main/java/com/cloudera/oryx/app/serving/als/Ingest.java","7","0","1","2","71","122","0"
"neo4j","a93c570faa774c1a40b635b6a3e6d8ccb61a99e8","community/kernel/src/test/java/org/neo4j/test/CleanupRule.java","7","0","1","2","72","121","1"
"neo4j","868b4d731485023d2f7477e1133dcd5b263c851d","community/kernel/src/test/java/org/neo4j/test/CleanupRule.java","7","0","1","2","73","122","0"
"titan","e715670b304da165feafdf2a991772ae8ff46f25","titan-test/src/main/java/com/thinkaurelius/titan/TestBed.java","7","0","1","2","74","97","1"
"elasticsearch","dc900a08a6c6f346656105fa0e2484ed186f8461","core/src/main/java/org/elasticsearch/rest/action/count/RestCountAction.java","7","0","1","2","77","108","0"
"hazelcast","848fd914e8ef0483f59301258eb88b8f9a51d2de","hazelcast/src/main/java/com/hazelcast/map/impl/nearcache/invalidation/MemberMapMetaDataFetcher.java","7","0","1","2","78","111","1"
"hazelcast","ba0ffe4c9aa56f710df6a2e5d6b07cff20556408","hazelcast/src/main/java/com/hazelcast/map/impl/nearcache/invalidation/MemberMapMetaDataFetcher.java","7","0","1","2","78","111","1"
"hazelcast","5e2f3e56ec0a49fc80f6eb55a7395a4b876671c7","hazelcast/src/main/java/com/hazelcast/map/impl/nearcache/invalidation/MemberMapMetaDataFetcher.java","7","0","1","2","78","111","0"
"elasticsearch","03c02143dd52f03ad0f15f064a999119b3066919","src/main/java/org/elasticsearch/rest/action/percolate/RestMultiPercolateAction.java","7","0","1","2","78","115","5"
"titan","33a560db97bf3187ac45d1fe4fdf2e6b817bec40","titan-test/src/main/java/com/thinkaurelius/titan/TestBed.java","7","0","1","2","80","109","0"
"elasticsearch","7ba65950ae003db6ebb922883fd8342853fc49e0","src/main/java/org/elasticsearch/cloud/azure/management/AzureComputeServiceImpl.java","7","0","1","2","80","119","0"
"elasticsearch","2b3760f78b26817b5a2030aa27b1ddf2f17462f6","core/src/main/java/org/elasticsearch/rest/action/document/RestCountAction.java","7","0","1","2","82","113","1"
"elasticsearch","71b8876d8343a478e1f87eb3506696be950e96d2","src/main/java/org/elasticsearch/rest/action/search/RestMultiSearchAction.java","7","0","1","2","83","119","5"
"hazelcast","848fd914e8ef0483f59301258eb88b8f9a51d2de","hazelcast-client/src/main/java/com/hazelcast/client/cache/impl/nearcache/invalidation/ClientCacheMetaDataFetcher.java","7","0","1","2","87","121","1"
"hazelcast","ba0ffe4c9aa56f710df6a2e5d6b07cff20556408","hazelcast-client/src/main/java/com/hazelcast/client/cache/impl/nearcache/invalidation/ClientCacheMetaDataFetcher.java","7","0","1","2","87","121","1"
"hazelcast","5e2f3e56ec0a49fc80f6eb55a7395a4b876671c7","hazelcast-client/src/main/java/com/hazelcast/client/cache/impl/nearcache/invalidation/ClientCacheMetaDataFetcher.java","7","0","1","2","87","121","0"
"hazelcast","848fd914e8ef0483f59301258eb88b8f9a51d2de","hazelcast-client/src/main/java/com/hazelcast/client/map/impl/nearcache/invalidation/ClientMapMetaDataFetcher.java","7","0","1","2","87","123","1"
"hazelcast","ba0ffe4c9aa56f710df6a2e5d6b07cff20556408","hazelcast-client/src/main/java/com/hazelcast/client/map/impl/nearcache/invalidation/ClientMapMetaDataFetcher.java","7","0","1","2","87","123","1"
"hazelcast","5e2f3e56ec0a49fc80f6eb55a7395a4b876671c7","hazelcast-client/src/main/java/com/hazelcast/client/map/impl/nearcache/invalidation/ClientMapMetaDataFetcher.java","7","0","1","2","87","123","0"
"hazelcast","d9080ce7677bdd5c3d404479a99343982af81e93","hazelcast/src/test/java/com/hazelcast/test/HazelcastParallelClassRunner.java","7","0","1","2","91","129","0"
"neo4j","871317377415ca324a48145401e20e173cb1fec2","community/kernel/src/main/java/org/neo4j/kernel/impl/util/DiffApplyingPrimitiveLongIterator.java","7","0","1","2","92","132","0"
"neo4j","871317377415ca324a48145401e20e173cb1fec2","community/kernel/src/main/java/org/neo4j/kernel/impl/util/DiffApplyingPrimitiveIntIterator.java","7","0","1","2","92","133","0"
"hazelcast","85549e3acb34b7162c3cee3fe727ce5a9d859090","hazelcast/src/test/java/com/hazelcast/map/NearCacheTest.java","7","0","1","2","97","119","0"
"hazelcast","18f091e52a095d9121f42b10cd1f289e73085450","hazelcast-client/src/main/java/com/hazelcast/client/txn/proxy/ClientTxnMapProxy.java","7","0","1","20","154","198","0"
"elasticsearch","98640310c2adff8f8d164590faf019193201c747","src/main/java/org/elasticsearch/search/internal/ShardSearchLocalRequest.java","7","0","1","20","187","272","1"
"elasticsearch","8bdfd21b70568a39ebf5232e8c395f5206a7a63f","src/main/java/org/elasticsearch/search/internal/ShardSearchLocalRequest.java","7","0","1","20","189","265","0"
"hazelcast","18f091e52a095d9121f42b10cd1f289e73085450","hazelcast-client-new/src/main/java/com/hazelcast/client/proxy/txn/ClientTxnMapProxy.java","7","0","1","20","190","236","0"
"MapDB","d256c480c229acb87ae0a6e2a7b36473a19c901d","src/test/java/org/mapdb/WriteAheadLogTest.java","7","0","1","20","419","517","0"
"hazelcast","cb96a27bb8e3a99ed10d2c2006a173b5b7c42fa6","hazelcast-client/src/main/java/com/hazelcast/client/txn/proxy/ClientTxnMapProxy.java","7","0","1","21","156","201","1"
"hazelcast","4c79a4912de9ac2b2ad288f88d16c8e52c6a6dee","hazelcast-code-generator/src/main/java/com/hazelcast/client/protocol/generator/CodecModel.java","7","0","1","22","228","312","0"
"elasticsearch","3aed047bdedde1bda189cbfc2f81e65af42e57c5","core/src/test/java/org/elasticsearch/search/aggregations/metrics/CardinalityIT.java","7","0","1","22","367","490","0"
"elasticsearch","4d05c9cfd5cc889be77ec16730517d5417438e92","src/main/java/org/elasticsearch/index/fielddata/ordinals/MultiFlatArrayOrdinals.java","7","0","1","23","134","190","1"
"netty","43d13064d17df55a48a5b05c712c13b69de7da46","transport/src/main/java/io/netty/channel/CombinedChannelHandler.java","7","0","1","23","157","210","0"
"hazelcast","145990d6d9ab612af67b4e603815ca23ad518d03","hazelcast/src/main/java/com/hazelcast/map/impl/MapService.java","7","0","1","24","156","222","0"
"hazelcast","9c2a079b395fd59260f5b5f1420a19a1df61d31b","hazelcast-code-generator/src/main/java/com/hazelcast/client/protocol/generator/CodecModel.java","7","0","1","24","233","310","0"
"netty","ca44436ce6c5bf7a7b58c1842f82a4f6aa3ae2d6","codec/src/test/java/io/netty/handler/codec/DefaultHeadersTest.java","7","0","1","24","317","398","0"
"elasticsearch","faee825fea6245b7ffda4715e1676b62f1f73da0","core/src/test/java/org/elasticsearch/index/mapper/NumberFieldTypeTests.java","7","0","1","26","286","352","3"
"elasticsearch","15598f2174453fb65f23e18ecf77eee8e802459d","core/src/test/java/org/elasticsearch/index/mapper/NumberFieldTypeTests.java","7","0","1","27","313","386","1"
"hazelcast","864cc31ab01bc8111ef11270cb3f6f2352d30a5f","hazelcast-code-generator/src/main/java/com/hazelcast/client/protocol/generator/CodecModel.java","7","0","1","28","253","339","1"
"netty","e6ca9882a107c34cf6358c8d7a68561025f06016","codec-http2/src/test/java/io/netty/handler/codec/http2/DefaultHttp2FrameIOTest.java","7","0","1","29","323","391","1"
"netty","ba6ce5449ee852b782dde9a11933f6a09b123e22","codec-http2/src/test/java/io/netty/handler/codec/http2/DefaultHttp2FrameIOTest.java","7","0","1","29","324","392","0"
"hazelcast","d568e4d926d925d57d4e79e34614390416749301","hazelcast/src/test/java/com/hazelcast/internal/jmx/LocalStatsDelegateTest.java","7","0","1","3","126","166","0"
"hazelcast","70d4de16ff0ac4518d09aad8c9f2ad9e782fb337","hazelcast/src/test/java/com/hazelcast/internal/jmx/LocalStatsDelegateTest.java","7","0","1","3","127","167","1"
"elasticsearch","bc2dc9465a3c2ab948ebf53d88838d73ca6ab9fb","modules/test/integration/src/test/java/org/elasticsearch/test/integration/gateway/local/LocalGatewayIndexStateTests.java","7","0","1","3","135","195","0"
"elasticsearch","7c27d53ee15b4fd411b71a049a204d826960c910","src/main/java/org/elasticsearch/cloud/azure/AzureComputeServiceImpl.java","7","0","1","3","141","197","0"
"elasticsearch","a914865c4506468f8a9ffee7a6f10400beef3ecf","modules/test/integration/src/test/java/org/elasticsearch/test/integration/gateway/local/LocalGatewayIndexStateTests.java","7","0","1","3","159","225","0"
"titan","ed88d7286080492045efafb45a69fa4cb6eeb94d","src/main/java/com/thinkaurelius/titan/graphdb/relations/AttributeUtil.java","7","0","1","3","29","40","0"
"netty","0526e1cb060e2a21fb47b33c3ea8f8f83a50b793","codec-http/src/main/java/io/netty/handler/codec/spdy/SpdyHttpResponseStreamIdHandler.java","7","0","1","3","38","67","0"
"elasticsearch","1424f09c02927d9caada7f6ea45285b411d88d12","modules/lang-painless/src/main/java/org/elasticsearch/painless/node/SSource.java","7","0","1","3","41","79","0"
"elasticsearch","b11f81d744a5c23bf7c20d696939e226905c60e7","src/main/java/org/elasticsearch/index/query/MatchAllQueryParser.java","7","0","1","3","42","77","0"
"netty","d2278a7d53b14680f56fbe37921c613ffeedabe1","src/main/java/org/jboss/netty/channel/ChannelFutureAggregator.java","7","0","1","3","43","81","0"
"netty","c43b9b4dd259412f3fa3c950f41658d74b1d84d7","codec/src/main/java/io/netty/handler/codec/MessageToMessageEncoder.java","7","0","1","3","45","79","0"
"netty","985fa97c9be85270a304d385774593f6ee20fa31","codec/src/main/java/io/netty/handler/codec/MessageToMessageEncoder.java","7","0","1","3","46","80","0"
"hazelcast","d86080935c0ade00a64fd45af8c2fa1c0cd03dd3","hazelcast/src/main/java/com/hazelcast/multimap/impl/MultiMapEventsPublisher.java","7","0","1","3","48","60","0"
"hazelcast","e5cc462c1684fa9b06b8a13d7fb5bd4cac539949","hazelcast/src/main/java/com/hazelcast/multimap/impl/MultiMapEventsPublisher.java","7","0","1","3","48","76","1"
"hazelcast","504bb28e15aa9a11f99f1105e0acd7089fb9366c","hazelcast/src/main/java/com/hazelcast/map/impl/record/Records.java","7","0","1","3","48","77","1"
"elasticsearch","a94fb92ac5936e137cee028fc96d73bd7dc3a03d","src/main/java/org/elasticsearch/search/aggregations/support/values/ScriptLongValues.java","7","0","1","3","50","85","0"
"elasticsearch","0e9186e1373b99e261d80317c836477b7cc31d66","core/src/main/java/org/elasticsearch/search/aggregations/support/values/ScriptLongValues.java","7","0","1","3","51","86","1"
"elasticsearch","f30a0e846dd6a5127bddc4e4e3d3159e3841b549","src/main/java/org/elasticsearch/search/aggregations/support/values/ScriptLongValues.java","7","0","1","3","52","87","1"
"elasticsearch","dbaf39c792c2d8f5dccebec6ae5aaaf8da5fc55b","src/main/java/org/elasticsearch/search/dfs/DfsPhase.java","7","0","1","3","61","96","0"
"elasticsearch","1f04182b8164ffb19f3805c48d67f0375262b317","core/src/main/java/org/elasticsearch/action/bulk/BulkShardRequest.java","7","0","1","3","62","97","0"
"hazelcast","565257f977407eb3a0199d082860209c2958f5f9","hazelcast/src/main/java/com/hazelcast/spi/impl/operationexecutor/classic/ResponseThread.java","7","0","1","3","63","108","1"
"hazelcast","0b99990c091b2e5235b2c7a72b4550327db4260c","hazelcast/src/main/java/com/hazelcast/client/impl/protocol/codec/QueryCacheEventDataCodec.java","7","0","1","3","63","99","0"
"hazelcast","564167c1f93b32ce742411106e9ae67eae88a801","hazelcast/src/main/java/com/hazelcast/spi/impl/operationexecutor/classic/ResponseThread.java","7","0","1","3","64","109","0"
"ceylon-ide-eclipse","e89324305b6be078e574b3c554a7cc2cdb57e73c","plugins/com.redhat.ceylon.eclipse.ui/src/com/redhat/ceylon/eclipse/code/style/CeylonStyle.java","7","0","1","3","64","83","0"
"hazelcast","066e05ebd5b8e1d08c42a5aa2c6e236b925a144d","hazelcast/src/main/java/com/hazelcast/internal/util/futures/ChainingFuture.java","7","0","1","3","65","102","1"
"hazelcast","1f042b8c4a4245594691bb6d85a66ceed9b43068","hazelcast/src/main/java/com/hazelcast/client/impl/ClientHeartbeatMonitor.java","7","0","1","3","65","98","1"
"hazelcast","485f426abc042144ebf9fd213e724556ad967191","hazelcast/src/main/java/com/hazelcast/client/impl/ClientHeartbeatMonitor.java","7","0","1","3","65","98","2"
"hazelcast","515f041d8848545394faff4ecd3b1f37c643b2e3","hazelcast/src/main/java/com/hazelcast/client/impl/ClientHeartbeatMonitor.java","7","0","1","3","65","98","1"
"hazelcast","51bdf8a403e085bb80d7dfad88cfd3a816bfaec8","hazelcast/src/main/java/com/hazelcast/client/impl/ClientHeartbeatMonitor.java","7","0","1","3","65","98","2"
"hazelcast","8d373b62327a5c012a5b8f2bad456311df03bf61","hazelcast/src/main/java/com/hazelcast/client/impl/ClientHeartbeatMonitor.java","7","0","1","3","65","98","2"
"hazelcast","2921cff694583b8638dae2991f427e61d5440a9d","hazelcast/src/main/java/com/hazelcast/client/impl/ClientHeartbeatMonitor.java","7","0","1","3","65","98","0"
"hazelcast","7ffed5beaffbc4c7e26e9a39910a096a5aef3ff3","hazelcast/src/main/java/com/hazelcast/client/impl/ClientHeartbeatMonitor.java","7","0","1","3","65","98","0"
"elasticsearch","aea00a62f3825e388e07007d3c8686f93c2d3f8e","core/src/main/java/org/elasticsearch/action/bulk/BulkShardRequest.java","7","0","1","3","67","104","1"
"BroadleafCommerce","c82daef52addf618b6c0fa4b6b0e840008c778bc","core/broadleaf-framework-web/src/main/java/org/broadleafcommerce/core/web/order/security/CartStateRequestProcessor.java","7","0","1","3","67","120","0"
"hazelcast","171945d3dca0aa477dd391e0142c6a71a7cd1c24","hazelcast/src/main/java/com/hazelcast/client/impl/ClientHeartbeatMonitor.java","7","0","1","3","69","103","2"
"oryx","0c1bfe9ae796c2d7138b2f6b7f2d9de2f60dc015","app/oryx-app/src/main/java/com/cloudera/oryx/app/speed/kmeans/KMeansSpeedModelManager.java","7","0","1","3","69","132","0"
"hazelcast","5ca2eb7270cb2ae320c78e06be394586b0f1e902","hazelcast/src/main/java/com/hazelcast/map/impl/eviction/EvictorImpl.java","7","0","1","3","74","115","1"
"elasticsearch","57c0d29114b60f74e43ceb0914c26d490b61a265","src/main/java/org/elasticsearch/search/suggest/phrase/PhraseSuggester.java","7","0","1","3","75","114","0"
"BroadleafCommerce","4b3376d332c92d3f2550bd647cbbece8699beb72","admin/broadleaf-contentmanagement-module/src/main/java/org/broadleafcommerce/cms/web/controller/BroadleafPageController.java","7","0","1","3","77","122","0"
"hazelcast","9d92e89e761fe6d4368df47311cf7902578295a3","hazelcast/src/main/java/com/hazelcast/replicatedmap/impl/operation/CheckReplicaVersion.java","7","0","1","3","78","111","0"
"hazelcast","707932eed4859d26c9c896f844d9433f2795b290","hazelcast/src/main/java/com/hazelcast/replicatedmap/impl/operation/CheckReplicaVersion.java","7","0","1","3","78","112","0"
"orientdb","46bbcabde62c2b9e61ebaf45dc23f16d9dee7f02","tests/src/test/java/com/orientechnologies/orient/test/database/auto/SequenceTest.java","7","0","1","3","79","101","1"
"orientdb","136db63960bbf53514691bf5a0bb8361a5ea5361","tests/src/test/java/com/orientechnologies/orient/test/database/auto/SequenceTest.java","7","0","1","3","80","103","0"
"hazelcast","a155a553cee4f1fb3d56a825563e1632e6350287","hazelcast/src/main/java/com/hazelcast/replicatedmap/impl/operation/RequestMapDataOperation.java","7","0","1","3","82","116","2"
"elasticsearch","6d9576c217fabef81bc77e5f91da3b4163502d4e","modules/test/integration/src/test/java/org/elasticsearch/test/integration/indices/template/SimpleIndexTemplateTests.java","7","0","1","3","89","134","1"
"orientdb","46bbcabde62c2b9e61ebaf45dc23f16d9dee7f02","tests/src/test/java/com/orientechnologies/orient/test/database/auto/SQLSequenceTest.java","7","0","1","3","92","119","1"
"orientdb","136db63960bbf53514691bf5a0bb8361a5ea5361","tests/src/test/java/com/orientechnologies/orient/test/database/auto/SQLSequenceTest.java","7","0","1","3","93","121","0"
"elasticsearch","1ebc95ee28a3eb020c06675a28036a780001db37","src/main/java/org/elasticsearch/index/merge/policy/LogByteSizeMergePolicyProvider.java","7","0","1","3","93","134","1"
"oryx","e0b8eb77d5771ae8f13d00fd85fa143144cb8f42","app/oryx-app/src/main/java/com/cloudera/oryx/app/speed/rdf/RDFSpeedModelManager.java","7","0","1","3","93","154","0"
"hazelcast","b54c76aa3cd08401ba13e516ba86bd1481a58749","hazelcast-code-generator/src/main/java/com/hazelcast/client/protocol/generator/CodecModel.java","7","0","1","31","264","352","0"
"hazelcast","82d61e6eb5bc334157d133083b6e8d85db464e40","hazelcast/src/test/java/com/hazelcast/nio/IOUtilTest.java","7","0","1","31","349","472","0"
"netty","15611dadbbf8f8c217c03ce33da89beb54602023","codec-http2/src/test/java/io/netty/handler/codec/http2/Http2ConnectionHandlerTest.java","7","0","1","33","589","703","0"
"elasticsearch","ce4af4be424fd180e4af835fc5419f67202af9c4","core/src/test/java/org/elasticsearch/gateway/DanglingIndicesStateTests.java","7","0","1","4","100","143","2"
"hazelcast","5b2302ddaf22fee6c5946c96fb655be8abb5762a","hazelcast-client/src/main/java/com/hazelcast/client/cache/impl/HazelcastClientCacheManager.java","7","0","1","4","112","153","0"
"hazelcast","5b2302ddaf22fee6c5946c96fb655be8abb5762a","hazelcast-client/src/main/java/com/hazelcast/client/cache/impl/HazelcastClientCacheManager.java","7","0","1","4","112","153","0"
"hazelcast","f181f48d2e7a1261553d47e389454dae9f01cc35","hazelcast-client/src/main/java/com/hazelcast/client/cache/impl/HazelcastClientCacheManager.java","7","0","1","4","112","153","0"
"hazelcast","8c14b67672af7408fa8b7320fa26ed4ba8a31896","hazelcast-client/src/main/java/com/hazelcast/client/cache/impl/HazelcastClientCacheManager.java","7","0","1","4","112","153","1"
"hazelcast","3af9c0792b640c4eb629a23025e5218871effc3c","hazelcast-client/src/main/java/com/hazelcast/client/cache/impl/HazelcastClientCacheManager.java","7","0","1","4","113","155","2"
"hazelcast","99f2dd5d8710f0276d0b105ba5c0f19674b6ccdf","hazelcast-client/src/main/java/com/hazelcast/client/cache/impl/HazelcastClientCacheManager.java","7","0","1","4","113","155","1"
"hazelcast","fa83abec872f0116026f5abc9722ddc15803a6a3","hazelcast-client/src/main/java/com/hazelcast/client/cache/impl/HazelcastClientCacheManager.java","7","0","1","4","113","155","1"
"hazelcast","7585eb4ecd65d6f538da1cc33ad2853fd3bb17e3","hazelcast-client/src/main/java/com/hazelcast/client/cache/impl/HazelcastClientCacheManager.java","7","0","1","4","113","155","0"
"hazelcast","3d37035d8f2430cb96ed1deae063821f193c383b","hazelcast-client/src/main/java/com/hazelcast/client/cache/impl/HazelcastClientCacheManager.java","7","0","1","4","114","154","0"
"hazelcast","e7c7af998df4c52b7a3f9bfcbbb6db971d183982","hazelcast-client/src/main/java/com/hazelcast/client/cache/impl/HazelcastClientCacheManager.java","7","0","1","4","114","154","0"
"hazelcast","e8fce3a29f6fdceb4ff19f0468012e0b279e86d3","hazelcast-client/src/main/java/com/hazelcast/client/cache/impl/HazelcastClientCacheManager.java","7","0","1","4","114","154","2"
"oryx","0c6bf96eb475361ed45c4d7e54a970819e33802a","framework/oryx-lambda/src/main/java/com/cloudera/oryx/lambda/batch/BatchLayer.java","7","0","1","4","118","167","0"
"oryx","0e536a808244ffd416c047e7c365d4f055ea1b8a","framework/oryx-lambda/src/main/java/com/cloudera/oryx/lambda/batch/BatchLayer.java","7","0","1","4","121","172","0"
"hazelcast","37da3959df4151b304b211df87a6b900c0169cc5","hazelcast-client-new/src/main/java/com/hazelcast/client/cache/impl/HazelcastClientCacheManager.java","7","0","1","4","123","165","2"
"hazelcast","b20667d97929fe1237b2d14d06fdea389e2c9801","hazelcast-client-new/src/main/java/com/hazelcast/client/cache/impl/HazelcastClientCacheManager.java","7","0","1","4","123","165","3"
"hazelcast","b4f94a00cf1628aa0437ded2c556bae9608f74c6","hazelcast-client/src/main/java/com/hazelcast/client/cache/impl/HazelcastClientCacheManager.java","7","0","1","4","123","165","0"
"oryx","d6687d2eb4391d042aa1d5e80653326e501b0fed","framework/oryx-lambda/src/main/java/com/cloudera/oryx/lambda/batch/BatchLayer.java","7","0","1","4","125","176","1"
"elasticsearch","2df6b4b0ead790a0968d8726d2d2133496385448","src/main/java/org/elasticsearch/index/search/child/HasChildFilter.java","7","0","1","4","138","201","0"
"elasticsearch","b352a90454085fde41cfb82d220f39513e6d83bb","core/src/main/java/org/elasticsearch/http/HttpServer.java","7","0","1","4","142","196","1"
"elasticsearch","3a46812a335a56c56106aabd98029854ee2b54b3","core/src/main/java/org/elasticsearch/http/HttpServer.java","7","0","1","4","143","197","0"
"hazelcast","2921cff694583b8638dae2991f427e61d5440a9d","hazelcast/src/test/java/com/hazelcast/map/impl/mapstore/writebehind/WriteBehindOnBackupsTest.java","7","0","1","4","146","195","0"
"hazelcast","1f042b8c4a4245594691bb6d85a66ceed9b43068","hazelcast/src/test/java/com/hazelcast/map/impl/mapstore/writebehind/WriteBehindOnBackupsTest.java","7","0","1","4","146","200","1"
"elasticsearch","43aabe88e85ead55ca14ca01b40137013e7c51ab","src/main/java/org/elasticsearch/index/search/child/HasChildFilter.java","7","0","1","4","146","211","0"
"hazelcast","70d4de16ff0ac4518d09aad8c9f2ad9e782fb337","hazelcast/src/test/java/com/hazelcast/collection/impl/queue/QueueListenerTest.java","7","0","1","4","158","205","1"
"elasticsearch","24a7b7224bd834eb57d1026ceb0c455b8c48a206","core/src/test/java/org/elasticsearch/cluster/routing/allocation/ThrottlingAllocationTests.java","7","0","1","4","255","347","0"
"elasticsearch","6abcd42a05a0e2bc4eaf1add6a41ae7d48f840c2","core/src/test/java/org/elasticsearch/cluster/routing/allocation/ThrottlingAllocationTests.java","7","0","1","4","255","347","0"
"elasticsearch","a60b8948ba1d836a6eac7cff095519e618939ed8","core/src/test/java/org/elasticsearch/cluster/routing/allocation/ThrottlingAllocationTests.java","7","0","1","4","255","347","0"
"elasticsearch","3f6a3c01dadb1951b597ffdbd068359a2fbc84c8","core/src/test/java/org/elasticsearch/cluster/routing/allocation/ThrottlingAllocationTests.java","7","0","1","4","255","347","1"
"orientdb","83de6ccf07238d3aab581a24d235a6afb4e0b0d6","object/src/main/java/com/orientechnologies/orient/object/entity/OObjectEntityClassHandler.java","7","0","1","4","28","57","1"
"elasticsearch","0a69f1e283e26e5d9e6a000b68b9f4778de557a1","core/src/test/java/org/elasticsearch/search/geo/GeoBoundingBoxIT.java","7","0","1","4","284","353","2"
"elasticsearch","5a64f08f048461a63a0ca1354a5050c954e63d52","core/src/test/java/org/elasticsearch/search/geo/GeoBoundingBoxIT.java","7","0","1","4","291","362","0"
"neo4j","530cd9dd6f2874f7121a6905d6d7ad1a6b42f376","enterprise/causal-clustering/src/main/java/org/neo4j/causalclustering/core/EnterpriseCoreEditionModule.java","7","0","1","4","292","376","1"
"BroadleafCommerce","15e70fe6b89d008dd88b5e98dbfc66a720db68bb","common/src/main/java/org/broadleafcommerce/common/persistence/ArchiveStatus.java","7","0","1","4","32","67","0"
"orientdb","693119e3f1dab4ea8b67a35575ba1f7d1c0a970b","core/src/main/java/com/orientechnologies/common/concur/resource/OSharedContainerImpl.java","7","0","1","4","46","87","0"
"hazelcast","c9b61e1bcaa6fa7457be1ecf886f7f2904ca5b92","hazelcast/src/main/java/com/hazelcast/client/impl/protocol/task/cache/CacheReplaceMessageTask.java","7","0","1","4","52","84","1"
"elasticsearch","330911389a77957a61cabb890140f86781d45c93","src/main/java/org/elasticsearch/index/analysis/KuromojiTokenizerFactory.java","7","0","1","4","61","94","0"
"elasticsearch","2aaf81f8efe17263cff44fd5154f478c18b4d571","src/main/java/org/elasticsearch/search/aggregations/support/numeric/ScriptDoubleValues.java","7","0","1","4","62","100","1"
"elasticsearch","e1efd5f6baf8dec1c23c79b346b8a29f234a98bb","core/src/main/java/org/elasticsearch/action/bulk/BulkShardRequest.java","7","0","1","4","62","97","0"
"elasticsearch","b7de1becf443a3a85f643ef12f5fe4b4d4b6e765","src/main/java/org/elasticsearch/search/aggregations/support/numeric/ScriptDoubleValues.java","7","0","1","4","63","101","0"
"orientdb","16079d38520f313144dee6a6a97982d94402b763","core/src/main/java/com/orientechnologies/orient/core/sql/OCommandExecutorSQLAlterSequence.java","7","0","1","4","67","88","1"
"elasticsearch","f739abe89e89e999225b6e478ba530c344e8e946","src/main/java/org/elasticsearch/action/bench/AbortBenchmarkResponse.java","7","0","1","4","69","103","1"
"orientdb","ea1339b2d74756f4efec13f3bb59c93a0a409b47","core/src/main/java/com/orientechnologies/orient/core/sql/OCommandExecutorSQLAlterSequence.java","7","0","1","4","69","90","0"
"hazelcast","ed4e958222141f41588b4221e0e01e501e08a0da","hazelcast/src/main/java/com/hazelcast/internal/cluster/impl/operations/HeartbeatOp.java","7","0","1","4","70","103","0"
"hazelcast","750c6d7d733b7866e483cebd85bf8ce6e64f1ec6","hazelcast/src/main/java/com/hazelcast/map/impl/operation/PutFromLoadAllBackupOperation.java","7","0","1","4","71","102","0"
"BroadleafCommerce","9b9ea8af128a15c2d04a48e38550a24d854999f2","admin/broadleaf-admin-module/src/main/java/org/broadleafcommerce/admin/server/service/handler/CustomerCustomPersistenceHandler.java","7","0","1","4","75","122","1"
"hazelcast","9d8dcc2a1755aec6419b50698c80c1d109c89523","hazelcast/src/main/java/com/hazelcast/replicatedmap/impl/operation/CheckReplicaVersion.java","7","0","1","4","79","113","1"
"elasticsearch","51d53791fe71c9cb62bc992588a57cdfb500383f","core/src/main/java/org/elasticsearch/rest/action/document/RestTermVectorsAction.java","7","0","1","4","80","116","0"
"elasticsearch","2b3760f78b26817b5a2030aa27b1ddf2f17462f6","core/src/main/java/org/elasticsearch/rest/action/document/RestTermVectorsAction.java","7","0","1","4","81","117","1"
"hazelcast","066e05ebd5b8e1d08c42a5aa2c6e236b925a144d","hazelcast/src/main/java/com/hazelcast/internal/util/iterator/RestartingMemberIterator.java","7","0","1","4","81","124","1"
"hazelcast","4a1593fa6ba5c277c4ad2fc320d803b0e63b9339","hazelcast/src/main/java/com/hazelcast/replicatedmap/impl/operation/SyncReplicatedMapDataOperation.java","7","0","1","4","82","114","0"
"hazelcast","4c17c585b5a00157138cce6595252eaca6adb2dd","hazelcast/src/main/java/com/hazelcast/replicatedmap/impl/operation/RequestMapDataOperation.java","7","0","1","4","85","120","1"
"elasticsearch","e56d85439c242dee8ce1f8fec9fd59872dd2efb9","src/test/java/org/elasticsearch/test/test/InternalTestClusterTests.java","7","0","1","4","94","130","1"
"elasticsearch","5eeac2fdf6c108e2f9b6305b6577a77e5290ad9e","src/test/java/org/elasticsearch/test/test/InternalTestClusterTests.java","7","0","1","4","96","132","0"
"BroadleafCommerce","fda59958ccdbbd3e29c49373e40be2a6fd8dc1b8","admin/broadleaf-admin-module/src/main/java/org/broadleafcommerce/admin/server/service/handler/SkuBundleItemCustomPersistenceHandler.java","7","0","1","4","99","157","0"
"netty","5b17307b1f20061f2273bcef37aa072f9ca10f04","buffer/src/main/java/io/netty/buffer/SlicedByteBuf.java","7","0","1","40","237","306","1"
"netty","d806e3bf81823b6c4ba51274545124a564f6631b","buffer/src/main/java/io/netty/buffer/SlicedByteBuf.java","7","0","1","40","237","307","0"
"orientdb","040b05508933cf63ab4302ba24753d268640088c","core/src/main/java/com/orientechnologies/orient/core/index/OIndexAbstractDelegate.java","7","0","1","42","168","243","2"
"orientdb","56f9bf3a10535e331c512f9852b1779bbc1d38b0","core/src/main/java/com/orientechnologies/orient/core/index/OIndexAbstractDelegate.java","7","0","1","43","172","248","0"
"elasticsearch","284a35131cd6a96baba14b31c827e5f6dab7b4ad","modules/elasticsearch/src/main/java/org/elasticsearch/search/internal/SearchContext.java","7","0","1","44","227","327","0"
"elasticsearch","71f5b161371b30952884df13ba66a21ae8621b79","src/main/java/org/elasticsearch/common/xcontent/json/JsonXContentGenerator.java","7","0","1","48","260","339","1"
"elasticsearch","5189eb41c7a3a862316849f4571d4e5b21ae41fe","core/src/test/java/org/elasticsearch/gateway/DanglingIndicesStateTests.java","7","0","1","5","113","161","0"
"elasticsearch","4b5592cc592207d26871af562d087c1a79087fc3","src/test/java/org/elasticsearch/search/aggregations/bucket/FilterTests.java","7","0","1","5","125","170","1"
"elasticsearch","059a675aa5aab0a2993adbfe6456da38fc480b90","core/src/test/java/org/elasticsearch/index/mapper/copyto/CopyToMapperTests.java","7","0","1","5","268","353","2"
"elasticsearch","da953700f47924f4948ec3775eb1f42f3109aac7","src/main/java/org/elasticsearch/search/aggregations/bucket/geogrid/GeoHashGridBuilder.java","7","0","1","5","51","86","0"
"orientdb","29739f035814f99ee6daa898d17a63891e6089dd","core/src/main/java/com/orientechnologies/orient/core/sql/parser/OUpdateItem.java","7","0","1","5","52","66","0"
"elasticsearch","93a8e80affc855f156d9295568409aab3972ffa1","src/main/java/org/elasticsearch/search/aggregations/bucket/geogrid/GeoHashGridBuilder.java","7","0","1","5","52","86","1"
"mcMMO","734d691e00eb583e741ee392756cf01365c041ff","src/main/java/com/gmail/nossr50/listeners/WorldListener.java","7","0","1","5","56","78","0"
"elasticsearch","ea206237e3d8aa6e9b37a7063e6a2782b3e3cc5c","core/src/main/java/org/elasticsearch/action/ingest/TrackingResultProcessor.java","7","0","1","5","56","89","1"
"elasticsearch","25fd9e26c4fb042d6f6dea14efcd239577bdbbc4","core/src/main/java/org/elasticsearch/action/ingest/TrackingResultProcessor.java","7","0","1","5","57","90","0"
"elasticsearch","56cc87b7ccd41040d8fafcaf2da3680d96d10839","core/src/main/java/org/elasticsearch/action/ingest/TrackingResultProcessor.java","7","0","1","5","57","90","0"
"elasticsearch","7f812f59903b5d82e2ac190b00d3fbd2ac87bf20","core/src/main/java/org/elasticsearch/ingest/processor/TrackingResultProcessor.java","7","0","1","5","57","90","0"
"elasticsearch","a60b8948ba1d836a6eac7cff095519e618939ed8","core/src/main/java/org/elasticsearch/ingest/processor/TrackingResultProcessor.java","7","0","1","5","57","90","0"
"elasticsearch","371c73e14023917f3892090d2d3d7ff9ac1216b9","core/src/main/java/org/elasticsearch/ingest/processor/TrackingResultProcessor.java","7","0","1","5","57","90","3"
"elasticsearch","78574d248cf10dad1c5a566fda79e1e0c94afe43","core/src/main/java/org/elasticsearch/ingest/processor/TrackingResultProcessor.java","7","0","1","5","57","90","2"
"elasticsearch","e6aaaf11ed4a1b8f595f920de1840938eddb7a97","core/src/main/java/org/elasticsearch/ingest/processor/TrackingResultProcessor.java","7","0","1","5","57","90","2"
"elasticsearch","28fd684eef75592346e72c92177e7dd86af82608","core/src/main/java/org/elasticsearch/action/ingest/TrackingResultProcessor.java","7","0","1","5","58","91","0"
"hazelcast","84d4ab5cece50fa5a7226af589a9dfd3789811fa","hazelcast/src/main/java/com/hazelcast/client/impl/protocol/task/cache/CacheReplaceMessageTask.java","7","0","1","5","59","92","0"
"hazelcast","d38202141395360399c9cf97d4453adf5b1581e1","hazelcast/src/main/java/com/hazelcast/client/impl/protocol/task/AuthenticationMessageTask.java","7","0","1","5","61","94","1"
"BroadleafCommerce","1e8b29ba6d27d72811406cce7db53ed3fa903475","core/broadleaf-framework-web/src/main/java/org/broadleafcommerce/core/web/expression/checkout/FulfillmentVariableExpression.java","7","0","1","5","68","110","0"
"elasticsearch","cea8c5fefa1429e44963ea51dde4ef18dc8024d9","modules/elasticsearch/src/main/java/org/elasticsearch/search/facet/geodistance/ScriptGeoDistanceFacetCollector.java","7","0","1","5","69","111","0"
"BroadleafCommerce","abae60151f6416aa4cbf8f37615189b14464b79c","core/broadleaf-framework/src/main/java/org/broadleafcommerce/core/search/service/solr/I18nSolrSearchServiceExtensionHandler.java","7","0","1","5","70","116","1"
"elasticsearch","3b5c133c7143e6ff09e947d30ea2222af18556f0","modules/elasticsearch/src/main/java/org/elasticsearch/index/cache/filter/soft/SoftFilterCache.java","7","0","1","5","79","122","0"
"BroadleafCommerce","4b899b0b30679392365b1286b26fd502eee6594c","admin/broadleaf-open-admin-platform/src/main/java/org/broadleafcommerce/openadmin/server/security/dao/AdminNavigationDaoImpl.java","7","0","1","5","80","126","1"
"BroadleafCommerce","67428294bf8ec538287aa7a1948e464873e3fdf7","admin/broadleaf-open-admin-platform/src/main/java/org/broadleafcommerce/openadmin/server/security/handler/AdminUserCustomPersistenceHandler.java","7","0","1","5","83","125","2"
"BroadleafCommerce","871a21059363c745a87780bbc75dc3b4a3492f92","admin/broadleaf-open-admin-platform/src/main/java/org/broadleafcommerce/openadmin/server/security/handler/AdminUserCustomPersistenceHandler.java","7","0","1","5","85","127","4"
"elasticsearch","e7444f7d779db8346c1053d622d21b09d5dd15b3","modules/ingest-common/src/main/java/org/elasticsearch/ingest/common/KeyValueProcessor.java","7","0","1","5","87","128","1"
"elasticsearch","e6fb3a5d950c52ccba8cf1f0b0d6e819e70c243c","modules/ingest-common/src/main/java/org/elasticsearch/ingest/common/KeyValueProcessor.java","7","0","1","5","88","134","0"
"netty","8c659331e38d1cc4a6dbcd30a9add7725f36ffcd","codec-http/src/main/java/io/netty/handler/codec/spdy/SpdyOrHttpChooser.java","7","0","1","5","90","157","1"
"elasticsearch","952feb58e41bd0220784c44136b840ea4a740e26","core/src/main/java/org/elasticsearch/search/aggregations/bucket/terms/InternalMappedTerms.java","7","0","1","5","96","138","1"
"elasticsearch","e7d352b489272a87b05019869857656de7fb82fc","core/src/main/java/org/elasticsearch/search/aggregations/bucket/terms/InternalMappedTerms.java","7","0","1","5","97","139","0"
"hazelcast","ae9233fffeff545d037c55373eeeed5d4f7577a2","hazelcast/src/main/java/com/hazelcast/nio/DynamicByteBuffer.java","7","0","1","57","280","362","0"
"elasticsearch","773ea0306b296d148ad09408032d40aa58733cf9","src/test/java/org/elasticsearch/test/integration/indices/analyze/AnalyzeActionTests.java","7","0","1","6","113","159","0"
"hazelcast","05b27a3d7f9adfb832f8fb0c7927fc71c14df2b4","hazelcast/src/main/java/com/hazelcast/client/impl/protocol/task/cache/CacheAddEntryListenerMessageTask.java","7","0","1","6","125","171","2"
"hazelcast","5fdda793de15ab4be06a294e013afa671032f9f0","hazelcast/src/main/java/com/hazelcast/client/impl/protocol/task/cache/CacheAddEntryListenerMessageTask.java","7","0","1","6","131","178","0"
"elasticsearch","952feb58e41bd0220784c44136b840ea4a740e26","core/src/test/java/org/elasticsearch/search/aggregations/bucket/SamplerIT.java","7","0","1","6","133","178","1"
"hazelcast","ae877df50978fcfb112d6d0cab2c78f80d1ee770","hazelcast/src/main/java/com/hazelcast/client/impl/protocol/task/cache/CacheAddEntryListenerMessageTask.java","7","0","1","6","133","180","1"
"hazelcast","d65de8708631978b87d39db7c947a073e0963228","hazelcast/src/main/java/com/hazelcast/client/impl/protocol/task/cache/CacheAddEntryListenerMessageTask.java","7","0","1","6","133","180","2"
"hazelcast","264b730b6e10ae9df6f5d8727209ca007160236f","hazelcast/src/main/java/com/hazelcast/client/impl/protocol/task/cache/CacheAddEntryListenerMessageTask.java","7","0","1","6","133","180","0"
"elasticsearch","e7d352b489272a87b05019869857656de7fb82fc","core/src/test/java/org/elasticsearch/search/aggregations/bucket/SamplerIT.java","7","0","1","6","134","179","0"
"hazelcast","b9d903ab23dbaad884e6add6488d6b6ab3de3bd2","hazelcast/src/main/java/com/hazelcast/client/impl/protocol/task/cache/CacheAddEntryListenerMessageTask.java","7","0","1","6","136","183","1"
"hazelcast","86f6e106a1152a2f5d110436d07b41ff8a06a1f9","hazelcast/src/test/java/com/hazelcast/cluster/JoinStressTest.java","7","0","1","6","148","202","0"
"hazelcast","82563c38685eeb9638e422ed96499a49ceab50b9","hazelcast/src/test/java/com/hazelcast/cluster/JoinStressTest.java","7","0","1","6","149","203","2"
"hazelcast","de61a1b959dd71ab2ea7257629566d192bf9d0bd","hazelcast/src/test/java/com/hazelcast/cluster/JoinStressTest.java","7","0","1","6","149","203","2"
"hazelcast","46ed7f576f342ec825a6d1b632182fa80103359c","hazelcast/src/test/java/com/hazelcast/cluster/JoinStressTest.java","7","0","1","6","149","203","0"
"elasticsearch","14d37baa4bcbae00896d8aa69f6b52aab7ba5e14","core/src/test/java/org/elasticsearch/indices/IndexingMemoryControllerTests.java","7","0","1","6","272","381","1"
"elasticsearch","a4c92eb67e62027714ddfdc73245389003f00583","src/main/java/org/elasticsearch/cluster/settings/DynamicSettings.java","7","0","1","6","42","77","0"
"BroadleafCommerce","15e70fe6b89d008dd88b5e98dbfc66a720db68bb","admin/broadleaf-open-admin-platform/src/main/java/org/broadleafcommerce/openadmin/dto/BasicCollectionMetadata.java","7","0","1","6","42","78","0"
"elasticsearch","0a69f1e283e26e5d9e6a000b68b9f4778de557a1","core/src/main/java/org/elasticsearch/cluster/settings/DynamicSettings.java","7","0","1","6","43","75","2"
"orientdb","984c71715a77135a3a3b46473e9b6f816f78fb60","etl/src/test/java/com/orientechnologies/orient/etl/OETLStubRandomExtractor.java","7","0","1","6","49","89","0"
"orientdb","a2eaf6636bb600c7e6d311b0bb7d112bbaafb4a0","etl/src/test/java/com/orientechnologies/orient/etl/OETLStubRandomExtractor.java","7","0","1","6","49","89","0"
"orientdb","a317b8f99c288a4c3e697667983f14194a6b892a","etl/src/test/java/com/orientechnologies/orient/etl/OETLStubRandomExtractor.java","7","0","1","6","49","89","1"
"orientdb","36fe694c8f3e92babf28edcd4aeda4d4ec08e667","etl/src/test/java/com/orientechnologies/orient/etl/OETLStubRandomExtractor.java","7","0","1","6","50","90","1"
"elasticsearch","f6c9d89e02f97dcd161fc0986ed31a5fa861f3fe","modules/elasticsearch/src/main/java/org/elasticsearch/index/query/type/child/ChildCollector.java","7","0","1","6","56","96","0"
"elasticsearch","5d6e84f206c85476d25e4b26e7998db2067e3bac","modules/elasticsearch/src/main/java/org/elasticsearch/search/facet/range/RangeFacetCollector.java","7","0","1","6","61","108","1"
"mct","00a1a4e44d41db0509178e7acb449101cb47231f","fastPlotViews/src/main/java/gov/nasa/arc/mct/fastplot/settings/controls/PlotSettingsComboBox.java","7","0","1","6","63","87","0"
"BroadleafCommerce","d349720f8da15998ca2d360cdeaef614f8244511","admin/broadleaf-admin-module/src/main/java/org/broadleafcommerce/admin/server/service/SkuMetadataCacheServiceImpl.java","7","0","1","6","68","105","0"
"elasticsearch","d8414ffa29f1d84fae36436e43112b249cf9de87","core/src/main/java/org/elasticsearch/search/aggregations/metrics/valuecount/ValueCountAggregator.java","7","0","1","6","68","108","1"
"hazelcast","85549e3acb34b7162c3cee3fe727ce5a9d859090","hazelcast/src/main/java/com/hazelcast/map/operation/EvictKeysBackupOperation.java","7","0","1","6","69","87","0"
"hazelcast","91623113623055f184207f53a0344bbc82ad227f","hazelcast/src/main/java/com/hazelcast/multimap/txn/TxnRemoveOperation.java","7","0","1","6","70","103","3"
"hazelcast","dc3c91a78a7f39ca33d277a66346a5f9b3bf0ab2","hazelcast/src/main/java/com/hazelcast/multimap/txn/TxnRemoveOperation.java","7","0","1","6","70","103","2"
"hazelcast","987927623458f51f4fca6f83400d8a9cbf2c7b81","hazelcast/src/main/java/com/hazelcast/multimap/txn/TxnRemoveOperation.java","7","0","1","6","70","103","0"
"netty","e6ca9882a107c34cf6358c8d7a68561025f06016","common/src/test/java/io/netty/util/AsciiStringTest.java","7","0","1","6","74","103","1"
"BroadleafCommerce","0190a586f4251434b68ccee241c52de0d1cbc386","admin/broadleaf-contentmanagement-module/src/main/java/org/broadleafcommerce/cms/page/service/PageSiteMapGenerator.java","7","0","1","6","74","129","0"
"elasticsearch","f23274523a4d957156fa48923cbf651bdeb2813f","src/main/java/org/elasticsearch/action/bench/AbortBenchmarkResponse.java","7","0","1","6","75","111","0"
"hazelcast","304a4256525b16cd74311730ddd1f69a73d0049f","hazelcast/src/main/java/com/hazelcast/cache/impl/operation/CachePutAllBackupOperation.java","7","0","1","6","79","114","0"
"hazelcast","3cac1d2599490db9984e94496533ba72164068c1","hazelcast/src/main/java/com/hazelcast/cache/impl/operation/CachePutAllBackupOperation.java","7","0","1","6","80","115","1"
"hazelcast","ec370fb6c7c8d8525b50b3a97090e8fc5d49daa8","hazelcast/src/main/java/com/hazelcast/cache/impl/operation/CachePutAllBackupOperation.java","7","0","1","6","80","115","1"
"hazelcast","3eb905d3b400789be1825cd58a2a59190e9d6ff2","hazelcast/src/main/java/com/hazelcast/cache/impl/operation/CachePutAllBackupOperation.java","7","0","1","6","80","115","0"
"elasticsearch","01b18ad219933679256753fa8639c37d11cac1ff","src/main/java/org/elasticsearch/search/aggregations/bucket/terms/LongTermsAggregator.java","7","0","1","6","82","121","0"
"hazelcast","737ccfe6f9ee794e6a86d4a744e25abcb66a66c4","hazelcast/src/main/java/com/hazelcast/map/operation/MultipleEntryBackupOperation.java","7","0","1","6","82","99","2"
"elasticsearch","01b18ad219933679256753fa8639c37d11cac1ff","src/main/java/org/elasticsearch/search/aggregations/bucket/terms/DoubleTermsAggregator.java","7","0","1","6","83","122","0"
"hazelcast","a4035afdfc67b757940a15578bc51b4e7b6b0b13","hazelcast/src/main/java/com/hazelcast/client/impl/protocol/task/cache/CacheAddEntryListenerMessageTask.java","7","0","1","6","84","121","0"
"elasticsearch","ebd95b7eb80cb89dfc4c9567a00cca715f4e999b","modules/elasticsearch/src/main/java/org/elasticsearch/index/cache/filter/soft/SoftFilterCache.java","7","0","1","6","85","130","0"
"BroadleafCommerce","124c21e9c7542c9042bc77b23e29773625097123","core/broadleaf-framework/src/main/java/org/broadleafcommerce/core/catalog/service/CategorySiteMapGenerator.java","7","0","1","6","86","144","0"
"neo4j","f0583fd6b622b859356bfa7b8db1cf885315373d","community/lucene-index/src/main/java/org/neo4j/kernel/api/impl/schema/writer/PartitionedIndexWriter.java","7","0","1","6","87","138","0"
"elasticsearch","1584c73e4a85037ce83744a384805f234b288548","src/main/java/org/elasticsearch/search/aggregations/bucket/terms/LongTermsAggregator.java","7","0","1","6","89","133","1"
"elasticsearch","1584c73e4a85037ce83744a384805f234b288548","src/main/java/org/elasticsearch/search/aggregations/bucket/terms/DoubleTermsAggregator.java","7","0","1","6","90","134","1"
"orientdb","bbbb777e4073e4214e47e2134379d96dcb54486a","client/src/main/java/com/orientechnologies/orient/client/remote/OSBTreeCollectionManagerRemote.java","7","0","1","7","103","148","1"
"elasticsearch","b6ae7fbadb0669d015ec6070adca9469be88d29d","src/main/java/org/elasticsearch/index/merge/scheduler/ConcurrentMergeSchedulerProvider.java","7","0","1","7","119","166","1"
"hazelcast","4ab01d3de56f9ea7777c8b3dff22f8cddabc6ac7","hazelcast/src/test/java/com/hazelcast/cluster/MulticastJoinTest.java","7","0","1","7","150","206","0"
"elasticsearch","41d8fbe8f51abd499c9b497238bc5f2141b7926b","core/src/test/java/org/elasticsearch/http/netty/pipelining/HttpPipeliningHandlerTest.java","7","0","1","7","156","215","1"
"elasticsearch","5eeac2fdf6c108e2f9b6305b6577a77e5290ad9e","src/test/java/org/elasticsearch/http/netty/pipelining/HttpPipeliningHandlerTest.java","7","0","1","7","157","216","0"
"elasticsearch","164efaecbe42195f08ada58b5fde927ab21fc6e7","core/src/test/java/org/elasticsearch/http/netty/pipelining/HttpPipeliningHandlerTest.java","7","0","1","7","158","218","0"
"elasticsearch","94bc489275d4462a8b2520f6d3ef4f70dc1d6e99","core/src/test/java/org/elasticsearch/search/aggregations/bucket/ReverseNestedIT.java","7","0","1","7","567","643","1"
"elasticsearch","5b8b15e729d022ac816098c40f401ba25ce7e2e0","core/src/main/java/org/elasticsearch/common/transport/BoundTransportAddress.java","7","0","1","7","62","103","0"
"elasticsearch","12cbb3223a540399164734a188460a343eec4068","src/main/java/org/elasticsearch/action/bulk/BulkItemRequest.java","7","0","1","7","62","99","1"
"elasticsearch","d8f16178d3f21b4f9d17da12e7aa61613fc2c27a","src/main/java/org/elasticsearch/common/blobstore/fs/FsBlobStore.java","7","0","1","7","70","108","1"
"elasticsearch","78574d248cf10dad1c5a566fda79e1e0c94afe43","core/src/main/java/org/elasticsearch/action/fieldstats/FieldStatsResponse.java","7","0","1","7","76","109","1"
"elasticsearch","e6aaaf11ed4a1b8f595f920de1840938eddb7a97","core/src/main/java/org/elasticsearch/action/fieldstats/FieldStatsResponse.java","7","0","1","7","76","109","1"
"elasticsearch","a60b8948ba1d836a6eac7cff095519e618939ed8","core/src/main/java/org/elasticsearch/action/fieldstats/FieldStatsResponse.java","7","0","1","7","76","109","0"
"hazelcast","3cac1d2599490db9984e94496533ba72164068c1","hazelcast/src/main/java/com/hazelcast/cache/impl/operation/CacheRemoveAllBackupOperation.java","7","0","1","7","79","115","1"
"BroadleafCommerce","416b3865b7ebb288d45d43094456acefbd7d5ee7","common/src/main/java/org/broadleafcommerce/common/config/dao/SystemPropertiesDaoImpl.java","7","0","1","7","85","127","3"
"elasticsearch","2cd771a23014ccb526fd96b6da539ca7fd912a6a","modules/ingest-common/src/main/java/org/elasticsearch/ingest/common/SortProcessor.java","7","0","1","7","94","142","0"
"hazelcast","78108e9f99edd98a26324bd6f8c0f493b8f78f5d","hazelcast/src/main/java/com/hazelcast/replicatedmap/impl/operation/ClearOperation.java","7","0","1","8","100","138","0"
"hazelcast","707932eed4859d26c9c896f844d9433f2795b290","hazelcast/src/main/java/com/hazelcast/replicatedmap/impl/operation/ClearOperation.java","7","0","1","8","100","139","0"
"hazelcast","4a1593fa6ba5c277c4ad2fc320d803b0e63b9339","hazelcast/src/main/java/com/hazelcast/replicatedmap/impl/operation/ClearOperation.java","7","0","1","8","103","142","0"
"hazelcast","03206d98a4287ade342ec386397851a54d849b0f","hazelcast/src/main/java/com/hazelcast/cache/impl/operation/CacheCreateConfigOperation.java","7","0","1","8","105","160","0"
"hazelcast","31b746bc11a9f8f1787e58c7f4139784dfb5c404","hazelcast/src/main/java/com/hazelcast/cache/impl/operation/CacheCreateConfigOperation.java","7","0","1","8","105","160","0"
"hazelcast","5a16e5ad2333962484c360578bba777dd32ad20e","hazelcast/src/main/java/com/hazelcast/cache/impl/operation/CacheCreateConfigOperation.java","7","0","1","8","105","160","0"
"hazelcast","09dca6ec53964a7d7265912f1fd5faf46c60135b","hazelcast/src/main/java/com/hazelcast/cache/impl/operation/CacheCreateConfigOperation.java","7","0","1","8","105","160","3"
"hazelcast","3af9c0792b640c4eb629a23025e5218871effc3c","hazelcast/src/main/java/com/hazelcast/cache/impl/operation/CacheCreateConfigOperation.java","7","0","1","8","105","160","1"
"elasticsearch","1584c73e4a85037ce83744a384805f234b288548","src/main/java/org/elasticsearch/search/aggregations/metrics/stats/extended/ExtendedStatsAggregator.java","7","0","1","8","106","147","1"
"elasticsearch","f23274523a4d957156fa48923cbf651bdeb2813f","src/test/java/org/elasticsearch/action/bench/BenchmarkTestUtil.java","7","0","1","8","151","210","0"
"elasticsearch","1863ab95f862294db7d105717656bd6452eef9d9","core/src/test/java/org/elasticsearch/gateway/AsyncShardFetchTests.java","7","0","1","8","220","315","1"
"elasticsearch","6abcd42a05a0e2bc4eaf1add6a41ae7d48f840c2","core/src/test/java/org/elasticsearch/gateway/AsyncShardFetchTests.java","7","0","1","8","221","316","0"
"elasticsearch","cb0824e957dcb7a20e8450f97283874eb61b9abe","core/src/test/java/org/elasticsearch/gateway/AsyncShardFetchTests.java","7","0","1","8","221","316","0"
"elasticsearch","3f6a3c01dadb1951b597ffdbd068359a2fbc84c8","core/src/test/java/org/elasticsearch/gateway/AsyncShardFetchTests.java","7","0","1","8","221","316","1"
"elasticsearch","30d7b8de2fa043bdca3ca55026aa74f06d404a76","src/test/java/org/elasticsearch/indices/warmer/SimpleIndicesWarmerTests.java","7","0","1","8","280","349","0"
"elasticsearch","1441fec0687d9af1b3eb17a6cc7286bab495d01f","src/test/java/org/elasticsearch/indices/warmer/SimpleIndicesWarmerTests.java","7","0","1","8","283","353","2"
"netty","2dffc2f9fb89966e4a7d227e52a8d937ef0875b0","codec-http2/src/test/java/io/netty/handler/codec/http2/DataCompressionHttp2Test.java","7","0","1","8","322","375","1"
"elasticsearch","5f188d29fac19f26959eeae17d4ed901cd3b7d6f","src/main/java/org/elasticsearch/action/OriginalIndices.java","7","0","1","8","62","100","1"
"elasticsearch","2e445d3ede953c90e4e1ce69e5f53192115b9dd7","core/src/main/java/org/elasticsearch/search/internal/ContextIndexSearcher.java","7","0","1","8","62","108","1"
"orientdb","040b05508933cf63ab4302ba24753d268640088c","core/src/main/java/com/orientechnologies/orient/core/index/OPropertyRidBagIndexDefinition.java","7","0","1","8","65","106","2"
"orientdb","c44bbca080721b05af1db86562a16b199916fd3c","core/src/main/java/com/orientechnologies/orient/core/index/OPropertyRidBagIndexDefinition.java","7","0","1","8","65","106","1"
"orientdb","eda36859b9b033e1c3c6c69dce74c4959ac3439e","core/src/main/java/com/orientechnologies/orient/core/index/OPropertyRidBagIndexDefinition.java","7","0","1","8","65","106","2"
"orientdb","56f9bf3a10535e331c512f9852b1779bbc1d38b0","core/src/main/java/com/orientechnologies/orient/core/index/OPropertyRidBagIndexDefinition.java","7","0","1","8","65","106","0"
"elasticsearch","3a2d40acd9d536625b4b76069f4f9eeefccbebf3","src/main/java/org/apache/lucene/index/TrackingConcurrentMergeScheduler.java","7","0","1","8","69","108","0"
"hazelcast","4eef0f6f0630c47a4baca6875343ccd506948bb5","hazelcast/src/main/java/com/hazelcast/multimap/operations/RemoveOperation.java","7","0","1","8","70","104","1"
"elasticsearch","a7190ea8a3bd7fbf774a8431e88b46c79daf7a4c","modules/elasticsearch/src/main/java/org/elasticsearch/common/blobstore/fs/FsBlobStore.java","7","0","1","8","70","110","0"
"hazelcast","74d6f72756601ada8fcd5b952384223dac5d5b25","hazelcast/src/main/java/com/hazelcast/multimap/operations/RemoveOperation.java","7","0","1","8","71","105","2"
"hazelcast","987927623458f51f4fca6f83400d8a9cbf2c7b81","hazelcast/src/main/java/com/hazelcast/multimap/operations/RemoveOperation.java","7","0","1","8","71","106","0"
"elasticsearch","e488d524c3fe625965043cae55a235fd986a05b0","src/main/java/org/apache/lucene/index/TrackingConcurrentMergeScheduler.java","7","0","1","8","71","110","0"
"hazelcast","91623113623055f184207f53a0344bbc82ad227f","hazelcast/src/main/java/com/hazelcast/multimap/operations/RemoveOperation.java","7","0","1","8","72","107","3"
"orientdb","7a678522a2d83448543bc75d7360ac0857529727","core/src/main/java/com/orientechnologies/orient/core/sql/OCommandExecutorSQLDelegate.java","7","0","1","8","72","113","0"
"elasticsearch","1584c73e4a85037ce83744a384805f234b288548","src/main/java/org/elasticsearch/search/aggregations/metrics/min/MinAggregator.java","7","0","1","8","73","114","1"
"elasticsearch","7f5befd95e19badf8b911df5c28a08613b0a9cd0","src/main/java/org/elasticsearch/common/blobstore/fs/FsBlobStore.java","7","0","1","8","74","114","1"
"elasticsearch","c20713530d2429346536354f297c96dea4353329","src/main/java/org/elasticsearch/common/blobstore/fs/FsBlobStore.java","7","0","1","8","75","115","0"
"elasticsearch","d64d0d6a97ae8dd70ba6018f97dd3c5fc10acd53","src/main/java/org/elasticsearch/search/internal/DocIdSetCollector.java","7","0","1","8","76","111","1"
"elasticsearch","e458d4fd93136cfc42708d9311d05bee36f69321","src/main/java/org/elasticsearch/search/internal/DocIdSetCollector.java","7","0","1","8","77","112","0"
"elasticsearch","1584c73e4a85037ce83744a384805f234b288548","src/main/java/org/elasticsearch/search/aggregations/metrics/avg/AvgAggregator.java","7","0","1","8","77","120","1"
"hazelcast","4eef0f6f0630c47a4baca6875343ccd506948bb5","hazelcast/src/main/java/com/hazelcast/multimap/txn/TxnRemoveOperation.java","7","0","1","8","78","113","1"
"hazelcast","74d6f72756601ada8fcd5b952384223dac5d5b25","hazelcast/src/main/java/com/hazelcast/multimap/txn/TxnRemoveOperation.java","7","0","1","8","78","113","2"
"hazelcast","f5d0f6d0c65c355122aa1fd5b9fc9949e7e6258b","hazelcast/src/main/java/com/hazelcast/multimap/txn/TxnRemoveOperation.java","7","0","1","8","78","113","3"
"hazelcast","08a1bcde262eb98081e2cafb5818ad9f65f852a4","hazelcast/src/main/java/com/hazelcast/multimap/txn/TxnRemoveOperation.java","7","0","1","8","78","113","0"
"elasticsearch","1584c73e4a85037ce83744a384805f234b288548","src/main/java/org/elasticsearch/search/aggregations/metrics/max/MaxAggregator.java","7","0","1","8","78","119","1"
"hazelcast","b583f88f8f80ac2de344ace2aa3423f128cd037a","hazelcast/src/main/java/com/hazelcast/transaction/impl/ReplicateTxOperation.java","7","0","1","8","80","114","0"
"orientdb","b31b75faa4beaa383d3781795ae1b04a84536f64","graphdb/src/test/java/com/orientechnologies/orient/graph/sql/OCommandExecutorSQLDeleteVertexTest.java","7","0","1","8","80","139","0"
"BroadleafCommerce","7da760ada0cf3c3164075c970c90d47e36b4bef4","common/src/main/java/org/broadleafcommerce/common/currency/domain/BroadleafCurrencyImpl.java","7","0","1","8","81","124","0"
"elasticsearch","7f0134e7253f29b9759c5f9a5c376f521502b107","core/src/main/java/org/elasticsearch/ingest/core/CompoundProcessor.java","7","0","1","8","83","122","1"
"hazelcast","bfa50b94f7d17d96907faaedf3e4811680937685","hazelcast/src/main/java/com/hazelcast/internal/partition/operation/PartitionReplicaSyncRetryResponse.java","7","0","1","8","84","121","0"
"elasticsearch","1584c73e4a85037ce83744a384805f234b288548","src/main/java/org/elasticsearch/search/aggregations/metrics/stats/StatsAggegator.java","7","0","1","8","99","140","1"
"elasticsearch","c19044ddf6a8ed421d75fdb3db6bb02b06350b8f","core/src/main/java/org/elasticsearch/Build.java","7","0","1","9","101","153","0"
"hazelcast","37da3959df4151b304b211df87a6b900c0169cc5","hazelcast/src/main/java/com/hazelcast/cache/impl/operation/CacheCreateConfigOperation.java","7","0","1","9","110","166","1"
"elasticsearch","d0300b3f59f96c3f4a9aa90ae4e34c1c7c261164","src/main/java/org/elasticsearch/search/aggregations/metrics/tophits/InternalTopHits.java","7","0","1","9","116","155","0"
"elasticsearch","cdb39cf5dc50e97f53c04fdaf269f718c0134fe7","core/src/main/java/org/elasticsearch/common/rounding/TimeZoneRounding.java","7","0","1","9","159","219","1"
"neo4j","aac20ad73b1ea3e5d85a1071229273904086dd7c","community/kernel/src/main/java/org/neo4j/unsafe/batchinsert/DirectRecordAccess.java","7","0","1","9","193","247","0"
"neo4j","2b261bd9bb532f283b2caed9b2d9eb4992e677b4","community/kernel/src/main/java/org/neo4j/unsafe/batchinsert/DirectRecordAccess.java","7","0","1","9","196","249","1"
"hazelcast","73673199472b3fb25cf6c72de378a1d2bab18605","hazelcast/src/test/java/com/hazelcast/internal/networking/nonblocking/NonBlockingIOThreadAbstractTest.java","7","0","1","9","217","297","1"
"hazelcast","86b064ba3f1e467e74e95d6da24b03122065ce36","hazelcast/src/test/java/com/hazelcast/internal/networking/nonblocking/NonBlockingIOThreadAbstractTest.java","7","0","1","9","217","297","2"
"hazelcast","9948976cea0dd05d47e24f303a0b309b4155d329","hazelcast/src/test/java/com/hazelcast/internal/networking/nonblocking/NonBlockingIOThreadAbstractTest.java","7","0","1","9","217","297","2"
"hazelcast","82683a8423a0a3209f3dd70ca23835ee63f0d0b8","hazelcast/src/test/java/com/hazelcast/internal/networking/nonblocking/NonBlockingIOThreadAbstractTest.java","7","0","1","9","217","297","0"
"orientdb","8e7c166f120cff8c3576519324b6939895080c26","core/src/main/java/com/orientechnologies/orient/core/query/live/OLiveQueryQueueThread.java","7","0","1","9","68","107","0"
"elasticsearch","5828796848674b656807406947f050626035845a","core/src/main/java/org/elasticsearch/search/internal/ContextIndexSearcher.java","7","0","1","9","68","116","0"
"elasticsearch","bf51a4e5dfe04dd84032fec3c232add5f02d51ce","modules/elasticsearch/src/main/java/org/elasticsearch/index/field/function/sort/StringFieldsFunctionDataComparator.java","7","0","1","9","70","113","0"
"elasticsearch","001a6b0ff7a9f2185617cc3dd9dfe76e1cc04162","modules/elasticsearch/src/main/java/org/elasticsearch/index/field/function/sort/StringFieldsFunctionDataComparator.java","7","0","1","9","74","118","0"
"elasticsearch","01b18ad219933679256753fa8639c37d11cac1ff","src/main/java/org/elasticsearch/search/aggregations/metrics/min/MinAggregator.java","7","0","1","9","77","119","0"
"elasticsearch","01b18ad219933679256753fa8639c37d11cac1ff","src/main/java/org/elasticsearch/search/aggregations/metrics/avg/AvgAggregator.java","7","0","1","9","81","124","0"
"elasticsearch","01b18ad219933679256753fa8639c37d11cac1ff","src/main/java/org/elasticsearch/search/aggregations/metrics/max/MaxAggregator.java","7","0","1","9","82","124","0"
"elasticsearch","12b46bdbc43c238debd8b8093fe821b7e3bff273","core/src/main/java/org/elasticsearch/Build.java","7","0","1","9","99","151","1"
"elasticsearch","046abdc281c321cd2128ee7684c0edfcaca07203","core/src/main/java/org/elasticsearch/client/transport/TransportClient.java","7","0","10","0","203","315","2"
"elasticsearch","fbbb633d81d5501c42343bf493f7af24788e657b","core/src/main/java/org/elasticsearch/client/transport/TransportClient.java","7","0","10","0","216","330","0"
"elasticsearch","e1e17b3bfec22e4748e9b014414235f8e0441b17","core/src/main/java/org/elasticsearch/client/transport/TransportClient.java","7","0","10","0","219","336","1"
"elasticsearch","8e931d57672be67bd613469a32ff554f9e92400c","core/src/main/java/org/elasticsearch/search/aggregations/bucket/range/ipv4/IPv4RangeBuilder.java","7","0","10","0","71","165","2"
"elasticsearch","8f2882a442fb6deaab5b645dfc80577193dfb81f","core/src/main/java/org/elasticsearch/action/DocWriteResponse.java","7","0","10","10","148","228","0"
"hazelcast","3ea934a482f7fa008a90307a5ad8377609cd917c","hazelcast/src/main/java/com/hazelcast/transaction/TransactionOptions.java","7","0","10","4","88","208","1"
"elasticsearch","371c73e14023917f3892090d2d3d7ff9ac1216b9","core/src/main/java/org/elasticsearch/search/SearchModule.java","7","0","10","7","627","768","4"
"elasticsearch","072eb99c5a1346542ff2bf46a3b3579b8c4b0a86","core/src/main/java/org/elasticsearch/search/SearchModule.java","7","0","10","7","628","771","2"
"elasticsearch","d77c299cb9b2a55b47fff539b539ebb9846bd858","core/src/main/java/org/elasticsearch/search/SearchModule.java","7","0","10","7","630","773","1"
"hazelcast","348281e641ee3c1b3ab056a8a701e4953716854f","hazelcast/src/main/java/com/hazelcast/instance/GroupProperties.java","7","0","11","0","300","420","1"
"antlr4","17128d64869d43582bccd523f32463d2edaaffc7","runtime/Java/src/org/antlr/v4/runtime/RuntimeMetaData.java","7","0","11","0","69","321","0"
"elasticsearch","4b94eb5cb8cc4294ed0e932a5f22c16bd90d4dd7","core/src/main/java/org/elasticsearch/action/delete/DeleteRequest.java","7","0","11","10","131","224","2"
"elasticsearch","860efb2ad28db09189c8423e05d0dba53010259c","core/src/main/java/org/elasticsearch/action/delete/DeleteRequest.java","7","0","11","10","131","224","2"
"elasticsearch","d3417fb02291f26964d77767020ef345d18c148f","core/src/main/java/org/elasticsearch/action/delete/DeleteRequest.java","7","0","11","10","131","224","0"
"elasticsearch","578853f264e8ddae5c919b1b7ca35524cb292d62","core/src/main/java/org/elasticsearch/action/delete/DeleteRequest.java","7","0","11","10","132","225","0"
"elasticsearch","567c65b0d57e92cd530dafa7f55de7ba681af13e","core/src/main/java/org/elasticsearch/discovery/zen/ZenPing.java","7","0","11","12","120","212","2"
"elasticsearch","577dcb32374cf2528a5deadf0a57f1ea1d5a9cbd","core/src/main/java/org/elasticsearch/discovery/zen/ping/ZenPing.java","7","0","11","12","121","213","0"
"elasticsearch","371c73e14023917f3892090d2d3d7ff9ac1216b9","core/src/main/java/org/elasticsearch/index/engine/SegmentsStats.java","7","0","11","29","274","383","3"
"elasticsearch","78574d248cf10dad1c5a566fda79e1e0c94afe43","core/src/main/java/org/elasticsearch/index/engine/SegmentsStats.java","7","0","11","29","274","383","2"
"elasticsearch","e6aaaf11ed4a1b8f595f920de1840938eddb7a97","core/src/main/java/org/elasticsearch/index/engine/SegmentsStats.java","7","0","11","29","274","383","2"
"elasticsearch","a60b8948ba1d836a6eac7cff095519e618939ed8","core/src/main/java/org/elasticsearch/index/engine/SegmentsStats.java","7","0","11","29","274","383","0"
"elasticsearch","371c73e14023917f3892090d2d3d7ff9ac1216b9","core/src/main/java/org/elasticsearch/search/aggregations/Aggregator.java","7","0","11","4","65","156","3"
"elasticsearch","78574d248cf10dad1c5a566fda79e1e0c94afe43","core/src/main/java/org/elasticsearch/search/aggregations/Aggregator.java","7","0","11","4","65","156","2"
"elasticsearch","e6aaaf11ed4a1b8f595f920de1840938eddb7a97","core/src/main/java/org/elasticsearch/search/aggregations/Aggregator.java","7","0","11","4","65","156","2"
"elasticsearch","a60b8948ba1d836a6eac7cff095519e618939ed8","core/src/main/java/org/elasticsearch/search/aggregations/Aggregator.java","7","0","11","4","65","156","0"
"elasticsearch","06bfe0550d66e16a26f0dec044f1bd1e3ca83425","src/main/java/org/elasticsearch/action/admin/indices/validate/query/ValidateQueryRequest.java","7","0","11","5","135","235","1"
"elasticsearch","0d3895533c004cf40d75226efd62ec833981741a","src/main/java/org/elasticsearch/action/admin/indices/validate/query/ValidateQueryRequest.java","7","0","11","5","135","236","0"
"hazelcast","2921cff694583b8638dae2991f427e61d5440a9d","hazelcast/src/main/java/com/hazelcast/internal/properties/HazelcastProperties.java","7","0","12","0","72","206","0"
"neo4j","1b3aad3b619bd72c2c9f79bb7edf642c5dc56a6f","enterprise/security/src/test/java/org/neo4j/server/security/enterprise/auth/integration/bolt/BoltConnectionManagementIT.java","7","0","12","3","304","430","0"
"neo4j","2fb8aea71a2d50c63f1407b9e975c5e8cbf325dc","enterprise/security/src/test/java/org/neo4j/server/security/enterprise/auth/integration/bolt/BoltConnectionManagementIT.java","7","0","12","3","305","433","1"
"hazelcast","1f042b8c4a4245594691bb6d85a66ceed9b43068","hazelcast/src/main/java/com/hazelcast/instance/HazelcastProperties.java","7","0","13","0","75","220","1"
"neo4j","1b3aad3b619bd72c2c9f79bb7edf642c5dc56a6f","enterprise/security/src/test/java/org/neo4j/server/security/enterprise/auth/integration/bolt/LdapAuthenticationIT.java","7","0","13","27","567","887","1"
"netty","bf5960e9eb08396b7fdf17aad963f5e0c4dd1557","transport-rxtx/src/main/java/io/netty/channel/rxtx/RxtxChannelConfig.java","7","0","15","14","94","277","1"
"elasticsearch","4fa924494d89fb66d6b48deac8cadc1bb9bdb269","src/main/java/org/elasticsearch/action/delete/DeleteRequest.java","7","0","15","9","135","249","1"
"elasticsearch","61c21f9a0e148db3e450c87c4690bef173ccc821","src/main/java/org/elasticsearch/action/delete/DeleteRequest.java","7","0","15","9","136","250","0"
"elasticsearch","a518599e27047549347ac58d66d66b7bfd27f988","core/src/main/java/org/elasticsearch/action/delete/DeleteRequest.java","7","0","15","9","140","254","2"
"netty","58b968b6036dc194dce5a3e70d05d493b2fb6b58","transport-rxtx/src/main/java/io/netty/channel/rxtx/RxtxChannelConfig.java","7","0","17","14","96","287","0"
"netty","1f27c3b39060e544b4d3aaf05b700dd5c433a0cd","transport-rxtx/src/main/java/io/netty/channel/rxtx/RxtxChannelConfig.java","7","0","17","15","98","290","0"
"netty","77b4ec7e1bc0b8c6111728cc074226dd9cfe1b73","transport-rxtx/src/main/java/io/netty/channel/rxtx/RxtxChannelConfig.java","7","0","17","18","105","300","1"
"netty","cc4198971e08cc28c662589e90ed1a10a5be9ab4","transport-rxtx/src/main/java/io/netty/channel/rxtx/RxtxChannelConfig.java","7","0","17","19","107","303","0"
"netty","9d4fae308c09a2c759dc67db765d311154c8d977","transport-rxtx/src/main/java/io/netty/channel/rxtx/RxtxChannelConfig.java","7","0","17","19","108","304","1"
"netty","3e5dcb5f3efbb26d5e6cf4cd229b03c285d62462","transport-rxtx/src/main/java/io/netty/channel/rxtx/RxtxChannelConfig.java","7","0","17","20","113","310","0"
"netty","c22f1aa4acad4234623c31121f33b2b2f3afffc5","codec-http2/src/test/java/io/netty/handler/codec/http2/WeightedFairQueueByteDistributorTest.java","7","0","18","4","513","942","2"
"netty","3482651e0c29edfa02f189751c704ebe4fe8f54c","codec-http2/src/test/java/io/netty/handler/codec/http2/WeightedFairQueueByteDistributorTest.java","7","0","19","4","482","939","0"
"hazelcast","229bcce2f7bc271971bb7330634656e2cbaf8e42","hazelcast/src/test/java/com/hazelcast/map/mapstore/MapClassLoaderTest.java","7","0","2","0","106","161","1"
"hazelcast","a12f52fea3c9f9d384c9c47231a6834e478ab241","hazelcast/src/test/java/com/hazelcast/map/mapstore/MapClassLoaderTest.java","7","0","2","0","106","161","1"
"hazelcast","cd135ce7ae60449a710c49e5d3c2e3d4c98e4cff","hazelcast/src/test/java/com/hazelcast/map/mapstore/MapClassLoaderTest.java","7","0","2","0","106","161","0"
"neo4j","1ff33c3a5d281710c6a3bc44ad3c62133a1e2b46","community/kernel/src/main/java/org/neo4j/graphdb/impl/notification/NotificationCode.java","7","0","2","0","247","290","1"
"neo4j","3b1b5247e5eda36e839b862358a9f8294def3d94","community/kernel/src/main/java/org/neo4j/graphdb/impl/notification/NotificationCode.java","7","0","2","0","252","295","0"
"hazelcast","1ad8fb64ec2cb71b59aa2fc048d32d5ff28eff81","hazelcast/src/main/java/com/hazelcast/util/OperatingSystemMXBeanSupport.java","7","0","2","0","37","74","1"
"hazelcast","96c6b8be6df938f529147e4b20d8490c015de96f","hazelcast/src/main/java/com/hazelcast/internal/util/JavaVersion.java","7","0","2","0","38","74","0"
"BroadleafCommerce","c47428fb0783c065f81dbdf641f1155879791b33","core/broadleaf-profile-web/src/main/java/org/broadleafcommerce/profile/web/core/CustomerStateRefresher.java","7","0","2","0","41","105","0"
"BroadleafCommerce","a2c4f2505ace4aa0175753c7b77c5e834b79456f","admin/broadleaf-open-admin-platform/src/main/java/org/broadleafcommerce/openadmin/web/form/entity/EntityFormValidator.java","7","0","2","0","42","92","2"
"hazelcast","fb945c32b2039a081d11e5e281d86b22c000c879","hazelcast/src/main/java/com/hazelcast/instance/BuildInfoProvider.java","7","0","2","0","54","101","0"
"hazelcast","4003029651c76805e2951670f6313c08ff87c621","hazelcast/src/main/java/com/hazelcast/instance/BuildInfoProvider.java","7","0","2","0","55","103","0"
"BroadleafCommerce","e98df2fd943a0bec1cf94c00b4e8e7eac831a43f","common/src/main/java/org/broadleafcommerce/common/util/UpdateExecutor.java","7","0","2","0","60","137","0"
"oryx","13d7fb2526250d7c318333d8f252cbd7b9e4a77a","framework/oryx-lambda/src/main/java/com/cloudera/oryx/lambda/AbstractSparkLayer.java","7","0","2","1","204","289","0"
"elasticsearch","41a2375c9e609395e21522ee79202645ed2a0af4","core/src/main/java/org/elasticsearch/action/support/TransportActions.java","7","0","2","1","26","55","1"
"elasticsearch","f208aaa47c277d323d52b79241cfb8eef64b5e90","core/src/main/java/org/elasticsearch/action/support/TransportActions.java","7","0","2","1","26","55","1"
"elasticsearch","c5cb55901424ddc249abae98d7e3d4d5bdebbc91","core/src/main/java/org/elasticsearch/action/support/TransportActions.java","7","0","2","1","26","55","0"
"hazelcast","04c204fcf1f1d07695eb4355106ffdc8e6bc9365","hazelcast/src/main/java/com/hazelcast/config/matcher/WildcardConfigPatternMatcher.java","7","0","2","1","33","54","0"
"elasticsearch","98640310c2adff8f8d164590faf019193201c747","src/main/java/org/elasticsearch/index/search/shape/ShapeFetchService.java","7","0","2","1","51","92","1"
"BroadleafCommerce","0190a586f4251434b68ccee241c52de0d1cbc386","common/src/main/java/org/broadleafcommerce/common/sitemap/service/CustomUrlSiteMapGenerator.java","7","0","2","1","53","105","0"
"elasticsearch","8bdfd21b70568a39ebf5232e8c395f5206a7a63f","src/main/java/org/elasticsearch/index/search/shape/ShapeFetchService.java","7","0","2","1","53","92","0"
"elasticsearch","3aabda6752ced45137bb6d3ad1bd1720f348cbbb","core/src/main/java/org/elasticsearch/cluster/metadata/MetaDataIndexUpgradeService.java","7","0","2","1","96","175","0"
"hazelcast","7425829d0c217bbb16de5a89d37cfb278474b47e","hazelcast/src/main/java/com/hazelcast/util/executor/DelegatingFuture.java","7","0","2","10","113","186","0"
"hazelcast","8be13173f139312e9bcbe1b1ff65269b165fce5d","hazelcast/src/main/java/com/hazelcast/util/executor/DelegatingFuture.java","7","0","2","10","116","190","1"
"neo4j","886dbb454deaae6adcb4ff26e76f6e225eedca55","community/kernel/src/main/java/org/neo4j/kernel/impl/transaction/log/ReadAheadChannel.java","7","0","2","10","122","196","0"
"hazelcast","c57d3349fbdda6d4454ef257937a2199cea9572f","hazelcast/src/test/java/com/hazelcast/map/IssuesTest.java","7","0","2","10","270","333","0"
"elasticsearch","5a64f08f048461a63a0ca1354a5050c954e63d52","core/src/test/java/org/elasticsearch/index/SettingsListenerIT.java","7","0","2","10","94","143","0"
"oryx","0e536a808244ffd416c047e7c365d4f055ea1b8a","app/oryx-app-common/src/main/java/com/cloudera/oryx/app/rdf/predict/CategoricalPrediction.java","7","0","2","10","95","139","0"
"elasticsearch","9c9cd01854d4343b11314d58b82c00f1de335f8a","src/main/java/org/elasticsearch/index/query/TemplateQueryParser.java","7","0","2","11","107","162","0"
"hazelcast","a3507ca238034c2ea2fbb21034247eddd69117ef","hazelcast/src/main/java/com/hazelcast/util/executor/DelegatingFuture.java","7","0","2","11","120","195","1"
"elasticsearch","854099f1d51ca3c9a8b66c6c40c4c45d7dd8ff84","core/src/test/java/org/elasticsearch/action/bulk/BulkRequestTests.java","7","0","2","12","166","209","0"
"elasticsearch","bfc826003bf7db97f852c8f74e74bc11946917b6","core/src/test/java/org/elasticsearch/action/bulk/BulkRequestTests.java","7","0","2","12","171","214","1"
"elasticsearch","9a73a2efb302e008bbff1ba172c7f99e414dc146","core/src/test/java/org/elasticsearch/index/query/HasChildQueryBuilderTests.java","7","0","2","12","268","334","1"
"elasticsearch","b9a90eca20b2406ee7af8033ff6a2a445603520d","core/src/test/java/org/elasticsearch/index/query/HasChildQueryBuilderTests.java","7","0","2","12","269","335","0"
"hazelcast","d1bae9c134322830de8d4888351f56eb8b5b2de6","hazelcast/src/main/java/com/hazelcast/internal/dynamicconfig/AggregatingMap.java","7","0","2","12","81","131","0"
"elasticsearch","de3e7d161f032e7812a90389a956e2f4c9b72595","core/src/test/java/org/elasticsearch/action/bulk/BulkRequestTests.java","7","0","2","13","177","221","0"
"elasticsearch","fbe27664a65ca7ab5b7dbe1c328ab27423e4313c","core/src/test/java/org/elasticsearch/action/bulk/BulkRequestTests.java","7","0","2","13","178","222","2"
"BroadleafCommerce","481115a3a7c7d2e329c840d48b79c157dedec369","admin/broadleaf-open-admin-platform/src/main/java/org/broadleafcommerce/openadmin/web/form/component/ListGridRecord.java","7","0","2","14","86","146","2"
"elasticsearch","139d3f957fee124ab311376c9ccccc6b6b461c29","modules/lang-painless/src/test/java/org/elasticsearch/painless/BasicStatementTests.java","7","0","2","15","396","472","0"
"orientdb","040b05508933cf63ab4302ba24753d268640088c","core/src/main/java/com/orientechnologies/orient/core/index/ORuntimeKeyIndexDefinition.java","7","0","2","16","115","176","2"
"orientdb","c44bbca080721b05af1db86562a16b199916fd3c","core/src/main/java/com/orientechnologies/orient/core/index/ORuntimeKeyIndexDefinition.java","7","0","2","16","115","176","1"
"orientdb","eda36859b9b033e1c3c6c69dce74c4959ac3439e","core/src/main/java/com/orientechnologies/orient/core/index/ORuntimeKeyIndexDefinition.java","7","0","2","16","115","176","2"
"orientdb","56f9bf3a10535e331c512f9852b1779bbc1d38b0","core/src/main/java/com/orientechnologies/orient/core/index/ORuntimeKeyIndexDefinition.java","7","0","2","16","115","176","0"
"elasticsearch","9944a594b10d5cfa34fcf2fa8ed45ca6d52345fe","core/src/main/java/org/elasticsearch/search/aggregations/bucket/significant/heuristics/ScriptHeuristic.java","7","0","2","16","143","204","0"
"hazelcast","788bd401886b61f0f4e38a135e57cf8bca8db3b7","hazelcast/src/test/java/com/hazelcast/internal/nearcache/AbstractNearCachePreloaderTest.java","7","0","2","16","240","362","1"
"hazelcast","e132a6c1f7eab35ac027f5a627603bdd1fd52c13","hazelcast/src/main/java/com/hazelcast/config/PermissionConfig.java","7","0","2","17","115","209","1"
"hazelcast","84d4ab5cece50fa5a7226af589a9dfd3789811fa","hazelcast/src/main/java/com/hazelcast/config/PermissionConfig.java","7","0","2","17","117","216","0"
"elasticsearch","c77dc4a82c1ea52ca9af14ad39a1e5de6379cc43","plugins/discovery-gce/src/test/java/org/elasticsearch/discovery/gce/GceDiscoveryTests.java","7","0","2","17","187","258","1"
"elasticsearch","952feb58e41bd0220784c44136b840ea4a740e26","core/src/test/java/org/elasticsearch/search/aggregations/bucket/TermsShardMinDocCountIT.java","7","0","2","2","119","161","1"
"elasticsearch","e7d352b489272a87b05019869857656de7fb82fc","core/src/test/java/org/elasticsearch/search/aggregations/bucket/TermsShardMinDocCountIT.java","7","0","2","2","120","162","0"
"elasticsearch","f3e578f9428ba91dd44aedc86e1fe23510fb7446","core/src/main/java/org/elasticsearch/search/aggregations/bucket/significant/heuristics/SignificanceHeuristic.java","7","0","2","2","24","61","1"
"elasticsearch","e579629b16c336cf264a04fa2c3ba589bc82f634","modules/transport-netty4/src/main/java/org/elasticsearch/http/netty4/pipelining/HttpPipeliningHandler.java","7","0","2","2","59","112","1"
"elasticsearch","708d11f54a62946c35459c6c004d14b61fb54917","modules/transport-netty4/src/main/java/org/elasticsearch/http/netty4/pipelining/HttpPipeliningHandler.java","7","0","2","2","60","106","0"
"elasticsearch","22292e8d964d2b7239f0fc306ea91692bdbc8b1e","modules/transport-netty4/src/main/java/org/elasticsearch/http/netty4/pipelining/HttpPipeliningHandler.java","7","0","2","2","60","124","1"
"elasticsearch","3e69c38dbd2aa319b5b199d2931125b93f59514a","modules/transport-netty4/src/main/java/org/elasticsearch/http/netty4/pipelining/HttpPipeliningHandler.java","7","0","2","2","61","126","0"
"elasticsearch","6f1ed8a3d1f55b7c2be0ee6deb1aee281a1858f5","modules/transport-netty4/src/main/java/org/elasticsearch/http/netty4/pipelining/HttpPipeliningHandler.java","7","0","2","2","63","109","1"
"elasticsearch","2e2e345dcb90e1ec1c48c6bb5348469fc514aea1","src/main/java/org/elasticsearch/discovery/DiscoverySettings.java","7","0","2","2","64","102","5"
"elasticsearch","598854dd72d7fb01a7e26a9dad065de3deaa5eb7","src/main/java/org/elasticsearch/discovery/DiscoverySettings.java","7","0","2","2","64","102","3"
"elasticsearch","adc0807c686b37bf1d96bd3eb9d26face380fe44","src/main/java/org/elasticsearch/discovery/DiscoverySettings.java","7","0","2","2","64","102","0"
"oryx","0c1bfe9ae796c2d7138b2f6b7f2d9de2f60dc015","app/oryx-app-serving/src/main/java/com/cloudera/oryx/app/serving/kmeans/model/KMeansServingModelManager.java","7","0","2","2","65","107","0"
"netty","6e5b25733f49d2ea843a89b4d547b856142212ec","microbench/src/main/java/io/netty/microbench/http2/Http2PriorityTreeBenchmark.java","7","0","2","2","71","110","1"
"oryx","2ca76e7a17cb7b04c628a6e7322fd66328caf514","oryx-common/src/test/java/com/cloudera/oryx/common/OryxTest.java","7","0","2","2","71","121","0"
"oryx","e0b8eb77d5771ae8f13d00fd85fa143144cb8f42","app/oryx-app-serving/src/main/java/com/cloudera/oryx/app/serving/rdf/model/RDFServingModelManager.java","7","0","2","2","84","129","0"
"orientdb","651d3e7bf092a289b0825affc1709b260f296cf7","core/src/test/java/com/orientechnologies/orient/core/metadata/schema/OClassImplTest.java","7","0","2","24","402","492","0"
"orientdb","1c0141a5ecebfbefde34996e82ece0116c681d31","core/src/test/java/com/orientechnologies/orient/core/metadata/schema/OClassImplTest.java","7","0","2","24","404","495","1"
"elasticsearch","25fd9e26c4fb042d6f6dea14efcd239577bdbbc4","core/src/main/java/org/elasticsearch/action/admin/indices/analyze/AnalyzeRequest.java","7","0","2","25","171","240","0"
"neo4j","222cc20feb0c344dc2cbd8f1da693b1898c77e88","enterprise/core-edge/src/main/java/org/neo4j/coreedge/catchup/tx/BatchingTxApplier.java","7","0","2","3","114","169","1"
"elasticsearch","770ccf421b468f518fffbd7671632569f49d59cb","modules/elasticsearch/src/main/java/org/elasticsearch/common/lucene/search/Queries.java","7","0","2","3","50","91","0"
"netty","d7d8503f5c14b9d5db31de094a2b3d0de7834564","codec/src/main/java/io/netty/handler/codec/marshalling/CompatibleMarshallingDecoder.java","7","0","2","3","56","102","0"
"Android-Universal-Image-Loader","01fb567d898a5e23c6c620cac4ad5b16c13c3c03","library/src/com/nostra13/universalimageloader/cache/memory/LimitedMemoryCache.java","7","0","2","3","58","110","1"
"Android-Universal-Image-Loader","e4c86729327074e1cf399e390206b69332371c07","library/src/com/nostra13/universalimageloader/cache/memory/LimitedMemoryCache.java","7","0","2","3","61","113","0"
"elasticsearch","371c73e14023917f3892090d2d3d7ff9ac1216b9","core/src/main/java/org/elasticsearch/index/query/MatchAllQueryBuilder.java","7","0","2","3","73","114","3"
"elasticsearch","78574d248cf10dad1c5a566fda79e1e0c94afe43","core/src/main/java/org/elasticsearch/index/query/MatchAllQueryBuilder.java","7","0","2","3","73","114","2"
"elasticsearch","e6aaaf11ed4a1b8f595f920de1840938eddb7a97","core/src/main/java/org/elasticsearch/index/query/MatchAllQueryBuilder.java","7","0","2","3","73","114","2"
"elasticsearch","a60b8948ba1d836a6eac7cff095519e618939ed8","core/src/main/java/org/elasticsearch/index/query/MatchAllQueryBuilder.java","7","0","2","3","73","114","0"
"elasticsearch","371c73e14023917f3892090d2d3d7ff9ac1216b9","core/src/main/java/org/elasticsearch/index/query/MatchNoneQueryBuilder.java","7","0","2","3","73","115","3"
"elasticsearch","78574d248cf10dad1c5a566fda79e1e0c94afe43","core/src/main/java/org/elasticsearch/index/query/MatchNoneQueryBuilder.java","7","0","2","3","73","115","2"
"elasticsearch","e6aaaf11ed4a1b8f595f920de1840938eddb7a97","core/src/main/java/org/elasticsearch/index/query/MatchNoneQueryBuilder.java","7","0","2","3","73","115","2"
"elasticsearch","a60b8948ba1d836a6eac7cff095519e618939ed8","core/src/main/java/org/elasticsearch/index/query/MatchNoneQueryBuilder.java","7","0","2","3","73","115","0"
"hazelcast","f963f01955d48c55538ee86b08004a22232a050b","hazelcast-client/src/test/java/com/hazelcast/client/ClientIssueTest.java","7","0","2","4","116","170","1"
"hazelcast","1b9efc8904701294f87a0ee55b084bb9b203cd67","hazelcast-client/src/test/java/com/hazelcast/client/ClientIssueTest.java","7","0","2","4","116","175","0"
"elasticsearch","828d8c775409826f1caf0258b2f6c45ea6ece53a","core/src/main/java/org/elasticsearch/common/lucene/search/function/FieldValueFactorFunction.java","7","0","2","4","126","168","0"
"elasticsearch","78574d248cf10dad1c5a566fda79e1e0c94afe43","core/src/main/java/org/elasticsearch/cluster/health/ClusterHealthStatus.java","7","0","2","4","47","86","1"
"elasticsearch","e6aaaf11ed4a1b8f595f920de1840938eddb7a97","core/src/main/java/org/elasticsearch/cluster/health/ClusterHealthStatus.java","7","0","2","4","47","86","1"
"elasticsearch","a60b8948ba1d836a6eac7cff095519e618939ed8","core/src/main/java/org/elasticsearch/cluster/health/ClusterHealthStatus.java","7","0","2","4","47","86","0"
"netty","3482651e0c29edfa02f189751c704ebe4fe8f54c","codec-http2/src/test/java/io/netty/handler/codec/http2/DefaultHttp2ConnectionTest.java","7","0","2","40","519","639","0"
"hazelcast","b2a15f1f145952b9ba42aede9fc48a3e44ee6791","hazelcast/src/test/java/com/hazelcast/query/SqlPredicateTest.java","7","0","2","44","522","613","1"
"neo4j","74a1a9548eb21aa21d3b16f5433017523684b770","community/kernel/src/test/java/org/neo4j/test/DatabaseRule.java","7","0","2","49","364","468","1"
"hazelcast","3f7fe149b46863191307baa8ab504a6eaf77b0cc","hazelcast-client/src/test/java/com/hazelcast/client/ClientIssueTest.java","7","0","2","5","122","179","1"
"elasticsearch","0c9431499671d214d2c64931779a00b50cf7e9c4","src/test/java/org/elasticsearch/search/aggregations/bucket/FilterTests.java","7","0","2","5","138","188","0"
"elasticsearch","7ab0e2c5321c802068d85c0fa3a0f44e0b02c5a4","core/src/test/java/org/elasticsearch/search/aggregations/bucket/FilterIT.java","7","0","2","5","139","189","1"
"elasticsearch","d84c643f5880a88d2e5c38b487123161f3e01fe0","core/src/test/java/org/elasticsearch/index/mapper/multifield/MultiFieldTests.java","7","0","2","5","194","255","0"
"elasticsearch","9080f51340b1b26f8bd171b4c82de8d87ad42b55","core/src/test/java/org/elasticsearch/index/mapper/multifield/MultiFieldTests.java","7","0","2","5","196","257","1"
"hazelcast","4d1ed95af678b60a479a0f0148855404e05cca05","hazelcast/src/main/java/com/hazelcast/spi/impl/DelegatingMigrationAwareService.java","7","0","2","5","51","89","0"
"hazelcast","bef9eaaee45912483a17edfa9bf8c70c0d515419","hazelcast/src/main/java/com/hazelcast/spi/impl/DelegatingMigrationAwareService.java","7","0","2","5","51","89","0"
"hazelcast","96d2da68ad978e12b54a44bff7c351ada8a01ea7","hazelcast/src/main/java/com/hazelcast/spi/impl/CountingMigrationAwareService.java","7","0","2","5","51","89","1"
"elasticsearch","046abdc281c321cd2128ee7684c0edfcaca07203","core/src/main/java/org/elasticsearch/search/aggregations/bucket/histogram/DateHistogramAggregationBuilder.java","7","0","2","5","85","128","3"
"elasticsearch","3aed047bdedde1bda189cbfc2f81e65af42e57c5","core/src/main/java/org/elasticsearch/index/query/functionscore/ScriptScoreFunctionBuilder.java","7","0","2","5","88","131","0"
"elasticsearch","6174e21f47244b6d5153d7d0cc1fe28fe863399d","core/src/main/java/org/elasticsearch/index/query/functionscore/ScriptScoreFunctionBuilder.java","7","0","2","5","89","132","1"
"elasticsearch","b326f0bc513f5a0c4d13e51387b2b580dd8accf3","core/src/main/java/org/elasticsearch/common/util/concurrent/EsThreadPoolExecutor.java","7","0","2","5","93","146","1"
"elasticsearch","6ecb0234685c180223a866862bcd31b965e05783","core/src/main/java/org/elasticsearch/common/util/concurrent/EsThreadPoolExecutor.java","7","0","2","5","99","153","0"
"neo4j","dc4c2d96ee965fb6411950e6a767a3527872d698","community/kernel/src/test/java/org/neo4j/test/DatabaseRule.java","7","0","2","50","371","476","0"
"hazelcast","3aebc8d474501cbcb45fbcc77790438437e3684b","hazelcast-client/src/test/java/com/hazelcast/client/ClientIssueTest.java","7","0","2","6","129","189","1"
"hazelcast","1c7750f426c0b90c0ac107b404ecbb8b7d33553d","hazelcast-client/src/test/java/com/hazelcast/client/ClientIssueTest.java","7","0","2","6","132","196","2"
"junit","35c8fd373965ab1b06d63e5c3bbc5d9f2c356ec4","src/main/java/org/junit/runners/model/MultipleFailureException.java","7","0","2","6","54","93","0"
"elasticsearch","6c34452409d2cc468daced1811db60cd81c6fe95","core/src/main/java/org/elasticsearch/search/fetch/innerhits/InnerHitsFetchSubPhase.java","7","0","2","6","83","118","0"
"elasticsearch","de7d3cf7525af9aa28b50c2ac69de000c1881b77","core/src/main/java/org/elasticsearch/discovery/DiscoveryService.java","7","0","2","6","91","140","0"
"hazelcast","bba4979a94183c948f76728c51843be7504a238a","hazelcast/src/test/java/com/hazelcast/map/MapIndexBackupTest.java","7","0","2","7","129","163","0"
"hazelcast","95b93d3d6a2eef3a75a7dae3cd2cbb53d02628a3","hazelcast/src/test/java/com/hazelcast/map/MapIndexBackupTest.java","7","0","2","7","130","163","1"
"elasticsearch","c7bb784b086c915cf6b46e7c6f59fcbf66af6c95","src/main/java/org/elasticsearch/index/query/TemplateQueryParser.java","7","0","2","7","76","124","0"
"elasticsearch","d8f0f7077fe0da1bd634970f45f2fd678f916a78","src/main/java/org/elasticsearch/index/query/TemplateQueryParser.java","7","0","2","7","77","125","1"
"orientdb","63cfd813d7a3a48371b727451e91f38fbfa838e9","core/src/main/java/com/orientechnologies/orient/core/engine/local/OEngineLocalPaginated.java","7","0","2","7","79","129","0"
"elasticsearch","2a844fc457a38650de3aa13ec07e4e8904646e6b","src/main/java/org/elasticsearch/search/aggregations/AggregatorFactories.java","7","0","2","7","79","132","0"
"elasticsearch","17c06f06ba4e86504bd3b24a47198bc30536572c","src/main/java/org/elasticsearch/search/aggregations/AggregatorFactories.java","7","0","2","7","84","141","1"
"elasticsearch","2c1c5c163f24183ce4275c0190f11f85f6ee8311","src/main/java/org/elasticsearch/common/util/concurrent/EsExecutors.java","7","0","2","7","97","158","0"
"elasticsearch","c9b0e1de6cbd9acbc9a817a6d24b16d93005b9df","src/main/java/org/elasticsearch/common/util/concurrent/EsExecutors.java","7","0","2","7","98","159","0"
"elasticsearch","e47de1f8094eae3721432ebdd12e7db446433a35","src/main/java/org/elasticsearch/common/util/concurrent/EsExecutors.java","7","0","2","7","98","164","0"
"hazelcast","99344e4604fff9b95f06ca2a358b10a130b726a3","hazelcast/src/test/java/com/hazelcast/internal/networking/nonblocking/SelectionKeysSetTest.java","7","0","2","9","118","170","0"
"hazelcast","772b5217030e0fb94bf07a00d9b5e7b275a82030","hazelcast/src/main/java/com/hazelcast/query/impl/QueryEntry.java","7","0","2","9","64","117","0"
"hazelcast","d568e4d926d925d57d4e79e34614390416749301","hazelcast/src/main/java/com/hazelcast/query/impl/QueryEntry.java","7","0","2","9","64","117","0"
"hazelcast","70d4de16ff0ac4518d09aad8c9f2ad9e782fb337","hazelcast/src/main/java/com/hazelcast/query/impl/QueryEntry.java","7","0","2","9","64","117","1"
"hazelcast","21586825d367940e1c79cf289e97310daab1200d","hazelcast/src/main/java/com/hazelcast/query/impl/QueryEntry.java","7","0","2","9","64","118","1"
"elasticsearch","7c27d53ee15b4fd411b71a049a204d826960c910","src/test/java/org/elasticsearch/repositories/azure/AzureStorageServiceMock.java","7","0","2","9","88","137","2"
"hazelcast","92886bbcab41a65100440aa458dbbf17561aa3a0","hazelcast/src/main/java/com/hazelcast/config/NearCacheConfig.java","7","0","23","13","233","502","0"
"hazelcast","205f602bb18d7aa8379fd69bc6de7040e6124849","hazelcast/src/main/java/com/hazelcast/config/NearCacheConfig.java","7","0","24","12","235","507","1"
"hazelcast","88ad8dafc7e1f8dbc8ed9cd2e8a708933046dc50","hazelcast/src/main/java/com/hazelcast/config/NearCacheConfig.java","7","0","24","12","236","508","0"
"junit","45eaab756edc8913b1c74e87ef3b519da6afa5fc","src/main/java/org/junit/runners/Parameterized.java","7","0","3","0","109","178","0"
"hazelcast","1a22837da15f024b539ecb3a5dbdc2f44d3233f2","hazelcast/src/main/java/com/hazelcast/util/OperatingSystemMXBeanSupport.java","7","0","3","0","40","83","0"
"hazelcast","26c32bb80eb7d8a961a3fe97350b6cd647b68c05","hazelcast/src/main/java/com/hazelcast/util/scheduler/CoalescingDelayedTrigger.java","7","0","3","0","50","99","0"
"netty","a51e2c87697bb57fede3744a8f3280791be3fa70","resolver/src/main/java/io/netty/resolver/AddressResolverGroup.java","7","0","3","0","64","114","1"
"netty","0f3d47199b95098b04ee774eb2730c2812bf4dd0","resolver/src/main/java/io/netty/resolver/AddressResolverGroup.java","7","0","3","0","66","116","0"
"netty","e6ca9882a107c34cf6358c8d7a68561025f06016","codec-http/src/main/java/io/netty/handler/codec/http/websocketx/WebSocketServerHandshaker13.java","7","0","3","0","66","166","1"
"netty","ba6ce5449ee852b782dde9a11933f6a09b123e22","codec-http/src/main/java/io/netty/handler/codec/http/websocketx/WebSocketServerHandshaker13.java","7","0","3","0","66","167","0"
"netty","e6ca9882a107c34cf6358c8d7a68561025f06016","codec-http/src/main/java/io/netty/handler/codec/http/websocketx/WebSocketServerHandshaker08.java","7","0","3","0","66","168","1"
"netty","ba6ce5449ee852b782dde9a11933f6a09b123e22","codec-http/src/main/java/io/netty/handler/codec/http/websocketx/WebSocketServerHandshaker08.java","7","0","3","0","66","169","0"
"netty","e6ca9882a107c34cf6358c8d7a68561025f06016","codec-http/src/main/java/io/netty/handler/codec/http/websocketx/WebSocketServerHandshaker07.java","7","0","3","0","67","169","1"
"netty","ba6ce5449ee852b782dde9a11933f6a09b123e22","codec-http/src/main/java/io/netty/handler/codec/http/websocketx/WebSocketServerHandshaker07.java","7","0","3","0","67","170","0"
"elasticsearch","eb956e7c091a02924c9a640d5a17d389f0e5ff3b","src/main/java/org/elasticsearch/common/lucene/BytesRefs.java","7","0","3","1","32","66","0"
"netty","695665a4cfc1259971321a050ad38146126eafc1","handler/src/main/java/io/netty/handler/timeout/WriteTimeoutHandler.java","7","0","3","1","59","143","0"
"netty","6ee5341cdfa397a7b2ca123b0f8a5f3170133429","handler/src/main/java/io/netty/handler/timeout/WriteTimeoutHandler.java","7","0","3","1","66","152","1"
"hazelcast","7e9aaf983ea251e7252a8ed8cd1ea0b00cad40cf","hazelcast-hibernate/hazelcast-hibernate3/src/main/java/com/hazelcast/hibernate/serialization/ExpiryMarker.java","7","0","3","11","95","165","1"
"netty","a3e496a521550669b48a7d027b4098107f07c30f","codec-http/src/main/java/io/netty/handler/codec/http/websocketx/WebSocketServerProtocolHandler.java","7","0","3","12","137","209","1"
"netty","e70fbe316d63c28c81e175095297b2205e656eca","codec-http/src/main/java/io/netty/handler/codec/http/websocketx/WebSocketServerProtocolHandler.java","7","0","3","12","138","210","0"
"elasticsearch","952feb58e41bd0220784c44136b840ea4a740e26","core/src/main/java/org/elasticsearch/search/aggregations/bucket/terms/LongTerms.java","7","0","3","13","123","178","1"
"elasticsearch","e7d352b489272a87b05019869857656de7fb82fc","core/src/main/java/org/elasticsearch/search/aggregations/bucket/terms/LongTerms.java","7","0","3","13","124","179","0"
"netty","f3dd4101425165496490f9c975ca2e556773c663","transport/src/main/java/io/netty/channel/DefaultMaxMessagesRecvByteBufAllocator.java","7","0","3","13","89","133","0"
"antlr4","2ffb12028a9eefcf7fa4bc617e10e05eb3c05d5c","runtime/Java/src/org/antlr/v4/runtime/tree/gui/PostScriptDocument.java","7","0","3","16","141","212","1"
"antlr4","e0e6e0a94c09b6a2a3528bd7f30d0514e6964418","runtime/Java/src/org/antlr/v4/runtime/tree/gui/PostScriptDocument.java","7","0","3","16","142","213","0"
"elasticsearch","66e3b15d21e183d652cce79c38301feedf7eb0a3","plugins/discovery-gce/src/test/java/org/elasticsearch/discovery/gce/GceDiscoveryTests.java","7","0","3","17","196","271","0"
"elasticsearch","149ef74b26bb33d3a1d3c1c45c481a01345cd764","core/src/main/java/org/elasticsearch/common/xcontent/AbstractObjectParser.java","7","0","3","17","93","154","0"
"netty","d3c270b0b562fb575a9a15c742542cb797af6ca1","common/src/main/java/io/netty/util/internal/DetectionUtil.java","7","0","3","2","107","169","1"
"netty","d9d8acf3311590f31197893427c6a24c5fe485ba","common/src/main/java/io/netty/util/internal/DetectionUtil.java","7","0","3","2","108","170","1"
"netty","2adebc4c54ae98565db8e2a3c02b2ffaa0c101fe","common/src/main/java/io/netty/util/internal/DetectionUtil.java","7","0","3","2","110","173","1"
"elasticsearch","37e20c6f340fcfa745e3605cc1ed0b89070c8f45","core/src/main/java/org/elasticsearch/action/index/TransportIndexAction.java","7","0","3","2","146","204","0"
"elasticsearch","25fd9e26c4fb042d6f6dea14efcd239577bdbbc4","core/src/main/java/org/elasticsearch/action/index/TransportIndexAction.java","7","0","3","2","148","207","0"
"netty","1d061bbb27ca32995d2bf46c0385296889be4c35","codec-socks/src/main/java/io/netty/handler/codec/socks/SocksAuthRequest.java","7","0","3","2","45","84","1"
"netty","a97e413a659b8f576112eae803d3a7c6314e36f8","codec-socks/src/main/java/io/netty/handler/codec/socks/SocksAuthRequest.java","7","0","3","2","45","84","1"
"netty","d8658989e1a9a998373886738a17ba8cc9e270ae","codec-socks/src/main/java/io/netty/handler/codec/socks/SocksAuthRequest.java","7","0","3","2","45","84","1"
"netty","e2d4e222431014506d592af7d379824e21034970","codec-socks/src/main/java/io/netty/handler/codec/socks/SocksAuthRequest.java","7","0","3","2","45","84","0"
"hazelcast","e4f7959a373b0263506a00fa6941d0020407e6fd","hazelcast/src/main/java/com/hazelcast/client/impl/protocol/util/ClientMessageBuilder.java","7","0","3","2","53","86","1"
"hazelcast","4c1b1b779a2a777ec65393b7af9a0dc4e31d82f5","hazelcast/src/main/java/com/hazelcast/client/impl/protocol/util/ClientMessageBuilder.java","7","0","3","2","53","87","0"
"hazelcast","1ae74b0c6ad91b97d709bb13a7d781a86bb3ce68","hazelcast/src/main/java/com/hazelcast/client/impl/protocol/util/ClientMessageReadHandler.java","7","0","3","2","63","114","0"
"netty","1f9d165583172bcb764827e259421e3a1f098802","handler/src/main/java/io/netty/handler/timeout/WriteTimeoutHandler.java","7","0","3","2","68","155","0"
"elasticsearch","2c386046f5c612b56ca0319429a17169de4f99c8","src/main/java/org/elasticsearch/cloud/aws/network/Ec2NameResolver.java","7","0","3","2","74","141","1"
"elasticsearch","75ced057ed17c5b3473795b24338815ab49f3336","plugins/cloud-aws/src/main/java/org/elasticsearch/cloud/aws/network/Ec2NameResolver.java","7","0","3","2","75","142","2"
"elasticsearch","68307aa9f3636bdccd1f1ca90f1d0fd640a019a5","plugins/cloud-aws/src/main/java/org/elasticsearch/cloud/aws/network/Ec2NameResolver.java","7","0","3","2","75","143","0"
"elasticsearch","5616251f22be3824e44f634de83934e7157a8f29","core/src/main/java/org/elasticsearch/search/profile/AbstractInternalProfileTree.java","7","0","3","2","91","209","1"
"elasticsearch","349b7a3a8b33401038af4840bf9abf79e292ff53","src/main/java/org/elasticsearch/watcher/ResourceWatcherService.java","7","0","3","2","98","165","1"
"elasticsearch","1f04182b8164ffb19f3805c48d67f0375262b317","core/src/main/java/org/elasticsearch/action/explain/ExplainRequest.java","7","0","3","20","143","205","0"
"elasticsearch","e1efd5f6baf8dec1c23c79b346b8a29f234a98bb","core/src/main/java/org/elasticsearch/action/explain/ExplainRequest.java","7","0","3","21","143","205","0"
"elasticsearch","3274e7ea6fd74073c30e5194c3447b1707e8b708","src/main/java/org/elasticsearch/search/lookup/SourceLookup.java","7","0","3","24","150","212","1"
"elasticsearch","5763b2468669896ce69b7f728626a8c844f4aba4","src/main/java/org/elasticsearch/search/lookup/SourceLookup.java","7","0","3","25","153","216","0"
"netty","81e2db10faaf0389f4e1af8c7132210946203157","common/src/main/java/io/netty/util/internal/DetectionUtil.java","7","0","3","3","128","196","0"
"BroadleafCommerce","69210a32ed73de6f9cc002c897cc8c24c840fb1b","core/broadleaf-framework-web/src/main/java/org/broadleafcommerce/core/web/order/security/CartStateRequestProcessor.java","7","0","3","3","73","138","3"
"elasticsearch","371c73e14023917f3892090d2d3d7ff9ac1216b9","core/src/main/java/org/elasticsearch/search/aggregations/bucket/nested/NestedAggregationBuilder.java","7","0","3","3","86","138","4"
"elasticsearch","94bc489275d4462a8b2520f6d3ef4f70dc1d6e99","core/src/main/java/org/elasticsearch/search/aggregations/bucket/nested/NestedAggregationBuilder.java","7","0","3","3","88","140","1"
"hazelcast","bb3ea0e107980d769862cdbda748cc91529d67b5","hazelcast-ra/hazelcast-jca/src/main/java/com/hazelcast/jca/HazelcastConnectionImpl.java","7","0","3","48","291","390","0"
"hazelcast","0e5939bbae0fdb1e0bcf9a30bd22483c40519cbc","hazelcast-ra/hazelcast-jca/src/main/java/com/hazelcast/jca/HazelcastConnectionImpl.java","7","0","3","49","295","395","1"
"hazelcast","3da850bf11f1ca129bd489c040336e867c40997b","hazelcast/src/main/java/com/hazelcast/spi/impl/DelegatingMigrationAwareService.java","7","0","3","5","64","119","0"
"elasticsearch","3917ffc0ffeba987b38c54a1aafae94f57e7d5bc","src/main/java/org/elasticsearch/discovery/DiscoveryService.java","7","0","3","5","88","140","3"
"elasticsearch","c71da4b999705e5ab367bceefbab51b81e755283","core/src/main/java/org/elasticsearch/discovery/DiscoveryService.java","7","0","3","6","94","148","1"
"elasticsearch","598854dd72d7fb01a7e26a9dad065de3deaa5eb7","src/main/java/org/elasticsearch/discovery/DiscoveryService.java","7","0","3","6","95","149","0"
"hazelcast","baf42d6be2a1e6fa0a9532d61cc2b4e56c48f110","hazelcast/src/test/java/com/hazelcast/spi/impl/operationservice/impl/BackpressureRegulatorStressTest.java","7","0","3","7","326","404","1"
"hazelcast","b5c65438c6e64b0c0c7e47d409ce81587d047b69","hazelcast-client/src/main/java/com/hazelcast/client/config/ClientNetworkConfig.java","7","0","30","0","148","367","1"
"hazelcast","d9142a21241c88b869ca91e0fd9ba97cfcf873c5","hazelcast-client/src/main/java/com/hazelcast/client/config/ClientNetworkConfig.java","7","0","30","0","148","367","1"
"hazelcast","592185490d2c3401d8a58d96310cb914db6362e5","hazelcast-client/src/main/java/com/hazelcast/client/config/ClientNetworkConfig.java","7","0","30","0","148","367","0"
"elasticsearch","9944a594b10d5cfa34fcf2fa8ed45ca6d52345fe","core/src/main/java/org/elasticsearch/search/aggregations/bucket/significant/heuristics/SignificanceHeuristic.java","7","0","4","0","26","73","0"
"oryx","08aa247a098e6225c8499b18f9ffb667856cd7c3","app/oryx-app-common/src/main/java/com/cloudera/oryx/app/kmeans/KMeansUtils.java","7","0","4","0","45","88","0"
"netty","3f72add89a41b3d94309bccb0d253515c0543b65","codec-http/src/main/java/io/netty/handler/codec/http/websocketx/WebSocketServerHandshaker08.java","7","0","4","0","78","181","0"
"netty","3f72add89a41b3d94309bccb0d253515c0543b65","codec-http/src/main/java/io/netty/handler/codec/http/websocketx/WebSocketServerHandshaker13.java","7","0","4","0","79","181","0"
"netty","5ffb495746e55c440273ec7cc4741ab28e1f9017","codec-http/src/main/java/io/netty/handler/codec/http/websocketx/WebSocketServerHandshaker08.java","7","0","4","0","79","183","0"
"netty","5ffb495746e55c440273ec7cc4741ab28e1f9017","codec-http/src/main/java/io/netty/handler/codec/http/websocketx/WebSocketServerHandshaker13.java","7","0","4","0","80","183","0"
"elasticsearch","371c73e14023917f3892090d2d3d7ff9ac1216b9","core/src/main/java/org/elasticsearch/indices/IndicesModule.java","7","0","4","1","127","179","3"
"elasticsearch","d84c643f5880a88d2e5c38b487123161f3e01fe0","core/src/main/java/org/elasticsearch/indices/IndicesModule.java","7","0","4","1","130","182","0"
"elasticsearch","a60b8948ba1d836a6eac7cff095519e618939ed8","core/src/main/java/org/elasticsearch/indices/IndicesModule.java","7","0","4","1","131","183","0"
"elasticsearch","78574d248cf10dad1c5a566fda79e1e0c94afe43","core/src/main/java/org/elasticsearch/action/index/TransportIndexAction.java","7","0","4","1","156","222","2"
"elasticsearch","a60b8948ba1d836a6eac7cff095519e618939ed8","core/src/main/java/org/elasticsearch/action/index/TransportIndexAction.java","7","0","4","1","157","222","1"
"Android-Universal-Image-Loader","dcb5e7982e71f76bf5aac5830e18c713839ff478","library/src/com/nostra13/universalimageloader/core/display/FadeInBitmapDisplayer.java","7","0","4","1","37","84","1"
"elasticsearch","a9169e536baff048b50700c6b1daefa6986b6153","core/src/main/java/org/elasticsearch/common/xcontent/AbstractObjectParser.java","7","0","4","16","96","237","1"
"elasticsearch","d26becc040036b625dde751704d7537742c97e09","core/src/main/java/org/elasticsearch/common/xcontent/AbstractObjectParser.java","7","0","4","17","97","239","0"
"elasticsearch","0a526be3440406e2a1e6bad4b86f4e93f5467029","core/src/main/java/org/elasticsearch/index/query/WildcardQueryBuilder.java","7","0","4","2","48","106","0"
"elasticsearch","0a526be3440406e2a1e6bad4b86f4e93f5467029","core/src/main/java/org/elasticsearch/index/query/PrefixQueryBuilder.java","7","0","4","2","48","96","0"
"hazelcast","4a488992e08798ae42140d1bfbe29ade0b957d40","hazelcast/src/main/java/com/hazelcast/cache/impl/CacheService.java","7","0","4","2","53","125","1"
"elasticsearch","371c73e14023917f3892090d2d3d7ff9ac1216b9","core/src/main/java/org/elasticsearch/search/aggregations/pipeline/bucketmetrics/BucketMetricsPipelineAggregatorBuilder.java","7","0","4","2","93","150","3"
"elasticsearch","6b23ee80404ea8cb143abd776968854e263275b9","core/src/main/java/org/elasticsearch/search/aggregations/pipeline/bucketmetrics/BucketMetricsPipelineAggregationBuilder.java","7","0","4","2","93","150","2"
"elasticsearch","78574d248cf10dad1c5a566fda79e1e0c94afe43","core/src/main/java/org/elasticsearch/search/aggregations/pipeline/bucketmetrics/BucketMetricsPipelineAggregatorBuilder.java","7","0","4","2","93","150","2"
"elasticsearch","e6aaaf11ed4a1b8f595f920de1840938eddb7a97","core/src/main/java/org/elasticsearch/search/aggregations/pipeline/bucketmetrics/BucketMetricsPipelineAggregatorBuilder.java","7","0","4","2","93","150","2"
"elasticsearch","a60b8948ba1d836a6eac7cff095519e618939ed8","core/src/main/java/org/elasticsearch/search/aggregations/pipeline/bucketmetrics/BucketMetricsPipelineAggregatorBuilder.java","7","0","4","2","93","150","0"
"elasticsearch","d1be2ecfdb0910f1c365ec3d51958a4434b33eb9","core/src/main/java/org/elasticsearch/action/support/tasks/BaseTasksResponse.java","7","0","4","3","64","107","0"
"elasticsearch","2fb4a0d40cbb96cd642c8b332806aca3b17c6aec","core/src/main/java/org/elasticsearch/action/support/tasks/BaseTasksResponse.java","7","0","4","4","66","110","1"
"hazelcast","1f042b8c4a4245594691bb6d85a66ceed9b43068","hazelcast/src/main/java/com/hazelcast/map/impl/nearcache/NearCacheProvider.java","7","0","4","4","86","136","1"
"hazelcast","2a2bc33f3dcf073d0ebcffe55d7ba18747ded76f","hazelcast/src/main/java/com/hazelcast/map/impl/nearcache/NearCacheProvider.java","7","0","4","4","86","136","1"
"hazelcast","52a52795addfbb1fa317d0716c26a6320e6cf422","hazelcast/src/main/java/com/hazelcast/map/impl/nearcache/NearCacheProvider.java","7","0","4","4","86","136","2"
"hazelcast","7db53c0a19c56ae9c88038c5bf9e46075c9213e0","hazelcast/src/main/java/com/hazelcast/map/impl/nearcache/NearCacheProvider.java","7","0","4","4","86","136","1"
"hazelcast","d9173aa8d1e548b218470462551e76d92f4d2576","hazelcast/src/main/java/com/hazelcast/map/impl/nearcache/NearCacheProvider.java","7","0","4","4","86","136","2"
"hazelcast","2921cff694583b8638dae2991f427e61d5440a9d","hazelcast/src/main/java/com/hazelcast/map/impl/nearcache/NearCacheProvider.java","7","0","4","4","86","136","0"
"hazelcast","62a2d7a2993e205acd37a462f8c7f9fe10f29dee","hazelcast/src/main/java/com/hazelcast/map/impl/nearcache/NearCacheProvider.java","7","0","4","4","86","136","0"
"hazelcast","73169d6f336cdba096477afe2951c98595b7a185","hazelcast/src/main/java/com/hazelcast/map/impl/nearcache/NearCacheProvider.java","7","0","4","4","88","139","1"
"hazelcast","7fd1bf93109d765ddb8bcbf38a1d7109bd5caa8e","hazelcast/src/main/java/com/hazelcast/map/impl/nearcache/NearCacheProvider.java","7","0","4","5","88","139","0"
"elasticsearch","b11d4a58714f1a82dcf33909e26de163289560ec","src/main/java/org/elasticsearch/script/mustache/MustacheScriptEngineService.java","7","0","4","6","114","195","1"
"elasticsearch","82e9a4e80a398d7cfc729347a1f3e8b34f2aa17c","src/main/java/org/elasticsearch/script/mustache/MustacheScriptEngineService.java","7","0","4","7","117","199","1"
"elasticsearch","3f18487afa4156c8418922256ed5583dfeafb716","core/src/test/java/org/elasticsearch/index/mapper/string/SimpleStringMappingTests.java","7","0","4","9","450","561","2"
"BroadleafCommerce","30307d8a394bb6e772626ac4bb3f97141e850953","common/src/main/java/org/broadleafcommerce/common/util/BLCRequestUtils.java","7","0","5","0","37","94","0"
"elasticsearch","1ab4e0cba4ea4e9c242cefa41ecb3e38d5c29f22","core/src/main/java/org/elasticsearch/common/logging/DeprecationLogger.java","7","0","5","0","54","143","1"
"elasticsearch","2fb0466f669b030dfdd3cf0f876f4f4a98560781","core/src/main/java/org/elasticsearch/common/logging/DeprecationLogger.java","7","0","5","0","54","143","1"
"elasticsearch","f16c308efdab50a2a62db6aba0a3ad2c23ef0f63","core/src/main/java/org/elasticsearch/common/logging/DeprecationLogger.java","7","0","5","0","54","143","0"
"elasticsearch","5910b17ece360ab03cb86cbfa46bd822c6e0da6b","src/main/java/org/elasticsearch/common/geo/builders/PointCollection.java","7","0","5","0","56","130","1"
"elasticsearch","06667c6aa898895acd624b8a71a6e00ff7ae32b8","src/main/java/org/elasticsearch/common/geo/builders/PointCollection.java","7","0","5","0","57","130","0"
"netty","ccd1d777144d88edd78cb25c17887347d2b80bb2","common/src/main/java/io/netty/util/ResourceLeakDetectorFactory.java","7","0","5","0","80","145","1"
"elasticsearch","1e251bba2d97046870c4ede43d014f8b4cbfc49f","core/src/main/java/org/elasticsearch/common/lucene/ShardCoreKeyMap.java","7","0","5","1","67","135","1"
"neo4j","21dc057a8a68245281a22d7bdb8da5ae2103f057","enterprise/core-edge/src/main/java/org/neo4j/coreedge/raft/state/id_allocation/IdAllocationState.java","7","0","5","10","98","170","0"
"BroadleafCommerce","7d560d620a49d701386f2644b3eff5ece2ae2ab6","common/src/main/java/org/broadleafcommerce/common/logging/SupportLogger.java","7","0","5","11","72","165","0"
"netty","73c4ad5f0a233844aa8629224c46d758a06225c1","codec-http2/src/main/java/io/netty/handler/codec/http2/DefaultHttp2DataFrame.java","7","0","5","18","118","186","0"
"elasticsearch","e34a35244cac6981b03d8c0a7f05e8a2f2942c55","src/main/java/org/elasticsearch/index/query/HasChildFilterBuilder.java","7","0","5","2","63","111","1"
"hazelcast","772b5217030e0fb94bf07a00d9b5e7b275a82030","hazelcast/src/test/java/com/hazelcast/query/impl/extractor/AbstractExtractionTest.java","7","0","5","3","91","164","0"
"hazelcast","21586825d367940e1c79cf289e97310daab1200d","hazelcast/src/test/java/com/hazelcast/query/impl/extractor/AbstractExtractionTest.java","7","0","5","3","92","167","1"
"hazelcast","de3a4990283f0c543f65b25e3e323c1045dc5025","hazelcast/src/main/java/com/hazelcast/spi/PartitionMigrationEvent.java","7","0","5","4","66","127","0"
"elasticsearch","7bbd2a151337670e62a458569bc5b07d0ae81f9c","core/src/main/java/org/elasticsearch/search/aggregations/bucket/geogrid/GeoHashGridBuilder.java","7","0","6","0","50","102","1"
"hazelcast","70d4de16ff0ac4518d09aad8c9f2ad9e782fb337","hazelcast/src/main/java/com/hazelcast/util/CollectionUtil.java","7","0","6","0","50","116","1"
"elasticsearch","9d10ffd54763675f1147f6a3024388d202185bdd","core/src/main/java/org/elasticsearch/action/ActionListener.java","7","0","6","0","53","109","0"
"elasticsearch","620536f85038d68522103d9cd91e4f3377773feb","core/src/main/java/org/elasticsearch/action/ActionListener.java","7","0","6","0","54","110","1"
"netty","62446827df079c8fc57d5c5dea915bca476eeb61","src/main/java/io/netty/bootstrap/ClientBootstrap.java","7","0","6","0","58","231","0"
"netty","f402350d76e764ee0667b1d02563abe53df7eb6a","codec-http/src/test/java/io/netty/handler/codec/http/multipart/HttpPostRequestDecoderTest.java","7","0","6","1","212","292","0"
"hazelcast","ec9060844513d2811d5bee8de0b8282e4becd97b","hazelcast/src/main/java/com/hazelcast/util/QuickMath.java","7","0","6","10","81","162","1"
"elasticsearch","6174e21f47244b6d5153d7d0cc1fe28fe863399d","core/src/test/java/org/elasticsearch/search/aggregations/bucket/DateRangeIT.java","7","0","6","11","678","870","2"
"elasticsearch","bb3a59fa705f5276143f7e9b8e1f06ef519987e6","core/src/test/java/org/elasticsearch/search/aggregations/bucket/DateRangeIT.java","7","0","6","12","713","916","2"
"elasticsearch","dc900a08a6c6f346656105fa0e2484ed186f8461","core/src/test/java/org/elasticsearch/index/query/TemplateQueryIT.java","7","0","6","13","387","504","0"
"elasticsearch","4b94eb5cb8cc4294ed0e932a5f22c16bd90d4dd7","core/src/main/java/org/elasticsearch/action/admin/cluster/health/ClusterHealthResponse.java","7","0","6","21","197","274","2"
"elasticsearch","860efb2ad28db09189c8423e05d0dba53010259c","core/src/main/java/org/elasticsearch/action/admin/cluster/health/ClusterHealthResponse.java","7","0","6","21","197","274","2"
"elasticsearch","d3417fb02291f26964d77767020ef345d18c148f","core/src/main/java/org/elasticsearch/action/admin/cluster/health/ClusterHealthResponse.java","7","0","6","21","197","274","0"
"netty","15611dadbbf8f8c217c03ce33da89beb54602023","codec-http2/src/main/java/io/netty/handler/codec/http2/Http2ServerUpgradeCodec.java","7","0","6","3","127","216","0"
"elasticsearch","78574d248cf10dad1c5a566fda79e1e0c94afe43","core/src/main/java/org/elasticsearch/action/admin/cluster/snapshots/status/SnapshotShardsStats.java","7","0","7","1","76","131","1"
"elasticsearch","e6aaaf11ed4a1b8f595f920de1840938eddb7a97","core/src/main/java/org/elasticsearch/action/admin/cluster/snapshots/status/SnapshotShardsStats.java","7","0","7","1","76","131","1"
"elasticsearch","a60b8948ba1d836a6eac7cff095519e618939ed8","core/src/main/java/org/elasticsearch/action/admin/cluster/snapshots/status/SnapshotShardsStats.java","7","0","7","1","76","131","0"
"elasticsearch","3aed047bdedde1bda189cbfc2f81e65af42e57c5","core/src/test/java/org/elasticsearch/search/aggregations/bucket/DateRangeIT.java","7","0","7","11","712","918","1"
"elasticsearch","25fd9e26c4fb042d6f6dea14efcd239577bdbbc4","core/src/main/java/org/elasticsearch/action/admin/indices/stats/CommonStatsFlags.java","7","0","7","16","162","241","0"
"elasticsearch","371c73e14023917f3892090d2d3d7ff9ac1216b9","core/src/main/java/org/elasticsearch/action/admin/cluster/health/ClusterHealthResponse.java","7","0","7","20","197","277","3"
"elasticsearch","78574d248cf10dad1c5a566fda79e1e0c94afe43","core/src/main/java/org/elasticsearch/action/admin/cluster/health/ClusterHealthResponse.java","7","0","7","20","197","277","2"
"elasticsearch","e6aaaf11ed4a1b8f595f920de1840938eddb7a97","core/src/main/java/org/elasticsearch/action/admin/cluster/health/ClusterHealthResponse.java","7","0","7","20","197","277","2"
"elasticsearch","a60b8948ba1d836a6eac7cff095519e618939ed8","core/src/main/java/org/elasticsearch/action/admin/cluster/health/ClusterHealthResponse.java","7","0","7","20","197","277","0"
"elasticsearch","db541d6fbe3daecec91bb7701aacfcd284662c2a","core/src/main/java/org/elasticsearch/common/rounding/Rounding.java","7","0","7","28","153","254","1"
"elasticsearch","7ce06aeb8ca108e45efba3923072766854a90a1e","core/src/main/java/org/elasticsearch/common/logging/DeprecationLogger.java","7","0","8","0","156","287","0"
"elasticsearch","09efdc31518e36dbf10bcffda6a61ff31794e1c3","core/src/main/java/org/elasticsearch/common/logging/DeprecationLogger.java","7","0","8","0","164","318","0"
"elasticsearch","2d523ace87617b25918dba13c4dd64c12a909f75","src/main/java/org/elasticsearch/index/query/GeoShapeQueryBuilder.java","7","0","8","0","78","166","1"
"elasticsearch","e0b8b58479e32b0a27e1eb1d45a56354000e8e6d","src/main/java/org/elasticsearch/index/query/GeoShapeQueryBuilder.java","7","0","8","0","79","168","0"
"elasticsearch","577e6a5e147d2222c7b618af3601adb3e3cedf39","core/src/main/java/org/elasticsearch/common/logging/DeprecationLogger.java","7","0","8","0","98","218","0"
"elasticsearch","1424f09c02927d9caada7f6ea45285b411d88d12","modules/lang-painless/src/main/java/org/elasticsearch/painless/PainlessScriptEngineService.java","7","0","8","1","106","217","0"
"hazelcast","96f37de7e28c0866d6d51f5975fff2198c4e9f50","hazelcast/src/main/java/com/hazelcast/config/JoinConfig.java","7","0","8","1","48","109","0"
"netty","2640832a38c105f2320efc8ab390b4985abbf90b","codec-http/src/main/java/io/netty/handler/codec/http/websocketx/CloseWebSocketFrame.java","7","0","8","1","59","147","1"
"elasticsearch","9c3898900dcd7a18dc8434be154493525569e542","src/main/java/org/elasticsearch/search/sort/FieldSortBuilder.java","7","0","8","1","66","138","1"
"BroadleafCommerce","b432bff0906548997886f1884d0909e1e0b6e434","common/src/main/java/org/broadleafcommerce/common/util/dao/TypedQueryBuilder.java","7","0","8","1","73","175","1"
"junit","e8b91fa9f797dfe16aff66ed6ad5d6104e5133fe","src/main/java/org/junit/rules/TemporaryFolder.java","7","0","8","2","70","131","1"
"netty","c987dd556e8a1286451eb498cb7592156f5b9b74","codec-http/src/main/java/io/netty/handler/codec/http/websocketx/CloseWebSocketFrame.java","7","0","8","3","69","159","0"
"elasticsearch","fc90c2affdcf7d8303444bf06ad6c70a9a761c00","core/src/main/java/org/elasticsearch/cluster/routing/AllocationId.java","7","0","8","5","75","153","1"
"elasticsearch","d733fb689b1a7182a5f62d482ee1080b1779eae5","core/src/main/java/org/elasticsearch/index/store/StoreFileMetaData.java","7","0","8","5","76","146","1"
"elasticsearch","529ad7fe79f4f2de4b84e408d488d2e347241e76","core/src/test/java/org/elasticsearch/common/network/NetworkServiceTests.java","7","0","9","0","70","131","0"
"elasticsearch","d32443bfb5fbf14ec51aeda8ace473f9905a5760","core/src/main/java/org/elasticsearch/index/query/GeoShapeQueryBuilder.java","7","0","9","0","83","187","1"
"elasticsearch","06b1d956f80912aaad4d367398a21e7744e67410","core/src/main/java/org/elasticsearch/index/merge/MergeStats.java","7","0","9","15","179","263","0"
"junit","28938e9c677dd4cf343ec4fcca9a668b5e930324","src/main/java/org/junit/rules/TemporaryFolder.java","7","0","9","2","73","139","0"
"elasticsearch","78608536e2962a09fe6a1718f7ec71bd2615eab3","src/main/java/org/elasticsearch/action/search/SearchRequestBuilder.java","7","0","94","17","502","1039","0"
"ceylon-ide-eclipse","1cfcc411e9affda9de0b72cd43a67f5ec3bb327a","plugins/com.redhat.ceylon.eclipse.ui/src/com/redhat/ceylon/eclipse/code/search/CeylonSearchResultTreeContentProvider.java","70","0","0","0","382","430","0"
"hazelcast","17bd5bcdf93ea2810c638dc6564a9c7ff9c3f231","hazelcast-client/src/main/java/com/hazelcast/client/cache/impl/AbstractClientInternalCacheProxy.java","70","0","0","0","601","727","1"
"hazelcast","34af1d4dcfbd18684efa025746c9963a0b4b85a2","hazelcast-client/src/main/java/com/hazelcast/client/connection/nio/ClientConnectionManagerImpl.java","70","0","0","18","578","678","2"
"hazelcast","a512d17503a9a5fca2b9ba57d3e7b23c921f2f96","hazelcast-client/src/main/java/com/hazelcast/client/connection/nio/ClientConnectionManagerImpl.java","70","0","0","18","578","678","2"
"hazelcast","f68ca8d3fc0960f5faace25206e7157a10616bbe","hazelcast-client/src/main/java/com/hazelcast/client/connection/nio/ClientConnectionManagerImpl.java","70","0","0","18","578","678","0"
"hazelcast","7996c29dd2838061a8b256b6dc1e332197e1f582","hazelcast/src/main/java/com/hazelcast/impl/ExecutorManager.java","70","0","0","18","623","720","0"
"hazelcast","efe1516e3d894017a3fc167596979c090726a2e7","hazelcast/src/main/java/com/hazelcast/impl/ExecutorManager.java","70","0","0","18","635","730","1"
"orientdb","b43eac5ee4b92c9327f3596c5c1986a6c29e1dfb","core/src/test/java/com/orientechnologies/orient/core/index/hashindex/local/cache/ReadWriteDiskCacheTest.java","70","0","0","19","615","823","0"
"orientdb","7d92a6b03b707e81490ef22a1fa23a1017918c3d","core/src/test/java/com/orientechnologies/orient/core/storage/cache/local/ReadWriteDiskCacheTest.java","70","0","0","19","616","823","0"
"orientdb","c65031e4a5cae04be6faeaeccb01fb18d3e5fb85","core/src/test/java/com/orientechnologies/orient/core/storage/cache/local/ReadWriteDiskCacheTest.java","70","0","0","19","618","825","1"
"orientdb","8ea8c35cd1f90229e8428d80f9d92035123b2dc3","core/src/main/java/com/orientechnologies/orient/core/db/record/ridbag/embedded/OEmbeddedRidBag.java","70","0","0","30","430","563","0"
"elasticsearch","c9e1ccf6106065b5fdeb2171a4fdd0f03c056af6","core/src/test/java/org/elasticsearch/snapshots/SharedClusterSnapshotRestoreIT.java","70","0","0","36","1670","2100","2"
"elasticsearch","0a69f1e283e26e5d9e6a000b68b9f4778de557a1","core/src/test/java/org/elasticsearch/snapshots/SharedClusterSnapshotRestoreIT.java","70","0","0","36","1673","2103","2"
"elasticsearch","a077f4a933b16b4b255ac46b1912eee9602b00c6","core/src/test/java/org/elasticsearch/snapshots/SharedClusterSnapshotRestoreIT.java","70","0","0","36","1673","2103","1"
"elasticsearch","5a64f08f048461a63a0ca1354a5050c954e63d52","core/src/test/java/org/elasticsearch/snapshots/SharedClusterSnapshotRestoreIT.java","70","0","0","36","1673","2103","0"
"MapDB","151f856bdfd4d74e464459994ceb84e1daa61aba","src/main/java/org/mapdb/StorageJournaled.java","70","0","1","10","489","703","0"
"hazelcast","43132f12e9e7407ca9f68898ebd0e759c8f9b679","hazelcast-client/src/main/java/com/hazelcast/client/proxy/NearCachedClientMapProxy.java","70","0","1","11","643","790","1"
"hazelcast","b1b71398a1860e5187c3aaa1e4b641f8b09d1254","hazelcast-client/src/main/java/com/hazelcast/client/proxy/NearCachedClientMapProxy.java","70","0","1","11","644","793","0"
"hazelcast","b04a2bf45dc85bc1d0513f3ac65ea899616c9c39","hazelcast-client/src/main/java/com/hazelcast/client/proxy/NearCachedClientMapProxy.java","70","0","1","11","646","793","1"
"hazelcast","c99737523eb1e3b576d2f4fd450916bb708aff50","hazelcast-client/src/main/java/com/hazelcast/client/proxy/NearCachedClientMapProxy.java","70","0","1","11","646","793","1"
"hazelcast","98fafb85b6cf2ead1ba6e0bc3847e97df983cf1c","hazelcast-client/src/main/java/com/hazelcast/client/proxy/NearCachedClientMapProxy.java","70","0","1","11","646","793","0"
"hazelcast","55311d4ef9b24337f90283fc1328953969f98733","hazelcast-client/src/main/java/com/hazelcast/client/proxy/NearCachedClientMapProxy.java","70","0","1","11","647","795","1"
"elasticsearch","e7b9e65fc3b06e784008a4dd14a8ba305ac30374","core/src/main/java/org/elasticsearch/gateway/PrimaryShardAllocator.java","70","0","1","2","355","500","2"
"elasticsearch","f5a8c3881f2ab20f6e3627631f7bd2dc4c253d55","modules/elasticsearch/src/main/java/org/elasticsearch/indices/cluster/IndicesClusterStateService.java","70","0","1","2","378","483","0"
"netty","a980638190c055a596145ec2a6963fa8cd30126a","common/src/main/java/io/netty/util/concurrent/DefaultPromise.java","70","0","1","21","448","561","0"
"BroadleafCommerce","169f0bbfec129b2b2db37bf8d20ae4c6d373f6c0","core/broadleaf-framework/src/main/java/org/broadleafcommerce/core/search/service/solr/index/SolrIndexServiceImpl.java","70","0","1","23","578","813","0"
"BroadleafCommerce","4b899b0b30679392365b1286b26fd502eee6594c","admin/broadleaf-open-admin-platform/src/main/java/org/broadleafcommerce/openadmin/server/service/persistence/PersistenceManagerImpl.java","70","0","1","28","451","561","2"
"elasticsearch","7f5befd95e19badf8b911df5c28a08613b0a9cd0","src/main/java/org/elasticsearch/threadpool/ThreadPool.java","70","0","1","29","559","668","1"
"elasticsearch","c20713530d2429346536354f297c96dea4353329","src/main/java/org/elasticsearch/threadpool/ThreadPool.java","70","0","1","29","561","670","0"
"elasticsearch","8c1de501e799cbb970e5a92155ff88caca35230b","src/main/java/org/elasticsearch/index/query/QueryStringQueryParser.java","70","0","1","3","194","233","2"
"elasticsearch","32eb5ffa925211030f4e3dd200118297e0a151c5","src/main/java/org/elasticsearch/index/query/QueryStringQueryParser.java","70","0","1","3","194","234","2"
"elasticsearch","dbaf39c792c2d8f5dccebec6ae5aaaf8da5fc55b","src/main/java/org/elasticsearch/search/controller/SearchPhaseController.java","70","0","1","6","325","404","0"
"elasticsearch","8b9ec890c3c0f2cf29284aabb3d65aef24e523cf","modules/test/integration/src/test/java/org/elasticsearch/test/integration/search/child/SimpleChildQuerySearchTests.java","70","0","1","7","479","590","0"
"elasticsearch","149629fec657e9948488195087f30583cd561f11","core/src/main/java/org/elasticsearch/cluster/routing/RoutingTable.java","70","0","11","37","445","618","0"
"elasticsearch","2ed1f7a3390420835f9b270d20c5d512ba197827","core/src/main/java/org/elasticsearch/cluster/routing/RoutingTable.java","70","0","11","37","445","619","1"
"elasticsearch","07c9b5b08d985a270e36f2cac790d7450d8a7905","src/main/java/org/elasticsearch/index/store/Store.java","70","0","13","28","526","736","0"
"elasticsearch","080d55a3933776366cdcfe61eb0e2bae96649234","core/src/test/java/org/elasticsearch/common/cache/CacheTests.java","70","0","14","9","514","783","0"
"elasticsearch","8905e7297b8e327455bd1db6552e311cb0a33610","src/main/java/org/elasticsearch/indices/IndicesService.java","70","0","15","7","563","757","0"
"elasticsearch","ac2be641b3e283178f081ef4c5e345dd931a1c13","core/src/test/java/org/elasticsearch/discovery/DiscoveryWithServiceDisruptionsIT.java","70","0","15","7","962","1369","2"
"elasticsearch","07c9b5b08d985a270e36f2cac790d7450d8a7905","src/main/java/org/elasticsearch/common/lucene/Lucene.java","70","0","16","21","399","541","0"
"elasticsearch","165ee4ac7f4a41d670ed0fffbd4adfa342a2bd8c","core/src/main/java/org/elasticsearch/common/io/stream/StreamOutput.java","70","0","16","25","399","531","1"
"MapDB","ca23853943f5f36b4ed8c1df12913000f0d9c060","src/main/java/org/mapdb/Bind.java","70","0","17","0","302","749","1"
"BroadleafCommerce","90882c669059d4a84dc5c95c5458b268916ae2d1","admin/broadleaf-open-admin-platform/src/main/java/org/broadleafcommerce/openadmin/web/controller/entity/AdminBasicEntityController.java","70","0","17","1","760","1257","5"
"elasticsearch","562c3744cab91aa083cb645c67ef57ebb20c8661","core/src/main/java/org/elasticsearch/index/query/functionscore/FunctionScoreQueryBuilder.java","70","0","17","13","456","611","0"
"elasticsearch","96724e198adc829da8032a55c6cc04811226a261","core/src/main/java/org/elasticsearch/indices/IndicesService.java","70","0","17","6","519","731","1"
"elasticsearch","0a69f1e283e26e5d9e6a000b68b9f4778de557a1","core/src/main/java/org/elasticsearch/indices/IndicesService.java","70","0","17","6","537","745","2"
"elasticsearch","5a64f08f048461a63a0ca1354a5050c954e63d52","core/src/main/java/org/elasticsearch/indices/IndicesService.java","70","0","17","6","539","747","0"
"netty","ce6931e0e51096c5b6f1fc23ac939fb95ee70bc1","transport-native-epoll/src/main/java/io/netty/channel/epoll/EpollDatagramChannel.java","70","0","2","23","483","619","0"
"BroadleafCommerce","dbcdf4946af5063ae942909c65ff630f49b626a5","core/broadleaf-framework/src/main/java/org/broadleafcommerce/core/order/domain/DiscreteOrderItemImpl.java","70","0","2","35","430","542","0"
"hazelcast","3ccf8bba219ff34c67806fe1b5f0e3421ff0046a","hazelcast/src/main/java/com/hazelcast/instance/Node.java","70","0","2","41","554","671","0"
"hazelcast","1451b18a2114fd1d2c7448aaa28f49d5e1da007c","hazelcast/src/main/java/com/hazelcast/instance/Node.java","70","0","2","42","557","675","1"
"hazelcast","b3dbfb1620cf11f618f5b70b947d36c7fa212637","hazelcast/src/main/java/com/hazelcast/instance/Node.java","70","0","2","42","557","675","1"
"hazelcast","f9a306c6434b4444072c98747befa5b4e1ab372e","hazelcast/src/main/java/com/hazelcast/instance/Node.java","70","0","2","42","557","675","1"
"hazelcast","d2224fa4e0aefcdb120261cb8a3f89ada84cc796","hazelcast/src/main/java/com/hazelcast/instance/Node.java","70","0","2","42","557","675","0"
"orientdb","2abe14e644bb5c821e29076a7879b51917cf9ac1","core/src/main/java/com/orientechnologies/orient/core/sql/OCommandExecutorSQLInsert.java","70","0","2","8","324","445","0"
"elasticsearch","47c0e13a3b0f4c64e0fa36c5706c0260a777d68b","core/src/main/java/org/elasticsearch/ElasticsearchException.java","70","0","26","13","767","1028","0"
"elasticsearch","2cbe1b9d593f50509611ee69eb823c1f156bd5e1","src/main/java/org/elasticsearch/snapshots/RestoreService.java","70","0","26","2","525","853","0"
"elasticsearch","ef26df4f42e639dab54081c29d532c1c93dd42bb","src/main/java/org/elasticsearch/index/mapper/core/DateFieldMapper.java","70","0","3","22","388","474","1"
"elasticsearch","95ea6153a76c48b617de6f8a8667eb14f825c333","modules/elasticsearch/src/main/java/org/elasticsearch/common/lucene/Lucene.java","70","0","3","28","394","475","0"
"elasticsearch","2f8def11b5109eb80b47422a200bf7b7e07c8467","modules/percolator/src/main/java/org/elasticsearch/percolator/PercolateQueryBuilder.java","70","0","3","8","493","640","1"
"elasticsearch","82fa531ab4c1fb087d357ff15288c070d7393378","modules/percolator/src/main/java/org/elasticsearch/percolator/PercolateQueryBuilder.java","70","0","3","8","500","672","0"
"netty","9c8d980a74d7cf786aabaa233c692e247767aaac","transport/src/main/java/io/netty/channel/AbstractChannel.java","70","0","4","34","614","859","0"
"netty","869687bd711e1358367203526128d9a2ad90663a","transport/src/main/java/io/netty/channel/AbstractChannel.java","70","0","4","35","646","903","0"
"elasticsearch","b6a9bd9a31862bf4f73efd0009727134b91c4f27","src/main/java/org/elasticsearch/cluster/node/DiscoveryNodes.java","70","0","4","51","409","519","0"
"orientdb","694179bbd708b0a0ab131849e7132dbf55ba1a0b","core/src/main/java/com/orientechnologies/orient/core/tx/OTransactionRealAbstract.java","70","0","5","21","336","474","1"
"orientdb","6ea235c061630188643de6b73cebf0cf4e0c45a7","core/src/main/java/com/orientechnologies/orient/core/type/tree/OMVRBTreeRID.java","70","0","5","41","444","602","1"
"elasticsearch","387bdbd322a11ff0cd4a1345da7a906ad65832a5","core/src/main/java/org/elasticsearch/cluster/routing/allocation/AllocationService.java","70","0","5","5","439","615","0"
"elasticsearch","c6182cbd3799c9ea25cf0716be541e01f101b025","core/src/main/java/org/elasticsearch/cluster/routing/allocation/AllocationService.java","70","0","5","5","442","619","0"
"orientdb","76ffdc9fe1e541460329297a955e8494c36be8f5","core/src/main/java/com/orientechnologies/orient/core/iterator/ORecordIteratorClusters.java","70","0","6","5","254","418","1"
"orientdb","c1f0f046093d166b58193818b359c73d4a50c228","core/src/main/java/com/orientechnologies/orient/core/iterator/ORecordIteratorClusters.java","70","0","6","6","264","430","0"
"orientdb","de410aa8d3455b55f3c39e49780136c0b6c5e64b","core/src/main/java/com/orientechnologies/orient/core/storage/fs/OFileClassic.java","70","0","7","25","715","906","0"
"elasticsearch","4900f52619729cc6bfe9ddba2a2cee6ea0e6ee22","src/main/java/org/elasticsearch/cluster/routing/RoutingTable.java","70","0","7","30","344","488","1"
"elasticsearch","7d08940c781e9eb47b27e6999fc40eb6c59aaf22","src/main/java/org/elasticsearch/cluster/routing/RoutingTable.java","70","0","7","30","344","488","2"
"elasticsearch","ca681366285e569886fb754aae2bc385d1e61659","src/main/java/org/elasticsearch/cluster/routing/RoutingTable.java","70","0","7","30","344","488","2"
"elasticsearch","d30d3b967eccac9347e502a372f0d54dfc54e99e","src/main/java/org/elasticsearch/cluster/routing/RoutingTable.java","70","0","7","30","344","488","2"
"elasticsearch","b82e2c7083c7aae6b22d9103bb7133d63be3a39e","src/main/java/org/elasticsearch/cluster/routing/RoutingTable.java","70","0","7","30","344","488","0"
"elasticsearch","bbce6e85883ef812a80f5713e001f4ad1de47f22","src/main/java/org/elasticsearch/index/mapper/DocumentMapper.java","70","0","7","57","516","711","0"
"elasticsearch","6b23ee80404ea8cb143abd776968854e263275b9","core/src/main/java/org/elasticsearch/search/aggregations/AggregatorFactories.java","70","0","8","19","398","510","2"
"netty","5b2bdd844db56079e6cb75b0e1142d337723e1c3","common/src/main/java/io/netty/util/HashedWheelTimer.java","70","0","8","2","471","742","0"
"elasticsearch","9ca5e6e3e12cf4f13eb6ed0140d9073ba89c61c9","src/main/java/org/elasticsearch/index/snapshots/blobstore/BlobStoreIndexShardRepository.java","70","0","8","4","582","861","2"
"elasticsearch","01ca81e2a37c9cd38c6dc44ae567d427c059dbe0","src/main/java/org/elasticsearch/index/snapshots/blobstore/BlobStoreIndexShardRepository.java","70","0","8","4","598","878","1"
"hazelcast","2b9bb4fc17af10b2e6c19753155c0c0aeff8ce05","hazelcast-client-new/src/main/java/com/hazelcast/client/cache/impl/AbstractClientInternalCacheProxy.java","71","0","0","0","547","654","1"
"hazelcast","726c3ead1248a8859722595cf942d4f2bc3c6f04","hazelcast-client/src/main/java/com/hazelcast/client/cache/impl/AbstractClientInternalCacheProxy.java","71","0","0","0","550","658","1"
"hazelcast","277e9d22013a20896a4a00585e93926b4ef78b33","hazelcast/src/test/java/com/hazelcast/mapreduce/MapReduceTest.java","71","0","0","111","1125","1455","1"
"ceylon-ide-eclipse","7312a6f2a21692e1678f8bbda26f94a266d02c7f","plugins/com.redhat.ceylon.eclipse.ui/src/com/redhat/ceylon/eclipse/code/outline/CeylonOutlineNode.java","71","0","0","17","440","500","0"
"hazelcast","429f2efd2aae8db7f5328ddf09996a9ed6ff0139","hazelcast-client/src/main/java/com/hazelcast/client/connection/nio/ClientConnectionManagerImpl.java","71","0","0","18","592","692","1"
"ceylon-ide-eclipse","910f21d3afc001483b69f925e5fcac7cc9b68d8f","plugins/com.redhat.ceylon.eclipse.ui/src/com/redhat/ceylon/eclipse/util/FindReferencesVisitor.java","71","0","0","20","357","396","1"
"elasticsearch","743dc19acbfe69b3c64cda69d4d77b3c6efc58d7","src/main/java/org/elasticsearch/rest/action/cat/RestNodesAction.java","71","0","0","3","218","285","0"
"ceylon-ide-eclipse","99aa36abe5f8c712e2567154f68887873b8237f4","plugins/com.redhat.ceylon.eclipse.ui/src/com/redhat/ceylon/eclipse/core/builder/CeylonProjectConfig.java","71","0","0","44","454","532","0"
"elasticsearch","bf5152278882b74b1a156e90d87adb954eead4e6","test/framework/src/main/java/org/elasticsearch/transport/AbstractSimpleTransportTestCase.java","71","0","0","49","1570","1914","1"
"elasticsearch","a5daa5d3a2f58dda0ab6133ccc5ead4d4a701c3a","test/framework/src/main/java/org/elasticsearch/transport/AbstractSimpleTransportTestCase.java","71","0","0","51","1614","1961","0"
"BroadleafCommerce","e216da5ebb303680f5c60ffcd75979f5876ab5a6","admin/broadleaf-open-admin-platform/src/main/java/org/broadleafcommerce/openadmin/web/controller/AdminAbstractController.java","71","0","1","0","448","856","0"
"orientdb","9fafc831eb34b52e74e1d8e1caf9678667f4ec26","distributed/src/main/java/com/orientechnologies/orient/server/hazelcast/OHazelcastDistributedDatabase.java","71","0","1","10","401","562","4"
"orientdb","b1c41b41d63492702fac9da0bbc12b750c4db9a2","distributed/src/main/java/com/orientechnologies/orient/server/hazelcast/OHazelcastDistributedDatabase.java","71","0","1","10","401","562","4"
"orientdb","b27bb99f64f5a211acd2f1639a5895ce09a1b883","distributed/src/main/java/com/orientechnologies/orient/server/hazelcast/OHazelcastDistributedDatabase.java","71","0","1","10","401","562","0"
"hazelcast","d041266118126d445f010f961e936ce8f540a573","hazelcast-client/src/main/java/com/hazelcast/client/proxy/NearCachedClientMapProxy.java","71","0","1","11","636","782","0"
"BroadleafCommerce","7380bc2cc48fd73ec717a648dfb51ca5c76ff035","common/src/main/java/org/broadleafcommerce/common/extensibility/jpa/copy/DirectCopyClassTransformer.java","71","0","1","15","407","511","3"
"BroadleafCommerce","90882c669059d4a84dc5c95c5458b268916ae2d1","admin/broadleaf-open-admin-platform/src/main/java/org/broadleafcommerce/openadmin/server/service/AdminEntityServiceImpl.java","71","0","1","15","559","708","6"
"orientdb","7177f9ee131b9ba26b5a3b5a853ba2b0ee239010","jdbc/src/main/java/com/orientechnologies/orient/jdbc/OrientJdbcResultSet.java","71","0","1","191","779","1151","0"
"elasticsearch","583f14833482cf1e8ce2adbcdb2b3fb3cb17c70e","src/main/java/org/elasticsearch/search/aggregations/bucket/terms/TermsParser.java","71","0","1","2","233","287","1"
"BroadleafCommerce","77879457fa96cb9ce4384309d6bea14163b2de5b","core/broadleaf-framework/src/main/java/org/broadleafcommerce/core/search/service/solr/index/SolrIndexServiceImpl.java","71","0","1","20","567","816","3"
"elasticsearch","bbffeb1b39b864a8bf6c9844dfa23869e44c8639","src/main/java/org/elasticsearch/cluster/metadata/MetaDataCreateIndexService.java","71","0","1","21","484","610","4"
"elasticsearch","aadbfa44b4b9ed2a544ca6766d387f66e9272f9a","src/main/java/org/elasticsearch/threadpool/ThreadPool.java","71","0","1","29","567","682","0"
"elasticsearch","a6e0f022207a2898f84a1ecf5bd973ab2f7e0330","src/main/java/org/elasticsearch/threadpool/ThreadPool.java","71","0","1","29","572","687","1"
"elasticsearch","70bad405c395bd9b7c6b6362bcc6ba67f1850816","src/main/java/org/elasticsearch/threadpool/ThreadPool.java","71","0","1","29","574","689","0"
"elasticsearch","9d8361a5421bda1622378f4e6460389d6b6b2ee7","src/main/java/org/elasticsearch/index/query/QueryStringQueryParser.java","71","0","1","3","197","236","0"
"netty","e65e17c72477a7cd398190c3628bf96d224ea78a","codec/src/main/java/io/netty/handler/codec/compression/Snappy.java","71","0","1","3","377","585","1"
"netty","e45db60b5e0c6f1ad3b5c2c675d62948f021d571","codec/src/main/java/io/netty/handler/codec/compression/Snappy.java","71","0","1","3","389","605","0"
"elasticsearch","b5a0ae2fbeca2f6449d67556f134bd51634ffd29","plugins/river/couchdb/src/main/java/org/elasticsearch/river/couchdb/CouchdbRiver.java","71","0","1","3","396","480","0"
"elasticsearch","d621b160e9b940add546a6234bc2d17381334f33","src/test/java/org/elasticsearch/snapshots/SharedClusterSnapshotRestoreTests.java","71","0","1","38","1595","2019","1"
"elasticsearch","17906ca7d615dc4c72cb5cc403f2d561dc1f2ff3","core/src/main/java/org/elasticsearch/cluster/metadata/MetaDataCreateIndexService.java","71","0","1","4","437","544","1"
"elasticsearch","c6573e6e560c91db6845393d1afbdb01952483cd","core/src/main/java/org/elasticsearch/index/mapper/GeoShapeFieldMapper.java","71","0","1","40","407","518","2"
"elasticsearch","c26934be3662d8ed41d5fb9838920fd284aad8c4","src/main/java/org/elasticsearch/action/support/replication/TransportShardReplicationOperationAction.java","71","0","1","5","535","708","1"
"elasticsearch","824b0bd34718e24e0f59d0b3a167adee08d49215","src/main/java/org/elasticsearch/action/support/replication/TransportShardReplicationOperationAction.java","71","0","1","5","536","709","0"
"elasticsearch","9539661d40d5eb219f68e1298feddb9359b4a14d","src/main/java/org/elasticsearch/action/support/replication/TransportShardReplicationOperationAction.java","71","0","1","5","540","714","0"
"elasticsearch","1ef8761b70cd32ce1caaf6142a5ae709120b33dd","src/main/java/org/elasticsearch/search/controller/SearchPhaseController.java","71","0","1","6","330","412","0"
"hazelcast","7e07ef2b7dcefe2f791c4b6d2050a9c44e6bf931","hazelcast/src/main/java/com/hazelcast/cluster/impl/ClusterJoinManager.java","71","0","1","8","445","541","1"
"hazelcast","dd8c45abcaff36085e5214a58bf15f508bb39588","hazelcast/src/main/java/com/hazelcast/cluster/impl/ClusterJoinManager.java","71","0","1","8","445","541","1"
"hazelcast","84e0a9b9d444f633dbd2bced60d95bc478086fea","hazelcast/src/main/java/com/hazelcast/cluster/impl/ClusterJoinManager.java","71","0","1","8","445","541","0"
"hazelcast","2921cff694583b8638dae2991f427e61d5440a9d","hazelcast/src/main/java/com/hazelcast/internal/cluster/impl/ClusterJoinManager.java","71","0","1","8","449","545","0"
"hazelcast","e70df64870e70ff5fd0c1825d4feca7392d0102c","hazelcast/src/main/java/com/hazelcast/cluster/impl/ClusterJoinManager.java","71","0","1","8","449","545","0"
"hazelcast","1f042b8c4a4245594691bb6d85a66ceed9b43068","hazelcast/src/main/java/com/hazelcast/internal/cluster/impl/ClusterJoinManager.java","71","0","1","8","449","545","1"
"mcMMO","3b05bb96e36af09bf58f84f3bd49938d7826d807","src/main/java/com/gmail/nossr50/listeners/PlayerListener.java","71","0","13","2","313","468","0"
"elasticsearch","51fc09b2642afae23ef76569e022e5ade2b99e1d","core/src/main/java/org/elasticsearch/index/mapper/MapperService.java","71","0","15","16","490","675","3"
"elasticsearch","76abf43f7f2724fd4d843c92e482d22cd71d54c5","core/src/main/java/org/elasticsearch/index/mapper/MapperService.java","71","0","15","16","491","678","2"
"elasticsearch","5a0c456ac20f3b07183ac8e99ff5950396a0d04e","src/main/java/org/elasticsearch/common/io/stream/StreamInput.java","71","0","15","25","387","519","0"
"elasticsearch","9f12f3c33892380e4cb0fa48b860c23c6d225b5d","core/src/main/java/org/elasticsearch/index/query/functionscore/FunctionScoreQueryBuilder.java","71","0","17","13","458","613","2"
"elasticsearch","0cf1d16187fcf10e9d0e64402bb6d0ebba5d7b80","core/src/main/java/org/elasticsearch/index/query/functionscore/FunctionScoreQueryBuilder.java","71","0","17","13","460","617","1"
"elasticsearch","b9600c78918579181164a03ba25579c8ea3b3f9e","core/src/main/java/org/elasticsearch/index/query/functionscore/FunctionScoreQueryBuilder.java","71","0","17","13","465","623","2"
"elasticsearch","3005366b1322a251a49eadd8d4dad2cb9644ee4f","core/src/main/java/org/elasticsearch/index/query/functionscore/FunctionScoreQueryBuilder.java","71","0","17","13","466","624","0"
"elasticsearch","6c3beaa2ebe4921474addf07ce3aa02a3cb7f915","core/src/main/java/org/elasticsearch/index/query/functionscore/FunctionScoreQueryBuilder.java","71","0","17","13","466","626","0"
"elasticsearch","371c73e14023917f3892090d2d3d7ff9ac1216b9","core/src/main/java/org/elasticsearch/index/query/functionscore/FunctionScoreQueryBuilder.java","71","0","17","13","468","626","3"
"elasticsearch","78574d248cf10dad1c5a566fda79e1e0c94afe43","core/src/main/java/org/elasticsearch/index/query/functionscore/FunctionScoreQueryBuilder.java","71","0","17","13","468","626","2"
"elasticsearch","e6aaaf11ed4a1b8f595f920de1840938eddb7a97","core/src/main/java/org/elasticsearch/index/query/functionscore/FunctionScoreQueryBuilder.java","71","0","17","13","468","626","2"
"elasticsearch","a60b8948ba1d836a6eac7cff095519e618939ed8","core/src/main/java/org/elasticsearch/index/query/functionscore/FunctionScoreQueryBuilder.java","71","0","17","13","468","626","0"
"elasticsearch","d6a756fbe2475db5ee00975a5a563077a4300ecf","core/src/main/java/org/elasticsearch/indices/IndicesService.java","71","0","17","6","524","736","1"
"BroadleafCommerce","b5b726974b08d5e67a223114d8bedc4bba9c6236","admin/broadleaf-open-admin-platform/src/main/java/org/broadleafcommerce/openadmin/web/controller/entity/AdminBasicEntityController.java","71","0","18","1","732","1235","6"
"elasticsearch","6e18702ddb071b437c2b7f7d707bb2df1f471998","core/src/main/java/org/elasticsearch/action/bulk/BulkRequest.java","71","0","18","13","381","527","2"
"elasticsearch","059a675aa5aab0a2993adbfe6456da38fc480b90","core/src/main/java/org/elasticsearch/action/bulk/BulkRequest.java","71","0","19","14","386","538","2"
"netty","cd0b5ec2db593d45c96bd6b55b0024042534af04","codec-http/src/main/java/io/netty/handler/codec/http/websocketx/WebSocket08FrameDecoder.java","71","0","2","0","262","436","1"
"netty","af4b71a00e30faf86ef1c2365e965e8f04f65bee","codec-http/src/main/java/io/netty/handler/codec/http/websocketx/WebSocket08FrameDecoder.java","71","0","2","0","269","443","0"
"antlr4","34f0c66a89abfa6d843c34d2f5ed9478a0ed7ef5","runtime/Java/src/org/antlr/v4/runtime/misc/Array2DHashSet.java","71","0","2","23","378","527","1"
"antlr4","883e013cc6a6202b34545f465e3ed80e24f2da04","runtime/Java/src/org/antlr/v4/runtime/misc/Array2DHashSet.java","71","0","2","23","379","528","0"
"netty","6c24dd4d8f2be754bc8a42af9c1b0e87c47ba75d","transport-native-epoll/src/main/java/io/netty/channel/epoll/EpollDatagramChannel.java","71","0","2","23","474","614","1"
"netty","559f1b110aeb0d586308d9ad8fb01f78170dd6e2","transport-native-epoll/src/main/java/io/netty/channel/epoll/EpollDatagramChannel.java","71","0","2","23","487","625","1"
"elasticsearch","d5fcb0d52c1424fd01c0aa2bcb1db43ff763095b","src/main/java/org/elasticsearch/index/get/ShardGetService.java","71","0","2","4","294","366","0"
"elasticsearch","73307a2144fbdf63c551eeccdc7e93dc30e59a92","core/src/main/java/org/elasticsearch/action/bulk/BulkRequest.java","71","0","20","14","414","589","1"
"elasticsearch","578853f264e8ddae5c919b1b7ca35524cb292d62","core/src/main/java/org/elasticsearch/action/bulk/BulkRequest.java","71","0","24","15","436","634","0"
"elasticsearch","b0beb3c8e1e3fbe726e6284032f9c2d8c4f492de","src/main/java/org/elasticsearch/cluster/node/DiscoveryNodes.java","71","0","25","32","422","639","1"
"ceylon-ide-eclipse","5b6678cab76dbcc3d99ea89437120cb9ddee5fe2","plugins/com.redhat.ceylon.eclipse.ui/src/com/redhat/ceylon/eclipse/core/classpath/CeylonProjectModulesContainer.java","71","0","3","16","451","581","0"
"ceylon-ide-eclipse","61068f40cc50b529b3c73ae46b53027171a6200c","plugins/com.redhat.ceylon.eclipse.ui/src/com/redhat/ceylon/eclipse/core/classpath/CeylonProjectModulesContainer.java","71","0","3","16","454","584","1"
"elasticsearch","1f04182b8164ffb19f3805c48d67f0375262b317","core/src/main/java/org/elasticsearch/snapshots/SnapshotShardsService.java","71","0","3","2","424","586","0"
"neo4j","77bb150cf3bd5187752557148db7b6744ed3709f","enterprise/ha/src/test/java/org/neo4j/kernel/impl/ha/ClusterManager.java","71","0","32","51","1068","1601","0"
"neo4j","197393a3c66dacf10c813cdcb731971a30857e16","enterprise/ha/src/test/java/org/neo4j/kernel/impl/ha/ClusterManager.java","71","0","32","52","1087","1625","0"
"elasticsearch","1753c49beb8865fbb4cc2683cf17d4bfb94dacf8","core/src/main/java/org/elasticsearch/common/xcontent/XContentBuilder.java","71","0","35","72","672","1016","2"
"elasticsearch","e1efd5f6baf8dec1c23c79b346b8a29f234a98bb","core/src/main/java/org/elasticsearch/snapshots/SnapshotShardsService.java","71","0","4","12","424","586","0"
"elasticsearch","d2f25416e4a14812d0961ddce0da73bee0b68b27","core/src/main/java/org/elasticsearch/snapshots/SnapshotShardsService.java","71","0","4","12","427","589","1"
"elasticsearch","046abdc281c321cd2128ee7684c0edfcaca07203","core/src/main/java/org/elasticsearch/snapshots/SnapshotShardsService.java","71","0","4","12","437","599","3"
"elasticsearch","22e63b478306fb3cab6ba8967db6e1f2b73cdfd8","core/src/main/java/org/elasticsearch/snapshots/SnapshotShardsService.java","71","0","4","12","437","599","2"
"elasticsearch","e74d02138f02a66331b2611b5e70a908bb49cb97","core/src/main/java/org/elasticsearch/snapshots/SnapshotShardsService.java","71","0","4","12","437","599","0"
"elasticsearch","aaf347732720187ea3fd4e5dd8661f1434a87249","core/src/main/java/org/elasticsearch/snapshots/SnapshotShardsService.java","71","0","4","12","439","601","1"
"elasticsearch","8eab5ec5286475b5c0602d8c230947c781db6596","modules/elasticsearch/src/main/java/org/elasticsearch/cluster/routing/allocation/ShardsAllocation.java","71","0","4","3","335","467","0"
"ceylon-ide-eclipse","8ac72e61b5d1d52fe7c350f205f667a031f6ac2c","plugins/com.redhat.ceylon.eclipse.ui/src/com/redhat/ceylon/eclipse/util/Nodes.java","71","0","4","36","401","475","0"
"ceylon-ide-eclipse","d8babdb645d8d8594721684e8986da485e3717db","plugins/com.redhat.ceylon.eclipse.ui/src/com/redhat/ceylon/eclipse/util/Nodes.java","71","0","4","36","404","478","0"
"BroadleafCommerce","380c3815af472f82c720b8d89765997636bf5b11","core/broadleaf-framework/src/main/java/org/broadleafcommerce/core/offer/service/OfferServiceImpl.java","71","0","4","37","502","711","0"
"orientdb","eda36859b9b033e1c3c6c69dce74c4959ac3439e","core/src/main/java/com/orientechnologies/orient/core/index/OIndexManagerShared.java","71","0","4","7","406","578","1"
"hazelcast","60ee6ddac16452eeb9c4b3678eb6c5cd9daeafd0","hazelcast/src/main/java/com/hazelcast/impl/AbstractRecord.java","71","0","4","72","384","494","0"
"elasticsearch","6e566cdf6cab837bdbdb5300ca85038fba1488c1","core/src/main/java/org/elasticsearch/cluster/routing/allocation/AllocationService.java","71","0","5","5","440","624","1"
"elasticsearch","52edc4c6527d20cebb9621823b3372a840f0eaae","src/main/java/org/elasticsearch/common/lucene/search/XBooleanFilter.java","71","0","6","3","277","367","0"
"orientdb","13c84a352a84fa9a8e4b68c8913322c99e1dca97","core/src/main/java/com/orientechnologies/orient/core/iterator/ORecordIteratorClusters.java","71","0","6","9","276","446","1"
"elasticsearch","429e517476d95e50ecb9d73d58e5013bd2158e7d","core/src/main/java/org/elasticsearch/Version.java","71","0","8","15","338","438","0"
"mcMMO","7110e6ec3dfd4ff7dab4c89bc162b11bdc56c7e8","src/main/java/com/gmail/nossr50/listeners/EntityListener.java","71","0","9","3","258","372","2"
"mcMMO","8312570825311e5291da8e0bdd8c84f07278cd6d","src/main/java/com/gmail/nossr50/listeners/EntityListener.java","71","0","9","3","259","373","1"
"orientdb","136db63960bbf53514691bf5a0bb8361a5ea5361","core/src/main/java/com/orientechnologies/orient/core/Orient.java","71","0","9","48","628","854","0"
"orientdb","2a1d6bae7567daf09e92e387980f4e8ce41f6c13","core/src/main/java/com/orientechnologies/orient/core/Orient.java","71","0","9","48","633","859","1"
"neo4j","4d9575d67b87b0835afc39fa62a8f5497caf378e","community/server/src/main/java/org/neo4j/server/rest/web/DatabaseActions.java","71","0","9","64","1277","1482","1"
"ceylon-ide-eclipse","a663749003c548268129292b909850423aecff16","plugins/com.redhat.ceylon.eclipse.ui/src/com/redhat/ceylon/eclipse/core/builder/CeylonBuilder.java","711","0","7","90","3697","4371","1"
"ceylon-ide-eclipse","8a7fbbd14e9b678a674eb1004aade7ea65f48c3d","plugins/com.redhat.ceylon.eclipse.ui/src/com/redhat/ceylon/eclipse/core/builder/CeylonBuilder.java","711","0","7","90","3700","4376","1"
"ceylon-ide-eclipse","6abbed75814e74259bd393fcbdd42bfe30d2c90a","plugins/com.redhat.ceylon.eclipse.ui/src/com/redhat/ceylon/eclipse/core/builder/CeylonBuilder.java","713","0","7","90","3736","4416","3"
"ceylon-ide-eclipse","0663fa54bb660133cd04c29936998eca73657d14","plugins/com.redhat.ceylon.eclipse.ui/src/com/redhat/ceylon/eclipse/core/builder/CeylonBuilder.java","713","0","7","90","3738","4418","2"
"ceylon-ide-eclipse","d97dcb889258ac748139dde5679efa447466d141","plugins/com.redhat.ceylon.eclipse.ui/src/com/redhat/ceylon/eclipse/core/builder/CeylonBuilder.java","714","0","7","89","3755","4436","3"
"ceylon-ide-eclipse","c94441e2c8920201c8743263d3e5e43f2cbe5ac5","plugins/com.redhat.ceylon.eclipse.ui/src/com/redhat/ceylon/eclipse/core/builder/CeylonBuilder.java","714","0","7","89","3756","4437","4"
"ceylon-ide-eclipse","f179edca8ad577596cb7147cf9df03d85f140757","plugins/com.redhat.ceylon.eclipse.ui/src/com/redhat/ceylon/eclipse/core/builder/CeylonBuilder.java","714","0","7","89","3757","4438","4"
"ceylon-ide-eclipse","42985b89d24a9dd8a9c663201ce79247b1ea76f3","plugins/com.redhat.ceylon.eclipse.ui/src/com/redhat/ceylon/eclipse/core/builder/CeylonBuilder.java","714","0","7","90","3739","4419","1"
"ceylon-ide-eclipse","68c0e3e214ee68d7d2b00d40acd062663e5dbf35","plugins/com.redhat.ceylon.eclipse.ui/src/com/redhat/ceylon/eclipse/core/builder/CeylonBuilder.java","715","0","7","89","3759","4440","3"
"ceylon-ide-eclipse","0ea005c8c97fe3eaf14b7a6bdf8c81c778ed714a","plugins/com.redhat.ceylon.eclipse.ui/src/com/redhat/ceylon/eclipse/core/builder/CeylonBuilder.java","715","0","7","90","3726","4405","0"
"ceylon-ide-eclipse","0c6e405fa22c5a88194297a8adffa6dd6c86b5e8","plugins/com.redhat.ceylon.eclipse.ui/src/com/redhat/ceylon/eclipse/core/builder/CeylonBuilder.java","716","0","7","90","3742","4421","2"
"ceylon-ide-eclipse","9246f17c3b54ec84ed4df260ccda7c91159d86e4","plugins/com.redhat.ceylon.eclipse.ui/src/com/redhat/ceylon/eclipse/core/builder/CeylonBuilder.java","716","0","7","90","3742","4422","3"
"ceylon-ide-eclipse","b9e1a8b2029b9e93e6a5599a25ed0f253e08fc11","plugins/com.redhat.ceylon.eclipse.ui/src/com/redhat/ceylon/eclipse/core/builder/CeylonBuilder.java","716","0","7","90","3745","4425","2"
"ceylon-ide-eclipse","bd3ee3c8a906f50b50e041545c19d63e346a9f59","plugins/com.redhat.ceylon.eclipse.ui/src/com/redhat/ceylon/eclipse/core/builder/CeylonBuilder.java","717","0","7","90","3742","4422","2"
"hazelcast","e4b8f5199015f03f9bdc06632073d8ea0b298aba","hazelcast-client/src/main/java/com/hazelcast/client/cache/impl/AbstractClientInternalCacheProxy.java","72","0","0","0","610","737","0"
"hazelcast","0004065723dbb3f0219d5fde78068a98bfa22c1c","hazelcast-client/src/main/java/com/hazelcast/client/connection/nio/ClientConnectionManagerImpl.java","72","0","0","18","581","681","1"
"hazelcast","12eaf0ee52cbf3603e5d0e9a0a552d69a25815eb","hazelcast-client/src/main/java/com/hazelcast/client/connection/nio/ClientConnectionManagerImpl.java","72","0","0","18","581","681","2"
"hazelcast","9921a397c74ee52fe47749f487779b4a01a4fcff","hazelcast-client/src/main/java/com/hazelcast/client/connection/nio/ClientConnectionManagerImpl.java","72","0","0","18","581","681","1"
"hazelcast","7f55789351f24779107e36dd3b141e5275b3df38","hazelcast-client/src/main/java/com/hazelcast/client/connection/nio/ClientConnectionManagerImpl.java","72","0","0","18","581","681","0"
"hazelcast","79923a82b4d6314f0c76799496a7cb44fbdcc4eb","hazelcast-client/src/main/java/com/hazelcast/client/connection/nio/ClientConnectionManagerImpl.java","72","0","0","18","583","684","0"
"hazelcast","62d6d6048f8db82bcba99ded8d33d5b98f23b77d","hazelcast-client/src/main/java/com/hazelcast/client/connection/nio/ClientConnectionManagerImpl.java","72","0","0","19","603","707","0"
"hazelcast","c7eef29985d101a17b61f793ebfcef045403b28e","hazelcast-client/src/main/java/com/hazelcast/client/connection/nio/ClientConnectionManagerImpl.java","72","0","0","19","605","709","1"
"neo4j","530cd9dd6f2874f7121a6905d6d7ad1a6b42f376","community/kernel/src/test/java/org/neo4j/kernel/impl/store/NeoStoresTest.java","72","0","0","20","1327","1515","2"
"neo4j","13e3d20860f871d1c13c10429f2d4d31d6180c8b","community/kernel/src/test/java/org/neo4j/kernel/impl/store/NeoStoresTest.java","72","0","0","22","1357","1555","0"
"hazelcast","0feff7c98ebd740030acc7f61ae2509933f7cf8e","hazelcast/src/main/java/com/hazelcast/nio/serialization/SerializationServiceImpl.java","72","0","0","22","425","494","1"
"hazelcast","ae9233fffeff545d037c55373eeeed5d4f7577a2","hazelcast/src/main/java/com/hazelcast/nio/serialization/SerializationServiceImpl.java","72","0","0","22","427","496","0"
"elasticsearch","7944369fd1203d80c33bd3347cf52e15e33f828f","src/main/java/org/elasticsearch/rest/action/cat/RestNodesAction.java","72","0","0","3","218","285","1"
"elasticsearch","0bbb84c19a0ff2ad974bb2bd8002871e4ee1ac73","core/src/test/java/org/elasticsearch/snapshots/SharedClusterSnapshotRestoreIT.java","72","0","0","37","1718","2160","1"
"hazelcast","123ec6b723c33195039ffff249bf3b097c6c4f72","hazelcast-client/src/main/java/com/hazelcast/client/config/XmlClientConfigBuilder.java","72","0","0","8","317","367","1"
"elasticsearch","ed74e53cf517330f10bdb943f05a55148e72a5de","modules/lang-painless/src/main/java/org/elasticsearch/painless/node/EChain.java","72","0","1","1","240","325","0"
"orientdb","e181c55819d7edbf42135dfa199c0122729b4ccf","distributed/src/main/java/com/orientechnologies/orient/server/hazelcast/OHazelcastDistributedDatabase.java","72","0","1","10","407","569","1"
"orientdb","a2f1c9220aaa0be07af6ef9d27ba4a1df70aae15","distributed/src/main/java/com/orientechnologies/orient/server/hazelcast/OHazelcastDistributedDatabase.java","72","0","1","10","409","571","4"
"hazelcast","73673199472b3fb25cf6c72de378a1d2bab18605","hazelcast-client/src/main/java/com/hazelcast/client/connection/nio/ClientConnectionManagerImpl.java","72","0","1","12","581","696","3"
"hazelcast","77334b34c7786f523fab26a8c7515ef89e886ae3","hazelcast-client/src/main/java/com/hazelcast/client/connection/nio/ClientConnectionManagerImpl.java","72","0","1","12","582","697","4"
"orientdb","49a91931a74e848e49cfd09f1895a76917b25392","jdbc/src/main/java/com/orientechnologies/orient/jdbc/OrientJdbcResultSet.java","72","0","1","191","769","1148","0"
"orientdb","a63fb7283ec4f01d392c8f03143939def5f3ea54","jdbc/src/main/java/com/orientechnologies/orient/jdbc/OrientJdbcResultSet.java","72","0","1","191","770","1150","1"
"elasticsearch","673ef3db3ff4f8153db6081d399970d8f08ef5ae","src/main/java/org/elasticsearch/index/analysis/StemmerTokenFilterFactory.java","72","0","1","2","159","219","0"
"elasticsearch","728e0e2a2eb4cbb93b87fc22a3e84fddea2a0635","src/main/java/org/elasticsearch/search/aggregations/bucket/terms/TermsParser.java","72","0","1","2","233","287","0"
"elasticsearch","34f3f3f79e6ca260b9bb93d8ba0f7fccebb29429","modules/elasticsearch/src/main/java/org/elasticsearch/indices/cluster/IndicesClusterStateService.java","72","0","1","2","386","491","0"
"elasticsearch","35990f572b23ed3bfc9e810354d4b83bd69bb3d7","src/main/java/org/elasticsearch/cluster/metadata/MetaDataCreateIndexService.java","72","0","1","20","484","609","1"
"elasticsearch","cbdaf4950bdf44b9669f0d1a169ac23c18eebab4","src/main/java/org/elasticsearch/cluster/metadata/MetaDataCreateIndexService.java","72","0","1","20","484","609","1"
"elasticsearch","27b973830d2c65359e9a54e4d12c221d163d4de2","src/main/java/org/elasticsearch/cluster/metadata/MetaDataCreateIndexService.java","72","0","1","20","484","609","0"
"elasticsearch","1644444a4f99d10ee0865161e588eec8c093b381","src/main/java/org/elasticsearch/cluster/metadata/MetaDataCreateIndexService.java","72","0","1","20","485","610","0"
"elasticsearch","35ddc749b18f90d4ba4b71175069d057b282b130","core/src/main/java/org/elasticsearch/index/mapper/internal/TimestampFieldMapper.java","72","0","1","27","312","390","2"
"hazelcast","d38202141395360399c9cf97d4453adf5b1581e1","hazelcast-code-generator/src/main/java/com/hazelcast/client/protocol/generator/CodecModel.java","72","0","1","29","462","597","1"
"elasticsearch","7dfe48c33b9d1bb926a7f6fff0aab9de3076cf03","plugins/river/couchdb/src/main/java/org/elasticsearch/river/couchdb/CouchdbRiver.java","72","0","1","3","400","485","0"
"elasticsearch","2bd09c4625898d77aa6c015c6f82cf973ed18cb7","core/src/main/java/org/elasticsearch/index/mapper/geo/BaseGeoPointFieldMapper.java","72","0","1","35","428","524","1"
"elasticsearch","0a69f1e283e26e5d9e6a000b68b9f4778de557a1","core/src/main/java/org/elasticsearch/index/mapper/geo/BaseGeoPointFieldMapper.java","72","0","1","35","432","529","3"
"elasticsearch","5a64f08f048461a63a0ca1354a5050c954e63d52","core/src/main/java/org/elasticsearch/index/mapper/geo/BaseGeoPointFieldMapper.java","72","0","1","35","433","529","1"
"elasticsearch","7a6fe809d0e046018659cbccc1ebbe4b042e1671","src/main/java/org/elasticsearch/search/fetch/FetchPhase.java","72","0","1","4","364","435","0"
"elasticsearch","1cb3068737d2516a614382c1e80def36c60cd194","core/src/main/java/org/elasticsearch/cluster/metadata/MetaDataCreateIndexService.java","72","0","1","4","424","520","2"
"elasticsearch","a99ccb6112eb1f1b988e681e38349b27292f58c7","core/src/main/java/org/elasticsearch/cluster/metadata/MetaDataCreateIndexService.java","72","0","1","4","440","547","2"
"elasticsearch","a832987ada172d91baa03a779a21b7541ddd6857","core/src/main/java/org/elasticsearch/cluster/metadata/MetaDataCreateIndexService.java","72","0","1","4","441","548","1"
"elasticsearch","360ce532eb200a676ce96eaafde3ccb1c80d9cd7","core/src/main/java/org/elasticsearch/index/mapper/GeoShapeFieldMapper.java","72","0","1","41","418","534","0"
"elasticsearch","bfdf8fe5905553e0b60046c2973d3829947a979c","src/main/java/org/elasticsearch/action/support/replication/TransportShardReplicationOperationAction.java","72","0","1","5","543","720","0"
"hazelcast","7852995d46c82d37bf930eea7c7ec5308657e67e","hazelcast/src/main/java/com/hazelcast/internal/cluster/impl/ClusterJoinManager.java","72","0","1","8","453","550","0"
"BroadleafCommerce","27d1d3f1bb71de25bcdce0eeb55b4a44b5b2dade","core/broadleaf-framework/src/main/java/org/broadleafcommerce/core/catalog/domain/ProductImpl.java","72","0","1","94","839","1006","0"
"elasticsearch","15db5b98d200acf492068dcfbc404997a3f69542","src/main/java/org/elasticsearch/common/geo/GeoHashUtils.java","72","0","10","2","314","482","0"
"orientdb","0d4f28534ef36cda6d883170883ca892ae57dec8","core/src/main/java/com/orientechnologies/orient/core/Orient.java","72","0","10","54","658","898","1"
"orientdb","23176dc34a7e7079a01b87f9c77bf1bfa356bd50","core/src/main/java/com/orientechnologies/orient/core/Orient.java","72","0","10","54","658","899","0"
"elasticsearch","977712f9773c3eecea3958a5b8ddf934207775a6","core/src/test/java/org/elasticsearch/search/fetch/subphase/highlight/HighlightBuilderTests.java","72","0","12","7","578","737","1"
"elasticsearch","634ce90dc06f20888a4ff655985a6baccf25a7db","core/src/test/java/org/elasticsearch/search/fetch/subphase/highlight/HighlightBuilderTests.java","72","0","12","7","579","738","0"
"elasticsearch","82fa531ab4c1fb087d357ff15288c070d7393378","core/src/test/java/org/elasticsearch/search/fetch/subphase/highlight/HighlightBuilderTests.java","72","0","12","7","579","738","0"
"elasticsearch","2f8def11b5109eb80b47422a200bf7b7e07c8467","core/src/test/java/org/elasticsearch/search/fetch/subphase/highlight/HighlightBuilderTests.java","72","0","12","7","579","738","2"
"elasticsearch","577dcb32374cf2528a5deadf0a57f1ea1d5a9cbd","core/src/test/java/org/elasticsearch/discovery/DiscoveryWithServiceDisruptionsIT.java","72","0","14","6","967","1371","0"
"elasticsearch","c1156283c7a66466f655d980ca4e7d1bdf12b7d3","core/src/test/java/org/elasticsearch/common/cache/CacheTests.java","72","0","14","8","494","699","0"
"elasticsearch","ba63d57e825398bba5d17b18df2b40176833ee07","core/src/main/java/org/elasticsearch/cluster/routing/allocation/decider/DiskThresholdDecider.java","72","0","16","4","400","576","1"
"MapDB","ed1119fe8a34047fc684d585c7ac95020c90dd14","src/main/java/org/mapdb/Bind.java","72","0","17","0","307","756","0"
"elasticsearch","bf7f97d22fe41433bacb45e4f6479665612d0762","src/main/java/org/elasticsearch/common/lucene/Lucene.java","72","0","17","21","418","565","0"
"elasticsearch","5bfd75e489ef8a21e8deb4333888d50d779aaad5","src/main/java/org/elasticsearch/common/lucene/Lucene.java","72","0","17","21","419","567","2"
"elasticsearch","92ae3c84fe7ed25b3d0b1c5002c1f69bb08db648","src/main/java/org/elasticsearch/common/lucene/Lucene.java","72","0","18","21","424","576","1"
"elasticsearch","6bbcc34061695a2a61fcb9303a58739a765b2014","src/main/java/org/elasticsearch/cluster/metadata/MetaDataMappingService.java","72","0","2","15","480","637","1"
"BroadleafCommerce","9fcc89a3f957e49c24289922678c133eb65060e0","core/broadleaf-framework/src/main/java/org/broadleafcommerce/core/search/service/solr/SolrSearchServiceImpl.java","72","0","2","15","500","752","1"
"BroadleafCommerce","487bcf043cb12f9dc30eda0064e00026ffc017ee","core/broadleaf-framework/src/main/java/org/broadleafcommerce/core/search/service/solr/SolrSearchServiceImpl.java","72","0","2","15","501","753","9"
"elasticsearch","3c2dd959cb7ec219123311a4fde2254042557202","modules/elasticsearch/src/main/java/org/elasticsearch/index/store/Store.java","72","0","2","16","484","606","0"
"elasticsearch","75f522adaa20f286505ae7151a0598a77c077d2c","modules/elasticsearch/src/main/java/org/elasticsearch/index/store/Store.java","72","0","2","16","485","607","0"
"elasticsearch","a70fd88d623cfe928d4e5cfd98ea4a4f56d22412","src/main/java/org/elasticsearch/cluster/metadata/MetaDataMappingService.java","72","0","2","2","373","489","1"
"BroadleafCommerce","7b9aa55bd6d500883c6c7f76960b38c364d327ae","core/broadleaf-framework/src/main/java/org/broadleafcommerce/core/offer/service/discount/domain/PromotableOrderItemPriceDetailImpl.java","72","0","2","28","409","541","2"
"BroadleafCommerce","37e793da422e9a294738995ebf0f37be884bf5fd","core/broadleaf-framework/src/main/java/org/broadleafcommerce/core/offer/service/discount/domain/PromotableOrderItemPriceDetailImpl.java","72","0","2","30","416","550","0"
"BroadleafCommerce","150979880d535c0bf00fb5aa86c7607f6df0e8d0","core/broadleaf-framework/src/main/java/org/broadleafcommerce/core/offer/service/discount/domain/PromotableOrderItemPriceDetailImpl.java","72","0","2","30","417","551","0"
"BroadleafCommerce","dec5875d19f0949821afd04dc6435068612ed7c2","core/broadleaf-framework/src/main/java/org/broadleafcommerce/core/offer/service/discount/domain/PromotableOrderItemPriceDetailImpl.java","72","0","2","30","417","551","0"
"BroadleafCommerce","f4eeb23940944a32d5ddd3d6ea534798c55cfa34","core/broadleaf-framework/src/main/java/org/broadleafcommerce/core/offer/service/discount/domain/PromotableOrderItemPriceDetailImpl.java","72","0","2","30","417","551","0"
"BroadleafCommerce","47e5db9af2ccf5f565cd7d729aad0f5985f26d2e","core/broadleaf-framework/src/main/java/org/broadleafcommerce/core/offer/service/discount/domain/PromotableOrderItemPriceDetailImpl.java","72","0","2","30","417","551","1"
"elasticsearch","c49276cda71e2282ec8204e485556965f5541bdb","src/test/java/org/elasticsearch/search/aggregations/bucket/StringTermsTests.java","72","0","2","38","927","1182","0"
"elasticsearch","4a48b93cf5e35017b635256720e5f767c9583715","src/test/java/org/elasticsearch/search/highlight/HighlighterSearchTests.java","72","0","2","74","2148","2738","0"
"mcMMO","857e12b96edf68bc2e2fdbdf72659ce82612bda1","src/main/java/com/gmail/nossr50/datatypes/player/McMMOPlayer.java","72","0","23","65","555","871","0"
"mcMMO","bf4e8d43ea3a946946c7a0576d816f2280a7f361","src/main/java/com/gmail/nossr50/datatypes/player/McMMOPlayer.java","72","0","25","63","586","931","0"
"elasticsearch","91c7892305472040ea42aead4ba755f0f9736c8b","src/main/java/org/elasticsearch/cluster/node/DiscoveryNodes.java","72","0","26","32","430","654","0"
"hazelcast","cd050d40b89556974e91deed3634f1049fb61a72","hazelcast/src/main/java/com/hazelcast/config/Config.java","72","0","28","99","884","1216","1"
"hazelcast","4e5ee0b7ce47bc6549852d65f60e4f72da388509","hazelcast/src/main/java/com/hazelcast/config/Config.java","72","0","28","99","887","1216","0"
"hazelcast","e16a25bd9cf57da3196f3374707ac2effb44a6a4","hazelcast/src/main/java/com/hazelcast/instance/Node.java","72","0","3","37","585","727","1"
"hazelcast","8f706352ccb43698b7a679ee9dd8e03d56d0540c","hazelcast/src/main/java/com/hazelcast/map/proxy/MapProxyImpl.java","72","0","3","60","607","723","0"
"titan","3c93acd5dc33f8e8adc86a2de7fe72bd25496b9a","titan-core/src/main/java/com/thinkaurelius/titan/graphdb/database/StandardTitanGraph.java","72","0","4","22","427","538","1"
"titan","7130ed23b24f93a9fa5a82b81e58529abeb3d6bd","titan-core/src/main/java/com/thinkaurelius/titan/graphdb/database/StandardTitanGraph.java","72","0","4","22","430","545","0"
"orientdb","c902353d86924562826c9114fd6a1242a65ada6d","core/src/test/java/com/orientechnologies/orient/core/storage/impl/local/paginated/wal/WriteAheadLogTest.java","72","0","4","51","1779","2478","0"
"elasticsearch","e530f03b9445e98728b5fbf203c57ab774928ff3","src/main/java/org/elasticsearch/cluster/node/DiscoveryNodes.java","72","0","4","52","420","531","0"
"orientdb","c44bbca080721b05af1db86562a16b199916fd3c","core/src/main/java/com/orientechnologies/orient/core/index/OIndexManagerShared.java","72","0","4","7","407","566","0"
"orientdb","3f28ff06185bd235ca8826f55424bde1c90730f5","core/src/main/java/com/orientechnologies/orient/core/index/OIndexManagerShared.java","72","0","4","7","433","612","0"
"netty","57a8a9fd983a6030de81c99c7b4518ac40d9195e","codec-http/src/main/java/io/netty/handler/codec/http/HttpHeaders.java","72","0","49","3","532","1335","0"
"netty","97f2fa734133bde9aff1a572aef2f0620542cfa6","transport/src/main/java/io/netty/channel/nio/NioEventLoop.java","72","0","5","0","434","607","1"
"orientdb","5dba6939d0f7f705d8bb1265a2108879bab80d75","core/src/main/java/com/orientechnologies/orient/core/type/tree/OMVRBTreeRID.java","72","0","5","41","445","603","0"
"hazelcast","cd3feee000a902c92572be92c3f16c710b10cd4e","hazelcast/src/main/java/com/hazelcast/map/DefaultRecordStore.java","72","0","5","49","775","947","4"
"orientdb","da2c273f3ec76741350411b7b94cbea52c0102a7","core/src/main/java/com/orientechnologies/orient/core/config/OStorageConfiguration.java","72","0","5","71","705","972","1"
"BroadleafCommerce","c516cabb696094b0e0614b6aa6b673e178c0574a","admin/broadleaf-open-admin-platform/src/main/java/org/broadleafcommerce/openadmin/web/form/entity/EntityForm.java","72","0","6","60","459","639","2"
"orientdb","71c1ac0b4ae14446a07814dd2ea75d1256785b10","distributed/src/test/java/com/orientechnologies/orient/server/distributed/DistributedDatabaseCRUDTest.java","72","0","7","8","466","597","0"
"elasticsearch","e730c76be702df42954bd3a92fb34d10c44bb127","src/main/java/org/elasticsearch/index/snapshots/blobstore/BlobStoreIndexShardRepository.java","72","0","8","4","608","888","1"
"elasticsearch","c381a64c66ee742296603969febebe14ac4dd0cb","src/main/java/org/elasticsearch/index/snapshots/blobstore/BlobStoreIndexShardRepository.java","72","0","8","6","578","849","1"
"elasticsearch","3e32dd985aabfa5ee653b26bcb6ff97c74a426a2","src/main/java/org/elasticsearch/index/snapshots/blobstore/BlobStoreIndexShardRepository.java","72","0","8","6","581","853","1"
"orientdb","b10e928ecf2350b88c9661ab8c40f3e54a901a7b","server/src/main/java/com/orientechnologies/orient/server/OClientConnectionManager.java","72","0","9","13","375","538","0"
"hazelcast","479da5ad5621925d10c771225bf3755bb52bc642","hazelcast/src/main/java/com/hazelcast/instance/DefaultAddressPicker.java","73","0","0","0","348","430","0"
"hazelcast","0275327064e50bc2cabc9a00e48f82f7bd71e0ba","hazelcast/src/main/java/com/hazelcast/instance/DefaultAddressPicker.java","73","0","0","0","388","470","2"
"antlr4","2ffb12028a9eefcf7fa4bc617e10e05eb3c05d5c","runtime/Java/src/org/antlr/v4/runtime/atn/ATNSimulator.java","73","0","0","10","300","443","1"
"antlr4","e0e6e0a94c09b6a2a3528bd7f30d0514e6964418","runtime/Java/src/org/antlr/v4/runtime/atn/ATNSimulator.java","73","0","0","10","301","444","0"
"ceylon-ide-eclipse","d97dcb889258ac748139dde5679efa447466d141","plugins/com.redhat.ceylon.eclipse.ui/src/com/redhat/ceylon/eclipse/code/complete/RefinementCompletionProposal.java","73","0","0","11","657","735","1"
"hazelcast","bcf85f4b08271a829c66a91e67bb4c663b85500d","hazelcast/src/test/java/com/hazelcast/mapreduce/MapReduceTest.java","73","0","0","114","1178","1523","1"
"hazelcast","d07baab88c64d0213f0b3fdbb614364aa256498e","hazelcast/src/test/java/com/hazelcast/mapreduce/MapReduceTest.java","73","0","0","114","1178","1523","1"
"hazelcast","637ea9dd92a5d33c5591a32442da6597e713c3b1","hazelcast/src/test/java/com/hazelcast/mapreduce/MapReduceTest.java","73","0","0","114","1178","1523","0"
"hazelcast","525c34cddd7f4e08d674611e177bab103e4d1881","hazelcast/src/main/java/com/hazelcast/impl/TcpIpJoiner.java","73","0","0","13","359","412","1"
"hazelcast","82fcc4c7c87097d1719bb56112aec0fafdb6bc0e","hazelcast/src/main/java/com/hazelcast/impl/TcpIpJoiner.java","73","0","0","13","360","413","0"
"hazelcast","8aa6fb962fadb8facc02fce4b33400b1e1621f69","hazelcast-client/src/main/java/com/hazelcast/client/connection/nio/ClientConnectionManagerImpl.java","73","0","0","18","583","683","0"
"hazelcast","9a12d6357cf48534678723286b4741f55eb7009c","hazelcast-client/src/main/java/com/hazelcast/client/connection/nio/ClientConnectionManagerImpl.java","73","0","0","18","583","683","0"
"hazelcast","b0662ce83b466318ce8dcec13428846b1b190aaf","hazelcast-client/src/main/java/com/hazelcast/client/connection/nio/ClientConnectionManagerImpl.java","73","0","0","18","583","683","0"
"hazelcast","d53aac421cbf93fdbddb3fecf663800f21c4b638","hazelcast-client/src/main/java/com/hazelcast/client/connection/nio/ClientConnectionManagerImpl.java","73","0","0","18","583","683","0"
"hazelcast","d970bf3b8587e0239c966aafbae6f247714e70b0","hazelcast-client/src/main/java/com/hazelcast/client/connection/nio/ClientConnectionManagerImpl.java","73","0","0","18","583","683","2"
"hazelcast","387eff3009410f7fd9136ad7065c20d980083f07","hazelcast-client/src/main/java/com/hazelcast/client/connection/nio/ClientConnectionManagerImpl.java","73","0","0","18","607","710","2"
"hazelcast","1e1f8e0050a31fb5896f6475634f26775fac5ec1","hazelcast/src/main/java/com/hazelcast/impl/ExecutorManager.java","73","0","0","18","639","734","0"
"ceylon-ide-eclipse","13bcb5481a19373a0ab0c16d7727c7386bebc4da","plugins/com.redhat.ceylon.eclipse.ui/src/com/redhat/ceylon/eclipse/code/refactor/RenameRefactoring.java","73","0","0","20","591","656","1"
"elasticsearch","be2a6ce80b2282779159bc017352aa6f216349e2","test/framework/src/main/java/org/elasticsearch/transport/AbstractSimpleTransportTestCase.java","73","0","0","54","1745","2167","0"
"elasticsearch","f8df2a22e9171e07125e17f8dd95da2eeb89fe3f","test/framework/src/main/java/org/elasticsearch/transport/AbstractSimpleTransportTestCase.java","73","0","0","54","1745","2167","0"
"elasticsearch","99262e26a08f39f7ae98b407fc2934c9fec4fc91","test/framework/src/main/java/org/elasticsearch/transport/AbstractSimpleTransportTestCase.java","73","0","0","54","1745","2167","1"
"hazelcast","9f328452bc1cab61e9a08860fb433be3c5223eb6","hazelcast-client/src/main/java/com/hazelcast/client/config/XmlClientConfigBuilder.java","73","0","0","8","328","378","1"
"ceylon-ide-eclipse","5b4c3eac8a7c12c0125a77343e602b4e73083595","plugins/com.redhat.ceylon.eclipse.ui/src/com/redhat/ceylon/eclipse/code/complete/CompletionUtil.java","73","0","0","9","277","304","0"
"elasticsearch","9539661d40d5eb219f68e1298feddb9359b4a14d","src/main/java/org/elasticsearch/indices/recovery/RecoveryTarget.java","73","0","1","11","502","652","0"
"hazelcast","1dcfce8bbf23be95e7eb9414a1ddbbd2c633d083","hazelcast-client/src/main/java/com/hazelcast/client/connection/nio/ClientConnectionManagerImpl.java","73","0","1","12","585","700","2"
"elasticsearch","4a9faac470f57d8803fed4d29e15177766437734","src/main/java/org/elasticsearch/cluster/metadata/MetaDataCreateIndexService.java","73","0","1","19","465","597","0"
"elasticsearch","a8e43578a256f7ab87e3c210349ba15d4f778d20","src/main/java/org/elasticsearch/cluster/metadata/MetaDataCreateIndexService.java","73","0","1","19","465","598","0"
"elasticsearch","a44655763e150522d58cbd8113fb1b30a475b8c7","core/src/main/java/org/elasticsearch/gateway/PrimaryShardAllocator.java","73","0","1","2","371","519","0"
"elasticsearch","d3cef85352ac9db90c7b603d18e22d78e9f8875c","core/src/main/java/org/elasticsearch/cluster/metadata/MetaDataCreateIndexService.java","73","0","1","4","461","567","6"
"hazelcast","72b5f660eaa15e56d6f7e9295b4519dc5e83be40","hazelcast/src/main/java/com/hazelcast/spi/impl/operationservice/impl/Invocation.java","73","0","1","4","524","758","2"
"MapDB","b84df1ab7522f9d0e6161dee0cb0261cf8e07297","src/main/java/org/mapdb/Volume.java","73","0","10","71","593","824","0"
"elasticsearch","371c73e14023917f3892090d2d3d7ff9ac1216b9","core/src/main/java/org/elasticsearch/common/xcontent/XContentBuilder.java","73","0","10","91","733","961","3"
"elasticsearch","78574d248cf10dad1c5a566fda79e1e0c94afe43","core/src/main/java/org/elasticsearch/common/xcontent/XContentBuilder.java","73","0","10","91","733","961","2"
"elasticsearch","e6aaaf11ed4a1b8f595f920de1840938eddb7a97","core/src/main/java/org/elasticsearch/common/xcontent/XContentBuilder.java","73","0","10","91","733","961","2"
"elasticsearch","a60b8948ba1d836a6eac7cff095519e618939ed8","core/src/main/java/org/elasticsearch/common/xcontent/XContentBuilder.java","73","0","10","91","733","961","0"
"elasticsearch","ce32b959fdcdaf5f3a78df9bf2d8039082735940","core/src/main/java/org/elasticsearch/index/mapper/MapperService.java","73","0","11","16","499","672","2"
"elasticsearch","a2796b555f5c174f78303a2ce0c5a6439259f84b","core/src/main/java/org/elasticsearch/index/mapper/MapperService.java","73","0","11","16","501","673","1"
"elasticsearch","ef592a8e17e16104faa9a5c3b6dc06016ba49a01","core/src/main/java/org/elasticsearch/indices/IndicesService.java","73","0","15","7","605","814","1"
"elasticsearch","76c472973ed6b05b389202fbeb2b6997be94b476","core/src/main/java/org/elasticsearch/indices/IndicesService.java","73","0","15","7","605","815","1"
"elasticsearch","ac951e86d15ce1571d72de3a85c8cfff1524867e","core/src/main/java/org/elasticsearch/indices/IndicesService.java","73","0","15","7","618","833","3"
"BroadleafCommerce","39c0224b62926017aec5317a9f58c7a692c804e0","admin/broadleaf-open-admin-platform/src/main/java/org/broadleafcommerce/openadmin/web/controller/entity/AdminBasicEntityController.java","73","0","18","1","751","1260","5"
"elasticsearch","25fd9e26c4fb042d6f6dea14efcd239577bdbbc4","core/src/main/java/org/elasticsearch/cluster/routing/IndexRoutingTable.java","73","0","19","16","380","583","0"
"orientdb","29da058c3bc239cf1911da86b63d76a2071dcd28","core/src/main/java/com/orientechnologies/orient/core/sql/filter/OSQLPredicate.java","73","0","2","10","306","439","1"
"orientdb","6ea7a314d355c6a751a849d1a8f14772fd70d920","core/src/main/java/com/orientechnologies/orient/core/sql/filter/OSQLPredicate.java","73","0","2","10","309","446","0"
"orientdb","1e118bb70cd79f6c0a9146563e487a477ec555e0","client/src/main/java/com/orientechnologies/orient/client/binary/OChannelBinaryAsynchClient.java","73","0","2","13","346","471","0"
"orientdb","9efe2cd66c4553dc020f53673075962644a035b1","client/src/main/java/com/orientechnologies/orient/client/binary/OChannelBinaryAsynchClient.java","73","0","2","13","346","471","0"
"orientdb","e524fc0234f83776efd52c68dc390663e2a82146","client/src/main/java/com/orientechnologies/orient/client/binary/OChannelBinaryAsynchClient.java","73","0","2","13","346","471","2"
"orientdb","694179bbd708b0a0ab131849e7132dbf55ba1a0b","client/src/main/java/com/orientechnologies/orient/client/binary/OChannelBinaryAsynchClient.java","73","0","2","13","347","466","0"
"orientdb","d5de1f43a68d18cac57c872237e61e2da12355c5","client/src/main/java/com/orientechnologies/orient/client/binary/OChannelBinaryAsynchClient.java","73","0","2","13","350","470","0"
"BroadleafCommerce","da98c51911c40296d2785f26e37b08f82c354192","core/broadleaf-framework/src/main/java/org/broadleafcommerce/core/search/service/solr/SolrSearchServiceImpl.java","73","0","2","13","503","756","7"
"orientdb","2a6ac8ff07e7e61f693f39fade49158f94c97e0c","client/src/main/java/com/orientechnologies/orient/client/binary/OChannelBinaryAsynchClient.java","73","0","2","15","360","488","0"
"elasticsearch","7fc494727183fa1c6d4ba37bc38eccf1d2eadff9","src/main/java/org/elasticsearch/cluster/metadata/MetaDataMappingService.java","73","0","2","15","483","641","0"
"elasticsearch","1d7e20b7121537fb32cc3f1e3300e85bad3a014e","src/main/java/org/elasticsearch/cluster/metadata/MetaDataMappingService.java","73","0","2","18","483","639","0"
"elasticsearch","2c2f2fe16ab758ab1d43caeeadf912f0d69b53d0","src/main/java/org/elasticsearch/cluster/metadata/MetaDataMappingService.java","73","0","2","2","377","493","0"
"elasticsearch","1d1225b87c77fd72ffd28cfe51cf070eff5a0522","src/main/java/org/elasticsearch/index/mapper/attachment/AttachmentMapper.java","73","0","2","23","381","534","6"
"elasticsearch","7c1c2011bc1400cc3b8d75b66c3d7c6696795166","src/main/java/org/elasticsearch/index/mapper/attachment/AttachmentMapper.java","73","0","2","23","381","535","6"
"netty","91db4b71b2247ed99ef2dba8f914618564b13313","transport-native-epoll/src/main/java/io/netty/channel/epoll/EpollDatagramChannel.java","73","0","2","23","478","621","0"
"neo4j","868b4d731485023d2f7477e1133dcd5b263c851d","community/kernel/src/main/java/org/neo4j/unsafe/batchinsert/BatchInserterImpl.java","73","0","2","26","1115","1292","0"
"neo4j","a93c570faa774c1a40b635b6a3e6d8ccb61a99e8","community/kernel/src/main/java/org/neo4j/unsafe/batchinsert/BatchInserterImpl.java","73","0","2","26","1125","1304","1"
"elasticsearch","c1721c6d7945fa6019b587c31c77d0d1aff36c6c","core/src/main/java/org/elasticsearch/cluster/metadata/MetaDataCreateIndexService.java","73","0","2","3","446","579","1"
"elasticsearch","cc2743743c90a117a64bb0c10d1e16e6e1a7e864","core/src/main/java/org/elasticsearch/cluster/metadata/MetaDataCreateIndexService.java","73","0","2","3","446","581","1"
"elasticsearch","7ff12a5bd96847db625e5d008ea5cd7040cca735","src/main/java/org/elasticsearch/index/get/ShardGetService.java","73","0","2","4","296","368","0"
"elasticsearch","14ba36977ed24fd670005800547541a4f2cdfa3a","core/src/main/java/org/elasticsearch/action/bulk/BulkRequest.java","73","0","20","14","419","594","1"
"MapDB","5dc3c9b2bd6c92a6ee239ea3a63d43ddbd53e741","src/main/java/org/mapdb/SerializerPojo.java","73","0","3","10","495","711","0"
"BroadleafCommerce","5fc2059548ec2853d8ff7f828e32709e871ec5e2","core/broadleaf-framework/src/main/java/org/broadleafcommerce/core/search/service/solr/SolrSearchServiceImpl.java","73","0","3","13","506","771","9"
"hazelcast","03567d900333ef3328c1b801dd974254ea97bb17","hazelcast/src/main/java/com/hazelcast/internal/cluster/impl/ClusterHeartbeatManager.java","73","0","3","2","483","706","0"
"elasticsearch","abf9a866788b2fab855b50728670e2aa2dd42c5a","src/main/java/org/elasticsearch/index/mapper/core/DateFieldMapper.java","73","0","3","27","446","552","1"
"netty","467e5a1019675619b69dec9a32969897014549df","codec-http2/src/main/java/io/netty/handler/codec/http2/DefaultHttp2FrameReader.java","73","0","3","8","542","737","0"
"netty","731f52fdf73852a8fc597b1f08ed86b63caee375","codec-http2/src/main/java/io/netty/handler/codec/http2/DefaultHttp2FrameReader.java","73","0","3","8","544","739","1"
"antlr4","2da28ee5b23aa18d907625cde54cf7d71cd68801","runtime/Java/src/org/antlr/v4/runtime/Parser.java","73","0","33","34","548","1048","0"
"elasticsearch","7adf9929bae22049d157676756b49597bca98426","core/src/main/java/org/elasticsearch/plugins/PluginsService.java","73","0","4","13","400","547","1"
"elasticsearch","3787ea27bf1b33b8005547969b358b8d19fddc8f","core/src/main/java/org/elasticsearch/cluster/metadata/MetaDataCreateIndexService.java","73","0","4","2","448","590","0"
"elasticsearch","923820c6c9b57031185e65d594de9eba771ae91b","core/src/main/java/org/elasticsearch/cluster/metadata/MetaDataCreateIndexService.java","73","0","4","2","456","597","2"
"elasticsearch","495bf21b461ee15834a81b8f6a1b2311e4058bf6","core/src/main/java/org/elasticsearch/cluster/metadata/MetaDataCreateIndexService.java","73","0","4","2","464","607","0"
"elasticsearch","2620200ff7d945c5bc17d2b854b4a6a92fd2120e","core/src/main/java/org/elasticsearch/cluster/metadata/MetaDataCreateIndexService.java","73","0","4","2","466","609","0"
"ceylon-ide-eclipse","61193167d90dcc68b17733d1a0fb89f1be06e1f2","plugins/com.redhat.ceylon.eclipse.ui/src/com/redhat/ceylon/eclipse/util/EditorUtil.java","73","0","4","21","453","631","0"
"elasticsearch","31b0777c911a87b7ebae0efd7d5b14d1e06f3879","core/src/main/java/org/elasticsearch/cluster/routing/allocation/AllocationService.java","73","0","4","4","433","616","0"
"netty","f4c18c6e744564442a0ffdd229a9d8dba608f9ad","transport/src/main/java/io/netty/channel/nio/NioEventLoop.java","73","0","5","0","440","617","0"
"orientdb","f426125219187319e7bc221053a7185337d409bb","core/src/main/java/com/orientechnologies/orient/core/storage/impl/local/paginated/atomicoperations/OAtomicOperationsManager.java","73","0","5","13","439","628","2"
"elasticsearch","df59288b729a0712dc0783eebb92661507bbef91","src/main/java/org/elasticsearch/index/mapper/core/CompletionFieldMapper.java","73","0","5","26","459","562","1"
"netty","313f777491e25ceb76c7b5bafb8668dc4559c046","transport/src/main/java/io/netty/channel/AbstractChannel.java","73","0","5","30","603","772","2"
"elasticsearch","10f2e0e2ba3e7bf7b9961e587b28d0c4377ac261","src/main/java/org/elasticsearch/search/builder/SearchSourceBuilder.java","73","0","52","10","568","919","1"
"elasticsearch","78608536e2962a09fe6a1718f7ec71bd2615eab3","src/main/java/org/elasticsearch/search/builder/SearchSourceBuilder.java","73","0","52","10","569","920","0"
"elasticsearch","99714ee1bd991fed204620c32e9f59a323018d2f","src/main/java/org/elasticsearch/index/snapshots/blobstore/BlobStoreIndexShardRepository.java","73","0","8","6","595","867","3"
"neo4j","1c7b97993abf222aa93945484a0d821619a87119","community/server/src/main/java/org/neo4j/server/rest/web/DatabaseActions.java","73","0","9","64","1285","1490","0"
"netty","1856ab3a3516435f5481ff9a3a06233b849b46e7","resolver-dns/src/main/java/io/netty/resolver/dns/DnsNameResolverContext.java","74","0","0","0","409","531","1"
"netty","fdfe3149ba3f68678fa7f73c574c7c61aa33fa2f","resolver-dns/src/main/java/io/netty/resolver/dns/DnsNameResolverContext.java","74","0","0","0","409","531","1"
"netty","719d1dbad1078ea20ea385bd9f2c16847dcb81ae","resolver-dns/src/main/java/io/netty/resolver/dns/DnsNameResolverContext.java","74","0","0","0","409","531","0"
"hazelcast","fcb85d5ce8c3887b875376ea1f986c03201d9f7c","hazelcast-client-new/src/main/java/com/hazelcast/client/cache/impl/AbstractClientInternalCacheProxy.java","74","0","0","0","658","786","0"
"hazelcast","ccc4cf5c5afe3eadfdb39332f605f2157820ee89","hazelcast-client-new/src/main/java/com/hazelcast/client/cache/impl/AbstractClientInternalCacheProxy.java","74","0","0","0","659","787","1"
"hazelcast","5917446b9901b1bc4ab314eb8c106e22ca50f3e3","hazelcast-client-new/src/main/java/com/hazelcast/client/cache/impl/AbstractClientInternalCacheProxy.java","74","0","0","0","665","793","2"
"hazelcast","a86c7b49e493bbffe907e51e94b0de2e6822840a","hazelcast-client-new/src/main/java/com/hazelcast/client/cache/impl/AbstractClientInternalCacheProxy.java","74","0","0","0","665","793","1"
"hazelcast","bc945190541c07a740026d0e1d81368a2d79d78e","hazelcast-client-new/src/main/java/com/hazelcast/client/cache/impl/AbstractClientInternalCacheProxy.java","74","0","0","0","665","793","1"
"hazelcast","e66fb39e67a4af42599769e1b854921f5f8edfc5","hazelcast-client-new/src/main/java/com/hazelcast/client/cache/impl/AbstractClientInternalCacheProxy.java","74","0","0","0","665","793","0"
"hazelcast","49bc95f245df5503b44ba497a51ae534883f2f4f","hazelcast-client-new/src/main/java/com/hazelcast/client/cache/impl/AbstractClientInternalCacheProxy.java","74","0","0","0","670","799","1"
"ceylon-ide-eclipse","0445c0d9f7252a4abffb6d88f8f315862950bef1","plugins/com.redhat.ceylon.eclipse.ui/src/com/redhat/ceylon/eclipse/code/wizard/NewUnitWizardPage.java","74","0","0","0","675","763","1"
"hazelcast","42e5849f7ebce11fa76d0780610fba85b1818987","hazelcast-client/src/main/java/com/hazelcast/client/connection/nio/ClientConnectionManagerImpl.java","74","0","0","18","586","683","0"
"hazelcast","92423641d487bee46abc843a84b15b0c7891bb52","hazelcast-client/src/main/java/com/hazelcast/client/connection/nio/ClientConnectionManagerImpl.java","74","0","0","18","586","686","1"
"hazelcast","fb7193109a7b7ad79fb0bdbded7a7283f217273b","hazelcast-client/src/main/java/com/hazelcast/client/connection/nio/ClientConnectionManagerImpl.java","74","0","0","18","602","698","2"
"hazelcast","315a9c3783de45a3b9a77ec6b08fd9395afca178","hazelcast-client/src/main/java/com/hazelcast/client/connection/nio/ClientConnectionManagerImpl.java","74","0","0","19","618","722","2"
"hazelcast","59101aa55fd974c1edc8100b424c001864118ed2","hazelcast-client/src/main/java/com/hazelcast/client/connection/nio/ClientConnectionManagerImpl.java","74","0","0","19","618","722","1"
"hazelcast","8abd442f52604f881a8f707a91f3ca9688d79c0d","hazelcast-client/src/main/java/com/hazelcast/client/connection/nio/ClientConnectionManagerImpl.java","74","0","0","19","618","722","0"
"netty","4e04b63746d66aa1c1ef38d1505a9f0cdd62c26b","handler/src/test/java/io/netty/handler/ssl/SSLEngineTest.java","74","0","0","21","1339","1659","1"
"ceylon-ide-eclipse","cf5a24135ffd08d5075cf6c06bec5c00d68ade71","plugins/com.redhat.ceylon.eclipse.ui/src/com/redhat/ceylon/eclipse/util/FindReferencesVisitor.java","74","0","0","21","373","413","0"
"netty","e9fa40d7707d08ecc3c1f649a13817670b76613a","handler/src/test/java/io/netty/handler/ssl/SSLEngineTest.java","74","0","0","22","1370","1698","0"
"hazelcast","fb7193109a7b7ad79fb0bdbded7a7283f217273b","hazelcast/src/main/java/com/hazelcast/spi/impl/ProxyServiceImpl.java","74","0","0","23","539","655","0"
"elasticsearch","04e08f5e491477f573b9e3ac19ee4b57cf7886db","test/framework/src/main/java/org/elasticsearch/transport/AbstractSimpleTransportTestCase.java","74","0","0","53","1697","2115","3"
"elasticsearch","186c16ea41406b284bce896ab23771a93e93e7ec","test/framework/src/main/java/org/elasticsearch/transport/AbstractSimpleTransportTestCase.java","74","0","0","56","1798","2256","0"
"mcMMO","b50ba9c02edbf8418b4c065589dd242438333838","src/main/java/com/gmail/nossr50/skills/alchemy/AlchemyPotionBrewer.java","74","0","0","6","279","354","1"
"mcMMO","a2e32179bb6f32a59d07c8f66a6b742c966b6623","src/main/java/com/gmail/nossr50/skills/alchemy/AlchemyPotionBrewer.java","74","0","0","6","279","354","1"
"mcMMO","6264bfa15faaeda7141aba6048310532249e01c1","src/main/java/com/gmail/nossr50/skills/alchemy/AlchemyPotionBrewer.java","74","0","0","6","279","354","0"
"mcMMO","976c3b84949c7f4b5f7c79691fd575afbcde4000","src/main/java/com/gmail/nossr50/skills/alchemy/AlchemyPotionBrewer.java","74","0","0","6","283","359","0"
"mcMMO","f3db90b6a9ba7d4cbfd1659f5f0ea29a8466c664","src/main/java/com/gmail/nossr50/skills/alchemy/AlchemyPotionBrewer.java","74","0","0","6","287","364","0"
"elasticsearch","3764789d9641b37d78791b83b9293611261298ff","modules/lang-painless/src/main/java/org/elasticsearch/painless/node/EChain.java","74","0","1","1","246","332","1"
"orientdb","020cc218f257d4c81cb643f7c0928ecd00bf3835","distributed/src/main/java/com/orientechnologies/orient/server/hazelcast/OHazelcastDistributedDatabase.java","74","0","1","10","413","576","2"
"orientdb","3b414feb4ea5748d789dad66c6f647ecc8960054","distributed/src/main/java/com/orientechnologies/orient/server/hazelcast/OHazelcastDistributedDatabase.java","74","0","1","10","426","597","3"
"orientdb","0e868f07cc1b57e059f5c0b6eb9f32f5475fce81","distributed/src/main/java/com/orientechnologies/orient/server/hazelcast/OHazelcastDistributedDatabase.java","74","0","1","10","428","600","3"
"orientdb","84e45164d687eee7e2564953cc0b84a6cdad50b7","distributed/src/main/java/com/orientechnologies/orient/server/hazelcast/OHazelcastDistributedDatabase.java","74","0","1","10","431","602","0"
"elasticsearch","bfdf8fe5905553e0b60046c2973d3829947a979c","src/main/java/org/elasticsearch/indices/recovery/RecoveryTarget.java","74","0","1","11","506","657","0"
"elasticsearch","541acc7e9b1118d50a5989cafa67689316549dbc","src/main/java/org/elasticsearch/indices/recovery/RecoveryTarget.java","74","0","1","11","529","675","0"
"elasticsearch","694bf287d682d1bd7dcafe7289e4a5f2bb5830da","src/main/java/org/elasticsearch/indices/recovery/RecoveryTarget.java","74","0","1","11","529","675","0"
"elasticsearch","8713a090c2096bea7927590ab02302740021a0f3","src/main/java/org/elasticsearch/indices/recovery/RecoveryTarget.java","74","0","1","11","529","675","0"
"elasticsearch","0457b0b76522586e4c8255e0246aa177f1ae8a89","src/main/java/org/elasticsearch/indices/recovery/RecoveryTarget.java","74","0","1","11","529","675","1"
"elasticsearch","223550bf3c04769074ca381e6b0d774ef0bf5a3e","src/main/java/org/elasticsearch/indices/recovery/RecoveryTarget.java","74","0","1","11","529","675","1"
"MapDB","72649e80593c3f1fa476c951397a2c9dca467a9c","src/main/java/org/mapdb/StoreAppend.java","74","0","1","13","480","622","1"
"MapDB","00a8930ff0dbd0cf3cc9520013037706899b867d","src/main/java/org/mapdb/StoreAppend.java","74","0","1","13","483","625","0"
"elasticsearch","a914865c4506468f8a9ffee7a6f10400beef3ecf","modules/elasticsearch/src/main/java/org/elasticsearch/indices/cluster/IndicesClusterStateService.java","74","0","1","2","394","499","0"
"elasticsearch","9361e3bd2b94d2d4f6265247ba7ac23d554f2bf5","modules/elasticsearch/src/main/java/org/elasticsearch/indices/cluster/IndicesClusterStateService.java","74","0","1","2","399","511","0"
"elasticsearch","e56d85439c242dee8ce1f8fec9fd59872dd2efb9","src/main/java/org/elasticsearch/http/netty/NettyHttpChannel.java","74","0","1","3","248","303","1"
"elasticsearch","ff5ad39c7a5f8ea21d3ff86d3ce50668602d7a74","core/src/main/java/org/elasticsearch/cluster/metadata/MetaDataCreateIndexService.java","74","0","1","4","451","558","2"
"elasticsearch","889edd00f0de7261a690355129021d2dbeab1aa1","core/src/main/java/org/elasticsearch/cluster/metadata/MetaDataCreateIndexService.java","74","0","1","4","463","569","4"
"hazelcast","cb4ce900c5f9f2a8c5d149103ab1a291ac0cc809","hazelcast/src/main/java/com/hazelcast/spi/impl/operationservice/impl/Invocation.java","74","0","1","4","522","755","1"
"hazelcast","ecf7d42d8c418617ac59c5b3514640984d1e0a4d","hazelcast/src/main/java/com/hazelcast/spi/impl/operationservice/impl/Invocation.java","74","0","1","4","523","761","2"
"elasticsearch","cb34cccc1e58d6cd56efdf7e201ae91c9aaa9beb","src/main/java/org/elasticsearch/plugins/PluginManager.java","74","0","1","5","319","400","0"
"hazelcast","7968ebb273349c63cbdb1158ed5bc47956591e88","hazelcast/src/main/java/com/hazelcast/spi/impl/operationservice/impl/Invocation.java","74","0","1","5","526","765","1"
"elasticsearch","e516051ea536ee633eae17e0af70e2e6084b92a5","modules/test/integration/src/test/java/org/elasticsearch/test/integration/search/child/SimpleChildQuerySearchTests.java","74","0","1","7","511","627","0"
"hazelcast","a02dfded4689a8e2986e8ddde755881248231c54","hazelcast/src/main/java/com/hazelcast/internal/cluster/impl/ClusterJoinManager.java","74","0","1","8","463","563","0"
"MapDB","6329a16bf1c15e891291d9013156bc2623e43255","src/main/java/org/mapdb/StorageJournaled.java","74","0","1","9","452","664","1"
"elasticsearch","7523d0b150ff7b05aa37b5e6edf8216341671b38","src/main/java/org/elasticsearch/common/geo/GeoHashUtils.java","74","0","10","2","316","484","1"
"mcMMO","26c2134484df0cd6b3afab52dd82a795d0ca8430","src/main/java/com/gmail/nossr50/listeners/PlayerListener.java","74","0","13","2","320","477","0"
"mcMMO","31f36935d34167106c2d5317d75a2f49e31c78c7","src/main/java/com/gmail/nossr50/listeners/PlayerListener.java","74","0","13","2","331","493","1"
"elasticsearch","5d5c6591aac41fe32b7e26d66756f466d4746d10","core/src/main/java/org/elasticsearch/index/mapper/MapperService.java","74","0","15","16","502","687","3"
"elasticsearch","06b1d956f80912aaad4d367398a21e7744e67410","core/src/main/java/org/elasticsearch/indices/IndicesService.java","74","0","15","7","600","815","2"
"elasticsearch","c379505525f91d03873442538399cc78f527c582","core/src/main/java/org/elasticsearch/indices/IndicesService.java","74","0","15","7","606","823","3"
"elasticsearch","701dc340a8eeabd059aec57140707c69e371142c","core/src/main/java/org/elasticsearch/indices/IndicesService.java","74","0","15","7","618","835","2"
"elasticsearch","1a8495d1d66df0b53e7aaa001f6236a46473dfd9","core/src/main/java/org/elasticsearch/common/io/stream/StreamOutput.java","74","0","16","25","435","572","1"
"elasticsearch","f64065c9d2b167bc3e9b74d31085c3694f221d81","src/main/java/org/elasticsearch/cluster/metadata/MetaDataMappingService.java","74","0","2","18","471","604","0"
"elasticsearch","663d4eaddb589589c7e0e7531afe5e9c91552dae","src/main/java/org/elasticsearch/index/mapper/attachment/AttachmentMapper.java","74","0","2","23","384","538","6"
"elasticsearch","67ed1823479b5fadc20c0aa54c6c42dfe083cc58","src/main/java/org/elasticsearch/index/mapper/core/DateFieldMapper.java","74","0","2","33","520","628","2"
"elasticsearch","4bdc89fca0ea84c18eaa5b23d28d81c3d3dd3af5","src/main/java/org/elasticsearch/index/mapper/core/DateFieldMapper.java","74","0","2","34","512","620","2"
"elasticsearch","b8be8e432e819de181ceee22e1c664faea3c5b1c","src/main/java/org/elasticsearch/index/mapper/core/DateFieldMapper.java","74","0","2","34","522","631","1"
"hazelcast","565257f977407eb3a0199d082860209c2958f5f9","hazelcast/src/main/java/com/hazelcast/config/AbstractXmlConfigHelper.java","74","0","2","8","414","502","1"
"hazelcast","564167c1f93b32ce742411106e9ae67eae88a801","hazelcast/src/main/java/com/hazelcast/config/AbstractXmlConfigHelper.java","74","0","2","8","415","503","0"
"elasticsearch","4b94eb5cb8cc4294ed0e932a5f22c16bd90d4dd7","core/src/main/java/org/elasticsearch/action/bulk/BulkRequest.java","74","0","20","14","403","571","3"
"elasticsearch","5c4c1c5e157cabace5124c327427e2cf644db9d6","core/src/main/java/org/elasticsearch/action/bulk/BulkRequest.java","74","0","20","14","422","597","0"
"elasticsearch","0f2a11695e9c8c9ebf156f421ccd078d0bbe609b","core/src/main/java/org/elasticsearch/index/query/RangeQueryBuilder.java","74","0","22","4","401","556","0"
"elasticsearch","4bce7271659889d839388d7df5c61a6d2a5c3c7a","core/src/main/java/org/elasticsearch/index/query/SimpleQueryStringBuilder.java","74","0","23","4","418","597","0"
"elasticsearch","1863ab95f862294db7d105717656bd6452eef9d9","core/src/main/java/org/elasticsearch/common/io/stream/StreamOutput.java","74","0","28","28","539","804","1"
"BroadleafCommerce","d0e64544c718798f7fb98f7b9f45620f93ba05a1","core/broadleaf-framework/src/main/java/org/broadleafcommerce/core/search/service/solr/SolrSearchServiceImpl.java","74","0","3","13","507","771","9"
"hazelcast","eb3f7db6bb3750e6648d2a09a52b688045576379","hazelcast/src/main/java/com/hazelcast/internal/cluster/impl/ClusterHeartbeatManager.java","74","0","3","2","489","714","0"
"neo4j","7e1f3697a3610707bf5a979bace81928dbb16462","community/kernel/src/main/java/org/neo4j/kernel/impl/core/NodeImpl.java","74","0","3","21","619","767","0"
"elasticsearch","904bee12bc3a3ea4891fe40e8c894f8a52d174a7","modules/elasticsearch/src/main/java/org/elasticsearch/common/lucene/Lucene.java","74","0","3","28","404","485","0"
"hazelcast","180e363502099ecf28a586bf5b9887e10fc65fab","hazelcast/src/main/java/com/hazelcast/instance/Node.java","74","0","3","37","588","730","0"
"hazelcast","dcd04d993ed814869e810aa138496e3e72ed4a23","hazelcast/src/main/java/com/hazelcast/instance/Node.java","74","0","3","38","593","736","1"
"elasticsearch","130f0f6afdbda1153897f199817b652d1ab9bf2a","src/main/java/org/elasticsearch/index/get/ShardGetService.java","74","0","3","4","309","394","1"
"netty","5b5925065796471c2d00ad53d8aaff888f24b752","codec-http2/src/main/java/io/netty/handler/codec/http2/DefaultHttp2FrameReader.java","74","0","3","8","549","738","0"
"netty","73c4ad5f0a233844aa8629224c46d758a06225c1","codec-http2/src/main/java/io/netty/handler/codec/http2/DefaultHttp2FrameReader.java","74","0","3","8","549","750","0"
"antlr4","8f2eca5ae1e35930a8c84891ed429f8ef00a7ed7","runtime/Java/src/org/antlr/v4/runtime/Parser.java","74","0","33","34","552","1040","1"
"elasticsearch","23d5293f827fe521f892a1b76a65b58751cc84c5","core/src/main/java/org/elasticsearch/cluster/metadata/MetaDataCreateIndexService.java","74","0","4","2","446","587","0"
"elasticsearch","90247446aa5ec3da2d8b4760049183862ea6b40d","core/src/main/java/org/elasticsearch/cluster/metadata/MetaDataCreateIndexService.java","74","0","4","2","451","592","2"
"elasticsearch","79093e166316b4b891c3db07b1c2e7785f55b939","core/src/main/java/org/elasticsearch/cluster/metadata/MetaDataCreateIndexService.java","74","0","4","2","461","603","0"
"elasticsearch","fc4dc5ef217385b0475f81eecba7e004a03a957c","core/src/main/java/org/elasticsearch/cluster/metadata/MetaDataCreateIndexService.java","74","0","4","2","462","605","1"
"elasticsearch","5d806bf93eaa1f360187946cec741cf05b7264e1","core/src/main/java/org/elasticsearch/cluster/metadata/MetaDataCreateIndexService.java","74","0","4","2","467","610","0"
"orientdb","0b098ecbb27731eae0d6bc55a5750b000a6b9777","core/src/main/java/com/orientechnologies/orient/core/sql/parser/OBaseExpression.java","74","0","4","30","259","344","0"
"elasticsearch","d6d0c13bd63f28347ebdb0f9364e44921c248b8b","core/src/test/java/org/elasticsearch/index/shard/IndexShardTests.java","74","0","4","38","1510","1974","1"
"elasticsearch","74aed85c36595557655e83f03baeedad01b14b3e","core/src/test/java/org/elasticsearch/index/engine/InternalEngineTests.java","74","0","4","43","1476","1889","1"
"elasticsearch","10adb71445859a942403c8fbed587175952ca3bf","core/src/test/java/org/elasticsearch/index/engine/InternalEngineTests.java","74","0","4","43","1481","1898","0"
"elasticsearch","16d9480d785e498092e2d8c57b1ec2ee82ca5150","core/src/test/java/org/elasticsearch/index/engine/InternalEngineTests.java","74","0","4","43","1481","1898","0"
"elasticsearch","60c7e0eb91d70a866bbd4e5d5ed56efbc09cb78a","core/src/test/java/org/elasticsearch/index/engine/InternalEngineTests.java","74","0","4","43","1481","1898","1"
"netty","1cb706ac932bab732257e02fc095d91ff7ed3788","codec-http2/src/main/java/io/netty/handler/codec/http2/internal/hpack/Decoder.java","74","0","5","1","400","569","0"
"netty","1a7e7a1bff51e4f4a6c76d4cb17478900dd56cb0","transport/src/main/java/io/netty/channel/AbstractChannel.java","74","0","5","30","615","791","1"
"netty","81e2db10faaf0389f4e1af8c7132210946203157","transport/src/main/java/io/netty/channel/AbstractChannel.java","74","0","5","31","620","797","0"
"orientdb","3e920fd2b6c20b8d17f4119cff1edde42a2802bf","core/src/main/java/com/orientechnologies/orient/core/iterator/ORecordIteratorClusters.java","74","0","6","9","278","453","0"
"elasticsearch","b91cb8b77917f0e4472d99e135b93a6018728b24","src/main/java/org/elasticsearch/index/mapper/DocumentMapper.java","74","0","7","55","531","731","0"
"elasticsearch","cbe18608ef88be34b8018f76a866f84365808284","src/main/java/org/elasticsearch/index/mapper/DocumentMapper.java","74","0","7","55","532","732","0"
"elasticsearch","012797a82c7ee448c12ae45b63e349b610494d6d","src/main/java/org/elasticsearch/index/mapper/DocumentMapper.java","74","0","7","55","532","733","1"
"BroadleafCommerce","33e1c4cc66339886fdf057b69f6e079d7b46bbde","admin/broadleaf-admin-module/src/main/java/org/broadleafcommerce/admin/server/service/handler/SkuCustomPersistenceHandler.java","74","0","7","8","598","852","1"
"elasticsearch","ea49a3e2697e2891946f1cc051a3a8e968953663","src/main/java/org/elasticsearch/index/snapshots/blobstore/BlobStoreIndexShardRepository.java","74","0","8","4","580","855","1"
"elasticsearch","4c1bc3ae4f76f04f6ff17a8ae1ebaeca4ed1aa99","src/main/java/org/elasticsearch/index/snapshots/blobstore/BlobStoreIndexShardRepository.java","74","0","8","4","641","932","2"
"elasticsearch","977712f9773c3eecea3958a5b8ddf934207775a6","test/framework/src/main/java/org/elasticsearch/test/AbstractQueryTestCase.java","74","0","8","7","777","1084","1"
"orientdb","202ca5e408bdf2c426b446e8369a915997e6b503","core/src/main/java/com/orientechnologies/orient/core/storage/impl/local/OAbstractPaginatedStorage.java","740","0","9","102","3889","5008","1"
"hazelcast","38f131371d26b48ade7da2786b66f9c5b8a5e945","hazelcast/src/main/java/com/hazelcast/instance/DefaultAddressPicker.java","75","0","0","0","397","475","3"
"netty","aa8f7b395b3808dfd19d3371ad5d9a59a788e8ed","resolver-dns/src/main/java/io/netty/resolver/dns/DnsNameResolverContext.java","75","0","0","0","416","538","1"
"netty","ef8dcae9afa672d6081f343754de577fd8e0f689","resolver-dns/src/main/java/io/netty/resolver/dns/DnsNameResolverContext.java","75","0","0","0","416","540","0"
"netty","f25f1f255d1ab49d21d27c6d44f5c24763fd5979","resolver-dns/src/main/java/io/netty/resolver/dns/DnsNameResolverContext.java","75","0","0","0","423","536","1"
"hazelcast","554d12cbe64212dd0a3e41a6e3e12d40b824f4f1","hazelcast-client/src/main/java/com/hazelcast/client/cache/impl/AbstractClientInternalCacheProxy.java","75","0","0","0","564","672","0"
"hazelcast","2e237d2c442305f51cdbea3740548e8bfb4401ac","hazelcast-client-new/src/main/java/com/hazelcast/client/cache/impl/AbstractClientInternalCacheProxy.java","75","0","0","0","645","767","2"
"hazelcast","0b99990c091b2e5235b2c7a72b4550327db4260c","hazelcast-client-new/src/main/java/com/hazelcast/client/cache/impl/AbstractClientInternalCacheProxy.java","75","0","0","0","646","768","2"
"hazelcast","5c695f915d3d5ec0116cccdbde70b3551f5dcb5a","hazelcast-client-new/src/main/java/com/hazelcast/client/cache/impl/AbstractClientInternalCacheProxy.java","75","0","0","0","674","803","0"
"ceylon-ide-eclipse","bddf7ba794586f9ac08185e42f3f72a5d75476cd","plugins/com.redhat.ceylon.eclipse.ui/src/com/redhat/ceylon/eclipse/code/wizard/NewUnitWizardPage.java","75","0","0","0","686","776","0"
"ceylon-ide-eclipse","f93e5e8440e8a55355a7e2b1aa1d9e3ce4497655","plugins/com.redhat.ceylon.eclipse.ui/src/com/redhat/ceylon/eclipse/code/wizard/NewUnitWizardPage.java","75","0","0","0","804","895","1"
"hazelcast","188a47d4403e166f290bc04e81e08953c4a55f6f","hazelcast/src/test/java/com/hazelcast/mapreduce/MapReduceTest.java","75","0","0","110","1226","1559","1"
"hazelcast","bc74c4689d8d16cf8e7f23ea69585ad6ed6bbc50","hazelcast/src/test/java/com/hazelcast/mapreduce/MapReduceTest.java","75","0","0","110","1232","1566","0"
"hazelcast","d9080ce7677bdd5c3d404479a99343982af81e93","hazelcast/src/test/java/com/hazelcast/mapreduce/MapReduceTest.java","75","0","0","114","1264","1621","0"
"hazelcast","5ec4f40614d7e8a0cb526bc2ae604d4d5958ffa6","hazelcast/src/test/java/com/hazelcast/mapreduce/MapReduceTest.java","75","0","0","114","1279","1636","0"
"hazelcast","67879e626055a191c7dbbda97c18ba044f556118","hazelcast/src/test/java/com/hazelcast/mapreduce/MapReduceTest.java","75","0","0","114","1282","1639","0"
"elasticsearch","5a64f08f048461a63a0ca1354a5050c954e63d52","core/src/test/java/org/elasticsearch/indices/stats/IndexStatsIT.java","75","0","0","18","852","1053","0"
"elasticsearch","0a69f1e283e26e5d9e6a000b68b9f4778de557a1","core/src/test/java/org/elasticsearch/indices/stats/IndexStatsIT.java","75","0","0","18","853","1054","2"
"elasticsearch","1243abfeccd5424aced7e8c0612484d131160362","core/src/test/java/org/elasticsearch/indices/stats/IndexStatsIT.java","75","0","0","19","843","1072","1"
"hazelcast","48ccb689ade8d8b2bd589727a2bc6768649d74a0","hazelcast/src/main/java/com/hazelcast/nio/serialization/SerializationServiceImpl.java","75","0","0","22","437","506","0"
"elasticsearch","da14b5f5e41bdd08fd9dfab3ea42ea4778ed0bc1","src/main/java/org/elasticsearch/rest/action/cat/RestNodesAction.java","75","0","0","3","245","315","0"
"elasticsearch","ca454248a7b7d6cb1f267158759b79907f029665","src/main/java/org/elasticsearch/rest/action/cat/RestNodesAction.java","75","0","0","3","246","316","0"
"elasticsearch","ed2865863cfd8f763c0098527c849a1812005970","core/src/main/java/org/elasticsearch/index/mapper/LegacyDateFieldMapper.java","75","0","0","33","442","529","0"
"mcMMO","4486261413923e160268a0c0e35abcab46d5965f","src/main/java/com/gmail/nossr50/skills/alchemy/AlchemyPotionBrewer.java","75","0","0","6","283","359","0"
"BroadleafCommerce","d1b7dc361c8f49406dc93de6a80a87a0a4725d75","core/broadleaf-framework/src/main/java/org/broadleafcommerce/core/order/domain/OrderImpl.java","75","0","0","75","734","866","0"
"BroadleafCommerce","5b09b4a967e09ddd0514b81ef8c1c8993c65a4d1","core/broadleaf-framework/src/main/java/org/broadleafcommerce/core/order/domain/OrderImpl.java","75","0","0","75","738","868","1"
"hazelcast","b0ae186774c86c05b8b598b8386daefb11a58e9d","hazelcast/src/main/java/com/hazelcast/query/Predicates.java","75","0","0","95","601","732","0"
"hazelcast","90756ae001a986aec8f214f26387ca3d823557d2","hazelcast/src/main/java/com/hazelcast/query/Predicates.java","75","0","0","96","612","746","0"
"elasticsearch","b55d8ed2e3bdbb5a0907df7394a959ab7794cf9c","src/main/java/org/elasticsearch/indices/recovery/RecoveryTarget.java","75","0","1","11","532","676","0"
"netty","3d6d9f394d763aaed47fdd0c86023afebe3c5a9f","buffer/src/main/java/io/netty/buffer/AbstractByteBuf.java","75","0","1","118","922","1125","1"
"BroadleafCommerce","7ca11dd70fb89de8e023343217ec39211226cb0d","common/src/main/java/org/broadleafcommerce/common/extensibility/jpa/copy/DirectCopyClassTransformer.java","75","0","1","15","470","587","2"
"hazelcast","5993d0fccac9cb66a0ce72bdd0b9333fc09d6dcb","hazelcast/src/main/java/com/hazelcast/spi/impl/ProxyServiceImpl.java","75","0","1","22","512","625","1"
"elasticsearch","b612cab96a025d9d28e3c9f6fde7bac1719e5be1","core/src/main/java/org/elasticsearch/index/mapper/internal/TimestampFieldMapper.java","75","0","1","27","325","407","1"
"elasticsearch","cccc8867b9619fd9c0824f57096026b2d0c08a2d","src/main/java/org/elasticsearch/threadpool/ThreadPool.java","75","0","1","29","587","702","1"
"orientdb","49646436cee4497bc6b13ed638598cac2c4ae6e6","core/src/test/java/com/orientechnologies/orient/core/storage/impl/local/paginated/LocalPaginatedClusterTest.java","75","0","1","29","918","1236","0"
"orientdb","8277a0559c357df96a19b7792393d884a090e86c","core/src/test/java/com/orientechnologies/orient/core/storage/impl/local/paginated/LocalPaginatedClusterTest.java","75","0","1","29","919","1237","1"
"orientdb","ac6ba2add76a1f3d3aaa40429729ec87cfad1e1b","core/src/test/java/com/orientechnologies/orient/core/storage/impl/local/paginated/LocalPaginatedClusterTest.java","75","0","1","29","919","1237","1"
"orientdb","b43eac5ee4b92c9327f3596c5c1986a6c29e1dfb","core/src/test/java/com/orientechnologies/orient/core/storage/impl/local/paginated/LocalPaginatedClusterTest.java","75","0","1","29","919","1237","0"
"elasticsearch","4dc060527cd7d35817085a3926e65d071e3b1321","src/main/java/org/elasticsearch/cluster/metadata/MetaDataCreateIndexService.java","75","0","1","3","414","520","1"
"ceylon-ide-eclipse","90ee6fcf2f0224cada6375f4e1c3adca49731574","plugins/com.redhat.ceylon.eclipse.ui/src/com/redhat/ceylon/eclipse/code/correct/AddSatisfiesProposal.java","75","0","1","3","499","574","0"
"elasticsearch","6c3beaa2ebe4921474addf07ce3aa02a3cb7f915","core/src/main/java/org/elasticsearch/index/query/InnerHitBuilder.java","75","0","1","37","517","636","0"
"elasticsearch","5eeac2fdf6c108e2f9b6305b6577a77e5290ad9e","src/main/java/org/elasticsearch/http/netty/NettyHttpChannel.java","75","0","1","4","260","320","0"
"elasticsearch","371c73e14023917f3892090d2d3d7ff9ac1216b9","core/src/main/java/org/elasticsearch/cluster/metadata/MetaDataCreateIndexService.java","75","0","1","4","444","552","3"
"elasticsearch","a60b8948ba1d836a6eac7cff095519e618939ed8","core/src/main/java/org/elasticsearch/cluster/metadata/MetaDataCreateIndexService.java","75","0","1","4","445","553","0"
"elasticsearch","668371c945b8ad4e5d263a9db3eb3d2bb2db8dd1","core/src/main/java/org/elasticsearch/cluster/metadata/MetaDataCreateIndexService.java","75","0","1","4","464","570","5"
"elasticsearch","0c7795f53db146de164ed56f7a8718518c680909","core/src/main/java/org/elasticsearch/rest/action/support/RestTable.java","75","0","1","6","291","354","1"
"hazelcast","16633c5bf8c7599b402f8d0ab7ce457ef418a514","hazelcast/src/main/java/com/hazelcast/internal/cluster/impl/ClusterServiceImpl.java","75","0","1","61","820","1027","1"
"hazelcast","697e1106d378c653c57169f7cc774cf8302aa00f","hazelcast/src/main/java/com/hazelcast/internal/cluster/impl/ClusterServiceImpl.java","75","0","1","61","820","1027","1"
"hazelcast","9725927db19a0d90e8bc6d1cf6a5d285722db6a1","hazelcast/src/main/java/com/hazelcast/internal/cluster/impl/ClusterServiceImpl.java","75","0","1","61","820","1027","0"
"BroadleafCommerce","3b29d723772a4fbd4e1f682b754f3a7baad56cef","core/broadleaf-framework/src/main/java/org/broadleafcommerce/core/catalog/domain/ProductImpl.java","75","0","1","97","875","1050","0"
"netty","ccd1d777144d88edd78cb25c17887347d2b80bb2","common/src/main/java/io/netty/util/HashedWheelTimer.java","75","0","10","2","481","784","1"
"elasticsearch","15567506b28cbd4d16cea8cc5d57b4d1cdfb59d8","core/src/main/java/org/elasticsearch/ingest/core/IngestDocument.java","75","0","14","7","414","574","0"
"elasticsearch","cc0f8c2eb18eb65a7981229f747f25fee2e7253a","core/src/main/java/org/elasticsearch/common/io/stream/StreamOutput.java","75","0","16","25","440","577","0"
"elasticsearch","4fea56ceadbbd042774a89dbdf94c16a4a33df4c","core/src/main/java/org/elasticsearch/indices/IndicesService.java","75","0","16","5","601","816","1"
"elasticsearch","371c73e14023917f3892090d2d3d7ff9ac1216b9","core/src/main/java/org/elasticsearch/cluster/routing/allocation/decider/DiskThresholdDecider.java","75","0","17","4","471","668","3"
"elasticsearch","78574d248cf10dad1c5a566fda79e1e0c94afe43","core/src/main/java/org/elasticsearch/cluster/routing/allocation/decider/DiskThresholdDecider.java","75","0","17","4","471","668","2"
"elasticsearch","e6aaaf11ed4a1b8f595f920de1840938eddb7a97","core/src/main/java/org/elasticsearch/cluster/routing/allocation/decider/DiskThresholdDecider.java","75","0","17","4","471","668","2"
"elasticsearch","a60b8948ba1d836a6eac7cff095519e618939ed8","core/src/main/java/org/elasticsearch/cluster/routing/allocation/decider/DiskThresholdDecider.java","75","0","17","4","471","668","0"
"BroadleafCommerce","4b899b0b30679392365b1286b26fd502eee6594c","admin/broadleaf-open-admin-platform/src/main/java/org/broadleafcommerce/openadmin/web/controller/entity/AdminBasicEntityController.java","75","0","18","1","753","1263","6"
"elasticsearch","371c73e14023917f3892090d2d3d7ff9ac1216b9","core/src/main/java/org/elasticsearch/index/query/GeoShapeQueryBuilder.java","75","0","18","3","412","600","3"
"elasticsearch","78574d248cf10dad1c5a566fda79e1e0c94afe43","core/src/main/java/org/elasticsearch/index/query/GeoShapeQueryBuilder.java","75","0","18","3","412","600","2"
"elasticsearch","9a0ce62550e82954cb8ce1bf1cca0c96eb377845","core/src/main/java/org/elasticsearch/index/query/GeoShapeQueryBuilder.java","75","0","18","3","412","600","1"
"elasticsearch","e6aaaf11ed4a1b8f595f920de1840938eddb7a97","core/src/main/java/org/elasticsearch/index/query/GeoShapeQueryBuilder.java","75","0","18","3","412","600","2"
"elasticsearch","a60b8948ba1d836a6eac7cff095519e618939ed8","core/src/main/java/org/elasticsearch/index/query/GeoShapeQueryBuilder.java","75","0","18","3","412","600","0"
"elasticsearch","1863ab95f862294db7d105717656bd6452eef9d9","core/src/main/java/org/elasticsearch/cluster/node/DiscoveryNodes.java","75","0","19","33","440","623","1"
"BroadleafCommerce","92da893577ed005d3f422142164bcbd88b85bd61","admin/broadleaf-contentmanagement-module/src/main/java/org/broadleafcommerce/cms/file/service/StaticAssetServiceImpl.java","75","0","2","20","421","589","1"
"elasticsearch","5d159369efffbfd56a391a01e3d3da5364707df3","src/main/java/org/elasticsearch/common/xcontent/support/XContentMapValues.java","75","0","2","22","317","391","0"
"elasticsearch","f2710c16ebd918f646be9d0ab64b4871c25be4c2","src/main/java/org/elasticsearch/common/xcontent/support/XContentMapValues.java","75","0","2","22","317","391","0"
"elasticsearch","e379f419e68d67c98e7319b17eef2bbfe0d6cb03","src/main/java/org/elasticsearch/common/xcontent/support/XContentMapValues.java","75","0","2","22","317","391","1"
"elasticsearch","80be0f72175b0e749b19b725070c01427c1be2cd","src/main/java/org/elasticsearch/index/mapper/core/DateFieldMapper.java","75","0","2","33","521","629","1"
"hazelcast","edfa3cfba6226a8e0d1b7b5e9755c37ae043368a","hazelcast-client/src/main/java/com/hazelcast/client/config/XmlClientConfigBuilder.java","75","0","2","6","319","383","1"
"hazelcast","7f3c0c8b76826ef922b4b9a32880f3f3904c1710","hazelcast-client/src/main/java/com/hazelcast/client/config/XmlClientConfigBuilder.java","75","0","2","6","320","385","0"
"elasticsearch","cb0824e957dcb7a20e8450f97283874eb61b9abe","core/src/main/java/org/elasticsearch/cluster/node/DiscoveryNodes.java","75","0","20","32","440","631","0"
"orientdb","c143ec653bd43c119ce79712eb3302775b077113","graphdb/src/main/java/com/tinkerpop/blueprints/impls/orient/OrientElement.java","75","0","25","9","362","684","3"
"elasticsearch","054844ca09ac3d78763ae855d5e67d0010e70097","src/main/java/org/elasticsearch/plugins/PluginsService.java","75","0","3","13","352","452","1"
"elasticsearch","b72f44b93a4f690a59193a123e700dea70ef09ab","src/main/java/org/elasticsearch/index/mapper/core/DateFieldMapper.java","75","0","3","30","465","575","2"
"titan","9d605dcb292894a5b4c7c9f8512426c1dae9d6d4","titan-core/src/main/java/com/thinkaurelius/titan/graphdb/configuration/GraphDatabaseConfiguration.java","75","0","3","31","923","1783","1"
"titan","854139c3e9bb3a63ed124e1403d1227aba7632e1","titan-core/src/main/java/com/thinkaurelius/titan/graphdb/configuration/GraphDatabaseConfiguration.java","75","0","3","32","926","1787","0"
"orientdb","7a678522a2d83448543bc75d7360ac0857529727","graphdb/src/main/java/com/orientechnologies/orient/graph/sql/OCommandExecutorSQLDeleteEdge.java","75","0","3","4","250","345","0"
"orientdb","9b0a6b5a0d74bce339faedfdf33a3918902c1a9e","graphdb/src/main/java/com/orientechnologies/orient/graph/sql/OCommandExecutorSQLDeleteEdge.java","75","0","3","5","260","356","0"
"orientdb","a56ae91e7d9f772da4288542cee900793c24e5e1","graphdb/src/main/java/com/orientechnologies/orient/graph/sql/OCommandExecutorSQLDeleteEdge.java","75","0","3","5","263","359","0"
"elasticsearch","1764ec56b38ce87f516efdf93bb4ab56e9dd829b","core/src/main/java/org/elasticsearch/action/termvectors/TermVectorsRequest.java","75","0","31","22","460","674","0"
"elasticsearch","25fd9e26c4fb042d6f6dea14efcd239577bdbbc4","core/src/main/java/org/elasticsearch/action/termvectors/TermVectorsRequest.java","75","0","31","22","460","674","0"
"elasticsearch","56cc87b7ccd41040d8fafcaf2da3680d96d10839","core/src/main/java/org/elasticsearch/action/termvectors/TermVectorsRequest.java","75","0","31","22","460","674","0"
"elasticsearch","fbe27664a65ca7ab5b7dbe1c328ab27423e4313c","core/src/main/java/org/elasticsearch/action/termvectors/TermVectorsRequest.java","75","0","31","22","460","674","2"
"elasticsearch","2539d94bc95f651971b1c23db395caa603ce4b0f","core/src/main/java/org/elasticsearch/action/termvectors/TermVectorsRequest.java","75","0","31","23","464","680","1"
"antlr4","9e5cda85edba2cd2acbbf352c428c6a84c8c8524","runtime/Java/src/org/antlr/v4/runtime/Parser.java","75","0","33","35","556","1060","0"
"antlr4","94bb7c0af3d910a0c63abc5df0efc52ebcaddfe3","runtime/Java/src/org/antlr/v4/runtime/Parser.java","75","0","33","35","560","1064","0"
"elasticsearch","57cbce2824dba219792a5b7080f0f09c66c5c186","core/src/main/java/org/elasticsearch/action/termvectors/TermVectorsRequest.java","75","0","34","20","455","682","3"
"elasticsearch","76c03df035b777b446ab961469f63d93dd9bc981","core/src/main/java/org/elasticsearch/action/termvectors/TermVectorsRequest.java","75","0","34","20","456","683","1"
"elasticsearch","a518599e27047549347ac58d66d66b7bfd27f988","core/src/main/java/org/elasticsearch/action/termvectors/TermVectorsRequest.java","75","0","34","21","462","689","2"
"elasticsearch","90c2b3a384c036e7f9345b2586e69fda056387fd","core/src/main/java/org/elasticsearch/index/mapper/core/CompletionFieldMapper.java","75","0","4","31","476","574","1"
"hazelcast","30ba52f25d11e840c50c580a36d347392eeb562a","hazelcast/src/main/java/com/hazelcast/instance/Node.java","75","0","4","35","621","774","0"
"hazelcast","82683a8423a0a3209f3dd70ca23835ee63f0d0b8","hazelcast/src/main/java/com/hazelcast/instance/Node.java","75","0","4","35","621","774","0"
"hazelcast","73673199472b3fb25cf6c72de378a1d2bab18605","hazelcast/src/main/java/com/hazelcast/instance/Node.java","75","0","4","35","621","774","1"
"hazelcast","4ab01d3de56f9ea7777c8b3dff22f8cddabc6ac7","hazelcast/src/main/java/com/hazelcast/instance/Node.java","75","0","4","35","626","779","0"
"hazelcast","c7b2ba8a69a41cdee116d1894e107944c7a8cdcc","hazelcast/src/main/java/com/hazelcast/instance/Node.java","75","0","4","35","626","779","0"
"hazelcast","787f7dff1ebc7dd348ad7c7b5131ab952537d7c7","hazelcast/src/main/java/com/hazelcast/instance/Node.java","75","0","4","35","626","779","1"
"hazelcast","86b064ba3f1e467e74e95d6da24b03122065ce36","hazelcast/src/main/java/com/hazelcast/instance/Node.java","75","0","4","36","627","782","2"
"elasticsearch","8e151862935d38403c3c7ca4705468830a2bf6be","core/src/test/java/org/elasticsearch/index/shard/IndexShardTests.java","75","0","4","39","1529","1995","0"
"hazelcast","cb32444b6c11c96e4656a9a7e8b35e99418829f9","hazelcast/src/main/java/com/hazelcast/config/MapConfig.java","75","0","45","25","509","978","1"
"orientdb","be790233f7ce72d47b59f582fc30b7080f9bcb4a","core/src/main/java/com/orientechnologies/orient/core/storage/impl/local/paginated/atomicoperations/OAtomicOperationsManager.java","75","0","5","13","457","657","1"
"orientdb","deb33febd5c1e0b590bcbfaaf4de44cc86b278f8","core/src/main/java/com/orientechnologies/orient/core/storage/impl/local/paginated/atomicoperations/OAtomicOperationsManager.java","75","0","5","13","457","657","1"
"orientdb","65f086eb452cac1fc83cfac710303c5b020d0697","core/src/main/java/com/orientechnologies/orient/core/storage/impl/local/paginated/atomicoperations/OAtomicOperationsManager.java","75","0","5","13","457","657","0"
"orientdb","034ff7b1735b7cd12d511b4ff6833b6ab9d4421d","core/src/main/java/com/orientechnologies/orient/core/storage/impl/local/paginated/atomicoperations/OAtomicOperationsManager.java","75","0","5","13","459","661","2"
"orientdb","ebd292bbe0bb62a619e61d5d977ace13e95a40ab","core/src/main/java/com/orientechnologies/orient/core/storage/impl/local/paginated/atomicoperations/OAtomicOperationsManager.java","75","0","5","13","459","661","1"
"orientdb","eda978aeda4e2d46618285fcb1d73642a30164c2","core/src/main/java/com/orientechnologies/orient/core/storage/impl/local/paginated/atomicoperations/OAtomicOperationsManager.java","75","0","5","13","459","661","1"
"orientdb","3fd79f333e2a5c17bcac9d2ddfe74044e2dfecdd","core/src/main/java/com/orientechnologies/orient/core/storage/impl/local/paginated/atomicoperations/OAtomicOperationsManager.java","75","0","5","13","459","661","0"
"elasticsearch","af6b69e79106219d7c464cd4b130f89103c3a9e2","src/main/java/org/elasticsearch/index/mapper/core/CompletionFieldMapper.java","75","0","5","26","465","568","0"
"orientdb","5d8f6ab0984ab81a6b27e7610ecd1f92f7a21abf","core/src/main/java/com/orientechnologies/orient/core/Orient.java","75","0","5","44","577","770","1"
"hazelcast","7d493fb7feffdd204c4d00a174453bea332d55a2","hazelcast/src/main/java/com/hazelcast/map/DefaultRecordStore.java","75","0","5","49","792","966","3"
"elasticsearch","5b4e86389c406cfcd05d87c52d46dc984c263eaf","core/src/main/java/org/elasticsearch/cluster/routing/allocation/AllocationService.java","75","0","5","5","352","500","1"
"elasticsearch","28090b3d7366044a8cadb0e6d47c324f94c1684a","core/src/main/java/org/elasticsearch/cluster/routing/allocation/AllocationService.java","75","0","5","5","361","510","0"
"orientdb","7210341c36510325b736215b11fb7857beb3e7c5","core/src/main/java/com/orientechnologies/orient/core/storage/impl/local/paginated/atomicoperations/OAtomicOperationsManager.java","75","0","6","13","467","673","0"
"orientdb","2767a54ee6308493e6a69b4b2951d8d2252bfd6b","core/src/main/java/com/orientechnologies/orient/core/storage/impl/local/paginated/atomicoperations/OAtomicOperationsManager.java","75","0","6","13","467","674","0"
"BroadleafCommerce","686b1e45bfe346466076030ce1a899e996dbce6b","admin/broadleaf-contentmanagement-module/src/main/java/org/broadleafcommerce/cms/structure/service/StructuredContentServiceImpl.java","75","0","6","19","466","637","1"
"elasticsearch","b8fa68f97a9795024d691291f6ea716906cccafb","modules/elasticsearch/src/main/java/org/elasticsearch/index/shard/service/InternalIndexShard.java","75","0","6","36","488","600","0"
"elasticsearch","49439a09e2c1a69da0fdf034fe9dabf1cc83bf30","modules/elasticsearch/src/main/java/org/elasticsearch/index/shard/service/InternalIndexShard.java","75","0","6","36","489","603","0"
"mcMMO","98b98256b794af72965f40a1b1166037d50189e7","src/main/java/com/gmail/nossr50/skills/fishing/FishingManager.java","75","0","6","9","357","531","1"
"elasticsearch","0105b651607b1587521184ac4508440349db1fe5","src/main/java/org/elasticsearch/common/xcontent/XContentHelper.java","75","0","7","11","389","484","1"
"elasticsearch","716212c037bd3e189998e013266d00659b6e7c0f","src/main/java/org/elasticsearch/cluster/routing/allocation/decider/DiskThresholdDecider.java","75","0","7","4","381","539","1"
"BroadleafCommerce","bda7cb0537071da95160a6d6802963a85496a97d","admin/broadleaf-admin-module/src/main/java/org/broadleafcommerce/admin/server/service/handler/SkuCustomPersistenceHandler.java","75","0","7","8","600","855","0"
"hazelcast","5256df4fc08e09d38fef40ec5863756028033cc6","hazelcast/src/main/java/com/hazelcast/nio/IOUtil.java","75","0","8","18","415","534","1"
"hazelcast","d568e4d926d925d57d4e79e34614390416749301","hazelcast/src/main/java/com/hazelcast/nio/IOUtil.java","75","0","8","18","415","537","0"
"elasticsearch","c09af6df618f1eb615f7445d8ccf064c68b6be8d","src/main/java/org/elasticsearch/index/snapshots/blobstore/BlobStoreIndexShardRepository.java","75","0","8","6","604","880","1"
"elasticsearch","3f6d80aa662bb757dfb5afd8d946309e162fcf08","test/framework/src/main/java/org/elasticsearch/test/AbstractQueryTestCase.java","75","0","8","7","785","1092","1"
"elasticsearch","119f8ed9f025c4280f5540fac1f6e2fb096c1df8","test/framework/src/main/java/org/elasticsearch/test/AbstractQueryTestCase.java","75","0","8","7","786","1094","0"
"elasticsearch","2f8def11b5109eb80b47422a200bf7b7e07c8467","test/framework/src/main/java/org/elasticsearch/test/AbstractQueryTestCase.java","75","0","8","7","788","1096","2"
"elasticsearch","634ce90dc06f20888a4ff655985a6baccf25a7db","test/framework/src/main/java/org/elasticsearch/test/AbstractQueryTestCase.java","75","0","8","7","789","1098","0"
"elasticsearch","69f864156829d5cf844ccd8c72fe5041f4fcf27b","test/framework/src/main/java/org/elasticsearch/test/AbstractQueryTestCase.java","75","0","8","7","790","1098","2"
"elasticsearch","58feb5efa0ed66df3ab1c32ad4d613a6964d004e","test/framework/src/main/java/org/elasticsearch/test/AbstractQueryTestCase.java","75","0","8","7","797","1105","0"
"elasticsearch","6174e21f47244b6d5153d7d0cc1fe28fe863399d","test/framework/src/main/java/org/elasticsearch/test/AbstractQueryTestCase.java","75","0","8","7","810","1119","2"
"netty","ead87b7df8d923417475ead2d7680747b1a72f07","codec-http2/src/main/java/io/netty/handler/codec/http2/Http2ConnectionHandler.java","75","0","9","19","595","882","1"
"orientdb","c902353d86924562826c9114fd6a1242a65ada6d","core/src/main/java/com/orientechnologies/orient/core/storage/impl/local/OAbstractPaginatedStorage.java","757","0","9","102","3952","5073","0"
"hazelcast","d9bfe1e524e1364c2570a6ee0eaffd02993ca90f","hazelcast/src/main/java/com/hazelcast/instance/DefaultAddressPicker.java","76","0","0","0","377","460","1"
"hazelcast","294bdc0dcc65cd2539fd87876a307e50397a37a6","hazelcast/src/main/java/com/hazelcast/instance/DefaultAddressPicker.java","76","0","0","0","401","470","2"
"hazelcast","cb521ba914befca47f288ac04564763c13d08b2e","hazelcast/src/main/java/com/hazelcast/instance/DefaultAddressPicker.java","76","0","0","0","402","485","0"
"hazelcast","1f042b8c4a4245594691bb6d85a66ceed9b43068","hazelcast/src/main/java/com/hazelcast/instance/DefaultAddressPicker.java","76","0","0","0","404","483","1"
"hazelcast","2921cff694583b8638dae2991f427e61d5440a9d","hazelcast/src/main/java/com/hazelcast/instance/DefaultAddressPicker.java","76","0","0","0","405","484","0"
"netty","1975fcefe49896e6ce11df16a48b0bad7a074668","resolver-dns/src/main/java/io/netty/resolver/dns/DnsNameResolverContext.java","76","0","0","0","427","540","0"
"netty","a06295fe0ad72358f980d09feb8c971613793527","transport/src/main/java/io/netty/channel/DefaultChannelHandlerContext.java","76","0","0","0","692","825","0"
"ceylon-ide-eclipse","230dcec37b7216d11679e8588b576d86e77b1f9f","plugins/com.redhat.ceylon.eclipse.ui/src/com/redhat/ceylon/eclipse/code/wizard/NewUnitWizardPage.java","76","0","0","0","819","911","0"
"hazelcast","0b08ef830b8b0c4b3425d1b96b6ed1e574f43383","hazelcast/src/main/java/com/hazelcast/impl/TcpIpJoiner.java","76","0","0","13","388","442","0"
"netty","505e767a09bc5d55cd0df35b8e0f8c59e9f7c507","transport/src/main/java/io/netty/channel/SingleThreadEventExecutor.java","76","0","0","18","520","625","1"
"ceylon-ide-eclipse","255870fde211d7823193aa09c5f4cc3cfeaba427","plugins/com.redhat.ceylon.eclipse.ui/src/com/redhat/ceylon/eclipse/util/Highlights.java","76","0","0","19","539","572","1"
"hazelcast","b256f642158a086dd798a6ef547a8783b51bc5f6","hazelcast/src/test/java/com/hazelcast/replicatedmap/ReplicatedMapTest.java","76","0","0","53","823","1065","1"
"netty","ca5554dfe7707d2cce712d1165a648129e0a9c84","transport/src/test/java/io/netty/channel/local/LocalTransportThreadModelTest.java","76","0","0","7","798","998","0"
"ceylon-ide-eclipse","19348339b0484c476b6934f72fba4bb83fb44da3","plugins/com.redhat.ceylon.eclipse.ui/src/com/redhat/ceylon/eclipse/code/navigator/CeylonNavigatorLabelProvider.java","76","0","0","8","295","343","1"
"hazelcast","31690aee267ceaa9838e4a284b72ebd06ab35839","hazelcast/src/main/java/com/hazelcast/query/Predicates.java","76","0","0","96","615","749","0"
"elasticsearch","19a6cb246ee059e9545e49c7943ddd991feb4677","src/main/java/org/elasticsearch/action/bulk/TransportShardBulkAction.java","76","0","1","1","435","539","0"
"hazelcast","bae6535651931084f31f10b3db73b95540540474","hazelcast/src/main/java/com/hazelcast/internal/cluster/impl/ClusterJoinManager.java","76","0","1","10","496","603","0"
"hazelcast","0663f03826565103dcfda83b0815da8380112edc","hazelcast/src/main/java/com/hazelcast/query/Predicates.java","76","0","1","100","646","793","4"
"hazelcast","dc97035a08550b9d6aad859527aa7119bf82ddcb","hazelcast/src/main/java/com/hazelcast/query/Predicates.java","76","0","1","100","702","855","4"
"BroadleafCommerce","4331a9afbe546c3a252cafc550444ca0879182b4","core/broadleaf-framework/src/main/java/org/broadleafcommerce/core/catalog/domain/ProductImpl.java","76","0","1","100","898","1084","0"
"titan","c7ac478437665f6989f9925b4198f0effcba94a3","titan-es/src/main/java/com/thinkaurelius/titan/diskstorage/es/ElasticSearchIndex.java","76","0","1","11","367","445","2"
"titan","af0cb5e914ec2a77b4dcceae3eea5ebfef3a52ad","titan-es/src/main/java/com/thinkaurelius/titan/diskstorage/es/ElasticSearchIndex.java","76","0","1","11","372","450","1"
"netty","b86d3d692aa1a5417c2890f3fef78cc2dcfa6577","buffer/src/main/java/io/netty/buffer/AbstractByteBuf.java","76","0","1","118","928","1136","0"
"hazelcast","6084b213eafaf4894cee525497a0078bfd48bd2a","hazelcast-client/src/main/java/com/hazelcast/client/connection/nio/ClientConnectionManagerImpl.java","76","0","1","12","594","713","4"
"hazelcast","55d14769256b73aeb6f95614d3beb7cc9439605c","hazelcast-client/src/main/java/com/hazelcast/client/connection/nio/ClientConnectionManagerImpl.java","76","0","1","12","595","714","3"
"hazelcast","390e6627f765363d61fbbd0d80dd43eefd5c91d3","hazelcast/src/main/java/com/hazelcast/management/ManagementCenterService.java","76","0","1","14","500","604","0"
"hazelcast","fe4516b10aaafec1abba2fe1273a8f56d033068a","hazelcast/src/main/java/com/hazelcast/management/ManagementCenterService.java","76","0","1","14","505","608","0"
"elasticsearch","5ac42f2a4f098c66bfc1452960b4b5f3d90c7eac","modules/elasticsearch/src/main/java/org/elasticsearch/indices/cluster/IndicesClusterStateService.java","76","0","1","2","405","511","0"
"elasticsearch","5c7d7fb399e023639cb007b9c08519b8da36ffe8","src/test/java/org/elasticsearch/test/integration/search/facet/SimpleFacetsTests.java","76","0","1","24","1956","2293","0"
"elasticsearch","1af38cf3f3b50cef27044e5e173995c2403befb1","src/test/java/org/elasticsearch/search/facet/SimpleFacetsTests.java","76","0","1","27","2017","2368","0"
"elasticsearch","19cce0b32917a6034ab50b2e33111f37de418139","src/main/java/org/elasticsearch/threadpool/ThreadPool.java","76","0","1","30","586","699","1"
"elasticsearch","d442e089acc712d4dd28f213a88a2b4595df9f0c","src/main/java/org/elasticsearch/threadpool/ThreadPool.java","76","0","1","30","587","700","1"
"ceylon-ide-eclipse","64a391fbabba6b9bc6b553abfa42466e0ca9673d","plugins/com.redhat.ceylon.eclipse.ui/src/com/redhat/ceylon/eclipse/code/search/ReferencesPopup.java","76","0","1","37","993","1134","0"
"ceylon-ide-eclipse","5b4c3eac8a7c12c0125a77343e602b4e73083595","plugins/com.redhat.ceylon.eclipse.ui/src/com/redhat/ceylon/eclipse/code/search/ReferencesPopup.java","76","0","1","37","994","1135","0"
"hazelcast","7fbe793dbc598c07cd92080cfcc997a6389b6b73","hazelcast/src/main/java/com/hazelcast/config/AbstractXmlConfigHelper.java","76","0","1","4","423","505","1"
"hazelcast","fb4a0bcc0abd76d992e40c416af202f6daccd8e8","hazelcast/src/main/java/com/hazelcast/spi/impl/operationservice/impl/Invocation.java","76","0","1","4","524","758","1"
"hazelcast","7aa42803173424324e4bc0c07abdb37e6caba928","hazelcast/src/main/java/com/hazelcast/spi/impl/operationservice/impl/Invocation.java","76","0","1","4","527","764","1"
"hazelcast","4859a191d2a58b14709b43c5b86e7c31d318567c","hazelcast/src/main/java/com/hazelcast/spi/impl/operationservice/impl/Invocation.java","76","0","1","4","534","781","0"
"neo4j","e9de62e7befeeb8b49cf594775b843b963d6ef6d","community/kernel/src/main/java/org/neo4j/kernel/impl/core/NodeManager.java","76","0","1","49","988","1175","1"
"elasticsearch","27b973830d2c65359e9a54e4d12c221d163d4de2","src/main/java/org/elasticsearch/action/support/replication/TransportShardReplicationOperationAction.java","76","0","1","5","561","746","0"
"elasticsearch","43e374f793ead07f8dfcc0acd77c2722fcde6a64","src/main/java/org/elasticsearch/action/support/replication/TransportShardReplicationOperationAction.java","76","0","1","5","561","746","0"
"elasticsearch","636c35d0d41b4c9fd5c8454483fbaaee45ac1d25","src/main/java/org/elasticsearch/action/support/replication/TransportShardReplicationOperationAction.java","76","0","1","5","561","746","0"
"elasticsearch","a8dcfa5deb65d57ae4814f97c7f5231ed45507c2","src/main/java/org/elasticsearch/action/support/replication/TransportShardReplicationOperationAction.java","76","0","1","5","561","746","0"
"elasticsearch","cbdaf4950bdf44b9669f0d1a169ac23c18eebab4","src/main/java/org/elasticsearch/action/support/replication/TransportShardReplicationOperationAction.java","76","0","1","5","561","746","1"
"netty","ac8ac591488b976aba5ebe7a1bbfb24f5e1ecc09","transport-native-epoll/src/main/java/io/netty/channel/epoll/EpollSocketChannel.java","76","0","1","7","504","677","0"
"netty","1a22186645e7d638b729e8acc32bc1ccdc197724","transport-native-epoll/src/main/java/io/netty/channel/epoll/EpollSocketChannel.java","76","0","1","7","505","678","0"
"BroadleafCommerce","b5f116ae0dcfab45ff865c4bb5f96594868e1d38","core/broadleaf-framework/src/main/java/org/broadleafcommerce/core/catalog/domain/ProductImpl.java","76","0","1","99","885","1070","0"
"BroadleafCommerce","fc96cd617dc6f16a02dfe01f95486da731a6cd13","core/broadleaf-framework/src/main/java/org/broadleafcommerce/core/catalog/domain/ProductImpl.java","76","0","1","99","894","1079","0"
"elasticsearch","4986817c6d9401585b6931a84044b0815c60be3a","core/src/main/java/org/elasticsearch/index/mapper/MapperService.java","76","0","11","16","505","683","2"
"elasticsearch","3f9c0fbb58ad2120cbc800d424f4365be287e349","core/src/main/java/org/elasticsearch/index/mapper/MapperService.java","76","0","11","16","507","685","1"
"elasticsearch","6174e21f47244b6d5153d7d0cc1fe28fe863399d","core/src/main/java/org/elasticsearch/index/query/InnerHitBuilder.java","76","0","11","32","549","722","1"
"elasticsearch","9a73a2efb302e008bbff1ba172c7f99e414dc146","core/src/main/java/org/elasticsearch/index/query/InnerHitBuilder.java","76","0","11","32","549","722","1"
"elasticsearch","fbe27664a65ca7ab5b7dbe1c328ab27423e4313c","core/src/main/java/org/elasticsearch/index/query/InnerHitBuilder.java","76","0","11","32","549","722","2"
"elasticsearch","1764ec56b38ce87f516efdf93bb4ab56e9dd829b","core/src/main/java/org/elasticsearch/index/query/InnerHitBuilder.java","76","0","11","32","549","722","0"
"elasticsearch","3aed047bdedde1bda189cbfc2f81e65af42e57c5","core/src/main/java/org/elasticsearch/index/query/InnerHitBuilder.java","76","0","11","32","549","722","0"
"mcMMO","8001a928ea6a21a96b9ac74650a62bc2fbe16e1b","src/main/java/com/gmail/nossr50/listeners/PlayerListener.java","76","0","13","2","320","477","0"
"elasticsearch","9c795bd838864647553b317b9da2b5a40f1a7242","core/src/test/java/org/elasticsearch/common/cache/CacheTests.java","76","0","14","11","557","828","0"
"elasticsearch","5910b17ece360ab03cb86cbfa46bd822c6e0da6b","src/main/java/org/elasticsearch/common/geo/builders/ShapeBuilder.java","76","0","15","3","454","752","2"
"elasticsearch","c315d54c2a6695301512fecdccb8f7de22e3ccfe","core/src/main/java/org/elasticsearch/common/io/stream/StreamOutput.java","76","0","16","25","463","617","0"
"elasticsearch","a92300c5b5ca64ce690ea37efcba15514d8076e6","src/main/java/org/elasticsearch/common/lucene/Lucene.java","76","0","18","21","439","593","0"
"elasticsearch","d3cd58eb2f3fdfbeec81f657ca47b2994069c94a","core/src/main/java/org/elasticsearch/index/query/GeoShapeQueryBuilder.java","76","0","18","3","416","604","0"
"netty","ec5e793a2fd244e334c2b1f2c22d55389a3452f7","codec-http/src/main/java/io/netty/handler/codec/http/websocketx/WebSocket08FrameDecoder.java","76","0","2","0","290","464","0"
"netty","a4ee2841be0be8e69d624f0543ab9d0ebb4b9567","codec-http/src/main/java/io/netty/handler/codec/http/websocketx/WebSocket08FrameDecoder.java","76","0","2","0","291","465","0"
"netty","013ac44d3a64d53ab9e131cb43124fcbc0873caf","codec-http/src/main/java/io/netty/handler/codec/http/websocketx/WebSocket08FrameDecoder.java","76","0","2","0","292","467","1"
"hazelcast","e132a6c1f7eab35ac027f5a627603bdd1fd52c13","hazelcast-spring/src/main/java/com/hazelcast/spring/AbstractHazelcastBeanDefinitionParser.java","76","0","2","0","418","492","1"
"elasticsearch","4b25e6b63e67bd5ebf42c8a62faf7ac12dbea5ec","src/main/java/org/elasticsearch/cluster/metadata/MetaDataMappingService.java","76","0","2","18","478","614","0"
"elasticsearch","27b973830d2c65359e9a54e4d12c221d163d4de2","src/main/java/org/elasticsearch/cluster/metadata/MetaDataMappingService.java","76","0","2","18","483","636","0"
"elasticsearch","3ac3c7d12c0cb845a8c28cec5b890705b13dc659","src/main/java/org/elasticsearch/cluster/metadata/MetaDataMappingService.java","76","0","2","18","483","636","0"
"elasticsearch","cbdaf4950bdf44b9669f0d1a169ac23c18eebab4","src/main/java/org/elasticsearch/cluster/metadata/MetaDataMappingService.java","76","0","2","18","483","636","1"
"elasticsearch","8f087e802dcb8a6dfcd49213502efdfc36b4681b","src/main/java/org/elasticsearch/cluster/metadata/MetaDataMappingService.java","76","0","2","18","484","637","1"
"elasticsearch","99eae50f9c23bfe73a7a52273dab06fb196b1e10","src/main/java/org/elasticsearch/common/xcontent/support/XContentMapValues.java","76","0","2","22","325","396","1"
"elasticsearch","6edf3447b1bfca04fe2cdcf6bfdf3f00a69fb187","src/main/java/org/elasticsearch/index/mapper/attachment/AttachmentMapper.java","76","0","2","26","457","617","3"
"elasticsearch","bec07a7eb50c9f122c7b764a9c470362ad515882","core/src/main/java/org/elasticsearch/env/NodeEnvironment.java","76","0","22","8","580","849","2"
"elasticsearch","ff5ad39c7a5f8ea21d3ff86d3ce50668602d7a74","core/src/main/java/org/elasticsearch/env/NodeEnvironment.java","76","0","22","8","582","851","1"
"mcMMO","fb8592495d54013325bf73a1bee771ec242d9315","src/main/java/com/gmail/nossr50/datatypes/player/McMMOPlayer.java","76","0","23","65","597","930","2"
"netty","1767814a466f9fc6a51c87a84bd73d93eb0ca1d7","common/src/main/java/io/netty/util/internal/StringUtil.java","76","0","27","0","346","571","1"
"elasticsearch","cb0824e957dcb7a20e8450f97283874eb61b9abe","core/src/main/java/org/elasticsearch/common/io/stream/StreamOutput.java","76","0","28","30","553","820","0"
"hazelcast","1b48e275ad2d52d7d01740ca5ca23ef554a4ea4f","hazelcast/src/test/java/com/hazelcast/map/mapstore/MapStoreTest.java","76","0","3","105","1433","1682","0"
"ceylon-ide-eclipse","04612ddec42d137a34b0976bbef110babe018a15","plugins/com.redhat.ceylon.eclipse.ui/src/com/redhat/ceylon/eclipse/core/classpath/CeylonProjectModulesContainer.java","76","0","3","16","465","595","1"
"ceylon-ide-eclipse","705c39801a8ed43a46c19101c51391b4f42fa4b8","plugins/com.redhat.ceylon.eclipse.ui/src/com/redhat/ceylon/eclipse/core/classpath/CeylonProjectModulesContainer.java","76","0","3","16","466","596","1"
"elasticsearch","9e6868733c052d0fca30a21956f7a68a78a7a815","src/main/java/org/elasticsearch/index/mapper/core/DateFieldMapper.java","76","0","3","30","475","586","1"
"titan","435f046bb1458cb3bca932c63339bed05163cbcf","titan-core/src/main/java/com/thinkaurelius/titan/graphdb/configuration/GraphDatabaseConfiguration.java","76","0","3","37","1019","1929","1"
"titan","f9e32000a7dbaf17b3bfe88072424aae4a6fad31","titan-core/src/main/java/com/thinkaurelius/titan/graphdb/configuration/GraphDatabaseConfiguration.java","76","0","3","37","1023","1935","0"
"hazelcast","48d489db55bbda962dc43aede089d7ad5769b5c3","hazelcast/src/main/java/com/hazelcast/instance/Node.java","76","0","3","37","594","736","2"
"hazelcast","57b0a8381a06b97bd2ae756bae4550a78b6a45fd","hazelcast/src/main/java/com/hazelcast/instance/Node.java","76","0","3","37","596","738","1"
"hazelcast","1ea1116b48f53de346f3e547fffda48d397f4b8f","hazelcast/src/main/java/com/hazelcast/instance/Node.java","76","0","3","38","600","743","0"
"hazelcast","c0dd2786291d0a88f54879097d5b3415b107fd40","hazelcast/src/main/java/com/hazelcast/instance/Node.java","76","0","3","38","600","743","0"
"hazelcast","dba2faf4ec3ff3e3266ead95b962a0940b33ff55","hazelcast/src/main/java/com/hazelcast/instance/Node.java","76","0","3","38","600","743","0"
"hazelcast","ad1790f7ac618c7a5bf8f548c3650937b7ee3a89","hazelcast/src/main/java/com/hazelcast/instance/Node.java","76","0","3","38","600","743","1"
"hazelcast","669af4d95acce86fc25b96a8aaf5ee89a8b29610","hazelcast/src/main/java/com/hazelcast/map/impl/proxy/MapProxyImpl.java","76","0","3","68","639","765","0"
"hazelcast","141ed08739231f7b5f336b4bfddfedf1bbf302aa","hazelcast/src/test/java/com/hazelcast/test/HazelcastTestSupport.java","76","0","3","84","723","888","2"
"elasticsearch","776e5d8096c7ddea8996d8c70165f6971aadd776","core/src/main/java/org/elasticsearch/action/termvectors/TermVectorsRequest.java","76","0","34","22","471","699","1"
"BroadleafCommerce","66b90df8e1d48dea727d19decebcf0b65113f2f1","core/broadleaf-framework/src/main/java/org/broadleafcommerce/core/search/service/solr/SolrSearchServiceImpl.java","76","0","4","16","581","927","8"
"orientdb","6b5a30b1f20a1f08c110d8f353b9cc8c2dd02733","core/src/main/java/com/orientechnologies/orient/core/storage/impl/local/paginated/atomicoperations/OAtomicOperation.java","76","0","4","21","454","639","0"
"orientdb","d66faa857d775fc782a57090adac5a8666b86954","core/src/main/java/com/orientechnologies/orient/core/storage/impl/local/paginated/atomicoperations/OAtomicOperation.java","76","0","4","21","454","642","1"
"hazelcast","e1b69c53ca4923affcd7722f012a80e32517e988","hazelcast/src/main/java/com/hazelcast/instance/Node.java","76","0","4","35","639","800","0"
"netty","a517cce92fee24f2967bba7c84eea835b79fcab1","codec-http2/src/main/java/io/netty/handler/codec/http2/internal/hpack/Decoder.java","76","0","5","1","399","569","1"
"elasticsearch","b6a9bd9a31862bf4f73efd0009727134b91c4f27","src/main/java/org/elasticsearch/cluster/routing/allocation/AllocationService.java","76","0","5","3","349","506","0"
"orientdb","e34938071e751f2683e3527961942fde97aa8bbf","core/src/main/java/com/orientechnologies/orient/core/Orient.java","76","0","5","45","585","784","0"
"orientdb","025dbcbafec124d78d95370719b185a48a94879d","core/src/main/java/com/orientechnologies/orient/core/config/OStorageConfiguration.java","76","0","5","71","714","986","0"
"elasticsearch","568e655fdbfd8161f22cc368bfa49c301ad2366a","core/src/main/java/org/elasticsearch/common/xcontent/support/XContentMapValues.java","76","0","6","21","368","491","0"
"elasticsearch","4ff1b429f1351c17ae5f3a4338a7ac33db49ef70","modules/elasticsearch/src/main/java/org/elasticsearch/index/shard/service/InternalIndexShard.java","76","0","6","36","493","608","0"
"mcMMO","6d7d8118144e79e3556916c7a54955e1b69abd4a","src/main/java/com/gmail/nossr50/skills/fishing/FishingManager.java","76","0","6","9","361","536","1"
"elasticsearch","4a14c635c8e5fc598bfff92680fe0d6052004a05","src/main/java/org/elasticsearch/index/snapshots/blobstore/BlobStoreIndexShardRepository.java","76","0","8","6","598","875","2"
"elasticsearch","3274e7ea6fd74073c30e5194c3447b1707e8b708","src/main/java/org/elasticsearch/index/mapper/DocumentMapper.java","76","0","8","62","604","837","1"
"elasticsearch","971b7ec542a9f60f8c6eb852ad3c232c4213fbf0","test/framework/src/main/java/org/elasticsearch/test/AbstractQueryTestCase.java","76","0","8","7","817","1130","2"
"elasticsearch","3aed047bdedde1bda189cbfc2f81e65af42e57c5","test/framework/src/main/java/org/elasticsearch/test/AbstractQueryTestCase.java","76","0","8","7","823","1136","1"
"hazelcast","06ea97aa16f9fd697b7d7490d4a24ab76fda9143","hazelcast-client/src/main/java/com/hazelcast/client/config/XmlClientConfigBuilder.java","77","0","0","0","377","450","1"
"hazelcast","a539b5143ea9e978b07c9183b35add93458834ed","hazelcast-client/src/main/java/com/hazelcast/client/config/XmlClientConfigBuilder.java","77","0","0","0","377","451","0"
"netty","ba80fbbe05489227d64dcbd4f5e91bef68072c37","resolver-dns/src/main/java/io/netty/resolver/dns/DnsNameResolverContext.java","77","0","0","0","434","547","0"
"hazelcast","490031a220076fe6cf002b209e986e2edbad57b9","hazelcast-client/src/main/java/com/hazelcast/client/connection/nio/ClientConnectionManagerImpl.java","77","0","0","18","621","725","1"
"ceylon-ide-eclipse","1368df961ed2f36821b6e9d8fc35b0f73f0b6e1e","plugins/com.redhat.ceylon.eclipse.ui/src/com/redhat/ceylon/eclipse/code/refactor/RenameRefactoring.java","77","0","0","20","606","671","0"
"hazelcast","9bbfd33ff7246db9118fa0590d78544d25513452","hazelcast/src/main/java/com/hazelcast/impl/TcpIpJoiner.java","77","0","0","7","383","429","0"
"ceylon-ide-eclipse","3cb61fd56d8c36a17ce04e0ce01bf96c3c7583b9","plugins/com.redhat.ceylon.eclipse.ui/src/com/redhat/ceylon/eclipse/code/navigator/CeylonNavigatorLabelProvider.java","77","0","0","8","294","342","0"
"hazelcast","2d61a67c44972c7c71b5c93be51bbb0154a73f45","hazelcast/src/main/java/com/hazelcast/query/Predicates.java","77","0","1","100","652","799","1"
"hazelcast","3b7b6f7e5852332971b00440e33eac6b108bd7a1","hazelcast/src/main/java/com/hazelcast/query/Predicates.java","77","0","1","100","708","861","3"
"titan","00aa8b9b5ef06997c0f455d7028235f520100fa9","titan-es/src/main/java/com/thinkaurelius/titan/diskstorage/es/ElasticSearchIndex.java","77","0","1","11","370","449","0"
"netty","88df53ec1a53912c2e34892247c8218c2fa01838","buffer/src/main/java/io/netty/buffer/AbstractByteBuf.java","77","0","1","118","928","1132","0"
"netty","644d5abbda93ca3b06f772a47b8dc7a5b5543775","buffer/src/main/java/io/netty/buffer/AbstractByteBuf.java","77","0","1","118","928","1136","1"
"hazelcast","ffe9301db5174bd688cf5f986f7078484fa6cef7","hazelcast/src/test/java/com/hazelcast/nio/serialization/PortableTest.java","77","0","1","12","597","751","1"
"hazelcast","aad74a23fb8d827d138ef892b7ccf03dd6d41128","hazelcast/src/main/java/com/hazelcast/management/ManagementCenterService.java","77","0","1","16","510","616","0"
"elasticsearch","d650705a03b9ee8b1140ea8b17cb618c974d3119","modules/elasticsearch/src/main/java/org/elasticsearch/indices/cluster/IndicesClusterStateService.java","77","0","1","2","409","515","1"
"elasticsearch","83c26eb74abe7d3c4550a927ee78fe3ee4010d49","src/test/java/org/elasticsearch/test/integration/search/facet/SimpleFacetsTests.java","77","0","1","25","1974","2315","0"
"elasticsearch","6666fb1614c602e5637b5949d61d8e457ab3ee77","core/src/main/java/org/elasticsearch/index/mapper/DateFieldMapper.java","77","0","1","28","479","574","3"
"elasticsearch","3aed047bdedde1bda189cbfc2f81e65af42e57c5","core/src/main/java/org/elasticsearch/index/mapper/DateFieldMapper.java","77","0","1","28","482","583","1"
"elasticsearch","fe86eddecbdaa2919bb77ec73a6981c1fd72a439","src/main/java/org/elasticsearch/cluster/metadata/MetaDataCreateIndexService.java","77","0","1","3","426","534","0"
"elasticsearch","a6510f924520d8cdda2636ac85a1a1e43f6dfb8c","src/main/java/org/elasticsearch/cluster/metadata/MetaDataCreateIndexService.java","77","0","1","3","457","567","0"
"elasticsearch","371c73e14023917f3892090d2d3d7ff9ac1216b9","core/src/main/java/org/elasticsearch/index/query/InnerHitBuilder.java","77","0","1","37","527","646","3"
"elasticsearch","78574d248cf10dad1c5a566fda79e1e0c94afe43","core/src/main/java/org/elasticsearch/index/query/InnerHitBuilder.java","77","0","1","37","527","646","2"
"elasticsearch","e6aaaf11ed4a1b8f595f920de1840938eddb7a97","core/src/main/java/org/elasticsearch/index/query/InnerHitBuilder.java","77","0","1","37","527","646","2"
"elasticsearch","a60b8948ba1d836a6eac7cff095519e618939ed8","core/src/main/java/org/elasticsearch/index/query/InnerHitBuilder.java","77","0","1","37","527","646","0"
"hazelcast","5040e03ba45a8d09b3a201fad00fe7969d1cd295","hazelcast/src/main/java/com/hazelcast/config/AbstractXmlConfigHelper.java","77","0","1","4","426","508","0"
"hazelcast","a3b7532c6a5abbebdd4243f70f53238b8c1ae6b9","hazelcast/src/main/java/com/hazelcast/spi/impl/operationservice/impl/Invocation.java","77","0","1","4","534","781","0"
"elasticsearch","2fb5d3ff519395e1957b97db500e628e47e7f476","src/main/java/org/elasticsearch/plugins/PluginManager.java","77","0","1","6","334","417","0"
"orientdb","7b3011e29f87e5c3c85e9c1c8fc6a753920c22a2","core/src/main/java/com/orientechnologies/orient/core/command/script/OCommandExecutorScript.java","77","0","1","7","335","471","1"
"netty","e40c4309769a3c6fab33337d01105b9429241c95","handler/src/main/java/io/netty/handler/ssl/SslHandler.java","77","0","10","12","496","781","2"
"elasticsearch","16446440e477b7e3d11f97bd3e95894c9b7bd986","src/main/java/org/elasticsearch/search/MultiValueMode.java","77","0","16","2","552","846","0"
"elasticsearch","ad986eb2fcd793c6cf2fc90a48daaa345e0d0abb","src/main/java/org/elasticsearch/index/mapper/attachment/AttachmentMapper.java","77","0","2","26","451","612","4"
"elasticsearch","1e0f03bc90d46ccbdb9144744b1f95a43d94b9ab","src/main/java/org/elasticsearch/index/mapper/attachment/AttachmentMapper.java","77","0","2","26","474","636","2"
"elasticsearch","c3c9f66d0de89a0ba4a6efce1841a198723840e8","src/main/java/org/elasticsearch/index/mapper/attachment/AttachmentMapper.java","77","0","2","26","475","637","1"
"elasticsearch","066afcf3c36910210d50850f8880d38cd40e5dbe","core/src/main/java/org/elasticsearch/cluster/metadata/MetaDataCreateIndexService.java","77","0","2","3","477","613","1"
"hazelcast","dc97035a08550b9d6aad859527aa7119bf82ddcb","hazelcast-client/src/main/java/com/hazelcast/client/config/XmlClientConfigBuilder.java","77","0","2","6","363","449","0"
"elasticsearch","fbe27664a65ca7ab5b7dbe1c328ab27423e4313c","core/src/main/java/org/elasticsearch/action/bulk/BulkRequest.java","77","0","20","14","412","580","3"
"orientdb","b93f473a13793a24c3d77d685df5fb54d8fecca4","graphdb/src/main/java/com/tinkerpop/blueprints/impls/orient/OrientEdge.java","77","0","20","6","324","575","1"
"elasticsearch","b379bf5668c5bf3a6edffbc2cd9ae97f29a8b7d6","src/test/java/org/elasticsearch/test/ElasticsearchIntegrationTest.java","77","0","20","7","566","930","5"
"elasticsearch","47f92d7c621eb0b0e4cf350ae21c8553592a324f","core/src/main/java/org/elasticsearch/index/query/SimpleQueryStringBuilder.java","77","0","21","4","409","596","1"
"elasticsearch","1ba73d979791577316edb021dfec655655e111e6","core/src/main/java/org/elasticsearch/index/query/SimpleQueryStringBuilder.java","77","0","21","4","410","598","0"
"elasticsearch","2ccc223ff761043807683f34b29c693af6c94d95","core/src/main/java/org/elasticsearch/index/query/SimpleQueryStringBuilder.java","77","0","21","4","410","598","0"
"elasticsearch","0189a65e6bfc623813c6c088d19a0509fbeb64da","core/src/main/java/org/elasticsearch/index/query/SimpleQueryStringBuilder.java","77","0","21","4","410","598","1"
"elasticsearch","09c7c5c82fdd5ce7c133de0379b3b44cf36061f9","core/src/main/java/org/elasticsearch/index/query/SimpleQueryStringBuilder.java","77","0","21","4","413","601","1"
"mcMMO","c10525ada9ed2c0b77c518089a300e3b4e32e7c1","src/main/java/com/gmail/nossr50/datatypes/player/McMMOPlayer.java","77","0","23","65","603","937","1"
"ceylon-ide-eclipse","386eacab492f5b0837dc1260e73ebfec3edb11e2","plugins/com.redhat.ceylon.eclipse.ui/src/com/redhat/ceylon/eclipse/core/classpath/CeylonProjectModulesContainer.java","77","0","3","16","466","596","0"
"ceylon-ide-eclipse","ce02c9e3405c49df49c794213c4137fe25d86a93","plugins/com.redhat.ceylon.eclipse.ui/src/com/redhat/ceylon/eclipse/core/classpath/CeylonProjectModulesContainer.java","77","0","3","16","468","598","2"
"orientdb","c450c0a47412a5db2d381c412d161e519233ecbd","core/src/main/java/com/orientechnologies/orient/core/metadata/security/OSecurityShared.java","77","0","3","29","376","513","1"
"orientdb","1ffb4a74231b07389afced95123a7ef989a442cc","graphdb/src/main/java/com/orientechnologies/orient/graph/sql/OCommandExecutorSQLDeleteEdge.java","77","0","3","7","271","369","0"
"elasticsearch","2ccc223ff761043807683f34b29c693af6c94d95","core/src/main/java/org/elasticsearch/action/termvectors/TermVectorsRequest.java","77","0","32","23","475","696","0"
"elasticsearch","578853f264e8ddae5c919b1b7ca35524cb292d62","core/src/main/java/org/elasticsearch/action/termvectors/TermVectorsRequest.java","77","0","32","23","475","696","0"
"elasticsearch","0189a65e6bfc623813c6c088d19a0509fbeb64da","core/src/main/java/org/elasticsearch/action/termvectors/TermVectorsRequest.java","77","0","32","23","475","696","1"
"elasticsearch","6e566cdf6cab837bdbdb5300ca85038fba1488c1","core/src/main/java/org/elasticsearch/cluster/routing/ShardRouting.java","77","0","38","10","383","629","1"
"elasticsearch","a44655763e150522d58cbd8113fb1b30a475b8c7","core/src/main/java/org/elasticsearch/snapshots/SnapshotShardsService.java","77","0","4","13","456","623","0"
"elasticsearch","977712f9773c3eecea3958a5b8ddf934207775a6","core/src/main/java/org/elasticsearch/cluster/metadata/MetaDataCreateIndexService.java","77","0","4","2","487","647","2"
"orientdb","eda978aeda4e2d46618285fcb1d73642a30164c2","core/src/main/java/com/orientechnologies/orient/core/storage/impl/local/paginated/atomicoperations/OAtomicOperation.java","77","0","4","21","468","654","1"
"netty","9c1b31d20a2a6f913802f4200e6910f32990634e","transport/src/main/java/io/netty/channel/AbstractChannel.java","77","0","4","33","634","889","0"
"netty","d946659520bd95a757a843bec63a93ba80272751","transport/src/main/java/io/netty/channel/nio/NioEventLoop.java","77","0","5","0","454","643","0"
"elasticsearch","8ab7ca5284581d59b3988024894a934504371092","core/src/main/java/org/elasticsearch/common/xcontent/support/XContentMapValues.java","77","0","6","20","367","487","0"
"elasticsearch","90247446aa5ec3da2d8b4760049183862ea6b40d","core/src/main/java/org/elasticsearch/common/xcontent/support/XContentMapValues.java","77","0","6","21","369","493","2"
"elasticsearch","aaf347732720187ea3fd4e5dd8661f1434a87249","core/src/main/java/org/elasticsearch/index/IndexService.java","77","0","7","23","690","853","1"
"elasticsearch","099b1a70d5c34da2201290f66899cd968cdb849f","src/main/java/org/elasticsearch/cluster/routing/allocation/decider/DiskThresholdDecider.java","77","0","7","4","385","547","0"
"elasticsearch","9ca5e6e3e12cf4f13eb6ed0140d9073ba89c61c9","src/main/java/org/elasticsearch/cluster/routing/allocation/AllocationService.java","77","0","7","5","383","548","1"
"elasticsearch","1914df7b5f61e987bb7b4e82293155bb34a2daf3","test/framework/src/main/java/org/elasticsearch/test/AbstractQueryTestCase.java","77","0","8","7","822","1139","0"
"netty","3049f5ddc483de1afdaa52443fe946133e121808","transport/src/main/java/io/netty/channel/DefaultChannelHandlerContext.java","78","0","0","0","720","860","1"
"ceylon-ide-eclipse","aa41d558346103e03516b1b4b743c6cf2fe27f64","plugins/com.redhat.ceylon.eclipse.ui/src/com/redhat/ceylon/eclipse/code/correct/ImportProposals.java","78","0","0","14","435","481","1"
"netty","0cf3f54a8d284d76726150a72d1b109969f8b72a","handler/src/test/java/io/netty/handler/ssl/SSLEngineTest.java","78","0","0","23","1429","1776","1"
"hazelcast","82563c38685eeb9638e422ed96499a49ceab50b9","hazelcast/src/main/java/com/hazelcast/nio/serialization/SerializationServiceImpl.java","78","0","0","23","552","644","2"
"ceylon-ide-eclipse","1cfcc411e9affda9de0b72cd43a67f5ec3bb327a","plugins/com.redhat.ceylon.eclipse.ui/src/com/redhat/ceylon/eclipse/code/search/SearchResultsLabelProvider.java","78","0","0","3","424","449","0"
"ceylon-ide-eclipse","faf155ef200fa9d2616350f6bdc8847e655469d0","plugins/com.redhat.ceylon.eclipse.ui/src/com/redhat/ceylon/eclipse/code/search/SearchResultsLabelProvider.java","78","0","0","3","428","453","0"
"ceylon-ide-eclipse","64a391fbabba6b9bc6b553abfa42466e0ca9673d","plugins/com.redhat.ceylon.eclipse.ui/src/com/redhat/ceylon/eclipse/core/launch/CeylonApplicationLaunchShortcut.java","78","0","0","5","504","574","0"
"ceylon-ide-eclipse","8ac72e61b5d1d52fe7c350f205f667a031f6ac2c","plugins/com.redhat.ceylon.eclipse.ui/src/com/redhat/ceylon/eclipse/core/launch/CeylonApplicationLaunchShortcut.java","78","0","0","5","505","574","0"
"hazelcast","5746c5c2a29d1378d11a27078554d9cfe8aaefc7","hazelcast/src/test/java/com/hazelcast/replicatedmap/ReplicatedMapTest.java","78","0","0","53","839","1086","0"
"hazelcast","7ff5e1a98828060aa9c3839ed89255a9c3be4edc","hazelcast/src/test/java/com/hazelcast/replicatedmap/ReplicatedMapTest.java","78","0","0","53","839","1087","2"
"hazelcast","1eae67881eecaa9f0ee6073a4d1a6739712d47b2","hazelcast/src/test/java/com/hazelcast/replicatedmap/ReplicatedMapTest.java","78","0","0","53","845","1092","1"
"hazelcast","8135e6de50655ac22332f0b354f5c5fb0ee010d4","hazelcast/src/test/java/com/hazelcast/replicatedmap/ReplicatedMapTest.java","78","0","0","53","846","1094","0"
"hazelcast","fcf19263e406e0a67085272a6e31da4da9c27948","hazelcast/src/test/java/com/hazelcast/replicatedmap/ReplicatedMapTest.java","78","0","0","65","874","1080","0"
"elasticsearch","41a2375c9e609395e21522ee79202645ed2a0af4","core/src/main/java/org/elasticsearch/action/bulk/TransportShardBulkAction.java","78","0","1","1","439","543","0"
"elasticsearch","89ac6a83f134365dcc3b7bdff5a3f14ddab6c2c5","core/src/main/java/org/elasticsearch/action/bulk/TransportShardBulkAction.java","78","0","1","1","439","543","0"
"elasticsearch","aea00a62f3825e388e07007d3c8686f93c2d3f8e","core/src/main/java/org/elasticsearch/action/bulk/TransportShardBulkAction.java","78","0","1","1","439","543","1"
"orientdb","252aa4c00e6048e5a77066dc5f770ef6e58dd1ea","core/src/main/java/com/orientechnologies/orient/core/sql/parser/OInCondition.java","78","0","1","13","219","256","1"
"hazelcast","3c5039044a09ca301a16707232728a8cecf27204","hazelcast/src/main/java/com/hazelcast/management/ManagementCenterService.java","78","0","1","16","508","614","0"
"hazelcast","ce1dffc749555174cc624f04dfcce175fa8c893c","hazelcast/src/main/java/com/hazelcast/management/ManagementCenterService.java","78","0","1","16","510","616","0"
"orientdb","cb2277a57d1cdf28dde1631fb9bec3a7eac0572c","core/src/main/java/com/orientechnologies/orient/core/db/document/ODatabaseDocumentTx.java","78","0","1","166","1182","1391","1"
"orientdb","4ff84b859e3d13248b65486721dda2a5fd268722","core/src/main/java/com/orientechnologies/orient/core/db/document/ODatabaseDocumentTx.java","78","0","1","167","1186","1397","0"
"elasticsearch","66cd3ad17edfa10964080d6e4a46a8d114d5595f","src/main/java/org/elasticsearch/cluster/service/InternalClusterService.java","78","0","1","17","564","707","1"
"elasticsearch","598854dd72d7fb01a7e26a9dad065de3deaa5eb7","src/main/java/org/elasticsearch/cluster/service/InternalClusterService.java","78","0","1","17","576","716","0"
"elasticsearch","2713549533bdeb944c436e1d0f2f199a2ef8b2b6","core/src/test/java/org/elasticsearch/indices/stats/IndexStatsIT.java","78","0","1","19","897","1188","0"
"BroadleafCommerce","380c3815af472f82c720b8d89765997636bf5b11","core/broadleaf-framework/src/main/java/org/broadleafcommerce/core/offer/service/OfferServiceUtilitiesImpl.java","78","0","1","23","404","528","0"
"elasticsearch","b00b2b9baaf7d22ba63a2cb6c55ba0218de55324","src/main/java/org/elasticsearch/cluster/metadata/MetaDataCreateIndexService.java","78","0","1","3","466","577","0"
"hazelcast","7d6c49b1a4b2f2fe50f2a3e9fdfb2613d7c73c2e","hazelcast/src/main/java/com/hazelcast/config/AbstractXmlConfigHelper.java","78","0","1","4","425","507","0"
"hazelcast","1adb9b6c15817f6fe170d2b2b4da2151d794fbd5","hazelcast/src/main/java/com/hazelcast/config/AbstractXmlConfigHelper.java","78","0","1","4","431","515","1"
"hazelcast","e206695a160a575c71ab47fc7bfc7cd5a4272e7f","hazelcast/src/main/java/com/hazelcast/spi/impl/operationservice/impl/Invocation.java","78","0","1","4","538","787","1"
"hazelcast","f4c33973f2e5f804f6743683b11c8a43922bfc7e","hazelcast/src/main/java/com/hazelcast/spi/impl/operationservice/impl/Invocation.java","78","0","1","4","541","795","1"
"hazelcast","230e4c01bded87190d3a2600c4716b02aa169088","hazelcast/src/main/java/com/hazelcast/spi/impl/operationservice/impl/Invocation.java","78","0","1","4","544","798","0"
"hazelcast","e1b69c53ca4923affcd7722f012a80e32517e988","hazelcast/src/main/java/com/hazelcast/spi/impl/operationservice/impl/Invocation.java","78","0","1","4","544","800","0"
"hazelcast","df23887e0b596f11c485c176b856095fb3bc5744","hazelcast/src/main/java/com/hazelcast/spi/impl/operationservice/impl/Invocation.java","78","0","1","4","556","815","1"
"elasticsearch","f5e5eb5fb9d9d24b0a19f26e2a9d9bbc7c6b8832","src/main/java/org/elasticsearch/plugins/PluginManager.java","78","0","1","6","335","417","0"
"elasticsearch","f8f8cac0ed52ebde54006b395c0cf7111d2dfc37","src/main/java/org/elasticsearch/plugins/PluginManager.java","78","0","1","6","337","418","1"
"hazelcast","3d6bcba501e62df97fb0d222eb966362c2951a5c","hazelcast/src/main/java/com/hazelcast/internal/cluster/impl/ClusterServiceImpl.java","78","0","1","61","835","1043","0"
"orientdb","1e118bb70cd79f6c0a9146563e487a477ec555e0","core/src/main/java/com/orientechnologies/orient/core/index/OIndexTxAwareMultiValue.java","78","0","1","7","395","527","1"
"netty","397f81f253ee3fede182b2b3711cf933ca698efa","transport-native-epoll/src/main/java/io/netty/channel/epoll/EpollSocketChannel.java","78","0","1","7","508","681","1"
"netty","791c38befe1885cad549460a4de6d9d0b5d5cc68","transport-native-epoll/src/main/java/io/netty/channel/epoll/EpollSocketChannel.java","78","0","1","7","517","692","0"
"elasticsearch","fed6b7246047cdbfd376c179b6b15c62d9cdf2a1","core/src/main/java/org/elasticsearch/index/query/InnerHitBuilder.java","78","0","11","32","555","726","1"
"mcMMO","212137ec3eec6683648747ee7a3b30466742d865","src/main/java/com/gmail/nossr50/listeners/PlayerListener.java","78","0","13","3","346","511","0"
"elasticsearch","4c1bc3ae4f76f04f6ff17a8ae1ebaeca4ed1aa99","src/main/java/org/elasticsearch/index/store/Store.java","78","0","14","30","636","884","1"
"elasticsearch","7ca2ef9b93fc9421e860453de50961e90398f6f4","src/main/java/org/elasticsearch/cluster/routing/allocation/decider/DiskThresholdDecider.java","78","0","14","4","407","585","2"
"elasticsearch","25fd9e26c4fb042d6f6dea14efcd239577bdbbc4","core/src/main/java/org/apache/logging/log4j/core/impl/ThrowableProxy.java","78","0","14","7","430","666","0"
"elasticsearch","5a8356c86ef2563f6b8183d9b74fa27583521c5d","core/src/main/java/org/elasticsearch/cluster/routing/allocation/decider/DiskThresholdDecider.java","78","0","16","4","429","614","0"
"netty","be126395e3ee5c51b3e4d24900d398bfe05dc89e","codec-http/src/main/java/io/netty/handler/codec/http/websocketx/WebSocket08FrameDecoder.java","78","0","2","1","310","489","0"
"neo4j","13e3d20860f871d1c13c10429f2d4d31d6180c8b","community/kernel/src/main/java/org/neo4j/kernel/impl/api/state/RelationshipChangesForNode.java","78","0","2","12","414","511","0"
"antlr4","b2af59e73e7e96ea142cbb43e0d378449ddd960c","tool/src/org/antlr/v4/semantics/BasicSemanticChecks.java","78","0","2","16","425","582","2"
"elasticsearch","256bf1f4bc54fc5cf0106a2e4386ce3b72cfc9e8","src/main/java/org/elasticsearch/cluster/metadata/MetaDataMappingService.java","78","0","2","18","488","632","1"
"BroadleafCommerce","091b343ff470ac3947f4880f1e93d7bce7edad5f","admin/broadleaf-contentmanagement-module/src/main/java/org/broadleafcommerce/cms/file/service/StaticAssetServiceImpl.java","78","0","2","20","432","618","2"
"BroadleafCommerce","4157e122b98f0a1b58ed8ac1b1f0275686489775","admin/broadleaf-contentmanagement-module/src/main/java/org/broadleafcommerce/cms/file/service/StaticAssetServiceImpl.java","78","0","2","20","436","622","1"
"netty","3482651e0c29edfa02f189751c704ebe4fe8f54c","codec-http2/src/main/java/io/netty/handler/codec/http2/WeightedFairQueueByteDistributor.java","78","0","2","5","514","806","0"
"elasticsearch","854099f1d51ca3c9a8b66c6c40c4c45d7dd8ff84","core/src/main/java/org/elasticsearch/action/bulk/BulkRequest.java","78","0","20","13","391","552","1"
"elasticsearch","18c8394fbd74257f215f4aa6980b21c10d792134","src/main/java/org/elasticsearch/common/lucene/Lucene.java","78","0","28","21","647","892","1"
"antlr4","2ffb12028a9eefcf7fa4bc617e10e05eb3c05d5c","runtime/Java/src/org/antlr/v4/runtime/atn/LexerATNSimulator.java","78","0","3","13","455","713","1"
"antlr4","e0e6e0a94c09b6a2a3528bd7f30d0514e6964418","runtime/Java/src/org/antlr/v4/runtime/atn/LexerATNSimulator.java","78","0","3","13","456","714","0"
"orientdb","b42d488780f2bfdd6ce58bec2d3ab76676ca4f9f","core/src/main/java/com/orientechnologies/orient/core/metadata/security/OSecurityShared.java","78","0","3","30","381","520","0"
"titan","627201ea7c20d1f72ab1d548ad5ec11041da09ee","titan-core/src/main/java/com/thinkaurelius/titan/graphdb/configuration/GraphDatabaseConfiguration.java","78","0","3","35","1000","1874","1"
"titan","63f50c66dd4ec7a3e6882886f4aee674552564e4","titan-core/src/main/java/com/thinkaurelius/titan/graphdb/configuration/GraphDatabaseConfiguration.java","78","0","3","35","1002","1876","0"
"elasticsearch","5ea6c77dad00b90ed73779a4d936cc61c6fa0a3f","src/main/java/org/elasticsearch/index/get/ShardGetService.java","78","0","3","4","321","406","0"
"elasticsearch","03a86604a4c9f837058e0db8a12dcd66817e1d87","src/main/java/org/elasticsearch/index/get/ShardGetService.java","78","0","3","4","322","407","1"
"elasticsearch","32abf6b890df7684d3798c096b44a767c226b3a8","src/main/java/org/elasticsearch/index/get/ShardGetService.java","78","0","3","4","323","408","0"
"hazelcast","623ff1855aa985aa276e8395aabf0b534c7a36c3","hazelcast/src/test/java/com/hazelcast/test/HazelcastTestSupport.java","78","0","3","82","741","909","1"
"elasticsearch","3354a816fca4b8ce5af622c848bcd5fd1161e3b7","core/src/main/java/org/elasticsearch/cluster/routing/ShardRouting.java","78","0","30","14","464","713","1"
"elasticsearch","e4c7d8183eb0d8db1c65ddd8f89171530639174a","core/src/main/java/org/elasticsearch/common/xcontent/XContentBuilder.java","78","0","35","72","701","1060","0"
"BroadleafCommerce","2a01e7407941dc4487379db1997090a74215259e","core/broadleaf-framework/src/main/java/org/broadleafcommerce/core/search/service/solr/SolrSearchServiceImpl.java","78","0","4","14","544","841","10"
"BroadleafCommerce","300afb753f1ee1d8f081ebbf9cbd93cb57c22816","core/broadleaf-framework/src/main/java/org/broadleafcommerce/core/search/service/solr/SolrSearchServiceImpl.java","78","0","4","16","581","927","1"
"elasticsearch","30ab8739a6e11ea7d5f25a62e290932d5f2d740f","core/src/main/java/org/elasticsearch/common/xcontent/XContentBuilder.java","78","0","40","70","715","1098","0"
"elasticsearch","3136ed1490e41b4c82b8ee05ff2d224e113ef1b8","core/src/main/java/org/elasticsearch/common/xcontent/XContentBuilder.java","78","0","40","70","716","1099","1"
"netty","c9b7f1f1b570eab9eb6b61df0e94cd4dbcc5e2ec","transport/src/main/java/io/netty/channel/nio/NioEventLoop.java","78","0","5","0","456","648","0"
"netty","ebf33c6e3b3ec94965c07defe2e79f7edec7f64d","transport/src/main/java/io/netty/channel/AbstractChannel.java","78","0","5","30","660","840","1"
"orientdb","49646436cee4497bc6b13ed638598cac2c4ae6e6","core/src/main/java/com/orientechnologies/orient/core/Orient.java","78","0","5","45","590","790","0"
"hazelcast","a9758d3446f37660f56809129c58192c034cefdb","hazelcast/src/main/java/com/hazelcast/map/DefaultRecordStore.java","78","0","5","49","804","984","4"
"hazelcast","3ffa55ac9e71a5e743e4e55a467471eeac338ff7","hazelcast/src/main/java/com/hazelcast/map/DefaultRecordStore.java","78","0","5","49","805","980","2"
"elasticsearch","6d9af2fff4833b464fde2c3caaf9948fc1f92460","core/src/main/java/org/elasticsearch/index/IndexService.java","78","0","6","23","691","853","0"
"elasticsearch","ad94bea0bbfe9d0dcfc4ca3a908125f6cb2e006c","core/src/main/java/org/elasticsearch/index/IndexService.java","78","0","6","23","693","855","2"
"MapDB","6459ff23dbff54b165ad21be661a95c90ec26654","src/main/java/org/mapdb/Volume.java","78","0","6","70","566","779","1"
"elasticsearch","b5f86f6f0544a9ad9fa4ab88bf7397cf361d696a","core/src/main/java/org/elasticsearch/index/IndexService.java","78","0","7","23","694","857","0"
"BroadleafCommerce","317954fbc073098cb5ac5d2d80c5e197895d029c","admin/broadleaf-admin-module/src/main/java/org/broadleafcommerce/admin/server/service/handler/SkuCustomPersistenceHandler.java","78","0","8","8","620","883","1"
"hazelcast","e1b69c53ca4923affcd7722f012a80e32517e988","hazelcast/src/main/java/com/hazelcast/instance/DefaultAddressPicker.java","79","0","0","0","409","491","0"
"hazelcast","f4c33973f2e5f804f6743683b11c8a43922bfc7e","hazelcast/src/main/java/com/hazelcast/instance/DefaultAddressPicker.java","79","0","0","0","413","496","1"
"ceylon-ide-eclipse","04b5b995ce90bfb3a27e150ad060612fd804eaf1","plugins/com.redhat.ceylon.eclipse.ui/src/com/redhat/ceylon/eclipse/util/Highlights.java","79","0","0","19","544","581","0"
"hazelcast","ffe9301db5174bd688cf5f986f7078484fa6cef7","hazelcast/src/main/java/com/hazelcast/nio/serialization/SerializationServiceImpl.java","79","0","0","20","522","605","0"
"ceylon-ide-eclipse","d6127721abd20f0795ade6de08181b851fe8c37f","plugins/com.redhat.ceylon.eclipse.ui/src/com/redhat/ceylon/eclipse/code/refactor/RenameRefactoring.java","79","0","0","20","611","677","1"
"ceylon-ide-eclipse","6384e257025a106f4251bd5d9b6fe82a75ef7e9f","plugins/com.redhat.ceylon.eclipse.ui/src/com/redhat/ceylon/eclipse/code/refactor/RenameRefactoring.java","79","0","0","20","613","679","0"
"netty","adcde84253e7ae6d6ae8e64c73c176d9272b26da","handler/src/test/java/io/netty/handler/ssl/SSLEngineTest.java","79","0","0","24","1468","1826","0"
"ceylon-ide-eclipse","49e97b2fd20d978748beacc1577f14eb3401cad2","plugins/com.redhat.ceylon.eclipse.ui/src/com/redhat/ceylon/eclipse/code/search/SearchResultsLabelProvider.java","79","0","0","3","433","458","0"
"elasticsearch","2bd09c4625898d77aa6c015c6f82cf973ed18cb7","core/src/main/java/org/elasticsearch/index/mapper/core/DateFieldMapper.java","79","0","0","32","470","562","1"
"hazelcast","7084d312fa3b03a64036c42f88a3b85518e8a1cb","hazelcast/src/test/java/com/hazelcast/nio/UTFEncoderDecoderTest.java","79","0","0","35","513","656","1"
"hazelcast","2310da493333a9d271fb195d684c4a37fe6c5e32","hazelcast/src/test/java/com/hazelcast/replicatedmap/ReplicatedMapTest.java","79","0","0","69","910","1126","2"
"ceylon-ide-eclipse","9750732a00229736f299fc7568e318630a326184","plugins/com.redhat.ceylon.eclipse.ui/src/com/redhat/ceylon/eclipse/code/navigator/CeylonNavigatorLabelProvider.java","79","0","0","8","301","352","0"
"elasticsearch","636c35d0d41b4c9fd5c8454483fbaaee45ac1d25","src/main/java/org/elasticsearch/action/bulk/TransportShardBulkAction.java","79","0","1","1","487","588","0"
"elasticsearch","1d7e20b7121537fb32cc3f1e3300e85bad3a014e","src/main/java/org/elasticsearch/action/bulk/TransportShardBulkAction.java","79","0","1","1","492","601","0"
"elasticsearch","150df5f1c5b206ff800c2c5ff7eb8392ec9517ef","src/test/java/org/elasticsearch/action/termvector/GetTermVectorTests.java","79","0","1","11","676","792","1"
"elasticsearch","62ef4a30dc351d509512d2116b5426bb2ebc2a86","src/test/java/org/elasticsearch/action/termvector/GetTermVectorTests.java","79","0","1","11","678","795","0"
"MapDB","6459ff23dbff54b165ad21be661a95c90ec26654","src/main/java/org/mapdb/StoreDirect.java","79","0","1","13","450","658","1"
"MapDB","7de378271c651a4c59f0e4700564a0572d445b97","src/main/java/org/mapdb/StoreDirect.java","79","0","1","13","451","659","0"
"hazelcast","dcdf838c95407da279237d92588a7a4f691c6fce","hazelcast-client/src/main/java/com/hazelcast/client/spi/impl/ClientClusterServiceImpl.java","79","0","1","14","516","603","1"
"elasticsearch","5b9659585414cd3da7d199550ce283a14b70c3b3","src/main/java/org/elasticsearch/cluster/service/InternalClusterService.java","79","0","1","17","576","724","2"
"elasticsearch","889db1c824d8c573835e8cbadd0c6f3ba25f8fcd","src/main/java/org/elasticsearch/cluster/service/InternalClusterService.java","79","0","1","17","580","724","1"
"elasticsearch","a9aa10ade07754ebef118fafa5c6b7f0a7d0e976","src/main/java/org/elasticsearch/cluster/service/InternalClusterService.java","79","0","1","17","581","726","2"
"elasticsearch","d6e9101f421235006089944d73d9d95da677aada","src/main/java/org/elasticsearch/cluster/service/InternalClusterService.java","79","0","1","17","588","743","1"
"elasticsearch","af191d788834cbb23a61d13866610350bfaf22de","src/main/java/org/elasticsearch/cluster/service/InternalClusterService.java","79","0","1","18","601","757","1"
"elasticsearch","a9e0f4d29dc1fd06d218665e4e568487514f2f28","src/main/java/org/elasticsearch/index/search/nested/NestedFieldComparatorSource.java","79","0","1","3","335","422","0"
"elasticsearch","5396d8e1498dca2904764f75f04c6977a6adb9bf","src/main/java/org/elasticsearch/index/search/nested/NestedFieldComparatorSource.java","79","0","1","3","336","423","0"
"elasticsearch","9080f51340b1b26f8bd171b4c82de8d87ad42b55","core/src/main/java/org/elasticsearch/index/mapper/geo/BaseGeoPointFieldMapper.java","79","0","1","36","465","562","1"
"elasticsearch","048d2734084aac785bd867fc653b6fc8d38c9ab4","core/src/main/java/org/elasticsearch/rest/action/support/RestTable.java","79","0","1","6","301","368","0"
"elasticsearch","d5b2c8e82f0b32b56605bd7b6775389304f6e5bf","src/main/java/org/elasticsearch/plugins/PluginManager.java","79","0","1","6","357","440","1"
"elasticsearch","25d28f8afad47fb979352dcf11d208303ced4815","src/main/java/org/elasticsearch/plugins/PluginManager.java","79","0","1","6","357","441","1"
"BroadleafCommerce","1a5ce59c9c0fe861718300cd2ff7efb08a437dc9","admin/broadleaf-open-admin-platform/src/main/java/org/broadleafcommerce/openadmin/server/service/persistence/module/MapStructurePersistenceModule.java","79","0","1","7","528","628","0"
"elasticsearch","fafc4eef98fba59b36029a6970abd35f5fdc8dbf","src/main/java/org/elasticsearch/plugins/PluginManager.java","79","0","1","8","405","519","0"
"netty","14b902fced27440c499bc2500d2410a6bab99805","common/src/main/java/io/netty/util/HashedWheelTimer.java","79","0","10","2","513","820","0"
"elasticsearch","075cb970c068aafb158ed8977c2dba93d8e6c85a","core/src/main/java/org/elasticsearch/index/query/InnerHitBuilder.java","79","0","11","32","565","738","0"
"elasticsearch","0a69f1e283e26e5d9e6a000b68b9f4778de557a1","core/src/main/java/org/elasticsearch/index/mapper/MapperService.java","79","0","12","16","522","711","2"
"elasticsearch","5a64f08f048461a63a0ca1354a5050c954e63d52","core/src/main/java/org/elasticsearch/index/mapper/MapperService.java","79","0","12","16","523","712","0"
"elasticsearch","537769c225c9bfe883cb0d8fd7f3b706581115f2","src/main/java/org/elasticsearch/cluster/routing/allocation/decider/DiskThresholdDecider.java","79","0","14","4","412","590","0"
"netty","3a4d64bb8404f59861acddec954b4ed3aa02f97b","codec-http/src/main/java/io/netty/handler/codec/http/multipart/HttpPostStandardRequestDecoder.java","79","0","16","0","451","732","1"
"elasticsearch","371c73e14023917f3892090d2d3d7ff9ac1216b9","core/src/main/java/org/elasticsearch/ingest/core/IngestDocument.java","79","0","17","7","437","625","3"
"elasticsearch","78574d248cf10dad1c5a566fda79e1e0c94afe43","core/src/main/java/org/elasticsearch/ingest/core/IngestDocument.java","79","0","17","7","437","625","2"
"elasticsearch","e6aaaf11ed4a1b8f595f920de1840938eddb7a97","core/src/main/java/org/elasticsearch/ingest/core/IngestDocument.java","79","0","17","7","437","625","2"
"elasticsearch","a60b8948ba1d836a6eac7cff095519e618939ed8","core/src/main/java/org/elasticsearch/ingest/core/IngestDocument.java","79","0","17","7","437","625","0"
"netty","1ef6f147349c145542d77c987f57e1dfbd405406","transport/src/main/java/io/netty/channel/ChannelOutboundBuffer.java","79","0","18","3","500","741","0"
"elasticsearch","ae9857cb45b2d9a742a2a728657daaf69bc820af","modules/elasticsearch/src/main/java/org/elasticsearch/common/joda/Joda.java","79","0","2","0","106","136","0"
"elasticsearch","4cd2f79972bfd1645af6c2218cf9a9e074c09d2f","modules/elasticsearch/src/main/java/org/elasticsearch/common/joda/Joda.java","79","0","2","0","110","140","0"
"netty","7e6649fd66102212c8c8223cbe55b00f5513aac7","codec-http/src/main/java/io/netty/handler/codec/http/websocketx/WebSocket08FrameDecoder.java","79","0","2","1","313","491","0"
"netty","f70ceeab58772ec99d12f65ddcd137d54b42dd9e","codec-http/src/main/java/io/netty/handler/codec/http/websocketx/WebSocket08FrameDecoder.java","79","0","2","1","313","492","0"
"neo4j","530cd9dd6f2874f7121a6905d6d7ad1a6b42f376","community/kernel/src/main/java/org/neo4j/kernel/impl/api/state/RelationshipChangesForNode.java","79","0","2","12","418","515","1"
"elasticsearch","fb53784e3b6763cc47a6f5cc811989fd78ac56ee","src/main/java/org/elasticsearch/index/mapper/core/DateFieldMapper.java","79","0","2","29","463","567","2"
"netty","c6ad9338b3db285978013fb060dda01dc927024d","codec-http2/src/main/java/io/netty/handler/codec/http2/WeightedFairQueueByteDistributor.java","79","0","2","5","514","805","1"
"netty","799350c369e68462b61c6aef97db2a33ea937434","codec-http2/src/main/java/io/netty/handler/codec/http2/WeightedFairQueueByteDistributor.java","79","0","2","5","517","809","0"
"hazelcast","ca760fe60b720c65215c2260ccbc0a12ab7f517b","hazelcast/src/main/java/com/hazelcast/config/AbstractXmlConfigHelper.java","79","0","2","8","435","524","1"
"hazelcast","8abe45e2d23bd8f1211e5ebf581c5c15f26549ca","hazelcast/src/main/java/com/hazelcast/config/AbstractXmlConfigHelper.java","79","0","2","8","436","525","0"
"titan","a602feda16496edc4c967d3b9cc53ebb7238acb3","titan-hbase/src/main/java/com/thinkaurelius/titan/diskstorage/hbase/HBaseStoreManager.java","79","0","2","9","504","841","1"
"orientdb","9b0a6b5a0d74bce339faedfdf33a3918902c1a9e","server/src/main/java/com/orientechnologies/orient/server/distributed/ODistributedConfiguration.java","79","0","20","7","369","615","0"
"elasticsearch","a7779d8e1d4af96b6c461e0e2341ac7699610067","src/main/java/org/elasticsearch/common/lucene/Lucene.java","79","0","28","21","655","900","0"
"elasticsearch","ad8a482d198828d22d884263c2c4e76ab8ae2ee1","src/main/java/org/elasticsearch/plugins/PluginsService.java","79","0","3","13","386","516","0"
"neo4j","ea07bee308a2d30dba7192ea79a67e09250448cb","community/kernel/src/main/java/org/neo4j/kernel/impl/api/index/NodeUpdates.java","79","0","3","17","478","599","1"
"elasticsearch","142d7bdd812d5d7ca31b22fbed053392e1e456aa","src/main/java/org/elasticsearch/index/mapper/core/DateFieldMapper.java","79","0","3","30","480","591","2"
"hazelcast","204f4b9d7cd02069b258f98c14c4fc3621c5e94f","hazelcast/src/main/java/com/hazelcast/config/Config.java","79","0","33","112","1006","1383","0"
"BroadleafCommerce","a7fcce133d168289a113a4a7258a6cab7aa36e8e","core/broadleaf-framework/src/main/java/org/broadleafcommerce/core/search/service/solr/SolrSearchServiceImpl.java","79","0","4","14","549","847","9"
"BroadleafCommerce","60f2fa78e69850ae21354e8bc79528a917e78009","core/broadleaf-framework/src/main/java/org/broadleafcommerce/core/search/service/solr/SolrSearchServiceImpl.java","79","0","4","14","556","858","9"
"BroadleafCommerce","64ee9c754b4adff1e55416fdd70d45b35f42d991","core/broadleaf-framework/src/main/java/org/broadleafcommerce/core/search/service/solr/SolrSearchServiceImpl.java","79","0","4","16","595","959","6"
"BroadleafCommerce","42fab0f12ab56dc3af4b15636fdb702de7de5d4d","core/broadleaf-framework/src/main/java/org/broadleafcommerce/core/search/service/solr/SolrSearchServiceImpl.java","79","0","4","16","601","971","3"
"BroadleafCommerce","77879457fa96cb9ce4384309d6bea14163b2de5b","core/broadleaf-framework/src/main/java/org/broadleafcommerce/core/search/service/solr/SolrSearchServiceImpl.java","79","0","4","16","606","973","7"
"BroadleafCommerce","8dc5c140f52e5762a506b70c9ce9452082da638c","admin/broadleaf-contentmanagement-module/src/main/java/org/broadleafcommerce/cms/structure/service/StructuredContentServiceImpl.java","79","0","4","23","532","757","0"
"netty","7ef6db3ffd2f10cce835685359dec642bd3c874c","transport/src/main/java/io/netty/channel/AbstractChannel.java","79","0","4","37","723","1031","1"
"netty","23d017849429c18e1890b0a5799e5262df4f269f","transport/src/main/java/io/netty/channel/nio/NioEventLoop.java","79","0","5","0","441","618","0"
"netty","9128d4f16a8ccb102bbf863b88e6be8e5574333d","transport/src/main/java/io/netty/channel/nio/NioEventLoop.java","79","0","5","0","443","623","1"
"netty","f755e584638e20a4ae62466dd4b7a14954650348","codec/src/main/java/io/netty/handler/codec/DateFormatter.java","79","0","5","1","322","447","0"
"elasticsearch","741ecf80ff21e1da47ace2e994ae5162884a4174","core/src/main/java/org/elasticsearch/common/xcontent/support/XContentMapValues.java","79","0","5","21","338","426","1"
"orientdb","bbbb777e4073e4214e47e2134379d96dcb54486a","core/src/main/java/com/orientechnologies/orient/core/Orient.java","79","0","5","46","597","799","1"
"orientdb","693119e3f1dab4ea8b67a35575ba1f7d1c0a970b","core/src/main/java/com/orientechnologies/orient/core/Orient.java","79","0","5","46","599","802","0"
"MapDB","7de378271c651a4c59f0e4700564a0572d445b97","src/main/java/org/mapdb/Volume.java","79","0","6","70","566","779","0"
"hazelcast","bca81b81925f5dd679eb6d96fb81676b617acc6a","hazelcast-hibernate/hazelcast-hibernate4/src/main/java/com/hazelcast/hibernate/serialization/Hibernate42CacheEntrySerializer.java","8","0","0","0","100","167","0"
"neo4j","8e057a683b13cd7c2d6155e5dc80d673442431c1","enterprise/core-edge/src/main/java/org/neo4j/coreedge/catchup/TrackingResponseHandler.java","8","0","0","0","103","137","0"
"neo4j","c6df52ac56269552d27f572a2af61ddce5a9095c","enterprise/causal-clustering/src/main/java/org/neo4j/causalclustering/catchup/TrackingResponseHandler.java","8","0","0","0","103","137","0"
"neo4j","86273a1afea70eb41cd5825a3093370c6f8692c8","enterprise/causal-clustering/src/main/java/org/neo4j/causalclustering/catchup/TrackingResponseHandler.java","8","0","0","0","103","137","1"
"ceylon-ide-eclipse","35ce349663be9834d163e247bd7dc945cbc01a15","plugins/com.redhat.ceylon.eclipse.ui/src/com/redhat/ceylon/eclipse/code/hover/AnnotationInfo.java","8","0","0","0","112","145","1"
"hazelcast","2534b95d1b9d26ff221548d74c8f6c001882c35d","hazelcast/src/main/java/com/hazelcast/nio/serialization/ClassDefinitionWriter.java","8","0","0","0","116","150","0"
"ceylon-ide-eclipse","a86d00c5b62291f3160751a033df6ac3dae95f72","plugins/com.redhat.ceylon.eclipse.ui/src/com/redhat/ceylon/eclipse/code/hover/AnnotationInfo.java","8","0","0","0","119","155","0"
"elasticsearch","2bd09c4625898d77aa6c015c6f82cf973ed18cb7","core/src/main/java/org/elasticsearch/action/search/SearchQueryThenFetchAsyncAction.java","8","0","0","0","119","158","1"
"neo4j","9c79c33600e5511ac1320496d1bdd614808a973c","enterprise/core-edge/src/main/java/org/neo4j/coreedge/raft/log/segmented/DumpSegmentedRaftLog.java","8","0","0","0","119","159","1"
"elasticsearch","c4ae23f5d8d54ed45155be5690d0a1d50e7d52f8","plugins/repository-hdfs/src/main/java/org/elasticsearch/repositories/hdfs/HdfsBlobContainer.java","8","0","0","0","126","165","0"
"hazelcast","1c090ad87906d51892a32c2aa0a32d34002298ec","hazelcast/src/main/java/com/hazelcast/transaction/impl/TransactionContextImpl.java","8","0","0","0","128","171","1"
"hazelcast","81fe86abd4deed08faf6e617c5d73c2b7d4b5391","hazelcast/src/main/java/com/hazelcast/transaction/impl/TransactionContextImpl.java","8","0","0","0","128","171","2"
"hazelcast","96b3e74683151e521f9c40b0901f6fdf72e32ae3","hazelcast/src/main/java/com/hazelcast/transaction/impl/TransactionContextImpl.java","8","0","0","0","128","171","2"
"hazelcast","8fac2ea6e17e60e7e680a7e692bac64ccb51f850","hazelcast/src/main/java/com/hazelcast/transaction/impl/TransactionContextImpl.java","8","0","0","0","128","171","0"
"ceylon-ide-eclipse","373f5381ace245192e7b779eb60daad264f6f960","plugins/com.redhat.ceylon.eclipse.ui/src/com/redhat/ceylon/eclipse/code/correct/AddModuleImportProposal.java","8","0","0","0","131","150","1"
"hazelcast","06e739b1a6918c6dce1696873b56bc3d10c48201","hazelcast-client/src/test/java/com/hazelcast/client/spi/impl/ClientInvocationTest.java","8","0","0","0","131","182","0"
"hazelcast","12fb324ec43a0c4392475dc000c3f05b5f92d7e0","hazelcast-client/src/test/java/com/hazelcast/client/spi/impl/ClientInvocationTest.java","8","0","0","0","132","183","0"
"hazelcast","1ec9b79a96f8c74881d2912c4d7b3c40f62a8b64","hazelcast/src/main/java/com/hazelcast/map/impl/querycache/subscriber/AbstractInternalQueryCache.java","8","0","0","0","134","183","1"
"elasticsearch","1e7c42447999421ea789d51279496017d34b15d0","core/src/main/java/org/elasticsearch/index/translog/Checkpoint.java","8","0","0","0","136","189","0"
"hazelcast","a7693e73119b42a3f46bee85e07a7a3cb723c531","hazelcast/src/main/java/com/hazelcast/map/impl/querycache/subscriber/AbstractInternalQueryCache.java","8","0","0","0","139","193","0"
"hazelcast","ae0f6a2d3bbf4d06ae5d9dcaf15882bd0c084131","hazelcast/src/main/java/com/hazelcast/map/impl/querycache/subscriber/AbstractInternalQueryCache.java","8","0","0","0","140","197","1"
"hazelcast","a65cac7cdaf9c4c2b8fe1a1eb42e1ee358d75265","hazelcast/src/main/java/com/hazelcast/map/impl/querycache/subscriber/AbstractInternalQueryCache.java","8","0","0","0","144","202","0"
"netty","91b378005461b85f965aa296daa087bc009b9da0","transport/src/main/java/io/netty/channel/socket/nio/NioDatagramChannelConfig.java","8","0","0","0","145","189","0"
"netty","b2bb72b2de7d2a04899c971242b5808390232265","transport/src/main/java/io/netty/channel/socket/nio/NioDatagramChannelConfig.java","8","0","0","0","163","210","0"
"neo4j","1ea4b3b3ddc5b3e837b7bde9de927c282970f20c","community/kernel/src/main/java/org/neo4j/kernel/impl/store/kvstore/RotationState.java","8","0","0","0","166","215","0"
"hazelcast","b54c76aa3cd08401ba13e516ba86bd1481a58749","hazelcast-client/src/main/java/com/hazelcast/client/proxy/ClientRingbufferProxy.java","8","0","0","0","201","252","0"
"hazelcast","864cc31ab01bc8111ef11270cb3f6f2352d30a5f","hazelcast-client/src/main/java/com/hazelcast/client/proxy/ClientRingbufferProxy.java","8","0","0","0","204","255","1"
"neo4j","2e27f92cd55a1b84efcb0d4b6bc95b16450304a2","enterprise/security/src/test/java/org/neo4j/server/security/enterprise/auth/AuthTestBase.java","8","0","0","0","308","396","1"
"neo4j","1f22cd0deabcf1e618e4053524cdbfea4940c059","enterprise/security/src/test/java/org/neo4j/server/security/enterprise/auth/AuthTestBase.java","8","0","0","0","321","410","0"
"neo4j","61cf94c66e7a8c7053bb8cc8c336751a651c6307","enterprise/security/src/test/java/org/neo4j/server/security/enterprise/auth/AuthTestBase.java","8","0","0","0","365","462","1"
"neo4j","c1f7605eb05731fe0b706c50dd830e2421d84166","enterprise/security/src/test/java/org/neo4j/server/security/enterprise/auth/AuthTestBase.java","8","0","0","0","411","514","0"
"orientdb","68dbbac8437deb25674328483109a2287ff6ba07","graphdb/src/main/java/com/tinkerpop/blueprints/impls/orient/OrientDynaElementIterator.java","8","0","0","0","42","83","1"
"neo4j","886dbb454deaae6adcb4ff26e76f6e225eedca55","enterprise/core-edge/src/main/java/org/neo4j/coreedge/raft/log/segmented/ReferenceCounter.java","8","0","0","0","45","80","0"
"hazelcast","adcaf359f849184e5b0f81a048c5ab6a4d3a08ab","hazelcast/src/main/java/com/hazelcast/cluster/impl/SplitBrainHandler.java","8","0","0","0","46","76","1"
"hazelcast","fbd3e1238608c3819d5f34d87d3a3a7b28a10f50","hazelcast/src/test/java/com/hazelcast/nio/serialization/NamedPortable.java","8","0","0","0","49","68","1"
"hazelcast","e1b69c53ca4923affcd7722f012a80e32517e988","hazelcast/src/main/java/com/hazelcast/internal/cluster/impl/SplitBrainHandler.java","8","0","0","0","49","80","0"
"hazelcast","b44ca71386cec2ad07e3b13a99a39f73391d8ac1","hazelcast/src/test/java/com/hazelcast/test/MergeBarrier.java","8","0","0","0","51","71","0"
"netty","e33f12f5b8a37b3f2a7291a10a61c8bce6ce73e0","transport-native-epoll/src/main/java/io/netty/channel/epoll/EpollChannelOutboundBuffer.java","8","0","0","0","53","103","1"
"hazelcast","8e20fd580ec4e7de4938dc403d1a547e0b9a4001","hazelcast/src/main/java/com/hazelcast/map/impl/mapstore/StoreConstructor.java","8","0","0","0","53","89","0"
"netty","06cbac922ada558e9b0ebeb9e58eb19d683ab451","codec-http/src/main/java/io/netty/handler/codec/spdy/SpdyHeaderBlockZlibEncoder.java","8","0","0","0","57","87","0"
"netty","5cb9ab0fc0bba3891c3133e8b842f661ac6aaa5c","codec-http/src/main/java/io/netty/handler/codec/spdy/SpdyHeaderBlockZlibEncoder.java","8","0","0","0","58","88","1"
"elasticsearch","fef1407fd2a9cd234390537eceaa11ca08047901","core/src/main/java/org/elasticsearch/common/settings/AddStringKeyStoreCommand.java","8","0","0","0","58","93","0"
"netty","5cb9ab0fc0bba3891c3133e8b842f661ac6aaa5c","codec-http/src/main/java/io/netty/handler/codec/spdy/SpdyHeaderBlockZlibDecoder.java","8","0","0","0","59","88","1"
"elasticsearch","1f04182b8164ffb19f3805c48d67f0375262b317","core/src/main/java/org/elasticsearch/common/inject/SingleMethodInjector.java","8","0","0","0","60","92","0"
"elasticsearch","a487b90498ae469b4437cc85d745c645ae5d4f79","modules/lang-painless/src/main/java/org/elasticsearch/painless/antlr/EnhancedPainlessLexer.java","8","0","0","0","60","97","1"
"elasticsearch","2b42a0f94a794c1fc05bb6c478012a7483a720f1","src/main/java/org/elasticsearch/index/search/child/ParentIdsFilter.java","8","0","0","0","62","98","0"
"netty","49aa907bd05cc58c8ab1a6d72c85835fd7a30394","transport/src/main/java/io/netty/channel/aio/AioEventLoop.java","8","0","0","0","70","104","0"
"hazelcast","d568e4d926d925d57d4e79e34614390416749301","hazelcast/src/main/java/com/hazelcast/internal/serialization/impl/StreamSerializerAdapter.java","8","0","0","0","70","106","0"
"netty","dbad71366dae6e6d5eab4a8006e228551f1e981d","codec-http/src/main/java/io/netty/handler/codec/http/multipart/InternalAttribute.java","8","0","0","0","73","106","1"
"elasticsearch","a1c766c75cec4aedde226f6f9d0e0b60e6f40592","core/src/main/java/org/elasticsearch/search/aggregations/bucket/nested/NestedAggregator.java","8","0","0","0","74","108","1"
"hazelcast","48b8e6ad1564ee0b89472d0bcb17f4c6fd3f3198","hazelcast/src/main/java/com/hazelcast/query/impl/DateHelper.java","8","0","0","0","74","111","0"
"elasticsearch","06bfe0550d66e16a26f0dec044f1bd1e3ca83425","src/main/java/org/elasticsearch/action/admin/indices/validate/query/ShardValidateQueryRequest.java","8","0","0","0","74","115","1"
"elasticsearch","c6ac5ac4336fb45e2ee9cae187717081406bc13d","src/main/java/org/elasticsearch/action/count/ShardCountRequest.java","8","0","0","0","74","117","0"
"ceylon-ide-eclipse","64a391fbabba6b9bc6b553abfa42466e0ca9673d","plugins/com.redhat.ceylon.eclipse.ui/src/com/redhat/ceylon/eclipse/code/hover/CeylonLocationListener.java","8","0","0","0","76","155","0"
"ceylon-ide-eclipse","c5c15a0b33245f13d9fc7d44db226c0458005f73","plugins/com.redhat.ceylon.eclipse.ui/src/com/redhat/ceylon/eclipse/code/hover/CeylonLocationListener.java","8","0","0","0","76","155","0"
"ceylon-ide-eclipse","86f26fa537e183c4a48c2adbef4b49cf726e931d","plugins/com.redhat.ceylon.eclipse.ui/src/com/redhat/ceylon/eclipse/code/hover/CeylonLocationListener.java","8","0","0","0","76","155","1"
"hazelcast","cd3feee000a902c92572be92c3f16c710b10cd4e","hazelcast/src/main/java/com/hazelcast/map/MapSplitBrainHandler.java","8","0","0","0","79","98","2"
"ceylon-ide-eclipse","c5c15a0b33245f13d9fc7d44db226c0458005f73","plugins/com.redhat.ceylon.eclipse.ui/src/com/redhat/ceylon/eclipse/core/debug/hover/CeylonLocationListener.java","8","0","0","0","80","162","0"
"ceylon-ide-eclipse","64a391fbabba6b9bc6b553abfa42466e0ca9673d","plugins/com.redhat.ceylon.eclipse.ui/src/com/redhat/ceylon/eclipse/core/debug/hover/CeylonLocationListener.java","8","0","0","0","80","162","0"
"ceylon-ide-eclipse","86f26fa537e183c4a48c2adbef4b49cf726e931d","plugins/com.redhat.ceylon.eclipse.ui/src/com/redhat/ceylon/eclipse/core/debug/hover/CeylonLocationListener.java","8","0","0","0","80","162","1"
"hazelcast","70d4de16ff0ac4518d09aad8c9f2ad9e782fb337","hazelcast/src/main/java/com/hazelcast/map/impl/MapMigrationAwareService.java","8","0","0","0","82","120","1"
"elasticsearch","1f04182b8164ffb19f3805c48d67f0375262b317","core/src/main/java/org/elasticsearch/action/exists/ShardExistsRequest.java","8","0","0","0","82","123","0"
"neo4j","f13efebd3b366abe29b2da79819eda5d5e365bd6","community/lucene-index/src/main/java/org/neo4j/index/impl/lucene/legacy/IndexReference.java","8","0","0","0","82","126","0"
"neo4j","868b4d731485023d2f7477e1133dcd5b263c851d","community/lucene-index/src/main/java/org/neo4j/index/impl/lucene/IndexReference.java","8","0","0","0","83","126","0"
"elasticsearch","25fd9e26c4fb042d6f6dea14efcd239577bdbbc4","core/src/main/java/org/elasticsearch/bootstrap/Elasticsearch.java","8","0","0","0","83","134","0"
"netty","a331c87a7ae6ef3fdefe0d22a3c8a8a03c57148d","codec-http/src/main/java/io/netty/handler/codec/http/multipart/InternalAttribute.java","8","0","0","0","86","121","0"
"hazelcast","525c34cddd7f4e08d674611e177bab103e4d1881","hazelcast/src/main/java/com/hazelcast/impl/monitor/OperationsCounterSupport.java","8","0","0","0","87","126","1"
"hazelcast","82fcc4c7c87097d1719bb56112aec0fafdb6bc0e","hazelcast/src/main/java/com/hazelcast/impl/monitor/OperationsCounterSupport.java","8","0","0","0","88","127","0"
"elasticsearch","1f04182b8164ffb19f3805c48d67f0375262b317","core/src/main/java/org/elasticsearch/action/admin/indices/validate/query/ShardValidateQueryRequest.java","8","0","0","0","89","132","0"
"neo4j","4b783033af1033767313a606fd21b7a127264309","enterprise/causal-clustering/src/main/java/org/neo4j/causalclustering/catchup/storecopy/FileSender.java","8","0","0","0","91","126","1"
"neo4j","9a371bafe80ceb4e6cdc8502fbd22f9f8ec3d59d","enterprise/core-edge/src/main/java/org/neo4j/coreedge/raft/log/segmented/SegmentHeader.java","8","0","0","0","91","131","1"
"netty","869687bd711e1358367203526128d9a2ad90663a","transport-native-epoll/src/main/java/io/netty/channel/epoll/IovArray.java","8","0","0","0","94","183","0"
"netty","3edef63fa851317bd1920bfe7c733320f8365b43","codec-http/src/main/java/io/netty/handler/codec/http/HttpPostBodyUtil.java","8","0","0","0","95","222","0"
"elasticsearch","0ccf8a742df544c25edec70d1f91f2aab2028773","modules/transport-netty4/src/main/java/org/elasticsearch/transport/netty4/ByteBufStreamInput.java","8","0","0","0","98","142","1"
"hazelcast","1e42cff0b939d749891bf2c0a4aa694183bfa22d","hazelcast/src/main/java/com/hazelcast/executor/impl/ExecutionCallbackAdapterFactory.java","8","0","0","0","99","140","1"
"elasticsearch","81c6b9e6f40bf665e880ae97eeb7aa9ced2aa346","core/src/test/java/org/elasticsearch/search/aggregations/metrics/PercentilesTests.java","8","0","0","1","35","59","1"
"hazelcast","06c899eed2c6a2bc821482efc3c44adc7b8352a8","hazelcast-wm/src/test/java/com/hazelcast/wm/test/TestServlet.java","8","0","0","1","35","61","1"
"hazelcast","8fac2ea6e17e60e7e680a7e692bac64ccb51f850","hazelcast-client/src/test/java/com/hazelcast/client/txn/ClientTxnMapTest.java","8","0","0","1","451","607","0"
"mcMMO","a87336b7ee1be024f6d61c382dc01c2ddde229bc","src/main/java/com/gmail/nossr50/commands/spout/XplockCommand.java","8","0","0","1","56","70","0"
"elasticsearch","25fd9e26c4fb042d6f6dea14efcd239577bdbbc4","client/test/src/main/java/org/elasticsearch/client/RestClientTestCase.java","8","0","0","1","64","123","0"
"netty","e6ca9882a107c34cf6358c8d7a68561025f06016","codec/src/main/java/io/netty/handler/codec/DefaultConvertibleHeaders.java","8","0","0","10","123","161","1"
"hazelcast","27e0a5ef2012393e2fe7f9583e8383ae6cd8b6d2","hazelcast/src/test/java/com/hazelcast/map/InterceptorTest.java","8","0","0","10","131","173","2"
"elasticsearch","0c7795f53db146de164ed56f7a8718518c680909","core/src/test/java/org/elasticsearch/common/TableTests.java","8","0","0","10","136","185","1"
"neo4j","e6f84e88fecffdd2dd28e4ee978d77df94914908","community/lucene-index/src/main/java/org/neo4j/kernel/api/impl/schema/LuceneIndexAccessor.java","8","0","0","10","144","191","1"
"neo4j","56a78bda41deece417a3107c86a15af02c417a17","community/dbms/src/test/java/org/neo4j/dbms/archive/ArchiveTest.java","8","0","0","10","181","238","0"
"hazelcast","a5d4637c566f07af217303bb70850418d3d35471","hazelcast-client/src/test/java/com/hazelcast/client/map/ClientMapIssueTest.java","8","0","0","10","227","302","1"
"hazelcast","77cc82e397d9191b46d073bb6d88ffd10028d782","hazelcast-client/src/test/java/com/hazelcast/client/map/ClientMapIssueTest.java","8","0","0","10","230","305","2"
"neo4j","e7b3407f3dfe22e4029042512fbf88c2d60aa94d","enterprise/server-enterprise/src/test/java/org/neo4j/server/enterprise/StandaloneClusterClientIT.java","8","0","0","10","258","325","1"
"elasticsearch","577dcb32374cf2528a5deadf0a57f1ea1d5a9cbd","core/src/test/java/org/elasticsearch/discovery/zen/ZenDiscoveryIT.java","8","0","0","10","263","324","0"
"neo4j","a2206e2451ffe226128a69a43f7f1f59409a0217","enterprise/server-enterprise/src/test/java/org/neo4j/server/enterprise/StandaloneClusterClientIT.java","8","0","0","10","264","331","0"
"neo4j","f6305f3bb34dc2823dbaece19c7f1050c20d095e","enterprise/server-enterprise/src/test/java/org/neo4j/server/enterprise/StandaloneClusterClientIT.java","8","0","0","10","264","331","0"
"neo4j","2283d0e79e40574ebe869f59adb0c4107ccbf13e","enterprise/server-enterprise/src/test/java/org/neo4j/server/enterprise/StandaloneClusterClientIT.java","8","0","0","10","264","331","1"
"elasticsearch","cde83e363aac2195c2dc0f81bbe348bcfe8b4152","core/src/test/java/org/elasticsearch/ESExceptionTests.java","8","0","0","10","295","348","2"
"hazelcast","2332e689b765b6d3ed0154b68679f2e328554d64","hazelcast-client/src/test/java/com/hazelcast/client/heartbeat/ClientHeartbeatTest.java","8","0","0","10","329","430","1"
"neo4j","1c54fc12680ad7d3de243d1ff3c9eaf2ed52b77c","community/kernel/src/test/java/org/neo4j/kernel/impl/transaction/log/BatchingTransactionAppenderTest.java","8","0","0","10","333","419","0"
"hazelcast","93373a16bd57c3b5f802b2f7eb3ddb65f37f9dd4","hazelcast/src/main/java/com/hazelcast/internal/memory/impl/AlignmentUtil.java","8","0","0","10","48","83","0"
"hazelcast","8026832394ab9820294a524ac9217074fb407907","hazelcast/src/main/java/com/hazelcast/internal/memory/impl/AlignmentUtil.java","8","0","0","10","50","85","0"
"netty","81e2db10faaf0389f4e1af8c7132210946203157","buffer/src/main/java/io/netty/buffer/AbstractByteBufAllocator.java","8","0","0","10","59","90","0"
"hazelcast","bf208ca94f476ff6133813fcce92ac4e78302ca0","hazelcast/src/main/java/com/hazelcast/map/impl/query/QueryEventFilter.java","8","0","0","10","66","96","0"
"hazelcast","6fa8fa0639e5b44d288480f8991b18a2b31c1c8f","hazelcast/src/main/java/com/hazelcast/map/operation/PutAllOperation.java","8","0","0","10","87","122","1"
"hazelcast","5eda2222dbb2eb5a41b649eeb0e3293798b737aa","hazelcast/src/main/java/com/hazelcast/map/impl/operation/BasePutOperation.java","8","0","0","10","91","125","2"
"hazelcast","59cb2e8ff78643aed3594a8f5ba7b41d8eeb5759","hazelcast/src/main/java/com/hazelcast/map/impl/operation/BasePutOperation.java","8","0","0","10","92","126","2"
"hazelcast","98f19b737c7d3fd4a8ea33d30477012b0d164641","hazelcast/src/main/java/com/hazelcast/concurrent/lock/operations/AwaitOperation.java","8","0","0","10","92","130","1"
"hazelcast","18f96b031b99440d92e94924f062931d6c376c48","hazelcast/src/main/java/com/hazelcast/map/impl/operation/MultipleEntryOperation.java","8","0","0","10","93","134","1"
"hazelcast","7001ec8c5b1305c796de75c2e3f170c562db8c03","hazelcast/src/test/java/com/hazelcast/cache/impl/InvalidationEventQueueTest.java","8","0","0","10","94","116","0"
"hazelcast","045b97bc6c971aca3a7d2618b899d25a72a95dc8","hazelcast/src/main/java/com/hazelcast/map/impl/operation/MultipleEntryOperation.java","8","0","0","10","98","139","0"
"hazelcast","70d4de16ff0ac4518d09aad8c9f2ad9e782fb337","hazelcast/src/main/java/com/hazelcast/map/impl/operation/MultipleEntryOperation.java","8","0","0","10","98","140","2"
"elasticsearch","bf7f97d22fe41433bacb45e4f6479665612d0762","src/test/java/org/elasticsearch/VersionTests.java","8","0","0","11","101","140","0"
"hazelcast","85549e3acb34b7162c3cee3fe727ce5a9d859090","hazelcast/src/main/java/com/hazelcast/map/operation/PutAllOperation.java","8","0","0","11","102","138","0"
"hazelcast","df0d7fd83bf0ba427592c2727a417af3136f8d5f","hazelcast/src/main/java/com/hazelcast/map/operation/PutAllOperation.java","8","0","0","11","105","140","1"
"neo4j","7133cda9323ffdaf396536337cfebbdafab1cf1b","community/kernel/src/main/java/org/neo4j/kernel/impl/coreapi/TopLevelTransaction.java","8","0","0","11","109","146","1"
"hazelcast","5564e345f7198dd90b83539a511c894c49c8d382","hazelcast/src/main/java/com/hazelcast/ringbuffer/impl/operations/ReadManyOperation.java","8","0","0","11","109","155","1"
"hazelcast","50bebee545427d3b6d15fed40d5d89bdc90b7bbe","hazelcast/src/main/java/com/hazelcast/map/operation/PutAllOperation.java","8","0","0","11","111","145","1"
"hazelcast","5363a25694db45ffa53f4625542fb7fadc8bc8ae","hazelcast/src/main/java/com/hazelcast/map/operation/PutAllOperation.java","8","0","0","11","112","146","0"
"hazelcast","f20e3dadabc7cb95afcf791a2c9872699868bdb6","hazelcast/src/main/java/com/hazelcast/map/operation/PutAllOperation.java","8","0","0","11","120","155","2"
"neo4j","1d4303c5a0a8bc80b115dfb5e44526506dd95fc6","enterprise/causal-clustering/src/main/java/org/neo4j/causalclustering/core/state/CoreState.java","8","0","0","11","152","208","1"
"neo4j","1d4303c5a0a8bc80b115dfb5e44526506dd95fc6","enterprise/causal-clustering/src/main/java/org/neo4j/causalclustering/core/state/CoreState.java","8","0","0","11","152","208","1"
"neo4j","c78d5b9a732e8512a6136e4194de35dbffdeaca6","enterprise/causal-clustering/src/main/java/org/neo4j/causalclustering/core/state/CoreState.java","8","0","0","11","152","208","1"
"neo4j","cca9e04725e7ae20ba97e57506c0a33d2bdf691c","enterprise/causal-clustering/src/main/java/org/neo4j/causalclustering/core/state/CoreState.java","8","0","0","11","152","208","0"
"neo4j","035903e9ebdada5ea1269b223a6b5ee102763a1d","enterprise/causal-clustering/src/main/java/org/neo4j/causalclustering/core/state/CoreState.java","8","0","0","11","157","213","0"
"elasticsearch","048d2734084aac785bd867fc653b6fc8d38c9ab4","core/src/test/java/org/elasticsearch/common/TableTests.java","8","0","0","11","158","212","0"
"hazelcast","abea577e3ff2afd26a796b5c27a6f0388007f9e5","hazelcast/src/test/java/com/hazelcast/query/impl/AndResultSetTest.java","8","0","0","11","188","234","1"
"elasticsearch","25fd9e26c4fb042d6f6dea14efcd239577bdbbc4","core/src/main/java/org/elasticsearch/action/admin/indices/stats/IndexShardStats.java","8","0","0","11","78","117","0"
"hazelcast","64e6895fb50f6d48c0f1c85f7a238cd54de22e24","hazelcast/src/main/java/com/hazelcast/concurrent/lock/AwaitOperation.java","8","0","0","11","81","118","0"
"hazelcast","7f643f66027dc5aead45a6fa266250b45c90c7ee","hazelcast/src/main/java/com/hazelcast/map/impl/operation/BasePutOperation.java","8","0","0","11","84","119","2"
"hazelcast","660bbd97d28d2282bc4ac0bc66a5405e89cd0813","hazelcast/src/main/java/com/hazelcast/util/executor/CompletedFuture.java","8","0","0","11","86","121","0"
"hazelcast","06cffdc24c82d1dd0c8d59aa33f46ef5f6910782","hazelcast/src/main/java/com/hazelcast/map/impl/operation/BasePutOperation.java","8","0","0","11","87","121","1"
"hazelcast","12e2af6c4b59fcb4dc5257758c8a911466677fd8","hazelcast/src/main/java/com/hazelcast/map/impl/operation/BasePutOperation.java","8","0","0","11","89","123","0"
"hazelcast","8e7e88aef0fb6559e3b6176ded3aa3264e429e06","hazelcast/src/main/java/com/hazelcast/map/impl/operation/BasePutOperation.java","8","0","0","11","89","123","0"
"hazelcast","8e16f818bc2f1f07a02ca59bd2dbafb84e476939","hazelcast/src/main/java/com/hazelcast/map/impl/operation/BasePutOperation.java","8","0","0","11","89","123","1"
"hazelcast","62636a2a007993d2b24d665033e0abaaeabf0108","hazelcast/src/main/java/com/hazelcast/map/impl/operation/BasePutOperation.java","8","0","0","11","91","127","3"
"hazelcast","82108ffbb83390896370f198724514dd859cf942","hazelcast/src/main/java/com/hazelcast/map/impl/operation/BasePutOperation.java","8","0","0","11","92","128","3"
"hazelcast","d45597fccd142734b26b4d5932c972a055fc0148","hazelcast/src/main/java/com/hazelcast/management/request/MapConfigRequest.java","8","0","0","11","94","126","0"
"hazelcast","b01ad95e9c86cf4a9fe4d322d7372fec3d4107f9","hazelcast/src/main/java/com/hazelcast/map/impl/operation/MultipleEntryOperation.java","8","0","0","12","102","130","1"
"hazelcast","159c4a53940c2170c905d13fc1fc784cf59279c9","hazelcast/src/main/java/com/hazelcast/map/operation/MultipleEntryOperation.java","8","0","0","12","103","131","1"
"hazelcast","a845db8f9e34f69bc5bbafb3c47f1141c768f97a","hazelcast/src/main/java/com/hazelcast/map/impl/operation/MultipleEntryOperation.java","8","0","0","12","103","132","0"
"hazelcast","78af4f23bcba7ec0288688e1bd9e49f207eac041","hazelcast/src/main/java/com/hazelcast/map/operation/MultipleEntryOperation.java","8","0","0","12","104","133","0"
"hazelcast","3d0ba46e44d89fcef3fd3225825bb2f401cfdbd5","hazelcast/src/main/java/com/hazelcast/util/QueryResultSet.java","8","0","0","12","104","142","1"
"neo4j","e5db6293c3260f28a9a9ecdd0970352162530f13","community/kernel/src/main/java/org/neo4j/kernel/impl/coreapi/TopLevelTransaction.java","8","0","0","12","115","153","0"
"elasticsearch","29336b231bf67eaf39b179a6c8f041762e1699b6","core/src/test/java/org/elasticsearch/search/SearchServiceTests.java","8","0","0","12","196","248","1"
"elasticsearch","d06a8903fdccf5985bb1b9cbfcb92580d08a544c","core/src/test/java/org/elasticsearch/search/SearchServiceTests.java","8","0","0","12","200","252","1"
"elasticsearch","fc1696822fa2444a89e8ddcff145a8ed4d8217a3","core/src/test/java/org/elasticsearch/action/support/nodes/TransportNodesActionTests.java","8","0","0","12","255","327","0"
"elasticsearch","1863ab95f862294db7d105717656bd6452eef9d9","core/src/test/java/org/elasticsearch/action/support/nodes/TransportNodesActionTests.java","8","0","0","12","256","328","1"
"elasticsearch","0556c93920af457c0dfb41dc2f52013ebc3e136e","core/src/test/java/org/elasticsearch/discovery/zen/ZenDiscoveryIT.java","8","0","0","12","302","368","1"
"elasticsearch","3f6a3c01dadb1951b597ffdbd068359a2fbc84c8","core/src/test/java/org/elasticsearch/discovery/zen/ZenDiscoveryIT.java","8","0","0","12","302","368","1"
"elasticsearch","6abcd42a05a0e2bc4eaf1add6a41ae7d48f840c2","core/src/test/java/org/elasticsearch/discovery/zen/ZenDiscoveryIT.java","8","0","0","12","302","368","0"
"hazelcast","a3507ca238034c2ea2fbb21034247eddd69117ef","hazelcast/src/main/java/com/hazelcast/util/executor/CompletedFuture.java","8","0","0","12","91","127","0"
"hazelcast","cd377aefe84870d8ebb21c62bfdfdc7ad700f618","hazelcast/src/main/java/com/hazelcast/impl/partition/MigrationRequestTask.java","8","0","0","13","112","146","1"
"hazelcast","c3843135dd418c37c2b6c6c9067d1cffa14f1923","hazelcast/src/main/java/com/hazelcast/util/QueryResultSet.java","8","0","0","13","115","156","0"
"hazelcast","565257f977407eb3a0199d082860209c2958f5f9","hazelcast/src/test/java/com/hazelcast/util/collection/BiInt2ObjectMapTest.java","8","0","0","13","116","167","1"
"hazelcast","564167c1f93b32ce742411106e9ae67eae88a801","hazelcast/src/test/java/com/hazelcast/util/collection/BiInt2ObjectMapTest.java","8","0","0","13","116","168","0"
"hazelcast","80b48eae6977e3bb9cc419aedd376867599bb25f","hazelcast/src/main/java/com/hazelcast/cache/impl/operation/CachePutAllOperation.java","8","0","0","13","132","171","0"
"orientdb","f9f2209d60c0916162a4e910c23a44c7b8291d6f","graphdb/src/test/java/com/orientechnologies/orient/graph/blueprints/BlueprintsTest.java","8","0","0","13","140","182","0"
"elasticsearch","20ff703e07c692c5e68e6b30a6e6413a34dd10a7","core/src/test/java/org/elasticsearch/search/SearchServiceTests.java","8","0","0","13","238","295","1"
"elasticsearch","3df2a086d4bf3c5608aabf06c1766e10c901af35","core/src/test/java/org/elasticsearch/search/SearchServiceTests.java","8","0","0","13","240","297","0"
"neo4j","5a6037343a508f5ea580978fe10b90f160e2b79c","community/server/src/test/java/org/neo4j/server/rest/TransactionFunctionalTest.java","8","0","0","13","311","463","1"
"neo4j","a93c570faa774c1a40b635b6a3e6d8ccb61a99e8","community/neo4j/src/test/java/upgrade/StoreUpgraderTest.java","8","0","0","13","360","455","1"
"neo4j","868b4d731485023d2f7477e1133dcd5b263c851d","community/neo4j/src/test/java/upgrade/StoreUpgraderTest.java","8","0","0","13","368","465","0"
"neo4j","e6f84e88fecffdd2dd28e4ee978d77df94914908","community/neo4j/src/test/java/upgrade/StoreUpgraderTest.java","8","0","0","13","382","483","1"
"neo4j","6b75a9235ea38e0c47caacd25cc919023c0c958b","community/neo4j/src/test/java/upgrade/StoreUpgraderTest.java","8","0","0","13","390","493","0"
"hazelcast","b3851e9178c66524eb5e7a73bf7249af5f4dfe06","hazelcast/src/main/java/com/hazelcast/config/ItemListenerConfig.java","8","0","0","13","71","107","0"
"hazelcast","7c90854e0b1fc5ed24b2e465092d3ce4e0f50af3","hazelcast/src/main/java/com/hazelcast/map/operation/EntryOperation.java","8","0","0","13","98","134","0"
"neo4j","6d982cbbfe60b92ad8356dd0443631e6701d8ae9","enterprise/security/src/main/java/org/neo4j/server/security/enterprise/auth/ShiroAuthManager.java","8","0","0","14","143","199","1"
"neo4j","245088f5ea996afce57404d60d956547bed3e200","community/server/src/test/java/org/neo4j/server/rest/TransactionFunctionalTest.java","8","0","0","14","325","485","0"
"elasticsearch","ccda0441e146d3d4a218a5eec7b614e339f82cdc","core/src/test/java/org/elasticsearch/search/SearchServiceTests.java","8","0","0","15","293","359","0"
"elasticsearch","8364279b98abeb20b9ac6dee82f4f676b3e97e7a","core/src/test/java/org/elasticsearch/search/SearchServiceTests.java","8","0","0","15","299","366","0"
"mcMMO","4b9d472f10e2edc9ac26c0416948437cbfcb32e2","src/main/java/com/gmail/nossr50/datatypes/skills/alchemy/AlchemyPotion.java","8","0","0","15","80","98","1"
"elasticsearch","e2a2f13f174ab353e731f6ec3cc55f67451e0cc7","src/test/java/org/elasticsearch/nested/SimpleNestedTests.java","8","0","0","16","1002","1221","1"
"elasticsearch","d5b95e3e8aae42c9548b11bdcb58ac6a3620f9c1","src/test/java/org/elasticsearch/nested/SimpleNestedTests.java","8","0","0","16","1010","1229","0"
"BroadleafCommerce","082ec1011974dff9892bc33f90607bc7f2fa7aca","core/broadleaf-framework/src/main/java/org/broadleafcommerce/core/order/domain/OrderLockImpl.java","8","0","0","16","104","148","0"
"BroadleafCommerce","530232fc212c232d9cab4dca5fc4ff1762683375","core/broadleaf-framework/src/main/java/org/broadleafcommerce/core/order/domain/OrderLockImpl.java","8","0","0","16","104","149","0"
"neo4j","cca9e04725e7ae20ba97e57506c0a33d2bdf691c","enterprise/causal-clustering/src/test/java/org/neo4j/causalclustering/core/consensus/log/segmented/TermsTest.java","8","0","0","16","290","435","1"
"neo4j","8aefa7f796ec5c1913d3308074dd34e19a233d42","enterprise/causal-clustering/src/test/java/org/neo4j/causalclustering/core/consensus/log/segmented/TermsTest.java","8","0","0","17","307","461","0"
"hazelcast","99fae76bc99e0074096750e1ee87859299d4cd8f","hazelcast/src/test/java/com/hazelcast/internal/partition/impl/InternalPartitionImplTest.java","8","0","0","18","172","225","0"
"neo4j","7723d89e6d1d951e8923fb102da0228db2e4e8f9","community/kernel/src/test/java/org/neo4j/kernel/impl/api/state/LabelTransactionStateTest.java","8","0","0","18","247","385","2"
"neo4j","4f04ee08438d4e1c99095d9d8a9f2ec223af89a9","community/kernel/src/test/java/org/neo4j/kernel/impl/api/state/LabelTransactionStateTest.java","8","0","0","18","254","392","1"
"titan","a1e70246868f0fc9e3e6e1bd454f2b0b13170c3b","src/main/java/com/thinkaurelius/titan/graphdb/relations/SimpleProperty.java","8","0","0","18","96","123","1"
"hazelcast","70d4de16ff0ac4518d09aad8c9f2ad9e782fb337","hazelcast/src/test/java/com/hazelcast/executor/ExecutorServiceTestSupport.java","8","0","0","19","331","453","1"
"netty","7d60699a4951b4dcaba4cb06029d4432a863b171","transport-native-epoll/src/main/java/io/netty/channel/epoll/AbstractEpollServerChannel.java","8","0","0","2","100","155","1"
"elasticsearch","28a7d639515a64bad6a9ae6302142604e5ffc965","src/main/java/org/elasticsearch/rest/action/admin/indices/upgrade/RestUpgradeAction.java","8","0","0","2","101","142","1"
"neo4j","e5ea526b14ce752e94a5460b1c85bf4567d8f97d","enterprise/causal-clustering/src/test/java/org/neo4j/causalclustering/core/consensus/log/ConcurrentStressIT.java","8","0","0","2","122","170","1"
"neo4j","c3a5cbf00866abb108bf34ce2e0680026fdd2025","enterprise/causal-clustering/src/test/java/org/neo4j/causalclustering/core/consensus/log/ConcurrentStressIT.java","8","0","0","2","126","172","0"
"elasticsearch","d18fb8bfbd4562bd55890103d488c448729e450b","src/test/java/org/elasticsearch/ttl/SimpleTTLTests.java","8","0","0","2","140","196","1"
"hazelcast","7001ec8c5b1305c796de75c2e3f170c562db8c03","hazelcast-client/src/test/java/com/hazelcast/client/cache/impl/nearcache/invalidation/InvalidationMetadataDistortionTest.java","8","0","0","2","170","222","0"
"BroadleafCommerce","f0a43a10b18a55908684479d3eadcb3822d3cd60","core/broadleaf-framework/src/main/java/org/broadleafcommerce/core/order/service/workflow/update/UpdateOrderMultishipOptionActivity.java","8","0","0","2","42","69","0"
"BroadleafCommerce","59f7815cbae16433c756f5320c8f63812249fe80","core/broadleaf-framework/src/main/java/org/broadleafcommerce/core/order/service/workflow/update/UpdateOrderMultishipOptionActivity.java","8","0","0","2","42","72","1"
"mcMMO","70231b6ae0c1807324ad9bd9ccdea88c1b2357ab","src/main/java/com/gmail/nossr50/commands/general/SkillResetCommand.java","8","0","0","2","46","66","0"
"ceylon-ide-eclipse","31b370a696f3c5396bb47a686ce06033f9de4729","plugins/com.redhat.ceylon.eclipse.ui/src/com/redhat/ceylon/eclipse/core/launch/CeylonSourcePathComputer.java","8","0","0","2","48","59","0"
"mcMMO","d0c0b9a089d3b99e7fe68740860fef2d0275613f","src/main/java/com/gmail/nossr50/commands/mc/McrefreshCommand.java","8","0","0","2","59","74","0"
"elasticsearch","b1cef5fdf8e1f8e9982a4724986b2731ca4d522b","core/src/main/java/org/elasticsearch/search/aggregations/bucket/range/RangeParser.java","8","0","0","2","63","93","1"
"elasticsearch","9ee08dbb0b247afb881431df0c313024eb768747","core/src/test/java/org/elasticsearch/benchmark/monitor/os/OsProbeBenchmark.java","8","0","0","2","65","97","1"
"elasticsearch","5337686d8d39568f94b0b976bd9098af69214302","core/src/test/java/org/elasticsearch/benchmark/monitor/os/OsProbeBenchmark.java","8","0","0","2","67","99","0"
"neo4j","886dbb454deaae6adcb4ff26e76f6e225eedca55","enterprise/core-edge/src/test/java/org/neo4j/coreedge/scenarios/explorer/StateExplorerIT.java","8","0","0","2","70","101","0"
"hazelcast","b21056623f6ebb77c2d387b1db8b7c4dbd0ae61f","hazelcast/src/main/java/com/hazelcast/map/impl/MapKeyLoaderUtil.java","8","0","0","2","70","110","1"
"hazelcast","ff68abd9657b87566d8bd8ac5e0e76083f9a78f1","hazelcast/src/main/java/com/hazelcast/map/impl/MapKeyLoaderUtil.java","8","0","0","2","70","110","1"
"hazelcast","b45ba89c02ead8830dbeba4fabca54cebaa6b7a8","hazelcast/src/main/java/com/hazelcast/map/impl/MapKeyLoaderUtil.java","8","0","0","2","70","110","0"
"hazelcast","198c94068e72f9ff18176b2be6c431d35588d5fa","hazelcast/src/main/java/com/hazelcast/map/impl/MapKeyLoaderUtil.java","8","0","0","2","70","111","2"
"hazelcast","268849f80f2fdf6229c6503c8c5f130d0ab0cda0","hazelcast/src/main/java/com/hazelcast/map/impl/MapKeyLoaderUtil.java","8","0","0","2","70","111","2"
"hazelcast","8cef595b19199973b5d394e034e096ec6cd78494","hazelcast/src/main/java/com/hazelcast/map/impl/MapKeyLoaderUtil.java","8","0","0","2","70","111","0"
"elasticsearch","209860854ddc87ff71a49d9ced1186a8e2c8e3b8","core/src/test/java/org/elasticsearch/index/fielddata/DisabledFieldDataFormatTests.java","8","0","0","2","72","116","1"
"hazelcast","06cffdc24c82d1dd0c8d59aa33f46ef5f6910782","hazelcast/src/test/java/com/hazelcast/map/MapPutDestroyTest.java","8","0","0","2","74","89","1"
"hazelcast","8e16f818bc2f1f07a02ca59bd2dbafb84e476939","hazelcast/src/test/java/com/hazelcast/map/MapPutDestroyTest.java","8","0","0","2","74","89","1"
"hazelcast","12e2af6c4b59fcb4dc5257758c8a911466677fd8","hazelcast/src/test/java/com/hazelcast/map/MapPutDestroyTest.java","8","0","0","2","74","89","0"
"oryx","49c1ead1c67cc8b980a4be36cff731a14ba4f3fb","app/oryx-app/src/test/java/com/cloudera/oryx/app/speed/als/ALSSpeedIT.java","8","0","0","2","81","120","0"
"oryx","d6687d2eb4391d042aa1d5e80653326e501b0fed","app/oryx-app/src/test/java/com/cloudera/oryx/app/speed/als/ALSSpeedIT.java","8","0","0","2","82","121","1"
"oryx","a01929fd9e55e822851b78f399e2f99024a3358a","app/oryx-app-mllib/src/test/java/com/cloudera/oryx/app/batch/mllib/rdf/RDFNumericHyperParamTuningIT.java","8","0","0","2","86","123","0"
"oryx","1ba3b4138e13b7a9a196279b202fd7b85e9c08ca","app/oryx-app-mllib/src/test/java/com/cloudera/oryx/app/batch/mllib/rdf/RDFNumericHyperParamTuningIT.java","8","0","0","2","88","125","0"
"hazelcast","65df300ddcacf2cee04f1eee8f75731e147decbf","hazelcast-client/src/main/java/com/hazelcast/client/spi/impl/listener/ClientNonSmartListenerService.java","8","0","0","2","91","123","1"
"elasticsearch","538c44b6bf36a1cb8f80781a3a5bb1634f2b7822","src/main/java/org/elasticsearch/rest/action/admin/indices/upgrade/RestUpgradeAction.java","8","0","0","2","95","131","0"
"BroadleafCommerce","9fcc89a3f957e49c24289922678c133eb65060e0","core/broadleaf-framework/src/main/java/org/broadleafcommerce/core/search/domain/FieldImpl.java","8","0","0","21","164","222","1"
"BroadleafCommerce","37a38e6a290ca93d68eb201db7df8f11bb0dbdb0","core/broadleaf-framework/src/main/java/org/broadleafcommerce/core/search/domain/SearchFacetImpl.java","8","0","0","21","203","258","4"
"elasticsearch","046abdc281c321cd2128ee7684c0edfcaca07203","core/src/test/java/org/elasticsearch/index/IndexModuleTests.java","8","0","0","21","392","478","2"
"elasticsearch","22e63b478306fb3cab6ba8967db6e1f2b73cdfd8","core/src/test/java/org/elasticsearch/index/IndexModuleTests.java","8","0","0","21","392","478","1"
"elasticsearch","e74d02138f02a66331b2611b5e70a908bb49cb97","core/src/test/java/org/elasticsearch/index/IndexModuleTests.java","8","0","0","21","392","478","0"
"elasticsearch","adc0807c686b37bf1d96bd3eb9d26face380fe44","src/test/java/org/elasticsearch/indices/state/OpenCloseIndexTests.java","8","0","0","22","309","392","0"
"neo4j","e53f7c80d98a2e35ea6a339e7f7fd44c3d2bde74","community/server/src/test/java/org/neo4j/server/rest/transactional/Neo4jJsonCodecTest.java","8","0","0","23","234","346","0"
"hazelcast","f962b7efb7267fd61cb6020676f2f1a9dddc3131","hazelcast/src/test/java/com/hazelcast/internal/cluster/impl/BasicClusterStateTest.java","8","0","0","23","316","414","1"
"BroadleafCommerce","15e70fe6b89d008dd88b5e98dbfc66a720db68bb","core/broadleaf-framework/src/main/java/org/broadleafcommerce/core/offer/domain/OfferCodeImpl.java","8","0","0","24","208","270","5"
"BroadleafCommerce","27d1d3f1bb71de25bcdce0eeb55b4a44b5b2dade","core/broadleaf-framework/src/main/java/org/broadleafcommerce/core/offer/domain/OfferCodeImpl.java","8","0","0","24","211","273","5"
"neo4j","a93c570faa774c1a40b635b6a3e6d8ccb61a99e8","community/lucene-index/src/main/java/org/neo4j/kernel/api/impl/index/LuceneLabelScanStore.java","8","0","0","24","257","322","1"
"hazelcast","2787d1290f74c14e6e2f771f38fd30dba54f966c","hazelcast/src/test/java/com/hazelcast/cluster/impl/BasicClusterStateTest.java","8","0","0","24","292","387","0"
"hazelcast","e70df64870e70ff5fd0c1825d4feca7392d0102c","hazelcast/src/test/java/com/hazelcast/cluster/impl/BasicClusterStateTest.java","8","0","0","24","292","387","0"
"hazelcast","cb942ed6b06c7ac37c4dc0883bdce436a412cdb4","hazelcast/src/test/java/com/hazelcast/cluster/impl/BasicClusterStateTest.java","8","0","0","24","292","387","1"
"hazelcast","8c5cfa498f10b4a2ff07036e1c18007df2550e70","hazelcast/src/test/java/com/hazelcast/cluster/impl/BasicClusterStateTest.java","8","0","0","24","292","389","1"
"neo4j","6dd96b8fc736655801d4e4d4ed0afd9d048b8d5e","enterprise/security/src/test/java/org/neo4j/server/security/enterprise/auth/ProcedureInteractionTestBase.java","8","0","0","24","565","692","0"
"neo4j","18edb7d52d390d2d1ac3c7ca728734a5a5179519","enterprise/security/src/test/java/org/neo4j/server/security/enterprise/auth/ProcedureInteractionTestBase.java","8","0","0","24","566","693","1"
"neo4j","b070962e9b00726d50df951106225fa252b7efeb","enterprise/security/src/test/java/org/neo4j/server/security/enterprise/auth/ProcedureInteractionTestBase.java","8","0","0","24","568","695","0"
"hazelcast","0261611ce1d6e95cd84910390d1c0c653fa0dfd2","hazelcast/src/test/java/com/hazelcast/aggregation/AggregatorsSpecTest.java","8","0","0","25","324","400","0"
"hazelcast","5b8632553391543693d7a87c5d29cdea51293447","hazelcast/src/test/java/com/hazelcast/internal/cluster/impl/BasicClusterStateTest.java","8","0","0","25","340","448","0"
"antlr4","29c2712ae1eee9575324db48c2f72c7cb0d28308","tool/test/org/antlr/v4/test/tool/TestParseTreeMatcher.java","8","0","0","25","401","465","0"
"MapDB","a00380670da29548c7e2e6b4c78580ae57f86f13","src/test/java/org/mapdb/DBTest.java","8","0","0","25","414","516","1"
"netty","f343de8fb178103d6dd966a9e81e09f67c201aac","handler/src/test/java/io/netty/handler/ssl/OpenSslEngineTest.java","8","0","0","26","553","638","1"
"netty","53fc69390130f7a5a33d454a59ad214f6b4176f5","handler/src/test/java/io/netty/handler/ssl/OpenSslEngineTest.java","8","0","0","26","557","642","0"
"netty","40bead56c4d57b33e751ef243c7fb3cfe861bfac","handler/src/test/java/io/netty/handler/ssl/OpenSslEngineTest.java","8","0","0","26","558","643","1"
"hazelcast","2921cff694583b8638dae2991f427e61d5440a9d","hazelcast/src/test/java/com/hazelcast/internal/cluster/impl/BasicClusterStateTest.java","8","0","0","27","352","461","0"
"hazelcast","4efdefb85496ca6adad2fd18671ab05bae7897fd","hazelcast/src/test/java/com/hazelcast/cluster/impl/BasicClusterStateTest.java","8","0","0","27","352","461","0"
"hazelcast","d568e4d926d925d57d4e79e34614390416749301","hazelcast/src/test/java/com/hazelcast/internal/cluster/impl/BasicClusterStateTest.java","8","0","0","27","352","461","0"
"hazelcast","1f042b8c4a4245594691bb6d85a66ceed9b43068","hazelcast/src/test/java/com/hazelcast/internal/cluster/impl/BasicClusterStateTest.java","8","0","0","27","352","461","1"
"hazelcast","70d4de16ff0ac4518d09aad8c9f2ad9e782fb337","hazelcast/src/test/java/com/hazelcast/internal/cluster/impl/BasicClusterStateTest.java","8","0","0","27","352","461","2"
"netty","ed1071d327cdd77bf520befda7f62081374e77bc","handler/src/test/java/io/netty/handler/ssl/OpenSslEngineTest.java","8","0","0","27","563","649","0"
"BroadleafCommerce","64ee9c754b4adff1e55416fdd70d45b35f42d991","core/broadleaf-framework/src/main/java/org/broadleafcommerce/core/search/domain/SearchFacetImpl.java","8","0","0","28","268","334","0"
"BroadleafCommerce","fcf24dee7c3f0aeaf18af14e19eb5a1df17a3f3b","core/broadleaf-framework/src/main/java/org/broadleafcommerce/core/search/domain/SearchFacetImpl.java","8","0","0","28","275","339","1"
"hazelcast","4a5f7904f6884485ed2a0c4f3670eee056d0610c","hazelcast/src/test/java/com/hazelcast/spi/discovery/DiscoverySpiTest.java","8","0","0","28","508","646","2"
"hazelcast","5758dedd1bcd1583eb238e314a12eee83980b607","hazelcast/src/test/java/com/hazelcast/spi/discovery/DiscoverySpiTest.java","8","0","0","28","508","646","1"
"hazelcast","b7c7cf589bc2f974782b80ab088055191bbba777","hazelcast/src/test/java/com/hazelcast/spi/discovery/DiscoverySpiTest.java","8","0","0","28","508","646","2"
"hazelcast","7812e4cfb5307427c8041eaaed72fb543f28dd47","hazelcast/src/test/java/com/hazelcast/spi/discovery/DiscoverySpiTest.java","8","0","0","28","508","646","0"
"BroadleafCommerce","9a2399ccabc71c63572c786cacfa9d17404bf0db","core/broadleaf-framework/src/main/java/org/broadleafcommerce/core/search/domain/SearchFacetImpl.java","8","0","0","29","276","340","0"
"MapDB","47ee2b5bdd0df2faa20fa1833541dcf932190896","src/test/java/org/mapdb/DBTest.java","8","0","0","29","443","551","0"
"hazelcast","0e6b91cbda886f633ff65e705393a70f4fd6a0ee","hazelcast/src/test/java/com/hazelcast/spi/discovery/DiscoverySpiTest.java","8","0","0","29","519","662","1"
"hazelcast","48a73aee23c55c38a6cefc3b408cf1144a13e7ce","hazelcast/src/test/java/com/hazelcast/spi/discovery/DiscoverySpiTest.java","8","0","0","29","520","663","0"
"neo4j","487797718bec5830bed5fcc69a6cc26c44ea9cbd","enterprise/causal-clustering/src/main/java/org/neo4j/causalclustering/core/state/snapshot/CoreStateDownloader.java","8","0","0","3","101","148","1"
"neo4j","c78d5b9a732e8512a6136e4194de35dbffdeaca6","enterprise/causal-clustering/src/main/java/org/neo4j/causalclustering/core/state/snapshot/CoreStateDownloader.java","8","0","0","3","101","148","1"
"neo4j","cb676a74e274d338a08434ff0d67e50fc7fca2ca","enterprise/causal-clustering/src/main/java/org/neo4j/causalclustering/core/state/snapshot/CoreStateDownloader.java","8","0","0","3","101","148","0"
"hazelcast","d568e4d926d925d57d4e79e34614390416749301","hazelcast/src/test/java/com/hazelcast/cache/CachePutAllTest.java","8","0","0","3","119","164","0"
"hazelcast","70d4de16ff0ac4518d09aad8c9f2ad9e782fb337","hazelcast/src/test/java/com/hazelcast/cache/CachePutAllTest.java","8","0","0","3","119","165","1"
"neo4j","5b99f532cec94aa83d16b8969eada9a1e43f30d3","community/shell/src/test/java/org/neo4j/shell/impl/AbstractClientTest.java","8","0","0","3","121","155","0"
"hazelcast","3d3b0732131691b2f1a256a041cf8eb3055a2f04","hazelcast/src/test/java/com/hazelcast/map/impl/nearcache/invalidation/InvalidationMemberAddRemoveTest.java","8","0","0","3","123","173","1"
"hazelcast","4e37f07aaad1d895ff0195cf580a28d0cfebe178","hazelcast/src/test/java/com/hazelcast/map/impl/nearcache/invalidation/InvalidationMemberAddRemoveTest.java","8","0","0","3","123","173","1"
"hazelcast","b6555180a56d77e9043823160de051498ff480da","hazelcast/src/test/java/com/hazelcast/map/impl/nearcache/invalidation/InvalidationMemberAddRemoveTest.java","8","0","0","3","123","173","0"
"hazelcast","7001ec8c5b1305c796de75c2e3f170c562db8c03","hazelcast/src/test/java/com/hazelcast/map/impl/nearcache/invalidation/InvalidationMetadataDistortionTest.java","8","0","0","3","154","204","0"
"hazelcast","74623cb572a57f3c5b84b62e4a220a8fdac95cb4","hazelcast-client/src/test/java/com/hazelcast/client/ClientBackpressureBouncingTest.java","8","0","0","3","155","197","0"
"hazelcast","7001ec8c5b1305c796de75c2e3f170c562db8c03","hazelcast-client/src/test/java/com/hazelcast/client/map/impl/nearcache/invalidation/InvalidationMetadataDistortionTest.java","8","0","0","3","167","219","0"
"elasticsearch","9569166f9431cafe322de6d1f96b7bfd6f50b798","src/test/java/org/elasticsearch/ttl/SimpleTTLTests.java","8","0","0","3","169","235","0"
"mcMMO","f3fd48d0c0754d8096800780d70636d1fd0a3d98","src/main/java/com/gmail/nossr50/runnables/skills/AlchemyBrewCheckTask.java","8","0","0","3","32","41","1"
"mcMMO","b50ba9c02edbf8418b4c065589dd242438333838","src/main/java/com/gmail/nossr50/runnables/skills/AlchemyBrewCheckTask.java","8","0","0","3","32","43","1"
"mcMMO","6264bfa15faaeda7141aba6048310532249e01c1","src/main/java/com/gmail/nossr50/runnables/skills/AlchemyBrewCheckTask.java","8","0","0","3","33","44","0"
"mcMMO","9bd4a0a70762b8a2c01198511b1b8ccf2a36bbd8","src/main/java/com/gmail/nossr50/runnables/mcTimer.java","8","0","0","3","39","81","2"
"mcMMO","fded7cad96b6ee04e3b027f66c8750e72d08fa88","src/main/java/com/gmail/nossr50/runnables/mcTimer.java","8","0","0","3","40","82","1"
"mcMMO","3fef87923a9d3a3ea6c5e33584aad8ecd1a20d13","src/main/java/com/gmail/nossr50/runnables/mcTimer.java","8","0","0","3","41","83","0"
"elasticsearch","8a3a885058b4ee726a1f9b6a79979fce8fa3e1f4","core/src/main/java/org/elasticsearch/search/fetch/subphase/ParentFieldSubFetchPhase.java","8","0","0","3","45","74","0"
"BroadleafCommerce","cd4dba4517e56b14042e5ed1567e933ca3904efd","core/broadleaf-framework/src/main/java/org/broadleafcommerce/core/order/service/workflow/update/UpdateOrderMultishipOptionActivity.java","8","0","0","3","48","78","0"
"BroadleafCommerce","cd4dba4517e56b14042e5ed1567e933ca3904efd","core/broadleaf-framework/src/main/java/org/broadleafcommerce/core/order/service/workflow/update/UpdateOrderItemActivity.java","8","0","0","3","53","87","0"
"orientdb","710ff32d6d94e252080c12cbc8a92c4447cf0d13","server/src/main/java/com/orientechnologies/orient/server/network/protocol/http/command/get/OServerCommandGetIndex.java","8","0","0","3","58","93","0"
"mcMMO","70231b6ae0c1807324ad9bd9ccdea88c1b2357ab","src/main/java/com/gmail/nossr50/commands/mc/McrefreshCommand.java","8","0","0","3","64","81","0"
"ceylon-ide-eclipse","5b4c3eac8a7c12c0125a77343e602b4e73083595","plugins/com.redhat.ceylon.eclipse.ui/src/com/redhat/ceylon/eclipse/code/open/OpenRefinedDeclarationHandler.java","8","0","0","3","69","77","0"
"ceylon-ide-eclipse","b1b36937bee77ef264774dd9473ac9318f61cd73","plugins/com.redhat.ceylon.eclipse.ui/src/com/redhat/ceylon/eclipse/code/open/OpenRefinedDeclarationHandler.java","8","0","0","3","69","77","0"
"ceylon-ide-eclipse","64a391fbabba6b9bc6b553abfa42466e0ca9673d","plugins/com.redhat.ceylon.eclipse.ui/src/com/redhat/ceylon/eclipse/code/open/OpenRefinedDeclarationHandler.java","8","0","0","3","69","77","0"
"ceylon-ide-eclipse","f1c0909148e964136009f4e217b3e3b35b931ba7","plugins/com.redhat.ceylon.eclipse.ui/src/com/redhat/ceylon/eclipse/code/open/OpenRefinedDeclarationHandler.java","8","0","0","3","69","77","1"
"elasticsearch","34610b841db897370ecefee8689998f560bd8beb","core/src/test/java/org/elasticsearch/search/aggregations/metrics/PercentilesTests.java","8","0","0","3","70","97","0"
"elasticsearch","155de53fe394d18216b72a1947c20d35788564e8","core/src/test/java/org/elasticsearch/transport/ConnectionProfileTests.java","8","0","0","3","83","112","0"
"elasticsearch","9ca5e6e3e12cf4f13eb6ed0140d9073ba89c61c9","src/test/java/org/elasticsearch/test/store/MockFSDirectoryService.java","8","0","0","3","83","113","1"
"elasticsearch","043a45746c7798bdeda8e279cfeeb53f72ba2249","core/src/main/java/org/elasticsearch/search/aggregations/metrics/tophits/TopHitsAggregatorFactory.java","8","0","0","3","84","111","2"
"elasticsearch","6174e21f47244b6d5153d7d0cc1fe28fe863399d","core/src/main/java/org/elasticsearch/search/aggregations/metrics/tophits/TopHitsAggregatorFactory.java","8","0","0","3","84","111","1"
"elasticsearch","6174e21f47244b6d5153d7d0cc1fe28fe863399d","core/src/main/java/org/elasticsearch/search/aggregations/metrics/tophits/TopHitsAggregatorFactory.java","8","0","0","3","84","111","1"
"elasticsearch","3aed047bdedde1bda189cbfc2f81e65af42e57c5","core/src/main/java/org/elasticsearch/search/aggregations/metrics/tophits/TopHitsAggregatorFactory.java","8","0","0","3","84","111","0"
"elasticsearch","71eb4532f86443f2f241badbc4b7c5b4a1878fee","src/test/java/org/elasticsearch/search/basic/SearchWhileRelocatingTests.java","8","0","0","3","86","115","0"
"elasticsearch","ba3269dedc7461088c156eb4365dd6b91fd7285d","src/test/java/org/elasticsearch/search/basic/SearchWhileRelocatingTests.java","8","0","0","3","87","116","0"
"elasticsearch","03c02143dd52f03ad0f15f064a999119b3066919","src/main/java/org/elasticsearch/rest/action/get/RestMultiGetAction.java","8","0","0","3","87","121","5"
"hazelcast","1bbf57f43522e59474d73506d793eaa2254dca5e","hazelcast/src/test/java/com/hazelcast/replicatedmap/ReplicatedMapTtlTest.java","8","0","0","3","87","97","0"
"netty","d3a28355030f23758fccec7169318bd4d01b4355","testsuite/src/test/java/io/netty/testsuite/transport/socket/SocketSuspendTest.java","8","0","0","3","91","127","0"
"MapDB","d618dfbd73032469c072981c498d4063c45e3834","src/test/java/org/mapdb/DBTest.java","8","0","0","31","454","566","1"
"hazelcast","5a5d2c2c85e3679f0f3be7c9c0d1a942f528d575","hazelcast/src/test/java/com/hazelcast/concurrent/atomiclong/AtomicLongAdvancedTest.java","8","0","0","4","103","114","1"
"hazelcast","c6c483a1da66ae533a000db9accd4ffc25185a77","hazelcast/src/test/java/com/hazelcast/concurrent/atomiclong/AtomicLongAdvancedTest.java","8","0","0","4","103","114","1"
"hazelcast","365ff8c7f080f38fa9cd3362234dff043b3dc4fa","hazelcast/src/test/java/com/hazelcast/concurrent/atomiclong/AtomicLongAdvancedTest.java","8","0","0","4","103","114","0"
"hazelcast","6474545aa5329fefb6b8aca3d96457f3fd89c46c","hazelcast/src/test/java/com/hazelcast/map/MapEvictAllTest.java","8","0","0","4","104","118","3"
"hazelcast","ffa9efd30efef1a93d2bd26fba44e7960bac7674","hazelcast/src/test/java/com/hazelcast/concurrent/atomiclong/AtomicLongAdvancedTest.java","8","0","0","4","105","117","0"
"neo4j","9189a1e1ba59d1a1dfce77507e322f766d4991ff","community/kernel/src/main/java/org/neo4j/kernel/impl/transaction/log/checkpoint/CheckPointScheduler.java","8","0","0","4","119","161","0"
"elasticsearch","e00db235bc1aa0765f5b21a9dc40a4e94197b68c","core/src/test/java/org/elasticsearch/action/search/CanMatchPreFilterSearchPhaseTests.java","8","0","0","4","124","174","1"
"elasticsearch","6c34452409d2cc468daced1811db60cd81c6fe95","core/src/test/java/org/elasticsearch/index/query/NestedQueryBuilderTests.java","8","0","0","4","146","189","1"
"elasticsearch","b039360d2ea974b9827df90ee7d425ca15c638d6","core/src/test/java/org/elasticsearch/index/query/NestedQueryBuilderTests.java","8","0","0","4","154","200","2"
"neo4j","86273a1afea70eb41cd5825a3093370c6f8692c8","enterprise/causal-clustering/src/main/java/org/neo4j/causalclustering/catchup/CatchupServer.java","8","0","0","4","187","234","1"
"neo4j","c6df52ac56269552d27f572a2af61ddce5a9095c","enterprise/causal-clustering/src/main/java/org/neo4j/causalclustering/catchup/CatchupServer.java","8","0","0","4","191","238","0"
"neo4j","a28486d3af309509b6a6a08f4bbdcea8c30fee4e","community/import-tool/src/test/java/org/neo4j/tooling/ImportToolDocIT.java","8","0","0","4","211","260","0"
"neo4j","d693165ae77cf119824aaa7a53ac45b466b15c24","enterprise/core-edge/src/main/java/org/neo4j/coreedge/catchup/storecopy/StoreFiles.java","8","0","0","4","43","71","1"
"hazelcast","525c34cddd7f4e08d674611e177bab103e4d1881","hazelcast/src/main/java/com/hazelcast/impl/SplitBrainHandler.java","8","0","0","4","44","67","1"
"hazelcast","82fcc4c7c87097d1719bb56112aec0fafdb6bc0e","hazelcast/src/main/java/com/hazelcast/impl/SplitBrainHandler.java","8","0","0","4","45","68","0"
"BroadleafCommerce","5eff049e77b28231d7daafe8d62b1f09bdcceb72","admin/broadleaf-open-admin-platform/src/main/java/org/broadleafcommerce/openadmin/security/BroadleafAdminAuthenticationFailureHandler.java","8","0","0","4","47","80","0"
"hazelcast","a3314867253c3091f5875feb069287452af576b3","hazelcast-client/src/main/java/com/hazelcast/client/spi/impl/discovery/DiscoveryAddressTranslator.java","8","0","0","4","51","86","0"
"hazelcast","9e20ebf00823b002cf624524dd25ded172a14830","hazelcast/src/main/java/com/hazelcast/util/executor/CompletableFutureTask.java","8","0","0","4","58","93","0"
"elasticsearch","96a92da682f71f49764affeed5629b32d8f226d3","core/src/main/java/org/elasticsearch/search/suggest/completion/CompletionSuggestionContext.java","8","0","0","4","83","118","0"
"elasticsearch","01ca81e2a37c9cd38c6dc44ae567d427c059dbe0","src/test/java/org/elasticsearch/test/store/MockFSDirectoryService.java","8","0","0","4","84","114","0"
"neo4j","803ec9deafb5ac3785faf698f126a32254d693be","community/server/src/main/java/org/neo4j/server/rest/web/CypherService.java","8","0","0","4","99","135","1"
"MapDB","0392d2fca4cf02f7013a84d7acd703c4b5a0f99c","src/test/java/org/mapdb/DBMakerTest.java","8","0","0","45","474","582","2"
"MapDB","72649e80593c3f1fa476c951397a2c9dca467a9c","src/test/java/org/mapdb/DBMakerTest.java","8","0","0","47","502","615","1"
"netty","e6ca9882a107c34cf6358c8d7a68561025f06016","codec-http2/src/main/java/io/netty/handler/codec/http2/DefaultHttp2Headers.java","8","0","0","48","262","332","1"
"orientdb","c44bbca080721b05af1db86562a16b199916fd3c","tests/src/test/java/com/orientechnologies/orient/test/database/auto/IndexManagerTest.java","8","0","0","48","471","651","0"
"orientdb","eda36859b9b033e1c3c6c69dce74c4959ac3439e","tests/src/test/java/com/orientechnologies/orient/test/database/auto/IndexManagerTest.java","8","0","0","48","473","653","1"
"elasticsearch","028acdd06f2e8aec6c0fbc94e81825c040fb3866","core/src/test/java/org/elasticsearch/indices/memory/IndexingMemoryControllerIT.java","8","0","0","5","109","168","0"
"hazelcast","cdb8b0e0e259c0992856d553f2aa04499043c84d","hazelcast/src/test/java/com/hazelcast/replicatedmap/ReplicatedMapWriteOrderTest.java","8","0","0","5","112","156","0"
"elasticsearch","aa4369f55b3b9bdcc68f8d18b9eb71c824cf7a7f","core/src/main/java/org/elasticsearch/repositories/VerifyNodeRepositoryAction.java","8","0","0","5","113","155","1"
"hazelcast","d0a7d416b1220ef4badd98e42991dabe34c7beeb","hazelcast/src/test/java/com/hazelcast/replicatedmap/ReplicatedMapWriteOrderTest.java","8","0","0","5","113","156","0"
"hazelcast","810540661cf0b9662e3e1bc9b5dabc53a3c052f1","hazelcast/src/test/java/com/hazelcast/replicatedmap/ReplicatedMapWriteOrderTest.java","8","0","0","5","113","157","1"
"hazelcast","eae5aabe2df5d86740f725387d4b9c32fb6d5495","hazelcast/src/test/java/com/hazelcast/replicatedmap/ReplicatedMapWriteOrderTest.java","8","0","0","5","113","157","1"
"hazelcast","584996c0c9a11facf995848e53a5a2ef79a3889a","hazelcast/src/test/java/com/hazelcast/replicatedmap/ReplicatedMapWriteOrderTest.java","8","0","0","5","113","157","0"
"elasticsearch","18ede79ed5a425c914059e4c73ab2675ef0589d3","src/test/java/org/elasticsearch/script/IndexedScriptTests.java","8","0","0","5","117","153","2"
"BroadleafCommerce","0c21b421c1d9c38444c820eea84cad34979e3b37","core/broadleaf-framework/src/main/java/org/broadleafcommerce/core/order/service/call/GiftWrapOrderItemRequest.java","8","0","0","5","36","65","0"
"BroadleafCommerce","7da760ada0cf3c3164075c970c90d47e36b4bef4","core/broadleaf-framework/src/main/java/org/broadleafcommerce/core/order/service/call/GiftWrapOrderItemRequest.java","8","0","0","5","36","65","0"
"BroadleafCommerce","beb23ce063b9f0f91520b023d0eee1fd1a2113ba","core/broadleaf-framework/src/main/java/org/broadleafcommerce/core/order/service/call/GiftWrapOrderItemRequest.java","8","0","0","5","36","65","1"
"hazelcast","b0ae186774c86c05b8b598b8386daefb11a58e9d","hazelcast/src/main/java/com/hazelcast/query/impl/OrResultSet.java","8","0","0","5","38","62","0"
"ceylon-ide-eclipse","e86132713a9aa7efe6e4cd4397ff555cf433e986","plugins/com.redhat.ceylon.eclipse.ui/src/com/redhat/ceylon/eclipse/util/FindRefinementsVisitor.java","8","0","0","5","40","51","0"
"ceylon-ide-eclipse","42985b89d24a9dd8a9c663201ce79247b1ea76f3","plugins/com.redhat.ceylon.eclipse.ui/src/com/redhat/ceylon/eclipse/core/builder/EnableCeylonNature.java","8","0","0","5","58","71","0"
"hazelcast","4b37b0ebf8a268dba38bcdd279b2ad087568b60a","hazelcast/src/main/java/com/hazelcast/map/impl/operation/MultipleEntryBackupOperation.java","8","0","0","5","65","97","0"
"hazelcast","cd66a09812f63404b4e934e9591e45ce9472a35c","hazelcast/src/main/java/com/hazelcast/map/impl/operation/MultipleEntryBackupOperation.java","8","0","0","5","65","97","0"
"hazelcast","5ca2eb7270cb2ae320c78e06be394586b0f1e902","hazelcast/src/main/java/com/hazelcast/map/impl/operation/MultipleEntryBackupOperation.java","8","0","0","5","65","97","1"
"neo4j","52ca9cab87e54b5963ba1562cd544a1b3d9758bf","community/kernel/src/test/java/org/neo4j/kernel/impl/util/TestBits.java","8","0","0","5","70","101","1"
"hazelcast","0ac05fbba9ebc830c86fb2cfcf0abce6ee0310f1","hazelcast-client/src/main/java/com/hazelcast/client/util/ClientCancellableDelegatingFuture.java","8","0","0","5","73","102","2"
"elasticsearch","c7c0faa54ddda8134aa23d54d07bed43b24a1817","core/src/main/java/org/elasticsearch/search/aggregations/bucket/nested/NestedAggregator.java","8","0","0","5","73","107","1"
"hazelcast","ea6df5b26c649fe055f90ebd8edfb6395649a658","hazelcast/src/main/java/com/hazelcast/cluster/impl/operations/MemberInfoUpdateOperation.java","8","0","0","5","76","108","1"
"elasticsearch","819fe40d616dd021ea7a80111c0c836caec8f7c3","core/src/test/java/org/elasticsearch/common/bytes/PagedBytesReferenceTests.java","8","0","0","5","78","116","0"
"ceylon-ide-eclipse","5b4c3eac8a7c12c0125a77343e602b4e73083595","plugins/com.redhat.ceylon.eclipse.ui/src/com/redhat/ceylon/eclipse/core/launch/RunAction.java","8","0","0","5","81","95","0"
"ceylon-ide-eclipse","64a391fbabba6b9bc6b553abfa42466e0ca9673d","plugins/com.redhat.ceylon.eclipse.ui/src/com/redhat/ceylon/eclipse/core/launch/RunAction.java","8","0","0","5","83","97","0"
"elasticsearch","90743d8db0d3b486590a4ac4f9a7346d8f68b685","core/src/main/java/org/elasticsearch/ingest/processor/DateProcessor.java","8","0","0","5","90","130","1"
"neo4j","3ec0e927cb481a29815bc3237d2e53fd7cadd271","community/lucene-index/src/main/java/org/neo4j/kernel/api/impl/index/LuceneIndexPopulator.java","8","0","0","5","91","123","0"
"MapDB","00a8930ff0dbd0cf3cc9520013037706899b867d","src/test/java/org/mapdb/DBMakerTest.java","8","0","0","51","533","657","0"
"elasticsearch","37e20c6f340fcfa745e3605cc1ed0b89070c8f45","core/src/test/java/org/elasticsearch/index/mapper/DynamicMappingIT.java","8","0","0","6","105","150","0"
"elasticsearch","f5542ed47fede3d086477995afbc6b330ff71d3e","test/framework/src/main/java/org/elasticsearch/node/NodeTests.java","8","0","0","6","108","142","1"
"hazelcast","22f709c2362790aad63dcee20c6b8cda20a112b5","hazelcast/src/main/java/com/hazelcast/internal/cluster/impl/operations/MemberInfoUpdateOperation.java","8","0","0","6","110","148","1"
"elasticsearch","1e7c42447999421ea789d51279496017d34b15d0","core/src/test/java/org/elasticsearch/index/replication/IndexLevelReplicationTests.java","8","0","0","6","115","159","0"
"hazelcast","e1b69c53ca4923affcd7722f012a80e32517e988","hazelcast/src/main/java/com/hazelcast/internal/cluster/impl/operations/MembersUpdateOp.java","8","0","0","6","118","160","0"
"elasticsearch","ac951e86d15ce1571d72de3a85c8cfff1524867e","core/src/test/java/org/elasticsearch/indices/IndicesServiceTests.java","8","0","0","6","121","170","1"
"hazelcast","be6b614bceae0babd1ba43561e48d726dfe2e744","hazelcast/src/test/java/com/hazelcast/map/SizeEstimatorTest.java","8","0","0","6","126","184","2"
"elasticsearch","5fd96d9371f68645ac6ec2ec17c0faeaa21610a8","src/test/java/org/elasticsearch/count/simple/SimpleCountTests.java","8","0","0","6","127","181","1"
"hazelcast","6b223843764561784a75cfd0f2d6cd6f87dafe41","hazelcast/src/test/java/com/hazelcast/collection/impl/txnlist/TransactionListTest.java","8","0","0","6","144","176","0"
"hazelcast","0287d390022e68e3c252acac8db8e0dfc15ecbea","hazelcast/src/test/java/com/hazelcast/collection/impl/txnlist/TransactionListTest.java","8","0","0","6","145","177","1"
"neo4j","ba89d06fcc1ed109cfee331cc9a7662a8489c5f8","enterprise/security/src/test/java/org/neo4j/server/security/enterprise/auth/InternalFlatFileRealmIT.java","8","0","0","6","186","246","1"
"neo4j","ba802146bfb948f8ca4bc29d51b2626b9864a1a9","enterprise/security/src/test/java/org/neo4j/server/security/enterprise/auth/InternalFlatFileRealmIT.java","8","0","0","6","187","247","0"
"neo4j","d96fac96379719e700588cf79b0c8912e06c540c","enterprise/security/src/test/java/org/neo4j/server/security/enterprise/auth/InternalFlatFileRealmIT.java","8","0","0","6","187","247","0"
"neo4j","ebaf8617fdfdd21fdac69e479d938a8966fb5156","enterprise/security/src/test/java/org/neo4j/server/security/enterprise/auth/InternalFlatFileRealmIT.java","8","0","0","6","187","247","1"
"neo4j","2fb8aea71a2d50c63f1407b9e975c5e8cbf325dc","enterprise/security/src/test/java/org/neo4j/server/security/enterprise/auth/InternalFlatFileRealmIT.java","8","0","0","6","191","251","1"
"neo4j","9bb4f806d216b0066beb476242dcc4e7da97200a","enterprise/security/src/test/java/org/neo4j/server/security/enterprise/auth/InternalFlatFileRealmIT.java","8","0","0","6","191","251","1"
"neo4j","1b3aad3b619bd72c2c9f79bb7edf642c5dc56a6f","enterprise/security/src/test/java/org/neo4j/server/security/enterprise/auth/InternalFlatFileRealmIT.java","8","0","0","6","191","251","0"
"neo4j","5b867ef859cd2183bee705922db86f1f22052ede","enterprise/security/src/test/java/org/neo4j/server/security/enterprise/auth/InternalFlatFileRealmIT.java","8","0","0","6","193","253","0"
"elasticsearch","046abdc281c321cd2128ee7684c0edfcaca07203","core/src/test/java/org/elasticsearch/discovery/ZenFaultDetectionTests.java","8","0","0","6","264","340","3"
"elasticsearch","22e63b478306fb3cab6ba8967db6e1f2b73cdfd8","core/src/test/java/org/elasticsearch/discovery/ZenFaultDetectionTests.java","8","0","0","6","264","340","2"
"elasticsearch","3f6a3c01dadb1951b597ffdbd068359a2fbc84c8","core/src/test/java/org/elasticsearch/discovery/ZenFaultDetectionTests.java","8","0","0","6","264","340","1"
"elasticsearch","e74d02138f02a66331b2611b5e70a908bb49cb97","core/src/test/java/org/elasticsearch/discovery/ZenFaultDetectionTests.java","8","0","0","6","264","340","1"
"elasticsearch","6abcd42a05a0e2bc4eaf1add6a41ae7d48f840c2","core/src/test/java/org/elasticsearch/discovery/ZenFaultDetectionTests.java","8","0","0","6","264","340","0"
"elasticsearch","39e59b49b16a8f82b174ba8066c4769b06a37eb0","core/src/test/java/org/elasticsearch/action/search/SearchScrollAsyncActionTests.java","8","0","0","6","331","408","0"
"hazelcast","d918ddeea821c75cddd067ea365659ec72ebbde2","hazelcast-cloud/src/main/java/com/hazelcast/aws/AWSClient.java","8","0","0","6","38","64","1"
"ceylon-ide-eclipse","f3b7b9c6d2c9d155506d7c4a85c3d3c481f0b844","plugins/com.redhat.ceylon.eclipse.ui/src/com/redhat/ceylon/eclipse/code/refactor/AbstractRefactoringAction.java","8","0","0","6","44","54","1"
"orientdb","a2eaf6636bb600c7e6d311b0bb7d112bbaafb4a0","etl/src/main/java/com/orientechnologies/orient/etl/transformer/OETLVertexTransformer.java","8","0","0","6","50","79","0"
"elasticsearch","35861574674581e07ec7554b29a02be4bd89b97d","src/test/java/org/elasticsearch/cache/recycler/MockPageCacheRecycler.java","8","0","0","6","54","84","1"
"BroadleafCommerce","b8d645d805691dea60f36eefe3dcaa9595d2f01c","core/broadleaf-profile/src/main/java/org/broadleafcommerce/profile/core/service/validator/RegistrationValidator.java","8","0","0","6","54","87","0"
"hazelcast","8bd49a141e486adf3659c1f4c111fd8df674563a","hazelcast/src/main/java/com/hazelcast/map/operation/GetAllOperation.java","8","0","0","6","67","95","0"
"orientdb","c5ab1463265f47d74ab3b7c4e4b6cad84fc91673","tests/src/test/java/com/orientechnologies/orient/test/database/auto/DbImportExportTest.java","8","0","0","6","73","110","1"
"netty","67d3a78123fa3faa85c1a150bd4ee69425079b3d","codec-http2/src/main/java/io/netty/handler/codec/http2/DefaultHttp2HeadersEncoder.java","8","0","0","6","74","110","1"
"orientdb","5a252db3fc98fde3fb09313b4e1ac856e15c6388","tests/src/test/java/com/orientechnologies/orient/test/database/auto/DbImportExportTest.java","8","0","0","6","75","113","0"
"hazelcast","266c960676148cebbcff3686bb31923253a1380f","hazelcast/src/main/java/com/hazelcast/cluster/impl/operations/MemberInfoUpdateOperation.java","8","0","0","6","77","108","1"
"hazelcast","82563c38685eeb9638e422ed96499a49ceab50b9","hazelcast/src/main/java/com/hazelcast/cluster/impl/operations/MemberInfoUpdateOperation.java","8","0","0","6","77","108","2"
"hazelcast","de61a1b959dd71ab2ea7257629566d192bf9d0bd","hazelcast/src/main/java/com/hazelcast/cluster/impl/operations/MemberInfoUpdateOperation.java","8","0","0","6","77","108","2"
"hazelcast","5aa58b497cf248596c24b6e8ce3e05c35a87d498","hazelcast/src/main/java/com/hazelcast/cluster/impl/operations/MemberInfoUpdateOperation.java","8","0","0","6","77","108","0"
"neo4j","18b6f9ff1c19027f27d2c4b72d56fb033f2b156e","community/kernel/src/test/java/org/neo4j/kernel/impl/util/TestBits.java","8","0","0","6","79","112","0"
"hazelcast","5c695f915d3d5ec0116cccdbde70b3551f5dcb5a","hazelcast/src/test/java/com/hazelcast/cache/CacheIteratorAbstractTest.java","8","0","0","6","80","115","0"
"hazelcast","97bb74d78cd1e0af68a1390defa30fc956da8390","hazelcast/src/test/java/com/hazelcast/cache/AbstractCacheIteratorTest.java","8","0","0","6","80","115","0"
"hazelcast","49bc95f245df5503b44ba497a51ae534883f2f4f","hazelcast/src/test/java/com/hazelcast/cache/CacheIteratorAbstractTest.java","8","0","0","6","80","115","1"
"antlr4","b4a53d56d4324739e823344237c4d7fdf6cac90c","tool/src/org/antlr/v4/semantics/RuleCollector.java","8","0","0","6","84","131","1"
"hazelcast","06c758a0875f9eab2f8a0e440b387a78409c42b8","hazelcast-client/src/test/java/com/hazelcast/client/proxy/ProxyManagerTest.java","8","0","0","6","88","127","2"
"orientdb","3fd79f333e2a5c17bcac9d2ddfe74044e2dfecdd","core/src/test/java/com/orientechnologies/orient/core/sql/parser/OSelectStatementTest.java","8","0","0","61","559","719","0"
"orientdb","1065069eee37adf72602588ef4c3eb960604d55a","core/src/main/java/com/orientechnologies/orient/core/index/OIndexRecorder.java","8","0","0","64","293","395","0"
"hazelcast","9771b45d0419724065ceb12a98099ea577bf9c43","hazelcast-client/src/test/java/com/hazelcast/client/proxy/ProxyManagerTest.java","8","0","0","7","100","140","0"
"hazelcast","59a23f5d86fe8548dd1452b03530f2a9d6338fe0","hazelcast/src/main/java/com/hazelcast/client/impl/protocol/task/AddMembershipListenerMessageTask.java","8","0","0","7","116","158","0"
"hazelcast","c92d480fc84de807408197b4634c86a8e681d426","hazelcast/src/main/java/com/hazelcast/client/impl/protocol/task/AddMembershipListenerMessageTask.java","8","0","0","7","116","158","0"
"hazelcast","b66df16255caca5874e95cc984612f49409590e8","hazelcast/src/main/java/com/hazelcast/client/impl/protocol/task/AddMembershipListenerMessageTask.java","8","0","0","7","116","158","1"
"hazelcast","198359d76c4513b3c5a1737d1539de79af51e7e2","hazelcast/src/main/java/com/hazelcast/client/impl/protocol/task/AddMembershipListenerMessageTask.java","8","0","0","7","117","159","2"
"hazelcast","46bb8dc0fea51cafdab162ea665032f289fc0ba2","hazelcast/src/main/java/com/hazelcast/client/impl/protocol/task/AddMembershipListenerMessageTask.java","8","0","0","7","117","159","1"
"hazelcast","8def7802f1fbad3ee573323b4b7381892d0994c1","hazelcast/src/main/java/com/hazelcast/client/impl/protocol/task/AddMembershipListenerMessageTask.java","8","0","0","7","117","159","2"
"hazelcast","d9d20943b88faf6aa25ddbdc19feab4571611431","hazelcast/src/main/java/com/hazelcast/client/impl/protocol/task/AddMembershipListenerMessageTask.java","8","0","0","7","117","159","1"
"hazelcast","f5b5e658ea42c43530cc3fd5e132e2fe503ab8b4","hazelcast/src/main/java/com/hazelcast/client/impl/protocol/task/AddMembershipListenerMessageTask.java","8","0","0","7","117","159","0"
"hazelcast","05b27a3d7f9adfb832f8fb0c7927fc71c14df2b4","hazelcast/src/main/java/com/hazelcast/client/impl/protocol/task/cache/CacheAddInvalidationListenerTask.java","8","0","0","7","119","160","2"
"hazelcast","ae877df50978fcfb112d6d0cab2c78f80d1ee770","hazelcast/src/main/java/com/hazelcast/client/impl/protocol/task/cache/CacheAddInvalidationListenerTask.java","8","0","0","7","119","160","1"
"hazelcast","d0fd18cd0e2fac83d47776ccc1f08639bfc9823f","hazelcast/src/main/java/com/hazelcast/client/impl/protocol/task/cache/CacheAddInvalidationListenerTask.java","8","0","0","7","119","160","2"
"hazelcast","d472cbea8d404ea4e42a5cc0bb455dbec40e7985","hazelcast/src/main/java/com/hazelcast/client/impl/protocol/task/cache/CacheAddInvalidationListenerTask.java","8","0","0","7","119","160","3"
"hazelcast","d65de8708631978b87d39db7c947a073e0963228","hazelcast/src/main/java/com/hazelcast/client/impl/protocol/task/cache/CacheAddInvalidationListenerTask.java","8","0","0","7","119","160","2"
"hazelcast","264b730b6e10ae9df6f5d8727209ca007160236f","hazelcast/src/main/java/com/hazelcast/client/impl/protocol/task/cache/CacheAddInvalidationListenerTask.java","8","0","0","7","119","160","0"
"hazelcast","d070f1256c8c7fa823e6463487462826384ee1df","hazelcast/src/main/java/com/hazelcast/client/impl/protocol/task/cache/CacheAddInvalidationListenerTask.java","8","0","0","7","119","160","0"
"netty","5f6b419bb92ec2c98d4b149f2a8a3f2a056ef0c9","example/src/main/java/io/netty/example/proxy/HexDumpProxyInboundHandler.java","8","0","0","7","122","181","1"
"hazelcast","7001ec8c5b1305c796de75c2e3f170c562db8c03","hazelcast/src/main/java/com/hazelcast/client/impl/protocol/task/cache/CacheAddInvalidationListenerTask.java","8","0","0","7","124","175","0"
"hazelcast","3fa5f2992dc12463f602e3a09c1fbecac71b901f","hazelcast/src/test/java/com/hazelcast/map/query/QueryIndexTest.java","8","0","0","7","127","165","0"
"elasticsearch","701dc340a8eeabd059aec57140707c69e371142c","core/src/test/java/org/elasticsearch/indices/IndicesServiceTests.java","8","0","0","7","134","185","0"
"elasticsearch","96724e198adc829da8032a55c6cc04811226a261","core/src/test/java/org/elasticsearch/indices/IndicesServiceTests.java","8","0","0","7","135","187","0"
"elasticsearch","d6a756fbe2475db5ee00975a5a563077a4300ecf","core/src/test/java/org/elasticsearch/indices/IndicesServiceTests.java","8","0","0","7","136","188","0"
"elasticsearch","e85d8b3817101dd8aefa12a1f44d982e4532dc72","core/src/test/java/org/elasticsearch/indices/IndicesServiceTests.java","8","0","0","7","138","190","0"
"neo4j","341f7ff24ca2afd863711c30493639cef1cf2b65","community/dbms/src/main/java/org/neo4j/commandline/dbms/ImportCommand.java","8","0","0","7","140","178","0"
"elasticsearch","8b201fda465a2cef340d68639247623363b53f70","core/src/test/java/org/elasticsearch/indices/IndicesServiceTests.java","8","0","0","7","140","192","0"
"neo4j","41924e12725ad28b0b894d433c7d5990f5b9f26f","community/dbms/src/test/java/org/neo4j/dbms/archive/ArchiveTest.java","8","0","0","7","141","188","1"
"elasticsearch","2f6405ee277ec64269dd13fdfbd8445f96b4516d","core/src/test/java/org/elasticsearch/indices/IndicesServiceTests.java","8","0","0","7","144","198","1"
"elasticsearch","01e8eaf181148d1ae5239800b5d71bd38c0c2896","src/test/java/org/elasticsearch/count/simple/SimpleCountTests.java","8","0","0","7","161","225","0"
"elasticsearch","78574d248cf10dad1c5a566fda79e1e0c94afe43","core/src/main/java/org/elasticsearch/bootstrap/JavaVersion.java","8","0","0","7","51","83","1"
"elasticsearch","e6aaaf11ed4a1b8f595f920de1840938eddb7a97","core/src/main/java/org/elasticsearch/bootstrap/JavaVersion.java","8","0","0","7","51","83","1"
"elasticsearch","a60b8948ba1d836a6eac7cff095519e618939ed8","core/src/main/java/org/elasticsearch/bootstrap/JavaVersion.java","8","0","0","7","51","83","0"
"elasticsearch","968fbaceef298908a6ce6b31e42fb82586743fb7","core/src/main/java/org/elasticsearch/common/transport/PortsRange.java","8","0","0","7","54","84","1"
"BroadleafCommerce","917664517755b9d06b5785a129a236b9e23a79be","common/src/main/java/org/broadleafcommerce/common/email/service/message/MessageCreator.java","8","0","0","7","55","86","1"
"elasticsearch","ef83dbfbe68eff4b72575a2059a333469b274769","core/src/main/java/org/elasticsearch/index/fielddata/plain/SortedSetDVOrdinalsIndexFieldData.java","8","0","0","7","71","106","2"
"orientdb","46bbcabde62c2b9e61ebaf45dc23f16d9dee7f02","graphdb/src/test/java/com/orientechnologies/orient/graph/sql/RequireTransactionTest.java","8","0","0","7","71","111","1"
"orientdb","136db63960bbf53514691bf5a0bb8361a5ea5361","graphdb/src/test/java/com/orientechnologies/orient/graph/sql/RequireTransactionTest.java","8","0","0","7","72","113","0"
"hazelcast","fc6e278674e0cc8f68a53f1b9d210d1e1fb8ed38","hazelcast/src/main/java/com/hazelcast/map/operation/ClearBackupOperation.java","8","0","0","7","73","104","1"
"hazelcast","9ecc2d572a188a455ce7fcf6de240eee362fc60a","hazelcast/src/main/java/com/hazelcast/client/impl/operations/PostJoinClientOperation.java","8","0","0","7","74","105","0"
"hazelcast","99c4072079a42e89bb3611d3ebb8a9f4e4e4ebf0","hazelcast/src/main/java/com/hazelcast/map/operation/MultipleEntryBackupOperation.java","8","0","0","7","75","92","0"
"elasticsearch","0a69f1e283e26e5d9e6a000b68b9f4778de557a1","test/framework/src/main/java/org/elasticsearch/test/store/MockFSIndexStore.java","8","0","0","7","76","109","2"
"elasticsearch","33b8d7a19d6ddd6ad06a5a0cb5ca90175458e036","core/src/main/java/org/elasticsearch/index/fielddata/plain/SortedSetDVOrdinalsIndexFieldData.java","8","0","0","7","77","112","0"
"hazelcast","56320e88e687e5353bf7bdcdffde3c499bbdcd0f","hazelcast/src/main/java/com/hazelcast/cluster/impl/operations/MemberInfoUpdateOperation.java","8","0","0","7","84","119","0"
"hazelcast","ab671ef7d679092659dafa891538330abd4aa241","hazelcast/src/main/java/com/hazelcast/internal/cluster/impl/operations/MemberInfoUpdateOperation.java","8","0","0","7","84","119","0"
"hazelcast","c0e00faf6d5f1e12f986d874e8585114554cc506","hazelcast/src/main/java/com/hazelcast/internal/cluster/impl/operations/MemberInfoUpdateOperation.java","8","0","0","7","84","119","1"
"hazelcast","6a047d13568f5eff8144a9158f04ab017b121835","hazelcast/src/main/java/com/hazelcast/internal/cluster/impl/operations/MemberInfoUpdateOperation.java","8","0","0","7","85","120","1"
"hazelcast","6bbebe06d95423f96fb4ace937c18627ab224fd2","hazelcast/src/main/java/com/hazelcast/cluster/impl/operations/MemberInfoUpdateOperation.java","8","0","0","7","85","120","1"
"hazelcast","237ded5a5370be91f04df1fc1208e3a4d8727ba1","hazelcast/src/main/java/com/hazelcast/cluster/impl/operations/MemberInfoUpdateOperation.java","8","0","0","7","85","120","0"
"antlr4","bb389782da9fe9a9a1c56c31a5af4f61c39c31fb","tool/src/org/antlr/v4/semantics/RuleCollector.java","8","0","0","7","91","139","0"
"hazelcast","99c4072079a42e89bb3611d3ebb8a9f4e4e4ebf0","hazelcast/src/main/java/com/hazelcast/map/operation/EntryBackupOperation.java","8","0","0","7","93","143","0"
"hazelcast","159c4a53940c2170c905d13fc1fc784cf59279c9","hazelcast/src/main/java/com/hazelcast/map/operation/EntryBackupOperation.java","8","0","0","7","99","150","1"
"hazelcast","78af4f23bcba7ec0288688e1bd9e49f207eac041","hazelcast/src/main/java/com/hazelcast/map/operation/EntryBackupOperation.java","8","0","0","8","103","154","0"
"hazelcast","1f042b8c4a4245594691bb6d85a66ceed9b43068","hazelcast-client/src/main/java/com/hazelcast/client/impl/DefaultClientExtension.java","8","0","0","8","104","141","1"
"hazelcast","70d4de16ff0ac4518d09aad8c9f2ad9e782fb337","hazelcast-client/src/main/java/com/hazelcast/client/impl/DefaultClientExtension.java","8","0","0","8","104","141","2"
"hazelcast","2921cff694583b8638dae2991f427e61d5440a9d","hazelcast-client/src/main/java/com/hazelcast/client/impl/DefaultClientExtension.java","8","0","0","8","104","141","0"
"elasticsearch","467a459f95d8709379bf3e7f415644b246a89dba","core/src/test/java/org/elasticsearch/script/CustomScriptContextIT.java","8","0","0","8","104","142","1"
"elasticsearch","821021f0e478ca44d828e62c139ea19f0fd7290a","core/src/test/java/org/elasticsearch/script/CustomScriptContextIT.java","8","0","0","8","108","147","0"
"hazelcast","d568e4d926d925d57d4e79e34614390416749301","hazelcast-client/src/main/java/com/hazelcast/client/impl/DefaultClientExtension.java","8","0","0","8","110","145","0"
"hazelcast","e4a5a9d2d0d01d60d810c15d0d5bf63ffe6f902d","hazelcast/src/main/java/com/hazelcast/client/impl/protocol/task/mapreduce/AbstractMapReduceTask.java","8","0","0","8","127","176","1"
"hazelcast","9473073ff155853cba32057b8195e77c135baa52","hazelcast/src/test/java/com/hazelcast/map/impl/query/QueryIndexTest.java","8","0","0","8","140","181","0"
"elasticsearch","77239a76f81879742d21004454691d2dfc6499b4","src/test/java/org/elasticsearch/search/suggest/CompletionTokenStreamTest.java","8","0","0","8","149","192","0"
"neo4j","a93c570faa774c1a40b635b6a3e6d8ccb61a99e8","community/consistency-check-legacy/src/main/java/org/neo4j/legacy/consistency/ConsistencyCheckService.java","8","0","0","8","174","217","1"
"neo4j","3ec0e927cb481a29815bc3237d2e53fd7cadd271","community/consistency-check-legacy/src/main/java/org/neo4j/legacy/consistency/ConsistencyCheckService.java","8","0","0","8","177","220","0"
"elasticsearch","209860854ddc87ff71a49d9ced1186a8e2c8e3b8","core/src/test/java/org/elasticsearch/index/fielddata/IndexFieldDataServiceTests.java","8","0","0","8","195","238","2"
"neo4j","c3a5cbf00866abb108bf34ce2e0680026fdd2025","community/io/src/test/java/org/neo4j/io/pagecache/impl/muninn/MuninnPageCacheTest.java","8","0","0","8","297","368","0"
"neo4j","9ddf9bd0edcec9729ea812c8ac6e49e55e9faaac","community/kernel/src/test/java/org/neo4j/kernel/impl/store/counts/CountsRotationTest.java","8","0","0","8","319","437","1"
"neo4j","1ea4b3b3ddc5b3e837b7bde9de927c282970f20c","community/kernel/src/test/java/org/neo4j/kernel/impl/store/counts/CountsRotationTest.java","8","0","0","8","321","438","0"
"neo4j","61cf94c66e7a8c7053bb8cc8c336751a651c6307","community/kernel/src/main/java/org/neo4j/kernel/impl/api/security/OverriddenAccessMode.java","8","0","0","8","53","82","1"
"elasticsearch","12392b5425fe7c96da671affd797f65fc3fa2dc9","core/src/main/java/org/elasticsearch/common/transport/PortsRange.java","8","0","0","8","60","91","0"
"hazelcast","081a9a82ef841f2d91af579f204931cf550e0bbc","hazelcast/src/main/java/com/hazelcast/query/impl/IndexService.java","8","0","0","8","61","89","1"
"BroadleafCommerce","4a2770ad7b1c8d244b026f013ac6cc58ca65cb61","core/broadleaf-profile/src/main/java/org/broadleafcommerce/profile/core/service/validator/RegistrationValidator.java","8","0","0","8","62","100","0"
"hazelcast","867fc10b52c7da919de28f51c13599e0fc2a5f60","hazelcast/src/test/java/com/hazelcast/nio/tcp/FirewallingMockConnectionManager.java","8","0","0","8","62","92","1"
"hazelcast","362c93772b6c84797c103939a64b6d56d83d2954","hazelcast/src/main/java/com/hazelcast/concurrent/lock/operations/LockReplicationOperation.java","8","0","0","8","74","105","0"
"hazelcast","284fd003d8294665df6a0e8060661e3b5ae31383","hazelcast/src/main/java/com/hazelcast/concurrent/lock/operations/LockReplicationOperation.java","8","0","0","8","75","106","0"
"neo4j","9e19238bad14e2ea915c17009903d636f448bfae","community/bolt/src/test/java/org/neo4j/bolt/v1/transport/socket/client/SocketConnection.java","8","0","0","8","75","108","0"
"netty","f897507b09d61baca231f43bfc701c134966bd11","example/src/main/java/io/netty/example/http/websocketx/client/WebSocketClientHandler.java","8","0","0","8","75","125","0"
"hazelcast","ff324798cb1c6e87d714ecacf8a8891f30249a5b","hazelcast/src/main/java/com/hazelcast/map/impl/operation/MergeOperation.java","8","0","0","8","86","115","1"
"elasticsearch","5a64f08f048461a63a0ca1354a5050c954e63d52","test/framework/src/main/java/org/elasticsearch/test/store/MockFSIndexStore.java","8","0","0","8","86","121","0"
"hazelcast","65df300ddcacf2cee04f1eee8f75731e147decbf","hazelcast-client-legacy/src/main/java/com/hazelcast/client/spi/impl/listener/ClientNonSmartListenerService.java","8","0","0","8","90","123","1"
"MapDB","ecf6de30d1386656cec9de62a77cd341bab15dce","src/test/java/org/mapdb/StoreDirectFreeSpaceTest.java","8","0","0","8","91","123","1"
"hazelcast","d568e4d926d925d57d4e79e34614390416749301","hazelcast/src/test/java/com/hazelcast/executor/ExecutorServiceTestSupport.java","8","0","0","80","342","469","0"
"hazelcast","772b5217030e0fb94bf07a00d9b5e7b275a82030","hazelcast/src/test/java/com/hazelcast/map/impl/query/QueryIndexTest.java","8","0","0","9","147","184","0"
"orientdb","6d7d767b14093a663d21d8d028e35157da176582","graphdb/src/test/java/com/orientechnologies/orient/graph/sql/SQLMoveVertexCommandInTxTest.java","8","0","0","9","184","279","0"
"elasticsearch","0c03d0056cc1a0e4ac8bd589c89f0fad9f01c080","core/src/test/java/org/elasticsearch/indices/settings/UpdateSettingsIT.java","8","0","0","9","188","255","0"
"elasticsearch","76c03df035b777b446ab961469f63d93dd9bc981","core/src/test/java/org/elasticsearch/action/termvectors/TermVectorsUnitTests.java","8","0","0","9","284","355","1"
"hazelcast","da8888f97af74b4590dfc1dce3d0bdeb44654000","hazelcast-client/src/test/java/com/hazelcast/client/heartbeat/ClientHeartbeatTest.java","8","0","0","9","286","374","0"
"elasticsearch","567c65b0d57e92cd530dafa7f55de7ba681af13e","core/src/test/java/org/elasticsearch/discovery/zen/UnicastZenPingTests.java","8","0","0","9","501","623","2"
"hazelcast","6a96ff2593db59bc55c3783b4420a915caa1f77b","hazelcast/src/main/java/com/hazelcast/map/impl/query/QueryEventFilter.java","8","0","0","9","60","89","0"
"hazelcast","4597b9d416ff32f2f35f94717b3ad1d2d8f76010","hazelcast/src/main/java/com/hazelcast/cache/impl/CachePartitionEventData.java","8","0","0","9","68","100","0"
"elasticsearch","78574d248cf10dad1c5a566fda79e1e0c94afe43","core/src/main/java/org/elasticsearch/action/admin/indices/segments/ShardSegments.java","8","0","0","9","75","110","1"
"elasticsearch","e6aaaf11ed4a1b8f595f920de1840938eddb7a97","core/src/main/java/org/elasticsearch/action/admin/indices/segments/ShardSegments.java","8","0","0","9","75","110","1"
"elasticsearch","a60b8948ba1d836a6eac7cff095519e618939ed8","core/src/main/java/org/elasticsearch/action/admin/indices/segments/ShardSegments.java","8","0","0","9","75","110","0"
"elasticsearch","faee825fea6245b7ffda4715e1676b62f1f73da0","core/src/test/java/org/elasticsearch/index/mapper/AbstractNumericFieldMapperTestCase.java","8","0","0","9","75","118","2"
"neo4j","691e0ace0344f1b545616bb278d4ea2a30f13308","community/bolt/src/test/java/org/neo4j/bolt/v1/transport/socket/client/SocketConnection.java","8","0","0","9","80","114","0"
"neo4j","cab0cc86c4488fea80aa4901dbd31b22666830b7","community/bolt/src/test/java/org/neo4j/bolt/v1/transport/socket/client/SocketConnection.java","8","0","0","9","80","114","0"
"neo4j","388d083ff12d300d6021655dfc07d86f11431252","community/bolt/src/test/java/org/neo4j/bolt/v1/transport/socket/client/SocketConnection.java","8","0","0","9","80","114","1"
"elasticsearch","e1efd5f6baf8dec1c23c79b346b8a29f234a98bb","core/src/main/java/org/elasticsearch/action/exists/ShardExistsRequest.java","8","0","0","9","82","123","0"
"hazelcast","06cffdc24c82d1dd0c8d59aa33f46ef5f6910782","hazelcast/src/main/java/com/hazelcast/map/impl/operation/MergeOperation.java","8","0","0","9","90","121","1"
"hazelcast","8e16f818bc2f1f07a02ca59bd2dbafb84e476939","hazelcast/src/main/java/com/hazelcast/map/impl/operation/MergeOperation.java","8","0","0","9","90","121","1"
"hazelcast","12e2af6c4b59fcb4dc5257758c8a911466677fd8","hazelcast/src/main/java/com/hazelcast/map/impl/operation/MergeOperation.java","8","0","0","9","90","121","0"
"hazelcast","5e4038fd8aa35c3ba7987e1164eaa479211eac59","hazelcast/src/main/java/com/hazelcast/map/impl/operation/MergeOperation.java","8","0","0","9","96","135","0"
"hazelcast","b40422630c54b0324d3ab5812c674e27da10cbe5","hazelcast/src/main/java/com/hazelcast/nio/UnsafeHelper.java","8","0","1","0","102","149","0"
"hazelcast","99b116de21973b1e282f68408e1ff6e572038920","hazelcast/src/main/java/com/hazelcast/nio/UnsafeHelper.java","8","0","1","0","103","151","1"
"elasticsearch","adccdbb3cf60145935d4bc1625005a53fbcf2dea","core/src/test/java/org/elasticsearch/search/aggregations/AggregatorTestCase.java","8","0","1","0","211","282","1"
"elasticsearch","c17de49a6dc1d54fcfee3754211ae67a06bdcec7","core/src/test/java/org/elasticsearch/search/aggregations/AggregatorTestCase.java","8","0","1","0","227","301","0"
"hazelcast","2fa97473f47ba62365019089aa5e6298db6f9826","hazelcast-spring/src/main/java/com/hazelcast/spring/hibernate/RegionFactoryBeanDefinitionParser.java","8","0","1","0","46","81","0"
"hazelcast","f160b608613fa5007261ee68e035e17b9b5849f1","hazelcast-spring/src/main/java/com/hazelcast/spring/hibernate/RegionFactoryBeanDefinitionParser.java","8","0","1","0","46","81","0"
"hazelcast","b14a5a2ce60d9b14bb1fd65c4c3d5e4a064cf3dc","hazelcast-spring/src/main/java/com/hazelcast/spring/hibernate/RegionFactoryBeanDefinitionParser.java","8","0","1","0","46","81","1"
"hazelcast","a23961641da88700aa81802d84a4388b155f8753","hazelcast-spring/src/main/java/com/hazelcast/spring/hibernate/RegionFactoryBeanDefinitionParser.java","8","0","1","0","47","81","0"
"hazelcast","ccbfb3fe4f981f5a73b2b381cfe404b417c74caa","hazelcast-spring/src/main/java/com/hazelcast/spring/hibernate/RegionFactoryBeanDefinitionParser.java","8","0","1","0","47","82","1"
"oryx","c766a75f0a21dd2466533971b3d846376cd9dc6f","app/oryx-app-serving/src/main/java/com/cloudera/oryx/app/serving/rdf/AbstractRDFResource.java","8","0","1","0","48","75","0"
"elasticsearch","3a0dd59a15c49f5be0483658f44bd411f62e1ac5","core/src/main/java/org/elasticsearch/script/ScriptContextRegistry.java","8","0","1","0","49","90","0"
"netty","91b378005461b85f965aa296daa087bc009b9da0","transport/src/main/java/io/netty/channel/oio/AbstractOioChannel.java","8","0","1","0","67","107","0"
"netty","d7f9b1ee76320dd9fc1e9992b4b75773718614bb","transport/src/main/java/io/netty/channel/oio/AbstractOioChannel.java","8","0","1","0","71","112","0"
"elasticsearch","1d4aee60863de1c64d69cffb999986e1bb88734d","src/main/java/org/elasticsearch/action/explain/TransportExplainAction.java","8","0","1","1","117","161","0"
"elasticsearch","ff6b605778c38613c35f5dd4fec78b482f8c075d","src/main/java/org/elasticsearch/gateway/MetaStateService.java","8","0","1","1","122","188","1"
"elasticsearch","d99b5dfdb4bdfa42e92f68663628134ad0b8d89d","src/main/java/org/elasticsearch/action/search/type/TransportSearchQueryThenFetchAction.java","8","0","1","1","126","168","1"
"elasticsearch","b5ad1c257e3b5458f58c6906e013599c98648bb6","src/main/java/org/elasticsearch/action/search/type/TransportSearchQueryThenFetchAction.java","8","0","1","1","126","171","0"
"elasticsearch","467a459f95d8709379bf3e7f415644b246a89dba","core/src/main/java/org/elasticsearch/action/search/type/TransportSearchQueryThenFetchAction.java","8","0","1","1","128","173","2"
"elasticsearch","c5a290550ff69ba228095fa5d5ccae8c2325c33b","core/src/main/java/org/elasticsearch/action/search/type/TransportSearchQueryThenFetchAction.java","8","0","1","1","129","174","1"
"elasticsearch","821021f0e478ca44d828e62c139ea19f0fd7290a","core/src/main/java/org/elasticsearch/action/search/type/TransportSearchQueryThenFetchAction.java","8","0","1","1","129","175","1"
"titan","ed88d7286080492045efafb45a69fa4cb6eeb94d","src/main/java/com/thinkaurelius/titan/util/interval/IntervalUtil.java","8","0","1","1","28","39","0"
"elasticsearch","cc0d0525fcff875c0fcee45d435c281dee5c2510","core/src/main/java/org/elasticsearch/common/settings/ClusterSettings.java","8","0","1","1","353","384","0"
"elasticsearch","06e526ba5805e5ea34dc8ca7db8414fda3c0b838","core/src/main/java/org/elasticsearch/common/settings/ClusterSettings.java","8","0","1","1","359","390","0"
"elasticsearch","131e370a16bb34ac2d7a51918a8d7b613defaa6d","core/src/main/java/org/elasticsearch/common/settings/ClusterSettings.java","8","0","1","1","375","407","1"
"BroadleafCommerce","f7135e6ef676ab5135dfbc7573f38ad38f86c298","admin/broadleaf-open-admin-platform/src/main/java/org/broadleafcommerce/openadmin/server/security/service/AdminUserDetailsServiceImpl.java","8","0","1","1","38","69","0"
"elasticsearch","d56a8e5dd888a15b30301821a0a261df71d31e70","core/src/main/java/org/elasticsearch/common/settings/ClusterSettings.java","8","0","1","1","385","417","1"
"netty","af4b71a00e30faf86ef1c2365e965e8f04f65bee","codec-http/src/main/java/io/netty/handler/codec/spdy/SpdyHttpResponseStreamIdHandler.java","8","0","1","1","39","68","0"
"elasticsearch","f2b563034ce3bab4074a60a2eb4cb9593be6e7d4","core/src/main/java/org/elasticsearch/common/settings/ClusterSettings.java","8","0","1","1","390","422","0"
"elasticsearch","371c73e14023917f3892090d2d3d7ff9ac1216b9","core/src/main/java/org/elasticsearch/common/settings/ClusterSettings.java","8","0","1","1","393","425","3"
"elasticsearch","78574d248cf10dad1c5a566fda79e1e0c94afe43","core/src/main/java/org/elasticsearch/common/settings/ClusterSettings.java","8","0","1","1","393","425","2"
"elasticsearch","e6aaaf11ed4a1b8f595f920de1840938eddb7a97","core/src/main/java/org/elasticsearch/common/settings/ClusterSettings.java","8","0","1","1","393","425","2"
"elasticsearch","a60b8948ba1d836a6eac7cff095519e618939ed8","core/src/main/java/org/elasticsearch/common/settings/ClusterSettings.java","8","0","1","1","393","425","0"
"elasticsearch","072eb99c5a1346542ff2bf46a3b3579b8c4b0a86","core/src/main/java/org/elasticsearch/common/settings/ClusterSettings.java","8","0","1","1","394","426","1"
"elasticsearch","d77c299cb9b2a55b47fff539b539ebb9846bd858","core/src/main/java/org/elasticsearch/common/settings/ClusterSettings.java","8","0","1","1","396","428","0"
"netty","cd0b5ec2db593d45c96bd6b55b0024042534af04","codec-http/src/main/java/io/netty/handler/codec/spdy/SpdyHttpResponseStreamIdHandler.java","8","0","1","1","40","69","1"
"elasticsearch","3e32dd985aabfa5ee653b26bcb6ff97c74a426a2","src/test/java/org/elasticsearch/test/rest/section/MatchAssertion.java","8","0","1","1","40","78","0"
"elasticsearch","99714ee1bd991fed204620c32e9f59a323018d2f","src/test/java/org/elasticsearch/test/rest/section/MatchAssertion.java","8","0","1","1","42","80","2"
"netty","e33f12f5b8a37b3f2a7291a10a61c8bce6ce73e0","codec-http/src/main/java/io/netty/handler/codec/http/HttpRequestEncoder.java","8","0","1","1","46","79","0"
"elasticsearch","7789dfa0c90819a18c33007ac7981fabebbfd73d","core/src/main/java/org/elasticsearch/script/ScriptContextRegistry.java","8","0","1","1","49","90","0"
"orientdb","4a4380c5ee79f91ed3b0a170f07fecc740decd52","client/src/main/java/com/orientechnologies/orient/client/binary/OAsynchChannelServiceThread.java","8","0","1","1","50","83","0"
"oryx","d74573da4b2b89e7fd33199f0c4f90fb9df26833","app/oryx-app-serving/src/main/java/com/cloudera/oryx/app/serving/rdf/AbstractRDFResource.java","8","0","1","1","54","83","0"
"orientdb","3e0c4380a047e216eb5b8bb8c451673bf8c5778f","lucene/src/main/java/com/orientechnologies/lucene/builder/ODocBuilder.java","8","0","1","1","54","88","0"
"elasticsearch","b49635539d929d6cb5ee56153e2f95872fe4bb16","modules/lang-painless/src/main/java/org/elasticsearch/painless/node/LNewArray.java","8","0","1","1","57","98","1"
"elasticsearch","cde83e363aac2195c2dc0f81bbe348bcfe8b4152","modules/lang-painless/src/main/java/org/elasticsearch/painless/node/LNewArray.java","8","0","1","1","57","98","1"
"elasticsearch","1424f09c02927d9caada7f6ea45285b411d88d12","modules/lang-painless/src/main/java/org/elasticsearch/painless/node/LNewArray.java","8","0","1","1","57","98","0"
"elasticsearch","3f06d9f3b8516bb30a2890a36c2973f08f9c6076","modules/lang-painless/src/main/java/org/elasticsearch/painless/node/LNewArray.java","8","0","1","1","58","99","0"
"elasticsearch","3f06d9f3b8516bb30a2890a36c2973f08f9c6076","modules/lang-painless/src/main/java/org/elasticsearch/painless/node/SDo.java","8","0","1","1","64","111","0"
"elasticsearch","c5a290550ff69ba228095fa5d5ccae8c2325c33b","core/src/main/java/org/elasticsearch/action/search/TransportSearchAction.java","8","0","1","1","69","102","2"
"elasticsearch","10ec2e948a2f1426a5058ca3b2c2e39952f141d8","src/main/java/org/elasticsearch/action/admin/cluster/repositories/get/TransportGetRepositoriesAction.java","8","0","1","1","71","103","2"
"elasticsearch","2bd09c4625898d77aa6c015c6f82cf973ed18cb7","core/src/main/java/org/elasticsearch/action/search/TransportSearchAction.java","8","0","1","1","71","105","1"
"elasticsearch","3f06d9f3b8516bb30a2890a36c2973f08f9c6076","modules/lang-painless/src/main/java/org/elasticsearch/painless/node/STry.java","8","0","1","1","72","118","0"
"elasticsearch","278e5d3a430289b82a6c8a4ed560f3ec96691939","src/test/java/org/elasticsearch/test/stress/search1/ConcurrentSearchSerializationTests.java","8","0","1","1","76","94","0"
"elasticsearch","342a32fb165df369802bd35be3bf614af42ff6ff","src/test/java/org/elasticsearch/action/RejectionActionTests.java","8","0","1","1","78","111","0"
"elasticsearch","a6e0f022207a2898f84a1ecf5bd973ab2f7e0330","src/test/java/org/elasticsearch/action/RejectionActionTests.java","8","0","1","1","79","112","1"
"elasticsearch","7f6e0c6c0203fd67713ae0bc6dbbc20a18817df7","modules/lang-painless/src/main/java/org/elasticsearch/painless/node/EFunctionRef.java","8","0","1","1","79","114","0"
"elasticsearch","f7b720472138dc342a5081513cbdbcd880531cc5","modules/lang-painless/src/main/java/org/elasticsearch/painless/node/EFunctionRef.java","8","0","1","1","82","118","0"
"elasticsearch","2e2e345dcb90e1ec1c48c6bb5348469fc514aea1","src/test/java/org/elasticsearch/cluster/BlockClusterStatsTests.java","8","0","1","1","83","118","5"
"elasticsearch","f7b720472138dc342a5081513cbdbcd880531cc5","modules/lang-painless/src/main/java/org/elasticsearch/painless/node/ECapturingFunctionRef.java","8","0","1","1","83","123","0"
"elasticsearch","4c913693a90088aefa1b8184159b41fb747ac3f5","modules/elasticsearch/src/main/java/org/elasticsearch/action/admin/indices/analyze/TransportAnalyzeAction.java","8","0","1","1","93","132","0"
"elasticsearch","4c913693a90088aefa1b8184159b41fb747ac3f5","modules/elasticsearch/src/main/java/org/elasticsearch/action/admin/indices/delete/TransportDeleteIndexAction.java","8","0","1","1","95","139","0"
"elasticsearch","5ea62678838906827e88884d403314926beeda58","src/test/java/org/elasticsearch/cluster/NoMasterNodeTests.java","8","0","1","1","98","136","2"
"elasticsearch","19cce0b32917a6034ab50b2e33111f37de418139","src/test/java/org/elasticsearch/test/integration/threadpool/SimpleThreadPoolTests.java","8","0","1","1","99","123","1"
"elasticsearch","67394aad81b1a8d4c87d3d164a7a1230a25772e6","src/main/java/org/elasticsearch/common/logging/log4j/Log4jESLogger.java","8","0","1","10","100","146","1"
"elasticsearch","e3d5cb903bac739b47e8d726369313af36eb6824","src/main/java/org/elasticsearch/common/logging/log4j/Log4jESLogger.java","8","0","1","10","101","147","0"
"hazelcast","6d3367f4f483c762f0f00f98bc4151ad321a87cb","hazelcast/src/main/java/com/hazelcast/cache/impl/operation/CacheCreateConfigOperation.java","8","0","1","10","119","175","2"
"elasticsearch","a91b3fcbb9e493c3aac9b46723c8dcad2c23a3ae","plugins/mapper-murmur3/src/main/java/org/elasticsearch/index/mapper/murmur3/Murmur3FieldMapper.java","8","0","1","10","121","173","2"
"ceylon-ide-eclipse","83af6eee34951a586d4cf9b3d94eb61c1210c5d0","plugins/com.redhat.ceylon.eclipse.ui/src/com/redhat/ceylon/eclipse/core/builder/CeylonCompilationError.java","8","0","1","10","156","193","1"
"netty","467e5a1019675619b69dec9a32969897014549df","codec-http2/src/test/java/io/netty/handler/codec/http2/Http2ConnectionRoundtripTest.java","8","0","1","10","487","616","0"
"orientdb","e3195a5295c92c18ba56cc54a052a11e8300e511","server/src/main/java/com/orientechnologies/orient/server/handler/OConfigurableHooksManager.java","8","0","1","10","73","119","1"
"elasticsearch","56cc87b7ccd41040d8fafcaf2da3680d96d10839","core/src/main/java/org/elasticsearch/action/admin/indices/stats/IndexShardStats.java","8","0","1","10","78","119","0"
"orientdb","9b0a6b5a0d74bce339faedfdf33a3918902c1a9e","core/src/main/java/com/orientechnologies/orient/core/sql/OCommandExecutorSQLDelegate.java","8","0","1","10","83","126","0"
"orientdb","33a29ad7f0318e206a1cfbb4c3960d98b429e9db","core/src/main/java/com/orientechnologies/common/util/OTriple.java","8","0","1","11","59","98","0"
"titan","86bc51a0b9aa5d6d59ec1770f6fdafff8d0a5f7e","titan-core/src/main/java/com/thinkaurelius/titan/diskstorage/keycolumnvalue/KeyRangeQuery.java","8","0","1","11","64","95","0"
"orientdb","1ffb4a74231b07389afced95123a7ef989a442cc","core/src/main/java/com/orientechnologies/orient/core/sql/OCommandExecutorSQLDelegate.java","8","0","1","11","88","132","0"
"elasticsearch","72d2ac13280cc8c9d52361aad9e2193cbf004708","src/main/java/org/elasticsearch/index/translog/fs/SimpleFsTranslogFile.java","8","0","1","12","118","163","0"
"elasticsearch","b007af1f464f49849705356a2eea212ed68643ac","src/main/java/org/elasticsearch/common/lucene/search/function/FunctionScoreQuery.java","8","0","1","12","149","205","0"
"elasticsearch","82ebd28c14f11d17995b1a2bfeb3eda1d93f3b5f","core/src/main/java/org/elasticsearch/cluster/metadata/MetaDataDeleteIndexService.java","8","0","1","12","152","218","1"
"elasticsearch","2f6405ee277ec64269dd13fdfbd8445f96b4516d","core/src/main/java/org/elasticsearch/cluster/metadata/MetaDataDeleteIndexService.java","8","0","1","12","155","219","1"
"hazelcast","434a169a94f7accbe71d5e18444af9c22288a897","hazelcast/src/main/java/com/hazelcast/nio/tcp/nonblocking/NonBlockingIOThreadingModel.java","8","0","1","12","155","220","1"
"elasticsearch","aa248990bb4c54466a3dc16b6ea16f4cf0c6b81e","src/test/java/org/elasticsearch/index/shard/IndexShardTests.java","8","0","1","12","262","333","4"
"elasticsearch","062abf813b16d94a0485e28286c2d8040cfc4990","core/src/test/java/org/elasticsearch/fieldstats/FieldStatsTests.java","8","0","1","12","293","362","2"
"orientdb","dca6885c95f754e9a03f1366b7f1ed83a9d92ed4","core/src/main/java/com/orientechnologies/common/util/OTriple.java","8","0","1","12","65","111","1"
"BroadleafCommerce","a48a3323f153943acb12d3fc823173fd06a4a4a4","admin/broadleaf-open-admin-platform/src/main/java/org/broadleafcommerce/openadmin/web/compatibility/JSCompatibilityRequestWrapper.java","8","0","1","12","97","139","0"
"neo4j","7723d89e6d1d951e8923fb102da0228db2e4e8f9","community/kernel/src/main/java/org/neo4j/kernel/impl/api/store/StoreStatement.java","8","0","1","13","212","265","3"
"elasticsearch","747390562056b381bf9e38694bbf9e207a1aa038","core/src/test/java/org/elasticsearch/index/mapper/update/UpdateMappingTests.java","8","0","1","13","212","276","4"
"neo4j","4f04ee08438d4e1c99095d9d8a9f2ec223af89a9","community/kernel/src/main/java/org/neo4j/kernel/impl/api/store/StoreStatement.java","8","0","1","13","213","266","2"
"elasticsearch","d35a3b03c842c142fef3dbde4622fee14661055b","src/test/java/org/elasticsearch/test/integration/aliases/IndexAliasesTests.java","8","0","1","13","449","598","0"
"elasticsearch","9ae421a8b2094009023ba7d0717c6d91d7c47035","src/test/java/org/elasticsearch/test/integration/aliases/IndexAliasesTests.java","8","0","1","13","453","603","0"
"elasticsearch","2f7d1189b1453744003c87ebc878633421dfbcaa","src/test/java/org/elasticsearch/test/integration/aliases/IndexAliasesTests.java","8","0","1","13","636","811","1"
"netty","3a4d64bb8404f59861acddec954b4ed3aa02f97b","codec-http/src/main/java/io/netty/handler/codec/http/multipart/AbstractHttpData.java","8","0","1","13","97","140","1"
"netty","caa15050204c9757f2a3e34511cf1d9d8447cd9c","codec-http/src/main/java/io/netty/handler/codec/http/multipart/AbstractHttpData.java","8","0","1","14","101","145","0"
"orientdb","c871bcbc93f785701cc81e159699c0d2229569b3","server/src/main/java/com/orientechnologies/orient/server/distributed/task/ODeleteRecordTask.java","8","0","1","14","101","150","0"
"hazelcast","485f426abc042144ebf9fd213e724556ad967191","hazelcast/src/main/java/com/hazelcast/replicatedmap/impl/record/AbstractBaseReplicatedRecordStore.java","8","0","1","14","110","154","1"
"hazelcast","51bdf8a403e085bb80d7dfad88cfd3a816bfaec8","hazelcast/src/main/java/com/hazelcast/replicatedmap/impl/record/AbstractBaseReplicatedRecordStore.java","8","0","1","14","110","154","1"
"hazelcast","70d4de16ff0ac4518d09aad8c9f2ad9e782fb337","hazelcast/src/main/java/com/hazelcast/replicatedmap/impl/record/AbstractBaseReplicatedRecordStore.java","8","0","1","14","110","154","1"
"hazelcast","8d373b62327a5c012a5b8f2bad456311df03bf61","hazelcast/src/main/java/com/hazelcast/replicatedmap/impl/record/AbstractBaseReplicatedRecordStore.java","8","0","1","14","110","154","1"
"hazelcast","707932eed4859d26c9c896f844d9433f2795b290","hazelcast/src/main/java/com/hazelcast/replicatedmap/impl/record/AbstractBaseReplicatedRecordStore.java","8","0","1","14","110","154","0"
"hazelcast","d0a7d416b1220ef4badd98e42991dabe34c7beeb","hazelcast/src/main/java/com/hazelcast/replicatedmap/impl/record/AbstractBaseReplicatedRecordStore.java","8","0","1","14","110","157","0"
"hazelcast","2933e220ed5118e606b3d5cf4eabeb77e4b7acf8","hazelcast/src/main/java/com/hazelcast/map/impl/tx/TxnSetOperation.java","8","0","1","15","104","147","1"
"hazelcast","5bfe67887fdd8a002bbe1919d93687be8b5a56a9","hazelcast/src/main/java/com/hazelcast/map/impl/tx/TxnSetOperation.java","8","0","1","15","104","147","2"
"hazelcast","8149cc0c3fa499fea47debc30564edc14d199df0","hazelcast/src/main/java/com/hazelcast/map/impl/tx/TxnSetOperation.java","8","0","1","15","104","147","3"
"hazelcast","25bb9a49d193a63a8a3da23c8d655c411ab6f8bc","hazelcast/src/main/java/com/hazelcast/map/impl/tx/TxnSetOperation.java","8","0","1","15","104","147","0"
"hazelcast","372fa24526f48fc12f62962873b017a193bc589d","hazelcast/src/main/java/com/hazelcast/map/impl/tx/TxnSetOperation.java","8","0","1","15","104","147","0"
"hazelcast","290160eb73377fc226cbc5858d1c2c3803b79d6d","hazelcast/src/main/java/com/hazelcast/map/impl/tx/TxnSetOperation.java","8","0","1","15","105","146","3"
"hazelcast","d568e4d926d925d57d4e79e34614390416749301","hazelcast/src/main/java/com/hazelcast/topic/impl/TopicService.java","8","0","1","15","140","184","0"
"elasticsearch","901c25b7ff2ec66ac12e22c90eefd7ed8afc1e36","core/src/test/java/org/elasticsearch/index/mapper/externalvalues/FakeStringFieldMapper.java","8","0","1","16","140","194","0"
"hazelcast","3321304364e116a91456a4aef7fd9f2d58b2c921","hazelcast/src/main/java/com/hazelcast/map/impl/journal/RingbufferMapEventJournalImpl.java","8","0","1","16","149","198","0"
"hazelcast","688d468b59a1652ff98ff96d00f59e280dc3d146","hazelcast/src/main/java/com/hazelcast/map/impl/journal/RingbufferMapEventJournalImpl.java","8","0","1","16","149","198","0"
"hazelcast","887020776ca00d93a5cb67150290686305a5b152","hazelcast/src/main/java/com/hazelcast/map/impl/journal/RingbufferMapEventJournalImpl.java","8","0","1","16","149","198","0"
"hazelcast","22c782cf4670330503dee123b73fa483726328a2","hazelcast/src/main/java/com/hazelcast/map/impl/journal/RingbufferMapEventJournalImpl.java","8","0","1","16","149","198","1"
"hazelcast","4ee69f889b28896ef4174dd1ba5a30f9bac90e6f","hazelcast/src/main/java/com/hazelcast/map/impl/journal/RingbufferMapEventJournalImpl.java","8","0","1","16","150","200","0"
"hazelcast","a4e3633cdf6a29e4bfbc78455cf6d36872e8d205","hazelcast/src/main/java/com/hazelcast/map/impl/journal/RingbufferMapEventJournalImpl.java","8","0","1","16","150","200","0"
"hazelcast","894288929b44cfe6a5706ed80691c9c37aaa5cd5","hazelcast/src/main/java/com/hazelcast/map/impl/journal/RingbufferMapEventJournalImpl.java","8","0","1","16","150","200","1"
"hazelcast","13ee2009ce877b5f5755244f773c9b4aa6925c1d","hazelcast-client/src/main/java/com/hazelcast/client/proxy/AbstractClientCollectionProxy.java","8","0","1","16","159","206","2"
"hazelcast","429f2efd2aae8db7f5328ddf09996a9ed6ff0139","hazelcast-client/src/main/java/com/hazelcast/client/proxy/AbstractClientCollectionProxy.java","8","0","1","16","159","206","1"
"hazelcast","102cc4ef8d2e7bf4eca5451494ef6bf09deb6e43","hazelcast-client/src/main/java/com/hazelcast/client/proxy/AbstractClientCollectionProxy.java","8","0","1","16","159","206","0"
"hazelcast","31e2147efa959e79bfc70bac06b138b20f14929d","hazelcast-client/src/main/java/com/hazelcast/client/proxy/AbstractClientCollectionProxy.java","8","0","1","16","163","211","0"
"BroadleafCommerce","4b899b0b30679392365b1286b26fd502eee6594c","admin/broadleaf-open-admin-platform/src/main/java/org/broadleafcommerce/openadmin/server/security/domain/AdminPermissionImpl.java","8","0","1","16","171","227","1"
"hazelcast","7a6e5d083d63a9c77ed0d45eec768ddc3aa67ce1","hazelcast/src/test/java/com/hazelcast/core/DistributedObjectTest.java","8","0","1","16","215","268","2"
"hazelcast","937586ba311dfd9421de3e36e4a6a3adbc4873b7","hazelcast/src/test/java/com/hazelcast/map/mapstore/MapLoaderTest.java","8","0","1","16","244","306","1"
"netty","5fb18e3415377fd022ac46d3a898b905617cf232","codec-http2/src/test/java/io/netty/handler/codec/http2/InboundHttp2ToHttpAdapterTest.java","8","0","1","16","826","908","0"
"netty","01af0baaf7ab2da23ffbf46b2a35cbe11fdbf494","codec-http2/src/test/java/io/netty/handler/codec/http2/InboundHttp2ToHttpAdapterTest.java","8","0","1","16","827","909","2"
"netty","d1d954da3539d3bdaa0578bb27a4f7e9c174b039","codec-http2/src/test/java/io/netty/handler/codec/http2/InboundHttp2ToHttpAdapterTest.java","8","0","1","16","842","926","1"
"elasticsearch","8a1e77c50c2bece81a8d0d418148b810121b21be","src/test/java/org/elasticsearch/index/query/SimpleIndexQueryParserTests.java","8","0","1","160","2006","2293","0"
"elasticsearch","5ba06b648778375887d7a526f021f2fe56cdf647","core/src/main/java/org/elasticsearch/search/internal/ShardSearchLocalRequest.java","8","0","1","17","159","230","2"
"hazelcast","d38202141395360399c9cf97d4453adf5b1581e1","hazelcast-client-new/src/main/java/com/hazelcast/client/proxy/ClientSetProxy.java","8","0","1","17","188","237","1"
"hazelcast","fcb85d5ce8c3887b875376ea1f986c03201d9f7c","hazelcast-client-new/src/main/java/com/hazelcast/client/proxy/ClientSetProxy.java","8","0","1","17","202","257","0"
"elasticsearch","149629fec657e9948488195087f30583cd561f11","core/src/main/java/org/elasticsearch/action/search/SearchTransportService.java","8","0","1","17","331","421","0"
"elasticsearch","94087b3274c1f4c98c100886e4ad9aefd32c4582","core/src/main/java/org/elasticsearch/action/search/SearchTransportService.java","8","0","1","17","331","421","0"
"elasticsearch","2ed1f7a3390420835f9b270d20c5d512ba197827","core/src/main/java/org/elasticsearch/action/search/SearchTransportService.java","8","0","1","17","331","421","1"
"elasticsearch","49439a09e2c1a69da0fdf034fe9dabf1cc83bf30","modules/elasticsearch/src/main/java/org/elasticsearch/index/gateway/CommitPoint.java","8","0","1","17","90","139","0"
"hazelcast","86f6e106a1152a2f5d110436d07b41ff8a06a1f9","hazelcast/src/test/java/com/hazelcast/cluster/ClusterJoinTest.java","8","0","1","18","344","443","0"
"hazelcast","46ed7f576f342ec825a6d1b632182fa80103359c","hazelcast/src/test/java/com/hazelcast/cluster/ClusterJoinTest.java","8","0","1","18","345","444","0"
"elasticsearch","43e07c0c886223c65d26a4e3bdb7815ff15abe7d","core/src/main/java/org/elasticsearch/index/shard/CommitPoint.java","8","0","1","18","99","149","0"
"BroadleafCommerce","28c29c993d37f222bc59daf04799764a6d2b199b","admin/broadleaf-open-admin-platform/src/main/java/org/broadleafcommerce/openadmin/dto/ClassTree.java","8","0","1","19","100","147","1"
"orientdb","cc0a317b054f936099eb2628cc720148b99d219a","distributed/src/test/java/com/orientechnologies/orient/server/distributed/HaSyncClusterTest.java","8","0","1","2","114","176","0"
"elasticsearch","d8f16178d3f21b4f9d17da12e7aa61613fc2c27a","src/test/java/org/elasticsearch/indices/store/SimpleDistributorTests.java","8","0","1","2","119","159","1"
"elasticsearch","a6510f924520d8cdda2636ac85a1a1e43f6dfb8c","src/test/java/org/elasticsearch/indices/store/SimpleDistributorTests.java","8","0","1","2","120","160","0"
"elasticsearch","17a2fffc9be50102fa5a9da72053c82df23b1a64","core/src/main/java/org/elasticsearch/common/settings/IndexScopedSettings.java","8","0","1","2","154","197","2"
"elasticsearch","00de8e07fc3df9c763bbc0b6890217dc5b6bee3e","core/src/main/java/org/elasticsearch/common/settings/IndexScopedSettings.java","8","0","1","2","155","198","3"
"elasticsearch","3187ed73fc4fd8527c695e18b7186abbd6d29453","core/src/main/java/org/elasticsearch/common/settings/IndexScopedSettings.java","8","0","1","2","157","200","2"
"elasticsearch","d06a8903fdccf5985bb1b9cbfcb92580d08a544c","core/src/main/java/org/elasticsearch/common/settings/IndexScopedSettings.java","8","0","1","2","158","201","0"
"elasticsearch","598854dd72d7fb01a7e26a9dad065de3deaa5eb7","src/test/java/org/elasticsearch/cluster/NoMasterNodeTests.java","8","0","1","2","207","283","0"
"elasticsearch","41d8fbe8f51abd499c9b497238bc5f2141b7926b","core/src/test/java/org/elasticsearch/cluster/NoMasterNodeIT.java","8","0","1","2","215","291","1"
"elasticsearch","164efaecbe42195f08ada58b5fde927ab21fc6e7","core/src/test/java/org/elasticsearch/cluster/NoMasterNodeIT.java","8","0","1","2","216","292","0"
"hazelcast","e73e5bfd1f14d7899e364d20f14baa2171c29ee5","hazelcast/src/test/java/com/hazelcast/test/HazelcastParallelClassRunner.java","8","0","1","2","249","325","1"
"BroadleafCommerce","530232fc212c232d9cab4dca5fc4ff1762683375","common/src/main/java/org/broadleafcommerce/common/util/UrlUtil.java","8","0","1","2","29","64","0"
"orientdb","87087a560ebaa556a7b7af67123da73c0b94d82b","core/src/main/java/com/orientechnologies/orient/core/sql/method/misc/OSQLMethodAsSet.java","8","0","1","2","42","78","1"
"elasticsearch","38009efedd9f75cc78cbb925a5dc0d10efb8713b","core/src/main/java/org/elasticsearch/index/analysis/CJKBigramFilterFactory.java","8","0","1","2","45","92","0"
"neo4j","e7b3407f3dfe22e4029042512fbf88c2d60aa94d","enterprise/cluster/src/main/java/org/neo4j/cluster/protocol/heartbeat/HeartbeatIAmAliveProcessor.java","8","0","1","2","48","79","1"
"BroadleafCommerce","e216da5ebb303680f5c60ffcd75979f5876ab5a6","common/src/main/java/org/broadleafcommerce/common/persistence/transaction/OracleSessionIdTransactionInfoModifier.java","8","0","1","2","49","79","0"
"neo4j","a2206e2451ffe226128a69a43f7f1f59409a0217","enterprise/cluster/src/main/java/org/neo4j/cluster/protocol/heartbeat/HeartbeatIAmAliveProcessor.java","8","0","1","2","50","81","0"
"elasticsearch","a2d07058e8557539e843fc3c2cace23b56512344","src/main/java/org/elasticsearch/rest/action/admin/indices/settings/RestUpdateSettingsAction.java","8","0","1","2","50","82","1"
"BroadleafCommerce","cd4dba4517e56b14042e5ed1567e933ca3904efd","core/broadleaf-framework/src/main/java/org/broadleafcommerce/core/checkout/service/workflow/DecrementInventoryActivity.java","8","0","1","2","51","93","0"
"hazelcast","848fd914e8ef0483f59301258eb88b8f9a51d2de","hazelcast/src/main/java/com/hazelcast/internal/nearcache/impl/invalidation/MetaDataFetcher.java","8","0","1","2","57","106","1"
"orientdb","99a07688bdc3979e788f469cae7c5d9bd2fa9709","lucene/src/main/java/com/orientechnologies/lucene/builder/OLuceneDocumentBuilder.java","8","0","1","2","58","99","0"
"hazelcast","b2fcdf5ade74230911e80258adb2c4abe15cf123","hazelcast/src/main/java/com/hazelcast/spi/impl/PacketDispatcher.java","8","0","1","2","61","88","1"
"elasticsearch","b7ad04a5318af8a4ee7c009f23470f9d8a0e1f5a","src/main/java/org/elasticsearch/rest/action/admin/indices/settings/RestUpdateSettingsAction.java","8","0","1","2","61","93","0"
"elasticsearch","d8f16178d3f21b4f9d17da12e7aa61613fc2c27a","src/main/java/org/elasticsearch/monitor/fs/SigarFsProbe.java","8","0","1","2","68","104","1"
"elasticsearch","a6510f924520d8cdda2636ac85a1a1e43f6dfb8c","src/main/java/org/elasticsearch/monitor/fs/SigarFsProbe.java","8","0","1","2","70","106","0"
"elasticsearch","d84c643f5880a88d2e5c38b487123161f3e01fe0","core/src/test/java/org/elasticsearch/index/query/SpanTermQueryBuilderTests.java","8","0","1","2","72","112","0"
"orientdb","99a07688bdc3979e788f469cae7c5d9bd2fa9709","lucene/src/test/java/com/orientechnologies/lucene/tests/OLuceneBaseTest.java","8","0","1","2","72","120","0"
"hazelcast","21de2ef614b9a92baec6c4f16f26123a59391cdc","hazelcast/src/test/java/com/hazelcast/util/ContextMutexFactoryTest.java","8","0","1","2","73","111","0"
"elasticsearch","01b18ad219933679256753fa8639c37d11cac1ff","src/main/java/org/elasticsearch/search/aggregations/bucket/BucketsAggregator.java","8","0","1","2","73","128","0"
"elasticsearch","8d1e9dbd3cd9007356abaaf363a9b04019b9d2a8","modules/elasticsearch/src/main/java/org/elasticsearch/search/facet/datehistogram/ValueDateHistogramFacetCollector.java","8","0","1","2","76","121","0"
"elasticsearch","2b3760f78b26817b5a2030aa27b1ddf2f17462f6","core/src/main/java/org/elasticsearch/rest/action/RestFieldStatsAction.java","8","0","1","2","77","108","1"
"elasticsearch","371c73e14023917f3892090d2d3d7ff9ac1216b9","core/src/main/java/org/elasticsearch/rest/action/fieldstats/RestFieldStatsAction.java","8","0","1","2","79","110","3"
"elasticsearch","78574d248cf10dad1c5a566fda79e1e0c94afe43","core/src/main/java/org/elasticsearch/rest/action/fieldstats/RestFieldStatsAction.java","8","0","1","2","79","110","2"
"elasticsearch","e6aaaf11ed4a1b8f595f920de1840938eddb7a97","core/src/main/java/org/elasticsearch/rest/action/fieldstats/RestFieldStatsAction.java","8","0","1","2","79","110","2"
"elasticsearch","a60b8948ba1d836a6eac7cff095519e618939ed8","core/src/main/java/org/elasticsearch/rest/action/fieldstats/RestFieldStatsAction.java","8","0","1","2","79","110","0"
"mcMMO","857e12b96edf68bc2e2fdbdf72659ce82612bda1","src/main/java/com/gmail/nossr50/runnables/player/PlayerProfileLoadingTask.java","8","0","1","2","81","109","0"
"elasticsearch","becbbf53d50506e98f5d3d8b3d9fb5a1d6469a6c","src/main/java/org/elasticsearch/index/analysis/NGramTokenizerFactory.java","8","0","1","2","85","119","1"
"elasticsearch","2a588dc1f109022331ae43959ac8e2e46ee69168","src/main/java/org/elasticsearch/rest/action/admin/indices/template/get/RestGetIndexTemplateAction.java","8","0","1","2","86","128","1"
"netty","32ccdcdb189996211bff873b8cf2cd42f66f5a5e","transport-native-epoll/src/main/java/io/netty/channel/epoll/EpollServerSocketChannel.java","8","0","1","2","89","134","0"
"elasticsearch","8b74c42099d5b7f76b2fa0d3d85d5f03f4e5e234","src/main/java/org/elasticsearch/rest/action/mlt/RestMoreLikeThisAction.java","8","0","1","2","92","124","0"
"netty","869687bd711e1358367203526128d9a2ad90663a","transport-native-epoll/src/main/java/io/netty/channel/epoll/EpollServerSocketChannel.java","8","0","1","2","92","138","0"
"elasticsearch","ddea22771e936c470891375dbbe47ea90d66abe6","src/main/java/org/elasticsearch/rest/action/mlt/RestMoreLikeThisAction.java","8","0","1","2","93","126","0"
"elasticsearch","3b90906f4f5a14d662b85b72d48d39f1d06cc709","core/src/test/java/org/elasticsearch/discovery/zen/ZenDiscoveryUnitTests.java","8","0","1","2","95","131","2"
"elasticsearch","3f6a3c01dadb1951b597ffdbd068359a2fbc84c8","core/src/test/java/org/elasticsearch/discovery/zen/ZenDiscoveryUnitTests.java","8","0","1","2","95","131","1"
"elasticsearch","6abcd42a05a0e2bc4eaf1add6a41ae7d48f840c2","core/src/test/java/org/elasticsearch/discovery/zen/ZenDiscoveryUnitTests.java","8","0","1","2","95","131","0"
"elasticsearch","1fc37e59547ba544ab1a4677f2622c9e39b26313","src/test/java/org/elasticsearch/test/unit/index/store/distributor/DistributorTests.java","8","0","1","20","124","184","1"
"hazelcast","d86471c6c85a31fb2ddcbbfd04a01d2242fe66dc","hazelcast/src/main/java/com/hazelcast/client/impl/MemberImpl.java","8","0","1","23","110","161","0"
"BroadleafCommerce","25cc6d04543ce2d153d288e181a712fa6a0086f4","core/broadleaf-framework/src/main/java/org/broadleafcommerce/core/payment/domain/PaymentTransactionImpl.java","8","0","1","23","213","281","0"
"BroadleafCommerce","27d1d3f1bb71de25bcdce0eeb55b4a44b5b2dade","core/broadleaf-framework/src/main/java/org/broadleafcommerce/core/payment/domain/PaymentTransactionImpl.java","8","0","1","23","216","284","0"
"elasticsearch","e1efd5f6baf8dec1c23c79b346b8a29f234a98bb","core/src/main/java/org/elasticsearch/monitor/os/OsStats.java","8","0","1","24","166","235","0"
"elasticsearch","1f04182b8164ffb19f3805c48d67f0375262b317","core/src/main/java/org/elasticsearch/monitor/os/OsStats.java","8","0","1","24","166","236","0"
"neo4j","562320c0be4006685ed6f086c12ef4e1f1964f3c","community/kernel/src/test/java/org/neo4j/kernel/impl/api/index/IndexingServiceTest.java","8","0","1","24","840","1133","0"
"hazelcast","1c090ad87906d51892a32c2aa0a32d34002298ec","hazelcast-client/src/test/java/com/hazelcast/client/txn/ClientTxnMapTest.java","8","0","1","27","451","607","1"
"hazelcast","e12e80c38b2743941e992d9f75d895231cd35c81","hazelcast/src/main/java/com/hazelcast/jmx/ReplicatedMapMBean.java","8","0","1","28","219","283","0"
"elasticsearch","d1281d283beb85f10dd376292925d78dd83626a0","src/test/java/org/elasticsearch/test/integration/cluster/allocation/FilteringAllocationTests.java","8","0","1","3","110","159","0"
"BroadleafCommerce","55179ca1fe1252bc475ba4a77651360d0eaeec26","admin/broadleaf-contentmanagement-module/src/main/java/org/broadleafcommerce/cms/admin/web/controller/AdminPageController.java","8","0","1","3","114","168","1"
"BroadleafCommerce","4c0a8b2c4bddabc4e97467c8022161826c630c8c","admin/broadleaf-contentmanagement-module/src/main/java/org/broadleafcommerce/cms/admin/web/controller/AdminPageController.java","8","0","1","3","118","172","0"
"elasticsearch","776e5d8096c7ddea8996d8c70165f6971aadd776","core/src/main/java/org/elasticsearch/action/delete/TransportDeleteAction.java","8","0","1","3","120","162","1"
"hazelcast","085c410cb8631f483937836619741d867e055f0c","hazelcast-client/src/test/java/com/hazelcast/client/spi/impl/ClientInvocationTest.java","8","0","1","3","129","178","1"
"hazelcast","64b28543011e49f5668297febc0433662ba75659","hazelcast-client/src/test/java/com/hazelcast/client/spi/impl/ClientInvocationTest.java","8","0","1","3","129","178","2"
"hazelcast","ad1790f7ac618c7a5bf8f548c3650937b7ee3a89","hazelcast-client/src/test/java/com/hazelcast/client/spi/impl/ClientInvocationTest.java","8","0","1","3","129","178","0"
"elasticsearch","180403fc32cd7f525374e82cc6786d15cc7642cc","src/test/java/org/elasticsearch/script/mustache/MustacheScriptEngineTest.java","8","0","1","3","130","172","0"
"hazelcast","12830cf4db72fc7d71edd8a20ee15fba533ab6a8","hazelcast-client/src/test/java/com/hazelcast/client/spi/impl/ClientInvocationTest.java","8","0","1","3","131","182","1"
"hazelcast","12fb324ec43a0c4392475dc000c3f05b5f92d7e0","hazelcast-client-new/src/test/java/com/hazelcast/client/spi/impl/ClientInvocationTest.java","8","0","1","3","132","183","0"
"hazelcast","4d852a9607f963ba2bb9ddb809af4dd8347c1198","hazelcast-client/src/test/java/com/hazelcast/client/spi/impl/ClientInvocationTest.java","8","0","1","3","133","184","2"
"elasticsearch","75cedca0dab933bb6d1679fbddea2d09122d13c9","core/src/test/java/org/elasticsearch/indices/IndicesLifecycleListenerIT.java","8","0","1","3","179","267","2"
"elasticsearch","4fea56ceadbbd042774a89dbdf94c16a4a33df4c","core/src/test/java/org/elasticsearch/indices/IndicesLifecycleListenerIT.java","8","0","1","3","188","278","1"
"neo4j","e5ea526b14ce752e94a5460b1c85bf4567d8f97d","community/kernel/src/main/java/org/neo4j/kernel/impl/factory/PlatformModule.java","8","0","1","3","210","308","1"
"neo4j","7b0e07fbb3bf184b45efaef9c50974714d4508fb","community/kernel/src/main/java/org/neo4j/kernel/impl/factory/PlatformModule.java","8","0","1","3","215","314","0"
"neo4j","c3a5cbf00866abb108bf34ce2e0680026fdd2025","community/kernel/src/main/java/org/neo4j/kernel/impl/factory/PlatformModule.java","8","0","1","3","215","314","0"
"neo4j","3fe88be02b9554002a3ef1cf59bcf770a2325690","community/kernel/src/main/java/org/neo4j/kernel/impl/factory/PlatformModule.java","8","0","1","3","215","314","1"
"elasticsearch","e530f03b9445e98728b5fbf203c57ab774928ff3","src/test/java/org/elasticsearch/test/unit/cluster/routing/allocation/AllocationCommandsTests.java","8","0","1","3","231","288","0"
"hazelcast","86b064ba3f1e467e74e95d6da24b03122065ce36","hazelcast/src/main/java/com/hazelcast/instance/OutOfMemoryHandlerHelper.java","8","0","1","3","48","80","2"
"elasticsearch","d4d227ba6b0d9598438cb793ef19295f16e20fc2","modules/elasticsearch/src/main/java/org/elasticsearch/monitor/dump/SimpleDumpGenerator.java","8","0","1","3","55","86","0"
"elasticsearch","a7190ea8a3bd7fbf774a8431e88b46c79daf7a4c","modules/elasticsearch/src/main/java/org/elasticsearch/monitor/dump/SimpleDumpGenerator.java","8","0","1","3","56","87","0"
"hazelcast","e5a7f3fd45925c7d9178df2fcfbdf3d65f636c1f","hazelcast/src/main/java/com/hazelcast/util/SortingUtil.java","8","0","1","3","60","74","2"
"netty","256c931db20fbfaf597e501b74a34fd850c7f948","transport/src/main/java/io/netty/channel/ChannelInboundMessageHandlerAdapter.java","8","0","1","3","68","155","0"
"hazelcast","324c12ca123c52820e6a271c2095649a57a9844f","hazelcast/src/main/java/com/hazelcast/client/impl/ClientHeartbeatMonitor.java","8","0","1","3","71","105","2"
"hazelcast","b41c380408dfeedc51226f1456016d4c83056f11","hazelcast/src/main/java/com/hazelcast/map/impl/operation/LoadAllOperation.java","8","0","1","3","75","106","0"
"elasticsearch","d1ef445632e21aa52ad3c4bd64153ddb50a5be83","modules/elasticsearch/src/main/java/org/elasticsearch/search/highlight/HighlightPhase.java","8","0","1","3","80","120","1"
"elasticsearch","a0fb6f3d92b451348ac1d73c625a9db885cfc4b3","src/main/java/org/elasticsearch/gateway/shared/SharedStorageGateway.java","8","0","1","3","86","125","1"
"elasticsearch","c7d0c3ea1896445b19098d5e8b0058dc5c909d59","src/test/java/org/elasticsearch/codecs/CodecTests.java","8","0","1","3","86","130","2"
"netty","81e2db10faaf0389f4e1af8c7132210946203157","codec-http/src/main/java/io/netty/handler/codec/spdy/SpdyOrHttpChooser.java","8","0","1","3","87","156","0"
"hazelcast","317fabec0c90b274c686ba018cc1b465fee244f2","hazelcast/src/main/java/com/hazelcast/client/impl/protocol/task/AuthenticationBaseMessageTask.java","8","0","1","3","88","128","1"
"netty","2adebc4c54ae98565db8e2a3c02b2ffaa0c101fe","codec-http/src/main/java/io/netty/handler/codec/spdy/SpdyOrHttpChooser.java","8","0","1","3","88","157","1"
"hazelcast","d38202141395360399c9cf97d4453adf5b1581e1","hazelcast/src/main/java/com/hazelcast/client/impl/protocol/task/AuthenticationBaseMessageTask.java","8","0","1","3","89","128","2"
"oryx","0c1bfe9ae796c2d7138b2f6b7f2d9de2f60dc015","app/oryx-app/src/main/java/com/cloudera/oryx/app/speed/rdf/RDFSpeedModelManager.java","8","0","1","3","96","158","0"
"hazelcast","332f996a760d95b0b7006c6fd4a4a0cb7dd9eacd","hazelcast/src/test/java/com/hazelcast/nio/serialization/SerializationTest.java","8","0","1","3","99","143","0"
"elasticsearch","81ced48f99ba5bf1ec36b8b917125b384796a4bd","src/main/java/org/elasticsearch/common/cli/CliToolConfig.java","8","0","1","31","193","272","1"
"netty","20894bc99e28191cc3926ae95a23f5c7d3969a33","buffer/src/main/java/io/netty/buffer/SlicedByteBuf.java","8","0","1","31","228","297","0"
"netty","51a536fd3068ecff95dd27adf047299122ade8ea","buffer/src/main/java/io/netty/buffer/SlicedByteBuf.java","8","0","1","31","228","297","0"
"netty","5416f2315e222acf8d9a36a51bcd4142a0f1c022","buffer/src/main/java/io/netty/buffer/SlicedByteBuf.java","8","0","1","31","228","297","0"
"netty","a383988cdb57e56e5211fdf592545fe67331ff6e","buffer/src/main/java/io/netty/buffer/SlicedByteBuf.java","8","0","1","31","228","297","1"
"elasticsearch","026bf2e3ee1ee5c188e57839d9e902962158138b","modules/lang-painless/src/main/java/org/elasticsearch/painless/node/ECapturingFunctionRef.java","8","0","1","4","101","145","1"
"hazelcast","dcdf838c95407da279237d92588a7a4f691c6fce","hazelcast/src/test/java/com/hazelcast/nio/ConnectionTest.java","8","0","1","4","102","138","1"
"hazelcast","ecaaec40f356936a3252c08a2bf6f4180fd3c81b","hazelcast/src/test/java/com/hazelcast/nio/ConnectionTest.java","8","0","1","4","103","139","0"
"elasticsearch","adc0807c686b37bf1d96bd3eb9d26face380fe44","src/test/java/org/elasticsearch/cluster/shards/ClusterSearchShardsTests.java","8","0","1","4","121","163","0"
"neo4j","035903e9ebdada5ea1269b223a6b5ee102763a1d","enterprise/causal-clustering/src/main/java/org/neo4j/causalclustering/catchup/storecopy/RemoteStore.java","8","0","1","4","130","191","0"
"neo4j","c3a5cbf00866abb108bf34ce2e0680026fdd2025","enterprise/causal-clustering/src/main/java/org/neo4j/causalclustering/catchup/storecopy/RemoteStore.java","8","0","1","4","133","193","0"
"hazelcast","d46eb99c3ca8b2e30c4f6a8025c4ae6d4a012036","hazelcast/src/test/java/com/hazelcast/collection/SetTest.java","8","0","1","4","136","192","1"
"neo4j","e5ea526b14ce752e94a5460b1c85bf4567d8f97d","enterprise/causal-clustering/src/main/java/org/neo4j/causalclustering/catchup/storecopy/RemoteStore.java","8","0","1","4","137","198","1"
"elasticsearch","51e69e1a9ed74a8a45bb2388ba0ddbd1432ee898","src/main/java/org/elasticsearch/index/search/child/HasChildFilter.java","8","0","1","4","142","205","0"
"neo4j","3cad6b427058f7ea008e0f31ea88a5fdd61b9a82","community/server/src/test/java/org/neo4j/server/rest/transactional/integration/TransactionMatchers.java","8","0","1","4","144","186","1"
"elasticsearch","1ce10dfb06fe5e90330619b881ce416e8bdf6d9a","src/main/java/org/elasticsearch/index/search/child/HasChildFilter.java","8","0","1","4","148","215","0"
"elasticsearch","b3e7e85cf110b6d48cab4f82fa1fc689975e81de","core/src/test/java/org/elasticsearch/action/search/CanMatchPreFilterSearchPhaseTests.java","8","0","1","4","166","231","0"
"elasticsearch","5eeac2fdf6c108e2f9b6305b6577a77e5290ad9e","src/test/java/org/elasticsearch/http/netty/NettyHttpServerPipeliningTest.java","8","0","1","4","171","228","0"
"oryx","efcdff4c4e8f2827aae55879bbb778cd0f7dd99c","oryx-lambda/src/main/java/com/cloudera/oryx/lambda/BatchLayer.java","8","0","1","4","201","256","0"
"orientdb","984c71715a77135a3a3b46473e9b6f816f78fb60","etl/src/main/java/com/orientechnologies/orient/etl/transformer/OLogTransformer.java","8","0","1","4","38","71","0"
"orientdb","a2eaf6636bb600c7e6d311b0bb7d112bbaafb4a0","etl/src/main/java/com/orientechnologies/orient/etl/transformer/OETLLogTransformer.java","8","0","1","4","39","73","0"
"elasticsearch","71849668e9d05fa72efabb83654aa5a3293c309b","src/main/java/org/elasticsearch/index/VersionType.java","8","0","1","4","40","69","1"
"orientdb","36fe694c8f3e92babf28edcd4aeda4d4ec08e667","etl/src/main/java/com/orientechnologies/orient/etl/transformer/OLogTransformer.java","8","0","1","4","40","74","1"
"orientdb","46bbcabde62c2b9e61ebaf45dc23f16d9dee7f02","server/src/main/java/com/orientechnologies/orient/server/handler/OServerSideScriptInterpreter.java","8","0","1","4","58","99","1"
"orientdb","136db63960bbf53514691bf5a0bb8361a5ea5361","server/src/main/java/com/orientechnologies/orient/server/handler/OServerSideScriptInterpreter.java","8","0","1","4","59","100","0"
"hazelcast","951ffdc2e22a155ef94f1bfaaea080af2efc64d6","hazelcast/src/main/java/com/hazelcast/map/impl/querycache/subscriber/NodeQueryCacheConfigurator.java","8","0","1","4","63","99","0"
"orientdb","7ac1602bfd79337736223a8264d95442e444a1f4","server/src/main/java/com/orientechnologies/orient/server/distributed/OLocalClusterStrategy.java","8","0","1","4","66","113","0"
"hazelcast","6918d871867e783305828f93dcae0ebe92258829","hazelcast-client/src/main/java/com/hazelcast/client/util/ClientCancellableDelegatingFuture.java","8","0","1","4","73","107","2"
"elasticsearch","40cd549c375848729c6ffd381a906c403b31ba4a","src/main/java/org/elasticsearch/index/fielddata/plain/PagedBytesIndexFieldData.java","8","0","1","4","73","114","1"
"hazelcast","ef24bb146bff6c6b1089d0908707195c98c27bd6","hazelcast/src/main/java/com/hazelcast/map/impl/operation/LoadAllOperation.java","8","0","1","4","84","115","1"
"hazelcast","e3bcad88a48d45f99979e5ac55d6ef21ebb6a2d2","hazelcast-build-utils/src/main/java/com/hazelcast/buildutils/HazelcastManifestTransformer.java","8","0","1","4","85","131","0"
"hazelcast","7fb5b216953909422cec25e70c2bcd51a09b08ad","hazelcast-wm/src/test/java/com/hazelcast/wm/test/DisconnectedHazelcastTest.java","8","0","1","4","87","130","2"
"hazelcast","88477bd90895955b93b0eebc6d775a46a7e8c70e","hazelcast-wm/src/test/java/com/hazelcast/wm/test/DisconnectedHazelcastTest.java","8","0","1","4","87","130","2"
"hazelcast","249e7d64161e769e5586d25f57789d78c8086d27","hazelcast-wm/src/test/java/com/hazelcast/wm/test/DisconnectedHazelcastTest.java","8","0","1","4","87","130","0"
"hazelcast","69975a8df84795d2fbd45e45b1d169e13fcbf0b1","hazelcast-wm/src/test/java/com/hazelcast/wm/test/DisconnectedHazelcastTest.java","8","0","1","4","87","136","0"
"hazelcast","835ad6b42ede4b5ce7092db1339487377f1ac199","hazelcast-wm/src/test/java/com/hazelcast/wm/test/DisconnectedHazelcastTest.java","8","0","1","4","87","137","1"
"netty","87ba8cb4b054c59bc699c21d48a7c2e8998f7e31","codec-http/src/main/java/io/netty/handler/codec/spdy/SpdyOrHttpChooser.java","8","0","1","4","89","158","1"
"hazelcast","58439dcfa60165cca74369e88a0bdef376125c08","hazelcast-wm/src/test/java/com/hazelcast/wm/test/DisconnectedHazelcastTest.java","8","0","1","4","90","133","2"
"elasticsearch","026bf2e3ee1ee5c188e57839d9e902962158138b","modules/lang-painless/src/main/java/org/elasticsearch/painless/node/EFunctionRef.java","8","0","1","4","99","139","1"
"elasticsearch","5ec7f040219fdf1d6b21bfbd4f6848ed3f790709","core/src/main/java/org/elasticsearch/common/xcontent/json/JsonXContentGenerator.java","8","0","1","48","253","332","1"
"elasticsearch","2f1b3ccde2a415fa3cca3d1f7ad8a25effb3f464","core/src/main/java/org/elasticsearch/common/xcontent/json/JsonXContentGenerator.java","8","0","1","48","256","334","0"
"elasticsearch","c2e6aa273da49ebeb247abf4c57ee0db75f7bd5b","src/main/java/org/elasticsearch/common/xcontent/json/JsonXContentGenerator.java","8","0","1","48","262","341","0"
"elasticsearch","21e2dfb6b1d46ce3f24cb2ccc25ad4799b1db871","src/main/java/org/elasticsearch/common/xcontent/json/JsonXContentGenerator.java","8","0","1","48","263","342","0"
"netty","7f92771496ef59eaf6fe86b516f5a8abdb38b9c0","common/src/test/java/io/netty/util/RecyclerTest.java","8","0","1","5","124","177","0"
"hazelcast","31e2147efa959e79bfc70bac06b138b20f14929d","hazelcast/src/test/java/com/hazelcast/collection/SetTest.java","8","0","1","5","149","208","0"
"elasticsearch","30c6f2fa23c9db62acdbc7d7bfb643e8182c4d67","src/test/java/org/elasticsearch/cluster/routing/allocation/AllocationCommandsTests.java","8","0","1","5","299","367","1"
"elasticsearch","510fbf12c3b503f060439fc01823235ddef14ccb","src/test/java/org/elasticsearch/cluster/routing/allocation/AllocationCommandsTests.java","8","0","1","5","313","384","1"
"elasticsearch","8d321530de539bfa3e09d10e4fd15d3ab05b0c05","src/test/java/org/elasticsearch/cluster/routing/allocation/AllocationCommandsTests.java","8","0","1","5","316","387","0"
"orientdb","136db63960bbf53514691bf5a0bb8361a5ea5361","core/src/main/java/com/orientechnologies/orient/core/collate/OCaseInsensitiveCollate.java","8","0","1","5","43","81","0"
"hazelcast","883cc0fd01c4fdf6434f020b907d02d5b0851e74","hazelcast/src/main/java/com/hazelcast/map/record/ObjectRecordFactory.java","8","0","1","5","45","73","0"
"elasticsearch","f79b28375d8e429d8de807a6c86ca25540c632d1","src/main/java/org/elasticsearch/search/suggest/phrase/Correction.java","8","0","1","5","49","76","1"
"orientdb","a2eaf6636bb600c7e6d311b0bb7d112bbaafb4a0","core/src/test/java/com/orientechnologies/orient/core/storage/cache/pages/PageCacheTest.java","8","0","1","5","517","719","1"
"orientdb","da896b0990e83c577baf91886166980d0994e44b","core/src/test/java/com/orientechnologies/orient/core/storage/cache/pages/PageCacheTest.java","8","0","1","5","521","724","0"
"orientdb","a2eaf6636bb600c7e6d311b0bb7d112bbaafb4a0","etl/src/main/java/com/orientechnologies/orient/etl/source/OETLContentSource.java","8","0","1","5","55","88","0"
"hazelcast","86b064ba3f1e467e74e95d6da24b03122065ce36","hazelcast/src/main/java/com/hazelcast/instance/DefaultOutOfMemoryHandler.java","8","0","1","5","73","128","2"
"elasticsearch","5a64f08f048461a63a0ca1354a5050c954e63d52","core/src/main/java/org/elasticsearch/index/store/FsDirectoryService.java","8","0","1","5","84","134","0"
"elasticsearch","046abdc281c321cd2128ee7684c0edfcaca07203","core/src/main/java/org/elasticsearch/search/aggregations/pipeline/derivative/DerivativePipelineAggregator.java","8","0","1","5","89","124","3"
"elasticsearch","9e4b5ea242862e35d5433d3432f7b8efcf41bc63","src/main/java/org/elasticsearch/search/aggregations/bucket/terms/StringTermsAggregator.java","8","0","1","5","89","134","1"
"elasticsearch","346d8efeb59057367dd91f00b4e185d5cf68c23a","src/main/java/org/elasticsearch/search/aggregations/bucket/terms/StringTermsAggregator.java","8","0","1","5","90","135","0"
"BroadleafCommerce","fa993466b5ef08e75613c6576f7303a830777598","core/broadleaf-framework/src/main/java/org/broadleafcommerce/core/search/service/solr/I18nSolrSearchServiceExtensionHandler.java","8","0","1","5","91","138","1"
"BroadleafCommerce","f7135e6ef676ab5135dfbc7573f38ad38f86c298","admin/broadleaf-open-admin-platform/src/main/java/org/broadleafcommerce/openadmin/server/security/handler/AdminUserCustomPersistenceHandler.java","8","0","1","5","92","135","2"
"hazelcast","48ccb689ade8d8b2bd589727a2bc6768649d74a0","hazelcast/src/main/java/com/hazelcast/nio/DynamicByteBuffer.java","8","0","1","57","280","362","0"
"orientdb","934043fd762eb74dcecdbac5c11480573daecf50","jdbc/src/main/java/com/orientechnologies/orient/jdbc/OrientJdbcPreparedStatement.java","8","0","1","58","244","341","1"
"orientdb","934043fd762eb74dcecdbac5c11480573daecf50","jdbc/src/main/java/com/orientechnologies/orient/jdbc/OrientJdbcPreparedStatement.java","8","0","1","58","244","341","1"
"orientdb","5977ae591f2a31b464d8f1cb1d63bdfe49741c2c","jdbc/src/main/java/com/orientechnologies/orient/jdbc/OrientJdbcPreparedStatement.java","8","0","1","58","244","341","0"
"elasticsearch","59be738e40bb7127db36c610289760c49ca7551a","core/src/main/java/org/elasticsearch/index/translog/BufferingTranslogWriter.java","8","0","1","6","103","151","1"
"hazelcast","772b5217030e0fb94bf07a00d9b5e7b275a82030","hazelcast/src/test/java/com/hazelcast/query/impl/IndexesTest.java","8","0","1","6","106","150","0"
"hazelcast","21586825d367940e1c79cf289e97310daab1200d","hazelcast/src/test/java/com/hazelcast/query/impl/IndexesTest.java","8","0","1","6","109","157","1"
"elasticsearch","2602439a51f109e059123b232ec60c9d816c60dd","core/src/main/java/org/elasticsearch/index/translog/BufferingTranslogWriter.java","8","0","1","6","110","158","1"
"elasticsearch","7742c1e181104207c2adc3f7dc40276113698350","core/src/main/java/org/elasticsearch/index/translog/BufferingTranslogWriter.java","8","0","1","6","110","158","1"
"elasticsearch","e363e0c2aafa7e45f32e27e2f47b9dda3aa7e2bb","core/src/main/java/org/elasticsearch/index/translog/BufferingTranslogWriter.java","8","0","1","6","110","158","0"
"hazelcast","1b7e58fd621add77b60713d6e0150e6bcfa2e9cb","hazelcast/src/main/java/com/hazelcast/spi/discovery/multicast/MulticastDiscoveryStrategy.java","8","0","1","6","112","151","1"
"hazelcast","894288929b44cfe6a5706ed80691c9c37aaa5cd5","hazelcast/src/test/java/com/hazelcast/ringbuffer/impl/RingbufferContainerSerializationTest.java","8","0","1","6","134","189","1"
"hazelcast","4ee69f889b28896ef4174dd1ba5a30f9bac90e6f","hazelcast/src/test/java/com/hazelcast/ringbuffer/impl/RingbufferContainerSerializationTest.java","8","0","1","6","135","191","0"
"orientdb","f00f60c2b994892aa5f4749221a9925578a1ce02","graphdb/src/test/java/com/orientechnologies/orient/graph/console/OGremlinConsoleTest.java","8","0","1","6","147","201","1"
"titan","61a915a6afd480c126ad2e5747f3d4c310b2299b","titan-core/src/main/java/com/thinkaurelius/titan/graphdb/query/condition/DirectionCondition.java","8","0","1","6","42","58","0"
"elasticsearch","9077bb6528f843ca8042ff95f8fac47140ef5aa1","modules/elasticsearch/src/main/java/org/elasticsearch/index/mapper/xcontent/geo/MultiValueGeoPointFieldData.java","8","0","1","6","57","91","0"
"elasticsearch","9077bb6528f843ca8042ff95f8fac47140ef5aa1","modules/elasticsearch/src/main/java/org/elasticsearch/index/field/data/strings/MultiValueStringFieldData.java","8","0","1","6","58","92","0"
"elasticsearch","db04649271ecc1c81e33d3a0d5fb039644acf687","modules/elasticsearch/src/main/java/org/elasticsearch/index/query/type/child/ChildCollector.java","8","0","1","6","60","100","0"
"BroadleafCommerce","90a68202f4ddb99cf2d63054f796a6234cf726c9","core/broadleaf-profile-web/src/main/java/org/broadleafcommerce/profile/web/controller/validator/RegisterCustomerValidator.java","8","0","1","6","60","101","0"
"elasticsearch","5f1634dff4b07905f58b4978b84509fe07a983fd","core/src/main/java/org/elasticsearch/search/aggregations/metrics/valuecount/ValueCountAggregator.java","8","0","1","6","68","108","0"
"netty","77609cf6ed78325ef8c308d6fbc0d045596e46eb","common/src/main/java/io/netty/util/AbstractConstant.java","8","0","1","6","73","112","0"
"hazelcast","03206d98a4287ade342ec386397851a54d849b0f","hazelcast/src/main/java/com/hazelcast/cache/impl/operation/CacheEntryProcessorOperation.java","8","0","1","6","81","118","1"
"hazelcast","d8294f73b4919ea891cf12b9e9e9805afdda95b3","hazelcast/src/main/java/com/hazelcast/cache/impl/operation/CachePutAllBackupOperation.java","8","0","1","6","83","118","0"
"hazelcast","7001ec8c5b1305c796de75c2e3f170c562db8c03","hazelcast/src/main/java/com/hazelcast/cache/impl/operation/CacheNearCacheStateHolder.java","8","0","1","6","90","133","0"
"elasticsearch","8c6b2a30773a805aeaf9668f6496a93581326f45","src/main/java/org/elasticsearch/search/facet/datehistogram/ValueScriptDateHistogramFacetCollector.java","8","0","1","6","91","143","0"
"neo4j","5e2a0db616767e9364819efa0ca8152955d3a90a","community/lucene-index/src/main/java/org/neo4j/kernel/api/impl/index/NodeRangeDocumentLabelScanStorageStrategy.java","8","0","1","6","91","151","1"
"neo4j","14da9bd533353adfe9550e62977d19904f504bcc","community/lucene-index/src/main/java/org/neo4j/kernel/api/impl/index/NodeRangeDocumentLabelScanStorageStrategy.java","8","0","1","6","92","152","0"
"orientdb","f00e82a1cdbb2e2cf1995444fcb5be42ec9990e9","graphdb/src/test/java/com/orientechnologies/orient/graph/console/OGremlinConsoleTest.java","8","0","1","7","171","232","0"
"elasticsearch","51ba120b546af5a3af55d7a15be6d70d510ec2a7","src/main/java/org/elasticsearch/cluster/action/index/NodeIndexDeletedAction.java","8","0","1","7","186","250","0"
"hazelcast","6a0f7c80572896ad0fca8288e0e68e416fcfe7b6","hazelcast/src/test/java/com/hazelcast/collection/ListTest.java","8","0","1","7","217","301","1"
"elasticsearch","baa2d51e599bdb901e472d15cc0251e6712c1d25","core/src/test/java/org/elasticsearch/indices/IndexingMemoryControllerTests.java","8","0","1","7","332","445","0"
"hazelcast","267657223110ee9fc436f5496e078547d29c6e4c","hazelcast/src/main/java/com/hazelcast/query/impl/IndexService.java","8","0","1","7","63","94","1"
"elasticsearch","523a8b4c3e8003316f3e7c6a74bdd5e4e1818dd6","modules/elasticsearch/src/main/java/org/elasticsearch/index/field/data/strings/MultiValueStringFieldData.java","8","0","1","7","63","98","0"
"hazelcast","9144e8128c3d271554f7230ee32e4d2e102fe811","hazelcast/src/main/java/com/hazelcast/query/impl/IndexService.java","8","0","1","7","64","95","0"
"elasticsearch","4573abc737f5cb42e2dd19775298d0418fbf57b3","src/main/java/org/elasticsearch/index/search/nested/NestedChildrenCollector.java","8","0","1","7","67","106","0"
"BroadleafCommerce","e216da5ebb303680f5c60ffcd75979f5876ab5a6","admin/broadleaf-open-admin-platform/src/main/java/org/broadleafcommerce/openadmin/server/security/dao/AdminUserDaoImpl.java","8","0","1","7","68","108","0"
"elasticsearch","5f24581de31ddcfb1228f93261b78e48515e25b0","core/src/main/java/org/elasticsearch/search/aggregations/metrics/sum/SumAggregator.java","8","0","1","7","77","111","1"
"elasticsearch","5f24581de31ddcfb1228f93261b78e48515e25b0","core/src/main/java/org/elasticsearch/search/aggregations/metrics/avg/AvgAggregator.java","8","0","1","7","83","119","1"
"elasticsearch","5f24581de31ddcfb1228f93261b78e48515e25b0","core/src/main/java/org/elasticsearch/search/aggregations/metrics/max/MaxAggregator.java","8","0","1","7","84","120","1"
"elasticsearch","1b90c46a53c0b072f969a3d5bd6d0340c594709e","modules/ingest-common/src/main/java/org/elasticsearch/ingest/common/SortProcessor.java","8","0","1","7","95","143","1"
"elasticsearch","abc0bc4c7f79490ca18ecf1814673c57bedfa2f7","src/main/java/org/elasticsearch/search/aggregations/bucket/geogrid/GeoHashGridAggregator.java","8","0","1","7","96","143","0"
"elasticsearch","4b5592cc592207d26871af562d087c1a79087fc3","src/test/java/org/elasticsearch/index/mapper/update/UpdateMappingOnClusterTests.java","8","0","1","8","194","242","0"
"elasticsearch","776e5d8096c7ddea8996d8c70165f6971aadd776","core/src/test/java/org/elasticsearch/action/termvectors/TermVectorsUnitTests.java","8","0","1","8","284","353","1"
"netty","08e0c612cf1670a263c5a0c3198b27213c55fd78","codec-http2/src/test/java/io/netty/handler/codec/http2/DataCompressionHttp2Test.java","8","0","1","8","329","382","0"
"elasticsearch","98640310c2adff8f8d164590faf019193201c747","src/main/java/org/elasticsearch/transport/TransportMessage.java","8","0","1","8","60","102","1"
"orientdb","040b05508933cf63ab4302ba24753d268640088c","core/src/main/java/com/orientechnologies/orient/core/index/OPropertyListIndexDefinition.java","8","0","1","8","69","109","2"
"orientdb","c44bbca080721b05af1db86562a16b199916fd3c","core/src/main/java/com/orientechnologies/orient/core/index/OPropertyListIndexDefinition.java","8","0","1","8","69","109","1"
"orientdb","eda36859b9b033e1c3c6c69dce74c4959ac3439e","core/src/main/java/com/orientechnologies/orient/core/index/OPropertyListIndexDefinition.java","8","0","1","8","69","109","2"
"orientdb","56f9bf3a10535e331c512f9852b1779bbc1d38b0","core/src/main/java/com/orientechnologies/orient/core/index/OPropertyListIndexDefinition.java","8","0","1","8","69","109","0"
"orientdb","d08b539b6ad032f789bfec08be94fd736167c9e1","core/src/main/java/com/orientechnologies/orient/core/index/OPropertyListIndexDefinition.java","8","0","1","8","70","111","1"
"elasticsearch","9090e0381f0042de0acff46e7c908788afd18386","src/main/java/org/elasticsearch/action/support/AdapterActionFuture.java","8","0","1","8","74","111","0"
"neo4j","069d4fa96fad00d182daeb9570e124ae87f68f5f","enterprise/security/src/main/java/org/neo4j/server/security/enterprise/auth/ShiroAuthToken.java","8","0","1","8","74","112","0"
"BroadleafCommerce","15e70fe6b89d008dd88b5e98dbfc66a720db68bb","common/src/main/java/org/broadleafcommerce/common/currency/domain/BroadleafCurrencyImpl.java","8","0","1","8","82","125","0"
"elasticsearch","67394aad81b1a8d4c87d3d164a7a1230a25772e6","src/main/java/org/elasticsearch/common/logging/jdk/JdkESLogger.java","8","0","1","9","100","147","1"
"BroadleafCommerce","411b9e99cb90e3e6359566e547fed4a9e0908fd5","common/src/main/java/org/broadleafcommerce/common/cache/engine/EhcacheHydratedCacheManagerImpl.java","8","0","1","9","108","152","0"
"hazelcast","2ec1ac176612eecd2d4c4282286a83e1dba0c42d","hazelcast-client/src/test/java/com/hazelcast/client/executor/ClientExecutorServiceTest.java","8","0","1","9","110","162","1"
"hazelcast","5795f0a797e1e06f1f72a62393f7fec1e112039d","hazelcast/src/main/java/com/hazelcast/cache/impl/operation/CacheCreateConfigOperation.java","8","0","1","9","114","169","3"
"elasticsearch","e3d5cb903bac739b47e8d726369313af36eb6824","src/main/java/org/elasticsearch/common/logging/jdk/JdkESLogger.java","8","0","1","9","117","164","0"
"orientdb","693119e3f1dab4ea8b67a35575ba1f7d1c0a970b","client/src/main/java/com/orientechnologies/orient/client/remote/OSBTreeCollectionManagerRemote.java","8","0","1","9","121","171","0"
"orientdb","de410aa8d3455b55f3c39e49780136c0b6c5e64b","core/src/main/java/com/orientechnologies/common/collection/closabledictionary/OClosableEntry.java","8","0","1","9","132","202","0"
"elasticsearch","2ccc223ff761043807683f34b29c693af6c94d95","core/src/test/java/org/elasticsearch/action/termvectors/TermVectorsUnitTests.java","8","0","1","9","318","388","0"
"elasticsearch","578853f264e8ddae5c919b1b7ca35524cb292d62","core/src/test/java/org/elasticsearch/action/termvectors/TermVectorsUnitTests.java","8","0","1","9","318","388","0"
"elasticsearch","0189a65e6bfc623813c6c088d19a0509fbeb64da","core/src/test/java/org/elasticsearch/action/termvectors/TermVectorsUnitTests.java","8","0","1","9","318","388","1"
"netty","5b5925065796471c2d00ad53d8aaff888f24b752","codec-http2/src/test/java/io/netty/handler/codec/http2/Http2ConnectionRoundtripTest.java","8","0","1","9","429","552","0"
"netty","b39380ad83cda7ebe79d692216e204b8b6b67568","codec-http2/src/test/java/io/netty/handler/codec/http2/Http2ConnectionRoundtripTest.java","8","0","1","9","429","552","0"
"netty","253cd694ef6317d52d41b220f4dcf5fd69f44ec3","codec-http2/src/test/java/io/netty/handler/codec/http2/Http2ConnectionRoundtripTest.java","8","0","1","9","429","552","1"
"hazelcast","cc3d0fe4536065dc80b0102f7198bccdeb1b5a1d","hazelcast/src/test/java/com/hazelcast/nio/serialization/NamedPortable.java","8","0","1","9","49","68","0"
"hazelcast","3f7fe149b46863191307baa8ab504a6eaf77b0cc","hazelcast/src/main/java/com/hazelcast/spi/impl/SerializableCollection.java","8","0","1","9","65","100","0"
"elasticsearch","3e264f6b95c6356c43adc2ec2053a612ffbfce80","src/test/java/org/elasticsearch/test/integration/search/suggest/SuggestSearchTests.java","8","0","1","9","723","842","1"
"orientdb","a56ae91e7d9f772da4288542cee900793c24e5e1","core/src/main/java/com/orientechnologies/orient/core/sql/OCommandExecutorSQLDelegate.java","8","0","1","9","79","121","0"
"hazelcast","85549e3acb34b7162c3cee3fe727ce5a9d859090","hazelcast/src/main/java/com/hazelcast/map/operation/EvictKeysOperation.java","8","0","1","9","81","103","0"
"elasticsearch","37452dbe23bf26d1687c0ca37d3949c8e5348501","core/src/main/java/org/elasticsearch/cli/Terminal.java","8","0","10","0","104","179","1"
"elasticsearch","ec79568e6fbf3519cca615f0e919d41d20b4bfeb","core/src/main/java/org/elasticsearch/search/aggregations/bucket/range/ipv4/IPv4RangeBuilder.java","8","0","10","0","74","170","0"
"elasticsearch","3e32dd985aabfa5ee653b26bcb6ff97c74a426a2","src/main/java/org/elasticsearch/indices/recovery/RecoveryStatus.java","8","0","10","14","183","283","0"
"elasticsearch","99714ee1bd991fed204620c32e9f59a323018d2f","src/main/java/org/elasticsearch/indices/recovery/RecoveryStatus.java","8","0","10","14","184","284","2"
"hazelcast","ca2f3fb9e49d66b620c6398a29b098c3f6538835","hazelcast/src/main/java/com/hazelcast/transaction/TransactionOptions.java","8","0","10","4","96","221","0"
"elasticsearch","01f6851691f0e160185acdb2986f0486e9b4f6ec","core/src/main/java/org/elasticsearch/action/admin/cluster/reroute/ClusterRerouteRequest.java","8","0","10","6","86","163","0"
"elasticsearch","292dd8f992e101f9bffcd58c6c60a24ccbfec746","core/src/main/java/org/elasticsearch/action/admin/cluster/reroute/ClusterRerouteRequest.java","8","0","10","6","88","165","1"
"elasticsearch","371c73e14023917f3892090d2d3d7ff9ac1216b9","core/src/main/java/org/elasticsearch/action/admin/cluster/reroute/ClusterRerouteRequest.java","8","0","10","6","88","165","3"
"elasticsearch","78574d248cf10dad1c5a566fda79e1e0c94afe43","core/src/main/java/org/elasticsearch/action/admin/cluster/reroute/ClusterRerouteRequest.java","8","0","10","6","88","165","2"
"elasticsearch","e6aaaf11ed4a1b8f595f920de1840938eddb7a97","core/src/main/java/org/elasticsearch/action/admin/cluster/reroute/ClusterRerouteRequest.java","8","0","10","6","88","165","2"
"elasticsearch","a60b8948ba1d836a6eac7cff095519e618939ed8","core/src/main/java/org/elasticsearch/action/admin/cluster/reroute/ClusterRerouteRequest.java","8","0","10","6","88","165","0"
"neo4j","f5fc21139e1df53b6435f893470cacc8a6a8c123","community/shell/src/main/java/org/neo4j/shell/impl/RmiLocation.java","8","0","11","0","112","193","1"
"hazelcast","5af8f51c8285f8357f555749944df9e9470f1745","hazelcast/src/main/java/com/hazelcast/instance/GroupProperties.java","8","0","11","0","304","423","0"
"neo4j","0fca85a565c0b05bace415fbf60476b66ee06f02","community/shell/src/main/java/org/neo4j/shell/impl/RmiLocation.java","8","0","11","1","118","200","0"
"elasticsearch","74178141544e94931a3a0c1c2577347c838ef0fb","src/main/java/org/elasticsearch/script/javascript/support/NativeList.java","8","0","11","1","69","150","0"
"elasticsearch","7d03cff8205cb5d971e0b580c7b1df3e277dacb8","core/src/test/java/org/elasticsearch/transport/TCPTransportTests.java","8","0","11","3","241","321","0"
"elasticsearch","be2a6ce80b2282779159bc017352aa6f216349e2","core/src/test/java/org/elasticsearch/transport/TCPTransportTests.java","8","0","11","3","241","321","0"
"elasticsearch","f8df2a22e9171e07125e17f8dd95da2eeb89fe3f","core/src/test/java/org/elasticsearch/transport/TCPTransportTests.java","8","0","11","3","241","321","0"
"elasticsearch","04e08f5e491477f573b9e3ac19ee4b57cf7886db","core/src/test/java/org/elasticsearch/transport/TCPTransportTests.java","8","0","11","3","241","321","3"
"elasticsearch","186c16ea41406b284bce896ab23771a93e93e7ec","core/src/test/java/org/elasticsearch/transport/TCPTransportTests.java","8","0","11","4","259","343","0"
"elasticsearch","af06231d4cb00d730b2689f628255634ef42fc83","core/src/test/java/org/elasticsearch/transport/TCPTransportTests.java","8","0","11","4","259","343","0"
"elasticsearch","6952f7b5606504666ccac3edb68f43d04d3ebd44","core/src/test/java/org/elasticsearch/transport/TCPTransportTests.java","8","0","11","4","259","343","1"
"elasticsearch","a9a2753f0b07ee644e1babfd9de4f00df17e7b2a","core/src/main/java/org/elasticsearch/client/transport/TransportClient.java","8","0","12","0","237","367","0"
"elasticsearch","01f6851691f0e160185acdb2986f0486e9b4f6ec","core/src/main/java/org/elasticsearch/action/admin/cluster/repositories/put/PutRepositoryRequest.java","8","0","14","4","116","235","0"
"elasticsearch","292dd8f992e101f9bffcd58c6c60a24ccbfec746","core/src/main/java/org/elasticsearch/action/admin/cluster/repositories/put/PutRepositoryRequest.java","8","0","14","4","118","237","1"
"elasticsearch","1d00fe31293ec7e6f7aeb6e067a26c3de1544ad3","core/src/main/java/org/elasticsearch/cluster/routing/allocation/RoutingAllocation.java","8","0","15","8","122","250","1"
"hazelcast","6aba33ee5d757172927ac84b505f40b8df54a879","hazelcast/src/main/java/com/hazelcast/util/QuickMath.java","8","0","16","1","91","243","0"
"elasticsearch","39d38e513d2c185204624c95f62ccd2c79c98709","core/src/main/java/org/elasticsearch/common/bytes/BytesReference.java","8","0","16","3","74","174","1"
"elasticsearch","42a7a554b1d279f102a2e0842279bd927bb8e711","core/src/main/java/org/elasticsearch/cluster/routing/allocation/RoutingAllocation.java","8","0","16","9","143","280","1"
"elasticsearch","075047065d5dd692d0a74f6ca70e796880f84df1","core/src/main/java/org/elasticsearch/cluster/routing/allocation/RoutingAllocation.java","8","0","17","10","153","295","0"
"elasticsearch","08f8731b6fa4665d5c74673b8e7b64ba2cfd0304","src/main/java/org/elasticsearch/common/bytes/BytesReference.java","8","0","17","3","66","166","0"
"elasticsearch","15fbbd43ce74c211f6878aee9fd24d872fed2815","src/main/java/org/elasticsearch/action/delete/DeleteRequest.java","8","0","18","10","166","291","0"
"elasticsearch","4a6f3c78408c316d9f6f212d2664adda13c54a44","core/src/main/java/org/elasticsearch/cluster/routing/allocation/RoutingAllocation.java","8","0","18","8","134","277","0"
"elasticsearch","f4adff652caa2725d0f7b21e32055827ee3b375a","modules/elasticsearch/src/main/java/org/elasticsearch/action/delete/DeleteRequest.java","8","0","18","9","145","270","0"
"elasticsearch","81a6940ad3ae94bfa027055b3a2ee044b46bbc80","src/main/java/org/elasticsearch/action/delete/DeleteRequest.java","8","0","18","9","157","281","1"
"elasticsearch","31b0777c911a87b7ebae0efd7d5b14d1e06f3879","core/src/main/java/org/elasticsearch/cluster/routing/allocation/RoutingAllocation.java","8","0","19","10","152","306","0"
"elasticsearch","371c73e14023917f3892090d2d3d7ff9ac1216b9","core/src/main/java/org/elasticsearch/cluster/routing/allocation/RoutingAllocation.java","8","0","19","10","154","309","3"
"elasticsearch","78574d248cf10dad1c5a566fda79e1e0c94afe43","core/src/main/java/org/elasticsearch/cluster/routing/allocation/RoutingAllocation.java","8","0","19","10","154","309","2"
"elasticsearch","e6aaaf11ed4a1b8f595f920de1840938eddb7a97","core/src/main/java/org/elasticsearch/cluster/routing/allocation/RoutingAllocation.java","8","0","19","10","154","309","2"
"elasticsearch","a60b8948ba1d836a6eac7cff095519e618939ed8","core/src/main/java/org/elasticsearch/cluster/routing/allocation/RoutingAllocation.java","8","0","19","10","154","309","0"
"MapDB","2f8711e37147e9e9f2362361077e5aa68a091bad","src/main/java/org/mapdb/Engine.java","8","0","19","57","357","736","0"
"elasticsearch","6e566cdf6cab837bdbdb5300ca85038fba1488c1","core/src/main/java/org/elasticsearch/cluster/routing/allocation/RoutingAllocation.java","8","0","19","8","140","289","1"
"BroadleafCommerce","c648eca7d16c18a9cd5d5ef40971942a691bf230","core/broadleaf-framework-web/src/main/java/org/broadleafcommerce/core/web/order/CartStateRefresher.java","8","0","2","0","31","72","0"
"BroadleafCommerce","049f56e648631a402b368935470684cb44f61bf0","common/src/main/java/org/broadleafcommerce/common/util/UpdateExecutor.java","8","0","2","0","63","140","0"
"orientdb","43680c5a3dc4b14db5e7039876bd30c6c2b07bb5","core/src/main/java/com/orientechnologies/orient/core/engine/OMemoryAndLocalPaginatedEnginesInitializer.java","8","0","2","0","69","123","1"
"orientdb","23176dc34a7e7079a01b87f9c77bf1bfa356bd50","core/src/main/java/com/orientechnologies/orient/core/engine/OMemoryAndLocalPaginatedEnginesInitializer.java","8","0","2","0","70","125","0"
"orientdb","6a6182db0e6520aae293a0f021bd7843a25b8208","core/src/main/java/com/orientechnologies/orient/core/engine/OMemoryAndLocalPaginatedEnginesInitializer.java","8","0","2","0","70","125","0"
"orientdb","0d4f28534ef36cda6d883170883ca892ae57dec8","core/src/main/java/com/orientechnologies/orient/core/engine/OMemoryAndLocalPaginatedEnginesInitializer.java","8","0","2","0","70","125","1"
"elasticsearch","5828796848674b656807406947f050626035845a","core/src/main/java/org/elasticsearch/index/shard/IndexSearcherWrapper.java","8","0","2","0","78","147","0"
"netty","ed9527ba41bca660d96b62a6a42470efab50b5a5","codec-http/src/main/java/io/netty/handler/codec/spdy/SpdyOrHttpChooser.java","8","0","2","0","80","146","0"
"elasticsearch","3de8cbb54c091d2f39722cc45827510328824e2c","core/src/main/java/org/elasticsearch/action/support/TransportActions.java","8","0","2","1","28","57","0"
"elasticsearch","ac2e0fd6a07060cebe6046f0ffd7d4dbd412de50","core/src/main/java/org/elasticsearch/index/shard/ShardUtils.java","8","0","2","1","48","88","0"
"netty","cd0b5ec2db593d45c96bd6b55b0024042534af04","codec/src/main/java/io/netty/handler/codec/marshalling/CompatibleMarshallingDecoder.java","8","0","2","1","63","109","1"
"netty","af4b71a00e30faf86ef1c2365e965e8f04f65bee","codec/src/main/java/io/netty/handler/codec/marshalling/CompatibleMarshallingDecoder.java","8","0","2","1","64","110","0"
"elasticsearch","78574d248cf10dad1c5a566fda79e1e0c94afe43","core/src/main/java/org/elasticsearch/cli/Command.java","8","0","2","1","64","117","1"
"elasticsearch","e6aaaf11ed4a1b8f595f920de1840938eddb7a97","core/src/main/java/org/elasticsearch/cli/Command.java","8","0","2","1","64","117","1"
"elasticsearch","a60b8948ba1d836a6eac7cff095519e618939ed8","core/src/main/java/org/elasticsearch/cli/Command.java","8","0","2","1","64","117","0"
"netty","0b175867315f63154a734dcb8520166f4e9b9702","codec-http/src/main/java/io/netty/handler/codec/spdy/SpdyOrHttpChooser.java","8","0","2","1","79","146","0"
"orientdb","ed043179acd6afe524fb266433ca10d74c768c2e","graphdb/src/test/java/com/tinkerpop/blueprints/impls/orient/OrientGraphNoTxTest.java","8","0","2","10","113","141","1"
"neo4j","133d6692a100c17152d9cf1a8e3d9bb40a40e9ef","enterprise/core-edge/src/main/java/org/neo4j/coreedge/raft/state/CoreState.java","8","0","2","10","184","271","2"
"elasticsearch","4185566e9344091a3ddad4090435fc3609fab208","src/main/java/org/elasticsearch/index/query/TemplateQueryParser.java","8","0","2","11","107","165","2"
"elasticsearch","55e9f169c3c5179591f758fb99b6450daabefc19","src/main/java/org/elasticsearch/discovery/zen/membership/MembershipAction.java","8","0","2","12","209","297","2"
"elasticsearch","852a1103f38ea96d83f7cbae7cd8b8ce5705a53a","src/main/java/org/elasticsearch/discovery/zen/membership/MembershipAction.java","8","0","2","12","209","299","0"
"antlr4","29c2712ae1eee9575324db48c2f72c7cb0d28308","tool/test/org/antlr/v4/test/tool/TestATNParserPrediction.java","8","0","2","12","422","532","0"
"hazelcast","9af6389d7a3ab6bd5e3cb3ded4a094034874133a","hazelcast/src/main/java/com/hazelcast/internal/dynamicconfig/AggregatingMap.java","8","0","2","12","92","144","0"
"hazelcast","bb1d17f0994af412631b960bc0c96c29a565b0d7","hazelcast/src/test/java/com/hazelcast/internal/nearcache/AbstractNearCachePreloaderTest.java","8","0","2","14","254","377","0"
"netty","4570f30dd9f9a4dbc17dd58347b4a6d2c343f17a","codec-http2/src/test/java/io/netty/handler/codec/http2/StreamBufferingEncoderTest.java","8","0","2","14","321","436","1"
"neo4j","b070962e9b00726d50df951106225fa252b7efeb","community/kernel/src/main/java/org/neo4j/kernel/impl/api/KernelStatement.java","8","0","2","15","186","260","1"
"neo4j","7723d89e6d1d951e8923fb102da0228db2e4e8f9","community/kernel/src/main/java/org/neo4j/kernel/impl/api/KernelStatement.java","8","0","2","15","188","262","2"
"neo4j","4f04ee08438d4e1c99095d9d8a9f2ec223af89a9","community/kernel/src/main/java/org/neo4j/kernel/impl/api/KernelStatement.java","8","0","2","16","190","264","1"
"elasticsearch","3aed047bdedde1bda189cbfc2f81e65af42e57c5","core/src/main/java/org/elasticsearch/search/aggregations/bucket/significant/heuristics/ScriptHeuristic.java","8","0","2","17","141","201","1"
"elasticsearch","284a35131cd6a96baba14b31c827e5f6dab7b4ad","modules/elasticsearch/src/main/java/org/elasticsearch/search/internal/InternalSearchRequest.java","8","0","2","19","129","206","0"
"neo4j","8066343b1fb2eb6ea3b5e0ab8770458d6bfd1b79","community/kernel/src/main/java/org/neo4j/kernel/impl/coreapi/PropertyContainerLocker.java","8","0","2","2","127","167","0"
"elasticsearch","371c73e14023917f3892090d2d3d7ff9ac1216b9","core/src/main/java/org/elasticsearch/action/ActionModule.java","8","0","2","2","318","375","3"
"elasticsearch","78574d248cf10dad1c5a566fda79e1e0c94afe43","core/src/main/java/org/elasticsearch/action/ActionModule.java","8","0","2","2","318","375","2"
"elasticsearch","e6aaaf11ed4a1b8f595f920de1840938eddb7a97","core/src/main/java/org/elasticsearch/action/ActionModule.java","8","0","2","2","318","375","2"
"elasticsearch","a60b8948ba1d836a6eac7cff095519e618939ed8","core/src/main/java/org/elasticsearch/action/ActionModule.java","8","0","2","2","318","375","0"
"elasticsearch","2bd09c4625898d77aa6c015c6f82cf973ed18cb7","core/src/main/java/org/elasticsearch/action/ActionModule.java","8","0","2","2","319","376","0"
"elasticsearch","9738ef3a90bec148abbe55dec6f6183190fa4713","core/src/main/java/org/elasticsearch/action/ActionModule.java","8","0","2","2","319","376","0"
"elasticsearch","3d13c27fa0df12018f35f1b20987c90277e9b6f9","core/src/main/java/org/elasticsearch/action/ActionModule.java","8","0","2","2","319","376","1"
"elasticsearch","c5a290550ff69ba228095fa5d5ccae8c2325c33b","core/src/main/java/org/elasticsearch/action/ActionModule.java","8","0","2","2","333","390","1"
"hazelcast","b3a45d9908bab4174b09d59385a02ff3ed7eada1","hazelcast/src/main/java/com/hazelcast/internal/eviction/impl/evaluator/EvictionPolicyEvaluator.java","8","0","2","2","50","93","1"
"hazelcast","2bc1b2f6482abbd5a624cd21d23526de66133199","hazelcast-client/src/main/java/com/hazelcast/client/spi/impl/AwsAddressTranslator.java","8","0","2","2","57","80","2"
"hazelcast","33230783669861ee1e980b93e3d2f07d8f5b75e5","hazelcast-client/src/main/java/com/hazelcast/client/spi/impl/AwsAddressTranslator.java","8","0","2","2","57","80","1"
"hazelcast","c0edf6f18f95d9b036a0ee48452ea49876e700dd","hazelcast-client/src/main/java/com/hazelcast/client/spi/impl/AwsAddressTranslator.java","8","0","2","2","57","80","2"
"hazelcast","c38b3d19861ebc251cbdd139a4f3223290ea515a","hazelcast-client/src/main/java/com/hazelcast/client/spi/impl/AwsAddressTranslator.java","8","0","2","2","57","80","0"
"hazelcast","729d582228ee7941ac6cb770da6f0ffb05770a8a","hazelcast-client/src/main/java/com/hazelcast/client/spi/impl/AwsAddressTranslator.java","8","0","2","2","58","97","1"
"hazelcast","38b6d2efa37eed04696a9012f5d98b8ff81eb462","hazelcast-client/src/main/java/com/hazelcast/client/spi/impl/AwsAddressTranslator.java","8","0","2","2","60","100","0"
"elasticsearch","e9687622bd41b4390c5ace5c8fe20dafbd0cb194","core/src/main/java/org/elasticsearch/cli/Command.java","8","0","2","2","84","163","1"
"oryx","0c1bfe9ae796c2d7138b2f6b7f2d9de2f60dc015","app/oryx-app-serving/src/main/java/com/cloudera/oryx/app/serving/rdf/model/RDFServingModelManager.java","8","0","2","2","87","132","0"
"oryx","518dc444be616e55a8aeb1bd047aaa411ae3281a","app/oryx-app-serving/src/main/java/com/cloudera/oryx/app/serving/rdf/model/RDFServingModelManager.java","8","0","2","2","90","135","0"
"elasticsearch","fab44398d9d48f12319bc018d4b436f723b6508e","core/src/main/java/org/elasticsearch/action/admin/indices/analyze/AnalyzeRequest.java","8","0","2","20","125","186","0"
"elasticsearch","6174e21f47244b6d5153d7d0cc1fe28fe863399d","core/src/main/java/org/elasticsearch/search/aggregations/bucket/significant/heuristics/ScriptHeuristic.java","8","0","2","20","157","222","2"
"neo4j","01b8004f6728da75183eae7588ebc532d8257324","enterprise/com/src/main/java/org/neo4j/com/storecopy/StoreCopyClient.java","8","0","2","22","271","380","1"
"elasticsearch","bf40ca660995c3fe323dde2809dbed05ae485093","src/main/java/org/elasticsearch/script/javascript/JavaScriptScriptEngineService.java","8","0","2","29","223","302","2"
"neo4j","99aff5416eec27b7ed42457d4841cc448ad28c93","enterprise/core-edge/src/main/java/org/neo4j/coreedge/catchup/tx/BatchingTxApplier.java","8","0","2","3","117","170","0"
"neo4j","c77e579b40b0208720d51c5db0a07cb433249447","enterprise/core-edge/src/main/java/org/neo4j/coreedge/catchup/tx/BatchingTxApplier.java","8","0","2","3","118","171","1"
"elasticsearch","86cb76a0ce8ecb1532cde94a0164f8fa41dbc96b","src/main/java/org/elasticsearch/action/count/CountResponse.java","8","0","2","3","49","87","0"
"netty","5b68f0038273461592fd65cde077254f3bdbeeab","codec/src/main/java/io/netty/handler/codec/marshalling/CompatibleMarshallingDecoder.java","8","0","2","3","63","109","0"
"hazelcast","a307b7929d169054db70b9dce648d8ade5b84851","hazelcast-jclouds/src/main/java/com/hazelcast/jclouds/JCloudsDiscoveryStrategy.java","8","0","2","3","69","107","1"
"BroadleafCommerce","9b556e9914c84a41ae10f07813ea46a5d2023f27","core/broadleaf-framework-web/src/main/java/org/broadleafcommerce/core/web/order/SessionOrderLockManager.java","8","0","2","3","72","122","0"
"elasticsearch","13a347239a48d71486692a72c066e940dec8921b","core/src/main/java/org/elasticsearch/script/ScriptModule.java","8","0","2","3","73","121","2"
"netty","3f72add89a41b3d94309bccb0d253515c0543b65","transport/src/main/java/io/netty/channel/ChannelInboundMessageHandlerAdapter.java","8","0","2","3","73","168","0"
"oryx","3b0fc229b3818b52dda4b6b863f9bca5dcfc4d86","app/oryx-app-serving/src/main/java/com/cloudera/oryx/app/serving/rdf/model/RDFServingModelManager.java","8","0","2","3","90","137","0"
"oryx","fddb336ac30ea3fb0bde91c61ef043f523d7d9fe","app/oryx-app-serving/src/main/java/com/cloudera/oryx/app/serving/rdf/model/RDFServingModelManager.java","8","0","2","3","93","139","0"
"elasticsearch","74178141544e94931a3a0c1c2577347c838ef0fb","src/main/java/org/elasticsearch/script/javascript/JavaScriptScriptEngineService.java","8","0","2","30","223","304","0"
"netty","ab925abc7db806ead57f8d9ea50ff322ce2ff891","codec-http2/src/test/java/io/netty/handler/codec/http2/DefaultHttp2ConnectionTest.java","8","0","2","35","953","1211","0"
"netty","227e67900e35f0d01fbf3f4aca86877aefa52d79","codec-http2/src/test/java/io/netty/handler/codec/http2/DefaultHttp2ConnectionTest.java","8","0","2","35","955","1213","1"
"netty","8ba4b63cb639e1cf4786d7c8229b3f04b6a7d649","codec-http2/src/test/java/io/netty/handler/codec/http2/DefaultHttp2ConnectionTest.java","8","0","2","36","923","1184","1"
"netty","26a7a5ec25fe81fae38f557e6b44bf9c3ea91fea","codec-http2/src/test/java/io/netty/handler/codec/http2/DefaultHttp2ConnectionTest.java","8","0","2","36","957","1216","1"
"netty","8cd259896e313e7537c26e1f41242d0b21dff8c1","codec-http2/src/test/java/io/netty/handler/codec/http2/DefaultHttp2ConnectionTest.java","8","0","2","36","967","1228","0"
"junit","a29f45a3be64caa53feee6f6cc4d70cc43542362","src/test/java/org/junit/tests/experimental/AssumptionTest.java","8","0","2","37","239","294","0"
"orientdb","43893b99e64b60623c4ebfb7e9bf358d5d875262","core/src/main/java/com/orientechnologies/orient/core/sql/query/OSQLNonBlockingQuery.java","8","0","2","38","212","293","1"
"hazelcast","07cd42d5481bc8e9bdc882070746ca7ad10d015b","hazelcast-client/src/main/java/com/hazelcast/client/cache/impl/HazelcastClientCacheManager.java","8","0","2","4","121","182","1"
"hazelcast","eca7cec5e3af5e7098dc27a62dea257e072f417d","hazelcast-client/src/main/java/com/hazelcast/client/cache/impl/HazelcastClientCacheManager.java","8","0","2","4","122","183","0"
"neo4j","54a7ee7b102c6b896fb1672cd348f1f05afd22a0","enterprise/core-edge/src/main/java/org/neo4j/coreedge/catchup/tx/BatchingTxApplier.java","8","0","2","4","123","177","0"
"hazelcast","d568e4d926d925d57d4e79e34614390416749301","hazelcast-client/src/main/java/com/hazelcast/client/cache/impl/HazelcastClientCacheManager.java","8","0","2","4","125","185","0"
"elasticsearch","01ea89acbf76749186bc1c6173c3a5bc1137dbec","core/src/main/java/org/elasticsearch/common/lucene/search/function/FieldValueFactorFunction.java","8","0","2","4","129","171","1"
"hazelcast","a65cac7cdaf9c4c2b8fe1a1eb42e1ee358d75265","hazelcast/src/main/java/com/hazelcast/map/impl/querycache/subscriber/QueryCacheEndToEndProvider.java","8","0","2","4","74","111","0"
"oryx","92bff167832b0389e135a60e46f1284c34744e3c","app/oryx-app-serving/src/main/java/com/cloudera/oryx/app/serving/rdf/model/RDFServingModelManager.java","8","0","2","4","98","146","0"
"hazelcast","ecaaec40f356936a3252c08a2bf6f4180fd3c81b","hazelcast-client/src/main/java/com/hazelcast/client/config/ClientConfig.java","8","0","2","42","217","377","0"
"netty","fc1429c00c6a365e37363091a3ee14291bb8f010","handler/src/test/java/io/netty/handler/stream/ChunkedWriteHandlerTest.java","8","0","2","5","155","214","1"
"netty","ca29be5e77ef7999b2707cf5d4f32d5e306d568b","handler/src/test/java/io/netty/handler/stream/ChunkedWriteHandlerTest.java","8","0","2","5","171","234","0"
"netty","2adebc4c54ae98565db8e2a3c02b2ffaa0c101fe","transport/src/main/java/io/netty/channel/ChannelInboundMessageHandlerAdapter.java","8","0","2","5","58","104","1"
"BroadleafCommerce","a3c7e3f0254d4ed991648bc8e23973dad1c378f9","core/broadleaf-profile-web/src/main/java/org/broadleafcommerce/profile/web/controller/validator/RegisterCustomerValidator.java","8","0","2","5","60","134","1"
"elasticsearch","5668b1cfc579e5e05f2bb50d78bcdebd75da1ecb","src/main/java/org/elasticsearch/common/io/FileChannelInputStream.java","8","0","2","5","65","110","1"
"elasticsearch","cb0824e957dcb7a20e8450f97283874eb61b9abe","core/src/test/java/org/elasticsearch/action/admin/cluster/node/tasks/TestTaskPlugin.java","8","0","2","51","360","479","0"
"elasticsearch","2fb4a0d40cbb96cd642c8b332806aca3b17c6aec","core/src/test/java/org/elasticsearch/action/admin/cluster/node/tasks/TestTaskPlugin.java","8","0","2","51","365","485","1"
"elasticsearch","d1be2ecfdb0910f1c365ec3d51958a4434b33eb9","core/src/test/java/org/elasticsearch/action/admin/cluster/node/tasks/TestTaskPlugin.java","8","0","2","51","366","485","0"
"elasticsearch","7037670aeb3625a26ac76c4737012a04dee16aeb","core/src/test/java/org/elasticsearch/search/aggregations/bucket/FilterIT.java","8","0","2","6","148","201","1"
"elasticsearch","0806190d1a00e7aee913a88d04318b1f5e734adc","core/src/test/java/org/elasticsearch/search/aggregations/bucket/FilterIT.java","8","0","2","6","150","203","0"
"netty","81e2db10faaf0389f4e1af8c7132210946203157","transport/src/main/java/io/netty/channel/ChannelInboundMessageHandlerAdapter.java","8","0","2","6","62","110","0"
"BroadleafCommerce","1e8b29ba6d27d72811406cce7db53ed3fa903475","core/broadleaf-framework-web/src/main/java/org/broadleafcommerce/core/web/expression/checkout/CheckoutFormVariableExpression.java","8","0","2","6","65","109","0"
"elasticsearch","65a5366cba354c908e1f3da351692cd298ddb1c7","core/src/test/java/org/elasticsearch/search/aggregations/bucket/FilterIT.java","8","0","2","7","157","213","0"
"elasticsearch","562c3744cab91aa083cb645c67ef57ebb20c8661","core/src/main/java/org/elasticsearch/common/lucene/search/function/FieldValueFactorFunction.java","8","0","2","8","158","207","0"
"titan","996dd26106e7310f2a8681591e7b86596f690532","titan-core/src/main/java/com/thinkaurelius/titan/diskstorage/keycolumnvalue/KeySliceQuery.java","8","0","2","9","54","78","0"
"hazelcast","00e52fa5320b0c1c2c40e7a39d7dcc3a34ba2e3a","hazelcast/src/main/java/com/hazelcast/query/impl/Indexes.java","8","0","2","9","77","116","0"
"mcMMO","e5e19f77b98676900d92327c43a50fa63c250959","src/main/java/com/gmail/nossr50/config/Config.java","8","0","28","200","307","416","0"
"BroadleafCommerce","69210a32ed73de6f9cc002c897cc8c24c840fb1b","core/broadleaf-framework-web/src/main/java/org/broadleafcommerce/core/web/controller/account/BroadleafSocialRegisterController.java","8","0","3","0","57","100","1"
"netty","0b11fb2eadb7a44cbef26d4972f9070015b3da38","codec/src/test/java/io/netty/handler/codec/ReplayingDecoderBufferTest.java","8","0","3","1","62","100","0"
"netty","220e4e886f0e82f06140a225b5fe162998b9a44d","codec/src/test/java/io/netty/handler/codec/ReplayingDecoderBufferTest.java","8","0","3","1","62","100","0"
"netty","f75ba72aeb4f21f5f39215c0900b261b9f22a9fa","codec/src/test/java/io/netty/handler/codec/ReplayingDecoderBufferTest.java","8","0","3","1","62","100","1"
"hazelcast","5db7aa06e1d767b3fb3d2b9867fb59312294d34c","hazelcast/src/test/java/com/hazelcast/nio/serialization/SerializationTest.java","8","0","3","10","236","315","2"
"hazelcast","e70588833ba9faf0a35ea2d92b79db49f36ac3a0","hazelcast/src/test/java/com/hazelcast/nio/serialization/SerializationTest.java","8","0","3","10","238","317","1"
"netty","e6ca9882a107c34cf6358c8d7a68561025f06016","codec-http/src/main/java/io/netty/handler/codec/http/DefaultHttpRequest.java","8","0","3","10","81","130","1"
"BroadleafCommerce","8742ec4d9ebd3eeff1297f2a25f7c52521073224","core/broadleaf-framework/src/main/java/org/broadleafcommerce/core/offer/service/discount/domain/PromotableOrderAdjustmentImpl.java","8","0","3","10","84","151","0"
"BroadleafCommerce","188a31ed12b933e8d4c2387911c8c710d6526a8d","core/broadleaf-framework/src/main/java/org/broadleafcommerce/core/offer/service/discount/domain/PromotableOrderAdjustmentImpl.java","8","0","3","10","85","152","0"
"oryx","0c6bf96eb475361ed45c4d7e54a970819e33802a","framework/oryx-common/src/test/java/com/cloudera/oryx/common/OryxTest.java","8","0","3","11","109","170","0"
"elasticsearch","128f0276d95bca2eb9355eb6650668cd89ef86fe","core/src/test/java/org/elasticsearch/index/mapper/string/SimpleStringMappingTests.java","8","0","3","13","557","681","3"
"hazelcast","7d56df9fc47a8cb24c7659c161cb4e48adcb9835","hazelcast/src/test/java/com/hazelcast/nio/serialization/SerializationTest.java","8","0","3","18","238","323","1"
"hazelcast","02f9bd52035dad6991901e12673ec1caf776f8ed","hazelcast/src/main/java/com/hazelcast/util/collection/ArrayUtils.java","8","0","3","2","40","86","1"
"Android-Universal-Image-Loader","0d2ab7081e55b98db38744b1919eff43de6e6c55","library/src/com/nostra13/universalimageloader/core/assist/PauseOnScrollListener.java","8","0","3","2","46","78","1"
"Android-Universal-Image-Loader","861ddfe6fc1e8db349bc90fa10a94370daf8076d","library/src/com/nostra13/universalimageloader/core/assist/PauseOnScrollListener.java","8","0","3","2","48","83","0"
"elasticsearch","371c73e14023917f3892090d2d3d7ff9ac1216b9","core/src/main/java/org/elasticsearch/script/ClassPermission.java","8","0","3","2","81","172","3"
"elasticsearch","78574d248cf10dad1c5a566fda79e1e0c94afe43","core/src/main/java/org/elasticsearch/script/ClassPermission.java","8","0","3","2","81","172","2"
"elasticsearch","e6aaaf11ed4a1b8f595f920de1840938eddb7a97","core/src/main/java/org/elasticsearch/script/ClassPermission.java","8","0","3","2","81","172","2"
"elasticsearch","a60b8948ba1d836a6eac7cff095519e618939ed8","core/src/main/java/org/elasticsearch/script/ClassPermission.java","8","0","3","2","81","172","0"
"hazelcast","58ee08ae4f1eccb6124e2880fa5a8f6d708e89ce","hazelcast/src/test/java/com/hazelcast/nio/serialization/SerializationTest.java","8","0","3","20","278","373","0"
"elasticsearch","0d3895533c004cf40d75226efd62ec833981741a","src/main/java/org/elasticsearch/action/explain/ExplainRequest.java","8","0","3","21","156","220","1"
"hazelcast","af327cc8d11f71d84b4501d5cb3759703ed4379d","hazelcast/src/test/java/com/hazelcast/nio/serialization/SerializationTest.java","8","0","3","3","128","186","0"
"hazelcast","b7615d8d468561afbeee653b44697d033affd617","hazelcast/src/main/java/com/hazelcast/internal/networking/spinning/SpinningChannelReader.java","8","0","3","3","81","117","1"
"elasticsearch","371c73e14023917f3892090d2d3d7ff9ac1216b9","core/src/main/java/org/elasticsearch/cluster/routing/allocation/command/AllocateReplicaAllocationCommand.java","8","0","3","3","90","140","3"
"elasticsearch","78574d248cf10dad1c5a566fda79e1e0c94afe43","core/src/main/java/org/elasticsearch/cluster/routing/allocation/command/AllocateReplicaAllocationCommand.java","8","0","3","3","90","140","2"
"elasticsearch","e6aaaf11ed4a1b8f595f920de1840938eddb7a97","core/src/main/java/org/elasticsearch/cluster/routing/allocation/command/AllocateReplicaAllocationCommand.java","8","0","3","3","90","140","2"
"elasticsearch","a60b8948ba1d836a6eac7cff095519e618939ed8","core/src/main/java/org/elasticsearch/cluster/routing/allocation/command/AllocateReplicaAllocationCommand.java","8","0","3","3","90","140","0"
"MapDB","47c4f06186a05fdc9c66523857e7c54a87719ff5","src/main/java/org/mapdb/EngineWrapper.java","8","0","3","32","189","290","1"
"MapDB","151f856bdfd4d74e464459994ceb84e1daa61aba","src/main/java/org/mapdb/EngineWrapper.java","8","0","3","33","193","295","0"
"hazelcast","dcdf838c95407da279237d92588a7a4f691c6fce","hazelcast-client/src/main/java/com/hazelcast/client/config/ClientConfig.java","8","0","3","34","193","336","1"
"hazelcast","70d4de16ff0ac4518d09aad8c9f2ad9e782fb337","hazelcast/src/main/java/com/hazelcast/spi/impl/NodeEngineImpl.java","8","0","3","38","300","389","2"
"hazelcast","68ac54c009c70da7083927cafd75757f738ff4e1","hazelcast/src/main/java/com/hazelcast/spi/impl/NodeEngineImpl.java","8","0","3","39","343","439","1"
"hazelcast","14b50ee3d45383c42d2a818c1ffd5f13edd7dbed","hazelcast/src/main/java/com/hazelcast/spi/impl/NodeEngineImpl.java","8","0","3","39","344","440","0"
"elasticsearch","046abdc281c321cd2128ee7684c0edfcaca07203","core/src/test/java/org/elasticsearch/search/aggregations/bucket/histogram/ExtendedBoundsTests.java","8","0","3","4","111","162","4"
"elasticsearch","a01475a20b8a5b14da67c9979cdd953aefcc7598","core/src/test/java/org/elasticsearch/search/aggregations/bucket/histogram/ExtendedBoundsTests.java","8","0","3","4","112","163","1"
"elasticsearch","3aed047bdedde1bda189cbfc2f81e65af42e57c5","core/src/test/java/org/elasticsearch/search/aggregations/bucket/histogram/ExtendedBoundsTests.java","8","0","3","4","125","180","0"
"elasticsearch","371c73e14023917f3892090d2d3d7ff9ac1216b9","core/src/main/java/org/elasticsearch/search/aggregations/bucket/nested/ReverseNestedAggregationBuilder.java","8","0","3","4","93","142","4"
"elasticsearch","94bc489275d4462a8b2520f6d3ef4f70dc1d6e99","core/src/main/java/org/elasticsearch/search/aggregations/bucket/nested/ReverseNestedAggregationBuilder.java","8","0","3","4","95","144","1"
"netty","a74149e9848fef73d909dd56843e0fbab23f877d","buffer/src/test/java/io/netty/buffer/AbstractCompositeByteBufTest.java","8","0","3","40","585","780","0"
"netty","9125060752f5124949e55a6868647c75f88cdb01","handler/src/main/java/io/netty/handler/ssl/JdkSslContext.java","8","0","3","5","126","179","0"
"hazelcast","8480908ac8b3bd3ef24f2fe04e87f7e674fcf531","hazelcast/src/test/java/com/hazelcast/nio/serialization/SerializationTest.java","8","0","3","5","154","214","0"
"hazelcast","74d6f72756601ada8fcd5b952384223dac5d5b25","hazelcast/src/test/java/com/hazelcast/multimap/MultiMapTest.java","8","0","3","5","269","352","2"
"hazelcast","987927623458f51f4fca6f83400d8a9cbf2c7b81","hazelcast/src/test/java/com/hazelcast/multimap/MultiMapTest.java","8","0","3","5","274","359","0"
"elasticsearch","371c73e14023917f3892090d2d3d7ff9ac1216b9","core/src/main/java/org/elasticsearch/cluster/routing/allocation/command/AllocateEmptyPrimaryAllocationCommand.java","8","0","3","6","84","136","3"
"elasticsearch","6e566cdf6cab837bdbdb5300ca85038fba1488c1","core/src/main/java/org/elasticsearch/cluster/routing/allocation/command/AllocateEmptyPrimaryAllocationCommand.java","8","0","3","6","84","136","1"
"elasticsearch","31b0777c911a87b7ebae0efd7d5b14d1e06f3879","core/src/main/java/org/elasticsearch/cluster/routing/allocation/command/AllocateEmptyPrimaryAllocationCommand.java","8","0","3","6","84","136","0"
"hazelcast","3845f3a3400be23715370142b60c0a2ee0e0c5c2","hazelcast/src/main/java/com/hazelcast/query/impl/Indexes.java","8","0","3","9","89","137","1"
"netty","9125060752f5124949e55a6868647c75f88cdb01","handler/src/main/java/io/netty/handler/ssl/SslContext.java","8","0","30","0","135","464","0"
"hazelcast","2a8c619aa2ef11dc8700117a562e641cbc6d0e59","hazelcast-client/src/main/java/com/hazelcast/client/config/ClientNetworkConfig.java","8","0","30","0","151","370","1"
"hazelcast","c505bd050adca2b137d39f458734fbb250eb021c","hazelcast/src/main/java/com/hazelcast/config/NearCacheConfig.java","8","0","30","10","260","598","0"
"mcMMO","4284fe1029e62bff2e39408a804c5c344fdb459d","src/main/java/com/gmail/nossr50/config/Config.java","8","0","30","207","316","432","0"
"elasticsearch","78574d248cf10dad1c5a566fda79e1e0c94afe43","core/src/main/java/org/apache/lucene/document/XInetAddressPoint.java","8","0","4","0","62","118","1"
"elasticsearch","e6aaaf11ed4a1b8f595f920de1840938eddb7a97","core/src/main/java/org/apache/lucene/document/XInetAddressPoint.java","8","0","4","0","62","118","1"
"elasticsearch","a60b8948ba1d836a6eac7cff095519e618939ed8","core/src/main/java/org/apache/lucene/document/XInetAddressPoint.java","8","0","4","0","62","118","0"
"hazelcast","565257f977407eb3a0199d082860209c2958f5f9","hazelcast/src/main/java/com/hazelcast/util/DebugUtil.java","8","0","4","0","63","100","1"
"hazelcast","564167c1f93b32ce742411106e9ae67eae88a801","hazelcast/src/main/java/com/hazelcast/util/DebugUtil.java","8","0","4","0","64","101","0"
"elasticsearch","c98e3f60f78fb47ae7482d96952f2dbabd1d6d49","plugins/repository-s3/src/main/java/org/elasticsearch/repositories/s3/S3Repository.java","8","0","4","1","149","350","0"
"elasticsearch","bbf6e6d0bda66a63a8310e4c10852c1788b8000a","plugins/repository-s3/src/main/java/org/elasticsearch/repositories/s3/S3Repository.java","8","0","4","1","150","351","0"
"elasticsearch","f33d103e76a84fb07aca1bc9c83768efb736c851","plugins/repository-s3/src/main/java/org/elasticsearch/repositories/s3/S3Repository.java","8","0","4","1","152","354","1"
"Android-Universal-Image-Loader","56f4df896682733c9979b348e46ba77494851304","library/src/com/nostra13/universalimageloader/core/display/FadeInBitmapDisplayer.java","8","0","4","1","42","89","0"
"elasticsearch","0189a65e6bfc623813c6c088d19a0509fbeb64da","core/src/main/java/org/elasticsearch/index/refresh/RefreshStats.java","8","0","4","10","86","141","1"
"hazelcast","d831651dd5814c8074c8b4727184701986f16039","hazelcast/src/test/java/com/hazelcast/multimap/MultiMapTest.java","8","0","4","15","372","485","1"
"hazelcast","cb69ad55ae896c06a493a334c67c2a2b0451a444","hazelcast/src/test/java/com/hazelcast/multimap/MultiMapTest.java","8","0","4","16","382","499","3"
"hazelcast","fc4c1565c729a7721d8816332b7fd4a254fc1433","hazelcast/src/test/java/com/hazelcast/multimap/MultiMapTest.java","8","0","4","16","382","499","3"
"hazelcast","10773b4cd855bdfd84ea80d22b8ed3c977459444","hazelcast/src/test/java/com/hazelcast/multimap/MultiMapTest.java","8","0","4","16","382","499","0"
"hazelcast","86f6e106a1152a2f5d110436d07b41ff8a06a1f9","hazelcast/src/test/java/com/hazelcast/cluster/MemberListTest.java","8","0","4","2","238","338","0"
"hazelcast","1c3dd8c96a86869b2914bd7810ba433ed1482921","hazelcast/src/main/java/com/hazelcast/util/collection/ArrayUtils.java","8","0","4","2","44","98","0"
"netty","8271c8afccf7eb21bf6f994b5f3565f6d55bdee4","codec-dns/src/main/java/io/netty/handler/codec/dns/DnsEntry.java","8","0","4","3","55","97","0"
"netty","fc1429c00c6a365e37363091a3ee14291bb8f010","handler/src/main/java/io/netty/handler/stream/ChunkedStream.java","8","0","4","3","71","124","1"
"netty","573b54a93d45553e1726bcab54f0e325ae9f0bde","common/src/main/java/io/netty/util/UniqueName.java","8","0","4","4","57","118","1"
"elasticsearch","4b94eb5cb8cc4294ed0e932a5f22c16bd90d4dd7","core/src/main/java/org/elasticsearch/action/admin/cluster/snapshots/status/SnapshotIndexShardStatus.java","8","0","4","5","102","155","2"
"elasticsearch","860efb2ad28db09189c8423e05d0dba53010259c","core/src/main/java/org/elasticsearch/action/admin/cluster/snapshots/status/SnapshotIndexShardStatus.java","8","0","4","5","102","155","2"
"elasticsearch","d3417fb02291f26964d77767020ef345d18c148f","core/src/main/java/org/elasticsearch/action/admin/cluster/snapshots/status/SnapshotIndexShardStatus.java","8","0","4","5","102","155","0"
"mcMMO","a2cac82cba84f92e62c91207639c3c64b58f8738","src/main/java/com/gmail/nossr50/skills/archery/ArcheryManager.java","8","0","4","5","68","111","0"
"elasticsearch","1bc8f82d0a8a9750b9dae8534b4104cbf00b5c34","src/main/java/org/elasticsearch/index/query/FuzzyLikeThisFieldQueryBuilder.java","8","0","4","5","73","121","1"
"netty","c5bd8fd264986b1a3bdbaf5cb4488981ce554b78","handler/src/main/java/io/netty/handler/stream/ChunkedStream.java","8","0","4","5","79","134","0"
"elasticsearch","0a526be3440406e2a1e6bad4b86f4e93f5467029","core/src/main/java/org/elasticsearch/index/query/FuzzyQueryBuilder.java","8","0","4","6","77","134","0"
"elasticsearch","a5866e226ee32316fdc7d3299d85428c89a57ab5","src/main/java/org/elasticsearch/script/mustache/MustacheScriptEngineService.java","8","0","4","7","118","200","0"
"netty","731f52fdf73852a8fc597b1f08ed86b63caee375","codec-http2/src/main/java/io/netty/handler/codec/http2/DefaultHttp2HeadersFrame.java","8","0","4","7","62","111","1"
"elasticsearch","180403fc32cd7f525374e82cc6786d15cc7642cc","src/main/java/org/elasticsearch/script/mustache/MustacheScriptEngineService.java","8","0","4","8","125","210","0"
"netty","6d5c38897ee42da732f082252aa7f1579719354f","transport-native-epoll/src/main/java/io/netty/channel/epoll/EpollSocketChannel.java","8","0","4","9","143","203","0"
"netty","1a83232ab207eac0b904e30f4d7374f8abe13b1a","transport-native-epoll/src/main/java/io/netty/channel/epoll/EpollSocketChannel.java","8","0","4","9","144","207","0"
"hazelcast","86b80adb102d46ad1bfdbac4859cf32d6af27669","hazelcast/src/main/java/com/hazelcast/cluster/client/ClientInitialMembershipEvent.java","8","0","4","9","94","161","0"
"elasticsearch","e74d02138f02a66331b2611b5e70a908bb49cb97","core/src/main/java/org/elasticsearch/common/io/stream/NamedWriteableRegistry.java","8","0","5","0","63","121","0"
"oryx","008d439437affbae40d70282d6114384c0f813cc","framework/kafka-util/src/main/java/com/cloudera/oryx/kafka/util/KafkaUtils.java","8","0","5","0","97","148","0"
"oryx","13d7fb2526250d7c318333d8f252cbd7b9e4a77a","framework/kafka-util/src/main/java/com/cloudera/oryx/kafka/util/KafkaUtils.java","8","0","5","0","97","148","0"
"oryx","982cafdf7cb43bde8f4260efd705860b2264acb0","framework/kafka-util/src/main/java/com/cloudera/oryx/kafka/util/KafkaUtils.java","8","0","5","0","97","148","1"
"neo4j","9a371bafe80ceb4e6cdc8502fbd22f9f8ec3d59d","enterprise/core-edge/src/main/java/org/neo4j/coreedge/raft/state/id_allocation/IdAllocationState.java","8","0","5","10","106","178","1"
"hazelcast","4b896c6ac0e824a60dd63f23a7d1bbed1049faae","hazelcast/src/test/java/com/hazelcast/nio/serialization/SerializationTest.java","8","0","5","10","275","374","0"
"hazelcast","ea6df5b26c649fe055f90ebd8edfb6395649a658","hazelcast/src/test/java/com/hazelcast/nio/serialization/SerializationTest.java","8","0","5","12","299","405","1"
"netty","bc1379d19dcf59626ef8d5b431830a189957e3bd","handler/src/main/java/io/netty/handler/traffic/ChannelTrafficShapingHandler.java","8","0","5","2","82","177","0"
"netty","58c14418a093c60cbe37533538f5079687d77267","handler/src/main/java/io/netty/handler/traffic/ChannelTrafficShapingHandler.java","8","0","5","2","84","179","2"
"elasticsearch","bec07a7eb50c9f122c7b764a9c470362ad515882","core/src/test/java/org/elasticsearch/test/ESSingleNodeTestCase.java","8","0","5","3","160","258","1"
"elasticsearch","ff5ad39c7a5f8ea21d3ff86d3ce50668602d7a74","core/src/test/java/org/elasticsearch/test/ESSingleNodeTestCase.java","8","0","5","3","163","263","0"
"elasticsearch","0a526be3440406e2a1e6bad4b86f4e93f5467029","core/src/main/java/org/elasticsearch/index/query/RegexpQueryBuilder.java","8","0","5","3","71","122","0"
"elasticsearch","5e023848ded6b5de64c55fec3d604fc93a2ac64b","core/src/main/java/org/elasticsearch/index/query/RegexpQueryBuilder.java","8","0","5","3","71","122","0"
"elasticsearch","67318ce7ba3711907ec18de1b435b4a41e9a4edb","core/src/main/java/org/elasticsearch/index/query/RegexpQueryBuilder.java","8","0","5","3","71","122","1"
"hazelcast","dd0545df738d394877cacc961e79374d443c7b85","hazelcast/src/test/java/com/hazelcast/test/ReflectionsHelper.java","8","0","5","3","82","131","0"
"hazelcast","3e395dd87766ab077e400a8784d90dca77b172f5","hazelcast/src/test/java/com/hazelcast/test/ReflectionsHelper.java","8","0","5","3","83","132","0"
"elasticsearch","5f24581de31ddcfb1228f93261b78e48515e25b0","core/src/test/java/org/elasticsearch/search/aggregations/metrics/SumIT.java","8","0","5","37","439","587","1"
"elasticsearch","5f24581de31ddcfb1228f93261b78e48515e25b0","core/src/test/java/org/elasticsearch/search/aggregations/metrics/AvgIT.java","8","0","5","37","442","582","1"
"elasticsearch","78574d248cf10dad1c5a566fda79e1e0c94afe43","core/src/main/java/org/elasticsearch/action/admin/cluster/snapshots/status/SnapshotIndexShardStatus.java","8","0","5","4","102","157","1"
"elasticsearch","e6aaaf11ed4a1b8f595f920de1840938eddb7a97","core/src/main/java/org/elasticsearch/action/admin/cluster/snapshots/status/SnapshotIndexShardStatus.java","8","0","5","4","102","157","1"
"elasticsearch","a60b8948ba1d836a6eac7cff095519e618939ed8","core/src/main/java/org/elasticsearch/action/admin/cluster/snapshots/status/SnapshotIndexShardStatus.java","8","0","5","4","102","157","0"
"elasticsearch","b0beb3c8e1e3fbe726e6284032f9c2d8c4f492de","src/main/java/org/elasticsearch/action/admin/cluster/snapshots/status/SnapshotIndexShardStatus.java","8","0","5","4","103","158","1"
"elasticsearch","91c7892305472040ea42aead4ba755f0f9736c8b","src/main/java/org/elasticsearch/action/admin/cluster/snapshots/status/SnapshotIndexShardStatus.java","8","0","5","4","104","159","0"
"hazelcast","b160352ca4a1035afbf9def0c927ec2570b95466","hazelcast/src/test/java/com/hazelcast/spi/impl/operationservice/impl/BackpressureRegulatorStressTest.java","8","0","5","5","334","414","0"
"mcMMO","38e19473028fc19d7774b8aa429b66d015b77bf1","src/main/java/com/gmail/nossr50/util/player/UserManager.java","8","0","5","6","67","115","1"
"elasticsearch","1f04182b8164ffb19f3805c48d67f0375262b317","core/src/main/java/org/elasticsearch/action/admin/indices/warmer/put/PutWarmerRequest.java","8","0","5","8","95","154","0"
"neo4j","2e27f92cd55a1b84efcb0d4b6bc95b16450304a2","community/security/src/test/java/org/neo4j/server/security/auth/AuthProceduresIT.java","8","0","5","9","266","337","1"
"elasticsearch","1441fec0687d9af1b3eb17a6cc7286bab495d01f","src/main/java/org/elasticsearch/index/query/SimpleQueryParser.java","8","0","5","9","88","147","2"
"elasticsearch","e1efd5f6baf8dec1c23c79b346b8a29f234a98bb","core/src/main/java/org/elasticsearch/action/admin/indices/warmer/put/PutWarmerRequest.java","8","0","5","9","95","154","0"
"oryx","49c1ead1c67cc8b980a4be36cff731a14ba4f3fb","framework/kafka-util/src/main/java/com/cloudera/oryx/kafka/util/KafkaUtils.java","8","0","6","0","103","161","0"
"BroadleafCommerce","0838360ac9011c20905e10f201c073566984615d","common/src/main/java/org/broadleafcommerce/common/util/dao/TQRestriction.java","8","0","6","1","52","126","0"
"elasticsearch","20ff703e07c692c5e68e6b30a6e6413a34dd10a7","core/src/main/java/org/elasticsearch/search/internal/ShardSearchRequest.java","8","0","6","10","70","153","1"
"elasticsearch","977712f9773c3eecea3958a5b8ddf934207775a6","core/src/main/java/org/elasticsearch/search/internal/ShardSearchRequest.java","8","0","6","11","68","145","2"
"elasticsearch","3df2a086d4bf3c5608aabf06c1766e10c901af35","core/src/main/java/org/elasticsearch/search/internal/ShardSearchRequest.java","8","0","6","11","71","155","0"
"neo4j","2162f57a395476c1b2e263b1e055c6baea8aa276","community/kernel/src/main/java/org/neo4j/kernel/configuration/Config.java","8","0","6","12","172","251","0"
"elasticsearch","634ce90dc06f20888a4ff655985a6baccf25a7db","core/src/main/java/org/elasticsearch/search/internal/ShardSearchRequest.java","8","0","6","13","72","151","0"
"elasticsearch","f347bd4a4e6bee51120886ce1f4fedba6d423b8b","core/src/test/java/org/elasticsearch/search/aggregations/bucket/DateRangeIT.java","8","0","6","13","726","930","2"
"elasticsearch","8a4d8909a1e6020a8007097eb3d38f27067201f5","core/src/test/java/org/elasticsearch/search/aggregations/bucket/DateRangeIT.java","8","0","6","13","727","931","1"
"netty","9125060752f5124949e55a6868647c75f88cdb01","handler/src/main/java/io/netty/handler/ssl/util/SelfSignedCertificate.java","8","0","7","0","117","208","0"
"netty","392fb764b6dd4cc05b3dc8f2f3bb53eae689b868","codec-http/src/test/java/io/netty/handler/codec/http/multipart/HttpPostRequestDecoderTest.java","8","0","7","1","236","325","0"
"oryx","eb08674e77479787fa9288f2c824e48af8539ff2","oryx-common/src/main/java/com/cloudera/oryx/common/text/TextUtils.java","8","0","7","1","74","140","0"
"elasticsearch","ec1afe30ea9c34f7d63da273a3077c28a4849e4f","core/src/main/java/org/elasticsearch/search/internal/ShardSearchRequest.java","8","0","7","11","69","151","0"
"elasticsearch","467a459f95d8709379bf3e7f415644b246a89dba","core/src/main/java/org/elasticsearch/search/aggregations/InternalAggregation.java","8","0","7","18","160","261","1"
"elasticsearch","821021f0e478ca44d828e62c139ea19f0fd7290a","core/src/main/java/org/elasticsearch/search/aggregations/InternalAggregation.java","8","0","7","18","163","264","0"
"elasticsearch","5c8fe598a6bcb11bf0e674ef59c2726eeb8cfbf8","modules/elasticsearch/src/main/java/org/elasticsearch/index/mapper/xcontent/NumberFieldMapper.java","8","0","7","19","135","215","1"
"elasticsearch","371c73e14023917f3892090d2d3d7ff9ac1216b9","core/src/main/java/org/elasticsearch/search/aggregations/InternalAggregation.java","8","0","7","19","167","271","3"
"elasticsearch","78574d248cf10dad1c5a566fda79e1e0c94afe43","core/src/main/java/org/elasticsearch/search/aggregations/InternalAggregation.java","8","0","7","19","167","271","2"
"elasticsearch","e6aaaf11ed4a1b8f595f920de1840938eddb7a97","core/src/main/java/org/elasticsearch/search/aggregations/InternalAggregation.java","8","0","7","19","167","271","2"
"elasticsearch","a60b8948ba1d836a6eac7cff095519e618939ed8","core/src/main/java/org/elasticsearch/search/aggregations/InternalAggregation.java","8","0","7","19","167","271","0"
"elasticsearch","371c73e14023917f3892090d2d3d7ff9ac1216b9","core/src/main/java/org/elasticsearch/search/DocValueFormat.java","8","0","7","22","290","397","3"
"elasticsearch","57f413e85164600ca12c7f30c455b4c8bba7d63e","core/src/main/java/org/elasticsearch/search/DocValueFormat.java","8","0","7","22","290","397","1"
"elasticsearch","78574d248cf10dad1c5a566fda79e1e0c94afe43","core/src/main/java/org/elasticsearch/search/DocValueFormat.java","8","0","7","22","290","397","2"
"elasticsearch","e6aaaf11ed4a1b8f595f920de1840938eddb7a97","core/src/main/java/org/elasticsearch/search/DocValueFormat.java","8","0","7","22","290","397","2"
"elasticsearch","a60b8948ba1d836a6eac7cff095519e618939ed8","core/src/main/java/org/elasticsearch/search/DocValueFormat.java","8","0","7","22","290","397","0"
"netty","5ffb495746e55c440273ec7cc4741ab28e1f9017","codec-http/src/main/java/io/netty/handler/codec/http/websocketx/WebSocketServerHandshaker.java","8","0","8","0","68","166","0"
"elasticsearch","b03f3fcd6c504bfc8a5054a3e81c88930f38b5cd","src/main/java/org/elasticsearch/search/sort/FieldSortBuilder.java","8","0","8","1","70","142","0"
"elasticsearch","cd04851206de348747d18d3af2080a4d6da8c40c","src/main/java/org/elasticsearch/indices/recovery/RecoveryStatus.java","8","0","8","13","170","261","1"
"elasticsearch","a6e3d356ed11c65ec2a0a5d38c10a885e5bc888b","core/src/test/java/org/elasticsearch/search/aggregations/bucket/DateRangeIT.java","8","0","8","13","825","1067","0"
"netty","fd27c403d363f5c5c481e558b07766a9407f9e35","codec-http/src/test/java/io/netty/handler/codec/http/multipart/HttpPostRequestDecoderTest.java","8","0","8","2","283","381","0"
"elasticsearch","43e07c0c886223c65d26a4e3bdb7815ff15abe7d","core/src/main/java/org/elasticsearch/index/store/StoreFileMetaData.java","8","0","8","5","72","145","0"
"elasticsearch","3354a816fca4b8ce5af622c848bcd5fd1161e3b7","core/src/main/java/org/elasticsearch/cluster/routing/AllocationId.java","8","0","8","5","82","160","0"
"hazelcast","b3851e9178c66524eb5e7a73bf7249af5f4dfe06","hazelcast/src/main/java/com/hazelcast/config/ListenerConfig.java","8","0","8","7","70","163","0"
"elasticsearch","90a7b4868e1b16a682a9dc5e36d093b3d3aa0ef6","core/src/main/java/org/elasticsearch/index/query/GeoShapeQueryBuilder.java","8","0","9","1","92","199","0"
"elasticsearch","08b026d060f917ebd20e7d7fbd630ff21a0be197","src/main/java/org/elasticsearch/action/search/MultiSearchResponse.java","8","0","9","10","132","186","1"
"elasticsearch","fcdc36977c3887a5f8c81e7f9903a2377aa65b47","src/main/java/org/elasticsearch/action/search/MultiSearchResponse.java","8","0","9","10","133","187","0"
"hazelcast","a1d4549db8759c2ea0d14aa61aa649b5fbe67081","hazelcast/src/test/java/com/hazelcast/config/RingbufferConfigTest.java","8","0","9","13","209","297","0"
"netty","fc1429c00c6a365e37363091a3ee14291bb8f010","handler/src/main/java/io/netty/handler/stream/ChunkedFile.java","8","0","9","3","87","165","1"
"BroadleafCommerce","2851ab62ae5cafe9bb212e19d99cc42f0c1739f5","common/src/main/java/org/broadleafcommerce/common/email/service/EmailServiceImpl.java","8","0","9","3","90","159","0"
"BroadleafCommerce","74b6a167831cab9e3bf25d8fe2c6fc59a08ce779","common/src/main/java/org/broadleafcommerce/common/email/service/EmailServiceImpl.java","8","0","9","3","90","160","0"
"netty","ca29be5e77ef7999b2707cf5d4f32d5e306d568b","handler/src/main/java/io/netty/handler/stream/ChunkedFile.java","8","0","9","5","95","175","0"
"elasticsearch","6941966b1654106ed9249cd01c32bfa2e06b452f","core/src/main/java/org/elasticsearch/cluster/routing/AllocationId.java","8","0","9","6","118","207","0"
"elasticsearch","25fd9e26c4fb042d6f6dea14efcd239577bdbbc4","core/src/main/java/org/elasticsearch/action/admin/indices/rollover/RolloverRequest.java","8","0","9","7","147","238","0"
"elasticsearch","b039360d2ea974b9827df90ee7d425ca15c638d6","core/src/main/java/org/elasticsearch/search/internal/SearchContext.java","8","0","9","93","212","379","2"
"hazelcast","eed2a8c40d592a8e99645faac48f99069eaeaab2","hazelcast-client/src/main/java/com/hazelcast/client/cache/impl/AbstractClientInternalCacheProxy.java","80","0","0","0","585","693","1"
"hazelcast","c283f04cab711308ed3018d4e448e35b9061e0d2","hazelcast-client/src/main/java/com/hazelcast/client/cache/impl/AbstractClientInternalCacheProxy.java","80","0","0","0","588","696","0"
"ceylon-ide-eclipse","5b4c3eac8a7c12c0125a77343e602b4e73083595","plugins/com.redhat.ceylon.eclipse.ui/src/com/redhat/ceylon/eclipse/code/refactor/DeleteRefactoring.java","80","0","0","12","508","544","0"
"ceylon-ide-eclipse","64a391fbabba6b9bc6b553abfa42466e0ca9673d","plugins/com.redhat.ceylon.eclipse.ui/src/com/redhat/ceylon/eclipse/code/refactor/DeleteRefactoring.java","80","0","0","12","509","545","0"
"ceylon-ide-eclipse","dad8f3d2edc941af6ba28412155f9211c954cf3d","plugins/com.redhat.ceylon.eclipse.ui/src/com/redhat/ceylon/eclipse/code/correct/ImportProposals.java","80","0","0","14","441","488","0"
"orientdb","ac6ba2add76a1f3d3aaa40429729ec87cfad1e1b","core/src/test/java/com/orientechnologies/orient/core/index/hashindex/local/cache/ReadWriteDiskCacheTest.java","80","0","0","21","681","907","1"
"hazelcast","266c960676148cebbcff3686bb31923253a1380f","hazelcast/src/main/java/com/hazelcast/nio/serialization/SerializationServiceImpl.java","80","0","0","23","563","656","1"
"hazelcast","680b36f62d4bcbef2271adf671321528fd3bb9ae","hazelcast/src/main/java/com/hazelcast/map/PartitionRecordStore.java","80","0","0","39","515","596","0"
"ceylon-ide-eclipse","1dec46c6636e796e203eb68f84e6bcf9c33c9727","plugins/com.redhat.ceylon.eclipse.ui/src/com/redhat/ceylon/eclipse/code/navigator/CeylonNavigatorLabelProvider.java","80","0","0","8","303","353","0"
"elasticsearch","8f087e802dcb8a6dfcd49213502efdfc36b4681b","src/main/java/org/elasticsearch/action/bulk/TransportShardBulkAction.java","80","0","1","1","493","602","1"
"elasticsearch","43e374f793ead07f8dfcc0acd77c2722fcde6a64","src/main/java/org/elasticsearch/action/bulk/TransportShardBulkAction.java","80","0","1","1","494","603","0"
"hazelcast","b4a438dba8b4a7151977395f9ca38c21de08cac2","hazelcast/src/main/java/com/hazelcast/query/Predicates.java","80","0","1","101","661","814","0"
"netty","115d3576be47804aa985d1749e0cfa427d3714f9","buffer/src/main/java/io/netty/buffer/AbstractByteBuf.java","80","0","1","114","947","1159","1"
"netty","956a757d37c52d550aebdbfaf3d68863baa2a765","buffer/src/main/java/io/netty/buffer/AbstractByteBuf.java","80","0","1","114","950","1163","0"
"neo4j","c4b73f41c621dadf3c18b9f1bb9785f69932d05f","community/kernel/src/main/java/org/neo4j/kernel/impl/api/store/StorePropertyCursor.java","80","0","1","12","549","657","2"
"elasticsearch","71eb4532f86443f2f241badbc4b7c5b4a1878fee","src/main/java/org/elasticsearch/search/SearchService.java","80","0","1","13","668","780","0"
"elasticsearch","35f6496694a6bd71977765e0ebfa09ba8fc09854","src/main/java/org/elasticsearch/cluster/service/InternalClusterService.java","80","0","1","17","591","747","0"
"elasticsearch","161e74029f348afac3845108fc595dfe7af1c18b","src/main/java/org/elasticsearch/cluster/service/InternalClusterService.java","80","0","1","18","601","757","0"
"elasticsearch","fab44398d9d48f12319bc018d4b436f723b6508e","core/src/main/java/org/elasticsearch/action/admin/indices/analyze/TransportAnalyzeAction.java","80","0","1","2","400","485","0"
"elasticsearch","78574d248cf10dad1c5a566fda79e1e0c94afe43","core/src/main/java/org/elasticsearch/action/admin/indices/analyze/TransportAnalyzeAction.java","80","0","1","2","412","497","1"
"elasticsearch","e6aaaf11ed4a1b8f595f920de1840938eddb7a97","core/src/main/java/org/elasticsearch/action/admin/indices/analyze/TransportAnalyzeAction.java","80","0","1","2","412","497","1"
"elasticsearch","a60b8948ba1d836a6eac7cff095519e618939ed8","core/src/main/java/org/elasticsearch/action/admin/indices/analyze/TransportAnalyzeAction.java","80","0","1","2","412","497","0"
"elasticsearch","7454c7c1924405cff3082ddbf74b769f4fd865be","src/main/java/org/elasticsearch/gateway/local/state/meta/LocalGatewayMetaState.java","80","0","1","3","398","476","0"
"ceylon-ide-eclipse","f85933252fb0148e88b82683c309e6d9dcd7c560","plugins/com.redhat.ceylon.eclipse.ui/src/com/redhat/ceylon/eclipse/code/correct/AddSatisfiesProposal.java","80","0","1","3","517","593","1"
"elasticsearch","1feb9da3f2469be8c19d25900ab19e2de940a586","core/src/main/java/org/elasticsearch/index/mapper/core/DateFieldMapper.java","80","0","1","32","525","629","2"
"elasticsearch","9af208376592635601b383b4435b29b724007021","core/src/main/java/org/elasticsearch/index/mapper/core/DateFieldMapper.java","80","0","1","32","525","629","1"
"elasticsearch","4953bf02f68eb8c1ba18f8c6bf816241d6a9f902","core/src/main/java/org/elasticsearch/index/mapper/core/DateFieldMapper.java","80","0","1","32","525","629","0"
"elasticsearch","d84c643f5880a88d2e5c38b487123161f3e01fe0","core/src/main/java/org/elasticsearch/index/mapper/core/DateFieldMapper.java","80","0","1","32","526","630","0"
"elasticsearch","de8354dd7fa93dbcc71f5dbf154079f92b2b0bf0","core/src/main/java/org/elasticsearch/index/mapper/core/DateFieldMapper.java","80","0","1","32","529","633","2"
"elasticsearch","d84c643f5880a88d2e5c38b487123161f3e01fe0","core/src/main/java/org/elasticsearch/index/mapper/geo/BaseGeoPointFieldMapper.java","80","0","1","36","473","570","0"
"elasticsearch","01ca81e2a37c9cd38c6dc44ae567d427c059dbe0","src/main/java/org/elasticsearch/gateway/local/LocalGatewayAllocator.java","80","0","1","4","364","464","0"
"elasticsearch","9ca5e6e3e12cf4f13eb6ed0140d9073ba89c61c9","src/main/java/org/elasticsearch/gateway/local/LocalGatewayAllocator.java","80","0","1","4","366","466","1"
"hazelcast","474965e6f925df9d4924095c2ffad42fd0067dfc","hazelcast/src/main/java/com/hazelcast/spi/impl/operationservice/impl/Invocation.java","80","0","1","4","569","840","0"
"elasticsearch","60bddc28ebd690446c88a454cc24de984fdf0fc5","src/main/java/org/elasticsearch/action/support/replication/TransportShardReplicationOperationAction.java","80","0","1","5","572","757","0"
"elasticsearch","a58d9a1dd0f47f80bad75eee54ec13c6b32843c5","src/main/java/org/elasticsearch/action/support/replication/TransportShardReplicationOperationAction.java","80","0","1","5","610","790","0"
"orientdb","9695569a5ef48b6d32b1b820409da550fcd166b3","core/src/main/java/com/orientechnologies/orient/core/command/script/OCommandExecutorScript.java","80","0","1","7","342","480","2"
"BroadleafCommerce","c8bcd99e2ed402846cc6ff5053b46d591768fed6","admin/broadleaf-open-admin-platform/src/main/java/org/broadleafcommerce/openadmin/server/service/persistence/module/MapStructurePersistenceModule.java","80","0","1","7","536","635","0"
"BroadleafCommerce","532a30d167a65efa2860617336e58d7482ada881","admin/broadleaf-open-admin-platform/src/main/java/org/broadleafcommerce/openadmin/server/service/persistence/module/MapStructurePersistenceModule.java","80","0","1","7","547","644","0"
"elasticsearch","4f131dfffbdadf5c5f9c9b7a03f9660233e04f72","src/main/java/org/elasticsearch/cluster/routing/RoutingNodes.java","80","0","12","57","562","767","1"
"elasticsearch","9ca5e6e3e12cf4f13eb6ed0140d9073ba89c61c9","src/main/java/org/elasticsearch/cluster/routing/RoutingNodes.java","80","0","12","57","563","768","1"
"elasticsearch","9479ac636ed76b5a5426ff9165fe78539dbccf95","modules/elasticsearch/src/main/java/org/elasticsearch/index/mapper/MapperService.java","80","0","14","12","414","569","0"
"hazelcast","267657223110ee9fc436f5496e078547d29c6e4c","hazelcast/src/main/java/com/hazelcast/query/Predicates.java","80","0","14","88","716","916","1"
"netty","ef13d19b8b5d876463d4365b76d3046410a7811a","codec-http/src/main/java/io/netty/handler/codec/http/multipart/HttpPostStandardRequestDecoder.java","80","0","16","1","458","741","0"
"hazelcast","a23961641da88700aa81802d84a4388b155f8753","hazelcast-spring/src/main/java/com/hazelcast/spring/AbstractHazelcastBeanDefinitionParser.java","80","0","2","0","446","526","0"
"antlr4","08300b457fc1edb24f8c11fc8e7f28b47402ed41","tool/src/org/antlr/v4/semantics/BasicSemanticChecks.java","80","0","2","17","442","608","1"
"elasticsearch","103f587be108429c6bf272e345c4820f4895e5b6","src/main/java/org/elasticsearch/common/lucene/Lucene.java","80","0","2","25","424","498","1"
"BroadleafCommerce","ff2d32724b23b504b0a9fcee0d4a1b7a2f868c18","core/broadleaf-framework/src/main/java/org/broadleafcommerce/core/offer/service/discount/domain/PromotableOrderItemPriceDetailImpl.java","80","0","2","32","457","601","0"
"elasticsearch","9a3216dfee351e3dca63d4d0c9845575f1d6ad1f","core/src/main/java/org/elasticsearch/index/query/SimpleQueryStringBuilder.java","80","0","22","5","430","623","2"
"orientdb","76ffdc9fe1e541460329297a955e8494c36be8f5","graphdb/src/main/java/com/tinkerpop/blueprints/impls/orient/OrientElement.java","80","0","25","10","386","714","3"
"elasticsearch","4e2dd770aab15857d8f7a01d25d941908498ccb6","src/main/java/org/elasticsearch/index/mapper/core/DateFieldMapper.java","80","0","3","30","483","594","1"
"elasticsearch","a7b2bdca4c8779e1fca6d89db8967233e42136ec","src/main/java/org/elasticsearch/index/mapper/core/DateFieldMapper.java","80","0","3","30","490","601","5"
"elasticsearch","31b0777c911a87b7ebae0efd7d5b14d1e06f3879","core/src/main/java/org/elasticsearch/cluster/routing/ShardRouting.java","80","0","39","10","387","637","0"
"BroadleafCommerce","1ebfdbf5821af7184dce648797a812b71b8183bd","core/broadleaf-framework/src/main/java/org/broadleafcommerce/core/search/service/solr/SolrSearchServiceImpl.java","80","0","4","14","566","877","9"
"BroadleafCommerce","e1fc116f32e911e27ba79717773879398e64d436","core/broadleaf-framework/src/main/java/org/broadleafcommerce/core/search/service/solr/SolrSearchServiceImpl.java","80","0","4","16","600","966","6"
"BroadleafCommerce","e9933b6a5bade71f0bc9ea0768c49c13320e8256","core/broadleaf-framework/src/main/java/org/broadleafcommerce/core/search/service/solr/SolrSearchServiceImpl.java","80","0","4","16","610","981","5"
"elasticsearch","25fd9e26c4fb042d6f6dea14efcd239577bdbbc4","core/src/main/java/org/elasticsearch/action/search/SearchPhaseController.java","80","0","4","2","436","537","0"
"netty","465a190c3f5c06de7ac4fa21e093b3d005904d67","transport/src/main/java/io/netty/channel/AbstractChannel.java","80","0","4","37","727","1039","0"
"netty","d59bf84ef2670ab830782f8e8036f0b3c1f46f34","transport/src/main/java/io/netty/channel/AbstractChannel.java","80","0","4","37","728","1032","0"
"netty","e8eda1b99fa0a1765e590357e2b0b4d859d4aebc","transport/src/main/java/io/netty/channel/AbstractChannel.java","80","0","4","37","732","1025","2"
"netty","507feb560296dc426423805fb8c122da0e9c01c7","transport/src/main/java/io/netty/channel/AbstractChannel.java","80","0","4","37","732","1026","1"
"elasticsearch","371c73e14023917f3892090d2d3d7ff9ac1216b9","core/src/main/java/org/elasticsearch/cluster/routing/ShardRouting.java","80","0","40","10","395","651","3"
"elasticsearch","78574d248cf10dad1c5a566fda79e1e0c94afe43","core/src/main/java/org/elasticsearch/cluster/routing/ShardRouting.java","80","0","40","10","395","651","2"
"elasticsearch","e6aaaf11ed4a1b8f595f920de1840938eddb7a97","core/src/main/java/org/elasticsearch/cluster/routing/ShardRouting.java","80","0","40","10","395","651","2"
"elasticsearch","37d5bcb264540e6843abf6bf2dc30148e5dde02f","core/src/main/java/org/elasticsearch/cluster/routing/ShardRouting.java","80","0","40","10","395","651","0"
"elasticsearch","a60b8948ba1d836a6eac7cff095519e618939ed8","core/src/main/java/org/elasticsearch/cluster/routing/ShardRouting.java","80","0","40","10","395","651","0"
"netty","791c38befe1885cad549460a4de6d9d0b5d5cc68","transport/src/main/java/io/netty/channel/nio/NioEventLoop.java","80","0","5","0","464","657","0"
"netty","39b57b889cf77f38b25f45bd38fad58d22a4bb73","transport/src/main/java/io/netty/channel/AbstractChannel.java","80","0","5","33","657","923","1"
"elasticsearch","042a5d02d9e12eca77bec39acf4496cbc1be716d","src/main/java/org/elasticsearch/cluster/routing/allocation/AllocationService.java","80","0","5","4","370","532","0"
"orientdb","731545a32e96d61ede50300ab6b8dd1166de7431","core/src/main/java/com/orientechnologies/orient/core/Orient.java","80","0","5","45","611","814","0"
"mcMMO","36f1a2d78a14104573a84f5e30d59e42c7161687","src/main/java/com/gmail/nossr50/skills/fishing/FishingManager.java","80","0","6","9","364","541","2"
"mcMMO","560c3860b4d6976157606de75926e001d9dee94f","src/main/java/com/gmail/nossr50/skills/fishing/FishingManager.java","80","0","6","9","365","542","1"
"mcMMO","a49d373af09569a91f4094618d122b0a80a275a3","src/main/java/com/gmail/nossr50/skills/fishing/FishingManager.java","80","0","6","9","367","544","1"
"elasticsearch","c63626b537955d0309c6613642e990b54efd3cbf","src/main/java/org/elasticsearch/index/snapshots/blobstore/BlobStoreIndexShardRepository.java","80","0","8","4","668","977","1"
"hazelcast","92886bbcab41a65100440aa458dbbf17561aa3a0","hazelcast/src/main/java/com/hazelcast/nio/IOUtil.java","80","0","9","18","431","562","0"
"hazelcast","2cfbd79e1e84f5987e07cedc09f582d5715c815d","hazelcast-client/src/main/java/com/hazelcast/client/config/XmlClientConfigBuilder.java","81","0","0","0","398","470","0"
"hazelcast","c9145735e1b77145651752c833ce474b9e542791","hazelcast-client/src/main/java/com/hazelcast/client/config/XmlClientConfigBuilder.java","81","0","0","0","398","470","0"
"hazelcast","5ce068887fea87587207a86de8baa062cf8514ac","hazelcast-client/src/main/java/com/hazelcast/client/config/XmlClientConfigBuilder.java","81","0","0","0","398","470","2"
"hazelcast","f745f9d46756c8cc57388c8172c0eafbd70c9c46","hazelcast-client/src/main/java/com/hazelcast/client/cache/impl/AbstractClientInternalCacheProxy.java","81","0","0","0","587","695","2"
"hazelcast","5917446b9901b1bc4ab314eb8c106e22ca50f3e3","hazelcast-client/src/main/java/com/hazelcast/client/cache/impl/AbstractClientInternalCacheProxy.java","81","0","0","0","588","696","2"
"netty","670d3f53a8189f3c062de48a9fc5e4c0d76abe12","transport/src/main/java/io/netty/channel/DefaultChannelPipeline.java","81","0","0","0","928","1186","1"
"hazelcast","f73923b0867cc254294ab8a3d7bef9b837d34dfe","hazelcast/src/main/java/com/hazelcast/impl/TransactionImpl.java","81","0","0","25","368","438","3"
"elasticsearch","266394c3ab5837ed0d2e30a4808a6d01e3e52193","core/src/test/java/org/elasticsearch/snapshots/SharedClusterSnapshotRestoreIT.java","81","0","0","37","1763","2208","0"
"hazelcast","0a0bb8ca3cf5d6f1762df8f950a774ec1a838e29","hazelcast/src/main/java/com/hazelcast/cluster/impl/ClusterServiceImpl.java","81","0","0","48","738","894","1"
"hazelcast","2e2c1239808c40db7a0e96bf7096572a95e83c7b","hazelcast/src/test/java/com/hazelcast/replicatedmap/ReplicatedMapTest.java","81","0","0","74","957","1186","3"
"hazelcast","475feecd129135c28060130d61f6359391e0a95a","hazelcast/src/test/java/com/hazelcast/replicatedmap/ReplicatedMapTest.java","81","0","0","74","957","1186","1"
"hazelcast","9ec735fb8a852d52230c4994ee7d21ed130f828e","hazelcast/src/test/java/com/hazelcast/replicatedmap/ReplicatedMapTest.java","81","0","0","74","957","1186","3"
"hazelcast","119dd9bc820de7c41785f83021813f2af6b81ebc","hazelcast/src/test/java/com/hazelcast/replicatedmap/ReplicatedMapTest.java","81","0","0","74","957","1186","0"
"hazelcast","b8ccce854957200d78583e2537f1a3b2b9d5f847","hazelcast/src/test/java/com/hazelcast/replicatedmap/ReplicatedMapTest.java","81","0","0","74","957","1186","0"
"hazelcast","9ed6a43d53fe7c39c9012278c24df730ac55d109","hazelcast/src/test/java/com/hazelcast/replicatedmap/ReplicatedMapTest.java","81","0","0","75","978","1210","1"
"elasticsearch","e70a8d4ee986d0d80457aa7c65eb6f40e28c2805","src/main/java/org/elasticsearch/action/bulk/TransportShardBulkAction.java","81","0","1","1","468","583","1"
"MapDB","195a182c326451af723f91cd322ca3b67dee1d40","src/main/java/org/mapdb/StoreWAL.java","81","0","1","11","528","712","1"
"MapDB","249b5a87780b7740862f601b0ddc3128b8b7c1ea","src/main/java/org/mapdb/StoreWAL.java","81","0","1","11","530","715","0"
"elasticsearch","ba3269dedc7461088c156eb4365dd6b91fd7285d","src/main/java/org/elasticsearch/search/SearchService.java","81","0","1","13","672","784","0"
"hazelcast","ecaaec40f356936a3252c08a2bf6f4180fd3c81b","hazelcast-client/src/main/java/com/hazelcast/client/spi/impl/ClientClusterServiceImpl.java","81","0","1","14","526","613","0"
"elasticsearch","d44bed5f483779d9b1d148d6637d943312d68c5a","src/main/java/org/elasticsearch/cluster/service/InternalClusterService.java","81","0","1","17","586","730","1"
"elasticsearch","d4246da7b3fa9222d2176a2715836d323090f9b3","modules/elasticsearch/src/main/java/org/elasticsearch/indices/cluster/IndicesClusterStateService.java","81","0","1","2","419","527","0"
"elasticsearch","d8f16178d3f21b4f9d17da12e7aa61613fc2c27a","src/main/java/org/elasticsearch/cluster/metadata/MetaDataCreateIndexService.java","81","0","1","3","453","563","1"
"orientdb","a6366e3af3a3ac8bcc2c055cc837d28536384916","core/src/test/java/com/orientechnologies/orient/core/storage/impl/local/paginated/LocalPaginatedClusterTest.java","81","0","1","32","975","1312","1"
"elasticsearch","0219471c00f1c4f8ab86e4693cd69940b4444b9f","src/main/java/org/elasticsearch/gateway/local/LocalGatewayAllocator.java","81","0","1","4","352","452","0"
"elasticsearch","de243493c9a31354d742c34a66817e8a06798026","src/main/java/org/elasticsearch/gateway/local/LocalGatewayAllocator.java","81","0","1","4","353","453","0"
"elasticsearch","bd75b731c654f4c845f0781306b8055704706585","src/main/java/org/elasticsearch/gateway/local/LocalGatewayAllocator.java","81","0","1","4","355","455","1"
"elasticsearch","6f79d67f810f406d456ef9dab8aa3b8a44b97419","src/main/java/org/elasticsearch/gateway/local/LocalGatewayAllocator.java","81","0","1","4","367","468","1"
"neo4j","1a261f85215c39039a8e8d12b1363ec328e56bf7","community/kernel/src/main/java/org/neo4j/kernel/impl/core/NodeManager.java","81","0","1","49","1075","1286","0"
"MapDB","0f50921e0ef3d536569b31c370ba8d66c744bde7","src/main/java/org/mapdb/StoreCached.java","81","0","1","5","339","461","3"
"elasticsearch","19cce0b32917a6034ab50b2e33111f37de418139","src/main/java/org/elasticsearch/action/support/replication/TransportShardReplicationOperationAction.java","81","0","1","5","579","766","1"
"elasticsearch","35990f572b23ed3bfc9e810354d4b83bd69bb3d7","src/main/java/org/elasticsearch/action/support/replication/TransportShardReplicationOperationAction.java","81","0","1","5","597","777","2"
"elasticsearch","1644444a4f99d10ee0865161e588eec8c093b381","src/main/java/org/elasticsearch/action/support/replication/TransportShardReplicationOperationAction.java","81","0","1","5","603","785","1"
"elasticsearch","c9b0e1de6cbd9acbc9a817a6d24b16d93005b9df","src/main/java/org/elasticsearch/action/support/replication/TransportShardReplicationOperationAction.java","81","0","1","5","607","791","0"
"elasticsearch","8989d062cd9c90956a3c8a3c03445491f2c57453","src/main/java/org/elasticsearch/action/support/replication/TransportShardReplicationOperationAction.java","81","0","1","5","614","795","1"
"hazelcast","bae945de85dbd9a4f3aea70a6ccdc9accd712809","hazelcast-client/src/main/java/com/hazelcast/client/proxy/ClientMapProxy.java","81","0","1","69","934","1068","1"
"elasticsearch","5a64f08f048461a63a0ca1354a5050c954e63d52","core/src/main/java/org/elasticsearch/cluster/metadata/IndexMetaData.java","81","0","11","67","802","1011","0"
"elasticsearch","0a69f1e283e26e5d9e6a000b68b9f4778de557a1","core/src/main/java/org/elasticsearch/cluster/metadata/IndexMetaData.java","81","0","11","72","800","1008","2"
"hazelcast","34a30ebe90a09709a3bb74a1e54b5920dfb9e3ed","hazelcast/src/main/java/com/hazelcast/query/Predicates.java","81","0","14","88","719","920","1"
"hazelcast","3be9d962d2f92f88e675591fa5f1946f950cfcae","hazelcast/src/main/java/com/hazelcast/query/Predicates.java","81","0","14","88","721","921","2"
"netty","298e7af6473f359cf7b608e7f9dcbe6526f792dd","transport/src/main/java/io/netty/channel/ChannelOutboundBuffer.java","81","0","18","3","524","769","0"
"antlr4","b4b91970bdbaea2f4874d1d2054e3524a604a2ba","tool/src/org/antlr/v4/semantics/BasicSemanticChecks.java","81","0","2","17","445","613","0"
"orientdb","ed997a0b33a876864cb78a87d20bb16addefa27b","core/src/main/java/com/orientechnologies/orient/core/db/record/ORecordLazyList.java","81","0","2","41","394","542","0"
"orientdb","48f7c7e77c959cfa3b6ae35a757b37b7c444c232","core/src/main/java/com/orientechnologies/orient/core/db/record/ORecordLazyList.java","81","0","2","41","395","543","1"
"hazelcast","c9145735e1b77145651752c833ce474b9e542791","hazelcast-client-new/src/main/java/com/hazelcast/client/config/XmlClientConfigBuilder.java","81","0","2","7","401","476","0"
"elasticsearch","1764ec56b38ce87f516efdf93bb4ab56e9dd829b","core/src/main/java/org/elasticsearch/action/bulk/BulkRequest.java","81","0","20","14","426","594","1"
"elasticsearch","b987615f5e96cb6f568e025a449d1f4d7e5402df","src/test/java/org/elasticsearch/test/ElasticsearchIntegrationTest.java","81","0","21","7","582","952","4"
"neo4j","23fbc588384398ed2323463fbb3fb43e2eb0cdf7","community/kernel/src/main/java/org/neo4j/kernel/impl/api/index/NodeUpdates.java","81","0","3","14","481","602","0"
"elasticsearch","7f6e0c6c0203fd67713ae0bc6dbbc20a18817df7","modules/lang-painless/src/main/java/org/elasticsearch/painless/Def.java","81","0","3","14","531","801","0"
"elasticsearch","f7b720472138dc342a5081513cbdbcd880531cc5","modules/lang-painless/src/main/java/org/elasticsearch/painless/Def.java","81","0","3","14","535","804","0"
"ceylon-ide-eclipse","55b5359e8d5b8f0ada7a3559e097b84fdb9ca891","plugins/com.redhat.ceylon.eclipse.ui/src/com/redhat/ceylon/eclipse/core/classpath/CeylonProjectModulesContainer.java","81","0","3","16","481","614","1"
"hazelcast","0cd4bb6392267a1761257eb39b69c734d59f536d","hazelcast/src/test/java/com/hazelcast/test/HazelcastTestSupport.java","81","0","3","83","749","919","2"
"elasticsearch","23d5293f827fe521f892a1b76a65b58751cc84c5","core/src/main/java/org/elasticsearch/common/io/stream/StreamOutput.java","81","0","33","30","594","895","3"
"elasticsearch","13c5881f3ec697f53ec44449c66df8f39323d513","core/src/main/java/org/elasticsearch/common/io/stream/StreamOutput.java","81","0","34","30","608","930","1"
"titan","61a915a6afd480c126ad2e5747f3d4c310b2299b","titan-test/src/main/java/com/thinkaurelius/titan/graphdb/TitanGraphTest.java","81","0","4","23","1166","1439","1"
"elasticsearch","5a64f08f048461a63a0ca1354a5050c954e63d52","core/src/main/java/org/elasticsearch/index/IndexService.java","81","0","4","24","646","794","0"
"elasticsearch","768bfb7d1dbcffb4ddcc9bc029dfd7c2e0a59932","core/src/main/java/org/elasticsearch/index/mapper/core/CompletionFieldMapper.java","81","0","4","33","496","596","0"
"hazelcast","9b3abb7d613ec5721929b036c072fbd122e1db47","hazelcast/src/main/java/com/hazelcast/instance/Node.java","81","0","4","38","656","819","0"
"hazelcast","f4c33973f2e5f804f6743683b11c8a43922bfc7e","hazelcast/src/main/java/com/hazelcast/instance/Node.java","81","0","4","38","659","825","1"
"hazelcast","dfc86394c9b83c3be089e86e23bf7cf28bc27239","hazelcast/src/main/java/com/hazelcast/instance/Node.java","81","0","4","39","655","817","1"
"MapDB","327d0162f6159f54fe6d3820ab3b2834a33cd87b","src/main/java/org/mapdb/Pump.java","81","0","5","3","539","793","1"
"hazelcast","1451b18a2114fd1d2c7448aaa28f49d5e1da007c","hazelcast/src/main/java/com/hazelcast/map/DefaultRecordStore.java","81","0","5","49","811","982","3"
"hazelcast","1db16d02de948e3bdf29ff73e63060fbfda1c8d1","hazelcast/src/main/java/com/hazelcast/map/DefaultRecordStore.java","81","0","5","49","811","990","1"
"hazelcast","0782ae070ed4bcf6034b0988c50f31d181d06979","hazelcast/src/main/java/com/hazelcast/map/DefaultRecordStore.java","81","0","5","49","811","991","3"
"hazelcast","25ee75460b380345650d2710508c7af9576e850f","hazelcast/src/main/java/com/hazelcast/map/DefaultRecordStore.java","81","0","5","49","812","992","4"
"elasticsearch","634ce90dc06f20888a4ff655985a6baccf25a7db","core/src/main/java/org/elasticsearch/index/IndexService.java","81","0","6","25","722","896","0"
"elasticsearch","2f8def11b5109eb80b47422a200bf7b7e07c8467","core/src/main/java/org/elasticsearch/index/IndexService.java","81","0","6","25","725","899","2"
"elasticsearch","578853f264e8ddae5c919b1b7ca35524cb292d62","core/src/main/java/org/elasticsearch/action/get/MultiGetRequest.java","81","0","6","40","396","503","0"
"elasticsearch","1764ec56b38ce87f516efdf93bb4ab56e9dd829b","core/src/main/java/org/elasticsearch/action/get/MultiGetRequest.java","81","0","6","44","409","520","0"
"elasticsearch","25fd9e26c4fb042d6f6dea14efcd239577bdbbc4","core/src/main/java/org/elasticsearch/action/get/MultiGetRequest.java","81","0","6","44","409","520","0"
"elasticsearch","51d53791fe71c9cb62bc992588a57cdfb500383f","core/src/main/java/org/elasticsearch/action/get/MultiGetRequest.java","81","0","6","44","409","520","0"
"elasticsearch","56cc87b7ccd41040d8fafcaf2da3680d96d10839","core/src/main/java/org/elasticsearch/action/get/MultiGetRequest.java","81","0","6","44","409","520","0"
"elasticsearch","2b3760f78b26817b5a2030aa27b1ddf2f17462f6","core/src/main/java/org/elasticsearch/action/get/MultiGetRequest.java","81","0","6","44","409","520","1"
"elasticsearch","4b94eb5cb8cc4294ed0e932a5f22c16bd90d4dd7","core/src/main/java/org/elasticsearch/action/get/MultiGetRequest.java","81","0","6","44","412","523","2"
"elasticsearch","860efb2ad28db09189c8423e05d0dba53010259c","core/src/main/java/org/elasticsearch/action/get/MultiGetRequest.java","81","0","6","44","412","523","2"
"elasticsearch","d3417fb02291f26964d77767020ef345d18c148f","core/src/main/java/org/elasticsearch/action/get/MultiGetRequest.java","81","0","6","44","412","523","0"
"mcMMO","de42063171b93a56e79911c82504b9bc54cde72b","src/main/java/com/gmail/nossr50/skills/fishing/FishingManager.java","81","0","6","9","370","549","0"
"netty","2fd42cfc6b32dacb812c6f2ecef8522cd94718d4","codec-http2/src/main/java/io/netty/handler/codec/http2/Http2ConnectionHandler.java","81","0","9","19","605","894","0"
"hazelcast","49bc95f245df5503b44ba497a51ae534883f2f4f","hazelcast-client/src/main/java/com/hazelcast/client/cache/impl/AbstractClientInternalCacheProxy.java","82","0","0","0","598","707","1"
"hazelcast","5c695f915d3d5ec0116cccdbde70b3551f5dcb5a","hazelcast-client/src/main/java/com/hazelcast/client/cache/impl/AbstractClientInternalCacheProxy.java","82","0","0","0","599","708","0"
"netty","dc13b68632957faf6e2e3a57a0e40c11cce45366","transport/src/main/java/io/netty/channel/DefaultChannelPipeline.java","82","0","0","0","930","1188","0"
"hazelcast","167361456fe0b8d77b57aae72dd415f8ade56f61","hazelcast/src/main/java/com/hazelcast/internal/cluster/impl/ClusterServiceImpl.java","82","0","0","48","763","926","0"
"hazelcast","593318251d64ed24d282ee2010e2f42b08dbea93","hazelcast/src/main/java/com/hazelcast/internal/cluster/impl/ClusterServiceImpl.java","82","0","0","48","764","927","0"
"ceylon-ide-eclipse","64a391fbabba6b9bc6b553abfa42466e0ca9673d","plugins/com.redhat.ceylon.eclipse.ui/src/com/redhat/ceylon/eclipse/code/imports/CleanImportsHandler.java","82","0","0","9","459","492","0"
"elasticsearch","63290a910e0b4332042516d09769d8256703752e","src/main/java/org/elasticsearch/action/bulk/TransportShardBulkAction.java","82","0","1","1","513","628","1"
"netty","461d3c876f27c32eaa673f0d2073de0922ca4277","buffer/src/main/java/io/netty/buffer/AbstractByteBuf.java","82","0","1","114","945","1156","0"
"netty","9594a81b958cb22bc51d9e766477faa12e7a2d0d","buffer/src/main/java/io/netty/buffer/AbstractByteBuf.java","82","0","1","114","946","1159","0"
"netty","f88dfd043030fd7ef68cd02d71894127cea35eab","buffer/src/main/java/io/netty/buffer/AbstractByteBuf.java","82","0","1","114","957","1170","0"
"BroadleafCommerce","416b3865b7ebb288d45d43094456acefbd7d5ee7","common/src/main/java/org/broadleafcommerce/common/extensibility/jpa/copy/DirectCopyClassTransformer.java","82","0","1","15","504","658","1"
"BroadleafCommerce","300afb753f1ee1d8f081ebbf9cbd93cb57c22816","common/src/main/java/org/broadleafcommerce/common/extensibility/jpa/copy/DirectCopyClassTransformer.java","82","0","1","15","505","659","0"
"elasticsearch","4b2e4becc7c4541923a87c9be879ee0ce688bf20","src/test/java/org/elasticsearch/search/sort/SimpleSortTests.java","82","0","1","17","1202","1510","0"
"elasticsearch","12d1bf848543b9e4c483ffa62161ac8b5be6c35d","src/test/java/org/elasticsearch/search/sort/SimpleSortTests.java","82","0","1","17","1207","1515","1"
"elasticsearch","7adf9929bae22049d157676756b49597bca98426","core/src/main/java/org/elasticsearch/cluster/service/InternalClusterService.java","82","0","1","19","625","784","1"
"elasticsearch","8e07b4fba4e200e5fecfc5bf7d34b9086f356ef2","core/src/main/java/org/elasticsearch/cluster/service/InternalClusterService.java","82","0","1","19","625","784","1"
"elasticsearch","17906ca7d615dc4c72cb5cc403f2d561dc1f2ff3","core/src/main/java/org/elasticsearch/cluster/service/InternalClusterService.java","82","0","1","19","625","784","0"
"elasticsearch","25fd9e26c4fb042d6f6dea14efcd239577bdbbc4","core/src/main/java/org/elasticsearch/action/admin/indices/analyze/TransportAnalyzeAction.java","82","0","1","2","480","597","0"
"elasticsearch","831ea789aae152effe1ce56335a4c1c49fb269cf","src/test/java/org/elasticsearch/test/integration/search/facet/SimpleFacetsTests.java","82","0","1","24","1841","2201","0"
"elasticsearch","9b5c74d43e652a46deaaa66721de89c606dcbcf7","src/test/java/org/elasticsearch/test/integration/search/facet/SimpleFacetsTests.java","82","0","1","24","1895","2247","0"
"netty","f2ed3e6ce8039d142e4c047fcc9cf09409105243","common/src/main/java/io/netty/util/concurrent/DefaultPromise.java","82","0","1","26","566","723","0"
"neo4j","8987e8f50fa8f15574420b8ceb88e23c2ae1a48a","community/kernel/src/main/java/org/neo4j/unsafe/batchinsert/BatchInserterImpl.java","82","0","1","26","847","1020","1"
"elasticsearch","7454c7c1924405cff3082ddbf74b769f4fd865be","src/main/java/org/elasticsearch/gateway/local/state/shards/LocalGatewayShardsState.java","82","0","1","3","363","446","0"
"orientdb","072de68013d30fdb0086b3af332c2d4ef3b3038c","core/src/test/java/com/orientechnologies/orient/core/storage/impl/local/paginated/LocalPaginatedClusterTest.java","82","0","1","30","906","1213","0"
"orientdb","6a3b53733871af25028c4c5f4fb0baa8412b8139","core/src/test/java/com/orientechnologies/orient/core/storage/impl/local/paginated/LocalPaginatedClusterTest.java","82","0","1","30","910","1251","0"
"orientdb","e1c09e042b6fcd638a383385b5d44abd63675ea7","core/src/test/java/com/orientechnologies/orient/core/storage/impl/local/paginated/LocalPaginatedClusterTest.java","82","0","1","30","911","1253","1"
"elasticsearch","b91df36a627be0f1c78d61b68fe017f2976b8f6e","core/src/main/java/org/elasticsearch/index/mapper/core/DateFieldMapper.java","82","0","1","32","531","637","0"
"hazelcast","0de2d59f48862f5e69b2924af03842a47ad13bdd","hazelcast/src/main/java/com/hazelcast/map/PartitionRecordStore.java","82","0","1","37","519","606","0"
"hazelcast","73149d5b4c4ac59a9b81738428867ad5acfe89e2","hazelcast/src/main/java/com/hazelcast/map/PartitionRecordStore.java","82","0","1","38","530","617","0"
"elasticsearch","9745808c3f199218a42a7e37d5c3120ab5d700aa","src/main/java/org/elasticsearch/cluster/metadata/MetaDataCreateIndexService.java","82","0","1","4","483","596","0"
"hazelcast","13ee2009ce877b5f5755244f773c9b4aa6925c1d","hazelcast-client/src/main/java/com/hazelcast/client/proxy/ClientMapProxy.java","82","0","1","69","940","1075","2"
"hazelcast","3be9d962d2f92f88e675591fa5f1946f950cfcae","hazelcast-client/src/main/java/com/hazelcast/client/proxy/ClientMapProxy.java","82","0","1","69","940","1075","1"
"hazelcast","429f2efd2aae8db7f5328ddf09996a9ed6ff0139","hazelcast-client/src/main/java/com/hazelcast/client/proxy/ClientMapProxy.java","82","0","1","69","940","1075","1"
"hazelcast","102cc4ef8d2e7bf4eca5451494ef6bf09deb6e43","hazelcast-client/src/main/java/com/hazelcast/client/proxy/ClientMapProxy.java","82","0","1","69","940","1075","0"
"hazelcast","e6c5a42e2c861fd9eee2449893c99398c54808f3","hazelcast-client/src/main/java/com/hazelcast/client/proxy/ClientMapProxy.java","82","0","1","69","940","1075","0"
"hazelcast","10773b4cd855bdfd84ea80d22b8ed3c977459444","hazelcast-client/src/main/java/com/hazelcast/client/proxy/ClientMapProxy.java","82","0","1","69","943","1079","0"
"hazelcast","f68ca8d3fc0960f5faace25206e7157a10616bbe","hazelcast-client/src/main/java/com/hazelcast/client/proxy/ClientMapProxy.java","82","0","1","69","943","1079","0"
"hazelcast","d831651dd5814c8074c8b4727184701986f16039","hazelcast-client/src/main/java/com/hazelcast/client/proxy/ClientMapProxy.java","82","0","1","69","943","1079","1"
"orientdb","7d92a6b03b707e81490ef22a1fa23a1017918c3d","core/src/main/java/com/orientechnologies/orient/core/storage/fs/OFileClassic.java","82","0","11","25","756","959","0"
"orientdb","a1eed89dcfdc303c846b0d6159189f720c1bade8","core/src/main/java/com/orientechnologies/orient/core/storage/fs/OFileClassic.java","82","0","11","25","785","991","0"
"orientdb","740ee804311ef5389af971e3993e602451c69751","core/src/main/java/com/orientechnologies/orient/core/storage/fs/OFileClassic.java","82","0","11","26","789","996","2"
"orientdb","ad6c4c90396993238b02939c20e60b5282347d8c","core/src/main/java/com/orientechnologies/orient/core/storage/fs/OFileClassic.java","82","0","11","26","792","1001","1"
"orientdb","1a8d4d6d1b489ef24d1343a420d687ef4934f214","core/src/main/java/com/orientechnologies/orient/core/storage/fs/OFileClassic.java","82","0","11","26","793","1002","0"
"orientdb","f0af5e5b2ec37ca3af558241002f038faff6c4e6","core/src/main/java/com/orientechnologies/orient/core/storage/fs/OFileClassic.java","82","0","11","26","793","1002","0"
"orientdb","eb87fd13a08a35e51b139724421fa7adb04049f3","core/src/main/java/com/orientechnologies/orient/core/storage/fs/OFileClassic.java","82","0","11","26","793","1002","1"
"elasticsearch","2eafe8310e1d8d245a657c41d4013af27b05c271","core/src/main/java/org/elasticsearch/index/mapper/MapperService.java","82","0","12","17","545","769","2"
"mcMMO","7e67505dfbc714b85abe4b7b762e245f2b173c75","src/main/java/com/gmail/nossr50/listeners/PlayerListener.java","82","0","13","3","367","537","1"
"elasticsearch","5bfd75e489ef8a21e8deb4333888d50d779aaad5","src/main/java/org/elasticsearch/index/store/Store.java","82","0","13","30","645","886","2"
"elasticsearch","3bac33e69eb8ef3e5aad1ce59c48b669d80cbfd5","modules/elasticsearch/src/main/java/org/elasticsearch/index/mapper/MapperService.java","82","0","14","12","426","583","0"
"elasticsearch","d2507c4ac0477f28b441f83eeac07786fb8f42b4","core/src/main/java/org/elasticsearch/cluster/routing/RoutingNodes.java","82","0","17","63","639","861","0"
"elasticsearch","fb10e595787d5bb0761878bb6a7bd0617a4e65ef","core/src/main/java/org/elasticsearch/cluster/routing/RoutingNodes.java","82","0","17","63","642","863","2"
"elasticsearch","d0835715c2704aeb9600f1c203bd591a8b77ee68","core/src/main/java/org/elasticsearch/cluster/routing/RoutingNodes.java","82","0","18","63","642","868","1"
"elasticsearch","00de8e07fc3df9c763bbc0b6890217dc5b6bee3e","core/src/main/java/org/elasticsearch/ingest/IngestDocument.java","82","0","18","7","468","664","3"
"antlr4","b4a53d56d4324739e823344237c4d7fdf6cac90c","tool/src/org/antlr/v4/semantics/BasicSemanticChecks.java","82","0","2","17","449","617","1"
"antlr4","bb389782da9fe9a9a1c56c31a5af4f61c39c31fb","tool/src/org/antlr/v4/semantics/BasicSemanticChecks.java","82","0","2","18","451","620","0"
"elasticsearch","4040f194f528c76c88be70b119cf9d7d6fcea99b","core/src/main/java/org/elasticsearch/cluster/service/InternalClusterService.java","82","0","2","19","629","791","0"
"BroadleafCommerce","01104e5bcebc77bb08f3020f52b53690ad492d0a","core/broadleaf-framework/src/main/java/org/broadleafcommerce/core/offer/service/processor/AbstractBaseProcessor.java","82","0","2","3","378","527","0"
"BroadleafCommerce","181f1dd1e7867c179a923fc323ba9293812fff9d","core/broadleaf-framework/src/main/java/org/broadleafcommerce/core/offer/service/processor/AbstractBaseProcessor.java","82","0","2","3","378","527","0"
"BroadleafCommerce","47450b06f1783470e6230db310fb5ca33bfe08db","core/broadleaf-framework/src/main/java/org/broadleafcommerce/core/offer/service/processor/AbstractBaseProcessor.java","82","0","2","3","378","527","2"
"BroadleafCommerce","7b9aa55bd6d500883c6c7f76960b38c364d327ae","core/broadleaf-framework/src/main/java/org/broadleafcommerce/core/order/domain/OrderItemImpl.java","82","0","2","71","701","835","1"
"BroadleafCommerce","663f9520dacb59459f8033c8736be33d9fc3d58d","core/broadleaf-framework/src/main/java/org/broadleafcommerce/core/order/domain/OrderItemImpl.java","82","0","2","71","701","836","0"
"orientdb","a6558ca8350bdccb1a216596c1414424abd776e8","core/src/main/java/com/orientechnologies/orient/core/sql/OSQLHelper.java","82","0","2","9","254","369","2"
"elasticsearch","bfc826003bf7db97f852c8f74e74bc11946917b6","core/src/main/java/org/elasticsearch/action/bulk/BulkRequest.java","82","0","20","13","402","563","2"
"elasticsearch","a2381640da954d431485ed66f1acac9309206977","core/src/main/java/org/elasticsearch/action/bulk/BulkRequest.java","82","0","20","13","405","566","1"
"elasticsearch","78574d248cf10dad1c5a566fda79e1e0c94afe43","core/src/main/java/org/elasticsearch/action/bulk/BulkRequest.java","82","0","20","13","406","567","2"
"orientdb","1ffb4a74231b07389afced95123a7ef989a442cc","server/src/main/java/com/orientechnologies/orient/server/distributed/ODistributedConfiguration.java","82","0","20","7","375","626","0"
"elasticsearch","e69b5c342416317e482eeb3099015e2f1d3b75fa","src/main/java/org/elasticsearch/snapshots/RestoreService.java","82","0","21","5","587","893","1"
"elasticsearch","c88452dc80f8ec32aecc7952e41b4fb303f69bee","core/src/main/java/org/elasticsearch/cluster/node/DiscoveryNodes.java","82","0","23","32","479","702","0"
"hazelcast","4e61d83a27413d6140bb865785b1998cd45ef605","hazelcast/src/test/java/com/hazelcast/map/mapstore/MapStoreTest.java","82","0","3","109","1546","1810","1"
"ceylon-ide-eclipse","dd3bf1219933953462c07a839b2aad0915b482e6","plugins/com.redhat.ceylon.eclipse.ui/src/com/redhat/ceylon/eclipse/core/classpath/CeylonProjectModulesContainer.java","82","0","3","16","483","615","0"
"elasticsearch","a3cefd919e81fd7c2c171426b64aa3357bfa6db4","src/main/java/org/elasticsearch/index/get/ShardGetService.java","82","0","3","4","323","409","2"
"orientdb","a717eb014a6d3a491ebbdb50ba7dcb77c1333102","core/src/main/java/com/orientechnologies/orient/core/tx/OTransactionIndexChangesPerKey.java","82","0","3","7","277","426","0"
"orientdb","a821b78f20a232afd503c25734de218aff1f8aa4","graphdb/src/main/java/com/orientechnologies/orient/graph/sql/OCommandExecutorSQLDeleteEdge.java","82","0","3","8","294","399","1"
"elasticsearch","55099df1cb7f09e878a39f15592201c0f02cae4d","core/src/main/java/org/elasticsearch/common/io/stream/StreamOutput.java","82","0","34","30","613","940","0"
"BroadleafCommerce","b464410c60ea2360ed968133b6651715306023fb","core/broadleaf-framework/src/main/java/org/broadleafcommerce/core/search/service/solr/SolrSearchServiceImpl.java","82","0","4","16","616","989","5"
"elasticsearch","9957bdf0ad88e3625ef42c95a80d5edc3aac02f4","core/src/test/java/org/elasticsearch/search/aggregations/pipeline/moving/avg/MovAvgIT.java","82","0","4","18","1001","1307","1"
"elasticsearch","a0818d3b876216c7882b3f6b14c613173409c06c","core/src/test/java/org/elasticsearch/search/aggregations/pipeline/moving/avg/MovAvgIT.java","82","0","4","18","1001","1307","2"
"elasticsearch","e74d02138f02a66331b2611b5e70a908bb49cb97","core/src/test/java/org/elasticsearch/search/aggregations/pipeline/moving/avg/MovAvgIT.java","82","0","4","18","1001","1307","0"
"elasticsearch","046abdc281c321cd2128ee7684c0edfcaca07203","core/src/test/java/org/elasticsearch/search/aggregations/pipeline/moving/avg/MovAvgIT.java","82","0","4","18","1003","1309","3"
"orientdb","2767a54ee6308493e6a69b4b2951d8d2252bfd6b","core/src/main/java/com/orientechnologies/orient/core/storage/impl/local/paginated/atomicoperations/OAtomicOperation.java","82","0","4","19","467","644","0"
"netty","2a14f749796ad754ab43d89e69f55ea44ee758a6","transport/src/main/java/io/netty/channel/AbstractChannel.java","82","0","4","37","736","1061","1"
"netty","7547a448e00e4766108baa7ee21886647dee5b52","transport/src/main/java/io/netty/channel/AbstractChannel.java","82","0","4","37","739","1068","0"
"orientdb","9c9465b244a894bc674702f79e2c54c67d03dc7f","graphdb/src/main/java/com/orientechnologies/orient/graph/sql/OCommandExecutorSQLDeleteEdge.java","82","0","4","8","294","406","0"
"hazelcast","4855250f4b64d469d4ce0675d7da45b1fb441b1d","hazelcast/src/main/java/com/hazelcast/map/impl/DefaultRecordStore.java","82","0","5","49","807","971","2"
"hazelcast","3c09ed0ec2abdb9d7508c87d61e2cdd2a4980acd","hazelcast/src/main/java/com/hazelcast/map/impl/DefaultRecordStore.java","82","0","5","49","807","972","1"
"hazelcast","ef34031de196f40a796710c1c252a697f4596693","hazelcast/src/main/java/com/hazelcast/map/DefaultRecordStore.java","82","0","5","49","807","972","1"
"hazelcast","1c2d7d3ec1ba2e3effa99164665c7a95b4d69899","hazelcast/src/main/java/com/hazelcast/map/DefaultRecordStore.java","82","0","5","49","807","972","0"
"hazelcast","97eaaa146cf36d563b23a99ba58f1bbd2cf015c9","hazelcast/src/main/java/com/hazelcast/map/DefaultRecordStore.java","82","0","5","50","832","1006","2"
"hazelcast","1045aa381a9d6da2c10a59e478988146633d9d34","hazelcast/src/main/java/com/hazelcast/map/DefaultRecordStore.java","82","0","5","51","829","1004","1"
"elasticsearch","510397aecdb95047995930f48dc439614aeafce0","src/main/java/org/elasticsearch/cluster/routing/allocation/AllocationService.java","82","0","5","6","383","545","0"
"elasticsearch","7d9154b8b5caefc56787bc7a44bc14e2de2ac810","src/main/java/org/elasticsearch/cluster/routing/allocation/AllocationService.java","82","0","5","6","384","546","0"
"orientdb","2228c1302483104febb0712814a9865ae5b48cb4","core/src/main/java/com/orientechnologies/orient/core/storage/fs/OFileClassic.java","82","0","7","26","767","965","1"
"elasticsearch","4f131dfffbdadf5c5f9c9b7a03f9660233e04f72","src/main/java/org/elasticsearch/cluster/routing/allocation/AllocationService.java","82","0","7","5","391","562","1"
"elasticsearch","1441fec0687d9af1b3eb17a6cc7286bab495d01f","src/main/java/org/apache/lucene/search/suggest/analyzing/XAnalyzingSuggester.java","82","0","8","15","639","1053","2"
"elasticsearch","fa16969360ea43667ad11f827bbf86718c18fcc6","src/main/java/org/apache/lucene/search/suggest/analyzing/XAnalyzingSuggester.java","82","0","8","15","639","1053","1"
"elasticsearch","10ec2e948a2f1426a5058ca3b2c2e39952f141d8","src/main/java/org/apache/lucene/search/suggest/analyzing/XAnalyzingSuggester.java","82","0","8","15","639","1053","0"
"MapDB","ffc5ea3c117c5e45087577971dff65220f990004","src/main/java/org/mapdb/DBMaker.java","82","0","82","14","820","1714","1"
"MapDB","ecf6de30d1386656cec9de62a77cd341bab15dce","src/main/java/org/mapdb/Volume.java","82","0","9","72","601","836","3"
"hazelcast","78ae1a75208f6777bfb81fd68b2d62b446f83759","hazelcast-client/src/main/java/com/hazelcast/client/config/XmlClientConfigBuilder.java","83","0","0","0","405","477","1"
"hazelcast","f766bf9e897d8cabcdd8e354bcdc97cfc4eadc0a","hazelcast-client/src/main/java/com/hazelcast/client/config/XmlClientConfigBuilder.java","83","0","0","0","407","479","0"
"hazelcast","89a1d9713f8387d23ceb4e0ff31ff146075e7404","hazelcast/src/main/java/com/hazelcast/spi/impl/InvocationImpl.java","83","0","0","0","503","584","0"
"netty","bd8a5bc9b3db224c446e0c05fa127ba7022db942","transport/src/main/java/io/netty/channel/DefaultChannelPipeline.java","83","0","0","0","908","1170","1"
"netty","89f1f3f4d1a5d8ba63fe8950a3ac1f958e070397","transport/src/main/java/io/netty/channel/DefaultChannelPipeline.java","83","0","0","0","934","1192","0"
"orientdb","6061b2a2b5d37ba6f30f9dfa91225ef3b3d718cc","core/src/main/java/com/orientechnologies/orient/core/serialization/serializer/OJSONWriter.java","83","0","0","36","391","494","1"
"hazelcast","0004065723dbb3f0219d5fde78068a98bfa22c1c","hazelcast/src/test/java/com/hazelcast/nio/UTFEncoderDecoderTest.java","83","0","0","36","532","679","0"
"hazelcast","62534399bfca491280f4f7cf7709a1564b8bb80c","hazelcast/src/test/java/com/hazelcast/nio/UTFEncoderDecoderTest.java","83","0","0","36","532","679","0"
"hazelcast","2156ff6be764b7bde31d85ae9116226ae4e2087e","hazelcast/src/test/java/com/hazelcast/nio/UTFEncoderDecoderTest.java","83","0","0","36","532","679","2"
"elasticsearch","42a7a554b1d279f102a2e0842279bd927bb8e711","core/src/test/java/org/elasticsearch/snapshots/SharedClusterSnapshotRestoreIT.java","83","0","0","40","1996","2479","1"
"hazelcast","56320e88e687e5353bf7bdcdffde3c499bbdcd0f","hazelcast/src/main/java/com/hazelcast/cluster/impl/ClusterServiceImpl.java","83","0","0","48","762","925","0"
"hazelcast","2f70f48888d89c73b883a5c9bfb6aa1430727dcf","hazelcast/src/main/java/com/hazelcast/internal/cluster/impl/ClusterServiceImpl.java","83","0","0","48","763","926","2"
"hazelcast","6858b0140afd6e96990baa4cbbb2483bc5c3ec2d","hazelcast/src/main/java/com/hazelcast/cluster/impl/ClusterServiceImpl.java","83","0","0","48","763","927","0"
"hazelcast","1f042b8c4a4245594691bb6d85a66ceed9b43068","hazelcast/src/main/java/com/hazelcast/internal/cluster/impl/ClusterServiceImpl.java","83","0","0","48","764","927","1"
"hazelcast","2043fef6ab40ea0b1d71b5e0a8feb4fd0024a4bf","hazelcast/src/main/java/com/hazelcast/internal/cluster/impl/ClusterServiceImpl.java","83","0","0","48","764","927","1"
"hazelcast","2921cff694583b8638dae2991f427e61d5440a9d","hazelcast/src/main/java/com/hazelcast/internal/cluster/impl/ClusterServiceImpl.java","83","0","0","48","764","927","0"
"hazelcast","6a047d13568f5eff8144a9158f04ab017b121835","hazelcast/src/main/java/com/hazelcast/internal/cluster/impl/ClusterServiceImpl.java","83","0","0","48","765","928","2"
"hazelcast","7e9c9a8bacbeae6a864907b841dd7e2f2e4731c4","hazelcast/src/test/java/com/hazelcast/replicatedmap/ReplicatedMapTest.java","83","0","0","65","990","1286","2"
"hazelcast","2e237d2c442305f51cdbea3740548e8bfb4401ac","hazelcast-client-new/src/main/java/com/hazelcast/client/proxy/ClientMapProxy.java","83","0","0","80","1179","1388","2"
"hazelcast","fcb85d5ce8c3887b875376ea1f986c03201d9f7c","hazelcast-client-new/src/main/java/com/hazelcast/client/proxy/ClientMapProxy.java","83","0","0","80","1207","1421","0"
"hazelcast","f32ffaf0bd75f083a1b1a3cc96e137571bb48651","hazelcast-client-new/src/main/java/com/hazelcast/client/proxy/ClientMapProxy.java","83","0","0","80","1267","1481","3"
"hazelcast","63529db467838bb39aec265f0af6a473bfa288e5","hazelcast-client-new/src/main/java/com/hazelcast/client/proxy/ClientMapProxy.java","83","0","0","80","1268","1482","3"
"hazelcast","49b0c17658fe5fe4110ec56bb2c71d69b31b3e9a","hazelcast-client-new/src/main/java/com/hazelcast/client/proxy/ClientMapProxy.java","83","0","0","80","1270","1484","1"
"hazelcast","825065e2f38c4b8cb66c4228d8f3513db39cc7ac","hazelcast-client-new/src/main/java/com/hazelcast/client/proxy/ClientMapProxy.java","83","0","0","80","1271","1485","0"
"hazelcast","0b99990c091b2e5235b2c7a72b4550327db4260c","hazelcast-client-new/src/main/java/com/hazelcast/client/proxy/ClientMapProxy.java","83","0","0","81","1185","1394","2"
"hazelcast","ccc4cf5c5afe3eadfdb39332f605f2157820ee89","hazelcast-client-new/src/main/java/com/hazelcast/client/proxy/ClientMapProxy.java","83","0","0","81","1213","1427","1"
"hazelcast","a6b0292ab66263a5670b3edc0c1665ab6ac943c9","hazelcast-client-new/src/main/java/com/hazelcast/client/proxy/ClientMapProxy.java","83","0","0","81","1275","1489","3"
"hazelcast","2d076fad6c0c335729f9e66de5ff1eaddd34e9f6","hazelcast-client-new/src/main/java/com/hazelcast/client/proxy/ClientMapProxy.java","83","0","0","81","1278","1492","2"
"ceylon-ide-eclipse","5b4c3eac8a7c12c0125a77343e602b4e73083595","plugins/com.redhat.ceylon.eclipse.ui/src/com/redhat/ceylon/eclipse/code/imports/CleanImportsHandler.java","83","0","0","9","463","496","0"
"hazelcast","1cb5e189b07a4808608b4c968273798035be5989","hazelcast/src/main/java/com/hazelcast/query/Predicates.java","83","0","1","101","671","824","4"
"hazelcast","70e6d9c0a2efcc7c088c88302a3e3587246bda3c","hazelcast/src/main/java/com/hazelcast/query/Predicates.java","83","0","1","101","726","883","1"
"MapDB","16becd4cfa393c94dd03a4261e8766d70a170978","src/main/java/org/mapdb/StoreWAL.java","83","0","1","12","578","775","0"
"orientdb","0b098ecbb27731eae0d6bc55a5750b000a6b9777","core/src/main/java/com/orientechnologies/orient/core/sql/parser/OInCondition.java","83","0","1","14","231","273","0"
"neo4j","463c1020e25304b18f99c1246be56f5eb24989fe","community/kernel/src/main/java/org/neo4j/unsafe/batchinsert/BatchInserterImpl.java","83","0","1","26","855","1035","0"
"elasticsearch","a872c88f03b50b34036617dcc9ed36a0110bc84e","src/main/java/org/elasticsearch/gateway/local/state/shards/LocalGatewayShardsState.java","83","0","1","3","368","451","0"
"hazelcast","9fb509b63a6a94cfd1d682f5a93da76181bf52a7","hazelcast/src/main/java/com/hazelcast/map/PartitionRecordStore.java","83","0","1","37","523","611","0"
"elasticsearch","abf1855509f5c2c7de5f273941431bb1e9500e91","modules/elasticsearch/src/main/java/org/elasticsearch/gateway/local/LocalGatewayNodeAllocation.java","83","0","1","4","335","433","0"
"MapDB","72649e80593c3f1fa476c951397a2c9dca467a9c","src/main/java/org/mapdb/StoreCached.java","83","0","1","5","339","457","1"
"MapDB","00a8930ff0dbd0cf3cc9520013037706899b867d","src/main/java/org/mapdb/StoreCached.java","83","0","1","5","340","458","0"
"MapDB","46a2e9543526d5010559fb4d951465ecc2289873","src/main/java/org/mapdb/StoreCached.java","83","0","1","5","341","463","1"
"elasticsearch","8c6ba59b83ec750fe118174c4d5b255c4b7f2170","src/main/java/org/elasticsearch/index/mapper/core/AbstractFieldMapper.java","83","0","1","51","575","710","3"
"elasticsearch","773ea0306b296d148ad09408032d40aa58733cf9","src/main/java/org/elasticsearch/index/mapper/core/AbstractFieldMapper.java","83","0","1","52","579","715","1"
"elasticsearch","4aa315974b6787ed0816f68e0b6ee7ed4101d4c8","src/main/java/org/elasticsearch/index/mapper/core/AbstractFieldMapper.java","83","0","1","53","579","715","2"
"elasticsearch","a18f47e62e426885de82584e5536f5f20d252d49","src/main/java/org/elasticsearch/index/mapper/core/AbstractFieldMapper.java","83","0","1","54","583","719","1"
"hazelcast","12c5e23c6f5296294ada87a7a775886cb12df0e0","hazelcast/src/main/java/com/hazelcast/internal/cluster/impl/ClusterServiceImpl.java","83","0","1","63","916","1138","0"
"orientdb","184bcd2b24baccb022539cc483bc8062e2642832","core/src/main/java/com/orientechnologies/orient/core/index/OIndexTxAwareMultiValue.java","83","0","1","7","403","538","0"
"elasticsearch","88a2f54dfe85eace413c51078098efce654cb287","src/main/java/org/elasticsearch/plugins/PluginManager.java","83","0","1","8","417","533","0"
"elasticsearch","5763b2468669896ce69b7f728626a8c844f4aba4","src/main/java/org/elasticsearch/index/mapper/DocumentMapper.java","83","0","10","62","635","879","0"
"MapDB","ae28170d07376d7465fd7006f7829325d24dfd98","src/main/java/org/mapdb/Volume.java","83","0","10","72","613","848","2"
"mcMMO","2ca7d139fe2d73d9b0c88bee1cdd4a652e199ae1","src/main/java/com/gmail/nossr50/listeners/PlayerListener.java","83","0","13","3","370","541","0"
"elasticsearch","906ec57f20d53b6353e504d69c4e4257d5ba92dd","modules/elasticsearch/src/main/java/org/elasticsearch/index/mapper/MapperService.java","83","0","14","12","429","586","0"
"elasticsearch","99ef3408fb8c3777b385f4b73506ca39c75da6ed","src/main/java/org/elasticsearch/index/store/Store.java","83","0","14","30","648","894","1"
"elasticsearch","12d1bf848543b9e4c483ffa62161ac8b5be6c35d","src/main/java/org/elasticsearch/search/suggest/context/GeolocationContextMapping.java","83","0","14","7","435","665","1"
"elasticsearch","31ecf1db98ba9822ca5eccd23dc3a09a06e91818","src/main/java/org/elasticsearch/search/suggest/context/GeolocationContextMapping.java","83","0","14","7","435","665","2"
"elasticsearch","689fd15d786428869a7e311ef6c42f0094ae45a9","src/main/java/org/elasticsearch/search/suggest/context/GeolocationContextMapping.java","83","0","14","7","435","665","0"
"netty","5d11be58ea28c8832a2572acdbef7f467ccc19c0","transport/src/main/java/io/netty/channel/ChannelOutboundBuffer.java","83","0","18","3","531","787","1"
"netty","5c572f0f63da22392d477697c4c289072915d483","codec-http2/src/main/java/io/netty/handler/codec/http2/Http2MultiplexCodec.java","83","0","2","3","867","1142","0"
"elasticsearch","95ea6153a76c48b617de6f8a8667eb14f825c333","modules/elasticsearch/src/main/java/org/elasticsearch/search/internal/InternalSearchHit.java","83","0","2","47","528","629","0"
"hazelcast","43132f12e9e7407ca9f68898ebd0e759c8f9b679","hazelcast-client/src/main/java/com/hazelcast/client/cache/impl/NearCachedClientCacheProxy.java","83","0","2","5","713","883","1"
"hazelcast","78ae1a75208f6777bfb81fd68b2d62b446f83759","hazelcast-client-new/src/main/java/com/hazelcast/client/config/XmlClientConfigBuilder.java","83","0","2","7","405","477","1"
"hazelcast","f766bf9e897d8cabcdd8e354bcdc97cfc4eadc0a","hazelcast-client-new/src/main/java/com/hazelcast/client/config/XmlClientConfigBuilder.java","83","0","2","7","407","479","0"
"orientdb","bec575ffdb307e5fd7df41344ce017ffa38cdcca","graphdb/src/main/java/com/tinkerpop/blueprints/impls/orient/OrientEdge.java","83","0","20","6","346","608","1"
"elasticsearch","3f6a3c01dadb1951b597ffdbd068359a2fbc84c8","core/src/main/java/org/elasticsearch/cluster/node/DiscoveryNodes.java","83","0","22","32","477","693","1"
"orientdb","c1f0f046093d166b58193818b359c73d4a50c228","graphdb/src/main/java/com/tinkerpop/blueprints/impls/orient/OrientElement.java","83","0","26","10","396","730","2"
"hazelcast","2aa58c06bf016abfe1c1f129130d23e57ac26f2a","hazelcast/src/main/java/com/hazelcast/config/Config.java","83","0","26","62","709","958","1"
"hazelcast","13672ee49b458bd9544d2304c5808e5190b2accf","hazelcast/src/main/java/com/hazelcast/config/Config.java","83","0","26","62","713","963","0"
"mcMMO","8dfa8c20f32e391c3d299abc51514a6601ed6e80","src/main/java/com/gmail/nossr50/skills/gathering/Fishing.java","83","0","3","1","350","438","4"
"elasticsearch","03ad168b241c8ee05169a34a5a2e761f647e687d","src/main/java/org/elasticsearch/plugins/PluginsService.java","83","0","3","13","394","520","2"
"elasticsearch","7e1eed9814f32cb7a30481afdf3133bc8f44009e","src/main/java/org/elasticsearch/index/mapper/core/DateFieldMapper.java","83","0","3","29","478","587","0"
"hazelcast","264ea092a185417c64290cfb1f3a09c613639300","hazelcast/src/test/java/com/hazelcast/test/HazelcastTestSupport.java","83","0","3","84","763","934","1"
"hazelcast","584996c0c9a11facf995848e53a5a2ef79a3889a","hazelcast/src/test/java/com/hazelcast/test/HazelcastTestSupport.java","83","0","3","85","769","941","1"
"elasticsearch","d913242ca1d1b62d759d53805bd6b416ba5251a8","core/src/main/java/org/elasticsearch/common/io/stream/StreamOutput.java","83","0","33","30","606","914","1"
"elasticsearch","e7b9e65fc3b06e784008a4dd14a8ba305ac30374","core/src/main/java/org/elasticsearch/common/io/stream/StreamOutput.java","83","0","33","30","606","914","1"
"elasticsearch","a44655763e150522d58cbd8113fb1b30a475b8c7","core/src/main/java/org/elasticsearch/common/io/stream/StreamOutput.java","83","0","33","30","606","914","0"
"BroadleafCommerce","f6085b163c6a006b57ccb28b5fe7563d3ae34f75","core/broadleaf-framework/src/main/java/org/broadleafcommerce/core/search/service/solr/SolrSearchServiceImpl.java","83","0","4","16","619","993","4"
"hazelcast","22f709c2362790aad63dcee20c6b8cda20a112b5","hazelcast/src/main/java/com/hazelcast/instance/Node.java","83","0","4","39","657","818","2"
"hazelcast","4c17c585b5a00157138cce6595252eaca6adb2dd","hazelcast/src/main/java/com/hazelcast/instance/Node.java","83","0","4","39","659","820","1"
"hazelcast","38b2c580dfaed82068f5137d2d84929eae461780","hazelcast/src/main/java/com/hazelcast/instance/Node.java","83","0","4","39","660","821","0"
"elasticsearch","79ab6d19affbbb9d907dbc7a5f70985c27f61c25","core/src/main/java/org/elasticsearch/cluster/routing/ShardRouting.java","83","0","40","10","396","650","0"
"elasticsearch","6812ed0bb69dedc16dd3b8acb9f97b264f9b50af","src/test/java/org/elasticsearch/search/aggregations/pipeline/moving/avg/MovAvgTests.java","83","0","5","18","1005","1335","1"
"hazelcast","22bdfcfa23a11ee774cc8c5b6308c0925c660aab","hazelcast/src/main/java/com/hazelcast/map/impl/DefaultRecordStore.java","83","0","5","49","810","974","1"
"hazelcast","d831651dd5814c8074c8b4727184701986f16039","hazelcast/src/main/java/com/hazelcast/map/impl/DefaultRecordStore.java","83","0","5","49","811","975","2"
"hazelcast","6474545aa5329fefb6b8aca3d96457f3fd89c46c","hazelcast/src/main/java/com/hazelcast/map/DefaultRecordStore.java","83","0","5","49","819","994","2"
"hazelcast","86a8460b7e36376816dea524d18b755c5b2fc9e7","hazelcast/src/main/java/com/hazelcast/map/DefaultRecordStore.java","83","0","5","49","830","1003","1"
"hazelcast","1d211a864aaa163c8df5a29c98b6d98ddfd8006a","hazelcast/src/main/java/com/hazelcast/map/DefaultRecordStore.java","83","0","5","49","831","1004","0"
"elasticsearch","16fe44c7ec802fa6143630b3c2e30976d0f557a9","src/main/java/org/elasticsearch/search/builder/SearchSourceBuilder.java","83","0","59","8","627","1023","1"
"elasticsearch","fbe27664a65ca7ab5b7dbe1c328ab27423e4313c","core/src/main/java/org/elasticsearch/action/get/MultiGetRequest.java","83","0","6","44","415","527","2"
"elasticsearch","78574d248cf10dad1c5a566fda79e1e0c94afe43","core/src/main/java/org/elasticsearch/action/get/MultiGetRequest.java","83","0","6","45","422","536","1"
"elasticsearch","e6aaaf11ed4a1b8f595f920de1840938eddb7a97","core/src/main/java/org/elasticsearch/action/get/MultiGetRequest.java","83","0","6","45","422","536","1"
"elasticsearch","a60b8948ba1d836a6eac7cff095519e618939ed8","core/src/main/java/org/elasticsearch/action/get/MultiGetRequest.java","83","0","6","45","422","536","0"
"elasticsearch","82fa531ab4c1fb087d357ff15288c070d7393378","core/src/main/java/org/elasticsearch/index/IndexService.java","83","0","7","24","744","922","0"
"MapDB","05898e53f8fe113fb56710dd7240e3e096a22791","src/main/java/org/mapdb/DBMaker.java","83","0","82","14","824","1719","0"
"MapDB","b71905ee72ca692a1b3092807755917ac955a0f0","src/main/java/org/mapdb/DBMaker.java","83","0","82","14","831","1729","1"
"hazelcast","217c507d7725e99aad3a544ca43bd57110eb4f17","hazelcast-client/src/main/java/com/hazelcast/client/proxy/ClientMapProxy.java","84","0","0","0","1089","1258","0"
"hazelcast","63529db467838bb39aec265f0af6a473bfa288e5","hazelcast-client/src/main/java/com/hazelcast/client/proxy/ClientMapProxy.java","84","0","0","0","1089","1258","0"
"hazelcast","3ee4647695cf740a6f01e39a9831c212eb363199","hazelcast-client/src/main/java/com/hazelcast/client/proxy/ClientMapProxy.java","84","0","0","0","1089","1258","1"
"hazelcast","2b270eff14924482f39a32a0483711d08aa1247e","hazelcast-client/src/main/java/com/hazelcast/client/proxy/ClientMapProxy.java","84","0","0","0","1095","1265","2"
"hazelcast","42c497fd2cd5fae3f6097086045dc581c227ac64","hazelcast-client/src/main/java/com/hazelcast/client/proxy/ClientMapProxy.java","84","0","0","0","1095","1265","1"
"hazelcast","ea36c8170834327d93a01e4e0373b52b919150ff","hazelcast-client/src/main/java/com/hazelcast/client/proxy/ClientMapProxy.java","84","0","0","0","1095","1265","0"
"netty","2304913341ef3f239e5509a46921a5c65bbbe360","transport/src/main/java/io/netty/channel/socket/nio/AbstractNioWorker.java","84","0","0","0","470","695","2"
"netty","73c35aef4efcc47af9cfe4137e99d3c6e9e3941e","transport/src/main/java/io/netty/channel/DefaultChannelPipeline.java","84","0","0","0","937","1196","0"
"netty","99b999760abb20e0eec60bc345873de515d3153a","transport/src/main/java/io/netty/channel/DefaultChannelPipeline.java","84","0","0","0","947","1201","0"
"orientdb","731545a32e96d61ede50300ab6b8dd1166de7431","core/src/test/java/com/orientechnologies/orient/core/storage/cache/local/twoq/ReadWriteDiskCacheTest.java","84","0","0","22","803","1082","0"
"hazelcast","6beb53820557dbdd3c53fa881e514000a3f5249e","hazelcast/src/main/java/com/hazelcast/impl/TransactionImpl.java","84","0","0","26","405","484","0"
"hazelcast","1aca2ceab66757dabb1d5bd8cff6c5f793ce4669","hazelcast/src/main/java/com/hazelcast/impl/TransactionImpl.java","84","0","0","26","408","487","0"
"elasticsearch","35ddc749b18f90d4ba4b71175069d057b282b130","core/src/main/java/org/elasticsearch/index/mapper/core/DateFieldMapper.java","84","0","0","31","470","564","2"
"orientdb","6fdc17421dd682b30aef282fdda3d7f0db88d754","core/src/main/java/com/orientechnologies/orient/core/serialization/serializer/OJSONWriter.java","84","0","0","37","398","503","0"
"elasticsearch","075047065d5dd692d0a74f6ca70e796880f84df1","core/src/test/java/org/elasticsearch/snapshots/SharedClusterSnapshotRestoreIT.java","84","0","0","41","2013","2493","1"
"elasticsearch","aaf347732720187ea3fd4e5dd8661f1434a87249","core/src/test/java/org/elasticsearch/snapshots/SharedClusterSnapshotRestoreIT.java","84","0","0","41","2014","2494","1"
"hazelcast","40c26223f387def8c9ba78c38501f80c806557e9","hazelcast/src/test/java/com/hazelcast/replicatedmap/ReplicatedMapTest.java","84","0","0","46","850","1058","1"
"hazelcast","707932eed4859d26c9c896f844d9433f2795b290","hazelcast/src/test/java/com/hazelcast/replicatedmap/ReplicatedMapTest.java","84","0","0","47","858","1064","0"
"hazelcast","f1257017478f04927aea0a885d6d61900e87552b","hazelcast/src/test/java/com/hazelcast/replicatedmap/ReplicatedMapTest.java","84","0","0","47","860","1071","0"
"hazelcast","034a76c965a174be57bb24de58d67aadc3366be3","hazelcast/src/test/java/com/hazelcast/nio/UTFEncoderDecoderTest.java","84","0","0","62","650","812","1"
"hazelcast","190bf47c879edef2e254a47a96f2367174e16570","hazelcast/src/test/java/com/hazelcast/nio/UTFEncoderDecoderTest.java","84","0","0","62","650","812","2"
"hazelcast","7ff7f0a13b0342595b936aae88f297b937b4c1fb","hazelcast/src/test/java/com/hazelcast/nio/UTFEncoderDecoderTest.java","84","0","0","62","650","812","2"
"hazelcast","0926f192a04e5200e5bf7ac10b29c002855115b9","hazelcast/src/test/java/com/hazelcast/nio/UTFEncoderDecoderTest.java","84","0","0","62","650","812","0"
"hazelcast","b4a8e11fc48b99f59794cb04e6ba801865d2e219","hazelcast/src/test/java/com/hazelcast/nio/UTFEncoderDecoderTest.java","84","0","0","62","650","812","0"
"elasticsearch","ac5701968b3ec30321a1ba377cdd0c4c71aed69c","src/main/java/org/elasticsearch/action/bulk/TransportShardBulkAction.java","84","0","1","1","533","650","0"
"hazelcast","081a9a82ef841f2d91af579f204931cf550e0bbc","hazelcast/src/main/java/com/hazelcast/map/PartitionRecordStore.java","84","0","1","38","528","617","1"
"hazelcast","628a219cc0428ad068cb76a43b781c7773d85db9","hazelcast/src/main/java/com/hazelcast/map/PartitionRecordStore.java","84","0","1","38","532","620","0"
"elasticsearch","31d94b19a1d6bd4de3380627baaff1dd9235ce6d","modules/elasticsearch/src/main/java/org/elasticsearch/gateway/local/LocalGatewayNodeAllocation.java","84","0","1","4","337","435","0"
"elasticsearch","b0dde6ee4afccf88a4f13515e8b098e07ac52052","src/main/java/org/elasticsearch/gateway/local/LocalGatewayAllocator.java","84","0","1","4","373","476","0"
"elasticsearch","12cbb3223a540399164734a188460a343eec4068","src/main/java/org/elasticsearch/action/support/replication/TransportShardReplicationOperationAction.java","84","0","1","5","641","827","1"
"elasticsearch","b21024b5f9e8cabf5ceed3e2c18dffba14f42866","src/main/java/org/elasticsearch/action/support/replication/TransportShardReplicationOperationAction.java","84","0","1","5","658","848","3"
"elasticsearch","d010cad503f470106e948a41cd0a06298394ef8a","core/src/main/java/org/elasticsearch/index/mapper/MapperService.java","84","0","12","17","549","778","0"
"elasticsearch","4e613139dc884b242adedb9a209f20c3eb0954b4","core/src/main/java/org/elasticsearch/index/query/InnerHitBuilder.java","84","0","12","32","588","767","0"
"elasticsearch","70e14d5e3fb78a74a89e812fc019882e781c61e4","core/src/main/java/org/elasticsearch/index/query/InnerHitBuilder.java","84","0","12","32","588","767","0"
"elasticsearch","220bd2de6e5ad817d952bd43d8d3f99f1480dba9","core/src/main/java/org/elasticsearch/index/query/InnerHitBuilder.java","84","0","12","32","588","767","1"
"elasticsearch","4603d105016bdbd4164e748b0d5bf52b7f350367","modules/elasticsearch/src/main/java/org/elasticsearch/index/mapper/MapperService.java","84","0","14","12","432","589","0"
"elasticsearch","04c16b7ba5658c928b9bdd7201ef41ab151540ae","src/main/java/org/elasticsearch/search/suggest/context/GeolocationContextMapping.java","84","0","14","7","435","665","1"
"MapDB","cd33cfa8a4389884f8ec7d12d27355f102e8a289","src/main/java/org/mapdb/WeakIdentityHashMap.java","84","0","17","0","498","739","0"
"MapDB","05d1da4a3b815be2c9054a83f8c8d5d156746591","src/main/java/org/mapdb/WeakIdentityHashMap.java","84","0","17","0","500","741","1"
"netty","ed3d26cf7d2ab0ddd4a7c5729a0a6ced60240780","transport/src/main/java/io/netty/channel/ChannelOutboundBuffer.java","84","0","18","3","543","802","0"
"antlr4","78427bae798f4e171fcc416cd796211e57ac45b8","tool/src/org/antlr/v4/semantics/BasicSemanticChecks.java","84","0","2","19","466","638","1"
"elasticsearch","9080f51340b1b26f8bd171b4c82de8d87ad42b55","plugins/mapper-attachments/src/main/java/org/elasticsearch/mapper/attachments/AttachmentMapper.java","84","0","2","19","495","650","1"
"elasticsearch","d84c643f5880a88d2e5c38b487123161f3e01fe0","plugins/mapper-attachments/src/main/java/org/elasticsearch/mapper/attachments/AttachmentMapper.java","84","0","2","19","496","651","0"
"hazelcast","b8145da910628e86c05f3feddff50048bd23e908","hazelcast/src/main/java/com/hazelcast/util/AddressUtil.java","84","0","2","22","383","458","1"
"elasticsearch","a4ef418e6eee976a2ee9db1da4aef787e3a04fb1","src/main/java/org/elasticsearch/index/mapper/core/DateFieldMapper.java","84","0","2","29","482","586","1"
"netty","15611dadbbf8f8c217c03ce33da89beb54602023","codec-http2/src/main/java/io/netty/handler/codec/http2/Http2MultiplexCodec.java","84","0","2","3","871","1146","1"
"netty","bf0a53179a3057ac075c1192f80917ddd5ee1d9e","codec-http2/src/main/java/io/netty/handler/codec/http2/Http2MultiplexCodec.java","84","0","2","3","876","1158","0"
"elasticsearch","37287284e64a0e91ab400a16b187e719b55c8929","src/main/java/org/elasticsearch/index/mapper/core/DateFieldMapper.java","84","0","2","34","554","666","1"
"elasticsearch","f6b6e4e376bfe0aa7c4d7cc51d6afdd407cebccf","core/src/main/java/org/elasticsearch/index/mapper/TypeParsers.java","84","0","2","7","331","396","2"
"orientdb","d7ba6eb3cfe91751301ebdef2ce3e04fe112100f","core/src/main/java/com/orientechnologies/orient/core/sql/OSQLHelper.java","84","0","2","9","250","365","1"
"BroadleafCommerce","94218b87488ba8e51fbcafe3eb5cbf1710ff5fce","admin/broadleaf-open-admin-platform/src/main/java/org/broadleafcommerce/openadmin/web/controller/entity/AdminBasicEntityController.java","84","0","20","4","935","1518","6"
"BroadleafCommerce","ab2f85a1ac312136fd716127d9a0d5efa3145f78","admin/broadleaf-open-admin-platform/src/main/java/org/broadleafcommerce/openadmin/web/controller/entity/AdminBasicEntityController.java","84","0","20","4","935","1519","6"
"orientdb","a358c1888d178e6582b96f8743a0b7b34f1f5ca9","graphdb/src/main/java/com/tinkerpop/blueprints/impls/orient/OrientEdge.java","84","0","20","7","336","592","0"
"elasticsearch","12bb1b79f67620830b66e5eb7853d7d10eb7b62d","core/src/test/java/org/elasticsearch/search/aggregations/pipeline/moving/avg/MovAvgIT.java","84","0","4","19","1056","1374","1"
"elasticsearch","0a5323f4f7e2a12a16f4dc95f5b85edd52299571","core/src/test/java/org/elasticsearch/search/aggregations/pipeline/moving/avg/MovAvgIT.java","84","0","4","19","1058","1376","1"
"elasticsearch","db541d6fbe3daecec91bb7701aacfcd284662c2a","core/src/test/java/org/elasticsearch/search/aggregations/pipeline/moving/avg/MovAvgIT.java","84","0","4","19","1066","1411","1"
"elasticsearch","0a69f1e283e26e5d9e6a000b68b9f4778de557a1","core/src/main/java/org/elasticsearch/index/IndexService.java","84","0","4","24","663","812","2"
"hazelcast","d568e4d926d925d57d4e79e34614390416749301","hazelcast/src/main/java/com/hazelcast/instance/Node.java","84","0","4","40","663","825","1"
"hazelcast","b13177055f1d59e2658dad940a812bc04a7bf5f6","hazelcast/src/main/java/com/hazelcast/instance/Node.java","84","0","4","40","665","827","3"
"orientdb","c5ab1463265f47d74ab3b7c4e4b6cad84fc91673","core/src/main/java/com/orientechnologies/orient/core/index/OIndexManagerShared.java","84","0","4","7","468","658","1"
"neo4j","7723d89e6d1d951e8923fb102da0228db2e4e8f9","community/kernel/src/main/java/org/neo4j/kernel/impl/api/StateHandlingStatementOperations.java","84","0","5","120","1475","1719","3"
"neo4j","4f04ee08438d4e1c99095d9d8a9f2ec223af89a9","community/kernel/src/main/java/org/neo4j/kernel/impl/api/StateHandlingStatementOperations.java","84","0","5","120","1476","1720","2"
"hazelcast","34af1d4dcfbd18684efa025746c9963a0b4b85a2","hazelcast/src/main/java/com/hazelcast/map/DefaultRecordStore.java","84","0","5","49","812","982","0"
"hazelcast","ff8a9a229bf9c093f0181e2dbb9bed0112077439","hazelcast/src/main/java/com/hazelcast/map/impl/DefaultRecordStore.java","84","0","5","50","814","979","1"
"hazelcast","10773b4cd855bdfd84ea80d22b8ed3c977459444","hazelcast/src/main/java/com/hazelcast/map/impl/DefaultRecordStore.java","84","0","5","50","815","980","1"
"hazelcast","978a048b578f8b64513fc7923ed9dbfc4be0b965","hazelcast/src/main/java/com/hazelcast/map/impl/DefaultRecordStore.java","84","0","5","50","815","980","1"
"hazelcast","a73d777b31ab605a81befef2a7a0b0be643fcea9","hazelcast/src/main/java/com/hazelcast/map/impl/DefaultRecordStore.java","84","0","5","50","815","980","1"
"hazelcast","76ab3be482308f07c64b95f066eaccc72a19f809","hazelcast/src/main/java/com/hazelcast/map/impl/DefaultRecordStore.java","84","0","5","50","815","980","0"
"elasticsearch","30d7b8de2fa043bdca3ca55026aa74f06d404a76","src/main/java/org/apache/lucene/search/suggest/analyzing/XAnalyzingSuggester.java","84","0","8","18","665","1085","0"
"netty","de9e666493469d40fa9107a78f9ae421a05f9cf4","codec-http2/src/main/java/io/netty/handler/codec/http2/Http2ConnectionHandler.java","84","0","9","19","636","931","1"
"netty","15611dadbbf8f8c217c03ce33da89beb54602023","codec-http2/src/main/java/io/netty/handler/codec/http2/Http2ConnectionHandler.java","84","0","9","19","642","941","0"
"hazelcast","f02c8c56a09384f5e163849aa17595489649c758","hazelcast/src/main/java/com/hazelcast/spi/impl/InvocationImpl.java","85","0","0","0","518","600","0"
"netty","ca5554dfe7707d2cce712d1165a648129e0a9c84","transport/src/main/java/io/netty/channel/DefaultChannelPipeline.java","85","0","0","0","971","1239","0"
"mcMMO","8deac175d1bdb21e45183268fb0ce604ad3a2f09","src/main/java/com/gmail/nossr50/database/FlatfileDatabaseManager.java","85","0","0","12","706","886","0"
"hazelcast","496d21753155a0e45fc15c4c413bdc1cdcc8170c","hazelcast/src/main/java/com/hazelcast/impl/TransactionImpl.java","85","0","0","25","395","470","1"
"hazelcast","217cb3896cbefcb9639ba6b6efc873c6b8ccc2e8","hazelcast/src/main/java/com/hazelcast/impl/TransactionImpl.java","85","0","0","25","397","473","2"
"hazelcast","82fcc4c7c87097d1719bb56112aec0fafdb6bc0e","hazelcast/src/main/java/com/hazelcast/impl/TransactionImpl.java","85","0","0","25","398","474","1"
"hazelcast","99fae76bc99e0074096750e1ee87859299d4cd8f","hazelcast/src/main/java/com/hazelcast/internal/cluster/impl/ClusterServiceImpl.java","85","0","0","49","781","946","0"
"hazelcast","a02dfded4689a8e2986e8ddde755881248231c54","hazelcast/src/main/java/com/hazelcast/internal/cluster/impl/ClusterServiceImpl.java","85","0","0","49","781","946","0"
"hazelcast","c0e00faf6d5f1e12f986d874e8585114554cc506","hazelcast/src/main/java/com/hazelcast/internal/cluster/impl/ClusterServiceImpl.java","85","0","0","49","781","946","1"
"hazelcast","ad1790f7ac618c7a5bf8f548c3650937b7ee3a89","hazelcast/src/main/java/com/hazelcast/internal/cluster/impl/ClusterServiceImpl.java","85","0","0","49","791","958","0"
"hazelcast","4ef11a8b96801c28482f1e1bba0c31c5cfef7782","hazelcast/src/test/java/com/hazelcast/replicatedmap/ReplicatedMapTest.java","85","0","0","69","1057","1361","1"
"hazelcast","c082536f3b7bf063f9366ce737ea4523ffc40712","hazelcast/src/test/java/com/hazelcast/replicatedmap/ReplicatedMapTest.java","85","0","0","69","975","1201","1"
"MapDB","84cc790e6f0bb37b9ff837034a3ac5f47a18b624","src/main/java/org/mapdb/StoreWAL.java","85","0","1","11","531","716","0"
"MapDB","aa792e8307e103a2a6537940a516e8f637240d38","src/main/java/org/mapdb/StoreWAL.java","85","0","1","11","532","718","1"
"netty","51a536fd3068ecff95dd27adf047299122ade8ea","buffer/src/main/java/io/netty/buffer/AbstractByteBuf.java","85","0","1","115","961","1175","0"
"hazelcast","f2a828174cc36ed790c0e5897176cbe30a7711af","hazelcast-client/src/main/java/com/hazelcast/client/spi/impl/ClientClusterServiceImpl.java","85","0","1","14","538","625","0"
"hazelcast","5758dedd1bcd1583eb238e314a12eee83980b607","hazelcast-client/src/main/java/com/hazelcast/client/connection/nio/ClientConnectionManagerImpl.java","85","0","1","18","682","815","3"
"hazelcast","b1b71398a1860e5187c3aaa1e4b641f8b09d1254","hazelcast-client/src/main/java/com/hazelcast/client/connection/nio/ClientConnectionManagerImpl.java","85","0","1","18","694","835","2"
"hazelcast","5f7d9567bd38e5011ce2535b13b76679190e52e8","hazelcast-client/src/main/java/com/hazelcast/client/connection/nio/ClientConnectionManagerImpl.java","85","0","1","18","696","838","2"
"netty","b0a5d4c266ed4117282decf06dc5053190423230","common/src/main/java/io/netty/util/concurrent/DefaultPromise.java","85","0","1","26","594","777","0"
"netty","be3e6972a18e9a673ef54a63cd2fb16b20ee936e","common/src/main/java/io/netty/util/concurrent/DefaultPromise.java","85","0","1","26","594","778","1"
"elasticsearch","0554f8e875f18b30f1082ed864cdd58fc9c4d0b5","src/main/java/org/elasticsearch/index/mapper/geo/GeoPointFieldMapper.java","85","0","1","38","507","634","0"
"elasticsearch","b4d1d899d2d91cce8677deb0930ae622121d1ca1","src/main/java/org/elasticsearch/index/mapper/geo/GeoPointFieldMapper.java","85","0","1","38","508","635","0"
"hazelcast","f46b12b008e3c5aaceef46dd3181e48476cb7afd","hazelcast/src/main/java/com/hazelcast/map/PartitionRecordStore.java","85","0","1","38","532","622","0"
"elasticsearch","49439a09e2c1a69da0fdf034fe9dabf1cc83bf30","modules/elasticsearch/src/main/java/org/elasticsearch/gateway/local/LocalGatewayNodeAllocation.java","85","0","1","4","333","433","0"
"elasticsearch","8eab5ec5286475b5c0602d8c230947c781db6596","modules/elasticsearch/src/main/java/org/elasticsearch/gateway/local/LocalGatewayNodeAllocation.java","85","0","1","4","341","444","0"
"elasticsearch","c88452dc80f8ec32aecc7952e41b4fb303f69bee","core/src/test/java/org/elasticsearch/snapshots/SharedClusterSnapshotRestoreIT.java","85","0","1","41","2062","2559","0"
"hazelcast","22c782cf4670330503dee123b73fa483726328a2","hazelcast/src/main/java/com/hazelcast/internal/cluster/impl/ClusterServiceImpl.java","85","0","1","63","926","1149","0"
"hazelcast","066e05ebd5b8e1d08c42a5aa2c6e236b925a144d","hazelcast/src/main/java/com/hazelcast/internal/cluster/impl/ClusterServiceImpl.java","85","0","1","63","926","1151","1"
"hazelcast","c9d117501d9d7e1014b9006bc4b711baa42e0c57","hazelcast/src/main/java/com/hazelcast/internal/cluster/impl/ClusterServiceImpl.java","85","0","1","64","930","1159","0"
"MapDB","55880c0c4cd50b52b40f956e8ca9d06d20302144","src/main/java/org/mapdb/Volume.java","85","0","10","75","661","905","2"
"MapDB","97d7bb0649ca2ff16d7fcb964e35dfa55e0db084","src/main/java/org/mapdb/Volume.java","85","0","10","75","662","906","1"
"MapDB","3ace7a206aaf788eafe7080bece1996184dfe80b","src/main/java/org/mapdb/Volume.java","85","0","10","75","668","911","2"
"MapDB","4947f37f3971a42c559f07657fa05ce7ad9838a5","src/main/java/org/mapdb/Volume.java","85","0","10","75","669","912","1"
"MapDB","237b8af51a458f6309c5aab6b99dc8381c64ab49","src/main/java/org/mapdb/Volume.java","85","0","10","75","673","917","1"
"elasticsearch","de9fca9cb26cb90aeaecada6bae35d219b07c5ca","src/main/java/org/elasticsearch/common/joda/Joda.java","85","0","2","1","147","191","2"
"elasticsearch","cabd2340dddf919d9783df6786abd3a007e66626","src/main/java/org/elasticsearch/common/joda/Joda.java","85","0","2","1","148","192","1"
"elasticsearch","5fd96d9371f68645ac6ec2ec17c0faeaa21610a8","src/main/java/org/elasticsearch/common/joda/Joda.java","85","0","2","1","152","196","1"
"antlr4","8bf480dcc5c6d146b4112dd347841c1ab80db787","tool/src/org/antlr/v4/semantics/BasicSemanticChecks.java","85","0","2","19","473","646","0"
"elasticsearch","0a69f1e283e26e5d9e6a000b68b9f4778de557a1","plugins/mapper-attachments/src/main/java/org/elasticsearch/mapper/attachments/AttachmentMapper.java","85","0","2","19","491","647","3"
"elasticsearch","5a64f08f048461a63a0ca1354a5050c954e63d52","plugins/mapper-attachments/src/main/java/org/elasticsearch/mapper/attachments/AttachmentMapper.java","85","0","2","19","495","651","1"
"BroadleafCommerce","150979880d535c0bf00fb5aa86c7607f6df0e8d0","core/broadleaf-framework/src/main/java/org/broadleafcommerce/core/offer/service/processor/AbstractBaseProcessor.java","85","0","2","3","378","527","2"
"BroadleafCommerce","37e793da422e9a294738995ebf0f37be884bf5fd","core/broadleaf-framework/src/main/java/org/broadleafcommerce/core/offer/service/processor/AbstractBaseProcessor.java","85","0","2","3","378","528","2"
"hazelcast","b04a2bf45dc85bc1d0513f3ac65ea899616c9c39","hazelcast-client/src/main/java/com/hazelcast/client/cache/impl/NearCachedClientCacheProxy.java","85","0","2","5","721","892","1"
"hazelcast","c99737523eb1e3b576d2f4fd450916bb708aff50","hazelcast-client/src/main/java/com/hazelcast/client/cache/impl/NearCachedClientCacheProxy.java","85","0","2","5","721","892","1"
"hazelcast","98fafb85b6cf2ead1ba6e0bc3847e97df983cf1c","hazelcast-client/src/main/java/com/hazelcast/client/cache/impl/NearCachedClientCacheProxy.java","85","0","2","5","721","892","0"
"elasticsearch","2e1d152fc0b50633e832b8785d961325e480b54e","core/src/main/java/org/elasticsearch/index/mapper/TypeParsers.java","85","0","2","7","335","400","0"
"BroadleafCommerce","06f5c781e68d29b0aa9adfccca68c8e896c06efb","core/broadleaf-framework/src/main/java/org/broadleafcommerce/core/order/domain/OrderItemImpl.java","85","0","2","71","708","845","0"
"BroadleafCommerce","dec5875d19f0949821afd04dc6435068612ed7c2","core/broadleaf-framework/src/main/java/org/broadleafcommerce/core/order/domain/OrderItemImpl.java","85","0","2","71","708","845","0"
"BroadleafCommerce","2958e6ba93799ca6858a34889a2668cd1ce9fb81","core/broadleaf-framework/src/main/java/org/broadleafcommerce/core/order/domain/OrderItemImpl.java","85","0","2","71","708","845","2"
"netty","119383873d84e0da24916e4240e5fdfc4dc0016d","transport/src/main/java/io/netty/channel/ChannelOutboundBuffer.java","85","0","20","3","543","827","0"
"netty","38b054c65cc655bb4966517abeb32c1246c5c7e3","transport/src/main/java/io/netty/channel/ChannelOutboundBuffer.java","85","0","20","3","547","827","1"
"orientdb","a99914423648f34c819d713695001945ea85c673","graphdb/src/main/java/com/tinkerpop/blueprints/impls/orient/OrientEdge.java","85","0","20","6","345","595","0"
"elasticsearch","fec1802e2f622c1a126c9adda28fa53f1b55529a","core/src/main/java/org/elasticsearch/ingest/IngestDocument.java","85","0","20","7","470","688","2"
"elasticsearch","044b3d59cda609b6e3101bc24951f6c564b157f0","core/src/main/java/org/elasticsearch/cluster/routing/RoutingNodes.java","85","0","26","52","613","873","0"
"mcMMO","93548317293e2c6c5195544b99d4ce7d900abea1","src/main/java/com/gmail/nossr50/skills/gathering/Fishing.java","85","0","3","1","354","444","0"
"hazelcast","0a433295c73cff1bff4f45b540655bfdca70d9a4","hazelcast/src/test/java/com/hazelcast/map/mapstore/MapStoreTest.java","85","0","3","111","1583","1849","0"
"BroadleafCommerce","f7697b8e37d1a55de51133c3084af055c3eebf10","core/broadleaf-framework/src/main/java/org/broadleafcommerce/core/search/service/solr/SolrSearchServiceImpl.java","85","0","3","13","580","879","10"
"elasticsearch","5b9659585414cd3da7d199550ce283a14b70c3b3","src/main/java/org/elasticsearch/threadpool/ThreadPool.java","85","0","3","30","640","781","2"
"elasticsearch","35f6496694a6bd71977765e0ebfa09ba8fc09854","src/main/java/org/elasticsearch/threadpool/ThreadPool.java","85","0","3","30","641","782","1"
"orientdb","e9e6148e7b6fe758168c042bbada8c352cb08759","graphdb/src/main/java/com/orientechnologies/orient/graph/sql/OCommandExecutorSQLDeleteEdge.java","85","0","3","8","298","407","1"
"titan","5f904d746f517fc714368c0258df4fd545e3829f","titan-test/src/main/java/com/thinkaurelius/titan/graphdb/TitanGraphTest.java","85","0","4","23","1197","1485","1"
"elasticsearch","8e8526c7460a7bef3582277edad5d23c8211efcb","core/src/test/java/org/elasticsearch/index/engine/InternalEngineTests.java","85","0","4","45","1575","1997","0"
"orientdb","5a252db3fc98fde3fb09313b4e1ac856e15c6388","core/src/main/java/com/orientechnologies/orient/core/index/OIndexManagerShared.java","85","0","4","7","476","666","0"
"netty","cd62f2f21e26f1e0ea2cea764b496cbc0154ffac","transport/src/main/java/io/netty/channel/nio/NioEventLoop.java","85","0","5","0","481","683","1"
"MapDB","c52c45e4111f110e495ea8d30e466e8452972c19","src/main/java/org/mapdb/Pump.java","85","0","5","3","482","697","2"
"hazelcast","8d765f0906fd01dfa4351162bb9d755535597eb0","hazelcast/src/main/java/com/hazelcast/map/impl/DefaultRecordStore.java","85","0","5","50","817","987","0"
"elasticsearch","371c73e14023917f3892090d2d3d7ff9ac1216b9","core/src/main/java/org/elasticsearch/index/IndexService.java","85","0","6","24","706","873","3"
"MapDB","2f8711e37147e9e9f2362361077e5aa68a091bad","src/main/java/org/mapdb/DBMaker.java","85","0","82","14","834","1732","0"
"netty","75a2ddd61c3df0b7a1e6db1cc5c588177b24c3cf","buffer/src/main/java/io/netty/buffer/UnsafeByteBufUtil.java","86","0","0","0","527","606","0"
"netty","19907030d105079fee4fe6db70431f7f6b928149","buffer/src/main/java/io/netty/buffer/UnsafeByteBufUtil.java","86","0","0","0","528","607","0"
"ceylon-ide-eclipse","86f26fa537e183c4a48c2adbef4b49cf726e931d","plugins/com.redhat.ceylon.eclipse.ui/src/com/redhat/ceylon/eclipse/code/complete/ParametersCompletionProposal.java","86","0","0","0","636","753","1"
"ceylon-ide-eclipse","c5c15a0b33245f13d9fc7d44db226c0458005f73","plugins/com.redhat.ceylon.eclipse.ui/src/com/redhat/ceylon/eclipse/code/complete/ParametersCompletionProposal.java","86","0","0","0","642","760","0"
"orientdb","de410aa8d3455b55f3c39e49780136c0b6c5e64b","core/src/test/java/com/orientechnologies/orient/core/storage/cache/local/twoq/ReadWriteDiskCacheTest.java","86","0","0","20","790","1059","0"
"orientdb","2228c1302483104febb0712814a9865ae5b48cb4","core/src/test/java/com/orientechnologies/orient/core/storage/cache/local/twoq/ReadWriteDiskCacheTest.java","86","0","0","20","793","1064","1"
"hazelcast","de61a1b959dd71ab2ea7257629566d192bf9d0bd","hazelcast/src/main/java/com/hazelcast/nio/serialization/SerializationServiceImpl.java","86","0","0","25","592","683","2"
"hazelcast","fd357dc8b9ed2bc2bba8ae86563e2136b6ebab62","hazelcast/src/main/java/com/hazelcast/impl/TransactionImpl.java","86","0","0","26","412","490","0"
"hazelcast","98b900c6c84af0480e50224c2f8afa6ee81ad04a","hazelcast/src/main/java/com/hazelcast/impl/TransactionImpl.java","86","0","0","27","425","508","0"
"elasticsearch","b612cab96a025d9d28e3c9f6fde7bac1719e5be1","core/src/main/java/org/elasticsearch/index/mapper/core/DateFieldMapper.java","86","0","0","31","478","572","1"
"ceylon-ide-eclipse","f833c872156d9ffc9e6ed8669ef4deb1a26a37ac","plugins/com.redhat.ceylon.eclipse.ui/src/com/redhat/ceylon/eclipse/code/imports/CleanImportsHandler.java","86","0","0","9","402","434","1"
"ceylon-ide-eclipse","730fea015565366bb3777e29a8a39f1b378c4062","plugins/com.redhat.ceylon.eclipse.ui/src/com/redhat/ceylon/eclipse/code/imports/CleanImportsHandler.java","86","0","0","9","405","437","0"
"elasticsearch","12cbb3223a540399164734a188460a343eec4068","src/main/java/org/elasticsearch/action/bulk/TransportShardBulkAction.java","86","0","1","1","500","611","1"
"netty","5416f2315e222acf8d9a36a51bcd4142a0f1c022","buffer/src/main/java/io/netty/buffer/AbstractByteBuf.java","86","0","1","114","961","1175","0"
"netty","6d09e57be72cd76b42741c3cba59e9d25f6738a7","buffer/src/main/java/io/netty/buffer/AbstractByteBuf.java","86","0","1","114","962","1176","0"
"hazelcast","eccd88a1cc7582afef1872575ab14896461794ac","hazelcast-client/src/main/java/com/hazelcast/client/spi/impl/ClientClusterServiceImpl.java","86","0","1","14","543","631","0"
"hazelcast","4e90a76264f12fa03d006c98b8ca9a7d6cd5ea3a","hazelcast-client/src/main/java/com/hazelcast/client/connection/nio/ClientConnectionManagerImpl.java","86","0","1","18","684","817","3"
"BroadleafCommerce","74aaaaad0b36944be5cd661ee89dce05088fc594","admin/broadleaf-open-admin-platform/src/main/java/org/broadleafcommerce/openadmin/server/service/persistence/module/provider/RuleFieldPersistenceProvider.java","86","0","1","4","478","553","2"
"BroadleafCommerce","00625f729327ff9b3dfe40b9f7d91287cb536628","admin/broadleaf-open-admin-platform/src/main/java/org/broadleafcommerce/openadmin/server/service/persistence/module/provider/RuleFieldPersistenceProvider.java","86","0","1","4","479","554","1"
"BroadleafCommerce","686b1e45bfe346466076030ce1a899e996dbce6b","admin/broadleaf-open-admin-platform/src/main/java/org/broadleafcommerce/openadmin/server/service/persistence/module/provider/RuleFieldPersistenceProvider.java","86","0","1","4","487","568","0"
"elasticsearch","f6a0fe5c2fd2f9c6455ae0bc3abf50bebfa9b8a2","src/main/java/org/elasticsearch/action/support/replication/TransportShardReplicationOperationAction.java","86","0","1","5","654","844","0"
"orientdb","3e8de448de3e38bf97017f99a20fd7d911a0d4a4","core/src/main/java/com/orientechnologies/orient/core/sql/executor/FetchFromIndexStep.java","86","0","1","6","411","476","0"
"elasticsearch","1d02212b1c87a1e296157a526f02be8afd02dd3a","core/src/main/java/org/elasticsearch/gateway/GatewayAllocator.java","86","0","1","6","431","553","1"
"elasticsearch","6aa27a16c6684354654504e8f9c7b42c84d85398","core/src/main/java/org/elasticsearch/gateway/GatewayAllocator.java","86","0","1","6","432","554","0"
"MapDB","f909e34d7551f81d0367cb05dfb6fe20faa4441f","src/main/java/org/mapdb/Volume.java","86","0","10","72","634","886","0"
"neo4j","af2947cf3a7f053c6c020ece7726d611080a6682","community/kernel/src/main/java/org/neo4j/kernel/impl/store/CommonAbstractStore.java","86","0","16","20","944","1294","0"
"elasticsearch","d61ad4cfce902b33092fd5eefc60cf40f9c73e2b","core/src/main/java/org/elasticsearch/indices/cluster/IndicesClusterStateService.java","86","0","18","7","560","820","1"
"elasticsearch","e85d8b3817101dd8aefa12a1f44d982e4532dc72","core/src/main/java/org/elasticsearch/indices/IndicesService.java","86","0","19","10","743","1016","0"
"elasticsearch","8b201fda465a2cef340d68639247623363b53f70","core/src/main/java/org/elasticsearch/indices/IndicesService.java","86","0","19","10","744","1021","0"
"elasticsearch","371c73e14023917f3892090d2d3d7ff9ac1216b9","core/src/main/java/org/elasticsearch/cluster/service/ClusterService.java","86","0","19","6","754","1014","3"
"elasticsearch","6e566cdf6cab837bdbdb5300ca85038fba1488c1","core/src/main/java/org/elasticsearch/cluster/service/ClusterService.java","86","0","19","6","754","1014","1"
"elasticsearch","78574d248cf10dad1c5a566fda79e1e0c94afe43","core/src/main/java/org/elasticsearch/cluster/service/ClusterService.java","86","0","19","6","754","1014","2"
"elasticsearch","e6aaaf11ed4a1b8f595f920de1840938eddb7a97","core/src/main/java/org/elasticsearch/cluster/service/ClusterService.java","86","0","19","6","754","1014","2"
"elasticsearch","31b0777c911a87b7ebae0efd7d5b14d1e06f3879","core/src/main/java/org/elasticsearch/cluster/service/ClusterService.java","86","0","19","6","754","1014","0"
"elasticsearch","a60b8948ba1d836a6eac7cff095519e618939ed8","core/src/main/java/org/elasticsearch/cluster/service/ClusterService.java","86","0","19","6","756","1016","0"
"orientdb","33a29ad7f0318e206a1cfbb4c3960d98b429e9db","core/src/main/java/com/orientechnologies/orient/core/sql/OSQLHelper.java","86","0","2","10","268","387","0"
"orientdb","980d8e97a4d3582f5fbf8b0aafd50c3078a70fef","core/src/main/java/com/orientechnologies/orient/core/sql/OSQLHelper.java","86","0","2","10","268","389","1"
"elasticsearch","a4c92eb67e62027714ddfdc73245389003f00583","src/main/java/org/elasticsearch/snapshots/RestoreService.java","86","0","21","5","610","917","0"
"orientdb","a2f1c9220aaa0be07af6ef9d27ba4a1df70aae15","server/src/main/java/com/orientechnologies/orient/server/distributed/ODistributedConfiguration.java","86","0","21","7","405","678","1"
"orientdb","33a29ad7f0318e206a1cfbb4c3960d98b429e9db","graphdb/src/main/java/com/tinkerpop/blueprints/impls/orient/OrientElement.java","86","0","26","10","406","742","1"
"mcMMO","6964f7adfcc76a91b4cbf091261c447df3fa6bc6","src/main/java/com/gmail/nossr50/skills/gathering/WoodCutting.java","86","0","3","1","314","451","2"
"elasticsearch","459a05168c7577134ab4b4e5131ee81a0dc81fe0","src/main/java/org/elasticsearch/threadpool/ThreadPool.java","86","0","3","30","643","785","1"
"elasticsearch","573cacab54c114b04912b5876fa81d61e0317b8b","src/main/java/org/elasticsearch/threadpool/ThreadPool.java","86","0","3","31","647","791","0"
"elasticsearch","5706858722452b13465b15930e4f4cb2e8286449","src/main/java/org/elasticsearch/index/get/ShardGetService.java","86","0","3","4","338","431","0"
"orientdb","9cf416121d18f72a85f2135ddbd9a4fa47522967","graphdb/src/main/java/com/orientechnologies/orient/graph/sql/OCommandExecutorSQLDeleteEdge.java","86","0","3","8","299","408","0"
"hazelcast","e4ed42188bd7ebeb79a2e27a912ba50f6b43ed9b","hazelcast/src/test/java/com/hazelcast/test/HazelcastTestSupport.java","86","0","3","86","786","959","2"
"hazelcast","cb32444b6c11c96e4656a9a7e8b35e99418829f9","hazelcast/src/main/java/com/hazelcast/config/Config.java","86","0","34","112","1036","1425","1"
"elasticsearch","371c73e14023917f3892090d2d3d7ff9ac1216b9","core/src/main/java/org/elasticsearch/index/translog/Translog.java","86","0","34","60","949","1327","3"
"elasticsearch","90f2f1da8429fbb7779c673d0fa583a4e6e3a383","src/main/java/org/elasticsearch/plugins/PluginsService.java","86","0","4","13","460","614","0"
"elasticsearch","b8d7b83f8ecf96b8eff753df31422198ff295eda","core/src/test/java/org/elasticsearch/search/aggregations/pipeline/moving/avg/MovAvgIT.java","86","0","4","19","1058","1374","0"
"titan","736f1d41ff7db602e3836a89eae80f29f2f9c4dc","titan-test/src/main/java/com/thinkaurelius/titan/graphdb/TitanGraphTest.java","86","0","4","24","1210","1502","1"
"elasticsearch","f208aaa47c277d323d52b79241cfb8eef64b5e90","core/src/test/java/org/elasticsearch/index/engine/InternalEngineTests.java","86","0","4","46","1599","2023","3"
"elasticsearch","ef88943e6ecc9ff6e9351b3f46ee722d048645cc","core/src/main/java/org/elasticsearch/index/mapper/FieldMapper.java","86","0","4","46","538","693","1"
"netty","8bf8252060fdc04b7dcf147140154db87a51c8bd","transport/src/main/java/io/netty/channel/nio/NioEventLoop.java","86","0","5","0","484","687","1"
"netty","cad7c1f1b0e23a4a1320d967b17aafcaa0119ace","transport/src/main/java/io/netty/channel/nio/NioEventLoop.java","86","0","5","0","491","679","0"
"netty","2bda1b530adad4e92039c3e16fc08044634f0cd8","transport/src/main/java/io/netty/channel/nio/NioEventLoop.java","86","0","5","0","493","687","0"
"MapDB","ed1119fe8a34047fc684d585c7ac95020c90dd14","src/main/java/org/mapdb/Serializer.java","86","0","5","29","1304","1774","2"
"elasticsearch","a3cefd919e81fd7c2c171426b64aa3357bfa6db4","src/main/java/org/elasticsearch/action/get/MultiGetRequest.java","86","0","5","44","416","525","2"
"elasticsearch","e83c728265651aff4c895d1efeccae45e07d2914","core/src/main/java/org/elasticsearch/action/get/MultiGetRequest.java","86","0","6","46","424","541","2"
"elasticsearch","a518599e27047549347ac58d66d66b7bfd27f988","core/src/main/java/org/elasticsearch/action/get/MultiGetRequest.java","86","0","6","46","432","549","2"
"mcMMO","ad4ee6f4024e1f8ce1be15c14d4dfceeddb1d17b","src/main/java/com/gmail/nossr50/skills/fishing/FishingManager.java","86","0","6","9","413","606","0"
"hazelcast","b13177055f1d59e2658dad940a812bc04a7bf5f6","hazelcast/src/main/java/com/hazelcast/internal/cluster/impl/ClusterJoinManager.java","86","0","7","2","536","723","2"
"elasticsearch","3a0dd59a15c49f5be0483658f44bd411f62e1ac5","core/src/main/java/org/apache/lucene/search/suggest/analyzing/XAnalyzingSuggester.java","86","0","9","16","711","1135","0"
"elasticsearch","5278cf0d5e1afa6cf6d0959e839c0ed2408908f8","core/src/main/java/org/apache/lucene/search/suggest/analyzing/XAnalyzingSuggester.java","86","0","9","17","711","1137","0"
"ceylon-ide-eclipse","d3feef47c352a951ae2a94fccadabac6cdc24696","plugins/com.redhat.ceylon.eclipse.ui/src/com/redhat/ceylon/eclipse/code/refactor/MoveOutRefactoring.java","87","0","0","10","567","619","0"
"ceylon-ide-eclipse","005084853f384f82e0b63fbef7fdd5e1effcefea","plugins/com.redhat.ceylon.eclipse.ui/src/com/redhat/ceylon/eclipse/code/refactor/MoveOutRefactoring.java","87","0","0","10","573","625","0"
"mcMMO","fb8592495d54013325bf73a1bee771ec242d9315","src/main/java/com/gmail/nossr50/database/FlatfileDatabaseManager.java","87","0","0","12","717","899","2"
"elasticsearch","3b7928d568929afa064d4a78ecff78523a0f7911","src/main/java/org/elasticsearch/rest/action/cat/RestNodesAction.java","87","0","0","3","245","321","1"
"mcMMO","f9dfec5bd00421e9c380c644cbaca744240d0e9a","src/main/java/com/gmail/nossr50/config/treasure/TreasureConfig.java","87","0","0","4","350","438","0"
"elasticsearch","51d53791fe71c9cb62bc992588a57cdfb500383f","core/src/main/java/org/elasticsearch/rest/action/cat/RestTable.java","87","0","0","7","307","372","0"
"elasticsearch","b6cdb1d8fb68a747686c2a8cf35e32124b60e544","src/main/java/org/elasticsearch/index/mapper/core/TypeParsers.java","87","0","1","10","329","383","1"
"elasticsearch","5babf598130504a713a90990e98dff857353a29d","src/main/java/org/elasticsearch/discovery/zen/ZenDiscovery.java","87","0","1","10","760","971","2"
"orientdb","072de68013d30fdb0086b3af332c2d4ef3b3038c","core/src/test/java/com/orientechnologies/orient/core/index/sbtree/local/SBTreeTest.java","87","0","1","17","500","663","0"
"orientdb","a6366e3af3a3ac8bcc2c055cc837d28536384916","core/src/test/java/com/orientechnologies/orient/core/index/sbtree/local/SBTreeTest.java","87","0","1","17","551","720","1"
"hazelcast","525c34cddd7f4e08d674611e177bab103e4d1881","hazelcast/src/test/java/com/hazelcast/query/QueryTest.java","87","0","1","39","888","957","2"
"hazelcast","82fcc4c7c87097d1719bb56112aec0fafdb6bc0e","hazelcast/src/test/java/com/hazelcast/query/QueryTest.java","87","0","1","39","889","958","1"
"elasticsearch","2b3760f78b26817b5a2030aa27b1ddf2f17462f6","core/src/main/java/org/elasticsearch/rest/action/cat/RestTable.java","87","0","1","6","307","374","1"
"elasticsearch","0a07ce8916ad6c51be8c19cfa2cf7202382fbd93","src/main/java/org/elasticsearch/action/support/replication/TransportShardReplicationOperationAction.java","87","0","1","7","699","877","2"
"elasticsearch","3d13c27fa0df12018f35f1b20987c90277e9b6f9","core/src/main/java/org/elasticsearch/action/support/replication/TransportReplicationAction.java","87","0","1","7","898","1191","1"
"elasticsearch","8eee28e798fdd8b4e6c18d7a908872f4829f9c00","core/src/main/java/org/elasticsearch/action/support/replication/TransportReplicationAction.java","87","0","1","7","899","1202","0"
"BroadleafCommerce","663f9520dacb59459f8033c8736be33d9fc3d58d","core/broadleaf-framework/src/main/java/org/broadleafcommerce/core/catalog/domain/CategoryImpl.java","87","0","1","88","946","1122","3"
"BroadleafCommerce","7b9aa55bd6d500883c6c7f76960b38c364d327ae","core/broadleaf-framework/src/main/java/org/broadleafcommerce/core/offer/service/processor/OrderOfferProcessorImpl.java","87","0","1","9","490","645","2"
"BroadleafCommerce","fcf2ebaf048aa8199952c7c63b351c011f495256","core/broadleaf-framework/src/main/java/org/broadleafcommerce/core/offer/service/processor/OrderOfferProcessorImpl.java","87","0","1","9","490","646","2"
"BroadleafCommerce","0c21b421c1d9c38444c820eea84cad34979e3b37","core/broadleaf-framework/src/main/java/org/broadleafcommerce/core/catalog/domain/CategoryImpl.java","87","0","1","95","1024","1217","7"
"netty","ebf33c6e3b3ec94965c07defe2e79f7edec7f64d","handler/src/main/java/io/netty/handler/ssl/SslHandler.java","87","0","10","12","530","848","2"
"netty","2bb114bcb72f467cfa3ac730493ef2270193dffa","handler/src/main/java/io/netty/handler/ssl/SslHandler.java","87","0","10","12","547","867","1"
"elasticsearch","1654ae89379aeea586cbdff45a0b1d0cf4d00ebd","src/main/java/org/elasticsearch/index/mapper/geo/GeoPointFieldMapper.java","87","0","11","33","582","739","1"
"elasticsearch","93beea1f670f1e0d53bc3fd3ee671bc235d5f1aa","core/src/main/java/org/elasticsearch/cluster/routing/RoutingNodes.java","87","0","12","60","595","805","1"
"elasticsearch","165ee4ac7f4a41d670ed0fffbd4adfa342a2bd8c","core/src/main/java/org/elasticsearch/common/io/stream/StreamInput.java","87","0","14","25","434","565","1"
"elasticsearch","1fdef91fc2ce4c133ed4700eb14e68afd1855ee1","modules/elasticsearch/src/main/java/org/elasticsearch/index/mapper/MapperService.java","87","0","15","12","447","609","0"
"orientdb","3295eb48bfd07ff939497a0b6cde8a001dfb4ad2","core/src/main/java/com/orientechnologies/orient/core/sql/OSQLHelper.java","87","0","2","10","273","394","0"
"elasticsearch","904bee12bc3a3ea4891fe40e8c894f8a52d174a7","modules/elasticsearch/src/main/java/org/elasticsearch/search/internal/InternalSearchHit.java","87","0","2","47","538","639","0"
"hazelcast","879cf4ddd645191f0cae75aa72e9d43df6e142a8","hazelcast-client/src/main/java/com/hazelcast/client/cache/impl/NearCachedClientCacheProxy.java","87","0","2","5","747","925","0"
"hazelcast","55311d4ef9b24337f90283fc1328953969f98733","hazelcast-client/src/main/java/com/hazelcast/client/cache/impl/NearCachedClientCacheProxy.java","87","0","2","5","750","927","1"
"elasticsearch","20177f6eeefe0ce9a65bd51d10e06c6f26c3c33f","core/src/main/java/org/elasticsearch/index/mapper/TypeParsers.java","87","0","2","9","345","411","1"
"BroadleafCommerce","4f4240542cd5ef16563fbc1ad13d9895d84cb290","admin/broadleaf-open-admin-platform/src/main/java/org/broadleafcommerce/openadmin/web/controller/entity/AdminBasicEntityController.java","87","0","20","5","959","1544","2"
"BroadleafCommerce","fcf24dee7c3f0aeaf18af14e19eb5a1df17a3f3b","admin/broadleaf-open-admin-platform/src/main/java/org/broadleafcommerce/openadmin/web/controller/entity/AdminBasicEntityController.java","87","0","20","5","960","1545","5"
"elasticsearch","423b0f5e3d30430c00f18f621c88fe2fcd44e1aa","core/src/main/java/org/elasticsearch/ingest/IngestDocument.java","87","0","20","8","484","703","0"
"orientdb","527d45bb551f10351ecbd295abd46f84c7349784","graphdb/src/main/java/com/tinkerpop/blueprints/impls/orient/OrientElement.java","87","0","26","10","406","742","0"
"elasticsearch","9f1d11696726bbe54a7a98a6c7fa0c7febf60c63","core/src/main/java/org/elasticsearch/env/NodeEnvironment.java","87","0","27","9","700","1026","0"
"elasticsearch","1959275622ca35997420213d979a1724944aa4f6","src/main/java/org/elasticsearch/index/mapper/core/DateFieldMapper.java","87","0","3","33","562","685","3"
"hazelcast","f037df903225ed43b334b83fcc3a038db05b6124","hazelcast/src/test/java/com/hazelcast/query/QueryTest.java","87","0","3","44","997","1090","0"
"hazelcast","42627a464eac6fd373ab45cf8829640c57181ff9","hazelcast/src/test/java/com/hazelcast/query/QueryTest.java","87","0","3","45","1012","1099","2"
"hazelcast","331bc0f4304600231209ea613c6ccc84c2641cca","hazelcast/src/test/java/com/hazelcast/test/HazelcastTestSupport.java","87","0","3","86","794","968","1"
"hazelcast","07c225fdc9369c9e20abb2e86eab2f11b6482bef","hazelcast/src/main/java/com/hazelcast/config/Config.java","87","0","33","122","1083","1480","2"
"hazelcast","951ffdc2e22a155ef94f1bfaaea080af2efc64d6","hazelcast/src/main/java/com/hazelcast/config/Config.java","87","0","33","123","1087","1485","0"
"elasticsearch","d8f16178d3f21b4f9d17da12e7aa61613fc2c27a","src/main/java/org/elasticsearch/plugins/PluginsService.java","87","0","4","13","434","586","1"
"elasticsearch","07c9b5b08d985a270e36f2cac790d7450d8a7905","src/main/java/org/elasticsearch/plugins/PluginsService.java","87","0","4","13","438","593","0"
"elasticsearch","bf7f97d22fe41433bacb45e4f6479665612d0762","src/main/java/org/elasticsearch/plugins/PluginsService.java","87","0","4","13","439","594","0"
"elasticsearch","defecb3f800dac296263d96d94fd46df8f337def","src/main/java/org/elasticsearch/plugins/PluginsService.java","87","0","4","13","459","613","1"
"BroadleafCommerce","7467f1200927011c61223df68edb5cfddfc107e7","core/broadleaf-framework/src/main/java/org/broadleafcommerce/core/search/service/solr/SolrSearchServiceImpl.java","87","0","4","18","636","1016","2"
"titan","b428f3b0b34bc81d67ec83b7203320ba2578bf89","titan-test/src/main/java/com/thinkaurelius/titan/graphdb/TitanGraphTest.java","87","0","4","24","1222","1513","0"
"orientdb","8ef80aad48427dc14125f486b8e25c083f6afed5","core/src/main/java/com/orientechnologies/orient/core/index/OIndexManagerShared.java","87","0","4","9","483","665","1"
"netty","0c733e14256715e64003a47aa75083c47c781208","transport/src/main/java/io/netty/channel/nio/NioEventLoop.java","87","0","5","0","486","692","0"
"elasticsearch","f16451a4464fe7d0a32d41693fc8c3f517610417","src/main/java/org/elasticsearch/Version.java","87","0","5","14","423","509","1"
"elasticsearch","d435fae06787c0e9b648004275a2d8d808ba318e","src/test/java/org/elasticsearch/search/aggregations/pipeline/moving/avg/MovAvgTests.java","87","0","5","19","1086","1446","1"
"elasticsearch","eb23530e066f9239238f8ecd47d80ed00b92b7be","core/src/test/java/org/elasticsearch/search/aggregations/pipeline/moving/avg/MovAvgTests.java","87","0","5","19","1086","1446","1"
"elasticsearch","2dfcefb02c704bac01819e3889f97ddd6c4d033a","src/test/java/org/elasticsearch/search/aggregations/pipeline/moving/avg/MovAvgTests.java","87","0","5","19","1086","1446","0"
"elasticsearch","6174e21f47244b6d5153d7d0cc1fe28fe863399d","core/src/main/java/org/elasticsearch/index/IndexService.java","87","0","5","26","730","896","1"
"elasticsearch","3aed047bdedde1bda189cbfc2f81e65af42e57c5","core/src/main/java/org/elasticsearch/index/IndexService.java","87","0","5","26","731","897","0"
"elasticsearch","94087b3274c1f4c98c100886e4ad9aefd32c4582","core/src/main/java/org/elasticsearch/action/search/SearchPhaseController.java","87","0","6","5","485","597","0"
"MapDB","7041a7d4fb7ad6f41fc486628c4ba96c4dd2486a","src/main/java/org/mapdb/Pump.java","87","0","6","7","640","924","1"
"mcMMO","c612036db3f5ec821df09cc79d7610c93f09101b","src/main/java/com/gmail/nossr50/skills/fishing/FishingManager.java","87","0","6","9","416","611","0"
"hazelcast","59c4822d4ad5dfac4cecd11231280baa33d4aa35","hazelcast/src/main/java/com/hazelcast/map/proxy/MapProxySupport.java","88","0","0","0","643","725","1"
"mcMMO","10dd7619bf774c1eb885e267db2a161908e38cc0","src/main/java/com/gmail/nossr50/config/treasure/TreasureConfig.java","88","0","0","4","352","441","0"
"elasticsearch","b2b7506ace3d6c873807e23ca7212a1e7ef83ea7","src/test/java/org/elasticsearch/search/MultiValueModeTests.java","88","0","0","9","474","546","1"
"elasticsearch","16446440e477b7e3d11f97bd3e95894c9b7bd986","src/test/java/org/elasticsearch/search/MultiValueModeTests.java","88","0","0","9","476","548","0"
"elasticsearch","e70a8d4ee986d0d80457aa7c65eb6f40e28c2805","src/main/java/org/elasticsearch/action/support/replication/TransportShardReplicationOperationAction.java","88","0","1","0","756","1005","1"
"MapDB","3cd5bcff8ac398c759a6c5895c5d2eff1b728469","src/main/java/org/mapdb/StoreWAL.java","88","0","1","12","558","755","0"
"hazelcast","6a57bfa658b8c7afd17423b605703a9fe37a4b49","hazelcast-client/src/main/java/com/hazelcast/client/connection/nio/ClientConnectionManagerImpl.java","88","0","1","18","705","849","1"
"BroadleafCommerce","dec5875d19f0949821afd04dc6435068612ed7c2","core/broadleaf-framework/src/main/java/org/broadleafcommerce/core/offer/service/processor/OrderOfferProcessorImpl.java","88","0","1","9","491","652","0"
"BroadleafCommerce","a943eeae9ff5398e1779755ad265d6e1eb0e094c","core/broadleaf-framework/src/main/java/org/broadleafcommerce/core/offer/service/processor/OrderOfferProcessorImpl.java","88","0","1","9","491","655","0"
"elasticsearch","c315d54c2a6695301512fecdccb8f7de22e3ccfe","core/src/main/java/org/elasticsearch/common/io/stream/StreamInput.java","88","0","14","25","445","575","0"
"elasticsearch","075047065d5dd692d0a74f6ca70e796880f84df1","core/src/main/java/org/elasticsearch/indices/cluster/IndicesClusterStateService.java","88","0","18","7","549","812","1"
"elasticsearch","c88452dc80f8ec32aecc7952e41b4fb303f69bee","core/src/main/java/org/elasticsearch/indices/cluster/IndicesClusterStateService.java","88","0","18","7","552","815","0"
"elasticsearch","7b5e6512608adcb9e32a29a2185afe7f6f412945","core/src/main/java/org/elasticsearch/indices/cluster/IndicesClusterStateService.java","88","0","18","7","567","830","0"
"elasticsearch","4a14c635c8e5fc598bfff92680fe0d6052004a05","src/main/java/org/elasticsearch/index/store/Store.java","88","0","19","28","707","1019","1"
"netty","427b784c6e9acd658024dc86b7906482b0dd2d71","src/main/java/io/netty/channel/DefaultChannelPipeline.java","88","0","2","27","676","828","0"
"hazelcast","5f401c5a7cd66c9419852d8bf95a871995d95c6e","hazelcast-client/src/main/java/com/hazelcast/client/cache/impl/NearCachedClientCacheProxy.java","88","0","2","5","733","908","0"
"hazelcast","d041266118126d445f010f961e936ce8f540a573","hazelcast-client/src/main/java/com/hazelcast/client/cache/impl/NearCachedClientCacheProxy.java","88","0","2","5","733","908","0"
"hazelcast","4ab995db3a55c7d4b5ca4d69101a50d3b19a88f8","hazelcast-client/src/main/java/com/hazelcast/client/cache/impl/NearCachedClientCacheProxy.java","88","0","2","5","733","908","1"
"elasticsearch","14d37baa4bcbae00896d8aa69f6b52aab7ba5e14","core/src/main/java/org/elasticsearch/indices/IndicesService.java","88","0","20","10","773","1061","2"
"elasticsearch","baa2d51e599bdb901e472d15cc0251e6712c1d25","core/src/main/java/org/elasticsearch/indices/IndicesService.java","88","0","20","10","774","1062","1"
"BroadleafCommerce","6d0bcb2414cc6cc3c7f0477dc197ef425dac623d","admin/broadleaf-open-admin-platform/src/main/java/org/broadleafcommerce/openadmin/web/controller/entity/AdminBasicEntityController.java","88","0","20","5","962","1549","1"
"BroadleafCommerce","e216da5ebb303680f5c60ffcd75979f5876ab5a6","admin/broadleaf-open-admin-platform/src/main/java/org/broadleafcommerce/openadmin/web/controller/entity/AdminBasicEntityController.java","88","0","20","5","968","1555","0"
"elasticsearch","2f6405ee277ec64269dd13fdfbd8445f96b4516d","core/src/main/java/org/elasticsearch/indices/IndicesService.java","88","0","20","9","783","1077","1"
"elasticsearch","f6f129b21fe02da03fdb81f3d4bb2c6aab613573","core/src/main/java/org/elasticsearch/env/NodeEnvironment.java","88","0","25","8","703","1014","1"
"netty","c4441642bb26647afd64f9011644c4b904b03505","common/src/main/java/io/netty/util/internal/PlatformDependent.java","88","0","26","17","569","822","1"
"elasticsearch","764f7ef2ef09f6382e6d78dff8841b4396c17939","core/src/main/java/org/elasticsearch/env/NodeEnvironment.java","88","0","27","9","702","1025","2"
"mcMMO","a9ea2e01372eb2c12d16227f37474caddf048a65","src/main/java/com/gmail/nossr50/skills/gathering/WoodCutting.java","88","0","3","1","318","458","1"
"hazelcast","df0d7fd83bf0ba427592c2727a417af3136f8d5f","hazelcast/src/test/java/com/hazelcast/map/mapstore/MapStoreTest.java","88","0","3","114","1662","1942","1"
"elasticsearch","3ed0da5a586e8a3d12016aa517ab46032353d179","core/src/main/java/org/elasticsearch/index/mapper/FieldMapper.java","88","0","3","44","520","664","2"
"elasticsearch","2bd09c4625898d77aa6c015c6f82cf973ed18cb7","core/src/main/java/org/elasticsearch/index/mapper/core/TypeParsers.java","88","0","3","7","358","420","1"
"hazelcast","67235ce99477aeeecc86d225926b6456b7ceef20","hazelcast/src/test/java/com/hazelcast/test/HazelcastTestSupport.java","88","0","3","86","807","983","2"
"netty","01eb428b39156e61624dae303ae9772ba3424b36","common/src/main/java/io/netty/util/internal/StringUtil.java","88","0","31","0","383","634","0"
"elasticsearch","d2507c4ac0477f28b441f83eeac07786fb8f42b4","core/src/main/java/org/elasticsearch/cluster/routing/ShardRouting.java","88","0","31","14","491","749","0"
"elasticsearch","a6510f924520d8cdda2636ac85a1a1e43f6dfb8c","src/main/java/org/elasticsearch/plugins/PluginsService.java","88","0","4","13","456","606","0"
"BroadleafCommerce","1c43b7a4fe73f3e198ffbfdf1fa7f956afc6083a","core/broadleaf-framework/src/main/java/org/broadleafcommerce/core/search/service/solr/SolrSearchServiceImpl.java","88","0","4","14","611","939","9"
"BroadleafCommerce","e954b7cc61eea90f4b08724d934afd49cb85fd23","core/broadleaf-framework/src/main/java/org/broadleafcommerce/core/search/service/solr/SolrSearchServiceImpl.java","88","0","4","14","612","941","10"
"elasticsearch","bdf146ded657052b6bfcd71b75d7e466f907b71c","src/main/java/org/elasticsearch/index/store/Store.java","88","0","4","15","573","705","0"
"elasticsearch","b2c48766266db13241b8fc1503453012570238c0","src/main/java/org/elasticsearch/index/store/Store.java","88","0","4","16","576","709","0"
"BroadleafCommerce","3ff8d6172e8a8daa788bca466a0ef09851d994cf","core/broadleaf-framework/src/main/java/org/broadleafcommerce/core/search/service/solr/SolrSearchServiceImpl.java","88","0","4","18","636","1017","2"
"elasticsearch","6fe9ae29ea3b66d38dfde4ae1394106b725475e9","core/src/main/java/org/elasticsearch/index/mapper/FieldMapper.java","88","0","4","44","523","674","3"
"elasticsearch","bbf8f3499b32e0ccf5441f5ae54e09e1a93af3ab","core/src/main/java/org/elasticsearch/index/mapper/FieldMapper.java","88","0","4","44","530","682","2"
"elasticsearch","a76d914cfa4c4ff2a866b8f1539c5cb3ef48afbb","src/main/java/org/elasticsearch/search/internal/InternalSearchHit.java","88","0","4","48","576","686","0"
"hazelcast","268d983e8f25e4c5673b03bbcfe6256da34c533d","hazelcast/src/main/java/com/hazelcast/map/DefaultRecordStore.java","88","0","4","50","838","1012","0"
"hazelcast","7a8d9282ca206e921934a8709d079e3ca00d3c3c","hazelcast/src/main/java/com/hazelcast/map/DefaultRecordStore.java","88","0","4","50","838","1012","0"
"hazelcast","7a8d9282ca206e921934a8709d079e3ca00d3c3c","hazelcast/src/main/java/com/hazelcast/map/DefaultRecordStore.java","88","0","4","50","838","1012","0"
"hazelcast","b96d74ba9cec4630d8114eec9570e9dccbd2dabf","hazelcast/src/main/java/com/hazelcast/map/DefaultRecordStore.java","88","0","4","50","838","1012","1"
"hazelcast","258d9e7afe8ee42f04a4ba9f78409157c776c472","hazelcast/src/main/java/com/hazelcast/map/impl/recordstore/DefaultRecordStore.java","88","0","4","52","756","921","0"
"hazelcast","7cc22533262b0346199c023f54ecad19cdcc2ed5","hazelcast/src/main/java/com/hazelcast/map/impl/recordstore/DefaultRecordStore.java","88","0","4","53","764","927","1"
"orientdb","9044dd0caf9bcc3f63a7ba028c7d8ddef92ddb2f","core/src/main/java/com/orientechnologies/orient/core/index/OIndexManagerShared.java","88","0","4","9","485","664","0"
"elasticsearch","73e4a9b3f7a70be5b02aadd05f0f2e88423d933a","src/main/java/org/elasticsearch/Version.java","88","0","5","14","427","513","0"
"netty","e59ac8e79b14aaf5ac9899234d0aa8b82a4e00ce","transport/src/main/java/io/netty/channel/AbstractChannel.java","88","0","5","33","732","929","0"
"netty","2903b91e66c6e6615b7ba67c8c6ff286e392ad95","transport/src/main/java/io/netty/channel/AbstractChannel.java","88","0","5","33","733","931","0"
"netty","5aa679fec74f749bd68278c1b42a51e2da2dd8f9","transport/src/main/java/io/netty/channel/AbstractChannel.java","88","0","5","33","735","1000","0"
"netty","3e783e1b5e9d067271bc8e398230e056379baa75","transport/src/main/java/io/netty/channel/AbstractChannel.java","88","0","5","33","738","936","0"
"elasticsearch","5706858722452b13465b15930e4f4cb2e8286449","src/main/java/org/elasticsearch/action/get/MultiGetRequest.java","88","0","5","45","428","539","0"
"mcMMO","df77b9d0ed4fa299a3804c619aa740012fd31b0c","src/main/java/com/gmail/nossr50/skills/fishing/FishingManager.java","88","0","6","10","423","618","1"
"mcMMO","445f805bb852cbb93d3824522de67c1400a47298","src/main/java/com/gmail/nossr50/skills/fishing/FishingManager.java","88","0","6","10","424","620","0"
"MapDB","09ad5ffff24cee29d88ebf117a13dde8d7f069d6","src/main/java/org/mapdb/Pump.java","88","0","6","7","642","926","0"
"elasticsearch","ad4dbbf1a61680da70f22f7f5d6f0566d273829a","core/src/main/java/org/elasticsearch/index/IndexService.java","88","0","7","24","754","932","1"
"elasticsearch","776e5d8096c7ddea8996d8c70165f6971aadd776","core/src/main/java/org/elasticsearch/action/get/MultiGetRequest.java","88","0","7","46","430","551","1"
"elasticsearch","78574d248cf10dad1c5a566fda79e1e0c94afe43","core/src/main/java/org/apache/lucene/search/suggest/analyzing/XAnalyzingSuggester.java","88","0","9","17","768","1215","1"
"elasticsearch","e6aaaf11ed4a1b8f595f920de1840938eddb7a97","core/src/main/java/org/apache/lucene/search/suggest/analyzing/XAnalyzingSuggester.java","88","0","9","17","768","1215","1"
"elasticsearch","a60b8948ba1d836a6eac7cff095519e618939ed8","core/src/main/java/org/apache/lucene/search/suggest/analyzing/XAnalyzingSuggester.java","88","0","9","17","768","1215","0"
"hazelcast","ee5e7f4ba7a707428cb92093834717d1c377bb53","hazelcast/src/main/java/com/hazelcast/map/impl/proxy/MapProxySupport.java","89","0","0","0","812","977","4"
"hazelcast","ebc20f503b5494875786c149722b52cfb7e0e7cc","hazelcast/src/main/java/com/hazelcast/map/impl/proxy/MapProxySupport.java","89","0","0","0","816","983","4"
"hazelcast","0da2a04eaab1daf7ee512f8b079a4eef0c81751a","hazelcast/src/main/java/com/hazelcast/map/impl/proxy/MapProxySupport.java","89","0","0","0","817","981","3"
"hazelcast","885f1eefdc46401172ff94d6e64513355586739a","hazelcast/src/main/java/com/hazelcast/map/impl/proxy/MapProxySupport.java","89","0","0","0","817","982","3"
"netty","d7bfd44e1093740c573f855972b73ea19eccd8bc","transport/src/main/java/io/netty/channel/DefaultChannelPipeline.java","89","0","0","0","945","1202","0"
"ceylon-ide-eclipse","d6127721abd20f0795ade6de08181b851fe8c37f","plugins/com.redhat.ceylon.eclipse.ui/src/com/redhat/ceylon/eclipse/code/refactor/DeleteRefactoring.java","89","0","0","12","552","588","1"
"ceylon-ide-eclipse","6384e257025a106f4251bd5d9b6fe82a75ef7e9f","plugins/com.redhat.ceylon.eclipse.ui/src/com/redhat/ceylon/eclipse/code/refactor/DeleteRefactoring.java","89","0","0","12","554","590","0"
"ceylon-ide-eclipse","4bdaaa3c1c39e8234cfc44d54ec70d6d0a929d27","plugins/com.redhat.ceylon.eclipse.ui/src/com/redhat/ceylon/eclipse/code/open/OpenCeylonDeclarationDialog.java","89","0","0","3","607","680","0"
"neo4j","f720e394ba43a8300917afd767c602d0a43508af","community/import-tool/src/test/java/org/neo4j/tooling/ImportToolTest.java","89","0","0","57","1818","2313","0"
"elasticsearch","c7b1f9946f967768faea7f062c46e41dfcdbfd0b","src/main/java/org/elasticsearch/discovery/zen/ZenDiscovery.java","89","0","1","10","767","979","1"
"MapDB","1863c2c2658e9161b6acf166b705e1692c170397","src/main/java/org/mapdb/StoreWAL.java","89","0","1","12","567","768","0"
"MapDB","939644c06afd0fad14c8a3c6287b2538fce85964","src/main/java/org/mapdb/StoreWAL.java","89","0","1","12","568","769","1"
"hazelcast","2534b95d1b9d26ff221548d74c8f6c001882c35d","hazelcast/src/test/java/com/hazelcast/nio/serialization/PortableTest.java","89","0","1","13","675","845","1"
"neo4j","a56852e67a55b8634373cc4bd44e3181e0e9cd94","community/cypher/cypher/src/main/java/org/neo4j/cypher/internal/codegen/CompiledConversionUtils.java","89","0","1","19","437","495","0"
"neo4j","069eee1cb4c9380fb9187ecdaaa3df7e3cdcdb6b","community/cypher/cypher/src/main/java/org/neo4j/cypher/internal/codegen/CompiledConversionUtils.java","89","0","1","19","438","496","1"
"orientdb","cda93b19cf4a2e4b9f7653145d5d6d0feeeedf98","core/src/main/java/com/orientechnologies/orient/core/sql/executor/FetchFromIndexStep.java","89","0","1","6","428","494","0"
"elasticsearch","2f10300a03f8667b71545d75df07dbb3623add11","core/src/main/java/org/elasticsearch/plugins/PluginManager.java","89","0","1","6","510","658","0"
"elasticsearch","65fccb9478b4b65fc303b28edc6d7b95560cf892","core/src/main/java/org/elasticsearch/plugins/PluginManager.java","89","0","1","6","510","658","0"
"elasticsearch","82eb5d299a37754eef8623e7e759cbbf32d029f1","core/src/main/java/org/elasticsearch/plugins/PluginManager.java","89","0","1","6","510","658","0"
"elasticsearch","cb3122baab4c3c26b3343dc02e5489bfdadd8550","core/src/main/java/org/elasticsearch/plugins/PluginManager.java","89","0","1","6","510","658","0"
"elasticsearch","fcc2c19600030db66c7b31a035bca9e311b945e5","core/src/main/java/org/elasticsearch/plugins/PluginManager.java","89","0","1","6","510","658","0"
"elasticsearch","ae73979e4bfbbf114b6675c63b38955d912cda7e","core/src/main/java/org/elasticsearch/plugins/PluginManager.java","89","0","1","6","510","658","1"
"elasticsearch","f8e802c0285154c0cc9fc3956dc7e9adbdf1f355","core/src/main/java/org/elasticsearch/action/support/replication/TransportReplicationAction.java","89","0","1","6","778","1027","3"
"elasticsearch","3b192cfc7488a02387501a598fe177234d4149ae","core/src/main/java/org/elasticsearch/action/support/replication/TransportReplicationAction.java","89","0","1","6","779","1028","1"
"elasticsearch","04c573104f3a095102ce8f276fdc9762c70fe7d6","src/main/java/org/elasticsearch/plugins/PluginManager.java","89","0","1","8","430","547","2"
"netty","3f1478b653dfa0f815a4f5c9b77dd3bad81832fe","handler/src/main/java/io/netty/handler/ssl/SslHandler.java","89","0","10","12","530","845","1"
"mcMMO","f62e053a84b1782e67f8ce968bd72f9452b7f73e","src/main/java/com/gmail/nossr50/datatypes/player/PlayerProfile.java","89","0","10","16","505","679","1"
"elasticsearch","521f804c7dcb3173efca2abbeabedb901b2bd2d7","src/main/java/org/elasticsearch/index/mapper/MapperService.java","89","0","11","23","552","719","0"
"elasticsearch","1a8495d1d66df0b53e7aaa001f6236a46473dfd9","core/src/main/java/org/elasticsearch/common/io/stream/StreamInput.java","89","0","13","26","446","579","1"
"mcMMO","906609696ba9474feaea2fb501e669f69f8cbdba","src/main/java/com/gmail/nossr50/util/BlockUtils.java","89","0","15","1","199","328","0"
"neo4j","3ed66e89e2124dbaed80bc06de50f8f2bb7df860","community/kernel/src/main/java/org/neo4j/kernel/impl/store/CommonAbstractStore.java","89","0","16","20","956","1306","1"
"neo4j","2b66b6d2bf73d370a812ec94eeb5518e16136ed8","community/kernel/src/main/java/org/neo4j/kernel/impl/transaction/TxManager.java","89","0","2","25","857","1011","0"
"neo4j","ee1618f470a8d79a1de5eabbca1e28ab110056c8","community/kernel/src/main/java/org/neo4j/kernel/impl/transaction/TxManager.java","89","0","2","26","862","1052","1"
"BroadleafCommerce","03ef1e64f0b73a534f7f17ed234e64e636e85407","core/broadleaf-framework/src/main/java/org/broadleafcommerce/core/offer/service/processor/AbstractBaseProcessor.java","89","0","2","3","385","540","2"
"neo4j","7cab1fb27831b3107659bee768e6124f0d2f1ea1","community/bolt/src/main/java/org/neo4j/bolt/v1/packstream/PackStream.java","89","0","2","38","552","704","1"
"elasticsearch","e29343dcca30d37a92d4b27f1dfabae561cda0fa","src/main/java/org/elasticsearch/search/internal/InternalSearchHit.java","89","0","2","48","577","677","0"
"netty","19422972e3f6515bfc45b3a9950d627256fcabee","common/src/main/java/io/netty/util/internal/PlatformDependent.java","89","0","23","17","565","806","0"
"elasticsearch","a44655763e150522d58cbd8113fb1b30a475b8c7","core/src/main/java/org/elasticsearch/env/NodeEnvironment.java","89","0","25","8","708","1019","2"
"netty","90c65b7157c17816683910156e46cd8ffb186ef9","common/src/main/java/io/netty/util/internal/PlatformDependent.java","89","0","26","17","569","824","0"
"ceylon-ide-eclipse","de19fa2aa3eef384de608ed1686cfffa8b8d970b","plugins/com.redhat.ceylon.eclipse.ui/src/com/redhat/ceylon/eclipse/core/external/ExternalSourceArchiveManager.java","89","0","3","20","454","541","1"
"orientdb","5312522681f367a22f3c3343e73a46e0280e8978","server/src/main/java/com/orientechnologies/orient/server/network/protocol/http/OHttpResponse.java","89","0","3","32","445","578","2"
"orientdb","49646436cee4497bc6b13ed638598cac2c4ae6e6","core/src/main/java/com/orientechnologies/orient/core/config/OStorageConfiguration.java","89","0","3","71","729","998","0"
"hazelcast","8f5ec57b6c8aceecb8210b5dd7ea1de2664f209f","hazelcast/src/test/java/com/hazelcast/test/HazelcastTestSupport.java","89","0","3","91","836","1017","1"
"hazelcast","b96e4af66a2c140164bd62b7599eff0ba055c1d3","hazelcast/src/main/java/com/hazelcast/map/DefaultRecordStore.java","89","0","4","51","836","1014","0"
"hazelcast","78af4f23bcba7ec0288688e1bd9e49f207eac041","hazelcast/src/main/java/com/hazelcast/map/DefaultRecordStore.java","89","0","4","51","836","1015","0"
"hazelcast","b7a82854871f76fbc0bda0c5fec2be699fc46b68","hazelcast/src/main/java/com/hazelcast/map/DefaultRecordStore.java","89","0","4","51","837","1017","1"
"hazelcast","95b93d3d6a2eef3a75a7dae3cd2cbb53d02628a3","hazelcast/src/main/java/com/hazelcast/map/impl/recordstore/DefaultRecordStore.java","89","0","4","53","765","932","0"
"hazelcast","1f231b04eb6c1f8be9ff637ba3c60b7a2e90d994","hazelcast/src/main/java/com/hazelcast/map/impl/recordstore/DefaultRecordStore.java","89","0","4","53","769","932","2"
"netty","81e2db10faaf0389f4e1af8c7132210946203157","buffer/src/main/java/io/netty/buffer/Unpooled.java","89","0","46","3","477","847","0"
"hazelcast","3d6bcba501e62df97fb0d222eb966362c2951a5c","hazelcast/src/main/java/com/hazelcast/internal/cluster/impl/ClusterJoinManager.java","89","0","7","1","549","752","0"
"hazelcast","e1b69c53ca4923affcd7722f012a80e32517e988","hazelcast/src/main/java/com/hazelcast/internal/cluster/impl/ClusterJoinManager.java","89","0","7","1","549","752","0"
"hazelcast","ba37274b98bec73967e5bb3dc5ee687387fb79d6","hazelcast/src/main/java/com/hazelcast/internal/cluster/impl/ClusterJoinManager.java","89","0","7","1","549","752","1"
"hazelcast","37c33398f2a7d4f988e71026156f892af426a57e","hazelcast/src/main/java/com/hazelcast/internal/cluster/impl/ClusterJoinManager.java","89","0","7","1","550","753","1"
"elasticsearch","d5b75491dcd679bfe1a3983745b5d5e0553f6dc1","core/src/main/java/org/elasticsearch/threadpool/ThreadPool.java","89","0","7","31","783","1009","0"
"elasticsearch","81898a2e3eda7fc28921302df9b3e3e320220ab6","core/src/main/java/org/elasticsearch/threadpool/ThreadPool.java","89","0","7","31","786","1015","0"
"hazelcast","f4c33973f2e5f804f6743683b11c8a43922bfc7e","hazelcast/src/main/java/com/hazelcast/internal/cluster/impl/ClusterJoinManager.java","89","0","7","4","570","772","1"
"hazelcast","22f709c2362790aad63dcee20c6b8cda20a112b5","hazelcast/src/main/java/com/hazelcast/internal/cluster/impl/ClusterJoinManager.java","89","0","7","4","574","770","1"
"neo4j","74a1a9548eb21aa21d3b16f5433017523684b770","community/shell/src/main/java/org/neo4j/shell/kernel/apps/TransactionProvidingApp.java","89","0","7","7","672","835","1"
"neo4j","136885fdc8d90dee11ce57034b2db343eaadccce","community/shell/src/main/java/org/neo4j/shell/kernel/apps/TransactionProvidingApp.java","89","0","7","7","673","836","0"
"neo4j","31e72727f11b170442df6d1f0f060411ed644dce","community/shell/src/main/java/org/neo4j/shell/kernel/apps/TransactionProvidingApp.java","89","0","7","7","674","837","1"
"neo4j","dc4c2d96ee965fb6411950e6a767a3527872d698","community/shell/src/main/java/org/neo4j/shell/kernel/apps/TransactionProvidingApp.java","89","0","7","7","677","840","0"
"neo4j","1c6e22fad95ec037f0b9c6fd7a9fadb18e8384d1","community/server/src/main/java/org/neo4j/server/rest/transactional/RestRepresentationWriter.java","9","0","0","0","100","128","0"
"hazelcast","fd00b428998b79347ff7bd3489d73603a4fd0f8b","hazelcast/src/main/java/com/hazelcast/transaction/impl/TransactionContextImpl.java","9","0","0","0","102","147","0"
"hazelcast","af0d8659a51a3607722e304883c25c7785761a1b","hazelcast/src/main/java/com/hazelcast/transaction/impl/TransactionContextImpl.java","9","0","0","0","103","148","0"
"elasticsearch","cb5c25ab4fb78c0da392726566ee3d74924454c5","modules/transport-netty4/src/main/java/org/elasticsearch/transport/netty4/ByteBufStreamInput.java","9","0","0","0","106","151","0"
"Android-Universal-Image-Loader","dcb5e7982e71f76bf5aac5830e18c713839ff478","library/src/com/nostra13/universalimageloader/core/ImageLoaderEngine.java","9","0","0","0","112","196","1"
"Android-Universal-Image-Loader","57024a9358adb513b2dc067dced31c2ee3a560ba","library/src/com/nostra13/universalimageloader/core/ImageLoaderEngine.java","9","0","0","0","112","197","0"
"Android-Universal-Image-Loader","56f4df896682733c9979b348e46ba77494851304","library/src/com/nostra13/universalimageloader/core/ImageLoaderEngine.java","9","0","0","0","115","203","0"
"elasticsearch","25fd9e26c4fb042d6f6dea14efcd239577bdbbc4","core/src/main/java/org/elasticsearch/action/search/SearchQueryThenFetchAsyncAction.java","9","0","0","0","116","155","1"
"neo4j","3ec0e927cb481a29815bc3237d2e53fd7cadd271","community/lucene-index/src/main/java/org/neo4j/kernel/api/impl/index/NonUniqueLuceneIndexPopulator.java","9","0","0","0","121","160","0"
"neo4j","562320c0be4006685ed6f086c12ef4e1f1964f3c","community/lucene-index/src/main/java/org/neo4j/kernel/api/impl/index/NonUniqueLuceneIndexPopulator.java","9","0","0","0","122","161","0"
"oryx","0a8756ea6c6cc91b5887bf9c46a69cd9c9546cde","framework/oryx-lambda/src/main/java/com/cloudera/oryx/lambda/batch/BatchUpdateFunction.java","9","0","0","0","123","174","0"
"hazelcast","4f8baf629d95173c017dff426932eaa3919549c0","hazelcast/src/main/java/com/hazelcast/map/impl/recordstore/AbstractRecordStore.java","9","0","0","0","164","220","0"
"hazelcast","59cfed5a2a605d05f05db16eed97f9eefa161bbf","hazelcast/src/main/java/com/hazelcast/map/impl/recordstore/AbstractRecordStore.java","9","0","0","0","165","220","0"
"hazelcast","f773ece7c5225d2f8603c0d7438318533b603a7e","hazelcast/src/main/java/com/hazelcast/map/impl/recordstore/AbstractRecordStore.java","9","0","0","0","167","224","1"
"hazelcast","6e392c9b4872af01a099406913eec5215e018cf7","hazelcast/src/main/java/com/hazelcast/collection/impl/queue/QueueProxySupport.java","9","0","0","0","169","218","0"
"neo4j","2c53d38d8973733dc91743481322988a392fc5b6","community/lucene-index/src/main/java/org/neo4j/kernel/api/impl/schema/ValueEncoding.java","9","0","0","0","180","236","0"
"hazelcast","0cfe240e25d66543c7f5135a5d0b0f891af75f64","hazelcast-client/src/test/java/com/hazelcast/client/map/MapNearCacheInvalidationFromClientTest.java","9","0","0","0","192","247","1"
"neo4j","3483dc70103166165b00d4ccf0bf708f3138399d","community/graph-algo/src/main/java/org/neo4j/graphalgo/impl/util/PriorityMap.java","9","0","0","0","194","264","1"
"netty","f2d8a745b156d7002044076e17346955795a114d","common/src/main/java/io/netty/util/internal/PlatformDependent0.java","9","0","0","0","203","268","1"
"hazelcast","6841307871f97a07d5510b63c61808567a910a79","hazelcast-client/src/test/java/com/hazelcast/client/map/MapNearCacheInvalidationFromClientTest.java","9","0","0","0","212","270","0"
"netty","3fc3401c0865510c906f41d78a4651fe36656b5a","testsuite/src/test/java/io/netty/testsuite/transport/socket/SocketTestPermutation.java","9","0","0","0","212","295","2"
"netty","44142efe55bb01c5bff3953a8b2d6aee9b76c6d0","testsuite/src/test/java/io/netty/testsuite/transport/socket/SocketTestPermutation.java","9","0","0","0","223","286","1"
"netty","bd8a5bc9b3db224c446e0c05fa127ba7022db942","transport/src/main/java/io/netty/channel/AbstractChannelHandlerContext.java","9","0","0","0","300","380","1"
"orientdb","c55577954450e15ff2d23b3ebc02cca8ad101d00","graphdb/src/main/java/com/tinkerpop/blueprints/impls/orient/OrientDynaElementIterator.java","9","0","0","0","45","87","0"
"neo4j","951a365a594d7a300c3388374bc1eb59e33b19b4","enterprise/security/src/test/java/org/neo4j/server/security/enterprise/auth/ProcedureInteractionTestBase.java","9","0","0","0","465","581","1"
"hazelcast","48ccb689ade8d8b2bd589727a2bc6768649d74a0","hazelcast/src/main/java/com/hazelcast/nio/serialization/ByteArraySerializerAdapter.java","9","0","0","0","61","97","0"
"elasticsearch","371c73e14023917f3892090d2d3d7ff9ac1216b9","core/src/main/java/org/elasticsearch/action/search/TransportSearchHelper.java","9","0","0","0","63","96","3"
"elasticsearch","78574d248cf10dad1c5a566fda79e1e0c94afe43","core/src/main/java/org/elasticsearch/action/search/TransportSearchHelper.java","9","0","0","0","63","96","2"
"elasticsearch","e6aaaf11ed4a1b8f595f920de1840938eddb7a97","core/src/main/java/org/elasticsearch/action/search/TransportSearchHelper.java","9","0","0","0","63","96","2"
"elasticsearch","a60b8948ba1d836a6eac7cff095519e618939ed8","core/src/main/java/org/elasticsearch/action/search/TransportSearchHelper.java","9","0","0","0","63","96","0"
"elasticsearch","25fd9e26c4fb042d6f6dea14efcd239577bdbbc4","core/src/main/java/org/elasticsearch/bootstrap/ElasticsearchUncaughtExceptionHandler.java","9","0","0","0","68","107","0"
"elasticsearch","db541d6fbe3daecec91bb7701aacfcd284662c2a","core/src/main/java/org/elasticsearch/search/aggregations/bucket/histogram/InternalOrder.java","9","0","0","0","69","120","1"
"hazelcast","2534b95d1b9d26ff221548d74c8f6c001882c35d","hazelcast/src/main/java/com/hazelcast/nio/serialization/PortableSerializer.java","9","0","0","0","71","101","0"
"elasticsearch","1584c73e4a85037ce83744a384805f234b288548","src/main/java/org/elasticsearch/search/aggregations/bucket/histogram/InternalOrder.java","9","0","0","0","71","124","1"
"elasticsearch","01b18ad219933679256753fa8639c37d11cac1ff","src/main/java/org/elasticsearch/search/aggregations/bucket/histogram/InternalOrder.java","9","0","0","0","72","125","0"
"hazelcast","cd3feee000a902c92572be92c3f16c710b10cd4e","hazelcast/src/main/java/com/hazelcast/map/MapMigrationAwareService.java","9","0","0","0","73","92","2"
"netty","06cbac922ada558e9b0ebeb9e58eb19d683ab451","codec-http/src/main/java/io/netty/handler/codec/spdy/SpdyHeaderBlockZlibDecoder.java","9","0","0","0","74","110","0"
"hazelcast","f20e3dadabc7cb95afcf791a2c9872699868bdb6","hazelcast/src/main/java/com/hazelcast/map/MapMigrationAwareService.java","9","0","0","0","76","95","0"
"netty","2304913341ef3f239e5509a46921a5c65bbbe360","transport/src/main/java/io/netty/channel/socket/oio/AbstractOioChannel.java","9","0","0","0","79","116","2"
"hazelcast","00e52fa5320b0c1c2c40e7a39d7dcc3a34ba2e3a","hazelcast/src/main/java/com/hazelcast/map/impl/MapMigrationAwareService.java","9","0","0","0","80","117","0"
"hazelcast","895c167beb733f0d881ef57bf1238f7c25e19276","hazelcast/src/main/java/com/hazelcast/spi/impl/RemoteOperationExceptionHandler.java","9","0","0","0","80","121","0"
"neo4j","21dc057a8a68245281a22d7bdb8da5ae2103f057","enterprise/core-edge/src/main/java/org/neo4j/coreedge/raft/log/segmented/EntryCursor.java","9","0","0","0","80","123","0"
"neo4j","886dbb454deaae6adcb4ff26e76f6e225eedca55","enterprise/core-edge/src/main/java/org/neo4j/coreedge/raft/log/segmented/EntryCursor.java","9","0","0","0","80","123","0"
"neo4j","9a371bafe80ceb4e6cdc8502fbd22f9f8ec3d59d","enterprise/core-edge/src/main/java/org/neo4j/coreedge/raft/log/segmented/EntryCursor.java","9","0","0","0","80","123","1"
"hazelcast","2370bfc23acba3dae804f189052da0099e100cc9","hazelcast/src/main/java/com/hazelcast/map/impl/MapMigrationAwareService.java","9","0","0","0","81","102","0"
"hazelcast","268d983e8f25e4c5673b03bbcfe6256da34c533d","hazelcast/src/main/java/com/hazelcast/map/MapMigrationAwareService.java","9","0","0","0","81","102","0"
"hazelcast","7a8d9282ca206e921934a8709d079e3ca00d3c3c","hazelcast/src/main/java/com/hazelcast/map/MapMigrationAwareService.java","9","0","0","0","81","102","0"
"hazelcast","b71ea0beea4c49f1a5f160f71f7fb0b5d62aa1dd","hazelcast/src/main/java/com/hazelcast/map/impl/MapMigrationAwareService.java","9","0","0","0","81","102","1"
"netty","4158152b24c1e20cc9d024486a6bc6a0ee336a92","transport/src/main/java/io/netty/channel/socket/oio/AbstractOioChannel.java","9","0","0","0","81","119","0"
"elasticsearch","3e32dd985aabfa5ee653b26bcb6ff97c74a426a2","src/main/java/org/elasticsearch/indices/recovery/RecoveryFilesInfoRequest.java","9","0","0","0","81","122","0"
"neo4j","9c79c33600e5511ac1320496d1bdd614808a973c","enterprise/core-edge/src/main/java/org/neo4j/coreedge/raft/log/segmented/EntryCursor.java","9","0","0","0","82","122","1"
"hazelcast","6ba8d8351f45b37667613e6f2ac9b8f7ec325782","hazelcast/src/main/java/com/hazelcast/map/impl/MapMigrationAwareService.java","9","0","0","0","83","119","0"
"hazelcast","f20e3dadabc7cb95afcf791a2c9872699868bdb6","hazelcast/src/main/java/com/hazelcast/map/MapSplitBrainHandler.java","9","0","0","0","84","103","0"
"elasticsearch","1f04182b8164ffb19f3805c48d67f0375262b317","core/src/main/java/org/elasticsearch/indices/recovery/RecoveryFilesInfoRequest.java","9","0","0","0","85","127","0"
"neo4j","01b558051d5436aecea5f7f6477fabf686fa3c34","community/kernel/src/main/java/org/neo4j/kernel/impl/api/TwoPhaseNodeForRelationshipLocking.java","9","0","0","0","88","130","0"
"elasticsearch","99714ee1bd991fed204620c32e9f59a323018d2f","src/main/java/org/elasticsearch/indices/recovery/RecoveryFilesInfoRequest.java","9","0","0","0","88","131","2"
"hazelcast","2370bfc23acba3dae804f189052da0099e100cc9","hazelcast/src/main/java/com/hazelcast/map/impl/MapSplitBrainHandlerService.java","9","0","0","0","89","110","0"
"hazelcast","268d983e8f25e4c5673b03bbcfe6256da34c533d","hazelcast/src/main/java/com/hazelcast/map/MapSplitBrainHandlerService.java","9","0","0","0","89","110","0"
"hazelcast","7a8d9282ca206e921934a8709d079e3ca00d3c3c","hazelcast/src/main/java/com/hazelcast/map/MapSplitBrainHandlerService.java","9","0","0","0","89","110","0"
"hazelcast","b71ea0beea4c49f1a5f160f71f7fb0b5d62aa1dd","hazelcast/src/main/java/com/hazelcast/map/impl/MapSplitBrainHandlerService.java","9","0","0","0","89","110","1"
"neo4j","c9b32fdae609ff120e0f3c296861ae442af3228b","community/kernel/src/main/java/org/neo4j/kernel/impl/api/TwoPhaseNodeForRelationshipLocking.java","9","0","0","0","89","131","2"
"hazelcast","0deba7ff1ee19a1c74054acfb9b821c81a2aa7e4","hazelcast/src/main/java/com/hazelcast/internal/diagnostics/MultiLineDiagnosticsLogWriter.java","9","0","0","0","91","134","1"
"hazelcast","4a91f4eef271a8a8387d2e72b4d9b7fe1ce63c72","hazelcast/src/main/java/com/hazelcast/internal/diagnostics/MultiLineDiagnosticsLogWriter.java","9","0","0","0","92","135","0"
"neo4j","3cad6b427058f7ea008e0f31ea88a5fdd61b9a82","community/server/src/main/java/org/neo4j/server/rest/transactional/RestRepresentationWriter.java","9","0","0","0","95","123","1"
"hazelcast","f4c33973f2e5f804f6743683b11c8a43922bfc7e","hazelcast/src/main/java/com/hazelcast/internal/cluster/impl/MemberMap.java","9","0","0","0","96","180","1"
"elasticsearch","0ccf8a742df544c25edec70d1f91f2aab2028773","core/src/main/java/org/elasticsearch/common/bytes/BytesReferenceStreamInput.java","9","0","0","0","99","137","1"
"hazelcast","0deba7ff1ee19a1c74054acfb9b821c81a2aa7e4","hazelcast/src/main/java/com/hazelcast/internal/diagnostics/DiagnosticsLogFile.java","9","0","0","0","99","147","1"
"neo4j","c287d3fcff4d41dc2fa317c778efc33d6ca11eba","enterprise/security/src/test/java/org/neo4j/server/security/enterprise/auth/ThreadedTransaction.java","9","0","0","1","118","153","0"
"neo4j","036e0742c9800ed47922595c97274b360cfbc9ef","enterprise/security/src/test/java/org/neo4j/server/security/enterprise/auth/ThreadedTransaction.java","9","0","0","1","119","154","1"
"hazelcast","0663f03826565103dcfda83b0815da8380112edc","hazelcast-wm/src/test/java/com/hazelcast/wm/test/TestServlet.java","9","0","0","1","41","69","1"
"hazelcast","3ccf8bba219ff34c67806fe1b5f0e3421ff0046a","hazelcast-wm/src/test/java/com/hazelcast/wm/test/TestServlet.java","9","0","0","1","41","69","2"
"hazelcast","52c690a4dd7a5b06f8ae693d5a360c8fd10d92c4","hazelcast-wm/src/test/java/com/hazelcast/wm/test/TestServlet.java","9","0","0","1","41","69","1"
"hazelcast","83a520f69176596bf342adc587419d5deab73e6f","hazelcast-wm/src/test/java/com/hazelcast/wm/test/TestServlet.java","9","0","0","1","41","69","2"
"hazelcast","4c25e854736ce3a33329277b4150ac5f3d0ca5e9","hazelcast-wm/src/test/java/com/hazelcast/wm/test/TestServlet.java","9","0","0","1","41","69","0"
"hazelcast","0603aa048b33b7b63c240c8b0e5c509499c798f7","hazelcast-client/src/main/java/com/hazelcast/client/util/ClientCancellableDelegatingFuture.java","9","0","0","1","78","115","0"
"hazelcast","170bbb43790981e6ce9d31fe733500c2ae635a8c","hazelcast/src/test/java/com/hazelcast/logging/LoggerStressTest.java","9","0","0","10","109","149","0"
"orientdb","56f9bf3a10535e331c512f9852b1779bbc1d38b0","core/src/main/java/com/orientechnologies/orient/core/index/OIndexManagerRemote.java","9","0","0","10","110","159","0"
"hazelcast","f799cc70eba279168d414b026d277477cddc2dfe","hazelcast/src/main/java/com/hazelcast/map/impl/operation/PutAllOperation.java","9","0","0","10","124","173","1"
"hazelcast","69363dded59b4234b1e7d307ed57d38f5d2e9b53","hazelcast/src/main/java/com/hazelcast/map/impl/operation/PutAllOperation.java","9","0","0","10","135","173","1"
"hazelcast","1414548ac07cba60b368a62a99c88257300fd691","hazelcast/src/main/java/com/hazelcast/map/impl/operation/PutAllOperation.java","9","0","0","10","135","180","1"
"hazelcast","59cb2e8ff78643aed3594a8f5ba7b41d8eeb5759","hazelcast/src/main/java/com/hazelcast/map/impl/operation/PutAllOperation.java","9","0","0","10","135","180","2"
"hazelcast","c3baeb4fa6c75235a148572e01f0fc860dc9550d","hazelcast/src/main/java/com/hazelcast/map/impl/operation/PutAllOperation.java","9","0","0","10","135","180","1"
"hazelcast","d9173aa8d1e548b218470462551e76d92f4d2576","hazelcast/src/main/java/com/hazelcast/map/impl/operation/PutAllOperation.java","9","0","0","10","135","180","1"
"hazelcast","62a2d7a2993e205acd37a462f8c7f9fe10f29dee","hazelcast/src/main/java/com/hazelcast/map/impl/operation/PutAllOperation.java","9","0","0","10","135","180","0"
"hazelcast","7db53c0a19c56ae9c88038c5bf9e46075c9213e0","hazelcast/src/main/java/com/hazelcast/map/impl/operation/PutAllOperation.java","9","0","0","10","135","180","0"
"hazelcast","8753522c80beedc5ac1220d0fc1caeeb3a732d9c","hazelcast/src/main/java/com/hazelcast/map/impl/operation/PutAllOperation.java","9","0","0","10","135","180","0"
"hazelcast","5eda2222dbb2eb5a41b649eeb0e3293798b737aa","hazelcast/src/main/java/com/hazelcast/map/impl/operation/PutAllOperation.java","9","0","0","10","138","181","2"
"hazelcast","98b249af9499f13c482d9ffa4ce6f1367ddb4586","hazelcast-client/src/test/java/com/hazelcast/client/HazelcastClientTopicTest.java","9","0","0","10","162","197","0"
"elasticsearch","e82be00890ead1fe9684057d060a33f081af4b62","modules/reindex/src/test/java/org/elasticsearch/index/reindex/DeleteByQueryBasicTests.java","9","0","0","10","164","241","1"
"elasticsearch","5a64f08f048461a63a0ca1354a5050c954e63d52","core/src/test/java/org/elasticsearch/common/settings/ScopedSettingsTests.java","9","0","0","10","178","229","0"
"neo4j","a93c570faa774c1a40b635b6a3e6d8ccb61a99e8","community/consistency-check/src/main/java/org/neo4j/consistency/ConsistencyCheckService.java","9","0","0","10","198","241","1"
"neo4j","3ec0e927cb481a29815bc3237d2e53fd7cadd271","community/consistency-check/src/main/java/org/neo4j/consistency/ConsistencyCheckService.java","9","0","0","10","201","244","0"
"elasticsearch","edb6319cea5f6a3b5535bf37a82ca53b6dde1664","src/test/java/org/elasticsearch/index/mapper/dynamic/DynamicMappingTests.java","9","0","0","10","220","290","0"
"elasticsearch","12f53090417d01134f92281b8285a5783f971887","core/src/test/java/org/elasticsearch/action/support/replication/ReplicationResponseTests.java","9","0","0","10","227","356","2"
"hazelcast","2de8ac0961c648eaa187375fb9abd0fc3e429f1b","hazelcast/src/test/java/com/hazelcast/map/nearcache/NearCacheTestSupport.java","9","0","0","10","228","339","0"
"hazelcast","7001ec8c5b1305c796de75c2e3f170c562db8c03","hazelcast/src/test/java/com/hazelcast/map/impl/nearcache/NearCacheTestSupport.java","9","0","0","10","238","346","0"
"elasticsearch","275fdcc08dad1f193e2d0305ed79ebaff7cec0bc","core/src/test/java/org/elasticsearch/ElasticsearchExceptionTests.java","9","0","0","10","256","308","1"
"elasticsearch","ac32f3d31083040f9e604cbad127ff8fbc7e0763","core/src/test/java/org/elasticsearch/ElasticsearchExceptionTests.java","9","0","0","10","269","322","0"
"elasticsearch","165ee4ac7f4a41d670ed0fffbd4adfa342a2bd8c","core/src/test/java/org/elasticsearch/ElasticsearchExceptionTests.java","9","0","0","10","282","336","1"
"elasticsearch","49bdd29f91eb3568a8bac28e043f422a208104d1","core/src/test/java/org/elasticsearch/index/mapper/CopyToMapperTests.java","9","0","0","10","367","462","1"
"hazelcast","c8f0d5a8065a8c861b0d5bcc51b3c5920b0b8e25","hazelcast/src/main/java/com/hazelcast/multimap/MultiMapEventFilter.java","9","0","0","10","58","91","0"
"elasticsearch","2f8def11b5109eb80b47422a200bf7b7e07c8467","core/src/test/java/org/elasticsearch/index/mapper/AbstractNumericFieldMapperTestCase.java","9","0","0","10","82","127","0"
"orientdb","46bbcabde62c2b9e61ebaf45dc23f16d9dee7f02","core/src/main/java/com/orientechnologies/orient/core/command/OCommandManager.java","9","0","0","10","96","138","1"
"orientdb","136db63960bbf53514691bf5a0bb8361a5ea5361","core/src/main/java/com/orientechnologies/orient/core/command/OCommandManager.java","9","0","0","10","97","139","0"
"hazelcast","f37c562ba960a9badc4dcae6fa0ee3e4e98d82a6","hazelcast/src/main/java/com/hazelcast/map/operation/PutAllOperation.java","9","0","0","11","101","137","0"
"hazelcast","25ee75460b380345650d2710508c7af9576e850f","hazelcast/src/main/java/com/hazelcast/map/operation/PutAllOperation.java","9","0","0","11","122","157","3"
"hazelcast","159c4a53940c2170c905d13fc1fc784cf59279c9","hazelcast/src/main/java/com/hazelcast/map/operation/PutAllOperation.java","9","0","0","11","123","160","1"
"hazelcast","b01ad95e9c86cf4a9fe4d322d7372fec3d4107f9","hazelcast/src/main/java/com/hazelcast/map/impl/operation/PutAllOperation.java","9","0","0","11","123","160","1"
"hazelcast","b2d12fec8083c2514d8331d4f00846a8fe006b5e","hazelcast/src/main/java/com/hazelcast/map/impl/operation/PutAllOperation.java","9","0","0","11","123","160","1"
"hazelcast","f351d4e4d3b5d5e4e4a39c7d328f91b2c161061e","hazelcast/src/main/java/com/hazelcast/map/operation/PutAllOperation.java","9","0","0","11","123","160","1"
"hazelcast","372fa24526f48fc12f62962873b017a193bc589d","hazelcast/src/main/java/com/hazelcast/map/impl/operation/PutAllOperation.java","9","0","0","11","123","160","0"
"hazelcast","7a8d9282ca206e921934a8709d079e3ca00d3c3c","hazelcast/src/main/java/com/hazelcast/map/operation/PutAllOperation.java","9","0","0","11","123","160","0"
"hazelcast","86a8460b7e36376816dea524d18b755c5b2fc9e7","hazelcast/src/main/java/com/hazelcast/map/operation/PutAllOperation.java","9","0","0","11","123","160","0"
"neo4j","524187c7c736da98dcd99a069cc76f02927b6774","community/kernel/src/main/java/org/neo4j/kernel/impl/nioneo/store/labels/InlineNodeLabels.java","9","0","0","11","128","172","0"
"hazelcast","78af4f23bcba7ec0288688e1bd9e49f207eac041","hazelcast/src/main/java/com/hazelcast/map/operation/PutAllOperation.java","9","0","0","11","131","169","0"
"elasticsearch","2f8def11b5109eb80b47422a200bf7b7e07c8467","core/src/main/java/org/elasticsearch/index/mapper/IndexFieldMapper.java","9","0","0","11","132","197","2"
"elasticsearch","3ce7b119d28e7d1be7284bd804606a65c2d1a383","core/src/main/java/org/elasticsearch/index/mapper/IndexFieldMapper.java","9","0","0","11","132","197","1"
"elasticsearch","977712f9773c3eecea3958a5b8ddf934207775a6","core/src/main/java/org/elasticsearch/index/mapper/IndexFieldMapper.java","9","0","0","11","132","197","1"
"elasticsearch","96f1739c0dafc067a289574296642219faca4673","core/src/main/java/org/elasticsearch/index/mapper/IndexFieldMapper.java","9","0","0","11","132","197","0"
"neo4j","934072a0187279d79b381ad46f6270622ead3175","community/kernel/src/main/java/org/neo4j/kernel/impl/nioneo/store/labels/InlineNodeLabels.java","9","0","0","11","133","178","0"
"hazelcast","8e7e88aef0fb6559e3b6176ded3aa3264e429e06","hazelcast/src/main/java/com/hazelcast/map/impl/operation/PutAllOperation.java","9","0","0","11","140","178","0"
"elasticsearch","4040f194f528c76c88be70b119cf9d7d6fcea99b","core/src/test/java/org/elasticsearch/plugins/PluginInfoTests.java","9","0","0","11","162","198","0"
"hazelcast","5da39756a924fc9e2ed46c61fcadede40bb5efc7","hazelcast-client/src/test/java/com/hazelcast/client/HazelcastClientTopicTest.java","9","0","0","11","170","206","0"
"hazelcast","38bd0b41d707ca4d5ca394cda10ce68d44672fff","hazelcast/src/test/java/com/hazelcast/cluster/ClusterMembershipTest.java","9","0","0","11","205","272","1"
"hazelcast","dd5a7bb416c89790335220688a21d5e83cc284b9","hazelcast/src/test/java/com/hazelcast/cluster/ClusterMembershipTest.java","9","0","0","11","205","272","1"
"hazelcast","3f962325e45b39478bde681d9bd3aa3679ba99a2","hazelcast/src/test/java/com/hazelcast/cluster/ClusterMembershipTest.java","9","0","0","11","205","272","0"
"hazelcast","727cb1848c02481eee19e6d2693a7242b7c563c3","hazelcast/src/test/java/com/hazelcast/cluster/ClusterMembershipTest.java","9","0","0","11","207","274","0"
"neo4j","f51bd417ccd6051edf8da498f9c5ca7bdf6316e8","community/kernel/src/test/java/org/neo4j/kernel/impl/util/collection/TimedRepositoryTest.java","9","0","0","11","247","347","0"
"elasticsearch","52887b1437f1b17388f05a5df51718f6db23f1d2","core/src/test/java/org/elasticsearch/cluster/settings/ClusterSettingsIT.java","9","0","0","11","288","382","0"
"elasticsearch","a506ba8602d5584e8174407a57b8dd5c318f58af","core/src/test/java/org/elasticsearch/cluster/settings/ClusterSettingsIT.java","9","0","0","11","291","385","1"
"hazelcast","04e8060c418f7e89d3809511d356b4f8e604e471","hazelcast/src/main/java/com/hazelcast/map/impl/operation/BasePutOperation.java","9","0","0","11","84","117","2"
"hazelcast","fc6e278674e0cc8f68a53f1b9d210d1e1fb8ed38","hazelcast/src/main/java/com/hazelcast/map/operation/ClearOperation.java","9","0","0","11","88","124","2"
"hazelcast","0f43bf010a854bc55e021af4bfb8521c4ec6a99f","hazelcast/src/main/java/com/hazelcast/map/operation/ClearOperation.java","9","0","0","11","89","127","0"
"hazelcast","290160eb73377fc226cbc5858d1c2c3803b79d6d","hazelcast/src/main/java/com/hazelcast/map/impl/operation/BasePutOperation.java","9","0","0","11","90","124","2"
"hazelcast","482ad20fbe8f493652228cf06776e23f6530acc2","hazelcast/src/main/java/com/hazelcast/map/impl/operation/BasePutOperation.java","9","0","0","11","92","126","1"
"elasticsearch","371c73e14023917f3892090d2d3d7ff9ac1216b9","core/src/main/java/org/elasticsearch/cluster/health/ClusterShardHealth.java","9","0","0","11","95","130","3"
"elasticsearch","78574d248cf10dad1c5a566fda79e1e0c94afe43","core/src/main/java/org/elasticsearch/cluster/health/ClusterShardHealth.java","9","0","0","11","95","130","2"
"elasticsearch","e6aaaf11ed4a1b8f595f920de1840938eddb7a97","core/src/main/java/org/elasticsearch/cluster/health/ClusterShardHealth.java","9","0","0","11","95","130","2"
"elasticsearch","a60b8948ba1d836a6eac7cff095519e618939ed8","core/src/main/java/org/elasticsearch/cluster/health/ClusterShardHealth.java","9","0","0","11","95","130","0"
"BroadleafCommerce","7da760ada0cf3c3164075c970c90d47e36b4bef4","core/broadleaf-framework/src/main/java/org/broadleafcommerce/core/catalog/domain/CategoryXrefImpl.java","9","0","0","11","96","139","0"
"hazelcast","2c5a20e99039142cf4293982bbd5b53f958e6fb9","hazelcast/src/main/java/com/hazelcast/map/impl/operation/BasePutOperation.java","9","0","0","11","97","132","0"
"hazelcast","56a39ac2ea0c5fb8c19c5be777587def0c93fba8","hazelcast/src/main/java/com/hazelcast/concurrent/lock/operations/AwaitOperation.java","9","0","0","11","99","138","3"
"hazelcast","565257f977407eb3a0199d082860209c2958f5f9","hazelcast/src/main/java/com/hazelcast/internal/ascii/memcache/MemcacheEntry.java","9","0","0","12","102","137","1"
"hazelcast","564167c1f93b32ce742411106e9ae67eae88a801","hazelcast/src/main/java/com/hazelcast/internal/ascii/memcache/MemcacheEntry.java","9","0","0","12","103","138","0"
"hazelcast","99c4072079a42e89bb3611d3ebb8a9f4e4e4ebf0","hazelcast/src/main/java/com/hazelcast/map/operation/MultipleEntryOperation.java","9","0","0","12","105","132","0"
"hazelcast","4743851d10f7241568a0f25a11fd5976a1693e27","hazelcast/src/main/java/com/hazelcast/map/client/MapAddEntryListenerRequest.java","9","0","0","12","129","171","0"
"hazelcast","f62552bfeac3e7ada8a514d7ef0a9533417347bc","hazelcast-client/src/test/java/com/hazelcast/client/cluster/ClientClusterStateTest.java","9","0","0","12","164","197","0"
"elasticsearch","2ed1f7a3390420835f9b270d20c5d512ba197827","core/src/test/java/org/elasticsearch/action/search/SearchAsyncActionTests.java","9","0","0","12","198","240","1"
"elasticsearch","149629fec657e9948488195087f30583cd561f11","core/src/test/java/org/elasticsearch/action/search/SearchAsyncActionTests.java","9","0","0","12","200","242","0"
"elasticsearch","6abcd42a05a0e2bc4eaf1add6a41ae7d48f840c2","core/src/test/java/org/elasticsearch/action/support/nodes/TransportNodesActionTests.java","9","0","0","12","256","328","0"
"elasticsearch","cb0824e957dcb7a20e8450f97283874eb61b9abe","core/src/test/java/org/elasticsearch/action/support/nodes/TransportNodesActionTests.java","9","0","0","12","256","328","0"
"elasticsearch","3f6a3c01dadb1951b597ffdbd068359a2fbc84c8","core/src/test/java/org/elasticsearch/action/support/nodes/TransportNodesActionTests.java","9","0","0","12","256","328","1"
"neo4j","185130017bc6355de0ead61cb32603cb7ce277d1","enterprise/security/src/test/java/org/neo4j/server/security/enterprise/auth/ProcedureInteractionTestBase.java","9","0","0","12","465","581","0"
"neo4j","1b3aad3b619bd72c2c9f79bb7edf642c5dc56a6f","enterprise/security/src/test/java/org/neo4j/server/security/enterprise/auth/ProcedureInteractionTestBase.java","9","0","0","12","495","614","1"
"neo4j","2fb8aea71a2d50c63f1407b9e975c5e8cbf325dc","enterprise/security/src/test/java/org/neo4j/server/security/enterprise/auth/ProcedureInteractionTestBase.java","9","0","0","12","495","614","2"
"neo4j","8a2d3beff52bcf03814a519f4492e8667ba80f17","enterprise/security/src/test/java/org/neo4j/server/security/enterprise/auth/ProcedureInteractionTestBase.java","9","0","0","12","495","614","1"
"neo4j","c287d3fcff4d41dc2fa317c778efc33d6ca11eba","enterprise/security/src/test/java/org/neo4j/server/security/enterprise/auth/ProcedureInteractionTestBase.java","9","0","0","12","495","614","0"
"neo4j","036e0742c9800ed47922595c97274b360cfbc9ef","enterprise/security/src/test/java/org/neo4j/server/security/enterprise/auth/ProcedureInteractionTestBase.java","9","0","0","12","496","615","1"
"orientdb","119ddbdb973a46e9daeaa26ea531434e463a18d0","core/src/test/java/com/orientechnologies/orient/core/record/impl/ODocumentValidationTest.java","9","0","0","12","592","696","0"
"hazelcast","9aa3020f8da9492c2c1c391b866738b42829f54c","hazelcast/src/main/java/com/hazelcast/impl/partition/MigrationRequestTask.java","9","0","0","13","116","150","0"
"elasticsearch","80cca9e7ad562a547ab899ede4ca8921e81346ca","core/src/test/java/org/elasticsearch/index/mapper/FieldTypeLookupTests.java","9","0","0","13","240","290","0"
"netty","2adebc4c54ae98565db8e2a3c02b2ffaa0c101fe","buffer/src/main/java/io/netty/buffer/SwappedByteBuf.java","9","0","0","138","646","802","1"
"hazelcast","2f70f48888d89c73b883a5c9bfb6aa1430727dcf","hazelcast/src/main/java/com/hazelcast/concurrent/atomicreference/AtomicReferenceService.java","9","0","0","14","109","147","1"
"hazelcast","2043fef6ab40ea0b1d71b5e0a8feb4fd0024a4bf","hazelcast/src/main/java/com/hazelcast/concurrent/atomicreference/AtomicReferenceService.java","9","0","0","14","110","148","0"
"neo4j","b2c5708968f85bd3c931a14592d4262b4610e984","enterprise/query-logging/src/main/java/org/neo4j/kernel/impl/query/QueryLoggerKernelExtension.java","9","0","0","14","124","161","1"
"neo4j","7c3d76beee08e6ed292d391aacb8f7a8179ea853","enterprise/query-logging/src/main/java/org/neo4j/kernel/impl/query/QueryLoggerKernelExtension.java","9","0","0","14","124","162","0"
"hazelcast","485f426abc042144ebf9fd213e724556ad967191","hazelcast/src/main/java/com/hazelcast/cache/impl/nearcache/impl/DefaultNearCache.java","9","0","0","14","146","196","1"
"neo4j","c37bf7fdec1550e49b863c97fd129d51be614142","enterprise/security/src/main/java/org/neo4j/server/security/enterprise/auth/ShiroAuthManager.java","9","0","0","14","156","218","0"
"neo4j","a93c570faa774c1a40b635b6a3e6d8ccb61a99e8","community/kernel/src/test/java/org/neo4j/kernel/impl/store/IdGeneratorRebuildFailureEmulationTest.java","9","0","0","14","262","324","1"
"neo4j","868b4d731485023d2f7477e1133dcd5b263c851d","community/kernel/src/test/java/org/neo4j/kernel/impl/store/IdGeneratorRebuildFailureEmulationTest.java","9","0","0","14","265","327","0"
"netty","81e2db10faaf0389f4e1af8c7132210946203157","buffer/src/main/java/io/netty/buffer/SwappedByteBuf.java","9","0","0","141","656","815","0"
"hazelcast","7f5b63a482cfdd9c764f42239626c8d9248949a4","hazelcast/src/test/java/com/hazelcast/test/mocknetwork/MockConnection.java","9","0","0","15","104","149","0"
"hazelcast","5bf9e046e54907d3f698fde6a6c8aa9305a3cb87","hazelcast/src/main/java/com/hazelcast/cache/impl/record/CacheRecordHashMap.java","9","0","0","15","111","153","1"
"neo4j","5b477991633ccddb51f206e827fed8ec3509e8c1","enterprise/core-edge/src/main/java/org/neo4j/coreedge/core/consensus/state/RaftState.java","9","0","0","15","165","211","1"
"neo4j","8b6d2b27bc49048537bfcb8a6df8428719794351","enterprise/security/src/main/java/org/neo4j/server/security/enterprise/auth/ShiroAuthManager.java","9","0","0","15","167","231","0"
"BroadleafCommerce","b383b15503de172f81dab0fd919a06679d3bc31d","core/broadleaf-framework/src/main/java/org/broadleafcommerce/core/catalog/domain/SkuBundleItemImpl.java","9","0","0","15","173","221","0"
"elasticsearch","0aba19f4fa5c4fa2ac76ee96996d463a838248ac","core/src/test/java/org/elasticsearch/action/support/single/instance/TransportInstanceSingleOperationActionTests.java","9","0","0","15","255","317","0"
"elasticsearch","296ab3ec16c285bfc37fba40b2ddbde1e56bfc7c","core/src/test/java/org/elasticsearch/action/support/single/instance/TransportInstanceSingleOperationActionTests.java","9","0","0","15","255","317","0"
"elasticsearch","c97833596869141f747110d0046dd9de325a7f3c","core/src/test/java/org/elasticsearch/action/support/single/instance/TransportInstanceSingleOperationActionTests.java","9","0","0","15","255","317","2"
"elasticsearch","4ecbce1568a5aab96b57d916a2f72602c9accc51","core/src/test/java/org/elasticsearch/action/support/single/instance/TransportInstanceSingleOperationActionTests.java","9","0","0","15","256","318","1"
"neo4j","3ea1d3f5e4ec90ae32ab077bb7b12fd3dc37d4da","enterprise/security/src/test/java/org/neo4j/server/security/enterprise/auth/ProcedureInteractionTestBase.java","9","0","0","15","515","637","0"
"hazelcast","525c34cddd7f4e08d674611e177bab103e4d1881","hazelcast/src/main/java/com/hazelcast/impl/base/ScheduledAction.java","9","0","0","15","67","107","1"
"hazelcast","82fcc4c7c87097d1719bb56112aec0fafdb6bc0e","hazelcast/src/main/java/com/hazelcast/impl/base/ScheduledAction.java","9","0","0","15","68","108","0"
"mcMMO","f3fd48d0c0754d8096800780d70636d1fd0a3d98","src/main/java/com/gmail/nossr50/datatypes/skills/alchemy/AlchemyPotion.java","9","0","0","15","82","104","0"
"netty","3d6d9f394d763aaed47fdd0c86023afebe3c5a9f","buffer/src/main/java/io/netty/buffer/SwappedByteBuf.java","9","0","0","150","703","871","1"
"netty","88df53ec1a53912c2e34892247c8218c2fa01838","buffer/src/main/java/io/netty/buffer/SwappedByteBuf.java","9","0","0","152","711","881","0"
"neo4j","660d2553ac4e5d2024cee6c770149ae313abe0e1","community/server/src/main/java/org/neo4j/server/rest/dbms/AuthorizedRequestWrapper.java","9","0","0","16","132","178","1"
"neo4j","57d6d3b885ab6d91d2f556a437e082e308316788","enterprise/core-edge/src/main/java/org/neo4j/coreedge/core/consensus/state/RaftState.java","9","0","0","16","201","254","0"
"hazelcast","05d4a7a008464ccb5e01403795ce8478207adfdc","hazelcast/src/test/java/com/hazelcast/cluster/ClusterMembershipTest.java","9","0","0","16","264","356","1"
"neo4j","c53aab6d4de8c83eda42c64474ec13aa7ecb25f3","enterprise/security/src/test/java/org/neo4j/server/security/enterprise/auth/ProcedureInteractionTestBase.java","9","0","0","16","522","646","1"
"hazelcast","867fc10b52c7da919de28f51c13599e0fc2a5f60","hazelcast/src/test/java/com/hazelcast/test/mocknetwork/MockConnection.java","9","0","0","17","114","162","1"
"hazelcast","e1b69c53ca4923affcd7722f012a80e32517e988","hazelcast/src/test/java/com/hazelcast/test/mocknetwork/MockConnection.java","9","0","0","17","118","167","0"
"MapDB","d618dfbd73032469c072981c498d4063c45e3834","src/test/java/org/mapdb/SerializerTest.java","9","0","0","17","128","169","1"
"hazelcast","eed2a8c40d592a8e99645faac48f99069eaeaab2","hazelcast/src/main/java/com/hazelcast/instance/DefaultNodeExtension.java","9","0","0","17","149","194","1"
"hazelcast","5f982e84958bb237bfbf4d248e48c3083df67bff","hazelcast/src/test/java/com/hazelcast/mapreduce/aggregation/MapBaseAggregationTest.java","9","0","0","17","175","240","2"
"BroadleafCommerce","fda59958ccdbbd3e29c49373e40be2a6fd8dc1b8","core/broadleaf-framework/src/main/java/org/broadleafcommerce/core/catalog/domain/SkuBundleItemImpl.java","9","0","0","17","184","236","1"
"orientdb","49a91931a74e848e49cfd09f1895a76917b25392","jdbc/src/test/java/com/orientechnologies/orient/jdbc/OrientJdbcDatabaseMetaDataTest.java","9","0","0","17","195","275","0"
"hazelcast","017b1851cd39f9b5078436a41c1f672502ee97ef","hazelcast/src/test/java/com/hazelcast/cluster/ClusterMembershipTest.java","9","0","0","17","266","366","0"
"neo4j","3ec0e927cb481a29815bc3237d2e53fd7cadd271","community/lucene-index/src/test/java/org/neo4j/kernel/api/impl/index/DeferredConstraintVerificationUniqueLuceneIndexPopulatorTest.java","9","0","0","17","352","520","0"
"neo4j","562320c0be4006685ed6f086c12ef4e1f1964f3c","community/lucene-index/src/test/java/org/neo4j/kernel/api/impl/index/DeferredConstraintVerificationUniqueLuceneIndexPopulatorTest.java","9","0","0","17","354","522","0"
"hazelcast","c283f04cab711308ed3018d4e448e35b9061e0d2","hazelcast/src/main/java/com/hazelcast/instance/DefaultNodeExtension.java","9","0","0","18","155","201","0"
"hazelcast","7e07ef2b7dcefe2f791c4b6d2050a9c44e6bf931","hazelcast/src/main/java/com/hazelcast/instance/DefaultNodeExtension.java","9","0","0","19","161","209","1"
"elasticsearch","467a459f95d8709379bf3e7f415644b246a89dba","core/src/test/java/org/elasticsearch/transport/ContextAndHeaderTransportIT.java","9","0","0","19","358","445","1"
"neo4j","9a371bafe80ceb4e6cdc8502fbd22f9f8ec3d59d","enterprise/core-edge/src/main/java/org/neo4j/coreedge/raft/net/codecs/RaftMessageDecoder.java","9","0","0","2","109","152","1"
"neo4j","21dc057a8a68245281a22d7bdb8da5ae2103f057","enterprise/core-edge/src/main/java/org/neo4j/coreedge/raft/net/codecs/RaftMessageDecoder.java","9","0","0","2","110","153","0"
"elasticsearch","4b80e1a5cab3ca7a8b9c5eec2debdf5c53de7808","plugins/repository-hdfs/src/main/java/org/elasticsearch/repositories/hdfs/HdfsRepository.java","9","0","0","2","112","167","1"
"elasticsearch","fcf4d5a38de733eade12c4af4388aa946bbe5235","src/test/java/org/elasticsearch/client/transport/TransportClientNodesServiceTests.java","9","0","0","2","128","175","0"
"elasticsearch","41d8fbe8f51abd499c9b497238bc5f2141b7926b","core/src/test/java/org/elasticsearch/client/transport/TransportClientNodesServiceTests.java","9","0","0","2","129","177","1"
"elasticsearch","164efaecbe42195f08ada58b5fde927ab21fc6e7","core/src/test/java/org/elasticsearch/client/transport/TransportClientNodesServiceTests.java","9","0","0","2","135","184","0"
"elasticsearch","5fc6f171210ab5ace1aaf13edf8e9d33862bc070","core/src/main/java/org/elasticsearch/action/fieldcaps/TransportFieldCapabilitiesAction.java","9","0","0","2","138","183","1"
"orientdb","e126ff8107f4c1f2a0bdaa2fe8eaa2ed4026b7ff","distributed/src/test/java/com/orientechnologies/orient/server/distributed/asynch/TestReplication.java","9","0","0","2","140","174","0"
"oryx","fddb336ac30ea3fb0bde91c61ef043f523d7d9fe","app/oryx-app-mllib/src/test/java/com/cloudera/oryx/app/batch/mllib/rdf/RDFUpdateIT.java","9","0","0","2","140","187","0"
"oryx","d6687d2eb4391d042aa1d5e80653326e501b0fed","app/oryx-app-mllib/src/test/java/com/cloudera/oryx/app/batch/mllib/rdf/RDFUpdateIT.java","9","0","0","2","141","188","1"
"hazelcast","cdb8b0e0e259c0992856d553f2aa04499043c84d","hazelcast/src/test/java/com/hazelcast/test/TestLoggingUtils.java","9","0","0","2","47","59","0"
"elasticsearch","e9f2548ee04f75c60b7e6d663a4c5d686aa7dddd","core/src/main/java/org/elasticsearch/search/fetch/script/ScriptFieldsFetchSubPhase.java","9","0","0","2","52","79","0"
"elasticsearch","b1cef5fdf8e1f8e9982a4724986b2731ca4d522b","core/src/main/java/org/elasticsearch/search/aggregations/bucket/sampler/DiversifiedSamplerParser.java","9","0","0","2","55","80","1"
"elasticsearch","25fd9e26c4fb042d6f6dea14efcd239577bdbbc4","client/sniffer/src/test/java/org/elasticsearch/client/sniff/SnifferBuilderTests.java","9","0","0","2","59","92","0"
"elasticsearch","56cc87b7ccd41040d8fafcaf2da3680d96d10839","client/sniffer/src/test/java/org/elasticsearch/client/sniff/SnifferBuilderTests.java","9","0","0","2","59","92","0"
"elasticsearch","d3417fb02291f26964d77767020ef345d18c148f","client/sniffer/src/test/java/org/elasticsearch/client/sniff/SnifferBuilderTests.java","9","0","0","2","59","92","0"
"elasticsearch","4b94eb5cb8cc4294ed0e932a5f22c16bd90d4dd7","client/sniffer/src/test/java/org/elasticsearch/client/sniff/SnifferBuilderTests.java","9","0","0","2","59","92","2"
"elasticsearch","860efb2ad28db09189c8423e05d0dba53010259c","client/sniffer/src/test/java/org/elasticsearch/client/sniff/SnifferBuilderTests.java","9","0","0","2","59","92","2"
"hazelcast","0f43bf010a854bc55e021af4bfb8521c4ec6a99f","hazelcast/src/test/java/com/hazelcast/map/NearCacheTest.java","9","0","0","2","63","93","0"
"elasticsearch","0e6e6f97dcae2cd1ba1f08b65f07a99940de401f","src/test/java/org/elasticsearch/search/scan/SearchScanScrollingTests.java","9","0","0","2","65","98","0"
"hazelcast","b81bccdca1ccc15453ff6ef91bdb94f598546999","hazelcast/src/main/java/com/hazelcast/map/impl/MapKeyLoaderUtil.java","9","0","0","2","69","111","1"
"neo4j","245088f5ea996afce57404d60d956547bed3e200","community/server/src/main/java/org/neo4j/server/rest/transactional/Neo4jJsonCodec.java","9","0","0","2","70","99","0"
"elasticsearch","4b94eb5cb8cc4294ed0e932a5f22c16bd90d4dd7","core/src/main/java/org/elasticsearch/action/admin/indices/mapping/get/TransportGetFieldMappingsAction.java","9","0","0","2","72","102","2"
"elasticsearch","860efb2ad28db09189c8423e05d0dba53010259c","core/src/main/java/org/elasticsearch/action/admin/indices/mapping/get/TransportGetFieldMappingsAction.java","9","0","0","2","72","102","2"
"elasticsearch","d3417fb02291f26964d77767020ef345d18c148f","core/src/main/java/org/elasticsearch/action/admin/indices/mapping/get/TransportGetFieldMappingsAction.java","9","0","0","2","72","102","0"
"elasticsearch","69b7feeb786a11dcccc5928ddf9204933973a697","core/src/test/java/org/elasticsearch/gateway/PriorityComparatorTests.java","9","0","0","2","75","102","1"
"neo4j","9c79c33600e5511ac1320496d1bdd614808a973c","enterprise/core-edge/src/test/java/org/neo4j/coreedge/scenarios/explorer/StateExplorerIT.java","9","0","0","2","75","107","1"
"orientdb","2ee3b61558840a5368bca7909740f1b6b1cce1b3","core/src/test/java/com/orientechnologies/orient/core/ridbag/ConcurrencySBTreeBonsaiLocalTest.java","9","0","0","2","76","93","2"
"orientdb","567dc93cca1056c9b2aa72636e7e671ced994a8e","core/src/test/java/com/orientechnologies/orient/core/ridbag/ConcurrencySBTreeBonsaiLocalTest.java","9","0","0","2","76","93","1"
"orientdb","8fb63ddaef6dae34deacb49f4131b08b5a088e31","core/src/test/java/com/orientechnologies/orient/core/ridbag/ConcurrencySBTreeBonsaiLocalTest.java","9","0","0","2","76","93","1"
"orientdb","f2c3273e9f37bffc0c99099735b1a09364360430","core/src/test/java/com/orientechnologies/orient/core/ridbag/ConcurrencySBTreeBonsaiLocalTest.java","9","0","0","2","76","93","0"
"hazelcast","0c51222d1ec3ba019ff9e01da3d9eb12fb8c1a8b","hazelcast/src/main/java/com/hazelcast/map/impl/MapKeyLoaderUtil.java","9","0","0","2","78","119","0"
"neo4j","52be03d5aef3e190f17e4743afa0d5975f20b2f5","community/lucene-index/src/test/java/org/neo4j/index/impl/lucene/LuceneRecoveryIT.java","9","0","0","2","90","122","0"
"elasticsearch","f735baf306571ec9949514a14828f18058972044","src/main/java/org/elasticsearch/rest/action/admin/indices/upgrade/RestUpgradeAction.java","9","0","0","2","95","131","0"
"hazelcast","9c936dde4e6e20f827aaaf6a0a0e3db2ddd83a7e","hazelcast/src/test/java/com/hazelcast/Main.java","9","0","0","2","96","131","1"
"elasticsearch","faae98c5d8a27bada65691fe7c48a6f9316eb467","src/main/java/org/elasticsearch/rest/action/admin/indices/upgrade/RestUpgradeAction.java","9","0","0","2","96","132","1"
"orientdb","74bcaf6fe1fccf43f3a64c71773f9740f109943c","tests/src/test/java/com/orientechnologies/orient/test/database/auto/TraverseTest.java","9","0","0","20","206","257","1"
"BroadleafCommerce","663f9520dacb59459f8033c8736be33d9fc3d58d","core/broadleaf-framework/src/main/java/org/broadleafcommerce/core/search/domain/FieldImpl.java","9","0","0","21","164","222","1"
"BroadleafCommerce","0c21b421c1d9c38444c820eea84cad34979e3b37","core/broadleaf-framework/src/main/java/org/broadleafcommerce/core/search/domain/FieldImpl.java","9","0","0","21","172","233","2"
"elasticsearch","88040352050455e537646662a3fbfdd8d554dd17","core/src/test/java/org/elasticsearch/search/simple/SimpleSearchIT.java","9","0","0","21","343","441","0"
"hazelcast","9144e8128c3d271554f7230ee32e4d2e102fe811","hazelcast/src/main/java/com/hazelcast/nio/serialization/DefaultPortableWriter.java","9","0","0","23","150","201","0"
"hazelcast","ddd393bf31f321b544cb53f7b8dee87dd3bdba69","hazelcast/src/main/java/com/hazelcast/nio/serialization/DefaultPortableWriter.java","9","0","0","23","150","201","0"
"hazelcast","267657223110ee9fc436f5496e078547d29c6e4c","hazelcast/src/main/java/com/hazelcast/nio/serialization/DefaultPortableWriter.java","9","0","0","23","150","201","1"
"hazelcast","dd8c45abcaff36085e5214a58bf15f508bb39588","hazelcast/src/main/java/com/hazelcast/instance/DefaultNodeExtension.java","9","0","0","23","175","227","1"
"hazelcast","84e0a9b9d444f633dbd2bced60d95bc478086fea","hazelcast/src/main/java/com/hazelcast/instance/DefaultNodeExtension.java","9","0","0","23","177","229","0"
"netty","a517cce92fee24f2967bba7c84eea835b79fcab1","codec-http2/src/test/java/io/netty/handler/codec/http2/internal/hpack/DecoderTest.java","9","0","0","23","216","319","1"
"elasticsearch","e15d2e2514f37acb36bc43064bc79bd672769ced","src/test/java/org/elasticsearch/search/aggregations/metrics/CardinalityTests.java","9","0","0","23","344","437","1"
"hazelcast","1f042b8c4a4245594691bb6d85a66ceed9b43068","hazelcast/src/main/java/com/hazelcast/instance/DefaultNodeExtension.java","9","0","0","24","178","231","1"
"hazelcast","2921cff694583b8638dae2991f427e61d5440a9d","hazelcast/src/main/java/com/hazelcast/instance/DefaultNodeExtension.java","9","0","0","24","179","232","0"
"netty","3ea807e375e6f311c26aca92e3445c7fbd58a7e5","codec-http2/src/test/java/io/netty/handler/codec/http2/internal/hpack/DecoderTest.java","9","0","0","27","245","324","2"
"netty","1cb706ac932bab732257e02fc095d91ff7ed3788","codec-http2/src/test/java/io/netty/handler/codec/http2/internal/hpack/DecoderTest.java","9","0","0","27","271","378","0"
"neo4j","035903e9ebdada5ea1269b223a6b5ee102763a1d","enterprise/causal-clustering/src/main/java/org/neo4j/causalclustering/core/state/snapshot/CoreStateDownloader.java","9","0","0","3","102","151","0"
"hazelcast","57f7210cccef78fcd13424ebf4f6d77ae346eacf","hazelcast-client/src/test/java/com/hazelcast/client/ClientSplitBrainTest.java","9","0","0","3","127","150","0"
"hazelcast","82ee2f08bd4275866cf3c09fb6fa153922ba1b77","hazelcast-client/src/test/java/com/hazelcast/client/ClientSplitBrainTest.java","9","0","0","3","127","150","0"
"hazelcast","82ee2f08bd4275866cf3c09fb6fa153922ba1b77","hazelcast-client/src/test/java/com/hazelcast/client/ClientSplitBrainTest.java","9","0","0","3","127","150","0"
"hazelcast","375aca8cf6d2f3bdf243d98ac82b73cd89ffd278","hazelcast-client/src/test/java/com/hazelcast/client/ClientSplitBrainTest.java","9","0","0","3","127","150","2"
"hazelcast","3925a4cc8ceae9036ff84f0ec1bbfcbeb7b59cc9","hazelcast-client/src/test/java/com/hazelcast/client/ClientSplitBrainTest.java","9","0","0","3","127","150","1"
"oryx","df27388cd4a3029d67283e23ecdd70b83fa4bd9b","app/oryx-app-serving/src/test/java/com/cloudera/oryx/app/serving/als/AbstractALSServingTest.java","9","0","0","3","127","161","0"
"elasticsearch","e1efd5f6baf8dec1c23c79b346b8a29f234a98bb","core/src/test/java/org/elasticsearch/client/transport/TransportClientNodesServiceTests.java","9","0","0","3","135","184","0"
"elasticsearch","2172e604197a2740150b2db9f5139486f4d0a9fd","core/src/test/java/org/elasticsearch/client/transport/TransportClientNodesServiceTests.java","9","0","0","3","140","188","1"
"elasticsearch","c97833596869141f747110d0046dd9de325a7f3c","core/src/test/java/org/elasticsearch/client/transport/TransportClientNodesServiceTests.java","9","0","0","3","140","188","1"
"elasticsearch","c09103c35bfe512f8dd83752451dda2893ed7e8e","core/src/test/java/org/elasticsearch/client/transport/TransportClientNodesServiceTests.java","9","0","0","3","140","188","0"
"elasticsearch","5a91ad11152fb54724083b696339b78829c8b905","core/src/test/java/org/elasticsearch/client/transport/TransportClientNodesServiceTests.java","9","0","0","3","141","189","0"
"neo4j","e5ea526b14ce752e94a5460b1c85bf4567d8f97d","community/neo4j/src/test/java/visibility/TestDatasourceCommitOrderDataVisibility.java","9","0","0","3","151","197","1"
"netty","6765e9f99db352a7f814e10d77338760432db155","testsuite/src/main/java/io/netty/testsuite/transport/socket/SocketAutoReadTest.java","9","0","0","3","162","222","1"
"netty","f3dd4101425165496490f9c975ca2e556773c663","testsuite/src/main/java/io/netty/testsuite/transport/socket/SocketAutoReadTest.java","9","0","0","3","167","228","0"
"neo4j","136885fdc8d90dee11ce57034b2db343eaadccce","community/shell/src/main/java/org/neo4j/shell/kernel/apps/cypher/Start.java","9","0","0","3","170","215","0"
"BroadleafCommerce","cd4dba4517e56b14042e5ed1567e933ca3904efd","core/broadleaf-framework/src/main/java/org/broadleafcommerce/core/order/service/workflow/remove/ValidateRemoveRequestActivity.java","9","0","0","3","47","82","0"
"elasticsearch","93a28b0acfff5332e97616f53b5d52fe8b933306","core/src/main/java/org/elasticsearch/search/fetch/subphase/ParentFieldSubFetchPhase.java","9","0","0","3","48","78","0"
"hazelcast","0880710f355f33d03b8d928ec9d22a0ff4f1ca52","hazelcast/src/main/java/com/hazelcast/internal/nearcache/impl/store/NearCacheObjectRecordStore.java","9","0","0","3","64","94","2"
"MapDB","519f779a3ae6f0ae5f6c8a4feb4d26602f1b0456","src/test/java/org/mapdb/Issue132Test.java","9","0","0","3","71","101","0"
"MapDB","249b5a87780b7740862f601b0ddc3128b8b7c1ea","src/test/java/org/mapdb/Issue132Test.java","9","0","0","3","71","101","0"
"MapDB","5c363e4e996421959f3b33ad3f9554db06ca34db","src/test/java/org/mapdb/Issue132Test.java","9","0","0","3","71","101","1"
"hazelcast","ecf7edcdb7af9fd0feaab7878d83a76dcc7270f6","hazelcast/src/main/java/com/hazelcast/internal/partition/impl/AbstractPartitionPrimaryReplicaAntiEntropyTask.java","9","0","0","3","82","121","0"
"elasticsearch","a2e82adc6ff32fb6a81febacc2f481aae528a162","core/src/main/java/org/elasticsearch/search/aggregations/metrics/tophits/TopHitsAggregatorFactory.java","9","0","0","3","93","120","2"
"hazelcast","d0a7d416b1220ef4badd98e42991dabe34c7beeb","hazelcast/src/test/java/com/hazelcast/replicatedmap/ReplicatedMapBaseTest.java","9","0","0","3","96","113","0"
"hazelcast","707932eed4859d26c9c896f844d9433f2795b290","hazelcast/src/test/java/com/hazelcast/replicatedmap/ReplicatedMapBaseTest.java","9","0","0","3","96","114","0"
"BroadleafCommerce","a03c9209cb9d52a9c05e3922efe91cd3df9ea4b7","core/broadleaf-framework/src/main/java/org/broadleafcommerce/core/catalog/domain/ProductOptionImpl.java","9","0","0","33","251","322","1"
"netty","b701da8d1c79b4a2f02e3ff2d22a31f1bf084d00","codec-http2/src/test/java/io/netty/handler/codec/http2/internal/hpack/DecoderTest.java","9","0","0","35","338","423","1"
"netty","ead87b7df8d923417475ead2d7680747b1a72f07","codec-http2/src/test/java/io/netty/handler/codec/http2/internal/hpack/DecoderTest.java","9","0","0","35","338","423","1"
"netty","2fd42cfc6b32dacb812c6f2ecef8522cd94718d4","codec-http2/src/test/java/io/netty/handler/codec/http2/internal/hpack/DecoderTest.java","9","0","0","35","338","423","0"
"neo4j","803ec9deafb5ac3785faf698f126a32254d693be","community/server/src/test/java/org/neo4j/server/rest/transactional/integration/TransactionIT.java","9","0","0","35","567","909","1"
"neo4j","3599e18da72ec8de97cdc2b250bb7b4cbb86674b","community/server/src/test/java/org/neo4j/server/rest/transactional/integration/TransactionIT.java","9","0","0","35","580","931","0"
"hazelcast","02b09ccab903e73f9ae8998119fc0e2ebce9fab4","hazelcast/src/test/java/com/hazelcast/scheduledexecutor/ScheduledExecutorServiceTest.java","9","0","0","38","688","939","0"
"hazelcast","48e063d10ffc125be470385de0a2316dacd9c942","hazelcast/src/test/java/com/hazelcast/scheduledexecutor/ScheduledExecutorServiceTest.java","9","0","0","38","709","960","1"
"hazelcast","332f996a760d95b0b7006c6fd4a4a0cb7dd9eacd","hazelcast/src/main/java/com/hazelcast/config/SerializationConfig.java","9","0","0","39","197","270","0"
"hazelcast","934a604d8485af4a9bffcecf5fe4baede22169fe","hazelcast/src/test/java/com/hazelcast/executor/ExecutorServiceCreateDestroyTest.java","9","0","0","4","101","134","0"
"hazelcast","2cfcc5e576b15ff0cec6baf0628089fe7f814729","hazelcast/src/test/java/com/hazelcast/map/impl/InterceptorRegistryTest.java","9","0","0","4","101","155","0"
"hazelcast","485f426abc042144ebf9fd213e724556ad967191","hazelcast/src/test/java/com/hazelcast/util/scheduler/SecondsBasedEntryTaskSchedulerStressTest.java","9","0","0","4","131","180","1"
"elasticsearch","7c46b57ff29e85e2e222020d3ec1aae6d9689816","modules/lang-painless/src/test/java/org/elasticsearch/painless/StringTests.java","9","0","0","4","143","198","1"
"neo4j","c3a5cbf00866abb108bf34ce2e0680026fdd2025","community/neo4j/src/test/java/visibility/TestDatasourceCommitOrderDataVisibility.java","9","0","0","4","157","204","0"
"hazelcast","2db57b1347715b9dbdcf5501adea7bd823bf5b7f","hazelcast/src/test/java/com/hazelcast/internal/partition/MigrationAwareServiceEventTest.java","9","0","0","4","180","240","1"
"mcMMO","09b0bf62e2392b148426f05f520e335a1f43d07a","src/main/java/com/gmail/nossr50/datatypes/skills/alchemy/PotionStage.java","9","0","0","4","51","73","0"
"hazelcast","7f7e8605aa787e48f8e87baa91e24750bab1979f","hazelcast/src/main/java/com/hazelcast/impl/wan/WanReplicationService.java","9","0","0","4","54","77","1"
"hazelcast","b048dce0170cb250971db16f7847e628592086d1","hazelcast/src/main/java/com/hazelcast/internal/ascii/memcache/GetCommandProcessor.java","9","0","0","4","60","84","1"
"hazelcast","628a219cc0428ad068cb76a43b781c7773d85db9","hazelcast/src/main/java/com/hazelcast/map/QueryableEntrySet.java","9","0","0","4","73","103","0"
"oryx","5dee3554c81652b743b1f73ae3dfb0fdc1fe9943","oryx-ml-oryx-serving/src/main/java/com/cloudera/oryx/ml/serving/als/model/ALSServingModelManager.java","9","0","0","4","77","116","1"
"oryx","3e37e6e1d93a28c4cbc14584101fe0c8c9b46743","oryx-ml-oryx-serving/src/main/java/com/cloudera/oryx/ml/serving/als/model/ALSServingModelManager.java","9","0","0","4","79","118","0"
"elasticsearch","9080f51340b1b26f8bd171b4c82de8d87ad42b55","core/src/test/java/org/elasticsearch/index/query/MatchPhraseQueryBuilderTests.java","9","0","0","4","84","119","1"
"elasticsearch","d84c643f5880a88d2e5c38b487123161f3e01fe0","core/src/test/java/org/elasticsearch/index/query/MatchPhraseQueryBuilderTests.java","9","0","0","4","86","121","0"
"neo4j","71afa4af49178e4945787667e8b99bb10e9f761a","community/kernel/src/main/java/org/neo4j/kernel/impl/transaction/state/PropertyTraverser.java","9","0","0","4","89","116","1"
"hazelcast","5aa58b497cf248596c24b6e8ce3e05c35a87d498","hazelcast/src/main/java/com/hazelcast/instance/HazelcastInstanceProxy.java","9","0","0","40","216","281","1"
"hazelcast","69975a8df84795d2fbd45e45b1d169e13fcbf0b1","hazelcast/src/main/java/com/hazelcast/instance/HazelcastInstanceProxy.java","9","0","0","40","217","282","0"
"orientdb","e59621253ba0a7dd56137306db74a7a1ef5a2fd4","core/src/test/java/com/orientechnologies/orient/core/index/OCompositeIndexDefinitionTest.java","9","0","0","41","618","862","1"
"orientdb","eda36859b9b033e1c3c6c69dce74c4959ac3439e","core/src/test/java/com/orientechnologies/orient/core/index/OCompositeIndexDefinitionTest.java","9","0","0","41","618","862","1"
"orientdb","c44bbca080721b05af1db86562a16b199916fd3c","core/src/test/java/com/orientechnologies/orient/core/index/OCompositeIndexDefinitionTest.java","9","0","0","41","618","862","0"
"hazelcast","ed777f64e4d046bb45ae4ee062b463e33526e3ad","hazelcast/src/main/java/com/hazelcast/instance/HazelcastInstanceProxy.java","9","0","0","42","226","293","1"
"hazelcast","bb3ea0e107980d769862cdbda748cc91529d67b5","hazelcast/src/main/java/com/hazelcast/instance/HazelcastInstanceProxy.java","9","0","0","43","231","299","0"
"BroadleafCommerce","a2c4f2505ace4aa0175753c7b77c5e834b79456f","core/broadleaf-framework/src/main/java/org/broadleafcommerce/core/catalog/service/CatalogServiceImpl.java","9","0","0","45","236","310","1"
"BroadleafCommerce","711192d5e7efe6d787e38f9b7450cf8d77b2b944","core/broadleaf-framework/src/main/java/org/broadleafcommerce/core/catalog/service/CatalogServiceImpl.java","9","0","0","46","242","318","1"
"BroadleafCommerce","b1a58da9c5995e240462e75190bceadf6f12ed7a","core/broadleaf-framework/src/main/java/org/broadleafcommerce/core/catalog/service/CatalogServiceImpl.java","9","0","0","49","256","334","1"
"orientdb","64d1ee676696e33c489e1352c0d143945e292640","core/src/test/java/com/orientechnologies/orient/core/index/OCompositeIndexDefinitionTest.java","9","0","0","49","688","965","0"
"hazelcast","71fd872a7c7c921e27f17be7cce8ed7341f2352d","hazelcast-client/src/test/java/com/hazelcast/client/ClientNearCacheTest.java","9","0","0","5","100","141","1"
"hazelcast","8135e6de50655ac22332f0b354f5c5fb0ee010d4","hazelcast/src/test/java/com/hazelcast/test/WatchedOperationExecutor.java","9","0","0","5","109","131","0"
"hazelcast","1eae67881eecaa9f0ee6073a4d1a6739712d47b2","hazelcast/src/test/java/com/hazelcast/test/WatchedOperationExecutor.java","9","0","0","5","110","133","1"
"elasticsearch","2f6405ee277ec64269dd13fdfbd8445f96b4516d","core/src/test/java/org/elasticsearch/cluster/metadata/MetaDataTests.java","9","0","0","5","110","151","1"
"netty","a0da613e86e2fc2fa2a8bf1179d4492bc9cad7d9","transport/src/test/java/io/netty/channel/DefaultChannelPipelineTest.java","9","0","0","5","110","157","0"
"elasticsearch","576b825d1c71ff826fc1c8a50453fe99c2094c66","core/src/main/java/org/elasticsearch/repositories/VerifyNodeRepositoryAction.java","9","0","0","5","119","161","0"
"hazelcast","707932eed4859d26c9c896f844d9433f2795b290","hazelcast/src/test/java/com/hazelcast/test/WatchedOperationExecutor.java","9","0","0","5","122","146","0"
"elasticsearch","1f04182b8164ffb19f3805c48d67f0375262b317","core/src/main/java/org/elasticsearch/repositories/VerifyNodeRepositoryAction.java","9","0","0","5","125","166","0"
"hazelcast","59ca7b99475abfe77953a65f5bee08c809821fa4","hazelcast/src/test/java/com/hazelcast/cache/CacheResourceTest.java","9","0","0","5","162","221","2"
"hazelcast","8f419459821e2d7e744122b4b3a9482e6fc0ebb2","hazelcast/src/test/java/com/hazelcast/map/impl/query/QuerySlowTest.java","9","0","0","5","173","196","0"
"hazelcast","21586825d367940e1c79cf289e97310daab1200d","hazelcast/src/test/java/com/hazelcast/map/impl/query/QuerySlowTest.java","9","0","0","5","176","196","1"
"hazelcast","535f2b1233b34ac1260ca91a271583b62d518494","hazelcast/src/test/java/com/hazelcast/map/query/QuerySlowTest.java","9","0","0","5","176","198","0"
"hazelcast","489cc81c4df8815a70ce55529ee3e0820c3dd27d","hazelcast-client-legacy/src/main/java/com/hazelcast/client/proxy/ClientMapReduceProxy.java","9","0","0","5","177","230","1"
"hazelcast","4653486efe9e76439d1f23021ab16bc287ac9bfa","hazelcast-client-legacy/src/main/java/com/hazelcast/client/proxy/ClientMapReduceProxy.java","9","0","0","5","178","231","0"
"netty","9b670d819f321bf8f58084d928ff210dce4a8b9c","transport/src/test/java/io/netty/channel/local/LocalChannelTest.java","9","0","0","5","202","258","1"
"BroadleafCommerce","15e70fe6b89d008dd88b5e98dbfc66a720db68bb","core/broadleaf-framework/src/main/java/org/broadleafcommerce/core/order/service/call/GiftWrapOrderItemRequest.java","9","0","0","5","38","67","0"
"hazelcast","14520904ee7fad852e9c147f7ec2ed6d515f6321","hazelcast/src/main/java/com/hazelcast/map/impl/record/ObjectRecordFactory.java","9","0","0","5","40","64","1"
"hazelcast","14520904ee7fad852e9c147f7ec2ed6d515f6321","hazelcast/src/main/java/com/hazelcast/map/impl/record/DataRecordFactory.java","9","0","0","5","52","77","1"
"ceylon-ide-eclipse","5b4c3eac8a7c12c0125a77343e602b4e73083595","plugins/com.redhat.ceylon.eclipse.ui/src/com/redhat/ceylon/eclipse/code/outline/ShowInHierarchyAction.java","9","0","0","5","87","99","0"
"ceylon-ide-eclipse","64a391fbabba6b9bc6b553abfa42466e0ca9673d","plugins/com.redhat.ceylon.eclipse.ui/src/com/redhat/ceylon/eclipse/code/outline/ShowInHierarchyAction.java","9","0","0","5","89","101","0"
"elasticsearch","7600afc82f999d1c91217a5e3a6847655714f53b","core/src/main/java/org/elasticsearch/ingest/processor/DateProcessor.java","9","0","0","5","98","138","0"
"ceylon-ide-eclipse","6293b6c6145defe8d2ff03870d529235568592a2","plugins/com.redhat.ceylon.eclipse.ui/src/com/redhat/ceylon/eclipse/code/search/FindReferencesAction.java","9","0","0","6","101","120","0"
"netty","ce95c50444cc2507769574b3e39fdbffccb7fc1b","common/src/test/java/io/netty/util/concurrent/SingleThreadEventExecutorTest.java","9","0","0","6","104","130","0"
"hazelcast","87575d9f4344a220bd96680deb0a0f3c67fe8e05","hazelcast-client/src/test/java/com/hazelcast/client/ClientNearCacheTest.java","9","0","0","6","113","155","0"
"hazelcast","22f709c2362790aad63dcee20c6b8cda20a112b5","hazelcast/src/main/java/com/hazelcast/internal/cluster/impl/operations/FinalizeJoinOperation.java","9","0","0","6","131","177","1"
"hazelcast","59276e782f60c123b7ae4e047195372aa5c956d2","hazelcast/src/test/java/com/hazelcast/ringbuffer/impl/RingbufferAsyncAddWithBackoffStressTest.java","9","0","0","6","136","170","1"
"hazelcast","6b3399bf78dd15f4771132dba99cbea940e1db2c","hazelcast/src/test/java/com/hazelcast/ringbuffer/impl/RingbufferAddReadOneStressTest.java","9","0","0","6","137","177","0"
"hazelcast","05f9e6021e6859216b8c564cec3c51f83a0f7ebb","hazelcast/src/test/java/com/hazelcast/map/LocalMapStatsTest.java","9","0","0","6","151","188","1"
"hazelcast","0a60df25f530116add78d3109773f0bf90f335ea","hazelcast/src/test/java/com/hazelcast/map/LocalMapStatsTest.java","9","0","0","6","151","188","1"
"hazelcast","69a23b36927ba641fc54f9e9c664dbddd18351fc","hazelcast/src/test/java/com/hazelcast/map/LocalMapStatsTest.java","9","0","0","6","151","188","2"
"hazelcast","c5949254422f87324722754f5faa05e03651159c","hazelcast/src/test/java/com/hazelcast/map/LocalMapStatsTest.java","9","0","0","6","151","188","1"
"hazelcast","18b320216a2af0109458bdad8f25ab57ca6246e1","hazelcast/src/test/java/com/hazelcast/map/LocalMapStatsTest.java","9","0","0","6","151","188","0"
"orientdb","f4ccd6b0c2e1e33dd9420915e3b4916f9fbebc30","jdbc/src/test/java/com/orientechnologies/orient/jdbc/OrientDbCreationHelper.java","9","0","0","6","155","205","0"
"orientdb","2a06ddfcd18a9c9797bc721e91faab337f7b6b6b","jdbc/src/test/java/com/orientechnologies/orient/jdbc/OrientDbCreationHelper.java","9","0","0","6","156","206","1"
"netty","06cbac922ada558e9b0ebeb9e58eb19d683ab451","codec-http/src/test/java/io/netty/handler/codec/spdy/SpdyFrameDecoderTest.java","9","0","0","6","340","426","0"
"elasticsearch","634ce90dc06f20888a4ff655985a6baccf25a7db","core/src/test/java/org/elasticsearch/action/search/SearchScrollAsyncActionTests.java","9","0","0","6","372","460","0"
"elasticsearch","ec1afe30ea9c34f7d63da273a3077c28a4849e4f","core/src/test/java/org/elasticsearch/action/search/SearchScrollAsyncActionTests.java","9","0","0","6","372","460","0"
"elasticsearch","977712f9773c3eecea3958a5b8ddf934207775a6","core/src/test/java/org/elasticsearch/action/search/SearchScrollAsyncActionTests.java","9","0","0","6","372","460","2"
"hazelcast","549815d87e4f8624b4e7700b0a86d91cc5e084f0","hazelcast-cloud/src/main/java/com/hazelcast/aws/AWSClient.java","9","0","0","6","43","70","0"
"hazelcast","396ad325dd3aea0178fc30f1eb035a9455c16867","hazelcast/src/main/java/com/hazelcast/map/record/ObjectRecordFactory.java","9","0","0","6","45","70","1"
"orientdb","dc025634bd8133bb14ce499efe6078c88ed5ad7c","lucene/src/main/java/com/orientechnologies/lucene/index/OLuceneFullTextIndex.java","9","0","0","6","52","86","0"
"orientdb","a85d865d9660a9b26ae5681675cfb9e6806d5bcf","lucene/src/main/java/com/orientechnologies/lucene/index/OLuceneFullTextIndex.java","9","0","0","6","57","91","1"
"netty","d9d0e633dc69b9b93139d822eaa17b97ff3826ab","codec-socks/src/test/java/io/netty/handler/codec/socksx/v5/DefaultSocks5CommandRequestTest.java","9","0","0","6","66","92","1"
"netty","e8b5f19b82eb116abb4e53a9fb1fa716e7623742","codec-socks/src/test/java/io/netty/handler/codec/socks/SocksCmdRequestTest.java","9","0","0","6","66","92","1"
"netty","3ba856a5f45c467b280ee37ff8d4f144f67eb819","codec-socks/src/test/java/io/netty/handler/codec/socks/SocksCmdRequestTest.java","9","0","0","6","66","92","0"
"netty","f5bea11ee486640f28e96d38d066a7813666e27c","codec-socks/src/test/java/io/netty/handler/codec/socksx/v5/DefaultSocks5CommandRequestTest.java","9","0","0","6","70","97","0"
"hazelcast","e1b69c53ca4923affcd7722f012a80e32517e988","hazelcast/src/main/java/com/hazelcast/internal/cluster/impl/operations/MemberRemoveOperation.java","9","0","0","6","72","108","0"
"netty","d2389a9339b72e12bdab20f11f745df01b190e8a","codec-http2/src/main/java/io/netty/handler/codec/http2/DefaultHttp2HeadersEncoder.java","9","0","0","6","77","113","0"
"hazelcast","934929958888f0ee66fecccaadf2e7181cbaa9c2","hazelcast-client/src/main/java/com/hazelcast/client/spi/impl/ClientSmartInvocationServiceImpl.java","9","0","0","6","81","115","3"
"hazelcast","a1304b28474affba4112e799770a0b9dae6c71b6","hazelcast-client/src/main/java/com/hazelcast/client/spi/impl/ClientSmartInvocationServiceImpl.java","9","0","0","6","81","115","3"
"hazelcast","eed2a8c40d592a8e99645faac48f99069eaeaab2","hazelcast-client-new/src/main/java/com/hazelcast/client/spi/impl/ClientSmartInvocationServiceImpl.java","9","0","0","6","81","115","1"
"hazelcast","191a6fd5c3d11d24c1c3a43ef70771074cc60ddd","hazelcast-client-new/src/main/java/com/hazelcast/client/spi/impl/ClientSmartInvocationServiceImpl.java","9","0","0","6","81","115","0"
"hazelcast","0603aa048b33b7b63c240c8b0e5c509499c798f7","hazelcast-client-new/src/main/java/com/hazelcast/client/spi/impl/ClientSmartInvocationServiceImpl.java","9","0","0","6","82","116","0"
"hazelcast","b0d2be02333028272031f78c6d7d92c640347cd5","hazelcast/src/main/java/com/hazelcast/internal/networking/spinning/SpinningChannelReader.java","9","0","0","6","87","122","0"
"elasticsearch","98c91a3bd09cad75bf1a05ddca493dcf3533691d","core/src/test/java/org/elasticsearch/common/bytes/PagedBytesReferenceTests.java","9","0","0","6","94","136","1"
"elasticsearch","a3ade99fcf9d95a8e9c40388d283b69a379f0377","core/src/test/java/org/elasticsearch/common/bytes/PagedBytesReferenceTests.java","9","0","0","6","99","142","0"
"orientdb","eda978aeda4e2d46618285fcb1d73642a30164c2","core/src/main/java/com/orientechnologies/orient/core/index/OIndexRecorder.java","9","0","0","63","298","399","1"
"orientdb","2767a54ee6308493e6a69b4b2951d8d2252bfd6b","core/src/main/java/com/orientechnologies/orient/core/index/OIndexRecorder.java","9","0","0","64","302","404","0"
"orientdb","421563ce0a29745a168071c54982b2b05977c399","core/src/main/java/com/orientechnologies/orient/core/index/OIndexRecorder.java","9","0","0","65","305","408","1"
"orientdb","87154d21d3773b56833010727fdc7e1c88c9aee3","core/src/main/java/com/orientechnologies/orient/core/index/OIndexRecorder.java","9","0","0","66","309","413","0"
"hazelcast","ed777f64e4d046bb45ae4ee062b463e33526e3ad","hazelcast/src/main/java/com/hazelcast/client/impl/protocol/task/transaction/TransactionRecoverAllMessageTask.java","9","0","0","7","115","150","1"
"netty","980d96cf581493124028bb60cc4dc213c3f2737e","example/src/main/java/io/netty/example/proxy/HexDumpProxyInboundHandler.java","9","0","0","7","124","183","0"
"elasticsearch","fbe27664a65ca7ab5b7dbe1c328ab27423e4313c","qa/evil-tests/src/test/java/org/elasticsearch/common/logging/EvilLoggerTests.java","9","0","0","7","150","204","0"
"orientdb","1dbdb5dc38d034aa55ab72ad0d1c0a9c3174b800","graphdb/src/test/java/com/orientechnologies/orient/graph/blueprints/GraphTests.java","9","0","0","7","175","252","1"
"hazelcast","fe0a82dcb2740ae16c4e43ed58aa6ad7334c2096","hazelcast/src/test/java/com/hazelcast/quorum/QuorumListenerTest.java","9","0","0","7","195","228","0"
"hazelcast","872394f9ec2546eebdff73976139e621359d8ab1","hazelcast/src/test/java/com/hazelcast/quorum/map/QuorumListenerTest.java","9","0","0","7","199","232","0"
"hazelcast","4c17c585b5a00157138cce6595252eaca6adb2dd","hazelcast/src/test/java/com/hazelcast/quorum/map/QuorumListenerTest.java","9","0","0","7","199","233","1"
"hazelcast","38b2c580dfaed82068f5137d2d84929eae461780","hazelcast/src/test/java/com/hazelcast/quorum/map/QuorumListenerTest.java","9","0","0","7","200","234","0"
"hazelcast","a370460060023a958af214df410c6dab393cf67c","hazelcast/src/test/java/com/hazelcast/ringbuffer/impl/RingbufferStoreTest.java","9","0","0","7","242","315","1"
"hazelcast","a1d4549db8759c2ea0d14aa61aa649b5fbe67081","hazelcast/src/test/java/com/hazelcast/ringbuffer/impl/RingbufferStoreTest.java","9","0","0","7","245","318","0"
"netty","9bcfef0f10694260a0c066278858b1c528f09ee0","handler/src/test/java/io/netty/handler/ssl/SSLEngineTest.java","9","0","0","7","252","297","1"
"elasticsearch","3f350f33f14ab9ec44a537bb9fe48537943cea52","core/src/test/java/org/elasticsearch/search/profile/aggregation/AggregationProfilerIT.java","9","0","0","7","481","532","0"
"hazelcast","267657223110ee9fc436f5496e078547d29c6e4c","hazelcast/src/main/java/com/hazelcast/map/QueryResult.java","9","0","0","7","61","87","1"
"neo4j","afde622ec0dfbe77a6c79ea17a72a8ad51d210ea","community/kernel/src/main/java/org/neo4j/kernel/impl/util/StoreUtil.java","9","0","0","7","65","107","0"
"orientdb","ce730084aa5f7cde8321f5f9913349040d5b5425","server/src/main/java/com/orientechnologies/orient/server/distributed/ODistributedDatabaseChunk.java","9","0","0","7","76","121","0"
"hazelcast","2aa58c06bf016abfe1c1f129130d23e57ac26f2a","hazelcast-spring/src/test/java/com/hazelcast/spring/TestApplicationContext.java","9","0","0","7","82","110","1"
"hazelcast","b777381e2f8cfc3d8bcde3a87c5cc9993e31d4a2","hazelcast-client-new/src/test/java/com/hazelcast/client/io/ClientExecutionPoolSizeLowTest.java","9","0","0","7","85","102","1"
"hazelcast","77334b34c7786f523fab26a8c7515ef89e886ae3","hazelcast-client/src/main/java/com/hazelcast/client/spi/impl/ClientSmartInvocationServiceImpl.java","9","0","0","7","85","116","0"
"mct","c51c585e19c0ee09920cb84aebf4039dd9691380","fastPlotViews/src/main/java/gov/nasa/arc/mct/fastplot/scatter/ScatterPlotDataSeries.java","9","0","0","7","87","103","0"
"hazelcast","1bf82788c4e21094b8d75cce64ee9be4e8adad08","hazelcast-client/src/test/java/com/hazelcast/client/io/ClientExecutionPoolSizeLowTest.java","9","0","0","7","87","104","2"
"hazelcast","99f2dd5d8710f0276d0b105ba5c0f19674b6ccdf","hazelcast-client/src/test/java/com/hazelcast/client/io/ClientExecutionPoolSizeLowTest.java","9","0","0","7","87","104","1"
"hazelcast","ec9060844513d2811d5bee8de0b8282e4becd97b","hazelcast-client/src/test/java/com/hazelcast/client/io/ClientExecutionPoolSizeLowTest.java","9","0","0","7","87","104","0"
"ceylon-ide-eclipse","008f3e9132dcf83bee214182187438276373c8d0","plugins/com.redhat.ceylon.eclipse.ui/src/com/redhat/ceylon/eclipse/core/builder/CeylonNature.java","9","0","0","7","95","120","0"
"hazelcast","4a9bacbdd50bf75b5a43e56b72754cdd6e99cefe","hazelcast/src/main/java/com/hazelcast/internal/nearcache/impl/store/BaseHeapNearCacheRecordStore.java","9","0","0","7","95","129","3"
"hazelcast","ed777f64e4d046bb45ae4ee062b463e33526e3ad","hazelcast/src/main/java/com/hazelcast/transaction/client/RecoverAllTransactionsRequest.java","9","0","0","7","99","130","1"
"elasticsearch","48191a44abfc6ca17afc43d337225e180ff435de","core/src/main/java/org/elasticsearch/search/aggregations/pipeline/derivative/DerivativePipelineAggregator.java","9","0","0","8","114","152","2"
"neo4j","562320c0be4006685ed6f086c12ef4e1f1964f3c","community/lucene-index/src/main/java/org/neo4j/kernel/api/impl/index/LuceneSchemaIndexProvider.java","9","0","0","8","133","165","0"
"elasticsearch","d39eb2d69131d7a6a8bda29dcac31342bb1a712e","core/src/test/java/org/elasticsearch/cluster/metadata/MetaDataTests.java","9","0","0","8","149","193","0"
"elasticsearch","578853f264e8ddae5c919b1b7ca35524cb292d62","core/src/test/java/org/elasticsearch/cluster/metadata/MetaDataTests.java","9","0","0","8","152","196","0"
"elasticsearch","084dc7a656d22182ae06110959064e87f99b7c7d","src/test/java/org/elasticsearch/deleteByQuery/DeleteByQueryTests.java","9","0","0","8","153","204","1"
"hazelcast","86b064ba3f1e467e74e95d6da24b03122065ce36","hazelcast/src/test/java/com/hazelcast/map/impl/InterceptorRegistryTest.java","9","0","0","8","192","257","2"
"orientdb","3333ad2b199bcde13a0ff77eac293007db9547a0","graphdb/src/test/java/com/orientechnologies/orient/graph/blueprints/GraphTests.java","9","0","0","8","196","279","0"
"neo4j","476df94b8d5c18102c358ad2315848270b5afe19","community/lucene-index/src/test/java/org/neo4j/kernel/api/impl/schema/LuceneSchemaIndexIT.java","9","0","0","8","217","282","1"
"hazelcast","88e00fc5922e66d115f3befff0b7fa568a0321db","hazelcast/src/test/java/com/hazelcast/test/mocknetwork/TestNodeRegistry.java","9","0","0","8","63","94","0"
"hazelcast","d831651dd5814c8074c8b4727184701986f16039","hazelcast/src/main/java/com/hazelcast/multimap/impl/operations/MultiMapOperationFactory.java","9","0","0","8","68","104","1"
"hazelcast","49d70060a7b54249744c4d990d8125c3b7431b06","hazelcast/src/main/java/com/hazelcast/map/impl/client/MapAddEntryListenerSqlRequest.java","9","0","0","8","69","99","1"
"hazelcast","2ee9e1f24c253f300f4be6cdcc6b24e128a58618","hazelcast-client/src/main/java/com/hazelcast/client/impl/QueueItemListenerManager.java","9","0","0","8","70","98","1"
"BroadleafCommerce","15e70fe6b89d008dd88b5e98dbfc66a720db68bb","common/src/main/java/org/broadleafcommerce/common/payment/PaymentAdditionalFieldType.java","9","0","0","8","71","110","0"
"hazelcast","e61fb5c3d86ca028d6e3e49a1abcb8e55a938cef","hazelcast/src/main/java/com/hazelcast/map/impl/client/MapAddEntryListenerSqlRequest.java","9","0","0","8","73","103","0"
"orientdb","ff6f06a1daf0593f38b5e50561d0b40d87e44d89","tests/src/test/java/com/orientechnologies/orient/test/database/auto/SQLSelectGroupByTest.java","9","0","0","8","87","125","0"
"neo4j","f8312acd0366ce0443db2e896541313ac6ae8bac","enterprise/causal-clustering/src/main/java/org/neo4j/causalclustering/catchup/storecopy/FileChunk.java","9","0","0","8","92","128","0"
"orientdb","077176ee691e6b24f96ac9a799f6bd3393eb0cee","tests/src/test/java/com/orientechnologies/orient/test/database/auto/SQLSelectGroupByTest.java","9","0","0","8","93","131","1"
"elasticsearch","e1efd5f6baf8dec1c23c79b346b8a29f234a98bb","core/src/main/java/org/elasticsearch/repositories/VerifyNodeRepositoryAction.java","9","0","0","9","125","166","0"
"hazelcast","0cfe240e25d66543c7f5135a5d0b0f891af75f64","hazelcast-client-legacy/src/test/java/com/hazelcast/client/map/MapNearCacheInvalidationFromClientTest.java","9","0","0","9","192","247","1"
"hazelcast","d070f1256c8c7fa823e6463487462826384ee1df","hazelcast-client/src/test/java/com/hazelcast/client/map/impl/nearcache/MapNearCacheInvalidationFromClientTest.java","9","0","0","9","208","258","0"
"hazelcast","7001ec8c5b1305c796de75c2e3f170c562db8c03","hazelcast-client/src/test/java/com/hazelcast/client/map/impl/nearcache/MapNearCacheInvalidationFromClientTest.java","9","0","0","9","209","259","0"
"hazelcast","6841307871f97a07d5510b63c61808567a910a79","hazelcast-client-legacy/src/test/java/com/hazelcast/client/map/MapNearCacheInvalidationFromClientTest.java","9","0","0","9","212","271","0"
"elasticsearch","54dd8196168525cc8aaa42b7e4c095e307d689ab","core/src/test/java/org/elasticsearch/index/fielddata/IndexFieldDataServiceTests.java","9","0","0","9","213","257","1"
"neo4j","6b75a9235ea38e0c47caacd25cc919023c0c958b","community/lucene-index/src/test/java/org/neo4j/kernel/api/impl/schema/LuceneSchemaIndexIT.java","9","0","0","9","235","303","0"
"neo4j","82d7ef3f69d5be527adfdbd2d660b33176aced95","community/lucene-index/src/test/java/org/neo4j/kernel/api/impl/schema/LuceneSchemaIndexIT.java","9","0","0","9","235","303","0"
"neo4j","e6f84e88fecffdd2dd28e4ee978d77df94914908","community/lucene-index/src/test/java/org/neo4j/kernel/api/impl/schema/LuceneSchemaIndexIT.java","9","0","0","9","235","303","1"
"neo4j","6b75a9235ea38e0c47caacd25cc919023c0c958b","community/lucene-index/src/test/java/org/neo4j/kernel/api/impl/labelscan/LuceneLabelScanStoreWriterTest.java","9","0","0","9","364","485","0"
"neo4j","e6f84e88fecffdd2dd28e4ee978d77df94914908","community/lucene-index/src/test/java/org/neo4j/kernel/api/impl/labelscan/LuceneLabelScanStoreWriterTest.java","9","0","0","9","367","487","1"
"hazelcast","274568d83996b0476a9751ffebe4fc29af809c54","hazelcast/src/main/java/com/hazelcast/map/QueryResult.java","9","0","0","9","66","95","0"
"hazelcast","9144e8128c3d271554f7230ee32e4d2e102fe811","hazelcast/src/main/java/com/hazelcast/map/QueryResult.java","9","0","0","9","67","96","0"
"hazelcast","10773b4cd855bdfd84ea80d22b8ed3c977459444","hazelcast/src/main/java/com/hazelcast/multimap/impl/operations/MultiMapOperationFactory.java","9","0","0","9","77","115","0"
"hazelcast","d831651dd5814c8074c8b4727184701986f16039","hazelcast/src/main/java/com/hazelcast/multimap/impl/txn/TxnCommitOperation.java","9","0","0","9","82","112","1"
"oryx","d74573da4b2b89e7fd33199f0c4f90fb9df26833","app/oryx-app-serving/src/main/java/com/cloudera/oryx/app/serving/AbstractOryxResource.java","9","0","1","0","101","146","0"
"oryx","92bff167832b0389e135a60e46f1284c34744e3c","app/oryx-app-serving/src/main/java/com/cloudera/oryx/app/serving/AbstractOryxResource.java","9","0","1","0","103","148","0"
"oryx","518dc444be616e55a8aeb1bd047aaa411ae3281a","app/oryx-app-serving/src/main/java/com/cloudera/oryx/app/serving/AbstractOryxResource.java","9","0","1","0","109","156","0"
"orientdb","b27bb99f64f5a211acd2f1639a5895ce09a1b883","distributed/src/test/java/com/orientechnologies/orient/server/distributed/AbstractDistributedConcurrentTxTest.java","9","0","1","0","111","166","0"
"neo4j","bb30ed7a24e299e133a0ada21446c9712625d543","community/kernel/src/main/java/org/neo4j/graphdb/factory/GraphDatabaseSettings.java","9","0","1","0","365","500","1"
"neo4j","88fa4421572662aa8822510e7bb089a305ab62e3","community/kernel/src/main/java/org/neo4j/graphdb/factory/GraphDatabaseSettings.java","9","0","1","0","377","514","0"
"neo4j","3ec0e927cb481a29815bc3237d2e53fd7cadd271","community/kernel/src/main/java/org/neo4j/graphdb/factory/GraphDatabaseSettings.java","9","0","1","0","379","517","0"
"neo4j","5f59285fe3d907abdbf01a92fcd1020403d63f77","community/kernel/src/main/java/org/neo4j/graphdb/factory/GraphDatabaseSettings.java","9","0","1","0","384","523","0"
"elasticsearch","12d9268db256b728e8d334801739fb46167902b6","src/main/java/org/apache/lucene/util/packed/XPackedInts.java","9","0","1","0","50","89","0"
"BroadleafCommerce","4b3376d332c92d3f2550bd647cbbece8699beb72","admin/broadleaf-contentmanagement-module/src/main/java/org/broadleafcommerce/cms/web/PageHandlerMapping.java","9","0","1","0","65","122","0"
"elasticsearch","4b94eb5cb8cc4294ed0e932a5f22c16bd90d4dd7","core/src/main/java/org/elasticsearch/action/explain/TransportExplainAction.java","9","0","1","1","100","139","2"
"elasticsearch","860efb2ad28db09189c8423e05d0dba53010259c","core/src/main/java/org/elasticsearch/action/explain/TransportExplainAction.java","9","0","1","1","100","139","2"
"elasticsearch","d3417fb02291f26964d77767020ef345d18c148f","core/src/main/java/org/elasticsearch/action/explain/TransportExplainAction.java","9","0","1","1","100","139","0"
"elasticsearch","2b3760f78b26817b5a2030aa27b1ddf2f17462f6","modules/reindex/src/main/java/org/elasticsearch/index/reindex/AbstractBaseReindexRestHandler.java","9","0","1","1","101","154","1"
"elasticsearch","a6e0f022207a2898f84a1ecf5bd973ab2f7e0330","src/main/java/org/elasticsearch/action/search/type/TransportSearchDfsQueryAndFetchAction.java","9","0","1","1","107","148","1"
"elasticsearch","371c73e14023917f3892090d2d3d7ff9ac1216b9","core/src/main/java/org/elasticsearch/action/explain/TransportExplainAction.java","9","0","1","1","114","159","3"
"elasticsearch","78574d248cf10dad1c5a566fda79e1e0c94afe43","core/src/main/java/org/elasticsearch/action/explain/TransportExplainAction.java","9","0","1","1","114","159","2"
"elasticsearch","e6aaaf11ed4a1b8f595f920de1840938eddb7a97","core/src/main/java/org/elasticsearch/action/explain/TransportExplainAction.java","9","0","1","1","114","159","2"
"elasticsearch","a60b8948ba1d836a6eac7cff095519e618939ed8","core/src/main/java/org/elasticsearch/action/explain/TransportExplainAction.java","9","0","1","1","114","159","0"
"elasticsearch","3e32dd985aabfa5ee653b26bcb6ff97c74a426a2","src/main/java/org/elasticsearch/action/admin/indices/recovery/TransportRecoveryAction.java","9","0","1","1","126","179","0"
"netty","ba6ce5449ee852b782dde9a11933f6a09b123e22","codec-http/src/main/java/io/netty/handler/codec/http/CombinedHttpHeaders.java","9","0","1","1","130","186","0"
"elasticsearch","3e32dd985aabfa5ee653b26bcb6ff97c74a426a2","src/test/java/org/elasticsearch/benchmark/recovery/ReplicaRecoveryBenchmark.java","9","0","1","1","140","195","2"
"elasticsearch","5c00dc577388c9efbb13e612dec88a49b7165141","src/main/java/org/elasticsearch/action/count/TransportCountAction.java","9","0","1","1","142","189","1"
"elasticsearch","7d52d587470104ba451f24564ec2aa2be4214f70","src/main/java/org/elasticsearch/action/count/TransportCountAction.java","9","0","1","1","142","189","2"
"elasticsearch","c6ac5ac4336fb45e2ee9cae187717081406bc13d","src/main/java/org/elasticsearch/action/count/TransportCountAction.java","9","0","1","1","142","189","0"
"elasticsearch","9ee08dbb0b247afb881431df0c313024eb768747","core/src/test/java/org/elasticsearch/benchmark/recovery/ReplicaRecoveryBenchmark.java","9","0","1","1","143","199","1"
"elasticsearch","97559c0614d900a682d01afc241615cf5627fb4c","src/test/java/org/elasticsearch/benchmark/recovery/ReplicaRecoveryBenchmark.java","9","0","1","1","144","200","0"
"elasticsearch","e54dd688a1c5c78a2637b7ab264f6eabc0352985","src/test/java/org/elasticsearch/benchmark/recovery/ReplicaRecoveryBenchmark.java","9","0","1","1","144","200","0"
"elasticsearch","95faa35853bff06d14c9071120988c0cba9aae84","src/test/java/org/elasticsearch/benchmark/recovery/ReplicaRecoveryBenchmark.java","9","0","1","1","144","200","1"
"elasticsearch","5337686d8d39568f94b0b976bd9098af69214302","core/src/test/java/org/elasticsearch/benchmark/recovery/ReplicaRecoveryBenchmark.java","9","0","1","1","145","201","0"
"elasticsearch","06bfe0550d66e16a26f0dec044f1bd1e3ca83425","src/main/java/org/elasticsearch/action/count/TransportCountAction.java","9","0","1","1","150","198","0"
"elasticsearch","03ef756539ffb277e905d5d125a6893e6b44aa24","core/src/main/java/org/elasticsearch/common/settings/ClusterSettings.java","9","0","1","1","374","406","1"
"elasticsearch","423b0f5e3d30430c00f18f621c88fe2fcd44e1aa","core/src/main/java/org/elasticsearch/common/settings/ClusterSettings.java","9","0","1","1","380","412","0"
"hazelcast","04c204fcf1f1d07695eb4355106ffdc8e6bc9365","hazelcast/src/main/java/com/hazelcast/config/matcher/MatchingPointConfigPatternMatcher.java","9","0","1","1","42","64","0"
"elasticsearch","1424f09c02927d9caada7f6ea45285b411d88d12","modules/lang-painless/src/main/java/org/elasticsearch/painless/node/SBlock.java","9","0","1","1","42","78","0"
"elasticsearch","0a25558f98a2d32eda61d51fef093e2394d02890","core/src/main/java/org/elasticsearch/search/fetch/subphase/DocValueFieldsFetchSubPhase.java","9","0","1","1","44","75","2"
"elasticsearch","b1cef5fdf8e1f8e9982a4724986b2731ca4d522b","core/src/main/java/org/elasticsearch/search/aggregations/bucket/geogrid/GeoHashGridParser.java","9","0","1","1","55","86","1"
"orientdb","01aa9d1932d4b43327899b3d5e0219caf6fdfb1d","server/src/main/java/com/orientechnologies/orient/server/network/protocol/http/command/OServerCommandAuthenticatedServerAbstract.java","9","0","1","1","56","101","1"
"orientdb","1c51439255e290d19e7dcf437c78bc133b786f97","lucene/src/main/java/com/orientechnologies/lucene/builder/ODocBuilder.java","9","0","1","1","56","89","0"
"BroadleafCommerce","9b556e9914c84a41ae10f07813ea46a5d2023f27","core/broadleaf-profile-web/src/main/java/org/broadleafcommerce/profile/web/core/security/SessionFixationProtectionFilter.java","9","0","1","1","65","116","0"
"elasticsearch","1764ec56b38ce87f516efdf93bb4ab56e9dd829b","core/src/main/java/org/elasticsearch/action/get/TransportGetAction.java","9","0","1","1","68","105","0"
"elasticsearch","25fd9e26c4fb042d6f6dea14efcd239577bdbbc4","core/src/main/java/org/elasticsearch/action/get/TransportGetAction.java","9","0","1","1","68","105","0"
"elasticsearch","56cc87b7ccd41040d8fafcaf2da3680d96d10839","core/src/main/java/org/elasticsearch/action/get/TransportGetAction.java","9","0","1","1","68","105","0"
"elasticsearch","578853f264e8ddae5c919b1b7ca35524cb292d62","core/src/main/java/org/elasticsearch/action/get/TransportGetAction.java","9","0","1","1","68","105","0"
"elasticsearch","a60b8948ba1d836a6eac7cff095519e618939ed8","core/src/main/java/org/elasticsearch/action/get/TransportGetAction.java","9","0","1","1","68","105","0"
"elasticsearch","78574d248cf10dad1c5a566fda79e1e0c94afe43","core/src/main/java/org/elasticsearch/action/get/TransportGetAction.java","9","0","1","1","68","105","1"
"elasticsearch","e6aaaf11ed4a1b8f595f920de1840938eddb7a97","core/src/main/java/org/elasticsearch/action/get/TransportGetAction.java","9","0","1","1","68","105","1"
"elasticsearch","fbe27664a65ca7ab5b7dbe1c328ab27423e4313c","core/src/main/java/org/elasticsearch/action/get/TransportGetAction.java","9","0","1","1","68","105","2"
"elasticsearch","b49635539d929d6cb5ee56153e2f95872fe4bb16","modules/lang-painless/src/main/java/org/elasticsearch/painless/node/SIfElse.java","9","0","1","1","69","112","1"
"elasticsearch","3f06d9f3b8516bb30a2890a36c2973f08f9c6076","modules/lang-painless/src/main/java/org/elasticsearch/painless/node/SIfElse.java","9","0","1","1","71","116","0"
"elasticsearch","b49635539d929d6cb5ee56153e2f95872fe4bb16","modules/lang-painless/src/main/java/org/elasticsearch/painless/node/LNewObj.java","9","0","1","1","72","119","1"
"elasticsearch","cde83e363aac2195c2dc0f81bbe348bcfe8b4152","modules/lang-painless/src/main/java/org/elasticsearch/painless/node/LNewObj.java","9","0","1","1","72","119","1"
"elasticsearch","1424f09c02927d9caada7f6ea45285b411d88d12","modules/lang-painless/src/main/java/org/elasticsearch/painless/node/LNewObj.java","9","0","1","1","72","119","0"
"elasticsearch","5a08e36f9cec26c0b9cbc67c8b8f0a07a6c16b17","modules/lang-painless/src/main/java/org/elasticsearch/painless/node/SDo.java","9","0","1","1","72","122","1"
"BroadleafCommerce","49d12cffdc9aca461330ec8110c850319cf49ec0","admin/broadleaf-open-admin-platform/src/main/java/org/broadleafcommerce/openadmin/server/factory/PersistencePackageFactoryImpl.java","9","0","1","1","73","110","1"
"elasticsearch","3f06d9f3b8516bb30a2890a36c2973f08f9c6076","modules/lang-painless/src/main/java/org/elasticsearch/painless/node/LNewObj.java","9","0","1","1","73","120","0"
"elasticsearch","13a347239a48d71486692a72c066e940dec8921b","plugins/cloud-gce/src/test/java/org/elasticsearch/discovery/gce/mock/GceComputeServiceAbstractMock.java","9","0","1","1","76","120","2"
"elasticsearch","40f119d85a4eaa39d0a6e594e46f70de725557f0","plugins/cloud-gce/src/test/java/org/elasticsearch/discovery/gce/mock/GceComputeServiceAbstractMock.java","9","0","1","1","76","120","1"
"elasticsearch","bbf42d379dc5fac7cddf768b244aa1649efdb10d","plugins/cloud-gce/src/test/java/org/elasticsearch/discovery/gce/mock/GceComputeServiceAbstractMock.java","9","0","1","1","76","120","0"
"BroadleafCommerce","c8e97392a5f5bcdf3517f0c555f934f418e2ddf4","admin/broadleaf-open-admin-platform/src/main/java/org/broadleafcommerce/openadmin/server/dao/provider/metadata/AdvancedCollectionFieldMetadataProvider.java","9","0","1","1","78","119","0"
"elasticsearch","568a7ea5f197dc3f7396280a4bb0a4d5fcda7868","core/src/main/java/org/elasticsearch/rest/BaseRestHandler.java","9","0","1","1","78","160","3"
"elasticsearch","aadbfa44b4b9ed2a544ca6766d387f66e9272f9a","src/test/java/org/elasticsearch/action/RejectionActionTests.java","9","0","1","1","80","113","0"
"elasticsearch","7f6e0c6c0203fd67713ae0bc6dbbc20a18817df7","modules/lang-painless/src/main/java/org/elasticsearch/painless/node/ECapturingFunctionRef.java","9","0","1","1","82","120","0"
"oryx","d16f89b25fc5e12f94af6432274c66e0394c1743","app/oryx-app-serving/src/main/java/com/cloudera/oryx/app/serving/als/RecommendToMany.java","9","0","1","1","84","125","0"
"oryx","27e9046b2bd92243c260efd8bcd0af46b92bdf9e","app/oryx-app-serving/src/main/java/com/cloudera/oryx/app/serving/als/RecommendToMany.java","9","0","1","1","86","127","0"
"elasticsearch","00de8e07fc3df9c763bbc0b6890217dc5b6bee3e","core/src/main/java/org/elasticsearch/rest/BaseRestHandler.java","9","0","1","1","86","169","3"
"elasticsearch","17a2fffc9be50102fa5a9da72053c82df23b1a64","core/src/main/java/org/elasticsearch/rest/BaseRestHandler.java","9","0","1","1","86","169","2"
"elasticsearch","6796464f167ce293192c43efd1cf28e4434fd5da","core/src/main/java/org/elasticsearch/rest/BaseRestHandler.java","9","0","1","1","86","169","4"
"elasticsearch","6baded8e7fb920e920a288bf53764a1da3d617da","core/src/main/java/org/elasticsearch/rest/BaseRestHandler.java","9","0","1","1","86","169","3"
"elasticsearch","f5ac0e507661ec127afa07ed8dd34da50b2e4d5d","core/src/main/java/org/elasticsearch/rest/BaseRestHandler.java","9","0","1","1","86","169","2"
"elasticsearch","d06a8903fdccf5985bb1b9cbfcb92580d08a544c","core/src/main/java/org/elasticsearch/rest/BaseRestHandler.java","9","0","1","1","86","169","0"
"elasticsearch","8dedbd01df14c76fc8f1ac9060facc053fa2be9b","src/test/java/org/elasticsearch/cluster/BlockClusterStatsTests.java","9","0","1","1","89","125","3"
"hazelcast","d067a8e4edffbf148370e6a19f429f5c7ac6a8a1","hazelcast/src/main/java/com/hazelcast/cache/impl/CacheRecordStore.java","9","0","1","1","95","154","2"
"hazelcast","e33cb371df2d33664a756201d0c81bd71c1896bf","hazelcast/src/main/java/com/hazelcast/cache/impl/CacheRecordStore.java","9","0","1","1","95","154","3"
"elasticsearch","51d53791fe71c9cb62bc992588a57cdfb500383f","modules/reindex/src/main/java/org/elasticsearch/index/reindex/AbstractBaseReindexRestHandler.java","9","0","1","1","95","154","0"
"elasticsearch","1764ec56b38ce87f516efdf93bb4ab56e9dd829b","core/src/main/java/org/elasticsearch/action/explain/TransportExplainAction.java","9","0","1","1","98","137","0"
"elasticsearch","fbe27664a65ca7ab5b7dbe1c328ab27423e4313c","core/src/main/java/org/elasticsearch/action/explain/TransportExplainAction.java","9","0","1","1","99","138","2"
"hazelcast","b0c7338849694eb76a8f99d719901e14ea209fd1","hazelcast-client/src/test/java/com/hazelcast/client/executor/ClientExecutorServiceTest.java","9","0","1","10","123","176","0"
"elasticsearch","371c73e14023917f3892090d2d3d7ff9ac1216b9","core/src/main/java/org/elasticsearch/index/mapper/internal/IndexFieldMapper.java","9","0","1","10","136","204","3"
"elasticsearch","78574d248cf10dad1c5a566fda79e1e0c94afe43","core/src/main/java/org/elasticsearch/index/mapper/internal/IndexFieldMapper.java","9","0","1","10","136","204","2"
"elasticsearch","e6aaaf11ed4a1b8f595f920de1840938eddb7a97","core/src/main/java/org/elasticsearch/index/mapper/internal/IndexFieldMapper.java","9","0","1","10","136","204","2"
"elasticsearch","a60b8948ba1d836a6eac7cff095519e618939ed8","core/src/main/java/org/elasticsearch/index/mapper/internal/IndexFieldMapper.java","9","0","1","10","136","204","0"
"elasticsearch","8c6b2a30773a805aeaf9668f6496a93581326f45","src/main/java/org/elasticsearch/common/joda/TimeZoneRounding.java","9","0","1","10","167","241","0"
"hazelcast","c3843135dd418c37c2b6c6c9067d1cffa14f1923","hazelcast-client/src/test/java/com/hazelcast/client/map/ClientSortLimitTest.java","9","0","1","10","179","242","0"
"elasticsearch","046abdc281c321cd2128ee7684c0edfcaca07203","core/src/test/java/org/elasticsearch/action/admin/cluster/node/tasks/TaskManagerTestCase.java","9","0","1","10","181","236","2"
"elasticsearch","e74d02138f02a66331b2611b5e70a908bb49cb97","core/src/test/java/org/elasticsearch/action/admin/cluster/node/tasks/TaskManagerTestCase.java","9","0","1","10","182","237","0"
"elasticsearch","00a9811f02da7d3ac05316a106312cfc2e3d1a33","modules/reindex/src/test/java/org/elasticsearch/index/reindex/DeleteByQueryBasicTests.java","9","0","1","10","187","273","0"
"elasticsearch","20279a255674d826d07ecbb1f729d913b06cd7b3","src/test/java/org/elasticsearch/search/aggregations/bucket/SamplerTests.java","9","0","1","10","203","263","1"
"elasticsearch","7c3ea748e2754316d74182fab920c6f3c2b3fa26","core/src/test/java/org/elasticsearch/common/xcontent/builder/XContentBuilderTests.java","9","0","1","10","205","264","1"
"hazelcast","62b3bb7746b744b0aa2c40ea73782991dcd78fb5","hazelcast/src/test/java/com/hazelcast/scheduledexecutor/ScheduledExecutorServiceTestSupport.java","9","0","1","10","257","358","2"
"hazelcast","4c7b5b71f984f4d27ab8ebc1fbead42ddb971d40","hazelcast/src/test/java/com/hazelcast/scheduledexecutor/ScheduledExecutorServiceTestSupport.java","9","0","1","10","257","359","0"
"hazelcast","9c138bc1488f6a398b05389829776717f93b838a","hazelcast/src/test/java/com/hazelcast/scheduledexecutor/ScheduledExecutorServiceTestSupport.java","9","0","1","10","265","370","0"
"hazelcast","9ca61a7f33b7f9ba97d4091f5a051d8611b7d4c8","hazelcast/src/test/java/com/hazelcast/impl/ClusterLockTest.java","9","0","1","10","266","303","0"
"elasticsearch","81ced48f99ba5bf1ec36b8b917125b384796a4bd","src/test/java/org/elasticsearch/common/cli/CliToolTests.java","9","0","1","10","266","320","1"
"netty","ead87b7df8d923417475ead2d7680747b1a72f07","codec-http2/src/test/java/io/netty/handler/codec/http2/Http2ConnectionRoundtripTest.java","9","0","1","10","493","622","3"
"orientdb","b2e32ca05ae2a95c40f4d94e60c708584e8bbba7","server/src/main/java/com/orientechnologies/orient/server/handler/OConfigurableHooksManager.java","9","0","1","10","76","122","0"
"elasticsearch","315744be55b3fb4949c6632d5877bc43bc666d7f","src/test/java/org/elasticsearch/test/integration/search/suggest/SuggestSearchTests.java","9","0","1","10","774","901","0"
"orientdb","2f4390c5567d781e5b6f143cba405d8005dedf0c","core/src/main/java/com/orientechnologies/orient/core/sql/method/misc/OAbstractSQLMethod.java","9","0","1","10","79","118","1"
"elasticsearch","cc6c07365c89e1608b78a46af7744a67ff5277a1","src/test/java/org/elasticsearch/test/integration/search/suggest/SuggestSearchTests.java","9","0","1","10","791","921","0"
"orientdb","278985a53ab2e77f1e655a930568e0aa6e7f7f65","core/src/main/java/com/orientechnologies/common/concur/resource/OPartitionedObjectPoolFactory.java","9","0","1","10","88","123","1"
"BroadleafCommerce","7da760ada0cf3c3164075c970c90d47e36b4bef4","core/broadleaf-framework/src/main/java/org/broadleafcommerce/core/catalog/domain/CategoryProductXrefImpl.java","9","0","1","10","96","157","0"
"titan","21d712306d38cb33488304cd356b0c812323557d","titan-test/src/test/java/com/thinkaurelius/titan/graphdb/idmanagement/MockIDAuthority.java","9","0","1","10","99","126","0"
"titan","8ed7a34830b0a78e03142c2f4be6ea9d63b30fa8","titan-test/src/test/java/com/thinkaurelius/titan/graphdb/idmanagement/MockIDAuthority.java","9","0","1","11","104","132","0"
"orientdb","e4b9bb016b8b00e083c072b6512032f9be254f7d","core/src/main/java/com/orientechnologies/orient/core/metadata/sequence/OSequenceLibraryImpl.java","9","0","1","11","114","151","0"
"elasticsearch","4a0b010d02557076c3f818be5e0e5cc3f32b7001","modules/elasticsearch/src/main/java/org/elasticsearch/cluster/metadata/MetaDataDeleteIndexService.java","9","0","1","11","130","192","0"
"neo4j","e3cce44754a86a232bdb6dc3666c86d30edd3bfb","community/bolt/src/main/java/org/neo4j/bolt/BoltKernelExtension.java","9","0","1","11","176","253","0"
"elasticsearch","122c2b7a12bcb1ab0c7e4a738a3a46bba1249064","src/test/java/org/elasticsearch/common/cli/CliToolTests.java","9","0","1","11","283","338","0"
"netty","2fd42cfc6b32dacb812c6f2ecef8522cd94718d4","codec-http2/src/test/java/io/netty/handler/codec/http2/Http2ConnectionRoundtripTest.java","9","0","1","11","611","763","2"
"BroadleafCommerce","1e8b29ba6d27d72811406cce7db53ed3fa903475","core/broadleaf-framework-web/src/main/java/org/broadleafcommerce/core/web/checkout/stage/CheckoutStageType.java","9","0","1","11","71","111","0"
"hazelcast","b1ab638144ded722fac5bb9182c374e7d4f421d7","hazelcast/src/main/java/com/hazelcast/map/impl/query/AggregationResult.java","9","0","1","11","78","115","0"
"hazelcast","42dd3075109d59f1b6847b7a6165b609299cc9d3","hazelcast-wm/src/main/java/com/hazelcast/web/SessionState.java","9","0","1","11","82","119","1"
"elasticsearch","dc9a05228714b6a951301f1f185a1970d3320de6","src/test/java/org/elasticsearch/test/integration/search/suggest/SuggestSearchTests.java","9","0","1","11","871","1005","0"
"BroadleafCommerce","416af90683672573f66a0ab791554b7dc865feed","admin/broadleaf-open-admin-platform/src/main/java/org/broadleafcommerce/openadmin/web/compatibility/JSCompatibilityRequestWrapper.java","9","0","1","12","104","146","2"
"BroadleafCommerce","6936d73bd1ef8569e5f0fb0d04b3fa9f6cc8dbc7","admin/broadleaf-open-admin-platform/src/main/java/org/broadleafcommerce/openadmin/web/compatibility/JSCompatibilityRequestWrapper.java","9","0","1","12","104","149","2"
"hazelcast","7812e4cfb5307427c8041eaaed72fb543f28dd47","hazelcast/src/main/java/com/hazelcast/instance/BuildInfo.java","9","0","1","12","106","150","0"
"elasticsearch","99b0faed14b9301d6cd2a3abe2fa847e8a335c44","src/main/java/org/elasticsearch/common/lucene/search/function/FunctionScoreQuery.java","9","0","1","12","150","209","1"
"elasticsearch","7eaac7b7061bfea573bbc9ed33933318492a28b2","core/src/main/java/org/elasticsearch/cluster/metadata/MetaDataDeleteIndexService.java","9","0","1","12","152","217","0"
"elasticsearch","0bbb84c19a0ff2ad974bb2bd8002871e4ee1ac73","core/src/main/java/org/elasticsearch/cluster/metadata/MetaDataDeleteIndexService.java","9","0","1","12","153","218","1"
"elasticsearch","266394c3ab5837ed0d2e30a4808a6d01e3e52193","core/src/main/java/org/elasticsearch/cluster/metadata/MetaDataDeleteIndexService.java","9","0","1","12","155","222","0"
"netty","e6ca9882a107c34cf6358c8d7a68561025f06016","common/src/test/java/io/netty/util/ByteStringTest.java","9","0","1","12","173","212","1"
"elasticsearch","1f04182b8164ffb19f3805c48d67f0375262b317","core/src/main/java/org/elasticsearch/gateway/TransportNodesListGatewayMetaState.java","9","0","1","12","174","236","0"
"hazelcast","62badb9cd1cca47fb0ee15054d06e5c09c86f0f6","hazelcast-client/src/main/java/com/hazelcast/client/proxy/ClientRingbufferProxy.java","9","0","1","12","210","266","0"
"hazelcast","d568e4d926d925d57d4e79e34614390416749301","hazelcast-client/src/main/java/com/hazelcast/client/proxy/ClientRingbufferProxy.java","9","0","1","12","212","268","0"
"hazelcast","025081dff5c8879373caa07a2a54511e978c2bc7","hazelcast/src/test/java/com/hazelcast/map/ListenerTest.java","9","0","1","12","268","336","3"
"hazelcast","41e789ad6528512dbb93a45d657e80c0ac652dfe","hazelcast/src/test/java/com/hazelcast/map/ListenerTest.java","9","0","1","12","268","336","5"
"hazelcast","12a0770d42130064f5a63ee306ebee1dfb45349f","hazelcast/src/test/java/com/hazelcast/map/ListenerTest.java","9","0","1","12","268","336","0"
"orientdb","5efc3c9900df6c43804a41d2a6bb9b56de661286","core/src/main/java/com/orientechnologies/common/concur/resource/OPartitionedObjectPoolFactory.java","9","0","1","12","95","133","0"
"hazelcast","5758dedd1bcd1583eb238e314a12eee83980b607","hazelcast/src/main/java/com/hazelcast/instance/BuildInfo.java","9","0","1","12","95","138","1"
"elasticsearch","1f04182b8164ffb19f3805c48d67f0375262b317","core/src/main/java/org/elasticsearch/action/get/MultiGetShardRequest.java","9","0","1","13","116","168","0"
"BroadleafCommerce","86c7c1f49cf8d819bf62c336775b16aeea5d2070","core/broadleaf-framework/src/main/java/org/broadleafcommerce/core/order/domain/OrderItemAttributeImpl.java","9","0","1","13","126","176","0"
"BroadleafCommerce","01104e5bcebc77bb08f3020f52b53690ad492d0a","core/broadleaf-framework/src/main/java/org/broadleafcommerce/core/order/domain/OrderItemAttributeImpl.java","9","0","1","13","127","177","0"
"orientdb","7a678522a2d83448543bc75d7360ac0857529727","server/src/main/java/com/orientechnologies/orient/server/distributed/task/ODeployClusterTask.java","9","0","1","13","127","197","0"
"orientdb","a56ae91e7d9f772da4288542cee900793c24e5e1","server/src/main/java/com/orientechnologies/orient/server/distributed/task/ODeployClusterTask.java","9","0","1","13","128","198","0"
"elasticsearch","366ddfc89a9265e05d23291b02a829f4da1fcbdd","src/main/java/org/elasticsearch/common/lucene/search/function/FunctionScoreQuery.java","9","0","1","13","129","184","0"
"elasticsearch","17dffe222b923c17614905515773614d6963e13e","src/main/java/org/elasticsearch/common/lucene/search/function/FunctionScoreQuery.java","9","0","1","13","130","183","2"
"elasticsearch","e43f3a941b8ae78e6ab4f66d1da17a976d36b666","src/main/java/org/elasticsearch/common/lucene/search/function/FunctionScoreQuery.java","9","0","1","13","130","183","1"
"elasticsearch","3add12a9708a12d3e55c923cf7468296ed6147cc","src/main/java/org/elasticsearch/common/lucene/search/function/FunctionScoreQuery.java","9","0","1","13","130","183","0"
"orientdb","46bbcabde62c2b9e61ebaf45dc23f16d9dee7f02","tests/src/test/java/com/orientechnologies/orient/test/database/auto/SQLIndexWithoutSchemaTest.java","9","0","1","13","167","235","1"
"orientdb","136db63960bbf53514691bf5a0bb8361a5ea5361","tests/src/test/java/com/orientechnologies/orient/test/database/auto/SQLIndexWithoutSchemaTest.java","9","0","1","13","168","236","0"
"titan","02a1a20f591c0fcdbe9847acb71d1e1ea591e79d","titan-test/src/main/java/com/thinkaurelius/titan/diskstorage/log/LogTest.java","9","0","1","13","193","236","0"
"titan","e773067c084e9e6a0a58b739d06f86f0ad36a994","titan-test/src/main/java/com/thinkaurelius/titan/diskstorage/log/LogTest.java","9","0","1","13","194","237","0"
"hazelcast","7c65ff8ef158b668b04872904ece89f2e77f60c5","hazelcast/src/test/java/com/hazelcast/map/ListenerTest.java","9","0","1","13","291","361","4"
"elasticsearch","7264fd4eb810c514e80ee7b5e5dfd1c8f95e5d26","src/test/java/org/elasticsearch/index/shard/IndexShardTests.java","9","0","1","13","292","366","3"
"elasticsearch","8a454dae331e607457e9ee2d031cfd2459b88f1b","core/src/test/java/org/elasticsearch/fieldstats/FieldStatsTests.java","9","0","1","13","321","393","1"
"elasticsearch","5337686d8d39568f94b0b976bd9098af69214302","qa/evil-tests/src/test/java/org/elasticsearch/common/cli/CliToolTests.java","9","0","1","13","346","413","0"
"orientdb","7d6926491a6802ab4f15473e73d3b1c7a176d958","core/src/main/java/com/orientechnologies/orient/core/sql/parser/OProjectionItem.java","9","0","1","13","68","92","0"
"orientdb","252aa4c00e6048e5a77066dc5f770ef6e58dd1ea","core/src/main/java/com/orientechnologies/orient/core/sql/parser/OIsNotDefinedCondition.java","9","0","1","13","69","98","1"
"hazelcast","17b69ef0865e0054e7560895420f44ba1d4793af","hazelcast/src/main/java/com/hazelcast/cache/impl/CachePartitionSegment.java","9","0","1","13","88","130","2"
"hazelcast","d070f1256c8c7fa823e6463487462826384ee1df","hazelcast/src/main/java/com/hazelcast/cache/impl/CachePartitionSegment.java","9","0","1","13","89","131","0"
"hazelcast","fee26c97362929b3e07721db791e6801900f6963","hazelcast/src/main/java/com/hazelcast/cache/impl/CachePartitionSegment.java","9","0","1","13","89","131","0"
"hazelcast","f42106746dee7150844955ae8b71bbaa689d80c9","hazelcast/src/main/java/com/hazelcast/cache/impl/CachePartitionSegment.java","9","0","1","13","89","131","1"
"hazelcast","2f70f48888d89c73b883a5c9bfb6aa1430727dcf","hazelcast/src/main/java/com/hazelcast/concurrent/atomiclong/AtomicLongService.java","9","0","1","14","107","147","1"
"hazelcast","2043fef6ab40ea0b1d71b5e0a8feb4fd0024a4bf","hazelcast/src/main/java/com/hazelcast/concurrent/atomiclong/AtomicLongService.java","9","0","1","14","108","148","0"
"hazelcast","4a1593fa6ba5c277c4ad2fc320d803b0e63b9339","hazelcast/src/main/java/com/hazelcast/replicatedmap/impl/record/AbstractBaseReplicatedRecordStore.java","9","0","1","14","115","159","0"
"elasticsearch","e1efd5f6baf8dec1c23c79b346b8a29f234a98bb","core/src/main/java/org/elasticsearch/action/get/MultiGetShardRequest.java","9","0","1","14","116","168","0"
"elasticsearch","a916830ab406359480709083831e36e4975a83fd","core/src/main/java/org/elasticsearch/index/mapper/internal/TypeFieldMapper.java","9","0","1","14","157","219","1"
"neo4j","0aa66c5acd804a93f5700ddb017c092743aa03d0","community/bolt/src/main/java/org/neo4j/bolt/BoltKernelExtension.java","9","0","1","14","185","282","1"
"neo4j","c287d3fcff4d41dc2fa317c778efc33d6ca11eba","community/bolt/src/main/java/org/neo4j/bolt/BoltKernelExtension.java","9","0","1","14","185","282","1"
"neo4j","737bbf8d7a2c473b0df517235b3822c3b4110231","community/bolt/src/main/java/org/neo4j/bolt/BoltKernelExtension.java","9","0","1","14","185","282","0"
"hazelcast","8f419459821e2d7e744122b4b3a9482e6fc0ebb2","hazelcast/src/test/java/com/hazelcast/map/MapPartitionLostListenerStressTest.java","9","0","1","14","203","258","0"
"elasticsearch","ea41ee9243dd3ec643117af1ff5a9684daf805c6","src/test/java/org/elasticsearch/index/shard/IndexShardTests.java","9","0","1","14","305","380","0"
"elasticsearch","129d8ec29aa22b941003b250e0f6ad4849585b41","src/test/java/org/elasticsearch/index/shard/IndexShardTests.java","9","0","1","14","307","382","2"
"elasticsearch","9080f51340b1b26f8bd171b4c82de8d87ad42b55","core/src/test/java/org/elasticsearch/fieldstats/FieldStatsTests.java","9","0","1","14","363","439","1"
"elasticsearch","d84c643f5880a88d2e5c38b487123161f3e01fe0","core/src/test/java/org/elasticsearch/fieldstats/FieldStatsTests.java","9","0","1","14","364","440","0"
"orientdb","0b098ecbb27731eae0d6bc55a5750b000a6b9777","core/src/main/java/com/orientechnologies/orient/core/sql/parser/OIsDefinedCondition.java","9","0","1","14","72","102","0"
"orientdb","0b098ecbb27731eae0d6bc55a5750b000a6b9777","core/src/main/java/com/orientechnologies/orient/core/sql/parser/OIsNotDefinedCondition.java","9","0","1","14","72","103","0"
"netty","2fefb2f79c30bcda5b43815d64174aac900e740c","codec-http2/src/test/java/io/netty/handler/codec/http2/InboundHttp2ToHttpAdapterTest.java","9","0","1","14","736","815","1"
"orientdb","ac6ba2add76a1f3d3aaa40429729ec87cfad1e1b","core/src/main/java/com/orientechnologies/orient/core/index/hashindex/local/cache/OCachePointer.java","9","0","1","14","82","134","1"
"elasticsearch","164efaecbe42195f08ada58b5fde927ab21fc6e7","core/src/main/java/org/elasticsearch/common/transport/InetSocketTransportAddress.java","9","0","1","14","90","137","0"
"hazelcast","7001ec8c5b1305c796de75c2e3f170c562db8c03","hazelcast/src/main/java/com/hazelcast/cache/impl/CachePartitionSegment.java","9","0","1","14","92","135","0"
"netty","20894bc99e28191cc3926ae95a23f5c7d3969a33","buffer/src/main/java/io/netty/buffer/SwappedByteBuf.java","9","0","1","146","685","853","0"
"netty","3b94154893bba3989673d4eae11228479aa2a3c3","buffer/src/main/java/io/netty/buffer/SwappedByteBuf.java","9","0","1","146","685","854","0"
"netty","ea1dca8105a4542bfe3f2c669c8bc14c4e3518a5","buffer/src/main/java/io/netty/buffer/SwappedByteBuf.java","9","0","1","146","685","854","0"
"netty","a383988cdb57e56e5211fdf592545fe67331ff6e","buffer/src/main/java/io/netty/buffer/SwappedByteBuf.java","9","0","1","146","685","854","1"
"hazelcast","12e2af6c4b59fcb4dc5257758c8a911466677fd8","hazelcast/src/main/java/com/hazelcast/map/impl/tx/TxnSetOperation.java","9","0","1","15","104","147","1"
"hazelcast","06cffdc24c82d1dd0c8d59aa33f46ef5f6910782","hazelcast/src/main/java/com/hazelcast/map/impl/tx/TxnSetOperation.java","9","0","1","15","105","146","2"
"hazelcast","5186e0869fd957fd048d838064815d9922b133ec","hazelcast/src/main/java/com/hazelcast/map/impl/tx/TxnSetOperation.java","9","0","1","15","105","146","1"
"hazelcast","3a1d456848dcafbe8a777d7d33434d63a8db1f0d","hazelcast/src/main/java/com/hazelcast/map/impl/tx/TxnSetOperation.java","9","0","1","15","105","146","0"
"hazelcast","c7896a0ea1ea935926828bca84ee4ed454e3520d","hazelcast/src/main/java/com/hazelcast/map/impl/tx/TxnSetOperation.java","9","0","1","15","110","155","1"
"elasticsearch","dbaf39c792c2d8f5dccebec6ae5aaaf8da5fc55b","src/main/java/org/elasticsearch/search/dfs/DfsSearchResult.java","9","0","1","15","127","175","0"
"BroadleafCommerce","300afb753f1ee1d8f081ebbf9cbd93cb57c22816","core/broadleaf-framework/src/main/java/org/broadleafcommerce/core/catalog/dao/SkuDaoImpl.java","9","0","1","15","193","282","0"
"elasticsearch","2c453820e45792c7d6ba600b445d6477ea8e4775","core/src/test/java/org/elasticsearch/common/xcontent/builder/XContentBuilderTests.java","9","0","1","15","248","323","0"
"elasticsearch","5ec7f040219fdf1d6b21bfbd4f6848ed3f790709","core/src/test/java/org/elasticsearch/common/xcontent/builder/XContentBuilderTests.java","9","0","1","15","261","335","1"
"elasticsearch","ef83dbfbe68eff4b72575a2059a333469b274769","core/src/test/java/org/elasticsearch/search/fields/SearchFieldsIT.java","9","0","1","15","746","886","2"
"elasticsearch","230f0b514f5067b0ccc75d2e5fafc33b609df92e","core/src/test/java/org/elasticsearch/search/fields/SearchFieldsIT.java","9","0","1","15","752","892","1"
"elasticsearch","860efb2ad28db09189c8423e05d0dba53010259c","core/src/test/java/org/elasticsearch/search/fields/SearchFieldsIT.java","9","0","1","15","752","892","2"
"elasticsearch","b08352047d5c3dfccec85b37e3de060aea08ed0d","core/src/test/java/org/elasticsearch/search/fields/SearchFieldsIT.java","9","0","1","15","752","892","1"
"elasticsearch","b1a2768d7d92371b7e85abb6f523f62769b2830f","core/src/test/java/org/elasticsearch/search/fields/SearchFieldsIT.java","9","0","1","15","752","892","2"
"elasticsearch","119d198cc5d7e3111f3fc66d712341cdbb3d80aa","core/src/test/java/org/elasticsearch/search/fields/SearchFieldsIT.java","9","0","1","15","752","892","0"
"elasticsearch","2a1ed8026265878741f67d501f7b1a806c99cea6","core/src/test/java/org/elasticsearch/search/fields/SearchFieldsIT.java","9","0","1","15","752","892","0"
"elasticsearch","bd23921a3afbe2287b1ec272d46bc140807041ce","core/src/test/java/org/elasticsearch/search/fields/SearchFieldsIT.java","9","0","1","15","752","892","0"
"elasticsearch","33b8d7a19d6ddd6ad06a5a0cb5ca90175458e036","core/src/test/java/org/elasticsearch/search/fields/SearchFieldsIT.java","9","0","1","15","753","893","0"
"elasticsearch","d3417fb02291f26964d77767020ef345d18c148f","core/src/test/java/org/elasticsearch/search/fields/SearchFieldsIT.java","9","0","1","15","761","901","0"
"elasticsearch","2f1b3ccde2a415fa3cca3d1f7ad8a25effb3f464","core/src/test/java/org/elasticsearch/common/xcontent/builder/XContentBuilderTests.java","9","0","1","16","279","355","0"
"elasticsearch","17906ca7d615dc4c72cb5cc403f2d561dc1f2ff3","core/src/test/java/org/elasticsearch/index/shard/IndexShardTests.java","9","0","1","16","331","410","1"
"neo4j","a9cd199b1086cf1d996764b54caba53b95d3727c","community/kernel/src/test/java/org/neo4j/kernel/impl/nioneo/xa/WriteTransactionTest.java","9","0","1","16","474","633","0"
"elasticsearch","d094042b08bb99bffa1744bac1dd2df1da6a37ff","src/main/java/org/elasticsearch/common/geo/GeoPoint.java","9","0","1","16","82","127","1"
"netty","2fd42cfc6b32dacb812c6f2ecef8522cd94718d4","codec-http2/src/test/java/io/netty/handler/codec/http2/InboundHttp2ToHttpAdapterTest.java","9","0","1","16","843","927","2"
"titan","63cd447da2fac871c2528fcec575e19b10e7330b","src/main/java/com/thinkaurelius/faunus/formats/sequence/faunus01/FaunusEdge01.java","9","0","1","17","115","145","1"
"elasticsearch","89c960b00aa8dcdbeb94866ea6a426092c8c7fd9","core/src/test/java/org/elasticsearch/common/xcontent/builder/XContentBuilderTests.java","9","0","1","17","278","354","1"
"elasticsearch","4df636b5efc06ee980cdc3befc5699f39f537805","core/src/main/java/org/elasticsearch/action/search/SearchTransportService.java","9","0","1","17","317","415","0"
"elasticsearch","3354a816fca4b8ce5af622c848bcd5fd1161e3b7","core/src/test/java/org/elasticsearch/index/shard/IndexShardTests.java","9","0","1","17","356","436","1"
"elasticsearch","fc90c2affdcf7d8303444bf06ad6c70a9a761c00","core/src/test/java/org/elasticsearch/index/shard/IndexShardTests.java","9","0","1","17","359","439","2"
"BroadleafCommerce","e216da5ebb303680f5c60ffcd75979f5876ab5a6","admin/broadleaf-open-admin-platform/src/main/java/org/broadleafcommerce/openadmin/server/security/domain/AdminPermissionImpl.java","9","0","1","19","220","285","0"
"elasticsearch","d0835715c2704aeb9600f1c203bd591a8b77ee68","core/src/test/java/org/elasticsearch/index/shard/IndexShardTests.java","9","0","1","19","426","526","2"
"netty","2a6ed67efc4ffb15647313b82e450a3951a6a3bd","testsuite/src/test/java/io/netty/testsuite/transport/socket/SocketSslGreetingTest.java","9","0","1","2","115","159","1"
"hazelcast","d568e4d926d925d57d4e79e34614390416749301","hazelcast/src/main/java/com/hazelcast/replicatedmap/impl/ReplicatedMapSplitBrainHandlerService.java","9","0","1","2","124","162","0"
"elasticsearch","0a69f1e283e26e5d9e6a000b68b9f4778de557a1","core/src/test/java/org/elasticsearch/index/mapper/boost/FieldLevelBoostTests.java","9","0","1","2","125","180","2"
"hazelcast","8f8a00625dd31eb3915d3251d2f10edbe2a7e0b9","hazelcast/src/main/java/com/hazelcast/replicatedmap/impl/ReplicatedMapSplitBrainHandlerService.java","9","0","1","2","127","165","1"
"elasticsearch","5a64f08f048461a63a0ca1354a5050c954e63d52","core/src/test/java/org/elasticsearch/index/mapper/boost/FieldLevelBoostTests.java","9","0","1","2","132","189","0"
"elasticsearch","6fe9ae29ea3b66d38dfde4ae1394106b725475e9","core/src/test/java/org/elasticsearch/document/DocumentActionsIT.java","9","0","1","2","186","246","3"
"elasticsearch","3ed0da5a586e8a3d12016aa517ab46032353d179","core/src/test/java/org/elasticsearch/document/DocumentActionsIT.java","9","0","1","2","187","247","2"
"elasticsearch","fbe27664a65ca7ab5b7dbe1c328ab27423e4313c","core/src/test/java/org/elasticsearch/document/DocumentActionsIT.java","9","0","1","2","187","247","2"
"elasticsearch","1764ec56b38ce87f516efdf93bb4ab56e9dd829b","core/src/test/java/org/elasticsearch/document/DocumentActionsIT.java","9","0","1","2","187","247","0"
"neo4j","868b4d731485023d2f7477e1133dcd5b263c851d","community/kernel/src/main/java/org/neo4j/kernel/impl/factory/PlatformModule.java","9","0","1","2","211","301","0"
"neo4j","a93c570faa774c1a40b635b6a3e6d8ccb61a99e8","community/kernel/src/main/java/org/neo4j/kernel/impl/factory/PlatformModule.java","9","0","1","2","219","310","1"
"elasticsearch","8eab5ec5286475b5c0602d8c230947c781db6596","modules/elasticsearch/src/test/java/org/elasticsearch/cluster/routing/allocation/FailedShardsRoutingTests.java","9","0","1","2","229","296","0"
"hazelcast","1b19f48fd94c4d1d735c16799001e1937fed4d54","hazelcast/src/test/java/com/hazelcast/test/HazelcastParallelClassRunner.java","9","0","1","2","249","325","0"
"BroadleafCommerce","da98c51911c40296d2785f26e37b08f82c354192","common/src/main/java/org/broadleafcommerce/common/rule/MvelHelper.java","9","0","1","2","32","60","0"
"elasticsearch","19e7b1c737052cca62c684f3ed8e4936f08666be","core/src/main/java/org/elasticsearch/common/transport/NetworkExceptionHelper.java","9","0","1","2","34","62","1"
"orientdb","d59e47612a51e132c8452d80410acaa016f63457","core/src/main/java/com/orientechnologies/orient/core/sql/method/misc/OSQLMethodAsList.java","9","0","1","2","42","78","0"
"hazelcast","2ec1ac176612eecd2d4c4282286a83e1dba0c42d","hazelcast-client/src/main/java/com/hazelcast/client/util/AddressHelper.java","9","0","1","2","43","71","1"
"elasticsearch","47969efae9646a2d4c5e0cfc3b3eaac9b71e7b71","src/main/java/org/elasticsearch/index/analysis/KeepWordFilterFactory.java","9","0","1","2","45","99","0"
"netty","a729e0fcd94009905d219665bdd069eb31433b7c","transport/src/main/java/io/netty/channel/ThreadPerChannelEventLoop.java","9","0","1","2","53","82","1"
"elasticsearch","4732ef3484ab91eac3afc0ccde0249f8b67dc506","src/main/java/org/elasticsearch/index/query/functionscore/fieldvaluefactor/FieldValueFactorFunctionParser.java","9","0","1","2","53","94","1"
"ceylon-ide-eclipse","aaee4a5cc1ef9278070b92583a7cd1b6d82133b2","plugins/com.redhat.ceylon.eclipse.ui/src/com/redhat/ceylon/eclipse/code/refactor/RefactoringStarter.java","9","0","1","2","54","82","0"
"netty","23d017849429c18e1890b0a5799e5262df4f269f","transport/src/main/java/io/netty/channel/ThreadPerChannelEventLoop.java","9","0","1","2","54","83","0"
"netty","9128d4f16a8ccb102bbf863b88e6be8e5574333d","transport/src/main/java/io/netty/channel/ThreadPerChannelEventLoop.java","9","0","1","2","55","85","1"
"hazelcast","15b09b7de72d7e83ce7b5bb12cd5f24119f37caf","hazelcast/src/main/java/com/hazelcast/spi/impl/PacketDispatcher.java","9","0","1","2","63","90","0"
"orientdb","5499f443102cace2dfa66d6bb93b5715bc0a6393","lucene/src/main/java/com/orientechnologies/lucene/builder/OLuceneDocumentBuilder.java","9","0","1","2","64","109","0"
"BroadleafCommerce","4668ccc6de84817bb25442ffa3e7e2033477d008","core/broadleaf-framework-web/src/main/java/org/broadleafcommerce/core/web/catalog/CategoryHandlerMapping.java","9","0","1","2","64","117","0"
"elasticsearch","284a35131cd6a96baba14b31c827e5f6dab7b4ad","modules/elasticsearch/src/main/java/org/elasticsearch/search/facets/FacetsPhase.java","9","0","1","2","65","99","0"
"elasticsearch","7ff12a5bd96847db625e5d008ea5cd7040cca735","src/main/java/org/apache/lucene/search/DeletionAwareConstantScoreQuery.java","9","0","1","2","68","110","0"
"elasticsearch","fbe27664a65ca7ab5b7dbe1c328ab27423e4313c","core/src/main/java/org/elasticsearch/rest/action/document/RestUpdateAction.java","9","0","1","2","72","103","3"
"netty","cd0b5ec2db593d45c96bd6b55b0024042534af04","codec-socks/src/main/java/io/netty/handler/codec/socks/SocksCmdResponseDecoder.java","9","0","1","2","72","99","1"
"netty","af4b71a00e30faf86ef1c2365e965e8f04f65bee","codec-socks/src/main/java/io/netty/handler/codec/socks/SocksCmdResponseDecoder.java","9","0","1","2","73","100","0"
"BroadleafCommerce","9eaa5260c4ed3428990f8ec8c265d4cecb3eb08d","admin/broadleaf-open-admin-platform/src/main/java/org/broadleafcommerce/openadmin/web/processor/ErrorsProcessor.java","9","0","1","2","76","124","1"
"elasticsearch","5ce42b337d01bc75d7dada53791e4bc9bde95341","modules/elasticsearch/src/main/java/org/elasticsearch/rest/action/search/RestSearchScrollAction.java","9","0","1","2","77","110","0"
"elasticsearch","2b3760f78b26817b5a2030aa27b1ddf2f17462f6","core/src/main/java/org/elasticsearch/rest/action/admin/indices/RestGetMappingAction.java","9","0","1","2","78","110","1"
"elasticsearch","0541456b346de1f26aee6fa69266a09d14140275","src/main/java/org/elasticsearch/rest/action/search/RestSearchScrollAction.java","9","0","1","2","80","113","0"
"elasticsearch","4a15106d6a76d7e506c4966b6b5bafceca3853c9","src/main/java/org/elasticsearch/index/analysis/NGramTokenizerFactory.java","9","0","1","2","88","126","0"
"hazelcast","e7c312280062991ae79e7194e151e12ea3aa2897","hazelcast/src/test/java/com/hazelcast/spi/impl/SplitBrainTestSupport.java","9","0","1","2","93","141","0"
"orientdb","c1f0f046093d166b58193818b359c73d4a50c228","core/src/main/java/com/orientechnologies/orient/core/command/OCommandRequestAbstract.java","9","0","1","20","111","168","0"
"BroadleafCommerce","428c6a982c55f74e5e236bda6586f69ed1db6085","core/broadleaf-framework/src/main/java/org/broadleafcommerce/core/catalog/dao/CategoryDaoImpl.java","9","0","1","20","215","284","0"
"hazelcast","660bbd97d28d2282bc4ac0bc66a5405e89cd0813","hazelcast-client/src/main/java/com/hazelcast/client/proxy/ClientDurableExecutorServiceProxy.java","9","0","1","20","269","338","0"
"hazelcast","6adb137d7e8b6abd4405ab26337072a54017cabc","hazelcast-client/src/main/java/com/hazelcast/client/proxy/ClientDurableExecutorServiceProxy.java","9","0","1","20","270","339","1"
"BroadleafCommerce","89ab11fc4ad655261735d86bf697f21900eb5357","admin/broadleaf-open-admin-platform/src/main/java/org/broadleafcommerce/openadmin/dto/ClassTree.java","9","0","1","21","111","164","0"
"elasticsearch","1e937fd5d1ee6265782c311593a8711b0e537003","src/main/java/org/elasticsearch/index/mapper/internal/TypeFieldMapper.java","9","0","1","21","145","203","0"
"hazelcast","305ecd0cab00c33d16d84c0f7b2e830a77412712","hazelcast/src/main/java/com/hazelcast/map/impl/MapContainer.java","9","0","1","21","167","235","1"
"elasticsearch","e1efd5f6baf8dec1c23c79b346b8a29f234a98bb","core/src/main/java/org/elasticsearch/gateway/TransportNodesListGatewayMetaState.java","9","0","1","21","174","236","0"
"elasticsearch","ee5221bd220b5e23d77a02d217909c4b527b860f","src/test/java/org/elasticsearch/index/mapper/timestamp/TimestampMappingTests.java","9","0","1","21","457","564","1"
"orientdb","76ffdc9fe1e541460329297a955e8494c36be8f5","core/src/main/java/com/orientechnologies/orient/core/command/OCommandRequestAbstract.java","9","0","1","22","118","177","1"
"elasticsearch","b92371a4dcbfa193f5acf698c8f9237037498065","test/framework/src/main/java/org/elasticsearch/script/MockScriptEngine.java","9","0","1","22","149","219","1"
"hazelcast","1c93e005e88f8bbcfd90c55156ebbe80e2c43a61","hazelcast/src/main/java/com/hazelcast/nio/serialization/DefaultPortableWriter.java","9","0","1","22","150","200","0"
"BroadleafCommerce","982aa0cd224d852d5505bcc49f0f8a3325f9c14d","core/broadleaf-framework/src/main/java/org/broadleafcommerce/core/catalog/dao/CategoryDaoImpl.java","9","0","1","22","240","313","0"
"orientdb","4ff84b859e3d13248b65486721dda2a5fd268722","core/src/main/java/com/orientechnologies/orient/core/storage/OStorageAbstract.java","9","0","1","23","149","213","0"
"orientdb","2228c1302483104febb0712814a9865ae5b48cb4","core/src/main/java/com/orientechnologies/orient/core/storage/OStorageAbstract.java","9","0","1","23","149","215","1"
"elasticsearch","48357e43d3521e92aef23f8100000cd3ab5589c3","test/framework/src/main/java/org/elasticsearch/script/MockScriptEngine.java","9","0","1","23","153","226","0"
"hazelcast","ffe9301db5174bd688cf5f986f7078484fa6cef7","hazelcast/src/main/java/com/hazelcast/nio/serialization/DefaultPortableReader.java","9","0","1","25","229","281","0"
"hazelcast","0b99990c091b2e5235b2c7a72b4550327db4260c","hazelcast-client-new/src/main/java/com/hazelcast/client/proxy/ClientListProxy.java","9","0","1","27","281","344","2"
"hazelcast","ccc4cf5c5afe3eadfdb39332f605f2157820ee89","hazelcast-client-new/src/main/java/com/hazelcast/client/proxy/ClientListProxy.java","9","0","1","27","290","354","1"
"elasticsearch","d8ff6e9831ede9782d913b67fa04102c2d1182d1","core/src/test/java/org/elasticsearch/index/mapper/NumberFieldTypeTests.java","9","0","1","28","360","445","0"
"hazelcast","047e128ada1c21554be6bae6eb71afbda275e6ce","hazelcast-wm/src/test/java/com/hazelcast/wm/test/DeferredFailoverClusterTest.java","9","0","1","3","105","151","3"
"hazelcast","69975a8df84795d2fbd45e45b1d169e13fcbf0b1","hazelcast-wm/src/test/java/com/hazelcast/wm/test/DeferredFailoverClusterTest.java","9","0","1","3","108","153","1"
"hazelcast","835ad6b42ede4b5ce7092db1339487377f1ac199","hazelcast-wm/src/test/java/com/hazelcast/wm/test/DeferredFailoverClusterTest.java","9","0","1","3","108","154","2"
"hazelcast","7001ec8c5b1305c796de75c2e3f170c562db8c03","hazelcast/src/main/java/com/hazelcast/client/impl/protocol/task/map/MapAddNearCacheEntryListenerMessageTask.java","9","0","1","3","111","153","0"
"hazelcast","4fb6fa92a65d06a19ba9ab4f05d4943880c9e2ae","hazelcast/src/test/java/com/hazelcast/map/EntryProcessorBouncingNodesTest.java","9","0","1","3","144","207","1"
"oryx","008d439437affbae40d70282d6114384c0f813cc","framework/oryx-lambda-serving/src/main/java/com/cloudera/oryx/lambda/serving/ModelManagerListener.java","9","0","1","3","153","206","0"
"oryx","d16f89b25fc5e12f94af6432274c66e0394c1743","framework/oryx-lambda-serving/src/main/java/com/cloudera/oryx/lambda/serving/ModelManagerListener.java","9","0","1","3","154","207","0"
"oryx","fddb336ac30ea3fb0bde91c61ef043f523d7d9fe","framework/oryx-lambda-serving/src/main/java/com/cloudera/oryx/lambda/serving/ModelManagerListener.java","9","0","1","3","154","208","0"
"oryx","3b0fc229b3818b52dda4b6b863f9bca5dcfc4d86","framework/oryx-lambda-serving/src/main/java/com/cloudera/oryx/lambda/serving/ModelManagerListener.java","9","0","1","3","159","213","0"
"elasticsearch","79093e166316b4b891c3db07b1c2e7785f55b939","core/src/test/java/org/elasticsearch/action/admin/indices/create/ShrinkIndexIT.java","9","0","1","3","177","247","0"
"elasticsearch","a846ff93e91020b5a837c45a045191b1c58a86e7","core/src/main/java/org/elasticsearch/common/rounding/DateTimeUnit.java","9","0","1","3","40","69","1"
"orientdb","fdc4bd6aac49739d48c5ec95b3cc1c6fabc99b78","core/src/main/java/com/orientechnologies/orient/core/sql/functions/text/OSQLMethodToJSON.java","9","0","1","3","41","79","0"
"elasticsearch","abe83c4facab0c32614b8c46314a685b0c378842","core/src/main/java/org/elasticsearch/search/rescore/RescorePhase.java","9","0","1","3","46","81","0"
"hazelcast","0261611ce1d6e95cd84910390d1c0c653fa0dfd2","hazelcast/src/main/java/com/hazelcast/aggregation/impl/AbstractAggregator.java","9","0","1","3","47","107","0"
"orientdb","0402aed1e4b1aaff933c1a35dee7282cdc248b52","etl/src/main/java/com/orientechnologies/orient/etl/transformer/OMergeTransformer.java","9","0","1","3","52","82","2"
"elasticsearch","3b3f9216dbeb03c81e72d11dfdd3361a5d98c8e6","core/src/main/java/org/elasticsearch/search/aggregations/support/values/ScriptLongValues.java","9","0","1","3","57","96","0"
"elasticsearch","1ef8761b70cd32ce1caaf6142a5ae709120b33dd","src/main/java/org/elasticsearch/search/dfs/DfsPhase.java","9","0","1","3","69","104","0"
"netty","2a6ed67efc4ffb15647313b82e450a3951a6a3bd","example/src/main/java/io/netty/example/http/snoop/HttpSnoopClient.java","9","0","1","3","69","112","1"
"netty","9128d4f16a8ccb102bbf863b88e6be8e5574333d","example/src/main/java/io/netty/example/http/snoop/HttpSnoopClient.java","9","0","1","3","69","112","1"
"netty","23d017849429c18e1890b0a5799e5262df4f269f","example/src/main/java/io/netty/example/http/snoop/HttpSnoopClient.java","9","0","1","3","69","112","0"
"BroadleafCommerce","58d8258a56593bc913efa9aa60d0ca5f8f173bd8","core/broadleaf-framework/src/main/java/org/broadleafcommerce/core/search/service/solr/I18nSolrSearchServiceExtensionHandler.java","9","0","1","3","69","115","2"
"hazelcast","4eef0f6f0630c47a4baca6875343ccd506948bb5","hazelcast/src/main/java/com/hazelcast/multimap/MultiMapMigrationOperation.java","9","0","1","3","72","105","1"
"hazelcast","62a2d7a2993e205acd37a462f8c7f9fe10f29dee","hazelcast/src/main/java/com/hazelcast/map/impl/client/MapAddNearCacheEntryListenerRequest.java","9","0","1","3","73","114","0"
"elasticsearch","ea41ee9243dd3ec643117af1ff5a9684daf805c6","src/main/java/org/elasticsearch/action/support/AbstractListenableActionFuture.java","9","0","1","3","74","107","2"
"elasticsearch","5f4c6b04c855a7e56f5308cd8072aefcb0c19373","src/main/java/org/elasticsearch/action/support/AbstractListenableActionFuture.java","9","0","1","3","74","109","0"
"elasticsearch","25fd9e26c4fb042d6f6dea14efcd239577bdbbc4","core/src/main/java/org/elasticsearch/action/support/AbstractListenableActionFuture.java","9","0","1","3","74","110","0"
"hazelcast","facc7ce537ff0e3778b982b96cb35b5eab8e4163","hazelcast-client/src/main/java/com/hazelcast/client/connection/nio/AbstractClientSelectionHandler.java","9","0","1","3","75","109","0"
"hazelcast","4653486efe9e76439d1f23021ab16bc287ac9bfa","hazelcast-client-legacy/src/main/java/com/hazelcast/client/util/ClientCancellableDelegatingFuture.java","9","0","1","3","78","115","0"
"elasticsearch","fdb98b1dcb1cbdbb6dcf7d4be9cf1f0598963d2f","modules/elasticsearch/src/main/java/org/elasticsearch/search/highlight/HighlightPhase.java","9","0","1","3","80","120","0"
"neo4j","69729fae020c1253f8bab4bb3c4c2f8d087741fb","community/kernel/src/main/java/org/neo4j/kernel/impl/transaction/state/PropertyTraverser.java","9","0","1","3","89","129","0"
"hazelcast","20dcc304597556dac17df42b2df70cd10f3d8f24","hazelcast-wm/src/test/java/com/hazelcast/wm/test/DeferredWriteClusterTest.java","9","0","1","3","89","135","2"
"hazelcast","c57e914305f7b503ce03f55ddc32d023b7666818","hazelcast-wm/src/test/java/com/hazelcast/wm/test/DeferredWriteClusterTest.java","9","0","1","3","89","135","1"
"hazelcast","e11600a8a909758ea6614352ca1848e71219b06f","hazelcast-wm/src/test/java/com/hazelcast/wm/test/DeferredWriteClusterTest.java","9","0","1","3","89","135","2"
"hazelcast","249e7d64161e769e5586d25f57789d78c8086d27","hazelcast-wm/src/test/java/com/hazelcast/wm/test/DeferredWriteClusterTest.java","9","0","1","3","89","135","0"
"hazelcast","69975a8df84795d2fbd45e45b1d169e13fcbf0b1","hazelcast-wm/src/test/java/com/hazelcast/wm/test/DeferredWriteClusterTest.java","9","0","1","3","92","137","0"
"hazelcast","835ad6b42ede4b5ce7092db1339487377f1ac199","hazelcast-wm/src/test/java/com/hazelcast/wm/test/DeferredWriteClusterTest.java","9","0","1","3","92","138","1"
"elasticsearch","380fcd1d02abb68493ddc7fe6c8ce3467f96a1aa","src/main/java/org/elasticsearch/index/merge/policy/LogByteSizeMergePolicyProvider.java","9","0","1","3","93","134","0"
"elasticsearch","67394aad81b1a8d4c87d3d164a7a1230a25772e6","src/main/java/org/elasticsearch/common/logging/log4j/LogConfigurator.java","9","0","1","3","95","130","3"
"hazelcast","191a6fd5c3d11d24c1c3a43ef70771074cc60ddd","hazelcast/src/main/java/com/hazelcast/client/impl/protocol/task/AuthenticationBaseMessageTask.java","9","0","1","3","97","139","0"
"hazelcast","a48fcaeb70b7f17e603988cbe73353b23a6b2a44","hazelcast/src/main/java/com/hazelcast/client/impl/protocol/task/AuthenticationBaseMessageTask.java","9","0","1","3","97","139","0"
"hazelcast","e90813e1302290f5391b19e67c925cc065df1fa3","hazelcast/src/main/java/com/hazelcast/client/impl/protocol/task/AuthenticationBaseMessageTask.java","9","0","1","3","97","139","0"
"hazelcast","92c9e90afd37615e6c37493123b053a4f4a5c145","hazelcast/src/main/java/com/hazelcast/client/impl/protocol/task/AuthenticationBaseMessageTask.java","9","0","1","3","97","139","1"
"elasticsearch","3d9e87201e52a2595c14a8dec3313c9595151a50","src/main/java/org/elasticsearch/gateway/shared/SharedStorageGateway.java","9","0","1","3","97","140","0"
"Android-Universal-Image-Loader","300a0ea2f23b836dedeaf92774a2586e98e720b9","library/src/com/nostra13/universalimageloader/core/download/BaseImageDownloader.java","9","0","1","3","98","207","1"
"elasticsearch","122c2b7a12bcb1ab0c7e4a738a3a46bba1249064","src/main/java/org/elasticsearch/common/cli/CliToolConfig.java","9","0","1","31","199","281","0"
"elasticsearch","a44655763e150522d58cbd8113fb1b30a475b8c7","core/src/main/java/org/elasticsearch/indices/store/TransportNodesListShardStoreMetaData.java","9","0","1","32","258","344","0"
"hazelcast","2b274e6521ea45ba3f56fc50cbbe51d807794e3c","hazelcast/src/main/java/com/hazelcast/cache/impl/HazelcastServerCacheManager.java","9","0","1","4","118","170","0"
"oryx","a0cb47169e7c448225f956d45fea5466e6c2a1ae","framework/oryx-lambda/src/main/java/com/cloudera/oryx/lambda/batch/BatchLayer.java","9","0","1","4","130","181","0"
"oryx","6168157dff2bc3dc210abe2f731785f2ad07960e","framework/oryx-lambda/src/main/java/com/cloudera/oryx/lambda/batch/BatchLayer.java","9","0","1","4","134","187","0"
"elasticsearch","13a347239a48d71486692a72c066e940dec8921b","core/src/test/java/org/elasticsearch/transport/netty/NettyTransportIT.java","9","0","1","4","140","187","2"
"BroadleafCommerce","abae60151f6416aa4cbf8f37615189b14464b79c","admin/broadleaf-admin-module/src/main/java/org/broadleafcommerce/admin/web/controller/entity/AdminProductController.java","9","0","1","4","140","204","1"
"hazelcast","e182ba489ff217e411dae82f565bcc566ab2c93c","hazelcast-client-legacy/src/test/java/com/hazelcast/client/spi/impl/ClientInvocationTest.java","9","0","1","4","160","215","0"
"oryx","fd8a77cc546c2a797833303878774b2697548349","oryx-lambda/src/main/java/com/cloudera/oryx/lambda/speed/SpeedLayer.java","9","0","1","4","205","259","0"
"elasticsearch","7d8726a5e81ba5c3d42182ffdb6b1d413a025b9f","modules/elasticsearch/src/test/java/org/elasticsearch/cluster/routing/allocation/FailedShardsRoutingTests.java","9","0","1","4","262","338","0"
"elasticsearch","b6a9bd9a31862bf4f73efd0009727134b91c4f27","src/test/java/org/elasticsearch/test/unit/cluster/routing/allocation/FailedShardsRoutingTests.java","9","0","1","4","268","344","0"
"orientdb","745daf592bd3e0576ff1e0c64c8039a5099a453b","object/src/main/java/com/orientechnologies/orient/object/entity/OObjectEntityClassHandler.java","9","0","1","4","37","68","0"
"BroadleafCommerce","6f15b2e4f1aed76e0e00e3caa0dd2c973755adae","admin/broadleaf-open-admin-platform/src/main/java/org/broadleafcommerce/openadmin/server/service/persistence/validation/UriPropertyValidator.java","9","0","1","4","54","109","1"
"BroadleafCommerce","bcb6c4390dd85df30cfe325a4db68818554d4ea2","core/broadleaf-profile-web/src/main/java/org/broadleafcommerce/profile/web/core/security/SessionFixationProtectionCookie.java","9","0","1","4","55","90","1"
"orientdb","694179bbd708b0a0ab131849e7132dbf55ba1a0b","core/src/main/java/com/orientechnologies/orient/core/index/OIndexUnique.java","9","0","1","4","57","98","1"
"netty","c43b9b4dd259412f3fa3c950f41658d74b1d84d7","codec/src/main/java/io/netty/handler/codec/MessageToMessageDecoder.java","9","0","1","4","58","91","1"
"netty","2adebc4c54ae98565db8e2a3c02b2ffaa0c101fe","codec/src/main/java/io/netty/handler/codec/MessageToMessageDecoder.java","9","0","1","4","59","92","1"
"orientdb","2767a54ee6308493e6a69b4b2951d8d2252bfd6b","core/src/main/java/com/orientechnologies/orient/core/index/OIndexUnique.java","9","0","1","4","60","100","0"
"orientdb","a717eb014a6d3a491ebbdb50ba7dcb77c1333102","core/src/main/java/com/orientechnologies/orient/core/index/OIndexUnique.java","9","0","1","4","60","100","0"
"orientdb","eda978aeda4e2d46618285fcb1d73642a30164c2","core/src/main/java/com/orientechnologies/orient/core/index/OIndexUnique.java","9","0","1","4","60","100","1"
"hazelcast","07c225fdc9369c9e20abb2e86eab2f11b6482bef","hazelcast/src/main/java/com/hazelcast/map/impl/querycache/subscriber/NodeQueryCacheConfigurator.java","9","0","1","4","61","93","2"
"orientdb","693119e3f1dab4ea8b67a35575ba1f7d1c0a970b","core/src/main/java/com/orientechnologies/orient/core/index/OIndexUnique.java","9","0","1","4","63","106","0"
"orientdb","87154d21d3773b56833010727fdc7e1c88c9aee3","core/src/main/java/com/orientechnologies/orient/core/index/OIndexUnique.java","9","0","1","4","65","104","1"
"elasticsearch","105d60ac9c28b1be4ab1e8d04a39c13cf9641c18","modules/elasticsearch/src/main/java/org/elasticsearch/search/facet/geodistance/ValueGeoDistanceFacetCollector.java","9","0","1","4","65","105","0"
"orientdb","bbbb777e4073e4214e47e2134379d96dcb54486a","core/src/main/java/com/orientechnologies/orient/core/index/OIndexUnique.java","9","0","1","4","67","111","1"
"orientdb","e9506470481ca6be46db5a1c37e2c7b02fc613d7","core/src/main/java/com/orientechnologies/orient/core/index/OIndexUnique.java","9","0","1","4","67","111","1"
"orientdb","4e1de17697f2030cee8bb58b16556727f48827ed","core/src/main/java/com/orientechnologies/orient/core/index/OIndexUnique.java","9","0","1","4","67","111","0"
"orientdb","b42d488780f2bfdd6ce58bec2d3ab76676ca4f9f","core/src/main/java/com/orientechnologies/common/concur/resource/OSharedContainerImpl.java","9","0","1","4","72","120","0"
"BroadleafCommerce","f93fff55c245992cf2776f931675b91015b05893","admin/broadleaf-admin-module/src/main/java/org/broadleafcommerce/admin/server/service/handler/ProductOptionsCustomPersistenceHandler.java","9","0","1","4","72","125","1"
"orientdb","16ca3308e7a9b4e7a40fe0721494faac38132ad2","core/src/main/java/com/orientechnologies/orient/core/sql/OCommandExecutorSQLCreateSequence.java","9","0","1","4","75","96","0"
"hazelcast","dbf6c47bbbf442948813e1b8f34ca033cf2fa286","hazelcast/src/main/java/com/hazelcast/util/FilteringClassLoader.java","9","0","1","4","80","126","1"
"hazelcast","ae2d86a78d7614954c0b846a773225b009c26012","hazelcast/src/main/java/com/hazelcast/util/FilteringClassLoader.java","9","0","1","4","89","133","0"
"mcMMO","ed8197bd502408943863051ddbdd14e782b73a00","src/main/java/com/gmail/nossr50/locale/LocaleLoader.java","9","0","1","4","90","116","0"
"mcMMO","e865acd87157df89069d029928556d3dc1eb2ac3","src/main/java/com/gmail/nossr50/locale/LocaleLoader.java","9","0","1","4","90","116","0"
"mcMMO","4a0e1ba4440f142896a940942d5671138119f14b","src/main/java/com/gmail/nossr50/locale/LocaleLoader.java","9","0","1","4","90","116","1"
"mcMMO","800786111c7d5446e6eb96fcc0a212680ed2fdfa","src/main/java/com/gmail/nossr50/locale/LocaleLoader.java","9","0","1","4","91","117","0"
"elasticsearch","30cc33e2e542810a9c893297cdc79c0ab8ea3bdb","modules/lang-painless/src/main/java/org/elasticsearch/painless/node/EFunctionRef.java","9","0","1","4","96","139","0"
"elasticsearch","30cc33e2e542810a9c893297cdc79c0ab8ea3bdb","modules/lang-painless/src/main/java/org/elasticsearch/painless/node/ECapturingFunctionRef.java","9","0","1","4","98","144","0"
"hazelcast","70d4de16ff0ac4518d09aad8c9f2ad9e782fb337","hazelcast/src/main/java/com/hazelcast/instance/HazelcastInstanceProxy.java","9","0","1","41","229","308","1"
"orientdb","421563ce0a29745a168071c54982b2b05977c399","core/src/main/java/com/orientechnologies/orient/core/index/OIndexAbstractDelegate.java","9","0","1","45","192","274","1"
"orientdb","87154d21d3773b56833010727fdc7e1c88c9aee3","core/src/main/java/com/orientechnologies/orient/core/index/OIndexAbstractDelegate.java","9","0","1","46","196","279","0"
"hazelcast","d568e4d926d925d57d4e79e34614390416749301","hazelcast/src/main/java/com/hazelcast/instance/HazelcastInstanceProxy.java","9","0","1","46","251","334","0"
"elasticsearch","f857f9e47cb7e0ab3c72b5a29225ddf3742f7f67","src/test/java/org/elasticsearch/script/IndexedScriptTests.java","9","0","1","5","138","178","0"
"elasticsearch","4575d79522e4dd64de4571f00bb7826e714a0958","modules/reindex/src/test/java/org/elasticsearch/index/reindex/BulkByScrollTaskTests.java","9","0","1","5","147","210","1"
"hazelcast","d568e4d926d925d57d4e79e34614390416749301","hazelcast/src/test/java/com/hazelcast/concurrent/lock/ConditionAdvancedTest.java","9","0","1","5","177","211","0"
"hazelcast","1f042b8c4a4245594691bb6d85a66ceed9b43068","hazelcast/src/test/java/com/hazelcast/concurrent/lock/ConditionAdvancedTest.java","9","0","1","5","179","213","2"
"netty","55c291ae5bdb7ac79464c4f838ca0aaaba6518fe","codec-http/src/test/java/io/netty/handler/codec/http/multipart/HttpPostRequestEncoderTest.java","9","0","1","5","208","260","2"
"elasticsearch","13a347239a48d71486692a72c066e940dec8921b","core/src/test/java/org/elasticsearch/snapshots/RepositoriesIT.java","9","0","1","5","217","276","2"
"neo4j","49087ca508ea73bbc97013e4a285e04809138a6d","community/kernel/src/main/java/org/neo4j/kernel/logging/LogbackService.java","9","0","1","5","218","286","1"
"neo4j","ccb2804c16d7ed7a3d2147bf90b2b9633e694179","community/kernel/src/main/java/org/neo4j/kernel/logging/LogbackService.java","9","0","1","5","221","289","0"
"elasticsearch","95f56d71bd6ecb19c0e6276e2dc4c51fad18ec15","core/src/test/java/org/elasticsearch/gateway/MetaDataWriteDataNodesTests.java","9","0","1","5","262","349","1"
"elasticsearch","3cda9b2bd736342ccd6311b1e8d9960bb68a1fa7","src/test/java/org/elasticsearch/gateway/MetaDataWriteDataNodesTests.java","9","0","1","5","270","355","0"
"elasticsearch","ca194594b302f87922d0f3a479392bc6855b5400","src/test/java/org/elasticsearch/indices/recovery/IndexRecoveryTests.java","9","0","1","5","294","409","0"
"elasticsearch","92a026b3b9be18803f11e49bd44ef0afbfdb6c13","src/test/java/org/elasticsearch/cluster/routing/allocation/AllocationCommandsTests.java","9","0","1","5","321","393","0"
"elasticsearch","c58b823e9f076b52e796919346c3cd95eed43ef0","src/test/java/org/elasticsearch/cluster/routing/allocation/FailedShardsRoutingTests.java","9","0","1","5","335","430","1"
"elasticsearch","e530f03b9445e98728b5fbf203c57ab774928ff3","src/test/java/org/elasticsearch/test/unit/cluster/routing/allocation/FailedShardsRoutingTests.java","9","0","1","5","342","436","0"
"elasticsearch","3354a816fca4b8ce5af622c848bcd5fd1161e3b7","core/src/test/java/org/elasticsearch/cluster/routing/TestShardRouting.java","9","0","1","5","47","80","1"
"elasticsearch","d0835715c2704aeb9600f1c203bd591a8b77ee68","core/src/test/java/org/elasticsearch/cluster/routing/TestShardRouting.java","9","0","1","5","47","80","1"
"elasticsearch","d2507c4ac0477f28b441f83eeac07786fb8f42b4","core/src/test/java/org/elasticsearch/cluster/routing/TestShardRouting.java","9","0","1","5","47","80","0"
"hazelcast","b3851e9178c66524eb5e7a73bf7249af5f4dfe06","hazelcast/src/main/java/com/hazelcast/map/record/ObjectRecordFactory.java","9","0","1","5","48","76","0"
"orientdb","46bbcabde62c2b9e61ebaf45dc23f16d9dee7f02","graphdb/src/test/java/com/orientechnologies/orient/graph/GraphTxAbstractTest.java","9","0","1","5","51","94","1"
"orientdb","136db63960bbf53514691bf5a0bb8361a5ea5361","graphdb/src/test/java/com/orientechnologies/orient/graph/GraphTxAbstractTest.java","9","0","1","5","52","96","0"
"elasticsearch","a8dcfa5deb65d57ae4814f97c7f5231ed45507c2","src/main/java/org/elasticsearch/action/search/SearchPhaseExecutionException.java","9","0","1","5","53","87","0"
"BroadleafCommerce","2290b85c0c8ab295db8ff58b0af16023f27d8c1a","admin/broadleaf-open-admin-platform/src/main/java/org/broadleafcommerce/openadmin/server/service/persistence/module/provider/FieldPersistenceProviderAdapter.java","9","0","1","5","54","82","0"
"elasticsearch","e3d5cb903bac739b47e8d726369313af36eb6824","src/main/java/org/elasticsearch/common/logging/jdk/ESLogRecord.java","9","0","1","5","60","107","0"
"BroadleafCommerce","c67a68a3a89534f11cd5b37a36cf6da87f3e9fd3","admin/broadleaf-open-admin-platform/src/main/java/org/broadleafcommerce/openadmin/server/service/persistence/module/provider/FieldPersistenceProviderAdapter.java","9","0","1","5","63","96","0"
"netty","81e2db10faaf0389f4e1af8c7132210946203157","codec/src/main/java/io/netty/handler/codec/MessageToMessageDecoder.java","9","0","1","5","63","98","0"
"elasticsearch","90a339ad5e4a61e750d0342be6326de46f45bedc","modules/elasticsearch/src/main/java/org/elasticsearch/search/facet/range/RangeFacetCollector.java","9","0","1","5","64","109","0"
"hazelcast","f02c8c56a09384f5e163849aa17595489649c758","hazelcast/src/test/java/com/hazelcast/test/HazelcastTestSupport.java","9","0","1","5","84","122","0"
"hazelcast","4a5f7904f6884485ed2a0c4f3670eee056d0610c","hazelcast/src/main/java/com/hazelcast/map/impl/operation/EvictBatchBackupOperation.java","9","0","1","5","84","133","0"
"elasticsearch","e1efd5f6baf8dec1c23c79b346b8a29f234a98bb","core/src/main/java/org/elasticsearch/indices/recovery/RecoveryFilesInfoRequest.java","9","0","1","5","85","127","0"
"elasticsearch","164efaecbe42195f08ada58b5fde927ab21fc6e7","core/src/main/java/org/elasticsearch/transport/TransportModule.java","9","0","1","5","86","122","0"
"elasticsearch","40f119d85a4eaa39d0a6e594e46f70de725557f0","core/src/main/java/org/elasticsearch/transport/TransportModule.java","9","0","1","5","86","123","1"
"elasticsearch","41d8fbe8f51abd499c9b497238bc5f2141b7926b","core/src/main/java/org/elasticsearch/transport/TransportModule.java","9","0","1","5","86","123","1"
"elasticsearch","bbf42d379dc5fac7cddf768b244aa1649efdb10d","core/src/main/java/org/elasticsearch/transport/TransportModule.java","9","0","1","5","86","123","0"
"elasticsearch","01ca81e2a37c9cd38c6dc44ae567d427c059dbe0","src/main/java/org/elasticsearch/index/merge/policy/LogDocMergePolicyProvider.java","9","0","1","6","103","145","0"
"hazelcast","a31ed31064a8b44c08a990c0c3624536f2d121da","hazelcast-wm/src/test/java/com/hazelcast/wm/test/DeferredWriteClusterTest.java","9","0","1","6","104","152","0"
"hazelcast","afbf3138111ae03f022eb7a65b5d519e8839f1b8","hazelcast/src/main/java/com/hazelcast/spi/discovery/multicast/MulticastDiscoveryStrategy.java","9","0","1","6","114","153","0"
"hazelcast","73673199472b3fb25cf6c72de378a1d2bab18605","hazelcast/src/main/java/com/hazelcast/spi/impl/operationservice/impl/AsyncInboundResponseHandler.java","9","0","1","6","116","169","1"
"hazelcast","86b064ba3f1e467e74e95d6da24b03122065ce36","hazelcast/src/main/java/com/hazelcast/spi/impl/operationservice/impl/AsyncInboundResponseHandler.java","9","0","1","6","116","169","2"
"hazelcast","9948976cea0dd05d47e24f303a0b309b4155d329","hazelcast/src/main/java/com/hazelcast/spi/impl/operationservice/impl/AsyncInboundResponseHandler.java","9","0","1","6","116","169","2"
"hazelcast","82683a8423a0a3209f3dd70ca23835ee63f0d0b8","hazelcast/src/main/java/com/hazelcast/spi/impl/operationservice/impl/AsyncInboundResponseHandler.java","9","0","1","6","116","169","0"
"elasticsearch","28ae4d63937f64d4d70c3646191b06f8f303f0a5","src/main/java/org/elasticsearch/common/util/concurrent/EsExecutors.java","9","0","1","6","124","192","1"
"elasticsearch","4b5592cc592207d26871af562d087c1a79087fc3","src/test/java/org/elasticsearch/search/aggregations/bucket/FiltersTests.java","9","0","1","6","185","242","1"
"elasticsearch","d3b130606932f8664e928f67c032c2fb796547e7","modules/reindex/src/test/java/org/elasticsearch/index/reindex/BulkByScrollTaskTests.java","9","0","1","6","200","273","0"
"hazelcast","ae9233fffeff545d037c55373eeeed5d4f7577a2","hazelcast/src/main/java/com/hazelcast/map/record/OffHeapRecord.java","9","0","1","6","40","73","0"
"titan","5f904d746f517fc714368c0258df4fd545e3829f","titan-core/src/main/java/com/thinkaurelius/titan/graphdb/query/condition/DirectionCondition.java","9","0","1","6","47","63","0"
"orientdb","0ac61215d1cea03bf29bb7affff516ae49e80888","distributed/src/main/java/com/orientechnologies/orient/server/distributed/impl/task/OTxTaskResult.java","9","0","1","6","50","86","1"
"hazelcast","f7b062e60d15715c41605a8dede75f345f84db89","hazelcast/src/main/java/com/hazelcast/client/impl/protocol/ClientExceptionFactory.java","9","0","1","6","629","675","0"
"elasticsearch","105d60ac9c28b1be4ab1e8d04a39c13cf9641c18","modules/elasticsearch/src/main/java/org/elasticsearch/search/facet/range/RangeFacetCollector.java","9","0","1","6","68","115","0"
"elasticsearch","ace83d9d2a97cfe8a8aa9bdd7b46ce71713fb494","core/src/main/java/org/elasticsearch/cluster/node/DiscoveryNodeService.java","9","0","1","6","70","104","0"
"elasticsearch","6941966b1654106ed9249cd01c32bfa2e06b452f","core/src/main/java/org/elasticsearch/cluster/node/DiscoveryNodeService.java","9","0","1","6","71","105","0"
"elasticsearch","43aabe88e85ead55ca14ca01b40137013e7c51ab","src/main/java/org/elasticsearch/index/search/child/ChildCollector.java","9","0","1","6","71","111","0"
"titan","ed88d7286080492045efafb45a69fa4cb6eeb94d","src/main/java/com/thinkaurelius/titan/graphdb/query/SimpleTitanQuery.java","9","0","1","6","71","92","0"
"elasticsearch","2b3760f78b26817b5a2030aa27b1ddf2f17462f6","core/src/main/java/org/elasticsearch/rest/AbstractRestChannel.java","9","0","1","6","77","122","1"
"hazelcast","fe421b79a227d7e65a19b4ca23ca7705ecf73d40","hazelcast/src/main/java/com/hazelcast/cache/impl/operation/CacheEntryProcessorOperation.java","9","0","1","6","85","127","0"
"elasticsearch","51d53791fe71c9cb62bc992588a57cdfb500383f","core/src/main/java/org/elasticsearch/rest/AbstractRestChannel.java","9","0","1","6","85","130","0"
"orientdb","cf92a6918d5e9b310ad4db4cbed3adb8527cc639","core/src/main/java/com/orientechnologies/orient/core/cache/OSoftRefsHashMap.java","9","0","1","6","86","104","1"
"hazelcast","6749a1be6c43760807edb6eab05382fb3534ff66","hazelcast/src/main/java/com/hazelcast/cache/impl/operation/CachePutAllBackupOperation.java","9","0","1","6","88","123","0"
"hazelcast","86b064ba3f1e467e74e95d6da24b03122065ce36","hazelcast/src/main/java/com/hazelcast/spi/impl/operationexecutor/impl/OperationThread.java","9","0","1","7","116","161","2"
"elasticsearch","371c73e14023917f3892090d2d3d7ff9ac1216b9","core/src/main/java/org/elasticsearch/common/util/PageCacheRecycler.java","9","0","1","7","156","218","3"
"elasticsearch","78574d248cf10dad1c5a566fda79e1e0c94afe43","core/src/main/java/org/elasticsearch/common/util/PageCacheRecycler.java","9","0","1","7","156","218","2"
"elasticsearch","55d9e99f513e714e6a612cc4379967f41dc2a500","core/src/main/java/org/elasticsearch/common/util/PageCacheRecycler.java","9","0","1","7","156","218","0"
"neo4j","6b75a9235ea38e0c47caacd25cc919023c0c958b","community/lucene-index/src/test/java/org/neo4j/kernel/api/impl/labelscan/storestrategy/NodeRangeDocumentLabelScanStorageStrategyTest.java","9","0","1","7","261","371","0"
"neo4j","e6f84e88fecffdd2dd28e4ee978d77df94914908","community/lucene-index/src/test/java/org/neo4j/kernel/api/impl/labelscan/storestrategy/NodeRangeDocumentLabelScanStorageStrategyTest.java","9","0","1","7","263","373","1"
"netty","ea0ddc0ea2cd11071bb960c7ff1aeade7bc1c1cb","codec-http/src/test/java/io/netty/handler/codec/http/multipart/HttpPostRequestEncoderTest.java","9","0","1","7","279","343","1"
"BroadleafCommerce","7da760ada0cf3c3164075c970c90d47e36b4bef4","admin/broadleaf-open-admin-platform/src/main/java/org/broadleafcommerce/openadmin/dto/SectionCrumb.java","9","0","1","7","43","79","0"
"BroadleafCommerce","0c21b421c1d9c38444c820eea84cad34979e3b37","core/broadleaf-framework/src/main/java/org/broadleafcommerce/core/catalog/service/type/ProductBundlePricingModelType.java","9","0","1","7","57","100","0"
"orientdb","c44bbca080721b05af1db86562a16b199916fd3c","core/src/main/java/com/orientechnologies/orient/core/index/OAbstractIndexDefinition.java","9","0","1","7","57","100","0"
"BroadleafCommerce","beb23ce063b9f0f91520b023d0eee1fd1a2113ba","core/broadleaf-framework/src/main/java/org/broadleafcommerce/core/catalog/service/type/ProductBundlePricingModelType.java","9","0","1","7","57","100","1"
"BroadleafCommerce","beb23ce063b9f0f91520b023d0eee1fd1a2113ba","core/broadleaf-framework/src/main/java/org/broadleafcommerce/core/payment/domain/PaymentInfoDetailType.java","9","0","1","7","58","105","1"
"BroadleafCommerce","0c21b421c1d9c38444c820eea84cad34979e3b37","core/broadleaf-framework/src/main/java/org/broadleafcommerce/core/payment/domain/PaymentInfoDetailType.java","9","0","1","7","58","106","0"
"BroadleafCommerce","15e70fe6b89d008dd88b5e98dbfc66a720db68bb","common/src/main/java/org/broadleafcommerce/common/payment/PaymentGatewayType.java","9","0","1","7","59","121","0"
"elasticsearch","8eab5ec5286475b5c0602d8c230947c781db6596","modules/elasticsearch/src/main/java/org/elasticsearch/cluster/routing/allocation/NodeAllocations.java","9","0","1","7","62","98","0"
"BroadleafCommerce","15e70fe6b89d008dd88b5e98dbfc66a720db68bb","common/src/main/java/org/broadleafcommerce/common/payment/PaymentTransactionType.java","9","0","1","7","65","172","0"
"BroadleafCommerce","15e70fe6b89d008dd88b5e98dbfc66a720db68bb","common/src/main/java/org/broadleafcommerce/common/payment/PaymentType.java","9","0","1","7","67","120","2"
"BroadleafCommerce","eb2d314a8d4af455b5dd36fbb5f694d34db480b0","admin/broadleaf-open-admin-platform/src/main/java/org/broadleafcommerce/openadmin/web/controller/modal/ModalHeaderType.java","9","0","1","7","68","110","0"
"elasticsearch","5910b17ece360ab03cb86cbfa46bd822c6e0da6b","src/main/java/org/elasticsearch/index/search/geo/GeoPolygonFilter.java","9","0","1","7","72","110","1"
"BroadleafCommerce","39c0224b62926017aec5317a9f58c7a692c804e0","core/broadleaf-framework/src/main/java/org/broadleafcommerce/core/search/domain/solr/FieldType.java","9","0","1","7","76","115","1"
"BroadleafCommerce","416af90683672573f66a0ab791554b7dc865feed","core/broadleaf-framework/src/main/java/org/broadleafcommerce/core/search/domain/solr/FieldType.java","9","0","1","7","78","117","0"
"elasticsearch","ff3fd99074e4a616d172ab4cb0580872f6cecbbe","core/src/main/java/org/elasticsearch/search/aggregations/metrics/sum/SumAggregator.java","9","0","1","7","80","114","0"
"orientdb","966e83bbf9df2de9db7c44e239c1263a00afd7d7","client/src/main/java/com/orientechnologies/orient/client/remote/message/OFetchTransactionResponse.java","9","0","1","7","83","107","1"
"elasticsearch","ff3fd99074e4a616d172ab4cb0580872f6cecbbe","core/src/main/java/org/elasticsearch/search/aggregations/metrics/avg/AvgAggregator.java","9","0","1","7","86","122","0"
"hazelcast","5085b0cf3da97e4a60b3a3a5958e6a85c0ba5518","hazelcast/src/main/java/com/hazelcast/cache/impl/operation/CacheRemoveAllBackupOperation.java","9","0","1","7","87","123","0"
"elasticsearch","d621b160e9b940add546a6234bc2d17381334f33","src/test/java/org/elasticsearch/snapshots/AbstractSnapshotTests.java","9","0","1","7","91","125","1"
"elasticsearch","8c6b2a30773a805aeaf9668f6496a93581326f45","src/main/java/org/elasticsearch/search/facet/datehistogram/ValueDateHistogramFacetCollector.java","9","0","1","7","95","147","0"
"hazelcast","c9f7bbfd83f0daf94c36cc5b246afa9153fb8fd4","hazelcast-client/src/test/java/com/hazelcast/client/executor/ClientExecutorServiceTest.java","9","0","1","8","113","152","0"
"elasticsearch","bf51a4e5dfe04dd84032fec3c232add5f02d51ce","modules/elasticsearch/src/main/java/org/elasticsearch/index/search/geo/GeoDistanceDataComparator.java","9","0","1","8","113","172","0"
"elasticsearch","9077bb6528f843ca8042ff95f8fac47140ef5aa1","modules/elasticsearch/src/main/java/org/elasticsearch/common/lucene/geo/GeoDistanceDataComparator.java","9","0","1","8","116","175","0"
"hazelcast","8400f6fd7b97afcbbe09b54db3ce2cb315945a3e","hazelcast-client/src/main/java/com/hazelcast/client/spi/impl/listener/ClientNonSmartListenerService.java","9","0","1","8","117","152","2"
"elasticsearch","001a6b0ff7a9f2185617cc3dd9dfe76e1cc04162","modules/elasticsearch/src/main/java/org/elasticsearch/index/search/geo/GeoDistanceDataComparator.java","9","0","1","8","117","177","0"
"hazelcast","f2a552590f59888cfdba1c4cfc42c481e582e76f","hazelcast/src/main/java/com/hazelcast/replicatedmap/impl/client/ClientReplicatedMapAddEntryListenerRequest.java","9","0","1","8","120","167","1"
"hazelcast","7656a31525a04c7cddd282262376092e48384854","hazelcast-client-legacy/src/main/java/com/hazelcast/client/spi/impl/listener/ClientNonSmartListenerService.java","9","0","1","8","121","161","0"
"hazelcast","05b27a3d7f9adfb832f8fb0c7927fc71c14df2b4","hazelcast/src/main/java/com/hazelcast/replicatedmap/impl/client/ClientReplicatedMapAddEntryListenerRequest.java","9","0","1","8","122","169","2"
"hazelcast","ae877df50978fcfb112d6d0cab2c78f80d1ee770","hazelcast/src/main/java/com/hazelcast/replicatedmap/impl/client/ClientReplicatedMapAddEntryListenerRequest.java","9","0","1","8","122","169","1"
"hazelcast","d0fd18cd0e2fac83d47776ccc1f08639bfc9823f","hazelcast/src/main/java/com/hazelcast/replicatedmap/impl/client/ClientReplicatedMapAddEntryListenerRequest.java","9","0","1","8","122","169","2"
"hazelcast","d472cbea8d404ea4e42a5cc0bb455dbec40e7985","hazelcast/src/main/java/com/hazelcast/replicatedmap/impl/client/ClientReplicatedMapAddEntryListenerRequest.java","9","0","1","8","122","169","3"
"hazelcast","d65de8708631978b87d39db7c947a073e0963228","hazelcast/src/main/java/com/hazelcast/replicatedmap/impl/client/ClientReplicatedMapAddEntryListenerRequest.java","9","0","1","8","122","169","2"
"hazelcast","264b730b6e10ae9df6f5d8727209ca007160236f","hazelcast/src/main/java/com/hazelcast/replicatedmap/impl/client/ClientReplicatedMapAddEntryListenerRequest.java","9","0","1","8","122","169","0"
"hazelcast","d551ed762f2dd83eaeffcc7b7b4fc6dad591b31c","hazelcast/src/main/java/com/hazelcast/replicatedmap/impl/client/ClientReplicatedMapAddEntryListenerRequest.java","9","0","1","8","122","169","0"
"BroadleafCommerce","ea586b8cfa49c4c26d56e7333976b7b2a423f7f3","core/broadleaf-framework/src/test/java/org/broadleafcommerce/core/offer/service/processor/OrderOfferProcessorTest.java","9","0","1","8","143","226","0"
"elasticsearch","5b5f4add1e58dd5c45799b4c4d1a956a42b2da0b","src/test/java/org/elasticsearch/search/aggregations/metrics/GeoBoundsTests.java","9","0","1","8","224","297","1"
"elasticsearch","9090e0381f0042de0acff46e7c908788afd18386","src/main/java/org/elasticsearch/transport/PlainTransportFuture.java","9","0","1","8","74","109","0"
"orientdb","9af850dcd05f357868e604f4eb3376909382fa1b","core/src/main/java/com/orientechnologies/orient/core/index/OPropertyListIndexDefinition.java","9","0","1","8","74","115","0"
"elasticsearch","d17db857947ee534f04a0231927462446d91564e","src/main/java/org/elasticsearch/transport/PlainTransportFuture.java","9","0","1","8","75","110","0"
"hazelcast","08a1bcde262eb98081e2cafb5818ad9f65f852a4","hazelcast/src/main/java/com/hazelcast/multimap/txn/TxnCommitOperation.java","9","0","1","8","82","116","0"
"elasticsearch","1584c73e4a85037ce83744a384805f234b288548","src/main/java/org/elasticsearch/search/aggregations/metrics/stats/extended/InternalExtendedStats.java","9","0","1","8","90","133","1"
"elasticsearch","01b18ad219933679256753fa8639c37d11cac1ff","src/main/java/org/elasticsearch/search/aggregations/metrics/stats/extended/InternalExtendedStats.java","9","0","1","8","96","142","0"
"hazelcast","18f96b031b99440d92e94924f062931d6c376c48","hazelcast/src/main/java/com/hazelcast/map/impl/operation/PartitionWideEntryOperation.java","9","0","1","9","101","148","1"
"hazelcast","045b97bc6c971aca3a7d2618b899d25a72a95dc8","hazelcast/src/main/java/com/hazelcast/map/impl/operation/PartitionWideEntryOperation.java","9","0","1","9","106","153","0"
"hazelcast","70d4de16ff0ac4518d09aad8c9f2ad9e782fb337","hazelcast/src/main/java/com/hazelcast/map/impl/operation/PartitionWideEntryOperation.java","9","0","1","9","106","154","2"
"BroadleafCommerce","411b9e99cb90e3e6359566e547fed4a9e0908fd5","common/src/main/java/org/broadleafcommerce/common/cache/engine/BigMemoryHydratedCacheManagerImpl.java","9","0","1","9","113","157","0"
"hazelcast","38bea0c54e0166ce0ebbc81d042b59d8ca724856","hazelcast-client/src/test/java/com/hazelcast/client/executor/ClientExecutorServiceTest.java","9","0","1","9","120","160","0"
"netty","6765e9f99db352a7f814e10d77338760432db155","transport/src/main/java/io/netty/channel/DefaultMaxBytesRecvByteBufAllocator.java","9","0","1","9","136","191","1"
"netty","f3dd4101425165496490f9c975ca2e556773c663","transport/src/main/java/io/netty/channel/DefaultMaxBytesRecvByteBufAllocator.java","9","0","1","9","148","204","0"
"hazelcast","c53a3ba931bf7d32482e4cfa6d3a6b2fb70e4756","hazelcast-client/src/test/java/com/hazelcast/client/lock/ClientLockTest.java","9","0","1","9","157","200","1"
"hazelcast","6c7b594f4cd734c62e305f6e95d9f02c28fac849","hazelcast/src/test/java/com/hazelcast/internal/monitors/PerformanceMonitorTest.java","9","0","1","9","166","213","1"
"elasticsearch","cd552e74136d018c2b1b5067157c7b6108070411","src/test/java/org/elasticsearch/common/xcontent/builder/XContentBuilderTests.java","9","0","1","9","199","256","0"
"elasticsearch","b5f86f6f0544a9ad9fa4ab88bf7397cf361d696a","core/src/test/java/org/elasticsearch/indices/IndicesServiceTests.java","9","0","1","9","248","328","0"
"elasticsearch","ad94bea0bbfe9d0dcfc4ca3a908125f6cb2e006c","core/src/test/java/org/elasticsearch/indices/IndicesServiceTests.java","9","0","1","9","252","332","2"
"elasticsearch","f32f35bec4e103a6f5eb347895bbf73bec0fdf76","core/src/test/java/org/elasticsearch/indices/IndicesServiceTests.java","9","0","1","9","252","334","1"
"elasticsearch","0a8afa2e7269ddbec3755b8f10033e93f55149c2","core/src/test/java/org/elasticsearch/indices/IndicesServiceTests.java","9","0","1","9","255","337","0"
"elasticsearch","8558a408943e77773f06619b0e98f1a59731ba6e","core/src/test/java/org/elasticsearch/index/mapper/copyto/CopyToMapperTests.java","9","0","1","9","383","487","2"
"hazelcast","a99af272a5d855f954b9215ad645084e5d192b13","hazelcast/src/main/java/com/hazelcast/multimap/MultiMapEventFilter.java","9","0","1","9","58","94","1"
"BroadleafCommerce","e216da5ebb303680f5c60ffcd75979f5876ab5a6","common/src/main/java/org/broadleafcommerce/common/persistence/transaction/CompressedItem.java","9","0","1","9","70","109","0"
"hazelcast","84fa14858f7deb9c45eca8bc006836a2aa705e15","hazelcast-wm/src/main/java/com/hazelcast/web/SessionState.java","9","0","1","9","76","111","2"
"BroadleafCommerce","68d19a5bb849b2dda2a13ad25924f2d76d973d79","common/src/main/java/org/broadleafcommerce/common/payment/PaymentType.java","9","0","1","9","78","133","1"
"BroadleafCommerce","b65e7a50116f93570b5849ac93d0d5b5e493cfee","common/src/main/java/org/broadleafcommerce/common/payment/PaymentType.java","9","0","1","9","79","134","0"
"hazelcast","565257f977407eb3a0199d082860209c2958f5f9","hazelcast/src/main/java/com/hazelcast/mapreduce/impl/task/JobProcessInformationImpl.java","9","0","1","9","83","133","1"
"orientdb","c871bcbc93f785701cc81e159699c0d2229569b3","server/src/main/java/com/orientechnologies/orient/server/distributed/task/OFixTxTask.java","9","0","1","9","85","137","0"
"hazelcast","564167c1f93b32ce742411106e9ae67eae88a801","hazelcast/src/main/java/com/hazelcast/mapreduce/impl/task/JobProcessInformationImpl.java","9","0","1","9","87","131","0"
"elasticsearch","48548f6c3d92ad3668ba21567e37e52e6eec9d5a","core/src/main/java/org/elasticsearch/cli/Terminal.java","9","0","10","0","105","180","0"
"elasticsearch","851cb3ae8aac7041e1a2b3838053d6c52011aa22","src/main/java/org/elasticsearch/action/indexedscripts/get/GetIndexedScriptRequest.java","9","0","11","14","148","258","0"
"elasticsearch","41a2375c9e609395e21522ee79202645ed2a0af4","core/src/main/java/org/elasticsearch/action/ActionWriteResponse.java","9","0","11","19","210","307","0"
"elasticsearch","89ac6a83f134365dcc3b7bdff5a3f14ddab6c2c5","core/src/main/java/org/elasticsearch/action/ActionWriteResponse.java","9","0","11","19","210","307","0"
"elasticsearch","aea00a62f3825e388e07007d3c8686f93c2d3f8e","core/src/main/java/org/elasticsearch/action/ActionWriteResponse.java","9","0","11","19","210","307","1"
"elasticsearch","78574d248cf10dad1c5a566fda79e1e0c94afe43","core/src/main/java/org/elasticsearch/action/ReplicationResponse.java","9","0","11","20","206","304","1"
"elasticsearch","e6aaaf11ed4a1b8f595f920de1840938eddb7a97","core/src/main/java/org/elasticsearch/action/ReplicationResponse.java","9","0","11","20","206","304","1"
"elasticsearch","a60b8948ba1d836a6eac7cff095519e618939ed8","core/src/main/java/org/elasticsearch/action/ReplicationResponse.java","9","0","11","20","206","304","0"
"elasticsearch","68bed9cd3be61d1e226a2876d3650ba67e6e1fe4","core/src/main/java/org/elasticsearch/action/support/replication/ReplicationResponse.java","9","0","11","20","207","307","1"
"elasticsearch","c3e176908cd083d37a4970d433047c6b5938f081","core/src/main/java/org/elasticsearch/action/support/replication/ReplicationResponse.java","9","0","11","20","211","311","0"
"neo4j","b070962e9b00726d50df951106225fa252b7efeb","enterprise/security/src/test/java/org/neo4j/server/security/enterprise/auth/integration/bolt/LdapAuthenticationIT.java","9","0","13","31","662","1059","0"
"elasticsearch","fbe27664a65ca7ab5b7dbe1c328ab27423e4313c","core/src/main/java/org/elasticsearch/action/get/GetRequest.java","9","0","15","15","180","307","2"
"elasticsearch","78574d248cf10dad1c5a566fda79e1e0c94afe43","core/src/main/java/org/elasticsearch/action/get/GetRequest.java","9","0","15","17","190","319","1"
"elasticsearch","e6aaaf11ed4a1b8f595f920de1840938eddb7a97","core/src/main/java/org/elasticsearch/action/get/GetRequest.java","9","0","15","17","190","319","1"
"elasticsearch","a60b8948ba1d836a6eac7cff095519e618939ed8","core/src/main/java/org/elasticsearch/action/get/GetRequest.java","9","0","15","17","190","319","0"
"hazelcast","295c02e1a3b92c1b58a2d2145d17f3ee4a1b2626","hazelcast/src/test/java/com/hazelcast/collection/impl/list/ListBasicTest.java","9","0","15","39","407","534","2"
"elasticsearch","819fe40d616dd021ea7a80111c0c836caec8f7c3","core/src/main/java/org/elasticsearch/common/bytes/BytesReference.java","9","0","16","3","74","174","0"
"neo4j","c53aab6d4de8c83eda42c64474ec13aa7ecb25f3","enterprise/security/src/test/java/org/neo4j/server/security/enterprise/auth/BuiltInProceduresInteractionTestBase.java","9","0","17","20","757","1088","1"
"neo4j","b070962e9b00726d50df951106225fa252b7efeb","enterprise/security/src/test/java/org/neo4j/server/security/enterprise/auth/BuiltInProceduresInteractionTestBase.java","9","0","17","30","872","1217","0"
"elasticsearch","74178141544e94931a3a0c1c2577347c838ef0fb","src/main/java/org/elasticsearch/script/javascript/support/NativeMap.java","9","0","19","0","90","224","0"
"hazelcast","669af4d95acce86fc25b96a8aaf5ee89a8b29610","hazelcast/src/main/java/com/hazelcast/map/impl/MapListenerAdaptors.java","9","0","2","0","143","233","0"
"netty","cd0b5ec2db593d45c96bd6b55b0024042534af04","codec-http/src/main/java/io/netty/handler/codec/http/websocketx/WebSocketFrameAggregator.java","9","0","2","0","53","89","1"
"netty","af4b71a00e30faf86ef1c2365e965e8f04f65bee","codec-http/src/main/java/io/netty/handler/codec/http/websocketx/WebSocketFrameAggregator.java","9","0","2","0","56","92","0"
"elasticsearch","e1b66b34ea92a29349de07bc209c8f85d680effc","src/main/java/org/elasticsearch/search/highlight/vectorhighlight/FragmentBuilderHelper.java","9","0","2","0","62","103","0"
"hazelcast","0a61d1993c8cf9dee111af675c9a52fc605aec63","hazelcast/src/main/java/com/hazelcast/instance/BuildInfoProvider.java","9","0","2","0","78","128","1"
"elasticsearch","99714ee1bd991fed204620c32e9f59a323018d2f","src/main/java/org/elasticsearch/rest/action/cat/RestRecoveryAction.java","9","0","2","1","108","159","2"
"elasticsearch","01ca81e2a37c9cd38c6dc44ae567d427c059dbe0","src/main/java/org/elasticsearch/rest/action/cat/RestRecoveryAction.java","9","0","2","1","111","162","1"
"elasticsearch","9ca5e6e3e12cf4f13eb6ed0140d9073ba89c61c9","src/main/java/org/elasticsearch/rest/action/cat/RestRecoveryAction.java","9","0","2","1","113","166","2"
"hazelcast","e54048e848d6e340c6e1c8fcdc963d892d8c0120","hazelcast/src/main/java/com/hazelcast/map/impl/query/QueryRunner.java","9","0","2","1","114","182","0"
"elasticsearch","3e32dd985aabfa5ee653b26bcb6ff97c74a426a2","src/main/java/org/elasticsearch/rest/action/cat/RestRecoveryAction.java","9","0","2","1","115","166","0"
"elasticsearch","1f04182b8164ffb19f3805c48d67f0375262b317","core/src/main/java/org/elasticsearch/rest/action/cat/RestRecoveryAction.java","9","0","2","1","118","168","0"
"oryx","49c1ead1c67cc8b980a4be36cff731a14ba4f3fb","framework/oryx-lambda/src/main/java/com/cloudera/oryx/lambda/AbstractSparkLayer.java","9","0","2","1","208","292","0"
"oryx","d6687d2eb4391d042aa1d5e80653326e501b0fed","framework/oryx-lambda/src/main/java/com/cloudera/oryx/lambda/AbstractSparkLayer.java","9","0","2","1","215","299","1"
"elasticsearch","adc0807c686b37bf1d96bd3eb9d26face380fe44","src/main/java/org/elasticsearch/cluster/block/ClusterBlockLevel.java","9","0","2","1","44","90","0"
"hazelcast","2b274e6521ea45ba3f56fc50cbbe51d807794e3c","hazelcast/src/main/java/com/hazelcast/cache/impl/HazelcastServerCachingProvider.java","9","0","2","1","55","97","0"
"netty","8f7fba2d393d32ceaae88312fb4c5a5d03e17b7e","codec/src/main/java/io/netty/handler/codec/MessageToMessageEncoder.java","9","0","2","1","61","135","1"
"hazelcast","8959aa0857797fe82461f8cabc292a4966d2e5fb","hazelcast/src/main/java/com/hazelcast/scheduledexecutor/impl/InvokeOnMembers.java","9","0","2","1","94","136","0"
"hazelcast","a7ec759936b5ee731affea3d124296616924c2d4","hazelcast/src/main/java/com/hazelcast/scheduledexecutor/impl/InvokeOnMembers.java","9","0","2","1","94","136","0"
"hazelcast","7c1baa91dc4cb5d9c03b04a955a9c3e3824dde65","hazelcast/src/main/java/com/hazelcast/scheduledexecutor/impl/InvokeOnMembers.java","9","0","2","1","94","136","1"
"elasticsearch","5a64f08f048461a63a0ca1354a5050c954e63d52","core/src/main/java/org/elasticsearch/cluster/metadata/MetaDataIndexUpgradeService.java","9","0","2","1","95","175","0"
"elasticsearch","5337686d8d39568f94b0b976bd9098af69214302","plugins/lang-python/src/test/java/org/elasticsearch/script/python/PythonScriptMultiThreadedTests.java","9","0","2","1","96","170","0"
"hazelcast","175512d34ec2fecf0c222c1f2ad5de55b0bc629e","hazelcast-ra/hazelcast-jca/src/main/java/com/hazelcast/jca/XAResourceWrapper.java","9","0","2","10","97","141","1"
"elasticsearch","8f2882a442fb6deaab5b645dfc80577193dfb81f","core/src/main/java/org/elasticsearch/action/update/UpdateResponse.java","9","0","2","11","90","136","0"
"elasticsearch","5a4a47332c5a9a21531eb29c3ab4fd264e7fcf36","core/src/test/java/org/elasticsearch/indices/IndicesServiceTests.java","9","0","2","12","285","373","1"
"elasticsearch","5f7b86306726c73d49176a75c59bf729a9b7e603","modules/lang-groovy/src/test/java/org/elasticsearch/messy/tests/SearchFieldsTests.java","9","0","2","12","568","690","2"
"elasticsearch","1e16c22d0340146834634ede17e3b69bf982c947","modules/lang-groovy/src/test/java/org/elasticsearch/messy/tests/SearchFieldsTests.java","9","0","2","12","589","710","1"
"netty","9d4fae308c09a2c759dc67db765d311154c8d977","transport-native-epoll/src/main/java/io/netty/channel/epoll/EpollChannelConfig.java","9","0","2","13","119","169","1"
"hazelcast","21de2ef614b9a92baec6c4f16f26123a59391cdc","hazelcast/src/test/java/com/hazelcast/map/impl/operation/PostJoinMapOperationTest.java","9","0","2","13","184","259","0"
"elasticsearch","6d9af2fff4833b464fde2c3caaf9948fc1f92460","core/src/test/java/org/elasticsearch/indices/IndicesServiceTests.java","9","0","2","13","300","390","0"
"elasticsearch","904dcc71270b7b2e984a7f897e2c2680775b1112","modules/reindex/src/test/java/org/elasticsearch/index/reindex/remote/RemoteScrollableHitSourceTests.java","9","0","2","13","325","510","1"
"elasticsearch","e9f2548ee04f75c60b7e6d663a4c5d686aa7dddd","modules/lang-groovy/src/test/java/org/elasticsearch/messy/tests/SearchFieldsTests.java","9","0","2","13","604","729","0"
"hazelcast","c6d10f57996a3883bc84eed7744e7b9fc0f65ea3","hazelcast/src/test/java/com/hazelcast/map/impl/operation/PostJoinMapOperationTest.java","9","0","2","14","184","260","1"
"elasticsearch","e7958f46dc26ac572c3fb06e8e51eab68f9919e8","src/test/java/org/elasticsearch/common/io/streams/BytesStreamsTests.java","9","0","2","14","239","356","0"
"elasticsearch","5a0c456ac20f3b07183ac8e99ff5950396a0d04e","src/test/java/org/elasticsearch/common/io/streams/BytesStreamsTests.java","9","0","2","14","242","360","0"
"elasticsearch","5278cf0d5e1afa6cf6d0959e839c0ed2408908f8","core/src/main/java/org/elasticsearch/search/suggest/completion/CompletionTokenStream.java","9","0","2","15","111","167","0"
"neo4j","c53aab6d4de8c83eda42c64474ec13aa7ecb25f3","community/kernel/src/main/java/org/neo4j/kernel/impl/api/KernelStatement.java","9","0","2","15","190","264","2"
"hazelcast","5fd1113dd73c6e59d8b0e6f2dd6a562ed7efad54","hazelcast/src/main/java/com/hazelcast/cache/impl/journal/RingbufferCacheEventJournalImpl.java","9","0","2","16","164","257","1"
"elasticsearch","5910b17ece360ab03cb86cbfa46bd822c6e0da6b","src/main/java/org/elasticsearch/common/geo/GeoPoint.java","9","0","2","17","86","139","1"
"elasticsearch","689fd15d786428869a7e311ef6c42f0094ae45a9","src/main/java/org/elasticsearch/common/geo/GeoPoint.java","9","0","2","17","90","144","0"
"hazelcast","276423b6af4decde07cb2f4b17e6f0f2f7d9ebb9","hazelcast/src/main/java/com/hazelcast/config/PermissionConfig.java","9","0","2","18","130","236","1"
"elasticsearch","c9b0e1de6cbd9acbc9a817a6d24b16d93005b9df","src/main/java/org/elasticsearch/common/util/concurrent/SizeBlockingQueue.java","9","0","2","19","148","209","0"
"hazelcast","8e20fd580ec4e7de4938dc403d1a547e0b9a4001","hazelcast/src/main/java/com/hazelcast/map/impl/MapContainer.java","9","0","2","19","165","236","0"
"elasticsearch","9ee08dbb0b247afb881431df0c313024eb768747","plugins/lang-python/src/test/java/org/elasticsearch/script/python/PythonScriptMultiThreadedTests.java","9","0","2","2","102","177","1"
"elasticsearch","e1efd5f6baf8dec1c23c79b346b8a29f234a98bb","core/src/main/java/org/elasticsearch/rest/action/cat/RestRecoveryAction.java","9","0","2","2","118","168","0"
"elasticsearch","371c73e14023917f3892090d2d3d7ff9ac1216b9","core/src/main/java/org/elasticsearch/common/rounding/DateTimeUnit.java","9","0","2","2","42","75","3"
"elasticsearch","78574d248cf10dad1c5a566fda79e1e0c94afe43","core/src/main/java/org/elasticsearch/common/rounding/DateTimeUnit.java","9","0","2","2","42","75","2"
"elasticsearch","e6aaaf11ed4a1b8f595f920de1840938eddb7a97","core/src/main/java/org/elasticsearch/common/rounding/DateTimeUnit.java","9","0","2","2","42","75","2"
"elasticsearch","a60b8948ba1d836a6eac7cff095519e618939ed8","core/src/main/java/org/elasticsearch/common/rounding/DateTimeUnit.java","9","0","2","2","42","75","0"
"hazelcast","2b6f18456c37d310e7679071b8c91c7df48c679d","hazelcast/src/main/java/com/hazelcast/util/ConcurrencyUtil.java","9","0","2","2","44","77","1"
"orientdb","7a678522a2d83448543bc75d7360ac0857529727","core/src/main/java/com/orientechnologies/orient/core/sql/OCommandExecutorSQLDropIndex.java","9","0","2","2","49","95","0"
"orientdb","7a678522a2d83448543bc75d7360ac0857529727","core/src/main/java/com/orientechnologies/orient/core/sql/OCommandExecutorSQLTruncateCluster.java","9","0","2","2","52","97","0"
"orientdb","7a678522a2d83448543bc75d7360ac0857529727","core/src/main/java/com/orientechnologies/orient/core/sql/OCommandExecutorSQLCreateCluster.java","9","0","2","2","52","98","0"
"hazelcast","2b274e6521ea45ba3f56fc50cbbe51d807794e3c","hazelcast-client/src/main/java/com/hazelcast/client/cache/impl/HazelcastClientCachingProvider.java","9","0","2","2","59","98","0"
"neo4j","083224bbfc9dfc2e59c049a9c5eedb758eb1c86e","community/bolt/src/main/java/org/neo4j/bolt/v1/messaging/BoltRequestMessageReader.java","9","0","2","2","67","104","1"
"netty","9bcfef0f10694260a0c066278858b1c528f09ee0","codec-http2/src/main/java/io/netty/handler/codec/http2/Http2OrHttpChooser.java","9","0","2","2","81","156","1"
"elasticsearch","447d92e4824f9b4086bfeed0f4f02cb30422d7c7","core/src/main/java/org/elasticsearch/cli/Command.java","9","0","2","2","89","175","0"
"BroadleafCommerce","118a2bdbdddbe7d54905ff91e3ad89a5f25deeae","admin/broadleaf-open-admin-platform/src/main/java/org/broadleafcommerce/openadmin/web/form/component/ListGridRecord.java","9","0","2","20","107","177","1"
"BroadleafCommerce","87f4da0b6eec613127cf7ce20b9372ababa64463","admin/broadleaf-open-admin-platform/src/main/java/org/broadleafcommerce/openadmin/web/form/component/ListGridRecord.java","9","0","2","20","108","178","1"
"hazelcast","4e5ee0b7ce47bc6549852d65f60e4f72da388509","hazelcast/src/main/java/com/hazelcast/config/EvictionConfig.java","9","0","2","21","156","276","0"
"hazelcast","cd050d40b89556974e91deed3634f1049fb61a72","hazelcast/src/main/java/com/hazelcast/config/EvictionConfig.java","9","0","2","21","159","279","1"
"neo4j","fdae7dbff43d88f441e2484ee0941c5f542226ac","enterprise/com/src/main/java/org/neo4j/com/storecopy/StoreCopyClient.java","9","0","2","22","280","388","0"
"elasticsearch","314da4ec9e07da5e61ac5617bdced450a9e9af4d","src/main/java/org/elasticsearch/common/logging/log4j/LogConfigurator.java","9","0","2","3","100","140","2"
"hazelcast","3820f5a173908321309c273e381ce6e9db5d7508","hazelcast/src/test/java/com/hazelcast/test/AbstractParameterizedHazelcastClassRunner.java","9","0","2","3","100","141","1"
"elasticsearch","e74d02138f02a66331b2611b5e70a908bb49cb97","core/src/test/java/org/elasticsearch/action/admin/indices/upgrade/UpgradeIT.java","9","0","2","3","129","186","0"
"elasticsearch","f2eae5b6057d562f47768eebade3adcc93326f6a","modules/elasticsearch/src/main/java/org/apache/lucene/store/bytebuffer/CachingByteBufferAllocator.java","9","0","2","3","44","84","0"
"orientdb","a56ae91e7d9f772da4288542cee900793c24e5e1","core/src/main/java/com/orientechnologies/orient/core/sql/OCommandExecutorSQLDropIndex.java","9","0","2","3","53","100","0"
"orientdb","a56ae91e7d9f772da4288542cee900793c24e5e1","core/src/main/java/com/orientechnologies/orient/core/sql/OCommandExecutorSQLTruncateCluster.java","9","0","2","3","56","102","0"
"orientdb","a56ae91e7d9f772da4288542cee900793c24e5e1","core/src/main/java/com/orientechnologies/orient/core/sql/OCommandExecutorSQLCreateCluster.java","9","0","2","3","56","103","0"
"elasticsearch","5eeac2fdf6c108e2f9b6305b6577a77e5290ad9e","src/main/java/org/elasticsearch/http/netty/pipelining/HttpPipeliningHandler.java","9","0","2","3","76","110","0"
"elasticsearch","12cbb3223a540399164734a188460a343eec4068","src/main/java/org/elasticsearch/action/bulk/BulkShardRequest.java","9","0","2","3","78","119","1"
"elasticsearch","e3d5cb903bac739b47e8d726369313af36eb6824","src/main/java/org/elasticsearch/common/logging/log4j/LogConfigurator.java","9","0","2","3","98","138","2"
"elasticsearch","e74d02138f02a66331b2611b5e70a908bb49cb97","core/src/main/java/org/elasticsearch/indices/store/TransportNodesListShardStoreMetaData.java","9","0","2","31","258","347","0"
"elasticsearch","046abdc281c321cd2128ee7684c0edfcaca07203","core/src/main/java/org/elasticsearch/indices/store/TransportNodesListShardStoreMetaData.java","9","0","2","31","264","353","3"
"elasticsearch","73c0cd512ab3bdc03b8071a1012dffb7b9382491","core/src/main/java/org/elasticsearch/common/util/concurrent/KeyedLock.java","9","0","2","4","67","116","0"
"elasticsearch","1cd5e3413d4af43aaff7ad643cc5d13e8e1458a8","core/src/main/java/org/apache/lucene/queries/MinDocQuery.java","9","0","2","5","100","146","0"
"elasticsearch","952feb58e41bd0220784c44136b840ea4a740e26","core/src/main/java/org/elasticsearch/search/aggregations/bucket/terms/DoubleTerms.java","9","0","2","5","123","178","1"
"elasticsearch","e7d352b489272a87b05019869857656de7fb82fc","core/src/main/java/org/elasticsearch/search/aggregations/bucket/terms/DoubleTerms.java","9","0","2","5","124","179","0"
"elasticsearch","0a69f1e283e26e5d9e6a000b68b9f4778de557a1","core/src/test/java/org/elasticsearch/cluster/routing/RoutingServiceTests.java","9","0","2","5","178","256","2"
"elasticsearch","4a6f3c78408c316d9f6f212d2664adda13c54a44","core/src/test/java/org/elasticsearch/cluster/routing/RoutingServiceTests.java","9","0","2","5","178","256","1"
"elasticsearch","5a64f08f048461a63a0ca1354a5050c954e63d52","core/src/test/java/org/elasticsearch/cluster/routing/RoutingServiceTests.java","9","0","2","5","178","256","0"
"elasticsearch","6e566cdf6cab837bdbdb5300ca85038fba1488c1","core/src/test/java/org/elasticsearch/cluster/routing/RoutingServiceTests.java","9","0","2","5","183","259","1"
"hazelcast","7001ec8c5b1305c796de75c2e3f170c562db8c03","hazelcast/src/main/java/com/hazelcast/map/impl/operation/MapNearCacheStateHolder.java","9","0","2","5","95","146","0"
"elasticsearch","0c9431499671d214d2c64931779a00b50cf7e9c4","src/test/java/org/elasticsearch/search/aggregations/bucket/FiltersTests.java","9","0","2","6","204","267","0"
"elasticsearch","28109a18a2dc1f30207d09bdfb2148e8d7906337","core/src/test/java/org/elasticsearch/cluster/routing/RoutingServiceTests.java","9","0","2","6","209","295","2"
"netty","63a02fc04e6ce45aee38b0437ae0279880e5fe40","codec-dns/src/main/java/io/netty/handler/codec/dns/DnsOpCode.java","9","0","2","6","63","119","0"
"hazelcast","5009d4a90be3c901942a0a89cf29a92c074231f1","hazelcast/src/main/java/com/hazelcast/collection/impl/CollectionTxnUtil.java","9","0","2","6","64","100","0"
"elasticsearch","371c73e14023917f3892090d2d3d7ff9ac1216b9","core/src/main/java/org/elasticsearch/common/ParseField.java","9","0","2","8","79","119","3"
"elasticsearch","78574d248cf10dad1c5a566fda79e1e0c94afe43","core/src/main/java/org/elasticsearch/common/ParseField.java","9","0","2","8","79","119","2"
"elasticsearch","e6aaaf11ed4a1b8f595f920de1840938eddb7a97","core/src/main/java/org/elasticsearch/common/ParseField.java","9","0","2","8","79","119","2"
"elasticsearch","a60b8948ba1d836a6eac7cff095519e618939ed8","core/src/main/java/org/elasticsearch/common/ParseField.java","9","0","2","8","79","119","0"
"elasticsearch","72d2ac13280cc8c9d52361aad9e2193cbf004708","src/main/java/org/elasticsearch/index/translog/fs/FsChannelSnapshot.java","9","0","2","9","103","154","0"
"junit","e012e06dc326394a3a834d974e9af3fea0e6df91","src/main/java/org/junit/experimental/theories/internal/Assignments.java","9","0","2","9","110","141","1"
"elasticsearch","1ef24d2a85f1636f95ee6e536f6cfb1aa9eadcfe","core/src/test/java/org/elasticsearch/indices/analyze/AnalyzeActionIT.java","9","0","2","9","206","271","2"
"netty","3482651e0c29edfa02f189751c704ebe4fe8f54c","microbench/src/main/java/io/netty/microbench/http2/NoPriorityByteDistributionBenchmark.java","9","0","2","9","219","297","0"
"elasticsearch","3a2d40acd9d536625b4b76069f4f9eeefccbebf3","src/main/java/org/apache/lucene/index/TrackingSerialMergeScheduler.java","9","0","2","9","77","125","0"
"elasticsearch","e488d524c3fe625965043cae55a235fd986a05b0","src/main/java/org/apache/lucene/index/TrackingSerialMergeScheduler.java","9","0","2","9","78","123","0"
"mcMMO","3cff8aba16a5490844832c40de753b77cb791c5f","src/main/java/com/gmail/nossr50/config/Config.java","9","0","28","200","312","424","0"
"hazelcast","3084a2b6c7f8d928cb38abde92766db1f17520f9","hazelcast/src/main/java/com/hazelcast/map/impl/MapListenerAdaptors.java","9","0","3","0","143","233","1"
"netty","ec3d077e0d7058eec332b46d8b87d73d821be734","example/src/main/java/io/netty/example/http2/helloworld/client/HttpResponseHandler.java","9","0","3","1","67","112","1"
"netty","d771526f8cfe262914ef40f0613e1e4b9e3a3aca","example/src/main/java/io/netty/example/http2/helloworld/client/HttpResponseHandler.java","9","0","3","1","67","114","0"
"hazelcast","217c507d7725e99aad3a544ca43bd57110eb4f17","hazelcast/src/test/java/com/hazelcast/concurrent/lock/LockAdvancedTest.java","9","0","3","10","303","358","0"
"hazelcast","3a1d456848dcafbe8a777d7d33434d63a8db1f0d","hazelcast/src/test/java/com/hazelcast/concurrent/lock/LockAdvancedTest.java","9","0","3","10","354","421","1"
"elasticsearch","bf382ce5d8d156c295d2d061151487a6d5848156","core/src/test/java/org/elasticsearch/index/mapper/string/SimpleStringMappingTests.java","9","0","3","10","490","602","0"
"elasticsearch","21ed6bb90c692ed96a210d0ac6911457b030dac4","src/main/java/org/elasticsearch/common/compress/CompressedString.java","9","0","3","11","83","142","1"
"netty","379ac890f4dbec15d19714711f85455a12112c3f","transport-native-epoll/src/main/java/io/netty/channel/epoll/Native.java","9","0","3","12","149","206","1"
"netty","0fffc844d6d4c8e196a8448a45e7ff542446f708","transport-native-epoll/src/main/java/io/netty/channel/epoll/Native.java","9","0","3","12","150","207","0"
"neo4j","c82beffff5c25bf973370a9c12bea14888531341","community/graph-algo/src/main/java/org/neo4j/graphalgo/impl/util/PriorityMap.java","9","0","3","12","200","270","0"
"hazelcast","1f042b8c4a4245594691bb6d85a66ceed9b43068","hazelcast/src/test/java/com/hazelcast/concurrent/lock/LockAdvancedTest.java","9","0","3","13","396","474","1"
"hazelcast","70d4de16ff0ac4518d09aad8c9f2ad9e782fb337","hazelcast/src/test/java/com/hazelcast/concurrent/lock/LockAdvancedTest.java","9","0","3","13","396","474","2"
"hazelcast","e4ed42188bd7ebeb79a2e27a912ba50f6b43ed9b","hazelcast/src/test/java/com/hazelcast/concurrent/lock/LockAdvancedTest.java","9","0","3","13","396","474","1"
"hazelcast","2921cff694583b8638dae2991f427e61d5440a9d","hazelcast/src/test/java/com/hazelcast/concurrent/lock/LockAdvancedTest.java","9","0","3","13","396","474","0"
"elasticsearch","04c573104f3a095102ce8f276fdc9762c70fe7d6","src/test/java/org/elasticsearch/plugin/PluginManagerTests.java","9","0","3","14","231","335","1"
"elasticsearch","fc1f7c2147627f148a87f26c3d1698a88b7bf2f2","modules/reindex/src/test/java/org/elasticsearch/index/reindex/remote/RemoteScrollableHitSourceTests.java","9","0","3","15","374","566","0"
"elasticsearch","312eb2b8b61ae57dae386f529b9457c89ffb7de4","src/test/java/org/elasticsearch/plugin/PluginManagerTests.java","9","0","3","16","233","347","0"
"elasticsearch","e866da580c6683597ff69086bb1b345564628e9e","modules/reindex/src/test/java/org/elasticsearch/index/reindex/remote/RemoteScrollableHitSourceTests.java","9","0","3","17","384","579","1"
"hazelcast","4c1b1b779a2a777ec65393b7af9a0dc4e31d82f5","hazelcast/src/main/java/com/hazelcast/client/impl/protocol/util/MessageFlyweight.java","9","0","3","18","153","206","0"
"elasticsearch","bc65be2a656f7406e820ba69c9878124bd725016","modules/reindex/src/test/java/org/elasticsearch/index/reindex/remote/RemoteScrollableHitSourceTests.java","9","0","3","19","405","602","0"
"BroadleafCommerce","6587e789125cded9b05cc60211e2156c591bfafd","admin/broadleaf-open-admin-platform/src/main/java/org/broadleafcommerce/openadmin/web/controller/entity/AdminBasicOperationsController.java","9","0","3","2","143","219","0"
"netty","63a02fc04e6ce45aee38b0437ae0279880e5fe40","codec-dns/src/test/java/io/netty/handler/codec/dns/DnsRecordTypeTest.java","9","0","3","2","50","84","0"
"neo4j","e5ea526b14ce752e94a5460b1c85bf4567d8f97d","integrationtests/src/test/java/org/neo4j/ext/udc/impl/UdcExtensionImplTest.java","9","0","3","26","469","611","1"
"hazelcast","e4f7959a373b0263506a00fa6941d0020407e6fd","hazelcast/src/main/java/com/hazelcast/client/impl/protocol/util/ParameterFlyweight.java","9","0","3","28","176","223","1"
"elasticsearch","c7c0faa54ddda8134aa23d54d07bed43b24a1817","core/src/main/java/org/elasticsearch/search/aggregations/bucket/nested/NestedAggregationBuilder.java","9","0","3","3","103","157","0"
"netty","dd9ad15b127117ecb5f620a3470f7b3ee34df792","transport/src/test/java/io/netty/channel/nio/NioSocketChannelTest.java","9","0","3","3","217","282","0"
"Android-Universal-Image-Loader","01fb567d898a5e23c6c620cac4ad5b16c13c3c03","library/src/com/nostra13/universalimageloader/cache/disc/LimitedDiscCache.java","9","0","3","3","86","144","1"
"Android-Universal-Image-Loader","e4c86729327074e1cf399e390206b69332371c07","library/src/com/nostra13/universalimageloader/cache/disc/LimitedDiscCache.java","9","0","3","3","89","147","0"
"Android-Universal-Image-Loader","b6f760790c0862c89e88117dd82e0e88ee2a23fc","library/src/com/nostra13/universalimageloader/cache/disc/LimitedDiscCache.java","9","0","3","3","94","152","1"
"elasticsearch","22cbdd930cd0b5f274289c97b951b8dedca8bd4b","src/main/java/org/elasticsearch/index/search/child/DeleteByQueryWrappingFilter.java","9","0","3","4","85","127","1"
"BroadleafCommerce","69210a32ed73de6f9cc002c897cc8c24c840fb1b","core/broadleaf-framework-web/src/main/java/org/broadleafcommerce/core/web/controller/account/BroadleafRegisterController.java","9","0","3","5","82","152","1"
"BroadleafCommerce","9a1ae1678f43cd4b706fd2a302879c0f42dc4637","core/broadleaf-framework-web/src/main/java/org/broadleafcommerce/core/web/controller/account/BroadleafRegisterController.java","9","0","3","5","82","152","2"
"BroadleafCommerce","c567e8e3e9d7e60560bca4f471055ce228096fa8","core/broadleaf-framework-web/src/main/java/org/broadleafcommerce/core/web/controller/account/BroadleafRegisterController.java","9","0","3","5","82","152","1"
"BroadleafCommerce","4fb0cb0d56c6127bc9c41d4814f59f9041a7d338","core/broadleaf-framework-web/src/main/java/org/broadleafcommerce/core/web/controller/account/BroadleafRegisterController.java","9","0","3","5","82","152","0"
"hazelcast","3ee4647695cf740a6f01e39a9831c212eb363199","hazelcast/src/test/java/com/hazelcast/concurrent/lock/LockAdvancedTest.java","9","0","3","9","284","336","1"
"elasticsearch","ef88943e6ecc9ff6e9351b3f46ee722d048645cc","core/src/test/java/org/elasticsearch/index/mapper/string/SimpleStringMappingTests.java","9","0","3","9","467","574","1"
"hazelcast","6fa5ee1ea9925bb0601d3c883aea79514fae4cf8","hazelcast/src/main/java/com/hazelcast/query/impl/Indexes.java","9","0","3","9","92","141","0"
"mcMMO","dec3c10ec11dd045c5c7a79c861788be531d1b9b","src/main/java/com/gmail/nossr50/config/Config.java","9","0","30","207","321","440","1"
"hazelcast","a8f285aa69cabc1fa500cb6bceece4dfc9d3e53a","hazelcast/src/main/java/com/hazelcast/core/Hazelcast.java","9","0","32","0","179","623","0"
"neo4j","435e87d04ec8909050260ed23b015f8e13f44cb1","community/kernel/src/main/java/org/neo4j/kernel/configuration/Config.java","9","0","33","5","370","608","1"
"hazelcast","3b0fa32d3c5ed469eb97784a7a5c21ccdab533d9","hazelcast/src/main/java/com/hazelcast/core/Hazelcast.java","9","0","34","0","185","681","0"
"neo4j","545b32b7a2a525b77854e0f2772ec9bdbdc8c101","community/kernel/src/main/java/org/neo4j/kernel/configuration/Config.java","9","0","34","5","374","619","0"
"mcMMO","fb8592495d54013325bf73a1bee771ec242d9315","src/main/java/com/gmail/nossr50/api/ExperienceAPI.java","9","0","37","3","196","702","2"
"netty","58e6bec3b1a85fb745012e0310cb366e72203c08","codec-http/src/main/java/io/netty/handler/codec/http/websocketx/WebSocketServerHandshaker00.java","9","0","4","0","77","190","1"
"elasticsearch","d4366f8493ac8d2f7091404ffd346e4f3c0f9af9","plugins/repository-s3/src/main/java/org/elasticsearch/repositories/s3/S3Repository.java","9","0","4","1","155","359","2"
"hazelcast","08d0c3e5e6660b994f419c871556a5522d0025f7","hazelcast/src/main/java/com/hazelcast/cache/impl/MXBeanUtil.java","9","0","4","1","64","116","1"
"netty","268111208007b1336dc1bbdcb0b9c15427e14e1f","handler/src/main/java/io/netty/handler/traffic/GlobalChannelTrafficCounter.java","9","0","4","1","69","128","0"
"elasticsearch","41d8fbe8f51abd499c9b497238bc5f2141b7926b","core/src/main/java/org/elasticsearch/discovery/DiscoveryModule.java","9","0","4","1","72","114","1"
"elasticsearch","2e445d3ede953c90e4e1ce69e5f53192115b9dd7","core/src/main/java/org/elasticsearch/common/lucene/uid/Versions.java","9","0","4","1","80","152","1"
"elasticsearch","5828796848674b656807406947f050626035845a","core/src/main/java/org/elasticsearch/common/lucene/uid/Versions.java","9","0","4","1","81","153","0"
"netty","2304913341ef3f239e5509a46921a5c65bbbe360","handler/src/main/java/io/netty/handler/timeout/WriteTimeoutHandler.java","9","0","4","1","99","205","2"
"netty","689c47980b5bfa5db654d7de33d4a38cd0acb8d1","handler/src/main/java/io/netty/handler/timeout/WriteTimeoutHandler.java","9","0","4","1","99","205","2"
"netty","8579f09c594f69870115c019655c98cba5ad47ee","handler/src/main/java/io/netty/handler/timeout/WriteTimeoutHandler.java","9","0","4","1","99","205","1"
"netty","4158152b24c1e20cc9d024486a6bc6a0ee336a92","handler/src/main/java/io/netty/handler/timeout/WriteTimeoutHandler.java","9","0","4","1","99","205","0"
"MapDB","0ddada1d67318d1e9f1909def232521f06359891","src/test/java/org/mapdb/UtilsTest.java","9","0","4","10","146","212","0"
"elasticsearch","c8ca015c0bd28caf4fd84862679afc63a9e7d2ac","core/src/main/java/org/elasticsearch/search/aggregations/pipeline/bucketmetrics/BucketMetricsPipelineAggregationBuilder.java","9","0","4","2","109","170","0"
"elasticsearch","164efaecbe42195f08ada58b5fde927ab21fc6e7","core/src/main/java/org/elasticsearch/discovery/DiscoveryModule.java","9","0","4","2","80","124","0"
"elasticsearch","577dcb32374cf2528a5deadf0a57f1ea1d5a9cbd","core/src/main/java/org/elasticsearch/discovery/DiscoveryModule.java","9","0","4","2","90","138","0"
"elasticsearch","0556c93920af457c0dfb41dc2f52013ebc3e136e","core/src/main/java/org/elasticsearch/discovery/DiscoveryModule.java","9","0","4","2","91","139","1"
"elasticsearch","046abdc281c321cd2128ee7684c0edfcaca07203","core/src/test/java/org/elasticsearch/search/sort/AbstractSortTestCase.java","9","0","4","3","210","282","3"
"elasticsearch","62b821ccf4e2bf221382df85e2785016f74012bc","core/src/test/java/org/elasticsearch/search/sort/AbstractSortTestCase.java","9","0","4","3","211","283","1"
"elasticsearch","0ad231546d70cd45ac5d7a32311c1cebb9b42293","core/src/test/java/org/elasticsearch/search/sort/AbstractSortTestCase.java","9","0","4","3","214","286","1"
"elasticsearch","450f47d5b59f19f4d2056042db69732ac5c21bbf","core/src/test/java/org/elasticsearch/search/sort/AbstractSortTestCase.java","9","0","4","3","214","286","1"
"elasticsearch","6174e21f47244b6d5153d7d0cc1fe28fe863399d","core/src/test/java/org/elasticsearch/search/sort/AbstractSortTestCase.java","9","0","4","3","214","286","1"
"elasticsearch","2a00c9dc46fe7ac5da04ea3e735985d3f02bc7bf","core/src/test/java/org/elasticsearch/search/sort/AbstractSortTestCase.java","9","0","4","3","214","286","0"
"elasticsearch","3aed047bdedde1bda189cbfc2f81e65af42e57c5","core/src/test/java/org/elasticsearch/search/sort/AbstractSortTestCase.java","9","0","4","3","214","286","0"
"neo4j","63f8a4751adf182a2e37643a3a7c5bdfe2daed3d","community/common/src/main/java/org/neo4j/kernel/api/exceptions/Status.java","9","0","4","30","459","638","0"
"neo4j","430414797892c2c12c043179bd536d9b78cefefd","community/common/src/main/java/org/neo4j/kernel/api/exceptions/Status.java","9","0","4","31","465","645","1"
"neo4j","a04c0ff1606865897edea265bfc46e445b3ff481","community/kernel/src/main/java/org/neo4j/graphdb/factory/GraphDatabaseSettings.java","9","0","4","4","431","572","1"
"neo4j","04a0218c174548fca7c81243ccdad64a026406e0","community/kernel/src/main/java/org/neo4j/graphdb/factory/GraphDatabaseSettings.java","9","0","4","4","435","577","0"
"neo4j","e3cce44754a86a232bdb6dc3666c86d30edd3bfb","community/kernel/src/main/java/org/neo4j/graphdb/factory/GraphDatabaseSettings.java","9","0","4","4","435","577","0"
"neo4j","7a754bfda201adad62f91fcd19eb27c453ff7775","community/kernel/src/main/java/org/neo4j/graphdb/factory/GraphDatabaseSettings.java","9","0","4","4","435","577","1"
"neo4j","22998011efc8bf2b45b92aab50473026624d6050","community/kernel/src/main/java/org/neo4j/graphdb/factory/GraphDatabaseSettings.java","9","0","4","4","449","595","1"
"neo4j","bb9eac07204bd182fa496b144598f582602c7ae4","community/kernel/src/main/java/org/neo4j/graphdb/factory/GraphDatabaseSettings.java","9","0","4","4","460","607","0"
"neo4j","98df1926e7e3a6c22dedc82e222831d4f8cdb97b","community/kernel/src/main/java/org/neo4j/graphdb/factory/GraphDatabaseSettings.java","9","0","4","4","464","612","1"
"neo4j","e7ef847240fe5994b54b22d1fa9e6953ab191768","community/kernel/src/main/java/org/neo4j/graphdb/factory/GraphDatabaseSettings.java","9","0","4","4","473","622","0"
"mcMMO","ca6dc5195d079a4e76aed8811a3f6956a9f10339","src/main/java/com/gmail/nossr50/skills/archery/ArcheryManager.java","9","0","4","5","67","108","0"
"mcMMO","e7e62b8d4000835a3f3d802e51ff2ea8516cdb15","src/main/java/com/gmail/nossr50/skills/archery/ArcheryManager.java","9","0","4","5","71","115","1"
"netty","f4e527c64df0b7ce2c5f7997a782eec481ac22a4","handler/src/main/java/io/netty/handler/stream/ChunkedStream.java","9","0","4","5","84","140","0"
"hazelcast","eccd88a1cc7582afef1872575ab14896461794ac","hazelcast-client/src/test/java/com/hazelcast/client/ClientIssueTest.java","9","0","4","6","165","248","0"
"hazelcast","48ce080fe1f5db112b6c21e19da62612ccc43608","hazelcast-client/src/test/java/com/hazelcast/client/ClientIssueTest.java","9","0","4","6","168","251","0"
"elasticsearch","473e880a7c2fdb162f1d2d9e6a0624dc4475d629","core/src/test/java/org/elasticsearch/index/mapper/numeric/SimpleNumericTests.java","9","0","4","6","416","514","2"
"MapDB","a86151e6a26c06b7c00ec9d42a181cf0506b3eb3","src/test/java/org/mapdb/UtilsTest.java","9","0","4","9","136","202","1"
"hazelcast","cccd37bfe1464899cef6f7928e301f9c2d6abaa1","hazelcast/src/test/java/com/hazelcast/multimap/MultiMapTest.java","9","0","5","11","273","385","1"
"elasticsearch","78574d248cf10dad1c5a566fda79e1e0c94afe43","core/src/main/java/org/elasticsearch/action/admin/cluster/allocation/ClusterAllocationExplainRequest.java","9","0","5","12","123","178","1"
"elasticsearch","e6aaaf11ed4a1b8f595f920de1840938eddb7a97","core/src/main/java/org/elasticsearch/action/admin/cluster/allocation/ClusterAllocationExplainRequest.java","9","0","5","12","123","178","1"
"elasticsearch","a60b8948ba1d836a6eac7cff095519e618939ed8","core/src/main/java/org/elasticsearch/action/admin/cluster/allocation/ClusterAllocationExplainRequest.java","9","0","5","12","123","178","0"
"elasticsearch","4040f194f528c76c88be70b119cf9d7d6fcea99b","core/src/test/java/org/elasticsearch/plugins/PluginManagerTests.java","9","0","5","15","276","409","0"
"netty","731f52fdf73852a8fc597b1f08ed86b63caee375","codec-http2/src/main/java/io/netty/handler/codec/http2/DefaultHttp2DataFrame.java","9","0","5","18","119","186","1"
"oryx","27e9046b2bd92243c260efd8bcd0af46b92bdf9e","framework/zk-util/src/main/java/com/cloudera/oryx/zk/LocalZKServer.java","9","0","5","2","104","164","0"
"oryx","d16f89b25fc5e12f94af6432274c66e0394c1743","framework/zk-util/src/main/java/com/cloudera/oryx/zk/LocalZKServer.java","9","0","5","2","105","166","0"
"BroadleafCommerce","eb2d314a8d4af455b5dd36fbb5f694d34db480b0","admin/broadleaf-open-admin-platform/src/main/java/org/broadleafcommerce/openadmin/web/controller/AdminTranslationController.java","9","0","5","2","223","354","1"
"BroadleafCommerce","a0b4fcff57a8213f875366ebbdebe2fcba6ed2e7","admin/broadleaf-open-admin-platform/src/main/java/org/broadleafcommerce/openadmin/web/controller/AdminTranslationController.java","9","0","5","2","226","356","0"
"elasticsearch","6174e21f47244b6d5153d7d0cc1fe28fe863399d","core/src/test/java/org/elasticsearch/search/aggregations/metrics/AvgIT.java","9","0","5","31","439","569","1"
"elasticsearch","6174e21f47244b6d5153d7d0cc1fe28fe863399d","core/src/test/java/org/elasticsearch/search/aggregations/metrics/SumIT.java","9","0","5","32","439","578","1"
"elasticsearch","ff3fd99074e4a616d172ab4cb0580872f6cecbbe","core/src/test/java/org/elasticsearch/search/aggregations/metrics/SumIT.java","9","0","5","38","470","623","0"
"elasticsearch","ff3fd99074e4a616d172ab4cb0580872f6cecbbe","core/src/test/java/org/elasticsearch/search/aggregations/metrics/AvgIT.java","9","0","5","38","473","618","0"
"elasticsearch","838edab168c2999af7ba16f000c1180814e98570","test/framework/src/main/java/org/elasticsearch/test/ESSingleNodeTestCase.java","9","0","5","4","190","301","1"
"elasticsearch","87737d3e02e5727cfe035068bfca5f3e5af13978","test/framework/src/main/java/org/elasticsearch/test/ESSingleNodeTestCase.java","9","0","5","4","191","302","0"
"elasticsearch","b85bcde640da53f95e6fcc174e0a32333ecd91cf","src/main/java/org/elasticsearch/index/query/FuzzyLikeThisFieldQueryBuilder.java","9","0","5","5","81","133","0"
"elasticsearch","e0e6a58357e7b8c7552fecd3786826b3a6142497","src/main/java/org/elasticsearch/index/query/FuzzyLikeThisFieldQueryBuilder.java","9","0","5","5","81","133","0"
"elasticsearch","ffcc710e4eca73e2d15a51c697720dcd76423743","src/main/java/org/elasticsearch/index/query/FuzzyLikeThisFieldQueryBuilder.java","9","0","5","5","81","133","0"
"elasticsearch","7fd54acd6627b627fdb9caac59dcfb286fc91c4e","src/main/java/org/elasticsearch/index/query/FuzzyLikeThisFieldQueryBuilder.java","9","0","5","5","81","133","1"
"mcMMO","857e12b96edf68bc2e2fdbdf72659ce82612bda1","src/main/java/com/gmail/nossr50/util/player/UserManager.java","9","0","5","6","68","115","0"
"mcMMO","0185a30ec9185ba5c36b461459d725d5f4c40968","src/main/java/com/gmail/nossr50/util/player/UserManager.java","9","0","5","6","69","117","0"
"mcMMO","c10525ada9ed2c0b77c518089a300e3b4e32e7c1","src/main/java/com/gmail/nossr50/util/player/UserManager.java","9","0","5","6","70","119","1"
"hazelcast","0f81beb7a6ca58904d4b84947d3563d17e06eb43","hazelcast-client/src/main/java/com/hazelcast/client/config/ClientConfig.java","9","0","51","2","270","651","2"
"elasticsearch","fe01c0f83b8a383bbe2f879a317150705eb9966f","core/src/main/java/org/elasticsearch/transport/ConnectionProfile.java","9","0","6","0","84","162","3"
"BroadleafCommerce","d5e8ffb96b9a9eee8f9ea2b5cea314cceb8c0f4c","common/src/main/java/org/broadleafcommerce/common/util/dao/TQRestriction.java","9","0","6","1","57","132","0"
"elasticsearch","78574d248cf10dad1c5a566fda79e1e0c94afe43","core/src/main/java/org/elasticsearch/action/search/MultiSearchResponse.java","9","0","6","11","124","186","1"
"elasticsearch","e6aaaf11ed4a1b8f595f920de1840938eddb7a97","core/src/main/java/org/elasticsearch/action/search/MultiSearchResponse.java","9","0","6","11","124","186","1"
"elasticsearch","a60b8948ba1d836a6eac7cff095519e618939ed8","core/src/main/java/org/elasticsearch/action/search/MultiSearchResponse.java","9","0","6","11","124","186","0"
"elasticsearch","3aed047bdedde1bda189cbfc2f81e65af42e57c5","core/src/test/java/org/elasticsearch/search/aggregations/metrics/AvgIT.java","9","0","6","31","465","609","0"
"elasticsearch","3aed047bdedde1bda189cbfc2f81e65af42e57c5","core/src/test/java/org/elasticsearch/search/aggregations/metrics/SumIT.java","9","0","6","32","465","618","0"
"netty","9125060752f5124949e55a6868647c75f88cdb01","handler/src/main/java/io/netty/handler/ssl/JdkSslClientContext.java","9","0","6","4","90","175","0"
"hazelcast","72b5f660eaa15e56d6f7e9295b4519dc5e83be40","hazelcast/src/main/java/com/hazelcast/spi/impl/operationservice/impl/InvocationRegistry.java","9","0","6","5","101","184","1"
"hazelcast","fb4a0bcc0abd76d992e40c416af202f6daccd8e8","hazelcast/src/main/java/com/hazelcast/spi/impl/operationservice/impl/InvocationRegistry.java","9","0","6","5","102","186","0"
"BroadleafCommerce","b652d67d56691cebb6a87de01e674ca9f2745e6b","common/src/main/java/org/broadleafcommerce/common/util/BLCRequestUtils.java","9","0","7","0","50","118","0"
"elasticsearch","25fd9e26c4fb042d6f6dea14efcd239577bdbbc4","core/src/main/java/org/elasticsearch/action/admin/cluster/allocation/ClusterAllocationExplainRequest.java","9","0","7","12","132","191","0"
"elasticsearch","635ae29bf1eb3aa83597bc296ff58a5b95ca648a","src/main/java/org/elasticsearch/indices/recovery/RecoveryStatus.java","9","0","7","13","179","273","1"
"elasticsearch","17c06f06ba4e86504bd3b24a47198bc30536572c","src/main/java/org/elasticsearch/search/aggregations/AggregatorBase.java","9","0","7","6","148","252","1"
"oryx","01853e86889056e23179c30d4f596b952e18757d","framework/kafka-util/src/main/java/com/cloudera/oryx/kafka/util/KafkaUtils.java","9","0","8","0","172","285","1"
"oryx","7f8f3cdde532d5bd1f8f41ab31e10719ed4ab984","oryx-common/src/main/java/com/cloudera/oryx/common/text/TextUtils.java","9","0","8","0","87","164","0"
"elasticsearch","fa3420c2a529c1863af1d07e0460f98a461a3e97","core/src/main/java/org/elasticsearch/common/ParseField.java","9","0","8","2","79","171","1"
"elasticsearch","c5a9427293e4bfca16c3dc7eb9af07e12eff7160","core/src/main/java/org/elasticsearch/common/ParseField.java","9","0","8","2","81","173","0"
"hazelcast","3ad8923608497c9d9f475074dee360209fdfbb36","hazelcast-ra/src/main/java/com/hazelcast/jca/ResourceAdapterImpl.java","9","0","8","3","88","163","0"
"hazelcast","611c259e9ebda78599e133b576a4aeabbc4591a5","hazelcast-ra/hazelcast-jca/src/main/java/com/hazelcast/jca/ResourceAdapterImpl.java","9","0","8","4","95","189","1"
"elasticsearch","2f7d1189b1453744003c87ebc878633421dfbcaa","src/main/java/org/elasticsearch/action/admin/indices/alias/IndicesAliasesRequest.java","9","0","8","5","109","198","1"
"hazelcast","4fd9515551932a374a67b01c6c00e0dd8611ebab","hazelcast-ra/hazelcast-jca/src/main/java/com/hazelcast/jca/ResourceAdapterImpl.java","9","0","8","5","96","173","0"
"hazelcast","0e5939bbae0fdb1e0bcf9a30bd22483c40519cbc","hazelcast-ra/hazelcast-jca/src/main/java/com/hazelcast/jca/ResourceAdapterImpl.java","9","0","8","6","103","199","1"
"Android-Universal-Image-Loader","7e71df151523f46bf412cd16b4dc377727af6534","library/src/com/nostra13/universalimageloader/core/DefaultConfigurationFactory.java","9","0","9","0","103","158","1"
"elasticsearch","73c038fb48d11021029ec86d74b0958897a41b8b","src/main/java/org/elasticsearch/index/query/BoolQueryBuilder.java","9","0","9","0","76","158","1"
"elasticsearch","8738583de62a6c4a7cc3f69929f0df6a4843ed55","src/main/java/org/elasticsearch/indices/recovery/RecoveryStatus.java","9","0","9","12","176","276","2"
"BroadleafCommerce","1c1207650f20f502eb97fcc72152b1aeaaea215c","admin/broadleaf-open-admin-platform/src/main/java/org/broadleafcommerce/openadmin/server/domain/PersistencePackageRequest.java","9","0","9","59","333","481","2"
"hazelcast","0ff1363160e0b5d17009abb0cd79bce091df7dd1","hazelcast-ra/hazelcast-jca/src/main/java/com/hazelcast/jca/ResourceAdapterImpl.java","9","0","9","6","104","201","0"
"elasticsearch","0a69f1e283e26e5d9e6a000b68b9f4778de557a1","core/src/test/java/org/elasticsearch/index/mapper/timestamp/TimestampMappingTests.java","9","0","9","9","337","448","2"
"elasticsearch","5a64f08f048461a63a0ca1354a5050c954e63d52","core/src/test/java/org/elasticsearch/index/mapper/timestamp/TimestampMappingTests.java","9","0","9","9","343","456","0"
"elasticsearch","6c34452409d2cc468daced1811db60cd81c6fe95","core/src/main/java/org/elasticsearch/search/internal/SearchContext.java","9","0","9","92","217","383","1"
"hazelcast","39091ff574efe84ae6a3d772a1b7cfce80f4f2e0","hazelcast/src/main/java/com/hazelcast/map/proxy/MapProxySupport.java","90","0","0","0","655","740","0"
"ceylon-ide-eclipse","d97dcb889258ac748139dde5679efa447466d141","plugins/com.redhat.ceylon.eclipse.ui/src/com/redhat/ceylon/eclipse/code/complete/ParametersCompletionProposal.java","90","0","0","0","689","814","1"
"netty","3a9f47216143082bdfba62e8940160856767d672","transport/src/main/java/io/netty/channel/AbstractChannelHandlerContext.java","90","0","0","0","820","983","1"
"ceylon-ide-eclipse","0d38532ee118e04d37ee7d71c9199357b9afe3e5","plugins/com.redhat.ceylon.eclipse.ui/src/com/redhat/ceylon/eclipse/code/complete/ParametersCompletionProposal.java","90","0","0","10","689","814","2"
"ceylon-ide-eclipse","89519750f096617996b145fcd5934d0406bac2c0","plugins/com.redhat.ceylon.eclipse.ui/src/com/redhat/ceylon/eclipse/code/complete/ParametersCompletionProposal.java","90","0","0","10","690","815","0"
"hazelcast","5aa58b497cf248596c24b6e8ce3e05c35a87d498","hazelcast/src/main/java/com/hazelcast/nio/serialization/SerializationServiceImpl.java","90","0","0","25","609","701","0"
"ceylon-ide-eclipse","3f6dc94ba8748c0d0df507e146a26a91c0890f37","plugins/com.redhat.ceylon.eclipse.ui/src/com/redhat/ceylon/eclipse/code/open/OpenCeylonDeclarationDialog.java","90","0","0","3","613","686","0"
"elasticsearch","6666fb1614c602e5637b5949d61d8e457ab3ee77","core/src/main/java/org/elasticsearch/index/mapper/LegacyDateFieldMapper.java","90","0","0","33","496","593","2"
"neo4j","8066343b1fb2eb6ea3b5e0ab8770458d6bfd1b79","community/import-tool/src/test/java/org/neo4j/tooling/ImportToolTest.java","90","0","0","47","1616","2032","1"
"neo4j","e363a1f4601dcb959d975051310bd911cfc49095","community/import-tool/src/test/java/org/neo4j/tooling/ImportToolTest.java","90","0","0","47","1621","2038","0"
"hazelcast","e641541f77808713a214b6d1b4ef4d58497824f1","hazelcast/src/main/java/com/hazelcast/internal/cluster/impl/ClusterServiceImpl.java","90","0","0","55","846","1022","0"
"hazelcast","b13177055f1d59e2658dad940a812bc04a7bf5f6","hazelcast/src/main/java/com/hazelcast/internal/cluster/impl/ClusterServiceImpl.java","90","0","0","55","848","1024","2"
"hazelcast","545d77374f383f61170ce2b72524d45e085b7d0e","hazelcast/src/test/java/com/hazelcast/nio/UTFEncoderDecoderTest.java","90","0","0","61","637","788","1"
"elasticsearch","16e350b2668d23041fa6882367b45dee7d90a336","src/main/java/org/elasticsearch/search/highlight/HighlighterParseElement.java","90","0","1","1","183","233","0"
"BroadleafCommerce","bf8361802f51d8d2fa7fefd8010b7cb1cbd0451d","admin/broadleaf-open-admin-platform/src/main/java/org/broadleafcommerce/openadmin/web/rulebuilder/statement/PhraseTranslator.java","90","0","1","1","370","461","0"
"elasticsearch","ee46c3cd3fed07a81d50e0e3eeae29e686c7c074","src/main/java/org/elasticsearch/index/mapper/core/TypeParsers.java","90","0","1","10","336","393","0"
"elasticsearch","55e9f169c3c5179591f758fb99b6450daabefc19","src/main/java/org/elasticsearch/discovery/zen/ZenDiscovery.java","90","0","1","10","777","995","3"
"elasticsearch","3dec916ef2eb2bdff819969cb3419a126244d72a","src/main/java/org/elasticsearch/search/SearchService.java","90","0","1","13","743","863","0"
"elasticsearch","4902dd1da63eec3797d72831b768b9dc2032e76f","src/main/java/org/elasticsearch/search/SearchService.java","90","0","1","13","744","864","0"
"elasticsearch","aea00a62f3825e388e07007d3c8686f93c2d3f8e","core/src/main/java/org/elasticsearch/action/support/replication/TransportReplicationAction.java","90","0","1","6","812","1076","2"
"elasticsearch","41a2375c9e609395e21522ee79202645ed2a0af4","core/src/main/java/org/elasticsearch/action/support/replication/TransportReplicationAction.java","90","0","1","6","816","1085","1"
"BroadleafCommerce","513c812c070486d70f25e3c59bfc457cfebb0bbd","core/broadleaf-framework/src/main/java/org/broadleafcommerce/core/catalog/domain/CategoryImpl.java","90","0","1","91","973","1153","4"
"mcMMO","fc8ad40b00fa24262bceffb0a803dcc6cb6ea131","src/main/java/com/gmail/nossr50/datatypes/player/PlayerProfile.java","90","0","11","16","511","693","0"
"elasticsearch","cc0f8c2eb18eb65a7981229f747f25fee2e7253a","core/src/main/java/org/elasticsearch/common/io/stream/StreamInput.java","90","0","13","27","452","586","0"
"mcMMO","36f1a2d78a14104573a84f5e30d59e42c7161687","src/main/java/com/gmail/nossr50/util/BlockUtils.java","90","0","15","1","191","317","1"
"mcMMO","3a8f45a04db19fcf2aa64fadc30911243bf6f8b3","src/main/java/com/gmail/nossr50/util/BlockUtils.java","90","0","15","2","203","334","0"
"mcMMO","560c3860b4d6976157606de75926e001d9dee94f","src/main/java/com/gmail/nossr50/util/BlockUtils.java","90","0","16","1","196","329","0"
"elasticsearch","96b0b1091fd018e22ac6a8865ba6061847195d2b","core/src/main/java/org/elasticsearch/cluster/service/ClusterService.java","90","0","19","9","779","1059","1"
"elasticsearch","b0567d7c1894306690fb3aea8b8b2ebc07f9f441","src/main/java/org/elasticsearch/index/mapper/attachment/AttachmentMapper.java","90","0","2","21","512","676","0"
"hazelcast","68d0476abb060e2652601b941176864d94e1d1d8","hazelcast/src/test/java/com/hazelcast/nio/serialization/PortableTest.java","90","0","2","66","694","873","0"
"hazelcast","3d6bcba501e62df97fb0d222eb966362c2951a5c","hazelcast/src/main/java/com/hazelcast/internal/cluster/impl/MembershipManager.java","90","0","2","7","693","889","0"
"elasticsearch","47f92d7c621eb0b0e4cf350ae21c8553592a324f","core/src/main/java/org/elasticsearch/index/query/MultiMatchQueryBuilder.java","90","0","20","30","587","790","1"
"orientdb","0e868f07cc1b57e059f5c0b6eb9f32f5475fce81","server/src/main/java/com/orientechnologies/orient/server/distributed/ODistributedConfiguration.java","90","0","22","7","419","690","0"
"netty","9fe9710315bb89b015a3de0fbf4c1019a10e5c85","common/src/main/java/io/netty/util/internal/PlatformDependent.java","90","0","23","17","569","810","0"
"BroadleafCommerce","eb2d314a8d4af455b5dd36fbb5f694d34db480b0","admin/broadleaf-open-admin-platform/src/main/java/org/broadleafcommerce/openadmin/web/controller/entity/AdminBasicEntityController.java","90","0","23","6","1027","1675","5"
"orientdb","5aea3f18f19ff12517bbc8172ff9c3a0f3447ad6","server/src/main/java/com/orientechnologies/orient/server/network/protocol/http/OHttpResponse.java","90","0","3","32","447","582","1"
"elasticsearch","fae9dcaed755b47398fb93c23dec81b1d84e8e36","src/main/java/org/elasticsearch/index/mapper/core/DateFieldMapper.java","90","0","3","33","568","691","2"
"orientdb","f0af5e5b2ec37ca3af558241002f038faff6c4e6","core/src/main/java/com/orientechnologies/orient/core/metadata/security/OSecurityShared.java","90","0","3","35","448","619","1"
"orientdb","d2368422055fd12c0cb57a5dc82c15cb89b2a200","core/src/main/java/com/orientechnologies/orient/core/metadata/security/OSecurityShared.java","90","0","3","35","456","626","0"
"elasticsearch","0ad231546d70cd45ac5d7a32311c1cebb9b42293","core/src/main/java/org/elasticsearch/index/mapper/FieldMapper.java","90","0","3","44","525","669","1"
"elasticsearch","450f47d5b59f19f4d2056042db69732ac5c21bbf","core/src/main/java/org/elasticsearch/index/mapper/FieldMapper.java","90","0","3","44","525","669","1"
"elasticsearch","2a00c9dc46fe7ac5da04ea3e735985d3f02bc7bf","core/src/main/java/org/elasticsearch/index/mapper/FieldMapper.java","90","0","3","44","525","669","0"
"elasticsearch","5e6eb987bc08ff8c9bac427924e8611425a97aa7","core/src/main/java/org/elasticsearch/index/translog/Translog.java","90","0","35","60","969","1356","2"
"elasticsearch","5d6c9b0745aeb19695bf575601de0f79bbf02ec5","core/src/main/java/org/elasticsearch/index/translog/Translog.java","90","0","35","60","970","1358","1"
"elasticsearch","a60b8948ba1d836a6eac7cff095519e618939ed8","core/src/main/java/org/elasticsearch/index/translog/Translog.java","90","0","35","61","971","1353","0"
"mcMMO","2ed5e8e7174593601fcf7fdaae5afb0d97456c6f","src/main/java/com/gmail/nossr50/skills/gathering/Fishing.java","90","0","4","1","351","476","0"
"BroadleafCommerce","169f0bbfec129b2b2db37bf8d20ae4c6d373f6c0","core/broadleaf-framework/src/main/java/org/broadleafcommerce/core/search/service/solr/SolrSearchServiceImpl.java","90","0","4","18","658","1042","0"
"elasticsearch","302c7a521adec8da71192bd9a82113537eac154c","core/src/main/java/org/elasticsearch/index/mapper/FieldMapper.java","90","0","4","44","530","682","1"
"elasticsearch","bf382ce5d8d156c295d2d061151487a6d5848156","core/src/main/java/org/elasticsearch/index/mapper/FieldMapper.java","90","0","4","46","548","702","0"
"antlr4","fdc46c53e6d885307d0ff3f8ceea5474267d1f64","tool/test/org/antlr/v4/test/BaseTest.java","90","0","4","47","1034","1332","2"
"antlr4","0c0fd67082d8f807c9bedabba4c99cdebf6d1de8","tool/test/org/antlr/v4/test/BaseTest.java","90","0","4","47","1035","1333","0"
"antlr4","156696be189bdf3929343fb4bea9b4fbe4a90063","tool/test/org/antlr/v4/test/BaseTest.java","90","0","4","47","1038","1336","1"
"hazelcast","64f43bbbb3921e328213be68e0d40d8c0f8a7711","hazelcast/src/main/java/com/hazelcast/map/impl/DefaultRecordStore.java","90","0","4","52","843","1021","2"
"hazelcast","06ff49213829c482f0326d010731edf3d7113504","hazelcast/src/main/java/com/hazelcast/map/impl/DefaultRecordStore.java","90","0","4","52","844","1023","3"
"hazelcast","f0288f71335fd59ecf3ea5aea21b4d28fb75aeb8","hazelcast/src/main/java/com/hazelcast/map/impl/DefaultRecordStore.java","90","0","4","52","844","1023","3"
"hazelcast","1e31ba5939bbf2de11397a2c9c95104a1857c847","hazelcast/src/main/java/com/hazelcast/map/impl/DefaultRecordStore.java","90","0","4","52","844","1023","0"
"hazelcast","8e20fd580ec4e7de4938dc403d1a547e0b9a4001","hazelcast/src/main/java/com/hazelcast/map/impl/DefaultRecordStore.java","90","0","4","52","844","1024","1"
"hazelcast","bee8b238a83b9c0237d927b4c367a7cb258b953f","hazelcast/src/main/java/com/hazelcast/map/impl/DefaultRecordStore.java","90","0","4","52","845","1026","1"
"hazelcast","487f21c149d0e899a5fe0cd2b5bae9c8f7ce468a","hazelcast/src/main/java/com/hazelcast/map/impl/DefaultRecordStore.java","90","0","4","53","848","1027","3"
"elasticsearch","f22f3db30f9dcbedf1b1a4991b948a2ad8097830","src/main/java/org/elasticsearch/Version.java","90","0","5","14","435","521","1"
"hazelcast","f351d4e4d3b5d5e4e4a39c7d328f91b2c161061e","hazelcast/src/main/java/com/hazelcast/map/DefaultRecordStore.java","90","0","5","50","847","1023","1"
"elasticsearch","d79717c3414d9400ca5627d637744967f0f215f8","src/main/java/org/elasticsearch/Version.java","90","0","6","14","438","532","0"
"orientdb","3e239a1613b7f85e4b86e46d29bac097fcf2c616","core/src/main/java/com/orientechnologies/orient/core/Orient.java","90","0","8","50","720","974","3"
"orientdb","a3ca34afb8afb8ef21c6153fd87bd1c91b4154c6","core/src/main/java/com/orientechnologies/orient/core/Orient.java","90","0","8","50","720","976","2"
"hazelcast","081a9a82ef841f2d91af579f204931cf550e0bbc","hazelcast/src/main/java/com/hazelcast/map/proxy/MapProxySupport.java","91","0","0","0","660","749","1"
"neo4j","61918a793194e6c1df7c5a5e30deee59ab30368a","community/kernel/src/main/java/org/neo4j/kernel/impl/transaction/command/PhysicalLogNeoCommandReaderV2_2_4.java","91","0","0","21","671","756","0"
"neo4j","06fd5597f34a8b9df1c31cbada46d7d37a7e8b4a","community/kernel/src/main/java/org/neo4j/kernel/impl/transaction/command/PhysicalLogNeoCommandReaderV2_2_4.java","91","0","0","21","675","761","0"
"elasticsearch","9080f51340b1b26f8bd171b4c82de8d87ad42b55","core/src/main/java/org/elasticsearch/index/mapper/core/DateFieldMapper.java","91","0","0","34","518","618","1"
"hazelcast","dcdf838c95407da279237d92588a7a4f691c6fce","hazelcast-client/src/main/java/com/hazelcast/client/config/XmlClientConfigBuilder.java","91","0","0","8","410","462","1"
"BroadleafCommerce","bcc2c8f5818db40da1f76bc910c5166c9ef9e80d","admin/broadleaf-open-admin-platform/src/main/java/org/broadleafcommerce/openadmin/web/rulebuilder/statement/PhraseTranslator.java","91","0","1","1","295","362","0"
"elasticsearch","a9aa10ade07754ebef118fafa5c6b7f0a7d0e976","src/main/java/org/elasticsearch/discovery/zen/ZenDiscovery.java","91","0","1","10","780","1001","4"
"ceylon-ide-eclipse","326c626f7b31024a52822879744f8f1d5a81ab68","plugins/com.redhat.ceylon.eclipse.ui/src/com/redhat/ceylon/eclipse/core/debug/DebugUtils.java","91","0","1","17","354","405","1"
"hazelcast","c283f04cab711308ed3018d4e448e35b9061e0d2","hazelcast-code-generator/src/main/java/com/hazelcast/client/protocol/generator/CodecModel.java","91","0","1","29","521","661","0"
"BroadleafCommerce","cc898fba7b53c01406d3d5b0f9392a86dccd1905","core/broadleaf-framework/src/main/java/org/broadleafcommerce/core/order/service/OrderServiceImpl.java","91","0","1","37","585","728","1"
"elasticsearch","a872c88f03b50b34036617dcc9ed36a0110bc84e","src/main/java/org/elasticsearch/gateway/local/state/meta/LocalGatewayMetaState.java","91","0","1","4","469","563","0"
"MapDB","7d669f7b32bf11d20170fea6cb6e8208b58b9dfb","src/test/java/org/mapdb/HTreeMap2Test.java","91","0","1","40","807","1101","1"
"elasticsearch","26f77eb70d68a9382d64535c8dbd07d42842d252","core/src/main/java/org/elasticsearch/action/support/replication/TransportReplicationAction.java","91","0","1","6","810","1079","2"
"BroadleafCommerce","8bafebee81bdbf1eecc3a9ddeaa995798fed0b74","core/broadleaf-framework/src/main/java/org/broadleafcommerce/core/catalog/domain/CategoryImpl.java","91","0","1","93","985","1166","6"
"elasticsearch","6abcd42a05a0e2bc4eaf1add6a41ae7d48f840c2","core/src/main/java/org/elasticsearch/cluster/service/ClusterService.java","91","0","19","9","789","1070","0"
"elasticsearch","d4771b993f669a359ce75ba7bf2faaae8939450f","core/src/main/java/org/elasticsearch/cluster/service/ClusterService.java","91","0","19","9","789","1070","0"
"elasticsearch","3f6a3c01dadb1951b597ffdbd068359a2fbc84c8","core/src/main/java/org/elasticsearch/cluster/service/ClusterService.java","91","0","19","9","789","1070","1"
"neo4j","87838b56dfcfb7b37ca03d26c9eedc8f1e0c38e5","community/bolt/src/main/java/org/neo4j/bolt/v1/packstream/PackStream.java","91","0","2","39","571","724","0"
"elasticsearch","371c73e14023917f3892090d2d3d7ff9ac1216b9","core/src/main/java/org/elasticsearch/index/query/MultiMatchQueryBuilder.java","91","0","20","30","595","799","3"
"elasticsearch","78574d248cf10dad1c5a566fda79e1e0c94afe43","core/src/main/java/org/elasticsearch/index/query/MultiMatchQueryBuilder.java","91","0","20","30","595","799","2"
"elasticsearch","e6aaaf11ed4a1b8f595f920de1840938eddb7a97","core/src/main/java/org/elasticsearch/index/query/MultiMatchQueryBuilder.java","91","0","20","30","595","799","2"
"elasticsearch","a60b8948ba1d836a6eac7cff095519e618939ed8","core/src/main/java/org/elasticsearch/index/query/MultiMatchQueryBuilder.java","91","0","20","30","595","799","0"
"elasticsearch","c63626b537955d0309c6613642e990b54efd3cbf","src/main/java/org/elasticsearch/index/store/Store.java","91","0","20","30","725","1043","0"
"elasticsearch","c09af6df618f1eb615f7445d8ccf064c68b6be8d","src/main/java/org/elasticsearch/index/store/Store.java","91","0","21","27","717","1053","0"
"elasticsearch","4bce7271659889d839388d7df5c61a6d2a5c3c7a","core/src/main/java/org/elasticsearch/index/query/MultiMatchQueryBuilder.java","91","0","21","31","594","802","0"
"elasticsearch","8fd71a5d6d2ceb934494b999917be751ea81c9b0","core/src/main/java/org/elasticsearch/index/query/MultiMatchQueryBuilder.java","91","0","21","31","594","802","0"
"elasticsearch","9a3216dfee351e3dca63d4d0c9845575f1d6ad1f","core/src/main/java/org/elasticsearch/index/query/MultiMatchQueryBuilder.java","91","0","21","31","594","802","2"
"hazelcast","386b578a5437daf9b40eb86f31eb12fcd188d25d","hazelcast/src/test/java/com/hazelcast/nio/serialization/PortableTest.java","91","0","3","66","750","949","2"
"hazelcast","90408588053d67fc9835ccdaa88e6c79dc591f1d","hazelcast/src/test/java/com/hazelcast/nio/serialization/PortableTest.java","91","0","3","68","792","1008","0"
"hazelcast","bee2ce2b54d10073c26d181aa7aa2013b1ba0490","hazelcast/src/test/java/com/hazelcast/nio/serialization/PortableTest.java","91","0","3","68","792","1011","0"
"hazelcast","022e75c0c2c16388e0b26f871c622d3d476125a4","hazelcast/src/test/java/com/hazelcast/nio/serialization/PortableTest.java","91","0","3","68","793","1009","1"
"hazelcast","b683793f8f000c7e168932c892f8e93fb936960e","hazelcast/src/test/java/com/hazelcast/test/HazelcastTestSupport.java","91","0","3","95","857","1041","0"
"elasticsearch","3dec916ef2eb2bdff819969cb3419a126244d72a","src/test/java/org/elasticsearch/test/TestCluster.java","91","0","37","10","816","1149","0"
"elasticsearch","2e445d3ede953c90e4e1ce69e5f53192115b9dd7","core/src/test/java/org/elasticsearch/index/engine/InternalEngineTests.java","91","0","4","44","1603","2007","2"
"elasticsearch","3de8cbb54c091d2f39722cc45827510328824e2c","core/src/test/java/org/elasticsearch/index/engine/InternalEngineTests.java","91","0","4","47","1638","2062","2"
"hazelcast","340d72fb3b70ce448f49a1061813a845772f1508","hazelcast/src/main/java/com/hazelcast/map/impl/recordstore/DefaultRecordStore.java","91","0","4","52","772","935","2"
"hazelcast","12081a3f6397f238a8e4566e44ab064cabfced4f","hazelcast/src/main/java/com/hazelcast/map/impl/DefaultRecordStore.java","91","0","4","52","846","1027","1"
"hazelcast","81094d8e16440e027cb3bce269ab5b9fdc350905","hazelcast/src/main/java/com/hazelcast/map/impl/DefaultRecordStore.java","91","0","4","52","846","1028","3"
"hazelcast","99bfe79bdc04b48bc39f70d12a4f6e626037cf41","hazelcast/src/main/java/com/hazelcast/map/impl/DefaultRecordStore.java","91","0","4","52","847","1029","2"
"hazelcast","1577e6203517ea9a356c2fe9ef193cac391f7df1","hazelcast/src/main/java/com/hazelcast/map/impl/recordstore/DefaultRecordStore.java","91","0","4","53","773","936","1"
"hazelcast","e93e8abae808b3615517adffdbf7207c5a04525f","hazelcast/src/main/java/com/hazelcast/map/impl/recordstore/DefaultRecordStore.java","91","0","4","53","778","945","0"
"hazelcast","622210ef4570b00483dd8cf1bc20c11be1cea7bf","hazelcast/src/main/java/com/hazelcast/map/impl/DefaultRecordStore.java","91","0","4","53","851","1033","2"
"hazelcast","40021c746e61cd4f6feae5777f6ea23a492aa4f9","hazelcast/src/main/java/com/hazelcast/map/impl/DefaultRecordStore.java","91","0","4","53","851","1034","3"
"hazelcast","032a5c08b1f497bedc9a79cb83b7e94e3e9f4b07","hazelcast/src/main/java/com/hazelcast/map/impl/DefaultRecordStore.java","91","0","4","53","852","1035","1"
"netty","17e37fdfe6ccd397cee3e41e12975a527f722f6b","transport/src/main/java/io/netty/channel/AbstractChannel.java","91","0","5","34","780","1065","0"
"hazelcast","b2d12fec8083c2514d8331d4f00846a8fe006b5e","hazelcast/src/main/java/com/hazelcast/map/impl/DefaultRecordStore.java","91","0","5","51","852","1028","1"
"elasticsearch","b8e2d12b2319db5d989130e41abc51ac6532b607","core/src/main/java/org/elasticsearch/action/search/SearchPhaseController.java","91","0","6","5","561","712","0"
"elasticsearch","fac2d954e343fd413415e3ead75b93813b2908fc","modules/lang-painless/src/main/java/org/elasticsearch/painless/MethodWriter.java","91","0","8","10","308","403","0"
"elasticsearch","74751759572b5609ff26084e2de098325d5ca64f","modules/lang-painless/src/main/java/org/elasticsearch/painless/MethodWriter.java","91","0","8","10","310","406","1"
"elasticsearch","f35cd0e30ad5463f774a310680fae2c3e7055b86","modules/lang-painless/src/main/java/org/elasticsearch/painless/MethodWriter.java","91","0","8","10","311","407","0"
"elasticsearch","1d02212b1c87a1e296157a526f02be8afd02dd3a","core/src/main/java/org/elasticsearch/index/snapshots/blobstore/BlobStoreIndexShardRepository.java","91","0","9","6","666","973","1"
"netty","256c931db20fbfaf597e501b74a34fd850c7f948","transport/src/main/java/io/netty/channel/DefaultChannelPipeline.java","92","0","0","0","1040","1321","0"
"hazelcast","3084a2b6c7f8d928cb38abde92766db1f17520f9","hazelcast-client/src/main/java/com/hazelcast/client/proxy/ClientMapProxy.java","92","0","0","0","1049","1212","1"
"hazelcast","669af4d95acce86fc25b96a8aaf5ee89a8b29610","hazelcast-client/src/main/java/com/hazelcast/client/proxy/ClientMapProxy.java","92","0","0","0","1088","1258","0"
"hazelcast","2787d1290f74c14e6e2f771f38fd30dba54f966c","hazelcast/src/main/java/com/hazelcast/map/impl/proxy/MapProxySupport.java","92","0","0","0","846","1028","2"
"hazelcast","3eb39a42a761045f8976721da404de894f026dcc","hazelcast/src/main/java/com/hazelcast/map/impl/proxy/MapProxySupport.java","92","0","0","0","847","1029","2"
"hazelcast","4c870c902e197ec5dbb497464f2030130663d6db","hazelcast/src/main/java/com/hazelcast/map/impl/proxy/MapProxySupport.java","92","0","0","0","848","1028","3"
"netty","8a9e602a663c77af2e7e521ca4a9a7f38fc54262","transport/src/main/java/io/netty/channel/DefaultChannelPipeline.java","92","0","0","0","929","1178","1"
"netty","4dd462d0b501d15ec5b1adba2438d9d2a3c106cb","transport/src/main/java/io/netty/channel/DefaultChannelPipeline.java","92","0","0","0","931","1180","0"
"netty","3f72add89a41b3d94309bccb0d253515c0543b65","transport/src/main/java/io/netty/channel/DefaultChannelPipeline.java","92","0","0","0","932","1181","0"
"netty","187efca9aa30b4c74bccd5356dd19b34cbf3f010","transport/src/main/java/io/netty/channel/DefaultChannelPipeline.java","92","0","0","0","966","1242","0"
"elasticsearch","c63626b537955d0309c6613642e990b54efd3cbf","src/test/java/org/elasticsearch/index/store/StoreTest.java","92","0","0","12","616","712","0"
"elasticsearch","4a14c635c8e5fc598bfff92680fe0d6052004a05","src/test/java/org/elasticsearch/index/store/StoreTest.java","92","0","0","12","617","714","1"
"orientdb","eb87fd13a08a35e51b139724421fa7adb04049f3","core/src/test/java/com/orientechnologies/orient/core/storage/cache/local/twoq/ReadWriteDiskCacheTest.java","92","0","0","23","923","1239","1"
"orientdb","a1eed89dcfdc303c846b0d6159189f720c1bade8","core/src/test/java/com/orientechnologies/orient/core/storage/cache/local/twoq/ReadWriteDiskCacheTest.java","92","0","0","23","928","1245","0"
"elasticsearch","d84c643f5880a88d2e5c38b487123161f3e01fe0","core/src/main/java/org/elasticsearch/index/mapper/core/LegacyDateFieldMapper.java","92","0","0","34","518","618","0"
"hazelcast","99f2dd5d8710f0276d0b105ba5c0f19674b6ccdf","hazelcast-client/src/main/java/com/hazelcast/client/proxy/ClientMapProxy.java","92","0","0","70","1045","1207","1"
"hazelcast","669af4d95acce86fc25b96a8aaf5ee89a8b29610","hazelcast-client-new/src/main/java/com/hazelcast/client/proxy/ClientMapProxy.java","92","0","0","77","1088","1258","0"
"hazelcast","317fabec0c90b274c686ba018cc1b465fee244f2","hazelcast-client-new/src/main/java/com/hazelcast/client/proxy/ClientMapProxy.java","92","0","0","80","1188","1411","0"
"hazelcast","c283f04cab711308ed3018d4e448e35b9061e0d2","hazelcast-client-new/src/main/java/com/hazelcast/client/proxy/ClientMapProxy.java","92","0","0","80","1188","1411","0"
"hazelcast","eed2a8c40d592a8e99645faac48f99069eaeaab2","hazelcast-client-new/src/main/java/com/hazelcast/client/proxy/ClientMapProxy.java","92","0","0","80","1188","1411","1"
"BroadleafCommerce","6180c1c8e0d1eddd5d010a04ef4e9695eca39ea0","admin/broadleaf-open-admin-platform/src/main/java/org/broadleafcommerce/openadmin/web/rulebuilder/statement/PhraseTranslator.java","92","0","1","1","300","373","0"
"elasticsearch","698eb7de9b3b0da7ce8ee8f6ac8efcb38947bbdb","src/main/java/org/elasticsearch/action/percolate/MultiPercolateRequest.java","92","0","1","14","314","380","1"
"elasticsearch","3e30fa2089d5454df717431f5d3d7397cf8b90e9","src/main/java/org/elasticsearch/action/percolate/MultiPercolateRequest.java","92","0","1","14","315","381","0"
"ceylon-ide-eclipse","3b302d76ae62a8cde7b1be7d04161e934c77452f","plugins/com.redhat.ceylon.eclipse.ui/src/com/redhat/ceylon/eclipse/core/debug/DebugUtils.java","92","0","1","17","353","404","0"
"orientdb","2a004c4b73a8609cf941b54707f6e23ff7cbea22","core/src/main/java/com/orientechnologies/orient/core/index/hashindex/local/cache/O2QCache.java","92","0","1","17","731","938","0"
"BroadleafCommerce","1483d703ef54771b546489312d66e7112e4a951a","admin/broadleaf-open-admin-platform/src/main/java/org/broadleafcommerce/openadmin/server/service/AdminEntityServiceImpl.java","92","0","1","27","682","858","1"
"elasticsearch","1424f09c02927d9caada7f6ea45285b411d88d12","modules/lang-painless/src/main/java/org/elasticsearch/painless/antlr/Walker.java","92","0","1","51","675","839","0"
"hazelcast","fc0a5b87f58b138fc889e0a01bc2fb36b7fcba09","hazelcast/src/main/java/com/hazelcast/spi/impl/EventServiceImpl.java","92","0","1","54","680","815","0"
"elasticsearch","c5a6ddfdc21949fa54b6f602932387741bc15e7d","core/src/main/java/org/elasticsearch/action/support/replication/TransportReplicationAction.java","92","0","1","6","817","1088","0"
"netty","9939c00541193977b599b4837bc28045f1326f69","transport-native-epoll/src/main/java/io/netty/channel/epoll/EpollSocketChannel.java","92","0","1","7","572","753","0"
"netty","702ebbc19b6c1c7a95e06ba1abd8a62cc48e6907","transport-native-epoll/src/main/java/io/netty/channel/epoll/EpollSocketChannel.java","92","0","1","7","575","758","0"
"netty","4db6c655349df5581332dac5059a67f087756158","transport-native-epoll/src/main/java/io/netty/channel/epoll/EpollSocketChannel.java","92","0","1","7","587","766","0"
"netty","89593a719bee31b54efd7f18734258d0d8a8a423","transport-native-epoll/src/main/java/io/netty/channel/epoll/EpollSocketChannel.java","92","0","1","7","588","767","0"
"MapDB","709d2254c8d194db50984713a3560a5e3bfc8b94","src/main/java/org/mapdb/Volume.java","92","0","10","72","646","907","1"
"elasticsearch","42a7a554b1d279f102a2e0842279bd927bb8e711","core/src/main/java/org/elasticsearch/indices/cluster/IndicesClusterStateService.java","92","0","18","7","566","830","1"
"neo4j","28783f201196c8e95862b4cdee9bf7f2f794c12c","community/bolt/src/main/java/org/neo4j/bolt/v1/packstream/PackStream.java","92","0","2","39","576","730","0"
"neo4j","083224bbfc9dfc2e59c049a9c5eedb758eb1c86e","community/bolt/src/main/java/org/neo4j/bolt/v1/packstream/PackStream.java","92","0","2","39","578","732","1"
"elasticsearch","d2f25416e4a14812d0961ddce0da73bee0b68b27","core/src/main/java/org/elasticsearch/env/NodeEnvironment.java","92","0","24","7","705","1023","1"
"orientdb","1e118bb70cd79f6c0a9146563e487a477ec555e0","graphdb/src/main/java/com/tinkerpop/blueprints/impls/orient/OrientElement.java","92","0","25","10","405","742","0"
"elasticsearch","e7f9d685f1133710e7ec52eea064ea690823472b","core/src/main/java/org/elasticsearch/threadpool/ThreadPool.java","92","0","3","33","753","915","1"
"elasticsearch","0b1a7fc2b84854b5e4e6eef9833eb3000d286d58","core/src/main/java/org/elasticsearch/threadpool/ThreadPool.java","92","0","3","33","754","916","1"
"orientdb","c616d332dd2647efc125b9a2ba8eea505af2cb00","server/src/main/java/com/orientechnologies/orient/server/network/protocol/http/OHttpResponse.java","92","0","3","34","468","604","1"
"orientdb","f29fec1d1bdbcde4cb59132dcdc1546c50513c66","server/src/main/java/com/orientechnologies/orient/server/network/protocol/http/OHttpResponse.java","92","0","3","35","471","608","0"
"orientdb","eda36859b9b033e1c3c6c69dce74c4959ac3439e","core/src/main/java/com/orientechnologies/orient/core/index/OIndexAbstract.java","92","0","3","51","835","1070","1"
"hazelcast","989c6d55969a6ecefc6d240bff3532429c41ca80","hazelcast/src/main/java/com/hazelcast/map/impl/DefaultRecordStore.java","92","0","3","54","856","1034","2"
"hazelcast","8459a01a61a79f15c73e37e9e72923c7f82f17e6","hazelcast/src/main/java/com/hazelcast/config/ConfigXmlGenerator.java","92","0","4","0","687","827","0"
"mcMMO","0c61cc8bdcd8b065f5b7e778270e75881a4a6cf4","src/main/java/com/gmail/nossr50/skills/gathering/Fishing.java","92","0","4","1","362","491","1"
"elasticsearch","c3784326ebbf049256659969fd4fcc4648714455","core/src/test/java/org/elasticsearch/index/shard/IndexShardTests.java","92","0","4","44","1722","2245","2"
"hazelcast","723164a6b7b7d0cf74769986ff6b51d523e566ea","hazelcast/src/test/java/com/hazelcast/query/QueryTest.java","92","0","4","45","1073","1165","1"
"elasticsearch","0a69f1e283e26e5d9e6a000b68b9f4778de557a1","core/src/main/java/org/elasticsearch/index/mapper/FieldMapper.java","92","0","4","46","537","692","2"
"elasticsearch","5a64f08f048461a63a0ca1354a5050c954e63d52","core/src/main/java/org/elasticsearch/index/mapper/FieldMapper.java","92","0","4","46","540","694","0"
"elasticsearch","76fa9023b6378681de34672d2e94227e8b464cfd","core/src/main/java/org/elasticsearch/index/mapper/FieldMapper.java","92","0","4","46","541","694","2"
"hazelcast","1c090ad87906d51892a32c2aa0a32d34002298ec","hazelcast/src/main/java/com/hazelcast/map/impl/recordstore/DefaultRecordStore.java","92","0","4","53","776","944","1"
"hazelcast","42865bc35a873d4ebed9340e68c8cdde486f5017","hazelcast/src/main/java/com/hazelcast/map/impl/recordstore/DefaultRecordStore.java","92","0","4","53","776","944","2"
"hazelcast","6f8acb1bf53477c0a4ff630856eb04331b687809","hazelcast/src/main/java/com/hazelcast/map/impl/recordstore/DefaultRecordStore.java","92","0","4","53","776","944","2"
"hazelcast","f1c6177c38e610efd3c1d9a85be92c1b1d694022","hazelcast/src/main/java/com/hazelcast/map/impl/recordstore/DefaultRecordStore.java","92","0","4","53","776","944","1"
"hazelcast","10efc4f564876813e0cb3468ed6d425394a56aeb","hazelcast/src/main/java/com/hazelcast/map/impl/recordstore/DefaultRecordStore.java","92","0","4","53","776","944","0"
"hazelcast","58dc0723c3eccf3c8a2ee05fff964bd7f048dd58","hazelcast/src/main/java/com/hazelcast/map/impl/recordstore/DefaultRecordStore.java","92","0","4","53","776","944","0"
"hazelcast","b41c380408dfeedc51226f1456016d4c83056f11","hazelcast/src/main/java/com/hazelcast/map/impl/recordstore/DefaultRecordStore.java","92","0","4","53","776","944","0"
"orientdb","7a678522a2d83448543bc75d7360ac0857529727","server/src/main/java/com/orientechnologies/orient/server/distributed/ODistributedResponseManager.java","92","0","5","13","475","665","0"
"orientdb","a56ae91e7d9f772da4288542cee900793c24e5e1","server/src/main/java/com/orientechnologies/orient/server/distributed/ODistributedResponseManager.java","92","0","5","13","476","666","0"
"netty","9175abc451b3573fc62847960a64c771e7a2c723","transport/src/main/java/io/netty/channel/AbstractChannel.java","92","0","5","34","784","1070","2"
"netty","8fb80e91796e8567aca5e2b8244f853f8631217b","transport/src/main/java/io/netty/channel/AbstractChannel.java","92","0","5","34","790","1069","0"
"netty","61327b5871ba9c4ef0c5a0ccab5af1f47264d1be","transport/src/main/java/io/netty/channel/AbstractChannel.java","92","0","5","35","816","1110","1"
"elasticsearch","233c63fc638ffb0d6f54d3e737dbd0cd68dfc182","core/src/test/java/org/elasticsearch/search/fetch/subphase/highlight/HighlighterSearchIT.java","92","0","5","80","2462","3059","2"
"elasticsearch","c8bf7ecaeda5f0670e67b8af1619d78da595fa21","core/src/test/java/org/elasticsearch/search/fetch/subphase/highlight/HighlighterSearchIT.java","92","0","5","80","2467","3068","1"
"hazelcast","c9d117501d9d7e1014b9006bc4b711baa42e0c57","hazelcast/src/main/java/com/hazelcast/config/CacheSimpleConfig.java","92","0","55","39","624","1115","1"
"hazelcast","fea40322d0c618ef203977987e1a28ef55721b77","hazelcast/src/main/java/com/hazelcast/config/CacheSimpleConfig.java","92","0","55","43","674","1169","0"
"elasticsearch","371c73e14023917f3892090d2d3d7ff9ac1216b9","core/src/main/java/org/elasticsearch/index/snapshots/blobstore/BlobStoreIndexShardRepository.java","92","0","6","6","669","955","4"
"mcMMO","3365da7f8d35a2f9341a8f98e6a89f6836da581b","src/main/java/com/gmail/nossr50/listeners/BlockListener.java","92","0","7","2","240","353","1"
"elasticsearch","5a08e36f9cec26c0b9cbc67c8b8f0a07a6c16b17","modules/lang-painless/src/main/java/org/elasticsearch/painless/MethodWriter.java","92","0","8","10","312","408","1"
"orientdb","29d9c9c149f32a2a93865952498f2baf9b3e1f57","core/src/main/java/com/orientechnologies/orient/core/Orient.java","92","0","8","52","732","991","1"
"orientdb","65f086eb452cac1fc83cfac710303c5b020d0697","core/src/main/java/com/orientechnologies/orient/core/Orient.java","92","0","8","54","737","998","0"
"elasticsearch","04631d6948f7e2311bc9041d2f1c83c093051b74","core/src/main/java/org/elasticsearch/index/snapshots/blobstore/BlobStoreIndexShardRepository.java","92","0","9","6","670","978","2"
"elasticsearch","2a9f26dfdcc1b485645adcc4c7ac05c5e0adb80e","core/src/main/java/org/elasticsearch/index/snapshots/blobstore/BlobStoreIndexShardRepository.java","92","0","9","6","672","980","1"
"hazelcast","317fabec0c90b274c686ba018cc1b465fee244f2","hazelcast-client/src/main/java/com/hazelcast/client/proxy/ClientMapProxy.java","93","0","0","0","1123","1301","0"
"hazelcast","0fd41c008d747b13c9eb8897eab8e2ba6808d759","hazelcast/src/main/java/com/hazelcast/map/impl/proxy/MapProxySupport.java","93","0","0","0","855","1044","2"
"hazelcast","b517d0b2cec4ddff35236dc28de0b2f37a2f7148","hazelcast/src/main/java/com/hazelcast/map/impl/proxy/MapProxySupport.java","93","0","0","0","855","1048","2"
"hazelcast","7080d066a80155a8a0f44cab8ca1409743b6f7ee","hazelcast/src/main/java/com/hazelcast/map/impl/proxy/MapProxySupport.java","93","0","0","0","856","1049","1"
"hazelcast","1e49fcaebd189049ba01c3d385f4bccb21195f5d","hazelcast/src/main/java/com/hazelcast/map/impl/proxy/MapProxySupport.java","93","0","0","0","857","1050","1"
"hazelcast","1c090ad87906d51892a32c2aa0a32d34002298ec","hazelcast/src/main/java/com/hazelcast/map/impl/proxy/MapProxySupport.java","93","0","0","0","858","1052","1"
"elasticsearch","459d59a04ad4eb1671bac50a6faf3a7ad372d0e4","src/main/java/org/elasticsearch/search/suggest/phrase/PhraseSuggestParser.java","93","0","0","4","264","307","1"
"hazelcast","bae6535651931084f31f10b3db73b95540540474","hazelcast/src/main/java/com/hazelcast/internal/cluster/impl/ClusterServiceImpl.java","93","0","0","49","839","1018","0"
"hazelcast","49d70060a7b54249744c4d990d8125c3b7431b06","hazelcast-client/src/main/java/com/hazelcast/client/proxy/ClientMapProxy.java","93","0","0","70","1034","1184","1"
"hazelcast","e61fb5c3d86ca028d6e3e49a1abcb8e55a938cef","hazelcast-client/src/main/java/com/hazelcast/client/proxy/ClientMapProxy.java","93","0","0","70","1035","1185","0"
"BroadleafCommerce","8f3dad0274cf435ba0187e52c6864a245ca03e11","admin/broadleaf-open-admin-platform/src/main/java/org/broadleafcommerce/openadmin/web/rulebuilder/statement/PhraseTranslator.java","93","0","1","1","298","363","0"
"orientdb","59ff9e59e206fdb92afde6cab8713e98a723877a","etl/src/main/java/com/orientechnologies/orient/etl/loader/OOrientDBLoader.java","93","0","1","11","413","530","0"
"orientdb","7442819d56ad5922f025e9a82418c2286bbd4c08","etl/src/main/java/com/orientechnologies/orient/etl/loader/OOrientDBLoader.java","93","0","1","11","413","530","0"
"orientdb","67a525ee2667907cb7ad9b16a4421e07dc8600b2","etl/src/main/java/com/orientechnologies/orient/etl/loader/OOrientDBLoader.java","93","0","1","11","413","530","2"
"orientdb","80e2550436da767ebf8944339a885037569a8271","core/src/main/java/com/orientechnologies/orient/core/index/hashindex/local/cache/O2QCache.java","93","0","1","17","742","953","0"
"hazelcast","bab7f1c1ba3f3d6d5cbd04e858e99a3955bfe7b9","hazelcast-client/src/main/java/com/hazelcast/client/connection/nio/ClientConnectionManagerImpl.java","93","0","1","18","750","906","0"
"hazelcast","059e863eb7de6e9f9d4c5a747bdb4690a6c95257","hazelcast-client/src/main/java/com/hazelcast/client/connection/nio/ClientConnectionManagerImpl.java","93","0","1","18","751","907","1"
"hazelcast","2a8c619aa2ef11dc8700117a562e641cbc6d0e59","hazelcast-client/src/main/java/com/hazelcast/client/connection/nio/ClientConnectionManagerImpl.java","93","0","1","18","755","906","1"
"elasticsearch","3c233347b88cfcca594924bbbe3ff1b724831196","modules/elasticsearch/src/main/java/org/elasticsearch/indices/cluster/IndicesClusterStateService.java","93","0","1","2","482","597","0"
"BroadleafCommerce","89e19e1d026dfd30ee9dac589623f2aecf05efee","admin/broadleaf-open-admin-platform/src/main/java/org/broadleafcommerce/openadmin/server/service/AdminEntityServiceImpl.java","93","0","1","26","683","857","7"
"BroadleafCommerce","94bc39fc80d09c9326de5a1d51ce2bfae7b05146","admin/broadleaf-open-admin-platform/src/main/java/org/broadleafcommerce/openadmin/server/service/AdminEntityServiceImpl.java","93","0","1","26","683","858","7"
"BroadleafCommerce","6d0bcb2414cc6cc3c7f0477dc197ef425dac623d","admin/broadleaf-open-admin-platform/src/main/java/org/broadleafcommerce/openadmin/server/service/AdminEntityServiceImpl.java","93","0","1","27","688","864","2"
"neo4j","2d797dc6d7d210dc1e693e00e2515f53f3c80ccf","community/io/src/test/java/org/neo4j/graphdb/mockfs/EphemeralFileSystemAbstraction.java","93","0","1","32","1177","1385","1"
"neo4j","68aaaadcde195ca43c9aa6373de935aace3d87e8","community/io/src/test/java/org/neo4j/graphdb/mockfs/EphemeralFileSystemAbstraction.java","93","0","1","33","1183","1392","0"
"hazelcast","e9f379741c66151866a210a2e7c0bd78b2bb4455","hazelcast/src/main/java/com/hazelcast/spi/impl/EventServiceImpl.java","93","0","1","54","689","825","0"
"elasticsearch","17906ca7d615dc4c72cb5cc403f2d561dc1f2ff3","core/src/main/java/org/elasticsearch/action/support/replication/TransportReplicationAction.java","93","0","1","6","825","1093","1"
"elasticsearch","312eb2b8b61ae57dae386f529b9457c89ffb7de4","src/main/java/org/elasticsearch/plugins/PluginManager.java","93","0","1","8","473","614","1"
"elasticsearch","2bd09c4625898d77aa6c015c6f82cf973ed18cb7","core/src/main/java/org/elasticsearch/action/support/replication/TransportReplicationAction.java","93","0","1","8","939","1241","0"
"orientdb","984c71715a77135a3a3b46473e9b6f816f78fb60","etl/src/main/java/com/orientechnologies/orient/etl/loader/OOrientDBLoader.java","93","0","1","9","409","522","0"
"BroadleafCommerce","be82be502a3deed449b9965d9b5b57198599582d","core/broadleaf-framework/src/main/java/org/broadleafcommerce/core/catalog/domain/CategoryImpl.java","93","0","1","93","1008","1190","6"
"BroadleafCommerce","df3e09f720000ecc9c45bf8da4de764abb4d08c1","core/broadleaf-framework/src/main/java/org/broadleafcommerce/core/catalog/domain/CategoryImpl.java","93","0","1","93","986","1167","7"
"BroadleafCommerce","19d135106f21b86906e49d093a221fcbef7850b6","core/broadleaf-framework/src/main/java/org/broadleafcommerce/core/catalog/domain/CategoryImpl.java","93","0","1","93","987","1168","6"
"netty","3aaf7cf82bb9443e4a5a60f5cea8dc7da0f49762","handler/src/main/java/io/netty/handler/ssl/SslHandler.java","93","0","10","12","604","927","0"
"MapDB","7f72ff0132a8572a4daf50364f2b98d60afd6c05","src/main/java/org/mapdb/Volume.java","93","0","10","72","648","905","1"
"elasticsearch","38ec5084a5777964a676e3728b089510b3ed8ec8","src/main/java/org/elasticsearch/action/percolate/MultiPercolateRequest.java","93","0","12","4","325","435","0"
"elasticsearch","80fe8d1f722ac922d30ae19b7732ba2b6fa7252b","src/main/java/org/elasticsearch/action/percolate/MultiPercolateRequest.java","93","0","12","4","329","440","0"
"elasticsearch","0ff30ade69404af2830c343f3b7052aeb6f77c8f","src/main/java/org/elasticsearch/search/suggest/context/GeolocationContextMapping.java","93","0","14","8","465","696","0"
"mcMMO","4aeda6e9e810f3c86f88976926d8055c00a53654","src/main/java/com/gmail/nossr50/util/BlockUtils.java","93","0","15","2","205","336","2"
"mcMMO","8dfa8c20f32e391c3d299abc51514a6601ed6e80","src/main/java/com/gmail/nossr50/util/Skills.java","93","0","17","1","321","516","4"
"elasticsearch","cde83e363aac2195c2dc0f81bbe348bcfe8b4152","modules/lang-painless/src/main/java/org/elasticsearch/painless/MethodWriter.java","93","0","2","10","275","338","1"
"orientdb","ef9d212668f6f8bdf228c80d56fd4f205603f855","core/src/main/java/com/orientechnologies/orient/core/sql/OSQLHelper.java","93","0","2","10","282","404","0"
"netty","2304913341ef3f239e5509a46921a5c65bbbe360","transport/src/main/java/io/netty/channel/DefaultChannelPipeline.java","93","0","2","27","685","837","2"
"elasticsearch","31ecf1db98ba9822ca5eccd23dc3a09a06e91818","src/main/java/org/elasticsearch/search/controller/SearchPhaseController.java","93","0","2","9","443","547","1"
"elasticsearch","e2a2f13f174ab353e731f6ec3cc55f67451e0cc7","src/main/java/org/elasticsearch/search/controller/SearchPhaseController.java","93","0","2","9","443","547","1"
"elasticsearch","04c16b7ba5658c928b9bdd7201ef41ab151540ae","src/main/java/org/elasticsearch/search/controller/SearchPhaseController.java","93","0","2","9","443","547","0"
"elasticsearch","5a4a47332c5a9a21531eb29c3ab4fd264e7fcf36","core/src/main/java/org/elasticsearch/indices/IndicesService.java","93","0","20","14","905","1258","1"
"elasticsearch","371c73e14023917f3892090d2d3d7ff9ac1216b9","core/src/main/java/org/elasticsearch/indices/IndicesService.java","93","0","21","9","822","1132","4"
"elasticsearch","0d570352ddd07478c5744856e3b33b23d00cdff5","core/src/main/java/org/elasticsearch/indices/IndicesService.java","93","0","21","9","823","1133","0"
"elasticsearch","6174e21f47244b6d5153d7d0cc1fe28fe863399d","core/src/main/java/org/elasticsearch/search/suggest/phrase/PhraseSuggestionBuilder.java","93","0","29","8","538","737","1"
"elasticsearch","3aed047bdedde1bda189cbfc2f81e65af42e57c5","core/src/main/java/org/elasticsearch/search/suggest/phrase/PhraseSuggestionBuilder.java","93","0","29","8","540","739","0"
"netty","3482651e0c29edfa02f189751c704ebe4fe8f54c","codec-http2/src/main/java/io/netty/handler/codec/http2/DefaultHttp2Connection.java","93","0","3","16","760","1031","0"
"elasticsearch","5a64f08f048461a63a0ca1354a5050c954e63d52","core/src/test/java/org/elasticsearch/index/engine/InternalEngineTests.java","93","0","3","45","1601","1993","0"
"elasticsearch","0a69f1e283e26e5d9e6a000b68b9f4778de557a1","core/src/test/java/org/elasticsearch/index/engine/InternalEngineTests.java","93","0","3","45","1602","1994","2"
"elasticsearch","14d37baa4bcbae00896d8aa69f6b52aab7ba5e14","core/src/test/java/org/elasticsearch/index/engine/InternalEngineTests.java","93","0","3","46","1620","2019","1"
"elasticsearch","52c283cdeed8c7cc1974d010348f1b240e069131","core/src/test/java/org/elasticsearch/index/engine/InternalEngineTests.java","93","0","3","46","1620","2019","1"
"elasticsearch","b4300da8165694ca9dcfb35fa7c2b9d34793326a","core/src/test/java/org/elasticsearch/index/engine/InternalEngineTests.java","93","0","3","46","1620","2019","0"
"hazelcast","f5df32aafc9524e30a5b4466bc5d3a65ef6f6310","hazelcast/src/main/java/com/hazelcast/map/impl/DefaultRecordStore.java","93","0","3","55","876","1057","5"
"orientdb","731545a32e96d61ede50300ab6b8dd1166de7431","core/src/main/java/com/orientechnologies/orient/core/config/OStorageConfiguration.java","93","0","3","73","753","1029","0"
"elasticsearch","817d55cf938f028823a330d3291df845894ec126","core/src/main/java/org/elasticsearch/index/translog/Translog.java","93","0","35","59","983","1379","0"
"elasticsearch","a530399ae5f78cc335c704f1a5583a3d861bfcc6","core/src/main/java/org/elasticsearch/index/translog/Translog.java","93","0","35","59","986","1382","2"
"elasticsearch","3f06d9f3b8516bb30a2890a36c2973f08f9c6076","modules/lang-painless/src/main/java/org/elasticsearch/painless/MethodWriter.java","93","0","4","10","288","366","0"
"elasticsearch","3015eb3088c93b6833e2ec19a866fc1904b04eaf","core/src/main/java/org/elasticsearch/index/mapper/FieldMapper.java","93","0","4","46","543","696","1"
"hazelcast","ee5e7f4ba7a707428cb92093834717d1c377bb53","hazelcast/src/main/java/com/hazelcast/map/impl/recordstore/DefaultRecordStore.java","93","0","4","52","780","944","1"
"hazelcast","f1d489e76352bdf6a0bf92399a55403af312b467","hazelcast/src/main/java/com/hazelcast/map/impl/DefaultRecordStore.java","93","0","4","52","855","1038","4"
"hazelcast","6ac727db661eb934e5608e28e8a3603e7300d710","hazelcast/src/main/java/com/hazelcast/map/impl/recordstore/DefaultRecordStore.java","93","0","4","53","786","956","0"
"netty","f755e584638e20a4ae62466dd4b7a14954650348","codec/src/main/java/io/netty/handler/codec/DefaultHeaders.java","93","0","5","102","830","1058","0"
"orientdb","0e868f07cc1b57e059f5c0b6eb9f32f5475fce81","server/src/main/java/com/orientechnologies/orient/server/distributed/ODistributedResponseManager.java","93","0","5","13","482","674","0"
"orientdb","5113bd12218f94df3532e814a9a3e0f3675ea692","server/src/main/java/com/orientechnologies/orient/server/distributed/ODistributedResponseManager.java","93","0","5","13","482","674","0"
"orientdb","3b414feb4ea5748d789dad66c6f647ecc8960054","server/src/main/java/com/orientechnologies/orient/server/distributed/ODistributedResponseManager.java","93","0","5","13","482","674","1"
"orientdb","a2f1c9220aaa0be07af6ef9d27ba4a1df70aae15","server/src/main/java/com/orientechnologies/orient/server/distributed/ODistributedResponseManager.java","93","0","5","13","484","677","1"
"netty","a980638190c055a596145ec2a6963fa8cd30126a","transport/src/main/java/io/netty/channel/AbstractChannel.java","93","0","5","34","792","1072","1"
"netty","6646db171ecc66b33ea81548b05e7434e27d212b","transport/src/main/java/io/netty/channel/AbstractChannel.java","93","0","5","35","820","1114","0"
"hazelcast","ee487ab0afc82ccec0c923237e282daef9b91c39","hazelcast/src/test/java/com/hazelcast/map/QueryTest.java","93","0","5","44","1159","1257","0"
"elasticsearch","eeac4b9721d42ad133996c07e812035ca767cb22","core/src/test/java/org/elasticsearch/search/fetch/subphase/highlight/HighlighterSearchIT.java","93","0","5","80","2480","3082","0"
"netty","7d7b676eebc74bf8e4768448c8dda9456c3e765c","buffer/src/main/java/io/netty/buffer/Unpooled.java","93","0","50","0","495","880","0"
"elasticsearch","b665d8a18752aa3000c1a451472f5dec040eedcf","modules/lang-painless/src/main/java/org/elasticsearch/painless/MethodWriter.java","93","0","6","11","305","390","1"
"elasticsearch","148265bd164cd5a614cd020fb480d5974f523d81","core/src/main/java/org/elasticsearch/index/snapshots/blobstore/BlobStoreIndexShardRepository.java","93","0","6","6","654","939","1"
"elasticsearch","03a4e226f15f82765b37ea6398f7c71e2fba8e1f","core/src/main/java/org/elasticsearch/index/snapshots/blobstore/BlobStoreIndexShardRepository.java","93","0","6","6","660","947","1"
"elasticsearch","cdb00371da85c1bb00750dcaead33e2753d01cd7","core/src/main/java/org/elasticsearch/index/snapshots/blobstore/BlobStoreIndexShardRepository.java","93","0","6","6","660","948","0"
"hazelcast","0227e9bac367ad91b92652600947f213a89b8bf2","hazelcast/src/main/java/com/hazelcast/internal/cluster/impl/ClusterJoinManager.java","93","0","7","1","576","782","0"
"elasticsearch","a5f90dd2f1ab6241890413ec9ecf5adac28c6542","modules/lang-painless/src/main/java/org/elasticsearch/painless/MethodWriter.java","93","0","7","10","307","395","0"
"mcMMO","b8e937a2342a0a51ec1d27b4da5f17e6c2fa1618","src/main/java/com/gmail/nossr50/listeners/BlockListener.java","93","0","7","2","245","358","0"
"hazelcast","b777381e2f8cfc3d8bcde3a87c5cc9993e31d4a2","hazelcast-client/src/main/java/com/hazelcast/client/proxy/ClientMapProxy.java","94","0","0","0","1128","1307","1"
"titan","61a915a6afd480c126ad2e5747f3d4c310b2299b","titan-core/src/main/java/com/thinkaurelius/titan/graphdb/query/AbstractVertexCentricQueryBuilder.java","94","0","0","0","360","457","0"
"hazelcast","036e32b99d339a285a253a359c80f7f0a1c4e5a1","hazelcast/src/main/java/com/hazelcast/map/proxy/MapProxySupport.java","94","0","0","0","669","759","0"
"hazelcast","6ac727db661eb934e5608e28e8a3603e7300d710","hazelcast/src/main/java/com/hazelcast/map/impl/proxy/MapProxySupport.java","94","0","0","0","870","1068","0"
"elasticsearch","0eb3402795b8a854b52423aae7fd7b0bbbcde17a","src/test/java/org/elasticsearch/index/store/StoreTest.java","94","0","0","12","623","716","0"
"elasticsearch","ca6555ba67073b8d4cb9808a59aff1ebaf860ba1","src/test/java/org/elasticsearch/index/store/StoreTest.java","94","0","0","12","623","716","0"
"elasticsearch","f47fb6b1cfdc115ebe5b05ca422e60faa4502fd3","src/test/java/org/elasticsearch/index/store/StoreTest.java","94","0","0","12","623","716","1"
"elasticsearch","2f8def11b5109eb80b47422a200bf7b7e07c8467","plugins/analysis-icu/src/main/java/org/elasticsearch/index/mapper/ICUCollationKeywordFieldMapper.java","94","0","0","50","610","747","2"
"hazelcast","58e4782c607905ce452f830bd68a2412a9e1961e","hazelcast-client-new/src/main/java/com/hazelcast/client/proxy/ClientMapProxy.java","94","0","0","79","1205","1423","1"
"hazelcast","820f4b2d5e993cbc48c7f14e06f7588591085461","hazelcast-client-new/src/main/java/com/hazelcast/client/proxy/ClientMapProxy.java","94","0","0","79","1207","1426","1"
"elasticsearch","19a6cb246ee059e9545e49c7943ddd991feb4677","src/main/java/org/elasticsearch/action/support/replication/TransportShardReplicationOperationAction.java","94","0","1","0","825","1093","0"
"orientdb","ac6ba2add76a1f3d3aaa40429729ec87cfad1e1b","core/src/main/java/com/orientechnologies/orient/core/index/hashindex/local/cache/O2QCache.java","94","0","1","17","759","969","1"
"BroadleafCommerce","6ef5eab7e272fc2b72a9022a0c178d830fc707fc","admin/broadleaf-open-admin-platform/src/main/java/org/broadleafcommerce/openadmin/server/service/AdminEntityServiceImpl.java","94","0","1","26","685","860","7"
"BroadleafCommerce","e216da5ebb303680f5c60ffcd75979f5876ab5a6","admin/broadleaf-open-admin-platform/src/main/java/org/broadleafcommerce/openadmin/server/service/AdminEntityServiceImpl.java","94","0","1","28","706","883","0"
"BroadleafCommerce","0b82dddef8d8a719cf608eae326d394cb23b6218","core/broadleaf-framework/src/main/java/org/broadleafcommerce/core/order/service/OrderServiceImpl.java","94","0","1","38","622","774","1"
"elasticsearch","a6510f924520d8cdda2636ac85a1a1e43f6dfb8c","src/main/java/org/elasticsearch/gateway/local/state/meta/LocalGatewayMetaState.java","94","0","1","4","533","653","0"
"netty","af625f2274a401c7fc1f5acca7a1bb8e69513b16","transport-native-epoll/src/main/java/io/netty/channel/epoll/EpollSocketChannel.java","94","0","1","7","583","766","0"
"netty","d5b7c131dd4de9a1a28e0791746680503fc29907","transport-native-epoll/src/main/java/io/netty/channel/epoll/EpollSocketChannel.java","94","0","1","7","587","767","1"
"elasticsearch","371c73e14023917f3892090d2d3d7ff9ac1216b9","core/src/main/java/org/elasticsearch/cluster/metadata/IndexMetaData.java","94","0","14","69","929","1179","3"
"elasticsearch","78574d248cf10dad1c5a566fda79e1e0c94afe43","core/src/main/java/org/elasticsearch/cluster/metadata/IndexMetaData.java","94","0","14","69","929","1179","2"
"elasticsearch","e6aaaf11ed4a1b8f595f920de1840938eddb7a97","core/src/main/java/org/elasticsearch/cluster/metadata/IndexMetaData.java","94","0","14","69","929","1179","2"
"elasticsearch","a60b8948ba1d836a6eac7cff095519e618939ed8","core/src/main/java/org/elasticsearch/cluster/metadata/IndexMetaData.java","94","0","14","69","929","1179","0"
"elasticsearch","5fbb4f70433fa7a0d443b98e376c4c7ac7512c23","modules/elasticsearch/src/main/java/org/elasticsearch/index/mapper/MapperService.java","94","0","15","15","490","657","0"
"netty","4158152b24c1e20cc9d024486a6bc6a0ee336a92","transport/src/main/java/io/netty/channel/DefaultChannelPipeline.java","94","0","2","28","697","852","0"
"elasticsearch","01e8eaf181148d1ae5239800b5d71bd38c0c2896","src/main/java/org/elasticsearch/common/joda/Joda.java","94","0","2","5","195","247","0"
"elasticsearch","f2eeceb10dab1a7ebe736dfd32333bd0886e43d8","core/src/main/java/org/elasticsearch/indices/IndicesService.java","94","0","20","14","914","1273","0"
"elasticsearch","0a8afa2e7269ddbec3755b8f10033e93f55149c2","core/src/main/java/org/elasticsearch/indices/IndicesService.java","94","0","22","9","834","1149","3"
"elasticsearch","a60b8948ba1d836a6eac7cff095519e618939ed8","core/src/main/java/org/elasticsearch/indices/IndicesService.java","94","0","22","9","850","1165","0"
"hazelcast","cd7d0fa0be12a677132a01f2c83f10432abc1972","hazelcast/src/test/java/com/hazelcast/nio/serialization/PortableTest.java","94","0","3","69","892","1135","0"
"elasticsearch","4902dd1da63eec3797d72831b768b9dc2032e76f","src/test/java/org/elasticsearch/test/TestCluster.java","94","0","37","10","826","1159","0"
"hazelcast","e44e5edad26e94aacfe4dd86366375aaef7e009b","hazelcast/src/main/java/com/hazelcast/config/ConfigXmlGenerator.java","94","0","4","0","696","839","1"
"elasticsearch","ab1636d54790182f9f2a58ffaada9970c1818440","core/src/test/java/org/elasticsearch/index/shard/IndexShardTests.java","94","0","4","45","1759","2288","0"
"elasticsearch","0ce66b4d70dce79b83c36f7048d93fc4c3ea61f9","core/src/test/java/org/elasticsearch/index/engine/InternalEngineTests.java","94","0","4","48","1667","2093","2"
"netty","ae163d687da1819cc56292c6714860a439dfd54b","buffer/src/main/java/io/netty/buffer/Unpooled.java","94","0","48","0","489","866","0"
"netty","8c90d602d7f02ae36f1e93714006c1af0bcfbb87","buffer/src/main/java/io/netty/buffer/Unpooled.java","94","0","48","0","495","868","1"
"netty","f585806a746cf78c4d07b9efd1ba45e761215384","buffer/src/main/java/io/netty/buffer/Unpooled.java","94","0","48","0","496","884","1"
"netty","3b72ee0fd02d89c23e53611a6a01f7840dd30283","transport/src/main/java/io/netty/channel/nio/NioEventLoop.java","94","0","5","0","516","736","1"
"elasticsearch","0ea58cacfd87b37cd70b360cdb0e6c3c603fe8df","src/main/java/org/elasticsearch/index/shard/service/InternalIndexShard.java","94","0","5","43","695","846","1"
"elasticsearch","3274e7ea6fd74073c30e5194c3447b1707e8b708","src/main/java/org/elasticsearch/search/internal/InternalSearchHit.java","94","0","5","50","613","735","1"
"netty","c71dc9d4b67bb8486caeb2fb4fbfcf8f094c7291","buffer/src/main/java/io/netty/buffer/Unpooled.java","94","0","50","0","499","884","0"
"elasticsearch","a60b8948ba1d836a6eac7cff095519e618939ed8","core/src/main/java/org/elasticsearch/index/IndexService.java","94","0","6","24","751","927","0"
"hazelcast","8de76bc2fee2580bf033f6bafc6642d493113cac","hazelcast/src/main/java/com/hazelcast/internal/cluster/impl/ClusterJoinManager.java","94","0","7","1","581","788","1"
"titan","5f904d746f517fc714368c0258df4fd545e3829f","titan-core/src/main/java/com/thinkaurelius/titan/graphdb/query/AbstractVertexCentricQueryBuilder.java","95","0","0","0","356","454","0"
"netty","137525d4c5207b2ee8ab416dc4a2546de8c6c50a","transport/src/main/java/io/netty/channel/DefaultChannelHandlerContext.java","95","0","0","0","687","797","0"
"orientdb","9a3b8bba6a3a354ea9ceac8be37b8eaa35d8ccfd","core/src/main/java/com/orientechnologies/common/console/OConsoleApplication.java","95","0","0","10","410","540","1"
"elasticsearch","c09af6df618f1eb615f7445d8ccf064c68b6be8d","src/test/java/org/elasticsearch/index/store/StoreTest.java","95","0","0","12","630","726","0"
"elasticsearch","57c0d29114b60f74e43ceb0914c26d490b61a265","src/main/java/org/elasticsearch/search/suggest/phrase/PhraseSuggestParser.java","95","0","0","4","271","315","0"
"elasticsearch","557d2b1eef04d18a0bb511efc98b0032d83c87a6","plugins/analysis-icu/src/main/java/org/elasticsearch/index/mapper/ICUCollationKeywordFieldMapper.java","95","0","0","50","619","756","1"
"elasticsearch","e89d9400c94f5bff8dd9828980a7fcaeec1c28ee","plugins/analysis-icu/src/main/java/org/elasticsearch/index/mapper/ICUCollationKeywordFieldMapper.java","95","0","0","50","619","756","1"
"elasticsearch","e00366ba950dd73964d2a5a68ab4b1dfe2c6331f","plugins/analysis-icu/src/main/java/org/elasticsearch/index/mapper/ICUCollationKeywordFieldMapper.java","95","0","0","50","619","756","0"
"neo4j","435e87d04ec8909050260ed23b015f8e13f44cb1","community/import-tool/src/test/java/org/neo4j/tooling/ImportToolTest.java","95","0","0","57","1797","2282","1"
"neo4j","545b32b7a2a525b77854e0f2772ec9bdbdc8c101","community/import-tool/src/test/java/org/neo4j/tooling/ImportToolTest.java","95","0","0","59","1840","2335","0"
"neo4j","b485717961d135d2b10afa59ee8a9ffd1fbce22b","community/import-tool/src/test/java/org/neo4j/tooling/ImportToolTest.java","95","0","0","59","1841","2336","1"
"elasticsearch","d44bed5f483779d9b1d148d6637d943312d68c5a","src/main/java/org/elasticsearch/discovery/zen/ZenDiscovery.java","95","0","1","10","800","1021","3"
"elasticsearch","3ffd0a1dfa2ff6231fe9ecca7d63dbd574fd5740","src/main/java/org/elasticsearch/search/SearchService.java","95","0","1","13","767","888","1"
"elasticsearch","22b13f54494ae2d992eda110f573566043ea5e24","src/main/java/org/elasticsearch/search/SearchService.java","95","0","1","13","773","895","0"
"BroadleafCommerce","30c8043528f2d53948d56a0e9650c9bd1d45ca09","core/broadleaf-framework/src/main/java/org/broadleafcommerce/core/order/service/OrderServiceImpl.java","95","0","1","37","605","752","2"
"BroadleafCommerce","0aa224ccf0f5db1c7ba1f2e31bd91aa917b59ee6","admin/broadleaf-open-admin-platform/src/main/java/org/broadleafcommerce/openadmin/server/dao/provider/metadata/DefaultFieldMetadataProvider.java","95","0","1","4","463","496","1"
"BroadleafCommerce","215fff018a954db0251ba54cd1e993f8bc5cbd36","admin/broadleaf-open-admin-platform/src/main/java/org/broadleafcommerce/openadmin/server/dao/provider/metadata/DefaultFieldMetadataProvider.java","95","0","1","4","463","499","0"
"MapDB","0ddada1d67318d1e9f1909def232521f06359891","src/test/java/org/mapdb/HTreeMap2Test.java","95","0","1","43","854","1160","0"
"netty","869687bd711e1358367203526128d9a2ad90663a","transport-native-epoll/src/main/java/io/netty/channel/epoll/EpollSocketChannel.java","95","0","1","7","586","769","0"
"netty","061d5bc261f8167f5a4716e4d100261ed17a6cf6","transport-native-epoll/src/main/java/io/netty/channel/epoll/EpollSocketChannel.java","95","0","1","7","587","770","0"
"elasticsearch","dcd2bbd9a96a30b8759f47c5e62e092b8aa86e04","modules/elasticsearch/src/main/java/org/elasticsearch/index/mapper/MapperService.java","95","0","15","15","493","660","0"
"mcMMO","93548317293e2c6c5195544b99d4ce7d900abea1","src/main/java/com/gmail/nossr50/util/Skills.java","95","0","17","1","325","522","0"
"netty","08748344d852a07011be6e74bb5ddc6dcf221c45","codec-http/src/main/java/io/netty/handler/codec/http/multipart/HttpPostRequestEncoder.java","95","0","18","9","800","1347","0"
"netty","6492cb98b2e40df4a93a12aef21d5bc89dc8aadb","transport/src/main/java/io/netty/channel/DefaultChannelPipeline.java","95","0","2","65","1103","1421","1"
"netty","29fdb160f33776c76f0b46aada48a9c9f3babcbf","transport/src/main/java/io/netty/channel/DefaultChannelPipeline.java","95","0","2","65","1111","1429","0"
"elasticsearch","d5b95e3e8aae42c9548b11bdcb58ac6a3620f9c1","src/main/java/org/elasticsearch/search/controller/SearchPhaseController.java","95","0","2","9","448","555","0"
"elasticsearch","6a8ef0ea74eee0c10799d4209db3ac3fb754bb0b","core/src/main/java/org/elasticsearch/cluster/service/ClusterService.java","95","0","23","10","932","1325","0"
"elasticsearch","d746e14cf3f6d9b25a2c6018eedca249555cf44b","src/main/java/org/elasticsearch/snapshots/RestoreService.java","95","0","23","5","664","995","1"
"elasticsearch","9745808c3f199218a42a7e37d5c3120ab5d700aa","src/main/java/org/elasticsearch/snapshots/RestoreService.java","95","0","23","5","665","996","0"
"BroadleafCommerce","2839551dd159895c13154d3cd655ee37f4445222","admin/broadleaf-open-admin-platform/src/main/java/org/broadleafcommerce/openadmin/web/controller/entity/AdminBasicEntityController.java","95","0","23","6","1051","1700","4"
"BroadleafCommerce","a0b4fcff57a8213f875366ebbdebe2fcba6ed2e7","admin/broadleaf-open-admin-platform/src/main/java/org/broadleafcommerce/openadmin/web/controller/entity/AdminBasicEntityController.java","95","0","23","6","1054","1701","3"
"netty","5c05629da1bc9022a053a7dce697a1b33b81bfd4","buffer/src/main/java/io/netty/buffer/ByteBufUtil.java","95","0","28","0","677","963","2"
"netty","9125060752f5124949e55a6868647c75f88cdb01","handler/src/main/java/io/netty/handler/ssl/OpenSslEngine.java","95","0","3","24","637","868","0"
"hazelcast","5501c5462a0d76d6b1a429ed4b767f8ec10b515a","hazelcast/src/main/java/com/hazelcast/map/impl/DefaultRecordStore.java","95","0","3","55","884","1065","6"
"elasticsearch","9080f51340b1b26f8bd171b4c82de8d87ad42b55","core/src/main/java/org/elasticsearch/index/mapper/core/TypeParsers.java","95","0","3","9","382","450","1"
"elasticsearch","d84c643f5880a88d2e5c38b487123161f3e01fe0","core/src/main/java/org/elasticsearch/index/mapper/core/TypeParsers.java","95","0","3","9","383","451","0"
"elasticsearch","a2e82adc6ff32fb6a81febacc2f481aae528a162","core/src/main/java/org/elasticsearch/search/aggregations/metrics/tophits/TopHitsAggregationBuilder.java","95","0","32","6","513","723","2"
"elasticsearch","fbe27664a65ca7ab5b7dbe1c328ab27423e4313c","core/src/main/java/org/elasticsearch/search/aggregations/metrics/tophits/TopHitsAggregationBuilder.java","95","0","32","6","513","723","2"
"elasticsearch","1764ec56b38ce87f516efdf93bb4ab56e9dd829b","core/src/main/java/org/elasticsearch/search/aggregations/metrics/tophits/TopHitsAggregationBuilder.java","95","0","32","6","513","723","0"
"elasticsearch","620536f85038d68522103d9cd91e4f3377773feb","core/src/test/java/org/elasticsearch/index/shard/IndexShardTests.java","95","0","4","45","1767","2296","1"
"hazelcast","ba89356ddfbbbc1cd3f4231547371bbd9ed2867b","hazelcast/src/test/java/com/hazelcast/query/QueryTest.java","95","0","4","46","1098","1195","1"
"elasticsearch","e11cbed5348cdeac30e8e5d306f34d5f0b1d7dc4","core/src/test/java/org/elasticsearch/index/shard/IndexShardTests.java","95","0","4","46","1793","2354","0"
"hazelcast","bb05f578839f65ea248a79d9fd33398018fc6aa9","hazelcast/src/test/java/com/hazelcast/query/QueryTest.java","95","0","4","47","1110","1209","0"
"elasticsearch","2833ad4d6fc65a0104d6311394a01f27e0aac579","core/src/test/java/org/elasticsearch/index/engine/InternalEngineTests.java","95","0","4","48","1676","2103","2"
"elasticsearch","028acdd06f2e8aec6c0fbc94e81825c040fb3866","core/src/test/java/org/elasticsearch/index/engine/InternalEngineTests.java","95","0","4","48","1678","2105","1"
"hazelcast","937586ba311dfd9421de3e36e4a6a3adbc4873b7","hazelcast/src/main/java/com/hazelcast/map/impl/DefaultRecordStore.java","95","0","4","54","884","1067","5"
"hazelcast","4124f3b19058af26d435e8865ed8cb6e8a1f15a6","hazelcast/src/main/java/com/hazelcast/map/impl/DefaultRecordStore.java","95","0","4","54","885","1069","4"
"hazelcast","d38202141395360399c9cf97d4453adf5b1581e1","hazelcast/src/main/java/com/hazelcast/map/impl/DefaultRecordStore.java","95","0","4","54","886","1070","3"
"hazelcast","157be810b08f7588ae9fbcf4a3692c745367fb7d","hazelcast/src/main/java/com/hazelcast/map/impl/DefaultRecordStore.java","95","0","4","55","891","1075","4"
"netty","2adebc4c54ae98565db8e2a3c02b2ffaa0c101fe","buffer/src/main/java/io/netty/buffer/Unpooled.java","95","0","46","3","493","862","1"
"netty","76a3ea699ddc50f7aa9348a71b36578cda85a65c","buffer/src/main/java/io/netty/buffer/Unpooled.java","95","0","48","0","497","885","0"
"netty","86f53083e75a525ebd9f53c863da596fbd6c9961","transport/src/main/java/io/netty/channel/nio/NioEventLoop.java","95","0","5","1","531","755","0"
"elasticsearch","aa078788f9eeb1c87d83805a5865e8424b2ef252","src/main/java/org/elasticsearch/index/shard/service/InternalIndexShard.java","95","0","5","43","701","853","0"
"hazelcast","2d63cfceff92bc363fc09a3a01582d4667ccd44e","hazelcast/src/main/java/com/hazelcast/map/impl/DefaultRecordStore.java","95","0","5","51","865","1053","4"
"netty","3b72ee0fd02d89c23e53611a6a01f7840dd30283","common/src/main/java/io/netty/util/concurrent/SingleThreadEventExecutor.java","95","0","5","9","592","837","2"
"netty","29fdb160f33776c76f0b46aada48a9c9f3babcbf","common/src/main/java/io/netty/util/concurrent/SingleThreadEventExecutor.java","95","0","5","9","621","896","2"
"elasticsearch","616b3dcb189c9823e6b8c3e06c5a2a32d24a62bb","modules/elasticsearch/src/main/java/org/elasticsearch/index/shard/service/InternalIndexShard.java","95","0","6","34","583","718","0"
"elasticsearch","923fcf239c4b5a9a7501789d657c09bed50b7278","modules/elasticsearch/src/main/java/org/elasticsearch/index/shard/service/InternalIndexShard.java","95","0","6","34","585","720","0"
"elasticsearch","3215ac11ec1b004a3d98f277321252467b3d763a","core/src/main/java/org/elasticsearch/action/search/SearchPhaseController.java","95","0","6","5","568","725","2"
"elasticsearch","43e07c0c886223c65d26a4e3bdb7815ff15abe7d","core/src/main/java/org/elasticsearch/index/snapshots/blobstore/BlobStoreIndexShardRepository.java","95","0","6","6","680","975","0"
"elasticsearch","55dce523c2364670ef9dd4a42e42610ddb7c917d","core/src/main/java/org/elasticsearch/discovery/zen/ZenDiscovery.java","95","0","7","14","912","1234","3"
"elasticsearch","577dcb32374cf2528a5deadf0a57f1ea1d5a9cbd","core/src/main/java/org/elasticsearch/discovery/zen/ZenDiscovery.java","95","0","7","14","915","1237","1"
"netty","ab158a6ea43beb4990bb53cc991c1e070c98134e","transport-native-epoll/src/main/java/io/netty/channel/epoll/AbstractEpollStreamChannel.java","96","0","0","1","503","676","1"
"elasticsearch","2eccbf50fe05bb64ed39721049a81a3537d0b8fd","src/test/java/org/elasticsearch/index/store/StoreTest.java","96","0","0","13","689","791","0"
"mcMMO","598c507849319bfc6180dfcb56be3cc6e90deef6","src/main/java/com/gmail/nossr50/skills/Excavation.java","96","0","0","5","221","277","1"
"mcMMO","43e3dd79776667d724514f5bee9be7bba00d823c","src/main/java/com/gmail/nossr50/skills/Excavation.java","96","0","0","5","225","283","0"
"elasticsearch","b49635539d929d6cb5ee56153e2f95872fe4bb16","modules/lang-painless/src/main/java/org/elasticsearch/painless/node/EBinary.java","96","0","1","1","374","503","1"
"elasticsearch","cde83e363aac2195c2dc0f81bbe348bcfe8b4152","modules/lang-painless/src/main/java/org/elasticsearch/painless/node/EBinary.java","96","0","1","1","374","503","1"
"elasticsearch","1424f09c02927d9caada7f6ea45285b411d88d12","modules/lang-painless/src/main/java/org/elasticsearch/painless/node/EBinary.java","96","0","1","1","374","503","0"
"elasticsearch","3f06d9f3b8516bb30a2890a36c2973f08f9c6076","modules/lang-painless/src/main/java/org/elasticsearch/painless/node/EBinary.java","96","0","1","1","375","504","0"
"ceylon-ide-eclipse","e82ba3737495cae8f78802a01c33bc2428322bfb","plugins/com.redhat.ceylon.eclipse.ui/src/com/redhat/ceylon/eclipse/code/parse/CeylonParseController.java","96","0","1","14","632","806","1"
"BroadleafCommerce","775b8c33e8c4dee4f9c76dd5208408e74377c6bd","core/broadleaf-framework/src/main/java/org/broadleafcommerce/core/search/service/solr/SolrIndexServiceImpl.java","96","0","1","15","634","922","2"
"BroadleafCommerce","7ae0bcaa8a789e0c83f85815dbcb1e91b8b91abf","core/broadleaf-framework/src/main/java/org/broadleafcommerce/core/search/service/solr/SolrIndexServiceImpl.java","96","0","1","15","638","935","2"
"BroadleafCommerce","5e083e58afcd4769f6cd1f5bbadc3edd709550d7","core/broadleaf-framework/src/main/java/org/broadleafcommerce/core/search/service/solr/SolrIndexServiceImpl.java","96","0","1","15","641","938","1"
"elasticsearch","3b07f77f3d1a74f9b6a1a02a52ce7dee08388c31","modules/elasticsearch/src/main/java/org/elasticsearch/indices/cluster/IndicesClusterStateService.java","96","0","1","2","501","619","0"
"BroadleafCommerce","6b0f819c60fdbe38a8b4e35125072dc019953024","admin/broadleaf-open-admin-platform/src/main/java/org/broadleafcommerce/openadmin/server/dao/provider/metadata/DefaultFieldMetadataProvider.java","96","0","1","4","466","499","0"
"BroadleafCommerce","73ece9d935a1e52d98129e7b974eb044234d1363","admin/broadleaf-open-admin-platform/src/main/java/org/broadleafcommerce/openadmin/server/dao/provider/metadata/DefaultFieldMetadataProvider.java","96","0","1","4","466","502","0"
"elasticsearch","f0ad096bc4b5c71c4eb223267771e2150c27c7ee","src/main/java/org/elasticsearch/plugins/PluginManager.java","96","0","1","8","482","623","0"
"mcMMO","802ad84613a6366f5efe234c1e853e356f12b655","src/main/java/com/gmail/nossr50/listeners/EntityListener.java","96","0","10","2","332","475","1"
"hazelcast","cdb8b0e0e259c0992856d553f2aa04499043c84d","hazelcast/src/test/java/com/hazelcast/test/HazelcastTestSupport.java","96","0","13","87","858","1088","0"
"elasticsearch","8bbc312fdd2442ce5c9ad431ab0c61930069df2f","core/src/main/java/org/elasticsearch/indices/cluster/IndicesClusterStateService.java","96","0","18","7","583","841","0"
"netty","deb5c4520492e2bed02ccd58cd43318f1a52db3d","codec-http/src/main/java/io/netty/handler/codec/http/multipart/HttpPostRequestEncoder.java","96","0","18","9","799","1345","1"
"BroadleafCommerce","66b90df8e1d48dea727d19decebcf0b65113f2f1","core/broadleaf-framework/src/main/java/org/broadleafcommerce/core/search/service/solr/SolrHelperServiceImpl.java","96","0","2","45","654","813","7"
"BroadleafCommerce","64ee9c754b4adff1e55416fdd70d45b35f42d991","core/broadleaf-framework/src/main/java/org/broadleafcommerce/core/search/service/solr/SolrHelperServiceImpl.java","96","0","2","46","663","821","5"
"BroadleafCommerce","775b8c33e8c4dee4f9c76dd5208408e74377c6bd","core/broadleaf-framework/src/main/java/org/broadleafcommerce/core/search/service/solr/SolrHelperServiceImpl.java","96","0","2","48","653","815","8"
"BroadleafCommerce","34682289a3be1f350cf132998f1a4315a3c62b91","core/broadleaf-framework/src/main/java/org/broadleafcommerce/core/catalog/domain/SkuImpl.java","96","0","2","65","733","917","0"
"BroadleafCommerce","80e0f0de71ab1bc126fb3109bf7806a2a1bb2b3a","core/broadleaf-framework/src/main/java/org/broadleafcommerce/core/catalog/domain/SkuImpl.java","96","0","2","65","734","918","0"
"BroadleafCommerce","0c21b421c1d9c38444c820eea84cad34979e3b37","core/broadleaf-framework/src/main/java/org/broadleafcommerce/core/order/domain/OrderItemImpl.java","96","0","2","76","770","919","5"
"elasticsearch","a383bc1be08ff476512df772d28badbc5f124d7e","core/src/main/java/org/elasticsearch/indices/IndicesService.java","96","0","20","14","921","1267","2"
"elasticsearch","0eb3402795b8a854b52423aae7fd7b0bbbcde17a","src/main/java/org/elasticsearch/index/store/Store.java","96","0","22","26","741","1083","1"
"elasticsearch","f47fb6b1cfdc115ebe5b05ca422e60faa4502fd3","src/main/java/org/elasticsearch/index/store/Store.java","96","0","22","26","749","1096","2"
"elasticsearch","29ea3059fcc6b91db9a5df24f255e702f26f5314","core/src/main/java/org/elasticsearch/cluster/service/ClusterService.java","96","0","23","10","937","1331","0"
"antlr4","ccda6205e61cfbc2491ebbfae1c85397a6057638","tool/src/org/antlr/v4/tool/Grammar.java","96","0","25","39","625","911","1"
"hazelcast","6ca4748cc8ab6d635d57f59214986a4f4c4e1211","hazelcast/src/main/java/com/hazelcast/config/ConfigXmlGenerator.java","96","0","4","0","720","865","1"
"netty","ba6ce5449ee852b782dde9a11933f6a09b123e22","codec/src/main/java/io/netty/handler/codec/DefaultHeaders.java","96","0","4","101","859","1103","0"
"hazelcast","b1c345be450356dccd92d0d30d405a04b7c97eb4","hazelcast/src/main/java/com/hazelcast/map/impl/recordstore/DefaultRecordStore.java","96","0","4","54","880","1061","2"
"hazelcast","06cffdc24c82d1dd0c8d59aa33f46ef5f6910782","hazelcast/src/main/java/com/hazelcast/map/impl/DefaultRecordStore.java","96","0","4","55","894","1080","4"
"hazelcast","8149cc0c3fa499fea47debc30564edc14d199df0","hazelcast/src/main/java/com/hazelcast/map/impl/DefaultRecordStore.java","96","0","4","55","895","1079","5"
"netty","24c94070801d480d2b719de54181b3d60abf0444","codec/src/main/java/io/netty/handler/codec/DefaultHeaders.java","96","0","5","101","863","1113","2"
"netty","2adf6e5358eed27144f9582fdc652a5bf0eb49ce","codec/src/main/java/io/netty/handler/codec/DefaultHeaders.java","96","0","5","102","867","1118","1"
"netty","7adc1f9eb424b1a52187e25f6671af9f58474fca","codec/src/main/java/io/netty/handler/codec/DefaultHeaders.java","96","0","5","102","867","1118","1"
"netty","ca44436ce6c5bf7a7b58c1842f82a4f6aa3ae2d6","codec/src/main/java/io/netty/handler/codec/DefaultHeaders.java","96","0","5","102","867","1118","0"
"netty","ce95c50444cc2507769574b3e39fdbffccb7fc1b","common/src/main/java/io/netty/util/concurrent/SingleThreadEventExecutor.java","96","0","5","13","653","933","1"
"netty","76a3ea699ddc50f7aa9348a71b36578cda85a65c","common/src/main/java/io/netty/util/concurrent/SingleThreadEventExecutor.java","96","0","5","13","666","963","1"
"elasticsearch","1a67793a4b47eff3671d305383aa22099676909a","src/main/java/org/elasticsearch/index/shard/service/InternalIndexShard.java","96","0","5","44","700","853","0"
"elasticsearch","560d2c094e6d8c2c8605a0b1c45afb006e072e6f","src/main/java/org/elasticsearch/index/shard/service/InternalIndexShard.java","96","0","5","44","701","854","0"
"elasticsearch","ee5df74a6b0d3c1f1002c9b66b3525807291425a","src/main/java/org/elasticsearch/index/shard/service/InternalIndexShard.java","96","0","5","44","703","854","0"
"elasticsearch","bd75b731c654f4c845f0781306b8055704706585","src/main/java/org/elasticsearch/index/shard/service/InternalIndexShard.java","96","0","5","44","703","856","1"
"elasticsearch","246dc1d9924ae42b391c30d8b8ad082b48dafd5f","src/main/java/org/elasticsearch/index/shard/service/InternalIndexShard.java","96","0","5","44","707","860","1"
"hazelcast","0822805ab10a02d456bfa090033c0b2d462a3577","hazelcast/src/test/java/com/hazelcast/query/QueryTest.java","96","0","5","47","1122","1224","0"
"elasticsearch","4b94eb5cb8cc4294ed0e932a5f22c16bd90d4dd7","core/src/main/java/org/elasticsearch/search/internal/InternalSearchHit.java","96","0","5","63","676","812","4"
"netty","0bc30a123e88bc7b038e0c260937581097a903f7","codec/src/main/java/io/netty/handler/codec/DefaultHeaders.java","96","0","6","102","871","1136","1"
"orientdb","421563ce0a29745a168071c54982b2b05977c399","core/src/main/java/com/orientechnologies/orient/core/index/OIndexAbstract.java","96","0","6","50","821","1078","2"
"orientdb","87154d21d3773b56833010727fdc7e1c88c9aee3","core/src/main/java/com/orientechnologies/orient/core/index/OIndexAbstract.java","96","0","6","51","826","1084","1"
"elasticsearch","1441fec0687d9af1b3eb17a6cc7286bab495d01f","src/main/java/org/apache/lucene/queryparser/XSimpleQueryParser.java","96","0","7","0","350","628","2"
"elasticsearch","567c65b0d57e92cd530dafa7f55de7ba681af13e","core/src/main/java/org/elasticsearch/discovery/zen/ZenDiscovery.java","96","0","7","14","928","1259","2"
"netty","4a5dc3222488db44b0174297f20b83195601cb8d","transport/src/main/java/io/netty/channel/DefaultChannelPipeline.java","97","0","0","0","1056","1371","1"
"netty","148abe52f92ef59d21999e7706d0df4dc5dfd685","transport/src/main/java/io/netty/channel/DefaultChannelPipeline.java","97","0","0","0","1071","1359","0"
"hazelcast","70d4de16ff0ac4518d09aad8c9f2ad9e782fb337","hazelcast/src/main/java/com/hazelcast/map/impl/proxy/MapProxySupport.java","97","0","0","0","881","1080","1"
"netty","1cce998bb06f42ff47925390872dcc5c487bbf59","transport-native-epoll/src/main/java/io/netty/channel/epoll/AbstractEpollStreamChannel.java","97","0","0","1","519","701","0"
"ceylon-ide-eclipse","3116ec6345fe032c6307d908643a2ee2f87eb15d","plugins/com.redhat.ceylon.eclipse.ui/src/com/redhat/ceylon/eclipse/code/refactor/ChangeParametersRefactoring.java","97","0","0","18","641","706","1"
"orientdb","ad2d33fb4fdbc5387934dc847c8536cd2135d820","tests/src/test/java/com/orientechnologies/orient/test/database/auto/ORidBagTest.java","97","0","0","27","1078","1484","1"
"hazelcast","22f709c2362790aad63dcee20c6b8cda20a112b5","hazelcast/src/main/java/com/hazelcast/internal/cluster/impl/ClusterServiceImpl.java","97","0","0","55","894","1080","1"
"hazelcast","48a73aee23c55c38a6cefc3b408cf1144a13e7ce","hazelcast/src/main/java/com/hazelcast/cluster/impl/TcpIpJoiner.java","97","0","0","7","457","532","0"
"ceylon-ide-eclipse","5b4c3eac8a7c12c0125a77343e602b4e73083595","plugins/com.redhat.ceylon.eclipse.ui/src/com/redhat/ceylon/eclipse/code/outline/CeylonHierarchyContentProvider.java","97","0","0","8","669","804","0"
"ceylon-ide-eclipse","a5e849411409ab4dfd1b0f5be4e949c0886b3a61","plugins/com.redhat.ceylon.eclipse.ui/src/com/redhat/ceylon/eclipse/code/outline/CeylonHierarchyContentProvider.java","97","0","0","8","669","804","0"
"ceylon-ide-eclipse","64a391fbabba6b9bc6b553abfa42466e0ca9673d","plugins/com.redhat.ceylon.eclipse.ui/src/com/redhat/ceylon/eclipse/code/outline/CeylonHierarchyContentProvider.java","97","0","0","8","669","804","0"
"ceylon-ide-eclipse","aad7b9ef63e7f4f36c998ae11ece0288dd127dc2","plugins/com.redhat.ceylon.eclipse.ui/src/com/redhat/ceylon/eclipse/code/outline/CeylonHierarchyContentProvider.java","97","0","0","8","669","804","1"
"elasticsearch","ff8fd677ccbd30180295aebc78913512353a9bd2","src/main/java/org/elasticsearch/action/bulk/TransportShardBulkAction.java","97","0","1","1","514","631","0"
"elasticsearch","0a07ce8916ad6c51be8c19cfa2cf7202382fbd93","src/main/java/org/elasticsearch/action/bulk/TransportShardBulkAction.java","97","0","1","1","523","642","2"
"elasticsearch","4ee7ed987e653c7bf4e5b54092b04665fed7bb80","src/main/java/org/elasticsearch/action/bulk/TransportShardBulkAction.java","97","0","1","1","524","643","2"
"MapDB","0282b5629311d09ef0ade2978aff1e9d3dad5424","src/main/java/org/mapdb/StoreWAL.java","97","0","1","14","655","868","1"
"elasticsearch","7340d6973dfec457fa3f325ef9725afa64227360","modules/elasticsearch/src/main/java/org/elasticsearch/index/mapper/xcontent/ObjectMapper.java","97","0","1","19","481","600","0"
"elasticsearch","ae74a8dbb7961598db02c00586b902f9c934f1a3","src/test/java/org/elasticsearch/test/integration/search/facet/SimpleFacetsTests.java","97","0","1","25","2048","2411","0"
"elasticsearch","b0e44a2b40bfc3c8bed6eb3f20c497b2b3226d1e","src/test/java/org/elasticsearch/test/integration/search/facet/SimpleFacetsTests.java","97","0","1","25","2052","2415","0"
"hazelcast","6fa8fa0639e5b44d288480f8991b18a2b31c1c8f","hazelcast/src/main/java/com/hazelcast/map/PartitionRecordStore.java","97","0","1","39","627","732","1"
"elasticsearch","d8f16178d3f21b4f9d17da12e7aa61613fc2c27a","src/main/java/org/elasticsearch/gateway/local/state/meta/LocalGatewayMetaState.java","97","0","1","4","537","657","1"
"BroadleafCommerce","549705a35450c5579156224ccb41957ba6b4f92f","core/broadleaf-framework/src/main/java/org/broadleafcommerce/core/order/service/OrderServiceImpl.java","97","0","1","40","635","790","2"
"MapDB","39b4ea3b1f720aa1cdbf2eb2880a749b06cfbf13","src/test/java/org/mapdb/HTreeMap2Test.java","97","0","1","46","879","1194","1"
"MapDB","e0e9e773a8924285c658a018cec380556ff10515","src/test/java/org/mapdb/HTreeMap2Test.java","97","0","1","47","893","1211","0"
"hazelcast","f4c33973f2e5f804f6743683b11c8a43922bfc7e","hazelcast/src/main/java/com/hazelcast/cluster/impl/TcpIpJoiner.java","97","0","1","6","454","531","1"
"hazelcast","22f709c2362790aad63dcee20c6b8cda20a112b5","hazelcast/src/main/java/com/hazelcast/cluster/impl/TcpIpJoiner.java","97","0","1","6","455","532","1"
"elasticsearch","3daf460acb3ac91b1d558477afbde397d01be576","src/main/java/org/elasticsearch/index/mapper/core/TypeParsers.java","97","0","1","9","383","443","1"
"mcMMO","90d6fbde482364cd78d3a77e896ac1d2ddbb6e16","src/main/java/com/gmail/nossr50/listeners/EntityListener.java","97","0","10","2","333","476","1"
"MapDB","03b4800fc519cc2bd1c1d5a585cf094d5e10d96a","src/main/java/org/mapdb/Volume.java","97","0","10","72","657","919","0"
"hazelcast","f4c33973f2e5f804f6743683b11c8a43922bfc7e","hazelcast/src/test/java/com/hazelcast/test/HazelcastTestSupport.java","97","0","12","88","886","1126","1"
"hazelcast","3d6bcba501e62df97fb0d222eb966362c2951a5c","hazelcast/src/test/java/com/hazelcast/test/HazelcastTestSupport.java","97","0","12","90","899","1141","0"
"hazelcast","e1b69c53ca4923affcd7722f012a80e32517e988","hazelcast/src/test/java/com/hazelcast/test/HazelcastTestSupport.java","97","0","12","90","899","1141","0"
"hazelcast","ba37274b98bec73967e5bb3dc5ee687387fb79d6","hazelcast/src/test/java/com/hazelcast/test/HazelcastTestSupport.java","97","0","12","90","899","1141","1"
"mcMMO","cfa0daefc5cb66e3082b4d96db72f1f3fd2125ee","src/main/java/com/gmail/nossr50/util/BlockUtils.java","97","0","16","2","225","366","0"
"netty","128bbe322551f88b299c563a9a502b298d6e0a10","codec-http/src/main/java/io/netty/handler/codec/http/multipart/HttpPostRequestEncoder.java","97","0","17","6","600","1054","2"
"netty","a4a92ee14aa7796ad2aae9c12a7be6f6affb1517","codec-http/src/main/java/io/netty/handler/codec/http/multipart/HttpPostRequestEncoder.java","97","0","17","6","602","1056","2"
"elasticsearch","ede78ad231240f8200ccac60a32ecec07045b963","core/src/main/java/org/elasticsearch/indices/cluster/IndicesClusterStateService.java","97","0","18","7","590","846","1"
"elasticsearch","f79fb4ada7995c11874346787db276b6edafaa8f","core/src/main/java/org/elasticsearch/indices/cluster/IndicesClusterStateService.java","97","0","18","7","590","846","1"
"elasticsearch","c4fe8e7bf23f62c25f3d1ebd35de3fe716c45e9a","core/src/main/java/org/elasticsearch/indices/cluster/IndicesClusterStateService.java","97","0","18","7","590","846","0"
"mct","5256f5ecda0f01f4c3565319d6545cdbe5d18f09","databasePersistence/src/main/java/gov/nasa/arc/mct/dbpersistence/service/PersistenceServiceImpl.java","97","0","2","25","843","981","1"
"elasticsearch","6174e21f47244b6d5153d7d0cc1fe28fe863399d","core/src/test/java/org/elasticsearch/search/aggregations/bucket/StringTermsIT.java","97","0","2","46","1243","1515","1"
"BroadleafCommerce","3f73d105b55854f84966532d08406213e1622651","core/broadleaf-framework/src/main/java/org/broadleafcommerce/core/search/service/solr/SolrHelperServiceImpl.java","97","0","2","48","661","823","8"
"neo4j","1956df79087c110bae8293a84dbbcd868f1a0d8a","community/cypher/cypher/src/main/java/org/neo4j/cypher/internal/codegen/CompiledMathHelper.java","97","0","2","6","284","357","0"
"hazelcast","1c93e005e88f8bbcfd90c55156ebbe80e2c43a61","hazelcast/src/test/java/com/hazelcast/nio/serialization/PortableTest.java","97","0","2","66","760","948","0"
"BroadleafCommerce","8ec08c5093e4c61054e126bd8d7168dfa4a02f2a","core/broadleaf-framework/src/main/java/org/broadleafcommerce/core/order/domain/OrderItemImpl.java","97","0","2","76","770","921","5"
"elasticsearch","a475323aa19321a550b50b73cde2a1edd475b0a5","core/src/main/java/org/elasticsearch/indices/IndicesService.java","97","0","20","14","923","1278","0"
"elasticsearch","06667c6aa898895acd624b8a71a6e00ff7ae32b8","src/main/java/org/elasticsearch/common/geo/builders/ShapeBuilder.java","97","0","21","5","526","867","0"
"elasticsearch","e7c2a8ae4d01d708f59d7869dbde015ccf22938e","core/src/main/java/org/elasticsearch/indices/IndicesService.java","97","0","22","11","860","1192","1"
"elasticsearch","b00b2b9baaf7d22ba63a2cb6c55ba0218de55324","src/main/java/org/elasticsearch/snapshots/RestoreService.java","97","0","23","5","676","1010","0"
"elasticsearch","96f4c06f46fbf993357c2ff9c90c6d5ad7d80238","src/main/java/org/elasticsearch/snapshots/RestoreService.java","97","0","23","5","677","1011","0"
"antlr4","08300b457fc1edb24f8c11fc8e7f28b47402ed41","tool/src/org/antlr/v4/tool/Grammar.java","97","0","25","39","628","916","0"
"elasticsearch","3aed047bdedde1bda189cbfc2f81e65af42e57c5","core/src/test/java/org/elasticsearch/search/aggregations/bucket/StringTermsIT.java","97","0","3","46","1270","1556","0"
"elasticsearch","d733fb689b1a7182a5f62d482ee1080b1779eae5","core/src/main/java/org/elasticsearch/index/mapper/core/TypeParsers.java","97","0","3","9","385","457","0"
"elasticsearch","3aed047bdedde1bda189cbfc2f81e65af42e57c5","core/src/main/java/org/elasticsearch/search/aggregations/metrics/tophits/TopHitsAggregationBuilder.java","97","0","32","6","525","735","0"
"elasticsearch","6174e21f47244b6d5153d7d0cc1fe28fe863399d","core/src/main/java/org/elasticsearch/search/aggregations/metrics/tophits/TopHitsAggregationBuilder.java","97","0","32","6","528","738","1"
"hazelcast","b58d0837a50d3bfe5cfef4101d2d6cc3d808435f","hazelcast/src/main/java/com/hazelcast/map/impl/recordstore/DefaultRecordStore.java","97","0","4","54","886","1069","1"
"hazelcast","39af1b08a7ad20506405dfc7dcba4f43ff8d724b","hazelcast/src/main/java/com/hazelcast/map/impl/DefaultRecordStore.java","97","0","4","54","894","1080","5"
"hazelcast","12e2af6c4b59fcb4dc5257758c8a911466677fd8","hazelcast/src/main/java/com/hazelcast/map/impl/DefaultRecordStore.java","97","0","4","55","898","1084","3"
"hazelcast","cfa111938e58b54c07e0a8262493bf92ae489b37","hazelcast/src/main/java/com/hazelcast/map/impl/DefaultRecordStore.java","97","0","4","55","899","1085","1"
"hazelcast","78eb5c45e5f878a3736702f0abc501b5e959d165","hazelcast/src/main/java/com/hazelcast/map/impl/recordstore/DefaultRecordStore.java","97","0","4","55","904","1090","2"
"hazelcast","ec311a1109e6390e4efff6f5bf90fa8d3f023b16","hazelcast/src/main/java/com/hazelcast/map/impl/recordstore/DefaultRecordStore.java","97","0","4","55","905","1091","1"
"hazelcast","a2ca3ab776e04217602a3e86422fba5dd644ac41","hazelcast/src/main/java/com/hazelcast/map/impl/DefaultRecordStore.java","97","0","4","56","904","1091","1"
"netty","aa6e6ae307b3d6d98b61cc8f3be6649e48131cab","common/src/main/java/io/netty/util/concurrent/SingleThreadEventExecutor.java","97","0","5","13","669","968","0"
"elasticsearch","30cc33e2e542810a9c893297cdc79c0ab8ea3bdb","modules/lang-painless/src/main/java/org/elasticsearch/painless/Def.java","97","0","5","14","590","901","0"
"elasticsearch","2b3760f78b26817b5a2030aa27b1ddf2f17462f6","core/src/main/java/org/elasticsearch/common/settings/Settings.java","97","0","55","10","632","1036","1"
"elasticsearch","371c73e14023917f3892090d2d3d7ff9ac1216b9","core/src/main/java/org/elasticsearch/common/settings/Settings.java","97","0","55","10","632","1036","3"
"elasticsearch","a60b8948ba1d836a6eac7cff095519e618939ed8","core/src/main/java/org/elasticsearch/common/settings/Settings.java","97","0","55","10","632","1036","0"
"elasticsearch","51d53791fe71c9cb62bc992588a57cdfb500383f","core/src/main/java/org/elasticsearch/common/settings/Settings.java","97","0","55","10","634","1039","0"
"netty","077a1988b9c96b5f3e5693a3bb1b2e118992f3a8","transport/src/main/java/io/netty/channel/nio/NioEventLoop.java","97","0","6","1","578","805","0"
"hazelcast","7ef9f661a9e33fd4b6705e656c560c4ca3bd4917","hazelcast/src/main/java/com/hazelcast/internal/cluster/impl/ClusterJoinManager.java","97","0","7","1","598","809","0"
"hazelcast","c9d117501d9d7e1014b9006bc4b711baa42e0c57","hazelcast/src/main/java/com/hazelcast/internal/cluster/impl/ClusterJoinManager.java","97","0","7","1","598","809","0"
"hazelcast","df23887e0b596f11c485c176b856095fb3bc5744","hazelcast/src/main/java/com/hazelcast/internal/cluster/impl/ClusterJoinManager.java","97","0","7","1","598","809","1"
"elasticsearch","24127bf41686e04eae9930aafad374c004b99b74","core/src/main/java/org/elasticsearch/discovery/zen/ZenDiscovery.java","97","0","7","14","909","1226","1"
"elasticsearch","708d11f54a62946c35459c6c004d14b61fb54917","core/src/main/java/org/elasticsearch/discovery/zen/ZenDiscovery.java","97","0","7","14","909","1226","1"
"elasticsearch","0f88f215357acc3e988aef073a8f1a0db7de9ccb","core/src/main/java/org/elasticsearch/discovery/zen/ZenDiscovery.java","97","0","7","14","909","1226","0"
"elasticsearch","c89fdd938edc7a6d9fb2423ba0a4b93aeeef2049","core/src/main/java/org/elasticsearch/discovery/zen/ZenDiscovery.java","97","0","7","14","909","1236","0"
"elasticsearch","0e9186e1373b99e261d80317c836477b7cc31d66","core/src/main/java/org/elasticsearch/discovery/zen/ZenDiscovery.java","97","0","7","14","927","1257","0"
"hazelcast","269452c5076a01d8e67f0b8d674f6b55cf0e1d06","hazelcast-client/src/main/java/com/hazelcast/client/config/XmlClientConfigBuilder.java","98","0","0","0","461","542","0"
"hazelcast","ca760fe60b720c65215c2260ccbc0a12ab7f517b","hazelcast-client/src/main/java/com/hazelcast/client/config/XmlClientConfigBuilder.java","98","0","0","0","461","543","1"
"hazelcast","8abe45e2d23bd8f1211e5ebf581c5c15f26549ca","hazelcast-client/src/main/java/com/hazelcast/client/config/XmlClientConfigBuilder.java","98","0","0","0","462","544","0"
"hazelcast","0f43bf010a854bc55e021af4bfb8521c4ec6a99f","hazelcast/src/main/java/com/hazelcast/map/proxy/MapProxySupport.java","98","0","0","0","677","767","0"
"orientdb","5bccaaad164806833d433f2b302d6c62f1c1c8d9","server/src/main/java/com/orientechnologies/orient/server/OConnectionBinaryExecutor.java","98","0","0","0","797","989","1"
"orientdb","4fcb97b1a94b4d89891c326a12b1a7ebcb7e307c","server/src/main/java/com/orientechnologies/orient/server/OConnectionBinaryExecutor.java","98","0","0","0","900","1092","0"
"hazelcast","d2224fa4e0aefcdb120261cb8a3f89ada84cc796","hazelcast/src/main/java/com/hazelcast/cluster/TcpIpJoiner.java","98","0","0","10","440","490","0"
"hazelcast","f9a306c6434b4444072c98747befa5b4e1ab372e","hazelcast/src/main/java/com/hazelcast/cluster/TcpIpJoiner.java","98","0","0","10","441","492","1"
"ceylon-ide-eclipse","64a391fbabba6b9bc6b553abfa42466e0ca9673d","plugins/com.redhat.ceylon.eclipse.ui/src/com/redhat/ceylon/eclipse/code/complete/CompletionUtil.java","98","0","0","12","413","444","0"
"elasticsearch","95a396159cb51c38e0ad22fbbe0d465a5acb1347","src/test/java/org/elasticsearch/index/store/StoreTest.java","98","0","0","14","728","832","1"
"orientdb","46bbcabde62c2b9e61ebaf45dc23f16d9dee7f02","etl/src/main/java/com/orientechnologies/orient/etl/loader/OETLOrientDBLoader.java","98","0","1","12","447","584","1"
"orientdb","136db63960bbf53514691bf5a0bb8361a5ea5361","etl/src/main/java/com/orientechnologies/orient/etl/loader/OETLOrientDBLoader.java","98","0","1","12","448","585","0"
"orientdb","76ffdc9fe1e541460329297a955e8494c36be8f5","core/src/main/java/com/orientechnologies/orient/core/tx/OTransactionOptimistic.java","98","0","1","15","410","545","1"
"elasticsearch","598225f8338bf6bd19ee0d4bf6b7124619c493fc","modules/elasticsearch/src/main/java/org/elasticsearch/index/mapper/xcontent/ObjectMapper.java","98","0","1","19","485","605","0"
"elasticsearch","9361e3bd2b94d2d4f6265247ba7ac23d554f2bf5","modules/elasticsearch/src/main/java/org/elasticsearch/index/mapper/xcontent/ObjectMapper.java","98","0","1","19","486","606","0"
"elasticsearch","5ac42f2a4f098c66bfc1452960b4b5f3d90c7eac","modules/elasticsearch/src/main/java/org/elasticsearch/index/mapper/xcontent/ObjectMapper.java","98","0","1","19","488","610","0"
"neo4j","d0a6eabc82fb23b31fa2a5b27f0ccfd3abafff90","community/io/src/test/java/org/neo4j/graphdb/mockfs/EphemeralFileSystemAbstraction.java","98","0","1","32","1202","1420","1"
"neo4j","1f093fa1a35c7d128934ed8fbd50b730b201345b","community/io/src/test/java/org/neo4j/graphdb/mockfs/EphemeralFileSystemAbstraction.java","98","0","1","32","1206","1425","0"
"orientdb","2fa63b98e520ece77af42c14404c4e299fabf8f0","core/src/main/java/com/orientechnologies/orient/core/storage/impl/local/paginated/wal/ODiskWriteAheadLog.java","98","0","1","38","686","898","0"
"netty","2026f15be2f628a53dc5256e7e7e2236310bd541","transport-native-epoll/src/main/java/io/netty/channel/epoll/EpollSocketChannel.java","98","0","1","7","596","782","0"
"orientdb","36fe694c8f3e92babf28edcd4aeda4d4ec08e667","etl/src/main/java/com/orientechnologies/orient/etl/loader/OOrientDBLoader.java","98","0","1","9","433","548","1"
"hazelcast","80e3feb0bc48b6ab71536fab2c1bc1416d311024","hazelcast/src/test/java/com/hazelcast/test/HazelcastTestSupport.java","98","0","13","90","881","1119","1"
"mct","5e8071fc4e37bcb6ab82c758bfe89585f59cc467","databasePersistence/src/main/java/gov/nasa/arc/mct/dbpersistence/service/PersistenceServiceImpl.java","98","0","2","25","848","986","0"
"BroadleafCommerce","def2e3e8412f07c06310b0407f4be222126a3527","core/broadleaf-framework/src/main/java/org/broadleafcommerce/core/search/service/solr/SolrHelperServiceImpl.java","98","0","2","46","674","835","3"
"BroadleafCommerce","77879457fa96cb9ce4384309d6bea14163b2de5b","core/broadleaf-framework/src/main/java/org/broadleafcommerce/core/search/service/solr/SolrHelperServiceImpl.java","98","0","2","48","679","843","6"
"netty","2618c2a649772624bb6011e5e63455c3c81be0b0","transport/src/main/java/io/netty/channel/DefaultChannelPipeline.java","98","0","2","65","1116","1438","0"
"hazelcast","269452c5076a01d8e67f0b8d674f6b55cf0e1d06","hazelcast-client-legacy/src/main/java/com/hazelcast/client/config/XmlClientConfigBuilder.java","98","0","2","7","462","544","0"
"elasticsearch","5d79eab9826ab1f1277d81ec6540c8eb0ae34541","core/src/main/java/org/elasticsearch/indices/IndicesService.java","98","0","21","13","900","1260","1"
"elasticsearch","ef0e3db0de6928ddca70d18e929223980f283fe1","core/src/main/java/org/elasticsearch/indices/IndicesService.java","98","0","22","11","863","1197","0"
"BroadleafCommerce","3ff8d6172e8a8daa788bca466a0ef09851d994cf","admin/broadleaf-open-admin-platform/src/main/java/org/broadleafcommerce/openadmin/web/controller/entity/AdminBasicEntityController.java","98","0","23","7","1081","1733","2"
"hazelcast","100b094aeabeda76bb5d69e3e279727147e7443e","hazelcast/src/test/java/com/hazelcast/map/mapstore/MapStoreTest.java","98","0","3","128","1888","2214","3"
"elasticsearch","1ab4e0cba4ea4e9c242cefa41ecb3e38d5c29f22","core/src/test/java/org/elasticsearch/index/engine/InternalEngineTests.java","98","0","3","65","2107","2554","1"
"elasticsearch","043a45746c7798bdeda8e279cfeeb53f72ba2249","core/src/main/java/org/elasticsearch/search/aggregations/metrics/tophits/TopHitsAggregationBuilder.java","98","0","32","6","525","735","2"
"antlr4","29c2712ae1eee9575324db48c2f72c7cb0d28308","tool/test/org/antlr/v4/test/tool/BaseTest.java","98","0","4","47","1069","1414","0"
"antlr4","29c2712ae1eee9575324db48c2f72c7cb0d28308","tool/test/org/antlr/v4/test/rt/java/BaseTest.java","98","0","4","47","1070","1416","0"
"elasticsearch","579cca9adb43cb12d7bda9d6d0bb6fcd118ca002","core/src/test/java/org/elasticsearch/index/shard/IndexShardTests.java","98","0","4","47","1838","2416","1"
"netty","9128d4f16a8ccb102bbf863b88e6be8e5574333d","common/src/main/java/io/netty/util/concurrent/SingleThreadEventExecutor.java","98","0","5","13","648","870","1"
"elasticsearch","026bf2e3ee1ee5c188e57839d9e902962158138b","modules/lang-painless/src/main/java/org/elasticsearch/painless/Def.java","98","0","5","14","601","912","1"
"elasticsearch","ec0c62107292c47f65707c97520ef6646cc2d882","core/src/test/java/org/elasticsearch/index/shard/IndexShardTests.java","98","0","5","47","1859","2462","0"
"elasticsearch","78574d248cf10dad1c5a566fda79e1e0c94afe43","core/src/main/java/org/elasticsearch/common/settings/Settings.java","98","0","55","10","636","1036","2"
"netty","4c14d1198b58e9660c116ce151b077d98b9bd2a2","transport/src/main/java/io/netty/channel/nio/NioEventLoop.java","98","0","6","1","596","826","0"
"elasticsearch","371c73e14023917f3892090d2d3d7ff9ac1216b9","core/src/main/java/org/elasticsearch/discovery/zen/ZenDiscovery.java","98","0","7","13","903","1215","3"
"elasticsearch","78574d248cf10dad1c5a566fda79e1e0c94afe43","core/src/main/java/org/elasticsearch/discovery/zen/ZenDiscovery.java","98","0","7","13","903","1215","2"
"elasticsearch","e6aaaf11ed4a1b8f595f920de1840938eddb7a97","core/src/main/java/org/elasticsearch/discovery/zen/ZenDiscovery.java","98","0","7","13","903","1215","2"
"elasticsearch","31b0777c911a87b7ebae0efd7d5b14d1e06f3879","core/src/main/java/org/elasticsearch/discovery/zen/ZenDiscovery.java","98","0","7","13","903","1215","0"
"elasticsearch","a60b8948ba1d836a6eac7cff095519e618939ed8","core/src/main/java/org/elasticsearch/discovery/zen/ZenDiscovery.java","98","0","7","13","903","1215","0"
"hazelcast","fc6e278674e0cc8f68a53f1b9d210d1e1fb8ed38","hazelcast/src/main/java/com/hazelcast/map/proxy/MapProxySupport.java","99","0","0","0","688","778","1"
"hazelcast","0582fc44e38c67efafe1cac98a42364d03f2f364","hazelcast/src/main/java/com/hazelcast/map/proxy/MapProxySupport.java","99","0","0","0","689","784","0"
"orientdb","8277a0559c357df96a19b7792393d884a090e86c","core/src/main/java/com/orientechnologies/common/console/OConsoleApplication.java","99","0","0","10","419","552","2"
"orientdb","9fd55492fddde82575ed2dd6134ba954a0e4deb3","tests/src/test/java/com/orientechnologies/orient/test/database/auto/ORidBagTest.java","99","0","0","28","1114","1529","0"
"orientdb","ce254431ae5eb7146bc8092bbbcd24b47d659d94","tests/src/test/java/com/orientechnologies/orient/test/database/auto/ORidBagTest.java","99","0","0","28","1115","1530","1"
"hazelcast","ca33cf86b52ed536531b0bfb4a56f4de8671cf96","hazelcast/src/main/java/com/hazelcast/impl/management/ManagementCenterService.java","99","0","0","9","599","675","1"
"hazelcast","b3baa30c42ee03f759a169c7d4ad84e0cbbe4077","hazelcast/src/main/java/com/hazelcast/impl/management/ManagementCenterService.java","99","0","0","9","601","677","1"
"elasticsearch","59e4e586838b9267ccb733ac7fa44db97319cfe3","src/main/java/org/elasticsearch/search/highlight/HighlighterParseElement.java","99","0","1","1","226","275","1"
"elasticsearch","2ed1f7a3390420835f9b270d20c5d512ba197827","core/src/main/java/org/elasticsearch/search/SearchService.java","99","0","1","13","684","817","1"
"elasticsearch","149629fec657e9948488195087f30583cd561f11","core/src/main/java/org/elasticsearch/search/SearchService.java","99","0","1","13","686","819","0"
"ceylon-ide-eclipse","1e33ab5dc0fdf89e0e73f6381f3641f022e4fb3a","plugins/com.redhat.ceylon.eclipse.ui/src/com/redhat/ceylon/eclipse/code/parse/CeylonParseController.java","99","0","1","14","642","815","0"
"ceylon-ide-eclipse","5b4c3eac8a7c12c0125a77343e602b4e73083595","plugins/com.redhat.ceylon.eclipse.ui/src/com/redhat/ceylon/eclipse/code/parse/CeylonParseController.java","99","0","1","14","644","814","0"
"ceylon-ide-eclipse","d2b43e2c65da5bc819d0c9c5f6b1d286a3b51d91","plugins/com.redhat.ceylon.eclipse.ui/src/com/redhat/ceylon/eclipse/code/parse/CeylonParseController.java","99","0","1","14","644","814","0"
"ceylon-ide-eclipse","e6c8f3246325aec19acd0b6c83f5756476459119","plugins/com.redhat.ceylon.eclipse.ui/src/com/redhat/ceylon/eclipse/code/parse/CeylonParseController.java","99","0","1","14","644","814","0"
"ceylon-ide-eclipse","26c02d4e747722bf95ee412e5c218b5a226870fc","plugins/com.redhat.ceylon.eclipse.ui/src/com/redhat/ceylon/eclipse/code/parse/CeylonParseController.java","99","0","1","14","644","814","1"
"BroadleafCommerce","68373d1c3f7f8064cea341110ba17b6ac147df7a","core/broadleaf-framework/src/main/java/org/broadleafcommerce/core/search/service/solr/SolrIndexServiceImpl.java","99","0","1","15","653","972","0"
"elasticsearch","acff102234dc7e81920b18bf570f7629bf12e98b","src/main/java/org/elasticsearch/transport/netty/NettyTransport.java","99","0","1","23","691","848","0"
"orientdb","2d18ef0e677a476989c9ade847e8f330e44eb8f5","core/src/main/java/com/orientechnologies/orient/core/storage/impl/local/paginated/wal/ODiskWriteAheadLog.java","99","0","1","38","692","905","0"
"elasticsearch","8067412983fa177b37a8eb76e6e86aa841d9c7a5","core/src/test/java/org/elasticsearch/snapshots/SharedClusterSnapshotRestoreIT.java","99","0","1","41","2140","2648","2"
"MapDB","d91f859ba6cddcf1c9a0eccb18e61048597b0de2","src/main/java/org/mapdb/SerializerPojo.java","99","0","1","6","498","723","3"
"elasticsearch","0809e4a65fb73a1be6e1b9c717f83b6b21b7e989","core/src/main/java/org/elasticsearch/index/mapper/core/TypeParsers.java","99","0","1","9","386","446","2"
"elasticsearch","f6d8b12796a1724cb3c323ccaf17e964af880ee5","src/main/java/org/elasticsearch/index/mapper/core/TypeParsers.java","99","0","1","9","387","447","0"
"MapDB","ca9d5fea5d9358ba97f5c9afae2c5c39f17d8d10","src/main/java/org/mapdb/Volume.java","99","0","10","72","663","925","0"
"hazelcast","6f9029d03ac2c64dda8c2781db93fdac4bc36969","hazelcast/src/test/java/com/hazelcast/test/HazelcastTestSupport.java","99","0","13","89","885","1122","1"
"elasticsearch","6950c38a0436ec937797f01fba8d7d95e6d6225f","src/main/java/org/elasticsearch/search/suggest/context/GeolocationContextMapping.java","99","0","14","8","482","716","2"
"elasticsearch","570c67942030bde4da1eeac3c00c3c1d5df4bb2a","src/main/java/org/elasticsearch/search/suggest/context/GeolocationContextMapping.java","99","0","14","8","483","717","1"
"elasticsearch","8e1d3d56b3a8bc9fff5b6b053de605fc26811b12","src/main/java/org/elasticsearch/search/suggest/context/GeolocationContextMapping.java","99","0","14","8","483","717","1"
"elasticsearch","c0aef4adc4ffaf791ed9a42864cc578b7dc50ffc","src/main/java/org/elasticsearch/search/suggest/context/GeolocationContextMapping.java","99","0","14","8","483","717","0"
"elasticsearch","6d3154e39fa13201399f3e2e7e5049effacd6d74","src/main/java/org/elasticsearch/search/suggest/context/GeolocationContextMapping.java","99","0","14","8","494","728","2"
"elasticsearch","c326738193dffe036757547855c92b903d01d6a5","src/main/java/org/elasticsearch/search/suggest/context/GeolocationContextMapping.java","99","0","14","8","496","730","0"
"mcMMO","973279ed40d7d21aa5eaacb55a70d9c086f226a8","src/main/java/com/gmail/nossr50/skills/Skills.java","99","0","16","4","320","519","0"
"netty","a331c87a7ae6ef3fdefe0d22a3c8a8a03c57148d","codec-http/src/main/java/io/netty/handler/codec/http/multipart/HttpPostRequestEncoder.java","99","0","17","6","712","1190","0"
"hazelcast","0b08ef830b8b0c4b3425d1b96b6ed1e574f43383","hazelcast/src/main/java/com/hazelcast/util/AddressUtil.java","99","0","2","22","429","505","0"
"elasticsearch","0a69f1e283e26e5d9e6a000b68b9f4778de557a1","modules/lang-groovy/src/test/java/org/elasticsearch/messy/tests/SimpleSortTests.java","99","0","2","25","1588","1977","2"
"elasticsearch","5a64f08f048461a63a0ca1354a5050c954e63d52","modules/lang-groovy/src/test/java/org/elasticsearch/messy/tests/SimpleSortTests.java","99","0","2","25","1589","1978","0"
"BroadleafCommerce","03ef1e64f0b73a534f7f17ed234e64e636e85407","core/broadleaf-framework/src/main/java/org/broadleafcommerce/core/search/service/solr/SolrHelperServiceImpl.java","99","0","2","48","679","842","0"
"netty","7547a448e00e4766108baa7ee21886647dee5b52","transport/src/main/java/io/netty/channel/DefaultChannelPipeline.java","99","0","2","65","1078","1395","1"
"hazelcast","489f91db6a4b775ae20d6fea91d7e873e9783974","hazelcast/src/test/java/com/hazelcast/map/mapstore/MapStoreTest.java","99","0","3","131","1954","2302","0"
"hazelcast","349a79965257981b885c8f2cca3725918963433c","hazelcast/src/main/java/com/hazelcast/util/AddressUtil.java","99","0","3","21","426","509","2"
"hazelcast","c878e5246856bac42b2a8e2c7ccf2f05178f6a68","hazelcast/src/main/java/com/hazelcast/util/AddressUtil.java","99","0","3","24","467","555","2"
"elasticsearch","952feb58e41bd0220784c44136b840ea4a740e26","core/src/test/java/org/elasticsearch/search/aggregations/bucket/StringTermsIT.java","99","0","3","48","1307","1599","1"
"elasticsearch","14d37baa4bcbae00896d8aa69f6b52aab7ba5e14","core/src/main/java/org/elasticsearch/index/translog/Translog.java","99","0","31","62","977","1347","1"
"elasticsearch","74d8c75d3a10e03338468069f30466897b1380fc","core/src/main/java/org/elasticsearch/search/aggregations/metrics/tophits/TopHitsAggregationBuilder.java","99","0","32","6","532","743","0"
"elasticsearch","6941966b1654106ed9249cd01c32bfa2e06b452f","core/src/main/java/org/elasticsearch/index/translog/Translog.java","99","0","32","62","979","1358","0"
"elasticsearch","baa2d51e599bdb901e472d15cc0251e6712c1d25","core/src/main/java/org/elasticsearch/index/translog/Translog.java","99","0","32","62","980","1354","0"
"orientdb","252aa4c00e6048e5a77066dc5f770ef6e58dd1ea","core/src/main/java/com/orientechnologies/orient/core/sql/parser/OExpression.java","99","0","4","33","363","467","1"
"hazelcast","dcde89bc0b97ab0e39eb414a65730066e6ac0237","hazelcast/src/main/java/com/hazelcast/map/impl/recordstore/DefaultRecordStore.java","99","0","4","56","831","1016","2"
"hazelcast","7e0b6e2be4457ae057c6e5f3a41f870f7e990715","hazelcast/src/main/java/com/hazelcast/map/impl/DefaultRecordStore.java","99","0","4","57","915","1105","0"
"elasticsearch","3748abfd7a8864ff31a3fe8a90db44317ac04e9c","core/src/main/java/org/elasticsearch/search/internal/InternalSearchHit.java","99","0","5","63","693","834","1"
"elasticsearch","5ad2fdaa8e13f95020a1fdfb2e007d185bf733ab","core/src/main/java/org/elasticsearch/search/internal/InternalSearchHit.java","99","0","5","63","694","835","0"
"elasticsearch","3f6a3c01dadb1951b597ffdbd068359a2fbc84c8","core/src/main/java/org/elasticsearch/discovery/zen/ZenDiscovery.java","99","0","6","14","939","1260","2"
"elasticsearch","6abcd42a05a0e2bc4eaf1add6a41ae7d48f840c2","core/src/main/java/org/elasticsearch/discovery/zen/ZenDiscovery.java","99","0","6","14","940","1261","1"
"elasticsearch","3b90906f4f5a14d662b85b72d48d39f1d06cc709","core/src/main/java/org/elasticsearch/discovery/zen/ZenDiscovery.java","99","0","6","14","942","1263","3"
"elasticsearch","71b2655bb30b7cb0cb2beace6fdb1464e7991e26","core/src/main/java/org/elasticsearch/index/mapper/RangeFieldMapper.java","99","0","6","40","688","773","1"
"orientdb","e2d06f648eff48b9fccb75a4fb62614653a4f0dc","core/src/main/java/com/orientechnologies/orient/core/index/OIndexAbstract.java","99","0","6","49","826","1086","2"
"orientdb","2d2d037119772cf6a978c9961a7ab8fb99fa22f8","core/src/main/java/com/orientechnologies/orient/core/index/OIndexAbstract.java","99","0","6","49","827","1087","1"
"orientdb","2767a54ee6308493e6a69b4b2951d8d2252bfd6b","core/src/main/java/com/orientechnologies/orient/core/index/OIndexAbstract.java","99","0","6","50","831","1092","0"
"orientdb","1a1fe55db47d03aa65fd180fe2c52de1268c6b53","core/src/main/java/com/orientechnologies/orient/core/index/OIndexAbstract.java","99","0","6","51","836","1098","0"
"elasticsearch","6e566cdf6cab837bdbdb5300ca85038fba1488c1","core/src/main/java/org/elasticsearch/discovery/zen/ZenDiscovery.java","99","0","7","13","904","1217","1"
"elasticsearch","0556c93920af457c0dfb41dc2f52013ebc3e136e","core/src/main/java/org/elasticsearch/discovery/zen/ZenDiscovery.java","99","0","7","14","943","1272","2"
"elasticsearch","f39f9b9760c20af0205d80b370888ec4376efbfd","core/src/main/java/org/elasticsearch/discovery/zen/ZenDiscovery.java","99","0","7","14","945","1274","2"
"elasticsearch","4721f9aa697322f3104e545b4da9c4f720b12b5c","modules/elasticsearch/src/main/java/org/elasticsearch/common/xcontent/XContentBuilder.java","99","0","9","101","771","960","0"
